rank_data
"{'id': 11, 'rank': 1, 'fitness': 0.9820137900379085, 'generation': 0}","{'id': 5, 'rank': 2, 'fitness': 0.971908135574137, 'generation': 0}","{'id': 8, 'rank': 3, 'fitness': 0.967869185948309, 'generation': 0}","{'id': 17, 'rank': 4, 'fitness': 0.9569251322551265, 'generation': 0}","{'id': 1, 'rank': 5, 'fitness': 0.8838305925667158, 'generation': 0}","{'id': 19, 'rank': 6, 'fitness': 0.8831119678909368, 'generation': 0}","{'id': 14, 'rank': 7, 'fitness': 0.783674753292479, 'generation': 0}","{'id': 28, 'rank': 8, 'fitness': 0.7622195243795675, 'generation': 0}","{'id': 26, 'rank': 9, 'fitness': 0.7250379990081618, 'generation': 0}","{'id': 15, 'rank': 10, 'fitness': 0.7143022281032017, 'generation': 0}","{'id': 25, 'rank': 11, 'fitness': 0.6918536323981506, 'generation': 0}","{'id': 9, 'rank': 12, 'fitness': 0.6915882464061183, 'generation': 0}","{'id': 2, 'rank': 13, 'fitness': 0.6029055927091703, 'generation': 0}","{'id': 10, 'rank': 14, 'fitness': 0.5800201370524284, 'generation': 0}","{'id': 24, 'rank': 15, 'fitness': 0.5575815914386756, 'generation': 0}","{'id': 16, 'rank': 16, 'fitness': 0.5568730089409291, 'generation': 0}","{'id': 29, 'rank': 17, 'fitness': 0.48067068697125565, 'generation': 0}","{'id': 4, 'rank': 18, 'fitness': 0.42147719359057423, 'generation': 0}","{'id': 27, 'rank': 19, 'fitness': 0.39421231462823614, 'generation': 0}","{'id': 7, 'rank': 20, 'fitness': 0.34165381815268575, 'generation': 0}","{'id': 21, 'rank': 21, 'fitness': 0.3307797953927789, 'generation': 0}","{'id': 3, 'rank': 22, 'fitness': 0.26431260322584094, 'generation': 0}","{'id': 12, 'rank': 23, 'fitness': 0.1992845093058493, 'generation': 0}","{'id': 13, 'rank': 24, 'fitness': 0.12636812205874914, 'generation': 0}","{'id': 6, 'rank': 25, 'fitness': 0.11627600772519481, 'generation': 0}","{'id': 23, 'rank': 26, 'fitness': 0.08389853260449404, 'generation': 0}","{'id': 18, 'rank': 27, 'fitness': 0.03030541165442635, 'generation': 0}","{'id': 30, 'rank': 28, 'fitness': 0.0288405208231014, 'generation': 0}","{'id': 22, 'rank': 29, 'fitness': 0.019724275205777186, 'generation': 0}","{'id': 20, 'rank': 30, 'fitness': 0.01798620996209155, 'generation': 0}"
"{'id': 11, 'rank': 1, 'fitness': 0.9820137900379085, 'generation': 1}","{'id': 5, 'rank': 2, 'fitness': 0.971908135574137, 'generation': 1}","{'id': 8, 'rank': 3, 'fitness': 0.967869185948309, 'generation': 1}","{'id': 17, 'rank': 4, 'fitness': 0.9569251322551265, 'generation': 1}","{'id': 1, 'rank': 5, 'fitness': 0.8838305925667158, 'generation': 1}","{'id': 19, 'rank': 6, 'fitness': 0.8831119678909368, 'generation': 1}","{'id': 14, 'rank': 7, 'fitness': 0.783674753292479, 'generation': 1}","{'id': 28, 'rank': 8, 'fitness': 0.7622195243795675, 'generation': 1}","{'id': 26, 'rank': 9, 'fitness': 0.7250379990081618, 'generation': 1}","{'id': 15, 'rank': 10, 'fitness': 0.7143022281032017, 'generation': 1}","{'id': 25, 'rank': 11, 'fitness': 0.6918536323981506, 'generation': 1}","{'id': 9, 'rank': 12, 'fitness': 0.6915882464061183, 'generation': 1}","{'id': 2, 'rank': 13, 'fitness': 0.6029055927091703, 'generation': 1}","{'id': 10, 'rank': 14, 'fitness': 0.5800201370524284, 'generation': 1}","{'id': 24, 'rank': 15, 'fitness': 0.5575815914386756, 'generation': 1}","{'id': 16, 'rank': 16, 'fitness': 0.5568730089409291, 'generation': 1}","{'id': 29, 'rank': 17, 'fitness': 0.48067068697125565, 'generation': 1}","{'id': 4, 'rank': 18, 'fitness': 0.42147719359057423, 'generation': 1}","{'id': 27, 'rank': 19, 'fitness': 0.39421231462823614, 'generation': 1}","{'id': 7, 'rank': 20, 'fitness': 0.34165381815268575, 'generation': 1}","{'id': 21, 'rank': 21, 'fitness': 0.3307797953927789, 'generation': 1}","{'id': 3, 'rank': 22, 'fitness': 0.26431260322584094, 'generation': 1}","{'id': 12, 'rank': 23, 'fitness': 0.1992845093058493, 'generation': 1}","{'id': 13, 'rank': 24, 'fitness': 0.12636812205874914, 'generation': 1}","{'id': 6, 'rank': 25, 'fitness': 0.11627600772519481, 'generation': 1}","{'id': 23, 'rank': 26, 'fitness': 0.08389853260449404, 'generation': 1}","{'id': 18, 'rank': 27, 'fitness': 0.03030541165442635, 'generation': 1}","{'id': 30, 'rank': 28, 'fitness': 0.0288405208231014, 'generation': 1}","{'id': 22, 'rank': 29, 'fitness': 0.019724275205777186, 'generation': 1}","{'id': 20, 'rank': 30, 'fitness': 0.01798620996209155, 'generation': 1}"
"{'id': 56, 'rank': 1, 'fitness': 0.9820137900379085, 'generation': 2}","{'id': 54, 'rank': 2, 'fitness': 0.9814885740819808, 'generation': 2}","{'id': 54, 'rank': 3, 'fitness': 0.9814885740819808, 'generation': 2}","{'id': 55, 'rank': 4, 'fitness': 0.9810946546450592, 'generation': 2}","{'id': 55, 'rank': 5, 'fitness': 0.9810946546450592, 'generation': 2}","{'id': 5, 'rank': 6, 'fitness': 0.9768354459590658, 'generation': 2}","{'id': 39, 'rank': 7, 'fitness': 0.9763788113018175, 'generation': 2}","{'id': 48, 'rank': 8, 'fitness': 0.9747482370249876, 'generation': 2}","{'id': 64, 'rank': 9, 'fitness': 0.972927254335818, 'generation': 2}","{'id': 64, 'rank': 10, 'fitness': 0.972927254335818, 'generation': 2}","{'id': 45, 'rank': 11, 'fitness': 0.9714833222285153, 'generation': 2}","{'id': 45, 'rank': 12, 'fitness': 0.9714833222285153, 'generation': 2}","{'id': 67, 'rank': 13, 'fitness': 0.9642375488894552, 'generation': 2}","{'id': 66, 'rank': 14, 'fitness': 0.9595529816600179, 'generation': 2}","{'id': 14, 'rank': 15, 'fitness': 0.942427399198837, 'generation': 2}","{'id': 14, 'rank': 16, 'fitness': 0.942427399198837, 'generation': 2}","{'id': 9, 'rank': 17, 'fitness': 0.9304919248562056, 'generation': 2}","{'id': 24, 'rank': 18, 'fitness': 0.9131440455764854, 'generation': 2}","{'id': 16, 'rank': 19, 'fitness': 0.9130484793671108, 'generation': 2}","{'id': 83, 'rank': 20, 'fitness': 0.9111525130824296, 'generation': 2}","{'id': 29, 'rank': 21, 'fitness': 0.9023124729931783, 'generation': 2}","{'id': 60, 'rank': 22, 'fitness': 0.9005457032182731, 'generation': 2}","{'id': 27, 'rank': 23, 'fitness': 0.8884948618076443, 'generation': 2}","{'id': 7, 'rank': 24, 'fitness': 0.8787411896924506, 'generation': 2}","{'id': 21, 'rank': 25, 'fitness': 0.8765469795179804, 'generation': 2}","{'id': 32, 'rank': 26, 'fitness': 0.8546873801108336, 'generation': 2}","{'id': 22, 'rank': 27, 'fitness': 0.6496881369064532, 'generation': 2}","{'id': 20, 'rank': 28, 'fitness': 0.6406631049547427, 'generation': 2}","{'id': 43, 'rank': 29, 'fitness': 0.06176771919586971, 'generation': 2}","{'id': 42, 'rank': 30, 'fitness': 0.01798620996209155, 'generation': 2}"
"{'id': 107, 'rank': 1, 'fitness': 0.9820137900379085, 'generation': 3}","{'id': 107, 'rank': 2, 'fitness': 0.9820137900379085, 'generation': 3}","{'id': 150, 'rank': 3, 'fitness': 0.9811191463839577, 'generation': 3}","{'id': 56, 'rank': 4, 'fitness': 0.9810907962567275, 'generation': 3}","{'id': 153, 'rank': 5, 'fitness': 0.9804699906757182, 'generation': 3}","{'id': 109, 'rank': 6, 'fitness': 0.9804564120967288, 'generation': 3}","{'id': 109, 'rank': 7, 'fitness': 0.9804564120967288, 'generation': 3}","{'id': 151, 'rank': 8, 'fitness': 0.98002961629545, 'generation': 3}","{'id': 135, 'rank': 9, 'fitness': 0.9796562775759307, 'generation': 3}","{'id': 101, 'rank': 10, 'fitness': 0.978754658822282, 'generation': 3}","{'id': 105, 'rank': 11, 'fitness': 0.9777999347598034, 'generation': 3}","{'id': 112, 'rank': 12, 'fitness': 0.9769457144373401, 'generation': 3}","{'id': 112, 'rank': 13, 'fitness': 0.9769457144373401, 'generation': 3}","{'id': 39, 'rank': 14, 'fitness': 0.9752168602602379, 'generation': 3}","{'id': 154, 'rank': 15, 'fitness': 0.9732152805768793, 'generation': 3}","{'id': 89, 'rank': 16, 'fitness': 0.9725503579287447, 'generation': 3}","{'id': 89, 'rank': 17, 'fitness': 0.9725503579287447, 'generation': 3}","{'id': 64, 'rank': 18, 'fitness': 0.9716250514145415, 'generation': 3}","{'id': 88, 'rank': 19, 'fitness': 0.9714444090549859, 'generation': 3}","{'id': 136, 'rank': 20, 'fitness': 0.9712307453317166, 'generation': 3}","{'id': 126, 'rank': 21, 'fitness': 0.9693810018928213, 'generation': 3}","{'id': 116, 'rank': 22, 'fitness': 0.9672659819480318, 'generation': 3}","{'id': 128, 'rank': 23, 'fitness': 0.9657497214366876, 'generation': 3}","{'id': 145, 'rank': 24, 'fitness': 0.9652279771612444, 'generation': 3}","{'id': 160, 'rank': 25, 'fitness': 0.9401730790052656, 'generation': 3}","{'id': 117, 'rank': 26, 'fitness': 0.9224165693595145, 'generation': 3}","{'id': 83, 'rank': 27, 'fitness': 0.9078333281262788, 'generation': 3}","{'id': 143, 'rank': 28, 'fitness': 0.8873406107357276, 'generation': 3}","{'id': 124, 'rank': 29, 'fitness': 0.8682255463428006, 'generation': 3}","{'id': 42, 'rank': 30, 'fitness': 0.01798620996209155, 'generation': 3}"
"{'id': 193, 'rank': 1, 'fitness': 0.9820137900379085, 'generation': 4}","{'id': 218, 'rank': 2, 'fitness': 0.9808876943115417, 'generation': 4}","{'id': 107, 'rank': 3, 'fitness': 0.9776699062454093, 'generation': 4}","{'id': 245, 'rank': 4, 'fitness': 0.9776690517079752, 'generation': 4}","{'id': 238, 'rank': 5, 'fitness': 0.975495248989348, 'generation': 4}","{'id': 238, 'rank': 6, 'fitness': 0.975495248989348, 'generation': 4}","{'id': 214, 'rank': 7, 'fitness': 0.9753518111368689, 'generation': 4}","{'id': 222, 'rank': 8, 'fitness': 0.9752015215643435, 'generation': 4}","{'id': 150, 'rank': 9, 'fitness': 0.9741170376444128, 'generation': 4}","{'id': 166, 'rank': 10, 'fitness': 0.9736431747162637, 'generation': 4}","{'id': 166, 'rank': 11, 'fitness': 0.9736431747162637, 'generation': 4}","{'id': 221, 'rank': 12, 'fitness': 0.973524421875407, 'generation': 4}","{'id': 220, 'rank': 13, 'fitness': 0.972803875527601, 'generation': 4}","{'id': 163, 'rank': 14, 'fitness': 0.9714709587586423, 'generation': 4}","{'id': 169, 'rank': 15, 'fitness': 0.9713539230485742, 'generation': 4}","{'id': 225, 'rank': 16, 'fitness': 0.967425153599965, 'generation': 4}","{'id': 224, 'rank': 17, 'fitness': 0.958414764679011, 'generation': 4}","{'id': 105, 'rank': 18, 'fitness': 0.9577973946717351, 'generation': 4}","{'id': 105, 'rank': 19, 'fitness': 0.9577973946717351, 'generation': 4}","{'id': 189, 'rank': 20, 'fitness': 0.9518488593292824, 'generation': 4}","{'id': 175, 'rank': 21, 'fitness': 0.948973318944597, 'generation': 4}","{'id': 228, 'rank': 22, 'fitness': 0.9303975583988062, 'generation': 4}","{'id': 203, 'rank': 23, 'fitness': 0.9138803422918954, 'generation': 4}","{'id': 199, 'rank': 24, 'fitness': 0.8972063797531394, 'generation': 4}","{'id': 174, 'rank': 25, 'fitness': 0.8772528651564562, 'generation': 4}","{'id': 174, 'rank': 26, 'fitness': 0.8772528651564562, 'generation': 4}","{'id': 143, 'rank': 27, 'fitness': 0.10491468880490906, 'generation': 4}","{'id': 187, 'rank': 28, 'fitness': 0.03421983856545785, 'generation': 4}","{'id': 187, 'rank': 29, 'fitness': 0.03421983856545785, 'generation': 4}","{'id': 208, 'rank': 30, 'fitness': 0.01798620996209155, 'generation': 4}"
"{'id': 193, 'rank': 1, 'fitness': 0.9820137900379085, 'generation': 5}","{'id': 293, 'rank': 2, 'fitness': 0.9669074234343901, 'generation': 5}","{'id': 271, 'rank': 3, 'fitness': 0.9651422995499981, 'generation': 5}","{'id': 316, 'rank': 4, 'fitness': 0.9619306473047373, 'generation': 5}","{'id': 320, 'rank': 5, 'fitness': 0.9362969365318644, 'generation': 5}","{'id': 288, 'rank': 6, 'fitness': 0.9245119910969828, 'generation': 5}","{'id': 314, 'rank': 7, 'fitness': 0.9223658213769459, 'generation': 5}","{'id': 312, 'rank': 8, 'fitness': 0.9219315420277785, 'generation': 5}","{'id': 317, 'rank': 9, 'fitness': 0.9094137929661412, 'generation': 5}","{'id': 295, 'rank': 10, 'fitness': 0.9083152146744455, 'generation': 5}","{'id': 309, 'rank': 11, 'fitness': 0.8876507555021571, 'generation': 5}","{'id': 309, 'rank': 12, 'fitness': 0.8876507555021571, 'generation': 5}","{'id': 260, 'rank': 13, 'fitness': 0.8866909032845057, 'generation': 5}","{'id': 238, 'rank': 14, 'fitness': 0.8762304491312372, 'generation': 5}","{'id': 238, 'rank': 15, 'fitness': 0.8762304491312372, 'generation': 5}","{'id': 296, 'rank': 16, 'fitness': 0.8670074173889273, 'generation': 5}","{'id': 305, 'rank': 17, 'fitness': 0.8434717744439748, 'generation': 5}","{'id': 221, 'rank': 18, 'fitness': 0.8090637921411481, 'generation': 5}","{'id': 221, 'rank': 19, 'fitness': 0.8090637921411481, 'generation': 5}","{'id': 292, 'rank': 20, 'fitness': 0.7785472800898349, 'generation': 5}","{'id': 287, 'rank': 21, 'fitness': 0.7575335374637147, 'generation': 5}","{'id': 225, 'rank': 22, 'fitness': 0.515683800266251, 'generation': 5}","{'id': 255, 'rank': 23, 'fitness': 0.317236139994471, 'generation': 5}","{'id': 323, 'rank': 24, 'fitness': 0.28374545373082893, 'generation': 5}","{'id': 310, 'rank': 25, 'fitness': 0.24451321394595976, 'generation': 5}","{'id': 105, 'rank': 26, 'fitness': 0.15759029007854342, 'generation': 5}","{'id': 189, 'rank': 27, 'fitness': 0.07114748545156302, 'generation': 5}","{'id': 189, 'rank': 28, 'fitness': 0.07114748545156302, 'generation': 5}","{'id': 262, 'rank': 29, 'fitness': 0.01798620996209155, 'generation': 5}","{'id': 262, 'rank': 30, 'fitness': 0.01798620996209155, 'generation': 5}"
"{'id': 379, 'rank': 1, 'fitness': 0.9820137900379085, 'generation': 6}","{'id': 355, 'rank': 2, 'fitness': 0.9816167951866519, 'generation': 6}","{'id': 336, 'rank': 3, 'fitness': 0.978981704673701, 'generation': 6}","{'id': 381, 'rank': 4, 'fitness': 0.9773915901240946, 'generation': 6}","{'id': 357, 'rank': 5, 'fitness': 0.9753144554505064, 'generation': 6}","{'id': 378, 'rank': 6, 'fitness': 0.9723428657700903, 'generation': 6}","{'id': 378, 'rank': 7, 'fitness': 0.9723428657700903, 'generation': 6}","{'id': 358, 'rank': 8, 'fitness': 0.9678623850695691, 'generation': 6}","{'id': 383, 'rank': 9, 'fitness': 0.9605219222507463, 'generation': 6}","{'id': 383, 'rank': 10, 'fitness': 0.9605219222507463, 'generation': 6}","{'id': 383, 'rank': 11, 'fitness': 0.9605219222507463, 'generation': 6}","{'id': 293, 'rank': 12, 'fitness': 0.9579953868556865, 'generation': 6}","{'id': 288, 'rank': 13, 'fitness': 0.943549125829559, 'generation': 6}","{'id': 314, 'rank': 14, 'fitness': 0.942968373325866, 'generation': 6}","{'id': 314, 'rank': 15, 'fitness': 0.942968373325866, 'generation': 6}","{'id': 317, 'rank': 16, 'fitness': 0.9396429811366748, 'generation': 6}","{'id': 309, 'rank': 17, 'fitness': 0.9346006374344695, 'generation': 6}","{'id': 260, 'rank': 18, 'fitness': 0.9343908326032038, 'generation': 6}","{'id': 260, 'rank': 19, 'fitness': 0.9343908326032038, 'generation': 6}","{'id': 238, 'rank': 20, 'fitness': 0.9321614799445259, 'generation': 6}","{'id': 292, 'rank': 21, 'fitness': 0.9145248970448616, 'generation': 6}","{'id': 368, 'rank': 22, 'fitness': 0.8907695383185876, 'generation': 6}","{'id': 323, 'rank': 23, 'fitness': 0.8305944658822328, 'generation': 6}","{'id': 323, 'rank': 24, 'fitness': 0.8305944658822328, 'generation': 6}","{'id': 323, 'rank': 25, 'fitness': 0.8305944658822328, 'generation': 6}","{'id': 105, 'rank': 26, 'fitness': 0.7894582603657918, 'generation': 6}","{'id': 262, 'rank': 27, 'fitness': 0.6203635800805087, 'generation': 6}","{'id': 354, 'rank': 28, 'fitness': 0.5061642704119815, 'generation': 6}","{'id': 354, 'rank': 29, 'fitness': 0.5061642704119815, 'generation': 6}","{'id': 373, 'rank': 30, 'fitness': 0.01798620996209155, 'generation': 6}"
"{'id': 427, 'rank': 1, 'fitness': 0.9820137900379085, 'generation': 7}","{'id': 452, 'rank': 2, 'fitness': 0.98157519599823, 'generation': 7}","{'id': 457, 'rank': 3, 'fitness': 0.9811004711194602, 'generation': 7}","{'id': 355, 'rank': 4, 'fitness': 0.9806038922258831, 'generation': 7}","{'id': 336, 'rank': 5, 'fitness': 0.9795849064856972, 'generation': 7}","{'id': 381, 'rank': 6, 'fitness': 0.9790070211526094, 'generation': 7}","{'id': 420, 'rank': 7, 'fitness': 0.9787600619421761, 'generation': 7}","{'id': 357, 'rank': 8, 'fitness': 0.9782878724033233, 'generation': 7}","{'id': 405, 'rank': 9, 'fitness': 0.9777294344255926, 'generation': 7}","{'id': 405, 'rank': 10, 'fitness': 0.9777294344255926, 'generation': 7}","{'id': 415, 'rank': 11, 'fitness': 0.9758224189854359, 'generation': 7}","{'id': 415, 'rank': 12, 'fitness': 0.9758224189854359, 'generation': 7}","{'id': 451, 'rank': 13, 'fitness': 0.9747548488366404, 'generation': 7}","{'id': 461, 'rank': 14, 'fitness': 0.9744529155499411, 'generation': 7}","{'id': 383, 'rank': 15, 'fitness': 0.9739813807973348, 'generation': 7}","{'id': 293, 'rank': 16, 'fitness': 0.9733474416222891, 'generation': 7}","{'id': 288, 'rank': 17, 'fitness': 0.9700853604322632, 'generation': 7}","{'id': 314, 'rank': 18, 'fitness': 0.9699647364663136, 'generation': 7}","{'id': 462, 'rank': 19, 'fitness': 0.9666264198987164, 'generation': 7}","{'id': 292, 'rank': 20, 'fitness': 0.9647187025291485, 'generation': 7}","{'id': 292, 'rank': 21, 'fitness': 0.9647187025291485, 'generation': 7}","{'id': 403, 'rank': 22, 'fitness': 0.9643980710501829, 'generation': 7}","{'id': 465, 'rank': 23, 'fitness': 0.9593369786611381, 'generation': 7}","{'id': 466, 'rank': 24, 'fitness': 0.9577442707838763, 'generation': 7}","{'id': 418, 'rank': 25, 'fitness': 0.9471499131541874, 'generation': 7}","{'id': 460, 'rank': 26, 'fitness': 0.9467285041388176, 'generation': 7}","{'id': 430, 'rank': 27, 'fitness': 0.9410697370684833, 'generation': 7}","{'id': 423, 'rank': 28, 'fitness': 0.926909631343495, 'generation': 7}","{'id': 436, 'rank': 29, 'fitness': 0.04459149310163096, 'generation': 7}","{'id': 438, 'rank': 30, 'fitness': 0.01798620996209155, 'generation': 7}"
"{'id': 551, 'rank': 1, 'fitness': 0.9820137900379085, 'generation': 8}","{'id': 542, 'rank': 2, 'fitness': 0.9781433417267864, 'generation': 8}","{'id': 542, 'rank': 3, 'fitness': 0.9781433417267864, 'generation': 8}","{'id': 550, 'rank': 4, 'fitness': 0.9778575383402945, 'generation': 8}","{'id': 550, 'rank': 5, 'fitness': 0.9778575383402945, 'generation': 8}","{'id': 553, 'rank': 6, 'fitness': 0.9730840828118115, 'generation': 8}","{'id': 555, 'rank': 7, 'fitness': 0.9723635316412006, 'generation': 8}","{'id': 555, 'rank': 8, 'fitness': 0.9723635316412006, 'generation': 8}","{'id': 547, 'rank': 9, 'fitness': 0.9650024866116613, 'generation': 8}","{'id': 355, 'rank': 10, 'fitness': 0.9002236477521652, 'generation': 8}","{'id': 529, 'rank': 11, 'fitness': 0.8859597776894523, 'generation': 8}","{'id': 562, 'rank': 12, 'fitness': 0.8672183855805328, 'generation': 8}","{'id': 541, 'rank': 13, 'fitness': 0.7740780127016227, 'generation': 8}","{'id': 497, 'rank': 14, 'fitness': 0.7577820813049454, 'generation': 8}","{'id': 405, 'rank': 15, 'fitness': 0.7418682191223567, 'generation': 8}","{'id': 509, 'rank': 16, 'fitness': 0.59252967509716, 'generation': 8}","{'id': 518, 'rank': 17, 'fitness': 0.5635141063427009, 'generation': 8}","{'id': 451, 'rank': 18, 'fitness': 0.503687703795714, 'generation': 8}","{'id': 488, 'rank': 19, 'fitness': 0.42593472965946355, 'generation': 8}","{'id': 488, 'rank': 20, 'fitness': 0.42593472965946355, 'generation': 8}","{'id': 508, 'rank': 21, 'fitness': 0.3882901400873454, 'generation': 8}","{'id': 564, 'rank': 22, 'fitness': 0.34368106348367733, 'generation': 8}","{'id': 564, 'rank': 23, 'fitness': 0.34368106348367733, 'generation': 8}","{'id': 536, 'rank': 24, 'fitness': 0.2391640224187544, 'generation': 8}","{'id': 314, 'rank': 25, 'fitness': 0.19255002561371704, 'generation': 8}","{'id': 492, 'rank': 26, 'fitness': 0.1494127541485794, 'generation': 8}","{'id': 566, 'rank': 27, 'fitness': 0.09706179615226163, 'generation': 8}","{'id': 566, 'rank': 28, 'fitness': 0.09706179615226163, 'generation': 8}","{'id': 504, 'rank': 29, 'fitness': 0.035620792432005166, 'generation': 8}","{'id': 569, 'rank': 30, 'fitness': 0.01798620996209155, 'generation': 8}"
"{'id': 574, 'rank': 1, 'fitness': 0.9820137900379085, 'generation': 9}","{'id': 591, 'rank': 2, 'fitness': 0.9803323176324803, 'generation': 9}","{'id': 591, 'rank': 3, 'fitness': 0.9803323176324803, 'generation': 9}","{'id': 620, 'rank': 4, 'fitness': 0.9801839611363692, 'generation': 9}","{'id': 595, 'rank': 5, 'fitness': 0.9795890987859013, 'generation': 9}","{'id': 542, 'rank': 6, 'fitness': 0.9789302893141227, 'generation': 9}","{'id': 555, 'rank': 7, 'fitness': 0.9783325256727797, 'generation': 9}","{'id': 547, 'rank': 8, 'fitness': 0.9777099478555866, 'generation': 9}","{'id': 594, 'rank': 9, 'fitness': 0.977327334477317, 'generation': 9}","{'id': 607, 'rank': 10, 'fitness': 0.9771087279850916, 'generation': 9}","{'id': 607, 'rank': 11, 'fitness': 0.9771087279850916, 'generation': 9}","{'id': 570, 'rank': 12, 'fitness': 0.9756930558083138, 'generation': 9}","{'id': 355, 'rank': 13, 'fitness': 0.9746257126541293, 'generation': 9}","{'id': 562, 'rank': 14, 'fitness': 0.9736585876846731, 'generation': 9}","{'id': 541, 'rank': 15, 'fitness': 0.9716193837627454, 'generation': 9}","{'id': 497, 'rank': 16, 'fitness': 0.9713199097426978, 'generation': 9}","{'id': 405, 'rank': 17, 'fitness': 0.9710376571345423, 'generation': 9}","{'id': 405, 'rank': 18, 'fitness': 0.9710376571345423, 'generation': 9}","{'id': 518, 'rank': 19, 'fitness': 0.9682399083415649, 'generation': 9}","{'id': 451, 'rank': 20, 'fitness': 0.9673484856122276, 'generation': 9}","{'id': 451, 'rank': 21, 'fitness': 0.9673484856122276, 'generation': 9}","{'id': 488, 'rank': 22, 'fitness': 0.9661522049673954, 'generation': 9}","{'id': 488, 'rank': 23, 'fitness': 0.9661522049673954, 'generation': 9}","{'id': 564, 'rank': 24, 'fitness': 0.9647715194909003, 'generation': 9}","{'id': 564, 'rank': 25, 'fitness': 0.9647715194909003, 'generation': 9}","{'id': 536, 'rank': 26, 'fitness': 0.962651215439037, 'generation': 9}","{'id': 504, 'rank': 27, 'fitness': 0.95234460964295, 'generation': 9}","{'id': 625, 'rank': 28, 'fitness': 0.712521471731391, 'generation': 9}","{'id': 577, 'rank': 29, 'fitness': 0.01798620996209155, 'generation': 9}","{'id': 577, 'rank': 30, 'fitness': 0.01798620996209155, 'generation': 9}"
"{'id': 707, 'rank': 1, 'fitness': 0.9820137900379085, 'generation': 10}","{'id': 657, 'rank': 2, 'fitness': 0.9597433553339175, 'generation': 10}","{'id': 657, 'rank': 3, 'fitness': 0.9597433553339175, 'generation': 10}","{'id': 653, 'rank': 4, 'fitness': 0.9474756790735236, 'generation': 10}","{'id': 653, 'rank': 5, 'fitness': 0.9474756790735236, 'generation': 10}","{'id': 678, 'rank': 6, 'fitness': 0.9059902707166698, 'generation': 10}","{'id': 678, 'rank': 7, 'fitness': 0.9059902707166698, 'generation': 10}","{'id': 591, 'rank': 8, 'fitness': 0.900376789519131, 'generation': 10}","{'id': 591, 'rank': 9, 'fitness': 0.900376789519131, 'generation': 10}","{'id': 666, 'rank': 10, 'fitness': 0.8941971376149263, 'generation': 10}","{'id': 693, 'rank': 11, 'fitness': 0.8869435834728806, 'generation': 10}","{'id': 713, 'rank': 12, 'fitness': 0.8676615840503937, 'generation': 10}","{'id': 640, 'rank': 13, 'fitness': 0.8446472047161235, 'generation': 10}","{'id': 640, 'rank': 14, 'fitness': 0.8446472047161235, 'generation': 10}","{'id': 555, 'rank': 15, 'fitness': 0.8304564415561908, 'generation': 10}","{'id': 547, 'rank': 16, 'fitness': 0.8036755043311516, 'generation': 10}","{'id': 655, 'rank': 17, 'fitness': 0.7721443001013057, 'generation': 10}","{'id': 711, 'rank': 18, 'fitness': 0.7213486952701523, 'generation': 10}","{'id': 687, 'rank': 19, 'fitness': 0.6826681533346854, 'generation': 10}","{'id': 662, 'rank': 20, 'fitness': 0.6517524646011448, 'generation': 10}","{'id': 709, 'rank': 21, 'fitness': 0.6508794096670621, 'generation': 10}","{'id': 664, 'rank': 22, 'fitness': 0.6120317134329801, 'generation': 10}","{'id': 664, 'rank': 23, 'fitness': 0.6120317134329801, 'generation': 10}","{'id': 664, 'rank': 24, 'fitness': 0.6120317134329801, 'generation': 10}","{'id': 710, 'rank': 25, 'fitness': 0.49412416058210973, 'generation': 10}","{'id': 405, 'rank': 26, 'fitness': 0.43654119349876963, 'generation': 10}","{'id': 696, 'rank': 27, 'fitness': 0.35342424127361205, 'generation': 10}","{'id': 564, 'rank': 28, 'fitness': 0.18113537421112813, 'generation': 10}","{'id': 650, 'rank': 29, 'fitness': 0.04903929650362976, 'generation': 10}","{'id': 702, 'rank': 30, 'fitness': 0.01798620996209155, 'generation': 10}"
"{'id': 778, 'rank': 1, 'fitness': 0.9820137900379085, 'generation': 11}","{'id': 735, 'rank': 2, 'fitness': 0.9818960122821416, 'generation': 11}","{'id': 653, 'rank': 3, 'fitness': 0.9796004078160394, 'generation': 11}","{'id': 653, 'rank': 4, 'fitness': 0.9796004078160394, 'generation': 11}","{'id': 678, 'rank': 5, 'fitness': 0.9786681792622147, 'generation': 11}","{'id': 781, 'rank': 6, 'fitness': 0.9785283195234484, 'generation': 11}","{'id': 781, 'rank': 7, 'fitness': 0.9785283195234484, 'generation': 11}","{'id': 781, 'rank': 8, 'fitness': 0.9785283195234484, 'generation': 11}","{'id': 734, 'rank': 9, 'fitness': 0.9783090275018287, 'generation': 11}","{'id': 713, 'rank': 10, 'fitness': 0.9780748406364368, 'generation': 11}","{'id': 640, 'rank': 11, 'fitness': 0.9777806558777411, 'generation': 11}","{'id': 640, 'rank': 12, 'fitness': 0.9777806558777411, 'generation': 11}","{'id': 555, 'rank': 13, 'fitness': 0.977615008170543, 'generation': 11}","{'id': 555, 'rank': 14, 'fitness': 0.977615008170543, 'generation': 11}","{'id': 747, 'rank': 15, 'fitness': 0.9774378711877131, 'generation': 11}","{'id': 655, 'rank': 16, 'fitness': 0.9770205132518716, 'generation': 11}","{'id': 687, 'rank': 17, 'fitness': 0.9762659925603081, 'generation': 11}","{'id': 709, 'rank': 18, 'fitness': 0.9760233190456986, 'generation': 11}","{'id': 738, 'rank': 19, 'fitness': 0.9759159665974365, 'generation': 11}","{'id': 738, 'rank': 20, 'fitness': 0.9759159665974365, 'generation': 11}","{'id': 749, 'rank': 21, 'fitness': 0.9758905956278263, 'generation': 11}","{'id': 762, 'rank': 22, 'fitness': 0.9710547772690431, 'generation': 11}","{'id': 702, 'rank': 23, 'fitness': 0.966749301671235, 'generation': 11}","{'id': 717, 'rank': 24, 'fitness': 0.9646736643092326, 'generation': 11}","{'id': 726, 'rank': 25, 'fitness': 0.958638827969078, 'generation': 11}","{'id': 754, 'rank': 26, 'fitness': 0.9577832617597837, 'generation': 11}","{'id': 773, 'rank': 27, 'fitness': 0.9248530764836349, 'generation': 11}","{'id': 758, 'rank': 28, 'fitness': 0.8449937063258848, 'generation': 11}","{'id': 772, 'rank': 29, 'fitness': 0.7168138748678594, 'generation': 11}","{'id': 767, 'rank': 30, 'fitness': 0.01798620996209155, 'generation': 11}"
"{'id': 813, 'rank': 1, 'fitness': 0.9820137900379085, 'generation': 12}","{'id': 778, 'rank': 2, 'fitness': 0.9774465839491489, 'generation': 12}","{'id': 735, 'rank': 3, 'fitness': 0.9769703979145, 'generation': 12}","{'id': 735, 'rank': 4, 'fitness': 0.9769703979145, 'generation': 12}","{'id': 805, 'rank': 5, 'fitness': 0.9733819394777516, 'generation': 12}","{'id': 831, 'rank': 6, 'fitness': 0.9726194857565784, 'generation': 12}","{'id': 866, 'rank': 7, 'fitness': 0.9723719053084544, 'generation': 12}","{'id': 794, 'rank': 8, 'fitness': 0.969250261340068, 'generation': 12}","{'id': 794, 'rank': 9, 'fitness': 0.969250261340068, 'generation': 12}","{'id': 870, 'rank': 10, 'fitness': 0.9685534302103733, 'generation': 12}","{'id': 863, 'rank': 11, 'fitness': 0.9674091467864832, 'generation': 12}","{'id': 863, 'rank': 12, 'fitness': 0.9674091467864832, 'generation': 12}","{'id': 653, 'rank': 13, 'fitness': 0.9663047342296218, 'generation': 12}","{'id': 840, 'rank': 14, 'fitness': 0.9629195456190877, 'generation': 12}","{'id': 781, 'rank': 15, 'fitness': 0.9603740062008599, 'generation': 12}","{'id': 864, 'rank': 16, 'fitness': 0.9601332443772614, 'generation': 12}","{'id': 830, 'rank': 17, 'fitness': 0.9574400786079128, 'generation': 12}","{'id': 798, 'rank': 18, 'fitness': 0.9562745445567239, 'generation': 12}","{'id': 789, 'rank': 19, 'fitness': 0.954328886449448, 'generation': 12}","{'id': 791, 'rank': 20, 'fitness': 0.9521942141997852, 'generation': 12}","{'id': 790, 'rank': 21, 'fitness': 0.9505828018577472, 'generation': 12}","{'id': 841, 'rank': 22, 'fitness': 0.9483862972341043, 'generation': 12}","{'id': 806, 'rank': 23, 'fitness': 0.945168583835498, 'generation': 12}","{'id': 808, 'rank': 24, 'fitness': 0.9401965767012099, 'generation': 12}","{'id': 784, 'rank': 25, 'fitness': 0.9372206730446608, 'generation': 12}","{'id': 800, 'rank': 26, 'fitness': 0.9371095431449827, 'generation': 12}","{'id': 801, 'rank': 27, 'fitness': 0.935379602276323, 'generation': 12}","{'id': 827, 'rank': 28, 'fitness': 0.8942798119482712, 'generation': 12}","{'id': 860, 'rank': 29, 'fitness': 0.6846921515062142, 'generation': 12}","{'id': 823, 'rank': 30, 'fitness': 0.01798620996209155, 'generation': 12}"
"{'id': 880, 'rank': 1, 'fitness': 0.9820137900379085, 'generation': 13}","{'id': 880, 'rank': 2, 'fitness': 0.9820137900379085, 'generation': 13}","{'id': 880, 'rank': 3, 'fitness': 0.9820137900379085, 'generation': 13}","{'id': 890, 'rank': 4, 'fitness': 0.9650830987052409, 'generation': 13}","{'id': 902, 'rank': 5, 'fitness': 0.9593369124498952, 'generation': 13}","{'id': 778, 'rank': 6, 'fitness': 0.9027496932114867, 'generation': 13}","{'id': 735, 'rank': 7, 'fitness': 0.8958721973065524, 'generation': 13}","{'id': 947, 'rank': 8, 'fitness': 0.8856165602500171, 'generation': 13}","{'id': 947, 'rank': 9, 'fitness': 0.8856165602500171, 'generation': 13}","{'id': 904, 'rank': 10, 'fitness': 0.8256715674480639, 'generation': 13}","{'id': 831, 'rank': 11, 'fitness': 0.8207412226435449, 'generation': 13}","{'id': 917, 'rank': 12, 'fitness': 0.8131067199344759, 'generation': 13}","{'id': 926, 'rank': 13, 'fitness': 0.8115488191806262, 'generation': 13}","{'id': 909, 'rank': 14, 'fitness': 0.8107116612685041, 'generation': 13}","{'id': 921, 'rank': 15, 'fitness': 0.8041010409784177, 'generation': 13}","{'id': 960, 'rank': 16, 'fitness': 0.7791110289921028, 'generation': 13}","{'id': 794, 'rank': 17, 'fitness': 0.7496339507432055, 'generation': 13}","{'id': 923, 'rank': 18, 'fitness': 0.7479178997608973, 'generation': 13}","{'id': 870, 'rank': 19, 'fitness': 0.7338953111169698, 'generation': 13}","{'id': 863, 'rank': 20, 'fitness': 0.7074987336276574, 'generation': 13}","{'id': 940, 'rank': 21, 'fitness': 0.6683202231490549, 'generation': 13}","{'id': 922, 'rank': 22, 'fitness': 0.635538122983317, 'generation': 13}","{'id': 936, 'rank': 23, 'fitness': 0.5603620982495114, 'generation': 13}","{'id': 924, 'rank': 24, 'fitness': 0.4385884468749068, 'generation': 13}","{'id': 912, 'rank': 25, 'fitness': 0.3020277913994336, 'generation': 13}","{'id': 806, 'rank': 26, 'fitness': 0.25960274722113486, 'generation': 13}","{'id': 930, 'rank': 27, 'fitness': 0.21326773725814774, 'generation': 13}","{'id': 784, 'rank': 28, 'fitness': 0.173782245732371, 'generation': 13}","{'id': 800, 'rank': 29, 'fitness': 0.17282147037380746, 'generation': 13}","{'id': 879, 'rank': 30, 'fitness': 0.01798620996209155, 'generation': 13}"
"{'id': 1016, 'rank': 1, 'fitness': 0.9820137900379085, 'generation': 14}","{'id': 1032, 'rank': 2, 'fitness': 0.9785583462088143, 'generation': 14}","{'id': 1032, 'rank': 3, 'fitness': 0.9785583462088143, 'generation': 14}","{'id': 1002, 'rank': 4, 'fitness': 0.9731370808432762, 'generation': 14}","{'id': 880, 'rank': 5, 'fitness': 0.9726507576911148, 'generation': 14}","{'id': 1007, 'rank': 6, 'fitness': 0.9666705651799428, 'generation': 14}","{'id': 1009, 'rank': 7, 'fitness': 0.9663516671810305, 'generation': 14}","{'id': 1009, 'rank': 8, 'fitness': 0.9663516671810305, 'generation': 14}","{'id': 1009, 'rank': 9, 'fitness': 0.9663516671810305, 'generation': 14}","{'id': 971, 'rank': 10, 'fitness': 0.965450672824799, 'generation': 14}","{'id': 1030, 'rank': 11, 'fitness': 0.9627009623780679, 'generation': 14}","{'id': 1030, 'rank': 12, 'fitness': 0.9627009623780679, 'generation': 14}","{'id': 1006, 'rank': 13, 'fitness': 0.9600312908356574, 'generation': 14}","{'id': 972, 'rank': 14, 'fitness': 0.9565535248593654, 'generation': 14}","{'id': 1033, 'rank': 15, 'fitness': 0.9538118724633542, 'generation': 14}","{'id': 926, 'rank': 16, 'fitness': 0.9499737385665601, 'generation': 14}","{'id': 926, 'rank': 17, 'fitness': 0.9499737385665601, 'generation': 14}","{'id': 921, 'rank': 18, 'fitness': 0.9494074374319263, 'generation': 14}","{'id': 921, 'rank': 19, 'fitness': 0.9494074374319263, 'generation': 14}","{'id': 794, 'rank': 20, 'fitness': 0.9455303171448756, 'generation': 14}","{'id': 923, 'rank': 21, 'fitness': 0.9454141326339508, 'generation': 14}","{'id': 940, 'rank': 22, 'fitness': 0.9402658634594718, 'generation': 14}","{'id': 1017, 'rank': 23, 'fitness': 0.9399153354066767, 'generation': 14}","{'id': 936, 'rank': 24, 'fitness': 0.9335859345973091, 'generation': 14}","{'id': 924, 'rank': 25, 'fitness': 0.9256830666387685, 'generation': 14}","{'id': 806, 'rank': 26, 'fitness': 0.9108681005090424, 'generation': 14}","{'id': 998, 'rank': 27, 'fitness': 0.9060219880028896, 'generation': 14}","{'id': 1003, 'rank': 28, 'fitness': 0.4166939559997335, 'generation': 14}","{'id': 981, 'rank': 29, 'fitness': 0.0544339818383191, 'generation': 14}","{'id': 964, 'rank': 30, 'fitness': 0.01798620996209155, 'generation': 14}"
"{'id': 1042, 'rank': 1, 'fitness': 0.9820137900379085, 'generation': 15}","{'id': 1016, 'rank': 2, 'fitness': 0.9705365912722967, 'generation': 15}","{'id': 1016, 'rank': 3, 'fitness': 0.9705365912722967, 'generation': 15}","{'id': 1090, 'rank': 4, 'fitness': 0.9694383039485934, 'generation': 15}","{'id': 1071, 'rank': 5, 'fitness': 0.9660740470864697, 'generation': 15}","{'id': 1071, 'rank': 6, 'fitness': 0.9660740470864697, 'generation': 15}","{'id': 1077, 'rank': 7, 'fitness': 0.9550705154241608, 'generation': 15}","{'id': 1089, 'rank': 8, 'fitness': 0.9539321799200523, 'generation': 15}","{'id': 1032, 'rank': 9, 'fitness': 0.9472895611974833, 'generation': 15}","{'id': 1032, 'rank': 10, 'fitness': 0.9472895611974833, 'generation': 15}","{'id': 1080, 'rank': 11, 'fitness': 0.9401275097800948, 'generation': 15}","{'id': 1078, 'rank': 12, 'fitness': 0.910427107560747, 'generation': 15}","{'id': 1078, 'rank': 13, 'fitness': 0.910427107560747, 'generation': 15}","{'id': 1079, 'rank': 14, 'fitness': 0.8836181288489734, 'generation': 15}","{'id': 1079, 'rank': 15, 'fitness': 0.8836181288489734, 'generation': 15}","{'id': 1007, 'rank': 16, 'fitness': 0.7951861897368464, 'generation': 15}","{'id': 1046, 'rank': 17, 'fitness': 0.7937108577496866, 'generation': 15}","{'id': 1046, 'rank': 18, 'fitness': 0.7937108577496866, 'generation': 15}","{'id': 1009, 'rank': 19, 'fitness': 0.7897089565030513, 'generation': 15}","{'id': 1091, 'rank': 20, 'fitness': 0.7324339511937539, 'generation': 15}","{'id': 1091, 'rank': 21, 'fitness': 0.7324339511937539, 'generation': 15}","{'id': 1105, 'rank': 22, 'fitness': 0.7068889335193702, 'generation': 15}","{'id': 1050, 'rank': 23, 'fitness': 0.5427346097997667, 'generation': 15}","{'id': 926, 'rank': 24, 'fitness': 0.48122851020220736, 'generation': 15}","{'id': 794, 'rank': 25, 'fitness': 0.4064630578753415, 'generation': 15}","{'id': 923, 'rank': 26, 'fitness': 0.40462662520730686, 'generation': 15}","{'id': 1041, 'rank': 27, 'fitness': 0.3660977835423487, 'generation': 15}","{'id': 1095, 'rank': 28, 'fitness': 0.30658393677380824, 'generation': 15}","{'id': 1088, 'rank': 29, 'fitness': 0.045536585514475536, 'generation': 15}","{'id': 1072, 'rank': 30, 'fitness': 0.01798620996209155, 'generation': 15}"
"{'id': 1156, 'rank': 1, 'fitness': 0.9820137900379085, 'generation': 16}","{'id': 1177, 'rank': 2, 'fitness': 0.9788793207431177, 'generation': 16}","{'id': 1016, 'rank': 3, 'fitness': 0.9778172948905035, 'generation': 16}","{'id': 1016, 'rank': 4, 'fitness': 0.9778172948905035, 'generation': 16}","{'id': 1173, 'rank': 5, 'fitness': 0.9776284249149119, 'generation': 16}","{'id': 1150, 'rank': 6, 'fitness': 0.9774777435699038, 'generation': 16}","{'id': 1151, 'rank': 7, 'fitness': 0.9771497320183147, 'generation': 16}","{'id': 1171, 'rank': 8, 'fitness': 0.9769658430835841, 'generation': 16}","{'id': 1171, 'rank': 9, 'fitness': 0.9769658430835841, 'generation': 16}","{'id': 1128, 'rank': 10, 'fitness': 0.9764025460051919, 'generation': 16}","{'id': 1157, 'rank': 11, 'fitness': 0.9761168849321564, 'generation': 16}","{'id': 1118, 'rank': 12, 'fitness': 0.9755638212978168, 'generation': 16}","{'id': 1120, 'rank': 13, 'fitness': 0.9753969103185436, 'generation': 16}","{'id': 1078, 'rank': 14, 'fitness': 0.9753547418787729, 'generation': 16}","{'id': 1078, 'rank': 15, 'fitness': 0.9753547418787729, 'generation': 16}","{'id': 1079, 'rank': 16, 'fitness': 0.9747036759120892, 'generation': 16}","{'id': 1079, 'rank': 17, 'fitness': 0.9747036759120892, 'generation': 16}","{'id': 1079, 'rank': 18, 'fitness': 0.9747036759120892, 'generation': 16}","{'id': 1119, 'rank': 19, 'fitness': 0.9738032925895856, 'generation': 16}","{'id': 1139, 'rank': 20, 'fitness': 0.9737857255455832, 'generation': 16}","{'id': 1139, 'rank': 21, 'fitness': 0.9737857255455832, 'generation': 16}","{'id': 1007, 'rank': 22, 'fitness': 0.9731426590651651, 'generation': 16}","{'id': 794, 'rank': 23, 'fitness': 0.9686573350949654, 'generation': 16}","{'id': 1121, 'rank': 24, 'fitness': 0.9664973362493082, 'generation': 16}","{'id': 1121, 'rank': 25, 'fitness': 0.9664973362493082, 'generation': 16}","{'id': 1072, 'rank': 26, 'fitness': 0.9568492113606422, 'generation': 16}","{'id': 1114, 'rank': 27, 'fitness': 0.9466432206137432, 'generation': 16}","{'id': 1160, 'rank': 28, 'fitness': 0.9356181689077524, 'generation': 16}","{'id': 1154, 'rank': 29, 'fitness': 0.05564144794341358, 'generation': 16}","{'id': 1113, 'rank': 30, 'fitness': 0.01798620996209155, 'generation': 16}"
"{'id': 1208, 'rank': 1, 'fitness': 0.9820137900379085, 'generation': 17}","{'id': 1156, 'rank': 2, 'fitness': 0.9162843520325367, 'generation': 17}","{'id': 1156, 'rank': 3, 'fitness': 0.9162843520325367, 'generation': 17}","{'id': 1206, 'rank': 4, 'fitness': 0.8917230068331994, 'generation': 17}","{'id': 1192, 'rank': 5, 'fitness': 0.6100285569129436, 'generation': 17}","{'id': 1237, 'rank': 6, 'fitness': 0.5937248191856334, 'generation': 17}","{'id': 1177, 'rank': 7, 'fitness': 0.5656868057994634, 'generation': 17}","{'id': 1194, 'rank': 8, 'fitness': 0.5581683130325548, 'generation': 17}","{'id': 1205, 'rank': 9, 'fitness': 0.448625319452589, 'generation': 17}","{'id': 1246, 'rank': 10, 'fitness': 0.41437970112548395, 'generation': 17}","{'id': 1173, 'rank': 11, 'fitness': 0.37757227878717214, 'generation': 17}","{'id': 1189, 'rank': 12, 'fitness': 0.3726045276734724, 'generation': 17}","{'id': 1228, 'rank': 13, 'fitness': 0.3641711020056555, 'generation': 17}","{'id': 1191, 'rank': 14, 'fitness': 0.3389405074084459, 'generation': 17}","{'id': 1191, 'rank': 15, 'fitness': 0.3389405074084459, 'generation': 17}","{'id': 1239, 'rank': 16, 'fitness': 0.29306586564168435, 'generation': 17}","{'id': 1171, 'rank': 17, 'fitness': 0.29155073220514083, 'generation': 17}","{'id': 1266, 'rank': 18, 'fitness': 0.26544498176407794, 'generation': 17}","{'id': 1245, 'rank': 19, 'fitness': 0.2285712910607195, 'generation': 17}","{'id': 1157, 'rank': 20, 'fitness': 0.20272056918678816, 'generation': 17}","{'id': 1243, 'rank': 21, 'fitness': 0.19547870353079017, 'generation': 17}","{'id': 1078, 'rank': 22, 'fitness': 0.14336328257250974, 'generation': 17}","{'id': 1267, 'rank': 23, 'fitness': 0.12416039214329189, 'generation': 17}","{'id': 1220, 'rank': 24, 'fitness': 0.1104883928435923, 'generation': 17}","{'id': 1240, 'rank': 25, 'fitness': 0.11043552826183645, 'generation': 17}","{'id': 1236, 'rank': 26, 'fitness': 0.10953408742160675, 'generation': 17}","{'id': 1079, 'rank': 27, 'fitness': 0.10573539384663422, 'generation': 17}","{'id': 1199, 'rank': 28, 'fitness': 0.04948013268810808, 'generation': 17}","{'id': 1216, 'rank': 29, 'fitness': 0.021959416479328253, 'generation': 17}","{'id': 1272, 'rank': 30, 'fitness': 0.01798620996209155, 'generation': 17}"
"{'id': 1282, 'rank': 1, 'fitness': 0.9820137900379085, 'generation': 18}","{'id': 1156, 'rank': 2, 'fitness': 0.9795122464344348, 'generation': 18}","{'id': 1156, 'rank': 3, 'fitness': 0.9795122464344348, 'generation': 18}","{'id': 1192, 'rank': 4, 'fitness': 0.976783745727918, 'generation': 18}","{'id': 1237, 'rank': 5, 'fitness': 0.9766821483316146, 'generation': 18}","{'id': 1305, 'rank': 6, 'fitness': 0.9759282967918255, 'generation': 18}","{'id': 1205, 'rank': 7, 'fitness': 0.9757896802203619, 'generation': 18}","{'id': 1246, 'rank': 8, 'fitness': 0.9755719642896152, 'generation': 18}","{'id': 1173, 'rank': 9, 'fitness': 0.9753297219449082, 'generation': 18}","{'id': 1228, 'rank': 10, 'fitness': 0.9752387562927931, 'generation': 18}","{'id': 1228, 'rank': 11, 'fitness': 0.9752387562927931, 'generation': 18}","{'id': 1228, 'rank': 12, 'fitness': 0.9752387562927931, 'generation': 18}","{'id': 1191, 'rank': 13, 'fitness': 0.975062500648148, 'generation': 18}","{'id': 1171, 'rank': 14, 'fitness': 0.974708876593779, 'generation': 18}","{'id': 1157, 'rank': 15, 'fitness': 0.9739172107560208, 'generation': 18}","{'id': 1303, 'rank': 16, 'fitness': 0.9738668564659927, 'generation': 18}","{'id': 1303, 'rank': 17, 'fitness': 0.9738668564659927, 'generation': 18}","{'id': 1078, 'rank': 18, 'fitness': 0.973210015012663, 'generation': 18}","{'id': 1311, 'rank': 19, 'fitness': 0.9731106598299171, 'generation': 18}","{'id': 1240, 'rank': 20, 'fitness': 0.972693643848638, 'generation': 18}","{'id': 1240, 'rank': 21, 'fitness': 0.972693643848638, 'generation': 18}","{'id': 1079, 'rank': 22, 'fitness': 0.9726084250498549, 'generation': 18}","{'id': 1199, 'rank': 23, 'fitness': 0.9711353570949253, 'generation': 18}","{'id': 1199, 'rank': 24, 'fitness': 0.9711353570949253, 'generation': 18}","{'id': 1304, 'rank': 25, 'fitness': 0.9642055198397552, 'generation': 18}","{'id': 1277, 'rank': 26, 'fitness': 0.7807793094044129, 'generation': 18}","{'id': 1315, 'rank': 27, 'fitness': 0.25543360670201065, 'generation': 18}","{'id': 1286, 'rank': 28, 'fitness': 0.13169462413024463, 'generation': 18}","{'id': 1285, 'rank': 29, 'fitness': 0.03509199992802525, 'generation': 18}","{'id': 1295, 'rank': 30, 'fitness': 0.01798620996209155, 'generation': 18}"
"{'id': 1330, 'rank': 1, 'fitness': 0.9820137900379085, 'generation': 19}","{'id': 1340, 'rank': 2, 'fitness': 0.9447342000651808, 'generation': 19}","{'id': 1340, 'rank': 3, 'fitness': 0.9447342000651808, 'generation': 19}","{'id': 1331, 'rank': 4, 'fitness': 0.9303550823022553, 'generation': 19}","{'id': 1331, 'rank': 5, 'fitness': 0.9303550823022553, 'generation': 19}","{'id': 1156, 'rank': 6, 'fitness': 0.7495189547804295, 'generation': 19}","{'id': 1378, 'rank': 7, 'fitness': 0.6580688259753136, 'generation': 19}","{'id': 1380, 'rank': 8, 'fitness': 0.5714898240257279, 'generation': 19}","{'id': 1379, 'rank': 9, 'fitness': 0.49933939922852905, 'generation': 19}","{'id': 1381, 'rank': 10, 'fitness': 0.2627926113112627, 'generation': 19}","{'id': 1381, 'rank': 11, 'fitness': 0.2627926113112627, 'generation': 19}","{'id': 1381, 'rank': 12, 'fitness': 0.2627926113112627, 'generation': 19}","{'id': 1237, 'rank': 13, 'fitness': 0.2185706336205877, 'generation': 19}","{'id': 1384, 'rank': 14, 'fitness': 0.14638803496526376, 'generation': 19}","{'id': 1344, 'rank': 15, 'fitness': 0.14547916283084283, 'generation': 19}","{'id': 1205, 'rank': 16, 'fitness': 0.12310755499774695, 'generation': 19}","{'id': 1335, 'rank': 17, 'fitness': 0.10039574361957238, 'generation': 19}","{'id': 1341, 'rank': 18, 'fitness': 0.09774986051232398, 'generation': 19}","{'id': 1228, 'rank': 19, 'fitness': 0.08497663049334647, 'generation': 19}","{'id': 1377, 'rank': 20, 'fitness': 0.07253051372951014, 'generation': 19}","{'id': 1377, 'rank': 21, 'fitness': 0.07253051372951014, 'generation': 19}","{'id': 1336, 'rank': 22, 'fitness': 0.06708380876733244, 'generation': 19}","{'id': 1364, 'rank': 23, 'fitness': 0.0616469052004861, 'generation': 19}","{'id': 1171, 'rank': 24, 'fitness': 0.05920793483180514, 'generation': 19}","{'id': 1365, 'rank': 25, 'fitness': 0.044211490527632236, 'generation': 19}","{'id': 1351, 'rank': 26, 'fitness': 0.037019122923554304, 'generation': 19}","{'id': 1351, 'rank': 27, 'fitness': 0.037019122923554304, 'generation': 19}","{'id': 1362, 'rank': 28, 'fitness': 0.025913779328746778, 'generation': 19}","{'id': 1339, 'rank': 29, 'fitness': 0.021197894071506185, 'generation': 19}","{'id': 1354, 'rank': 30, 'fitness': 0.01798620996209155, 'generation': 19}"
"{'id': 1330, 'rank': 1, 'fitness': 0.9820137900379085, 'generation': 20}","{'id': 1437, 'rank': 2, 'fitness': 0.9813413254231707, 'generation': 20}","{'id': 1437, 'rank': 3, 'fitness': 0.9813413254231707, 'generation': 20}","{'id': 1340, 'rank': 4, 'fitness': 0.9809438314842671, 'generation': 20}","{'id': 1340, 'rank': 5, 'fitness': 0.9809438314842671, 'generation': 20}","{'id': 1331, 'rank': 6, 'fitness': 0.9807087148408827, 'generation': 20}","{'id': 1410, 'rank': 7, 'fitness': 0.9805808404848584, 'generation': 20}","{'id': 1410, 'rank': 8, 'fitness': 0.9805808404848584, 'generation': 20}","{'id': 1410, 'rank': 9, 'fitness': 0.9805808404848584, 'generation': 20}","{'id': 1408, 'rank': 10, 'fitness': 0.9796568424656378, 'generation': 20}","{'id': 1408, 'rank': 11, 'fitness': 0.9796568424656378, 'generation': 20}","{'id': 1378, 'rank': 12, 'fitness': 0.9787598402519879, 'generation': 20}","{'id': 1380, 'rank': 13, 'fitness': 0.9783698030592418, 'generation': 20}","{'id': 1379, 'rank': 14, 'fitness': 0.9780558284564702, 'generation': 20}","{'id': 1379, 'rank': 15, 'fitness': 0.9780558284564702, 'generation': 20}","{'id': 1430, 'rank': 16, 'fitness': 0.9774014522642445, 'generation': 20}","{'id': 1381, 'rank': 17, 'fitness': 0.9769078969585752, 'generation': 20}","{'id': 1409, 'rank': 18, 'fitness': 0.976138012305463, 'generation': 20}","{'id': 1344, 'rank': 19, 'fitness': 0.9760473940843335, 'generation': 20}","{'id': 1341, 'rank': 20, 'fitness': 0.9755057807177369, 'generation': 20}","{'id': 1228, 'rank': 21, 'fitness': 0.9753184102575152, 'generation': 20}","{'id': 1228, 'rank': 22, 'fitness': 0.9753184102575152, 'generation': 20}","{'id': 1336, 'rank': 23, 'fitness': 0.9750042812244164, 'generation': 20}","{'id': 1365, 'rank': 24, 'fitness': 0.9744533241819782, 'generation': 20}","{'id': 1351, 'rank': 25, 'fitness': 0.9742187276767864, 'generation': 20}","{'id': 1403, 'rank': 26, 'fitness': 0.858350643735297, 'generation': 20}","{'id': 1436, 'rank': 27, 'fitness': 0.5402258539487458, 'generation': 20}","{'id': 1432, 'rank': 28, 'fitness': 0.07760390822670776, 'generation': 20}","{'id': 1421, 'rank': 29, 'fitness': 0.04389871984620075, 'generation': 20}","{'id': 1426, 'rank': 30, 'fitness': 0.01798620996209155, 'generation': 20}"
"{'id': 1475, 'rank': 1, 'fitness': 0.9820137900379085, 'generation': 21}","{'id': 1485, 'rank': 2, 'fitness': 0.9819308602603207, 'generation': 21}","{'id': 1464, 'rank': 3, 'fitness': 0.9805713247277856, 'generation': 21}","{'id': 1437, 'rank': 4, 'fitness': 0.9800885025629587, 'generation': 21}","{'id': 1437, 'rank': 5, 'fitness': 0.9800885025629587, 'generation': 21}","{'id': 1441, 'rank': 6, 'fitness': 0.9798997953249992, 'generation': 21}","{'id': 1487, 'rank': 7, 'fitness': 0.9797365846530913, 'generation': 21}","{'id': 1456, 'rank': 8, 'fitness': 0.9795525811277763, 'generation': 21}","{'id': 1453, 'rank': 9, 'fitness': 0.9794937712732554, 'generation': 21}","{'id': 1453, 'rank': 10, 'fitness': 0.9794937712732554, 'generation': 21}","{'id': 1340, 'rank': 11, 'fitness': 0.9792449694212922, 'generation': 21}","{'id': 1476, 'rank': 12, 'fitness': 0.9789769116765117, 'generation': 21}","{'id': 1504, 'rank': 13, 'fitness': 0.9789092725292596, 'generation': 21}","{'id': 1451, 'rank': 14, 'fitness': 0.9785132961442851, 'generation': 21}","{'id': 1451, 'rank': 15, 'fitness': 0.9785132961442851, 'generation': 21}","{'id': 1410, 'rank': 16, 'fitness': 0.9784599755537864, 'generation': 21}","{'id': 1410, 'rank': 17, 'fitness': 0.9784599755537864, 'generation': 21}","{'id': 1410, 'rank': 18, 'fitness': 0.9784599755537864, 'generation': 21}","{'id': 1465, 'rank': 19, 'fitness': 0.978438756715893, 'generation': 21}","{'id': 1465, 'rank': 20, 'fitness': 0.978438756715893, 'generation': 21}","{'id': 1408, 'rank': 21, 'fitness': 0.9763988417389554, 'generation': 21}","{'id': 1440, 'rank': 22, 'fitness': 0.9754638941208872, 'generation': 21}","{'id': 1488, 'rank': 23, 'fitness': 0.9728265135113392, 'generation': 21}","{'id': 1379, 'rank': 24, 'fitness': 0.9726155575325026, 'generation': 21}","{'id': 1494, 'rank': 25, 'fitness': 0.9724923806815674, 'generation': 21}","{'id': 1490, 'rank': 26, 'fitness': 0.9709381089839444, 'generation': 21}","{'id': 1341, 'rank': 27, 'fitness': 0.9660443649714661, 'generation': 21}","{'id': 1445, 'rank': 28, 'fitness': 0.9660073139379115, 'generation': 21}","{'id': 1482, 'rank': 29, 'fitness': 0.9585568763019408, 'generation': 21}","{'id': 1442, 'rank': 30, 'fitness': 0.01798620996209155, 'generation': 21}"
"{'id': 1512, 'rank': 1, 'fitness': 0.9820137900379085, 'generation': 22}","{'id': 1523, 'rank': 2, 'fitness': 0.9385563590064289, 'generation': 22}","{'id': 1521, 'rank': 3, 'fitness': 0.9286619044722958, 'generation': 22}","{'id': 1568, 'rank': 4, 'fitness': 0.8594317254977443, 'generation': 22}","{'id': 1575, 'rank': 5, 'fitness': 0.7748172279754095, 'generation': 22}","{'id': 1528, 'rank': 6, 'fitness': 0.7160530993365593, 'generation': 22}","{'id': 1565, 'rank': 7, 'fitness': 0.7073476395746977, 'generation': 22}","{'id': 1569, 'rank': 8, 'fitness': 0.7034906190200477, 'generation': 22}","{'id': 1597, 'rank': 9, 'fitness': 0.6909613972319595, 'generation': 22}","{'id': 1529, 'rank': 10, 'fitness': 0.6601295432879679, 'generation': 22}","{'id': 1529, 'rank': 11, 'fitness': 0.6601295432879679, 'generation': 22}","{'id': 1540, 'rank': 12, 'fitness': 0.6433708248425521, 'generation': 22}","{'id': 1540, 'rank': 13, 'fitness': 0.6433708248425521, 'generation': 22}","{'id': 1559, 'rank': 14, 'fitness': 0.620873466895855, 'generation': 22}","{'id': 1559, 'rank': 15, 'fitness': 0.620873466895855, 'generation': 22}","{'id': 1555, 'rank': 16, 'fitness': 0.6102326691844657, 'generation': 22}","{'id': 1556, 'rank': 17, 'fitness': 0.5996840674240025, 'generation': 22}","{'id': 1556, 'rank': 18, 'fitness': 0.5996840674240025, 'generation': 22}","{'id': 1534, 'rank': 19, 'fitness': 0.49993276645561624, 'generation': 22}","{'id': 1531, 'rank': 20, 'fitness': 0.48667171989349245, 'generation': 22}","{'id': 1531, 'rank': 21, 'fitness': 0.48667171989349245, 'generation': 22}","{'id': 1453, 'rank': 22, 'fitness': 0.4709023910655216, 'generation': 22}","{'id': 1476, 'rank': 23, 'fitness': 0.39064672203306916, 'generation': 22}","{'id': 1566, 'rank': 24, 'fitness': 0.3714683992588712, 'generation': 22}","{'id': 1557, 'rank': 25, 'fitness': 0.32133361568213714, 'generation': 22}","{'id': 1557, 'rank': 26, 'fitness': 0.32133361568213714, 'generation': 22}","{'id': 1410, 'rank': 27, 'fitness': 0.3175802628352422, 'generation': 22}","{'id': 1530, 'rank': 28, 'fitness': 0.29960991892571864, 'generation': 22}","{'id': 1590, 'rank': 29, 'fitness': 0.13530131092539166, 'generation': 22}","{'id': 1494, 'rank': 30, 'fitness': 0.01798620996209155, 'generation': 22}"
"{'id': 1512, 'rank': 1, 'fitness': 0.9820137900379085, 'generation': 23}","{'id': 1636, 'rank': 2, 'fitness': 0.9819520537238453, 'generation': 23}","{'id': 1634, 'rank': 3, 'fitness': 0.9812786260654733, 'generation': 23}","{'id': 1634, 'rank': 4, 'fitness': 0.9812786260654733, 'generation': 23}","{'id': 1637, 'rank': 5, 'fitness': 0.9808631999916436, 'generation': 23}","{'id': 1633, 'rank': 6, 'fitness': 0.9807623704569522, 'generation': 23}","{'id': 1633, 'rank': 7, 'fitness': 0.9807623704569522, 'generation': 23}","{'id': 1528, 'rank': 8, 'fitness': 0.9786833757153435, 'generation': 23}","{'id': 1528, 'rank': 9, 'fitness': 0.9786833757153435, 'generation': 23}","{'id': 1565, 'rank': 10, 'fitness': 0.9786334378913618, 'generation': 23}","{'id': 1565, 'rank': 11, 'fitness': 0.9786334378913618, 'generation': 23}","{'id': 1569, 'rank': 12, 'fitness': 0.9786115565793052, 'generation': 23}","{'id': 1529, 'rank': 13, 'fitness': 0.9783742622078824, 'generation': 23}","{'id': 1540, 'rank': 14, 'fitness': 0.9782860418549579, 'generation': 23}","{'id': 1540, 'rank': 15, 'fitness': 0.9782860418549579, 'generation': 23}","{'id': 1540, 'rank': 16, 'fitness': 0.9782860418549579, 'generation': 23}","{'id': 1559, 'rank': 17, 'fitness': 0.9781699067293559, 'generation': 23}","{'id': 1556, 'rank': 18, 'fitness': 0.9780624266502979, 'generation': 23}","{'id': 1635, 'rank': 19, 'fitness': 0.9777334246343844, 'generation': 23}","{'id': 1635, 'rank': 20, 'fitness': 0.9777334246343844, 'generation': 23}","{'id': 1531, 'rank': 21, 'fitness': 0.97750243744882, 'generation': 23}","{'id': 1566, 'rank': 22, 'fitness': 0.9769092766123859, 'generation': 23}","{'id': 1566, 'rank': 23, 'fitness': 0.9769092766123859, 'generation': 23}","{'id': 1557, 'rank': 24, 'fitness': 0.9766257478362474, 'generation': 23}","{'id': 1410, 'rank': 25, 'fitness': 0.9766035291257449, 'generation': 23}","{'id': 1621, 'rank': 26, 'fitness': 0.8424238601435179, 'generation': 23}","{'id': 1658, 'rank': 27, 'fitness': 0.4626985382234627, 'generation': 23}","{'id': 1604, 'rank': 28, 'fitness': 0.3989931213658056, 'generation': 23}","{'id': 1604, 'rank': 29, 'fitness': 0.3989931213658056, 'generation': 23}","{'id': 1625, 'rank': 30, 'fitness': 0.01798620996209155, 'generation': 23}"
"{'id': 1687, 'rank': 1, 'fitness': 0.9820137900379085, 'generation': 24}","{'id': 1687, 'rank': 2, 'fitness': 0.9820137900379085, 'generation': 24}","{'id': 1712, 'rank': 3, 'fitness': 0.9812975473966314, 'generation': 24}","{'id': 1712, 'rank': 4, 'fitness': 0.9812975473966314, 'generation': 24}","{'id': 1713, 'rank': 5, 'fitness': 0.980963860191034, 'generation': 24}","{'id': 1713, 'rank': 6, 'fitness': 0.980963860191034, 'generation': 24}","{'id': 1636, 'rank': 7, 'fitness': 0.9799413097993865, 'generation': 24}","{'id': 1688, 'rank': 8, 'fitness': 0.9795668179050288, 'generation': 24}","{'id': 1672, 'rank': 9, 'fitness': 0.9784450955014432, 'generation': 24}","{'id': 1672, 'rank': 10, 'fitness': 0.9784450955014432, 'generation': 24}","{'id': 1672, 'rank': 11, 'fitness': 0.9784450955014432, 'generation': 24}","{'id': 1701, 'rank': 12, 'fitness': 0.9772225041870373, 'generation': 24}","{'id': 1665, 'rank': 13, 'fitness': 0.9761484113895946, 'generation': 24}","{'id': 1706, 'rank': 14, 'fitness': 0.9753810638241859, 'generation': 24}","{'id': 1706, 'rank': 15, 'fitness': 0.9753810638241859, 'generation': 24}","{'id': 1709, 'rank': 16, 'fitness': 0.975040454100079, 'generation': 24}","{'id': 1709, 'rank': 17, 'fitness': 0.975040454100079, 'generation': 24}","{'id': 1673, 'rank': 18, 'fitness': 0.9746551696149288, 'generation': 24}","{'id': 1699, 'rank': 19, 'fitness': 0.9726669186681116, 'generation': 24}","{'id': 1699, 'rank': 20, 'fitness': 0.9726669186681116, 'generation': 24}","{'id': 1674, 'rank': 21, 'fitness': 0.9725233560707185, 'generation': 24}","{'id': 1540, 'rank': 22, 'fitness': 0.9721057982346832, 'generation': 24}","{'id': 1540, 'rank': 23, 'fitness': 0.9721057982346832, 'generation': 24}","{'id': 1718, 'rank': 24, 'fitness': 0.9709861304165107, 'generation': 24}","{'id': 1635, 'rank': 25, 'fitness': 0.9708307980073436, 'generation': 24}","{'id': 1696, 'rank': 26, 'fitness': 0.9705166484978782, 'generation': 24}","{'id': 1678, 'rank': 27, 'fitness': 0.9704683403671893, 'generation': 24}","{'id': 1681, 'rank': 28, 'fitness': 0.9704105344972952, 'generation': 24}","{'id': 1566, 'rank': 29, 'fitness': 0.9688850647943934, 'generation': 24}","{'id': 1604, 'rank': 30, 'fitness': 0.01798620996209155, 'generation': 24}"
"{'id': 1793, 'rank': 1, 'fitness': 0.9820137900379085, 'generation': 25}","{'id': 1801, 'rank': 2, 'fitness': 0.9777953158062282, 'generation': 25}","{'id': 1801, 'rank': 3, 'fitness': 0.9777953158062282, 'generation': 25}","{'id': 1687, 'rank': 4, 'fitness': 0.9534713909976251, 'generation': 25}","{'id': 1802, 'rank': 5, 'fitness': 0.9283472142528576, 'generation': 25}","{'id': 1754, 'rank': 6, 'fitness': 0.9249369042979869, 'generation': 25}","{'id': 1754, 'rank': 7, 'fitness': 0.9249369042979869, 'generation': 25}","{'id': 1757, 'rank': 8, 'fitness': 0.9026198420328702, 'generation': 25}","{'id': 1688, 'rank': 9, 'fitness': 0.873489436962532, 'generation': 25}","{'id': 1809, 'rank': 10, 'fitness': 0.8713919552983458, 'generation': 25}","{'id': 1769, 'rank': 11, 'fitness': 0.8630397986761909, 'generation': 25}","{'id': 1752, 'rank': 12, 'fitness': 0.8613308703250084, 'generation': 25}","{'id': 1752, 'rank': 13, 'fitness': 0.8613308703250084, 'generation': 25}","{'id': 1820, 'rank': 14, 'fitness': 0.8570151386195446, 'generation': 25}","{'id': 1788, 'rank': 15, 'fitness': 0.8185114797842474, 'generation': 25}","{'id': 1672, 'rank': 16, 'fitness': 0.8138965672468039, 'generation': 25}","{'id': 1672, 'rank': 17, 'fitness': 0.8138965672468039, 'generation': 25}","{'id': 1776, 'rank': 18, 'fitness': 0.7400628697740796, 'generation': 25}","{'id': 1790, 'rank': 19, 'fitness': 0.711093805160788, 'generation': 25}","{'id': 1780, 'rank': 20, 'fitness': 0.6665513296635541, 'generation': 25}","{'id': 1709, 'rank': 21, 'fitness': 0.5546837855314952, 'generation': 25}","{'id': 1709, 'rank': 22, 'fitness': 0.5546837855314952, 'generation': 25}","{'id': 1818, 'rank': 23, 'fitness': 0.5474619990992018, 'generation': 25}","{'id': 1785, 'rank': 24, 'fitness': 0.48241129682825074, 'generation': 25}","{'id': 1784, 'rank': 25, 'fitness': 0.4310088945378946, 'generation': 25}","{'id': 1797, 'rank': 26, 'fitness': 0.42782355571559927, 'generation': 25}","{'id': 1674, 'rank': 27, 'fitness': 0.3530355659703579, 'generation': 25}","{'id': 1696, 'rank': 28, 'fitness': 0.22923284164109098, 'generation': 25}","{'id': 1748, 'rank': 29, 'fitness': 0.22517963806532537, 'generation': 25}","{'id': 1812, 'rank': 30, 'fitness': 0.01798620996209155, 'generation': 25}"
"{'id': 1847, 'rank': 1, 'fitness': 0.9820137900379085, 'generation': 26}","{'id': 1846, 'rank': 2, 'fitness': 0.9819144515791531, 'generation': 26}","{'id': 1846, 'rank': 3, 'fitness': 0.9819144515791531, 'generation': 26}","{'id': 1836, 'rank': 4, 'fitness': 0.9775292173997951, 'generation': 26}","{'id': 1882, 'rank': 5, 'fitness': 0.9750365324024346, 'generation': 26}","{'id': 1841, 'rank': 6, 'fitness': 0.9744047108180998, 'generation': 26}","{'id': 1826, 'rank': 7, 'fitness': 0.9720405161304362, 'generation': 26}","{'id': 1826, 'rank': 8, 'fitness': 0.9720405161304362, 'generation': 26}","{'id': 1872, 'rank': 9, 'fitness': 0.9719103884349418, 'generation': 26}","{'id': 1830, 'rank': 10, 'fitness': 0.9704289954480516, 'generation': 26}","{'id': 1802, 'rank': 11, 'fitness': 0.9700541934837268, 'generation': 26}","{'id': 1802, 'rank': 12, 'fitness': 0.9700541934837268, 'generation': 26}","{'id': 1754, 'rank': 13, 'fitness': 0.9699060853578779, 'generation': 26}","{'id': 1886, 'rank': 14, 'fitness': 0.9683441314484117, 'generation': 26}","{'id': 1886, 'rank': 15, 'fitness': 0.9683441314484117, 'generation': 26}","{'id': 1886, 'rank': 16, 'fitness': 0.9683441314484117, 'generation': 26}","{'id': 1769, 'rank': 17, 'fitness': 0.9678572046033551, 'generation': 26}","{'id': 1752, 'rank': 18, 'fitness': 0.9678118183037391, 'generation': 26}","{'id': 1788, 'rank': 19, 'fitness': 0.9667855319213414, 'generation': 26}","{'id': 1709, 'rank': 20, 'fitness': 0.962332514108771, 'generation': 26}","{'id': 1709, 'rank': 21, 'fitness': 0.962332514108771, 'generation': 26}","{'id': 1785, 'rank': 22, 'fitness': 0.9612523290532993, 'generation': 26}","{'id': 1784, 'rank': 23, 'fitness': 0.960461818686125, 'generation': 26}","{'id': 1797, 'rank': 24, 'fitness': 0.9604117437139423, 'generation': 26}","{'id': 1674, 'rank': 25, 'fitness': 0.9591797445693705, 'generation': 26}","{'id': 1844, 'rank': 26, 'fitness': 0.9556982445667296, 'generation': 26}","{'id': 1843, 'rank': 27, 'fitness': 0.9494714401367477, 'generation': 26}","{'id': 1839, 'rank': 28, 'fitness': 0.8783071918136691, 'generation': 26}","{'id': 1822, 'rank': 29, 'fitness': 0.6154180728960947, 'generation': 26}","{'id': 1856, 'rank': 30, 'fitness': 0.01798620996209155, 'generation': 26}"
"{'id': 1899, 'rank': 1, 'fitness': 0.9820137900379085, 'generation': 27}","{'id': 1898, 'rank': 2, 'fitness': 0.974784614212066, 'generation': 27}","{'id': 1902, 'rank': 3, 'fitness': 0.9727489584188315, 'generation': 27}","{'id': 1846, 'rank': 4, 'fitness': 0.9718870213906083, 'generation': 27}","{'id': 1928, 'rank': 5, 'fitness': 0.948758121327185, 'generation': 27}","{'id': 1928, 'rank': 6, 'fitness': 0.948758121327185, 'generation': 27}","{'id': 1929, 'rank': 7, 'fitness': 0.9462974676184588, 'generation': 27}","{'id': 1882, 'rank': 8, 'fitness': 0.7688353689277543, 'generation': 27}","{'id': 1841, 'rank': 9, 'fitness': 0.7348646042076307, 'generation': 27}","{'id': 1841, 'rank': 10, 'fitness': 0.7348646042076307, 'generation': 27}","{'id': 1954, 'rank': 11, 'fitness': 0.6197751014249242, 'generation': 27}","{'id': 1957, 'rank': 12, 'fitness': 0.5950758372487036, 'generation': 27}","{'id': 1826, 'rank': 13, 'fitness': 0.59244768023674, 'generation': 27}","{'id': 1826, 'rank': 14, 'fitness': 0.59244768023674, 'generation': 27}","{'id': 1938, 'rank': 15, 'fitness': 0.5875720731585161, 'generation': 27}","{'id': 1872, 'rank': 16, 'fitness': 0.5842223552903785, 'generation': 27}","{'id': 1959, 'rank': 17, 'fitness': 0.5347521550364864, 'generation': 27}","{'id': 1830, 'rank': 18, 'fitness': 0.49097958629300353, 'generation': 27}","{'id': 1974, 'rank': 19, 'fitness': 0.4689633477916784, 'generation': 27}","{'id': 1895, 'rank': 20, 'fitness': 0.39387908833152896, 'generation': 27}","{'id': 1769, 'rank': 21, 'fitness': 0.3434823532371504, 'generation': 27}","{'id': 1769, 'rank': 22, 'fitness': 0.3434823532371504, 'generation': 27}","{'id': 1752, 'rank': 23, 'fitness': 0.3411489174974741, 'generation': 27}","{'id': 1887, 'rank': 24, 'fitness': 0.23628442545925443, 'generation': 27}","{'id': 1961, 'rank': 25, 'fitness': 0.2307193915431321, 'generation': 27}","{'id': 1964, 'rank': 26, 'fitness': 0.2183484322668967, 'generation': 27}","{'id': 1920, 'rank': 27, 'fitness': 0.16941181390960758, 'generation': 27}","{'id': 1893, 'rank': 28, 'fitness': 0.16142899355012263, 'generation': 27}","{'id': 1894, 'rank': 29, 'fitness': 0.12829640976533263, 'generation': 27}","{'id': 1843, 'rank': 30, 'fitness': 0.01798620996209155, 'generation': 27}"
"{'id': 2008, 'rank': 1, 'fitness': 0.9820137900379085, 'generation': 28}","{'id': 2008, 'rank': 2, 'fitness': 0.9820137900379085, 'generation': 28}","{'id': 2026, 'rank': 3, 'fitness': 0.98104861882225, 'generation': 28}","{'id': 2019, 'rank': 4, 'fitness': 0.9797213969829794, 'generation': 28}","{'id': 1987, 'rank': 5, 'fitness': 0.9794852729118544, 'generation': 28}","{'id': 1902, 'rank': 6, 'fitness': 0.9793800567960789, 'generation': 28}","{'id': 2024, 'rank': 7, 'fitness': 0.9791170192944092, 'generation': 28}","{'id': 2024, 'rank': 8, 'fitness': 0.9791170192944092, 'generation': 28}","{'id': 2032, 'rank': 9, 'fitness': 0.978644234123812, 'generation': 28}","{'id': 2032, 'rank': 10, 'fitness': 0.978644234123812, 'generation': 28}","{'id': 2006, 'rank': 11, 'fitness': 0.9784033941054964, 'generation': 28}","{'id': 1928, 'rank': 12, 'fitness': 0.9781956394258865, 'generation': 28}","{'id': 2036, 'rank': 13, 'fitness': 0.9776234619724513, 'generation': 28}","{'id': 1983, 'rank': 14, 'fitness': 0.9744968095629589, 'generation': 28}","{'id': 1841, 'rank': 15, 'fitness': 0.9743821585589558, 'generation': 28}","{'id': 1954, 'rank': 16, 'fitness': 0.973204749470143, 'generation': 28}","{'id': 1957, 'rank': 17, 'fitness': 0.9729688962313428, 'generation': 28}","{'id': 1957, 'rank': 18, 'fitness': 0.9729688962313428, 'generation': 28}","{'id': 2010, 'rank': 19, 'fitness': 0.972736660321585, 'generation': 28}","{'id': 1830, 'rank': 20, 'fitness': 0.9719893944449574, 'generation': 28}","{'id': 1974, 'rank': 21, 'fitness': 0.9717798498352435, 'generation': 28}","{'id': 1895, 'rank': 22, 'fitness': 0.9710393887391932, 'generation': 28}","{'id': 1893, 'rank': 23, 'fitness': 0.9679125455361081, 'generation': 28}","{'id': 2030, 'rank': 24, 'fitness': 0.8986774021331876, 'generation': 28}","{'id': 2039, 'rank': 25, 'fitness': 0.8729413682799878, 'generation': 28}","{'id': 2014, 'rank': 26, 'fitness': 0.5675300620140856, 'generation': 28}","{'id': 1978, 'rank': 27, 'fitness': 0.4034839742473702, 'generation': 28}","{'id': 1978, 'rank': 28, 'fitness': 0.4034839742473702, 'generation': 28}","{'id': 1988, 'rank': 29, 'fitness': 0.17486957822433458, 'generation': 28}","{'id': 2005, 'rank': 30, 'fitness': 0.01798620996209155, 'generation': 28}"
"{'id': 2120, 'rank': 1, 'fitness': 0.9820137900379085, 'generation': 29}","{'id': 2082, 'rank': 2, 'fitness': 0.9786700285361788, 'generation': 29}","{'id': 2121, 'rank': 3, 'fitness': 0.9759695675007309, 'generation': 29}","{'id': 2121, 'rank': 4, 'fitness': 0.9759695675007309, 'generation': 29}","{'id': 2122, 'rank': 5, 'fitness': 0.9490558892351292, 'generation': 29}","{'id': 2124, 'rank': 6, 'fitness': 0.9087555407178507, 'generation': 29}","{'id': 2019, 'rank': 7, 'fitness': 0.8823671475772691, 'generation': 29}","{'id': 2060, 'rank': 8, 'fitness': 0.8620235296392668, 'generation': 29}","{'id': 1902, 'rank': 9, 'fitness': 0.8564392111770414, 'generation': 29}","{'id': 2102, 'rank': 10, 'fitness': 0.8128343069124908, 'generation': 29}","{'id': 2070, 'rank': 11, 'fitness': 0.798511313899912, 'generation': 29}","{'id': 2070, 'rank': 12, 'fitness': 0.798511313899912, 'generation': 29}","{'id': 2059, 'rank': 13, 'fitness': 0.7904618651944562, 'generation': 29}","{'id': 2059, 'rank': 14, 'fitness': 0.7904618651944562, 'generation': 29}","{'id': 2032, 'rank': 15, 'fitness': 0.7866260379491516, 'generation': 29}","{'id': 2032, 'rank': 16, 'fitness': 0.7866260379491516, 'generation': 29}","{'id': 1928, 'rank': 17, 'fitness': 0.7348107391122098, 'generation': 29}","{'id': 2047, 'rank': 18, 'fitness': 0.6810526535754979, 'generation': 29}","{'id': 2036, 'rank': 19, 'fitness': 0.6599769352517754, 'generation': 29}","{'id': 2058, 'rank': 20, 'fitness': 0.30019741402879935, 'generation': 29}","{'id': 2061, 'rank': 21, 'fitness': 0.2631226801981312, 'generation': 29}","{'id': 2056, 'rank': 22, 'fitness': 0.18743885370168156, 'generation': 29}","{'id': 1957, 'rank': 23, 'fitness': 0.12558069375547454, 'generation': 29}","{'id': 2093, 'rank': 24, 'fitness': 0.11581711663069433, 'generation': 29}","{'id': 2010, 'rank': 25, 'fitness': 0.11316741302621469, 'generation': 29}","{'id': 2055, 'rank': 26, 'fitness': 0.10552271266678415, 'generation': 29}","{'id': 2055, 'rank': 27, 'fitness': 0.10552271266678415, 'generation': 29}","{'id': 2097, 'rank': 28, 'fitness': 0.09575042537987821, 'generation': 29}","{'id': 2072, 'rank': 29, 'fitness': 0.07948710367266065, 'generation': 29}","{'id': 2075, 'rank': 30, 'fitness': 0.01798620996209155, 'generation': 29}"
"{'id': 2165, 'rank': 1, 'fitness': 0.9820137900379085, 'generation': 30}","{'id': 2165, 'rank': 2, 'fitness': 0.9820137900379085, 'generation': 30}","{'id': 2165, 'rank': 3, 'fitness': 0.9820137900379085, 'generation': 30}","{'id': 2130, 'rank': 4, 'fitness': 0.9812462546744339, 'generation': 30}","{'id': 2168, 'rank': 5, 'fitness': 0.9493019466932805, 'generation': 30}","{'id': 2120, 'rank': 6, 'fitness': 0.9483427939808995, 'generation': 30}","{'id': 2171, 'rank': 7, 'fitness': 0.9480963852848938, 'generation': 30}","{'id': 2170, 'rank': 8, 'fitness': 0.9392971296915911, 'generation': 30}","{'id': 2144, 'rank': 9, 'fitness': 0.9284285022823335, 'generation': 30}","{'id': 2144, 'rank': 10, 'fitness': 0.9284285022823335, 'generation': 30}","{'id': 2122, 'rank': 11, 'fitness': 0.9238642322798903, 'generation': 30}","{'id': 2181, 'rank': 12, 'fitness': 0.9202877623870134, 'generation': 30}","{'id': 2181, 'rank': 13, 'fitness': 0.9202877623870134, 'generation': 30}","{'id': 2124, 'rank': 14, 'fitness': 0.9050741716970189, 'generation': 30}","{'id': 2060, 'rank': 15, 'fitness': 0.888484605654013, 'generation': 30}","{'id': 2070, 'rank': 16, 'fitness': 0.8699008131121295, 'generation': 30}","{'id': 2059, 'rank': 17, 'fitness': 0.8677370802196597, 'generation': 30}","{'id': 2047, 'rank': 18, 'fitness': 0.8405010059509916, 'generation': 30}","{'id': 2036, 'rank': 19, 'fitness': 0.8355134100657113, 'generation': 30}","{'id': 2172, 'rank': 20, 'fitness': 0.7489313892570113, 'generation': 30}","{'id': 2056, 'rank': 21, 'fitness': 0.6910575617795817, 'generation': 30}","{'id': 2093, 'rank': 22, 'fitness': 0.6427128141869591, 'generation': 30}","{'id': 2055, 'rank': 23, 'fitness': 0.6334061118699089, 'generation': 30}","{'id': 2097, 'rank': 24, 'fitness': 0.6236929178816536, 'generation': 30}","{'id': 2179, 'rank': 25, 'fitness': 0.5784689132840297, 'generation': 30}","{'id': 2158, 'rank': 26, 'fitness': 0.14939616366091835, 'generation': 30}","{'id': 2152, 'rank': 27, 'fitness': 0.11407538889319374, 'generation': 30}","{'id': 2166, 'rank': 28, 'fitness': 0.04888853952133665, 'generation': 30}","{'id': 2151, 'rank': 29, 'fitness': 0.018458664403950054, 'generation': 30}","{'id': 2185, 'rank': 30, 'fitness': 0.01798620996209155, 'generation': 30}"
"{'id': 2165, 'rank': 1, 'fitness': 0.9820137900379085, 'generation': 31}","{'id': 2165, 'rank': 2, 'fitness': 0.9820137900379085, 'generation': 31}","{'id': 2165, 'rank': 3, 'fitness': 0.9820137900379085, 'generation': 31}","{'id': 2193, 'rank': 4, 'fitness': 0.9818206964815024, 'generation': 31}","{'id': 2130, 'rank': 5, 'fitness': 0.9816618594126458, 'generation': 31}","{'id': 2190, 'rank': 6, 'fitness': 0.9794920735533268, 'generation': 31}","{'id': 2238, 'rank': 7, 'fitness': 0.9783028873485442, 'generation': 31}","{'id': 2238, 'rank': 8, 'fitness': 0.9783028873485442, 'generation': 31}","{'id': 2232, 'rank': 9, 'fitness': 0.9766585119399911, 'generation': 31}","{'id': 2120, 'rank': 10, 'fitness': 0.9705365376492217, 'generation': 31}","{'id': 2220, 'rank': 11, 'fitness': 0.9691390023836861, 'generation': 31}","{'id': 2170, 'rank': 12, 'fitness': 0.9681837583160733, 'generation': 31}","{'id': 2229, 'rank': 13, 'fitness': 0.9673961957029094, 'generation': 31}","{'id': 2144, 'rank': 14, 'fitness': 0.9655666256587218, 'generation': 31}","{'id': 2181, 'rank': 15, 'fitness': 0.9637244738667898, 'generation': 31}","{'id': 2202, 'rank': 16, 'fitness': 0.9628608652989492, 'generation': 31}","{'id': 2202, 'rank': 17, 'fitness': 0.9628608652989492, 'generation': 31}","{'id': 2230, 'rank': 18, 'fitness': 0.9611969604151893, 'generation': 31}","{'id': 2060, 'rank': 19, 'fitness': 0.9572093625541955, 'generation': 31}","{'id': 2201, 'rank': 20, 'fitness': 0.9566417195990471, 'generation': 31}","{'id': 2070, 'rank': 21, 'fitness': 0.9537545621261868, 'generation': 31}","{'id': 2239, 'rank': 22, 'fitness': 0.953690847850182, 'generation': 31}","{'id': 2059, 'rank': 23, 'fitness': 0.9533647894963575, 'generation': 31}","{'id': 2211, 'rank': 24, 'fitness': 0.9466240023552568, 'generation': 31}","{'id': 2212, 'rank': 25, 'fitness': 0.9465141479813425, 'generation': 31}","{'id': 2212, 'rank': 26, 'fitness': 0.9465141479813425, 'generation': 31}","{'id': 2093, 'rank': 27, 'fitness': 0.9181708859677769, 'generation': 31}","{'id': 2250, 'rank': 28, 'fitness': 0.9174367955120333, 'generation': 31}","{'id': 2055, 'rank': 29, 'fitness': 0.9167560714867433, 'generation': 31}","{'id': 2223, 'rank': 30, 'fitness': 0.01798620996209155, 'generation': 31}"
"{'id': 2347, 'rank': 1, 'fitness': 0.9820137900379085, 'generation': 32}","{'id': 2344, 'rank': 2, 'fitness': 0.9805754776600868, 'generation': 32}","{'id': 2318, 'rank': 3, 'fitness': 0.9752511658726368, 'generation': 32}","{'id': 2346, 'rank': 4, 'fitness': 0.9732106847713753, 'generation': 32}","{'id': 2264, 'rank': 5, 'fitness': 0.9720392317420246, 'generation': 32}","{'id': 2327, 'rank': 6, 'fitness': 0.9675942253830898, 'generation': 32}","{'id': 2193, 'rank': 7, 'fitness': 0.9669734763981918, 'generation': 32}","{'id': 2328, 'rank': 8, 'fitness': 0.9603499388561741, 'generation': 32}","{'id': 2282, 'rank': 9, 'fitness': 0.9568293785443447, 'generation': 32}","{'id': 2329, 'rank': 10, 'fitness': 0.9526755001936277, 'generation': 32}","{'id': 2331, 'rank': 11, 'fitness': 0.9512384618308227, 'generation': 32}","{'id': 2331, 'rank': 12, 'fitness': 0.9512384618308227, 'generation': 32}","{'id': 2190, 'rank': 13, 'fitness': 0.9497440926667055, 'generation': 32}","{'id': 2238, 'rank': 14, 'fitness': 0.93900031362032, 'generation': 32}","{'id': 2238, 'rank': 15, 'fitness': 0.93900031362032, 'generation': 32}","{'id': 2312, 'rank': 16, 'fitness': 0.9194777445214537, 'generation': 32}","{'id': 2343, 'rank': 17, 'fitness': 0.857491731546369, 'generation': 32}","{'id': 2311, 'rank': 18, 'fitness': 0.8410023237029542, 'generation': 32}","{'id': 2315, 'rank': 19, 'fitness': 0.7763923659563579, 'generation': 32}","{'id': 2267, 'rank': 20, 'fitness': 0.7356621568059822, 'generation': 32}","{'id': 2280, 'rank': 21, 'fitness': 0.7160845931514487, 'generation': 32}","{'id': 2308, 'rank': 22, 'fitness': 0.677539185650599, 'generation': 32}","{'id': 2335, 'rank': 23, 'fitness': 0.6678924250634954, 'generation': 32}","{'id': 2323, 'rank': 24, 'fitness': 0.6604311657122619, 'generation': 32}","{'id': 2322, 'rank': 25, 'fitness': 0.5874185202951222, 'generation': 32}","{'id': 2290, 'rank': 26, 'fitness': 0.5349664516203397, 'generation': 32}","{'id': 2289, 'rank': 27, 'fitness': 0.5082187525457542, 'generation': 32}","{'id': 2059, 'rank': 28, 'fitness': 0.47908628543745135, 'generation': 32}","{'id': 2260, 'rank': 29, 'fitness': 0.45528918738652674, 'generation': 32}","{'id': 2295, 'rank': 30, 'fitness': 0.01798620996209155, 'generation': 32}"
"{'id': 2432, 'rank': 1, 'fitness': 0.9820137900379085, 'generation': 33}","{'id': 2365, 'rank': 2, 'fitness': 0.9817013056470303, 'generation': 33}","{'id': 2347, 'rank': 3, 'fitness': 0.9816728447370504, 'generation': 33}","{'id': 2367, 'rank': 4, 'fitness': 0.9815890038266539, 'generation': 33}","{'id': 2344, 'rank': 5, 'fitness': 0.9813720234811277, 'generation': 33}","{'id': 2344, 'rank': 6, 'fitness': 0.9813720234811277, 'generation': 33}","{'id': 2363, 'rank': 7, 'fitness': 0.9813024517595255, 'generation': 33}","{'id': 2358, 'rank': 8, 'fitness': 0.9807996808596529, 'generation': 33}","{'id': 2377, 'rank': 9, 'fitness': 0.9807505664822143, 'generation': 33}","{'id': 2379, 'rank': 10, 'fitness': 0.9802821084294657, 'generation': 33}","{'id': 2366, 'rank': 11, 'fitness': 0.9802573996673267, 'generation': 33}","{'id': 2368, 'rank': 12, 'fitness': 0.9802023788156021, 'generation': 33}","{'id': 2193, 'rank': 13, 'fitness': 0.9791438583967559, 'generation': 33}","{'id': 2193, 'rank': 14, 'fitness': 0.9791438583967559, 'generation': 33}","{'id': 2193, 'rank': 15, 'fitness': 0.9791438583967559, 'generation': 33}","{'id': 2371, 'rank': 16, 'fitness': 0.9783910842925432, 'generation': 33}","{'id': 2410, 'rank': 17, 'fitness': 0.9779490540707634, 'generation': 33}","{'id': 2331, 'rank': 18, 'fitness': 0.9773153445411151, 'generation': 33}","{'id': 2238, 'rank': 19, 'fitness': 0.9761772315735564, 'generation': 33}","{'id': 2238, 'rank': 20, 'fitness': 0.9761772315735564, 'generation': 33}","{'id': 2238, 'rank': 21, 'fitness': 0.9761772315735564, 'generation': 33}","{'id': 2374, 'rank': 22, 'fitness': 0.9735389279681195, 'generation': 33}","{'id': 2431, 'rank': 23, 'fitness': 0.9712103610982601, 'generation': 33}","{'id': 2343, 'rank': 24, 'fitness': 0.9710907263117398, 'generation': 33}","{'id': 2430, 'rank': 25, 'fitness': 0.966877309041414, 'generation': 33}","{'id': 2323, 'rank': 26, 'fitness': 0.9635716545713722, 'generation': 33}","{'id': 2394, 'rank': 27, 'fitness': 0.7726824101883173, 'generation': 33}","{'id': 2391, 'rank': 28, 'fitness': 0.42264934763393247, 'generation': 33}","{'id': 2403, 'rank': 29, 'fitness': 0.28722384484434915, 'generation': 33}","{'id': 2383, 'rank': 30, 'fitness': 0.01798620996209155, 'generation': 33}"
"{'id': 2508, 'rank': 1, 'fitness': 0.9820137900379085, 'generation': 34}","{'id': 2461, 'rank': 2, 'fitness': 0.9428760424779686, 'generation': 34}","{'id': 2478, 'rank': 3, 'fitness': 0.9307582802547236, 'generation': 34}","{'id': 2478, 'rank': 4, 'fitness': 0.9307582802547236, 'generation': 34}","{'id': 2446, 'rank': 5, 'fitness': 0.9110123924931829, 'generation': 34}","{'id': 2432, 'rank': 6, 'fitness': 0.8662793143010827, 'generation': 34}","{'id': 2497, 'rank': 7, 'fitness': 0.8455311765324669, 'generation': 34}","{'id': 2497, 'rank': 8, 'fitness': 0.8455311765324669, 'generation': 34}","{'id': 2347, 'rank': 9, 'fitness': 0.8169510834612161, 'generation': 34}","{'id': 2367, 'rank': 10, 'fitness': 0.8030134713781492, 'generation': 34}","{'id': 2367, 'rank': 11, 'fitness': 0.8030134713781492, 'generation': 34}","{'id': 2437, 'rank': 12, 'fitness': 0.80071022890193, 'generation': 34}","{'id': 2437, 'rank': 13, 'fitness': 0.80071022890193, 'generation': 34}","{'id': 2445, 'rank': 14, 'fitness': 0.7767581663379486, 'generation': 34}","{'id': 2344, 'rank': 15, 'fitness': 0.7636248207177901, 'generation': 34}","{'id': 2344, 'rank': 16, 'fitness': 0.7636248207177901, 'generation': 34}","{'id': 2344, 'rank': 17, 'fitness': 0.7636248207177901, 'generation': 34}","{'id': 2504, 'rank': 18, 'fitness': 0.7041227258079924, 'generation': 34}","{'id': 2440, 'rank': 19, 'fitness': 0.6701117505391104, 'generation': 34}","{'id': 2358, 'rank': 20, 'fitness': 0.6391523751386909, 'generation': 34}","{'id': 2494, 'rank': 21, 'fitness': 0.6123704966645938, 'generation': 34}","{'id': 2494, 'rank': 22, 'fitness': 0.6123704966645938, 'generation': 34}","{'id': 2443, 'rank': 23, 'fitness': 0.5320930878325051, 'generation': 34}","{'id': 2503, 'rank': 24, 'fitness': 0.5095951864588856, 'generation': 34}","{'id': 2476, 'rank': 25, 'fitness': 0.27632228277418425, 'generation': 34}","{'id': 2510, 'rank': 26, 'fitness': 0.08418599047181408, 'generation': 34}","{'id': 2450, 'rank': 27, 'fitness': 0.0509690780827291, 'generation': 34}","{'id': 2449, 'rank': 28, 'fitness': 0.035059087668599, 'generation': 34}","{'id': 2238, 'rank': 29, 'fitness': 0.023588133866869088, 'generation': 34}","{'id': 2484, 'rank': 30, 'fitness': 0.01798620996209155, 'generation': 34}"
"{'id': 2570, 'rank': 1, 'fitness': 0.9820137900379085, 'generation': 35}","{'id': 2515, 'rank': 2, 'fitness': 0.9723600164476969, 'generation': 35}","{'id': 2542, 'rank': 3, 'fitness': 0.9634918624175408, 'generation': 35}","{'id': 2543, 'rank': 4, 'fitness': 0.9620493835965698, 'generation': 35}","{'id': 2478, 'rank': 5, 'fitness': 0.9612542133396472, 'generation': 35}","{'id': 2478, 'rank': 6, 'fitness': 0.9612542133396472, 'generation': 35}","{'id': 2497, 'rank': 7, 'fitness': 0.9575194190944947, 'generation': 35}","{'id': 2516, 'rank': 8, 'fitness': 0.9567316847910767, 'generation': 35}","{'id': 2516, 'rank': 9, 'fitness': 0.9567316847910767, 'generation': 35}","{'id': 2367, 'rank': 10, 'fitness': 0.9562208877783055, 'generation': 35}","{'id': 2367, 'rank': 11, 'fitness': 0.9562208877783055, 'generation': 35}","{'id': 2437, 'rank': 12, 'fitness': 0.9561560502181093, 'generation': 35}","{'id': 2437, 'rank': 13, 'fitness': 0.9561560502181093, 'generation': 35}","{'id': 2437, 'rank': 14, 'fitness': 0.9561560502181093, 'generation': 35}","{'id': 2445, 'rank': 15, 'fitness': 0.9555076252334108, 'generation': 35}","{'id': 2504, 'rank': 16, 'fitness': 0.9537512970648858, 'generation': 35}","{'id': 2494, 'rank': 17, 'fitness': 0.9517830608845325, 'generation': 35}","{'id': 2575, 'rank': 18, 'fitness': 0.9517056118412279, 'generation': 35}","{'id': 2550, 'rank': 19, 'fitness': 0.9497580130894511, 'generation': 35}","{'id': 2550, 'rank': 20, 'fitness': 0.9497580130894511, 'generation': 35}","{'id': 2476, 'rank': 21, 'fitness': 0.9443290882915651, 'generation': 35}","{'id': 2510, 'rank': 22, 'fitness': 0.9357752339563796, 'generation': 35}","{'id': 2576, 'rank': 23, 'fitness': 0.916083857018863, 'generation': 35}","{'id': 2576, 'rank': 24, 'fitness': 0.916083857018863, 'generation': 35}","{'id': 2529, 'rank': 25, 'fitness': 0.7402504660858253, 'generation': 35}","{'id': 2557, 'rank': 26, 'fitness': 0.6565922985096484, 'generation': 35}","{'id': 2557, 'rank': 27, 'fitness': 0.6565922985096484, 'generation': 35}","{'id': 2558, 'rank': 28, 'fitness': 0.31097272737564136, 'generation': 35}","{'id': 2565, 'rank': 29, 'fitness': 0.11028547124623411, 'generation': 35}","{'id': 2527, 'rank': 30, 'fitness': 0.01798620996209155, 'generation': 35}"
"{'id': 2636, 'rank': 1, 'fitness': 0.9820137900379085, 'generation': 36}","{'id': 2635, 'rank': 2, 'fitness': 0.9766233165423877, 'generation': 36}","{'id': 2580, 'rank': 3, 'fitness': 0.9748714150752058, 'generation': 36}","{'id': 2585, 'rank': 4, 'fitness': 0.9702637114487644, 'generation': 36}","{'id': 2585, 'rank': 5, 'fitness': 0.9702637114487644, 'generation': 36}","{'id': 2478, 'rank': 6, 'fitness': 0.9656658809122323, 'generation': 36}","{'id': 2610, 'rank': 7, 'fitness': 0.9650319624907111, 'generation': 36}","{'id': 2601, 'rank': 8, 'fitness': 0.9645221865473133, 'generation': 36}","{'id': 2583, 'rank': 9, 'fitness': 0.9637849143014063, 'generation': 36}","{'id': 2640, 'rank': 10, 'fitness': 0.9636306468505673, 'generation': 36}","{'id': 2640, 'rank': 11, 'fitness': 0.9636306468505673, 'generation': 36}","{'id': 2437, 'rank': 12, 'fitness': 0.9631258713314594, 'generation': 36}","{'id': 2437, 'rank': 13, 'fitness': 0.9631258713314594, 'generation': 36}","{'id': 2611, 'rank': 14, 'fitness': 0.9626998199384584, 'generation': 36}","{'id': 2623, 'rank': 15, 'fitness': 0.9618582614674315, 'generation': 36}","{'id': 2623, 'rank': 16, 'fitness': 0.9618582614674315, 'generation': 36}","{'id': 2622, 'rank': 17, 'fitness': 0.9613023362192903, 'generation': 36}","{'id': 2608, 'rank': 18, 'fitness': 0.9608009072411026, 'generation': 36}","{'id': 2550, 'rank': 19, 'fitness': 0.9600990487612784, 'generation': 36}","{'id': 2588, 'rank': 20, 'fitness': 0.959776003657115, 'generation': 36}","{'id': 2613, 'rank': 21, 'fitness': 0.9592256637464076, 'generation': 36}","{'id': 2476, 'rank': 22, 'fitness': 0.9576474869427103, 'generation': 36}","{'id': 2510, 'rank': 23, 'fitness': 0.9539634555501575, 'generation': 36}","{'id': 2579, 'rank': 24, 'fitness': 0.9537252789118833, 'generation': 36}","{'id': 2612, 'rank': 25, 'fitness': 0.9528733078316842, 'generation': 36}","{'id': 2594, 'rank': 26, 'fitness': 0.9514994888559112, 'generation': 36}","{'id': 2576, 'rank': 27, 'fitness': 0.9461135966888067, 'generation': 36}","{'id': 2582, 'rank': 28, 'fitness': 0.9353989399190958, 'generation': 36}","{'id': 2582, 'rank': 29, 'fitness': 0.9353989399190958, 'generation': 36}","{'id': 2605, 'rank': 30, 'fitness': 0.01798620996209155, 'generation': 36}"
"{'id': 2750, 'rank': 1, 'fitness': 0.9820137900379085, 'generation': 37}","{'id': 2752, 'rank': 2, 'fitness': 0.9735868162511427, 'generation': 37}","{'id': 2635, 'rank': 3, 'fitness': 0.904576224405631, 'generation': 37}","{'id': 2652, 'rank': 4, 'fitness': 0.8579887076118412, 'generation': 37}","{'id': 2651, 'rank': 5, 'fitness': 0.8545931414814905, 'generation': 37}","{'id': 2654, 'rank': 6, 'fitness': 0.7817243437937624, 'generation': 37}","{'id': 2737, 'rank': 7, 'fitness': 0.7726876465036301, 'generation': 37}","{'id': 2585, 'rank': 8, 'fitness': 0.657021144925189, 'generation': 37}","{'id': 2585, 'rank': 9, 'fitness': 0.657021144925189, 'generation': 37}","{'id': 2659, 'rank': 10, 'fitness': 0.6124895997091264, 'generation': 37}","{'id': 2742, 'rank': 11, 'fitness': 0.4663688849934496, 'generation': 37}","{'id': 2742, 'rank': 12, 'fitness': 0.4663688849934496, 'generation': 37}","{'id': 2680, 'rank': 13, 'fitness': 0.4309143713461596, 'generation': 37}","{'id': 2478, 'rank': 14, 'fitness': 0.42290540533058163, 'generation': 37}","{'id': 2478, 'rank': 15, 'fitness': 0.42290540533058163, 'generation': 37}","{'id': 2683, 'rank': 16, 'fitness': 0.3697542901728445, 'generation': 37}","{'id': 2683, 'rank': 17, 'fitness': 0.3697542901728445, 'generation': 37}","{'id': 2716, 'rank': 18, 'fitness': 0.3629144663797044, 'generation': 37}","{'id': 2678, 'rank': 19, 'fitness': 0.3152124180449139, 'generation': 37}","{'id': 2677, 'rank': 20, 'fitness': 0.30235615701377305, 'generation': 37}","{'id': 2735, 'rank': 21, 'fitness': 0.28712229001640066, 'generation': 37}","{'id': 2689, 'rank': 22, 'fitness': 0.14519502199565415, 'generation': 37}","{'id': 2726, 'rank': 23, 'fitness': 0.13258004631435172, 'generation': 37}","{'id': 2668, 'rank': 24, 'fitness': 0.10160941841062499, 'generation': 37}","{'id': 2668, 'rank': 25, 'fitness': 0.10160941841062499, 'generation': 37}","{'id': 2732, 'rank': 26, 'fitness': 0.09513642869682215, 'generation': 37}","{'id': 2510, 'rank': 27, 'fitness': 0.09217949561781186, 'generation': 37}","{'id': 2579, 'rank': 28, 'fitness': 0.08929198043184655, 'generation': 37}","{'id': 2747, 'rank': 29, 'fitness': 0.01798620996209155, 'generation': 37}","{'id': 2747, 'rank': 30, 'fitness': 0.01798620996209155, 'generation': 37}"
"{'id': 2777, 'rank': 1, 'fitness': 0.9820137900379085, 'generation': 38}","{'id': 2794, 'rank': 2, 'fitness': 0.9815959137312438, 'generation': 38}","{'id': 2793, 'rank': 3, 'fitness': 0.9805389968857611, 'generation': 38}","{'id': 2778, 'rank': 4, 'fitness': 0.9800848156127426, 'generation': 38}","{'id': 2635, 'rank': 5, 'fitness': 0.9793992799675246, 'generation': 38}","{'id': 2652, 'rank': 6, 'fitness': 0.9788517681231267, 'generation': 38}","{'id': 2652, 'rank': 7, 'fitness': 0.9788517681231267, 'generation': 38}","{'id': 2652, 'rank': 8, 'fitness': 0.9788517681231267, 'generation': 38}","{'id': 2651, 'rank': 9, 'fitness': 0.9788177688660915, 'generation': 38}","{'id': 2651, 'rank': 10, 'fitness': 0.9788177688660915, 'generation': 38}","{'id': 2585, 'rank': 11, 'fitness': 0.9773904116992809, 'generation': 38}","{'id': 2742, 'rank': 12, 'fitness': 0.9763357227892276, 'generation': 38}","{'id': 2742, 'rank': 13, 'fitness': 0.9763357227892276, 'generation': 38}","{'id': 2478, 'rank': 14, 'fitness': 0.9760924986637411, 'generation': 38}","{'id': 2716, 'rank': 15, 'fitness': 0.975740427445233, 'generation': 38}","{'id': 2735, 'rank': 16, 'fitness': 0.9752475878562235, 'generation': 38}","{'id': 2766, 'rank': 17, 'fitness': 0.9743364697046796, 'generation': 38}","{'id': 2765, 'rank': 18, 'fitness': 0.9739726449201054, 'generation': 38}","{'id': 2668, 'rank': 19, 'fitness': 0.9733572708486095, 'generation': 38}","{'id': 2579, 'rank': 20, 'fitness': 0.9731360799830673, 'generation': 38}","{'id': 2747, 'rank': 21, 'fitness': 0.9704008659720371, 'generation': 38}","{'id': 2768, 'rank': 22, 'fitness': 0.9611913307487729, 'generation': 38}","{'id': 2774, 'rank': 23, 'fitness': 0.959998433214141, 'generation': 38}","{'id': 2782, 'rank': 24, 'fitness': 0.9471576501553213, 'generation': 38}","{'id': 2755, 'rank': 25, 'fitness': 0.7552906378841033, 'generation': 38}","{'id': 2756, 'rank': 26, 'fitness': 0.7465401059045924, 'generation': 38}","{'id': 2781, 'rank': 27, 'fitness': 0.7453518337852543, 'generation': 38}","{'id': 2785, 'rank': 28, 'fitness': 0.3795547281460421, 'generation': 38}","{'id': 2786, 'rank': 29, 'fitness': 0.17024011922518528, 'generation': 38}","{'id': 2757, 'rank': 30, 'fitness': 0.01798620996209155, 'generation': 38}"
"{'id': 2847, 'rank': 1, 'fitness': 0.9820137900379085, 'generation': 39}","{'id': 2846, 'rank': 2, 'fitness': 0.96394266350991, 'generation': 39}","{'id': 2817, 'rank': 3, 'fitness': 0.9608775881426754, 'generation': 39}","{'id': 2845, 'rank': 4, 'fitness': 0.9582339421515604, 'generation': 39}","{'id': 2854, 'rank': 5, 'fitness': 0.9534721962838487, 'generation': 39}","{'id': 2778, 'rank': 6, 'fitness': 0.9459645932979601, 'generation': 39}","{'id': 2808, 'rank': 7, 'fitness': 0.9426051440529906, 'generation': 39}","{'id': 2856, 'rank': 8, 'fitness': 0.9405975421493049, 'generation': 39}","{'id': 2880, 'rank': 9, 'fitness': 0.9356677323393491, 'generation': 39}","{'id': 2880, 'rank': 10, 'fitness': 0.9356677323393491, 'generation': 39}","{'id': 2880, 'rank': 11, 'fitness': 0.9356677323393491, 'generation': 39}","{'id': 2884, 'rank': 12, 'fitness': 0.9214148150925274, 'generation': 39}","{'id': 2877, 'rank': 13, 'fitness': 0.9206836598465042, 'generation': 39}","{'id': 2852, 'rank': 14, 'fitness': 0.919241621577447, 'generation': 39}","{'id': 2652, 'rank': 15, 'fitness': 0.9165898129505781, 'generation': 39}","{'id': 2651, 'rank': 16, 'fitness': 0.9156322277267884, 'generation': 39}","{'id': 2844, 'rank': 17, 'fitness': 0.9151176831979106, 'generation': 39}","{'id': 2882, 'rank': 18, 'fitness': 0.8953994507128402, 'generation': 39}","{'id': 2823, 'rank': 19, 'fitness': 0.8782256517416327, 'generation': 39}","{'id': 2820, 'rank': 20, 'fitness': 0.8669064380997636, 'generation': 39}","{'id': 2820, 'rank': 21, 'fitness': 0.8669064380997636, 'generation': 39}","{'id': 2883, 'rank': 22, 'fitness': 0.8412501067179046, 'generation': 39}","{'id': 2883, 'rank': 23, 'fitness': 0.8412501067179046, 'generation': 39}","{'id': 2886, 'rank': 24, 'fitness': 0.8334562447030419, 'generation': 39}","{'id': 2742, 'rank': 25, 'fitness': 0.8211061258338441, 'generation': 39}","{'id': 2478, 'rank': 26, 'fitness': 0.8091240377498106, 'generation': 39}","{'id': 2892, 'rank': 27, 'fitness': 0.7774054488196676, 'generation': 39}","{'id': 2864, 'rank': 28, 'fitness': 0.6845000177967081, 'generation': 39}","{'id': 2861, 'rank': 29, 'fitness': 0.6454538939435558, 'generation': 39}","{'id': 2829, 'rank': 30, 'fitness': 0.01798620996209155, 'generation': 39}"
"{'id': 2944, 'rank': 1, 'fitness': 0.9820137900379085, 'generation': 40}","{'id': 2944, 'rank': 2, 'fitness': 0.9820137900379085, 'generation': 40}","{'id': 2937, 'rank': 3, 'fitness': 0.9630115287297851, 'generation': 40}","{'id': 2968, 'rank': 4, 'fitness': 0.9380756293945578, 'generation': 40}","{'id': 2968, 'rank': 5, 'fitness': 0.9380756293945578, 'generation': 40}","{'id': 2915, 'rank': 6, 'fitness': 0.8298899604491514, 'generation': 40}","{'id': 2845, 'rank': 7, 'fitness': 0.7844589773069959, 'generation': 40}","{'id': 2916, 'rank': 8, 'fitness': 0.7479363054150758, 'generation': 40}","{'id': 2854, 'rank': 9, 'fitness': 0.7450141253613922, 'generation': 40}","{'id': 2930, 'rank': 10, 'fitness': 0.7428749287579606, 'generation': 40}","{'id': 2778, 'rank': 11, 'fitness': 0.6826370860093016, 'generation': 40}","{'id': 2880, 'rank': 12, 'fitness': 0.5999933842576362, 'generation': 40}","{'id': 2880, 'rank': 13, 'fitness': 0.5999933842576362, 'generation': 40}","{'id': 2958, 'rank': 14, 'fitness': 0.5937458911521412, 'generation': 40}","{'id': 2958, 'rank': 15, 'fitness': 0.5937458911521412, 'generation': 40}","{'id': 2877, 'rank': 16, 'fitness': 0.49171541822965165, 'generation': 40}","{'id': 2651, 'rank': 17, 'fitness': 0.4591144917116152, 'generation': 40}","{'id': 2928, 'rank': 18, 'fitness': 0.41138850705580815, 'generation': 40}","{'id': 2882, 'rank': 19, 'fitness': 0.3485547380624523, 'generation': 40}","{'id': 2927, 'rank': 20, 'fitness': 0.2785954327708866, 'generation': 40}","{'id': 2823, 'rank': 21, 'fitness': 0.2771400155213332, 'generation': 40}","{'id': 2943, 'rank': 22, 'fitness': 0.25517631384524797, 'generation': 40}","{'id': 2949, 'rank': 23, 'fitness': 0.18829292775395257, 'generation': 40}","{'id': 2950, 'rank': 24, 'fitness': 0.17218858469045056, 'generation': 40}","{'id': 2886, 'rank': 25, 'fitness': 0.15851725210367018, 'generation': 40}","{'id': 2909, 'rank': 26, 'fitness': 0.11715164390361715, 'generation': 40}","{'id': 2896, 'rank': 27, 'fitness': 0.11093125470804477, 'generation': 40}","{'id': 2896, 'rank': 28, 'fitness': 0.11093125470804477, 'generation': 40}","{'id': 2897, 'rank': 29, 'fitness': 0.027234786750468254, 'generation': 40}","{'id': 2906, 'rank': 30, 'fitness': 0.01798620996209155, 'generation': 40}"
"{'id': 3011, 'rank': 1, 'fitness': 0.9820137900379085, 'generation': 41}","{'id': 3011, 'rank': 2, 'fitness': 0.9820137900379085, 'generation': 41}","{'id': 2975, 'rank': 3, 'fitness': 0.9807727927872905, 'generation': 41}","{'id': 2968, 'rank': 4, 'fitness': 0.9791276518671825, 'generation': 41}","{'id': 2968, 'rank': 5, 'fitness': 0.9791276518671825, 'generation': 41}","{'id': 2993, 'rank': 6, 'fitness': 0.9772962617673624, 'generation': 41}","{'id': 2915, 'rank': 7, 'fitness': 0.9767383818608486, 'generation': 41}","{'id': 2977, 'rank': 8, 'fitness': 0.9764825973570403, 'generation': 41}","{'id': 2977, 'rank': 9, 'fitness': 0.9764825973570403, 'generation': 41}","{'id': 2977, 'rank': 10, 'fitness': 0.9764825973570403, 'generation': 41}","{'id': 2845, 'rank': 11, 'fitness': 0.9760782829331648, 'generation': 41}","{'id': 2916, 'rank': 12, 'fitness': 0.975607463250799, 'generation': 41}","{'id': 2916, 'rank': 13, 'fitness': 0.975607463250799, 'generation': 41}","{'id': 2854, 'rank': 14, 'fitness': 0.9755714973343133, 'generation': 41}","{'id': 2930, 'rank': 15, 'fitness': 0.9755453074819624, 'generation': 41}","{'id': 2778, 'rank': 16, 'fitness': 0.9748473247825211, 'generation': 41}","{'id': 2880, 'rank': 17, 'fitness': 0.9739681793123514, 'generation': 41}","{'id': 2880, 'rank': 18, 'fitness': 0.9739681793123514, 'generation': 41}","{'id': 2880, 'rank': 19, 'fitness': 0.9739681793123514, 'generation': 41}","{'id': 2928, 'rank': 20, 'fitness': 0.972005862343453, 'generation': 41}","{'id': 2927, 'rank': 21, 'fitness': 0.970383112059489, 'generation': 41}","{'id': 2949, 'rank': 22, 'fitness': 0.9689162683049412, 'generation': 41}","{'id': 2886, 'rank': 23, 'fitness': 0.9682971939189244, 'generation': 41}","{'id': 2896, 'rank': 24, 'fitness': 0.9670366770344965, 'generation': 41}","{'id': 2973, 'rank': 25, 'fitness': 0.949070800788304, 'generation': 41}","{'id': 2970, 'rank': 26, 'fitness': 0.8035226865606864, 'generation': 41}","{'id': 3000, 'rank': 27, 'fitness': 0.27197561228818024, 'generation': 41}","{'id': 3007, 'rank': 28, 'fitness': 0.15128250366764429, 'generation': 41}","{'id': 2986, 'rank': 29, 'fitness': 0.09290406740534252, 'generation': 41}","{'id': 2998, 'rank': 30, 'fitness': 0.01798620996209155, 'generation': 41}"
"{'id': 3056, 'rank': 1, 'fitness': 0.9820137900379085, 'generation': 42}","{'id': 3061, 'rank': 2, 'fitness': 0.9814713270757363, 'generation': 42}","{'id': 3057, 'rank': 3, 'fitness': 0.9793246166592693, 'generation': 42}","{'id': 3057, 'rank': 4, 'fitness': 0.9793246166592693, 'generation': 42}","{'id': 3054, 'rank': 5, 'fitness': 0.9761573161280601, 'generation': 42}","{'id': 3011, 'rank': 6, 'fitness': 0.9699314930466968, 'generation': 42}","{'id': 3011, 'rank': 7, 'fitness': 0.9699314930466968, 'generation': 42}","{'id': 3055, 'rank': 8, 'fitness': 0.9663671388858637, 'generation': 42}","{'id': 3055, 'rank': 9, 'fitness': 0.9663671388858637, 'generation': 42}","{'id': 3050, 'rank': 10, 'fitness': 0.9322812992493237, 'generation': 42}","{'id': 3050, 'rank': 11, 'fitness': 0.9322812992493237, 'generation': 42}","{'id': 3089, 'rank': 12, 'fitness': 0.9205902190090244, 'generation': 42}","{'id': 2968, 'rank': 13, 'fitness': 0.9182342585144277, 'generation': 42}","{'id': 3088, 'rank': 14, 'fitness': 0.860913289927576, 'generation': 42}","{'id': 3042, 'rank': 15, 'fitness': 0.8423833458322885, 'generation': 42}","{'id': 3042, 'rank': 16, 'fitness': 0.8423833458322885, 'generation': 42}","{'id': 2845, 'rank': 17, 'fitness': 0.8098193572699905, 'generation': 42}","{'id': 2916, 'rank': 18, 'fitness': 0.787508498127397, 'generation': 42}","{'id': 2854, 'rank': 19, 'fitness': 0.785746108734479, 'generation': 42}","{'id': 2930, 'rank': 20, 'fitness': 0.784457690968714, 'generation': 42}","{'id': 3048, 'rank': 21, 'fitness': 0.7703529208901005, 'generation': 42}","{'id': 3040, 'rank': 22, 'fitness': 0.7661405844563016, 'generation': 42}","{'id': 3079, 'rank': 23, 'fitness': 0.7263530633177092, 'generation': 42}","{'id': 3021, 'rank': 24, 'fitness': 0.7211680308609298, 'generation': 42}","{'id': 3077, 'rank': 25, 'fitness': 0.6822732125237712, 'generation': 42}","{'id': 3078, 'rank': 26, 'fitness': 0.37918227663031123, 'generation': 42}","{'id': 3032, 'rank': 27, 'fitness': 0.31481358332091985, 'generation': 42}","{'id': 2896, 'rank': 28, 'fitness': 0.3004953333395428, 'generation': 42}","{'id': 3045, 'rank': 29, 'fitness': 0.20144483021918608, 'generation': 42}","{'id': 2973, 'rank': 30, 'fitness': 0.01798620996209155, 'generation': 42}"
"{'id': 3153, 'rank': 1, 'fitness': 0.9820137900379085, 'generation': 43}","{'id': 3056, 'rank': 2, 'fitness': 0.9818991322605608, 'generation': 43}","{'id': 3056, 'rank': 3, 'fitness': 0.9818991322605608, 'generation': 43}","{'id': 3120, 'rank': 4, 'fitness': 0.9815096475129239, 'generation': 43}","{'id': 3054, 'rank': 5, 'fitness': 0.9807858709994903, 'generation': 43}","{'id': 3105, 'rank': 6, 'fitness': 0.9802893926866054, 'generation': 43}","{'id': 3011, 'rank': 7, 'fitness': 0.9798132791862926, 'generation': 43}","{'id': 3011, 'rank': 8, 'fitness': 0.9798132791862926, 'generation': 43}","{'id': 3011, 'rank': 9, 'fitness': 0.9798132791862926, 'generation': 43}","{'id': 3106, 'rank': 10, 'fitness': 0.979721867764789, 'generation': 43}","{'id': 3151, 'rank': 11, 'fitness': 0.9785739866199294, 'generation': 43}","{'id': 3148, 'rank': 12, 'fitness': 0.9780536351587248, 'generation': 43}","{'id': 3108, 'rank': 13, 'fitness': 0.9772313254256486, 'generation': 43}","{'id': 3109, 'rank': 14, 'fitness': 0.9761075282112349, 'generation': 43}","{'id': 3050, 'rank': 15, 'fitness': 0.9759301114669814, 'generation': 43}","{'id': 3050, 'rank': 16, 'fitness': 0.9759301114669814, 'generation': 43}","{'id': 3050, 'rank': 17, 'fitness': 0.9759301114669814, 'generation': 43}","{'id': 3050, 'rank': 18, 'fitness': 0.9759301114669814, 'generation': 43}","{'id': 3088, 'rank': 19, 'fitness': 0.9716268798813611, 'generation': 43}","{'id': 3042, 'rank': 20, 'fitness': 0.9707590073797269, 'generation': 43}","{'id': 3147, 'rank': 21, 'fitness': 0.9702157324074975, 'generation': 43}","{'id': 2854, 'rank': 22, 'fitness': 0.9684136917055045, 'generation': 43}","{'id': 3101, 'rank': 23, 'fitness': 0.9631350957909974, 'generation': 43}","{'id': 3101, 'rank': 24, 'fitness': 0.9631350957909974, 'generation': 43}","{'id': 3118, 'rank': 25, 'fitness': 0.9575725293039865, 'generation': 43}","{'id': 3119, 'rank': 26, 'fitness': 0.9538072266645043, 'generation': 43}","{'id': 3145, 'rank': 27, 'fitness': 0.9344924452045655, 'generation': 43}","{'id': 2973, 'rank': 28, 'fitness': 0.9091427943141085, 'generation': 43}","{'id': 2973, 'rank': 29, 'fitness': 0.9091427943141085, 'generation': 43}","{'id': 3134, 'rank': 30, 'fitness': 0.01798620996209155, 'generation': 43}"
"{'id': 3189, 'rank': 1, 'fitness': 0.9820137900379085, 'generation': 44}","{'id': 3210, 'rank': 2, 'fitness': 0.9785824871671134, 'generation': 44}","{'id': 3210, 'rank': 3, 'fitness': 0.9785824871671134, 'generation': 44}","{'id': 3212, 'rank': 4, 'fitness': 0.9732848961948983, 'generation': 44}","{'id': 3170, 'rank': 5, 'fitness': 0.9686803849893308, 'generation': 44}","{'id': 3170, 'rank': 6, 'fitness': 0.9686803849893308, 'generation': 44}","{'id': 3170, 'rank': 7, 'fitness': 0.9686803849893308, 'generation': 44}","{'id': 3153, 'rank': 8, 'fitness': 0.9643368090422824, 'generation': 44}","{'id': 3056, 'rank': 9, 'fitness': 0.9626807779232021, 'generation': 44}","{'id': 3056, 'rank': 10, 'fitness': 0.9626807779232021, 'generation': 44}","{'id': 3179, 'rank': 11, 'fitness': 0.9531287771349619, 'generation': 44}","{'id': 3054, 'rank': 12, 'fitness': 0.9430779945533332, 'generation': 44}","{'id': 3216, 'rank': 13, 'fitness': 0.9208397481075188, 'generation': 44}","{'id': 3157, 'rank': 14, 'fitness': 0.9157619612393668, 'generation': 44}","{'id': 3181, 'rank': 15, 'fitness': 0.9141513340424798, 'generation': 44}","{'id': 3195, 'rank': 16, 'fitness': 0.9118765273420346, 'generation': 44}","{'id': 3175, 'rank': 17, 'fitness': 0.9115610870921546, 'generation': 44}","{'id': 3151, 'rank': 18, 'fitness': 0.8805712637983829, 'generation': 44}","{'id': 3219, 'rank': 19, 'fitness': 0.8101485820679406, 'generation': 44}","{'id': 3166, 'rank': 20, 'fitness': 0.805649736231927, 'generation': 44}","{'id': 3050, 'rank': 21, 'fitness': 0.7560486153392351, 'generation': 44}","{'id': 3164, 'rank': 22, 'fitness': 0.7539581583540502, 'generation': 44}","{'id': 3164, 'rank': 23, 'fitness': 0.7539581583540502, 'generation': 44}","{'id': 3165, 'rank': 24, 'fitness': 0.6006161647139929, 'generation': 44}","{'id': 3176, 'rank': 25, 'fitness': 0.5328973969151526, 'generation': 44}","{'id': 3088, 'rank': 26, 'fitness': 0.47542488710424174, 'generation': 44}","{'id': 3192, 'rank': 27, 'fitness': 0.31733490864916103, 'generation': 44}","{'id': 3191, 'rank': 28, 'fitness': 0.24752603980722726, 'generation': 44}","{'id': 3223, 'rank': 29, 'fitness': 0.1255854658735504, 'generation': 44}","{'id': 3200, 'rank': 30, 'fitness': 0.01798620996209155, 'generation': 44}"
"{'id': 3282, 'rank': 1, 'fitness': 0.9820137900379085, 'generation': 45}","{'id': 3282, 'rank': 2, 'fitness': 0.9820137900379085, 'generation': 45}","{'id': 3282, 'rank': 3, 'fitness': 0.9820137900379085, 'generation': 45}","{'id': 3265, 'rank': 4, 'fitness': 0.9792526525077755, 'generation': 45}","{'id': 3265, 'rank': 5, 'fitness': 0.9792526525077755, 'generation': 45}","{'id': 3278, 'rank': 6, 'fitness': 0.9791594806808595, 'generation': 45}","{'id': 3270, 'rank': 7, 'fitness': 0.9769939883330214, 'generation': 45}","{'id': 3252, 'rank': 8, 'fitness': 0.9763639976724885, 'generation': 45}","{'id': 3210, 'rank': 9, 'fitness': 0.9752743096628522, 'generation': 45}","{'id': 3243, 'rank': 10, 'fitness': 0.9738520606572938, 'generation': 45}","{'id': 3306, 'rank': 11, 'fitness': 0.9722772515635005, 'generation': 45}","{'id': 3212, 'rank': 12, 'fitness': 0.9720258058108393, 'generation': 45}","{'id': 3276, 'rank': 13, 'fitness': 0.9719654637569541, 'generation': 45}","{'id': 3307, 'rank': 14, 'fitness': 0.9700331030423868, 'generation': 45}","{'id': 3153, 'rank': 15, 'fitness': 0.9671116460139864, 'generation': 45}","{'id': 3179, 'rank': 16, 'fitness': 0.9616410428297336, 'generation': 45}","{'id': 3248, 'rank': 17, 'fitness': 0.9573369579393152, 'generation': 45}","{'id': 3248, 'rank': 18, 'fitness': 0.9573369579393152, 'generation': 45}","{'id': 3296, 'rank': 19, 'fitness': 0.9561954333511796, 'generation': 45}","{'id': 3296, 'rank': 20, 'fitness': 0.9561954333511796, 'generation': 45}","{'id': 3296, 'rank': 21, 'fitness': 0.9561954333511796, 'generation': 45}","{'id': 3238, 'rank': 22, 'fitness': 0.9339826060296013, 'generation': 45}","{'id': 3251, 'rank': 23, 'fitness': 0.9311334143442407, 'generation': 45}","{'id': 3297, 'rank': 24, 'fitness': 0.9309846934350344, 'generation': 45}","{'id': 3272, 'rank': 25, 'fitness': 0.9048423137389068, 'generation': 45}","{'id': 3164, 'rank': 26, 'fitness': 0.896797760102992, 'generation': 45}","{'id': 3088, 'rank': 27, 'fitness': 0.8145918903778169, 'generation': 45}","{'id': 3302, 'rank': 28, 'fitness': 0.7908936953206318, 'generation': 45}","{'id': 3237, 'rank': 29, 'fitness': 0.5411149355689171, 'generation': 45}","{'id': 3236, 'rank': 30, 'fitness': 0.01798620996209155, 'generation': 45}"
"{'id': 3362, 'rank': 1, 'fitness': 0.9820137900379085, 'generation': 46}","{'id': 3362, 'rank': 2, 'fitness': 0.9820137900379085, 'generation': 46}","{'id': 3351, 'rank': 3, 'fitness': 0.978530725306073, 'generation': 46}","{'id': 3333, 'rank': 4, 'fitness': 0.9767216018577207, 'generation': 46}","{'id': 3325, 'rank': 5, 'fitness': 0.9761722836455252, 'generation': 46}","{'id': 3282, 'rank': 6, 'fitness': 0.9747612041035469, 'generation': 46}","{'id': 3282, 'rank': 7, 'fitness': 0.9747612041035469, 'generation': 46}","{'id': 3282, 'rank': 8, 'fitness': 0.9747612041035469, 'generation': 46}","{'id': 3332, 'rank': 9, 'fitness': 0.9747128628036215, 'generation': 46}","{'id': 3332, 'rank': 10, 'fitness': 0.9747128628036215, 'generation': 46}","{'id': 3322, 'rank': 11, 'fitness': 0.972570813929253, 'generation': 46}","{'id': 3348, 'rank': 12, 'fitness': 0.972279670846912, 'generation': 46}","{'id': 3265, 'rank': 13, 'fitness': 0.9717419989480052, 'generation': 46}","{'id': 3265, 'rank': 14, 'fitness': 0.9717419989480052, 'generation': 46}","{'id': 3278, 'rank': 15, 'fitness': 0.9716416560627904, 'generation': 46}","{'id': 3321, 'rank': 16, 'fitness': 0.9705302527814231, 'generation': 46}","{'id': 3393, 'rank': 17, 'fitness': 0.969907264010008, 'generation': 46}","{'id': 3343, 'rank': 18, 'fitness': 0.9685867153954874, 'generation': 46}","{'id': 3343, 'rank': 19, 'fitness': 0.9685867153954874, 'generation': 46}","{'id': 3390, 'rank': 20, 'fitness': 0.9682458331706901, 'generation': 46}","{'id': 3210, 'rank': 21, 'fitness': 0.9675359252686282, 'generation': 46}","{'id': 3210, 'rank': 22, 'fitness': 0.9675359252686282, 'generation': 46}","{'id': 3243, 'rank': 23, 'fitness': 0.9660677830309632, 'generation': 46}","{'id': 3212, 'rank': 24, 'fitness': 0.9642069246494258, 'generation': 46}","{'id': 3355, 'rank': 25, 'fitness': 0.962182545140322, 'generation': 46}","{'id': 3352, 'rank': 26, 'fitness': 0.952214351133398, 'generation': 46}","{'id': 3381, 'rank': 27, 'fitness': 0.950942926433954, 'generation': 46}","{'id': 3297, 'rank': 28, 'fitness': 0.9268475987366508, 'generation': 46}","{'id': 3394, 'rank': 29, 'fitness': 0.9208977881232097, 'generation': 46}","{'id': 3374, 'rank': 30, 'fitness': 0.01798620996209155, 'generation': 46}"
"{'id': 3485, 'rank': 1, 'fitness': 0.9820137900379085, 'generation': 47}","{'id': 3461, 'rank': 2, 'fitness': 0.9812201813272741, 'generation': 47}","{'id': 3412, 'rank': 3, 'fitness': 0.9619120545791718, 'generation': 47}","{'id': 3362, 'rank': 4, 'fitness': 0.9597048027663455, 'generation': 47}","{'id': 3436, 'rank': 5, 'fitness': 0.8607616451035206, 'generation': 47}","{'id': 3424, 'rank': 6, 'fitness': 0.8072890985033281, 'generation': 47}","{'id': 3401, 'rank': 7, 'fitness': 0.7839040222154455, 'generation': 47}","{'id': 3483, 'rank': 8, 'fitness': 0.7764835190004327, 'generation': 47}","{'id': 3483, 'rank': 9, 'fitness': 0.7764835190004327, 'generation': 47}","{'id': 3332, 'rank': 10, 'fitness': 0.6583737569025405, 'generation': 47}","{'id': 3427, 'rank': 11, 'fitness': 0.5437962075281251, 'generation': 47}","{'id': 3427, 'rank': 12, 'fitness': 0.5437962075281251, 'generation': 47}","{'id': 3430, 'rank': 13, 'fitness': 0.5124973667077309, 'generation': 47}","{'id': 3430, 'rank': 14, 'fitness': 0.5124973667077309, 'generation': 47}","{'id': 3411, 'rank': 15, 'fitness': 0.5082612010451175, 'generation': 47}","{'id': 3348, 'rank': 16, 'fitness': 0.49363137686277847, 'generation': 47}","{'id': 3431, 'rank': 17, 'fitness': 0.4798406162326101, 'generation': 47}","{'id': 3409, 'rank': 18, 'fitness': 0.4651431629422859, 'generation': 47}","{'id': 3409, 'rank': 19, 'fitness': 0.4651431629422859, 'generation': 47}","{'id': 3466, 'rank': 20, 'fitness': 0.3650806890482746, 'generation': 47}","{'id': 3466, 'rank': 21, 'fitness': 0.3650806890482746, 'generation': 47}","{'id': 3406, 'rank': 22, 'fitness': 0.3579465854879245, 'generation': 47}","{'id': 3440, 'rank': 23, 'fitness': 0.34229814104152473, 'generation': 47}","{'id': 3468, 'rank': 24, 'fitness': 0.27170740722503084, 'generation': 47}","{'id': 3400, 'rank': 25, 'fitness': 0.08714046018502808, 'generation': 47}","{'id': 3400, 'rank': 26, 'fitness': 0.08714046018502808, 'generation': 47}","{'id': 3477, 'rank': 27, 'fitness': 0.0860599312854321, 'generation': 47}","{'id': 3438, 'rank': 28, 'fitness': 0.07358439388240273, 'generation': 47}","{'id': 3445, 'rank': 29, 'fitness': 0.06108721968363062, 'generation': 47}","{'id': 3456, 'rank': 30, 'fitness': 0.01798620996209155, 'generation': 47}"
"{'id': 3485, 'rank': 1, 'fitness': 0.9820137900379085, 'generation': 48}","{'id': 3485, 'rank': 2, 'fitness': 0.9820137900379085, 'generation': 48}","{'id': 3461, 'rank': 3, 'fitness': 0.9819913507174733, 'generation': 48}","{'id': 3412, 'rank': 4, 'fitness': 0.9816164741929039, 'generation': 48}","{'id': 3412, 'rank': 5, 'fitness': 0.9816164741929039, 'generation': 48}","{'id': 3509, 'rank': 6, 'fitness': 0.9810841566677764, 'generation': 48}","{'id': 3509, 'rank': 7, 'fitness': 0.9810841566677764, 'generation': 48}","{'id': 3436, 'rank': 8, 'fitness': 0.9808688559996381, 'generation': 48}","{'id': 3507, 'rank': 9, 'fitness': 0.9807875331078759, 'generation': 48}","{'id': 3401, 'rank': 10, 'fitness': 0.9805779700575765, 'generation': 48}","{'id': 3401, 'rank': 11, 'fitness': 0.9805779700575765, 'generation': 48}","{'id': 3483, 'rank': 12, 'fitness': 0.9805541669286006, 'generation': 48}","{'id': 3543, 'rank': 13, 'fitness': 0.9802573019901817, 'generation': 48}","{'id': 3427, 'rank': 14, 'fitness': 0.9799566202006438, 'generation': 48}","{'id': 3427, 'rank': 15, 'fitness': 0.9799566202006438, 'generation': 48}","{'id': 3430, 'rank': 16, 'fitness': 0.9798852663331045, 'generation': 48}","{'id': 3430, 'rank': 17, 'fitness': 0.9798852663331045, 'generation': 48}","{'id': 3348, 'rank': 18, 'fitness': 0.9798422806473907, 'generation': 48}","{'id': 3431, 'rank': 19, 'fitness': 0.9798107825699074, 'generation': 48}","{'id': 3409, 'rank': 20, 'fitness': 0.9797770818188497, 'generation': 48}","{'id': 3406, 'rank': 21, 'fitness': 0.9795212097333807, 'generation': 48}","{'id': 3521, 'rank': 22, 'fitness': 0.9755449779365106, 'generation': 48}","{'id': 3521, 'rank': 23, 'fitness': 0.9755449779365106, 'generation': 48}","{'id': 3519, 'rank': 24, 'fitness': 0.9461578739422813, 'generation': 48}","{'id': 3505, 'rank': 25, 'fitness': 0.9331263572876562, 'generation': 48}","{'id': 3505, 'rank': 26, 'fitness': 0.9331263572876562, 'generation': 48}","{'id': 3506, 'rank': 27, 'fitness': 0.896780617773004, 'generation': 48}","{'id': 3524, 'rank': 28, 'fitness': 0.10009792613947205, 'generation': 48}","{'id': 3537, 'rank': 29, 'fitness': 0.01995119461562722, 'generation': 48}","{'id': 3517, 'rank': 30, 'fitness': 0.01798620996209155, 'generation': 48}"
"{'id': 3548, 'rank': 1, 'fitness': 0.9820137900379085, 'generation': 49}","{'id': 3595, 'rank': 2, 'fitness': 0.9814247690198685, 'generation': 49}","{'id': 3595, 'rank': 3, 'fitness': 0.9814247690198685, 'generation': 49}","{'id': 3585, 'rank': 4, 'fitness': 0.98038572592191, 'generation': 49}","{'id': 3485, 'rank': 5, 'fitness': 0.9803206034564413, 'generation': 49}","{'id': 3461, 'rank': 6, 'fitness': 0.9801989688851238, 'generation': 49}","{'id': 3608, 'rank': 7, 'fitness': 0.979248196570959, 'generation': 49}","{'id': 3412, 'rank': 8, 'fitness': 0.9780786760518322, 'generation': 49}","{'id': 3412, 'rank': 9, 'fitness': 0.9780786760518322, 'generation': 49}","{'id': 3597, 'rank': 10, 'fitness': 0.9776445267809216, 'generation': 49}","{'id': 3574, 'rank': 11, 'fitness': 0.9755630431642923, 'generation': 49}","{'id': 3570, 'rank': 12, 'fitness': 0.9752245659073819, 'generation': 49}","{'id': 3572, 'rank': 13, 'fitness': 0.9750677651870184, 'generation': 49}","{'id': 3572, 'rank': 14, 'fitness': 0.9750677651870184, 'generation': 49}","{'id': 3509, 'rank': 15, 'fitness': 0.9747689111046416, 'generation': 49}","{'id': 3509, 'rank': 16, 'fitness': 0.9747689111046416, 'generation': 49}","{'id': 3509, 'rank': 17, 'fitness': 0.9747689111046416, 'generation': 49}","{'id': 3576, 'rank': 18, 'fitness': 0.9727888602409449, 'generation': 49}","{'id': 3584, 'rank': 19, 'fitness': 0.9723353717954941, 'generation': 49}","{'id': 3401, 'rank': 20, 'fitness': 0.9712745601202333, 'generation': 49}","{'id': 3483, 'rank': 21, 'fitness': 0.9711015186750861, 'generation': 49}","{'id': 3612, 'rank': 22, 'fitness': 0.9675221696636532, 'generation': 49}","{'id': 3577, 'rank': 23, 'fitness': 0.9666908417971605, 'generation': 49}","{'id': 3561, 'rank': 24, 'fitness': 0.9644437744128056, 'generation': 49}","{'id': 3561, 'rank': 25, 'fitness': 0.9644437744128056, 'generation': 49}","{'id': 3620, 'rank': 26, 'fitness': 0.9584737137137227, 'generation': 49}","{'id': 3557, 'rank': 27, 'fitness': 0.9565923113282367, 'generation': 49}","{'id': 3565, 'rank': 28, 'fitness': 0.9302585769886782, 'generation': 49}","{'id': 3556, 'rank': 29, 'fitness': 0.9227628487892059, 'generation': 49}","{'id': 3616, 'rank': 30, 'fitness': 0.01798620996209155, 'generation': 49}"
"{'id': 3641, 'rank': 1, 'fitness': 0.9820137900379085, 'generation': 50}","{'id': 3548, 'rank': 2, 'fitness': 0.9438928228555039, 'generation': 50}","{'id': 3595, 'rank': 3, 'fitness': 0.9348592391560744, 'generation': 50}","{'id': 3640, 'rank': 4, 'fitness': 0.9338469980150059, 'generation': 50}","{'id': 3640, 'rank': 5, 'fitness': 0.9338469980150059, 'generation': 50}","{'id': 3640, 'rank': 6, 'fitness': 0.9338469980150059, 'generation': 50}","{'id': 3665, 'rank': 7, 'fitness': 0.9291662713084892, 'generation': 50}","{'id': 3585, 'rank': 8, 'fitness': 0.9164622426493303, 'generation': 50}","{'id': 3585, 'rank': 9, 'fitness': 0.9164622426493303, 'generation': 50}","{'id': 3485, 'rank': 10, 'fitness': 0.9152005300936512, 'generation': 50}","{'id': 3485, 'rank': 11, 'fitness': 0.9152005300936512, 'generation': 50}","{'id': 3461, 'rank': 12, 'fitness': 0.9128088168411949, 'generation': 50}","{'id': 3461, 'rank': 13, 'fitness': 0.9128088168411949, 'generation': 50}","{'id': 3688, 'rank': 14, 'fitness': 0.9008602477942043, 'generation': 50}","{'id': 3694, 'rank': 15, 'fitness': 0.8933390938540642, 'generation': 50}","{'id': 3412, 'rank': 16, 'fitness': 0.8635946587076134, 'generation': 50}","{'id': 3412, 'rank': 17, 'fitness': 0.8635946587076134, 'generation': 50}","{'id': 3660, 'rank': 18, 'fitness': 0.8611473959077015, 'generation': 50}","{'id': 3597, 'rank': 19, 'fitness': 0.8517486656682712, 'generation': 50}","{'id': 3672, 'rank': 20, 'fitness': 0.7984310818505811, 'generation': 50}","{'id': 3572, 'rank': 21, 'fitness': 0.7698538395200887, 'generation': 50}","{'id': 3645, 'rank': 22, 'fitness': 0.7011722638703878, 'generation': 50}","{'id': 3584, 'rank': 23, 'fitness': 0.666068708325219, 'generation': 50}","{'id': 3653, 'rank': 24, 'fitness': 0.6237337891074121, 'generation': 50}","{'id': 3686, 'rank': 25, 'fitness': 0.6212610257391005, 'generation': 50}","{'id': 3686, 'rank': 26, 'fitness': 0.6212610257391005, 'generation': 50}","{'id': 3682, 'rank': 27, 'fitness': 0.5089339809965854, 'generation': 50}","{'id': 3577, 'rank': 28, 'fitness': 0.4411203428041902, 'generation': 50}","{'id': 3684, 'rank': 29, 'fitness': 0.3459683595834855, 'generation': 50}","{'id': 3565, 'rank': 30, 'fitness': 0.01798620996209155, 'generation': 50}"
"{'id': 3754, 'rank': 1, 'fitness': 0.9820137900379085, 'generation': 51}","{'id': 3741, 'rank': 2, 'fitness': 0.9812056379941184, 'generation': 51}","{'id': 3748, 'rank': 3, 'fitness': 0.9810311570232358, 'generation': 51}","{'id': 3744, 'rank': 4, 'fitness': 0.9809890383381326, 'generation': 51}","{'id': 3713, 'rank': 5, 'fitness': 0.9793122503910507, 'generation': 51}","{'id': 3548, 'rank': 6, 'fitness': 0.97859665828756, 'generation': 51}","{'id': 3701, 'rank': 7, 'fitness': 0.9785472355940532, 'generation': 51}","{'id': 3595, 'rank': 8, 'fitness': 0.9783958279544938, 'generation': 51}","{'id': 3640, 'rank': 9, 'fitness': 0.9783748650819766, 'generation': 51}","{'id': 3640, 'rank': 10, 'fitness': 0.9783748650819766, 'generation': 51}","{'id': 3585, 'rank': 11, 'fitness': 0.9780521295823578, 'generation': 51}","{'id': 3585, 'rank': 12, 'fitness': 0.9780521295823578, 'generation': 51}","{'id': 3735, 'rank': 13, 'fitness': 0.9773796645571922, 'generation': 51}","{'id': 3412, 'rank': 14, 'fitness': 0.977331992360156, 'generation': 51}","{'id': 3660, 'rank': 15, 'fitness': 0.9773045371701979, 'generation': 51}","{'id': 3660, 'rank': 16, 'fitness': 0.9773045371701979, 'generation': 51}","{'id': 3740, 'rank': 17, 'fitness': 0.9767867946794566, 'generation': 51}","{'id': 3672, 'rank': 18, 'fitness': 0.9766994895463876, 'generation': 51}","{'id': 3758, 'rank': 19, 'fitness': 0.9761340547079242, 'generation': 51}","{'id': 3758, 'rank': 20, 'fitness': 0.9761340547079242, 'generation': 51}","{'id': 3645, 'rank': 21, 'fitness': 0.9759728786592141, 'generation': 51}","{'id': 3762, 'rank': 22, 'fitness': 0.9759072005527623, 'generation': 51}","{'id': 3725, 'rank': 23, 'fitness': 0.9755266200512049, 'generation': 51}","{'id': 3686, 'rank': 24, 'fitness': 0.9754634568793566, 'generation': 51}","{'id': 3759, 'rank': 25, 'fitness': 0.9708591170396399, 'generation': 51}","{'id': 3759, 'rank': 26, 'fitness': 0.9708591170396399, 'generation': 51}","{'id': 3760, 'rank': 27, 'fitness': 0.9679135107090068, 'generation': 51}","{'id': 3728, 'rank': 28, 'fitness': 0.9650395594522588, 'generation': 51}","{'id': 3770, 'rank': 29, 'fitness': 0.9648921811437716, 'generation': 51}","{'id': 3708, 'rank': 30, 'fitness': 0.01798620996209155, 'generation': 51}"
"{'id': 3832, 'rank': 1, 'fitness': 0.9820137900379085, 'generation': 52}","{'id': 3809, 'rank': 2, 'fitness': 0.8513166827061733, 'generation': 52}","{'id': 3741, 'rank': 3, 'fitness': 0.7869097090542663, 'generation': 52}","{'id': 3818, 'rank': 4, 'fitness': 0.7738043282573099, 'generation': 52}","{'id': 3813, 'rank': 5, 'fitness': 0.6501731684015155, 'generation': 52}","{'id': 3859, 'rank': 6, 'fitness': 0.2438017612776075, 'generation': 52}","{'id': 3804, 'rank': 7, 'fitness': 0.23436155773486606, 'generation': 52}","{'id': 3782, 'rank': 8, 'fitness': 0.22567098528958268, 'generation': 52}","{'id': 3782, 'rank': 9, 'fitness': 0.22567098528958268, 'generation': 52}","{'id': 3548, 'rank': 10, 'fitness': 0.2137824594892765, 'generation': 52}","{'id': 3869, 'rank': 11, 'fitness': 0.20251848579404885, 'generation': 52}","{'id': 3869, 'rank': 12, 'fitness': 0.20251848579404885, 'generation': 52}","{'id': 3869, 'rank': 13, 'fitness': 0.20251848579404885, 'generation': 52}","{'id': 3595, 'rank': 14, 'fitness': 0.18392565733382243, 'generation': 52}","{'id': 3816, 'rank': 15, 'fitness': 0.14070554582756112, 'generation': 52}","{'id': 3841, 'rank': 16, 'fitness': 0.11176977625503126, 'generation': 52}","{'id': 3847, 'rank': 17, 'fitness': 0.08593338873252754, 'generation': 52}","{'id': 3735, 'rank': 18, 'fitness': 0.08208958357199725, 'generation': 52}","{'id': 3858, 'rank': 19, 'fitness': 0.0658219718610587, 'generation': 52}","{'id': 3863, 'rank': 20, 'fitness': 0.057420915233175274, 'generation': 52}","{'id': 3740, 'rank': 21, 'fitness': 0.05044999127708949, 'generation': 52}","{'id': 3827, 'rank': 22, 'fitness': 0.048546533313459705, 'generation': 52}","{'id': 3827, 'rank': 23, 'fitness': 0.048546533313459705, 'generation': 52}","{'id': 3672, 'rank': 24, 'fitness': 0.04694989088471391, 'generation': 52}","{'id': 3842, 'rank': 25, 'fitness': 0.044419846920457196, 'generation': 52}","{'id': 3800, 'rank': 26, 'fitness': 0.028149268963902963, 'generation': 52}","{'id': 3870, 'rank': 27, 'fitness': 0.027248909509405395, 'generation': 52}","{'id': 3830, 'rank': 28, 'fitness': 0.022618512183096573, 'generation': 52}","{'id': 3845, 'rank': 29, 'fitness': 0.022553869714467822, 'generation': 52}","{'id': 3725, 'rank': 30, 'fitness': 0.01798620996209155, 'generation': 52}"
"{'id': 3892, 'rank': 1, 'fitness': 0.9820137900379085, 'generation': 53}","{'id': 3892, 'rank': 2, 'fitness': 0.9820137900379085, 'generation': 53}","{'id': 3832, 'rank': 3, 'fitness': 0.9817143546655038, 'generation': 53}","{'id': 3890, 'rank': 4, 'fitness': 0.9813333167650387, 'generation': 53}","{'id': 3890, 'rank': 5, 'fitness': 0.9813333167650387, 'generation': 53}","{'id': 3890, 'rank': 6, 'fitness': 0.9813333167650387, 'generation': 53}","{'id': 3890, 'rank': 7, 'fitness': 0.9813333167650387, 'generation': 53}","{'id': 3809, 'rank': 8, 'fitness': 0.9809637978180304, 'generation': 53}","{'id': 3809, 'rank': 9, 'fitness': 0.9809637978180304, 'generation': 53}","{'id': 3818, 'rank': 10, 'fitness': 0.9807881783914245, 'generation': 53}","{'id': 3813, 'rank': 11, 'fitness': 0.980578085774823, 'generation': 53}","{'id': 3859, 'rank': 12, 'fitness': 0.9799622829528741, 'generation': 53}","{'id': 3804, 'rank': 13, 'fitness': 0.9799437505722466, 'generation': 53}","{'id': 3548, 'rank': 14, 'fitness': 0.9799013964772476, 'generation': 53}","{'id': 3869, 'rank': 15, 'fitness': 0.9798769114879324, 'generation': 53}","{'id': 3869, 'rank': 16, 'fitness': 0.9798769114879324, 'generation': 53}","{'id': 3816, 'rank': 17, 'fitness': 0.9797190245079492, 'generation': 53}","{'id': 3816, 'rank': 18, 'fitness': 0.9797190245079492, 'generation': 53}","{'id': 3841, 'rank': 19, 'fitness': 0.9796236893955678, 'generation': 53}","{'id': 3841, 'rank': 20, 'fitness': 0.9796236893955678, 'generation': 53}","{'id': 3847, 'rank': 21, 'fitness': 0.9795176359707951, 'generation': 53}","{'id': 3847, 'rank': 22, 'fitness': 0.9795176359707951, 'generation': 53}","{'id': 3735, 'rank': 23, 'fitness': 0.9794994088007714, 'generation': 53}","{'id': 3830, 'rank': 24, 'fitness': 0.9790001216639802, 'generation': 53}","{'id': 3830, 'rank': 25, 'fitness': 0.9790001216639802, 'generation': 53}","{'id': 3725, 'rank': 26, 'fitness': 0.9789125356881944, 'generation': 53}","{'id': 3725, 'rank': 27, 'fitness': 0.9789125356881944, 'generation': 53}","{'id': 3883, 'rank': 28, 'fitness': 0.9632829638333125, 'generation': 53}","{'id': 3896, 'rank': 29, 'fitness': 0.9523765498392669, 'generation': 53}","{'id': 3907, 'rank': 30, 'fitness': 0.01798620996209155, 'generation': 53}"
"{'id': 3991, 'rank': 1, 'fitness': 0.9820137900379085, 'generation': 54}","{'id': 3992, 'rank': 2, 'fitness': 0.9750926978997583, 'generation': 54}","{'id': 3964, 'rank': 3, 'fitness': 0.958887088116982, 'generation': 54}","{'id': 3964, 'rank': 4, 'fitness': 0.958887088116982, 'generation': 54}","{'id': 3892, 'rank': 5, 'fitness': 0.9380143229390128, 'generation': 54}","{'id': 3965, 'rank': 6, 'fitness': 0.9088917124561176, 'generation': 54}","{'id': 3832, 'rank': 7, 'fitness': 0.8831257501439782, 'generation': 54}","{'id': 3966, 'rank': 8, 'fitness': 0.7944083641357038, 'generation': 54}","{'id': 3966, 'rank': 9, 'fitness': 0.7944083641357038, 'generation': 54}","{'id': 3890, 'rank': 10, 'fitness': 0.7603455354538163, 'generation': 54}","{'id': 3890, 'rank': 11, 'fitness': 0.7603455354538163, 'generation': 54}","{'id': 3976, 'rank': 12, 'fitness': 0.7521284895621613, 'generation': 54}","{'id': 3809, 'rank': 13, 'fitness': 0.5816267186284111, 'generation': 54}","{'id': 3922, 'rank': 14, 'fitness': 0.3505368614274411, 'generation': 54}","{'id': 3963, 'rank': 15, 'fitness': 0.34960836412658713, 'generation': 54}","{'id': 3921, 'rank': 16, 'fitness': 0.16469421429254655, 'generation': 54}","{'id': 3940, 'rank': 17, 'fitness': 0.16198682592234226, 'generation': 54}","{'id': 3942, 'rank': 18, 'fitness': 0.15793325277173026, 'generation': 54}","{'id': 3984, 'rank': 19, 'fitness': 0.15233523033877416, 'generation': 54}","{'id': 3988, 'rank': 20, 'fitness': 0.12791243808555003, 'generation': 54}","{'id': 3924, 'rank': 21, 'fitness': 0.127209673628705, 'generation': 54}","{'id': 3869, 'rank': 22, 'fitness': 0.11820871586210369, 'generation': 54}","{'id': 3947, 'rank': 23, 'fitness': 0.08943039316609136, 'generation': 54}","{'id': 3735, 'rank': 24, 'fitness': 0.05770319852738698, 'generation': 54}","{'id': 3735, 'rank': 25, 'fitness': 0.05770319852738698, 'generation': 54}","{'id': 3935, 'rank': 26, 'fitness': 0.04369955051000646, 'generation': 54}","{'id': 3949, 'rank': 27, 'fitness': 0.04362032022791512, 'generation': 54}","{'id': 3930, 'rank': 28, 'fitness': 0.02348089012689092, 'generation': 54}","{'id': 3960, 'rank': 29, 'fitness': 0.018185370990491112, 'generation': 54}","{'id': 3933, 'rank': 30, 'fitness': 0.01798620996209155, 'generation': 54}"
"{'id': 4030, 'rank': 1, 'fitness': 0.9820137900379085, 'generation': 55}","{'id': 4030, 'rank': 2, 'fitness': 0.9820137900379085, 'generation': 55}","{'id': 4023, 'rank': 3, 'fitness': 0.9803603471430324, 'generation': 55}","{'id': 4006, 'rank': 4, 'fitness': 0.9796379942866033, 'generation': 55}","{'id': 3992, 'rank': 5, 'fitness': 0.9794169009029872, 'generation': 55}","{'id': 3992, 'rank': 6, 'fitness': 0.9794169009029872, 'generation': 55}","{'id': 3964, 'rank': 7, 'fitness': 0.979035291496734, 'generation': 55}","{'id': 3964, 'rank': 8, 'fitness': 0.979035291496734, 'generation': 55}","{'id': 3964, 'rank': 9, 'fitness': 0.979035291496734, 'generation': 55}","{'id': 3892, 'rank': 10, 'fitness': 0.9787112557389361, 'generation': 55}","{'id': 3892, 'rank': 11, 'fitness': 0.9787112557389361, 'generation': 55}","{'id': 4014, 'rank': 12, 'fitness': 0.9784064443342603, 'generation': 55}","{'id': 4014, 'rank': 13, 'fitness': 0.9784064443342603, 'generation': 55}","{'id': 4021, 'rank': 14, 'fitness': 0.9783605130061219, 'generation': 55}","{'id': 3976, 'rank': 15, 'fitness': 0.9774641674978614, 'generation': 55}","{'id': 3809, 'rank': 16, 'fitness': 0.9768329039366948, 'generation': 55}","{'id': 3809, 'rank': 17, 'fitness': 0.9768329039366948, 'generation': 55}","{'id': 3942, 'rank': 18, 'fitness': 0.9751328421102425, 'generation': 55}","{'id': 3942, 'rank': 19, 'fitness': 0.9751328421102425, 'generation': 55}","{'id': 3984, 'rank': 20, 'fitness': 0.9750952968213821, 'generation': 55}","{'id': 3949, 'rank': 21, 'fitness': 0.9738602449489009, 'generation': 55}","{'id': 4027, 'rank': 22, 'fitness': 0.9735520577304446, 'generation': 55}","{'id': 4026, 'rank': 23, 'fitness': 0.9730533758418567, 'generation': 55}","{'id': 4020, 'rank': 24, 'fitness': 0.9479022819755497, 'generation': 55}","{'id': 4020, 'rank': 25, 'fitness': 0.9479022819755497, 'generation': 55}","{'id': 4042, 'rank': 26, 'fitness': 0.9372001539866313, 'generation': 55}","{'id': 4039, 'rank': 27, 'fitness': 0.9147539122066368, 'generation': 55}","{'id': 4015, 'rank': 28, 'fitness': 0.020603158757931617, 'generation': 55}","{'id': 4012, 'rank': 29, 'fitness': 0.01798620996209155, 'generation': 55}","{'id': 4012, 'rank': 30, 'fitness': 0.01798620996209155, 'generation': 55}"
"{'id': 4030, 'rank': 1, 'fitness': 0.9820137900379085, 'generation': 56}","{'id': 4082, 'rank': 2, 'fitness': 0.9799986708211889, 'generation': 56}","{'id': 4086, 'rank': 3, 'fitness': 0.97911161315304, 'generation': 56}","{'id': 4081, 'rank': 4, 'fitness': 0.9782712937803048, 'generation': 56}","{'id': 4023, 'rank': 5, 'fitness': 0.9662311393456249, 'generation': 56}","{'id': 4107, 'rank': 6, 'fitness': 0.9592473942825968, 'generation': 56}","{'id': 4103, 'rank': 7, 'fitness': 0.9579209476037887, 'generation': 56}","{'id': 4103, 'rank': 8, 'fitness': 0.9579209476037887, 'generation': 56}","{'id': 4063, 'rank': 9, 'fitness': 0.9577706449253399, 'generation': 56}","{'id': 3992, 'rank': 10, 'fitness': 0.9529649161960454, 'generation': 56}","{'id': 3992, 'rank': 11, 'fitness': 0.9529649161960454, 'generation': 56}","{'id': 4139, 'rank': 12, 'fitness': 0.9527408082809325, 'generation': 56}","{'id': 4139, 'rank': 13, 'fitness': 0.9527408082809325, 'generation': 56}","{'id': 4065, 'rank': 14, 'fitness': 0.9521295484928627, 'generation': 56}","{'id': 4121, 'rank': 15, 'fitness': 0.9472640859366953, 'generation': 56}","{'id': 4121, 'rank': 16, 'fitness': 0.9472640859366953, 'generation': 56}","{'id': 4117, 'rank': 17, 'fitness': 0.9465333671410299, 'generation': 56}","{'id': 3892, 'rank': 18, 'fitness': 0.9405030548352707, 'generation': 56}","{'id': 4102, 'rank': 19, 'fitness': 0.9398200708718276, 'generation': 56}","{'id': 4102, 'rank': 20, 'fitness': 0.9398200708718276, 'generation': 56}","{'id': 4122, 'rank': 21, 'fitness': 0.933269331046678, 'generation': 56}","{'id': 4132, 'rank': 22, 'fitness': 0.9251769517893125, 'generation': 56}","{'id': 4119, 'rank': 23, 'fitness': 0.9232928289481075, 'generation': 56}","{'id': 3976, 'rank': 24, 'fitness': 0.9122089772210522, 'generation': 56}","{'id': 4143, 'rank': 25, 'fitness': 0.9115048031827627, 'generation': 56}","{'id': 3809, 'rank': 26, 'fitness': 0.894456868978315, 'generation': 56}","{'id': 4070, 'rank': 27, 'fitness': 0.8863515530103587, 'generation': 56}","{'id': 4071, 'rank': 28, 'fitness': 0.7777154659527699, 'generation': 56}","{'id': 4095, 'rank': 29, 'fitness': 0.5059046792092676, 'generation': 56}","{'id': 4109, 'rank': 30, 'fitness': 0.01798620996209155, 'generation': 56}"
"{'id': 4030, 'rank': 1, 'fitness': 0.9820137900379085, 'generation': 57}","{'id': 4224, 'rank': 2, 'fitness': 0.9818972875793781, 'generation': 57}","{'id': 4224, 'rank': 3, 'fitness': 0.9818972875793781, 'generation': 57}","{'id': 4224, 'rank': 4, 'fitness': 0.9818972875793781, 'generation': 57}","{'id': 4205, 'rank': 5, 'fitness': 0.9818956459864403, 'generation': 57}","{'id': 4086, 'rank': 6, 'fitness': 0.981751627792256, 'generation': 57}","{'id': 4081, 'rank': 7, 'fitness': 0.9816817467428876, 'generation': 57}","{'id': 4197, 'rank': 8, 'fitness': 0.9813934854025392, 'generation': 57}","{'id': 4215, 'rank': 9, 'fitness': 0.9813339418665843, 'generation': 57}","{'id': 4103, 'rank': 10, 'fitness': 0.9804586480126205, 'generation': 57}","{'id': 4226, 'rank': 11, 'fitness': 0.9803080139900799, 'generation': 57}","{'id': 3992, 'rank': 12, 'fitness': 0.9802417803005283, 'generation': 57}","{'id': 4121, 'rank': 13, 'fitness': 0.9800152294999112, 'generation': 57}","{'id': 4117, 'rank': 14, 'fitness': 0.9799877130732215, 'generation': 57}","{'id': 4150, 'rank': 15, 'fitness': 0.979844729659225, 'generation': 57}","{'id': 4227, 'rank': 16, 'fitness': 0.9797922972777016, 'generation': 57}","{'id': 3892, 'rank': 17, 'fitness': 0.9797719933707547, 'generation': 57}","{'id': 4195, 'rank': 18, 'fitness': 0.9797563399726925, 'generation': 57}","{'id': 4102, 'rank': 19, 'fitness': 0.9797487352969056, 'generation': 57}","{'id': 4218, 'rank': 20, 'fitness': 0.9796354870099531, 'generation': 57}","{'id': 4163, 'rank': 21, 'fitness': 0.979554810086946, 'generation': 57}","{'id': 4163, 'rank': 22, 'fitness': 0.979554810086946, 'generation': 57}","{'id': 4200, 'rank': 23, 'fitness': 0.9794194564297057, 'generation': 57}","{'id': 4155, 'rank': 24, 'fitness': 0.9792238489010316, 'generation': 57}","{'id': 4184, 'rank': 25, 'fitness': 0.9792128044433546, 'generation': 57}","{'id': 4157, 'rank': 26, 'fitness': 0.9790966042663327, 'generation': 57}","{'id': 4214, 'rank': 27, 'fitness': 0.978875466109467, 'generation': 57}","{'id': 4180, 'rank': 28, 'fitness': 0.9785410995850403, 'generation': 57}","{'id': 4174, 'rank': 29, 'fitness': 0.9773746540118271, 'generation': 57}","{'id': 4169, 'rank': 30, 'fitness': 0.01798620996209155, 'generation': 57}"
"{'id': 4274, 'rank': 1, 'fitness': 0.9820137900379085, 'generation': 58}","{'id': 4257, 'rank': 2, 'fitness': 0.979134912943374, 'generation': 58}","{'id': 4257, 'rank': 3, 'fitness': 0.979134912943374, 'generation': 58}","{'id': 4030, 'rank': 4, 'fitness': 0.9722317890574957, 'generation': 58}","{'id': 4233, 'rank': 5, 'fitness': 0.9695851913711573, 'generation': 58}","{'id': 4233, 'rank': 6, 'fitness': 0.9695851913711573, 'generation': 58}","{'id': 4292, 'rank': 7, 'fitness': 0.9677104182628675, 'generation': 58}","{'id': 4224, 'rank': 8, 'fitness': 0.9620061599331329, 'generation': 58}","{'id': 4224, 'rank': 9, 'fitness': 0.9620061599331329, 'generation': 58}","{'id': 4224, 'rank': 10, 'fitness': 0.9620061599331329, 'generation': 58}","{'id': 4293, 'rank': 11, 'fitness': 0.9520742704904732, 'generation': 58}","{'id': 4283, 'rank': 12, 'fitness': 0.944065004875732, 'generation': 58}","{'id': 4081, 'rank': 13, 'fitness': 0.9332258716532285, 'generation': 58}","{'id': 4311, 'rank': 14, 'fitness': 0.9267475508992362, 'generation': 58}","{'id': 4269, 'rank': 15, 'fitness': 0.9205599930747479, 'generation': 58}","{'id': 4234, 'rank': 16, 'fitness': 0.7393575200906366, 'generation': 58}","{'id': 4255, 'rank': 17, 'fitness': 0.5528457004077982, 'generation': 58}","{'id': 4307, 'rank': 18, 'fitness': 0.3767596250153634, 'generation': 58}","{'id': 4295, 'rank': 19, 'fitness': 0.2399693618722265, 'generation': 58}","{'id': 4288, 'rank': 20, 'fitness': 0.22277862721704278, 'generation': 58}","{'id': 4121, 'rank': 21, 'fitness': 0.14950498569857495, 'generation': 58}","{'id': 4254, 'rank': 22, 'fitness': 0.1462737457320586, 'generation': 58}","{'id': 4236, 'rank': 23, 'fitness': 0.09799987155143008, 'generation': 58}","{'id': 4195, 'rank': 24, 'fitness': 0.08424879571992738, 'generation': 58}","{'id': 4309, 'rank': 25, 'fitness': 0.07831465778147972, 'generation': 58}","{'id': 4245, 'rank': 26, 'fitness': 0.03722629471323197, 'generation': 58}","{'id': 4266, 'rank': 27, 'fitness': 0.02579355515610443, 'generation': 58}","{'id': 4270, 'rank': 28, 'fitness': 0.025468643111997313, 'generation': 58}","{'id': 4270, 'rank': 29, 'fitness': 0.025468643111997313, 'generation': 58}","{'id': 4157, 'rank': 30, 'fitness': 0.01798620996209155, 'generation': 58}"
"{'id': 4330, 'rank': 1, 'fitness': 0.9820137900379085, 'generation': 59}","{'id': 4330, 'rank': 2, 'fitness': 0.9820137900379085, 'generation': 59}","{'id': 4257, 'rank': 3, 'fitness': 0.9452885565916034, 'generation': 59}","{'id': 4257, 'rank': 4, 'fitness': 0.9452885565916034, 'generation': 59}","{'id': 4257, 'rank': 5, 'fitness': 0.9452885565916034, 'generation': 59}","{'id': 4257, 'rank': 6, 'fitness': 0.9452885565916034, 'generation': 59}","{'id': 4257, 'rank': 7, 'fitness': 0.9452885565916034, 'generation': 59}","{'id': 4334, 'rank': 8, 'fitness': 0.9438215597769621, 'generation': 59}","{'id': 4334, 'rank': 9, 'fitness': 0.9438215597769621, 'generation': 59}","{'id': 4334, 'rank': 10, 'fitness': 0.9438215597769621, 'generation': 59}","{'id': 4030, 'rank': 11, 'fitness': 0.9358259385879686, 'generation': 59}","{'id': 4292, 'rank': 12, 'fitness': 0.9302013064416423, 'generation': 59}","{'id': 4327, 'rank': 13, 'fitness': 0.9296933182534425, 'generation': 59}","{'id': 4224, 'rank': 14, 'fitness': 0.9235910193845904, 'generation': 59}","{'id': 4364, 'rank': 15, 'fitness': 0.9213815104185143, 'generation': 59}","{'id': 4339, 'rank': 16, 'fitness': 0.895709181725481, 'generation': 59}","{'id': 4269, 'rank': 17, 'fitness': 0.8848928355360193, 'generation': 59}","{'id': 4269, 'rank': 18, 'fitness': 0.8848928355360193, 'generation': 59}","{'id': 4320, 'rank': 19, 'fitness': 0.8298720764330267, 'generation': 59}","{'id': 4362, 'rank': 20, 'fitness': 0.760947360309282, 'generation': 59}","{'id': 4362, 'rank': 21, 'fitness': 0.760947360309282, 'generation': 59}","{'id': 4255, 'rank': 22, 'fitness': 0.6778448692620683, 'generation': 59}","{'id': 4368, 'rank': 23, 'fitness': 0.5895293302828896, 'generation': 59}","{'id': 4307, 'rank': 24, 'fitness': 0.581662413677649, 'generation': 59}","{'id': 4288, 'rank': 25, 'fitness': 0.4744047758233277, 'generation': 59}","{'id': 4288, 'rank': 26, 'fitness': 0.4744047758233277, 'generation': 59}","{'id': 4309, 'rank': 27, 'fitness': 0.30863572033892217, 'generation': 59}","{'id': 4367, 'rank': 28, 'fitness': 0.01798620996209155, 'generation': 59}","{'id': 4367, 'rank': 29, 'fitness': 0.01798620996209155, 'generation': 59}","{'id': 4367, 'rank': 30, 'fitness': 0.01798620996209155, 'generation': 59}"
"{'id': 4405, 'rank': 1, 'fitness': 0.9820137900379085, 'generation': 60}","{'id': 4413, 'rank': 2, 'fitness': 0.9811343412536957, 'generation': 60}","{'id': 4330, 'rank': 3, 'fitness': 0.9786160109278504, 'generation': 60}","{'id': 4402, 'rank': 4, 'fitness': 0.9784182760812685, 'generation': 60}","{'id': 4443, 'rank': 5, 'fitness': 0.9772795454712999, 'generation': 60}","{'id': 4394, 'rank': 6, 'fitness': 0.9771695059021104, 'generation': 60}","{'id': 4445, 'rank': 7, 'fitness': 0.9769488722065791, 'generation': 60}","{'id': 4455, 'rank': 8, 'fitness': 0.9767745037116689, 'generation': 60}","{'id': 4455, 'rank': 9, 'fitness': 0.9767745037116689, 'generation': 60}","{'id': 4428, 'rank': 10, 'fitness': 0.9766740549920765, 'generation': 60}","{'id': 4401, 'rank': 11, 'fitness': 0.9763552145667367, 'generation': 60}","{'id': 4257, 'rank': 12, 'fitness': 0.9756517194058782, 'generation': 60}","{'id': 4257, 'rank': 13, 'fitness': 0.9756517194058782, 'generation': 60}","{'id': 4334, 'rank': 14, 'fitness': 0.9755747626070201, 'generation': 60}","{'id': 4334, 'rank': 15, 'fitness': 0.9755747626070201, 'generation': 60}","{'id': 4030, 'rank': 16, 'fitness': 0.9751821961096123, 'generation': 60}","{'id': 4030, 'rank': 17, 'fitness': 0.9751821961096123, 'generation': 60}","{'id': 4454, 'rank': 18, 'fitness': 0.9747408898672738, 'generation': 60}","{'id': 4411, 'rank': 19, 'fitness': 0.9746029551045539, 'generation': 60}","{'id': 4414, 'rank': 20, 'fitness': 0.9739780132087169, 'generation': 60}","{'id': 4339, 'rank': 21, 'fitness': 0.9736590366825931, 'generation': 60}","{'id': 4387, 'rank': 22, 'fitness': 0.9700973264461544, 'generation': 60}","{'id': 4419, 'rank': 23, 'fitness': 0.9694644615884171, 'generation': 60}","{'id': 4255, 'rank': 24, 'fitness': 0.9691573480283129, 'generation': 60}","{'id': 4447, 'rank': 25, 'fitness': 0.9689670649299511, 'generation': 60}","{'id': 4406, 'rank': 26, 'fitness': 0.9688812016198937, 'generation': 60}","{'id': 4444, 'rank': 27, 'fitness': 0.9681248030677101, 'generation': 60}","{'id': 4442, 'rank': 28, 'fitness': 0.9672550307637525, 'generation': 60}","{'id': 4431, 'rank': 29, 'fitness': 0.8134058911504178, 'generation': 60}","{'id': 4397, 'rank': 30, 'fitness': 0.01798620996209155, 'generation': 60}"
"{'id': 4405, 'rank': 1, 'fitness': 0.9820137900379085, 'generation': 61}","{'id': 4413, 'rank': 2, 'fitness': 0.969391839385557, 'generation': 61}","{'id': 4473, 'rank': 3, 'fitness': 0.8898990647648907, 'generation': 61}","{'id': 4473, 'rank': 4, 'fitness': 0.8898990647648907, 'generation': 61}","{'id': 4402, 'rank': 5, 'fitness': 0.8719377349680699, 'generation': 61}","{'id': 4496, 'rank': 6, 'fitness': 0.8421870109173641, 'generation': 61}","{'id': 4496, 'rank': 7, 'fitness': 0.8421870109173641, 'generation': 61}","{'id': 4478, 'rank': 8, 'fitness': 0.8323826639793744, 'generation': 61}","{'id': 4455, 'rank': 9, 'fitness': 0.7460023168493717, 'generation': 61}","{'id': 4455, 'rank': 10, 'fitness': 0.7460023168493717, 'generation': 61}","{'id': 4455, 'rank': 11, 'fitness': 0.7460023168493717, 'generation': 61}","{'id': 4428, 'rank': 12, 'fitness': 0.736513640913415, 'generation': 61}","{'id': 4513, 'rank': 13, 'fitness': 0.7349394663823214, 'generation': 61}","{'id': 4530, 'rank': 14, 'fitness': 0.7190569081880758, 'generation': 61}","{'id': 4489, 'rank': 15, 'fitness': 0.6756613778303602, 'generation': 61}","{'id': 4489, 'rank': 16, 'fitness': 0.6756613778303602, 'generation': 61}","{'id': 4334, 'rank': 17, 'fitness': 0.6223757177605848, 'generation': 61}","{'id': 4519, 'rank': 18, 'fitness': 0.5804221498220007, 'generation': 61}","{'id': 4536, 'rank': 19, 'fitness': 0.5579647767015257, 'generation': 61}","{'id': 4538, 'rank': 20, 'fitness': 0.5340588625894162, 'generation': 61}","{'id': 4414, 'rank': 21, 'fitness': 0.4432936954626603, 'generation': 61}","{'id': 4472, 'rank': 22, 'fitness': 0.4058805692185578, 'generation': 61}","{'id': 4484, 'rank': 23, 'fitness': 0.3174891130070018, 'generation': 61}","{'id': 4484, 'rank': 24, 'fitness': 0.3174891130070018, 'generation': 61}","{'id': 4520, 'rank': 25, 'fitness': 0.29195941596191255, 'generation': 61}","{'id': 4485, 'rank': 26, 'fitness': 0.27424276882603027, 'generation': 61}","{'id': 4531, 'rank': 27, 'fitness': 0.22790249695464787, 'generation': 61}","{'id': 4525, 'rank': 28, 'fitness': 0.22471682199976195, 'generation': 61}","{'id': 4527, 'rank': 29, 'fitness': 0.10710719647431244, 'generation': 61}","{'id': 4487, 'rank': 30, 'fitness': 0.01798620996209155, 'generation': 61}"
"{'id': 4562, 'rank': 1, 'fitness': 0.9820137900379085, 'generation': 62}","{'id': 4562, 'rank': 2, 'fitness': 0.9820137900379085, 'generation': 62}","{'id': 4413, 'rank': 3, 'fitness': 0.981932293743196, 'generation': 62}","{'id': 4413, 'rank': 4, 'fitness': 0.981932293743196, 'generation': 62}","{'id': 4413, 'rank': 5, 'fitness': 0.981932293743196, 'generation': 62}","{'id': 4560, 'rank': 6, 'fitness': 0.9818059591463921, 'generation': 62}","{'id': 4560, 'rank': 7, 'fitness': 0.9818059591463921, 'generation': 62}","{'id': 4473, 'rank': 8, 'fitness': 0.9802685984818663, 'generation': 62}","{'id': 4598, 'rank': 9, 'fitness': 0.9785943249495018, 'generation': 62}","{'id': 4489, 'rank': 10, 'fitness': 0.97846876467316, 'generation': 62}","{'id': 4489, 'rank': 11, 'fitness': 0.97846876467316, 'generation': 62}","{'id': 4519, 'rank': 12, 'fitness': 0.9778943907055229, 'generation': 62}","{'id': 4536, 'rank': 13, 'fitness': 0.9777638418016295, 'generation': 62}","{'id': 4536, 'rank': 14, 'fitness': 0.9777638418016295, 'generation': 62}","{'id': 4538, 'rank': 15, 'fitness': 0.9776255531488265, 'generation': 62}","{'id': 4472, 'rank': 16, 'fitness': 0.9768692223581893, 'generation': 62}","{'id': 4472, 'rank': 17, 'fitness': 0.9768692223581893, 'generation': 62}","{'id': 4472, 'rank': 18, 'fitness': 0.9768692223581893, 'generation': 62}","{'id': 4484, 'rank': 19, 'fitness': 0.9762914129756106, 'generation': 62}","{'id': 4520, 'rank': 20, 'fitness': 0.9761072807042823, 'generation': 62}","{'id': 4531, 'rank': 21, 'fitness': 0.975589328415833, 'generation': 62}","{'id': 4541, 'rank': 22, 'fitness': 0.9755096266948688, 'generation': 62}","{'id': 4487, 'rank': 23, 'fitness': 0.9708375174099734, 'generation': 62}","{'id': 4558, 'rank': 24, 'fitness': 0.9694139699810558, 'generation': 62}","{'id': 4558, 'rank': 25, 'fitness': 0.9694139699810558, 'generation': 62}","{'id': 4599, 'rank': 26, 'fitness': 0.9573888039488287, 'generation': 62}","{'id': 4604, 'rank': 27, 'fitness': 0.7307556733185381, 'generation': 62}","{'id': 4588, 'rank': 28, 'fitness': 0.527493966471112, 'generation': 62}","{'id': 4543, 'rank': 29, 'fitness': 0.018157022414817425, 'generation': 62}","{'id': 4542, 'rank': 30, 'fitness': 0.01798620996209155, 'generation': 62}"
"{'id': 4632, 'rank': 1, 'fitness': 0.9820137900379085, 'generation': 63}","{'id': 4677, 'rank': 2, 'fitness': 0.9735645158426252, 'generation': 63}","{'id': 4638, 'rank': 3, 'fitness': 0.9645320506791131, 'generation': 63}","{'id': 4638, 'rank': 4, 'fitness': 0.9645320506791131, 'generation': 63}","{'id': 4562, 'rank': 5, 'fitness': 0.9612142893194054, 'generation': 63}","{'id': 4562, 'rank': 6, 'fitness': 0.9612142893194054, 'generation': 63}","{'id': 4413, 'rank': 7, 'fitness': 0.9588736508946518, 'generation': 63}","{'id': 4413, 'rank': 8, 'fitness': 0.9588736508946518, 'generation': 63}","{'id': 4560, 'rank': 9, 'fitness': 0.9549990355512883, 'generation': 63}","{'id': 4637, 'rank': 10, 'fitness': 0.9423365723074819, 'generation': 63}","{'id': 4676, 'rank': 11, 'fitness': 0.9398863837276383, 'generation': 63}","{'id': 4676, 'rank': 12, 'fitness': 0.9398863837276383, 'generation': 63}","{'id': 4676, 'rank': 13, 'fitness': 0.9398863837276383, 'generation': 63}","{'id': 4681, 'rank': 14, 'fitness': 0.928810573774342, 'generation': 63}","{'id': 4681, 'rank': 15, 'fitness': 0.928810573774342, 'generation': 63}","{'id': 4655, 'rank': 16, 'fitness': 0.914686194422162, 'generation': 63}","{'id': 4680, 'rank': 17, 'fitness': 0.9050458776313305, 'generation': 63}","{'id': 4680, 'rank': 18, 'fitness': 0.9050458776313305, 'generation': 63}","{'id': 4633, 'rank': 19, 'fitness': 0.8906484596906757, 'generation': 63}","{'id': 4659, 'rank': 20, 'fitness': 0.8166244992651588, 'generation': 63}","{'id': 4615, 'rank': 21, 'fitness': 0.6654378473043734, 'generation': 63}","{'id': 4660, 'rank': 22, 'fitness': 0.5903600638113279, 'generation': 63}","{'id': 4671, 'rank': 23, 'fitness': 0.587738616354575, 'generation': 63}","{'id': 4538, 'rank': 24, 'fitness': 0.5637650079702119, 'generation': 63}","{'id': 4646, 'rank': 25, 'fitness': 0.5598150537245256, 'generation': 63}","{'id': 4646, 'rank': 26, 'fitness': 0.5598150537245256, 'generation': 63}","{'id': 4472, 'rank': 27, 'fitness': 0.4515163784416437, 'generation': 63}","{'id': 4520, 'rank': 28, 'fitness': 0.3464764307058542, 'generation': 63}","{'id': 4558, 'rank': 29, 'fitness': 0.01798620996209155, 'generation': 63}","{'id': 4558, 'rank': 30, 'fitness': 0.01798620996209155, 'generation': 63}"
"{'id': 4749, 'rank': 1, 'fitness': 0.9820137900379085, 'generation': 64}","{'id': 4724, 'rank': 2, 'fitness': 0.9815599199571567, 'generation': 64}","{'id': 4703, 'rank': 3, 'fitness': 0.9810663529358707, 'generation': 64}","{'id': 4697, 'rank': 4, 'fitness': 0.9807269077654042, 'generation': 64}","{'id': 4697, 'rank': 5, 'fitness': 0.9807269077654042, 'generation': 64}","{'id': 4638, 'rank': 6, 'fitness': 0.9798818186377223, 'generation': 64}","{'id': 4732, 'rank': 7, 'fitness': 0.97985353191401, 'generation': 64}","{'id': 4562, 'rank': 8, 'fitness': 0.9797466186792648, 'generation': 64}","{'id': 4562, 'rank': 9, 'fitness': 0.9797466186792648, 'generation': 64}","{'id': 4726, 'rank': 10, 'fitness': 0.979662725233218, 'generation': 64}","{'id': 4413, 'rank': 11, 'fitness': 0.9796572778627836, 'generation': 64}","{'id': 4676, 'rank': 12, 'fitness': 0.979062771733356, 'generation': 64}","{'id': 4676, 'rank': 13, 'fitness': 0.979062771733356, 'generation': 64}","{'id': 4728, 'rank': 14, 'fitness': 0.9788549059694079, 'generation': 64}","{'id': 4681, 'rank': 15, 'fitness': 0.978787973952113, 'generation': 64}","{'id': 4747, 'rank': 16, 'fitness': 0.9787289710357034, 'generation': 64}","{'id': 4655, 'rank': 17, 'fitness': 0.9784858705598198, 'generation': 64}","{'id': 4633, 'rank': 18, 'fitness': 0.9780558133799571, 'generation': 64}","{'id': 4715, 'rank': 19, 'fitness': 0.9766343612711765, 'generation': 64}","{'id': 4615, 'rank': 20, 'fitness': 0.9757146195355713, 'generation': 64}","{'id': 4538, 'rank': 21, 'fitness': 0.974951127781424, 'generation': 64}","{'id': 4646, 'rank': 22, 'fitness': 0.9749222691997245, 'generation': 64}","{'id': 4733, 'rank': 23, 'fitness': 0.9747955762163054, 'generation': 64}","{'id': 4699, 'rank': 24, 'fitness': 0.9743326329419, 'generation': 64}","{'id': 4699, 'rank': 25, 'fitness': 0.9743326329419, 'generation': 64}","{'id': 4682, 'rank': 26, 'fitness': 0.9742811733161194, 'generation': 64}","{'id': 4472, 'rank': 27, 'fitness': 0.9741274954687962, 'generation': 64}","{'id': 4744, 'rank': 28, 'fitness': 0.9709295390482101, 'generation': 64}","{'id': 4740, 'rank': 29, 'fitness': 0.19464447124258533, 'generation': 64}","{'id': 4722, 'rank': 30, 'fitness': 0.01798620996209155, 'generation': 64}"
"{'id': 4782, 'rank': 1, 'fitness': 0.9820137900379085, 'generation': 65}","{'id': 4782, 'rank': 2, 'fitness': 0.9820137900379085, 'generation': 65}","{'id': 4724, 'rank': 3, 'fitness': 0.939622141325825, 'generation': 65}","{'id': 4808, 'rank': 4, 'fitness': 0.9241485275034926, 'generation': 65}","{'id': 4806, 'rank': 5, 'fitness': 0.9210098920724525, 'generation': 65}","{'id': 4844, 'rank': 6, 'fitness': 0.9116354588418978, 'generation': 65}","{'id': 4795, 'rank': 7, 'fitness': 0.9080551163874316, 'generation': 65}","{'id': 4775, 'rank': 8, 'fitness': 0.9053445755999829, 'generation': 65}","{'id': 4811, 'rank': 9, 'fitness': 0.895850886562455, 'generation': 65}","{'id': 4790, 'rank': 10, 'fitness': 0.8935270989001369, 'generation': 65}","{'id': 4838, 'rank': 11, 'fitness': 0.8473954094627231, 'generation': 65}","{'id': 4772, 'rank': 12, 'fitness': 0.7805499461675874, 'generation': 65}","{'id': 4732, 'rank': 13, 'fitness': 0.7628002996322456, 'generation': 65}","{'id': 4804, 'rank': 14, 'fitness': 0.6656664761428724, 'generation': 65}","{'id': 4676, 'rank': 15, 'fitness': 0.6180544543031337, 'generation': 65}","{'id': 4676, 'rank': 16, 'fitness': 0.6180544543031337, 'generation': 65}","{'id': 4839, 'rank': 17, 'fitness': 0.5807042246957531, 'generation': 65}","{'id': 4839, 'rank': 18, 'fitness': 0.5807042246957531, 'generation': 65}","{'id': 4767, 'rank': 19, 'fitness': 0.5666644614413996, 'generation': 65}","{'id': 4747, 'rank': 20, 'fitness': 0.5495801939135903, 'generation': 65}","{'id': 4747, 'rank': 21, 'fitness': 0.5495801939135903, 'generation': 65}","{'id': 4816, 'rank': 22, 'fitness': 0.5011027028316345, 'generation': 65}","{'id': 4768, 'rank': 23, 'fitness': 0.49722730805301196, 'generation': 65}","{'id': 4771, 'rank': 24, 'fitness': 0.4755433575383884, 'generation': 65}","{'id': 4832, 'rank': 25, 'fitness': 0.3880686460181414, 'generation': 65}","{'id': 4615, 'rank': 26, 'fitness': 0.10242846608270462, 'generation': 65}","{'id': 4822, 'rank': 27, 'fitness': 0.10024035877320342, 'generation': 65}","{'id': 4819, 'rank': 28, 'fitness': 0.07241383449126793, 'generation': 65}","{'id': 4699, 'rank': 29, 'fitness': 0.04060837005821977, 'generation': 65}","{'id': 4787, 'rank': 30, 'fitness': 0.01798620996209155, 'generation': 65}"
"{'id': 4903, 'rank': 1, 'fitness': 0.9820137900379085, 'generation': 66}","{'id': 4903, 'rank': 2, 'fitness': 0.9820137900379085, 'generation': 66}","{'id': 4896, 'rank': 3, 'fitness': 0.9809682109004634, 'generation': 66}","{'id': 4897, 'rank': 4, 'fitness': 0.9802486290118393, 'generation': 66}","{'id': 4867, 'rank': 5, 'fitness': 0.9796735720497218, 'generation': 66}","{'id': 4899, 'rank': 6, 'fitness': 0.9788945012552015, 'generation': 66}","{'id': 4724, 'rank': 7, 'fitness': 0.9783422489434754, 'generation': 66}","{'id': 4724, 'rank': 8, 'fitness': 0.9783422489434754, 'generation': 66}","{'id': 4806, 'rank': 9, 'fitness': 0.9780569385082625, 'generation': 66}","{'id': 4806, 'rank': 10, 'fitness': 0.9780569385082625, 'generation': 66}","{'id': 4775, 'rank': 11, 'fitness': 0.9778590714416258, 'generation': 66}","{'id': 4775, 'rank': 12, 'fitness': 0.9778590714416258, 'generation': 66}","{'id': 4775, 'rank': 13, 'fitness': 0.9778590714416258, 'generation': 66}","{'id': 4790, 'rank': 14, 'fitness': 0.9777274681955073, 'generation': 66}","{'id': 4790, 'rank': 15, 'fitness': 0.9777274681955073, 'generation': 66}","{'id': 4838, 'rank': 16, 'fitness': 0.9773068826898221, 'generation': 66}","{'id': 4732, 'rank': 17, 'fitness': 0.9767386514884309, 'generation': 66}","{'id': 4676, 'rank': 18, 'fitness': 0.9760044460154065, 'generation': 66}","{'id': 4839, 'rank': 19, 'fitness': 0.975834953124737, 'generation': 66}","{'id': 4768, 'rank': 20, 'fitness': 0.9754642029693084, 'generation': 66}","{'id': 4904, 'rank': 21, 'fitness': 0.9739395792879338, 'generation': 66}","{'id': 4885, 'rank': 22, 'fitness': 0.9714619663576238, 'generation': 66}","{'id': 4787, 'rank': 23, 'fitness': 0.9706287171517287, 'generation': 66}","{'id': 4854, 'rank': 24, 'fitness': 0.967418064321226, 'generation': 66}","{'id': 4849, 'rank': 25, 'fitness': 0.965429527213491, 'generation': 66}","{'id': 4866, 'rank': 26, 'fitness': 0.962603186331278, 'generation': 66}","{'id': 4873, 'rank': 27, 'fitness': 0.26917314716954016, 'generation': 66}","{'id': 4873, 'rank': 28, 'fitness': 0.26917314716954016, 'generation': 66}","{'id': 4861, 'rank': 29, 'fitness': 0.10631294779194478, 'generation': 66}","{'id': 4894, 'rank': 30, 'fitness': 0.01798620996209155, 'generation': 66}"
"{'id': 4936, 'rank': 1, 'fitness': 0.9820137900379085, 'generation': 67}","{'id': 4937, 'rank': 2, 'fitness': 0.9771962235312592, 'generation': 67}","{'id': 4946, 'rank': 3, 'fitness': 0.9760944238120235, 'generation': 67}","{'id': 4945, 'rank': 4, 'fitness': 0.9699133963398556, 'generation': 67}","{'id': 4945, 'rank': 5, 'fitness': 0.9699133963398556, 'generation': 67}","{'id': 4903, 'rank': 6, 'fitness': 0.9671292966984655, 'generation': 67}","{'id': 4951, 'rank': 7, 'fitness': 0.9319216812166465, 'generation': 67}","{'id': 4896, 'rank': 8, 'fitness': 0.9314709989582802, 'generation': 67}","{'id': 4984, 'rank': 9, 'fitness': 0.8876255705946309, 'generation': 67}","{'id': 4952, 'rank': 10, 'fitness': 0.843220376084634, 'generation': 67}","{'id': 4997, 'rank': 11, 'fitness': 0.7981110626337202, 'generation': 67}","{'id': 4963, 'rank': 12, 'fitness': 0.7942846767069448, 'generation': 67}","{'id': 4976, 'rank': 13, 'fitness': 0.7797539407236312, 'generation': 67}","{'id': 4968, 'rank': 14, 'fitness': 0.7679787879977333, 'generation': 67}","{'id': 4968, 'rank': 15, 'fitness': 0.7679787879977333, 'generation': 67}","{'id': 4724, 'rank': 16, 'fitness': 0.6984187020568458, 'generation': 67}","{'id': 4724, 'rank': 17, 'fitness': 0.6984187020568458, 'generation': 67}","{'id': 4724, 'rank': 18, 'fitness': 0.6984187020568458, 'generation': 67}","{'id': 4918, 'rank': 19, 'fitness': 0.6778683478969983, 'generation': 67}","{'id': 4790, 'rank': 20, 'fitness': 0.612037374304181, 'generation': 67}","{'id': 4919, 'rank': 21, 'fitness': 0.5215687930077649, 'generation': 67}","{'id': 4980, 'rank': 22, 'fitness': 0.5111001121956029, 'generation': 67}","{'id': 4980, 'rank': 23, 'fitness': 0.5111001121956029, 'generation': 67}","{'id': 4921, 'rank': 24, 'fitness': 0.5079665074366845, 'generation': 67}","{'id': 4966, 'rank': 25, 'fitness': 0.4062628840004143, 'generation': 67}","{'id': 4939, 'rank': 26, 'fitness': 0.40395444021468263, 'generation': 67}","{'id': 4990, 'rank': 27, 'fitness': 0.37728385534175457, 'generation': 67}","{'id': 4991, 'rank': 28, 'fitness': 0.35333996581006266, 'generation': 67}","{'id': 4961, 'rank': 29, 'fitness': 0.21515336332696627, 'generation': 67}","{'id': 4942, 'rank': 30, 'fitness': 0.01798620996209155, 'generation': 67}"
"{'id': 5019, 'rank': 1, 'fitness': 0.9820137900379085, 'generation': 68}","{'id': 5022, 'rank': 2, 'fitness': 0.9801734801963213, 'generation': 68}","{'id': 5022, 'rank': 3, 'fitness': 0.9801734801963213, 'generation': 68}","{'id': 5007, 'rank': 4, 'fitness': 0.9757623063759879, 'generation': 68}","{'id': 5007, 'rank': 5, 'fitness': 0.9757623063759879, 'generation': 68}","{'id': 5052, 'rank': 6, 'fitness': 0.9750047004451872, 'generation': 68}","{'id': 5051, 'rank': 7, 'fitness': 0.9750034729370952, 'generation': 68}","{'id': 5009, 'rank': 8, 'fitness': 0.9719752567192377, 'generation': 68}","{'id': 5009, 'rank': 9, 'fitness': 0.9719752567192377, 'generation': 68}","{'id': 5009, 'rank': 10, 'fitness': 0.9719752567192377, 'generation': 68}","{'id': 4937, 'rank': 11, 'fitness': 0.9713344513719206, 'generation': 68}","{'id': 4903, 'rank': 12, 'fitness': 0.968851820514016, 'generation': 68}","{'id': 5065, 'rank': 13, 'fitness': 0.9670419814454734, 'generation': 68}","{'id': 5011, 'rank': 14, 'fitness': 0.9668993019482759, 'generation': 68}","{'id': 5074, 'rank': 15, 'fitness': 0.9668881552782866, 'generation': 68}","{'id': 4896, 'rank': 16, 'fitness': 0.9630846430115433, 'generation': 68}","{'id': 4997, 'rank': 17, 'fitness': 0.9516763981260397, 'generation': 68}","{'id': 4976, 'rank': 18, 'fitness': 0.9505082082302818, 'generation': 68}","{'id': 4976, 'rank': 19, 'fitness': 0.9505082082302818, 'generation': 68}","{'id': 4918, 'rank': 20, 'fitness': 0.9446286452880022, 'generation': 68}","{'id': 5040, 'rank': 21, 'fitness': 0.9444958444095877, 'generation': 68}","{'id': 4921, 'rank': 22, 'fitness': 0.9355096834678873, 'generation': 68}","{'id': 4966, 'rank': 23, 'fitness': 0.9296235403471694, 'generation': 68}","{'id': 4991, 'rank': 24, 'fitness': 0.9261977214902832, 'generation': 68}","{'id': 5042, 'rank': 25, 'fitness': 0.8584230251432081, 'generation': 68}","{'id': 5041, 'rank': 26, 'fitness': 0.6938696449028097, 'generation': 68}","{'id': 5031, 'rank': 27, 'fitness': 0.5157345543348374, 'generation': 68}","{'id': 5038, 'rank': 28, 'fitness': 0.1786585654786526, 'generation': 68}","{'id': 5038, 'rank': 29, 'fitness': 0.1786585654786526, 'generation': 68}","{'id': 5043, 'rank': 30, 'fitness': 0.01798620996209155, 'generation': 68}"
"{'id': 5022, 'rank': 1, 'fitness': 0.9820137900379085, 'generation': 69}","{'id': 5022, 'rank': 2, 'fitness': 0.9820137900379085, 'generation': 69}","{'id': 5105, 'rank': 3, 'fitness': 0.9768952765103469, 'generation': 69}","{'id': 5159, 'rank': 4, 'fitness': 0.9552795260488411, 'generation': 69}","{'id': 5140, 'rank': 5, 'fitness': 0.9502232034764387, 'generation': 69}","{'id': 5118, 'rank': 6, 'fitness': 0.9433694556463734, 'generation': 69}","{'id': 5118, 'rank': 7, 'fitness': 0.9433694556463734, 'generation': 69}","{'id': 5158, 'rank': 8, 'fitness': 0.9416365753484333, 'generation': 69}","{'id': 5141, 'rank': 9, 'fitness': 0.9252592859317188, 'generation': 69}","{'id': 5115, 'rank': 10, 'fitness': 0.9119868117150189, 'generation': 69}","{'id': 5110, 'rank': 11, 'fitness': 0.9029877072914217, 'generation': 69}","{'id': 5121, 'rank': 12, 'fitness': 0.8997698829117854, 'generation': 69}","{'id': 5121, 'rank': 13, 'fitness': 0.8997698829117854, 'generation': 69}","{'id': 5009, 'rank': 14, 'fitness': 0.892452512166434, 'generation': 69}","{'id': 5009, 'rank': 15, 'fitness': 0.892452512166434, 'generation': 69}","{'id': 5117, 'rank': 16, 'fitness': 0.8814332619902778, 'generation': 69}","{'id': 4937, 'rank': 17, 'fitness': 0.8799941774932349, 'generation': 69}","{'id': 5093, 'rank': 18, 'fitness': 0.7536395869528556, 'generation': 69}","{'id': 5093, 'rank': 19, 'fitness': 0.7536395869528556, 'generation': 69}","{'id': 5093, 'rank': 20, 'fitness': 0.7536395869528556, 'generation': 69}","{'id': 5093, 'rank': 21, 'fitness': 0.7536395869528556, 'generation': 69}","{'id': 4896, 'rank': 22, 'fitness': 0.64628100234393, 'generation': 69}","{'id': 4896, 'rank': 23, 'fitness': 0.64628100234393, 'generation': 69}","{'id': 5096, 'rank': 24, 'fitness': 0.5433143626290187, 'generation': 69}","{'id': 4997, 'rank': 25, 'fitness': 0.29072445846655026, 'generation': 69}","{'id': 5099, 'rank': 26, 'fitness': 0.23789312544975266, 'generation': 69}","{'id': 5100, 'rank': 27, 'fitness': 0.13806852020744376, 'generation': 69}","{'id': 5157, 'rank': 28, 'fitness': 0.1276908764855661, 'generation': 69}","{'id': 5155, 'rank': 29, 'fitness': 0.04179656018656697, 'generation': 69}","{'id': 5103, 'rank': 30, 'fitness': 0.01798620996209155, 'generation': 69}"
"{'id': 5170, 'rank': 1, 'fitness': 0.9820137900379085, 'generation': 70}","{'id': 5022, 'rank': 2, 'fitness': 0.9788966300240114, 'generation': 70}","{'id': 5022, 'rank': 3, 'fitness': 0.9788966300240114, 'generation': 70}","{'id': 5225, 'rank': 4, 'fitness': 0.9787997224615618, 'generation': 70}","{'id': 5232, 'rank': 5, 'fitness': 0.9783413523640189, 'generation': 70}","{'id': 5168, 'rank': 6, 'fitness': 0.9773532187121563, 'generation': 70}","{'id': 5167, 'rank': 7, 'fitness': 0.9772254331790549, 'generation': 70}","{'id': 5166, 'rank': 8, 'fitness': 0.9769334713234826, 'generation': 70}","{'id': 5158, 'rank': 9, 'fitness': 0.9764477160498773, 'generation': 70}","{'id': 5233, 'rank': 10, 'fitness': 0.9763534153279012, 'generation': 70}","{'id': 5177, 'rank': 11, 'fitness': 0.976241020171958, 'generation': 70}","{'id': 5227, 'rank': 12, 'fitness': 0.9761249486523103, 'generation': 70}","{'id': 5115, 'rank': 13, 'fitness': 0.9754912407263895, 'generation': 70}","{'id': 5199, 'rank': 14, 'fitness': 0.9753989103115535, 'generation': 70}","{'id': 5182, 'rank': 15, 'fitness': 0.9753242445788044, 'generation': 70}","{'id': 5110, 'rank': 16, 'fitness': 0.9752538922566444, 'generation': 70}","{'id': 5121, 'rank': 17, 'fitness': 0.9751732869065695, 'generation': 70}","{'id': 5117, 'rank': 18, 'fitness': 0.9747491986536505, 'generation': 70}","{'id': 5198, 'rank': 19, 'fitness': 0.9717828153481018, 'generation': 70}","{'id': 5213, 'rank': 20, 'fitness': 0.9717136304951459, 'generation': 70}","{'id': 4896, 'rank': 21, 'fitness': 0.9713644613177678, 'generation': 70}","{'id': 5169, 'rank': 22, 'fitness': 0.9713636481908973, 'generation': 70}","{'id': 5175, 'rank': 23, 'fitness': 0.9681564902737003, 'generation': 70}","{'id': 5099, 'rank': 24, 'fitness': 0.9664724687808038, 'generation': 70}","{'id': 5181, 'rank': 25, 'fitness': 0.9629896180318618, 'generation': 70}","{'id': 5185, 'rank': 26, 'fitness': 0.9569757867095311, 'generation': 70}","{'id': 5202, 'rank': 27, 'fitness': 0.9559709155357043, 'generation': 70}","{'id': 5219, 'rank': 28, 'fitness': 0.9484879139356004, 'generation': 70}","{'id': 5189, 'rank': 29, 'fitness': 0.9239718402479564, 'generation': 70}","{'id': 5238, 'rank': 30, 'fitness': 0.01798620996209155, 'generation': 70}"
"{'id': 5248, 'rank': 1, 'fitness': 0.9820137900379085, 'generation': 71}","{'id': 5247, 'rank': 2, 'fitness': 0.9702383429671007, 'generation': 71}","{'id': 5325, 'rank': 3, 'fitness': 0.9670940019498209, 'generation': 71}","{'id': 5325, 'rank': 4, 'fitness': 0.9670940019498209, 'generation': 71}","{'id': 5277, 'rank': 5, 'fitness': 0.9634885960655082, 'generation': 71}","{'id': 5319, 'rank': 6, 'fitness': 0.9528842870625319, 'generation': 71}","{'id': 5318, 'rank': 7, 'fitness': 0.921677278087919, 'generation': 71}","{'id': 5318, 'rank': 8, 'fitness': 0.921677278087919, 'generation': 71}","{'id': 5158, 'rank': 9, 'fitness': 0.8701921666917283, 'generation': 71}","{'id': 5177, 'rank': 10, 'fitness': 0.8581244834093911, 'generation': 71}","{'id': 5177, 'rank': 11, 'fitness': 0.8581244834093911, 'generation': 71}","{'id': 5227, 'rank': 12, 'fitness': 0.8509941480293878, 'generation': 71}","{'id': 5304, 'rank': 13, 'fitness': 0.8461596541571248, 'generation': 71}","{'id': 5261, 'rank': 14, 'fitness': 0.8293576916441399, 'generation': 71}","{'id': 5269, 'rank': 15, 'fitness': 0.796082123794194, 'generation': 71}","{'id': 5121, 'rank': 16, 'fitness': 0.7827858917943225, 'generation': 71}","{'id': 5279, 'rank': 17, 'fitness': 0.7807590415532685, 'generation': 71}","{'id': 5271, 'rank': 18, 'fitness': 0.7351365283131708, 'generation': 71}","{'id': 5290, 'rank': 19, 'fitness': 0.7320337678347766, 'generation': 71}","{'id': 5301, 'rank': 20, 'fitness': 0.6477138133289243, 'generation': 71}","{'id': 5315, 'rank': 21, 'fitness': 0.6394742955103362, 'generation': 71}","{'id': 5270, 'rank': 22, 'fitness': 0.6041174112572292, 'generation': 71}","{'id': 5198, 'rank': 23, 'fitness': 0.44291606657986826, 'generation': 71}","{'id': 5175, 'rank': 24, 'fitness': 0.15950912961769625, 'generation': 71}","{'id': 5322, 'rank': 25, 'fitness': 0.1170631067754973, 'generation': 71}","{'id': 5297, 'rank': 26, 'fitness': 0.0945321612864144, 'generation': 71}","{'id': 5239, 'rank': 27, 'fitness': 0.07889006002165977, 'generation': 71}","{'id': 5299, 'rank': 28, 'fitness': 0.07749972753341883, 'generation': 71}","{'id': 5181, 'rank': 29, 'fitness': 0.030721433090326267, 'generation': 71}","{'id': 5296, 'rank': 30, 'fitness': 0.01798620996209155, 'generation': 71}"
"{'id': 5391, 'rank': 1, 'fitness': 0.9820137900379085, 'generation': 72}","{'id': 5247, 'rank': 2, 'fitness': 0.9817002555465455, 'generation': 72}","{'id': 5247, 'rank': 3, 'fitness': 0.9817002555465455, 'generation': 72}","{'id': 5349, 'rank': 4, 'fitness': 0.9816565583201907, 'generation': 72}","{'id': 5349, 'rank': 5, 'fitness': 0.9816565583201907, 'generation': 72}","{'id': 5325, 'rank': 6, 'fitness': 0.9816479819967342, 'generation': 72}","{'id': 5382, 'rank': 7, 'fitness': 0.9815952660958798, 'generation': 72}","{'id': 5382, 'rank': 8, 'fitness': 0.9815952660958798, 'generation': 72}","{'id': 5318, 'rank': 9, 'fitness': 0.9811801124903725, 'generation': 72}","{'id': 5397, 'rank': 10, 'fitness': 0.98096773275105, 'generation': 72}","{'id': 5397, 'rank': 11, 'fitness': 0.98096773275105, 'generation': 72}","{'id': 5177, 'rank': 12, 'fitness': 0.9808325689505164, 'generation': 72}","{'id': 5177, 'rank': 13, 'fitness': 0.9808325689505164, 'generation': 72}","{'id': 5177, 'rank': 14, 'fitness': 0.9808325689505164, 'generation': 72}","{'id': 5352, 'rank': 15, 'fitness': 0.9808160562032608, 'generation': 72}","{'id': 5304, 'rank': 16, 'fitness': 0.980782447629005, 'generation': 72}","{'id': 5339, 'rank': 17, 'fitness': 0.980727649800685, 'generation': 72}","{'id': 5261, 'rank': 18, 'fitness': 0.9807169904980714, 'generation': 72}","{'id': 5261, 'rank': 19, 'fitness': 0.9807169904980714, 'generation': 72}","{'id': 5269, 'rank': 20, 'fitness': 0.9806005264595942, 'generation': 72}","{'id': 5121, 'rank': 21, 'fitness': 0.9805578247368278, 'generation': 72}","{'id': 5271, 'rank': 22, 'fitness': 0.9804178131168257, 'generation': 72}","{'id': 5181, 'rank': 23, 'fitness': 0.9778607661471862, 'generation': 72}","{'id': 5331, 'rank': 24, 'fitness': 0.9775271635686962, 'generation': 72}","{'id': 5373, 'rank': 25, 'fitness': 0.9764386750097174, 'generation': 72}","{'id': 5340, 'rank': 26, 'fitness': 0.976059519944501, 'generation': 72}","{'id': 5365, 'rank': 27, 'fitness': 0.9705098224986852, 'generation': 72}","{'id': 5378, 'rank': 28, 'fitness': 0.9703848234812549, 'generation': 72}","{'id': 5341, 'rank': 29, 'fitness': 0.9624158529597444, 'generation': 72}","{'id': 5345, 'rank': 30, 'fitness': 0.01798620996209155, 'generation': 72}"
"{'id': 5412, 'rank': 1, 'fitness': 0.9820137900379085, 'generation': 73}","{'id': 5391, 'rank': 2, 'fitness': 0.9801122214704767, 'generation': 73}","{'id': 5391, 'rank': 3, 'fitness': 0.9801122214704767, 'generation': 73}","{'id': 5449, 'rank': 4, 'fitness': 0.9786002770717197, 'generation': 73}","{'id': 5461, 'rank': 5, 'fitness': 0.9774284560550945, 'generation': 73}","{'id': 5437, 'rank': 6, 'fitness': 0.9764797561063177, 'generation': 73}","{'id': 5448, 'rank': 7, 'fitness': 0.9749657381403842, 'generation': 73}","{'id': 5448, 'rank': 8, 'fitness': 0.9749657381403842, 'generation': 73}","{'id': 5247, 'rank': 9, 'fitness': 0.9739913958347202, 'generation': 73}","{'id': 5247, 'rank': 10, 'fitness': 0.9739913958347202, 'generation': 73}","{'id': 5462, 'rank': 11, 'fitness': 0.9727153804747648, 'generation': 73}","{'id': 5382, 'rank': 12, 'fitness': 0.9715862989913852, 'generation': 73}","{'id': 5460, 'rank': 13, 'fitness': 0.9688912659479321, 'generation': 73}","{'id': 5407, 'rank': 14, 'fitness': 0.9619332326054775, 'generation': 73}","{'id': 5407, 'rank': 15, 'fitness': 0.9619332326054775, 'generation': 73}","{'id': 5407, 'rank': 16, 'fitness': 0.9619332326054775, 'generation': 73}","{'id': 5429, 'rank': 17, 'fitness': 0.9605541374835516, 'generation': 73}","{'id': 5473, 'rank': 18, 'fitness': 0.9590850565397462, 'generation': 73}","{'id': 5424, 'rank': 19, 'fitness': 0.9524163969618145, 'generation': 73}","{'id': 5399, 'rank': 20, 'fitness': 0.9500483949831773, 'generation': 73}","{'id': 5177, 'rank': 21, 'fitness': 0.9471738977385294, 'generation': 73}","{'id': 5177, 'rank': 22, 'fitness': 0.9471738977385294, 'generation': 73}","{'id': 5472, 'rank': 23, 'fitness': 0.9407470851199635, 'generation': 73}","{'id': 5269, 'rank': 24, 'fitness': 0.9367344249680688, 'generation': 73}","{'id': 5410, 'rank': 25, 'fitness': 0.9268120849342494, 'generation': 73}","{'id': 5430, 'rank': 26, 'fitness': 0.9221519893300305, 'generation': 73}","{'id': 5444, 'rank': 27, 'fitness': 0.9147077788296604, 'generation': 73}","{'id': 5443, 'rank': 28, 'fitness': 0.9133153485205623, 'generation': 73}","{'id': 5467, 'rank': 29, 'fitness': 0.4155974628289467, 'generation': 73}","{'id': 5365, 'rank': 30, 'fitness': 0.01798620996209155, 'generation': 73}"
"{'id': 5412, 'rank': 1, 'fitness': 0.9820137900379085, 'generation': 74}","{'id': 5412, 'rank': 2, 'fitness': 0.9820137900379085, 'generation': 74}","{'id': 5412, 'rank': 3, 'fitness': 0.9820137900379085, 'generation': 74}","{'id': 5484, 'rank': 4, 'fitness': 0.9802313945640834, 'generation': 74}","{'id': 5496, 'rank': 5, 'fitness': 0.9791584105223983, 'generation': 74}","{'id': 5391, 'rank': 6, 'fitness': 0.9744754598135967, 'generation': 74}","{'id': 5391, 'rank': 7, 'fitness': 0.9744754598135967, 'generation': 74}","{'id': 5534, 'rank': 8, 'fitness': 0.9715872389781373, 'generation': 74}","{'id': 5461, 'rank': 9, 'fitness': 0.9604796576006975, 'generation': 74}","{'id': 5461, 'rank': 10, 'fitness': 0.9604796576006975, 'generation': 74}","{'id': 5488, 'rank': 11, 'fitness': 0.9561657735328196, 'generation': 74}","{'id': 5448, 'rank': 12, 'fitness': 0.943755830257508, 'generation': 74}","{'id': 5247, 'rank': 13, 'fitness': 0.9360358950910451, 'generation': 74}","{'id': 5516, 'rank': 14, 'fitness': 0.9160083782842076, 'generation': 74}","{'id': 5516, 'rank': 15, 'fitness': 0.9160083782842076, 'generation': 74}","{'id': 5382, 'rank': 16, 'fitness': 0.9141841413243799, 'generation': 74}","{'id': 5487, 'rank': 17, 'fitness': 0.892149052837614, 'generation': 74}","{'id': 5460, 'rank': 18, 'fitness': 0.8848995874063338, 'generation': 74}","{'id': 5529, 'rank': 19, 'fitness': 0.821256021074825, 'generation': 74}","{'id': 5529, 'rank': 20, 'fitness': 0.821256021074825, 'generation': 74}","{'id': 5511, 'rank': 21, 'fitness': 0.8022407995065493, 'generation': 74}","{'id': 5473, 'rank': 22, 'fitness': 0.740244875667723, 'generation': 74}","{'id': 5537, 'rank': 23, 'fitness': 0.7043970592136795, 'generation': 74}","{'id': 5495, 'rank': 24, 'fitness': 0.7017559075319043, 'generation': 74}","{'id': 5495, 'rank': 25, 'fitness': 0.7017559075319043, 'generation': 74}","{'id': 5399, 'rank': 26, 'fitness': 0.5786584558431909, 'generation': 74}","{'id': 5177, 'rank': 27, 'fitness': 0.5277942568156504, 'generation': 74}","{'id': 5480, 'rank': 28, 'fitness': 0.5023353682533162, 'generation': 74}","{'id': 5491, 'rank': 29, 'fitness': 0.4118738898942788, 'generation': 74}","{'id': 5497, 'rank': 30, 'fitness': 0.01798620996209155, 'generation': 74}"
"{'id': 5566, 'rank': 1, 'fitness': 0.9820137900379085, 'generation': 75}","{'id': 5566, 'rank': 2, 'fitness': 0.9820137900379085, 'generation': 75}","{'id': 5570, 'rank': 3, 'fitness': 0.981698938769342, 'generation': 75}","{'id': 5412, 'rank': 4, 'fitness': 0.9800642124947545, 'generation': 75}","{'id': 5412, 'rank': 5, 'fitness': 0.9800642124947545, 'generation': 75}","{'id': 5412, 'rank': 6, 'fitness': 0.9800642124947545, 'generation': 75}","{'id': 5412, 'rank': 7, 'fitness': 0.9800642124947545, 'generation': 75}","{'id': 5595, 'rank': 8, 'fitness': 0.9797799093080811, 'generation': 75}","{'id': 5595, 'rank': 9, 'fitness': 0.9797799093080811, 'generation': 75}","{'id': 5588, 'rank': 10, 'fitness': 0.9779828284853334, 'generation': 75}","{'id': 5567, 'rank': 11, 'fitness': 0.9765959396857438, 'generation': 75}","{'id': 5567, 'rank': 12, 'fitness': 0.9765959396857438, 'generation': 75}","{'id': 5247, 'rank': 13, 'fitness': 0.9760483881045854, 'generation': 75}","{'id': 5516, 'rank': 14, 'fitness': 0.9750491077392573, 'generation': 75}","{'id': 5382, 'rank': 15, 'fitness': 0.9749675771701265, 'generation': 75}","{'id': 5578, 'rank': 16, 'fitness': 0.9745413067972071, 'generation': 75}","{'id': 5557, 'rank': 17, 'fitness': 0.9740159440679714, 'generation': 75}","{'id': 5550, 'rank': 18, 'fitness': 0.9727910386083555, 'generation': 75}","{'id': 5177, 'rank': 19, 'fitness': 0.9658075965254971, 'generation': 75}","{'id': 5480, 'rank': 20, 'fitness': 0.9653245775914263, 'generation': 75}","{'id': 5551, 'rank': 21, 'fitness': 0.9650588077355098, 'generation': 75}","{'id': 5491, 'rank': 22, 'fitness': 0.9635379602600516, 'generation': 75}","{'id': 5543, 'rank': 23, 'fitness': 0.9612934246867462, 'generation': 75}","{'id': 5560, 'rank': 24, 'fitness': 0.9441649972609543, 'generation': 75}","{'id': 5587, 'rank': 25, 'fitness': 0.9315855324820586, 'generation': 75}","{'id': 5563, 'rank': 26, 'fitness': 0.9108658455684295, 'generation': 75}","{'id': 5562, 'rank': 27, 'fitness': 0.8961671951277805, 'generation': 75}","{'id': 5589, 'rank': 28, 'fitness': 0.15711462764471368, 'generation': 75}","{'id': 5581, 'rank': 29, 'fitness': 0.12729818379458818, 'generation': 75}","{'id': 5597, 'rank': 30, 'fitness': 0.01798620996209155, 'generation': 75}"
"{'id': 5613, 'rank': 1, 'fitness': 0.9820137900379085, 'generation': 76}","{'id': 5622, 'rank': 2, 'fitness': 0.97921650682863, 'generation': 76}","{'id': 5625, 'rank': 3, 'fitness': 0.9785068628082418, 'generation': 76}","{'id': 5678, 'rank': 4, 'fitness': 0.9761873213379835, 'generation': 76}","{'id': 5624, 'rank': 5, 'fitness': 0.970578090626036, 'generation': 76}","{'id': 5680, 'rank': 6, 'fitness': 0.9692255414701099, 'generation': 76}","{'id': 5662, 'rank': 7, 'fitness': 0.9633380022143699, 'generation': 76}","{'id': 5412, 'rank': 8, 'fitness': 0.958552415392216, 'generation': 76}","{'id': 5595, 'rank': 9, 'fitness': 0.9558624926999828, 'generation': 76}","{'id': 5668, 'rank': 10, 'fitness': 0.9474275059263921, 'generation': 76}","{'id': 5652, 'rank': 11, 'fitness': 0.9470390349856233, 'generation': 76}","{'id': 5614, 'rank': 12, 'fitness': 0.9442620087393842, 'generation': 76}","{'id': 5588, 'rank': 13, 'fitness': 0.9358294794106077, 'generation': 76}","{'id': 5567, 'rank': 14, 'fitness': 0.9165019191449333, 'generation': 76}","{'id': 5247, 'rank': 15, 'fitness': 0.9078834159347893, 'generation': 76}","{'id': 5660, 'rank': 16, 'fitness': 0.8944074324985274, 'generation': 76}","{'id': 5617, 'rank': 17, 'fitness': 0.8898937945526776, 'generation': 76}","{'id': 5642, 'rank': 18, 'fitness': 0.8497666895991067, 'generation': 76}","{'id': 5670, 'rank': 19, 'fitness': 0.8485902477851861, 'generation': 76}","{'id': 5550, 'rank': 20, 'fitness': 0.8446454890909275, 'generation': 76}","{'id': 5654, 'rank': 21, 'fitness': 0.8417527455898709, 'generation': 76}","{'id': 5673, 'rank': 22, 'fitness': 0.7790495166837299, 'generation': 76}","{'id': 5645, 'rank': 23, 'fitness': 0.7702053092220587, 'generation': 76}","{'id': 5616, 'rank': 24, 'fitness': 0.7516848224287698, 'generation': 76}","{'id': 5646, 'rank': 25, 'fitness': 0.7353299809115779, 'generation': 76}","{'id': 5551, 'rank': 26, 'fitness': 0.6271236753308354, 'generation': 76}","{'id': 5665, 'rank': 27, 'fitness': 0.6168142135504995, 'generation': 76}","{'id': 5648, 'rank': 28, 'fitness': 0.3275066259992534, 'generation': 76}","{'id': 5629, 'rank': 29, 'fitness': 0.05899240939026984, 'generation': 76}","{'id': 5563, 'rank': 30, 'fitness': 0.01798620996209155, 'generation': 76}"
"{'id': 5700, 'rank': 1, 'fitness': 0.9820137900379085, 'generation': 77}","{'id': 5701, 'rank': 2, 'fitness': 0.9806197751162119, 'generation': 77}","{'id': 5750, 'rank': 3, 'fitness': 0.9781379745003774, 'generation': 77}","{'id': 5709, 'rank': 4, 'fitness': 0.9727218596780058, 'generation': 77}","{'id': 5692, 'rank': 5, 'fitness': 0.9713319545094221, 'generation': 77}","{'id': 5622, 'rank': 6, 'fitness': 0.9686520922861606, 'generation': 77}","{'id': 5678, 'rank': 7, 'fitness': 0.9668645387810804, 'generation': 77}","{'id': 5678, 'rank': 8, 'fitness': 0.9668645387810804, 'generation': 77}","{'id': 5697, 'rank': 9, 'fitness': 0.9668090084035361, 'generation': 77}","{'id': 5704, 'rank': 10, 'fitness': 0.9644858392311918, 'generation': 77}","{'id': 5624, 'rank': 11, 'fitness': 0.963875084898949, 'generation': 77}","{'id': 5680, 'rank': 12, 'fitness': 0.9632047257302466, 'generation': 77}","{'id': 5717, 'rank': 13, 'fitness': 0.9606278834672382, 'generation': 77}","{'id': 5662, 'rank': 14, 'fitness': 0.9604676632813619, 'generation': 77}","{'id': 5662, 'rank': 15, 'fitness': 0.9604676632813619, 'generation': 77}","{'id': 5737, 'rank': 16, 'fitness': 0.9598851140382585, 'generation': 77}","{'id': 5412, 'rank': 17, 'fitness': 0.958422458450057, 'generation': 77}","{'id': 5719, 'rank': 18, 'fitness': 0.9568447272323697, 'generation': 77}","{'id': 5668, 'rank': 19, 'fitness': 0.954131053574452, 'generation': 77}","{'id': 5652, 'rank': 20, 'fitness': 0.953990779525573, 'generation': 77}","{'id': 5567, 'rank': 21, 'fitness': 0.944319796278002, 'generation': 77}","{'id': 5660, 'rank': 22, 'fitness': 0.938434866088231, 'generation': 77}","{'id': 5708, 'rank': 23, 'fitness': 0.9376408089183008, 'generation': 77}","{'id': 5617, 'rank': 24, 'fitness': 0.9373091647774814, 'generation': 77}","{'id': 5550, 'rank': 25, 'fitness': 0.9270033722509397, 'generation': 77}","{'id': 5551, 'rank': 26, 'fitness': 0.8867922706991445, 'generation': 77}","{'id': 5699, 'rank': 27, 'fitness': 0.7595683551052588, 'generation': 77}","{'id': 5563, 'rank': 28, 'fitness': 0.5491253277532917, 'generation': 77}","{'id': 5729, 'rank': 29, 'fitness': 0.3472456945522441, 'generation': 77}","{'id': 5725, 'rank': 30, 'fitness': 0.01798620996209155, 'generation': 77}"
"{'id': 5825, 'rank': 1, 'fitness': 0.9820137900379085, 'generation': 78}","{'id': 5825, 'rank': 2, 'fitness': 0.9820137900379085, 'generation': 78}","{'id': 5825, 'rank': 3, 'fitness': 0.9820137900379085, 'generation': 78}","{'id': 5825, 'rank': 4, 'fitness': 0.9820137900379085, 'generation': 78}","{'id': 5799, 'rank': 5, 'fitness': 0.9817580888643445, 'generation': 78}","{'id': 5799, 'rank': 6, 'fitness': 0.9817580888643445, 'generation': 78}","{'id': 5809, 'rank': 7, 'fitness': 0.9732569915088245, 'generation': 78}","{'id': 5797, 'rank': 8, 'fitness': 0.971746076510861, 'generation': 78}","{'id': 5815, 'rank': 9, 'fitness': 0.9681363495495474, 'generation': 78}","{'id': 5709, 'rank': 10, 'fitness': 0.9657709026331647, 'generation': 78}","{'id': 5757, 'rank': 11, 'fitness': 0.961612802890738, 'generation': 78}","{'id': 5757, 'rank': 12, 'fitness': 0.961612802890738, 'generation': 78}","{'id': 5823, 'rank': 13, 'fitness': 0.9605688759409087, 'generation': 78}","{'id': 5704, 'rank': 14, 'fitness': 0.9496122943174581, 'generation': 78}","{'id': 5680, 'rank': 15, 'fitness': 0.9469407933091367, 'generation': 78}","{'id': 5824, 'rank': 16, 'fitness': 0.9467906933460777, 'generation': 78}","{'id': 5824, 'rank': 17, 'fitness': 0.9467906933460777, 'generation': 78}","{'id': 5717, 'rank': 18, 'fitness': 0.9414512999748992, 'generation': 78}","{'id': 5662, 'rank': 19, 'fitness': 0.9411050346571188, 'generation': 78}","{'id': 5818, 'rank': 20, 'fitness': 0.9394735397283697, 'generation': 78}","{'id': 5719, 'rank': 21, 'fitness': 0.933128757905586, 'generation': 78}","{'id': 5785, 'rank': 22, 'fitness': 0.917884218564992, 'generation': 78}","{'id': 5785, 'rank': 23, 'fitness': 0.917884218564992, 'generation': 78}","{'id': 5821, 'rank': 24, 'fitness': 0.914849436844845, 'generation': 78}","{'id': 5551, 'rank': 25, 'fitness': 0.749157010227576, 'generation': 78}","{'id': 5551, 'rank': 26, 'fitness': 0.749157010227576, 'generation': 78}","{'id': 5766, 'rank': 27, 'fitness': 0.7344350688028739, 'generation': 78}","{'id': 5766, 'rank': 28, 'fitness': 0.7344350688028739, 'generation': 78}","{'id': 5810, 'rank': 29, 'fitness': 0.7104784242741838, 'generation': 78}","{'id': 5764, 'rank': 30, 'fitness': 0.01798620996209155, 'generation': 78}"
"{'id': 5870, 'rank': 1, 'fitness': 0.9820137900379085, 'generation': 79}","{'id': 5870, 'rank': 2, 'fitness': 0.9820137900379085, 'generation': 79}","{'id': 5870, 'rank': 3, 'fitness': 0.9820137900379085, 'generation': 79}","{'id': 5829, 'rank': 4, 'fitness': 0.8890442046418672, 'generation': 79}","{'id': 5825, 'rank': 5, 'fitness': 0.8279014772594084, 'generation': 79}","{'id': 5825, 'rank': 6, 'fitness': 0.8279014772594084, 'generation': 79}","{'id': 5825, 'rank': 7, 'fitness': 0.8279014772594084, 'generation': 79}","{'id': 5825, 'rank': 8, 'fitness': 0.8279014772594084, 'generation': 79}","{'id': 5825, 'rank': 9, 'fitness': 0.8279014772594084, 'generation': 79}","{'id': 5799, 'rank': 10, 'fitness': 0.8230019436759739, 'generation': 79}","{'id': 5904, 'rank': 11, 'fitness': 0.7803171241409723, 'generation': 79}","{'id': 5874, 'rank': 12, 'fitness': 0.7488970884396262, 'generation': 79}","{'id': 5838, 'rank': 13, 'fitness': 0.6974992518642777, 'generation': 79}","{'id': 5809, 'rank': 14, 'fitness': 0.6482495443710246, 'generation': 79}","{'id': 5903, 'rank': 15, 'fitness': 0.6117294564579194, 'generation': 79}","{'id': 5903, 'rank': 16, 'fitness': 0.6117294564579194, 'generation': 79}","{'id': 5872, 'rank': 17, 'fitness': 0.6034982268192052, 'generation': 79}","{'id': 5872, 'rank': 18, 'fitness': 0.6034982268192052, 'generation': 79}","{'id': 5872, 'rank': 19, 'fitness': 0.6034982268192052, 'generation': 79}","{'id': 5887, 'rank': 20, 'fitness': 0.5281580324059819, 'generation': 79}","{'id': 5887, 'rank': 21, 'fitness': 0.5281580324059819, 'generation': 79}","{'id': 5757, 'rank': 22, 'fitness': 0.4323915134364705, 'generation': 79}","{'id': 5916, 'rank': 23, 'fitness': 0.318782725722768, 'generation': 79}","{'id': 5898, 'rank': 24, 'fitness': 0.2944866827418363, 'generation': 79}","{'id': 5898, 'rank': 25, 'fitness': 0.2944866827418363, 'generation': 79}","{'id': 5717, 'rank': 26, 'fitness': 0.21069382313890073, 'generation': 79}","{'id': 5897, 'rank': 27, 'fitness': 0.15343376460793112, 'generation': 79}","{'id': 5853, 'rank': 28, 'fitness': 0.09973875304866336, 'generation': 79}","{'id': 5821, 'rank': 29, 'fitness': 0.09325315366304632, 'generation': 79}","{'id': 5893, 'rank': 30, 'fitness': 0.01798620996209155, 'generation': 79}"
"{'id': 5928, 'rank': 1, 'fitness': 0.9820137900379085, 'generation': 80}","{'id': 5946, 'rank': 2, 'fitness': 0.9819865279987439, 'generation': 80}","{'id': 5920, 'rank': 3, 'fitness': 0.9817068750793192, 'generation': 80}","{'id': 5949, 'rank': 4, 'fitness': 0.9808721688072428, 'generation': 80}","{'id': 5870, 'rank': 5, 'fitness': 0.9807617174231091, 'generation': 80}","{'id': 5870, 'rank': 6, 'fitness': 0.9807617174231091, 'generation': 80}","{'id': 5948, 'rank': 7, 'fitness': 0.9806188258393114, 'generation': 80}","{'id': 5948, 'rank': 8, 'fitness': 0.9806188258393114, 'generation': 80}","{'id': 5829, 'rank': 9, 'fitness': 0.9788470721794823, 'generation': 80}","{'id': 5829, 'rank': 10, 'fitness': 0.9788470721794823, 'generation': 80}","{'id': 5829, 'rank': 11, 'fitness': 0.9788470721794823, 'generation': 80}","{'id': 5825, 'rank': 12, 'fitness': 0.9783074152136907, 'generation': 80}","{'id': 5825, 'rank': 13, 'fitness': 0.9783074152136907, 'generation': 80}","{'id': 5799, 'rank': 14, 'fitness': 0.9782709688750255, 'generation': 80}","{'id': 5904, 'rank': 15, 'fitness': 0.9779802269889524, 'generation': 80}","{'id': 5874, 'rank': 16, 'fitness': 0.977789506381691, 'generation': 80}","{'id': 5809, 'rank': 17, 'fitness': 0.977255822867787, 'generation': 80}","{'id': 5872, 'rank': 18, 'fitness': 0.9770402893758462, 'generation': 80}","{'id': 5887, 'rank': 19, 'fitness': 0.9766898502989735, 'generation': 80}","{'id': 5757, 'rank': 20, 'fitness': 0.9762436189614099, 'generation': 80}","{'id': 5853, 'rank': 21, 'fitness': 0.9738796827363563, 'generation': 80}","{'id': 5922, 'rank': 22, 'fitness': 0.9663411530674751, 'generation': 80}","{'id': 5922, 'rank': 23, 'fitness': 0.9663411530674751, 'generation': 80}","{'id': 5974, 'rank': 24, 'fitness': 0.9448849984545343, 'generation': 80}","{'id': 5944, 'rank': 25, 'fitness': 0.9141005793054537, 'generation': 80}","{'id': 5950, 'rank': 26, 'fitness': 0.8749085667741956, 'generation': 80}","{'id': 5931, 'rank': 27, 'fitness': 0.8585715366787372, 'generation': 80}","{'id': 5976, 'rank': 28, 'fitness': 0.8465471249131598, 'generation': 80}","{'id': 5945, 'rank': 29, 'fitness': 0.8213960389933795, 'generation': 80}","{'id': 5935, 'rank': 30, 'fitness': 0.01798620996209155, 'generation': 80}"
"{'id': 6036, 'rank': 1, 'fitness': 0.9820137900379085, 'generation': 81}","{'id': 6000, 'rank': 2, 'fitness': 0.9812119485105544, 'generation': 81}","{'id': 5928, 'rank': 3, 'fitness': 0.9788665667432073, 'generation': 81}","{'id': 5920, 'rank': 4, 'fitness': 0.9775567481544756, 'generation': 81}","{'id': 5920, 'rank': 5, 'fitness': 0.9775567481544756, 'generation': 81}","{'id': 6035, 'rank': 6, 'fitness': 0.9766169249492229, 'generation': 81}","{'id': 6045, 'rank': 7, 'fitness': 0.9762688082085615, 'generation': 81}","{'id': 5949, 'rank': 8, 'fitness': 0.9737084599182056, 'generation': 81}","{'id': 5999, 'rank': 9, 'fitness': 0.973469551612232, 'generation': 81}","{'id': 5870, 'rank': 10, 'fitness': 0.9731670102046546, 'generation': 81}","{'id': 5948, 'rank': 11, 'fitness': 0.9724550917388488, 'generation': 81}","{'id': 6043, 'rank': 12, 'fitness': 0.9709427878809063, 'generation': 81}","{'id': 5990, 'rank': 13, 'fitness': 0.9699907824159506, 'generation': 81}","{'id': 6037, 'rank': 14, 'fitness': 0.9691058634505687, 'generation': 81}","{'id': 6037, 'rank': 15, 'fitness': 0.9691058634505687, 'generation': 81}","{'id': 6044, 'rank': 16, 'fitness': 0.9683787218256455, 'generation': 81}","{'id': 6041, 'rank': 17, 'fitness': 0.9679844087085216, 'generation': 81}","{'id': 5829, 'rank': 18, 'fitness': 0.962511304406495, 'generation': 81}","{'id': 5829, 'rank': 19, 'fitness': 0.962511304406495, 'generation': 81}","{'id': 5904, 'rank': 20, 'fitness': 0.9568546332535592, 'generation': 81}","{'id': 5872, 'rank': 21, 'fitness': 0.9500994653543777, 'generation': 81}","{'id': 5887, 'rank': 22, 'fitness': 0.9474106478096493, 'generation': 81}","{'id': 6011, 'rank': 23, 'fitness': 0.9453806331765948, 'generation': 81}","{'id': 6008, 'rank': 24, 'fitness': 0.9425315982809453, 'generation': 81}","{'id': 6047, 'rank': 25, 'fitness': 0.922802684011425, 'generation': 81}","{'id': 5853, 'rank': 26, 'fitness': 0.9223633931139238, 'generation': 81}","{'id': 6029, 'rank': 27, 'fitness': 0.8033881266824414, 'generation': 81}","{'id': 6028, 'rank': 28, 'fitness': 0.7608310067031407, 'generation': 81}","{'id': 6056, 'rank': 29, 'fitness': 0.058596919689646976, 'generation': 81}","{'id': 5931, 'rank': 30, 'fitness': 0.01798620996209155, 'generation': 81}"
"{'id': 6090, 'rank': 1, 'fitness': 0.9820137900379085, 'generation': 82}","{'id': 6090, 'rank': 2, 'fitness': 0.9820137900379085, 'generation': 82}","{'id': 6070, 'rank': 3, 'fitness': 0.9734684141150136, 'generation': 82}","{'id': 6070, 'rank': 4, 'fitness': 0.9734684141150136, 'generation': 82}","{'id': 6106, 'rank': 5, 'fitness': 0.9701375165500126, 'generation': 82}","{'id': 6074, 'rank': 6, 'fitness': 0.9679627543375957, 'generation': 82}","{'id': 6074, 'rank': 7, 'fitness': 0.9679627543375957, 'generation': 82}","{'id': 6073, 'rank': 8, 'fitness': 0.967944362811192, 'generation': 82}","{'id': 6105, 'rank': 9, 'fitness': 0.9664038566437357, 'generation': 82}","{'id': 6124, 'rank': 10, 'fitness': 0.9653388973724335, 'generation': 82}","{'id': 6068, 'rank': 11, 'fitness': 0.9649755651805733, 'generation': 82}","{'id': 6071, 'rank': 12, 'fitness': 0.963809527529397, 'generation': 82}","{'id': 5870, 'rank': 13, 'fitness': 0.9631105920130827, 'generation': 82}","{'id': 6132, 'rank': 14, 'fitness': 0.9606826887451394, 'generation': 82}","{'id': 5990, 'rank': 15, 'fitness': 0.9588005017283872, 'generation': 82}","{'id': 6134, 'rank': 16, 'fitness': 0.9584206841641543, 'generation': 82}","{'id': 6131, 'rank': 17, 'fitness': 0.9577813187896693, 'generation': 82}","{'id': 6037, 'rank': 18, 'fitness': 0.9576016613745192, 'generation': 82}","{'id': 6072, 'rank': 19, 'fitness': 0.9575144031729881, 'generation': 82}","{'id': 6086, 'rank': 20, 'fitness': 0.9518771552696201, 'generation': 82}","{'id': 6142, 'rank': 21, 'fitness': 0.951431342719674, 'generation': 82}","{'id': 5829, 'rank': 22, 'fitness': 0.9486946004557375, 'generation': 82}","{'id': 5904, 'rank': 23, 'fitness': 0.9410916604027311, 'generation': 82}","{'id': 6112, 'rank': 24, 'fitness': 0.9385303251864316, 'generation': 82}","{'id': 6108, 'rank': 25, 'fitness': 0.9345947813374255, 'generation': 82}","{'id': 5887, 'rank': 26, 'fitness': 0.9284738992394107, 'generation': 82}","{'id': 6011, 'rank': 27, 'fitness': 0.9257738724381589, 'generation': 82}","{'id': 6094, 'rank': 28, 'fitness': 0.8978500224853032, 'generation': 82}","{'id': 6065, 'rank': 29, 'fitness': 0.8549987138111576, 'generation': 82}","{'id': 6114, 'rank': 30, 'fitness': 0.01798620996209155, 'generation': 82}"
"{'id': 6201, 'rank': 1, 'fitness': 0.9820137900379085, 'generation': 83}","{'id': 6201, 'rank': 2, 'fitness': 0.9820137900379085, 'generation': 83}","{'id': 6201, 'rank': 3, 'fitness': 0.9820137900379085, 'generation': 83}","{'id': 6185, 'rank': 4, 'fitness': 0.9432306542270146, 'generation': 83}","{'id': 6185, 'rank': 5, 'fitness': 0.9432306542270146, 'generation': 83}","{'id': 6185, 'rank': 6, 'fitness': 0.9432306542270146, 'generation': 83}","{'id': 6209, 'rank': 7, 'fitness': 0.9329883889796395, 'generation': 83}","{'id': 6209, 'rank': 8, 'fitness': 0.9329883889796395, 'generation': 83}","{'id': 6169, 'rank': 9, 'fitness': 0.8346339068786385, 'generation': 83}","{'id': 6211, 'rank': 10, 'fitness': 0.798806702808119, 'generation': 83}","{'id': 6186, 'rank': 11, 'fitness': 0.7919625275530258, 'generation': 83}","{'id': 6186, 'rank': 12, 'fitness': 0.7919625275530258, 'generation': 83}","{'id': 6168, 'rank': 13, 'fitness': 0.7022806117630459, 'generation': 83}","{'id': 6178, 'rank': 14, 'fitness': 0.6064489868026658, 'generation': 83}","{'id': 6149, 'rank': 15, 'fitness': 0.5224343813452983, 'generation': 83}","{'id': 6149, 'rank': 16, 'fitness': 0.5224343813452983, 'generation': 83}","{'id': 6206, 'rank': 17, 'fitness': 0.4890709686667166, 'generation': 83}","{'id': 6074, 'rank': 18, 'fitness': 0.42842379738837205, 'generation': 83}","{'id': 6124, 'rank': 19, 'fitness': 0.33359955524661733, 'generation': 83}","{'id': 6068, 'rank': 20, 'fitness': 0.3218012408845219, 'generation': 83}","{'id': 6221, 'rank': 21, 'fitness': 0.30329260357228494, 'generation': 83}","{'id': 6202, 'rank': 22, 'fitness': 0.2913569847532972, 'generation': 83}","{'id': 6225, 'rank': 23, 'fitness': 0.23401081917059702, 'generation': 83}","{'id': 6223, 'rank': 24, 'fitness': 0.19717582413345153, 'generation': 83}","{'id': 6198, 'rank': 25, 'fitness': 0.13528558562898385, 'generation': 83}","{'id': 6215, 'rank': 26, 'fitness': 0.08719915281138718, 'generation': 83}","{'id': 6215, 'rank': 27, 'fitness': 0.08719915281138718, 'generation': 83}","{'id': 6215, 'rank': 28, 'fitness': 0.08719915281138718, 'generation': 83}","{'id': 6217, 'rank': 29, 'fitness': 0.07394242432250392, 'generation': 83}","{'id': 6108, 'rank': 30, 'fitness': 0.01798620996209155, 'generation': 83}"
"{'id': 6268, 'rank': 1, 'fitness': 0.9820137900379085, 'generation': 84}","{'id': 6201, 'rank': 2, 'fitness': 0.980923756374912, 'generation': 84}","{'id': 6266, 'rank': 3, 'fitness': 0.9808066665654023, 'generation': 84}","{'id': 6260, 'rank': 4, 'fitness': 0.9807392438932474, 'generation': 84}","{'id': 6260, 'rank': 5, 'fitness': 0.9807392438932474, 'generation': 84}","{'id': 6281, 'rank': 6, 'fitness': 0.9807234134632485, 'generation': 84}","{'id': 6267, 'rank': 7, 'fitness': 0.9804842793908839, 'generation': 84}","{'id': 6263, 'rank': 8, 'fitness': 0.9802732566861574, 'generation': 84}","{'id': 6263, 'rank': 9, 'fitness': 0.9802732566861574, 'generation': 84}","{'id': 6261, 'rank': 10, 'fitness': 0.9801037003260386, 'generation': 84}","{'id': 6252, 'rank': 11, 'fitness': 0.9799057468957089, 'generation': 84}","{'id': 6185, 'rank': 12, 'fitness': 0.9798968708524978, 'generation': 84}","{'id': 6185, 'rank': 13, 'fitness': 0.9798968708524978, 'generation': 84}","{'id': 6209, 'rank': 14, 'fitness': 0.9797397243426812, 'generation': 84}","{'id': 6211, 'rank': 15, 'fitness': 0.978589365088629, 'generation': 84}","{'id': 6247, 'rank': 16, 'fitness': 0.9784230423721538, 'generation': 84}","{'id': 6247, 'rank': 17, 'fitness': 0.9784230423721538, 'generation': 84}","{'id': 6254, 'rank': 18, 'fitness': 0.9779300282377876, 'generation': 84}","{'id': 6206, 'rank': 19, 'fitness': 0.9772076960745575, 'generation': 84}","{'id': 6068, 'rank': 20, 'fitness': 0.9764943812598479, 'generation': 84}","{'id': 6221, 'rank': 21, 'fitness': 0.976405316322877, 'generation': 84}","{'id': 6202, 'rank': 22, 'fitness': 0.9763460741421486, 'generation': 84}","{'id': 6198, 'rank': 23, 'fitness': 0.9753219803849246, 'generation': 84}","{'id': 6257, 'rank': 24, 'fitness': 0.9750139315783213, 'generation': 84}","{'id': 6215, 'rank': 25, 'fitness': 0.9747825743438236, 'generation': 84}","{'id': 6258, 'rank': 26, 'fitness': 0.9738679538713593, 'generation': 84}","{'id': 6284, 'rank': 27, 'fitness': 0.24103002215729213, 'generation': 84}","{'id': 6285, 'rank': 28, 'fitness': 0.03394636784624189, 'generation': 84}","{'id': 6253, 'rank': 29, 'fitness': 0.01798620996209155, 'generation': 84}","{'id': 6253, 'rank': 30, 'fitness': 0.01798620996209155, 'generation': 84}"
"{'id': 6355, 'rank': 1, 'fitness': 0.9820137900379085, 'generation': 85}","{'id': 6268, 'rank': 2, 'fitness': 0.9607444974834691, 'generation': 85}","{'id': 6311, 'rank': 3, 'fitness': 0.8926876551977112, 'generation': 85}","{'id': 6370, 'rank': 4, 'fitness': 0.8276692473063476, 'generation': 85}","{'id': 6370, 'rank': 5, 'fitness': 0.8276692473063476, 'generation': 85}","{'id': 6370, 'rank': 6, 'fitness': 0.8276692473063476, 'generation': 85}","{'id': 6297, 'rank': 7, 'fitness': 0.818067028228471, 'generation': 85}","{'id': 6297, 'rank': 8, 'fitness': 0.818067028228471, 'generation': 85}","{'id': 6201, 'rank': 9, 'fitness': 0.808341060042689, 'generation': 85}","{'id': 6260, 'rank': 10, 'fitness': 0.7597691575118758, 'generation': 85}","{'id': 6281, 'rank': 11, 'fitness': 0.7552559700067965, 'generation': 85}","{'id': 6281, 'rank': 12, 'fitness': 0.7552559700067965, 'generation': 85}","{'id': 6296, 'rank': 13, 'fitness': 0.665354346886546, 'generation': 85}","{'id': 6309, 'rank': 14, 'fitness': 0.6422559045194897, 'generation': 85}","{'id': 6301, 'rank': 15, 'fitness': 0.6295467868137811, 'generation': 85}","{'id': 6294, 'rank': 16, 'fitness': 0.6124007512923665, 'generation': 85}","{'id': 6263, 'rank': 17, 'fitness': 0.6073785275899706, 'generation': 85}","{'id': 6333, 'rank': 18, 'fitness': 0.6069693404754165, 'generation': 85}","{'id': 6333, 'rank': 19, 'fitness': 0.6069693404754165, 'generation': 85}","{'id': 6338, 'rank': 20, 'fitness': 0.506889855935573, 'generation': 85}","{'id': 6252, 'rank': 21, 'fitness': 0.47100827081876534, 'generation': 85}","{'id': 6185, 'rank': 22, 'fitness': 0.4677159877028615, 'generation': 85}","{'id': 6334, 'rank': 23, 'fitness': 0.411727679645019, 'generation': 85}","{'id': 6209, 'rank': 24, 'fitness': 0.4103768753256022, 'generation': 85}","{'id': 6209, 'rank': 25, 'fitness': 0.4103768753256022, 'generation': 85}","{'id': 6376, 'rank': 26, 'fitness': 0.3677310635337458, 'generation': 85}","{'id': 6376, 'rank': 27, 'fitness': 0.3677310635337458, 'generation': 85}","{'id': 6373, 'rank': 28, 'fitness': 0.1075039805078995, 'generation': 85}","{'id': 6247, 'rank': 29, 'fitness': 0.09546775173603061, 'generation': 85}","{'id': 6342, 'rank': 30, 'fitness': 0.01798620996209155, 'generation': 85}"
"{'id': 6400, 'rank': 1, 'fitness': 0.9820137900379085, 'generation': 86}","{'id': 6400, 'rank': 2, 'fitness': 0.9820137900379085, 'generation': 86}","{'id': 6438, 'rank': 3, 'fitness': 0.9816242416617476, 'generation': 86}","{'id': 6438, 'rank': 4, 'fitness': 0.9816242416617476, 'generation': 86}","{'id': 6268, 'rank': 5, 'fitness': 0.981269395532667, 'generation': 86}","{'id': 6436, 'rank': 6, 'fitness': 0.9807592917966768, 'generation': 86}","{'id': 6370, 'rank': 7, 'fitness': 0.9804910929817807, 'generation': 86}","{'id': 6201, 'rank': 8, 'fitness': 0.9804276439984074, 'generation': 86}","{'id': 6201, 'rank': 9, 'fitness': 0.9804276439984074, 'generation': 86}","{'id': 6201, 'rank': 10, 'fitness': 0.9804276439984074, 'generation': 86}","{'id': 6201, 'rank': 11, 'fitness': 0.9804276439984074, 'generation': 86}","{'id': 6281, 'rank': 12, 'fitness': 0.9802742506311073, 'generation': 86}","{'id': 6309, 'rank': 13, 'fitness': 0.9800055027393881, 'generation': 86}","{'id': 6294, 'rank': 14, 'fitness': 0.9799415976881658, 'generation': 86}","{'id': 6294, 'rank': 15, 'fitness': 0.9799415976881658, 'generation': 86}","{'id': 6263, 'rank': 16, 'fitness': 0.9799310194475228, 'generation': 86}","{'id': 6333, 'rank': 17, 'fitness': 0.9799301594814289, 'generation': 86}","{'id': 6185, 'rank': 18, 'fitness': 0.9796455248647454, 'generation': 86}","{'id': 6185, 'rank': 19, 'fitness': 0.9796455248647454, 'generation': 86}","{'id': 6398, 'rank': 20, 'fitness': 0.9775989414742265, 'generation': 86}","{'id': 6399, 'rank': 21, 'fitness': 0.9747806477436034, 'generation': 86}","{'id': 6431, 'rank': 22, 'fitness': 0.9661087014012117, 'generation': 86}","{'id': 6431, 'rank': 23, 'fitness': 0.9661087014012117, 'generation': 86}","{'id': 6431, 'rank': 24, 'fitness': 0.9661087014012117, 'generation': 86}","{'id': 6424, 'rank': 25, 'fitness': 0.9564804886205752, 'generation': 86}","{'id': 6423, 'rank': 26, 'fitness': 0.9501241254237092, 'generation': 86}","{'id': 6384, 'rank': 27, 'fitness': 0.9378300860513349, 'generation': 86}","{'id': 6419, 'rank': 28, 'fitness': 0.5976318242512243, 'generation': 86}","{'id': 6408, 'rank': 29, 'fitness': 0.4185017318710495, 'generation': 86}","{'id': 6406, 'rank': 30, 'fitness': 0.01798620996209155, 'generation': 86}"
"{'id': 6514, 'rank': 1, 'fitness': 0.9820137900379085, 'generation': 87}","{'id': 6400, 'rank': 2, 'fitness': 0.9803438910563944, 'generation': 87}","{'id': 6478, 'rank': 3, 'fitness': 0.978513544031927, 'generation': 87}","{'id': 6478, 'rank': 4, 'fitness': 0.978513544031927, 'generation': 87}","{'id': 6524, 'rank': 5, 'fitness': 0.9781416971464889, 'generation': 87}","{'id': 6522, 'rank': 6, 'fitness': 0.9780634693225555, 'generation': 87}","{'id': 6476, 'rank': 7, 'fitness': 0.9765436480836971, 'generation': 87}","{'id': 6510, 'rank': 8, 'fitness': 0.9763605420595061, 'generation': 87}","{'id': 6479, 'rank': 9, 'fitness': 0.9760284868010038, 'generation': 87}","{'id': 6472, 'rank': 10, 'fitness': 0.971231843297306, 'generation': 87}","{'id': 6436, 'rank': 11, 'fitness': 0.9695885553868943, 'generation': 87}","{'id': 6474, 'rank': 12, 'fitness': 0.9691397107842137, 'generation': 87}","{'id': 6523, 'rank': 13, 'fitness': 0.9671304102887995, 'generation': 87}","{'id': 6523, 'rank': 14, 'fitness': 0.9671304102887995, 'generation': 87}","{'id': 6519, 'rank': 15, 'fitness': 0.9663821417411886, 'generation': 87}","{'id': 6201, 'rank': 16, 'fitness': 0.9660570109867423, 'generation': 87}","{'id': 6281, 'rank': 17, 'fitness': 0.9643145712393181, 'generation': 87}","{'id': 6309, 'rank': 18, 'fitness': 0.9610875582250942, 'generation': 87}","{'id': 6309, 'rank': 19, 'fitness': 0.9610875582250942, 'generation': 87}","{'id': 6294, 'rank': 20, 'fitness': 0.9602865953702997, 'generation': 87}","{'id': 6294, 'rank': 21, 'fitness': 0.9602865953702997, 'generation': 87}","{'id': 6518, 'rank': 22, 'fitness': 0.9589217699043863, 'generation': 87}","{'id': 6489, 'rank': 23, 'fitness': 0.9580202005901735, 'generation': 87}","{'id': 6185, 'rank': 24, 'fitness': 0.9564008555641532, 'generation': 87}","{'id': 6460, 'rank': 25, 'fitness': 0.9509902164215394, 'generation': 87}","{'id': 6457, 'rank': 26, 'fitness': 0.9275450453159488, 'generation': 87}","{'id': 6450, 'rank': 27, 'fitness': 0.9266133918390307, 'generation': 87}","{'id': 6446, 'rank': 28, 'fitness': 0.9201677190578841, 'generation': 87}","{'id': 6487, 'rank': 29, 'fitness': 0.03328074162142747, 'generation': 87}","{'id': 6501, 'rank': 30, 'fitness': 0.01798620996209155, 'generation': 87}"
"{'id': 6514, 'rank': 1, 'fitness': 0.9820137900379085, 'generation': 88}","{'id': 6514, 'rank': 2, 'fitness': 0.9820137900379085, 'generation': 88}","{'id': 6576, 'rank': 3, 'fitness': 0.9524472249710079, 'generation': 88}","{'id': 6524, 'rank': 4, 'fitness': 0.9308795730146238, 'generation': 88}","{'id': 6522, 'rank': 5, 'fitness': 0.929207538358295, 'generation': 88}","{'id': 6476, 'rank': 6, 'fitness': 0.8901509882017304, 'generation': 88}","{'id': 6550, 'rank': 7, 'fitness': 0.8847742626873851, 'generation': 88}","{'id': 6479, 'rank': 8, 'fitness': 0.8738797731232131, 'generation': 88}","{'id': 6479, 'rank': 9, 'fitness': 0.8738797731232131, 'generation': 88}","{'id': 6547, 'rank': 10, 'fitness': 0.818921234941417, 'generation': 88}","{'id': 6551, 'rank': 11, 'fitness': 0.8072039725154929, 'generation': 88}","{'id': 6551, 'rank': 12, 'fitness': 0.8072039725154929, 'generation': 88}","{'id': 6543, 'rank': 13, 'fitness': 0.7980575188020285, 'generation': 88}","{'id': 6543, 'rank': 14, 'fitness': 0.7980575188020285, 'generation': 88}","{'id': 6549, 'rank': 15, 'fitness': 0.7975498499587954, 'generation': 88}","{'id': 6545, 'rank': 16, 'fitness': 0.7116045019876182, 'generation': 88}","{'id': 6585, 'rank': 17, 'fitness': 0.7098578277170438, 'generation': 88}","{'id': 6474, 'rank': 18, 'fitness': 0.5270862954128592, 'generation': 88}","{'id': 6474, 'rank': 19, 'fitness': 0.5270862954128592, 'generation': 88}","{'id': 6552, 'rank': 20, 'fitness': 0.5130039495747714, 'generation': 88}","{'id': 6523, 'rank': 21, 'fitness': 0.41338471122888365, 'generation': 88}","{'id': 6523, 'rank': 22, 'fitness': 0.41338471122888365, 'generation': 88}","{'id': 6592, 'rank': 23, 'fitness': 0.34695988986067944, 'generation': 88}","{'id': 6555, 'rank': 24, 'fitness': 0.3211631964346375, 'generation': 88}","{'id': 6562, 'rank': 25, 'fitness': 0.19905247721436092, 'generation': 88}","{'id': 6590, 'rank': 26, 'fitness': 0.18740872704899442, 'generation': 88}","{'id': 6294, 'rank': 27, 'fitness': 0.15048191391727855, 'generation': 88}","{'id': 6518, 'rank': 28, 'fitness': 0.12146924366271994, 'generation': 88}","{'id': 6610, 'rank': 29, 'fitness': 0.025267750351429363, 'generation': 88}","{'id': 6569, 'rank': 30, 'fitness': 0.01798620996209155, 'generation': 88}"
"{'id': 6631, 'rank': 1, 'fitness': 0.9820137900379085, 'generation': 89}","{'id': 6665, 'rank': 2, 'fitness': 0.9819899699970185, 'generation': 89}","{'id': 6665, 'rank': 3, 'fitness': 0.9819899699970185, 'generation': 89}","{'id': 6660, 'rank': 4, 'fitness': 0.9816469265845895, 'generation': 89}","{'id': 6660, 'rank': 5, 'fitness': 0.9816469265845895, 'generation': 89}","{'id': 6514, 'rank': 6, 'fitness': 0.9813575544745575, 'generation': 89}","{'id': 6632, 'rank': 7, 'fitness': 0.9809877119340213, 'generation': 89}","{'id': 6524, 'rank': 8, 'fitness': 0.9806281437525304, 'generation': 89}","{'id': 6476, 'rank': 9, 'fitness': 0.9803565609713483, 'generation': 89}","{'id': 6550, 'rank': 10, 'fitness': 0.9803275568060444, 'generation': 89}","{'id': 6479, 'rank': 11, 'fitness': 0.9802721024540939, 'generation': 89}","{'id': 6479, 'rank': 12, 'fitness': 0.9802721024540939, 'generation': 89}","{'id': 6547, 'rank': 13, 'fitness': 0.9800401546598724, 'generation': 89}","{'id': 6551, 'rank': 14, 'fitness': 0.9799979486993535, 'generation': 89}","{'id': 6543, 'rank': 15, 'fitness': 0.9799662853196962, 'generation': 89}","{'id': 6545, 'rank': 16, 'fitness': 0.9797061806867549, 'generation': 89}","{'id': 6523, 'rank': 17, 'fitness': 0.9789979288232609, 'generation': 89}","{'id': 6555, 'rank': 18, 'fitness': 0.9787677176266927, 'generation': 89}","{'id': 6661, 'rank': 19, 'fitness': 0.9785328118155392, 'generation': 89}","{'id': 6294, 'rank': 20, 'fitness': 0.9781895118678825, 'generation': 89}","{'id': 6518, 'rank': 21, 'fitness': 0.9780412720578366, 'generation': 89}","{'id': 6647, 'rank': 22, 'fitness': 0.9776951881913685, 'generation': 89}","{'id': 6646, 'rank': 23, 'fitness': 0.9754384947343853, 'generation': 89}","{'id': 6649, 'rank': 24, 'fitness': 0.9732003135372354, 'generation': 89}","{'id': 6673, 'rank': 25, 'fitness': 0.97198207813191, 'generation': 89}","{'id': 6637, 'rank': 26, 'fitness': 0.9576472904762727, 'generation': 89}","{'id': 6667, 'rank': 27, 'fitness': 0.9321737328279329, 'generation': 89}","{'id': 6650, 'rank': 28, 'fitness': 0.9285811346432846, 'generation': 89}","{'id': 6656, 'rank': 29, 'fitness': 0.6801059054177585, 'generation': 89}","{'id': 6669, 'rank': 30, 'fitness': 0.01798620996209155, 'generation': 89}"
"{'id': 6665, 'rank': 1, 'fitness': 0.9820137900379085, 'generation': 90}","{'id': 6762, 'rank': 2, 'fitness': 0.981918413619682, 'generation': 90}","{'id': 6708, 'rank': 3, 'fitness': 0.9810329177833202, 'generation': 90}","{'id': 6660, 'rank': 4, 'fitness': 0.9783847266441745, 'generation': 90}","{'id': 6514, 'rank': 5, 'fitness': 0.974839456169986, 'generation': 90}","{'id': 6709, 'rank': 6, 'fitness': 0.9747167744617384, 'generation': 90}","{'id': 6632, 'rank': 7, 'fitness': 0.9695768514926809, 'generation': 90}","{'id': 6755, 'rank': 8, 'fitness': 0.9692591414365623, 'generation': 90}","{'id': 6524, 'rank': 9, 'fitness': 0.9635710675167525, 'generation': 90}","{'id': 6703, 'rank': 10, 'fitness': 0.9634012060620099, 'generation': 90}","{'id': 6712, 'rank': 11, 'fitness': 0.9632773462592766, 'generation': 90}","{'id': 6701, 'rank': 12, 'fitness': 0.9593322718515052, 'generation': 90}","{'id': 6713, 'rank': 13, 'fitness': 0.9550300073249994, 'generation': 90}","{'id': 6713, 'rank': 14, 'fitness': 0.9550300073249994, 'generation': 90}","{'id': 6543, 'rank': 15, 'fitness': 0.9498327015825332, 'generation': 90}","{'id': 6737, 'rank': 16, 'fitness': 0.9495011907190041, 'generation': 90}","{'id': 6696, 'rank': 17, 'fitness': 0.9480956731459187, 'generation': 90}","{'id': 6545, 'rank': 18, 'fitness': 0.9433462637273862, 'generation': 90}","{'id': 6686, 'rank': 19, 'fitness': 0.9430737467883574, 'generation': 90}","{'id': 6765, 'rank': 20, 'fitness': 0.9365141545115891, 'generation': 90}","{'id': 6711, 'rank': 21, 'fitness': 0.9363634233289785, 'generation': 90}","{'id': 6711, 'rank': 22, 'fitness': 0.9363634233289785, 'generation': 90}","{'id': 6722, 'rank': 23, 'fitness': 0.9253406786248892, 'generation': 90}","{'id': 6725, 'rank': 24, 'fitness': 0.9081654247203238, 'generation': 90}","{'id': 6294, 'rank': 25, 'fitness': 0.8903344892087397, 'generation': 90}","{'id': 6706, 'rank': 26, 'fitness': 0.8632693684478454, 'generation': 90}","{'id': 6756, 'rank': 27, 'fitness': 0.8507956225205147, 'generation': 90}","{'id': 6756, 'rank': 28, 'fitness': 0.8507956225205147, 'generation': 90}","{'id': 6691, 'rank': 29, 'fitness': 0.8411965182873122, 'generation': 90}","{'id': 6733, 'rank': 30, 'fitness': 0.01798620996209155, 'generation': 90}"
"{'id': 6825, 'rank': 1, 'fitness': 0.9820137900379085, 'generation': 91}","{'id': 6825, 'rank': 2, 'fitness': 0.9820137900379085, 'generation': 91}","{'id': 6812, 'rank': 3, 'fitness': 0.9730081979463688, 'generation': 91}","{'id': 6797, 'rank': 4, 'fitness': 0.9619157455033387, 'generation': 91}","{'id': 6807, 'rank': 5, 'fitness': 0.9597515786663369, 'generation': 91}","{'id': 6807, 'rank': 6, 'fitness': 0.9597515786663369, 'generation': 91}","{'id': 6867, 'rank': 7, 'fitness': 0.9596182272366055, 'generation': 91}","{'id': 6660, 'rank': 8, 'fitness': 0.9572626829643178, 'generation': 91}","{'id': 6844, 'rank': 9, 'fitness': 0.9530023585621858, 'generation': 91}","{'id': 6844, 'rank': 10, 'fitness': 0.9530023585621858, 'generation': 91}","{'id': 6514, 'rank': 11, 'fitness': 0.9508080148939722, 'generation': 91}","{'id': 6709, 'rank': 12, 'fitness': 0.9505862827363998, 'generation': 91}","{'id': 6709, 'rank': 13, 'fitness': 0.9505862827363998, 'generation': 91}","{'id': 6834, 'rank': 14, 'fitness': 0.943383564932069, 'generation': 91}","{'id': 6793, 'rank': 15, 'fitness': 0.9427501130430656, 'generation': 91}","{'id': 6632, 'rank': 16, 'fitness': 0.9413868616366527, 'generation': 91}","{'id': 6843, 'rank': 17, 'fitness': 0.914693982510441, 'generation': 91}","{'id': 6838, 'rank': 18, 'fitness': 0.9144269874174464, 'generation': 91}","{'id': 6737, 'rank': 19, 'fitness': 0.9068827941505009, 'generation': 91}","{'id': 6821, 'rank': 20, 'fitness': 0.8915174201121219, 'generation': 91}","{'id': 6711, 'rank': 21, 'fitness': 0.885312163760725, 'generation': 91}","{'id': 6711, 'rank': 22, 'fitness': 0.885312163760725, 'generation': 91}","{'id': 6841, 'rank': 23, 'fitness': 0.8542410658951072, 'generation': 91}","{'id': 6725, 'rank': 24, 'fitness': 0.8411759915287128, 'generation': 91}","{'id': 6827, 'rank': 25, 'fitness': 0.8259340558228927, 'generation': 91}","{'id': 6864, 'rank': 26, 'fitness': 0.7861290421014775, 'generation': 91}","{'id': 6814, 'rank': 27, 'fitness': 0.7123852483587503, 'generation': 91}","{'id': 6785, 'rank': 28, 'fitness': 0.4158660219421785, 'generation': 91}","{'id': 6804, 'rank': 29, 'fitness': 0.12906159667331907, 'generation': 91}","{'id': 6802, 'rank': 30, 'fitness': 0.01798620996209155, 'generation': 91}"
"{'id': 6932, 'rank': 1, 'fitness': 0.9820137900379085, 'generation': 92}","{'id': 6913, 'rank': 2, 'fitness': 0.9774715130205778, 'generation': 92}","{'id': 6915, 'rank': 3, 'fitness': 0.9762006260089018, 'generation': 92}","{'id': 6915, 'rank': 4, 'fitness': 0.9762006260089018, 'generation': 92}","{'id': 6915, 'rank': 5, 'fitness': 0.9762006260089018, 'generation': 92}","{'id': 6915, 'rank': 6, 'fitness': 0.9762006260089018, 'generation': 92}","{'id': 6912, 'rank': 7, 'fitness': 0.9749175738988349, 'generation': 92}","{'id': 6912, 'rank': 8, 'fitness': 0.9749175738988349, 'generation': 92}","{'id': 6928, 'rank': 9, 'fitness': 0.9722190353462926, 'generation': 92}","{'id': 6807, 'rank': 10, 'fitness': 0.9714100698238097, 'generation': 92}","{'id': 6807, 'rank': 11, 'fitness': 0.9714100698238097, 'generation': 92}","{'id': 6807, 'rank': 12, 'fitness': 0.9714100698238097, 'generation': 92}","{'id': 6867, 'rank': 13, 'fitness': 0.97134560866691, 'generation': 92}","{'id': 6911, 'rank': 14, 'fitness': 0.9710612515639319, 'generation': 92}","{'id': 6876, 'rank': 15, 'fitness': 0.9709696346082616, 'generation': 92}","{'id': 6914, 'rank': 16, 'fitness': 0.9674747827399195, 'generation': 92}","{'id': 6934, 'rank': 17, 'fitness': 0.9673652164024819, 'generation': 92}","{'id': 6709, 'rank': 18, 'fitness': 0.9671129090879856, 'generation': 92}","{'id': 6793, 'rank': 19, 'fitness': 0.9636190425093873, 'generation': 92}","{'id': 6793, 'rank': 20, 'fitness': 0.9636190425093873, 'generation': 92}","{'id': 6875, 'rank': 21, 'fitness': 0.9634964486015455, 'generation': 92}","{'id': 6874, 'rank': 22, 'fitness': 0.9618545453594469, 'generation': 92}","{'id': 6924, 'rank': 23, 'fitness': 0.9538533725392822, 'generation': 92}","{'id': 6924, 'rank': 24, 'fitness': 0.9538533725392822, 'generation': 92}","{'id': 6924, 'rank': 25, 'fitness': 0.9538533725392822, 'generation': 92}","{'id': 6711, 'rank': 26, 'fitness': 0.9408661860938319, 'generation': 92}","{'id': 6841, 'rank': 27, 'fitness': 0.9296743611960482, 'generation': 92}","{'id': 6906, 'rank': 28, 'fitness': 0.06310739403799553, 'generation': 92}","{'id': 6917, 'rank': 29, 'fitness': 0.024673821665857132, 'generation': 92}","{'id': 6918, 'rank': 30, 'fitness': 0.01798620996209155, 'generation': 92}"
"{'id': 6949, 'rank': 1, 'fitness': 0.9820137900379085, 'generation': 93}","{'id': 6953, 'rank': 2, 'fitness': 0.9779354488893396, 'generation': 93}","{'id': 6932, 'rank': 3, 'fitness': 0.9735681063042891, 'generation': 93}","{'id': 6991, 'rank': 4, 'fitness': 0.9651349388723824, 'generation': 93}","{'id': 7019, 'rank': 5, 'fitness': 0.9574872842378848, 'generation': 93}","{'id': 7006, 'rank': 6, 'fitness': 0.9535483994265835, 'generation': 93}","{'id': 7006, 'rank': 7, 'fitness': 0.9535483994265835, 'generation': 93}","{'id': 6913, 'rank': 8, 'fitness': 0.920200599940397, 'generation': 93}","{'id': 6915, 'rank': 9, 'fitness': 0.8967088243779399, 'generation': 93}","{'id': 6915, 'rank': 10, 'fitness': 0.8967088243779399, 'generation': 93}","{'id': 6915, 'rank': 11, 'fitness': 0.8967088243779399, 'generation': 93}","{'id': 6915, 'rank': 12, 'fitness': 0.8967088243779399, 'generation': 93}","{'id': 6915, 'rank': 13, 'fitness': 0.8967088243779399, 'generation': 93}","{'id': 6980, 'rank': 14, 'fitness': 0.8863616547653497, 'generation': 93}","{'id': 6937, 'rank': 15, 'fitness': 0.7922633862083622, 'generation': 93}","{'id': 6998, 'rank': 16, 'fitness': 0.7722299769912861, 'generation': 93}","{'id': 6867, 'rank': 17, 'fitness': 0.7681403742943237, 'generation': 93}","{'id': 6957, 'rank': 18, 'fitness': 0.7047948065518465, 'generation': 93}","{'id': 6965, 'rank': 19, 'fitness': 0.6578741531178399, 'generation': 93}","{'id': 6965, 'rank': 20, 'fitness': 0.6578741531178399, 'generation': 93}","{'id': 7018, 'rank': 21, 'fitness': 0.4939060266688982, 'generation': 93}","{'id': 7004, 'rank': 22, 'fitness': 0.34500468601134626, 'generation': 93}","{'id': 7015, 'rank': 23, 'fitness': 0.32457972689599063, 'generation': 93}","{'id': 7016, 'rank': 24, 'fitness': 0.3105504800513612, 'generation': 93}","{'id': 6986, 'rank': 25, 'fitness': 0.2594906497575431, 'generation': 93}","{'id': 6982, 'rank': 26, 'fitness': 0.026036495156885775, 'generation': 93}","{'id': 6982, 'rank': 27, 'fitness': 0.026036495156885775, 'generation': 93}","{'id': 6974, 'rank': 28, 'fitness': 0.02344752257097321, 'generation': 93}","{'id': 7008, 'rank': 29, 'fitness': 0.01798620996209155, 'generation': 93}","{'id': 7008, 'rank': 30, 'fitness': 0.01798620996209155, 'generation': 93}"
"{'id': 7071, 'rank': 1, 'fitness': 0.9820137900379085, 'generation': 94}","{'id': 7071, 'rank': 2, 'fitness': 0.9820137900379085, 'generation': 94}","{'id': 7081, 'rank': 3, 'fitness': 0.9814928914676015, 'generation': 94}","{'id': 7081, 'rank': 4, 'fitness': 0.9814928914676015, 'generation': 94}","{'id': 7047, 'rank': 5, 'fitness': 0.981217895203116, 'generation': 94}","{'id': 6949, 'rank': 6, 'fitness': 0.9808166962285935, 'generation': 94}","{'id': 6991, 'rank': 7, 'fitness': 0.9789109744643791, 'generation': 94}","{'id': 7080, 'rank': 8, 'fitness': 0.9784323733359221, 'generation': 94}","{'id': 7006, 'rank': 9, 'fitness': 0.9780144200774523, 'generation': 94}","{'id': 7038, 'rank': 10, 'fitness': 0.9754052417355975, 'generation': 94}","{'id': 6915, 'rank': 11, 'fitness': 0.9752210156002513, 'generation': 94}","{'id': 6915, 'rank': 12, 'fitness': 0.9752210156002513, 'generation': 94}","{'id': 7040, 'rank': 13, 'fitness': 0.9744975645836749, 'generation': 94}","{'id': 7079, 'rank': 14, 'fitness': 0.9725613136079225, 'generation': 94}","{'id': 7079, 'rank': 15, 'fitness': 0.9725613136079225, 'generation': 94}","{'id': 7023, 'rank': 16, 'fitness': 0.972378569920594, 'generation': 94}","{'id': 7023, 'rank': 17, 'fitness': 0.972378569920594, 'generation': 94}","{'id': 6998, 'rank': 18, 'fitness': 0.9717736362602585, 'generation': 94}","{'id': 6957, 'rank': 19, 'fitness': 0.97037195254148, 'generation': 94}","{'id': 6957, 'rank': 20, 'fitness': 0.97037195254148, 'generation': 94}","{'id': 7039, 'rank': 21, 'fitness': 0.9698995933052457, 'generation': 94}","{'id': 6965, 'rank': 22, 'fitness': 0.96947363716018, 'generation': 94}","{'id': 7031, 'rank': 23, 'fitness': 0.9673301531309002, 'generation': 94}","{'id': 7046, 'rank': 24, 'fitness': 0.9451815251739515, 'generation': 94}","{'id': 7008, 'rank': 25, 'fitness': 0.9424532885133137, 'generation': 94}","{'id': 7008, 'rank': 26, 'fitness': 0.9424532885133137, 'generation': 94}","{'id': 7085, 'rank': 27, 'fitness': 0.9227531087434302, 'generation': 94}","{'id': 7083, 'rank': 28, 'fitness': 0.9158757967812722, 'generation': 94}","{'id': 7057, 'rank': 29, 'fitness': 0.03109893974926614, 'generation': 94}","{'id': 7042, 'rank': 30, 'fitness': 0.01798620996209155, 'generation': 94}"
"{'id': 7134, 'rank': 1, 'fitness': 0.9820137900379085, 'generation': 95}","{'id': 7121, 'rank': 2, 'fitness': 0.9713956157948365, 'generation': 95}","{'id': 7146, 'rank': 3, 'fitness': 0.9555698232815664, 'generation': 95}","{'id': 7120, 'rank': 4, 'fitness': 0.9338265499966507, 'generation': 95}","{'id': 7143, 'rank': 5, 'fitness': 0.9009044626736754, 'generation': 95}","{'id': 7143, 'rank': 6, 'fitness': 0.9009044626736754, 'generation': 95}","{'id': 6991, 'rank': 7, 'fitness': 0.8585891080590196, 'generation': 95}","{'id': 7130, 'rank': 8, 'fitness': 0.850695195352268, 'generation': 95}","{'id': 7145, 'rank': 9, 'fitness': 0.8503849672742243, 'generation': 95}","{'id': 7080, 'rank': 10, 'fitness': 0.8340533954994362, 'generation': 95}","{'id': 7006, 'rank': 11, 'fitness': 0.8104467527738912, 'generation': 95}","{'id': 7144, 'rank': 12, 'fitness': 0.8012974262538147, 'generation': 95}","{'id': 7161, 'rank': 13, 'fitness': 0.6928940154710137, 'generation': 95}","{'id': 7160, 'rank': 14, 'fitness': 0.6691844763309872, 'generation': 95}","{'id': 7133, 'rank': 15, 'fitness': 0.6389931257455315, 'generation': 95}","{'id': 6915, 'rank': 16, 'fitness': 0.6090943047777483, 'generation': 95}","{'id': 6915, 'rank': 17, 'fitness': 0.6090943047777483, 'generation': 95}","{'id': 7158, 'rank': 18, 'fitness': 0.5023107638392962, 'generation': 95}","{'id': 7093, 'rank': 19, 'fitness': 0.47956711054856954, 'generation': 95}","{'id': 7079, 'rank': 20, 'fitness': 0.3966713076748849, 'generation': 95}","{'id': 7102, 'rank': 21, 'fitness': 0.3556952777864736, 'generation': 95}","{'id': 7102, 'rank': 22, 'fitness': 0.3556952777864736, 'generation': 95}","{'id': 7089, 'rank': 23, 'fitness': 0.3097274457578326, 'generation': 95}","{'id': 6957, 'rank': 24, 'fitness': 0.25527810793239225, 'generation': 95}","{'id': 7157, 'rank': 25, 'fitness': 0.2313651015925945, 'generation': 95}","{'id': 7092, 'rank': 26, 'fitness': 0.20740394469255125, 'generation': 95}","{'id': 7138, 'rank': 27, 'fitness': 0.19852377125568943, 'generation': 95}","{'id': 7110, 'rank': 28, 'fitness': 0.11408995413696449, 'generation': 95}","{'id': 7127, 'rank': 29, 'fitness': 0.05030063397244078, 'generation': 95}","{'id': 7105, 'rank': 30, 'fitness': 0.01798620996209155, 'generation': 95}"
"{'id': 7134, 'rank': 1, 'fitness': 0.9820137900379085, 'generation': 96}","{'id': 7121, 'rank': 2, 'fitness': 0.9818226829640202, 'generation': 96}","{'id': 7210, 'rank': 3, 'fitness': 0.9817695381842912, 'generation': 96}","{'id': 7120, 'rank': 4, 'fitness': 0.9814639767735407, 'generation': 96}","{'id': 6991, 'rank': 5, 'fitness': 0.9811129400680354, 'generation': 96}","{'id': 7208, 'rank': 6, 'fitness': 0.9810811454595144, 'generation': 96}","{'id': 7144, 'rank': 7, 'fitness': 0.9809402824324082, 'generation': 96}","{'id': 7144, 'rank': 8, 'fitness': 0.9809402824324082, 'generation': 96}","{'id': 7173, 'rank': 9, 'fitness': 0.9807922727074829, 'generation': 96}","{'id': 7173, 'rank': 10, 'fitness': 0.9807922727074829, 'generation': 96}","{'id': 7173, 'rank': 11, 'fitness': 0.9807922727074829, 'generation': 96}","{'id': 7133, 'rank': 12, 'fitness': 0.980588140734342, 'generation': 96}","{'id': 6915, 'rank': 13, 'fitness': 0.9805330519818469, 'generation': 96}","{'id': 7093, 'rank': 14, 'fitness': 0.9803044546604518, 'generation': 96}","{'id': 7189, 'rank': 15, 'fitness': 0.9802028804538407, 'generation': 96}","{'id': 7102, 'rank': 16, 'fitness': 0.9800789658895868, 'generation': 96}","{'id': 7089, 'rank': 17, 'fitness': 0.9799870110019622, 'generation': 96}","{'id': 7157, 'rank': 18, 'fitness': 0.9798087452493691, 'generation': 96}","{'id': 7172, 'rank': 19, 'fitness': 0.9749868604150458, 'generation': 96}","{'id': 7172, 'rank': 20, 'fitness': 0.9749868604150458, 'generation': 96}","{'id': 7197, 'rank': 21, 'fitness': 0.9738840002271315, 'generation': 96}","{'id': 7181, 'rank': 22, 'fitness': 0.97163065070268, 'generation': 96}","{'id': 7180, 'rank': 23, 'fitness': 0.9711131927109506, 'generation': 96}","{'id': 7231, 'rank': 24, 'fitness': 0.9709491311940126, 'generation': 96}","{'id': 7232, 'rank': 25, 'fitness': 0.96828241500882, 'generation': 96}","{'id': 7199, 'rank': 26, 'fitness': 0.9634956127805228, 'generation': 96}","{'id': 7194, 'rank': 27, 'fitness': 0.9568060007371397, 'generation': 96}","{'id': 7225, 'rank': 28, 'fitness': 0.9564513732982839, 'generation': 96}","{'id': 7225, 'rank': 29, 'fitness': 0.9564513732982839, 'generation': 96}","{'id': 7222, 'rank': 30, 'fitness': 0.01798620996209155, 'generation': 96}"
"{'id': 7306, 'rank': 1, 'fitness': 0.9820137900379085, 'generation': 97}","{'id': 7134, 'rank': 2, 'fitness': 0.9813444371153566, 'generation': 97}","{'id': 7304, 'rank': 3, 'fitness': 0.9813223062206855, 'generation': 97}","{'id': 7304, 'rank': 4, 'fitness': 0.9813223062206855, 'generation': 97}","{'id': 7291, 'rank': 5, 'fitness': 0.9810541290775661, 'generation': 97}","{'id': 7272, 'rank': 6, 'fitness': 0.977598745287338, 'generation': 97}","{'id': 7305, 'rank': 7, 'fitness': 0.9775314583864378, 'generation': 97}","{'id': 7299, 'rank': 8, 'fitness': 0.975421232652443, 'generation': 97}","{'id': 7294, 'rank': 9, 'fitness': 0.9746359924756172, 'generation': 97}","{'id': 7294, 'rank': 10, 'fitness': 0.9746359924756172, 'generation': 97}","{'id': 7273, 'rank': 11, 'fitness': 0.9738621804530969, 'generation': 97}","{'id': 7307, 'rank': 12, 'fitness': 0.9731242749254188, 'generation': 97}","{'id': 7275, 'rank': 13, 'fitness': 0.9710409547219879, 'generation': 97}","{'id': 7313, 'rank': 14, 'fitness': 0.9665218152173962, 'generation': 97}","{'id': 7242, 'rank': 15, 'fitness': 0.9660999456560163, 'generation': 97}","{'id': 7274, 'rank': 16, 'fitness': 0.9650238293622193, 'generation': 97}","{'id': 7274, 'rank': 17, 'fitness': 0.9650238293622193, 'generation': 97}","{'id': 7133, 'rank': 18, 'fitness': 0.9638033308004583, 'generation': 97}","{'id': 7315, 'rank': 19, 'fitness': 0.961341374606323, 'generation': 97}","{'id': 7290, 'rank': 20, 'fitness': 0.9592189921749894, 'generation': 97}","{'id': 7257, 'rank': 21, 'fitness': 0.9575800422204228, 'generation': 97}","{'id': 7257, 'rank': 22, 'fitness': 0.9575800422204228, 'generation': 97}","{'id': 7189, 'rank': 23, 'fitness': 0.9571535912600668, 'generation': 97}","{'id': 7283, 'rank': 24, 'fitness': 0.9559684888653565, 'generation': 97}","{'id': 7297, 'rank': 25, 'fitness': 0.9528385996955839, 'generation': 97}","{'id': 7302, 'rank': 26, 'fitness': 0.9519920788471489, 'generation': 97}","{'id': 7254, 'rank': 27, 'fitness': 0.7135023277645448, 'generation': 97}","{'id': 7197, 'rank': 28, 'fitness': 0.6509736231905449, 'generation': 97}","{'id': 7269, 'rank': 29, 'fitness': 0.5729337826793308, 'generation': 97}","{'id': 7310, 'rank': 30, 'fitness': 0.01798620996209155, 'generation': 97}"
"{'id': 7388, 'rank': 1, 'fitness': 0.9820137900379085, 'generation': 98}","{'id': 7375, 'rank': 2, 'fitness': 0.9815358989369518, 'generation': 98}","{'id': 7380, 'rank': 3, 'fitness': 0.9815157684272169, 'generation': 98}","{'id': 7372, 'rank': 4, 'fitness': 0.9814103498135724, 'generation': 98}","{'id': 7372, 'rank': 5, 'fitness': 0.9814103498135724, 'generation': 98}","{'id': 7357, 'rank': 6, 'fitness': 0.9803886028705631, 'generation': 98}","{'id': 7340, 'rank': 7, 'fitness': 0.9802238133789354, 'generation': 98}","{'id': 7360, 'rank': 8, 'fitness': 0.9796618908715191, 'generation': 98}","{'id': 7360, 'rank': 9, 'fitness': 0.9796618908715191, 'generation': 98}","{'id': 7305, 'rank': 10, 'fitness': 0.9792004593909696, 'generation': 98}","{'id': 7273, 'rank': 11, 'fitness': 0.978037897179389, 'generation': 98}","{'id': 7307, 'rank': 12, 'fitness': 0.9778166024809007, 'generation': 98}","{'id': 7275, 'rank': 13, 'fitness': 0.977211461735172, 'generation': 98}","{'id': 7275, 'rank': 14, 'fitness': 0.977211461735172, 'generation': 98}","{'id': 7401, 'rank': 15, 'fitness': 0.9771536699297171, 'generation': 98}","{'id': 7398, 'rank': 16, 'fitness': 0.9763499974059462, 'generation': 98}","{'id': 7274, 'rank': 17, 'fitness': 0.9756016853508211, 'generation': 98}","{'id': 7382, 'rank': 18, 'fitness': 0.9752831408349734, 'generation': 98}","{'id': 7342, 'rank': 19, 'fitness': 0.9746593199649511, 'generation': 98}","{'id': 7342, 'rank': 20, 'fitness': 0.9746593199649511, 'generation': 98}","{'id': 7377, 'rank': 21, 'fitness': 0.9741349856055774, 'generation': 98}","{'id': 7350, 'rank': 22, 'fitness': 0.9734885379395599, 'generation': 98}","{'id': 7283, 'rank': 23, 'fitness': 0.9734708325016341, 'generation': 98}","{'id': 7318, 'rank': 24, 'fitness': 0.972706271310098, 'generation': 98}","{'id': 7322, 'rank': 25, 'fitness': 0.9662567622962325, 'generation': 98}","{'id': 7322, 'rank': 26, 'fitness': 0.9662567622962325, 'generation': 98}","{'id': 7351, 'rank': 27, 'fitness': 0.9573540961150491, 'generation': 98}","{'id': 7351, 'rank': 28, 'fitness': 0.9573540961150491, 'generation': 98}","{'id': 7269, 'rank': 29, 'fitness': 0.9311570250656566, 'generation': 98}","{'id': 7369, 'rank': 30, 'fitness': 0.01798620996209155, 'generation': 98}"
"{'id': 7444, 'rank': 1, 'fitness': 0.9820137900379085, 'generation': 99}","{'id': 7446, 'rank': 2, 'fitness': 0.9813363406421101, 'generation': 99}","{'id': 7443, 'rank': 3, 'fitness': 0.9800012437632496, 'generation': 99}","{'id': 7445, 'rank': 4, 'fitness': 0.9769062966299022, 'generation': 99}","{'id': 7388, 'rank': 5, 'fitness': 0.9755127481638064, 'generation': 99}","{'id': 7375, 'rank': 6, 'fitness': 0.9666491227935771, 'generation': 99}","{'id': 7372, 'rank': 7, 'fitness': 0.9638943554357311, 'generation': 99}","{'id': 7439, 'rank': 8, 'fitness': 0.9577663238523132, 'generation': 99}","{'id': 7413, 'rank': 9, 'fitness': 0.9469292017449698, 'generation': 99}","{'id': 7440, 'rank': 10, 'fitness': 0.9364385529656185, 'generation': 99}","{'id': 7415, 'rank': 11, 'fitness': 0.9345163773413403, 'generation': 99}","{'id': 7415, 'rank': 12, 'fitness': 0.9345163773413403, 'generation': 99}","{'id': 7474, 'rank': 13, 'fitness': 0.9268477811139899, 'generation': 99}","{'id': 7448, 'rank': 14, 'fitness': 0.91678654554584, 'generation': 99}","{'id': 7423, 'rank': 15, 'fitness': 0.9026133575448088, 'generation': 99}","{'id': 7360, 'rank': 16, 'fitness': 0.8996078080352493, 'generation': 99}","{'id': 7407, 'rank': 17, 'fitness': 0.7740543912648443, 'generation': 99}","{'id': 7421, 'rank': 18, 'fitness': 0.7220073170754425, 'generation': 99}","{'id': 7427, 'rank': 19, 'fitness': 0.685246551487317, 'generation': 99}","{'id': 7425, 'rank': 20, 'fitness': 0.6623266527725025, 'generation': 99}","{'id': 7432, 'rank': 21, 'fitness': 0.6372181336910933, 'generation': 99}","{'id': 7471, 'rank': 22, 'fitness': 0.6205091564148455, 'generation': 99}","{'id': 7451, 'rank': 23, 'fitness': 0.6028346520471769, 'generation': 99}","{'id': 7398, 'rank': 24, 'fitness': 0.5880797899144478, 'generation': 99}","{'id': 7461, 'rank': 25, 'fitness': 0.5557605084711634, 'generation': 99}","{'id': 7428, 'rank': 26, 'fitness': 0.35189824529767544, 'generation': 99}","{'id': 7417, 'rank': 27, 'fitness': 0.3180478468447026, 'generation': 99}","{'id': 7418, 'rank': 28, 'fitness': 0.2955203376296103, 'generation': 99}","{'id': 7437, 'rank': 29, 'fitness': 0.1276192751437904, 'generation': 99}","{'id': 7322, 'rank': 30, 'fitness': 0.01798620996209155, 'generation': 99}"
"{'id': 7514, 'rank': 1, 'fitness': 0.9820137900379085, 'generation': 100}","{'id': 7488, 'rank': 2, 'fitness': 0.9805849687779751, 'generation': 100}","{'id': 7446, 'rank': 3, 'fitness': 0.9801466690195402, 'generation': 100}","{'id': 7446, 'rank': 4, 'fitness': 0.9801466690195402, 'generation': 100}","{'id': 7446, 'rank': 5, 'fitness': 0.9801466690195402, 'generation': 100}","{'id': 7443, 'rank': 6, 'fitness': 0.9800741527523797, 'generation': 100}","{'id': 7486, 'rank': 7, 'fitness': 0.9800128848569717, 'generation': 100}","{'id': 7504, 'rank': 8, 'fitness': 0.9799300406903101, 'generation': 100}","{'id': 7388, 'rank': 9, 'fitness': 0.9798595105698475, 'generation': 100}","{'id': 7524, 'rank': 10, 'fitness': 0.9789720829734927, 'generation': 100}","{'id': 7415, 'rank': 11, 'fitness': 0.9787615216972605, 'generation': 100}","{'id': 7489, 'rank': 12, 'fitness': 0.9785677695006382, 'generation': 100}","{'id': 7489, 'rank': 13, 'fitness': 0.9785677695006382, 'generation': 100}","{'id': 7423, 'rank': 14, 'fitness': 0.9782825767859594, 'generation': 100}","{'id': 7423, 'rank': 15, 'fitness': 0.9782825767859594, 'generation': 100}","{'id': 7517, 'rank': 16, 'fitness': 0.977268464662522, 'generation': 100}","{'id': 7521, 'rank': 17, 'fitness': 0.9763580783426402, 'generation': 100}","{'id': 7521, 'rank': 18, 'fitness': 0.9763580783426402, 'generation': 100}","{'id': 7432, 'rank': 19, 'fitness': 0.9763362260037312, 'generation': 100}","{'id': 7471, 'rank': 20, 'fitness': 0.9762487245111451, 'generation': 100}","{'id': 7532, 'rank': 21, 'fitness': 0.9751744104510672, 'generation': 100}","{'id': 7507, 'rank': 22, 'fitness': 0.9728401399668447, 'generation': 100}","{'id': 7508, 'rank': 23, 'fitness': 0.9721272817559732, 'generation': 100}","{'id': 7534, 'rank': 24, 'fitness': 0.9715960472023573, 'generation': 100}","{'id': 7551, 'rank': 25, 'fitness': 0.9707465919858875, 'generation': 100}","{'id': 7322, 'rank': 26, 'fitness': 0.9700819531115764, 'generation': 100}","{'id': 7499, 'rank': 27, 'fitness': 0.10395010565949764, 'generation': 100}","{'id': 7553, 'rank': 28, 'fitness': 0.09661036099111098, 'generation': 100}","{'id': 7500, 'rank': 29, 'fitness': 0.02630161920268742, 'generation': 100}","{'id': 7560, 'rank': 30, 'fitness': 0.01798620996209155, 'generation': 100}"
"{'id': 7564, 'rank': 1, 'fitness': 0.9820137900379085, 'generation': 101}","{'id': 7602, 'rank': 2, 'fitness': 0.9661196399831844, 'generation': 101}","{'id': 7621, 'rank': 3, 'fitness': 0.954784031416932, 'generation': 101}","{'id': 7621, 'rank': 4, 'fitness': 0.954784031416932, 'generation': 101}","{'id': 7583, 'rank': 5, 'fitness': 0.9448211464410653, 'generation': 101}","{'id': 7446, 'rank': 6, 'fitness': 0.9414963286793346, 'generation': 101}","{'id': 7446, 'rank': 7, 'fitness': 0.9414963286793346, 'generation': 101}","{'id': 7446, 'rank': 8, 'fitness': 0.9414963286793346, 'generation': 101}","{'id': 7620, 'rank': 9, 'fitness': 0.9394627760932054, 'generation': 101}","{'id': 7443, 'rank': 10, 'fitness': 0.9388562105997896, 'generation': 101}","{'id': 7486, 'rank': 11, 'fitness': 0.9365469617454746, 'generation': 101}","{'id': 7388, 'rank': 12, 'fitness': 0.9304388198773947, 'generation': 101}","{'id': 7600, 'rank': 13, 'fitness': 0.9181751930509077, 'generation': 101}","{'id': 7609, 'rank': 14, 'fitness': 0.9158175842629798, 'generation': 101}","{'id': 7613, 'rank': 15, 'fitness': 0.9157097560611189, 'generation': 101}","{'id': 7613, 'rank': 16, 'fitness': 0.9157097560611189, 'generation': 101}","{'id': 7581, 'rank': 17, 'fitness': 0.9116341888862668, 'generation': 101}","{'id': 7574, 'rank': 18, 'fitness': 0.9091802990687939, 'generation': 101}","{'id': 7618, 'rank': 19, 'fitness': 0.90360119693657, 'generation': 101}","{'id': 7524, 'rank': 20, 'fitness': 0.8847131865429755, 'generation': 101}","{'id': 7580, 'rank': 21, 'fitness': 0.8144097290955681, 'generation': 101}","{'id': 7607, 'rank': 22, 'fitness': 0.7228507858238151, 'generation': 101}","{'id': 7432, 'rank': 23, 'fitness': 0.6256079628968934, 'generation': 101}","{'id': 7471, 'rank': 24, 'fitness': 0.6143676580243987, 'generation': 101}","{'id': 7630, 'rank': 25, 'fitness': 0.5683455818319292, 'generation': 101}","{'id': 7593, 'rank': 26, 'fitness': 0.5583661070404655, 'generation': 101}","{'id': 7579, 'rank': 27, 'fitness': 0.3143625968947851, 'generation': 101}","{'id': 7534, 'rank': 28, 'fitness': 0.135607249349453, 'generation': 101}","{'id': 7584, 'rank': 29, 'fitness': 0.11034273706023395, 'generation': 101}","{'id': 7585, 'rank': 30, 'fitness': 0.01798620996209155, 'generation': 101}"
"{'id': 7682, 'rank': 1, 'fitness': 0.9820137900379085, 'generation': 102}","{'id': 7564, 'rank': 2, 'fitness': 0.9790151218975462, 'generation': 102}","{'id': 7662, 'rank': 3, 'fitness': 0.9774353948459199, 'generation': 102}","{'id': 7699, 'rank': 4, 'fitness': 0.9770633008318883, 'generation': 102}","{'id': 7696, 'rank': 5, 'fitness': 0.9744593242647539, 'generation': 102}","{'id': 7671, 'rank': 6, 'fitness': 0.9700347115017117, 'generation': 102}","{'id': 7671, 'rank': 7, 'fitness': 0.9700347115017117, 'generation': 102}","{'id': 7621, 'rank': 8, 'fitness': 0.9679024543003008, 'generation': 102}","{'id': 7446, 'rank': 9, 'fitness': 0.9637907592061208, 'generation': 102}","{'id': 7443, 'rank': 10, 'fitness': 0.9630305585807473, 'generation': 102}","{'id': 7486, 'rank': 11, 'fitness': 0.9623785031009631, 'generation': 102}","{'id': 7486, 'rank': 12, 'fitness': 0.9623785031009631, 'generation': 102}","{'id': 7613, 'rank': 13, 'fitness': 0.956935965714421, 'generation': 102}","{'id': 7581, 'rank': 14, 'fitness': 0.9559469482347548, 'generation': 102}","{'id': 7581, 'rank': 15, 'fitness': 0.9559469482347548, 'generation': 102}","{'id': 7581, 'rank': 16, 'fitness': 0.9559469482347548, 'generation': 102}","{'id': 7574, 'rank': 17, 'fitness': 0.9553612285252278, 'generation': 102}","{'id': 7686, 'rank': 18, 'fitness': 0.9057539213075292, 'generation': 102}","{'id': 7432, 'rank': 19, 'fitness': 0.9038788905909598, 'generation': 102}","{'id': 7432, 'rank': 20, 'fitness': 0.9038788905909598, 'generation': 102}","{'id': 7432, 'rank': 21, 'fitness': 0.9038788905909598, 'generation': 102}","{'id': 7659, 'rank': 22, 'fitness': 0.9029617022345295, 'generation': 102}","{'id': 7659, 'rank': 23, 'fitness': 0.9029617022345295, 'generation': 102}","{'id': 7659, 'rank': 24, 'fitness': 0.9029617022345295, 'generation': 102}","{'id': 7648, 'rank': 25, 'fitness': 0.8974968779058025, 'generation': 102}","{'id': 7630, 'rank': 26, 'fitness': 0.8939376794688214, 'generation': 102}","{'id': 7647, 'rank': 27, 'fitness': 0.27621060175816886, 'generation': 102}","{'id': 7654, 'rank': 28, 'fitness': 0.22158617945143555, 'generation': 102}","{'id': 7669, 'rank': 29, 'fitness': 0.17665100865017164, 'generation': 102}","{'id': 7680, 'rank': 30, 'fitness': 0.01798620996209155, 'generation': 102}"
"{'id': 7756, 'rank': 1, 'fitness': 0.9820137900379085, 'generation': 103}","{'id': 7756, 'rank': 2, 'fitness': 0.9820137900379085, 'generation': 103}","{'id': 7564, 'rank': 3, 'fitness': 0.9819885564849005, 'generation': 103}","{'id': 7662, 'rank': 4, 'fitness': 0.9819245175545882, 'generation': 103}","{'id': 7721, 'rank': 5, 'fitness': 0.9818476350392362, 'generation': 103}","{'id': 7696, 'rank': 6, 'fitness': 0.9818144360753027, 'generation': 103}","{'id': 7752, 'rank': 7, 'fitness': 0.9817090018162944, 'generation': 103}","{'id': 7671, 'rank': 8, 'fitness': 0.9816709619223445, 'generation': 103}","{'id': 7671, 'rank': 9, 'fitness': 0.9816709619223445, 'generation': 103}","{'id': 7671, 'rank': 10, 'fitness': 0.9816709619223445, 'generation': 103}","{'id': 7725, 'rank': 11, 'fitness': 0.9816373737476971, 'generation': 103}","{'id': 7720, 'rank': 12, 'fitness': 0.9815510975949353, 'generation': 103}","{'id': 7446, 'rank': 13, 'fitness': 0.9814986085402317, 'generation': 103}","{'id': 7486, 'rank': 14, 'fitness': 0.9814634324644755, 'generation': 103}","{'id': 7781, 'rank': 15, 'fitness': 0.9813458213417976, 'generation': 103}","{'id': 7781, 'rank': 16, 'fitness': 0.9813458213417976, 'generation': 103}","{'id': 7581, 'rank': 17, 'fitness': 0.9813170576635897, 'generation': 103}","{'id': 7581, 'rank': 18, 'fitness': 0.9813170576635897, 'generation': 103}","{'id': 7778, 'rank': 19, 'fitness': 0.9809119285768302, 'generation': 103}","{'id': 7716, 'rank': 20, 'fitness': 0.9805552549257701, 'generation': 103}","{'id': 7746, 'rank': 21, 'fitness': 0.9799671488170401, 'generation': 103}","{'id': 7786, 'rank': 22, 'fitness': 0.9791070220984857, 'generation': 103}","{'id': 7772, 'rank': 23, 'fitness': 0.978966894431003, 'generation': 103}","{'id': 7789, 'rank': 24, 'fitness': 0.9785627897433271, 'generation': 103}","{'id': 7768, 'rank': 25, 'fitness': 0.978240907615413, 'generation': 103}","{'id': 7768, 'rank': 26, 'fitness': 0.978240907615413, 'generation': 103}","{'id': 7735, 'rank': 27, 'fitness': 0.9774928381266275, 'generation': 103}","{'id': 7763, 'rank': 28, 'fitness': 0.9774588067408423, 'generation': 103}","{'id': 7736, 'rank': 29, 'fitness': 0.9757716590069971, 'generation': 103}","{'id': 7744, 'rank': 30, 'fitness': 0.01798620996209155, 'generation': 103}"
"{'id': 7794, 'rank': 1, 'fitness': 0.9820137900379085, 'generation': 104}","{'id': 7864, 'rank': 2, 'fitness': 0.976184417817259, 'generation': 104}","{'id': 7863, 'rank': 3, 'fitness': 0.9754884026125767, 'generation': 104}","{'id': 7818, 'rank': 4, 'fitness': 0.9745754899529867, 'generation': 104}","{'id': 7820, 'rank': 5, 'fitness': 0.974277688106382, 'generation': 104}","{'id': 7756, 'rank': 6, 'fitness': 0.9736015637491273, 'generation': 104}","{'id': 7756, 'rank': 7, 'fitness': 0.9736015637491273, 'generation': 104}","{'id': 7564, 'rank': 8, 'fitness': 0.9714367938316119, 'generation': 104}","{'id': 7662, 'rank': 9, 'fitness': 0.9651586452918524, 'generation': 104}","{'id': 7721, 'rank': 10, 'fitness': 0.9558964769138067, 'generation': 104}","{'id': 7879, 'rank': 11, 'fitness': 0.9552170951005937, 'generation': 104}","{'id': 7867, 'rank': 12, 'fitness': 0.954403641450356, 'generation': 104}","{'id': 7828, 'rank': 13, 'fitness': 0.9452823374562023, 'generation': 104}","{'id': 7828, 'rank': 14, 'fitness': 0.9452823374562023, 'generation': 104}","{'id': 7881, 'rank': 15, 'fitness': 0.9390574153428989, 'generation': 104}","{'id': 7881, 'rank': 16, 'fitness': 0.9390574153428989, 'generation': 104}","{'id': 7819, 'rank': 17, 'fitness': 0.9231295392331786, 'generation': 104}","{'id': 7883, 'rank': 18, 'fitness': 0.9109290281361465, 'generation': 104}","{'id': 7796, 'rank': 19, 'fitness': 0.8799090857396432, 'generation': 104}","{'id': 7796, 'rank': 20, 'fitness': 0.8799090857396432, 'generation': 104}","{'id': 7861, 'rank': 21, 'fitness': 0.8593760699130041, 'generation': 104}","{'id': 7832, 'rank': 22, 'fitness': 0.8572831201786532, 'generation': 104}","{'id': 7781, 'rank': 23, 'fitness': 0.8174475205785172, 'generation': 104}","{'id': 7877, 'rank': 24, 'fitness': 0.7702785993959986, 'generation': 104}","{'id': 7872, 'rank': 25, 'fitness': 0.7564888781127813, 'generation': 104}","{'id': 7851, 'rank': 26, 'fitness': 0.7200303499736687, 'generation': 104}","{'id': 7821, 'rank': 27, 'fitness': 0.4601656424899844, 'generation': 104}","{'id': 7871, 'rank': 28, 'fitness': 0.27150960359031895, 'generation': 104}","{'id': 7746, 'rank': 29, 'fitness': 0.0673465131399072, 'generation': 104}","{'id': 7805, 'rank': 30, 'fitness': 0.01798620996209155, 'generation': 104}"
"{'id': 7943, 'rank': 1, 'fitness': 0.9820137900379085, 'generation': 105}","{'id': 7919, 'rank': 2, 'fitness': 0.98179461955459, 'generation': 105}","{'id': 7942, 'rank': 3, 'fitness': 0.9814954678130693, 'generation': 105}","{'id': 7939, 'rank': 4, 'fitness': 0.9784142648409435, 'generation': 105}","{'id': 7794, 'rank': 5, 'fitness': 0.9781115904538459, 'generation': 105}","{'id': 7921, 'rank': 6, 'fitness': 0.9764218047860036, 'generation': 105}","{'id': 7958, 'rank': 7, 'fitness': 0.9762657308818288, 'generation': 105}","{'id': 7864, 'rank': 8, 'fitness': 0.9760383267933059, 'generation': 105}","{'id': 7564, 'rank': 9, 'fitness': 0.9745867756267939, 'generation': 105}","{'id': 7898, 'rank': 10, 'fitness': 0.9721227624547875, 'generation': 105}","{'id': 7898, 'rank': 11, 'fitness': 0.9721227624547875, 'generation': 105}","{'id': 7828, 'rank': 12, 'fitness': 0.9685654902233318, 'generation': 105}","{'id': 7828, 'rank': 13, 'fitness': 0.9685654902233318, 'generation': 105}","{'id': 7881, 'rank': 14, 'fitness': 0.9674210026968246, 'generation': 105}","{'id': 7881, 'rank': 15, 'fitness': 0.9674210026968246, 'generation': 105}","{'id': 7883, 'rank': 16, 'fitness': 0.9629786217055611, 'generation': 105}","{'id': 7916, 'rank': 17, 'fitness': 0.9622633951077579, 'generation': 105}","{'id': 7922, 'rank': 18, 'fitness': 0.9619903991600097, 'generation': 105}","{'id': 7902, 'rank': 19, 'fitness': 0.9596283045517426, 'generation': 105}","{'id': 7935, 'rank': 20, 'fitness': 0.9523366452192331, 'generation': 105}","{'id': 7928, 'rank': 21, 'fitness': 0.9479902167650666, 'generation': 105}","{'id': 7950, 'rank': 22, 'fitness': 0.9456632241810103, 'generation': 105}","{'id': 7953, 'rank': 23, 'fitness': 0.9354786091993132, 'generation': 105}","{'id': 7894, 'rank': 24, 'fitness': 0.8846323420710072, 'generation': 105}","{'id': 7892, 'rank': 25, 'fitness': 0.8059564780382013, 'generation': 105}","{'id': 7959, 'rank': 26, 'fitness': 0.7979233145771791, 'generation': 105}","{'id': 7918, 'rank': 27, 'fitness': 0.7945653626331113, 'generation': 105}","{'id': 7805, 'rank': 28, 'fitness': 0.7712022814719097, 'generation': 105}","{'id': 7805, 'rank': 29, 'fitness': 0.7712022814719097, 'generation': 105}","{'id': 7910, 'rank': 30, 'fitness': 0.01798620996209155, 'generation': 105}"
"{'id': 8017, 'rank': 1, 'fitness': 0.9820137900379085, 'generation': 106}","{'id': 8019, 'rank': 2, 'fitness': 0.9814380309669776, 'generation': 106}","{'id': 7943, 'rank': 3, 'fitness': 0.9814366134938746, 'generation': 106}","{'id': 7976, 'rank': 4, 'fitness': 0.9810368192330028, 'generation': 106}","{'id': 8020, 'rank': 5, 'fitness': 0.9806533171451777, 'generation': 106}","{'id': 7967, 'rank': 6, 'fitness': 0.9796139025513482, 'generation': 106}","{'id': 7794, 'rank': 7, 'fitness': 0.9793856506035776, 'generation': 106}","{'id': 7794, 'rank': 8, 'fitness': 0.9793856506035776, 'generation': 106}","{'id': 7997, 'rank': 9, 'fitness': 0.977686744396683, 'generation': 106}","{'id': 8013, 'rank': 10, 'fitness': 0.9775738621609512, 'generation': 106}","{'id': 8013, 'rank': 11, 'fitness': 0.9775738621609512, 'generation': 106}","{'id': 7828, 'rank': 12, 'fitness': 0.9749762277164558, 'generation': 106}","{'id': 7828, 'rank': 13, 'fitness': 0.9749762277164558, 'generation': 106}","{'id': 7881, 'rank': 14, 'fitness': 0.9744907873901558, 'generation': 106}","{'id': 7881, 'rank': 15, 'fitness': 0.9744907873901558, 'generation': 106}","{'id': 8027, 'rank': 16, 'fitness': 0.9727816688675935, 'generation': 106}","{'id': 8032, 'rank': 17, 'fitness': 0.971797736630028, 'generation': 106}","{'id': 8025, 'rank': 18, 'fitness': 0.9707960041209776, 'generation': 106}","{'id': 8008, 'rank': 19, 'fitness': 0.9702762444706796, 'generation': 106}","{'id': 8001, 'rank': 20, 'fitness': 0.9699494368874471, 'generation': 106}","{'id': 8001, 'rank': 21, 'fitness': 0.9699494368874471, 'generation': 106}","{'id': 8026, 'rank': 22, 'fitness': 0.9669935249015501, 'generation': 106}","{'id': 7999, 'rank': 23, 'fitness': 0.9668138614472681, 'generation': 106}","{'id': 7953, 'rank': 24, 'fitness': 0.9630439666989082, 'generation': 106}","{'id': 8005, 'rank': 25, 'fitness': 0.9552109084839981, 'generation': 106}","{'id': 7972, 'rank': 26, 'fitness': 0.944227836778299, 'generation': 106}","{'id': 7892, 'rank': 27, 'fitness': 0.9304336765615518, 'generation': 106}","{'id': 7892, 'rank': 28, 'fitness': 0.9304336765615518, 'generation': 106}","{'id': 7998, 'rank': 29, 'fitness': 0.9150625025011817, 'generation': 106}","{'id': 7973, 'rank': 30, 'fitness': 0.01798620996209155, 'generation': 106}"
"{'id': 8121, 'rank': 1, 'fitness': 0.9820137900379085, 'generation': 107}","{'id': 8121, 'rank': 2, 'fitness': 0.9820137900379085, 'generation': 107}","{'id': 8017, 'rank': 3, 'fitness': 0.9615869578578731, 'generation': 107}","{'id': 8079, 'rank': 4, 'fitness': 0.9607195029108029, 'generation': 107}","{'id': 7943, 'rank': 5, 'fitness': 0.9518051762731363, 'generation': 107}","{'id': 7976, 'rank': 6, 'fitness': 0.94391105917997, 'generation': 107}","{'id': 8020, 'rank': 7, 'fitness': 0.9353950367441556, 'generation': 107}","{'id': 8080, 'rank': 8, 'fitness': 0.9126747155620243, 'generation': 107}","{'id': 8065, 'rank': 9, 'fitness': 0.8672233394348612, 'generation': 107}","{'id': 8105, 'rank': 10, 'fitness': 0.8604017378201708, 'generation': 107}","{'id': 7997, 'rank': 11, 'fitness': 0.8318970350295745, 'generation': 107}","{'id': 8013, 'rank': 12, 'fitness': 0.8265107059635699, 'generation': 107}","{'id': 8013, 'rank': 13, 'fitness': 0.8265107059635699, 'generation': 107}","{'id': 8109, 'rank': 14, 'fitness': 0.8224270460569747, 'generation': 107}","{'id': 8051, 'rank': 15, 'fitness': 0.7699438898457104, 'generation': 107}","{'id': 8089, 'rank': 16, 'fitness': 0.7531720326670337, 'generation': 107}","{'id': 7828, 'rank': 17, 'fitness': 0.675657373167717, 'generation': 107}","{'id': 7828, 'rank': 18, 'fitness': 0.675657373167717, 'generation': 107}","{'id': 8114, 'rank': 19, 'fitness': 0.5922292602780841, 'generation': 107}","{'id': 8114, 'rank': 20, 'fitness': 0.5922292602780841, 'generation': 107}","{'id': 8068, 'rank': 21, 'fitness': 0.5753974289784927, 'generation': 107}","{'id': 8066, 'rank': 22, 'fitness': 0.5568314937760799, 'generation': 107}","{'id': 8073, 'rank': 23, 'fitness': 0.5007381630718933, 'generation': 107}","{'id': 8098, 'rank': 24, 'fitness': 0.47760197387808634, 'generation': 107}","{'id': 8047, 'rank': 25, 'fitness': 0.31951672726415525, 'generation': 107}","{'id': 8059, 'rank': 26, 'fitness': 0.29912369451174764, 'generation': 107}","{'id': 8059, 'rank': 27, 'fitness': 0.29912369451174764, 'generation': 107}","{'id': 8088, 'rank': 28, 'fitness': 0.15617142269045664, 'generation': 107}","{'id': 7953, 'rank': 29, 'fitness': 0.09709431174602401, 'generation': 107}","{'id': 8048, 'rank': 30, 'fitness': 0.01798620996209155, 'generation': 107}"
"{'id': 8156, 'rank': 1, 'fitness': 0.9820137900379085, 'generation': 108}","{'id': 8156, 'rank': 2, 'fitness': 0.9820137900379085, 'generation': 108}","{'id': 8017, 'rank': 3, 'fitness': 0.9813734847445467, 'generation': 108}","{'id': 7943, 'rank': 4, 'fitness': 0.9812814094712649, 'generation': 108}","{'id': 7976, 'rank': 5, 'fitness': 0.9812190115015438, 'generation': 108}","{'id': 8020, 'rank': 6, 'fitness': 0.9811601709946556, 'generation': 108}","{'id': 8155, 'rank': 7, 'fitness': 0.9810304051472891, 'generation': 108}","{'id': 8177, 'rank': 8, 'fitness': 0.980823759418117, 'generation': 108}","{'id': 7997, 'rank': 9, 'fitness': 0.9807349328857906, 'generation': 108}","{'id': 8013, 'rank': 10, 'fitness': 0.9807196956254011, 'generation': 108}","{'id': 8013, 'rank': 11, 'fitness': 0.9807196956254011, 'generation': 108}","{'id': 8109, 'rank': 12, 'fitness': 0.9807083832481158, 'generation': 108}","{'id': 7828, 'rank': 13, 'fitness': 0.9803853676845558, 'generation': 108}","{'id': 7828, 'rank': 14, 'fitness': 0.9803853676845558, 'generation': 108}","{'id': 7828, 'rank': 15, 'fitness': 0.9803853676845558, 'generation': 108}","{'id': 8073, 'rank': 16, 'fitness': 0.9800852284651589, 'generation': 108}","{'id': 8047, 'rank': 17, 'fitness': 0.979768825600708, 'generation': 108}","{'id': 8059, 'rank': 18, 'fitness': 0.9797286729317723, 'generation': 108}","{'id': 8135, 'rank': 19, 'fitness': 0.9789779561528331, 'generation': 108}","{'id': 8170, 'rank': 20, 'fitness': 0.9785707577421203, 'generation': 108}","{'id': 8169, 'rank': 21, 'fitness': 0.9744233820132571, 'generation': 108}","{'id': 8168, 'rank': 22, 'fitness': 0.9741458063606416, 'generation': 108}","{'id': 8184, 'rank': 23, 'fitness': 0.946870247877104, 'generation': 108}","{'id': 8184, 'rank': 24, 'fitness': 0.946870247877104, 'generation': 108}","{'id': 8149, 'rank': 25, 'fitness': 0.9381915015301056, 'generation': 108}","{'id': 8164, 'rank': 26, 'fitness': 0.7631675912060425, 'generation': 108}","{'id': 8173, 'rank': 27, 'fitness': 0.6157591763019252, 'generation': 108}","{'id': 8187, 'rank': 28, 'fitness': 0.3429702342274831, 'generation': 108}","{'id': 8187, 'rank': 29, 'fitness': 0.3429702342274831, 'generation': 108}","{'id': 8160, 'rank': 30, 'fitness': 0.01798620996209155, 'generation': 108}"
"{'id': 8245, 'rank': 1, 'fitness': 0.9820137900379085, 'generation': 109}","{'id': 8156, 'rank': 2, 'fitness': 0.9804971109187964, 'generation': 109}","{'id': 8156, 'rank': 3, 'fitness': 0.9804971109187964, 'generation': 109}","{'id': 8156, 'rank': 4, 'fitness': 0.9804971109187964, 'generation': 109}","{'id': 8156, 'rank': 5, 'fitness': 0.9804971109187964, 'generation': 109}","{'id': 8244, 'rank': 6, 'fitness': 0.979766638899096, 'generation': 109}","{'id': 8246, 'rank': 7, 'fitness': 0.9784281780207489, 'generation': 109}","{'id': 8246, 'rank': 8, 'fitness': 0.9784281780207489, 'generation': 109}","{'id': 8201, 'rank': 9, 'fitness': 0.9777472313040616, 'generation': 109}","{'id': 8017, 'rank': 10, 'fitness': 0.9744185477487513, 'generation': 109}","{'id': 8020, 'rank': 11, 'fitness': 0.9720663853494311, 'generation': 109}","{'id': 8256, 'rank': 12, 'fitness': 0.9710265460900408, 'generation': 109}","{'id': 8155, 'rank': 13, 'fitness': 0.9705480804181721, 'generation': 109}","{'id': 8230, 'rank': 14, 'fitness': 0.9701631040560843, 'generation': 109}","{'id': 8251, 'rank': 15, 'fitness': 0.9683042649814225, 'generation': 109}","{'id': 8251, 'rank': 16, 'fitness': 0.9683042649814225, 'generation': 109}","{'id': 8251, 'rank': 17, 'fitness': 0.9683042649814225, 'generation': 109}","{'id': 8177, 'rank': 18, 'fitness': 0.9679870104629069, 'generation': 109}","{'id': 8192, 'rank': 19, 'fitness': 0.9679360483016645, 'generation': 109}","{'id': 7997, 'rank': 20, 'fitness': 0.9668300424293141, 'generation': 109}","{'id': 8231, 'rank': 21, 'fitness': 0.9637323103278495, 'generation': 109}","{'id': 8232, 'rank': 22, 'fitness': 0.9633449484242477, 'generation': 109}","{'id': 7828, 'rank': 23, 'fitness': 0.9619312016770858, 'generation': 109}","{'id': 8229, 'rank': 24, 'fitness': 0.9575148642459019, 'generation': 109}","{'id': 8262, 'rank': 25, 'fitness': 0.9561939663571242, 'generation': 109}","{'id': 8249, 'rank': 26, 'fitness': 0.952768306057137, 'generation': 109}","{'id': 8168, 'rank': 27, 'fitness': 0.7366622016481773, 'generation': 109}","{'id': 8220, 'rank': 28, 'fitness': 0.7105142129878704, 'generation': 109}","{'id': 8219, 'rank': 29, 'fitness': 0.6014567678417406, 'generation': 109}","{'id': 8260, 'rank': 30, 'fitness': 0.01798620996209155, 'generation': 109}"
"{'id': 8292, 'rank': 1, 'fitness': 0.9820137900379085, 'generation': 110}","{'id': 8306, 'rank': 2, 'fitness': 0.9381970114446652, 'generation': 110}","{'id': 8306, 'rank': 3, 'fitness': 0.9381970114446652, 'generation': 110}","{'id': 8291, 'rank': 4, 'fitness': 0.9368038173721994, 'generation': 110}","{'id': 8304, 'rank': 5, 'fitness': 0.9358030202665553, 'generation': 110}","{'id': 8314, 'rank': 6, 'fitness': 0.9276466359798498, 'generation': 110}","{'id': 8287, 'rank': 7, 'fitness': 0.9148937180670542, 'generation': 110}","{'id': 8308, 'rank': 8, 'fitness': 0.906379461125401, 'generation': 110}","{'id': 8293, 'rank': 9, 'fitness': 0.8799217565905498, 'generation': 110}","{'id': 8323, 'rank': 10, 'fitness': 0.8113024896055117, 'generation': 110}","{'id': 8280, 'rank': 11, 'fitness': 0.7920756565006069, 'generation': 110}","{'id': 8346, 'rank': 12, 'fitness': 0.7773420249006832, 'generation': 110}","{'id': 8311, 'rank': 13, 'fitness': 0.6906325979375707, 'generation': 110}","{'id': 8311, 'rank': 14, 'fitness': 0.6906325979375707, 'generation': 110}","{'id': 8311, 'rank': 15, 'fitness': 0.6906325979375707, 'generation': 110}","{'id': 8313, 'rank': 16, 'fitness': 0.6901252119789303, 'generation': 110}","{'id': 8322, 'rank': 17, 'fitness': 0.6112206915305611, 'generation': 110}","{'id': 8309, 'rank': 18, 'fitness': 0.555872977164076, 'generation': 110}","{'id': 8326, 'rank': 19, 'fitness': 0.5290969930979567, 'generation': 110}","{'id': 8020, 'rank': 20, 'fitness': 0.4880191942818474, 'generation': 110}","{'id': 8020, 'rank': 21, 'fitness': 0.4880191942818474, 'generation': 110}","{'id': 8290, 'rank': 22, 'fitness': 0.4362845671612787, 'generation': 110}","{'id': 8230, 'rank': 23, 'fitness': 0.3900598628016372, 'generation': 110}","{'id': 8333, 'rank': 24, 'fitness': 0.34420053239350673, 'generation': 110}","{'id': 8251, 'rank': 25, 'fitness': 0.3070971677260207, 'generation': 110}","{'id': 8276, 'rank': 26, 'fitness': 0.3049441814273993, 'generation': 110}","{'id': 8296, 'rank': 27, 'fitness': 0.190162332555447, 'generation': 110}","{'id': 8249, 'rank': 28, 'fitness': 0.03716868460697137, 'generation': 110}","{'id': 8249, 'rank': 29, 'fitness': 0.03716868460697137, 'generation': 110}","{'id': 8334, 'rank': 30, 'fitness': 0.01798620996209155, 'generation': 110}"
"{'id': 8359, 'rank': 1, 'fitness': 0.9820137900379085, 'generation': 111}","{'id': 8306, 'rank': 2, 'fitness': 0.9814847503271306, 'generation': 111}","{'id': 8304, 'rank': 3, 'fitness': 0.9814640598880324, 'generation': 111}","{'id': 8314, 'rank': 4, 'fitness': 0.981398430442769, 'generation': 111}","{'id': 8314, 'rank': 5, 'fitness': 0.981398430442769, 'generation': 111}","{'id': 8287, 'rank': 6, 'fitness': 0.9813079786733487, 'generation': 111}","{'id': 8287, 'rank': 7, 'fitness': 0.9813079786733487, 'generation': 111}","{'id': 8389, 'rank': 8, 'fitness': 0.9812710013519099, 'generation': 111}","{'id': 8308, 'rank': 9, 'fitness': 0.9812540220796326, 'generation': 111}","{'id': 8427, 'rank': 10, 'fitness': 0.9811394658487225, 'generation': 111}","{'id': 8426, 'rank': 11, 'fitness': 0.9809317387019504, 'generation': 111}","{'id': 8379, 'rank': 12, 'fitness': 0.9804925451442379, 'generation': 111}","{'id': 8379, 'rank': 13, 'fitness': 0.9804925451442379, 'generation': 111}","{'id': 8313, 'rank': 14, 'fitness': 0.9804804012076805, 'generation': 111}","{'id': 8313, 'rank': 15, 'fitness': 0.9804804012076805, 'generation': 111}","{'id': 8313, 'rank': 16, 'fitness': 0.9804804012076805, 'generation': 111}","{'id': 8378, 'rank': 17, 'fitness': 0.9800485220965482, 'generation': 111}","{'id': 8020, 'rank': 18, 'fitness': 0.9800194710221907, 'generation': 111}","{'id': 8417, 'rank': 19, 'fitness': 0.9798713031631061, 'generation': 111}","{'id': 8398, 'rank': 20, 'fitness': 0.9794993154418086, 'generation': 111}","{'id': 8296, 'rank': 21, 'fitness': 0.9792350850049845, 'generation': 111}","{'id': 8381, 'rank': 22, 'fitness': 0.9787244893419482, 'generation': 111}","{'id': 8374, 'rank': 23, 'fitness': 0.9785328840922783, 'generation': 111}","{'id': 8380, 'rank': 24, 'fitness': 0.9756241793072865, 'generation': 111}","{'id': 8360, 'rank': 25, 'fitness': 0.9646812747460515, 'generation': 111}","{'id': 8369, 'rank': 26, 'fitness': 0.7456646842791, 'generation': 111}","{'id': 8402, 'rank': 27, 'fitness': 0.6460136936745935, 'generation': 111}","{'id': 8402, 'rank': 28, 'fitness': 0.6460136936745935, 'generation': 111}","{'id': 8420, 'rank': 29, 'fitness': 0.05738066564234179, 'generation': 111}","{'id': 8367, 'rank': 30, 'fitness': 0.01798620996209155, 'generation': 111}"
"{'id': 8359, 'rank': 1, 'fitness': 0.9820137900379085, 'generation': 112}","{'id': 8508, 'rank': 2, 'fitness': 0.9811695406154637, 'generation': 112}","{'id': 8508, 'rank': 3, 'fitness': 0.9811695406154637, 'generation': 112}","{'id': 8449, 'rank': 4, 'fitness': 0.9786791167243953, 'generation': 112}","{'id': 8515, 'rank': 5, 'fitness': 0.9784713197734279, 'generation': 112}","{'id': 8515, 'rank': 6, 'fitness': 0.9784713197734279, 'generation': 112}","{'id': 8306, 'rank': 7, 'fitness': 0.9753284349950766, 'generation': 112}","{'id': 8471, 'rank': 8, 'fitness': 0.975256496410847, 'generation': 112}","{'id': 8487, 'rank': 9, 'fitness': 0.9751939775467038, 'generation': 112}","{'id': 8304, 'rank': 10, 'fitness': 0.9750272476528055, 'generation': 112}","{'id': 8314, 'rank': 11, 'fitness': 0.9740502732923368, 'generation': 112}","{'id': 8504, 'rank': 12, 'fitness': 0.9730288396964962, 'generation': 112}","{'id': 8389, 'rank': 13, 'fitness': 0.9720565448230358, 'generation': 112}","{'id': 8510, 'rank': 14, 'fitness': 0.9717394589188735, 'generation': 112}","{'id': 8448, 'rank': 15, 'fitness': 0.9711679814823772, 'generation': 112}","{'id': 8443, 'rank': 16, 'fitness': 0.9708759207057779, 'generation': 112}","{'id': 8520, 'rank': 17, 'fitness': 0.9705542576457584, 'generation': 112}","{'id': 8476, 'rank': 18, 'fitness': 0.9684789647767552, 'generation': 112}","{'id': 8491, 'rank': 19, 'fitness': 0.9673759042846655, 'generation': 112}","{'id': 8426, 'rank': 20, 'fitness': 0.9660770290653931, 'generation': 112}","{'id': 8426, 'rank': 21, 'fitness': 0.9660770290653931, 'generation': 112}","{'id': 8517, 'rank': 22, 'fitness': 0.9635095172533066, 'generation': 112}","{'id': 8379, 'rank': 23, 'fitness': 0.9566967733185514, 'generation': 112}","{'id': 8450, 'rank': 24, 'fitness': 0.9538460549016938, 'generation': 112}","{'id': 8511, 'rank': 25, 'fitness': 0.9505114563194488, 'generation': 112}","{'id': 8511, 'rank': 26, 'fitness': 0.9505114563194488, 'generation': 112}","{'id': 8457, 'rank': 27, 'fitness': 0.9347295545535219, 'generation': 112}","{'id': 8495, 'rank': 28, 'fitness': 0.9242049067760658, 'generation': 112}","{'id': 8454, 'rank': 29, 'fitness': 0.8943077428989875, 'generation': 112}","{'id': 8435, 'rank': 30, 'fitness': 0.01798620996209155, 'generation': 112}"
"{'id': 8565, 'rank': 1, 'fitness': 0.9820137900379085, 'generation': 113}","{'id': 8604, 'rank': 2, 'fitness': 0.9593400151452538, 'generation': 113}","{'id': 8359, 'rank': 3, 'fitness': 0.925204862695346, 'generation': 113}","{'id': 8508, 'rank': 4, 'fitness': 0.9057057221996527, 'generation': 113}","{'id': 8508, 'rank': 5, 'fitness': 0.9057057221996527, 'generation': 113}","{'id': 8586, 'rank': 6, 'fitness': 0.8714488562502827, 'generation': 113}","{'id': 8597, 'rank': 7, 'fitness': 0.8683544807120216, 'generation': 113}","{'id': 8529, 'rank': 8, 'fitness': 0.8393113816039917, 'generation': 113}","{'id': 8583, 'rank': 9, 'fitness': 0.7781452283145858, 'generation': 113}","{'id': 8583, 'rank': 10, 'fitness': 0.7781452283145858, 'generation': 113}","{'id': 8532, 'rank': 11, 'fitness': 0.7378079469386951, 'generation': 113}","{'id': 8538, 'rank': 12, 'fitness': 0.6925789040619111, 'generation': 113}","{'id': 8471, 'rank': 13, 'fitness': 0.6794520598555323, 'generation': 113}","{'id': 8471, 'rank': 14, 'fitness': 0.6794520598555323, 'generation': 113}","{'id': 8539, 'rank': 15, 'fitness': 0.6385016659969769, 'generation': 113}","{'id': 8534, 'rank': 16, 'fitness': 0.6287263199976677, 'generation': 113}","{'id': 8314, 'rank': 17, 'fitness': 0.619373553021226, 'generation': 113}","{'id': 8389, 'rank': 18, 'fitness': 0.5187641553277587, 'generation': 113}","{'id': 8510, 'rank': 19, 'fitness': 0.5030610005150957, 'generation': 113}","{'id': 8448, 'rank': 20, 'fitness': 0.4751914833592985, 'generation': 113}","{'id': 8520, 'rank': 21, 'fitness': 0.44602168790236657, 'generation': 113}","{'id': 8603, 'rank': 22, 'fitness': 0.41324234178701613, 'generation': 113}","{'id': 8566, 'rank': 23, 'fitness': 0.37544244454062975, 'generation': 113}","{'id': 8549, 'rank': 24, 'fitness': 0.2752897782240743, 'generation': 113}","{'id': 8517, 'rank': 25, 'fitness': 0.19507436217808377, 'generation': 113}","{'id': 8601, 'rank': 26, 'fitness': 0.13561127144947216, 'generation': 113}","{'id': 8524, 'rank': 27, 'fitness': 0.11554403998029311, 'generation': 113}","{'id': 8553, 'rank': 28, 'fitness': 0.06287713085044722, 'generation': 113}","{'id': 8568, 'rank': 29, 'fitness': 0.04362740583110092, 'generation': 113}","{'id': 8541, 'rank': 30, 'fitness': 0.01798620996209155, 'generation': 113}"
"{'id': 8662, 'rank': 1, 'fitness': 0.9820137900379085, 'generation': 114}","{'id': 8565, 'rank': 2, 'fitness': 0.9816245622637776, 'generation': 114}","{'id': 8663, 'rank': 3, 'fitness': 0.9811553735701606, 'generation': 114}","{'id': 8508, 'rank': 4, 'fitness': 0.9807196427109515, 'generation': 114}","{'id': 8508, 'rank': 5, 'fitness': 0.9807196427109515, 'generation': 114}","{'id': 8508, 'rank': 6, 'fitness': 0.9807196427109515, 'generation': 114}","{'id': 8508, 'rank': 7, 'fitness': 0.9807196427109515, 'generation': 114}","{'id': 8508, 'rank': 8, 'fitness': 0.9807196427109515, 'generation': 114}","{'id': 8583, 'rank': 9, 'fitness': 0.9801751734423731, 'generation': 114}","{'id': 8538, 'rank': 10, 'fitness': 0.9799311772539141, 'generation': 114}","{'id': 8538, 'rank': 11, 'fitness': 0.9799311772539141, 'generation': 114}","{'id': 8471, 'rank': 12, 'fitness': 0.9798973544098791, 'generation': 114}","{'id': 8471, 'rank': 13, 'fitness': 0.9798973544098791, 'generation': 114}","{'id': 8389, 'rank': 14, 'fitness': 0.9795183605419542, 'generation': 114}","{'id': 8510, 'rank': 15, 'fitness': 0.9794827806473249, 'generation': 114}","{'id': 8448, 'rank': 16, 'fitness': 0.979419474373759, 'generation': 114}","{'id': 8448, 'rank': 17, 'fitness': 0.979419474373759, 'generation': 114}","{'id': 8520, 'rank': 18, 'fitness': 0.9793526233341603, 'generation': 114}","{'id': 8520, 'rank': 19, 'fitness': 0.9793526233341603, 'generation': 114}","{'id': 8517, 'rank': 20, 'fitness': 0.9786568980829138, 'generation': 114}","{'id': 8553, 'rank': 21, 'fitness': 0.9778873150787337, 'generation': 114}","{'id': 8654, 'rank': 22, 'fitness': 0.9764687310145403, 'generation': 114}","{'id': 8659, 'rank': 23, 'fitness': 0.9612315923111567, 'generation': 114}","{'id': 8660, 'rank': 24, 'fitness': 0.9524029881933397, 'generation': 114}","{'id': 8660, 'rank': 25, 'fitness': 0.9524029881933397, 'generation': 114}","{'id': 8615, 'rank': 26, 'fitness': 0.7489497074535635, 'generation': 114}","{'id': 8622, 'rank': 27, 'fitness': 0.7110580047784315, 'generation': 114}","{'id': 8624, 'rank': 28, 'fitness': 0.686910269043634, 'generation': 114}","{'id': 8630, 'rank': 29, 'fitness': 0.301518918470301, 'generation': 114}","{'id': 8649, 'rank': 30, 'fitness': 0.01798620996209155, 'generation': 114}"
"{'id': 8728, 'rank': 1, 'fitness': 0.9820137900379085, 'generation': 115}","{'id': 8730, 'rank': 2, 'fitness': 0.9751970782121067, 'generation': 115}","{'id': 8738, 'rank': 3, 'fitness': 0.9681548301622609, 'generation': 115}","{'id': 8731, 'rank': 4, 'fitness': 0.9571941627454428, 'generation': 115}","{'id': 8508, 'rank': 5, 'fitness': 0.9551182921154542, 'generation': 115}","{'id': 8508, 'rank': 6, 'fitness': 0.9551182921154542, 'generation': 115}","{'id': 8508, 'rank': 7, 'fitness': 0.9551182921154542, 'generation': 115}","{'id': 8701, 'rank': 8, 'fitness': 0.9547319080387624, 'generation': 115}","{'id': 8693, 'rank': 9, 'fitness': 0.9535788333880869, 'generation': 115}","{'id': 8680, 'rank': 10, 'fitness': 0.9435521167595597, 'generation': 115}","{'id': 8721, 'rank': 11, 'fitness': 0.9413491039326332, 'generation': 115}","{'id': 8686, 'rank': 12, 'fitness': 0.9357691233813381, 'generation': 115}","{'id': 8746, 'rank': 13, 'fitness': 0.9352513534864015, 'generation': 115}","{'id': 8685, 'rank': 14, 'fitness': 0.9334733141354095, 'generation': 115}","{'id': 8740, 'rank': 15, 'fitness': 0.9307446432716415, 'generation': 115}","{'id': 8720, 'rank': 16, 'fitness': 0.9295985270953443, 'generation': 115}","{'id': 8389, 'rank': 17, 'fitness': 0.9274913756371144, 'generation': 115}","{'id': 8670, 'rank': 18, 'fitness': 0.9217238462718045, 'generation': 115}","{'id': 8742, 'rank': 19, 'fitness': 0.9206905684862146, 'generation': 115}","{'id': 8712, 'rank': 20, 'fitness': 0.9183636047241486, 'generation': 115}","{'id': 8712, 'rank': 21, 'fitness': 0.9183636047241486, 'generation': 115}","{'id': 8695, 'rank': 22, 'fitness': 0.9144649148614522, 'generation': 115}","{'id': 8695, 'rank': 23, 'fitness': 0.9144649148614522, 'generation': 115}","{'id': 8745, 'rank': 24, 'fitness': 0.9056070549269443, 'generation': 115}","{'id': 8689, 'rank': 25, 'fitness': 0.874863355778124, 'generation': 115}","{'id': 8689, 'rank': 26, 'fitness': 0.874863355778124, 'generation': 115}","{'id': 8668, 'rank': 27, 'fitness': 0.8441691254518198, 'generation': 115}","{'id': 8654, 'rank': 28, 'fitness': 0.7985608390016457, 'generation': 115}","{'id': 8723, 'rank': 29, 'fitness': 0.03723957478473411, 'generation': 115}","{'id': 8722, 'rank': 30, 'fitness': 0.01798620996209155, 'generation': 115}"
"{'id': 8817, 'rank': 1, 'fitness': 0.9820137900379085, 'generation': 116}","{'id': 8730, 'rank': 2, 'fitness': 0.9752041510220754, 'generation': 116}","{'id': 8818, 'rank': 3, 'fitness': 0.9715371682295424, 'generation': 116}","{'id': 8784, 'rank': 4, 'fitness': 0.9715319577940171, 'generation': 116}","{'id': 8816, 'rank': 5, 'fitness': 0.9686092807345678, 'generation': 116}","{'id': 8782, 'rank': 6, 'fitness': 0.964275344248249, 'generation': 116}","{'id': 8508, 'rank': 7, 'fitness': 0.9449599547937941, 'generation': 116}","{'id': 8801, 'rank': 8, 'fitness': 0.9286594669329855, 'generation': 116}","{'id': 8680, 'rank': 9, 'fitness': 0.9253272745713251, 'generation': 116}","{'id': 8721, 'rank': 10, 'fitness': 0.9214477071223209, 'generation': 116}","{'id': 8746, 'rank': 11, 'fitness': 0.9105079017409836, 'generation': 116}","{'id': 8746, 'rank': 12, 'fitness': 0.9105079017409836, 'generation': 116}","{'id': 8685, 'rank': 13, 'fitness': 0.9072662704199375, 'generation': 116}","{'id': 8389, 'rank': 14, 'fitness': 0.896206025773741, 'generation': 116}","{'id': 8389, 'rank': 15, 'fitness': 0.896206025773741, 'generation': 116}","{'id': 8712, 'rank': 16, 'fitness': 0.8789270025569361, 'generation': 116}","{'id': 8712, 'rank': 17, 'fitness': 0.8789270025569361, 'generation': 116}","{'id': 8805, 'rank': 18, 'fitness': 0.8694294302302475, 'generation': 116}","{'id': 8798, 'rank': 19, 'fitness': 0.8589440656628083, 'generation': 116}","{'id': 8745, 'rank': 20, 'fitness': 0.8541309165007438, 'generation': 116}","{'id': 8802, 'rank': 21, 'fitness': 0.8430179814775662, 'generation': 116}","{'id': 8668, 'rank': 22, 'fitness': 0.7301971548468045, 'generation': 116}","{'id': 8753, 'rank': 23, 'fitness': 0.7140954480965982, 'generation': 116}","{'id': 8769, 'rank': 24, 'fitness': 0.693697036863455, 'generation': 116}","{'id': 8799, 'rank': 25, 'fitness': 0.6676547192449966, 'generation': 116}","{'id': 8799, 'rank': 26, 'fitness': 0.6676547192449966, 'generation': 116}","{'id': 8799, 'rank': 27, 'fitness': 0.6676547192449966, 'generation': 116}","{'id': 8806, 'rank': 28, 'fitness': 0.6185677929034356, 'generation': 116}","{'id': 8760, 'rank': 29, 'fitness': 0.081107623259988, 'generation': 116}","{'id': 8824, 'rank': 30, 'fitness': 0.01798620996209155, 'generation': 116}"
"{'id': 8851, 'rank': 1, 'fitness': 0.9820137900379085, 'generation': 117}","{'id': 8854, 'rank': 2, 'fitness': 0.9808861383844403, 'generation': 117}","{'id': 8856, 'rank': 3, 'fitness': 0.9799109013240295, 'generation': 117}","{'id': 8852, 'rank': 4, 'fitness': 0.979757971629063, 'generation': 117}","{'id': 8852, 'rank': 5, 'fitness': 0.979757971629063, 'generation': 117}","{'id': 8730, 'rank': 6, 'fitness': 0.9794438287456826, 'generation': 117}","{'id': 8730, 'rank': 7, 'fitness': 0.9794438287456826, 'generation': 117}","{'id': 8818, 'rank': 8, 'fitness': 0.9791399703198633, 'generation': 117}","{'id': 8784, 'rank': 9, 'fitness': 0.9791395633627586, 'generation': 117}","{'id': 8902, 'rank': 10, 'fitness': 0.9790416829138527, 'generation': 117}","{'id': 8816, 'rank': 11, 'fitness': 0.9789208435013846, 'generation': 117}","{'id': 8904, 'rank': 12, 'fitness': 0.9784231652799684, 'generation': 117}","{'id': 8880, 'rank': 13, 'fitness': 0.9780696694689106, 'generation': 117}","{'id': 8829, 'rank': 14, 'fitness': 0.9771196068603305, 'generation': 117}","{'id': 8829, 'rank': 15, 'fitness': 0.9771196068603305, 'generation': 117}","{'id': 8746, 'rank': 16, 'fitness': 0.9763587041558675, 'generation': 117}","{'id': 8746, 'rank': 17, 'fitness': 0.9763587041558675, 'generation': 117}","{'id': 8798, 'rank': 18, 'fitness': 0.9750727919467472, 'generation': 117}","{'id': 8830, 'rank': 19, 'fitness': 0.974352490950484, 'generation': 117}","{'id': 8848, 'rank': 20, 'fitness': 0.9730213729951286, 'generation': 117}","{'id': 8806, 'rank': 21, 'fitness': 0.9714361912443522, 'generation': 117}","{'id': 8864, 'rank': 22, 'fitness': 0.9690717449106929, 'generation': 117}","{'id': 8862, 'rank': 23, 'fitness': 0.9684104610297679, 'generation': 117}","{'id': 8890, 'rank': 24, 'fitness': 0.9665403792062353, 'generation': 117}","{'id': 8866, 'rank': 25, 'fitness': 0.9369495177130643, 'generation': 117}","{'id': 8866, 'rank': 26, 'fitness': 0.9369495177130643, 'generation': 117}","{'id': 8838, 'rank': 27, 'fitness': 0.9271674995133974, 'generation': 117}","{'id': 8836, 'rank': 28, 'fitness': 0.9215527174390917, 'generation': 117}","{'id': 8897, 'rank': 29, 'fitness': 0.8620131468843363, 'generation': 117}","{'id': 8901, 'rank': 30, 'fitness': 0.01798620996209155, 'generation': 117}"
"{'id': 8851, 'rank': 1, 'fitness': 0.9820137900379085, 'generation': 118}","{'id': 8949, 'rank': 2, 'fitness': 0.9702043389351582, 'generation': 118}","{'id': 8949, 'rank': 3, 'fitness': 0.9702043389351582, 'generation': 118}","{'id': 8947, 'rank': 4, 'fitness': 0.9697171839440322, 'generation': 118}","{'id': 8947, 'rank': 5, 'fitness': 0.9697171839440322, 'generation': 118}","{'id': 8948, 'rank': 6, 'fitness': 0.9695362580147205, 'generation': 118}","{'id': 8852, 'rank': 7, 'fitness': 0.9630122590308199, 'generation': 118}","{'id': 8730, 'rank': 8, 'fitness': 0.9594114166076377, 'generation': 118}","{'id': 8970, 'rank': 9, 'fitness': 0.9560804914111394, 'generation': 118}","{'id': 8818, 'rank': 10, 'fitness': 0.9556685488019012, 'generation': 118}","{'id': 8784, 'rank': 11, 'fitness': 0.9556633591441128, 'generation': 118}","{'id': 8902, 'rank': 12, 'fitness': 0.9544011388274636, 'generation': 118}","{'id': 8937, 'rank': 13, 'fitness': 0.9517905474352774, 'generation': 118}","{'id': 8946, 'rank': 14, 'fitness': 0.9475675685527132, 'generation': 118}","{'id': 8973, 'rank': 15, 'fitness': 0.9463085761239641, 'generation': 118}","{'id': 8904, 'rank': 16, 'fitness': 0.9457570714958068, 'generation': 118}","{'id': 8950, 'rank': 17, 'fitness': 0.9452285755908398, 'generation': 118}","{'id': 8966, 'rank': 18, 'fitness': 0.9413664948878198, 'generation': 118}","{'id': 8880, 'rank': 19, 'fitness': 0.9402732070298319, 'generation': 118}","{'id': 8952, 'rank': 20, 'fitness': 0.9234164927999032, 'generation': 118}","{'id': 8746, 'rank': 21, 'fitness': 0.9075252962108282, 'generation': 118}","{'id': 8746, 'rank': 22, 'fitness': 0.9075252962108282, 'generation': 118}","{'id': 8925, 'rank': 23, 'fitness': 0.9032785202111113, 'generation': 118}","{'id': 8985, 'rank': 24, 'fitness': 0.8860993470870109, 'generation': 118}","{'id': 8951, 'rank': 25, 'fitness': 0.876988342247792, 'generation': 118}","{'id': 8830, 'rank': 26, 'fitness': 0.8545079831123512, 'generation': 118}","{'id': 8983, 'rank': 27, 'fitness': 0.8449433572750255, 'generation': 118}","{'id': 8848, 'rank': 28, 'fitness': 0.8101426520415076, 'generation': 118}","{'id': 8806, 'rank': 29, 'fitness': 0.7483646655584589, 'generation': 118}","{'id': 8866, 'rank': 30, 'fitness': 0.01798620996209155, 'generation': 118}"
"{'id': 9018, 'rank': 1, 'fitness': 0.9820137900379085, 'generation': 119}","{'id': 9018, 'rank': 2, 'fitness': 0.9820137900379085, 'generation': 119}","{'id': 9032, 'rank': 3, 'fitness': 0.9716312740006656, 'generation': 119}","{'id': 9032, 'rank': 4, 'fitness': 0.9716312740006656, 'generation': 119}","{'id': 9031, 'rank': 5, 'fitness': 0.9715586806884302, 'generation': 119}","{'id': 9031, 'rank': 6, 'fitness': 0.9715586806884302, 'generation': 119}","{'id': 8949, 'rank': 7, 'fitness': 0.9473825741753132, 'generation': 119}","{'id': 8949, 'rank': 8, 'fitness': 0.9473825741753132, 'generation': 119}","{'id': 8947, 'rank': 9, 'fitness': 0.9455677721120523, 'generation': 119}","{'id': 8947, 'rank': 10, 'fitness': 0.9455677721120523, 'generation': 119}","{'id': 8948, 'rank': 11, 'fitness': 0.9448862595149798, 'generation': 119}","{'id': 9069, 'rank': 12, 'fitness': 0.9410516253457981, 'generation': 119}","{'id': 9046, 'rank': 13, 'fitness': 0.939741433573468, 'generation': 119}","{'id': 8852, 'rank': 14, 'fitness': 0.9176924629475056, 'generation': 119}","{'id': 8902, 'rank': 15, 'fitness': 0.8747563711621762, 'generation': 119}","{'id': 8946, 'rank': 16, 'fitness': 0.8360419884326689, 'generation': 119}","{'id': 8946, 'rank': 17, 'fitness': 0.8360419884326689, 'generation': 119}","{'id': 8946, 'rank': 18, 'fitness': 0.8360419884326689, 'generation': 119}","{'id': 8966, 'rank': 19, 'fitness': 0.7982643283992412, 'generation': 119}","{'id': 9068, 'rank': 20, 'fitness': 0.6955514707233337, 'generation': 119}","{'id': 9015, 'rank': 21, 'fitness': 0.6471930025702589, 'generation': 119}","{'id': 9061, 'rank': 22, 'fitness': 0.6017570442720422, 'generation': 119}","{'id': 9035, 'rank': 23, 'fitness': 0.5961495784851703, 'generation': 119}","{'id': 8746, 'rank': 24, 'fitness': 0.5795035974661539, 'generation': 119}","{'id': 9025, 'rank': 25, 'fitness': 0.5339042046748299, 'generation': 119}","{'id': 9037, 'rank': 26, 'fitness': 0.35061391407114617, 'generation': 119}","{'id': 9026, 'rank': 27, 'fitness': 0.06465004284449871, 'generation': 119}","{'id': 9026, 'rank': 28, 'fitness': 0.06465004284449871, 'generation': 119}","{'id': 9034, 'rank': 29, 'fitness': 0.037544044210203464, 'generation': 119}","{'id': 9030, 'rank': 30, 'fitness': 0.01798620996209155, 'generation': 119}"
"{'id': 9118, 'rank': 1, 'fitness': 0.9820137900379085, 'generation': 120}","{'id': 9118, 'rank': 2, 'fitness': 0.9820137900379085, 'generation': 120}","{'id': 9018, 'rank': 3, 'fitness': 0.9796529391026749, 'generation': 120}","{'id': 9089, 'rank': 4, 'fitness': 0.9790774247508307, 'generation': 120}","{'id': 9113, 'rank': 5, 'fitness': 0.977677929108338, 'generation': 120}","{'id': 9032, 'rank': 6, 'fitness': 0.9773467441243675, 'generation': 120}","{'id': 9032, 'rank': 7, 'fitness': 0.9773467441243675, 'generation': 120}","{'id': 9032, 'rank': 8, 'fitness': 0.9773467441243675, 'generation': 120}","{'id': 9032, 'rank': 9, 'fitness': 0.9773467441243675, 'generation': 120}","{'id': 9119, 'rank': 10, 'fitness': 0.9768271771921796, 'generation': 120}","{'id': 9114, 'rank': 11, 'fitness': 0.975494051156556, 'generation': 120}","{'id': 9092, 'rank': 12, 'fitness': 0.9752379480421725, 'generation': 120}","{'id': 9125, 'rank': 13, 'fitness': 0.9722024532555212, 'generation': 120}","{'id': 8852, 'rank': 14, 'fitness': 0.9707008765845841, 'generation': 120}","{'id': 9106, 'rank': 15, 'fitness': 0.9680988045474272, 'generation': 120}","{'id': 8902, 'rank': 16, 'fitness': 0.9674033620690349, 'generation': 120}","{'id': 9080, 'rank': 17, 'fitness': 0.9654942957290179, 'generation': 120}","{'id': 8946, 'rank': 18, 'fitness': 0.9649863690932663, 'generation': 120}","{'id': 8946, 'rank': 19, 'fitness': 0.9649863690932663, 'generation': 120}","{'id': 9082, 'rank': 20, 'fitness': 0.9583871651740556, 'generation': 120}","{'id': 9068, 'rank': 21, 'fitness': 0.9580113602022262, 'generation': 120}","{'id': 9015, 'rank': 22, 'fitness': 0.9558841043271857, 'generation': 120}","{'id': 9025, 'rank': 23, 'fitness': 0.9509682744097167, 'generation': 120}","{'id': 9025, 'rank': 24, 'fitness': 0.9509682744097167, 'generation': 120}","{'id': 9026, 'rank': 25, 'fitness': 0.9092359837831336, 'generation': 120}","{'id': 9071, 'rank': 26, 'fitness': 0.1714006043545459, 'generation': 120}","{'id': 9072, 'rank': 27, 'fitness': 0.16467889442501388, 'generation': 120}","{'id': 9110, 'rank': 28, 'fitness': 0.08342516154699453, 'generation': 120}","{'id': 9073, 'rank': 29, 'fitness': 0.03125324349431313, 'generation': 120}","{'id': 9112, 'rank': 30, 'fitness': 0.01798620996209155, 'generation': 120}"
"{'id': 9202, 'rank': 1, 'fitness': 0.9820137900379085, 'generation': 121}","{'id': 9198, 'rank': 2, 'fitness': 0.9723338457895119, 'generation': 121}","{'id': 9199, 'rank': 3, 'fitness': 0.9629069342786698, 'generation': 121}","{'id': 9190, 'rank': 4, 'fitness': 0.9438109798263505, 'generation': 121}","{'id': 9190, 'rank': 5, 'fitness': 0.9438109798263505, 'generation': 121}","{'id': 9200, 'rank': 6, 'fitness': 0.9355390570457467, 'generation': 121}","{'id': 9018, 'rank': 7, 'fitness': 0.9296620865905323, 'generation': 121}","{'id': 9018, 'rank': 8, 'fitness': 0.9296620865905323, 'generation': 121}","{'id': 9089, 'rank': 9, 'fitness': 0.9191804483428125, 'generation': 121}","{'id': 9148, 'rank': 10, 'fitness': 0.8999898126737416, 'generation': 121}","{'id': 9148, 'rank': 11, 'fitness': 0.8999898126737416, 'generation': 121}","{'id': 9205, 'rank': 12, 'fitness': 0.8890370148444413, 'generation': 121}","{'id': 9191, 'rank': 13, 'fitness': 0.876896496888248, 'generation': 121}","{'id': 9160, 'rank': 14, 'fitness': 0.8687964438773443, 'generation': 121}","{'id': 9160, 'rank': 15, 'fitness': 0.8687964438773443, 'generation': 121}","{'id': 9119, 'rank': 16, 'fitness': 0.8676365453575168, 'generation': 121}","{'id': 9168, 'rank': 17, 'fitness': 0.819489718293603, 'generation': 121}","{'id': 9144, 'rank': 18, 'fitness': 0.7965993018944193, 'generation': 121}","{'id': 9146, 'rank': 19, 'fitness': 0.7087793326575813, 'generation': 121}","{'id': 9158, 'rank': 20, 'fitness': 0.68001931841136, 'generation': 121}","{'id': 9152, 'rank': 21, 'fitness': 0.4886805118366161, 'generation': 121}","{'id': 9164, 'rank': 22, 'fitness': 0.42047409069493774, 'generation': 121}","{'id': 9170, 'rank': 23, 'fitness': 0.2815043168529522, 'generation': 121}","{'id': 9082, 'rank': 24, 'fitness': 0.212693216886652, 'generation': 121}","{'id': 9068, 'rank': 25, 'fitness': 0.2045223247658981, 'generation': 121}","{'id': 9015, 'rank': 26, 'fitness': 0.16373237663195028, 'generation': 121}","{'id': 9165, 'rank': 27, 'fitness': 0.14024462368470902, 'generation': 121}","{'id': 9025, 'rank': 28, 'fitness': 0.09838827548285811, 'generation': 121}","{'id': 9150, 'rank': 29, 'fitness': 0.01798620996209155, 'generation': 121}","{'id': 9150, 'rank': 30, 'fitness': 0.01798620996209155, 'generation': 121}"
"{'id': 9267, 'rank': 1, 'fitness': 0.9820137900379085, 'generation': 122}","{'id': 9199, 'rank': 2, 'fitness': 0.981880432254647, 'generation': 122}","{'id': 9235, 'rank': 3, 'fitness': 0.9818427266208475, 'generation': 122}","{'id': 9235, 'rank': 4, 'fitness': 0.9818427266208475, 'generation': 122}","{'id': 9234, 'rank': 5, 'fitness': 0.9818182496226743, 'generation': 122}","{'id': 9089, 'rank': 6, 'fitness': 0.9815236275783694, 'generation': 122}","{'id': 9148, 'rank': 7, 'fitness': 0.9814211417873546, 'generation': 122}","{'id': 9205, 'rank': 8, 'fitness': 0.9813700890396382, 'generation': 122}","{'id': 9160, 'rank': 9, 'fitness': 0.9812860353561876, 'generation': 122}","{'id': 9119, 'rank': 10, 'fitness': 0.981281553945422, 'generation': 122}","{'id': 9146, 'rank': 11, 'fitness': 0.9808384632383458, 'generation': 122}","{'id': 9146, 'rank': 12, 'fitness': 0.9808384632383458, 'generation': 122}","{'id': 9227, 'rank': 13, 'fitness': 0.9807600130303928, 'generation': 122}","{'id': 9281, 'rank': 14, 'fitness': 0.9807427472435821, 'generation': 122}","{'id': 9272, 'rank': 15, 'fitness': 0.9805094948503497, 'generation': 122}","{'id': 9249, 'rank': 16, 'fitness': 0.9804246978168559, 'generation': 122}","{'id': 9150, 'rank': 17, 'fitness': 0.9784967916543184, 'generation': 122}","{'id': 9280, 'rank': 18, 'fitness': 0.9782598900987547, 'generation': 122}","{'id': 9280, 'rank': 19, 'fitness': 0.9782598900987547, 'generation': 122}","{'id': 9245, 'rank': 20, 'fitness': 0.9772643390895309, 'generation': 122}","{'id': 9245, 'rank': 21, 'fitness': 0.9772643390895309, 'generation': 122}","{'id': 9231, 'rank': 22, 'fitness': 0.9769926184427582, 'generation': 122}","{'id': 9231, 'rank': 23, 'fitness': 0.9769926184427582, 'generation': 122}","{'id': 9219, 'rank': 24, 'fitness': 0.974036730802805, 'generation': 122}","{'id': 9219, 'rank': 25, 'fitness': 0.974036730802805, 'generation': 122}","{'id': 9270, 'rank': 26, 'fitness': 0.9734968981321203, 'generation': 122}","{'id': 9223, 'rank': 27, 'fitness': 0.9719760808859472, 'generation': 122}","{'id': 9269, 'rank': 28, 'fitness': 0.970849494045077, 'generation': 122}","{'id': 9241, 'rank': 29, 'fitness': 0.9561649431638688, 'generation': 122}","{'id': 9263, 'rank': 30, 'fitness': 0.01798620996209155, 'generation': 122}"
"{'id': 9332, 'rank': 1, 'fitness': 0.9820137900379085, 'generation': 123}","{'id': 9338, 'rank': 2, 'fitness': 0.978803729337677, 'generation': 123}","{'id': 9330, 'rank': 3, 'fitness': 0.9607310800622733, 'generation': 123}","{'id': 9328, 'rank': 4, 'fitness': 0.9543556854816005, 'generation': 123}","{'id': 9327, 'rank': 5, 'fitness': 0.9434526008674596, 'generation': 123}","{'id': 9346, 'rank': 6, 'fitness': 0.9343521464290923, 'generation': 123}","{'id': 9346, 'rank': 7, 'fitness': 0.9343521464290923, 'generation': 123}","{'id': 9089, 'rank': 8, 'fitness': 0.9042141077433822, 'generation': 123}","{'id': 9148, 'rank': 9, 'fitness': 0.8841204922319907, 'generation': 123}","{'id': 9315, 'rank': 10, 'fitness': 0.8693847395589108, 'generation': 123}","{'id': 9309, 'rank': 11, 'fitness': 0.8098938024123148, 'generation': 123}","{'id': 9310, 'rank': 12, 'fitness': 0.7806139542220502, 'generation': 123}","{'id': 9305, 'rank': 13, 'fitness': 0.7786679309354183, 'generation': 123}","{'id': 9292, 'rank': 14, 'fitness': 0.7772278735816665, 'generation': 123}","{'id': 9292, 'rank': 15, 'fitness': 0.7772278735816665, 'generation': 123}","{'id': 9331, 'rank': 16, 'fitness': 0.757205737162112, 'generation': 123}","{'id': 9314, 'rank': 17, 'fitness': 0.7139080099100287, 'generation': 123}","{'id': 9146, 'rank': 18, 'fitness': 0.6991034989064764, 'generation': 123}","{'id': 9302, 'rank': 19, 'fitness': 0.5937570181771223, 'generation': 123}","{'id': 9295, 'rank': 20, 'fitness': 0.5931195611951661, 'generation': 123}","{'id': 9272, 'rank': 21, 'fitness': 0.5466900072918717, 'generation': 123}","{'id': 9272, 'rank': 22, 'fitness': 0.5466900072918717, 'generation': 123}","{'id': 9320, 'rank': 23, 'fitness': 0.5117823030472318, 'generation': 123}","{'id': 9249, 'rank': 24, 'fitness': 0.5050098261434947, 'generation': 123}","{'id': 9319, 'rank': 25, 'fitness': 0.4446967397111407, 'generation': 123}","{'id': 9308, 'rank': 26, 'fitness': 0.4359144480355537, 'generation': 123}","{'id': 9150, 'rank': 27, 'fitness': 0.026523918470976626, 'generation': 123}","{'id': 9285, 'rank': 28, 'fitness': 0.019646468595668043, 'generation': 123}","{'id': 9365, 'rank': 29, 'fitness': 0.01798620996209155, 'generation': 123}","{'id': 9365, 'rank': 30, 'fitness': 0.01798620996209155, 'generation': 123}"
"{'id': 9392, 'rank': 1, 'fitness': 0.9820137900379085, 'generation': 124}","{'id': 9392, 'rank': 2, 'fitness': 0.9820137900379085, 'generation': 124}","{'id': 9328, 'rank': 3, 'fitness': 0.9817833176647933, 'generation': 124}","{'id': 9327, 'rank': 4, 'fitness': 0.9816532640396165, 'generation': 124}","{'id': 9424, 'rank': 5, 'fitness': 0.9816311388759283, 'generation': 124}","{'id': 9346, 'rank': 6, 'fitness': 0.9815611414267105, 'generation': 124}","{'id': 9428, 'rank': 7, 'fitness': 0.9814923962751747, 'generation': 124}","{'id': 9315, 'rank': 8, 'fitness': 0.9811142572332011, 'generation': 124}","{'id': 9315, 'rank': 9, 'fitness': 0.9811142572332011, 'generation': 124}","{'id': 9315, 'rank': 10, 'fitness': 0.9811142572332011, 'generation': 124}","{'id': 9315, 'rank': 11, 'fitness': 0.9811142572332011, 'generation': 124}","{'id': 9309, 'rank': 12, 'fitness': 0.9808469589644854, 'generation': 124}","{'id': 9385, 'rank': 13, 'fitness': 0.9805351515520919, 'generation': 124}","{'id': 9146, 'rank': 14, 'fitness': 0.980477815084868, 'generation': 124}","{'id': 9302, 'rank': 15, 'fitness': 0.9801909057258273, 'generation': 124}","{'id': 9302, 'rank': 16, 'fitness': 0.9801909057258273, 'generation': 124}","{'id': 9295, 'rank': 17, 'fitness': 0.9801892585147296, 'generation': 124}","{'id': 9420, 'rank': 18, 'fitness': 0.9797598694297651, 'generation': 124}","{'id': 9420, 'rank': 19, 'fitness': 0.9797598694297651, 'generation': 124}","{'id': 9386, 'rank': 20, 'fitness': 0.9797349275038667, 'generation': 124}","{'id': 9368, 'rank': 21, 'fitness': 0.9792226663498698, 'generation': 124}","{'id': 9388, 'rank': 22, 'fitness': 0.9792143085268508, 'generation': 124}","{'id': 9399, 'rank': 23, 'fitness': 0.9770496089267853, 'generation': 124}","{'id': 9410, 'rank': 24, 'fitness': 0.9764597282123451, 'generation': 124}","{'id': 9374, 'rank': 25, 'fitness': 0.9509710731470851, 'generation': 124}","{'id': 9373, 'rank': 26, 'fitness': 0.93840629183781, 'generation': 124}","{'id': 9372, 'rank': 27, 'fitness': 0.9374114030494116, 'generation': 124}","{'id': 9411, 'rank': 28, 'fitness': 0.9001115730090529, 'generation': 124}","{'id': 9417, 'rank': 29, 'fitness': 0.3024134419120027, 'generation': 124}","{'id': 9398, 'rank': 30, 'fitness': 0.01798620996209155, 'generation': 124}"
"{'id': 9441, 'rank': 1, 'fitness': 0.9820137900379085, 'generation': 125}","{'id': 9464, 'rank': 2, 'fitness': 0.9468335703979607, 'generation': 125}","{'id': 9464, 'rank': 3, 'fitness': 0.9468335703979607, 'generation': 125}","{'id': 9444, 'rank': 4, 'fitness': 0.9288806712964497, 'generation': 125}","{'id': 9472, 'rank': 5, 'fitness': 0.9277732284621585, 'generation': 125}","{'id': 9448, 'rank': 6, 'fitness': 0.9148217927581054, 'generation': 125}","{'id': 9448, 'rank': 7, 'fitness': 0.9148217927581054, 'generation': 125}","{'id': 9428, 'rank': 8, 'fitness': 0.9011542552066046, 'generation': 125}","{'id': 9428, 'rank': 9, 'fitness': 0.9011542552066046, 'generation': 125}","{'id': 9473, 'rank': 10, 'fitness': 0.8473934224450721, 'generation': 125}","{'id': 9315, 'rank': 11, 'fitness': 0.8413251717982715, 'generation': 125}","{'id': 9315, 'rank': 12, 'fitness': 0.8413251717982715, 'generation': 125}","{'id': 9315, 'rank': 13, 'fitness': 0.8413251717982715, 'generation': 125}","{'id': 9315, 'rank': 14, 'fitness': 0.8413251717982715, 'generation': 125}","{'id': 9440, 'rank': 15, 'fitness': 0.839895165297017, 'generation': 125}","{'id': 9480, 'rank': 16, 'fitness': 0.7196887873161374, 'generation': 125}","{'id': 9466, 'rank': 17, 'fitness': 0.7168454687656296, 'generation': 125}","{'id': 9488, 'rank': 18, 'fitness': 0.64589541393251, 'generation': 125}","{'id': 9434, 'rank': 19, 'fitness': 0.6450980724594652, 'generation': 125}","{'id': 9482, 'rank': 20, 'fitness': 0.568150073839931, 'generation': 125}","{'id': 9489, 'rank': 21, 'fitness': 0.49557112915939744, 'generation': 125}","{'id': 9483, 'rank': 22, 'fitness': 0.49265800669086635, 'generation': 125}","{'id': 9420, 'rank': 23, 'fitness': 0.4527674537123243, 'generation': 125}","{'id': 9479, 'rank': 24, 'fitness': 0.44480471472696564, 'generation': 125}","{'id': 9469, 'rank': 25, 'fitness': 0.36804145042506975, 'generation': 125}","{'id': 9469, 'rank': 26, 'fitness': 0.36804145042506975, 'generation': 125}","{'id': 9477, 'rank': 27, 'fitness': 0.3639110976537257, 'generation': 125}","{'id': 9477, 'rank': 28, 'fitness': 0.3639110976537257, 'generation': 125}","{'id': 9458, 'rank': 29, 'fitness': 0.08714466337713789, 'generation': 125}","{'id': 9467, 'rank': 30, 'fitness': 0.01798620996209155, 'generation': 125}"
"{'id': 9521, 'rank': 1, 'fitness': 0.9820137900379085, 'generation': 126}","{'id': 9521, 'rank': 2, 'fitness': 0.9820137900379085, 'generation': 126}","{'id': 9464, 'rank': 3, 'fitness': 0.9811178051473535, 'generation': 126}","{'id': 9464, 'rank': 4, 'fitness': 0.9811178051473535, 'generation': 126}","{'id': 9444, 'rank': 5, 'fitness': 0.9809095653513301, 'generation': 126}","{'id': 9428, 'rank': 6, 'fitness': 0.9806653094444224, 'generation': 126}","{'id': 9549, 'rank': 7, 'fitness': 0.9805325821879312, 'generation': 126}","{'id': 9549, 'rank': 8, 'fitness': 0.9805325821879312, 'generation': 126}","{'id': 9315, 'rank': 9, 'fitness': 0.9802912648443056, 'generation': 126}","{'id': 9315, 'rank': 10, 'fitness': 0.9802912648443056, 'generation': 126}","{'id': 9315, 'rank': 11, 'fitness': 0.9802912648443056, 'generation': 126}","{'id': 9440, 'rank': 12, 'fitness': 0.9802838284081861, 'generation': 126}","{'id': 9440, 'rank': 13, 'fitness': 0.9802838284081861, 'generation': 126}","{'id': 9548, 'rank': 14, 'fitness': 0.9798167419423394, 'generation': 126}","{'id': 9488, 'rank': 15, 'fitness': 0.9795340124762971, 'generation': 126}","{'id': 9488, 'rank': 16, 'fitness': 0.9795340124762971, 'generation': 126}","{'id': 9570, 'rank': 17, 'fitness': 0.9794113983623833, 'generation': 126}","{'id': 9551, 'rank': 18, 'fitness': 0.9794099712068424, 'generation': 126}","{'id': 9551, 'rank': 19, 'fitness': 0.9794099712068424, 'generation': 126}","{'id': 9489, 'rank': 20, 'fitness': 0.9790819338619973, 'generation': 126}","{'id': 9477, 'rank': 21, 'fitness': 0.9786788881506076, 'generation': 126}","{'id': 9477, 'rank': 22, 'fitness': 0.9786788881506076, 'generation': 126}","{'id': 9506, 'rank': 23, 'fitness': 0.9748597976051534, 'generation': 126}","{'id': 9511, 'rank': 24, 'fitness': 0.9747310556821878, 'generation': 126}","{'id': 9529, 'rank': 25, 'fitness': 0.9739868113601287, 'generation': 126}","{'id': 9509, 'rank': 26, 'fitness': 0.9688806526582623, 'generation': 126}","{'id': 9568, 'rank': 27, 'fitness': 0.9656508594752027, 'generation': 126}","{'id': 9578, 'rank': 28, 'fitness': 0.9625429885797154, 'generation': 126}","{'id': 9561, 'rank': 29, 'fitness': 0.9619545997851904, 'generation': 126}","{'id': 9559, 'rank': 30, 'fitness': 0.01798620996209155, 'generation': 126}"
"{'id': 9586, 'rank': 1, 'fitness': 0.9820137900379085, 'generation': 127}","{'id': 9642, 'rank': 2, 'fitness': 0.9760659832016473, 'generation': 127}","{'id': 9444, 'rank': 3, 'fitness': 0.9617233775247065, 'generation': 127}","{'id': 9623, 'rank': 4, 'fitness': 0.9617121133600111, 'generation': 127}","{'id': 9623, 'rank': 5, 'fitness': 0.9617121133600111, 'generation': 127}","{'id': 9651, 'rank': 6, 'fitness': 0.9592064452044352, 'generation': 127}","{'id': 9609, 'rank': 7, 'fitness': 0.9564729455872716, 'generation': 127}","{'id': 9549, 'rank': 8, 'fitness': 0.9535032661601222, 'generation': 127}","{'id': 9549, 'rank': 9, 'fitness': 0.9535032661601222, 'generation': 127}","{'id': 9637, 'rank': 10, 'fitness': 0.9527579779014435, 'generation': 127}","{'id': 9632, 'rank': 11, 'fitness': 0.9509210180411581, 'generation': 127}","{'id': 9636, 'rank': 12, 'fitness': 0.9505357906521699, 'generation': 127}","{'id': 9636, 'rank': 13, 'fitness': 0.9505357906521699, 'generation': 127}","{'id': 9315, 'rank': 14, 'fitness': 0.9474867758750748, 'generation': 127}","{'id': 9624, 'rank': 15, 'fitness': 0.9470006312035015, 'generation': 127}","{'id': 9647, 'rank': 16, 'fitness': 0.9463989389446098, 'generation': 127}","{'id': 9647, 'rank': 17, 'fitness': 0.9463989389446098, 'generation': 127}","{'id': 9643, 'rank': 18, 'fitness': 0.94209132919433, 'generation': 127}","{'id': 9635, 'rank': 19, 'fitness': 0.9406091220964432, 'generation': 127}","{'id': 9635, 'rank': 20, 'fitness': 0.9406091220964432, 'generation': 127}","{'id': 9590, 'rank': 21, 'fitness': 0.9354943639505442, 'generation': 127}","{'id': 9620, 'rank': 22, 'fitness': 0.9333637210249376, 'generation': 127}","{'id': 9620, 'rank': 23, 'fitness': 0.9333637210249376, 'generation': 127}","{'id': 9617, 'rank': 24, 'fitness': 0.9329814714895937, 'generation': 127}","{'id': 9488, 'rank': 25, 'fitness': 0.9241971040064498, 'generation': 127}","{'id': 9551, 'rank': 26, 'fitness': 0.9196751358636908, 'generation': 127}","{'id': 9606, 'rank': 27, 'fitness': 0.9025535108697212, 'generation': 127}","{'id': 9594, 'rank': 28, 'fitness': 0.894818430556959, 'generation': 127}","{'id': 9607, 'rank': 29, 'fitness': 0.8927130034220382, 'generation': 127}","{'id': 9561, 'rank': 30, 'fitness': 0.01798620996209155, 'generation': 127}"
"{'id': 9665, 'rank': 1, 'fitness': 0.9820137900379085, 'generation': 128}","{'id': 9642, 'rank': 2, 'fitness': 0.9563537127436934, 'generation': 128}","{'id': 9642, 'rank': 3, 'fitness': 0.9563537127436934, 'generation': 128}","{'id': 9623, 'rank': 4, 'fitness': 0.8156668351182181, 'generation': 128}","{'id': 9623, 'rank': 5, 'fitness': 0.8156668351182181, 'generation': 128}","{'id': 9725, 'rank': 6, 'fitness': 0.8060048249983066, 'generation': 128}","{'id': 9651, 'rank': 7, 'fitness': 0.7806412916070367, 'generation': 128}","{'id': 9651, 'rank': 8, 'fitness': 0.7806412916070367, 'generation': 128}","{'id': 9609, 'rank': 9, 'fitness': 0.7399866430630201, 'generation': 128}","{'id': 9609, 'rank': 10, 'fitness': 0.7399866430630201, 'generation': 128}","{'id': 9724, 'rank': 11, 'fitness': 0.7090010402185936, 'generation': 128}","{'id': 9549, 'rank': 12, 'fitness': 0.6937650577335619, 'generation': 128}","{'id': 9637, 'rank': 13, 'fitness': 0.6819419365376667, 'generation': 128}","{'id': 9668, 'rank': 14, 'fitness': 0.6240438009626644, 'generation': 128}","{'id': 9722, 'rank': 15, 'fitness': 0.5441008345363879, 'generation': 128}","{'id': 9590, 'rank': 16, 'fitness': 0.41927290654066396, 'generation': 128}","{'id': 9687, 'rank': 17, 'fitness': 0.3927040230605051, 'generation': 128}","{'id': 9620, 'rank': 18, 'fitness': 0.39160956544521874, 'generation': 128}","{'id': 9617, 'rank': 19, 'fitness': 0.3867997723724498, 'generation': 128}","{'id': 9689, 'rank': 20, 'fitness': 0.3497904927220986, 'generation': 128}","{'id': 9708, 'rank': 21, 'fitness': 0.24988483925389915, 'generation': 128}","{'id': 9551, 'rank': 22, 'fitness': 0.24861415433357875, 'generation': 128}","{'id': 9697, 'rank': 23, 'fitness': 0.16830196857926427, 'generation': 128}","{'id': 9695, 'rank': 24, 'fitness': 0.16207924250319794, 'generation': 128}","{'id': 9607, 'rank': 25, 'fitness': 0.10343815653206079, 'generation': 128}","{'id': 9698, 'rank': 26, 'fitness': 0.09791472463227091, 'generation': 128}","{'id': 9734, 'rank': 27, 'fitness': 0.054578101291431036, 'generation': 128}","{'id': 9662, 'rank': 28, 'fitness': 0.03696860216815223, 'generation': 128}","{'id': 9678, 'rank': 29, 'fitness': 0.033817282656762815, 'generation': 128}","{'id': 9676, 'rank': 30, 'fitness': 0.01798620996209155, 'generation': 128}"
"{'id': 9665, 'rank': 1, 'fitness': 0.9820137900379085, 'generation': 129}","{'id': 9751, 'rank': 2, 'fitness': 0.981887154227892, 'generation': 129}","{'id': 9751, 'rank': 3, 'fitness': 0.981887154227892, 'generation': 129}","{'id': 9749, 'rank': 4, 'fitness': 0.9818781918300992, 'generation': 129}","{'id': 9642, 'rank': 5, 'fitness': 0.9816745902223674, 'generation': 129}","{'id': 9777, 'rank': 6, 'fitness': 0.9816709921027574, 'generation': 129}","{'id': 9777, 'rank': 7, 'fitness': 0.9816709921027574, 'generation': 129}","{'id': 9750, 'rank': 8, 'fitness': 0.9816318258291498, 'generation': 129}","{'id': 9759, 'rank': 9, 'fitness': 0.9814428105265289, 'generation': 129}","{'id': 9651, 'rank': 10, 'fitness': 0.9809805116446745, 'generation': 129}","{'id': 9651, 'rank': 11, 'fitness': 0.9809805116446745, 'generation': 129}","{'id': 9609, 'rank': 12, 'fitness': 0.9808934012791073, 'generation': 129}","{'id': 9609, 'rank': 13, 'fitness': 0.9808934012791073, 'generation': 129}","{'id': 9724, 'rank': 14, 'fitness': 0.9808326200391583, 'generation': 129}","{'id': 9668, 'rank': 15, 'fitness': 0.9806816587855416, 'generation': 129}","{'id': 9757, 'rank': 16, 'fitness': 0.9806122111526229, 'generation': 129}","{'id': 9757, 'rank': 17, 'fitness': 0.9806122111526229, 'generation': 129}","{'id': 9620, 'rank': 18, 'fitness': 0.9803040380208432, 'generation': 129}","{'id': 9620, 'rank': 19, 'fitness': 0.9803040380208432, 'generation': 129}","{'id': 9698, 'rank': 20, 'fitness': 0.9795747915302805, 'generation': 129}","{'id': 9662, 'rank': 21, 'fitness': 0.9791368149178359, 'generation': 129}","{'id': 9676, 'rank': 22, 'fitness': 0.9788194186290713, 'generation': 129}","{'id': 9754, 'rank': 23, 'fitness': 0.9621709965194166, 'generation': 129}","{'id': 9755, 'rank': 24, 'fitness': 0.9501756941412178, 'generation': 129}","{'id': 9771, 'rank': 25, 'fitness': 0.9287637163014645, 'generation': 129}","{'id': 9765, 'rank': 26, 'fitness': 0.9255360334894469, 'generation': 129}","{'id': 9781, 'rank': 27, 'fitness': 0.9250014713201371, 'generation': 129}","{'id': 9746, 'rank': 28, 'fitness': 0.7842987771619634, 'generation': 129}","{'id': 9746, 'rank': 29, 'fitness': 0.7842987771619634, 'generation': 129}","{'id': 9787, 'rank': 30, 'fitness': 0.01798620996209155, 'generation': 129}"
"{'id': 9830, 'rank': 1, 'fitness': 0.9820137900379085, 'generation': 130}","{'id': 9851, 'rank': 2, 'fitness': 0.9819703455459025, 'generation': 130}","{'id': 9880, 'rank': 3, 'fitness': 0.9818949431053947, 'generation': 130}","{'id': 9880, 'rank': 4, 'fitness': 0.9818949431053947, 'generation': 130}","{'id': 9751, 'rank': 5, 'fitness': 0.9818532632282162, 'generation': 130}","{'id': 9877, 'rank': 6, 'fitness': 0.981833282571017, 'generation': 130}","{'id': 9860, 'rank': 7, 'fitness': 0.9817861717061842, 'generation': 130}","{'id': 9859, 'rank': 8, 'fitness': 0.9817142544979899, 'generation': 130}","{'id': 9827, 'rank': 9, 'fitness': 0.981690916996749, 'generation': 130}","{'id': 9642, 'rank': 10, 'fitness': 0.9816453161624854, 'generation': 130}","{'id': 9777, 'rank': 11, 'fitness': 0.9816417966743454, 'generation': 130}","{'id': 9759, 'rank': 12, 'fitness': 0.9814186339829044, 'generation': 130}","{'id': 9881, 'rank': 13, 'fitness': 0.981407599445967, 'generation': 130}","{'id': 9881, 'rank': 14, 'fitness': 0.981407599445967, 'generation': 130}","{'id': 9817, 'rank': 15, 'fitness': 0.9812869331130029, 'generation': 130}","{'id': 9873, 'rank': 16, 'fitness': 0.9811824083656389, 'generation': 130}","{'id': 9856, 'rank': 17, 'fitness': 0.9810495497264085, 'generation': 130}","{'id': 9821, 'rank': 18, 'fitness': 0.9809972292115957, 'generation': 130}","{'id': 9609, 'rank': 19, 'fitness': 0.9808815662426371, 'generation': 130}","{'id': 9820, 'rank': 20, 'fitness': 0.9806641969677548, 'generation': 130}","{'id': 9757, 'rank': 21, 'fitness': 0.9806068303379891, 'generation': 130}","{'id': 9848, 'rank': 22, 'fitness': 0.980519831272596, 'generation': 130}","{'id': 9848, 'rank': 23, 'fitness': 0.980519831272596, 'generation': 130}","{'id': 9882, 'rank': 24, 'fitness': 0.9805094592645636, 'generation': 130}","{'id': 9852, 'rank': 25, 'fitness': 0.9784161164390022, 'generation': 130}","{'id': 9832, 'rank': 26, 'fitness': 0.9452208991347273, 'generation': 130}","{'id': 9771, 'rank': 27, 'fitness': 0.9308144499061481, 'generation': 130}","{'id': 9804, 'rank': 28, 'fitness': 0.9296183841933205, 'generation': 130}","{'id': 9861, 'rank': 29, 'fitness': 0.9119472632114155, 'generation': 130}","{'id': 9812, 'rank': 30, 'fitness': 0.01798620996209155, 'generation': 130}"
"{'id': 9883, 'rank': 1, 'fitness': 0.9820137900379085, 'generation': 131}","{'id': 9969, 'rank': 2, 'fitness': 0.980818548322143, 'generation': 131}","{'id': 9880, 'rank': 3, 'fitness': 0.9803319135635444, 'generation': 131}","{'id': 9880, 'rank': 4, 'fitness': 0.9803319135635444, 'generation': 131}","{'id': 9880, 'rank': 5, 'fitness': 0.9803319135635444, 'generation': 131}","{'id': 9970, 'rank': 6, 'fitness': 0.9799695940863787, 'generation': 131}","{'id': 9860, 'rank': 7, 'fitness': 0.9795134005110742, 'generation': 131}","{'id': 9918, 'rank': 8, 'fitness': 0.9789198916323212, 'generation': 131}","{'id': 9827, 'rank': 9, 'fitness': 0.9787734288158099, 'generation': 131}","{'id': 9915, 'rank': 10, 'fitness': 0.9782894464041372, 'generation': 131}","{'id': 9971, 'rank': 11, 'fitness': 0.9782059459105197, 'generation': 131}","{'id': 9939, 'rank': 12, 'fitness': 0.9780039722917806, 'generation': 131}","{'id': 9958, 'rank': 13, 'fitness': 0.9779244120018546, 'generation': 131}","{'id': 9922, 'rank': 14, 'fitness': 0.9778731414304207, 'generation': 131}","{'id': 9922, 'rank': 15, 'fitness': 0.9778731414304207, 'generation': 131}","{'id': 9921, 'rank': 16, 'fitness': 0.9767769849945009, 'generation': 131}","{'id': 9942, 'rank': 17, 'fitness': 0.9766563573395225, 'generation': 131}","{'id': 9886, 'rank': 18, 'fitness': 0.9760961450590893, 'generation': 131}","{'id': 9900, 'rank': 19, 'fitness': 0.9755081386371232, 'generation': 131}","{'id': 9928, 'rank': 20, 'fitness': 0.9745745978359948, 'generation': 131}","{'id': 9928, 'rank': 21, 'fitness': 0.9745745978359948, 'generation': 131}","{'id': 9856, 'rank': 22, 'fitness': 0.9731887765941549, 'generation': 131}","{'id': 9966, 'rank': 23, 'fitness': 0.9729164479417363, 'generation': 131}","{'id': 9943, 'rank': 24, 'fitness': 0.9727794705797392, 'generation': 131}","{'id': 9890, 'rank': 25, 'fitness': 0.9703691458935009, 'generation': 131}","{'id': 9909, 'rank': 26, 'fitness': 0.9697476453541505, 'generation': 131}","{'id': 9907, 'rank': 27, 'fitness': 0.9687821402939025, 'generation': 131}","{'id': 9848, 'rank': 28, 'fitness': 0.9677057399666562, 'generation': 131}","{'id': 9910, 'rank': 29, 'fitness': 0.9672105495163532, 'generation': 131}","{'id': 9888, 'rank': 30, 'fitness': 0.01798620996209155, 'generation': 131}"
"{'id': 9984, 'rank': 1, 'fitness': 0.9820137900379085, 'generation': 132}","{'id': 9982, 'rank': 2, 'fitness': 0.965529903956095, 'generation': 132}","{'id': 9982, 'rank': 3, 'fitness': 0.965529903956095, 'generation': 132}","{'id': 9989, 'rank': 4, 'fitness': 0.9512120381949938, 'generation': 132}","{'id': 9880, 'rank': 5, 'fitness': 0.9473265815145797, 'generation': 132}","{'id': 9987, 'rank': 6, 'fitness': 0.9468666262117824, 'generation': 132}","{'id': 9981, 'rank': 7, 'fitness': 0.9399359460385914, 'generation': 132}","{'id': 9990, 'rank': 8, 'fitness': 0.9192842509195147, 'generation': 132}","{'id': 10051, 'rank': 9, 'fitness': 0.8970916778938147, 'generation': 132}","{'id': 9827, 'rank': 10, 'fitness': 0.8865935912342082, 'generation': 132}","{'id': 9827, 'rank': 11, 'fitness': 0.8865935912342082, 'generation': 132}","{'id': 9985, 'rank': 12, 'fitness': 0.8859454062771137, 'generation': 132}","{'id': 9985, 'rank': 13, 'fitness': 0.8859454062771137, 'generation': 132}","{'id': 10062, 'rank': 14, 'fitness': 0.8674878038258753, 'generation': 132}","{'id': 10048, 'rank': 15, 'fitness': 0.8557959969689439, 'generation': 132}","{'id': 9979, 'rank': 16, 'fitness': 0.8502462530066178, 'generation': 132}","{'id': 9993, 'rank': 17, 'fitness': 0.8433063118942234, 'generation': 132}","{'id': 10031, 'rank': 18, 'fitness': 0.7770071064891337, 'generation': 132}","{'id': 10076, 'rank': 19, 'fitness': 0.7764694804158435, 'generation': 132}","{'id': 9997, 'rank': 20, 'fitness': 0.7337560108325026, 'generation': 132}","{'id': 10045, 'rank': 21, 'fitness': 0.7272686480535541, 'generation': 132}","{'id': 10003, 'rank': 22, 'fitness': 0.7257773048196012, 'generation': 132}","{'id': 10044, 'rank': 23, 'fitness': 0.6665723273137565, 'generation': 132}","{'id': 10027, 'rank': 24, 'fitness': 0.6533756298231841, 'generation': 132}","{'id': 10043, 'rank': 25, 'fitness': 0.4447940661162413, 'generation': 132}","{'id': 10037, 'rank': 26, 'fitness': 0.44340655482064945, 'generation': 132}","{'id': 9943, 'rank': 27, 'fitness': 0.3382480640313939, 'generation': 132}","{'id': 10006, 'rank': 28, 'fitness': 0.24569840584029745, 'generation': 132}","{'id': 10015, 'rank': 29, 'fitness': 0.0402240919855516, 'generation': 132}","{'id': 10000, 'rank': 30, 'fitness': 0.01798620996209155, 'generation': 132}"
"{'id': 10102, 'rank': 1, 'fitness': 0.9820137900379085, 'generation': 133}","{'id': 10102, 'rank': 2, 'fitness': 0.9820137900379085, 'generation': 133}","{'id': 10099, 'rank': 3, 'fitness': 0.9799663454299022, 'generation': 133}","{'id': 10144, 'rank': 4, 'fitness': 0.9791211161706893, 'generation': 133}","{'id': 10144, 'rank': 5, 'fitness': 0.9791211161706893, 'generation': 133}","{'id': 10144, 'rank': 6, 'fitness': 0.9791211161706893, 'generation': 133}","{'id': 10145, 'rank': 7, 'fitness': 0.9785219328975647, 'generation': 133}","{'id': 9982, 'rank': 8, 'fitness': 0.9784274860958188, 'generation': 133}","{'id': 9982, 'rank': 9, 'fitness': 0.9784274860958188, 'generation': 133}","{'id': 9989, 'rank': 10, 'fitness': 0.9778042598057001, 'generation': 133}","{'id': 10124, 'rank': 11, 'fitness': 0.9771334043063924, 'generation': 133}","{'id': 10084, 'rank': 12, 'fitness': 0.9768830070354092, 'generation': 133}","{'id': 10051, 'rank': 13, 'fitness': 0.9763561250096823, 'generation': 133}","{'id': 9985, 'rank': 14, 'fitness': 0.9761412035298617, 'generation': 133}","{'id': 9985, 'rank': 15, 'fitness': 0.9761412035298617, 'generation': 133}","{'id': 10048, 'rank': 16, 'fitness': 0.9756321962642954, 'generation': 133}","{'id': 9993, 'rank': 17, 'fitness': 0.9754447134847516, 'generation': 133}","{'id': 10003, 'rank': 18, 'fitness': 0.9740408947576054, 'generation': 133}","{'id': 10101, 'rank': 19, 'fitness': 0.9738079285243256, 'generation': 133}","{'id': 10123, 'rank': 20, 'fitness': 0.9729274134143273, 'generation': 133}","{'id': 10103, 'rank': 21, 'fitness': 0.969643455527153, 'generation': 133}","{'id': 10112, 'rank': 22, 'fitness': 0.9649836006257846, 'generation': 133}","{'id': 10000, 'rank': 23, 'fitness': 0.9617741643185229, 'generation': 133}","{'id': 10134, 'rank': 24, 'fitness': 0.9610024980023235, 'generation': 133}","{'id': 10134, 'rank': 25, 'fitness': 0.9610024980023235, 'generation': 133}","{'id': 10117, 'rank': 26, 'fitness': 0.9143272035658201, 'generation': 133}","{'id': 10117, 'rank': 27, 'fitness': 0.9143272035658201, 'generation': 133}","{'id': 10121, 'rank': 28, 'fitness': 0.7364978668858924, 'generation': 133}","{'id': 10127, 'rank': 29, 'fitness': 0.5979583177338308, 'generation': 133}","{'id': 10110, 'rank': 30, 'fitness': 0.01798620996209155, 'generation': 133}"
"{'id': 10191, 'rank': 1, 'fitness': 0.9820137900379085, 'generation': 134}","{'id': 10190, 'rank': 2, 'fitness': 0.9764877083090187, 'generation': 134}","{'id': 10194, 'rank': 3, 'fitness': 0.9741193044687837, 'generation': 134}","{'id': 10102, 'rank': 4, 'fitness': 0.9728143076789146, 'generation': 134}","{'id': 10102, 'rank': 5, 'fitness': 0.9728143076789146, 'generation': 134}","{'id': 10102, 'rank': 6, 'fitness': 0.9728143076789146, 'generation': 134}","{'id': 10230, 'rank': 7, 'fitness': 0.9698849000193163, 'generation': 134}","{'id': 10192, 'rank': 8, 'fitness': 0.9624917324435376, 'generation': 134}","{'id': 10192, 'rank': 9, 'fitness': 0.9624917324435376, 'generation': 134}","{'id': 10165, 'rank': 10, 'fitness': 0.9581227958436322, 'generation': 134}","{'id': 10099, 'rank': 11, 'fitness': 0.9555260398396512, 'generation': 134}","{'id': 10099, 'rank': 12, 'fitness': 0.9555260398396512, 'generation': 134}","{'id': 10167, 'rank': 13, 'fitness': 0.9426723881625826, 'generation': 134}","{'id': 10201, 'rank': 14, 'fitness': 0.9398253682830264, 'generation': 134}","{'id': 9982, 'rank': 15, 'fitness': 0.9379943480688271, 'generation': 134}","{'id': 10232, 'rank': 16, 'fitness': 0.9375157753350392, 'generation': 134}","{'id': 10149, 'rank': 17, 'fitness': 0.9356233351780966, 'generation': 134}","{'id': 10166, 'rank': 18, 'fitness': 0.9271938501456043, 'generation': 134}","{'id': 10185, 'rank': 19, 'fitness': 0.9131438942240483, 'generation': 134}","{'id': 10051, 'rank': 20, 'fitness': 0.9072974707423995, 'generation': 134}","{'id': 10152, 'rank': 21, 'fitness': 0.8788423176073377, 'generation': 134}","{'id': 10225, 'rank': 22, 'fitness': 0.8595606289019044, 'generation': 134}","{'id': 10206, 'rank': 23, 'fitness': 0.8591335893680438, 'generation': 134}","{'id': 10206, 'rank': 24, 'fitness': 0.8591335893680438, 'generation': 134}","{'id': 10123, 'rank': 25, 'fitness': 0.8370067704810384, 'generation': 134}","{'id': 10221, 'rank': 26, 'fitness': 0.7856548487405295, 'generation': 134}","{'id': 10223, 'rank': 27, 'fitness': 0.7619058583269991, 'generation': 134}","{'id': 10223, 'rank': 28, 'fitness': 0.7619058583269991, 'generation': 134}","{'id': 10000, 'rank': 29, 'fitness': 0.49528171635786034, 'generation': 134}","{'id': 10117, 'rank': 30, 'fitness': 0.01798620996209155, 'generation': 134}"
"{'id': 10292, 'rank': 1, 'fitness': 0.9820137900379085, 'generation': 135}","{'id': 10298, 'rank': 2, 'fitness': 0.9816380604117421, 'generation': 135}","{'id': 10191, 'rank': 3, 'fitness': 0.9811857262455042, 'generation': 135}","{'id': 10239, 'rank': 4, 'fitness': 0.9786412399026412, 'generation': 135}","{'id': 10190, 'rank': 5, 'fitness': 0.9781208673821256, 'generation': 135}","{'id': 10293, 'rank': 6, 'fitness': 0.9768001253836143, 'generation': 135}","{'id': 10293, 'rank': 7, 'fitness': 0.9768001253836143, 'generation': 135}","{'id': 10293, 'rank': 8, 'fitness': 0.9768001253836143, 'generation': 135}","{'id': 10313, 'rank': 9, 'fitness': 0.9753421371950364, 'generation': 135}","{'id': 10313, 'rank': 10, 'fitness': 0.9753421371950364, 'generation': 135}","{'id': 10230, 'rank': 11, 'fitness': 0.9748372743778508, 'generation': 135}","{'id': 10258, 'rank': 12, 'fitness': 0.9746913589631618, 'generation': 135}","{'id': 10099, 'rank': 13, 'fitness': 0.9685975293142695, 'generation': 135}","{'id': 10099, 'rank': 14, 'fitness': 0.9685975293142695, 'generation': 135}","{'id': 10297, 'rank': 15, 'fitness': 0.9665111197398902, 'generation': 135}","{'id': 9982, 'rank': 16, 'fitness': 0.9619989636137044, 'generation': 135}","{'id': 9982, 'rank': 17, 'fitness': 0.9619989636137044, 'generation': 135}","{'id': 10166, 'rank': 18, 'fitness': 0.9582918756331533, 'generation': 135}","{'id': 10166, 'rank': 19, 'fitness': 0.9582918756331533, 'generation': 135}","{'id': 10185, 'rank': 20, 'fitness': 0.9537568511254761, 'generation': 135}","{'id': 10282, 'rank': 21, 'fitness': 0.9510265959225577, 'generation': 135}","{'id': 10255, 'rank': 22, 'fitness': 0.9449260345642618, 'generation': 135}","{'id': 10255, 'rank': 23, 'fitness': 0.9449260345642618, 'generation': 135}","{'id': 10225, 'rank': 24, 'fitness': 0.9383039296167264, 'generation': 135}","{'id': 10206, 'rank': 25, 'fitness': 0.9381886568009958, 'generation': 135}","{'id': 10206, 'rank': 26, 'fitness': 0.9381886568009958, 'generation': 135}","{'id': 10296, 'rank': 27, 'fitness': 0.9114669504892201, 'generation': 135}","{'id': 10315, 'rank': 28, 'fitness': 0.8997037627952662, 'generation': 135}","{'id': 10315, 'rank': 29, 'fitness': 0.8997037627952662, 'generation': 135}","{'id': 10269, 'rank': 30, 'fitness': 0.01798620996209155, 'generation': 135}"
"{'id': 10292, 'rank': 1, 'fitness': 0.9820137900379085, 'generation': 136}","{'id': 10298, 'rank': 2, 'fitness': 0.9807074907146326, 'generation': 136}","{'id': 10388, 'rank': 3, 'fitness': 0.9740347313259958, 'generation': 136}","{'id': 10381, 'rank': 4, 'fitness': 0.9730612833360563, 'generation': 136}","{'id': 10381, 'rank': 5, 'fitness': 0.9730612833360563, 'generation': 136}","{'id': 10371, 'rank': 6, 'fitness': 0.9695978193604704, 'generation': 136}","{'id': 10383, 'rank': 7, 'fitness': 0.9609194774078005, 'generation': 136}","{'id': 10367, 'rank': 8, 'fitness': 0.9599338677955389, 'generation': 136}","{'id': 10293, 'rank': 9, 'fitness': 0.9576429323556707, 'generation': 136}","{'id': 10293, 'rank': 10, 'fitness': 0.9576429323556707, 'generation': 136}","{'id': 10387, 'rank': 11, 'fitness': 0.9482438025795945, 'generation': 136}","{'id': 10313, 'rank': 12, 'fitness': 0.9481661494620253, 'generation': 136}","{'id': 10398, 'rank': 13, 'fitness': 0.9434484577107306, 'generation': 136}","{'id': 10359, 'rank': 14, 'fitness': 0.9413006197966882, 'generation': 136}","{'id': 10326, 'rank': 15, 'fitness': 0.9278303179261116, 'generation': 136}","{'id': 10357, 'rank': 16, 'fitness': 0.9036543680889912, 'generation': 136}","{'id': 10355, 'rank': 17, 'fitness': 0.8652225321948709, 'generation': 136}","{'id': 9982, 'rank': 18, 'fitness': 0.8009624439018173, 'generation': 136}","{'id': 10382, 'rank': 19, 'fitness': 0.7792858418039906, 'generation': 136}","{'id': 10382, 'rank': 20, 'fitness': 0.7792858418039906, 'generation': 136}","{'id': 10331, 'rank': 21, 'fitness': 0.7626718149003624, 'generation': 136}","{'id': 10185, 'rank': 22, 'fitness': 0.6675506398574679, 'generation': 136}","{'id': 10366, 'rank': 23, 'fitness': 0.6001207331230614, 'generation': 136}","{'id': 10255, 'rank': 24, 'fitness': 0.518150856056455, 'generation': 136}","{'id': 10403, 'rank': 25, 'fitness': 0.3189847220094636, 'generation': 136}","{'id': 10343, 'rank': 26, 'fitness': 0.2974229470932106, 'generation': 136}","{'id': 10346, 'rank': 27, 'fitness': 0.1898750176504021, 'generation': 136}","{'id': 10390, 'rank': 28, 'fitness': 0.050889495837208365, 'generation': 136}","{'id': 10392, 'rank': 29, 'fitness': 0.0416574376842736, 'generation': 136}","{'id': 10372, 'rank': 30, 'fitness': 0.01798620996209155, 'generation': 136}"
"{'id': 10292, 'rank': 1, 'fitness': 0.9820137900379085, 'generation': 137}","{'id': 10416, 'rank': 2, 'fitness': 0.9818168925853306, 'generation': 137}","{'id': 10416, 'rank': 3, 'fitness': 0.9818168925853306, 'generation': 137}","{'id': 10467, 'rank': 4, 'fitness': 0.9796264670526891, 'generation': 137}","{'id': 10444, 'rank': 5, 'fitness': 0.9794164832590029, 'generation': 137}","{'id': 10388, 'rank': 6, 'fitness': 0.978369386077634, 'generation': 137}","{'id': 10371, 'rank': 7, 'fitness': 0.976577862733586, 'generation': 137}","{'id': 10458, 'rank': 8, 'fitness': 0.9741441811628595, 'generation': 137}","{'id': 10383, 'rank': 9, 'fitness': 0.9734012040638711, 'generation': 137}","{'id': 10449, 'rank': 10, 'fitness': 0.9725781398456799, 'generation': 137}","{'id': 10293, 'rank': 11, 'fitness': 0.972289453717772, 'generation': 137}","{'id': 10313, 'rank': 12, 'fitness': 0.9692786524480854, 'generation': 137}","{'id': 10313, 'rank': 13, 'fitness': 0.9692786524480854, 'generation': 137}","{'id': 10359, 'rank': 14, 'fitness': 0.9672504864623889, 'generation': 137}","{'id': 10326, 'rank': 15, 'fitness': 0.9635517895552943, 'generation': 137}","{'id': 10436, 'rank': 16, 'fitness': 0.9622385707821073, 'generation': 137}","{'id': 10459, 'rank': 17, 'fitness': 0.9596750053358394, 'generation': 137}","{'id': 10456, 'rank': 18, 'fitness': 0.9491622170700498, 'generation': 137}","{'id': 10466, 'rank': 19, 'fitness': 0.9441694698560974, 'generation': 137}","{'id': 10429, 'rank': 20, 'fitness': 0.9351296032510438, 'generation': 137}","{'id': 10429, 'rank': 21, 'fitness': 0.9351296032510438, 'generation': 137}","{'id': 10382, 'rank': 22, 'fitness': 0.9325556257670835, 'generation': 137}","{'id': 10331, 'rank': 23, 'fitness': 0.929525344407576, 'generation': 137}","{'id': 10331, 'rank': 24, 'fitness': 0.929525344407576, 'generation': 137}","{'id': 10427, 'rank': 25, 'fitness': 0.8804788345913175, 'generation': 137}","{'id': 10415, 'rank': 26, 'fitness': 0.8544743127937393, 'generation': 137}","{'id': 10469, 'rank': 27, 'fitness': 0.8501266267719216, 'generation': 137}","{'id': 10392, 'rank': 28, 'fitness': 0.6038129630257387, 'generation': 137}","{'id': 10422, 'rank': 29, 'fitness': 0.061264930656584116, 'generation': 137}","{'id': 10437, 'rank': 30, 'fitness': 0.01798620996209155, 'generation': 137}"
"{'id': 10530, 'rank': 1, 'fitness': 0.9820137900379085, 'generation': 138}","{'id': 10530, 'rank': 2, 'fitness': 0.9820137900379085, 'generation': 138}","{'id': 10292, 'rank': 3, 'fitness': 0.9809282997627371, 'generation': 138}","{'id': 10292, 'rank': 4, 'fitness': 0.9809282997627371, 'generation': 138}","{'id': 10416, 'rank': 5, 'fitness': 0.9808236095461531, 'generation': 138}","{'id': 10416, 'rank': 6, 'fitness': 0.9808236095461531, 'generation': 138}","{'id': 10416, 'rank': 7, 'fitness': 0.9808236095461531, 'generation': 138}","{'id': 10371, 'rank': 8, 'fitness': 0.9782165849926288, 'generation': 138}","{'id': 10551, 'rank': 9, 'fitness': 0.9775909681375874, 'generation': 138}","{'id': 10567, 'rank': 10, 'fitness': 0.9773596558015928, 'generation': 138}","{'id': 10383, 'rank': 11, 'fitness': 0.9767727190527214, 'generation': 138}","{'id': 10503, 'rank': 12, 'fitness': 0.9764507452317222, 'generation': 138}","{'id': 10293, 'rank': 13, 'fitness': 0.9762871894682672, 'generation': 138}","{'id': 10490, 'rank': 14, 'fitness': 0.9755361905584152, 'generation': 138}","{'id': 10359, 'rank': 15, 'fitness': 0.9741947191832863, 'generation': 138}","{'id': 10436, 'rank': 16, 'fitness': 0.972259866119132, 'generation': 138}","{'id': 10504, 'rank': 17, 'fitness': 0.972256842027998, 'generation': 138}","{'id': 10552, 'rank': 18, 'fitness': 0.9714467362958199, 'generation': 138}","{'id': 10456, 'rank': 19, 'fitness': 0.9677104654909829, 'generation': 138}","{'id': 10549, 'rank': 20, 'fitness': 0.9657117528364241, 'generation': 138}","{'id': 10549, 'rank': 21, 'fitness': 0.9657117528364241, 'generation': 138}","{'id': 10483, 'rank': 22, 'fitness': 0.963659460042732, 'generation': 138}","{'id': 10331, 'rank': 23, 'fitness': 0.9617743399819112, 'generation': 138}","{'id': 10508, 'rank': 24, 'fitness': 0.9614451341948255, 'generation': 138}","{'id': 10487, 'rank': 25, 'fitness': 0.9604923647495673, 'generation': 138}","{'id': 10556, 'rank': 26, 'fitness': 0.9575871022026166, 'generation': 138}","{'id': 10486, 'rank': 27, 'fitness': 0.9569902870422973, 'generation': 138}","{'id': 10516, 'rank': 28, 'fitness': 0.9423743194567754, 'generation': 138}","{'id': 10542, 'rank': 29, 'fitness': 0.9378706662568821, 'generation': 138}","{'id': 10518, 'rank': 30, 'fitness': 0.01798620996209155, 'generation': 138}"
"{'id': 10624, 'rank': 1, 'fitness': 0.9820137900379085, 'generation': 139}","{'id': 10590, 'rank': 2, 'fitness': 0.9696777138862908, 'generation': 139}","{'id': 10576, 'rank': 3, 'fitness': 0.9650900687518733, 'generation': 139}","{'id': 10530, 'rank': 4, 'fitness': 0.9474715593912687, 'generation': 139}","{'id': 10530, 'rank': 5, 'fitness': 0.9474715593912687, 'generation': 139}","{'id': 10627, 'rank': 6, 'fitness': 0.8543888784646527, 'generation': 139}","{'id': 10608, 'rank': 7, 'fitness': 0.8117796376050556, 'generation': 139}","{'id': 10641, 'rank': 8, 'fitness': 0.7707507531205098, 'generation': 139}","{'id': 10612, 'rank': 9, 'fitness': 0.7318998623204104, 'generation': 139}","{'id': 10581, 'rank': 10, 'fitness': 0.6724774958187626, 'generation': 139}","{'id': 10293, 'rank': 11, 'fitness': 0.650056877033929, 'generation': 139}","{'id': 10293, 'rank': 12, 'fitness': 0.650056877033929, 'generation': 139}","{'id': 10617, 'rank': 13, 'fitness': 0.6267023511607822, 'generation': 139}","{'id': 10636, 'rank': 14, 'fitness': 0.5473025663909924, 'generation': 139}","{'id': 10636, 'rank': 15, 'fitness': 0.5473025663909924, 'generation': 139}","{'id': 10603, 'rank': 16, 'fitness': 0.5439469468353596, 'generation': 139}","{'id': 10359, 'rank': 17, 'fitness': 0.48025551272257244, 'generation': 139}","{'id': 10645, 'rank': 18, 'fitness': 0.4472190358122922, 'generation': 139}","{'id': 10645, 'rank': 19, 'fitness': 0.4472190358122922, 'generation': 139}","{'id': 10644, 'rank': 20, 'fitness': 0.40649115123916246, 'generation': 139}","{'id': 10629, 'rank': 21, 'fitness': 0.35827103556364437, 'generation': 139}","{'id': 10436, 'rank': 22, 'fitness': 0.33686364930830226, 'generation': 139}","{'id': 10623, 'rank': 23, 'fitness': 0.29858546546036946, 'generation': 139}","{'id': 10620, 'rank': 24, 'fitness': 0.14633443875538593, 'generation': 139}","{'id': 10607, 'rank': 25, 'fitness': 0.10363874255159755, 'generation': 139}","{'id': 10591, 'rank': 26, 'fitness': 0.08097189424752604, 'generation': 139}","{'id': 10574, 'rank': 27, 'fitness': 0.06823318492848307, 'generation': 139}","{'id': 10574, 'rank': 28, 'fitness': 0.06823318492848307, 'generation': 139}","{'id': 10595, 'rank': 29, 'fitness': 0.0591883905466935, 'generation': 139}","{'id': 10643, 'rank': 30, 'fitness': 0.01798620996209155, 'generation': 139}"
"{'id': 10657, 'rank': 1, 'fitness': 0.9820137900379085, 'generation': 140}","{'id': 10657, 'rank': 2, 'fitness': 0.9820137900379085, 'generation': 140}","{'id': 10624, 'rank': 3, 'fitness': 0.9819982871890018, 'generation': 140}","{'id': 10624, 'rank': 4, 'fitness': 0.9819982871890018, 'generation': 140}","{'id': 10624, 'rank': 5, 'fitness': 0.9819982871890018, 'generation': 140}","{'id': 10590, 'rank': 6, 'fitness': 0.9819131357102626, 'generation': 140}","{'id': 10576, 'rank': 7, 'fitness': 0.9818898849931454, 'generation': 140}","{'id': 10530, 'rank': 8, 'fitness': 0.981821541664766, 'generation': 140}","{'id': 10658, 'rank': 9, 'fitness': 0.9817975574650368, 'generation': 140}","{'id': 10667, 'rank': 10, 'fitness': 0.9816234659748028, 'generation': 140}","{'id': 10617, 'rank': 11, 'fitness': 0.9814368817453711, 'generation': 140}","{'id': 10636, 'rank': 12, 'fitness': 0.9813830674389357, 'generation': 140}","{'id': 10636, 'rank': 13, 'fitness': 0.9813830674389357, 'generation': 140}","{'id': 10359, 'rank': 14, 'fitness': 0.9813388952489661, 'generation': 140}","{'id': 10644, 'rank': 15, 'fitness': 0.9812895612081183, 'generation': 140}","{'id': 10644, 'rank': 16, 'fitness': 0.9812895612081183, 'generation': 140}","{'id': 10629, 'rank': 17, 'fitness': 0.9812558177242147, 'generation': 140}","{'id': 10623, 'rank': 18, 'fitness': 0.981210956891631, 'generation': 140}","{'id': 10620, 'rank': 19, 'fitness': 0.9810597051603562, 'generation': 140}","{'id': 10676, 'rank': 20, 'fitness': 0.9808490103115161, 'generation': 140}","{'id': 10643, 'rank': 21, 'fitness': 0.9806827416436019, 'generation': 140}","{'id': 10682, 'rank': 22, 'fitness': 0.9806585096630744, 'generation': 140}","{'id': 10661, 'rank': 23, 'fitness': 0.9748134460773319, 'generation': 140}","{'id': 10661, 'rank': 24, 'fitness': 0.9748134460773319, 'generation': 140}","{'id': 10665, 'rank': 25, 'fitness': 0.9661095588946474, 'generation': 140}","{'id': 10654, 'rank': 26, 'fitness': 0.9108710255867061, 'generation': 140}","{'id': 10673, 'rank': 27, 'fitness': 0.8967400895858397, 'generation': 140}","{'id': 10673, 'rank': 28, 'fitness': 0.8967400895858397, 'generation': 140}","{'id': 10687, 'rank': 29, 'fitness': 0.051049412038990216, 'generation': 140}","{'id': 10684, 'rank': 30, 'fitness': 0.01798620996209155, 'generation': 140}"
"{'id': 10717, 'rank': 1, 'fitness': 0.9820137900379085, 'generation': 141}","{'id': 10716, 'rank': 2, 'fitness': 0.9814452472337472, 'generation': 141}","{'id': 10720, 'rank': 3, 'fitness': 0.9812456022184117, 'generation': 141}","{'id': 10657, 'rank': 4, 'fitness': 0.9809905259969491, 'generation': 141}","{'id': 10657, 'rank': 5, 'fitness': 0.9809905259969491, 'generation': 141}","{'id': 10749, 'rank': 6, 'fitness': 0.9809708659313664, 'generation': 141}","{'id': 10713, 'rank': 7, 'fitness': 0.9807711885641524, 'generation': 141}","{'id': 10710, 'rank': 8, 'fitness': 0.980651702907237, 'generation': 141}","{'id': 10576, 'rank': 9, 'fitness': 0.9804455523292445, 'generation': 141}","{'id': 10711, 'rank': 10, 'fitness': 0.9804318417657378, 'generation': 141}","{'id': 10530, 'rank': 11, 'fitness': 0.9801400445080678, 'generation': 141}","{'id': 10704, 'rank': 12, 'fitness': 0.9797703822041659, 'generation': 141}","{'id': 10704, 'rank': 13, 'fitness': 0.9797703822041659, 'generation': 141}","{'id': 10721, 'rank': 14, 'fitness': 0.9797179570145377, 'generation': 141}","{'id': 10742, 'rank': 15, 'fitness': 0.9791388388037172, 'generation': 141}","{'id': 10742, 'rank': 16, 'fitness': 0.9791388388037172, 'generation': 141}","{'id': 10732, 'rank': 17, 'fitness': 0.979084379719867, 'generation': 141}","{'id': 10732, 'rank': 18, 'fitness': 0.979084379719867, 'generation': 141}","{'id': 10722, 'rank': 19, 'fitness': 0.9789132985560036, 'generation': 141}","{'id': 10731, 'rank': 20, 'fitness': 0.9788976128753935, 'generation': 141}","{'id': 10743, 'rank': 21, 'fitness': 0.9786262721819023, 'generation': 141}","{'id': 10743, 'rank': 22, 'fitness': 0.9786262721819023, 'generation': 141}","{'id': 10636, 'rank': 23, 'fitness': 0.9780950979368341, 'generation': 141}","{'id': 10359, 'rank': 24, 'fitness': 0.9778807945462564, 'generation': 141}","{'id': 10629, 'rank': 25, 'fitness': 0.9774735506790915, 'generation': 141}","{'id': 10791, 'rank': 26, 'fitness': 0.975818006701273, 'generation': 141}","{'id': 10759, 'rank': 27, 'fitness': 0.9754588169225026, 'generation': 141}","{'id': 10758, 'rank': 28, 'fitness': 0.974247460640459, 'generation': 141}","{'id': 10665, 'rank': 29, 'fitness': 0.7798368848380148, 'generation': 141}","{'id': 10745, 'rank': 30, 'fitness': 0.01798620996209155, 'generation': 141}"
"{'id': 10813, 'rank': 1, 'fitness': 0.9820137900379085, 'generation': 142}","{'id': 10813, 'rank': 2, 'fitness': 0.9820137900379085, 'generation': 142}","{'id': 10823, 'rank': 3, 'fitness': 0.9794445298623303, 'generation': 142}","{'id': 10823, 'rank': 4, 'fitness': 0.9794445298623303, 'generation': 142}","{'id': 10800, 'rank': 5, 'fitness': 0.951663047571039, 'generation': 142}","{'id': 10657, 'rank': 6, 'fitness': 0.8780992287932283, 'generation': 142}","{'id': 10657, 'rank': 7, 'fitness': 0.8780992287932283, 'generation': 142}","{'id': 10864, 'rank': 8, 'fitness': 0.8735076222712544, 'generation': 142}","{'id': 10820, 'rank': 9, 'fitness': 0.8625664756276552, 'generation': 142}","{'id': 10713, 'rank': 10, 'fitness': 0.835162486302928, 'generation': 142}","{'id': 10710, 'rank': 11, 'fitness': 0.8073101162535237, 'generation': 142}","{'id': 10873, 'rank': 12, 'fitness': 0.7802290563374159, 'generation': 142}","{'id': 10576, 'rank': 13, 'fitness': 0.7516505588696571, 'generation': 142}","{'id': 10576, 'rank': 14, 'fitness': 0.7516505588696571, 'generation': 142}","{'id': 10796, 'rank': 15, 'fitness': 0.7392849383621513, 'generation': 142}","{'id': 10862, 'rank': 16, 'fitness': 0.7085266180863061, 'generation': 142}","{'id': 10862, 'rank': 17, 'fitness': 0.7085266180863061, 'generation': 142}","{'id': 10846, 'rank': 18, 'fitness': 0.5901495023818194, 'generation': 142}","{'id': 10844, 'rank': 19, 'fitness': 0.5723003571183328, 'generation': 142}","{'id': 10812, 'rank': 20, 'fitness': 0.5313205814388016, 'generation': 142}","{'id': 10837, 'rank': 21, 'fitness': 0.4753355844196461, 'generation': 142}","{'id': 10853, 'rank': 22, 'fitness': 0.32282336543502715, 'generation': 142}","{'id': 10742, 'rank': 23, 'fitness': 0.2934127759601627, 'generation': 142}","{'id': 10811, 'rank': 24, 'fitness': 0.27720553553374994, 'generation': 142}","{'id': 10811, 'rank': 25, 'fitness': 0.27720553553374994, 'generation': 142}","{'id': 10848, 'rank': 26, 'fitness': 0.25081542760159437, 'generation': 142}","{'id': 10802, 'rank': 27, 'fitness': 0.22259599490389043, 'generation': 142}","{'id': 10861, 'rank': 28, 'fitness': 0.07093196116248845, 'generation': 142}","{'id': 10805, 'rank': 29, 'fitness': 0.01798620996209155, 'generation': 142}","{'id': 10805, 'rank': 30, 'fitness': 0.01798620996209155, 'generation': 142}"
"{'id': 10813, 'rank': 1, 'fitness': 0.9820137900379085, 'generation': 143}","{'id': 10891, 'rank': 2, 'fitness': 0.9819844133695191, 'generation': 143}","{'id': 10876, 'rank': 3, 'fitness': 0.9819138987829229, 'generation': 143}","{'id': 10893, 'rank': 4, 'fitness': 0.9817806475059827, 'generation': 143}","{'id': 10913, 'rank': 5, 'fitness': 0.9816468861295407, 'generation': 143}","{'id': 10913, 'rank': 6, 'fitness': 0.9816468861295407, 'generation': 143}","{'id': 10913, 'rank': 7, 'fitness': 0.9816468861295407, 'generation': 143}","{'id': 10913, 'rank': 8, 'fitness': 0.9816468861295407, 'generation': 143}","{'id': 10657, 'rank': 9, 'fitness': 0.9816377344531003, 'generation': 143}","{'id': 10657, 'rank': 10, 'fitness': 0.9816377344531003, 'generation': 143}","{'id': 10923, 'rank': 11, 'fitness': 0.9816022296804428, 'generation': 143}","{'id': 10923, 'rank': 12, 'fitness': 0.9816022296804428, 'generation': 143}","{'id': 10796, 'rank': 13, 'fitness': 0.981462056273277, 'generation': 143}","{'id': 10921, 'rank': 14, 'fitness': 0.9814419466035977, 'generation': 143}","{'id': 10862, 'rank': 15, 'fitness': 0.9814328757741632, 'generation': 143}","{'id': 10862, 'rank': 16, 'fitness': 0.9814328757741632, 'generation': 143}","{'id': 10862, 'rank': 17, 'fitness': 0.9814328757741632, 'generation': 143}","{'id': 10837, 'rank': 18, 'fitness': 0.9812448070901838, 'generation': 143}","{'id': 10853, 'rank': 19, 'fitness': 0.9811214549358238, 'generation': 143}","{'id': 10742, 'rank': 20, 'fitness': 0.981094832355976, 'generation': 143}","{'id': 10888, 'rank': 21, 'fitness': 0.9807180497162726, 'generation': 143}","{'id': 10805, 'rank': 22, 'fitness': 0.9804829614625209, 'generation': 143}","{'id': 10881, 'rank': 23, 'fitness': 0.9764389887666269, 'generation': 143}","{'id': 10931, 'rank': 24, 'fitness': 0.9719633958679315, 'generation': 143}","{'id': 10879, 'rank': 25, 'fitness': 0.9676097953078467, 'generation': 143}","{'id': 10910, 'rank': 26, 'fitness': 0.913686797645655, 'generation': 143}","{'id': 10911, 'rank': 27, 'fitness': 0.9063249230444337, 'generation': 143}","{'id': 10884, 'rank': 28, 'fitness': 0.39898870583938517, 'generation': 143}","{'id': 10882, 'rank': 29, 'fitness': 0.33111661102608764, 'generation': 143}","{'id': 10920, 'rank': 30, 'fitness': 0.01798620996209155, 'generation': 143}"
"{'id': 10990, 'rank': 1, 'fitness': 0.9820137900379085, 'generation': 144}","{'id': 10891, 'rank': 2, 'fitness': 0.9816325918913701, 'generation': 144}","{'id': 10891, 'rank': 3, 'fitness': 0.9816325918913701, 'generation': 144}","{'id': 11023, 'rank': 4, 'fitness': 0.9807481047974487, 'generation': 144}","{'id': 10876, 'rank': 5, 'fitness': 0.9806476298835815, 'generation': 144}","{'id': 10947, 'rank': 6, 'fitness': 0.9805768178412313, 'generation': 144}","{'id': 10958, 'rank': 7, 'fitness': 0.9804806856292778, 'generation': 144}","{'id': 11006, 'rank': 8, 'fitness': 0.9794382527079692, 'generation': 144}","{'id': 11007, 'rank': 9, 'fitness': 0.9787290705245892, 'generation': 144}","{'id': 11007, 'rank': 10, 'fitness': 0.9787290705245892, 'generation': 144}","{'id': 10976, 'rank': 11, 'fitness': 0.9786177015835786, 'generation': 144}","{'id': 10913, 'rank': 12, 'fitness': 0.9764689964373747, 'generation': 144}","{'id': 10913, 'rank': 13, 'fitness': 0.9764689964373747, 'generation': 144}","{'id': 10913, 'rank': 14, 'fitness': 0.9764689964373747, 'generation': 144}","{'id': 11004, 'rank': 15, 'fitness': 0.9751848578796424, 'generation': 144}","{'id': 10950, 'rank': 16, 'fitness': 0.9749379417075182, 'generation': 144}","{'id': 10972, 'rank': 17, 'fitness': 0.9743785115469328, 'generation': 144}","{'id': 10994, 'rank': 18, 'fitness': 0.9742354147661199, 'generation': 144}","{'id': 11009, 'rank': 19, 'fitness': 0.9740518186706768, 'generation': 144}","{'id': 10796, 'rank': 20, 'fitness': 0.9731167667089297, 'generation': 144}","{'id': 10953, 'rank': 21, 'fitness': 0.9727179202241064, 'generation': 144}","{'id': 11003, 'rank': 22, 'fitness': 0.9707510751885009, 'generation': 144}","{'id': 11008, 'rank': 23, 'fitness': 0.9695951977533654, 'generation': 144}","{'id': 10987, 'rank': 24, 'fitness': 0.9681102224000623, 'generation': 144}","{'id': 10853, 'rank': 25, 'fitness': 0.9657989498163786, 'generation': 144}","{'id': 11001, 'rank': 26, 'fitness': 0.9611654935336649, 'generation': 144}","{'id': 10970, 'rank': 27, 'fitness': 0.9525215521417967, 'generation': 144}","{'id': 10805, 'rank': 28, 'fitness': 0.9471923081321814, 'generation': 144}","{'id': 10964, 'rank': 29, 'fitness': 0.0984735744258009, 'generation': 144}","{'id': 11013, 'rank': 30, 'fitness': 0.01798620996209155, 'generation': 144}"
"{'id': 11056, 'rank': 1, 'fitness': 0.9820137900379085, 'generation': 145}","{'id': 11061, 'rank': 2, 'fitness': 0.954357600989157, 'generation': 145}","{'id': 10891, 'rank': 3, 'fitness': 0.9178593273103156, 'generation': 145}","{'id': 10891, 'rank': 4, 'fitness': 0.9178593273103156, 'generation': 145}","{'id': 11071, 'rank': 5, 'fitness': 0.9035188163782317, 'generation': 145}","{'id': 11083, 'rank': 6, 'fitness': 0.8847383319244664, 'generation': 145}","{'id': 11043, 'rank': 7, 'fitness': 0.8664462009145417, 'generation': 145}","{'id': 11043, 'rank': 8, 'fitness': 0.8664462009145417, 'generation': 145}","{'id': 11066, 'rank': 9, 'fitness': 0.8150788560997428, 'generation': 145}","{'id': 11085, 'rank': 10, 'fitness': 0.7724845773914057, 'generation': 145}","{'id': 11046, 'rank': 11, 'fitness': 0.6769351059481054, 'generation': 145}","{'id': 11097, 'rank': 12, 'fitness': 0.6275113872089713, 'generation': 145}","{'id': 10913, 'rank': 13, 'fitness': 0.617081217420217, 'generation': 145}","{'id': 11057, 'rank': 14, 'fitness': 0.5916958241470757, 'generation': 145}","{'id': 11090, 'rank': 15, 'fitness': 0.5898604041682525, 'generation': 145}","{'id': 11091, 'rank': 16, 'fitness': 0.5775068363645011, 'generation': 145}","{'id': 11051, 'rank': 17, 'fitness': 0.5714475788311594, 'generation': 145}","{'id': 11077, 'rank': 18, 'fitness': 0.551586906713703, 'generation': 145}","{'id': 11077, 'rank': 19, 'fitness': 0.551586906713703, 'generation': 145}","{'id': 11067, 'rank': 20, 'fitness': 0.4657977840244067, 'generation': 145}","{'id': 11092, 'rank': 21, 'fitness': 0.4569727769982957, 'generation': 145}","{'id': 10972, 'rank': 22, 'fitness': 0.4524869429599451, 'generation': 145}","{'id': 10972, 'rank': 23, 'fitness': 0.4524869429599451, 'generation': 145}","{'id': 10972, 'rank': 24, 'fitness': 0.4524869429599451, 'generation': 145}","{'id': 11009, 'rank': 25, 'fitness': 0.42796375906059236, 'generation': 145}","{'id': 11009, 'rank': 26, 'fitness': 0.42796375906059236, 'generation': 145}","{'id': 11089, 'rank': 27, 'fitness': 0.35673351463134045, 'generation': 145}","{'id': 11040, 'rank': 28, 'fitness': 0.07141707793966506, 'generation': 145}","{'id': 11096, 'rank': 29, 'fitness': 0.04525447939124849, 'generation': 145}","{'id': 11054, 'rank': 30, 'fitness': 0.01798620996209155, 'generation': 145}"
"{'id': 11115, 'rank': 1, 'fitness': 0.9820137900379085, 'generation': 146}","{'id': 10891, 'rank': 2, 'fitness': 0.981591095644952, 'generation': 146}","{'id': 11083, 'rank': 3, 'fitness': 0.9814747424821374, 'generation': 146}","{'id': 11043, 'rank': 4, 'fitness': 0.9814223960138933, 'generation': 146}","{'id': 11043, 'rank': 5, 'fitness': 0.9814223960138933, 'generation': 146}","{'id': 11043, 'rank': 6, 'fitness': 0.9814223960138933, 'generation': 146}","{'id': 11085, 'rank': 7, 'fitness': 0.9812195150139393, 'generation': 146}","{'id': 11085, 'rank': 8, 'fitness': 0.9812195150139393, 'generation': 146}","{'id': 11091, 'rank': 9, 'fitness': 0.9809307569518915, 'generation': 146}","{'id': 11051, 'rank': 10, 'fitness': 0.9809228295842921, 'generation': 146}","{'id': 11077, 'rank': 11, 'fitness': 0.9808970060476958, 'generation': 146}","{'id': 11077, 'rank': 12, 'fitness': 0.9808970060476958, 'generation': 146}","{'id': 11077, 'rank': 13, 'fitness': 0.9808970060476958, 'generation': 146}","{'id': 11092, 'rank': 14, 'fitness': 0.9807750315773743, 'generation': 146}","{'id': 10972, 'rank': 15, 'fitness': 0.9807691995488814, 'generation': 146}","{'id': 11167, 'rank': 16, 'fitness': 0.9798798422459338, 'generation': 146}","{'id': 11167, 'rank': 17, 'fitness': 0.9798798422459338, 'generation': 146}","{'id': 11137, 'rank': 18, 'fitness': 0.979663063618341, 'generation': 146}","{'id': 11145, 'rank': 19, 'fitness': 0.9793358294106063, 'generation': 146}","{'id': 11168, 'rank': 20, 'fitness': 0.9744254776598803, 'generation': 146}","{'id': 11136, 'rank': 21, 'fitness': 0.9695614741342529, 'generation': 146}","{'id': 11119, 'rank': 22, 'fitness': 0.966687862473419, 'generation': 146}","{'id': 11134, 'rank': 23, 'fitness': 0.9655079687130258, 'generation': 146}","{'id': 11117, 'rank': 24, 'fitness': 0.9565659758881715, 'generation': 146}","{'id': 11117, 'rank': 25, 'fitness': 0.9565659758881715, 'generation': 146}","{'id': 11169, 'rank': 26, 'fitness': 0.14463023558344285, 'generation': 146}","{'id': 11169, 'rank': 27, 'fitness': 0.14463023558344285, 'generation': 146}","{'id': 11170, 'rank': 28, 'fitness': 0.02092364046541878, 'generation': 146}","{'id': 11121, 'rank': 29, 'fitness': 0.01798620996209155, 'generation': 146}","{'id': 11121, 'rank': 30, 'fitness': 0.01798620996209155, 'generation': 146}"
"{'id': 11185, 'rank': 1, 'fitness': 0.9820137900379085, 'generation': 147}","{'id': 11216, 'rank': 2, 'fitness': 0.9737352061837194, 'generation': 147}","{'id': 11187, 'rank': 3, 'fitness': 0.9690429176436954, 'generation': 147}","{'id': 11187, 'rank': 4, 'fitness': 0.9690429176436954, 'generation': 147}","{'id': 11221, 'rank': 5, 'fitness': 0.9649478114795491, 'generation': 147}","{'id': 11083, 'rank': 6, 'fitness': 0.9584098284772511, 'generation': 147}","{'id': 11083, 'rank': 7, 'fitness': 0.9584098284772511, 'generation': 147}","{'id': 11244, 'rank': 8, 'fitness': 0.9558396894530063, 'generation': 147}","{'id': 11244, 'rank': 9, 'fitness': 0.9558396894530063, 'generation': 147}","{'id': 11228, 'rank': 10, 'fitness': 0.9452462960763464, 'generation': 147}","{'id': 11228, 'rank': 11, 'fitness': 0.9452462960763464, 'generation': 147}","{'id': 11228, 'rank': 12, 'fitness': 0.9452462960763464, 'generation': 147}","{'id': 11085, 'rank': 13, 'fitness': 0.9444417727762904, 'generation': 147}","{'id': 11239, 'rank': 14, 'fitness': 0.9425742770851899, 'generation': 147}","{'id': 11241, 'rank': 15, 'fitness': 0.9292618425170995, 'generation': 147}","{'id': 11091, 'rank': 16, 'fitness': 0.9237056307705036, 'generation': 147}","{'id': 11077, 'rank': 17, 'fitness': 0.9208867976062762, 'generation': 147}","{'id': 11077, 'rank': 18, 'fitness': 0.9208867976062762, 'generation': 147}","{'id': 11195, 'rank': 19, 'fitness': 0.9145847888116244, 'generation': 147}","{'id': 11226, 'rank': 20, 'fitness': 0.9108870900453054, 'generation': 147}","{'id': 11226, 'rank': 21, 'fitness': 0.9108870900453054, 'generation': 147}","{'id': 11226, 'rank': 22, 'fitness': 0.9108870900453054, 'generation': 147}","{'id': 11175, 'rank': 23, 'fitness': 0.9021082316505531, 'generation': 147}","{'id': 11191, 'rank': 24, 'fitness': 0.8928924134597322, 'generation': 147}","{'id': 11238, 'rank': 25, 'fitness': 0.8621631801304154, 'generation': 147}","{'id': 11217, 'rank': 26, 'fitness': 0.8537369633082013, 'generation': 147}","{'id': 11167, 'rank': 27, 'fitness': 0.7858074604473152, 'generation': 147}","{'id': 11167, 'rank': 28, 'fitness': 0.7858074604473152, 'generation': 147}","{'id': 11137, 'rank': 29, 'fitness': 0.7429137189158909, 'generation': 147}","{'id': 11236, 'rank': 30, 'fitness': 0.01798620996209155, 'generation': 147}"
"{'id': 11281, 'rank': 1, 'fitness': 0.9820137900379085, 'generation': 148}","{'id': 11281, 'rank': 2, 'fitness': 0.9820137900379085, 'generation': 148}","{'id': 11312, 'rank': 3, 'fitness': 0.9678770833618457, 'generation': 148}","{'id': 11312, 'rank': 4, 'fitness': 0.9678770833618457, 'generation': 148}","{'id': 11216, 'rank': 5, 'fitness': 0.9645432266477518, 'generation': 148}","{'id': 11187, 'rank': 6, 'fitness': 0.9599641707725205, 'generation': 148}","{'id': 11221, 'rank': 7, 'fitness': 0.9561141943009906, 'generation': 148}","{'id': 11083, 'rank': 8, 'fitness': 0.9501989804783084, 'generation': 148}","{'id': 11295, 'rank': 9, 'fitness': 0.9450277551427263, 'generation': 148}","{'id': 11295, 'rank': 10, 'fitness': 0.9450277551427263, 'generation': 148}","{'id': 11278, 'rank': 11, 'fitness': 0.9419310640940479, 'generation': 148}","{'id': 11322, 'rank': 12, 'fitness': 0.9393679510499642, 'generation': 148}","{'id': 11282, 'rank': 13, 'fitness': 0.9290776911290113, 'generation': 148}","{'id': 11282, 'rank': 14, 'fitness': 0.9290776911290113, 'generation': 148}","{'id': 11241, 'rank': 15, 'fitness': 0.9261773352388081, 'generation': 148}","{'id': 11077, 'rank': 16, 'fitness': 0.919766381845647, 'generation': 148}","{'id': 11077, 'rank': 17, 'fitness': 0.919766381845647, 'generation': 148}","{'id': 11226, 'rank': 18, 'fitness': 0.9123158150879934, 'generation': 148}","{'id': 11226, 'rank': 19, 'fitness': 0.9123158150879934, 'generation': 148}","{'id': 11277, 'rank': 20, 'fitness': 0.9119347718617371, 'generation': 148}","{'id': 11175, 'rank': 21, 'fitness': 0.9059306954475792, 'generation': 148}","{'id': 11238, 'rank': 22, 'fitness': 0.8782403942150816, 'generation': 148}","{'id': 11320, 'rank': 23, 'fitness': 0.8371145506013942, 'generation': 148}","{'id': 11320, 'rank': 24, 'fitness': 0.8371145506013942, 'generation': 148}","{'id': 11310, 'rank': 25, 'fitness': 0.7436098578330363, 'generation': 148}","{'id': 11318, 'rank': 26, 'fitness': 0.6730851072790209, 'generation': 148}","{'id': 11317, 'rank': 27, 'fitness': 0.4459992094779663, 'generation': 148}","{'id': 11292, 'rank': 28, 'fitness': 0.3830586058388524, 'generation': 148}","{'id': 11288, 'rank': 29, 'fitness': 0.13314448156638714, 'generation': 148}","{'id': 11285, 'rank': 30, 'fitness': 0.01798620996209155, 'generation': 148}"
"{'id': 11332, 'rank': 1, 'fitness': 0.9820137900379085, 'generation': 149}","{'id': 11399, 'rank': 2, 'fitness': 0.9798366514823499, 'generation': 149}","{'id': 11398, 'rank': 3, 'fitness': 0.9789403589482653, 'generation': 149}","{'id': 11400, 'rank': 4, 'fitness': 0.9743039565680496, 'generation': 149}","{'id': 11336, 'rank': 5, 'fitness': 0.9737161031170403, 'generation': 149}","{'id': 11312, 'rank': 6, 'fitness': 0.9736766293195083, 'generation': 149}","{'id': 11312, 'rank': 7, 'fitness': 0.9736766293195083, 'generation': 149}","{'id': 11187, 'rank': 8, 'fitness': 0.9702766566081491, 'generation': 149}","{'id': 11327, 'rank': 9, 'fitness': 0.9679959949055884, 'generation': 149}","{'id': 11295, 'rank': 10, 'fitness': 0.9645520105870089, 'generation': 149}","{'id': 11295, 'rank': 11, 'fitness': 0.9645520105870089, 'generation': 149}","{'id': 11295, 'rank': 12, 'fitness': 0.9645520105870089, 'generation': 149}","{'id': 11329, 'rank': 13, 'fitness': 0.9639481776606115, 'generation': 149}","{'id': 11329, 'rank': 14, 'fitness': 0.9639481776606115, 'generation': 149}","{'id': 11335, 'rank': 15, 'fitness': 0.9633908156718983, 'generation': 149}","{'id': 11322, 'rank': 16, 'fitness': 0.9625541306926966, 'generation': 149}","{'id': 11241, 'rank': 17, 'fitness': 0.9581638182688034, 'generation': 149}","{'id': 11241, 'rank': 18, 'fitness': 0.9581638182688034, 'generation': 149}","{'id': 11077, 'rank': 19, 'fitness': 0.956139642959347, 'generation': 149}","{'id': 11320, 'rank': 20, 'fitness': 0.9335749046641978, 'generation': 149}","{'id': 11320, 'rank': 21, 'fitness': 0.9335749046641978, 'generation': 149}","{'id': 11383, 'rank': 22, 'fitness': 0.8919222917521333, 'generation': 149}","{'id': 11352, 'rank': 23, 'fitness': 0.8465625067351306, 'generation': 149}","{'id': 11350, 'rank': 24, 'fitness': 0.8266087283035743, 'generation': 149}","{'id': 11367, 'rank': 25, 'fitness': 0.8192842516399204, 'generation': 149}","{'id': 11360, 'rank': 26, 'fitness': 0.759956666649104, 'generation': 149}","{'id': 11366, 'rank': 27, 'fitness': 0.6991823087717265, 'generation': 149}","{'id': 11373, 'rank': 28, 'fitness': 0.529172186918111, 'generation': 149}","{'id': 11365, 'rank': 29, 'fitness': 0.47408505626588676, 'generation': 149}","{'id': 11391, 'rank': 30, 'fitness': 0.01798620996209155, 'generation': 149}"
"{'id': 11435, 'rank': 1, 'fitness': 0.9820137900379085, 'generation': 150}","{'id': 11459, 'rank': 2, 'fitness': 0.9808305773150491, 'generation': 150}","{'id': 11460, 'rank': 3, 'fitness': 0.9773087691927936, 'generation': 150}","{'id': 11398, 'rank': 4, 'fitness': 0.9762932406388357, 'generation': 150}","{'id': 11400, 'rank': 5, 'fitness': 0.971179496870995, 'generation': 150}","{'id': 11336, 'rank': 6, 'fitness': 0.9705325896736996, 'generation': 150}","{'id': 11426, 'rank': 7, 'fitness': 0.9703053991817103, 'generation': 150}","{'id': 11451, 'rank': 8, 'fitness': 0.9699977493420979, 'generation': 150}","{'id': 11470, 'rank': 9, 'fitness': 0.9679240555084335, 'generation': 150}","{'id': 11471, 'rank': 10, 'fitness': 0.9652595441774432, 'generation': 150}","{'id': 11474, 'rank': 11, 'fitness': 0.9643056011425659, 'generation': 150}","{'id': 11468, 'rank': 12, 'fitness': 0.9625992670053766, 'generation': 150}","{'id': 11420, 'rank': 13, 'fitness': 0.9615489449087371, 'generation': 150}","{'id': 11420, 'rank': 14, 'fitness': 0.9615489449087371, 'generation': 150}","{'id': 11295, 'rank': 15, 'fitness': 0.9604851177824993, 'generation': 150}","{'id': 11295, 'rank': 16, 'fitness': 0.9604851177824993, 'generation': 150}","{'id': 11295, 'rank': 17, 'fitness': 0.9604851177824993, 'generation': 150}","{'id': 11469, 'rank': 18, 'fitness': 0.9561908854134235, 'generation': 150}","{'id': 11423, 'rank': 19, 'fitness': 0.9504805595238432, 'generation': 150}","{'id': 11424, 'rank': 20, 'fitness': 0.9479852617667182, 'generation': 150}","{'id': 11320, 'rank': 21, 'fitness': 0.9269202910390139, 'generation': 150}","{'id': 11422, 'rank': 22, 'fitness': 0.9043376769833089, 'generation': 150}","{'id': 11431, 'rank': 23, 'fitness': 0.902358407778234, 'generation': 150}","{'id': 11462, 'rank': 24, 'fitness': 0.8355824108235574, 'generation': 150}","{'id': 11352, 'rank': 25, 'fitness': 0.834754766358797, 'generation': 150}","{'id': 11350, 'rank': 26, 'fitness': 0.8139456307758186, 'generation': 150}","{'id': 11367, 'rank': 27, 'fitness': 0.8063329603291641, 'generation': 150}","{'id': 11373, 'rank': 28, 'fitness': 0.513301625038876, 'generation': 150}","{'id': 11441, 'rank': 29, 'fitness': 0.02653069850619949, 'generation': 150}","{'id': 11391, 'rank': 30, 'fitness': 0.01798620996209155, 'generation': 150}"
"{'id': 11509, 'rank': 1, 'fitness': 0.9820137900379085, 'generation': 151}","{'id': 11512, 'rank': 2, 'fitness': 0.9810630509440306, 'generation': 151}","{'id': 11512, 'rank': 3, 'fitness': 0.9810630509440306, 'generation': 151}","{'id': 11435, 'rank': 4, 'fitness': 0.9786283795245736, 'generation': 151}","{'id': 11511, 'rank': 5, 'fitness': 0.97413221614903, 'generation': 151}","{'id': 11535, 'rank': 6, 'fitness': 0.8609803942632757, 'generation': 151}","{'id': 11535, 'rank': 7, 'fitness': 0.8609803942632757, 'generation': 151}","{'id': 11500, 'rank': 8, 'fitness': 0.8546298414706459, 'generation': 151}","{'id': 11400, 'rank': 9, 'fitness': 0.8453350087923501, 'generation': 151}","{'id': 11508, 'rank': 10, 'fitness': 0.8380218391607546, 'generation': 151}","{'id': 11336, 'rank': 11, 'fitness': 0.8317052120915372, 'generation': 151}","{'id': 11514, 'rank': 12, 'fitness': 0.8265052974425428, 'generation': 151}","{'id': 11507, 'rank': 13, 'fitness': 0.7967988969470037, 'generation': 151}","{'id': 11485, 'rank': 14, 'fitness': 0.7268649641491535, 'generation': 151}","{'id': 11471, 'rank': 15, 'fitness': 0.7002854287758052, 'generation': 151}","{'id': 11483, 'rank': 16, 'fitness': 0.6764728807477127, 'generation': 151}","{'id': 11483, 'rank': 17, 'fitness': 0.6764728807477127, 'generation': 151}","{'id': 11499, 'rank': 18, 'fitness': 0.4783402363370443, 'generation': 151}","{'id': 11469, 'rank': 19, 'fitness': 0.44656951102836967, 'generation': 151}","{'id': 11482, 'rank': 20, 'fitness': 0.4278236400678662, 'generation': 151}","{'id': 11482, 'rank': 21, 'fitness': 0.4278236400678662, 'generation': 151}","{'id': 11478, 'rank': 22, 'fitness': 0.42061168524011605, 'generation': 151}","{'id': 11497, 'rank': 23, 'fitness': 0.412244838143586, 'generation': 151}","{'id': 11486, 'rank': 24, 'fitness': 0.41019312078656733, 'generation': 151}","{'id': 11423, 'rank': 25, 'fitness': 0.31418894303276523, 'generation': 151}","{'id': 11531, 'rank': 26, 'fitness': 0.30288371151313886, 'generation': 151}","{'id': 11502, 'rank': 27, 'fitness': 0.08157914905283892, 'generation': 151}","{'id': 11501, 'rank': 28, 'fitness': 0.04360118869707802, 'generation': 151}","{'id': 11422, 'rank': 29, 'fitness': 0.019837497098108614, 'generation': 151}","{'id': 11431, 'rank': 30, 'fitness': 0.01798620996209155, 'generation': 151}"
"{'id': 11566, 'rank': 1, 'fitness': 0.9820137900379085, 'generation': 152}","{'id': 11592, 'rank': 2, 'fitness': 0.9819883462818164, 'generation': 152}","{'id': 11509, 'rank': 3, 'fitness': 0.9819576465295972, 'generation': 152}","{'id': 11565, 'rank': 4, 'fitness': 0.9819032059576022, 'generation': 152}","{'id': 11560, 'rank': 5, 'fitness': 0.9818652767764608, 'generation': 152}","{'id': 11560, 'rank': 6, 'fitness': 0.9818652767764608, 'generation': 152}","{'id': 11576, 'rank': 7, 'fitness': 0.9818641659312615, 'generation': 152}","{'id': 11561, 'rank': 8, 'fitness': 0.9818076584580431, 'generation': 152}","{'id': 11573, 'rank': 9, 'fitness': 0.9816889015577062, 'generation': 152}","{'id': 11575, 'rank': 10, 'fitness': 0.9816027628414865, 'generation': 152}","{'id': 11577, 'rank': 11, 'fitness': 0.981489296688608, 'generation': 152}","{'id': 11500, 'rank': 12, 'fitness': 0.9814305374502024, 'generation': 152}","{'id': 11500, 'rank': 13, 'fitness': 0.9814305374502024, 'generation': 152}","{'id': 11514, 'rank': 14, 'fitness': 0.9813800180709774, 'generation': 152}","{'id': 11507, 'rank': 15, 'fitness': 0.981333143106476, 'generation': 152}","{'id': 11485, 'rank': 16, 'fitness': 0.9812394513418813, 'generation': 152}","{'id': 11483, 'rank': 17, 'fitness': 0.9811809284421751, 'generation': 152}","{'id': 11423, 'rank': 18, 'fitness': 0.9808083736200099, 'generation': 152}","{'id': 11423, 'rank': 19, 'fitness': 0.9808083736200099, 'generation': 152}","{'id': 11431, 'rank': 20, 'fitness': 0.9799942869460145, 'generation': 152}","{'id': 11431, 'rank': 21, 'fitness': 0.9799942869460145, 'generation': 152}","{'id': 11582, 'rank': 22, 'fitness': 0.9764852150009256, 'generation': 152}","{'id': 11556, 'rank': 23, 'fitness': 0.9744772952871518, 'generation': 152}","{'id': 11578, 'rank': 24, 'fitness': 0.9724870046295695, 'generation': 152}","{'id': 11606, 'rank': 25, 'fitness': 0.9679600731151463, 'generation': 152}","{'id': 11554, 'rank': 26, 'fitness': 0.9175646187015866, 'generation': 152}","{'id': 11612, 'rank': 27, 'fitness': 0.903152065764347, 'generation': 152}","{'id': 11588, 'rank': 28, 'fitness': 0.8665483093556899, 'generation': 152}","{'id': 11568, 'rank': 29, 'fitness': 0.7852949869749306, 'generation': 152}","{'id': 11604, 'rank': 30, 'fitness': 0.01798620996209155, 'generation': 152}"
"{'id': 11566, 'rank': 1, 'fitness': 0.9820137900379085, 'generation': 153}","{'id': 11592, 'rank': 2, 'fitness': 0.9814361653986236, 'generation': 153}","{'id': 11686, 'rank': 3, 'fitness': 0.9805384911655377, 'generation': 153}","{'id': 11565, 'rank': 4, 'fitness': 0.979374436490115, 'generation': 153}","{'id': 11565, 'rank': 5, 'fitness': 0.979374436490115, 'generation': 153}","{'id': 11565, 'rank': 6, 'fitness': 0.979374436490115, 'generation': 153}","{'id': 11565, 'rank': 7, 'fitness': 0.979374436490115, 'generation': 153}","{'id': 11677, 'rank': 8, 'fitness': 0.9788806703819484, 'generation': 153}","{'id': 11560, 'rank': 9, 'fitness': 0.9783886502241812, 'generation': 153}","{'id': 11576, 'rank': 10, 'fitness': 0.9783591264596063, 'generation': 153}","{'id': 11684, 'rank': 11, 'fitness': 0.9773920155223311, 'generation': 153}","{'id': 11561, 'rank': 12, 'fitness': 0.9768066388183834, 'generation': 153}","{'id': 11685, 'rank': 13, 'fitness': 0.9767795987222827, 'generation': 153}","{'id': 11688, 'rank': 14, 'fitness': 0.9758940068961903, 'generation': 153}","{'id': 11683, 'rank': 15, 'fitness': 0.9749698525739512, 'generation': 153}","{'id': 11683, 'rank': 16, 'fitness': 0.9749698525739512, 'generation': 153}","{'id': 11676, 'rank': 17, 'fitness': 0.9733612664169028, 'generation': 153}","{'id': 11573, 'rank': 18, 'fitness': 0.9731998508237216, 'generation': 153}","{'id': 11687, 'rank': 19, 'fitness': 0.9698254897738137, 'generation': 153}","{'id': 11693, 'rank': 20, 'fitness': 0.9687063624467445, 'generation': 153}","{'id': 11500, 'rank': 21, 'fitness': 0.963487554136689, 'generation': 153}","{'id': 11500, 'rank': 22, 'fitness': 0.963487554136689, 'generation': 153}","{'id': 11658, 'rank': 23, 'fitness': 0.9610788676389208, 'generation': 153}","{'id': 11658, 'rank': 24, 'fitness': 0.9610788676389208, 'generation': 153}","{'id': 11617, 'rank': 25, 'fitness': 0.9555321938801715, 'generation': 153}","{'id': 11485, 'rank': 26, 'fitness': 0.9543297213901307, 'generation': 153}","{'id': 11695, 'rank': 27, 'fitness': 0.9445205826585972, 'generation': 153}","{'id': 11704, 'rank': 28, 'fitness': 0.9420001304930808, 'generation': 153}","{'id': 11667, 'rank': 29, 'fitness': 0.7263710883992814, 'generation': 153}","{'id': 11556, 'rank': 30, 'fitness': 0.01798620996209155, 'generation': 153}"
"{'id': 11782, 'rank': 1, 'fitness': 0.9820137900379085, 'generation': 154}","{'id': 11566, 'rank': 2, 'fitness': 0.9505223274827117, 'generation': 154}","{'id': 11717, 'rank': 3, 'fitness': 0.944840974082183, 'generation': 154}","{'id': 11765, 'rank': 4, 'fitness': 0.9435708420445148, 'generation': 154}","{'id': 11792, 'rank': 5, 'fitness': 0.9349698143510895, 'generation': 154}","{'id': 11686, 'rank': 6, 'fitness': 0.9237634562707109, 'generation': 154}","{'id': 11565, 'rank': 7, 'fitness': 0.8960918080219942, 'generation': 154}","{'id': 11565, 'rank': 8, 'fitness': 0.8960918080219942, 'generation': 154}","{'id': 11565, 'rank': 9, 'fitness': 0.8960918080219942, 'generation': 154}","{'id': 11565, 'rank': 10, 'fitness': 0.8960918080219942, 'generation': 154}","{'id': 11716, 'rank': 11, 'fitness': 0.8886969023737614, 'generation': 154}","{'id': 11781, 'rank': 12, 'fitness': 0.8381818577539286, 'generation': 154}","{'id': 11720, 'rank': 13, 'fitness': 0.8094123320171798, 'generation': 154}","{'id': 11688, 'rank': 14, 'fitness': 0.7754905776629624, 'generation': 154}","{'id': 11710, 'rank': 15, 'fitness': 0.7698849136089296, 'generation': 154}","{'id': 11770, 'rank': 16, 'fitness': 0.7534908184835307, 'generation': 154}","{'id': 11683, 'rank': 17, 'fitness': 0.7346455934019582, 'generation': 154}","{'id': 11683, 'rank': 18, 'fitness': 0.7346455934019582, 'generation': 154}","{'id': 11767, 'rank': 19, 'fitness': 0.5687380889618556, 'generation': 154}","{'id': 11767, 'rank': 20, 'fitness': 0.5687380889618556, 'generation': 154}","{'id': 11719, 'rank': 21, 'fitness': 0.5576723526102054, 'generation': 154}","{'id': 11725, 'rank': 22, 'fitness': 0.5036682677317739, 'generation': 154}","{'id': 11725, 'rank': 23, 'fitness': 0.5036682677317739, 'generation': 154}","{'id': 11718, 'rank': 24, 'fitness': 0.41726319917432214, 'generation': 154}","{'id': 11500, 'rank': 25, 'fitness': 0.22869491450369311, 'generation': 154}","{'id': 11766, 'rank': 26, 'fitness': 0.21916728435859678, 'generation': 154}","{'id': 11766, 'rank': 27, 'fitness': 0.21916728435859678, 'generation': 154}","{'id': 11658, 'rank': 28, 'fitness': 0.16846503998666573, 'generation': 154}","{'id': 11726, 'rank': 29, 'fitness': 0.04840135215165503, 'generation': 154}","{'id': 11704, 'rank': 30, 'fitness': 0.01798620996209155, 'generation': 154}"
"{'id': 11782, 'rank': 1, 'fitness': 0.9820137900379085, 'generation': 155}","{'id': 11842, 'rank': 2, 'fitness': 0.9819727993083031, 'generation': 155}","{'id': 11840, 'rank': 3, 'fitness': 0.9818132048613468, 'generation': 155}","{'id': 11686, 'rank': 4, 'fitness': 0.9816616445257538, 'generation': 155}","{'id': 11686, 'rank': 5, 'fitness': 0.9816616445257538, 'generation': 155}","{'id': 11839, 'rank': 6, 'fitness': 0.9815875857054347, 'generation': 155}","{'id': 11565, 'rank': 7, 'fitness': 0.9815811595890818, 'generation': 155}","{'id': 11781, 'rank': 8, 'fitness': 0.9814598646795081, 'generation': 155}","{'id': 11851, 'rank': 9, 'fitness': 0.9814164150076843, 'generation': 155}","{'id': 11720, 'rank': 10, 'fitness': 0.9814124063507493, 'generation': 155}","{'id': 11720, 'rank': 11, 'fitness': 0.9814124063507493, 'generation': 155}","{'id': 11683, 'rank': 12, 'fitness': 0.9813097365509125, 'generation': 155}","{'id': 11767, 'rank': 13, 'fitness': 0.9811304638223757, 'generation': 155}","{'id': 11767, 'rank': 14, 'fitness': 0.9811304638223757, 'generation': 155}","{'id': 11725, 'rank': 15, 'fitness': 0.9810667201504248, 'generation': 155}","{'id': 11718, 'rank': 16, 'fitness': 0.9809815671648521, 'generation': 155}","{'id': 11766, 'rank': 17, 'fitness': 0.9807510024181156, 'generation': 155}","{'id': 11766, 'rank': 18, 'fitness': 0.9807510024181156, 'generation': 155}","{'id': 11766, 'rank': 19, 'fitness': 0.9807510024181156, 'generation': 155}","{'id': 11658, 'rank': 20, 'fitness': 0.9806700962902932, 'generation': 155}","{'id': 11825, 'rank': 21, 'fitness': 0.980615880453727, 'generation': 155}","{'id': 11848, 'rank': 22, 'fitness': 0.9796149638978453, 'generation': 155}","{'id': 11848, 'rank': 23, 'fitness': 0.9796149638978453, 'generation': 155}","{'id': 11796, 'rank': 24, 'fitness': 0.9737048379260204, 'generation': 155}","{'id': 11820, 'rank': 25, 'fitness': 0.9694255993425211, 'generation': 155}","{'id': 11794, 'rank': 26, 'fitness': 0.968509198032276, 'generation': 155}","{'id': 11826, 'rank': 27, 'fitness': 0.8770910188261662, 'generation': 155}","{'id': 11818, 'rank': 28, 'fitness': 0.08208116064687909, 'generation': 155}","{'id': 11832, 'rank': 29, 'fitness': 0.01798620996209155, 'generation': 155}","{'id': 11832, 'rank': 30, 'fitness': 0.01798620996209155, 'generation': 155}"
"{'id': 11919, 'rank': 1, 'fitness': 0.9820137900379085, 'generation': 156}","{'id': 11887, 'rank': 2, 'fitness': 0.9659625693517859, 'generation': 156}","{'id': 11936, 'rank': 3, 'fitness': 0.9657836232384498, 'generation': 156}","{'id': 11935, 'rank': 4, 'fitness': 0.9577764468176962, 'generation': 156}","{'id': 11686, 'rank': 5, 'fitness': 0.9526655420061705, 'generation': 156}","{'id': 11686, 'rank': 6, 'fitness': 0.9526655420061705, 'generation': 156}","{'id': 11781, 'rank': 7, 'fitness': 0.9202572337264239, 'generation': 156}","{'id': 11720, 'rank': 8, 'fitness': 0.9101851528693006, 'generation': 156}","{'id': 11720, 'rank': 9, 'fitness': 0.9101851528693006, 'generation': 156}","{'id': 11907, 'rank': 10, 'fitness': 0.8984875673690822, 'generation': 156}","{'id': 11683, 'rank': 11, 'fitness': 0.8845130322166052, 'generation': 156}","{'id': 11878, 'rank': 12, 'fitness': 0.8687816681473646, 'generation': 156}","{'id': 11924, 'rank': 13, 'fitness': 0.8500007118660433, 'generation': 156}","{'id': 11767, 'rank': 14, 'fitness': 0.8249910190288714, 'generation': 156}","{'id': 11767, 'rank': 15, 'fitness': 0.8249910190288714, 'generation': 156}","{'id': 11940, 'rank': 16, 'fitness': 0.8175691615200957, 'generation': 156}","{'id': 11898, 'rank': 17, 'fitness': 0.8172749423189483, 'generation': 156}","{'id': 11905, 'rank': 18, 'fitness': 0.8152494255688254, 'generation': 156}","{'id': 11896, 'rank': 19, 'fitness': 0.800123226680724, 'generation': 156}","{'id': 11899, 'rank': 20, 'fitness': 0.7655867083222488, 'generation': 156}","{'id': 11868, 'rank': 21, 'fitness': 0.7153084456373476, 'generation': 156}","{'id': 11766, 'rank': 22, 'fitness': 0.6313390079958697, 'generation': 156}","{'id': 11766, 'rank': 23, 'fitness': 0.6313390079958697, 'generation': 156}","{'id': 11938, 'rank': 24, 'fitness': 0.6284263122451517, 'generation': 156}","{'id': 11861, 'rank': 25, 'fitness': 0.5618932271168305, 'generation': 156}","{'id': 11916, 'rank': 26, 'fitness': 0.5354954191195792, 'generation': 156}","{'id': 11893, 'rank': 27, 'fitness': 0.45217974953582285, 'generation': 156}","{'id': 11862, 'rank': 28, 'fitness': 0.3333062384120702, 'generation': 156}","{'id': 11864, 'rank': 29, 'fitness': 0.28841350326299986, 'generation': 156}","{'id': 11873, 'rank': 30, 'fitness': 0.01798620996209155, 'generation': 156}"
"{'id': 11919, 'rank': 1, 'fitness': 0.9820137900379085, 'generation': 157}","{'id': 11887, 'rank': 2, 'fitness': 0.981662055412063, 'generation': 157}","{'id': 11936, 'rank': 3, 'fitness': 0.9816591091209166, 'generation': 157}","{'id': 11935, 'rank': 4, 'fitness': 0.9815400859992094, 'generation': 157}","{'id': 11686, 'rank': 5, 'fitness': 0.9814746397152376, 'generation': 157}","{'id': 11781, 'rank': 6, 'fitness': 0.98116731888703, 'generation': 157}","{'id': 11781, 'rank': 7, 'fitness': 0.98116731888703, 'generation': 157}","{'id': 11720, 'rank': 8, 'fitness': 0.9810947966814338, 'generation': 157}","{'id': 11720, 'rank': 9, 'fitness': 0.9810947966814338, 'generation': 157}","{'id': 11683, 'rank': 10, 'fitness': 0.9809375918980131, 'generation': 157}","{'id': 11683, 'rank': 11, 'fitness': 0.9809375918980131, 'generation': 157}","{'id': 11924, 'rank': 12, 'fitness': 0.9807670230045749, 'generation': 157}","{'id': 11977, 'rank': 13, 'fitness': 0.9807459589041518, 'generation': 157}","{'id': 11767, 'rank': 14, 'fitness': 0.980662073531584, 'generation': 157}","{'id': 11767, 'rank': 15, 'fitness': 0.980662073531584, 'generation': 157}","{'id': 11898, 'rank': 16, 'fitness': 0.9806320133840638, 'generation': 157}","{'id': 11905, 'rank': 17, 'fitness': 0.9806242792933304, 'generation': 157}","{'id': 11905, 'rank': 18, 'fitness': 0.9806242792933304, 'generation': 157}","{'id': 11896, 'rank': 19, 'fitness': 0.9805683992859926, 'generation': 157}","{'id': 11868, 'rank': 20, 'fitness': 0.9802990587968661, 'generation': 157}","{'id': 11960, 'rank': 21, 'fitness': 0.9795229332804105, 'generation': 157}","{'id': 11975, 'rank': 22, 'fitness': 0.9786756037256251, 'generation': 157}","{'id': 11986, 'rank': 23, 'fitness': 0.9781230670030034, 'generation': 157}","{'id': 11965, 'rank': 24, 'fitness': 0.9753243700342403, 'generation': 157}","{'id': 11966, 'rank': 25, 'fitness': 0.9700866901513253, 'generation': 157}","{'id': 11983, 'rank': 26, 'fitness': 0.9126713647402446, 'generation': 157}","{'id': 12010, 'rank': 27, 'fitness': 0.8558256168818809, 'generation': 157}","{'id': 11949, 'rank': 28, 'fitness': 0.8523248508667547, 'generation': 157}","{'id': 11994, 'rank': 29, 'fitness': 0.13047334598152094, 'generation': 157}","{'id': 11968, 'rank': 30, 'fitness': 0.01798620996209155, 'generation': 157}"
"{'id': 11919, 'rank': 1, 'fitness': 0.9820137900379085, 'generation': 158}","{'id': 11919, 'rank': 2, 'fitness': 0.9820137900379085, 'generation': 158}","{'id': 12073, 'rank': 3, 'fitness': 0.9814374330158685, 'generation': 158}","{'id': 11887, 'rank': 4, 'fitness': 0.9583858457949201, 'generation': 158}","{'id': 12080, 'rank': 5, 'fitness': 0.9563166694166945, 'generation': 158}","{'id': 11935, 'rank': 6, 'fitness': 0.9448659533234414, 'generation': 158}","{'id': 12046, 'rank': 7, 'fitness': 0.916742002956678, 'generation': 158}","{'id': 11781, 'rank': 8, 'fitness': 0.8754231872877886, 'generation': 158}","{'id': 12079, 'rank': 9, 'fitness': 0.8699229630014794, 'generation': 158}","{'id': 12079, 'rank': 10, 'fitness': 0.8699229630014794, 'generation': 158}","{'id': 12079, 'rank': 11, 'fitness': 0.8699229630014794, 'generation': 158}","{'id': 11720, 'rank': 12, 'fitness': 0.8554939374250978, 'generation': 158}","{'id': 12042, 'rank': 13, 'fitness': 0.837520382671808, 'generation': 158}","{'id': 11683, 'rank': 14, 'fitness': 0.8036021319693146, 'generation': 158}","{'id': 12047, 'rank': 15, 'fitness': 0.7903246820588771, 'generation': 158}","{'id': 12094, 'rank': 16, 'fitness': 0.7053502732263977, 'generation': 158}","{'id': 11767, 'rank': 17, 'fitness': 0.6832402064243805, 'generation': 158}","{'id': 11905, 'rank': 18, 'fitness': 0.6640898022477949, 'generation': 158}","{'id': 11905, 'rank': 19, 'fitness': 0.6640898022477949, 'generation': 158}","{'id': 11905, 'rank': 20, 'fitness': 0.6640898022477949, 'generation': 158}","{'id': 12033, 'rank': 21, 'fitness': 0.5806062371569588, 'generation': 158}","{'id': 12015, 'rank': 22, 'fitness': 0.4868519714030117, 'generation': 158}","{'id': 12015, 'rank': 23, 'fitness': 0.4868519714030117, 'generation': 158}","{'id': 11868, 'rank': 24, 'fitness': 0.4846635643953229, 'generation': 158}","{'id': 12082, 'rank': 25, 'fitness': 0.38676268082895954, 'generation': 158}","{'id': 12054, 'rank': 26, 'fitness': 0.3420260806368985, 'generation': 158}","{'id': 12068, 'rank': 27, 'fitness': 0.254980998347855, 'generation': 158}","{'id': 11975, 'rank': 28, 'fitness': 0.026620430644142545, 'generation': 158}","{'id': 12097, 'rank': 29, 'fitness': 0.02046246630922388, 'generation': 158}","{'id': 12098, 'rank': 30, 'fitness': 0.01798620996209155, 'generation': 158}"
"{'id': 12138, 'rank': 1, 'fitness': 0.9820137900379085, 'generation': 159}","{'id': 11919, 'rank': 2, 'fitness': 0.9817632639500646, 'generation': 159}","{'id': 12135, 'rank': 3, 'fitness': 0.9813917569165489, 'generation': 159}","{'id': 12139, 'rank': 4, 'fitness': 0.9811030705562027, 'generation': 159}","{'id': 12046, 'rank': 5, 'fitness': 0.9807886275103086, 'generation': 159}","{'id': 11781, 'rank': 6, 'fitness': 0.9805061987134309, 'generation': 159}","{'id': 12079, 'rank': 7, 'fitness': 0.9804748166527066, 'generation': 159}","{'id': 12116, 'rank': 8, 'fitness': 0.9802614198669956, 'generation': 159}","{'id': 12130, 'rank': 9, 'fitness': 0.9801678836780471, 'generation': 159}","{'id': 12047, 'rank': 10, 'fitness': 0.980107720992575, 'generation': 159}","{'id': 12137, 'rank': 11, 'fitness': 0.9799180285847588, 'generation': 159}","{'id': 12094, 'rank': 12, 'fitness': 0.9798122900441684, 'generation': 159}","{'id': 11767, 'rank': 13, 'fitness': 0.9797438735912416, 'generation': 159}","{'id': 11767, 'rank': 14, 'fitness': 0.9797438735912416, 'generation': 159}","{'id': 11905, 'rank': 15, 'fitness': 0.9796864937996119, 'generation': 159}","{'id': 12099, 'rank': 16, 'fitness': 0.9796311115990894, 'generation': 159}","{'id': 12033, 'rank': 17, 'fitness': 0.9794501809165914, 'generation': 159}","{'id': 12082, 'rank': 18, 'fitness': 0.9789191939987797, 'generation': 159}","{'id': 12054, 'rank': 19, 'fitness': 0.9787865743345042, 'generation': 159}","{'id': 12160, 'rank': 20, 'fitness': 0.966700396766613, 'generation': 159}","{'id': 12123, 'rank': 21, 'fitness': 0.9660316778830386, 'generation': 159}","{'id': 12115, 'rank': 22, 'fitness': 0.9154754405793937, 'generation': 159}","{'id': 12113, 'rank': 23, 'fitness': 0.8563178657292057, 'generation': 159}","{'id': 12121, 'rank': 24, 'fitness': 0.8297923087565546, 'generation': 159}","{'id': 12114, 'rank': 25, 'fitness': 0.7948379377449575, 'generation': 159}","{'id': 12112, 'rank': 26, 'fitness': 0.6303856086177545, 'generation': 159}","{'id': 12112, 'rank': 27, 'fitness': 0.6303856086177545, 'generation': 159}","{'id': 12141, 'rank': 28, 'fitness': 0.6216227627386229, 'generation': 159}","{'id': 12141, 'rank': 29, 'fitness': 0.6216227627386229, 'generation': 159}","{'id': 12149, 'rank': 30, 'fitness': 0.01798620996209155, 'generation': 159}"
"{'id': 12165, 'rank': 1, 'fitness': 0.9820137900379085, 'generation': 160}","{'id': 12135, 'rank': 2, 'fitness': 0.9787494339696459, 'generation': 160}","{'id': 12166, 'rank': 3, 'fitness': 0.9785585436244331, 'generation': 160}","{'id': 12161, 'rank': 4, 'fitness': 0.9783574301414975, 'generation': 160}","{'id': 12188, 'rank': 5, 'fitness': 0.9783404776278906, 'generation': 160}","{'id': 12139, 'rank': 6, 'fitness': 0.9776495242703687, 'generation': 160}","{'id': 12139, 'rank': 7, 'fitness': 0.9776495242703687, 'generation': 160}","{'id': 12221, 'rank': 8, 'fitness': 0.9774132592374849, 'generation': 160}","{'id': 12189, 'rank': 9, 'fitness': 0.9762917498018518, 'generation': 160}","{'id': 12199, 'rank': 10, 'fitness': 0.9758177907445884, 'generation': 160}","{'id': 12199, 'rank': 11, 'fitness': 0.9758177907445884, 'generation': 160}","{'id': 12199, 'rank': 12, 'fitness': 0.9758177907445884, 'generation': 160}","{'id': 12199, 'rank': 13, 'fitness': 0.9758177907445884, 'generation': 160}","{'id': 12198, 'rank': 14, 'fitness': 0.9757458405731154, 'generation': 160}","{'id': 12079, 'rank': 15, 'fitness': 0.9751238444804848, 'generation': 160}","{'id': 12079, 'rank': 16, 'fitness': 0.9751238444804848, 'generation': 160}","{'id': 12206, 'rank': 17, 'fitness': 0.9738999123831349, 'generation': 160}","{'id': 12232, 'rank': 18, 'fitness': 0.9736110589561308, 'generation': 160}","{'id': 12218, 'rank': 19, 'fitness': 0.973452658250513, 'generation': 160}","{'id': 12196, 'rank': 20, 'fitness': 0.9727629390623154, 'generation': 160}","{'id': 12137, 'rank': 21, 'fitness': 0.9727303201657864, 'generation': 160}","{'id': 12228, 'rank': 22, 'fitness': 0.9723124113449557, 'generation': 160}","{'id': 12192, 'rank': 23, 'fitness': 0.9719347913717269, 'generation': 160}","{'id': 12181, 'rank': 24, 'fitness': 0.9718390666893179, 'generation': 160}","{'id': 12224, 'rank': 25, 'fitness': 0.9713224478716249, 'generation': 160}","{'id': 12224, 'rank': 26, 'fitness': 0.9713224478716249, 'generation': 160}","{'id': 12033, 'rank': 27, 'fitness': 0.970603289533504, 'generation': 160}","{'id': 12178, 'rank': 28, 'fitness': 0.0726593573518513, 'generation': 160}","{'id': 12113, 'rank': 29, 'fitness': 0.034242016997693636, 'generation': 160}","{'id': 12121, 'rank': 30, 'fitness': 0.01798620996209155, 'generation': 160}"
"{'id': 12273, 'rank': 1, 'fitness': 0.9820137900379085, 'generation': 161}","{'id': 12273, 'rank': 2, 'fitness': 0.9820137900379085, 'generation': 161}","{'id': 12289, 'rank': 3, 'fitness': 0.9118385399780924, 'generation': 161}","{'id': 12287, 'rank': 4, 'fitness': 0.8889432352736226, 'generation': 161}","{'id': 12243, 'rank': 5, 'fitness': 0.8824549620666318, 'generation': 161}","{'id': 12251, 'rank': 6, 'fitness': 0.874713189052178, 'generation': 161}","{'id': 12251, 'rank': 7, 'fitness': 0.874713189052178, 'generation': 161}","{'id': 12299, 'rank': 8, 'fitness': 0.8577143425923146, 'generation': 161}","{'id': 12292, 'rank': 9, 'fitness': 0.7861528085804071, 'generation': 161}","{'id': 12244, 'rank': 10, 'fitness': 0.7557380103856348, 'generation': 161}","{'id': 12294, 'rank': 11, 'fitness': 0.7444794437084586, 'generation': 161}","{'id': 12079, 'rank': 12, 'fitness': 0.7216319104655871, 'generation': 161}","{'id': 12079, 'rank': 13, 'fitness': 0.7216319104655871, 'generation': 161}","{'id': 12293, 'rank': 14, 'fitness': 0.6339188594313281, 'generation': 161}","{'id': 12290, 'rank': 15, 'fitness': 0.5680872412240004, 'generation': 161}","{'id': 12288, 'rank': 16, 'fitness': 0.5417081447496053, 'generation': 161}","{'id': 12137, 'rank': 17, 'fitness': 0.5178802728671256, 'generation': 161}","{'id': 12137, 'rank': 18, 'fitness': 0.5178802728671256, 'generation': 161}","{'id': 12296, 'rank': 19, 'fitness': 0.49471991992722214, 'generation': 161}","{'id': 12192, 'rank': 20, 'fitness': 0.44900882770901523, 'generation': 161}","{'id': 12033, 'rank': 21, 'fitness': 0.3428928953294814, 'generation': 161}","{'id': 12238, 'rank': 22, 'fitness': 0.30522191533611626, 'generation': 161}","{'id': 12304, 'rank': 23, 'fitness': 0.16796849318121632, 'generation': 161}","{'id': 12261, 'rank': 24, 'fitness': 0.14601867326359025, 'generation': 161}","{'id': 12255, 'rank': 25, 'fitness': 0.14576018364531085, 'generation': 161}","{'id': 12295, 'rank': 26, 'fitness': 0.12319018663074177, 'generation': 161}","{'id': 12306, 'rank': 27, 'fitness': 0.07400969868153578, 'generation': 161}","{'id': 12247, 'rank': 28, 'fitness': 0.05309921306092735, 'generation': 161}","{'id': 12256, 'rank': 29, 'fitness': 0.03329234343297316, 'generation': 161}","{'id': 12246, 'rank': 30, 'fitness': 0.01798620996209155, 'generation': 161}"
"{'id': 12314, 'rank': 1, 'fitness': 0.9820137900379085, 'generation': 162}","{'id': 12314, 'rank': 2, 'fitness': 0.9820137900379085, 'generation': 162}","{'id': 12273, 'rank': 3, 'fitness': 0.9818283337200765, 'generation': 162}","{'id': 12313, 'rank': 4, 'fitness': 0.9817633016997043, 'generation': 162}","{'id': 12308, 'rank': 5, 'fitness': 0.9816718753793563, 'generation': 162}","{'id': 12287, 'rank': 6, 'fitness': 0.9815374248135142, 'generation': 162}","{'id': 12287, 'rank': 7, 'fitness': 0.9815374248135142, 'generation': 162}","{'id': 12251, 'rank': 8, 'fitness': 0.9815165391769848, 'generation': 162}","{'id': 12244, 'rank': 9, 'fitness': 0.9813917181936329, 'generation': 162}","{'id': 12290, 'rank': 10, 'fitness': 0.9812596308905343, 'generation': 162}","{'id': 12290, 'rank': 11, 'fitness': 0.9812596308905343, 'generation': 162}","{'id': 12192, 'rank': 12, 'fitness': 0.9811853070061993, 'generation': 162}","{'id': 12238, 'rank': 13, 'fitness': 0.9810889522411503, 'generation': 162}","{'id': 12256, 'rank': 14, 'fitness': 0.9806867835214186, 'generation': 162}","{'id': 12310, 'rank': 15, 'fitness': 0.9787740960603892, 'generation': 162}","{'id': 12310, 'rank': 16, 'fitness': 0.9787740960603892, 'generation': 162}","{'id': 12311, 'rank': 17, 'fitness': 0.9778047353420254, 'generation': 162}","{'id': 12335, 'rank': 18, 'fitness': 0.977477131586544, 'generation': 162}","{'id': 12336, 'rank': 19, 'fitness': 0.97737254807915, 'generation': 162}","{'id': 12366, 'rank': 20, 'fitness': 0.9750638297603256, 'generation': 162}","{'id': 12332, 'rank': 21, 'fitness': 0.9742739553776893, 'generation': 162}","{'id': 12332, 'rank': 22, 'fitness': 0.9742739553776893, 'generation': 162}","{'id': 12358, 'rank': 23, 'fitness': 0.9740074714080464, 'generation': 162}","{'id': 12352, 'rank': 24, 'fitness': 0.9733704532481484, 'generation': 162}","{'id': 12357, 'rank': 25, 'fitness': 0.9714335270193195, 'generation': 162}","{'id': 12339, 'rank': 26, 'fitness': 0.9124244559533755, 'generation': 162}","{'id': 12338, 'rank': 27, 'fitness': 0.90742842121961, 'generation': 162}","{'id': 12316, 'rank': 28, 'fitness': 0.15280677150833244, 'generation': 162}","{'id': 12360, 'rank': 29, 'fitness': 0.01798620996209155, 'generation': 162}","{'id': 12360, 'rank': 30, 'fitness': 0.01798620996209155, 'generation': 162}"
"{'id': 12314, 'rank': 1, 'fitness': 0.9820137900379085, 'generation': 163}","{'id': 12409, 'rank': 2, 'fitness': 0.9804606495940542, 'generation': 163}","{'id': 12401, 'rank': 3, 'fitness': 0.9798467403781601, 'generation': 163}","{'id': 12402, 'rank': 4, 'fitness': 0.9793775810799923, 'generation': 163}","{'id': 12402, 'rank': 5, 'fitness': 0.9793775810799923, 'generation': 163}","{'id': 12402, 'rank': 6, 'fitness': 0.9793775810799923, 'generation': 163}","{'id': 12403, 'rank': 7, 'fitness': 0.9766648192489642, 'generation': 163}","{'id': 12379, 'rank': 8, 'fitness': 0.9756785217936634, 'generation': 163}","{'id': 12387, 'rank': 9, 'fitness': 0.9747546727510253, 'generation': 163}","{'id': 12408, 'rank': 10, 'fitness': 0.970874171188649, 'generation': 163}","{'id': 12434, 'rank': 11, 'fitness': 0.9647756899152179, 'generation': 163}","{'id': 12374, 'rank': 12, 'fitness': 0.9646211972348453, 'generation': 163}","{'id': 12374, 'rank': 13, 'fitness': 0.9646211972348453, 'generation': 163}","{'id': 12374, 'rank': 14, 'fitness': 0.9646211972348453, 'generation': 163}","{'id': 12421, 'rank': 15, 'fitness': 0.964010155801382, 'generation': 163}","{'id': 12435, 'rank': 16, 'fitness': 0.9594070137827384, 'generation': 163}","{'id': 12415, 'rank': 17, 'fitness': 0.951837953000015, 'generation': 163}","{'id': 12418, 'rank': 18, 'fitness': 0.9507518620868168, 'generation': 163}","{'id': 12418, 'rank': 19, 'fitness': 0.9507518620868168, 'generation': 163}","{'id': 12384, 'rank': 20, 'fitness': 0.8012671844413353, 'generation': 163}","{'id': 12372, 'rank': 21, 'fitness': 0.7946442571795584, 'generation': 163}","{'id': 12336, 'rank': 22, 'fitness': 0.505326613814336, 'generation': 163}","{'id': 12367, 'rank': 23, 'fitness': 0.1711981750093453, 'generation': 163}","{'id': 12332, 'rank': 24, 'fitness': 0.09867634348893484, 'generation': 163}","{'id': 12406, 'rank': 25, 'fitness': 0.08980536287279084, 'generation': 163}","{'id': 12358, 'rank': 26, 'fitness': 0.08381065047578456, 'generation': 163}","{'id': 12443, 'rank': 27, 'fitness': 0.08251806920587224, 'generation': 163}","{'id': 12407, 'rank': 28, 'fitness': 0.0812092293341547, 'generation': 163}","{'id': 12407, 'rank': 29, 'fitness': 0.0812092293341547, 'generation': 163}","{'id': 12398, 'rank': 30, 'fitness': 0.01798620996209155, 'generation': 163}"
"{'id': 12524, 'rank': 1, 'fitness': 0.9820137900379085, 'generation': 164}","{'id': 12463, 'rank': 2, 'fitness': 0.9819147561826673, 'generation': 164}","{'id': 12409, 'rank': 3, 'fitness': 0.9818972730919112, 'generation': 164}","{'id': 12401, 'rank': 4, 'fitness': 0.981867412933383, 'generation': 164}","{'id': 12454, 'rank': 5, 'fitness': 0.9818053456985698, 'generation': 164}","{'id': 12508, 'rank': 6, 'fitness': 0.9818002788694491, 'generation': 164}","{'id': 12508, 'rank': 7, 'fitness': 0.9818002788694491, 'generation': 164}","{'id': 12477, 'rank': 8, 'fitness': 0.9817843323713054, 'generation': 164}","{'id': 12502, 'rank': 9, 'fitness': 0.9817731584644638, 'generation': 164}","{'id': 12489, 'rank': 10, 'fitness': 0.981746911219512, 'generation': 164}","{'id': 12489, 'rank': 11, 'fitness': 0.981746911219512, 'generation': 164}","{'id': 12403, 'rank': 12, 'fitness': 0.9817249831504962, 'generation': 164}","{'id': 12504, 'rank': 13, 'fitness': 0.981722283761494, 'generation': 164}","{'id': 12505, 'rank': 14, 'fitness': 0.9816917941095848, 'generation': 164}","{'id': 12522, 'rank': 15, 'fitness': 0.9816698831691848, 'generation': 164}","{'id': 12387, 'rank': 16, 'fitness': 0.9816478849856902, 'generation': 164}","{'id': 12500, 'rank': 17, 'fitness': 0.9816386560381716, 'generation': 164}","{'id': 12497, 'rank': 18, 'fitness': 0.9815727612260314, 'generation': 164}","{'id': 12408, 'rank': 19, 'fitness': 0.9815065393331845, 'generation': 164}","{'id': 12510, 'rank': 20, 'fitness': 0.981467658751522, 'generation': 164}","{'id': 12472, 'rank': 21, 'fitness': 0.9812601260719637, 'generation': 164}","{'id': 12517, 'rank': 22, 'fitness': 0.9812161976725766, 'generation': 164}","{'id': 12488, 'rank': 23, 'fitness': 0.9811525557150526, 'generation': 164}","{'id': 12415, 'rank': 24, 'fitness': 0.9809950992631571, 'generation': 164}","{'id': 12481, 'rank': 25, 'fitness': 0.9809864927923497, 'generation': 164}","{'id': 12467, 'rank': 26, 'fitness': 0.9804220804508654, 'generation': 164}","{'id': 12407, 'rank': 27, 'fitness': 0.9748190127070875, 'generation': 164}","{'id': 12494, 'rank': 28, 'fitness': 0.9579162463041399, 'generation': 164}","{'id': 12496, 'rank': 29, 'fitness': 0.48108597662217006, 'generation': 164}","{'id': 12515, 'rank': 30, 'fitness': 0.01798620996209155, 'generation': 164}"
"{'id': 12599, 'rank': 1, 'fitness': 0.9820137900379085, 'generation': 165}","{'id': 12531, 'rank': 2, 'fitness': 0.9699253622333612, 'generation': 165}","{'id': 12541, 'rank': 3, 'fitness': 0.9649706758958784, 'generation': 165}","{'id': 12541, 'rank': 4, 'fitness': 0.9649706758958784, 'generation': 165}","{'id': 12605, 'rank': 5, 'fitness': 0.9620205444165163, 'generation': 165}","{'id': 12454, 'rank': 6, 'fitness': 0.9589761618862779, 'generation': 165}","{'id': 12584, 'rank': 7, 'fitness': 0.9584762150168646, 'generation': 165}","{'id': 12584, 'rank': 8, 'fitness': 0.9584762150168646, 'generation': 165}","{'id': 12584, 'rank': 9, 'fitness': 0.9584762150168646, 'generation': 165}","{'id': 12508, 'rank': 10, 'fitness': 0.9580414735351264, 'generation': 165}","{'id': 12508, 'rank': 11, 'fitness': 0.9580414735351264, 'generation': 165}","{'id': 12508, 'rank': 12, 'fitness': 0.9580414735351264, 'generation': 165}","{'id': 12589, 'rank': 13, 'fitness': 0.9563965237906884, 'generation': 165}","{'id': 12602, 'rank': 14, 'fitness': 0.9554263270637725, 'generation': 165}","{'id': 12593, 'rank': 15, 'fitness': 0.943519906506731, 'generation': 165}","{'id': 12593, 'rank': 16, 'fitness': 0.943519906506731, 'generation': 165}","{'id': 12504, 'rank': 17, 'fitness': 0.9408786215712699, 'generation': 165}","{'id': 12504, 'rank': 18, 'fitness': 0.9408786215712699, 'generation': 165}","{'id': 12387, 'rank': 19, 'fitness': 0.9186604922452326, 'generation': 165}","{'id': 12575, 'rank': 20, 'fitness': 0.8960970546069753, 'generation': 165}","{'id': 12604, 'rank': 21, 'fitness': 0.8832531856033159, 'generation': 165}","{'id': 12604, 'rank': 22, 'fitness': 0.8832531856033159, 'generation': 165}","{'id': 12536, 'rank': 23, 'fitness': 0.8729595945255358, 'generation': 165}","{'id': 12606, 'rank': 24, 'fitness': 0.8550203950004069, 'generation': 165}","{'id': 12510, 'rank': 25, 'fitness': 0.8319016631908174, 'generation': 165}","{'id': 12582, 'rank': 26, 'fitness': 0.7901778345415786, 'generation': 165}","{'id': 12581, 'rank': 27, 'fitness': 0.6545385151303149, 'generation': 165}","{'id': 12601, 'rank': 28, 'fitness': 0.4289656195925459, 'generation': 165}","{'id': 12562, 'rank': 29, 'fitness': 0.06179441512400896, 'generation': 165}","{'id': 12554, 'rank': 30, 'fitness': 0.01798620996209155, 'generation': 165}"
"{'id': 12599, 'rank': 1, 'fitness': 0.9820137900379085, 'generation': 166}","{'id': 12599, 'rank': 2, 'fitness': 0.9820137900379085, 'generation': 166}","{'id': 12683, 'rank': 3, 'fitness': 0.9748616407768009, 'generation': 166}","{'id': 12605, 'rank': 4, 'fitness': 0.9580745686689229, 'generation': 166}","{'id': 12584, 'rank': 5, 'fitness': 0.9536318712555027, 'generation': 166}","{'id': 12508, 'rank': 6, 'fitness': 0.9530837803974523, 'generation': 166}","{'id': 12508, 'rank': 7, 'fitness': 0.9530837803974523, 'generation': 166}","{'id': 12508, 'rank': 8, 'fitness': 0.9530837803974523, 'generation': 166}","{'id': 12589, 'rank': 9, 'fitness': 0.9510040230641448, 'generation': 166}","{'id': 12504, 'rank': 10, 'fitness': 0.930987512103938, 'generation': 166}","{'id': 12504, 'rank': 11, 'fitness': 0.930987512103938, 'generation': 166}","{'id': 12675, 'rank': 12, 'fitness': 0.8963268479318052, 'generation': 166}","{'id': 12575, 'rank': 13, 'fitness': 0.8707043326959327, 'generation': 166}","{'id': 12536, 'rank': 14, 'fitness': 0.8388281184483832, 'generation': 166}","{'id': 12670, 'rank': 15, 'fitness': 0.8312893753821768, 'generation': 166}","{'id': 12654, 'rank': 16, 'fitness': 0.8104496364607356, 'generation': 166}","{'id': 12510, 'rank': 17, 'fitness': 0.7819924248906474, 'generation': 166}","{'id': 12673, 'rank': 18, 'fitness': 0.7528268467206463, 'generation': 166}","{'id': 12673, 'rank': 19, 'fitness': 0.7528268467206463, 'generation': 166}","{'id': 12629, 'rank': 20, 'fitness': 0.7406931324198565, 'generation': 166}","{'id': 12679, 'rank': 21, 'fitness': 0.7079759612501212, 'generation': 166}","{'id': 12640, 'rank': 22, 'fitness': 0.6902876591556194, 'generation': 166}","{'id': 12681, 'rank': 23, 'fitness': 0.6087099328582412, 'generation': 166}","{'id': 12631, 'rank': 24, 'fitness': 0.5772920071560308, 'generation': 166}","{'id': 12581, 'rank': 25, 'fitness': 0.5469831611755024, 'generation': 166}","{'id': 12630, 'rank': 26, 'fitness': 0.5300319536450668, 'generation': 166}","{'id': 12636, 'rank': 27, 'fitness': 0.3712988493885502, 'generation': 166}","{'id': 12625, 'rank': 28, 'fitness': 0.2052532305560984, 'generation': 166}","{'id': 12619, 'rank': 29, 'fitness': 0.01798620996209155, 'generation': 166}","{'id': 12619, 'rank': 30, 'fitness': 0.01798620996209155, 'generation': 166}"
"{'id': 12721, 'rank': 1, 'fitness': 0.9820137900379085, 'generation': 167}","{'id': 12743, 'rank': 2, 'fitness': 0.9817053226470009, 'generation': 167}","{'id': 12732, 'rank': 3, 'fitness': 0.9816735442822788, 'generation': 167}","{'id': 12723, 'rank': 4, 'fitness': 0.9816392897489947, 'generation': 167}","{'id': 12723, 'rank': 5, 'fitness': 0.9816392897489947, 'generation': 167}","{'id': 12720, 'rank': 6, 'fitness': 0.9814053314275117, 'generation': 167}","{'id': 12697, 'rank': 7, 'fitness': 0.9807494731022337, 'generation': 167}","{'id': 12605, 'rank': 8, 'fitness': 0.9804560377061242, 'generation': 167}","{'id': 12508, 'rank': 9, 'fitness': 0.9803152693649434, 'generation': 167}","{'id': 12508, 'rank': 10, 'fitness': 0.9803152693649434, 'generation': 167}","{'id': 12508, 'rank': 11, 'fitness': 0.9803152693649434, 'generation': 167}","{'id': 12728, 'rank': 12, 'fitness': 0.9784986243713678, 'generation': 167}","{'id': 12728, 'rank': 13, 'fitness': 0.9784986243713678, 'generation': 167}","{'id': 12702, 'rank': 14, 'fitness': 0.9781128868523687, 'generation': 167}","{'id': 12702, 'rank': 15, 'fitness': 0.9781128868523687, 'generation': 167}","{'id': 12716, 'rank': 16, 'fitness': 0.9775229841416928, 'generation': 167}","{'id': 12699, 'rank': 17, 'fitness': 0.9771094726292566, 'generation': 167}","{'id': 12581, 'rank': 18, 'fitness': 0.9766253878593301, 'generation': 167}","{'id': 12581, 'rank': 19, 'fitness': 0.9766253878593301, 'generation': 167}","{'id': 12630, 'rank': 20, 'fitness': 0.9765283321664505, 'generation': 167}","{'id': 12715, 'rank': 21, 'fitness': 0.9751917569829351, 'generation': 167}","{'id': 12619, 'rank': 22, 'fitness': 0.9698785439230824, 'generation': 167}","{'id': 12619, 'rank': 23, 'fitness': 0.9698785439230824, 'generation': 167}","{'id': 12708, 'rank': 24, 'fitness': 0.8620875689494565, 'generation': 167}","{'id': 12735, 'rank': 25, 'fitness': 0.3980548701820019, 'generation': 167}","{'id': 12736, 'rank': 26, 'fitness': 0.25788135229348674, 'generation': 167}","{'id': 12694, 'rank': 27, 'fitness': 0.11880346127812536, 'generation': 167}","{'id': 12734, 'rank': 28, 'fitness': 0.08871715770106603, 'generation': 167}","{'id': 12734, 'rank': 29, 'fitness': 0.08871715770106603, 'generation': 167}","{'id': 12748, 'rank': 30, 'fitness': 0.01798620996209155, 'generation': 167}"
"{'id': 12835, 'rank': 1, 'fitness': 0.9820137900379085, 'generation': 168}","{'id': 12743, 'rank': 2, 'fitness': 0.9805180895403547, 'generation': 168}","{'id': 12773, 'rank': 3, 'fitness': 0.9804783190419035, 'generation': 168}","{'id': 12773, 'rank': 4, 'fitness': 0.9804783190419035, 'generation': 168}","{'id': 12723, 'rank': 5, 'fitness': 0.9803617878633177, 'generation': 168}","{'id': 12774, 'rank': 6, 'fitness': 0.979866254475763, 'generation': 168}","{'id': 12774, 'rank': 7, 'fitness': 0.979866254475763, 'generation': 168}","{'id': 12761, 'rank': 8, 'fitness': 0.9792693759087727, 'generation': 168}","{'id': 12787, 'rank': 9, 'fitness': 0.9792100620225216, 'generation': 168}","{'id': 12771, 'rank': 10, 'fitness': 0.9789406944054851, 'generation': 168}","{'id': 12785, 'rank': 11, 'fitness': 0.9773008995606234, 'generation': 168}","{'id': 12508, 'rank': 12, 'fitness': 0.9770858527326256, 'generation': 168}","{'id': 12508, 'rank': 13, 'fitness': 0.9770858527326256, 'generation': 168}","{'id': 12823, 'rank': 14, 'fitness': 0.9761481939798575, 'generation': 168}","{'id': 12781, 'rank': 15, 'fitness': 0.9758315803221776, 'generation': 168}","{'id': 12795, 'rank': 16, 'fitness': 0.9757908298212791, 'generation': 168}","{'id': 12784, 'rank': 17, 'fitness': 0.9748523847460357, 'generation': 168}","{'id': 12779, 'rank': 18, 'fitness': 0.9740814987890991, 'generation': 168}","{'id': 12779, 'rank': 19, 'fitness': 0.9740814987890991, 'generation': 168}","{'id': 12824, 'rank': 20, 'fitness': 0.9739253502653695, 'generation': 168}","{'id': 12816, 'rank': 21, 'fitness': 0.9729174602425555, 'generation': 168}","{'id': 12728, 'rank': 22, 'fitness': 0.9721498709450976, 'generation': 168}","{'id': 12780, 'rank': 23, 'fitness': 0.9706297486571459, 'generation': 168}","{'id': 12808, 'rank': 24, 'fitness': 0.9702227169032648, 'generation': 168}","{'id': 12827, 'rank': 25, 'fitness': 0.9668038466983374, 'generation': 168}","{'id': 12581, 'rank': 26, 'fitness': 0.9665252089847745, 'generation': 168}","{'id': 12809, 'rank': 27, 'fitness': 0.9640338693749884, 'generation': 168}","{'id': 12798, 'rank': 28, 'fitness': 0.9585814443203704, 'generation': 168}","{'id': 12619, 'rank': 29, 'fitness': 0.9418259521851835, 'generation': 168}","{'id': 12769, 'rank': 30, 'fitness': 0.01798620996209155, 'generation': 168}"
"{'id': 12835, 'rank': 1, 'fitness': 0.9820137900379085, 'generation': 169}","{'id': 12835, 'rank': 2, 'fitness': 0.9820137900379085, 'generation': 169}","{'id': 12774, 'rank': 3, 'fitness': 0.9274332629633457, 'generation': 169}","{'id': 12774, 'rank': 4, 'fitness': 0.9274332629633457, 'generation': 169}","{'id': 12774, 'rank': 5, 'fitness': 0.9274332629633457, 'generation': 169}","{'id': 12906, 'rank': 6, 'fitness': 0.9234425563603905, 'generation': 169}","{'id': 12874, 'rank': 7, 'fitness': 0.8942117460262952, 'generation': 169}","{'id': 12787, 'rank': 8, 'fitness': 0.8942040964993444, 'generation': 169}","{'id': 12850, 'rank': 9, 'fitness': 0.8875694261776351, 'generation': 169}","{'id': 12841, 'rank': 10, 'fitness': 0.88707003399212, 'generation': 169}","{'id': 12841, 'rank': 11, 'fitness': 0.88707003399212, 'generation': 169}","{'id': 12900, 'rank': 12, 'fitness': 0.8811572100246435, 'generation': 169}","{'id': 12771, 'rank': 13, 'fitness': 0.8774360015246715, 'generation': 169}","{'id': 12851, 'rank': 14, 'fitness': 0.8768224314555129, 'generation': 169}","{'id': 12894, 'rank': 15, 'fitness': 0.8172687115892159, 'generation': 169}","{'id': 12858, 'rank': 16, 'fitness': 0.8055329912023725, 'generation': 169}","{'id': 12858, 'rank': 17, 'fitness': 0.8055329912023725, 'generation': 169}","{'id': 12842, 'rank': 18, 'fitness': 0.7855768996217075, 'generation': 169}","{'id': 12785, 'rank': 19, 'fitness': 0.7311075402953922, 'generation': 169}","{'id': 12893, 'rank': 20, 'fitness': 0.6052216075171849, 'generation': 169}","{'id': 12911, 'rank': 21, 'fitness': 0.42639606404983776, 'generation': 169}","{'id': 12844, 'rank': 22, 'fitness': 0.42266050059619786, 'generation': 169}","{'id': 12921, 'rank': 23, 'fitness': 0.30849466557384503, 'generation': 169}","{'id': 12870, 'rank': 24, 'fitness': 0.283051736611995, 'generation': 169}","{'id': 12902, 'rank': 25, 'fitness': 0.266735681428128, 'generation': 169}","{'id': 12902, 'rank': 26, 'fitness': 0.266735681428128, 'generation': 169}","{'id': 12882, 'rank': 27, 'fitness': 0.1808402034530759, 'generation': 169}","{'id': 12843, 'rank': 28, 'fitness': 0.15158737836129177, 'generation': 169}","{'id': 12879, 'rank': 29, 'fitness': 0.11719252039840566, 'generation': 169}","{'id': 12868, 'rank': 30, 'fitness': 0.01798620996209155, 'generation': 169}"
"{'id': 12985, 'rank': 1, 'fitness': 0.9820137900379085, 'generation': 170}","{'id': 12986, 'rank': 2, 'fitness': 0.9819625248309987, 'generation': 170}","{'id': 12774, 'rank': 3, 'fitness': 0.9807132560100602, 'generation': 170}","{'id': 12906, 'rank': 4, 'fitness': 0.980675721724144, 'generation': 170}","{'id': 12874, 'rank': 5, 'fitness': 0.9804434344915901, 'generation': 170}","{'id': 12787, 'rank': 6, 'fitness': 0.9804433813552774, 'generation': 170}","{'id': 12841, 'rank': 7, 'fitness': 0.9803951780794093, 'generation': 170}","{'id': 12841, 'rank': 8, 'fitness': 0.9803951780794093, 'generation': 170}","{'id': 12841, 'rank': 9, 'fitness': 0.9803951780794093, 'generation': 170}","{'id': 12900, 'rank': 10, 'fitness': 0.9803571199340873, 'generation': 170}","{'id': 12771, 'rank': 11, 'fitness': 0.9803339655929804, 'generation': 170}","{'id': 12988, 'rank': 12, 'fitness': 0.9802922387554114, 'generation': 170}","{'id': 12988, 'rank': 13, 'fitness': 0.9802922387554114, 'generation': 170}","{'id': 12929, 'rank': 14, 'fitness': 0.9801730381513674, 'generation': 170}","{'id': 12894, 'rank': 15, 'fitness': 0.9800207267128661, 'generation': 170}","{'id': 12858, 'rank': 16, 'fitness': 0.9799691865670912, 'generation': 170}","{'id': 12844, 'rank': 17, 'fitness': 0.9787694176194635, 'generation': 170}","{'id': 12902, 'rank': 18, 'fitness': 0.9782655875207988, 'generation': 170}","{'id': 12902, 'rank': 19, 'fitness': 0.9782655875207988, 'generation': 170}","{'id': 12969, 'rank': 20, 'fitness': 0.9717573927914189, 'generation': 170}","{'id': 12943, 'rank': 21, 'fitness': 0.9716312045819555, 'generation': 170}","{'id': 12968, 'rank': 22, 'fitness': 0.968644099740436, 'generation': 170}","{'id': 12964, 'rank': 23, 'fitness': 0.9667977041315245, 'generation': 170}","{'id': 12927, 'rank': 24, 'fitness': 0.9618594281208326, 'generation': 170}","{'id': 12932, 'rank': 25, 'fitness': 0.9505190146280902, 'generation': 170}","{'id': 12950, 'rank': 26, 'fitness': 0.9477917084861791, 'generation': 170}","{'id': 12933, 'rank': 27, 'fitness': 0.9459212540585038, 'generation': 170}","{'id': 12933, 'rank': 28, 'fitness': 0.9459212540585038, 'generation': 170}","{'id': 12983, 'rank': 29, 'fitness': 0.9262442323943054, 'generation': 170}","{'id': 12938, 'rank': 30, 'fitness': 0.01798620996209155, 'generation': 170}"
"{'id': 12985, 'rank': 1, 'fitness': 0.9820137900379085, 'generation': 171}","{'id': 13060, 'rank': 2, 'fitness': 0.9731078159501854, 'generation': 171}","{'id': 13052, 'rank': 3, 'fitness': 0.9711859130860856, 'generation': 171}","{'id': 13052, 'rank': 4, 'fitness': 0.9711859130860856, 'generation': 171}","{'id': 13053, 'rank': 5, 'fitness': 0.9708298485528244, 'generation': 171}","{'id': 13048, 'rank': 6, 'fitness': 0.9623321943647385, 'generation': 171}","{'id': 13073, 'rank': 7, 'fitness': 0.9375045184359255, 'generation': 171}","{'id': 13058, 'rank': 8, 'fitness': 0.9196481692975254, 'generation': 171}","{'id': 12841, 'rank': 9, 'fitness': 0.9166309363776232, 'generation': 171}","{'id': 12841, 'rank': 10, 'fitness': 0.9166309363776232, 'generation': 171}","{'id': 13064, 'rank': 11, 'fitness': 0.9159127749075803, 'generation': 171}","{'id': 12771, 'rank': 12, 'fitness': 0.9120879577916581, 'generation': 171}","{'id': 12929, 'rank': 13, 'fitness': 0.8991381049834491, 'generation': 171}","{'id': 13015, 'rank': 14, 'fitness': 0.8950909132405642, 'generation': 171}","{'id': 13010, 'rank': 15, 'fitness': 0.8723108776374471, 'generation': 171}","{'id': 13010, 'rank': 16, 'fitness': 0.8723108776374471, 'generation': 171}","{'id': 13010, 'rank': 17, 'fitness': 0.8723108776374471, 'generation': 171}","{'id': 13082, 'rank': 18, 'fitness': 0.8708172119001149, 'generation': 171}","{'id': 13062, 'rank': 19, 'fitness': 0.868008450551278, 'generation': 171}","{'id': 13062, 'rank': 20, 'fitness': 0.868008450551278, 'generation': 171}","{'id': 13046, 'rank': 21, 'fitness': 0.8634510573056196, 'generation': 171}","{'id': 13017, 'rank': 22, 'fitness': 0.8557653084428977, 'generation': 171}","{'id': 13009, 'rank': 23, 'fitness': 0.8342131735823219, 'generation': 171}","{'id': 13002, 'rank': 24, 'fitness': 0.7510567477124963, 'generation': 171}","{'id': 13057, 'rank': 25, 'fitness': 0.7189367730117473, 'generation': 171}","{'id': 12844, 'rank': 26, 'fitness': 0.7136836552541679, 'generation': 171}","{'id': 13063, 'rank': 27, 'fitness': 0.6934443085109028, 'generation': 171}","{'id': 13013, 'rank': 28, 'fitness': 0.594271193958971, 'generation': 171}","{'id': 13013, 'rank': 29, 'fitness': 0.594271193958971, 'generation': 171}","{'id': 13027, 'rank': 30, 'fitness': 0.01798620996209155, 'generation': 171}"
"{'id': 13052, 'rank': 1, 'fitness': 0.9820137900379085, 'generation': 172}","{'id': 13048, 'rank': 2, 'fitness': 0.981784579060401, 'generation': 172}","{'id': 13113, 'rank': 3, 'fitness': 0.9814689647213273, 'generation': 172}","{'id': 13073, 'rank': 4, 'fitness': 0.9813360929937109, 'generation': 172}","{'id': 13073, 'rank': 5, 'fitness': 0.9813360929937109, 'generation': 172}","{'id': 13124, 'rank': 6, 'fitness': 0.9812396644617138, 'generation': 172}","{'id': 12841, 'rank': 7, 'fitness': 0.9810693904565738, 'generation': 172}","{'id': 12841, 'rank': 8, 'fitness': 0.9810693904565738, 'generation': 172}","{'id': 12841, 'rank': 9, 'fitness': 0.9810693904565738, 'generation': 172}","{'id': 12841, 'rank': 10, 'fitness': 0.9810693904565738, 'generation': 172}","{'id': 13151, 'rank': 11, 'fitness': 0.980859643753474, 'generation': 172}","{'id': 13163, 'rank': 12, 'fitness': 0.980696558669124, 'generation': 172}","{'id': 13010, 'rank': 13, 'fitness': 0.9806536364039116, 'generation': 172}","{'id': 13046, 'rank': 14, 'fitness': 0.9805852692522471, 'generation': 172}","{'id': 13121, 'rank': 15, 'fitness': 0.9802597861422607, 'generation': 172}","{'id': 13162, 'rank': 16, 'fitness': 0.9801346013366523, 'generation': 172}","{'id': 13057, 'rank': 17, 'fitness': 0.979766897096353, 'generation': 172}","{'id': 12844, 'rank': 18, 'fitness': 0.9797430322907018, 'generation': 172}","{'id': 12844, 'rank': 19, 'fitness': 0.9797430322907018, 'generation': 172}","{'id': 13158, 'rank': 20, 'fitness': 0.9697035810004853, 'generation': 172}","{'id': 13158, 'rank': 21, 'fitness': 0.9697035810004853, 'generation': 172}","{'id': 13143, 'rank': 22, 'fitness': 0.9666702533335171, 'generation': 172}","{'id': 13092, 'rank': 23, 'fitness': 0.9641270278918748, 'generation': 172}","{'id': 13094, 'rank': 24, 'fitness': 0.9580699092453835, 'generation': 172}","{'id': 13157, 'rank': 25, 'fitness': 0.9547245547346201, 'generation': 172}","{'id': 13114, 'rank': 26, 'fitness': 0.9370367289877427, 'generation': 172}","{'id': 13114, 'rank': 27, 'fitness': 0.9370367289877427, 'generation': 172}","{'id': 13138, 'rank': 28, 'fitness': 0.9026740350414667, 'generation': 172}","{'id': 13148, 'rank': 29, 'fitness': 0.7092426260002398, 'generation': 172}","{'id': 13089, 'rank': 30, 'fitness': 0.01798620996209155, 'generation': 172}"
"{'id': 13048, 'rank': 1, 'fitness': 0.9820137900379085, 'generation': 173}","{'id': 13048, 'rank': 2, 'fitness': 0.9820137900379085, 'generation': 173}","{'id': 13202, 'rank': 3, 'fitness': 0.9818445534985727, 'generation': 173}","{'id': 13245, 'rank': 4, 'fitness': 0.9802862559693706, 'generation': 173}","{'id': 13211, 'rank': 5, 'fitness': 0.9802748228156999, 'generation': 173}","{'id': 13197, 'rank': 6, 'fitness': 0.9799959141723891, 'generation': 173}","{'id': 13198, 'rank': 7, 'fitness': 0.9798111203046229, 'generation': 173}","{'id': 13124, 'rank': 8, 'fitness': 0.9794368758402336, 'generation': 173}","{'id': 13204, 'rank': 9, 'fitness': 0.9793338659309727, 'generation': 173}","{'id': 12841, 'rank': 10, 'fitness': 0.9785766000844826, 'generation': 173}","{'id': 12841, 'rank': 11, 'fitness': 0.9785766000844826, 'generation': 173}","{'id': 12841, 'rank': 12, 'fitness': 0.9785766000844826, 'generation': 173}","{'id': 13203, 'rank': 13, 'fitness': 0.9766382035200374, 'generation': 173}","{'id': 13252, 'rank': 14, 'fitness': 0.9746729805226149, 'generation': 173}","{'id': 13232, 'rank': 15, 'fitness': 0.9742256387856039, 'generation': 173}","{'id': 13230, 'rank': 16, 'fitness': 0.9742121019214499, 'generation': 173}","{'id': 13243, 'rank': 17, 'fitness': 0.9740198955449795, 'generation': 173}","{'id': 13162, 'rank': 18, 'fitness': 0.973355589474416, 'generation': 173}","{'id': 13235, 'rank': 19, 'fitness': 0.9732145175375463, 'generation': 173}","{'id': 13237, 'rank': 20, 'fitness': 0.9726459994571852, 'generation': 173}","{'id': 13217, 'rank': 21, 'fitness': 0.9716621456326028, 'generation': 173}","{'id': 13217, 'rank': 22, 'fitness': 0.9716621456326028, 'generation': 173}","{'id': 13057, 'rank': 23, 'fitness': 0.9710579054916539, 'generation': 173}","{'id': 12844, 'rank': 24, 'fitness': 0.9709037918440175, 'generation': 173}","{'id': 13201, 'rank': 25, 'fitness': 0.9611705278108451, 'generation': 173}","{'id': 13158, 'rank': 26, 'fitness': 0.836294503065094, 'generation': 173}","{'id': 13158, 'rank': 27, 'fitness': 0.836294503065094, 'generation': 173}","{'id': 13092, 'rank': 28, 'fitness': 0.6977558313996399, 'generation': 173}","{'id': 13174, 'rank': 29, 'fitness': 0.16956743397418794, 'generation': 173}","{'id': 13138, 'rank': 30, 'fitness': 0.01798620996209155, 'generation': 173}"
"{'id': 13310, 'rank': 1, 'fitness': 0.9820137900379085, 'generation': 174}","{'id': 13048, 'rank': 2, 'fitness': 0.9797635181262909, 'generation': 174}","{'id': 13202, 'rank': 3, 'fitness': 0.9796152621721458, 'generation': 174}","{'id': 13202, 'rank': 4, 'fitness': 0.9796152621721458, 'generation': 174}","{'id': 13293, 'rank': 5, 'fitness': 0.9786576339599145, 'generation': 174}","{'id': 13198, 'rank': 6, 'fitness': 0.9778565306342581, 'generation': 174}","{'id': 13275, 'rank': 7, 'fitness': 0.9775082881458815, 'generation': 174}","{'id': 13274, 'rank': 8, 'fitness': 0.9769358236155089, 'generation': 174}","{'id': 12841, 'rank': 9, 'fitness': 0.9768077036655607, 'generation': 174}","{'id': 13303, 'rank': 10, 'fitness': 0.9757841263173989, 'generation': 174}","{'id': 13203, 'rank': 11, 'fitness': 0.9751868237874629, 'generation': 174}","{'id': 13278, 'rank': 12, 'fitness': 0.9743631664400895, 'generation': 174}","{'id': 13297, 'rank': 13, 'fitness': 0.974104138223384, 'generation': 174}","{'id': 13297, 'rank': 14, 'fitness': 0.974104138223384, 'generation': 174}","{'id': 13257, 'rank': 15, 'fitness': 0.9737880441740225, 'generation': 174}","{'id': 13252, 'rank': 16, 'fitness': 0.9735729125329345, 'generation': 174}","{'id': 13292, 'rank': 17, 'fitness': 0.9733638551003274, 'generation': 174}","{'id': 13292, 'rank': 18, 'fitness': 0.9733638551003274, 'generation': 174}","{'id': 13232, 'rank': 19, 'fitness': 0.9732093667942063, 'generation': 174}","{'id': 13217, 'rank': 20, 'fitness': 0.9711512719935858, 'generation': 174}","{'id': 13302, 'rank': 21, 'fitness': 0.9707084087990361, 'generation': 174}","{'id': 12844, 'rank': 22, 'fitness': 0.9705501813813724, 'generation': 174}","{'id': 13315, 'rank': 23, 'fitness': 0.9697935243954052, 'generation': 174}","{'id': 13261, 'rank': 24, 'fitness': 0.9694427378051405, 'generation': 174}","{'id': 13304, 'rank': 25, 'fitness': 0.9691287979836141, 'generation': 174}","{'id': 13294, 'rank': 26, 'fitness': 0.9689438807855943, 'generation': 174}","{'id': 13294, 'rank': 27, 'fitness': 0.9689438807855943, 'generation': 174}","{'id': 13301, 'rank': 28, 'fitness': 0.9663746537410375, 'generation': 174}","{'id': 13284, 'rank': 29, 'fitness': 0.9641968294041157, 'generation': 174}","{'id': 13285, 'rank': 30, 'fitness': 0.01798620996209155, 'generation': 174}"
"{'id': 13412, 'rank': 1, 'fitness': 0.9820137900379085, 'generation': 175}","{'id': 13411, 'rank': 2, 'fitness': 0.9268780196441728, 'generation': 175}","{'id': 13411, 'rank': 3, 'fitness': 0.9268780196441728, 'generation': 175}","{'id': 13198, 'rank': 4, 'fitness': 0.8158186849175746, 'generation': 175}","{'id': 13275, 'rank': 5, 'fitness': 0.7999175312210645, 'generation': 175}","{'id': 13368, 'rank': 6, 'fitness': 0.7772560611295385, 'generation': 175}","{'id': 13401, 'rank': 7, 'fitness': 0.7669042319339958, 'generation': 175}","{'id': 13373, 'rank': 8, 'fitness': 0.6872153877211526, 'generation': 175}","{'id': 13366, 'rank': 9, 'fitness': 0.6785713262794706, 'generation': 175}","{'id': 13203, 'rank': 10, 'fitness': 0.6769357036104542, 'generation': 175}","{'id': 13383, 'rank': 11, 'fitness': 0.6630822445124718, 'generation': 175}","{'id': 13358, 'rank': 12, 'fitness': 0.6547820911070832, 'generation': 175}","{'id': 13358, 'rank': 13, 'fitness': 0.6547820911070832, 'generation': 175}","{'id': 13380, 'rank': 14, 'fitness': 0.5936055871428243, 'generation': 175}","{'id': 13252, 'rank': 15, 'fitness': 0.5804035152166915, 'generation': 175}","{'id': 13292, 'rank': 16, 'fitness': 0.567694515917598, 'generation': 175}","{'id': 13359, 'rank': 17, 'fitness': 0.5665300187910222, 'generation': 175}","{'id': 13232, 'rank': 18, 'fitness': 0.5583070261971775, 'generation': 175}","{'id': 13413, 'rank': 19, 'fitness': 0.5474728247225795, 'generation': 175}","{'id': 13385, 'rank': 20, 'fitness': 0.47753020360628023, 'generation': 175}","{'id': 13385, 'rank': 21, 'fitness': 0.47753020360628023, 'generation': 175}","{'id': 13217, 'rank': 22, 'fitness': 0.436694120186645, 'generation': 175}","{'id': 13388, 'rank': 23, 'fitness': 0.3782923200040065, 'generation': 175}","{'id': 13365, 'rank': 24, 'fitness': 0.34845599554426265, 'generation': 175}","{'id': 13392, 'rank': 25, 'fitness': 0.24332267678777203, 'generation': 175}","{'id': 13393, 'rank': 26, 'fitness': 0.19214754816159785, 'generation': 175}","{'id': 13372, 'rank': 27, 'fitness': 0.18557167532695062, 'generation': 175}","{'id': 13350, 'rank': 28, 'fitness': 0.1789221202534057, 'generation': 175}","{'id': 13345, 'rank': 29, 'fitness': 0.17793611614411015, 'generation': 175}","{'id': 13386, 'rank': 30, 'fitness': 0.01798620996209155, 'generation': 175}"
"{'id': 13411, 'rank': 1, 'fitness': 0.9820137900379085, 'generation': 176}","{'id': 13373, 'rank': 2, 'fitness': 0.9815958404932648, 'generation': 176}","{'id': 13383, 'rank': 3, 'fitness': 0.9815692746228498, 'generation': 176}","{'id': 13358, 'rank': 4, 'fitness': 0.9815603523536716, 'generation': 176}","{'id': 13359, 'rank': 5, 'fitness': 0.981470147510471, 'generation': 176}","{'id': 13413, 'rank': 6, 'fitness': 0.9814513842122785, 'generation': 176}","{'id': 13413, 'rank': 7, 'fitness': 0.9814513842122785, 'generation': 176}","{'id': 13388, 'rank': 8, 'fitness': 0.9812836143256847, 'generation': 176}","{'id': 13365, 'rank': 9, 'fitness': 0.9812519510330542, 'generation': 176}","{'id': 13393, 'rank': 10, 'fitness': 0.9810519077781935, 'generation': 176}","{'id': 13393, 'rank': 11, 'fitness': 0.9810519077781935, 'generation': 176}","{'id': 13372, 'rank': 12, 'fitness': 0.9810412511545661, 'generation': 176}","{'id': 13438, 'rank': 13, 'fitness': 0.9803389835240834, 'generation': 176}","{'id': 13445, 'rank': 14, 'fitness': 0.9795079621038367, 'generation': 176}","{'id': 13447, 'rank': 15, 'fitness': 0.9790664154508115, 'generation': 176}","{'id': 13430, 'rank': 16, 'fitness': 0.9327320156051475, 'generation': 176}","{'id': 13470, 'rank': 17, 'fitness': 0.8999116816556552, 'generation': 176}","{'id': 13471, 'rank': 18, 'fitness': 0.8745407966282407, 'generation': 176}","{'id': 13455, 'rank': 19, 'fitness': 0.8527198730192671, 'generation': 176}","{'id': 13424, 'rank': 20, 'fitness': 0.8033477902261993, 'generation': 176}","{'id': 13424, 'rank': 21, 'fitness': 0.8033477902261993, 'generation': 176}","{'id': 13473, 'rank': 22, 'fitness': 0.7672083197802575, 'generation': 176}","{'id': 13473, 'rank': 23, 'fitness': 0.7672083197802575, 'generation': 176}","{'id': 13472, 'rank': 24, 'fitness': 0.7609925317333974, 'generation': 176}","{'id': 13472, 'rank': 25, 'fitness': 0.7609925317333974, 'generation': 176}","{'id': 13472, 'rank': 26, 'fitness': 0.7609925317333974, 'generation': 176}","{'id': 13449, 'rank': 27, 'fitness': 0.42107920953641814, 'generation': 176}","{'id': 13420, 'rank': 28, 'fitness': 0.07330715609836497, 'generation': 176}","{'id': 13419, 'rank': 29, 'fitness': 0.047381407983435986, 'generation': 176}","{'id': 13425, 'rank': 30, 'fitness': 0.01798620996209155, 'generation': 176}"
"{'id': 13563, 'rank': 1, 'fitness': 0.9820137900379085, 'generation': 177}","{'id': 13373, 'rank': 2, 'fitness': 0.981920509762374, 'generation': 177}","{'id': 13556, 'rank': 3, 'fitness': 0.9819106565946225, 'generation': 177}","{'id': 13383, 'rank': 4, 'fitness': 0.9818723154242244, 'generation': 177}","{'id': 13498, 'rank': 5, 'fitness': 0.9818216017361396, 'generation': 177}","{'id': 13561, 'rank': 6, 'fitness': 0.9817952890985264, 'generation': 177}","{'id': 13413, 'rank': 7, 'fitness': 0.9816577491298193, 'generation': 177}","{'id': 13545, 'rank': 8, 'fitness': 0.9814292812825377, 'generation': 177}","{'id': 13554, 'rank': 9, 'fitness': 0.9814165238816182, 'generation': 177}","{'id': 13365, 'rank': 10, 'fitness': 0.9812921887374128, 'generation': 177}","{'id': 13512, 'rank': 11, 'fitness': 0.9812563627991785, 'generation': 177}","{'id': 13558, 'rank': 12, 'fitness': 0.9810591830975888, 'generation': 177}","{'id': 13537, 'rank': 13, 'fitness': 0.9810243313287095, 'generation': 177}","{'id': 13393, 'rank': 14, 'fitness': 0.9809222571684021, 'generation': 177}","{'id': 13393, 'rank': 15, 'fitness': 0.9809222571684021, 'generation': 177}","{'id': 13372, 'rank': 16, 'fitness': 0.9809024590989341, 'generation': 177}","{'id': 13536, 'rank': 17, 'fitness': 0.9806595060486203, 'generation': 177}","{'id': 13505, 'rank': 18, 'fitness': 0.9790783289033367, 'generation': 177}","{'id': 13505, 'rank': 19, 'fitness': 0.9790783289033367, 'generation': 177}","{'id': 13507, 'rank': 20, 'fitness': 0.97899903403956, 'generation': 177}","{'id': 13529, 'rank': 21, 'fitness': 0.9768900580304147, 'generation': 177}","{'id': 13527, 'rank': 22, 'fitness': 0.9765456845662328, 'generation': 177}","{'id': 13495, 'rank': 23, 'fitness': 0.48264057060612175, 'generation': 177}","{'id': 13511, 'rank': 24, 'fitness': 0.4677318868539995, 'generation': 177}","{'id': 13516, 'rank': 25, 'fitness': 0.4210708136508705, 'generation': 177}","{'id': 13424, 'rank': 26, 'fitness': 0.3217905496279243, 'generation': 177}","{'id': 13424, 'rank': 27, 'fitness': 0.3217905496279243, 'generation': 177}","{'id': 13488, 'rank': 28, 'fitness': 0.10536952066968713, 'generation': 177}","{'id': 13532, 'rank': 29, 'fitness': 0.03681810991724094, 'generation': 177}","{'id': 13541, 'rank': 30, 'fitness': 0.01798620996209155, 'generation': 177}"
"{'id': 13575, 'rank': 1, 'fitness': 0.9820137900379085, 'generation': 178}","{'id': 13586, 'rank': 2, 'fitness': 0.980235606522136, 'generation': 178}","{'id': 13586, 'rank': 3, 'fitness': 0.980235606522136, 'generation': 178}","{'id': 13579, 'rank': 4, 'fitness': 0.9778875898058657, 'generation': 178}","{'id': 13373, 'rank': 5, 'fitness': 0.976976784944526, 'generation': 178}","{'id': 13587, 'rank': 6, 'fitness': 0.9735122033491895, 'generation': 178}","{'id': 13564, 'rank': 7, 'fitness': 0.9732498399882734, 'generation': 178}","{'id': 13498, 'rank': 8, 'fitness': 0.9732196405711, 'generation': 178}","{'id': 13561, 'rank': 9, 'fitness': 0.9721273413717244, 'generation': 178}","{'id': 13413, 'rank': 10, 'fitness': 0.9657079174725482, 'generation': 178}","{'id': 13565, 'rank': 11, 'fitness': 0.9637164671811611, 'generation': 178}","{'id': 13605, 'rank': 12, 'fitness': 0.9611823341712112, 'generation': 178}","{'id': 13605, 'rank': 13, 'fitness': 0.9611823341712112, 'generation': 178}","{'id': 13572, 'rank': 14, 'fitness': 0.9583182708053053, 'generation': 178}","{'id': 13588, 'rank': 15, 'fitness': 0.9581159329243379, 'generation': 178}","{'id': 13615, 'rank': 16, 'fitness': 0.9575755480438644, 'generation': 178}","{'id': 13545, 'rank': 17, 'fitness': 0.9519423181495528, 'generation': 178}","{'id': 13365, 'rank': 18, 'fitness': 0.9414208045658161, 'generation': 178}","{'id': 13576, 'rank': 19, 'fitness': 0.916876886590714, 'generation': 178}","{'id': 13576, 'rank': 20, 'fitness': 0.916876886590714, 'generation': 178}","{'id': 13623, 'rank': 21, 'fitness': 0.9163679446120792, 'generation': 178}","{'id': 13636, 'rank': 22, 'fitness': 0.9150481524700542, 'generation': 178}","{'id': 13372, 'rank': 23, 'fitness': 0.8994119693059801, 'generation': 178}","{'id': 13594, 'rank': 24, 'fitness': 0.8993263511263061, 'generation': 178}","{'id': 13638, 'rank': 25, 'fitness': 0.8539693968594861, 'generation': 178}","{'id': 13624, 'rank': 26, 'fitness': 0.8358402234137612, 'generation': 178}","{'id': 13596, 'rank': 27, 'fitness': 0.8014467858554686, 'generation': 178}","{'id': 13527, 'rank': 28, 'fitness': 0.024929596801588128, 'generation': 178}","{'id': 13569, 'rank': 29, 'fitness': 0.02034427284386836, 'generation': 178}","{'id': 13568, 'rank': 30, 'fitness': 0.01798620996209155, 'generation': 178}"
"{'id': 13707, 'rank': 1, 'fitness': 0.9820137900379085, 'generation': 179}","{'id': 13707, 'rank': 2, 'fitness': 0.9820137900379085, 'generation': 179}","{'id': 13683, 'rank': 3, 'fitness': 0.9720194648339784, 'generation': 179}","{'id': 13575, 'rank': 4, 'fitness': 0.9665839108699037, 'generation': 179}","{'id': 13586, 'rank': 5, 'fitness': 0.9636057650438881, 'generation': 179}","{'id': 13579, 'rank': 6, 'fitness': 0.9597174779750792, 'generation': 179}","{'id': 13373, 'rank': 7, 'fitness': 0.958221801003854, 'generation': 179}","{'id': 13373, 'rank': 8, 'fitness': 0.958221801003854, 'generation': 179}","{'id': 13498, 'rank': 9, 'fitness': 0.9521201124178033, 'generation': 179}","{'id': 13561, 'rank': 10, 'fitness': 0.9503654268116257, 'generation': 179}","{'id': 13658, 'rank': 11, 'fitness': 0.9309365430181055, 'generation': 179}","{'id': 13545, 'rank': 12, 'fitness': 0.9191865235889137, 'generation': 179}","{'id': 13679, 'rank': 13, 'fitness': 0.9167380669435667, 'generation': 179}","{'id': 13576, 'rank': 14, 'fitness': 0.8690270286630992, 'generation': 179}","{'id': 13701, 'rank': 15, 'fitness': 0.8552891701727074, 'generation': 179}","{'id': 13678, 'rank': 16, 'fitness': 0.849251988612668, 'generation': 179}","{'id': 13594, 'rank': 17, 'fitness': 0.8453048757919273, 'generation': 179}","{'id': 13594, 'rank': 18, 'fitness': 0.8453048757919273, 'generation': 179}","{'id': 13654, 'rank': 19, 'fitness': 0.8265675836303907, 'generation': 179}","{'id': 13642, 'rank': 20, 'fitness': 0.7731071382911427, 'generation': 179}","{'id': 13666, 'rank': 21, 'fitness': 0.6158483346509366, 'generation': 179}","{'id': 13686, 'rank': 22, 'fitness': 0.4318115109065381, 'generation': 179}","{'id': 13699, 'rank': 23, 'fitness': 0.3482123362676586, 'generation': 179}","{'id': 13672, 'rank': 24, 'fitness': 0.3399065898971969, 'generation': 179}","{'id': 13671, 'rank': 25, 'fitness': 0.28274067821328297, 'generation': 179}","{'id': 13671, 'rank': 26, 'fitness': 0.28274067821328297, 'generation': 179}","{'id': 13704, 'rank': 27, 'fitness': 0.24800690194029867, 'generation': 179}","{'id': 13705, 'rank': 28, 'fitness': 0.18118149814947526, 'generation': 179}","{'id': 13651, 'rank': 29, 'fitness': 0.17536127328280793, 'generation': 179}","{'id': 13568, 'rank': 30, 'fitness': 0.01798620996209155, 'generation': 179}"
"{'id': 13725, 'rank': 1, 'fitness': 0.9820137900379085, 'generation': 180}","{'id': 13745, 'rank': 2, 'fitness': 0.9798324703321152, 'generation': 180}","{'id': 13745, 'rank': 3, 'fitness': 0.9798324703321152, 'generation': 180}","{'id': 13683, 'rank': 4, 'fitness': 0.977287332872363, 'generation': 180}","{'id': 13575, 'rank': 5, 'fitness': 0.9762479997461411, 'generation': 180}","{'id': 13751, 'rank': 6, 'fitness': 0.9759657784996381, 'generation': 180}","{'id': 13727, 'rank': 7, 'fitness': 0.9752554011577822, 'generation': 180}","{'id': 13579, 'rank': 8, 'fitness': 0.9750963561659582, 'generation': 180}","{'id': 13373, 'rank': 9, 'fitness': 0.9748643952593545, 'generation': 180}","{'id': 13373, 'rank': 10, 'fitness': 0.9748643952593545, 'generation': 180}","{'id': 13498, 'rank': 11, 'fitness': 0.9739747230206739, 'generation': 180}","{'id': 13724, 'rank': 12, 'fitness': 0.9738158540929627, 'generation': 180}","{'id': 13724, 'rank': 13, 'fitness': 0.9738158540929627, 'generation': 180}","{'id': 13726, 'rank': 14, 'fitness': 0.9734279574579288, 'generation': 180}","{'id': 13718, 'rank': 15, 'fitness': 0.9705519594754469, 'generation': 180}","{'id': 13766, 'rank': 16, 'fitness': 0.9673361822253607, 'generation': 180}","{'id': 13766, 'rank': 17, 'fitness': 0.9673361822253607, 'generation': 180}","{'id': 13594, 'rank': 18, 'fitness': 0.964401675371359, 'generation': 180}","{'id': 13654, 'rank': 19, 'fitness': 0.9632085526057915, 'generation': 180}","{'id': 13716, 'rank': 20, 'fitness': 0.9624281907870098, 'generation': 180}","{'id': 13739, 'rank': 21, 'fitness': 0.9601268046945077, 'generation': 180}","{'id': 13752, 'rank': 22, 'fitness': 0.9578118122803011, 'generation': 180}","{'id': 13722, 'rank': 23, 'fitness': 0.9497269209887316, 'generation': 180}","{'id': 13672, 'rank': 24, 'fitness': 0.9375212021509084, 'generation': 180}","{'id': 13747, 'rank': 25, 'fitness': 0.9326166529033576, 'generation': 180}","{'id': 13771, 'rank': 26, 'fitness': 0.850387304797364, 'generation': 180}","{'id': 13770, 'rank': 27, 'fitness': 0.6119846470077367, 'generation': 180}","{'id': 13708, 'rank': 28, 'fitness': 0.24634352416637378, 'generation': 180}","{'id': 13760, 'rank': 29, 'fitness': 0.01798620996209155, 'generation': 180}","{'id': 13760, 'rank': 30, 'fitness': 0.01798620996209155, 'generation': 180}"
"{'id': 13834, 'rank': 1, 'fitness': 0.9820137900379085, 'generation': 181}","{'id': 13838, 'rank': 2, 'fitness': 0.9817997970512174, 'generation': 181}","{'id': 13745, 'rank': 3, 'fitness': 0.9801077421495019, 'generation': 181}","{'id': 13855, 'rank': 4, 'fitness': 0.9693543081294697, 'generation': 181}","{'id': 13846, 'rank': 5, 'fitness': 0.9488314155503954, 'generation': 181}","{'id': 13857, 'rank': 6, 'fitness': 0.9471609559405693, 'generation': 181}","{'id': 13837, 'rank': 7, 'fitness': 0.9405509987697303, 'generation': 181}","{'id': 13800, 'rank': 8, 'fitness': 0.9343914505212565, 'generation': 181}","{'id': 13579, 'rank': 9, 'fitness': 0.9303340055619983, 'generation': 181}","{'id': 13724, 'rank': 10, 'fitness': 0.9072520657811394, 'generation': 181}","{'id': 13807, 'rank': 11, 'fitness': 0.9039858785839847, 'generation': 181}","{'id': 13807, 'rank': 12, 'fitness': 0.9039858785839847, 'generation': 181}","{'id': 13807, 'rank': 13, 'fitness': 0.9039858785839847, 'generation': 181}","{'id': 13726, 'rank': 14, 'fitness': 0.8992715069556748, 'generation': 181}","{'id': 13806, 'rank': 15, 'fitness': 0.8278768036033775, 'generation': 181}","{'id': 13828, 'rank': 16, 'fitness': 0.7697276929427623, 'generation': 181}","{'id': 13828, 'rank': 17, 'fitness': 0.7697276929427623, 'generation': 181}","{'id': 13828, 'rank': 18, 'fitness': 0.7697276929427623, 'generation': 181}","{'id': 13766, 'rank': 19, 'fitness': 0.7114440370805072, 'generation': 181}","{'id': 13766, 'rank': 20, 'fitness': 0.7114440370805072, 'generation': 181}","{'id': 13826, 'rank': 21, 'fitness': 0.7038333411816728, 'generation': 181}","{'id': 13813, 'rank': 22, 'fitness': 0.597926577357526, 'generation': 181}","{'id': 13594, 'rank': 23, 'fitness': 0.5898976631181005, 'generation': 181}","{'id': 13840, 'rank': 24, 'fitness': 0.5736765103048598, 'generation': 181}","{'id': 13823, 'rank': 25, 'fitness': 0.3813583888311789, 'generation': 181}","{'id': 13809, 'rank': 26, 'fitness': 0.3729134590054959, 'generation': 181}","{'id': 13839, 'rank': 27, 'fitness': 0.3312009695269852, 'generation': 181}","{'id': 13863, 'rank': 28, 'fitness': 0.3181195893999711, 'generation': 181}","{'id': 13794, 'rank': 29, 'fitness': 0.10209558234773836, 'generation': 181}","{'id': 13796, 'rank': 30, 'fitness': 0.01798620996209155, 'generation': 181}"
"{'id': 13933, 'rank': 1, 'fitness': 0.9820137900379085, 'generation': 182}","{'id': 13916, 'rank': 2, 'fitness': 0.9820010688232498, 'generation': 182}","{'id': 13934, 'rank': 3, 'fitness': 0.9818146434975679, 'generation': 182}","{'id': 13934, 'rank': 4, 'fitness': 0.9818146434975679, 'generation': 182}","{'id': 13881, 'rank': 5, 'fitness': 0.9817443946872338, 'generation': 182}","{'id': 13745, 'rank': 6, 'fitness': 0.9816293340317876, 'generation': 182}","{'id': 13915, 'rank': 7, 'fitness': 0.9813470197406913, 'generation': 182}","{'id': 13915, 'rank': 8, 'fitness': 0.9813470197406913, 'generation': 182}","{'id': 13917, 'rank': 9, 'fitness': 0.9807911777666469, 'generation': 182}","{'id': 13917, 'rank': 10, 'fitness': 0.9807911777666469, 'generation': 182}","{'id': 13883, 'rank': 11, 'fitness': 0.9805395950905185, 'generation': 182}","{'id': 13800, 'rank': 12, 'fitness': 0.9803932414159895, 'generation': 182}","{'id': 13579, 'rank': 13, 'fitness': 0.9803269682151614, 'generation': 182}","{'id': 13895, 'rank': 14, 'fitness': 0.9799785054537855, 'generation': 182}","{'id': 13807, 'rank': 15, 'fitness': 0.9799632039361146, 'generation': 182}","{'id': 13918, 'rank': 16, 'fitness': 0.9798735651841237, 'generation': 182}","{'id': 13894, 'rank': 17, 'fitness': 0.979414351228522, 'generation': 182}","{'id': 13828, 'rank': 18, 'fitness': 0.978846331278181, 'generation': 182}","{'id': 13828, 'rank': 19, 'fitness': 0.978846331278181, 'generation': 182}","{'id': 13896, 'rank': 20, 'fitness': 0.9781651653988241, 'generation': 182}","{'id': 13813, 'rank': 21, 'fitness': 0.9779305374512838, 'generation': 182}","{'id': 13594, 'rank': 22, 'fitness': 0.9778920777912858, 'generation': 182}","{'id': 13840, 'rank': 23, 'fitness': 0.977814853638628, 'generation': 182}","{'id': 13839, 'rank': 24, 'fitness': 0.9766249857298558, 'generation': 182}","{'id': 13796, 'rank': 25, 'fitness': 0.9722422751784279, 'generation': 182}","{'id': 13914, 'rank': 26, 'fitness': 0.8017199758715523, 'generation': 182}","{'id': 13931, 'rank': 27, 'fitness': 0.21290147878728544, 'generation': 182}","{'id': 13901, 'rank': 28, 'fitness': 0.10276479586101173, 'generation': 182}","{'id': 13904, 'rank': 29, 'fitness': 0.03775086840979086, 'generation': 182}","{'id': 13906, 'rank': 30, 'fitness': 0.01798620996209155, 'generation': 182}"
"{'id': 13939, 'rank': 1, 'fitness': 0.9820137900379085, 'generation': 183}","{'id': 13939, 'rank': 2, 'fitness': 0.9820137900379085, 'generation': 183}","{'id': 13944, 'rank': 3, 'fitness': 0.9696671917691413, 'generation': 183}","{'id': 14014, 'rank': 4, 'fitness': 0.9447131401206262, 'generation': 183}","{'id': 13881, 'rank': 5, 'fitness': 0.9297242774891148, 'generation': 183}","{'id': 13745, 'rank': 6, 'fitness': 0.9188949856676834, 'generation': 183}","{'id': 14007, 'rank': 7, 'fitness': 0.9173648337711695, 'generation': 183}","{'id': 13991, 'rank': 8, 'fitness': 0.9048298356880091, 'generation': 183}","{'id': 13991, 'rank': 9, 'fitness': 0.9048298356880091, 'generation': 183}","{'id': 13973, 'rank': 10, 'fitness': 0.892974422692665, 'generation': 183}","{'id': 13971, 'rank': 11, 'fitness': 0.8735125167771391, 'generation': 183}","{'id': 13971, 'rank': 12, 'fitness': 0.8735125167771391, 'generation': 183}","{'id': 13971, 'rank': 13, 'fitness': 0.8735125167771391, 'generation': 183}","{'id': 13977, 'rank': 14, 'fitness': 0.8564933230710119, 'generation': 183}","{'id': 13940, 'rank': 15, 'fitness': 0.8343990612636702, 'generation': 183}","{'id': 13989, 'rank': 16, 'fitness': 0.8130569215714639, 'generation': 183}","{'id': 13917, 'rank': 17, 'fitness': 0.7901811211504364, 'generation': 183}","{'id': 14019, 'rank': 18, 'fitness': 0.7590515426616864, 'generation': 183}","{'id': 13800, 'rank': 19, 'fitness': 0.6941287949902922, 'generation': 183}","{'id': 13997, 'rank': 20, 'fitness': 0.519300904802652, 'generation': 183}","{'id': 13997, 'rank': 21, 'fitness': 0.519300904802652, 'generation': 183}","{'id': 14002, 'rank': 22, 'fitness': 0.4832334997100731, 'generation': 183}","{'id': 14005, 'rank': 23, 'fitness': 0.42228924539960366, 'generation': 183}","{'id': 13999, 'rank': 24, 'fitness': 0.34710542550787543, 'generation': 183}","{'id': 13998, 'rank': 25, 'fitness': 0.20754174261025748, 'generation': 183}","{'id': 13966, 'rank': 26, 'fitness': 0.1263772802967087, 'generation': 183}","{'id': 13813, 'rank': 27, 'fitness': 0.10836384085751938, 'generation': 183}","{'id': 13594, 'rank': 28, 'fitness': 0.10426648529741295, 'generation': 183}","{'id': 13983, 'rank': 29, 'fitness': 0.09746224589810831, 'generation': 183}","{'id': 14013, 'rank': 30, 'fitness': 0.01798620996209155, 'generation': 183}"
"{'id': 13939, 'rank': 1, 'fitness': 0.9820137900379085, 'generation': 184}","{'id': 13939, 'rank': 2, 'fitness': 0.9820137900379085, 'generation': 184}","{'id': 13944, 'rank': 3, 'fitness': 0.981165577794719, 'generation': 184}","{'id': 13881, 'rank': 4, 'fitness': 0.979681164538845, 'generation': 184}","{'id': 13745, 'rank': 5, 'fitness': 0.9794087329452879, 'generation': 184}","{'id': 14007, 'rank': 6, 'fitness': 0.979372696186926, 'generation': 184}","{'id': 14007, 'rank': 7, 'fitness': 0.979372696186926, 'generation': 184}","{'id': 14007, 'rank': 8, 'fitness': 0.979372696186926, 'generation': 184}","{'id': 13991, 'rank': 9, 'fitness': 0.9790962979028783, 'generation': 184}","{'id': 13991, 'rank': 10, 'fitness': 0.9790962979028783, 'generation': 184}","{'id': 13973, 'rank': 11, 'fitness': 0.9788606006350199, 'generation': 184}","{'id': 13973, 'rank': 12, 'fitness': 0.9788606006350199, 'generation': 184}","{'id': 13971, 'rank': 13, 'fitness': 0.9785146665430204, 'generation': 184}","{'id': 13977, 'rank': 14, 'fitness': 0.9782439725514944, 'generation': 184}","{'id': 13977, 'rank': 15, 'fitness': 0.9782439725514944, 'generation': 184}","{'id': 13940, 'rank': 16, 'fitness': 0.977925648960496, 'generation': 184}","{'id': 13989, 'rank': 17, 'fitness': 0.9776453655886719, 'generation': 184}","{'id': 14019, 'rank': 18, 'fitness': 0.9770187795987796, 'generation': 184}","{'id': 13997, 'rank': 19, 'fitness': 0.9748141806737982, 'generation': 184}","{'id': 14005, 'rank': 20, 'fitness': 0.9739592571414724, 'generation': 184}","{'id': 14005, 'rank': 21, 'fitness': 0.9739592571414724, 'generation': 184}","{'id': 14064, 'rank': 22, 'fitness': 0.9710226270277819, 'generation': 184}","{'id': 14067, 'rank': 23, 'fitness': 0.963249717500484, 'generation': 184}","{'id': 14034, 'rank': 24, 'fitness': 0.9333270615189027, 'generation': 184}","{'id': 14034, 'rank': 25, 'fitness': 0.9333270615189027, 'generation': 184}","{'id': 14075, 'rank': 26, 'fitness': 0.9258363368607119, 'generation': 184}","{'id': 14048, 'rank': 27, 'fitness': 0.891208363710142, 'generation': 184}","{'id': 14048, 'rank': 28, 'fitness': 0.891208363710142, 'generation': 184}","{'id': 14069, 'rank': 29, 'fitness': 0.871678378186333, 'generation': 184}","{'id': 14087, 'rank': 30, 'fitness': 0.01798620996209155, 'generation': 184}"
"{'id': 14095, 'rank': 1, 'fitness': 0.9820137900379085, 'generation': 185}","{'id': 14099, 'rank': 2, 'fitness': 0.9690129446414737, 'generation': 185}","{'id': 13939, 'rank': 3, 'fitness': 0.9643555396641426, 'generation': 185}","{'id': 13939, 'rank': 4, 'fitness': 0.9643555396641426, 'generation': 185}","{'id': 14132, 'rank': 5, 'fitness': 0.9522237360905266, 'generation': 185}","{'id': 14115, 'rank': 6, 'fitness': 0.9166480514345976, 'generation': 185}","{'id': 14133, 'rank': 7, 'fitness': 0.9066646621169625, 'generation': 185}","{'id': 14133, 'rank': 8, 'fitness': 0.9066646621169625, 'generation': 185}","{'id': 14133, 'rank': 9, 'fitness': 0.9066646621169625, 'generation': 185}","{'id': 13881, 'rank': 10, 'fitness': 0.8975761727609749, 'generation': 185}","{'id': 14100, 'rank': 11, 'fitness': 0.8872804774715073, 'generation': 185}","{'id': 13745, 'rank': 12, 'fitness': 0.88567333966792, 'generation': 185}","{'id': 14007, 'rank': 13, 'fitness': 0.8840238548581851, 'generation': 185}","{'id': 13991, 'rank': 14, 'fitness': 0.8707768705243157, 'generation': 185}","{'id': 14158, 'rank': 15, 'fitness': 0.8602338612055132, 'generation': 185}","{'id': 13973, 'rank': 16, 'fitness': 0.8586344410056529, 'generation': 185}","{'id': 13973, 'rank': 17, 'fitness': 0.8586344410056529, 'generation': 185}","{'id': 14128, 'rank': 18, 'fitness': 0.8303836488346017, 'generation': 185}","{'id': 13977, 'rank': 19, 'fitness': 0.823110857020418, 'generation': 185}","{'id': 13977, 'rank': 20, 'fitness': 0.823110857020418, 'generation': 185}","{'id': 14118, 'rank': 21, 'fitness': 0.8173169848348374, 'generation': 185}","{'id': 13989, 'rank': 22, 'fitness': 0.7834521817836186, 'generation': 185}","{'id': 14167, 'rank': 23, 'fitness': 0.7827230266446733, 'generation': 185}","{'id': 14098, 'rank': 24, 'fitness': 0.7290890371671642, 'generation': 185}","{'id': 14150, 'rank': 25, 'fitness': 0.7120524868251487, 'generation': 185}","{'id': 14159, 'rank': 26, 'fitness': 0.49776126009947985, 'generation': 185}","{'id': 14097, 'rank': 27, 'fitness': 0.4437510153283458, 'generation': 185}","{'id': 14154, 'rank': 28, 'fitness': 0.4414218685629395, 'generation': 185}","{'id': 14096, 'rank': 29, 'fitness': 0.3456312936605138, 'generation': 185}","{'id': 14175, 'rank': 30, 'fitness': 0.01798620996209155, 'generation': 185}"
"{'id': 14095, 'rank': 1, 'fitness': 0.9820137900379085, 'generation': 186}","{'id': 14236, 'rank': 2, 'fitness': 0.9818091672127445, 'generation': 186}","{'id': 14238, 'rank': 3, 'fitness': 0.9813713955844116, 'generation': 186}","{'id': 14230, 'rank': 4, 'fitness': 0.9807320967721868, 'generation': 186}","{'id': 14133, 'rank': 5, 'fitness': 0.9789401600761929, 'generation': 186}","{'id': 14100, 'rank': 6, 'fitness': 0.9785322491056482, 'generation': 186}","{'id': 14100, 'rank': 7, 'fitness': 0.9785322491056482, 'generation': 186}","{'id': 13745, 'rank': 8, 'fitness': 0.9785009609505353, 'generation': 186}","{'id': 14228, 'rank': 9, 'fitness': 0.9784203365168913, 'generation': 186}","{'id': 14228, 'rank': 10, 'fitness': 0.9784203365168913, 'generation': 186}","{'id': 14128, 'rank': 11, 'fitness': 0.9775825226883874, 'generation': 186}","{'id': 14098, 'rank': 12, 'fitness': 0.9763273639983754, 'generation': 186}","{'id': 14226, 'rank': 13, 'fitness': 0.9757816878328727, 'generation': 186}","{'id': 14226, 'rank': 14, 'fitness': 0.9757816878328727, 'generation': 186}","{'id': 14226, 'rank': 15, 'fitness': 0.9757816878328727, 'generation': 186}","{'id': 14159, 'rank': 16, 'fitness': 0.9740774665302303, 'generation': 186}","{'id': 14097, 'rank': 17, 'fitness': 0.9735618874096109, 'generation': 186}","{'id': 14175, 'rank': 18, 'fitness': 0.9628318155264644, 'generation': 186}","{'id': 14204, 'rank': 19, 'fitness': 0.9412763090877301, 'generation': 186}","{'id': 14186, 'rank': 20, 'fitness': 0.9098601335638034, 'generation': 186}","{'id': 14202, 'rank': 21, 'fitness': 0.8970703387626391, 'generation': 186}","{'id': 14193, 'rank': 22, 'fitness': 0.8801132217137884, 'generation': 186}","{'id': 14193, 'rank': 23, 'fitness': 0.8801132217137884, 'generation': 186}","{'id': 14219, 'rank': 24, 'fitness': 0.864101954833828, 'generation': 186}","{'id': 14220, 'rank': 25, 'fitness': 0.7749502189607923, 'generation': 186}","{'id': 14234, 'rank': 26, 'fitness': 0.7248681185536632, 'generation': 186}","{'id': 14216, 'rank': 27, 'fitness': 0.6958811293620715, 'generation': 186}","{'id': 14225, 'rank': 28, 'fitness': 0.28601394250157125, 'generation': 186}","{'id': 14225, 'rank': 29, 'fitness': 0.28601394250157125, 'generation': 186}","{'id': 14200, 'rank': 30, 'fitness': 0.01798620996209155, 'generation': 186}"
"{'id': 14095, 'rank': 1, 'fitness': 0.9820137900379085, 'generation': 187}","{'id': 14278, 'rank': 2, 'fitness': 0.981690069299413, 'generation': 187}","{'id': 14279, 'rank': 3, 'fitness': 0.9807684221493087, 'generation': 187}","{'id': 14264, 'rank': 4, 'fitness': 0.980642888496873, 'generation': 187}","{'id': 14284, 'rank': 5, 'fitness': 0.9799075925515304, 'generation': 187}","{'id': 14284, 'rank': 6, 'fitness': 0.9799075925515304, 'generation': 187}","{'id': 14284, 'rank': 7, 'fitness': 0.9799075925515304, 'generation': 187}","{'id': 14284, 'rank': 8, 'fitness': 0.9799075925515304, 'generation': 187}","{'id': 14133, 'rank': 9, 'fitness': 0.9767540202224052, 'generation': 187}","{'id': 14100, 'rank': 10, 'fitness': 0.9760184800060245, 'generation': 187}","{'id': 14228, 'rank': 11, 'fitness': 0.9758151888447332, 'generation': 187}","{'id': 14273, 'rank': 12, 'fitness': 0.9757571068282873, 'generation': 187}","{'id': 14329, 'rank': 13, 'fitness': 0.9754721929392243, 'generation': 187}","{'id': 14276, 'rank': 14, 'fitness': 0.975092642185553, 'generation': 187}","{'id': 14304, 'rank': 15, 'fitness': 0.9742373681581331, 'generation': 187}","{'id': 14275, 'rank': 16, 'fitness': 0.9737704017199762, 'generation': 187}","{'id': 14275, 'rank': 17, 'fitness': 0.9737704017199762, 'generation': 187}","{'id': 14317, 'rank': 18, 'fitness': 0.9735705790835687, 'generation': 187}","{'id': 14307, 'rank': 19, 'fitness': 0.9735211109168643, 'generation': 187}","{'id': 14312, 'rank': 20, 'fitness': 0.9655119770748495, 'generation': 187}","{'id': 14312, 'rank': 21, 'fitness': 0.9655119770748495, 'generation': 187}","{'id': 14331, 'rank': 22, 'fitness': 0.9627689513144868, 'generation': 187}","{'id': 14302, 'rank': 23, 'fitness': 0.9612030543959336, 'generation': 187}","{'id': 14308, 'rank': 24, 'fitness': 0.9597727545853458, 'generation': 187}","{'id': 14316, 'rank': 25, 'fitness': 0.9572998253271827, 'generation': 187}","{'id': 14303, 'rank': 26, 'fitness': 0.9564334425992769, 'generation': 187}","{'id': 14175, 'rank': 27, 'fitness': 0.9419368434669672, 'generation': 187}","{'id': 14287, 'rank': 28, 'fitness': 0.9246958192788853, 'generation': 187}","{'id': 14234, 'rank': 29, 'fitness': 0.2820994641358502, 'generation': 187}","{'id': 14225, 'rank': 30, 'fitness': 0.01798620996209155, 'generation': 187}"
"{'id': 14383, 'rank': 1, 'fitness': 0.9820137900379085, 'generation': 188}","{'id': 14383, 'rank': 2, 'fitness': 0.9820137900379085, 'generation': 188}","{'id': 14371, 'rank': 3, 'fitness': 0.9817949810014273, 'generation': 188}","{'id': 14372, 'rank': 4, 'fitness': 0.9816735776935246, 'generation': 188}","{'id': 14407, 'rank': 5, 'fitness': 0.975931445529348, 'generation': 188}","{'id': 14382, 'rank': 6, 'fitness': 0.9691135316647264, 'generation': 188}","{'id': 14382, 'rank': 7, 'fitness': 0.9691135316647264, 'generation': 188}","{'id': 14354, 'rank': 8, 'fitness': 0.9549178863338322, 'generation': 188}","{'id': 14133, 'rank': 9, 'fitness': 0.8627988251505244, 'generation': 188}","{'id': 14228, 'rank': 10, 'fitness': 0.7908906043605637, 'generation': 188}","{'id': 14393, 'rank': 11, 'fitness': 0.7295758913154988, 'generation': 188}","{'id': 14393, 'rank': 12, 'fitness': 0.7295758913154988, 'generation': 188}","{'id': 14335, 'rank': 13, 'fitness': 0.6926762021198835, 'generation': 188}","{'id': 14406, 'rank': 14, 'fitness': 0.6924605457197388, 'generation': 188}","{'id': 14304, 'rank': 15, 'fitness': 0.6266023426490667, 'generation': 188}","{'id': 14275, 'rank': 16, 'fitness': 0.5711265584480972, 'generation': 188}","{'id': 14317, 'rank': 17, 'fitness': 0.5470424411203694, 'generation': 188}","{'id': 14374, 'rank': 18, 'fitness': 0.4509474890962314, 'generation': 188}","{'id': 14374, 'rank': 19, 'fitness': 0.4509474890962314, 'generation': 188}","{'id': 14404, 'rank': 20, 'fitness': 0.42508541436156466, 'generation': 188}","{'id': 14337, 'rank': 21, 'fitness': 0.39444586709999885, 'generation': 188}","{'id': 14365, 'rank': 22, 'fitness': 0.30629768779590083, 'generation': 188}","{'id': 14332, 'rank': 23, 'fitness': 0.3031866285802045, 'generation': 188}","{'id': 14356, 'rank': 24, 'fitness': 0.2855417817596345, 'generation': 188}","{'id': 14355, 'rank': 25, 'fitness': 0.2597656897614471, 'generation': 188}","{'id': 14375, 'rank': 26, 'fitness': 0.1773643250308568, 'generation': 188}","{'id': 14312, 'rank': 27, 'fitness': 0.037254315023286355, 'generation': 188}","{'id': 14312, 'rank': 28, 'fitness': 0.037254315023286355, 'generation': 188}","{'id': 14312, 'rank': 29, 'fitness': 0.037254315023286355, 'generation': 188}","{'id': 14339, 'rank': 30, 'fitness': 0.01798620996209155, 'generation': 188}"
"{'id': 14422, 'rank': 1, 'fitness': 0.9820137900379085, 'generation': 189}","{'id': 14372, 'rank': 2, 'fitness': 0.98200825275517, 'generation': 189}","{'id': 14382, 'rank': 3, 'fitness': 0.9819413266109381, 'generation': 189}","{'id': 14382, 'rank': 4, 'fitness': 0.9819413266109381, 'generation': 189}","{'id': 14382, 'rank': 5, 'fitness': 0.9819413266109381, 'generation': 189}","{'id': 14382, 'rank': 6, 'fitness': 0.9819413266109381, 'generation': 189}","{'id': 14382, 'rank': 7, 'fitness': 0.9819413266109381, 'generation': 189}","{'id': 14439, 'rank': 8, 'fitness': 0.9819401050088211, 'generation': 189}","{'id': 14354, 'rank': 9, 'fitness': 0.9818920042644204, 'generation': 189}","{'id': 14421, 'rank': 10, 'fitness': 0.9818575582067741, 'generation': 189}","{'id': 14456, 'rank': 11, 'fitness': 0.9817862095377772, 'generation': 189}","{'id': 14462, 'rank': 12, 'fitness': 0.9816891255934903, 'generation': 189}","{'id': 14423, 'rank': 13, 'fitness': 0.9816865981613688, 'generation': 189}","{'id': 14406, 'rank': 14, 'fitness': 0.9816080988742123, 'generation': 189}","{'id': 14440, 'rank': 15, 'fitness': 0.9815883957760638, 'generation': 189}","{'id': 14317, 'rank': 16, 'fitness': 0.9815284277748633, 'generation': 189}","{'id': 14374, 'rank': 17, 'fitness': 0.9814789438791276, 'generation': 189}","{'id': 14337, 'rank': 18, 'fitness': 0.9814491298467668, 'generation': 189}","{'id': 14337, 'rank': 19, 'fitness': 0.9814491298467668, 'generation': 189}","{'id': 14455, 'rank': 20, 'fitness': 0.981442984232131, 'generation': 189}","{'id': 14355, 'rank': 21, 'fitness': 0.9813693512948294, 'generation': 189}","{'id': 14444, 'rank': 22, 'fitness': 0.981344055921318, 'generation': 189}","{'id': 14312, 'rank': 23, 'fitness': 0.9810822197157767, 'generation': 189}","{'id': 14312, 'rank': 24, 'fitness': 0.9810822197157767, 'generation': 189}","{'id': 14312, 'rank': 25, 'fitness': 0.9810822197157767, 'generation': 189}","{'id': 14452, 'rank': 26, 'fitness': 0.9065387287010089, 'generation': 189}","{'id': 14442, 'rank': 27, 'fitness': 0.9049027861682607, 'generation': 189}","{'id': 14454, 'rank': 28, 'fitness': 0.8900516012324388, 'generation': 189}","{'id': 14466, 'rank': 29, 'fitness': 0.0693109512403337, 'generation': 189}","{'id': 14413, 'rank': 30, 'fitness': 0.01798620996209155, 'generation': 189}"
"{'id': 14545, 'rank': 1, 'fitness': 0.9820137900379085, 'generation': 190}","{'id': 14470, 'rank': 2, 'fitness': 0.9668595885681295, 'generation': 190}","{'id': 14549, 'rank': 3, 'fitness': 0.9589846861765775, 'generation': 190}","{'id': 14510, 'rank': 4, 'fitness': 0.9417141900709454, 'generation': 190}","{'id': 14547, 'rank': 5, 'fitness': 0.9133659997657722, 'generation': 190}","{'id': 14382, 'rank': 6, 'fitness': 0.8819499822205794, 'generation': 190}","{'id': 14382, 'rank': 7, 'fitness': 0.8819499822205794, 'generation': 190}","{'id': 14382, 'rank': 8, 'fitness': 0.8819499822205794, 'generation': 190}","{'id': 14382, 'rank': 9, 'fitness': 0.8819499822205794, 'generation': 190}","{'id': 14493, 'rank': 10, 'fitness': 0.8479097311864237, 'generation': 190}","{'id': 14550, 'rank': 11, 'fitness': 0.8440231257653835, 'generation': 190}","{'id': 14500, 'rank': 12, 'fitness': 0.835427460822029, 'generation': 190}","{'id': 14491, 'rank': 13, 'fitness': 0.7843509638064392, 'generation': 190}","{'id': 14548, 'rank': 14, 'fitness': 0.7839788194883202, 'generation': 190}","{'id': 14548, 'rank': 15, 'fitness': 0.7839788194883202, 'generation': 190}","{'id': 14512, 'rank': 16, 'fitness': 0.7806830765803465, 'generation': 190}","{'id': 14525, 'rank': 17, 'fitness': 0.7757692410410266, 'generation': 190}","{'id': 14525, 'rank': 18, 'fitness': 0.7757692410410266, 'generation': 190}","{'id': 14525, 'rank': 19, 'fitness': 0.7757692410410266, 'generation': 190}","{'id': 14551, 'rank': 20, 'fitness': 0.7027845200970377, 'generation': 190}","{'id': 14531, 'rank': 21, 'fitness': 0.666114884652865, 'generation': 190}","{'id': 14497, 'rank': 22, 'fitness': 0.6270957846340042, 'generation': 190}","{'id': 14495, 'rank': 23, 'fitness': 0.5878880983120465, 'generation': 190}","{'id': 14544, 'rank': 24, 'fitness': 0.576664157170707, 'generation': 190}","{'id': 14544, 'rank': 25, 'fitness': 0.576664157170707, 'generation': 190}","{'id': 14374, 'rank': 26, 'fitness': 0.3130831261540772, 'generation': 190}","{'id': 14488, 'rank': 27, 'fitness': 0.30184143294454135, 'generation': 190}","{'id': 14507, 'rank': 28, 'fitness': 0.27859661255356727, 'generation': 190}","{'id': 14558, 'rank': 29, 'fitness': 0.14132261710561878, 'generation': 190}","{'id': 14521, 'rank': 30, 'fitness': 0.01798620996209155, 'generation': 190}"
"{'id': 14587, 'rank': 1, 'fitness': 0.9820137900379085, 'generation': 191}","{'id': 14579, 'rank': 2, 'fitness': 0.9819456631883142, 'generation': 191}","{'id': 14470, 'rank': 3, 'fitness': 0.9819388921470873, 'generation': 191}","{'id': 14549, 'rank': 4, 'fitness': 0.9818299110447113, 'generation': 191}","{'id': 14382, 'rank': 5, 'fitness': 0.9812579270563753, 'generation': 191}","{'id': 14382, 'rank': 6, 'fitness': 0.9812579270563753, 'generation': 191}","{'id': 14382, 'rank': 7, 'fitness': 0.9812579270563753, 'generation': 191}","{'id': 14550, 'rank': 8, 'fitness': 0.9810930381317471, 'generation': 191}","{'id': 14500, 'rank': 9, 'fitness': 0.981060214482429, 'generation': 191}","{'id': 14491, 'rank': 10, 'fitness': 0.9808880000666285, 'generation': 191}","{'id': 14525, 'rank': 11, 'fitness': 0.980862027117545, 'generation': 191}","{'id': 14525, 'rank': 12, 'fitness': 0.980862027117545, 'generation': 191}","{'id': 14525, 'rank': 13, 'fitness': 0.980862027117545, 'generation': 191}","{'id': 14578, 'rank': 14, 'fitness': 0.9808549130464195, 'generation': 191}","{'id': 14495, 'rank': 15, 'fitness': 0.9803962734168942, 'generation': 191}","{'id': 14495, 'rank': 16, 'fitness': 0.9803962734168942, 'generation': 191}","{'id': 14374, 'rank': 17, 'fitness': 0.9797800429214596, 'generation': 191}","{'id': 14581, 'rank': 18, 'fitness': 0.9797499067287619, 'generation': 191}","{'id': 14558, 'rank': 19, 'fitness': 0.979213908864216, 'generation': 191}","{'id': 14521, 'rank': 20, 'fitness': 0.9779403132229387, 'generation': 191}","{'id': 14574, 'rank': 21, 'fitness': 0.9775843439696026, 'generation': 191}","{'id': 14574, 'rank': 22, 'fitness': 0.9775843439696026, 'generation': 191}","{'id': 14612, 'rank': 23, 'fitness': 0.9523017617993479, 'generation': 191}","{'id': 14563, 'rank': 24, 'fitness': 0.9493099173153972, 'generation': 191}","{'id': 14563, 'rank': 25, 'fitness': 0.9493099173153972, 'generation': 191}","{'id': 14589, 'rank': 26, 'fitness': 0.9051018436959278, 'generation': 191}","{'id': 14566, 'rank': 27, 'fitness': 0.8870935391147294, 'generation': 191}","{'id': 14590, 'rank': 28, 'fitness': 0.8698294826105292, 'generation': 191}","{'id': 14593, 'rank': 29, 'fitness': 0.7109445087629959, 'generation': 191}","{'id': 14594, 'rank': 30, 'fitness': 0.01798620996209155, 'generation': 191}"
"{'id': 14587, 'rank': 1, 'fitness': 0.9820137900379085, 'generation': 192}","{'id': 14579, 'rank': 2, 'fitness': 0.9818374632617872, 'generation': 192}","{'id': 14626, 'rank': 3, 'fitness': 0.9816432195107444, 'generation': 192}","{'id': 14642, 'rank': 4, 'fitness': 0.9811479523584588, 'generation': 192}","{'id': 14627, 'rank': 5, 'fitness': 0.9802835732792414, 'generation': 192}","{'id': 14686, 'rank': 6, 'fitness': 0.9802149159277334, 'generation': 192}","{'id': 14640, 'rank': 7, 'fitness': 0.980061913244235, 'generation': 192}","{'id': 14382, 'rank': 8, 'fitness': 0.9799992121469085, 'generation': 192}","{'id': 14641, 'rank': 9, 'fitness': 0.9798942224664504, 'generation': 192}","{'id': 14550, 'rank': 10, 'fitness': 0.9795426170063135, 'generation': 192}","{'id': 14500, 'rank': 11, 'fitness': 0.9794509877255972, 'generation': 192}","{'id': 14631, 'rank': 12, 'fitness': 0.9792041840632237, 'generation': 192}","{'id': 14631, 'rank': 13, 'fitness': 0.9792041840632237, 'generation': 192}","{'id': 14525, 'rank': 14, 'fitness': 0.9788925205932698, 'generation': 192}","{'id': 14665, 'rank': 15, 'fitness': 0.9788506958001457, 'generation': 192}","{'id': 14687, 'rank': 16, 'fitness': 0.978597498080426, 'generation': 192}","{'id': 14617, 'rank': 17, 'fitness': 0.978270294090503, 'generation': 192}","{'id': 14617, 'rank': 18, 'fitness': 0.978270294090503, 'generation': 192}","{'id': 14621, 'rank': 19, 'fitness': 0.978252357381533, 'generation': 192}","{'id': 14620, 'rank': 20, 'fitness': 0.9781502877739795, 'generation': 192}","{'id': 14632, 'rank': 21, 'fitness': 0.9781241865790342, 'generation': 192}","{'id': 14688, 'rank': 22, 'fitness': 0.9779045303506552, 'generation': 192}","{'id': 14656, 'rank': 23, 'fitness': 0.9777738381782273, 'generation': 192}","{'id': 14680, 'rank': 24, 'fitness': 0.9769443794227, 'generation': 192}","{'id': 14622, 'rank': 25, 'fitness': 0.9758629344477432, 'generation': 192}","{'id': 14682, 'rank': 26, 'fitness': 0.9746241511128779, 'generation': 192}","{'id': 14681, 'rank': 27, 'fitness': 0.9742820371927887, 'generation': 192}","{'id': 14649, 'rank': 28, 'fitness': 0.9737487111764503, 'generation': 192}","{'id': 14619, 'rank': 29, 'fitness': 0.973208204999314, 'generation': 192}","{'id': 14593, 'rank': 30, 'fitness': 0.01798620996209155, 'generation': 192}"
"{'id': 14702, 'rank': 1, 'fitness': 0.9820137900379085, 'generation': 193}","{'id': 14579, 'rank': 2, 'fitness': 0.9669317433899411, 'generation': 193}","{'id': 14627, 'rank': 3, 'fitness': 0.9239703100009822, 'generation': 193}","{'id': 14686, 'rank': 4, 'fitness': 0.9213147159140476, 'generation': 193}","{'id': 14382, 'rank': 5, 'fitness': 0.9124766981416226, 'generation': 193}","{'id': 14749, 'rank': 6, 'fitness': 0.8885485796962216, 'generation': 193}","{'id': 14749, 'rank': 7, 'fitness': 0.8885485796962216, 'generation': 193}","{'id': 14500, 'rank': 8, 'fitness': 0.8864159898494341, 'generation': 193}","{'id': 14764, 'rank': 9, 'fitness': 0.882360401584581, 'generation': 193}","{'id': 14707, 'rank': 10, 'fitness': 0.8539907997248553, 'generation': 193}","{'id': 14696, 'rank': 11, 'fitness': 0.8298790732988928, 'generation': 193}","{'id': 14696, 'rank': 12, 'fitness': 0.8298790732988928, 'generation': 193}","{'id': 14774, 'rank': 13, 'fitness': 0.8298055278597621, 'generation': 193}","{'id': 14772, 'rank': 14, 'fitness': 0.8283085114337292, 'generation': 193}","{'id': 14768, 'rank': 15, 'fitness': 0.8192112980197062, 'generation': 193}","{'id': 14617, 'rank': 16, 'fitness': 0.8108852940623016, 'generation': 193}","{'id': 14617, 'rank': 17, 'fitness': 0.8108852940623016, 'generation': 193}","{'id': 14680, 'rank': 18, 'fitness': 0.6942470634186333, 'generation': 193}","{'id': 14680, 'rank': 19, 'fitness': 0.6942470634186333, 'generation': 193}","{'id': 14622, 'rank': 20, 'fitness': 0.5811366629273772, 'generation': 193}","{'id': 14762, 'rank': 21, 'fitness': 0.5782992007569755, 'generation': 193}","{'id': 14762, 'rank': 22, 'fitness': 0.5782992007569755, 'generation': 193}","{'id': 14767, 'rank': 23, 'fitness': 0.5730444688984563, 'generation': 193}","{'id': 14709, 'rank': 24, 'fitness': 0.5622904528940393, 'generation': 193}","{'id': 14724, 'rank': 25, 'fitness': 0.5474568366224514, 'generation': 193}","{'id': 14755, 'rank': 26, 'fitness': 0.45305644736626516, 'generation': 193}","{'id': 14681, 'rank': 27, 'fitness': 0.41210857915154336, 'generation': 193}","{'id': 14714, 'rank': 28, 'fitness': 0.33344417454835995, 'generation': 193}","{'id': 14695, 'rank': 29, 'fitness': 0.2820960099705881, 'generation': 193}","{'id': 14745, 'rank': 30, 'fitness': 0.01798620996209155, 'generation': 193}"
"{'id': 14817, 'rank': 1, 'fitness': 0.9820137900379085, 'generation': 194}","{'id': 14749, 'rank': 2, 'fitness': 0.9815559853311868, 'generation': 194}","{'id': 14500, 'rank': 3, 'fitness': 0.9815493390140879, 'generation': 194}","{'id': 14707, 'rank': 4, 'fitness': 0.9814593600666148, 'generation': 194}","{'id': 14707, 'rank': 5, 'fitness': 0.9814593600666148, 'generation': 194}","{'id': 14696, 'rank': 6, 'fitness': 0.9814025174159209, 'generation': 194}","{'id': 14768, 'rank': 7, 'fitness': 0.9813793665431504, 'generation': 194}","{'id': 14617, 'rank': 8, 'fitness': 0.9813620093000256, 'generation': 194}","{'id': 14617, 'rank': 9, 'fitness': 0.9813620093000256, 'generation': 194}","{'id': 14617, 'rank': 10, 'fitness': 0.9813620093000256, 'generation': 194}","{'id': 14762, 'rank': 11, 'fitness': 0.9810002486052766, 'generation': 194}","{'id': 14762, 'rank': 12, 'fitness': 0.9810002486052766, 'generation': 194}","{'id': 14762, 'rank': 13, 'fitness': 0.9810002486052766, 'generation': 194}","{'id': 14724, 'rank': 14, 'fitness': 0.980960037828267, 'generation': 194}","{'id': 14724, 'rank': 15, 'fitness': 0.980960037828267, 'generation': 194}","{'id': 14809, 'rank': 16, 'fitness': 0.9778234197163967, 'generation': 194}","{'id': 14825, 'rank': 17, 'fitness': 0.9724328722116266, 'generation': 194}","{'id': 14825, 'rank': 18, 'fitness': 0.9724328722116266, 'generation': 194}","{'id': 14842, 'rank': 19, 'fitness': 0.9716030474847565, 'generation': 194}","{'id': 14804, 'rank': 20, 'fitness': 0.9609351638678889, 'generation': 194}","{'id': 14798, 'rank': 21, 'fitness': 0.9576791532558518, 'generation': 194}","{'id': 14801, 'rank': 22, 'fitness': 0.9482656845969325, 'generation': 194}","{'id': 14836, 'rank': 23, 'fitness': 0.9421040411997428, 'generation': 194}","{'id': 14781, 'rank': 24, 'fitness': 0.9381908078875989, 'generation': 194}","{'id': 14789, 'rank': 25, 'fitness': 0.9314603499598408, 'generation': 194}","{'id': 14800, 'rank': 26, 'fitness': 0.9247859044898469, 'generation': 194}","{'id': 14800, 'rank': 27, 'fitness': 0.9247859044898469, 'generation': 194}","{'id': 14829, 'rank': 28, 'fitness': 0.2016688160856443, 'generation': 194}","{'id': 14811, 'rank': 29, 'fitness': 0.09109628906202988, 'generation': 194}","{'id': 14795, 'rank': 30, 'fitness': 0.01798620996209155, 'generation': 194}"
"{'id': 14892, 'rank': 1, 'fitness': 0.9820137900379085, 'generation': 195}","{'id': 14873, 'rank': 2, 'fitness': 0.9806814709101046, 'generation': 195}","{'id': 14707, 'rank': 3, 'fitness': 0.9803019362800068, 'generation': 195}","{'id': 14707, 'rank': 4, 'fitness': 0.9803019362800068, 'generation': 195}","{'id': 14707, 'rank': 5, 'fitness': 0.9803019362800068, 'generation': 195}","{'id': 14707, 'rank': 6, 'fitness': 0.9803019362800068, 'generation': 195}","{'id': 14915, 'rank': 7, 'fitness': 0.9802074752465613, 'generation': 195}","{'id': 14918, 'rank': 8, 'fitness': 0.9798228212937863, 'generation': 195}","{'id': 14918, 'rank': 9, 'fitness': 0.9798228212937863, 'generation': 195}","{'id': 14856, 'rank': 10, 'fitness': 0.9797413908833175, 'generation': 195}","{'id': 14876, 'rank': 11, 'fitness': 0.9797403073928604, 'generation': 195}","{'id': 14617, 'rank': 12, 'fitness': 0.9797006717271616, 'generation': 195}","{'id': 14885, 'rank': 13, 'fitness': 0.9796021218459294, 'generation': 195}","{'id': 14877, 'rank': 14, 'fitness': 0.9794650043739332, 'generation': 195}","{'id': 14923, 'rank': 15, 'fitness': 0.9787123579245736, 'generation': 195}","{'id': 14875, 'rank': 16, 'fitness': 0.977355664633629, 'generation': 195}","{'id': 14875, 'rank': 17, 'fitness': 0.977355664633629, 'generation': 195}","{'id': 14762, 'rank': 18, 'fitness': 0.9773350162757843, 'generation': 195}","{'id': 14852, 'rank': 19, 'fitness': 0.9768660047325441, 'generation': 195}","{'id': 14925, 'rank': 20, 'fitness': 0.9762469233026159, 'generation': 195}","{'id': 14917, 'rank': 21, 'fitness': 0.976211961095808, 'generation': 195}","{'id': 14924, 'rank': 22, 'fitness': 0.976204574454967, 'generation': 195}","{'id': 14868, 'rank': 23, 'fitness': 0.9755015606950037, 'generation': 195}","{'id': 14868, 'rank': 24, 'fitness': 0.9755015606950037, 'generation': 195}","{'id': 14893, 'rank': 25, 'fitness': 0.9736321478036124, 'generation': 195}","{'id': 14893, 'rank': 26, 'fitness': 0.9736321478036124, 'generation': 195}","{'id': 14872, 'rank': 27, 'fitness': 0.9460808344128855, 'generation': 195}","{'id': 14871, 'rank': 28, 'fitness': 0.9377179459184943, 'generation': 195}","{'id': 14849, 'rank': 29, 'fitness': 0.4362988150686604, 'generation': 195}","{'id': 14907, 'rank': 30, 'fitness': 0.01798620996209155, 'generation': 195}"
"{'id': 14892, 'rank': 1, 'fitness': 0.9820137900379085, 'generation': 196}","{'id': 14966, 'rank': 2, 'fitness': 0.9797157498247463, 'generation': 196}","{'id': 14945, 'rank': 3, 'fitness': 0.9767844494348856, 'generation': 196}","{'id': 15005, 'rank': 4, 'fitness': 0.9757851620756939, 'generation': 196}","{'id': 14970, 'rank': 5, 'fitness': 0.9729558345074725, 'generation': 196}","{'id': 14970, 'rank': 6, 'fitness': 0.9729558345074725, 'generation': 196}","{'id': 14970, 'rank': 7, 'fitness': 0.9729558345074725, 'generation': 196}","{'id': 14970, 'rank': 8, 'fitness': 0.9729558345074725, 'generation': 196}","{'id': 14707, 'rank': 9, 'fitness': 0.9722992192331483, 'generation': 196}","{'id': 14707, 'rank': 10, 'fitness': 0.9722992192331483, 'generation': 196}","{'id': 14952, 'rank': 11, 'fitness': 0.9697168072088487, 'generation': 196}","{'id': 14918, 'rank': 12, 'fitness': 0.9689703079600509, 'generation': 196}","{'id': 14918, 'rank': 13, 'fitness': 0.9689703079600509, 'generation': 196}","{'id': 14856, 'rank': 14, 'fitness': 0.9683755532919829, 'generation': 196}","{'id': 14876, 'rank': 15, 'fitness': 0.9683675817173887, 'generation': 196}","{'id': 14982, 'rank': 16, 'fitness': 0.9677028684581813, 'generation': 196}","{'id': 14959, 'rank': 17, 'fitness': 0.9675071226121323, 'generation': 196}","{'id': 14959, 'rank': 18, 'fitness': 0.9675071226121323, 'generation': 196}","{'id': 14959, 'rank': 19, 'fitness': 0.9675071226121323, 'generation': 196}","{'id': 14956, 'rank': 20, 'fitness': 0.9635904262299103, 'generation': 196}","{'id': 15006, 'rank': 21, 'fitness': 0.9522243057314064, 'generation': 196}","{'id': 15006, 'rank': 22, 'fitness': 0.9522243057314064, 'generation': 196}","{'id': 14997, 'rank': 23, 'fitness': 0.9501867222532474, 'generation': 196}","{'id': 14973, 'rank': 24, 'fitness': 0.9495742089411069, 'generation': 196}","{'id': 14875, 'rank': 25, 'fitness': 0.9468110922014576, 'generation': 196}","{'id': 14986, 'rank': 26, 'fitness': 0.9443140305096782, 'generation': 196}","{'id': 14946, 'rank': 27, 'fitness': 0.9186433454604581, 'generation': 196}","{'id': 15000, 'rank': 28, 'fitness': 0.9084334944763415, 'generation': 196}","{'id': 15010, 'rank': 29, 'fitness': 0.8673092837846869, 'generation': 196}","{'id': 14987, 'rank': 30, 'fitness': 0.01798620996209155, 'generation': 196}"
"{'id': 15016, 'rank': 1, 'fitness': 0.9820137900379085, 'generation': 197}","{'id': 15016, 'rank': 2, 'fitness': 0.9820137900379085, 'generation': 197}","{'id': 15097, 'rank': 3, 'fitness': 0.9706173516196802, 'generation': 197}","{'id': 14892, 'rank': 4, 'fitness': 0.9694533430525079, 'generation': 197}","{'id': 15063, 'rank': 5, 'fitness': 0.96672266680373, 'generation': 197}","{'id': 15063, 'rank': 6, 'fitness': 0.96672266680373, 'generation': 197}","{'id': 15022, 'rank': 7, 'fitness': 0.9531442726726564, 'generation': 197}","{'id': 15005, 'rank': 8, 'fitness': 0.9261114949715521, 'generation': 197}","{'id': 15032, 'rank': 9, 'fitness': 0.9258412705384951, 'generation': 197}","{'id': 15032, 'rank': 10, 'fitness': 0.9258412705384951, 'generation': 197}","{'id': 15017, 'rank': 11, 'fitness': 0.9054241638435303, 'generation': 197}","{'id': 15059, 'rank': 12, 'fitness': 0.8899590154118396, 'generation': 197}","{'id': 15077, 'rank': 13, 'fitness': 0.8679211255856892, 'generation': 197}","{'id': 14856, 'rank': 14, 'fitness': 0.84402933977033, 'generation': 197}","{'id': 14856, 'rank': 15, 'fitness': 0.84402933977033, 'generation': 197}","{'id': 14856, 'rank': 16, 'fitness': 0.84402933977033, 'generation': 197}","{'id': 14876, 'rank': 17, 'fitness': 0.843924506237778, 'generation': 197}","{'id': 14982, 'rank': 18, 'fitness': 0.8350723479753966, 'generation': 197}","{'id': 14959, 'rank': 19, 'fitness': 0.8324246587395054, 'generation': 197}","{'id': 15074, 'rank': 20, 'fitness': 0.8298382163992986, 'generation': 197}","{'id': 14956, 'rank': 21, 'fitness': 0.7759767564509846, 'generation': 197}","{'id': 15046, 'rank': 22, 'fitness': 0.6935610021730783, 'generation': 197}","{'id': 15080, 'rank': 23, 'fitness': 0.5175378435741079, 'generation': 197}","{'id': 15099, 'rank': 24, 'fitness': 0.4147853022139776, 'generation': 197}","{'id': 15076, 'rank': 25, 'fitness': 0.1655174546979471, 'generation': 197}","{'id': 15000, 'rank': 26, 'fitness': 0.14692908065461568, 'generation': 197}","{'id': 15035, 'rank': 27, 'fitness': 0.14631260547190061, 'generation': 197}","{'id': 15035, 'rank': 28, 'fitness': 0.14631260547190061, 'generation': 197}","{'id': 15093, 'rank': 29, 'fitness': 0.038693252637175046, 'generation': 197}","{'id': 15012, 'rank': 30, 'fitness': 0.01798620996209155, 'generation': 197}"
"{'id': 15016, 'rank': 1, 'fitness': 0.9820137900379085, 'generation': 198}","{'id': 15105, 'rank': 2, 'fitness': 0.981483401954477, 'generation': 198}","{'id': 15105, 'rank': 3, 'fitness': 0.981483401954477, 'generation': 198}","{'id': 14892, 'rank': 4, 'fitness': 0.9811665291454873, 'generation': 198}","{'id': 15063, 'rank': 5, 'fitness': 0.9810247463042174, 'generation': 198}","{'id': 15032, 'rank': 6, 'fitness': 0.9796170588932253, 'generation': 198}","{'id': 15125, 'rank': 7, 'fitness': 0.9792994068139812, 'generation': 198}","{'id': 14856, 'rank': 8, 'fitness': 0.9781231183647126, 'generation': 198}","{'id': 14856, 'rank': 9, 'fitness': 0.9781231183647126, 'generation': 198}","{'id': 14982, 'rank': 10, 'fitness': 0.9779997680332428, 'generation': 198}","{'id': 14982, 'rank': 11, 'fitness': 0.9779997680332428, 'generation': 198}","{'id': 14959, 'rank': 12, 'fitness': 0.9779642149704703, 'generation': 198}","{'id': 14956, 'rank': 13, 'fitness': 0.9772825403333308, 'generation': 198}","{'id': 14956, 'rank': 14, 'fitness': 0.9772825403333308, 'generation': 198}","{'id': 15046, 'rank': 15, 'fitness': 0.9764514097935473, 'generation': 198}","{'id': 15153, 'rank': 16, 'fitness': 0.9735587526024367, 'generation': 198}","{'id': 15152, 'rank': 17, 'fitness': 0.9718772017645316, 'generation': 198}","{'id': 15152, 'rank': 18, 'fitness': 0.9718772017645316, 'generation': 198}","{'id': 15148, 'rank': 19, 'fitness': 0.9715353630049179, 'generation': 198}","{'id': 15000, 'rank': 20, 'fitness': 0.9707510100283256, 'generation': 198}","{'id': 15000, 'rank': 21, 'fitness': 0.9707510100283256, 'generation': 198}","{'id': 15035, 'rank': 22, 'fitness': 0.9707389157955827, 'generation': 198}","{'id': 15119, 'rank': 23, 'fitness': 0.876932572943498, 'generation': 198}","{'id': 15117, 'rank': 24, 'fitness': 0.8288870617779683, 'generation': 198}","{'id': 15112, 'rank': 25, 'fitness': 0.6856956572525432, 'generation': 198}","{'id': 15112, 'rank': 26, 'fitness': 0.6856956572525432, 'generation': 198}","{'id': 15159, 'rank': 27, 'fitness': 0.3446172191594551, 'generation': 198}","{'id': 15135, 'rank': 28, 'fitness': 0.2764593901280326, 'generation': 198}","{'id': 15158, 'rank': 29, 'fitness': 0.03563292039675964, 'generation': 198}","{'id': 15157, 'rank': 30, 'fitness': 0.01798620996209155, 'generation': 198}"
"{'id': 15195, 'rank': 1, 'fitness': 0.9820137900379085, 'generation': 199}","{'id': 15217, 'rank': 2, 'fitness': 0.9786641564440205, 'generation': 199}","{'id': 15105, 'rank': 3, 'fitness': 0.9778079732894553, 'generation': 199}","{'id': 15105, 'rank': 4, 'fitness': 0.9778079732894553, 'generation': 199}","{'id': 14892, 'rank': 5, 'fitness': 0.9772155807847988, 'generation': 199}","{'id': 15164, 'rank': 6, 'fitness': 0.9763751455446377, 'generation': 199}","{'id': 15125, 'rank': 7, 'fitness': 0.9736178640003968, 'generation': 199}","{'id': 15125, 'rank': 8, 'fitness': 0.9736178640003968, 'generation': 199}","{'id': 15241, 'rank': 9, 'fitness': 0.9732937168626095, 'generation': 199}","{'id': 15191, 'rank': 10, 'fitness': 0.9725845630611492, 'generation': 199}","{'id': 14982, 'rank': 11, 'fitness': 0.9710092029817299, 'generation': 199}","{'id': 15242, 'rank': 12, 'fitness': 0.9707495971773987, 'generation': 199}","{'id': 15226, 'rank': 13, 'fitness': 0.9670148325474057, 'generation': 199}","{'id': 15226, 'rank': 14, 'fitness': 0.9670148325474057, 'generation': 199}","{'id': 15205, 'rank': 15, 'fitness': 0.9661846233461469, 'generation': 199}","{'id': 15190, 'rank': 16, 'fitness': 0.9626915602407722, 'generation': 199}","{'id': 15213, 'rank': 17, 'fitness': 0.9622261281726117, 'generation': 199}","{'id': 15213, 'rank': 18, 'fitness': 0.9622261281726117, 'generation': 199}","{'id': 15197, 'rank': 19, 'fitness': 0.961898653825568, 'generation': 199}","{'id': 15197, 'rank': 20, 'fitness': 0.961898653825568, 'generation': 199}","{'id': 15233, 'rank': 21, 'fitness': 0.9603467571962198, 'generation': 199}","{'id': 15152, 'rank': 22, 'fitness': 0.9576652099283154, 'generation': 199}","{'id': 15188, 'rank': 23, 'fitness': 0.9534378411352382, 'generation': 199}","{'id': 15231, 'rank': 24, 'fitness': 0.9517122964761227, 'generation': 199}","{'id': 15181, 'rank': 25, 'fitness': 0.9486139650329225, 'generation': 199}","{'id': 15182, 'rank': 26, 'fitness': 0.9447982336951504, 'generation': 199}","{'id': 15182, 'rank': 27, 'fitness': 0.9447982336951504, 'generation': 199}","{'id': 15185, 'rank': 28, 'fitness': 0.9337023725118607, 'generation': 199}","{'id': 15183, 'rank': 29, 'fitness': 0.9288137431324746, 'generation': 199}","{'id': 15172, 'rank': 30, 'fitness': 0.01798620996209155, 'generation': 199}"
"{'id': 15308, 'rank': 1, 'fitness': 0.9820137900379085, 'generation': 200}","{'id': 15308, 'rank': 2, 'fitness': 0.9820137900379085, 'generation': 200}","{'id': 15217, 'rank': 3, 'fitness': 0.9813893620465519, 'generation': 200}","{'id': 15317, 'rank': 4, 'fitness': 0.9804285243623301, 'generation': 200}","{'id': 15105, 'rank': 5, 'fitness': 0.9775775840744283, 'generation': 200}","{'id': 15251, 'rank': 6, 'fitness': 0.9707442576781851, 'generation': 200}","{'id': 15164, 'rank': 7, 'fitness': 0.9698855947344129, 'generation': 200}","{'id': 15125, 'rank': 8, 'fitness': 0.9496321322536942, 'generation': 200}","{'id': 15278, 'rank': 9, 'fitness': 0.9451117966884026, 'generation': 200}","{'id': 15310, 'rank': 10, 'fitness': 0.9430070262486223, 'generation': 200}","{'id': 15277, 'rank': 11, 'fitness': 0.9396722685874624, 'generation': 200}","{'id': 15255, 'rank': 12, 'fitness': 0.9234937746219507, 'generation': 200}","{'id': 15304, 'rank': 13, 'fitness': 0.8155628846575924, 'generation': 200}","{'id': 15330, 'rank': 14, 'fitness': 0.779407573615537, 'generation': 200}","{'id': 15190, 'rank': 15, 'fitness': 0.776332873102618, 'generation': 200}","{'id': 15213, 'rank': 16, 'fitness': 0.7655763083112732, 'generation': 200}","{'id': 15331, 'rank': 17, 'fitness': 0.7276161036405764, 'generation': 200}","{'id': 15331, 'rank': 18, 'fitness': 0.7276161036405764, 'generation': 200}","{'id': 15320, 'rank': 19, 'fitness': 0.67507295347138, 'generation': 200}","{'id': 15152, 'rank': 20, 'fitness': 0.6506518249056119, 'generation': 200}","{'id': 15263, 'rank': 21, 'fitness': 0.6273174926775649, 'generation': 200}","{'id': 15338, 'rank': 22, 'fitness': 0.6168556488481157, 'generation': 200}","{'id': 15296, 'rank': 23, 'fitness': 0.3948106815966183, 'generation': 200}","{'id': 15296, 'rank': 24, 'fitness': 0.3948106815966183, 'generation': 200}","{'id': 15248, 'rank': 25, 'fitness': 0.33287201139224826, 'generation': 200}","{'id': 15182, 'rank': 26, 'fitness': 0.3324312361303252, 'generation': 200}","{'id': 15324, 'rank': 27, 'fitness': 0.1989853811004671, 'generation': 200}","{'id': 15326, 'rank': 28, 'fitness': 0.16145280127692946, 'generation': 200}","{'id': 15279, 'rank': 29, 'fitness': 0.12707655286089853, 'generation': 200}","{'id': 15261, 'rank': 30, 'fitness': 0.01798620996209155, 'generation': 200}"
"{'id': 15308, 'rank': 1, 'fitness': 0.9820137900379085, 'generation': 201}","{'id': 15346, 'rank': 2, 'fitness': 0.9820089606768091, 'generation': 201}","{'id': 15373, 'rank': 3, 'fitness': 0.9819800631976867, 'generation': 201}","{'id': 15387, 'rank': 4, 'fitness': 0.9818502405184306, 'generation': 201}","{'id': 15387, 'rank': 5, 'fitness': 0.9818502405184306, 'generation': 201}","{'id': 15368, 'rank': 6, 'fitness': 0.9818280356200314, 'generation': 201}","{'id': 15368, 'rank': 7, 'fitness': 0.9818280356200314, 'generation': 201}","{'id': 15400, 'rank': 8, 'fitness': 0.9817857412864764, 'generation': 201}","{'id': 15400, 'rank': 9, 'fitness': 0.9817857412864764, 'generation': 201}","{'id': 15345, 'rank': 10, 'fitness': 0.9817842482629429, 'generation': 201}","{'id': 15402, 'rank': 11, 'fitness': 0.9817205745158868, 'generation': 201}","{'id': 15304, 'rank': 12, 'fitness': 0.9815534538196269, 'generation': 201}","{'id': 15330, 'rank': 13, 'fitness': 0.9815118058341143, 'generation': 201}","{'id': 15331, 'rank': 14, 'fitness': 0.9814597623035547, 'generation': 201}","{'id': 15338, 'rank': 15, 'fitness': 0.9813651677556723, 'generation': 201}","{'id': 15339, 'rank': 16, 'fitness': 0.9813333180872859, 'generation': 201}","{'id': 15182, 'rank': 17, 'fitness': 0.9811441221786888, 'generation': 201}","{'id': 15360, 'rank': 18, 'fitness': 0.9811287403473669, 'generation': 201}","{'id': 15395, 'rank': 19, 'fitness': 0.9809219801369438, 'generation': 201}","{'id': 15279, 'rank': 20, 'fitness': 0.9809096892516506, 'generation': 201}","{'id': 15340, 'rank': 21, 'fitness': 0.9808082265108508, 'generation': 201}","{'id': 15391, 'rank': 22, 'fitness': 0.9807963536982289, 'generation': 201}","{'id': 15363, 'rank': 23, 'fitness': 0.9788225240918995, 'generation': 201}","{'id': 15382, 'rank': 24, 'fitness': 0.962697794302311, 'generation': 201}","{'id': 15353, 'rank': 25, 'fitness': 0.9570185555634254, 'generation': 201}","{'id': 15365, 'rank': 26, 'fitness': 0.9561979527458321, 'generation': 201}","{'id': 15366, 'rank': 27, 'fitness': 0.9561878470169722, 'generation': 201}","{'id': 15403, 'rank': 28, 'fitness': 0.9440386365716014, 'generation': 201}","{'id': 15379, 'rank': 29, 'fitness': 0.8442163373886834, 'generation': 201}","{'id': 15369, 'rank': 30, 'fitness': 0.01798620996209155, 'generation': 201}"
"{'id': 15373, 'rank': 1, 'fitness': 0.9820137900379085, 'generation': 202}","{'id': 15472, 'rank': 2, 'fitness': 0.9815899002162451, 'generation': 202}","{'id': 15448, 'rank': 3, 'fitness': 0.9811931436327739, 'generation': 202}","{'id': 15448, 'rank': 4, 'fitness': 0.9811931436327739, 'generation': 202}","{'id': 15387, 'rank': 5, 'fitness': 0.9811216110676387, 'generation': 202}","{'id': 15427, 'rank': 6, 'fitness': 0.9811083877927849, 'generation': 202}","{'id': 15427, 'rank': 7, 'fitness': 0.9811083877927849, 'generation': 202}","{'id': 15482, 'rank': 8, 'fitness': 0.9810638621853891, 'generation': 202}","{'id': 15429, 'rank': 9, 'fitness': 0.9809793215609339, 'generation': 202}","{'id': 15417, 'rank': 10, 'fitness': 0.9809243176998351, 'generation': 202}","{'id': 15428, 'rank': 11, 'fitness': 0.9804683629531814, 'generation': 202}","{'id': 15402, 'rank': 12, 'fitness': 0.9801939137626162, 'generation': 202}","{'id': 15423, 'rank': 13, 'fitness': 0.9801899271786045, 'generation': 202}","{'id': 15304, 'rank': 14, 'fitness': 0.9789424464809628, 'generation': 202}","{'id': 15406, 'rank': 15, 'fitness': 0.9788231169684133, 'generation': 202}","{'id': 15330, 'rank': 16, 'fitness': 0.9786205258407614, 'generation': 202}","{'id': 15422, 'rank': 17, 'fitness': 0.9785593138665801, 'generation': 202}","{'id': 15422, 'rank': 18, 'fitness': 0.9785593138665801, 'generation': 202}","{'id': 15422, 'rank': 19, 'fitness': 0.9785593138665801, 'generation': 202}","{'id': 15419, 'rank': 20, 'fitness': 0.9784878409378535, 'generation': 202}","{'id': 15466, 'rank': 21, 'fitness': 0.9782448124499298, 'generation': 202}","{'id': 15490, 'rank': 22, 'fitness': 0.9779071913966713, 'generation': 202}","{'id': 15488, 'rank': 23, 'fitness': 0.9769514243698666, 'generation': 202}","{'id': 15444, 'rank': 24, 'fitness': 0.976722210400916, 'generation': 202}","{'id': 15407, 'rank': 25, 'fitness': 0.9762227971712435, 'generation': 202}","{'id': 15469, 'rank': 26, 'fitness': 0.9742631168653731, 'generation': 202}","{'id': 15478, 'rank': 27, 'fitness': 0.9723642574562315, 'generation': 202}","{'id': 15467, 'rank': 28, 'fitness': 0.9720838566837632, 'generation': 202}","{'id': 15433, 'rank': 29, 'fitness': 0.19519309876401697, 'generation': 202}","{'id': 15457, 'rank': 30, 'fitness': 0.01798620996209155, 'generation': 202}"
"{'id': 15538, 'rank': 1, 'fitness': 0.9820137900379085, 'generation': 203}","{'id': 15518, 'rank': 2, 'fitness': 0.9665723142655607, 'generation': 203}","{'id': 15387, 'rank': 3, 'fitness': 0.9617030484301624, 'generation': 203}","{'id': 15427, 'rank': 4, 'fitness': 0.9610700014409109, 'generation': 203}","{'id': 15427, 'rank': 5, 'fitness': 0.9610700014409109, 'generation': 203}","{'id': 15417, 'rank': 6, 'fitness': 0.9512051735539422, 'generation': 203}","{'id': 15517, 'rank': 7, 'fitness': 0.943311007881381, 'generation': 203}","{'id': 15531, 'rank': 8, 'fitness': 0.9416785463655502, 'generation': 203}","{'id': 15530, 'rank': 9, 'fitness': 0.9250584368589048, 'generation': 203}","{'id': 15559, 'rank': 10, 'fitness': 0.91986211374141, 'generation': 203}","{'id': 15559, 'rank': 11, 'fitness': 0.91986211374141, 'generation': 203}","{'id': 15528, 'rank': 12, 'fitness': 0.902415155190965, 'generation': 203}","{'id': 15526, 'rank': 13, 'fitness': 0.870631029571959, 'generation': 203}","{'id': 15501, 'rank': 14, 'fitness': 0.85893501919338, 'generation': 203}","{'id': 15512, 'rank': 15, 'fitness': 0.8582881447134556, 'generation': 203}","{'id': 15516, 'rank': 16, 'fitness': 0.7963169423753682, 'generation': 203}","{'id': 15496, 'rank': 17, 'fitness': 0.7616010621967622, 'generation': 203}","{'id': 15529, 'rank': 18, 'fitness': 0.7219517264792383, 'generation': 203}","{'id': 15304, 'rank': 19, 'fitness': 0.6364252994245818, 'generation': 203}","{'id': 15330, 'rank': 20, 'fitness': 0.5472311299225652, 'generation': 203}","{'id': 15495, 'rank': 21, 'fitness': 0.4895929208270207, 'generation': 203}","{'id': 15533, 'rank': 22, 'fitness': 0.37818495020114695, 'generation': 203}","{'id': 15490, 'rank': 23, 'fitness': 0.3515604809916353, 'generation': 203}","{'id': 15568, 'rank': 24, 'fitness': 0.2605777459637657, 'generation': 203}","{'id': 15511, 'rank': 25, 'fitness': 0.2237664657865982, 'generation': 203}","{'id': 15488, 'rank': 26, 'fitness': 0.16144071720163072, 'generation': 203}","{'id': 15488, 'rank': 27, 'fitness': 0.16144071720163072, 'generation': 203}","{'id': 15506, 'rank': 28, 'fitness': 0.15158921968904326, 'generation': 203}","{'id': 15565, 'rank': 29, 'fitness': 0.11753057523493216, 'generation': 203}","{'id': 15510, 'rank': 30, 'fitness': 0.01798620996209155, 'generation': 203}"
"{'id': 15387, 'rank': 1, 'fitness': 0.9820137900379085, 'generation': 204}","{'id': 15598, 'rank': 2, 'fitness': 0.9819900436975811, 'generation': 204}","{'id': 15598, 'rank': 3, 'fitness': 0.9819900436975811, 'generation': 204}","{'id': 15427, 'rank': 4, 'fitness': 0.9819743954681648, 'generation': 204}","{'id': 15417, 'rank': 5, 'fitness': 0.981420020655517, 'generation': 204}","{'id': 15559, 'rank': 6, 'fitness': 0.9801153171338197, 'generation': 204}","{'id': 15559, 'rank': 7, 'fitness': 0.9801153171338197, 'generation': 204}","{'id': 15559, 'rank': 8, 'fitness': 0.9801153171338197, 'generation': 204}","{'id': 15601, 'rank': 9, 'fitness': 0.9799140393234578, 'generation': 204}","{'id': 15501, 'rank': 10, 'fitness': 0.9784351338616828, 'generation': 204}","{'id': 15501, 'rank': 11, 'fitness': 0.9784351338616828, 'generation': 204}","{'id': 15636, 'rank': 12, 'fitness': 0.9782216048754798, 'generation': 204}","{'id': 15614, 'rank': 13, 'fitness': 0.9774914580245948, 'generation': 204}","{'id': 15612, 'rank': 14, 'fitness': 0.9764179197735241, 'generation': 204}","{'id': 15304, 'rank': 15, 'fitness': 0.9747172225566364, 'generation': 204}","{'id': 15621, 'rank': 16, 'fitness': 0.9738588656431585, 'generation': 204}","{'id': 15533, 'rank': 17, 'fitness': 0.9710809716584994, 'generation': 204}","{'id': 15622, 'rank': 18, 'fitness': 0.9701538147649915, 'generation': 204}","{'id': 15511, 'rank': 19, 'fitness': 0.9682122114020889, 'generation': 204}","{'id': 15642, 'rank': 20, 'fitness': 0.9628652738254044, 'generation': 204}","{'id': 15642, 'rank': 21, 'fitness': 0.9628652738254044, 'generation': 204}","{'id': 15591, 'rank': 22, 'fitness': 0.9618937865674883, 'generation': 204}","{'id': 15590, 'rank': 23, 'fitness': 0.9557580626993505, 'generation': 204}","{'id': 15640, 'rank': 24, 'fitness': 0.935594741671579, 'generation': 204}","{'id': 15618, 'rank': 25, 'fitness': 0.9121009120480514, 'generation': 204}","{'id': 15584, 'rank': 26, 'fitness': 0.900051692060087, 'generation': 204}","{'id': 15585, 'rank': 27, 'fitness': 0.8950827004651185, 'generation': 204}","{'id': 15586, 'rank': 28, 'fitness': 0.8590288798546155, 'generation': 204}","{'id': 15583, 'rank': 29, 'fitness': 0.5357795578111992, 'generation': 204}","{'id': 15629, 'rank': 30, 'fitness': 0.01798620996209155, 'generation': 204}"
"{'id': 15387, 'rank': 1, 'fitness': 0.9820137900379085, 'generation': 205}","{'id': 15598, 'rank': 2, 'fitness': 0.9819157289997837, 'generation': 205}","{'id': 15427, 'rank': 3, 'fitness': 0.9818508924175773, 'generation': 205}","{'id': 15716, 'rank': 4, 'fitness': 0.9813148429081076, 'generation': 205}","{'id': 15692, 'rank': 5, 'fitness': 0.9757149337798717, 'generation': 205}","{'id': 15692, 'rank': 6, 'fitness': 0.9757149337798717, 'generation': 205}","{'id': 15559, 'rank': 7, 'fitness': 0.9728403569796436, 'generation': 205}","{'id': 15705, 'rank': 8, 'fitness': 0.9728127635916015, 'generation': 205}","{'id': 15601, 'rank': 9, 'fitness': 0.9716986304151061, 'generation': 205}","{'id': 15690, 'rank': 10, 'fitness': 0.9685432865759742, 'generation': 205}","{'id': 15652, 'rank': 11, 'fitness': 0.9662996232242469, 'generation': 205}","{'id': 15684, 'rank': 12, 'fitness': 0.9573970890875041, 'generation': 205}","{'id': 15614, 'rank': 13, 'fitness': 0.9550683320742633, 'generation': 205}","{'id': 15304, 'rank': 14, 'fitness': 0.9286363312071797, 'generation': 205}","{'id': 15717, 'rank': 15, 'fitness': 0.923287611530582, 'generation': 205}","{'id': 15673, 'rank': 16, 'fitness': 0.8988832124426054, 'generation': 205}","{'id': 15667, 'rank': 17, 'fitness': 0.8645130509399201, 'generation': 205}","{'id': 15511, 'rank': 18, 'fitness': 0.8312836520539488, 'generation': 205}","{'id': 15679, 'rank': 19, 'fitness': 0.8168934197893998, 'generation': 205}","{'id': 15679, 'rank': 20, 'fitness': 0.8168934197893998, 'generation': 205}","{'id': 15702, 'rank': 21, 'fitness': 0.7370379909242138, 'generation': 205}","{'id': 15642, 'rank': 22, 'fitness': 0.7173204560860776, 'generation': 205}","{'id': 15591, 'rank': 23, 'fitness': 0.6943679210585691, 'generation': 205}","{'id': 15590, 'rank': 24, 'fitness': 0.5446241489851503, 'generation': 205}","{'id': 15590, 'rank': 25, 'fitness': 0.5446241489851503, 'generation': 205}","{'id': 15674, 'rank': 26, 'fitness': 0.44632067646060386, 'generation': 205}","{'id': 15678, 'rank': 27, 'fitness': 0.4048174005498279, 'generation': 205}","{'id': 15676, 'rank': 28, 'fitness': 0.20594004839671942, 'generation': 205}","{'id': 15640, 'rank': 29, 'fitness': 0.18900402830642216, 'generation': 205}","{'id': 15670, 'rank': 30, 'fitness': 0.01798620996209155, 'generation': 205}"
"{'id': 15735, 'rank': 1, 'fitness': 0.9820137900379085, 'generation': 206}","{'id': 15737, 'rank': 2, 'fitness': 0.9817471574807259, 'generation': 206}","{'id': 15387, 'rank': 3, 'fitness': 0.9816420310547787, 'generation': 206}","{'id': 15716, 'rank': 4, 'fitness': 0.9816323482456091, 'generation': 206}","{'id': 15692, 'rank': 5, 'fitness': 0.9815654287275006, 'generation': 206}","{'id': 15692, 'rank': 6, 'fitness': 0.9815654287275006, 'generation': 206}","{'id': 15559, 'rank': 7, 'fitness': 0.9815366692298697, 'generation': 206}","{'id': 15705, 'rank': 8, 'fitness': 0.9815364075803104, 'generation': 206}","{'id': 15601, 'rank': 9, 'fitness': 0.9815260500303412, 'generation': 206}","{'id': 15601, 'rank': 10, 'fitness': 0.9815260500303412, 'generation': 206}","{'id': 15726, 'rank': 11, 'fitness': 0.9814215421835307, 'generation': 206}","{'id': 15684, 'rank': 12, 'fitness': 0.9814194480620133, 'generation': 206}","{'id': 15752, 'rank': 13, 'fitness': 0.9813586238671692, 'generation': 206}","{'id': 15766, 'rank': 14, 'fitness': 0.9813573232702639, 'generation': 206}","{'id': 15768, 'rank': 15, 'fitness': 0.9811464281052764, 'generation': 206}","{'id': 15732, 'rank': 16, 'fitness': 0.9811438889225337, 'generation': 206}","{'id': 15787, 'rank': 17, 'fitness': 0.9811164884924046, 'generation': 206}","{'id': 15511, 'rank': 18, 'fitness': 0.9810327922065207, 'generation': 206}","{'id': 15755, 'rank': 19, 'fitness': 0.9809269075432707, 'generation': 206}","{'id': 15702, 'rank': 20, 'fitness': 0.9808870563168332, 'generation': 206}","{'id': 15591, 'rank': 21, 'fitness': 0.9808325221653756, 'generation': 206}","{'id': 15590, 'rank': 22, 'fitness': 0.9806649561685612, 'generation': 206}","{'id': 15590, 'rank': 23, 'fitness': 0.9806649561685612, 'generation': 206}","{'id': 15742, 'rank': 24, 'fitness': 0.9800987232872664, 'generation': 206}","{'id': 15762, 'rank': 25, 'fitness': 0.9768426558028548, 'generation': 206}","{'id': 15760, 'rank': 26, 'fitness': 0.976154979009615, 'generation': 206}","{'id': 15764, 'rank': 27, 'fitness': 0.9570594818033409, 'generation': 206}","{'id': 15777, 'rank': 28, 'fitness': 0.8371082511527262, 'generation': 206}","{'id': 15751, 'rank': 29, 'fitness': 0.28950102363582136, 'generation': 206}","{'id': 15743, 'rank': 30, 'fitness': 0.01798620996209155, 'generation': 206}"
"{'id': 15823, 'rank': 1, 'fitness': 0.9820137900379085, 'generation': 207}","{'id': 15737, 'rank': 2, 'fitness': 0.978488578748477, 'generation': 207}","{'id': 15827, 'rank': 3, 'fitness': 0.9770422318841436, 'generation': 207}","{'id': 15692, 'rank': 4, 'fitness': 0.9766484149656554, 'generation': 207}","{'id': 15788, 'rank': 5, 'fitness': 0.9762503143093191, 'generation': 207}","{'id': 15601, 'rank': 6, 'fitness': 0.9762323454484632, 'generation': 207}","{'id': 15601, 'rank': 7, 'fitness': 0.9762323454484632, 'generation': 207}","{'id': 15817, 'rank': 8, 'fitness': 0.9760770108667572, 'generation': 207}","{'id': 15817, 'rank': 9, 'fitness': 0.9760770108667572, 'generation': 207}","{'id': 15794, 'rank': 10, 'fitness': 0.9754966136426622, 'generation': 207}","{'id': 15800, 'rank': 11, 'fitness': 0.9753019437496768, 'generation': 207}","{'id': 15684, 'rank': 12, 'fitness': 0.9750739848213452, 'generation': 207}","{'id': 15828, 'rank': 13, 'fitness': 0.9715215233546924, 'generation': 207}","{'id': 15828, 'rank': 14, 'fitness': 0.9715215233546924, 'generation': 207}","{'id': 15828, 'rank': 15, 'fitness': 0.9715215233546924, 'generation': 207}","{'id': 15857, 'rank': 16, 'fitness': 0.9708369199325906, 'generation': 207}","{'id': 15837, 'rank': 17, 'fitness': 0.9708354251750624, 'generation': 207}","{'id': 15837, 'rank': 18, 'fitness': 0.9708354251750624, 'generation': 207}","{'id': 15835, 'rank': 19, 'fitness': 0.9706995602807829, 'generation': 207}","{'id': 15869, 'rank': 20, 'fitness': 0.970183087334333, 'generation': 207}","{'id': 15807, 'rank': 21, 'fitness': 0.9691430828365726, 'generation': 207}","{'id': 15702, 'rank': 22, 'fitness': 0.9685393624872842, 'generation': 207}","{'id': 15801, 'rank': 23, 'fitness': 0.9674281555647823, 'generation': 207}","{'id': 15801, 'rank': 24, 'fitness': 0.9674281555647823, 'generation': 207}","{'id': 15811, 'rank': 25, 'fitness': 0.9667640973187568, 'generation': 207}","{'id': 15809, 'rank': 26, 'fitness': 0.9638722193065998, 'generation': 207}","{'id': 15855, 'rank': 27, 'fitness': 0.9627546110830815, 'generation': 207}","{'id': 15845, 'rank': 28, 'fitness': 0.9620144168522854, 'generation': 207}","{'id': 15848, 'rank': 29, 'fitness': 0.9515798715264635, 'generation': 207}","{'id': 15863, 'rank': 30, 'fitness': 0.01798620996209155, 'generation': 207}"
"{'id': 15737, 'rank': 1, 'fitness': 0.9820137900379085, 'generation': 208}","{'id': 15905, 'rank': 2, 'fitness': 0.9796648342288397, 'generation': 208}","{'id': 15909, 'rank': 3, 'fitness': 0.9690408755897946, 'generation': 208}","{'id': 15692, 'rank': 4, 'fitness': 0.9442469270080359, 'generation': 208}","{'id': 15692, 'rank': 5, 'fitness': 0.9442469270080359, 'generation': 208}","{'id': 15906, 'rank': 6, 'fitness': 0.9390510856180758, 'generation': 208}","{'id': 15788, 'rank': 7, 'fitness': 0.9300920349341351, 'generation': 208}","{'id': 15788, 'rank': 8, 'fitness': 0.9300920349341351, 'generation': 208}","{'id': 15788, 'rank': 9, 'fitness': 0.9300920349341351, 'generation': 208}","{'id': 15817, 'rank': 10, 'fitness': 0.9230315965021962, 'generation': 208}","{'id': 15882, 'rank': 11, 'fitness': 0.9150482763890234, 'generation': 208}","{'id': 15882, 'rank': 12, 'fitness': 0.9150482763890234, 'generation': 208}","{'id': 15892, 'rank': 13, 'fitness': 0.9020206297154303, 'generation': 208}","{'id': 15933, 'rank': 14, 'fitness': 0.8831497392976202, 'generation': 208}","{'id': 15933, 'rank': 15, 'fitness': 0.8831497392976202, 'generation': 208}","{'id': 15950, 'rank': 16, 'fitness': 0.7584495327176076, 'generation': 208}","{'id': 15928, 'rank': 17, 'fitness': 0.740715426795099, 'generation': 208}","{'id': 15928, 'rank': 18, 'fitness': 0.740715426795099, 'generation': 208}","{'id': 15887, 'rank': 19, 'fitness': 0.5038116130793706, 'generation': 208}","{'id': 15887, 'rank': 20, 'fitness': 0.5038116130793706, 'generation': 208}","{'id': 15828, 'rank': 21, 'fitness': 0.49724638107985664, 'generation': 208}","{'id': 15893, 'rank': 22, 'fitness': 0.4392825241858062, 'generation': 208}","{'id': 15869, 'rank': 23, 'fitness': 0.33838216368529495, 'generation': 208}","{'id': 15869, 'rank': 24, 'fitness': 0.33838216368529495, 'generation': 208}","{'id': 15952, 'rank': 25, 'fitness': 0.32725610186573517, 'generation': 208}","{'id': 15881, 'rank': 26, 'fitness': 0.3152095119284728, 'generation': 208}","{'id': 15945, 'rank': 27, 'fitness': 0.236751824981152, 'generation': 208}","{'id': 15932, 'rank': 28, 'fitness': 0.21787043042394277, 'generation': 208}","{'id': 15935, 'rank': 29, 'fitness': 0.19834604135644163, 'generation': 208}","{'id': 15918, 'rank': 30, 'fitness': 0.01798620996209155, 'generation': 208}"
"{'id': 15905, 'rank': 1, 'fitness': 0.9820137900379085, 'generation': 209}","{'id': 15905, 'rank': 2, 'fitness': 0.9820137900379085, 'generation': 209}","{'id': 15999, 'rank': 3, 'fitness': 0.9817978774039661, 'generation': 209}","{'id': 15692, 'rank': 4, 'fitness': 0.981771372474302, 'generation': 209}","{'id': 15692, 'rank': 5, 'fitness': 0.981771372474302, 'generation': 209}","{'id': 15692, 'rank': 6, 'fitness': 0.981771372474302, 'generation': 209}","{'id': 15906, 'rank': 7, 'fitness': 0.9817492732218264, 'generation': 209}","{'id': 15788, 'rank': 8, 'fitness': 0.9817149517659276, 'generation': 209}","{'id': 15788, 'rank': 9, 'fitness': 0.9817149517659276, 'generation': 209}","{'id': 15788, 'rank': 10, 'fitness': 0.9817149517659276, 'generation': 209}","{'id': 15788, 'rank': 11, 'fitness': 0.9817149517659276, 'generation': 209}","{'id': 15983, 'rank': 12, 'fitness': 0.9816711810270939, 'generation': 209}","{'id': 15983, 'rank': 13, 'fitness': 0.9816711810270939, 'generation': 209}","{'id': 15892, 'rank': 14, 'fitness': 0.9816285417644882, 'generation': 209}","{'id': 16000, 'rank': 15, 'fitness': 0.9814131620400965, 'generation': 209}","{'id': 15928, 'rank': 16, 'fitness': 0.9813512679436496, 'generation': 209}","{'id': 15995, 'rank': 17, 'fitness': 0.981133339821864, 'generation': 209}","{'id': 15887, 'rank': 18, 'fitness': 0.9811027432522852, 'generation': 209}","{'id': 15981, 'rank': 19, 'fitness': 0.9809795386991453, 'generation': 209}","{'id': 15945, 'rank': 20, 'fitness': 0.9808138536435196, 'generation': 209}","{'id': 15918, 'rank': 21, 'fitness': 0.9801069437573935, 'generation': 209}","{'id': 15968, 'rank': 22, 'fitness': 0.9796496810913107, 'generation': 209}","{'id': 15990, 'rank': 23, 'fitness': 0.9793890686176765, 'generation': 209}","{'id': 15994, 'rank': 24, 'fitness': 0.9787456628871808, 'generation': 209}","{'id': 15969, 'rank': 25, 'fitness': 0.9785332102972701, 'generation': 209}","{'id': 15996, 'rank': 26, 'fitness': 0.9773582540038328, 'generation': 209}","{'id': 16013, 'rank': 27, 'fitness': 0.976983634576355, 'generation': 209}","{'id': 15976, 'rank': 28, 'fitness': 0.9768682906371134, 'generation': 209}","{'id': 15975, 'rank': 29, 'fitness': 0.9764405905522113, 'generation': 209}","{'id': 15972, 'rank': 30, 'fitness': 0.01798620996209155, 'generation': 209}"
"{'id': 16082, 'rank': 1, 'fitness': 0.9820137900379085, 'generation': 210}","{'id': 16053, 'rank': 2, 'fitness': 0.979016706607169, 'generation': 210}","{'id': 15999, 'rank': 3, 'fitness': 0.9737475149502941, 'generation': 210}","{'id': 15999, 'rank': 4, 'fitness': 0.9737475149502941, 'generation': 210}","{'id': 15692, 'rank': 5, 'fitness': 0.9725163130036667, 'generation': 210}","{'id': 15692, 'rank': 6, 'fitness': 0.9725163130036667, 'generation': 210}","{'id': 15692, 'rank': 7, 'fitness': 0.9725163130036667, 'generation': 210}","{'id': 16026, 'rank': 8, 'fitness': 0.9719895188817782, 'generation': 210}","{'id': 15788, 'rank': 9, 'fitness': 0.9697124389765163, 'generation': 210}","{'id': 16031, 'rank': 10, 'fitness': 0.9641190393488988, 'generation': 210}","{'id': 16031, 'rank': 11, 'fitness': 0.9641190393488988, 'generation': 210}","{'id': 16027, 'rank': 12, 'fitness': 0.9625145927717288, 'generation': 210}","{'id': 16058, 'rank': 13, 'fitness': 0.9620473367990783, 'generation': 210}","{'id': 16059, 'rank': 14, 'fitness': 0.9579902467440153, 'generation': 210}","{'id': 16019, 'rank': 15, 'fitness': 0.9573593882992845, 'generation': 210}","{'id': 16080, 'rank': 16, 'fitness': 0.9523832513018984, 'generation': 210}","{'id': 16064, 'rank': 17, 'fitness': 0.9304430092128938, 'generation': 210}","{'id': 16066, 'rank': 18, 'fitness': 0.92701904986114, 'generation': 210}","{'id': 15887, 'rank': 19, 'fitness': 0.9168198304692318, 'generation': 210}","{'id': 15981, 'rank': 20, 'fitness': 0.8992937984118854, 'generation': 210}","{'id': 15981, 'rank': 21, 'fitness': 0.8992937984118854, 'generation': 210}","{'id': 16078, 'rank': 22, 'fitness': 0.8345239425867071, 'generation': 210}","{'id': 15918, 'rank': 23, 'fitness': 0.6760594217090273, 'generation': 210}","{'id': 16061, 'rank': 24, 'fitness': 0.666980049586138, 'generation': 210}","{'id': 16061, 'rank': 25, 'fitness': 0.666980049586138, 'generation': 210}","{'id': 16072, 'rank': 26, 'fitness': 0.1858366089573612, 'generation': 210}","{'id': 16067, 'rank': 27, 'fitness': 0.17801395282486943, 'generation': 210}","{'id': 15969, 'rank': 28, 'fitness': 0.14997688776069684, 'generation': 210}","{'id': 16073, 'rank': 29, 'fitness': 0.10208293368781085, 'generation': 210}","{'id': 16013, 'rank': 30, 'fitness': 0.01798620996209155, 'generation': 210}"
"{'id': 16109, 'rank': 1, 'fitness': 0.9820137900379085, 'generation': 211}","{'id': 16156, 'rank': 2, 'fitness': 0.9815704842370789, 'generation': 211}","{'id': 16053, 'rank': 3, 'fitness': 0.9814519805247555, 'generation': 211}","{'id': 16053, 'rank': 4, 'fitness': 0.9814519805247555, 'generation': 211}","{'id': 15999, 'rank': 5, 'fitness': 0.9788806407127664, 'generation': 211}","{'id': 15692, 'rank': 6, 'fitness': 0.9783111693087552, 'generation': 211}","{'id': 15692, 'rank': 7, 'fitness': 0.9783111693087552, 'generation': 211}","{'id': 16026, 'rank': 8, 'fitness': 0.97807066902489, 'generation': 211}","{'id': 16026, 'rank': 9, 'fitness': 0.97807066902489, 'generation': 211}","{'id': 16026, 'rank': 10, 'fitness': 0.97807066902489, 'generation': 211}","{'id': 16026, 'rank': 11, 'fitness': 0.97807066902489, 'generation': 211}","{'id': 16167, 'rank': 12, 'fitness': 0.9777072729060534, 'generation': 211}","{'id': 15788, 'rank': 13, 'fitness': 0.9770513926298471, 'generation': 211}","{'id': 16157, 'rank': 14, 'fitness': 0.9742663707285104, 'generation': 211}","{'id': 16027, 'rank': 15, 'fitness': 0.9740146142438721, 'generation': 211}","{'id': 16027, 'rank': 16, 'fitness': 0.9740146142438721, 'generation': 211}","{'id': 16027, 'rank': 17, 'fitness': 0.9740146142438721, 'generation': 211}","{'id': 16116, 'rank': 18, 'fitness': 0.97380311828801, 'generation': 211}","{'id': 16019, 'rank': 19, 'fitness': 0.9719796383753647, 'generation': 211}","{'id': 16136, 'rank': 20, 'fitness': 0.9712320482491067, 'generation': 211}","{'id': 16136, 'rank': 21, 'fitness': 0.9712320482491067, 'generation': 211}","{'id': 16064, 'rank': 22, 'fitness': 0.9625811623397389, 'generation': 211}","{'id': 16161, 'rank': 23, 'fitness': 0.9502939278007014, 'generation': 211}","{'id': 16152, 'rank': 24, 'fitness': 0.9439621246412498, 'generation': 211}","{'id': 16151, 'rank': 25, 'fitness': 0.9262965278605617, 'generation': 211}","{'id': 16151, 'rank': 26, 'fitness': 0.9262965278605617, 'generation': 211}","{'id': 16111, 'rank': 27, 'fitness': 0.9027749765836278, 'generation': 211}","{'id': 16105, 'rank': 28, 'fitness': 0.8365090143934599, 'generation': 211}","{'id': 16158, 'rank': 29, 'fitness': 0.13646890815720913, 'generation': 211}","{'id': 16132, 'rank': 30, 'fitness': 0.01798620996209155, 'generation': 211}"
"{'id': 16109, 'rank': 1, 'fitness': 0.9820137900379085, 'generation': 212}","{'id': 16156, 'rank': 2, 'fitness': 0.9808823208823269, 'generation': 212}","{'id': 16053, 'rank': 3, 'fitness': 0.9805729520137336, 'generation': 212}","{'id': 16197, 'rank': 4, 'fitness': 0.979431174169267, 'generation': 212}","{'id': 16197, 'rank': 5, 'fitness': 0.979431174169267, 'generation': 212}","{'id': 16217, 'rank': 6, 'fitness': 0.9792101667853192, 'generation': 212}","{'id': 15999, 'rank': 7, 'fitness': 0.9731292919763956, 'generation': 212}","{'id': 15999, 'rank': 8, 'fitness': 0.9731292919763956, 'generation': 212}","{'id': 16026, 'rank': 9, 'fitness': 0.9704900132812578, 'generation': 212}","{'id': 16026, 'rank': 10, 'fitness': 0.9704900132812578, 'generation': 212}","{'id': 16260, 'rank': 11, 'fitness': 0.9682175121495751, 'generation': 212}","{'id': 16207, 'rank': 12, 'fitness': 0.9649927181795405, 'generation': 212}","{'id': 16262, 'rank': 13, 'fitness': 0.9632211151300307, 'generation': 212}","{'id': 16262, 'rank': 14, 'fitness': 0.9632211151300307, 'generation': 212}","{'id': 16157, 'rank': 15, 'fitness': 0.9561577941375367, 'generation': 212}","{'id': 16211, 'rank': 16, 'fitness': 0.9468561630763996, 'generation': 212}","{'id': 16019, 'rank': 17, 'fitness': 0.9459892664622447, 'generation': 212}","{'id': 16185, 'rank': 18, 'fitness': 0.9455880351029422, 'generation': 212}","{'id': 16136, 'rank': 19, 'fitness': 0.9424116370897515, 'generation': 212}","{'id': 16136, 'rank': 20, 'fitness': 0.9424116370897515, 'generation': 212}","{'id': 16136, 'rank': 21, 'fitness': 0.9424116370897515, 'generation': 212}","{'id': 16190, 'rank': 22, 'fitness': 0.9421279828970267, 'generation': 212}","{'id': 16200, 'rank': 23, 'fitness': 0.9385853292679449, 'generation': 212}","{'id': 16259, 'rank': 24, 'fitness': 0.909338810479249, 'generation': 212}","{'id': 16239, 'rank': 25, 'fitness': 0.8883394519306698, 'generation': 212}","{'id': 16258, 'rank': 26, 'fitness': 0.8270451802462943, 'generation': 212}","{'id': 16238, 'rank': 27, 'fitness': 0.8015140603477874, 'generation': 212}","{'id': 16244, 'rank': 28, 'fitness': 0.7465349828614225, 'generation': 212}","{'id': 16252, 'rank': 29, 'fitness': 0.6631330823511724, 'generation': 212}","{'id': 16232, 'rank': 30, 'fitness': 0.01798620996209155, 'generation': 212}"
"{'id': 16349, 'rank': 1, 'fitness': 0.9820137900379085, 'generation': 213}","{'id': 16109, 'rank': 2, 'fitness': 0.9820032513659884, 'generation': 213}","{'id': 16197, 'rank': 3, 'fitness': 0.9816965335422618, 'generation': 213}","{'id': 16217, 'rank': 4, 'fitness': 0.9816718463716878, 'generation': 213}","{'id': 16217, 'rank': 5, 'fitness': 0.9816718463716878, 'generation': 213}","{'id': 16026, 'rank': 6, 'fitness': 0.9808407718494266, 'generation': 213}","{'id': 16026, 'rank': 7, 'fitness': 0.9808407718494266, 'generation': 213}","{'id': 16302, 'rank': 8, 'fitness': 0.9804706593448698, 'generation': 213}","{'id': 16358, 'rank': 9, 'fitness': 0.9804620952000849, 'generation': 213}","{'id': 16343, 'rank': 10, 'fitness': 0.9803722068373215, 'generation': 213}","{'id': 16284, 'rank': 11, 'fitness': 0.9797313767543898, 'generation': 213}","{'id': 16353, 'rank': 12, 'fitness': 0.97936131628223, 'generation': 213}","{'id': 16350, 'rank': 13, 'fitness': 0.9790099366506915, 'generation': 213}","{'id': 16289, 'rank': 14, 'fitness': 0.9784980227212209, 'generation': 213}","{'id': 16285, 'rank': 15, 'fitness': 0.9776527704154441, 'generation': 213}","{'id': 16239, 'rank': 16, 'fitness': 0.9771809190107279, 'generation': 213}","{'id': 16307, 'rank': 17, 'fitness': 0.9768195072827424, 'generation': 213}","{'id': 16307, 'rank': 18, 'fitness': 0.9768195072827424, 'generation': 213}","{'id': 16274, 'rank': 19, 'fitness': 0.9766985295017898, 'generation': 213}","{'id': 16269, 'rank': 20, 'fitness': 0.9764236864537372, 'generation': 213}","{'id': 16328, 'rank': 21, 'fitness': 0.9761992174611265, 'generation': 213}","{'id': 16356, 'rank': 22, 'fitness': 0.9759491303993434, 'generation': 213}","{'id': 16258, 'rank': 23, 'fitness': 0.9757082872605669, 'generation': 213}","{'id': 16322, 'rank': 24, 'fitness': 0.9744760807930803, 'generation': 213}","{'id': 16357, 'rank': 25, 'fitness': 0.9731140549962835, 'generation': 213}","{'id': 16321, 'rank': 26, 'fitness': 0.9710351721177664, 'generation': 213}","{'id': 16279, 'rank': 27, 'fitness': 0.9664465807892323, 'generation': 213}","{'id': 16278, 'rank': 28, 'fitness': 0.9578572952425854, 'generation': 213}","{'id': 16266, 'rank': 29, 'fitness': 0.9292429834721948, 'generation': 213}","{'id': 16290, 'rank': 30, 'fitness': 0.01798620996209155, 'generation': 213}"
"{'id': 16446, 'rank': 1, 'fitness': 0.9820137900379085, 'generation': 214}","{'id': 16414, 'rank': 2, 'fitness': 0.9358244236034761, 'generation': 214}","{'id': 16217, 'rank': 3, 'fitness': 0.9320970457243952, 'generation': 214}","{'id': 16217, 'rank': 4, 'fitness': 0.9320970457243952, 'generation': 214}","{'id': 16217, 'rank': 5, 'fitness': 0.9320970457243952, 'generation': 214}","{'id': 16217, 'rank': 6, 'fitness': 0.9320970457243952, 'generation': 214}","{'id': 16217, 'rank': 7, 'fitness': 0.9320970457243952, 'generation': 214}","{'id': 16449, 'rank': 8, 'fitness': 0.879916456034882, 'generation': 214}","{'id': 16358, 'rank': 9, 'fitness': 0.8626560346034586, 'generation': 214}","{'id': 16429, 'rank': 10, 'fitness': 0.8321587050362387, 'generation': 214}","{'id': 16284, 'rank': 11, 'fitness': 0.8002664377884712, 'generation': 214}","{'id': 16369, 'rank': 12, 'fitness': 0.7241085554009239, 'generation': 214}","{'id': 16383, 'rank': 13, 'fitness': 0.706054787173601, 'generation': 214}","{'id': 16359, 'rank': 14, 'fitness': 0.6151946480270795, 'generation': 214}","{'id': 16408, 'rank': 15, 'fitness': 0.6107484239625603, 'generation': 214}","{'id': 16417, 'rank': 16, 'fitness': 0.5971740128279215, 'generation': 214}","{'id': 16445, 'rank': 17, 'fitness': 0.5702729436323876, 'generation': 214}","{'id': 16239, 'rank': 18, 'fitness': 0.48359978940803616, 'generation': 214}","{'id': 16239, 'rank': 19, 'fitness': 0.48359978940803616, 'generation': 214}","{'id': 16443, 'rank': 20, 'fitness': 0.44023720130216726, 'generation': 214}","{'id': 16307, 'rank': 21, 'fitness': 0.4356991516474241, 'generation': 214}","{'id': 16428, 'rank': 22, 'fitness': 0.3581345103508793, 'generation': 214}","{'id': 16356, 'rank': 23, 'fitness': 0.3292316035643854, 'generation': 214}","{'id': 16442, 'rank': 24, 'fitness': 0.30594536009858797, 'generation': 214}","{'id': 16442, 'rank': 25, 'fitness': 0.30594536009858797, 'generation': 214}","{'id': 16258, 'rank': 26, 'fitness': 0.30275862472873427, 'generation': 214}","{'id': 16322, 'rank': 27, 'fitness': 0.19105936470864227, 'generation': 214}","{'id': 16406, 'rank': 28, 'fitness': 0.06387812950868998, 'generation': 214}","{'id': 16406, 'rank': 29, 'fitness': 0.06387812950868998, 'generation': 214}","{'id': 16434, 'rank': 30, 'fitness': 0.01798620996209155, 'generation': 214}"
"{'id': 16217, 'rank': 1, 'fitness': 0.9820137900379085, 'generation': 215}","{'id': 16217, 'rank': 2, 'fitness': 0.9820137900379085, 'generation': 215}","{'id': 16217, 'rank': 3, 'fitness': 0.9820137900379085, 'generation': 215}","{'id': 16358, 'rank': 4, 'fitness': 0.9819015459716012, 'generation': 215}","{'id': 16491, 'rank': 5, 'fitness': 0.9818774770015493, 'generation': 215}","{'id': 16383, 'rank': 6, 'fitness': 0.9817626038146618, 'generation': 215}","{'id': 16383, 'rank': 7, 'fitness': 0.9817626038146618, 'generation': 215}","{'id': 16383, 'rank': 8, 'fitness': 0.9817626038146618, 'generation': 215}","{'id': 16445, 'rank': 9, 'fitness': 0.9816763174078441, 'generation': 215}","{'id': 16445, 'rank': 10, 'fitness': 0.9816763174078441, 'generation': 215}","{'id': 16239, 'rank': 11, 'fitness': 0.9816254366993029, 'generation': 215}","{'id': 16428, 'rank': 12, 'fitness': 0.981549594955023, 'generation': 215}","{'id': 16406, 'rank': 13, 'fitness': 0.9812386824644794, 'generation': 215}","{'id': 16406, 'rank': 14, 'fitness': 0.9812386824644794, 'generation': 215}","{'id': 16434, 'rank': 15, 'fitness': 0.9810414691048228, 'generation': 215}","{'id': 16434, 'rank': 16, 'fitness': 0.9810414691048228, 'generation': 215}","{'id': 16473, 'rank': 17, 'fitness': 0.9801855894237685, 'generation': 215}","{'id': 16470, 'rank': 18, 'fitness': 0.980141976797873, 'generation': 215}","{'id': 16486, 'rank': 19, 'fitness': 0.9754897655393214, 'generation': 215}","{'id': 16486, 'rank': 20, 'fitness': 0.9754897655393214, 'generation': 215}","{'id': 16486, 'rank': 21, 'fitness': 0.9754897655393214, 'generation': 215}","{'id': 16502, 'rank': 22, 'fitness': 0.9753365999982967, 'generation': 215}","{'id': 16502, 'rank': 23, 'fitness': 0.9753365999982967, 'generation': 215}","{'id': 16487, 'rank': 24, 'fitness': 0.975201781266199, 'generation': 215}","{'id': 16504, 'rank': 25, 'fitness': 0.9741782763721716, 'generation': 215}","{'id': 16512, 'rank': 26, 'fitness': 0.9347340910065597, 'generation': 215}","{'id': 16484, 'rank': 27, 'fitness': 0.6874612187841806, 'generation': 215}","{'id': 16482, 'rank': 28, 'fitness': 0.6207558044540437, 'generation': 215}","{'id': 16515, 'rank': 29, 'fitness': 0.1211663901127526, 'generation': 215}","{'id': 16499, 'rank': 30, 'fitness': 0.01798620996209155, 'generation': 215}"
"{'id': 16564, 'rank': 1, 'fitness': 0.9820137900379085, 'generation': 216}","{'id': 16572, 'rank': 2, 'fitness': 0.979173291392538, 'generation': 216}","{'id': 16217, 'rank': 3, 'fitness': 0.9787687080606514, 'generation': 216}","{'id': 16217, 'rank': 4, 'fitness': 0.9787687080606514, 'generation': 216}","{'id': 16546, 'rank': 5, 'fitness': 0.9760866987762686, 'generation': 216}","{'id': 16546, 'rank': 6, 'fitness': 0.9760866987762686, 'generation': 216}","{'id': 16358, 'rank': 7, 'fitness': 0.9756700435178643, 'generation': 216}","{'id': 16562, 'rank': 8, 'fitness': 0.9732808915145175, 'generation': 216}","{'id': 16584, 'rank': 9, 'fitness': 0.9732425407105031, 'generation': 216}","{'id': 16521, 'rank': 10, 'fitness': 0.9726238609049525, 'generation': 216}","{'id': 16573, 'rank': 11, 'fitness': 0.9716537241056344, 'generation': 216}","{'id': 16573, 'rank': 12, 'fitness': 0.9716537241056344, 'generation': 216}","{'id': 16383, 'rank': 13, 'fitness': 0.971252218020658, 'generation': 216}","{'id': 16552, 'rank': 14, 'fitness': 0.9702447253695097, 'generation': 216}","{'id': 16518, 'rank': 15, 'fitness': 0.970148912291963, 'generation': 216}","{'id': 16540, 'rank': 16, 'fitness': 0.9699146558493336, 'generation': 216}","{'id': 16445, 'rank': 17, 'fitness': 0.968146366449282, 'generation': 216}","{'id': 16445, 'rank': 18, 'fitness': 0.968146366449282, 'generation': 216}","{'id': 16568, 'rank': 19, 'fitness': 0.9629881715153707, 'generation': 216}","{'id': 16528, 'rank': 20, 'fitness': 0.9625992247111963, 'generation': 216}","{'id': 16542, 'rank': 21, 'fitness': 0.9549536165140837, 'generation': 216}","{'id': 16519, 'rank': 22, 'fitness': 0.9478900051137193, 'generation': 216}","{'id': 16434, 'rank': 23, 'fitness': 0.9340457063485279, 'generation': 216}","{'id': 16586, 'rank': 24, 'fitness': 0.922059450818894, 'generation': 216}","{'id': 16580, 'rank': 25, 'fitness': 0.9128337555371541, 'generation': 216}","{'id': 16527, 'rank': 26, 'fitness': 0.8136668482067126, 'generation': 216}","{'id': 16603, 'rank': 27, 'fitness': 0.05283103947316714, 'generation': 216}","{'id': 16486, 'rank': 28, 'fitness': 0.04206214122958263, 'generation': 216}","{'id': 16502, 'rank': 29, 'fitness': 0.03675040071712532, 'generation': 216}","{'id': 16550, 'rank': 30, 'fitness': 0.01798620996209155, 'generation': 216}"
"{'id': 16664, 'rank': 1, 'fitness': 0.9820137900379085, 'generation': 217}","{'id': 16623, 'rank': 2, 'fitness': 0.9819829713330555, 'generation': 217}","{'id': 16676, 'rank': 3, 'fitness': 0.9816038558175979, 'generation': 217}","{'id': 16572, 'rank': 4, 'fitness': 0.9796213500150683, 'generation': 217}","{'id': 16632, 'rank': 5, 'fitness': 0.9794685790249789, 'generation': 217}","{'id': 16617, 'rank': 6, 'fitness': 0.9744625830938849, 'generation': 217}","{'id': 16562, 'rank': 7, 'fitness': 0.9727341753602771, 'generation': 217}","{'id': 16672, 'rank': 8, 'fitness': 0.9723195811028377, 'generation': 217}","{'id': 16612, 'rank': 9, 'fitness': 0.9719000764308359, 'generation': 217}","{'id': 16612, 'rank': 10, 'fitness': 0.9719000764308359, 'generation': 217}","{'id': 16642, 'rank': 11, 'fitness': 0.9708582403570544, 'generation': 217}","{'id': 16573, 'rank': 12, 'fitness': 0.9707854249453121, 'generation': 217}","{'id': 16694, 'rank': 13, 'fitness': 0.9689507940804739, 'generation': 217}","{'id': 16540, 'rank': 14, 'fitness': 0.9686825952393152, 'generation': 217}","{'id': 16671, 'rank': 15, 'fitness': 0.9639581422498427, 'generation': 217}","{'id': 16568, 'rank': 16, 'fitness': 0.9601227307071859, 'generation': 217}","{'id': 16643, 'rank': 17, 'fitness': 0.9599559220445806, 'generation': 217}","{'id': 16644, 'rank': 18, 'fitness': 0.9577797495435145, 'generation': 217}","{'id': 16695, 'rank': 19, 'fitness': 0.9567434924826563, 'generation': 217}","{'id': 16640, 'rank': 20, 'fitness': 0.9556575913423905, 'generation': 217}","{'id': 16650, 'rank': 21, 'fitness': 0.9550933349088159, 'generation': 217}","{'id': 16542, 'rank': 22, 'fitness': 0.9498786124025813, 'generation': 217}","{'id': 16646, 'rank': 23, 'fitness': 0.9423440700807697, 'generation': 217}","{'id': 16519, 'rank': 24, 'fitness': 0.940642654952629, 'generation': 217}","{'id': 16651, 'rank': 25, 'fitness': 0.9291008816711435, 'generation': 217}","{'id': 16685, 'rank': 26, 'fitness': 0.9098576662012223, 'generation': 217}","{'id': 16586, 'rank': 27, 'fitness': 0.9055297071244657, 'generation': 217}","{'id': 16696, 'rank': 28, 'fitness': 0.8121655113046871, 'generation': 217}","{'id': 16659, 'rank': 29, 'fitness': 0.487399988066441, 'generation': 217}","{'id': 16603, 'rank': 30, 'fitness': 0.01798620996209155, 'generation': 217}"
"{'id': 16740, 'rank': 1, 'fitness': 0.9820137900379085, 'generation': 218}","{'id': 16740, 'rank': 2, 'fitness': 0.9820137900379085, 'generation': 218}","{'id': 16664, 'rank': 3, 'fitness': 0.9659286806105137, 'generation': 218}","{'id': 16664, 'rank': 4, 'fitness': 0.9659286806105137, 'generation': 218}","{'id': 16623, 'rank': 5, 'fitness': 0.9657885095686108, 'generation': 218}","{'id': 16572, 'rank': 6, 'fitness': 0.9540953234450342, 'generation': 218}","{'id': 16741, 'rank': 7, 'fitness': 0.9442778646729612, 'generation': 218}","{'id': 16705, 'rank': 8, 'fitness': 0.9418627517705678, 'generation': 218}","{'id': 16765, 'rank': 9, 'fitness': 0.9371651165269931, 'generation': 218}","{'id': 16754, 'rank': 10, 'fitness': 0.9284443429678719, 'generation': 218}","{'id': 16758, 'rank': 11, 'fitness': 0.9116501826282079, 'generation': 218}","{'id': 16562, 'rank': 12, 'fitness': 0.9094647838730273, 'generation': 218}","{'id': 16672, 'rank': 13, 'fitness': 0.906300866833854, 'generation': 218}","{'id': 16612, 'rank': 14, 'fitness': 0.903047640190112, 'generation': 218}","{'id': 16612, 'rank': 15, 'fitness': 0.903047640190112, 'generation': 218}","{'id': 16766, 'rank': 16, 'fitness': 0.902391825132365, 'generation': 218}","{'id': 16768, 'rank': 17, 'fitness': 0.9020571660759362, 'generation': 218}","{'id': 16751, 'rank': 18, 'fitness': 0.8999606215229483, 'generation': 218}","{'id': 16642, 'rank': 19, 'fitness': 0.8947472375684096, 'generation': 218}","{'id': 16573, 'rank': 20, 'fitness': 0.8941555314550883, 'generation': 218}","{'id': 16756, 'rank': 21, 'fitness': 0.8934968326968037, 'generation': 218}","{'id': 16757, 'rank': 22, 'fitness': 0.8610284046151089, 'generation': 218}","{'id': 16643, 'rank': 23, 'fitness': 0.7921207027337125, 'generation': 218}","{'id': 16542, 'rank': 24, 'fitness': 0.6823790650821021, 'generation': 218}","{'id': 16703, 'rank': 25, 'fitness': 0.6093275702933147, 'generation': 218}","{'id': 16519, 'rank': 26, 'fitness': 0.5814023382548171, 'generation': 218}","{'id': 16707, 'rank': 27, 'fitness': 0.2897628233748264, 'generation': 218}","{'id': 16718, 'rank': 28, 'fitness': 0.15747987080465564, 'generation': 218}","{'id': 16729, 'rank': 29, 'fitness': 0.05870344798718874, 'generation': 218}","{'id': 16769, 'rank': 30, 'fitness': 0.01798620996209155, 'generation': 218}"
"{'id': 16740, 'rank': 1, 'fitness': 0.9820137900379085, 'generation': 219}","{'id': 16740, 'rank': 2, 'fitness': 0.9820137900379085, 'generation': 219}","{'id': 16824, 'rank': 3, 'fitness': 0.9816231740731479, 'generation': 219}","{'id': 16824, 'rank': 4, 'fitness': 0.9816231740731479, 'generation': 219}","{'id': 16822, 'rank': 5, 'fitness': 0.9809408720324597, 'generation': 219}","{'id': 16765, 'rank': 6, 'fitness': 0.978338765742431, 'generation': 219}","{'id': 16821, 'rank': 7, 'fitness': 0.9780855330005735, 'generation': 219}","{'id': 16842, 'rank': 8, 'fitness': 0.9780189098075014, 'generation': 219}","{'id': 16754, 'rank': 9, 'fitness': 0.9779030127890638, 'generation': 219}","{'id': 16856, 'rank': 10, 'fitness': 0.9773636688275527, 'generation': 219}","{'id': 16766, 'rank': 11, 'fitness': 0.9768067547054592, 'generation': 219}","{'id': 16766, 'rank': 12, 'fitness': 0.9768067547054592, 'generation': 219}","{'id': 16766, 'rank': 13, 'fitness': 0.9768067547054592, 'generation': 219}","{'id': 16768, 'rank': 14, 'fitness': 0.9767941891990113, 'generation': 219}","{'id': 16573, 'rank': 15, 'fitness': 0.9765062564487335, 'generation': 219}","{'id': 16756, 'rank': 16, 'fitness': 0.9764829706301508, 'generation': 219}","{'id': 16757, 'rank': 17, 'fitness': 0.9754438217561797, 'generation': 219}","{'id': 16858, 'rank': 18, 'fitness': 0.9744080246894947, 'generation': 219}","{'id': 16860, 'rank': 19, 'fitness': 0.9743636926279922, 'generation': 219}","{'id': 16829, 'rank': 20, 'fitness': 0.9692208918414669, 'generation': 219}","{'id': 16707, 'rank': 21, 'fitness': 0.9638865695590353, 'generation': 219}","{'id': 16847, 'rank': 22, 'fitness': 0.962877063618642, 'generation': 219}","{'id': 16845, 'rank': 23, 'fitness': 0.9624217498329176, 'generation': 219}","{'id': 16825, 'rank': 24, 'fitness': 0.9598367607860379, 'generation': 219}","{'id': 16800, 'rank': 25, 'fitness': 0.9288329910468484, 'generation': 219}","{'id': 16793, 'rank': 26, 'fitness': 0.920322123146893, 'generation': 219}","{'id': 16795, 'rank': 27, 'fitness': 0.9199712076973892, 'generation': 219}","{'id': 16795, 'rank': 28, 'fitness': 0.9199712076973892, 'generation': 219}","{'id': 16797, 'rank': 29, 'fitness': 0.8467665386065164, 'generation': 219}","{'id': 16854, 'rank': 30, 'fitness': 0.01798620996209155, 'generation': 219}"
"{'id': 16910, 'rank': 1, 'fitness': 0.9820137900379085, 'generation': 220}","{'id': 16824, 'rank': 2, 'fitness': 0.9801240531603661, 'generation': 220}","{'id': 16824, 'rank': 3, 'fitness': 0.9801240531603661, 'generation': 220}","{'id': 16914, 'rank': 4, 'fitness': 0.9775063771250959, 'generation': 220}","{'id': 16907, 'rank': 5, 'fitness': 0.9772677835138581, 'generation': 220}","{'id': 16928, 'rank': 6, 'fitness': 0.9756806498292194, 'generation': 220}","{'id': 16928, 'rank': 7, 'fitness': 0.9756806498292194, 'generation': 220}","{'id': 16894, 'rank': 8, 'fitness': 0.9734130794926756, 'generation': 220}","{'id': 16899, 'rank': 9, 'fitness': 0.9712056023145801, 'generation': 220}","{'id': 16909, 'rank': 10, 'fitness': 0.970980941682656, 'generation': 220}","{'id': 16866, 'rank': 11, 'fitness': 0.9642467651418045, 'generation': 220}","{'id': 16821, 'rank': 12, 'fitness': 0.9634792492756585, 'generation': 220}","{'id': 16821, 'rank': 13, 'fitness': 0.9634792492756585, 'generation': 220}","{'id': 16842, 'rank': 14, 'fitness': 0.9630971384177042, 'generation': 220}","{'id': 16917, 'rank': 15, 'fitness': 0.9581679408564847, 'generation': 220}","{'id': 16766, 'rank': 16, 'fitness': 0.9556665422106948, 'generation': 220}","{'id': 16768, 'rank': 17, 'fitness': 0.9555846819643903, 'generation': 220}","{'id': 16573, 'rank': 18, 'fitness': 0.9536811995767445, 'generation': 220}","{'id': 16882, 'rank': 19, 'fitness': 0.9529535098862392, 'generation': 220}","{'id': 16916, 'rank': 20, 'fitness': 0.9500875895472836, 'generation': 220}","{'id': 16874, 'rank': 21, 'fitness': 0.9424849376877076, 'generation': 220}","{'id': 16860, 'rank': 22, 'fitness': 0.9378063663782927, 'generation': 220}","{'id': 16929, 'rank': 23, 'fitness': 0.9231919345313182, 'generation': 220}","{'id': 16929, 'rank': 24, 'fitness': 0.9231919345313182, 'generation': 220}","{'id': 16929, 'rank': 25, 'fitness': 0.9231919345313182, 'generation': 220}","{'id': 16873, 'rank': 26, 'fitness': 0.9026285400937217, 'generation': 220}","{'id': 16886, 'rank': 27, 'fitness': 0.9019539272042235, 'generation': 220}","{'id': 16875, 'rank': 28, 'fitness': 0.8635254060241526, 'generation': 220}","{'id': 16887, 'rank': 29, 'fitness': 0.11424256169647728, 'generation': 220}","{'id': 16797, 'rank': 30, 'fitness': 0.01798620996209155, 'generation': 220}"
"{'id': 17016, 'rank': 1, 'fitness': 0.9820137900379085, 'generation': 221}","{'id': 16970, 'rank': 2, 'fitness': 0.9804410440170213, 'generation': 221}","{'id': 16914, 'rank': 3, 'fitness': 0.9763557255206214, 'generation': 221}","{'id': 16914, 'rank': 4, 'fitness': 0.9763557255206214, 'generation': 221}","{'id': 16957, 'rank': 5, 'fitness': 0.9755727017487756, 'generation': 221}","{'id': 16986, 'rank': 6, 'fitness': 0.9708782250645007, 'generation': 221}","{'id': 16894, 'rank': 7, 'fitness': 0.9702266213661921, 'generation': 221}","{'id': 16909, 'rank': 8, 'fitness': 0.9664151614683689, 'generation': 221}","{'id': 16980, 'rank': 9, 'fitness': 0.9656160454066278, 'generation': 221}","{'id': 16965, 'rank': 10, 'fitness': 0.9648816960615216, 'generation': 221}","{'id': 16967, 'rank': 11, 'fitness': 0.9614045636328972, 'generation': 221}","{'id': 16994, 'rank': 12, 'fitness': 0.958401923228529, 'generation': 221}","{'id': 16866, 'rank': 13, 'fitness': 0.9552794676665927, 'generation': 221}","{'id': 16866, 'rank': 14, 'fitness': 0.9552794676665927, 'generation': 221}","{'id': 16993, 'rank': 15, 'fitness': 0.9543651112105005, 'generation': 221}","{'id': 16821, 'rank': 16, 'fitness': 0.9539606141106216, 'generation': 221}","{'id': 16821, 'rank': 17, 'fitness': 0.9539606141106216, 'generation': 221}","{'id': 16768, 'rank': 18, 'fitness': 0.9398774845563003, 'generation': 221}","{'id': 16573, 'rank': 19, 'fitness': 0.9363524827049331, 'generation': 221}","{'id': 17017, 'rank': 20, 'fitness': 0.9322142496316144, 'generation': 221}","{'id': 16953, 'rank': 21, 'fitness': 0.9278070611668224, 'generation': 221}","{'id': 17002, 'rank': 22, 'fitness': 0.919269478901954, 'generation': 221}","{'id': 16960, 'rank': 23, 'fitness': 0.8834968307151627, 'generation': 221}","{'id': 16929, 'rank': 24, 'fitness': 0.8748957844658758, 'generation': 221}","{'id': 16956, 'rank': 25, 'fitness': 0.8454027473548422, 'generation': 221}","{'id': 16987, 'rank': 26, 'fitness': 0.7500019366878785, 'generation': 221}","{'id': 16936, 'rank': 27, 'fitness': 0.6828343619262496, 'generation': 221}","{'id': 17007, 'rank': 28, 'fitness': 0.2905263145228283, 'generation': 221}","{'id': 17008, 'rank': 29, 'fitness': 0.22922785531326506, 'generation': 221}","{'id': 16974, 'rank': 30, 'fitness': 0.01798620996209155, 'generation': 221}"
"{'id': 17060, 'rank': 1, 'fitness': 0.9820137900379085, 'generation': 222}","{'id': 17089, 'rank': 2, 'fitness': 0.9819909752724844, 'generation': 222}","{'id': 17091, 'rank': 3, 'fitness': 0.9814226594727433, 'generation': 222}","{'id': 17091, 'rank': 4, 'fitness': 0.9814226594727433, 'generation': 222}","{'id': 16894, 'rank': 5, 'fitness': 0.978592797366676, 'generation': 222}","{'id': 16909, 'rank': 6, 'fitness': 0.9776380698626739, 'generation': 222}","{'id': 17054, 'rank': 7, 'fitness': 0.9771044749856772, 'generation': 222}","{'id': 17090, 'rank': 8, 'fitness': 0.976475462158166, 'generation': 222}","{'id': 17096, 'rank': 9, 'fitness': 0.9757865996524882, 'generation': 222}","{'id': 17042, 'rank': 10, 'fitness': 0.9749952766327294, 'generation': 222}","{'id': 17042, 'rank': 11, 'fitness': 0.9749952766327294, 'generation': 222}","{'id': 16993, 'rank': 12, 'fitness': 0.9749944465222062, 'generation': 222}","{'id': 16821, 'rank': 13, 'fitness': 0.9749134600331515, 'generation': 222}","{'id': 16821, 'rank': 14, 'fitness': 0.9749134600331515, 'generation': 222}","{'id': 17059, 'rank': 15, 'fitness': 0.9732962694093541, 'generation': 222}","{'id': 17059, 'rank': 16, 'fitness': 0.9732962694093541, 'generation': 222}","{'id': 16768, 'rank': 17, 'fitness': 0.9723200804915932, 'generation': 222}","{'id': 16573, 'rank': 18, 'fitness': 0.9717278553189181, 'generation': 222}","{'id': 17055, 'rank': 19, 'fitness': 0.9694004726439103, 'generation': 222}","{'id': 17055, 'rank': 20, 'fitness': 0.9694004726439103, 'generation': 222}","{'id': 17088, 'rank': 21, 'fitness': 0.9680866117717185, 'generation': 222}","{'id': 17030, 'rank': 22, 'fitness': 0.9674237339193902, 'generation': 222}","{'id': 16960, 'rank': 23, 'fitness': 0.9644139638323348, 'generation': 222}","{'id': 17070, 'rank': 24, 'fitness': 0.95455992003306, 'generation': 222}","{'id': 17070, 'rank': 25, 'fitness': 0.95455992003306, 'generation': 222}","{'id': 17027, 'rank': 26, 'fitness': 0.9494831917464053, 'generation': 222}","{'id': 17007, 'rank': 27, 'fitness': 0.904898938740756, 'generation': 222}","{'id': 17086, 'rank': 28, 'fitness': 0.8921769415179818, 'generation': 222}","{'id': 17046, 'rank': 29, 'fitness': 0.11184264857861326, 'generation': 222}","{'id': 17020, 'rank': 30, 'fitness': 0.01798620996209155, 'generation': 222}"
"{'id': 17128, 'rank': 1, 'fitness': 0.9820137900379085, 'generation': 223}","{'id': 17166, 'rank': 2, 'fitness': 0.9815284048868903, 'generation': 223}","{'id': 17136, 'rank': 3, 'fitness': 0.9774197252217292, 'generation': 223}","{'id': 16909, 'rank': 4, 'fitness': 0.9759964596199191, 'generation': 223}","{'id': 17054, 'rank': 5, 'fitness': 0.9752405647123312, 'generation': 223}","{'id': 17090, 'rank': 6, 'fitness': 0.9743425887025876, 'generation': 223}","{'id': 17090, 'rank': 7, 'fitness': 0.9743425887025876, 'generation': 223}","{'id': 17090, 'rank': 8, 'fitness': 0.9743425887025876, 'generation': 223}","{'id': 17149, 'rank': 9, 'fitness': 0.9733414091774588, 'generation': 223}","{'id': 17168, 'rank': 10, 'fitness': 0.972333238361312, 'generation': 223}","{'id': 16821, 'rank': 11, 'fitness': 0.9720813359677826, 'generation': 223}","{'id': 16821, 'rank': 12, 'fitness': 0.9720813359677826, 'generation': 223}","{'id': 16768, 'rank': 13, 'fitness': 0.9682333900805139, 'generation': 223}","{'id': 17140, 'rank': 14, 'fitness': 0.9680680339147665, 'generation': 223}","{'id': 17154, 'rank': 15, 'fitness': 0.967657608209738, 'generation': 223}","{'id': 16573, 'rank': 16, 'fitness': 0.967339103273325, 'generation': 223}","{'id': 17138, 'rank': 17, 'fitness': 0.9654290083347647, 'generation': 223}","{'id': 17165, 'rank': 18, 'fitness': 0.9638274896722008, 'generation': 223}","{'id': 17055, 'rank': 19, 'fitness': 0.9637716892617896, 'generation': 223}","{'id': 17139, 'rank': 20, 'fitness': 0.9636676323797865, 'generation': 223}","{'id': 17164, 'rank': 21, 'fitness': 0.9608806995357175, 'generation': 223}","{'id': 17097, 'rank': 22, 'fitness': 0.9542156233684085, 'generation': 223}","{'id': 17097, 'rank': 23, 'fitness': 0.9542156233684085, 'generation': 223}","{'id': 17127, 'rank': 24, 'fitness': 0.9540894334313483, 'generation': 223}","{'id': 17127, 'rank': 25, 'fitness': 0.9540894334313483, 'generation': 223}","{'id': 17124, 'rank': 26, 'fitness': 0.9467057380103852, 'generation': 223}","{'id': 17070, 'rank': 27, 'fitness': 0.9393386217136324, 'generation': 223}","{'id': 17130, 'rank': 28, 'fitness': 0.9375728466065094, 'generation': 223}","{'id': 17110, 'rank': 29, 'fitness': 0.9127981145076198, 'generation': 223}","{'id': 17046, 'rank': 30, 'fitness': 0.01798620996209155, 'generation': 223}"
"{'id': 17216, 'rank': 1, 'fitness': 0.9820137900379085, 'generation': 224}","{'id': 17216, 'rank': 2, 'fitness': 0.9820137900379085, 'generation': 224}","{'id': 17166, 'rank': 3, 'fitness': 0.9772308224194132, 'generation': 224}","{'id': 17217, 'rank': 4, 'fitness': 0.9737986709739732, 'generation': 224}","{'id': 17218, 'rank': 5, 'fitness': 0.9137699770583279, 'generation': 224}","{'id': 16909, 'rank': 6, 'fitness': 0.8956464452080246, 'generation': 224}","{'id': 16909, 'rank': 7, 'fitness': 0.8956464452080246, 'generation': 224}","{'id': 17236, 'rank': 8, 'fitness': 0.8054485176120445, 'generation': 224}","{'id': 16821, 'rank': 9, 'fitness': 0.7715095272971101, 'generation': 224}","{'id': 16821, 'rank': 10, 'fitness': 0.7715095272971101, 'generation': 224}","{'id': 17227, 'rank': 11, 'fitness': 0.6618773279995978, 'generation': 224}","{'id': 17154, 'rank': 12, 'fitness': 0.5756183945617926, 'generation': 224}","{'id': 17252, 'rank': 13, 'fitness': 0.5747880847960454, 'generation': 224}","{'id': 17187, 'rank': 14, 'fitness': 0.5622862750299955, 'generation': 224}","{'id': 16573, 'rank': 15, 'fitness': 0.5606727772903227, 'generation': 224}","{'id': 17242, 'rank': 16, 'fitness': 0.532888451532969, 'generation': 224}","{'id': 17215, 'rank': 17, 'fitness': 0.5236624308070831, 'generation': 224}","{'id': 17233, 'rank': 18, 'fitness': 0.4679462014075965, 'generation': 224}","{'id': 17268, 'rank': 19, 'fitness': 0.46134516605903825, 'generation': 224}","{'id': 17229, 'rank': 20, 'fitness': 0.4564883890659898, 'generation': 224}","{'id': 17229, 'rank': 21, 'fitness': 0.4564883890659898, 'generation': 224}","{'id': 17212, 'rank': 22, 'fitness': 0.44127945791227857, 'generation': 224}","{'id': 17244, 'rank': 23, 'fitness': 0.21968274667034055, 'generation': 224}","{'id': 17186, 'rank': 24, 'fitness': 0.18077752117899115, 'generation': 224}","{'id': 17097, 'rank': 25, 'fitness': 0.13357746546906796, 'generation': 224}","{'id': 17097, 'rank': 26, 'fitness': 0.13357746546906796, 'generation': 224}","{'id': 17097, 'rank': 27, 'fitness': 0.13357746546906796, 'generation': 224}","{'id': 17192, 'rank': 28, 'fitness': 0.11175203628973168, 'generation': 224}","{'id': 17211, 'rank': 29, 'fitness': 0.08276728092558205, 'generation': 224}","{'id': 17261, 'rank': 30, 'fitness': 0.01798620996209155, 'generation': 224}"
"{'id': 17301, 'rank': 1, 'fitness': 0.9820137900379085, 'generation': 225}","{'id': 17290, 'rank': 2, 'fitness': 0.9818494914857789, 'generation': 225}","{'id': 17216, 'rank': 3, 'fitness': 0.9817675230276013, 'generation': 225}","{'id': 17216, 'rank': 4, 'fitness': 0.9817675230276013, 'generation': 225}","{'id': 17216, 'rank': 5, 'fitness': 0.9817675230276013, 'generation': 225}","{'id': 17319, 'rank': 6, 'fitness': 0.9817383346796534, 'generation': 225}","{'id': 17217, 'rank': 7, 'fitness': 0.9817186170614394, 'generation': 225}","{'id': 17302, 'rank': 8, 'fitness': 0.9817088026267233, 'generation': 225}","{'id': 17321, 'rank': 9, 'fitness': 0.9816992228382417, 'generation': 225}","{'id': 17322, 'rank': 10, 'fitness': 0.9815589314047102, 'generation': 225}","{'id': 17320, 'rank': 11, 'fitness': 0.9815124350521045, 'generation': 225}","{'id': 17236, 'rank': 12, 'fitness': 0.9814370697111456, 'generation': 225}","{'id': 16573, 'rank': 13, 'fitness': 0.9812843543479044, 'generation': 225}","{'id': 17233, 'rank': 14, 'fitness': 0.9812357866627653, 'generation': 225}","{'id': 17212, 'rank': 15, 'fitness': 0.9812217289432219, 'generation': 225}","{'id': 17186, 'rank': 16, 'fitness': 0.9810543172910294, 'generation': 225}","{'id': 17186, 'rank': 17, 'fitness': 0.9810543172910294, 'generation': 225}","{'id': 17192, 'rank': 18, 'fitness': 0.9809800836453453, 'generation': 225}","{'id': 17192, 'rank': 19, 'fitness': 0.9809800836453453, 'generation': 225}","{'id': 17211, 'rank': 20, 'fitness': 0.9809360392153985, 'generation': 225}","{'id': 17324, 'rank': 21, 'fitness': 0.9784780766342674, 'generation': 225}","{'id': 17283, 'rank': 22, 'fitness': 0.9778821773633155, 'generation': 225}","{'id': 17306, 'rank': 23, 'fitness': 0.9579792828346394, 'generation': 225}","{'id': 17311, 'rank': 24, 'fitness': 0.7658438495049713, 'generation': 225}","{'id': 17278, 'rank': 25, 'fitness': 0.7014082082135299, 'generation': 225}","{'id': 17297, 'rank': 26, 'fitness': 0.6897652865408674, 'generation': 225}","{'id': 17298, 'rank': 27, 'fitness': 0.6470100790234619, 'generation': 225}","{'id': 17314, 'rank': 28, 'fitness': 0.32363070408897315, 'generation': 225}","{'id': 17313, 'rank': 29, 'fitness': 0.20928626929284605, 'generation': 225}","{'id': 17276, 'rank': 30, 'fitness': 0.01798620996209155, 'generation': 225}"
"{'id': 17290, 'rank': 1, 'fitness': 0.9820137900379085, 'generation': 226}","{'id': 17355, 'rank': 2, 'fitness': 0.9801768994704003, 'generation': 226}","{'id': 17356, 'rank': 3, 'fitness': 0.9747115720366354, 'generation': 226}","{'id': 17356, 'rank': 4, 'fitness': 0.9747115720366354, 'generation': 226}","{'id': 17216, 'rank': 5, 'fitness': 0.9661590177687043, 'generation': 226}","{'id': 17319, 'rank': 6, 'fitness': 0.9577699655292262, 'generation': 226}","{'id': 17321, 'rank': 7, 'fitness': 0.9434065760010187, 'generation': 226}","{'id': 17354, 'rank': 8, 'fitness': 0.9294396676559566, 'generation': 226}","{'id': 17383, 'rank': 9, 'fitness': 0.9090148030977367, 'generation': 226}","{'id': 17383, 'rank': 10, 'fitness': 0.9090148030977367, 'generation': 226}","{'id': 17363, 'rank': 11, 'fitness': 0.8554228610446236, 'generation': 226}","{'id': 17363, 'rank': 12, 'fitness': 0.8554228610446236, 'generation': 226}","{'id': 17379, 'rank': 13, 'fitness': 0.8312382871056008, 'generation': 226}","{'id': 17380, 'rank': 14, 'fitness': 0.8047700576139033, 'generation': 226}","{'id': 17336, 'rank': 15, 'fitness': 0.7615027319592296, 'generation': 226}","{'id': 17336, 'rank': 16, 'fitness': 0.7615027319592296, 'generation': 226}","{'id': 17349, 'rank': 17, 'fitness': 0.5841475514216816, 'generation': 226}","{'id': 17351, 'rank': 18, 'fitness': 0.5730353491123302, 'generation': 226}","{'id': 17374, 'rank': 19, 'fitness': 0.43365360711910583, 'generation': 226}","{'id': 17374, 'rank': 20, 'fitness': 0.43365360711910583, 'generation': 226}","{'id': 17212, 'rank': 21, 'fitness': 0.2903205780688184, 'generation': 226}","{'id': 17212, 'rank': 22, 'fitness': 0.2903205780688184, 'generation': 226}","{'id': 17352, 'rank': 23, 'fitness': 0.1906386097169283, 'generation': 226}","{'id': 17348, 'rank': 24, 'fitness': 0.09447777132269719, 'generation': 226}","{'id': 17357, 'rank': 25, 'fitness': 0.07904133677663827, 'generation': 226}","{'id': 17330, 'rank': 26, 'fitness': 0.0739176210200963, 'generation': 226}","{'id': 17330, 'rank': 27, 'fitness': 0.0739176210200963, 'generation': 226}","{'id': 17353, 'rank': 28, 'fitness': 0.07342941169349448, 'generation': 226}","{'id': 17343, 'rank': 29, 'fitness': 0.058089116404433705, 'generation': 226}","{'id': 17332, 'rank': 30, 'fitness': 0.01798620996209155, 'generation': 226}"
"{'id': 17290, 'rank': 1, 'fitness': 0.9820137900379085, 'generation': 227}","{'id': 17427, 'rank': 2, 'fitness': 0.9819514161808253, 'generation': 227}","{'id': 17427, 'rank': 3, 'fitness': 0.9819514161808253, 'generation': 227}","{'id': 17356, 'rank': 4, 'fitness': 0.9818982389441231, 'generation': 227}","{'id': 17356, 'rank': 5, 'fitness': 0.9818982389441231, 'generation': 227}","{'id': 17422, 'rank': 6, 'fitness': 0.9818612692645943, 'generation': 227}","{'id': 17422, 'rank': 7, 'fitness': 0.9818612692645943, 'generation': 227}","{'id': 17426, 'rank': 8, 'fitness': 0.9817100654005787, 'generation': 227}","{'id': 17429, 'rank': 9, 'fitness': 0.9816784031767628, 'generation': 227}","{'id': 17424, 'rank': 10, 'fitness': 0.9815023640393553, 'generation': 227}","{'id': 17450, 'rank': 11, 'fitness': 0.9814513231245638, 'generation': 227}","{'id': 17383, 'rank': 12, 'fitness': 0.9814432720405043, 'generation': 227}","{'id': 17417, 'rank': 13, 'fitness': 0.9813709560098158, 'generation': 227}","{'id': 17417, 'rank': 14, 'fitness': 0.9813709560098158, 'generation': 227}","{'id': 17363, 'rank': 15, 'fitness': 0.9812637290397239, 'generation': 227}","{'id': 17453, 'rank': 16, 'fitness': 0.9799003128263364, 'generation': 227}","{'id': 17330, 'rank': 17, 'fitness': 0.9797220847139387, 'generation': 227}","{'id': 17330, 'rank': 18, 'fitness': 0.9797220847139387, 'generation': 227}","{'id': 17330, 'rank': 19, 'fitness': 0.9797220847139387, 'generation': 227}","{'id': 17353, 'rank': 20, 'fitness': 0.9797194227520996, 'generation': 227}","{'id': 17332, 'rank': 21, 'fitness': 0.9791670753570312, 'generation': 227}","{'id': 17408, 'rank': 22, 'fitness': 0.9733687098754333, 'generation': 227}","{'id': 17406, 'rank': 23, 'fitness': 0.9712333039873251, 'generation': 227}","{'id': 17409, 'rank': 24, 'fitness': 0.9704831616328369, 'generation': 227}","{'id': 17443, 'rank': 25, 'fitness': 0.94674041734918, 'generation': 227}","{'id': 17414, 'rank': 26, 'fitness': 0.9465230654940258, 'generation': 227}","{'id': 17412, 'rank': 27, 'fitness': 0.9407100224136243, 'generation': 227}","{'id': 17444, 'rank': 28, 'fitness': 0.9148507097618733, 'generation': 227}","{'id': 17432, 'rank': 29, 'fitness': 0.8161083013678083, 'generation': 227}","{'id': 17425, 'rank': 30, 'fitness': 0.01798620996209155, 'generation': 227}"
"{'id': 17427, 'rank': 1, 'fitness': 0.9820137900379085, 'generation': 228}","{'id': 17427, 'rank': 2, 'fitness': 0.9820137900379085, 'generation': 228}","{'id': 17356, 'rank': 3, 'fitness': 0.9817509290949804, 'generation': 228}","{'id': 17356, 'rank': 4, 'fitness': 0.9817509290949804, 'generation': 228}","{'id': 17422, 'rank': 5, 'fitness': 0.9815664198470346, 'generation': 228}","{'id': 17501, 'rank': 6, 'fitness': 0.9811633684023837, 'generation': 228}","{'id': 17516, 'rank': 7, 'fitness': 0.981057414104584, 'generation': 228}","{'id': 17426, 'rank': 8, 'fitness': 0.9807965492878781, 'generation': 228}","{'id': 17488, 'rank': 9, 'fitness': 0.9805409889627041, 'generation': 228}","{'id': 17517, 'rank': 10, 'fitness': 0.9799645639002734, 'generation': 228}","{'id': 17424, 'rank': 11, 'fitness': 0.9796983225445874, 'generation': 228}","{'id': 17383, 'rank': 12, 'fitness': 0.9793770932338159, 'generation': 228}","{'id': 17383, 'rank': 13, 'fitness': 0.9793770932338159, 'generation': 228}","{'id': 17417, 'rank': 14, 'fitness': 0.9789786004968957, 'generation': 228}","{'id': 17487, 'rank': 15, 'fitness': 0.9789697421864585, 'generation': 228}","{'id': 17518, 'rank': 16, 'fitness': 0.9781529523349745, 'generation': 228}","{'id': 17467, 'rank': 17, 'fitness': 0.9763502205235072, 'generation': 228}","{'id': 17477, 'rank': 18, 'fitness': 0.9712008956728382, 'generation': 228}","{'id': 17511, 'rank': 19, 'fitness': 0.9706942511542276, 'generation': 228}","{'id': 17468, 'rank': 20, 'fitness': 0.9704234298722039, 'generation': 228}","{'id': 17468, 'rank': 21, 'fitness': 0.9704234298722039, 'generation': 228}","{'id': 17453, 'rank': 22, 'fitness': 0.9694937179729823, 'generation': 228}","{'id': 17478, 'rank': 23, 'fitness': 0.9661320775274305, 'generation': 228}","{'id': 17472, 'rank': 24, 'fitness': 0.9639899652090369, 'generation': 228}","{'id': 17527, 'rank': 25, 'fitness': 0.9624332762527117, 'generation': 228}","{'id': 17533, 'rank': 26, 'fitness': 0.8863101675549113, 'generation': 228}","{'id': 17443, 'rank': 27, 'fitness': 0.17992332003171685, 'generation': 228}","{'id': 17495, 'rank': 28, 'fitness': 0.1380013274215477, 'generation': 228}","{'id': 17496, 'rank': 29, 'fitness': 0.062299659360652127, 'generation': 228}","{'id': 17444, 'rank': 30, 'fitness': 0.01798620996209155, 'generation': 228}"
"{'id': 17546, 'rank': 1, 'fitness': 0.9820137900379085, 'generation': 229}","{'id': 17427, 'rank': 2, 'fitness': 0.9812472540487764, 'generation': 229}","{'id': 17613, 'rank': 3, 'fitness': 0.9808521419241935, 'generation': 229}","{'id': 17605, 'rank': 4, 'fitness': 0.9797047989382627, 'generation': 229}","{'id': 17605, 'rank': 5, 'fitness': 0.9797047989382627, 'generation': 229}","{'id': 17586, 'rank': 6, 'fitness': 0.979350393308311, 'generation': 229}","{'id': 17586, 'rank': 7, 'fitness': 0.979350393308311, 'generation': 229}","{'id': 17548, 'rank': 8, 'fitness': 0.9789447077438739, 'generation': 229}","{'id': 17426, 'rank': 9, 'fitness': 0.9789322922469789, 'generation': 229}","{'id': 17426, 'rank': 10, 'fitness': 0.9789322922469789, 'generation': 229}","{'id': 17551, 'rank': 11, 'fitness': 0.9779557126306627, 'generation': 229}","{'id': 17614, 'rank': 12, 'fitness': 0.9769114694550911, 'generation': 229}","{'id': 17424, 'rank': 13, 'fitness': 0.9767458035072216, 'generation': 229}","{'id': 17424, 'rank': 14, 'fitness': 0.9767458035072216, 'generation': 229}","{'id': 17606, 'rank': 15, 'fitness': 0.9767270436416206, 'generation': 229}","{'id': 17606, 'rank': 16, 'fitness': 0.9767270436416206, 'generation': 229}","{'id': 17575, 'rank': 17, 'fitness': 0.9762921338789254, 'generation': 229}","{'id': 17569, 'rank': 18, 'fitness': 0.9762336888626463, 'generation': 229}","{'id': 17487, 'rank': 19, 'fitness': 0.9752449680540687, 'generation': 229}","{'id': 17487, 'rank': 20, 'fitness': 0.9752449680540687, 'generation': 229}","{'id': 17542, 'rank': 21, 'fitness': 0.9750359635492829, 'generation': 229}","{'id': 17597, 'rank': 22, 'fitness': 0.9749070736825948, 'generation': 229}","{'id': 17595, 'rank': 23, 'fitness': 0.9746511409189358, 'generation': 229}","{'id': 17543, 'rank': 24, 'fitness': 0.974147997739472, 'generation': 229}","{'id': 17453, 'rank': 25, 'fitness': 0.9523150475221359, 'generation': 229}","{'id': 17570, 'rank': 26, 'fitness': 0.9507177805558862, 'generation': 229}","{'id': 17570, 'rank': 27, 'fitness': 0.9507177805558862, 'generation': 229}","{'id': 17581, 'rank': 28, 'fitness': 0.8998359224728598, 'generation': 229}","{'id': 17578, 'rank': 29, 'fitness': 0.8804209875420926, 'generation': 229}","{'id': 17579, 'rank': 30, 'fitness': 0.01798620996209155, 'generation': 229}"
"{'id': 17427, 'rank': 1, 'fitness': 0.9820137900379085, 'generation': 230}","{'id': 17427, 'rank': 2, 'fitness': 0.9820137900379085, 'generation': 230}","{'id': 17605, 'rank': 3, 'fitness': 0.9751837527167163, 'generation': 230}","{'id': 17426, 'rank': 4, 'fitness': 0.971125994831433, 'generation': 230}","{'id': 17426, 'rank': 5, 'fitness': 0.971125994831433, 'generation': 230}","{'id': 17647, 'rank': 6, 'fitness': 0.9682763439638933, 'generation': 230}","{'id': 17646, 'rank': 7, 'fitness': 0.9640506270092318, 'generation': 230}","{'id': 17687, 'rank': 8, 'fitness': 0.9618234806948658, 'generation': 230}","{'id': 17687, 'rank': 9, 'fitness': 0.9618234806948658, 'generation': 230}","{'id': 17614, 'rank': 10, 'fitness': 0.9582508952955058, 'generation': 230}","{'id': 17614, 'rank': 11, 'fitness': 0.9582508952955058, 'generation': 230}","{'id': 17685, 'rank': 12, 'fitness': 0.944813122161869, 'generation': 230}","{'id': 17661, 'rank': 13, 'fitness': 0.9433264199011973, 'generation': 230}","{'id': 17542, 'rank': 14, 'fitness': 0.9430522892469857, 'generation': 230}","{'id': 17597, 'rank': 15, 'fitness': 0.9418839927191531, 'generation': 230}","{'id': 17595, 'rank': 16, 'fitness': 0.9395152620118122, 'generation': 230}","{'id': 17673, 'rank': 17, 'fitness': 0.9369357058303708, 'generation': 230}","{'id': 17618, 'rank': 18, 'fitness': 0.9186308093601806, 'generation': 230}","{'id': 17630, 'rank': 19, 'fitness': 0.9135795565294348, 'generation': 230}","{'id': 17660, 'rank': 20, 'fitness': 0.9112337753304576, 'generation': 230}","{'id': 17637, 'rank': 21, 'fitness': 0.9107668156075617, 'generation': 230}","{'id': 17637, 'rank': 22, 'fitness': 0.9107668156075617, 'generation': 230}","{'id': 17635, 'rank': 23, 'fitness': 0.9023186963479094, 'generation': 230}","{'id': 17692, 'rank': 24, 'fitness': 0.871245101184384, 'generation': 230}","{'id': 17649, 'rank': 25, 'fitness': 0.8382285575776386, 'generation': 230}","{'id': 17688, 'rank': 26, 'fitness': 0.8262807923354313, 'generation': 230}","{'id': 17659, 'rank': 27, 'fitness': 0.8238724186710902, 'generation': 230}","{'id': 17668, 'rank': 28, 'fitness': 0.7176651247363426, 'generation': 230}","{'id': 17668, 'rank': 29, 'fitness': 0.7176651247363426, 'generation': 230}","{'id': 17578, 'rank': 30, 'fitness': 0.01798620996209155, 'generation': 230}"
"{'id': 17427, 'rank': 1, 'fitness': 0.9820137900379085, 'generation': 231}","{'id': 17703, 'rank': 2, 'fitness': 0.9794169940609287, 'generation': 231}","{'id': 17706, 'rank': 3, 'fitness': 0.9785365038935026, 'generation': 231}","{'id': 17735, 'rank': 4, 'fitness': 0.9785111539204101, 'generation': 231}","{'id': 17685, 'rank': 5, 'fitness': 0.9702705024929283, 'generation': 231}","{'id': 17661, 'rank': 6, 'fitness': 0.9699079995972641, 'generation': 231}","{'id': 17597, 'rank': 7, 'fitness': 0.9695607906951327, 'generation': 231}","{'id': 17595, 'rank': 8, 'fitness': 0.9689997466987446, 'generation': 231}","{'id': 17595, 'rank': 9, 'fitness': 0.9689997466987446, 'generation': 231}","{'id': 17697, 'rank': 10, 'fitness': 0.966360909072627, 'generation': 231}","{'id': 17711, 'rank': 11, 'fitness': 0.9660548128776351, 'generation': 231}","{'id': 17660, 'rank': 12, 'fitness': 0.9629773973026878, 'generation': 231}","{'id': 17635, 'rank': 13, 'fitness': 0.9612713151241947, 'generation': 231}","{'id': 17696, 'rank': 14, 'fitness': 0.9567127662665957, 'generation': 231}","{'id': 17696, 'rank': 15, 'fitness': 0.9567127662665957, 'generation': 231}","{'id': 17712, 'rank': 16, 'fitness': 0.9538050856360837, 'generation': 231}","{'id': 17659, 'rank': 17, 'fitness': 0.9483271319305874, 'generation': 231}","{'id': 17745, 'rank': 18, 'fitness': 0.9032837260780466, 'generation': 231}","{'id': 17719, 'rank': 19, 'fitness': 0.890645076330367, 'generation': 231}","{'id': 17730, 'rank': 20, 'fitness': 0.8370131348846989, 'generation': 231}","{'id': 17730, 'rank': 21, 'fitness': 0.8370131348846989, 'generation': 231}","{'id': 17752, 'rank': 22, 'fitness': 0.8249614868915593, 'generation': 231}","{'id': 17752, 'rank': 23, 'fitness': 0.8249614868915593, 'generation': 231}","{'id': 17742, 'rank': 24, 'fitness': 0.815693612801394, 'generation': 231}","{'id': 17707, 'rank': 25, 'fitness': 0.7757492502860366, 'generation': 231}","{'id': 17707, 'rank': 26, 'fitness': 0.7757492502860366, 'generation': 231}","{'id': 17578, 'rank': 27, 'fitness': 0.6107522732410303, 'generation': 231}","{'id': 17736, 'rank': 28, 'fitness': 0.08426718778590214, 'generation': 231}","{'id': 17766, 'rank': 29, 'fitness': 0.040362742065876034, 'generation': 231}","{'id': 17714, 'rank': 30, 'fitness': 0.01798620996209155, 'generation': 231}"
"{'id': 17812, 'rank': 1, 'fitness': 0.9820137900379085, 'generation': 232}","{'id': 17427, 'rank': 2, 'fitness': 0.9808894065931177, 'generation': 232}","{'id': 17789, 'rank': 3, 'fitness': 0.9804585178666136, 'generation': 232}","{'id': 17706, 'rank': 4, 'fitness': 0.9797922312052003, 'generation': 232}","{'id': 17791, 'rank': 5, 'fitness': 0.9796911093706102, 'generation': 232}","{'id': 17826, 'rank': 6, 'fitness': 0.979507464506439, 'generation': 232}","{'id': 17826, 'rank': 7, 'fitness': 0.979507464506439, 'generation': 232}","{'id': 17845, 'rank': 8, 'fitness': 0.9787560120493094, 'generation': 232}","{'id': 17814, 'rank': 9, 'fitness': 0.9782230577649413, 'generation': 232}","{'id': 17793, 'rank': 10, 'fitness': 0.9780155347294492, 'generation': 232}","{'id': 17685, 'rank': 11, 'fitness': 0.977592556149389, 'generation': 232}","{'id': 17661, 'rank': 12, 'fitness': 0.9775059586017854, 'generation': 232}","{'id': 17807, 'rank': 13, 'fitness': 0.9768396892328441, 'generation': 232}","{'id': 17847, 'rank': 14, 'fitness': 0.9760468499993389, 'generation': 232}","{'id': 17659, 'rank': 15, 'fitness': 0.9732442058498919, 'generation': 232}","{'id': 17659, 'rank': 16, 'fitness': 0.9732442058498919, 'generation': 232}","{'id': 17822, 'rank': 17, 'fitness': 0.9731770779257871, 'generation': 232}","{'id': 17838, 'rank': 18, 'fitness': 0.9713971816850905, 'generation': 232}","{'id': 17783, 'rank': 19, 'fitness': 0.9703386047877096, 'generation': 232}","{'id': 17783, 'rank': 20, 'fitness': 0.9703386047877096, 'generation': 232}","{'id': 17745, 'rank': 21, 'fitness': 0.9670906151134357, 'generation': 232}","{'id': 17775, 'rank': 22, 'fitness': 0.9650899550924845, 'generation': 232}","{'id': 17786, 'rank': 23, 'fitness': 0.963840444713298, 'generation': 232}","{'id': 17730, 'rank': 24, 'fitness': 0.9605184111000261, 'generation': 232}","{'id': 17817, 'rank': 25, 'fitness': 0.9582595239179353, 'generation': 232}","{'id': 17820, 'rank': 26, 'fitness': 0.9575469622489504, 'generation': 232}","{'id': 17784, 'rank': 27, 'fitness': 0.9496230709050327, 'generation': 232}","{'id': 17777, 'rank': 28, 'fitness': 0.3751396642315184, 'generation': 232}","{'id': 17843, 'rank': 29, 'fitness': 0.08812654789329527, 'generation': 232}","{'id': 17788, 'rank': 30, 'fitness': 0.01798620996209155, 'generation': 232}"
"{'id': 17926, 'rank': 1, 'fitness': 0.9820137900379085, 'generation': 233}","{'id': 17925, 'rank': 2, 'fitness': 0.9819321115679025, 'generation': 233}","{'id': 17925, 'rank': 3, 'fitness': 0.9819321115679025, 'generation': 233}","{'id': 17789, 'rank': 4, 'fitness': 0.9819114439224121, 'generation': 233}","{'id': 17928, 'rank': 5, 'fitness': 0.9818527467281046, 'generation': 233}","{'id': 17826, 'rank': 6, 'fitness': 0.981845615979325, 'generation': 233}","{'id': 17826, 'rank': 7, 'fitness': 0.981845615979325, 'generation': 233}","{'id': 17826, 'rank': 8, 'fitness': 0.981845615979325, 'generation': 233}","{'id': 17907, 'rank': 9, 'fitness': 0.9817948166472528, 'generation': 233}","{'id': 17814, 'rank': 10, 'fitness': 0.981760966841853, 'generation': 233}","{'id': 17904, 'rank': 11, 'fitness': 0.9817531400074286, 'generation': 233}","{'id': 17904, 'rank': 12, 'fitness': 0.9817531400074286, 'generation': 233}","{'id': 17904, 'rank': 13, 'fitness': 0.9817531400074286, 'generation': 233}","{'id': 17906, 'rank': 14, 'fitness': 0.9816991764190415, 'generation': 233}","{'id': 17871, 'rank': 15, 'fitness': 0.9816481817441347, 'generation': 233}","{'id': 17870, 'rank': 16, 'fitness': 0.9816208979408011, 'generation': 233}","{'id': 17870, 'rank': 17, 'fitness': 0.9816208979408011, 'generation': 233}","{'id': 17659, 'rank': 18, 'fitness': 0.9814704586608518, 'generation': 233}","{'id': 17659, 'rank': 19, 'fitness': 0.9814704586608518, 'generation': 233}","{'id': 17889, 'rank': 20, 'fitness': 0.9812677439241474, 'generation': 233}","{'id': 17873, 'rank': 21, 'fitness': 0.9812269075768465, 'generation': 233}","{'id': 17865, 'rank': 22, 'fitness': 0.9811787292252386, 'generation': 233}","{'id': 17880, 'rank': 23, 'fitness': 0.9811613203474239, 'generation': 233}","{'id': 17880, 'rank': 24, 'fitness': 0.9811613203474239, 'generation': 233}","{'id': 17880, 'rank': 25, 'fitness': 0.9811613203474239, 'generation': 233}","{'id': 17820, 'rank': 26, 'fitness': 0.9807955871353102, 'generation': 233}","{'id': 17929, 'rank': 27, 'fitness': 0.9807016365042998, 'generation': 233}","{'id': 17878, 'rank': 28, 'fitness': 0.9806162222440001, 'generation': 233}","{'id': 17913, 'rank': 29, 'fitness': 0.1390931621804279, 'generation': 233}","{'id': 17912, 'rank': 30, 'fitness': 0.01798620996209155, 'generation': 233}"
"{'id': 18002, 'rank': 1, 'fitness': 0.9820137900379085, 'generation': 234}","{'id': 17993, 'rank': 2, 'fitness': 0.9815982380396229, 'generation': 234}","{'id': 17993, 'rank': 3, 'fitness': 0.9815982380396229, 'generation': 234}","{'id': 17976, 'rank': 4, 'fitness': 0.9777837580483512, 'generation': 234}","{'id': 17826, 'rank': 5, 'fitness': 0.9653499466710151, 'generation': 234}","{'id': 17826, 'rank': 6, 'fitness': 0.9653499466710151, 'generation': 234}","{'id': 17942, 'rank': 7, 'fitness': 0.9639509889037938, 'generation': 234}","{'id': 17970, 'rank': 8, 'fitness': 0.9562241422159292, 'generation': 234}","{'id': 17970, 'rank': 9, 'fitness': 0.9562241422159292, 'generation': 234}","{'id': 17990, 'rank': 10, 'fitness': 0.947321206134395, 'generation': 234}","{'id': 17907, 'rank': 11, 'fitness': 0.9462951893114084, 'generation': 234}","{'id': 17907, 'rank': 12, 'fitness': 0.9462951893114084, 'generation': 234}","{'id': 17988, 'rank': 13, 'fitness': 0.9453692117956629, 'generation': 234}","{'id': 17991, 'rank': 14, 'fitness': 0.9356737106204872, 'generation': 234}","{'id': 17938, 'rank': 15, 'fitness': 0.9227182013817357, 'generation': 234}","{'id': 17938, 'rank': 16, 'fitness': 0.9227182013817357, 'generation': 234}","{'id': 17979, 'rank': 17, 'fitness': 0.8964843662503088, 'generation': 234}","{'id': 17906, 'rank': 18, 'fitness': 0.8818330675078754, 'generation': 234}","{'id': 18006, 'rank': 19, 'fitness': 0.8585474179540057, 'generation': 234}","{'id': 18006, 'rank': 20, 'fitness': 0.8585474179540057, 'generation': 234}","{'id': 18007, 'rank': 21, 'fitness': 0.8543445332029472, 'generation': 234}","{'id': 17966, 'rank': 22, 'fitness': 0.7954405362511084, 'generation': 234}","{'id': 17964, 'rank': 23, 'fitness': 0.7593428488549888, 'generation': 234}","{'id': 17963, 'rank': 24, 'fitness': 0.6280898138670788, 'generation': 234}","{'id': 17965, 'rank': 25, 'fitness': 0.38889679065786875, 'generation': 234}","{'id': 17880, 'rank': 26, 'fitness': 0.06058816080794788, 'generation': 234}","{'id': 17977, 'rank': 27, 'fitness': 0.03282581810450386, 'generation': 234}","{'id': 17977, 'rank': 28, 'fitness': 0.03282581810450386, 'generation': 234}","{'id': 17962, 'rank': 29, 'fitness': 0.024791615730487104, 'generation': 234}","{'id': 18011, 'rank': 30, 'fitness': 0.01798620996209155, 'generation': 234}"
"{'id': 18060, 'rank': 1, 'fitness': 0.9820137900379085, 'generation': 235}","{'id': 18057, 'rank': 2, 'fitness': 0.979333582342906, 'generation': 235}","{'id': 18055, 'rank': 3, 'fitness': 0.9778931723408049, 'generation': 235}","{'id': 17826, 'rank': 4, 'fitness': 0.9757026498680138, 'generation': 235}","{'id': 17991, 'rank': 5, 'fitness': 0.9709295185947335, 'generation': 235}","{'id': 18084, 'rank': 6, 'fitness': 0.9702899496692929, 'generation': 235}","{'id': 18083, 'rank': 7, 'fitness': 0.9689321299362781, 'generation': 235}","{'id': 18085, 'rank': 8, 'fitness': 0.9680501284239214, 'generation': 235}","{'id': 18027, 'rank': 9, 'fitness': 0.9667088772524488, 'generation': 235}","{'id': 18027, 'rank': 10, 'fitness': 0.9667088772524488, 'generation': 235}","{'id': 18006, 'rank': 11, 'fitness': 0.9630565953703683, 'generation': 235}","{'id': 18048, 'rank': 12, 'fitness': 0.9574702643244734, 'generation': 235}","{'id': 17964, 'rank': 13, 'fitness': 0.9558599848409359, 'generation': 235}","{'id': 17965, 'rank': 14, 'fitness': 0.9322208053559551, 'generation': 235}","{'id': 18041, 'rank': 15, 'fitness': 0.9265385571910717, 'generation': 235}","{'id': 18045, 'rank': 16, 'fitness': 0.9174953102741429, 'generation': 235}","{'id': 18032, 'rank': 17, 'fitness': 0.9135536703607415, 'generation': 235}","{'id': 18049, 'rank': 18, 'fitness': 0.911184716083585, 'generation': 235}","{'id': 18031, 'rank': 19, 'fitness': 0.9097815715140479, 'generation': 235}","{'id': 18044, 'rank': 20, 'fitness': 0.8887426284099769, 'generation': 235}","{'id': 17977, 'rank': 21, 'fitness': 0.8569575476937183, 'generation': 235}","{'id': 17977, 'rank': 22, 'fitness': 0.8569575476937183, 'generation': 235}","{'id': 18011, 'rank': 23, 'fitness': 0.8341541088053935, 'generation': 235}","{'id': 18068, 'rank': 24, 'fitness': 0.7735933330839795, 'generation': 235}","{'id': 18043, 'rank': 25, 'fitness': 0.6821377234395861, 'generation': 235}","{'id': 18062, 'rank': 26, 'fitness': 0.6088206735757065, 'generation': 235}","{'id': 18019, 'rank': 27, 'fitness': 0.3810581511803893, 'generation': 235}","{'id': 18019, 'rank': 28, 'fitness': 0.3810581511803893, 'generation': 235}","{'id': 18073, 'rank': 29, 'fitness': 0.3656810642529047, 'generation': 235}","{'id': 18036, 'rank': 30, 'fitness': 0.01798620996209155, 'generation': 235}"
"{'id': 18060, 'rank': 1, 'fitness': 0.9820137900379085, 'generation': 236}","{'id': 18144, 'rank': 2, 'fitness': 0.9818320955223485, 'generation': 236}","{'id': 18157, 'rank': 3, 'fitness': 0.9817924409358574, 'generation': 236}","{'id': 18126, 'rank': 4, 'fitness': 0.9817698459798956, 'generation': 236}","{'id': 18083, 'rank': 5, 'fitness': 0.9816993913037727, 'generation': 236}","{'id': 18085, 'rank': 6, 'fitness': 0.9816830172860588, 'generation': 236}","{'id': 18027, 'rank': 7, 'fitness': 0.9816589104804756, 'generation': 236}","{'id': 18027, 'rank': 8, 'fitness': 0.9816589104804756, 'generation': 236}","{'id': 18027, 'rank': 9, 'fitness': 0.9816589104804756, 'generation': 236}","{'id': 18138, 'rank': 10, 'fitness': 0.9814584761259048, 'generation': 236}","{'id': 18138, 'rank': 11, 'fitness': 0.9814584761259048, 'generation': 236}","{'id': 18122, 'rank': 12, 'fitness': 0.9814402665302941, 'generation': 236}","{'id': 18134, 'rank': 13, 'fitness': 0.9812876736598481, 'generation': 236}","{'id': 18133, 'rank': 14, 'fitness': 0.9812392007534281, 'generation': 236}","{'id': 18123, 'rank': 15, 'fitness': 0.9812354449599867, 'generation': 236}","{'id': 17965, 'rank': 16, 'fitness': 0.9812300034564074, 'generation': 236}","{'id': 17965, 'rank': 17, 'fitness': 0.9812300034564074, 'generation': 236}","{'id': 18130, 'rank': 18, 'fitness': 0.9811763788274632, 'generation': 236}","{'id': 18032, 'rank': 19, 'fitness': 0.9810764364082099, 'generation': 236}","{'id': 18125, 'rank': 20, 'fitness': 0.9809436540873155, 'generation': 236}","{'id': 18112, 'rank': 21, 'fitness': 0.9807741102162475, 'generation': 236}","{'id': 18165, 'rank': 22, 'fitness': 0.9807591827319642, 'generation': 236}","{'id': 18068, 'rank': 23, 'fitness': 0.9804043189864186, 'generation': 236}","{'id': 18062, 'rank': 24, 'fitness': 0.9799224639646622, 'generation': 236}","{'id': 18119, 'rank': 25, 'fitness': 0.9797880943215593, 'generation': 236}","{'id': 18160, 'rank': 26, 'fitness': 0.9793371216840511, 'generation': 236}","{'id': 18036, 'rank': 27, 'fitness': 0.9769745323101071, 'generation': 236}","{'id': 18093, 'rank': 28, 'fitness': 0.9718505841599288, 'generation': 236}","{'id': 18161, 'rank': 29, 'fitness': 0.9594231052781764, 'generation': 236}","{'id': 18110, 'rank': 30, 'fitness': 0.01798620996209155, 'generation': 236}"
"{'id': 18060, 'rank': 1, 'fitness': 0.9820137900379085, 'generation': 237}","{'id': 18192, 'rank': 2, 'fitness': 0.9758066368597119, 'generation': 237}","{'id': 18232, 'rank': 3, 'fitness': 0.9679319177630992, 'generation': 237}","{'id': 18126, 'rank': 4, 'fitness': 0.9675893974734089, 'generation': 237}","{'id': 18218, 'rank': 5, 'fitness': 0.9671256816174196, 'generation': 237}","{'id': 18027, 'rank': 6, 'fitness': 0.9578885990901598, 'generation': 237}","{'id': 18183, 'rank': 7, 'fitness': 0.9511632542647084, 'generation': 237}","{'id': 18236, 'rank': 8, 'fitness': 0.9504126034101761, 'generation': 237}","{'id': 18195, 'rank': 9, 'fitness': 0.9500645674265705, 'generation': 237}","{'id': 18176, 'rank': 10, 'fitness': 0.9350247477767997, 'generation': 237}","{'id': 18138, 'rank': 11, 'fitness': 0.9332179149555245, 'generation': 237}","{'id': 18138, 'rank': 12, 'fitness': 0.9332179149555245, 'generation': 237}","{'id': 18274, 'rank': 13, 'fitness': 0.9321130370809168, 'generation': 237}","{'id': 18274, 'rank': 14, 'fitness': 0.9321130370809168, 'generation': 237}","{'id': 18122, 'rank': 15, 'fitness': 0.9304224633490564, 'generation': 237}","{'id': 18229, 'rank': 16, 'fitness': 0.9283042335834221, 'generation': 237}","{'id': 18240, 'rank': 17, 'fitness': 0.9227816481124902, 'generation': 237}","{'id': 18175, 'rank': 18, 'fitness': 0.907331620474094, 'generation': 237}","{'id': 18180, 'rank': 19, 'fitness': 0.9004847154233648, 'generation': 237}","{'id': 18272, 'rank': 20, 'fitness': 0.8908396456547079, 'generation': 237}","{'id': 18205, 'rank': 21, 'fitness': 0.8803876259938541, 'generation': 237}","{'id': 18204, 'rank': 22, 'fitness': 0.8737685998154061, 'generation': 237}","{'id': 18265, 'rank': 23, 'fitness': 0.8723252682481197, 'generation': 237}","{'id': 18221, 'rank': 24, 'fitness': 0.8521115763832614, 'generation': 237}","{'id': 18184, 'rank': 25, 'fitness': 0.8505543544536689, 'generation': 237}","{'id': 18187, 'rank': 26, 'fitness': 0.7525103896905199, 'generation': 237}","{'id': 18259, 'rank': 27, 'fitness': 0.7440582796385459, 'generation': 237}","{'id': 18259, 'rank': 28, 'fitness': 0.7440582796385459, 'generation': 237}","{'id': 18062, 'rank': 29, 'fitness': 0.28220036130891346, 'generation': 237}","{'id': 18252, 'rank': 30, 'fitness': 0.01798620996209155, 'generation': 237}"
"{'id': 18327, 'rank': 1, 'fitness': 0.9820137900379085, 'generation': 238}","{'id': 18328, 'rank': 2, 'fitness': 0.9814252854906381, 'generation': 238}","{'id': 18192, 'rank': 3, 'fitness': 0.977645640367593, 'generation': 238}","{'id': 18331, 'rank': 4, 'fitness': 0.9760907934726896, 'generation': 238}","{'id': 18218, 'rank': 5, 'fitness': 0.9720745080638266, 'generation': 238}","{'id': 18027, 'rank': 6, 'fitness': 0.9665553070155083, 'generation': 238}","{'id': 18027, 'rank': 7, 'fitness': 0.9665553070155083, 'generation': 238}","{'id': 18338, 'rank': 8, 'fitness': 0.9649900440271221, 'generation': 238}","{'id': 18236, 'rank': 9, 'fitness': 0.9623113714887327, 'generation': 238}","{'id': 18236, 'rank': 10, 'fitness': 0.9623113714887327, 'generation': 238}","{'id': 18236, 'rank': 11, 'fitness': 0.9623113714887327, 'generation': 238}","{'id': 18195, 'rank': 12, 'fitness': 0.9621178151298124, 'generation': 238}","{'id': 18274, 'rank': 13, 'fitness': 0.952516584467381, 'generation': 238}","{'id': 18359, 'rank': 14, 'fitness': 0.9450868669635424, 'generation': 238}","{'id': 18175, 'rank': 15, 'fitness': 0.940147959934521, 'generation': 238}","{'id': 18175, 'rank': 16, 'fitness': 0.940147959934521, 'generation': 238}","{'id': 18305, 'rank': 17, 'fitness': 0.9324668005858936, 'generation': 238}","{'id': 18272, 'rank': 18, 'fitness': 0.9322910124561246, 'generation': 238}","{'id': 18205, 'rank': 19, 'fitness': 0.9274224386149613, 'generation': 238}","{'id': 18205, 'rank': 20, 'fitness': 0.9274224386149613, 'generation': 238}","{'id': 18204, 'rank': 21, 'fitness': 0.9243755125582784, 'generation': 238}","{'id': 18333, 'rank': 22, 'fitness': 0.9218961178686012, 'generation': 238}","{'id': 18310, 'rank': 23, 'fitness': 0.9134226170867286, 'generation': 238}","{'id': 18324, 'rank': 24, 'fitness': 0.8996681905568891, 'generation': 238}","{'id': 18315, 'rank': 25, 'fitness': 0.8560018210204694, 'generation': 238}","{'id': 18351, 'rank': 26, 'fitness': 0.6516062295318932, 'generation': 238}","{'id': 18349, 'rank': 27, 'fitness': 0.6451049521608748, 'generation': 238}","{'id': 18314, 'rank': 28, 'fitness': 0.5686407291604164, 'generation': 238}","{'id': 18280, 'rank': 29, 'fitness': 0.019000851344724956, 'generation': 238}","{'id': 18277, 'rank': 30, 'fitness': 0.01798620996209155, 'generation': 238}"
"{'id': 18327, 'rank': 1, 'fitness': 0.9820137900379085, 'generation': 239}","{'id': 18327, 'rank': 2, 'fitness': 0.9820137900379085, 'generation': 239}","{'id': 18327, 'rank': 3, 'fitness': 0.9820137900379085, 'generation': 239}","{'id': 18428, 'rank': 4, 'fitness': 0.9806163346806617, 'generation': 239}","{'id': 18428, 'rank': 5, 'fitness': 0.9806163346806617, 'generation': 239}","{'id': 18428, 'rank': 6, 'fitness': 0.9806163346806617, 'generation': 239}","{'id': 18428, 'rank': 7, 'fitness': 0.9806163346806617, 'generation': 239}","{'id': 18218, 'rank': 8, 'fitness': 0.9757364666682529, 'generation': 239}","{'id': 18381, 'rank': 9, 'fitness': 0.9745430282391534, 'generation': 239}","{'id': 18381, 'rank': 10, 'fitness': 0.9745430282391534, 'generation': 239}","{'id': 18338, 'rank': 11, 'fitness': 0.9716853325433306, 'generation': 239}","{'id': 18236, 'rank': 12, 'fitness': 0.9702197652690066, 'generation': 239}","{'id': 18195, 'rank': 13, 'fitness': 0.970115089793467, 'generation': 239}","{'id': 18408, 'rank': 14, 'fitness': 0.9612038534763538, 'generation': 239}","{'id': 18382, 'rank': 15, 'fitness': 0.9593518808183847, 'generation': 239}","{'id': 18175, 'rank': 16, 'fitness': 0.9590517406382382, 'generation': 239}","{'id': 18305, 'rank': 17, 'fitness': 0.9554697684421105, 'generation': 239}","{'id': 18205, 'rank': 18, 'fitness': 0.953176349890809, 'generation': 239}","{'id': 18409, 'rank': 19, 'fitness': 0.9527848590876491, 'generation': 239}","{'id': 18437, 'rank': 20, 'fitness': 0.9517630803787989, 'generation': 239}","{'id': 18333, 'rank': 21, 'fitness': 0.9507104588479176, 'generation': 239}","{'id': 18433, 'rank': 22, 'fitness': 0.849462642573153, 'generation': 239}","{'id': 18372, 'rank': 23, 'fitness': 0.8450715501468011, 'generation': 239}","{'id': 18413, 'rank': 24, 'fitness': 0.7460213021094935, 'generation': 239}","{'id': 18434, 'rank': 25, 'fitness': 0.6991183695088701, 'generation': 239}","{'id': 18418, 'rank': 26, 'fitness': 0.6928857640048393, 'generation': 239}","{'id': 18397, 'rank': 27, 'fitness': 0.6422984544369006, 'generation': 239}","{'id': 18389, 'rank': 28, 'fitness': 0.3014433518779884, 'generation': 239}","{'id': 18390, 'rank': 29, 'fitness': 0.12683986183489115, 'generation': 239}","{'id': 18387, 'rank': 30, 'fitness': 0.01798620996209155, 'generation': 239}"
"{'id': 18444, 'rank': 1, 'fitness': 0.9820137900379085, 'generation': 240}","{'id': 18444, 'rank': 2, 'fitness': 0.9820137900379085, 'generation': 240}","{'id': 18327, 'rank': 3, 'fitness': 0.9793151143527876, 'generation': 240}","{'id': 18327, 'rank': 4, 'fitness': 0.9793151143527876, 'generation': 240}","{'id': 18327, 'rank': 5, 'fitness': 0.9793151143527876, 'generation': 240}","{'id': 18428, 'rank': 6, 'fitness': 0.9784518519125063, 'generation': 240}","{'id': 18428, 'rank': 7, 'fitness': 0.9784518519125063, 'generation': 240}","{'id': 18443, 'rank': 8, 'fitness': 0.9784141561942881, 'generation': 240}","{'id': 18512, 'rank': 9, 'fitness': 0.9769037400418136, 'generation': 240}","{'id': 18218, 'rank': 10, 'fitness': 0.9756351366419604, 'generation': 240}","{'id': 18381, 'rank': 11, 'fitness': 0.9749856749578758, 'generation': 240}","{'id': 18381, 'rank': 12, 'fitness': 0.9749856749578758, 'generation': 240}","{'id': 18338, 'rank': 13, 'fitness': 0.9734827893530699, 'generation': 240}","{'id': 18463, 'rank': 14, 'fitness': 0.9733401162853275, 'generation': 240}","{'id': 18491, 'rank': 15, 'fitness': 0.972584675436837, 'generation': 240}","{'id': 18448, 'rank': 16, 'fitness': 0.9718412582799689, 'generation': 240}","{'id': 18448, 'rank': 17, 'fitness': 0.9718412582799689, 'generation': 240}","{'id': 18455, 'rank': 18, 'fitness': 0.9706057680753993, 'generation': 240}","{'id': 18455, 'rank': 19, 'fitness': 0.9706057680753993, 'generation': 240}","{'id': 18514, 'rank': 20, 'fitness': 0.9690153854248783, 'generation': 240}","{'id': 18492, 'rank': 21, 'fitness': 0.9666745751483152, 'generation': 240}","{'id': 18305, 'rank': 22, 'fitness': 0.9659682043758864, 'generation': 240}","{'id': 18409, 'rank': 23, 'fitness': 0.9648457680847096, 'generation': 240}","{'id': 18409, 'rank': 24, 'fitness': 0.9648457680847096, 'generation': 240}","{'id': 18437, 'rank': 25, 'fitness': 0.9644256309467321, 'generation': 240}","{'id': 18487, 'rank': 26, 'fitness': 0.9635217339482474, 'generation': 240}","{'id': 18468, 'rank': 27, 'fitness': 0.9597907086885589, 'generation': 240}","{'id': 18473, 'rank': 28, 'fitness': 0.9554561390226857, 'generation': 240}","{'id': 18488, 'rank': 29, 'fitness': 0.9455403787117236, 'generation': 240}","{'id': 18504, 'rank': 30, 'fitness': 0.01798620996209155, 'generation': 240}"
"{'id': 18517, 'rank': 1, 'fitness': 0.9820137900379085, 'generation': 241}","{'id': 18327, 'rank': 2, 'fitness': 0.950931295610344, 'generation': 241}","{'id': 18327, 'rank': 3, 'fitness': 0.950931295610344, 'generation': 241}","{'id': 18598, 'rank': 4, 'fitness': 0.935396019920272, 'generation': 241}","{'id': 18428, 'rank': 5, 'fitness': 0.9343889913326905, 'generation': 241}","{'id': 18428, 'rank': 6, 'fitness': 0.9343889913326905, 'generation': 241}","{'id': 18443, 'rank': 7, 'fitness': 0.933576601745449, 'generation': 241}","{'id': 18548, 'rank': 8, 'fitness': 0.9110352293859512, 'generation': 241}","{'id': 18601, 'rank': 9, 'fitness': 0.894577633932188, 'generation': 241}","{'id': 18576, 'rank': 10, 'fitness': 0.8583543679965676, 'generation': 241}","{'id': 18218, 'rank': 11, 'fitness': 0.849254702321798, 'generation': 241}","{'id': 18599, 'rank': 12, 'fitness': 0.8315355100750418, 'generation': 241}","{'id': 18602, 'rank': 13, 'fitness': 0.7708171299896388, 'generation': 241}","{'id': 18541, 'rank': 14, 'fitness': 0.7658435840156078, 'generation': 241}","{'id': 18541, 'rank': 15, 'fitness': 0.7658435840156078, 'generation': 241}","{'id': 18338, 'rank': 16, 'fitness': 0.7480261452602662, 'generation': 241}","{'id': 18338, 'rank': 17, 'fitness': 0.7480261452602662, 'generation': 241}","{'id': 18526, 'rank': 18, 'fitness': 0.6716274291922892, 'generation': 241}","{'id': 18455, 'rank': 19, 'fitness': 0.576043953635905, 'generation': 241}","{'id': 18538, 'rank': 20, 'fitness': 0.5508910173972467, 'generation': 241}","{'id': 18557, 'rank': 21, 'fitness': 0.5363642910555554, 'generation': 241}","{'id': 18566, 'rank': 22, 'fitness': 0.49406369147805507, 'generation': 241}","{'id': 18566, 'rank': 23, 'fitness': 0.49406369147805507, 'generation': 241}","{'id': 18561, 'rank': 24, 'fitness': 0.4239182987091554, 'generation': 241}","{'id': 18525, 'rank': 25, 'fitness': 0.32477130774737745, 'generation': 241}","{'id': 18468, 'rank': 26, 'fitness': 0.11037766306791164, 'generation': 241}","{'id': 18596, 'rank': 27, 'fitness': 0.08337106673491612, 'generation': 241}","{'id': 18581, 'rank': 28, 'fitness': 0.060635244677699374, 'generation': 241}","{'id': 18580, 'rank': 29, 'fitness': 0.03730944779154144, 'generation': 241}","{'id': 18579, 'rank': 30, 'fitness': 0.01798620996209155, 'generation': 241}"
"{'id': 18327, 'rank': 1, 'fitness': 0.9820137900379085, 'generation': 242}","{'id': 18327, 'rank': 2, 'fitness': 0.9820137900379085, 'generation': 242}","{'id': 18548, 'rank': 3, 'fitness': 0.9818860912174903, 'generation': 242}","{'id': 18548, 'rank': 4, 'fitness': 0.9818860912174903, 'generation': 242}","{'id': 18614, 'rank': 5, 'fitness': 0.9818651930395693, 'generation': 242}","{'id': 18599, 'rank': 6, 'fitness': 0.9817389004093311, 'generation': 242}","{'id': 18338, 'rank': 7, 'fitness': 0.98163566142556, 'generation': 242}","{'id': 18671, 'rank': 8, 'fitness': 0.9815157405247793, 'generation': 242}","{'id': 18538, 'rank': 9, 'fitness': 0.9814548309584017, 'generation': 242}","{'id': 18538, 'rank': 10, 'fitness': 0.9814548309584017, 'generation': 242}","{'id': 18538, 'rank': 11, 'fitness': 0.9814548309584017, 'generation': 242}","{'id': 18557, 'rank': 12, 'fitness': 0.9814427889135715, 'generation': 242}","{'id': 18561, 'rank': 13, 'fitness': 0.9813494906456572, 'generation': 242}","{'id': 18672, 'rank': 14, 'fitness': 0.9810073943608321, 'generation': 242}","{'id': 18468, 'rank': 15, 'fitness': 0.980977895831681, 'generation': 242}","{'id': 18643, 'rank': 16, 'fitness': 0.9809381966278966, 'generation': 242}","{'id': 18580, 'rank': 17, 'fitness': 0.9807310930681632, 'generation': 242}","{'id': 18675, 'rank': 18, 'fitness': 0.9799218785038847, 'generation': 242}","{'id': 18644, 'rank': 19, 'fitness': 0.9797968050447423, 'generation': 242}","{'id': 18642, 'rank': 20, 'fitness': 0.9789429874419229, 'generation': 242}","{'id': 18618, 'rank': 21, 'fitness': 0.976081836857126, 'generation': 242}","{'id': 18618, 'rank': 22, 'fitness': 0.976081836857126, 'generation': 242}","{'id': 18647, 'rank': 23, 'fitness': 0.96804118570046, 'generation': 242}","{'id': 18645, 'rank': 24, 'fitness': 0.9626974790851377, 'generation': 242}","{'id': 18609, 'rank': 25, 'fitness': 0.9595407993040077, 'generation': 242}","{'id': 18677, 'rank': 26, 'fitness': 0.924578915329989, 'generation': 242}","{'id': 18620, 'rank': 27, 'fitness': 0.9149845503777965, 'generation': 242}","{'id': 18654, 'rank': 28, 'fitness': 0.4581569117274818, 'generation': 242}","{'id': 18637, 'rank': 29, 'fitness': 0.22219791315363246, 'generation': 242}","{'id': 18633, 'rank': 30, 'fitness': 0.01798620996209155, 'generation': 242}"
"{'id': 18715, 'rank': 1, 'fitness': 0.9820137900379085, 'generation': 243}","{'id': 18327, 'rank': 2, 'fitness': 0.9811902473876036, 'generation': 243}","{'id': 18727, 'rank': 3, 'fitness': 0.9806694258610114, 'generation': 243}","{'id': 18726, 'rank': 4, 'fitness': 0.980017541688867, 'generation': 243}","{'id': 18716, 'rank': 5, 'fitness': 0.9799961931985834, 'generation': 243}","{'id': 18614, 'rank': 6, 'fitness': 0.9798412582037046, 'generation': 243}","{'id': 18688, 'rank': 7, 'fitness': 0.9795488935993166, 'generation': 243}","{'id': 18688, 'rank': 8, 'fitness': 0.9795488935993166, 'generation': 243}","{'id': 18714, 'rank': 9, 'fitness': 0.979419009227364, 'generation': 243}","{'id': 18713, 'rank': 10, 'fitness': 0.9794107428906512, 'generation': 243}","{'id': 18717, 'rank': 11, 'fitness': 0.9787711121463613, 'generation': 243}","{'id': 18690, 'rank': 12, 'fitness': 0.9783919943535238, 'generation': 243}","{'id': 18697, 'rank': 13, 'fitness': 0.978065606658485, 'generation': 243}","{'id': 18708, 'rank': 14, 'fitness': 0.9775312957992351, 'generation': 243}","{'id': 18751, 'rank': 15, 'fitness': 0.9768784384914734, 'generation': 243}","{'id': 18538, 'rank': 16, 'fitness': 0.9756741837366841, 'generation': 243}","{'id': 18698, 'rank': 17, 'fitness': 0.9753752059771783, 'generation': 243}","{'id': 18699, 'rank': 18, 'fitness': 0.9751008766361241, 'generation': 243}","{'id': 18468, 'rank': 19, 'fitness': 0.9699221806435936, 'generation': 243}","{'id': 18718, 'rank': 20, 'fitness': 0.9695035032919752, 'generation': 243}","{'id': 18580, 'rank': 21, 'fitness': 0.9665160292581583, 'generation': 243}","{'id': 18719, 'rank': 22, 'fitness': 0.9662119513817478, 'generation': 243}","{'id': 18692, 'rank': 23, 'fitness': 0.9528490316463105, 'generation': 243}","{'id': 18695, 'rank': 24, 'fitness': 0.9399560445528158, 'generation': 243}","{'id': 18694, 'rank': 25, 'fitness': 0.9385717815684583, 'generation': 243}","{'id': 18642, 'rank': 26, 'fitness': 0.9308058792722955, 'generation': 243}","{'id': 18733, 'rank': 27, 'fitness': 0.7803717035288948, 'generation': 243}","{'id': 18609, 'rank': 28, 'fitness': 0.04414532355398493, 'generation': 243}","{'id': 18704, 'rank': 29, 'fitness': 0.036099336283856365, 'generation': 243}","{'id': 18706, 'rank': 30, 'fitness': 0.01798620996209155, 'generation': 243}"
"{'id': 18761, 'rank': 1, 'fitness': 0.9820137900379085, 'generation': 244}","{'id': 18803, 'rank': 2, 'fitness': 0.9788464624359094, 'generation': 244}","{'id': 18771, 'rank': 3, 'fitness': 0.9770648477517918, 'generation': 244}","{'id': 18795, 'rank': 4, 'fitness': 0.9721834231976539, 'generation': 244}","{'id': 18714, 'rank': 5, 'fitness': 0.9690821632570452, 'generation': 244}","{'id': 18713, 'rank': 6, 'fitness': 0.9690229493392404, 'generation': 244}","{'id': 18713, 'rank': 7, 'fitness': 0.9690229493392404, 'generation': 244}","{'id': 18717, 'rank': 8, 'fitness': 0.9641729304925833, 'generation': 244}","{'id': 18822, 'rank': 9, 'fitness': 0.9616771010036899, 'generation': 244}","{'id': 18822, 'rank': 10, 'fitness': 0.9616771010036899, 'generation': 244}","{'id': 18767, 'rank': 11, 'fitness': 0.9594979750615661, 'generation': 244}","{'id': 18697, 'rank': 12, 'fitness': 0.9581797634684703, 'generation': 244}","{'id': 18820, 'rank': 13, 'fitness': 0.951494565379603, 'generation': 244}","{'id': 18789, 'rank': 14, 'fitness': 0.9506693200625846, 'generation': 244}","{'id': 18801, 'rank': 15, 'fitness': 0.9473430138108156, 'generation': 244}","{'id': 18538, 'rank': 16, 'fitness': 0.9322342276442703, 'generation': 244}","{'id': 18817, 'rank': 17, 'fitness': 0.9301204343187877, 'generation': 244}","{'id': 18840, 'rank': 18, 'fitness': 0.9163886672370635, 'generation': 244}","{'id': 18828, 'rank': 19, 'fitness': 0.9097025728944473, 'generation': 244}","{'id': 18755, 'rank': 20, 'fitness': 0.9056727406632048, 'generation': 244}","{'id': 18755, 'rank': 21, 'fitness': 0.9056727406632048, 'generation': 244}","{'id': 18812, 'rank': 22, 'fitness': 0.9027258320859024, 'generation': 244}","{'id': 18780, 'rank': 23, 'fitness': 0.8967238619763318, 'generation': 244}","{'id': 18806, 'rank': 24, 'fitness': 0.8966399706677188, 'generation': 244}","{'id': 18718, 'rank': 25, 'fitness': 0.8179130448512375, 'generation': 244}","{'id': 18827, 'rank': 26, 'fitness': 0.8139040064955514, 'generation': 244}","{'id': 18834, 'rank': 27, 'fitness': 0.7906171454076028, 'generation': 244}","{'id': 18833, 'rank': 28, 'fitness': 0.5404834648933339, 'generation': 244}","{'id': 18756, 'rank': 29, 'fitness': 0.055960239245803456, 'generation': 244}","{'id': 18757, 'rank': 30, 'fitness': 0.01798620996209155, 'generation': 244}"
"{'id': 18761, 'rank': 1, 'fitness': 0.9820137900379085, 'generation': 245}","{'id': 18868, 'rank': 2, 'fitness': 0.980294394932717, 'generation': 245}","{'id': 18868, 'rank': 3, 'fitness': 0.980294394932717, 'generation': 245}","{'id': 18803, 'rank': 4, 'fitness': 0.9798192557176502, 'generation': 245}","{'id': 18915, 'rank': 5, 'fitness': 0.9789557921175001, 'generation': 245}","{'id': 18867, 'rank': 6, 'fitness': 0.9776230575861184, 'generation': 245}","{'id': 18795, 'rank': 7, 'fitness': 0.9754823109974201, 'generation': 245}","{'id': 18912, 'rank': 8, 'fitness': 0.9744951522174288, 'generation': 245}","{'id': 18713, 'rank': 9, 'fitness': 0.9735291449438966, 'generation': 245}","{'id': 18713, 'rank': 10, 'fitness': 0.9735291449438966, 'generation': 245}","{'id': 18717, 'rank': 11, 'fitness': 0.9706346257796161, 'generation': 245}","{'id': 18861, 'rank': 12, 'fitness': 0.9706178362112008, 'generation': 245}","{'id': 18919, 'rank': 13, 'fitness': 0.9702563739629948, 'generation': 245}","{'id': 18870, 'rank': 14, 'fitness': 0.965978416764702, 'generation': 245}","{'id': 18820, 'rank': 15, 'fitness': 0.9635193118082203, 'generation': 245}","{'id': 18911, 'rank': 16, 'fitness': 0.9566121209227041, 'generation': 245}","{'id': 18538, 'rank': 17, 'fitness': 0.9535619678814025, 'generation': 245}","{'id': 18925, 'rank': 18, 'fitness': 0.9486860193395623, 'generation': 245}","{'id': 18903, 'rank': 19, 'fitness': 0.9477619125141172, 'generation': 245}","{'id': 18840, 'rank': 20, 'fitness': 0.9458773111164707, 'generation': 245}","{'id': 18910, 'rank': 21, 'fitness': 0.9446840648361934, 'generation': 245}","{'id': 18828, 'rank': 22, 'fitness': 0.9427346379464698, 'generation': 245}","{'id': 18806, 'rank': 23, 'fitness': 0.9367297327757725, 'generation': 245}","{'id': 18877, 'rank': 24, 'fitness': 0.8690284703018694, 'generation': 245}","{'id': 18873, 'rank': 25, 'fitness': 0.8605772325101161, 'generation': 245}","{'id': 18883, 'rank': 26, 'fitness': 0.8184947022596507, 'generation': 245}","{'id': 18897, 'rank': 27, 'fitness': 0.6459005741133967, 'generation': 245}","{'id': 18885, 'rank': 28, 'fitness': 0.23772955355431352, 'generation': 245}","{'id': 18843, 'rank': 29, 'fitness': 0.1889259488710523, 'generation': 245}","{'id': 18887, 'rank': 30, 'fitness': 0.01798620996209155, 'generation': 245}"
"{'id': 18868, 'rank': 1, 'fitness': 0.9820137900379085, 'generation': 246}","{'id': 18803, 'rank': 2, 'fitness': 0.9817993726540537, 'generation': 246}","{'id': 18803, 'rank': 3, 'fitness': 0.9817993726540537, 'generation': 246}","{'id': 18915, 'rank': 4, 'fitness': 0.9814159661252733, 'generation': 246}","{'id': 19007, 'rank': 5, 'fitness': 0.9808267008020358, 'generation': 246}","{'id': 19007, 'rank': 6, 'fitness': 0.9808267008020358, 'generation': 246}","{'id': 18981, 'rank': 7, 'fitness': 0.9807205336752004, 'generation': 246}","{'id': 18970, 'rank': 8, 'fitness': 0.9805908574283939, 'generation': 246}","{'id': 18795, 'rank': 9, 'fitness': 0.9799463368570673, 'generation': 246}","{'id': 18912, 'rank': 10, 'fitness': 0.9795475172653759, 'generation': 246}","{'id': 18969, 'rank': 11, 'fitness': 0.9781555509316743, 'generation': 246}","{'id': 18969, 'rank': 12, 'fitness': 0.9781555509316743, 'generation': 246}","{'id': 18717, 'rank': 13, 'fitness': 0.9780553272834792, 'generation': 246}","{'id': 18717, 'rank': 14, 'fitness': 0.9780553272834792, 'generation': 246}","{'id': 19008, 'rank': 15, 'fitness': 0.9780217335764816, 'generation': 246}","{'id': 18986, 'rank': 16, 'fitness': 0.9778016691081381, 'generation': 246}","{'id': 19002, 'rank': 17, 'fitness': 0.9772110614878513, 'generation': 246}","{'id': 18971, 'rank': 18, 'fitness': 0.974643300017815, 'generation': 246}","{'id': 18988, 'rank': 19, 'fitness': 0.9736729505047347, 'generation': 246}","{'id': 18911, 'rank': 20, 'fitness': 0.9732997663175358, 'generation': 246}","{'id': 18978, 'rank': 21, 'fitness': 0.9731774308281048, 'generation': 246}","{'id': 18973, 'rank': 22, 'fitness': 0.9685378328885295, 'generation': 246}","{'id': 18975, 'rank': 23, 'fitness': 0.9684773468479548, 'generation': 246}","{'id': 18983, 'rank': 24, 'fitness': 0.9677660482017844, 'generation': 246}","{'id': 19004, 'rank': 25, 'fitness': 0.9656769191830459, 'generation': 246}","{'id': 18999, 'rank': 26, 'fitness': 0.9549050626383007, 'generation': 246}","{'id': 18961, 'rank': 27, 'fitness': 0.9008657415317256, 'generation': 246}","{'id': 18993, 'rank': 28, 'fitness': 0.8205575902103552, 'generation': 246}","{'id': 18885, 'rank': 29, 'fitness': 0.8148637179358375, 'generation': 246}","{'id': 18931, 'rank': 30, 'fitness': 0.01798620996209155, 'generation': 246}"
"{'id': 18868, 'rank': 1, 'fitness': 0.9820137900379085, 'generation': 247}","{'id': 19068, 'rank': 2, 'fitness': 0.9815345427131541, 'generation': 247}","{'id': 19076, 'rank': 3, 'fitness': 0.9812153440976836, 'generation': 247}","{'id': 19042, 'rank': 4, 'fitness': 0.9778658264132989, 'generation': 247}","{'id': 19033, 'rank': 5, 'fitness': 0.9582416608682618, 'generation': 247}","{'id': 19033, 'rank': 6, 'fitness': 0.9582416608682618, 'generation': 247}","{'id': 18969, 'rank': 7, 'fitness': 0.9530648788492768, 'generation': 247}","{'id': 19090, 'rank': 8, 'fitness': 0.9523138747430029, 'generation': 247}","{'id': 19008, 'rank': 9, 'fitness': 0.9516517510243568, 'generation': 247}","{'id': 19008, 'rank': 10, 'fitness': 0.9516517510243568, 'generation': 247}","{'id': 19083, 'rank': 11, 'fitness': 0.9499923428905535, 'generation': 247}","{'id': 19036, 'rank': 12, 'fitness': 0.9485223216747616, 'generation': 247}","{'id': 19036, 'rank': 13, 'fitness': 0.9485223216747616, 'generation': 247}","{'id': 19099, 'rank': 14, 'fitness': 0.9480889340073626, 'generation': 247}","{'id': 19043, 'rank': 15, 'fitness': 0.9432312194058907, 'generation': 247}","{'id': 19043, 'rank': 16, 'fitness': 0.9432312194058907, 'generation': 247}","{'id': 19086, 'rank': 17, 'fitness': 0.938500362204006, 'generation': 247}","{'id': 19069, 'rank': 18, 'fitness': 0.9282793673470747, 'generation': 247}","{'id': 19100, 'rank': 19, 'fitness': 0.9196740149939691, 'generation': 247}","{'id': 19010, 'rank': 20, 'fitness': 0.9019572012282743, 'generation': 247}","{'id': 19010, 'rank': 21, 'fitness': 0.9019572012282743, 'generation': 247}","{'id': 19066, 'rank': 22, 'fitness': 0.8804995194406651, 'generation': 247}","{'id': 19067, 'rank': 23, 'fitness': 0.855457849156919, 'generation': 247}","{'id': 19094, 'rank': 24, 'fitness': 0.8298008102558716, 'generation': 247}","{'id': 19092, 'rank': 25, 'fitness': 0.8062378413204492, 'generation': 247}","{'id': 19011, 'rank': 26, 'fitness': 0.7785903984678305, 'generation': 247}","{'id': 18975, 'rank': 27, 'fitness': 0.7561680666247428, 'generation': 247}","{'id': 19049, 'rank': 28, 'fitness': 0.6586756920722542, 'generation': 247}","{'id': 19074, 'rank': 29, 'fitness': 0.06911565944473841, 'generation': 247}","{'id': 19079, 'rank': 30, 'fitness': 0.01798620996209155, 'generation': 247}"
"{'id': 19076, 'rank': 1, 'fitness': 0.9820137900379085, 'generation': 248}","{'id': 19042, 'rank': 2, 'fitness': 0.9793093066372895, 'generation': 248}","{'id': 19157, 'rank': 3, 'fitness': 0.9771940102966171, 'generation': 248}","{'id': 19157, 'rank': 4, 'fitness': 0.9771940102966171, 'generation': 248}","{'id': 19117, 'rank': 5, 'fitness': 0.9769244494707768, 'generation': 248}","{'id': 19033, 'rank': 6, 'fitness': 0.9643798390832485, 'generation': 248}","{'id': 18969, 'rank': 7, 'fitness': 0.9606190686648246, 'generation': 248}","{'id': 19008, 'rank': 8, 'fitness': 0.959601880585373, 'generation': 248}","{'id': 19083, 'rank': 9, 'fitness': 0.9584121620320034, 'generation': 248}","{'id': 19083, 'rank': 10, 'fitness': 0.9584121620320034, 'generation': 248}","{'id': 19036, 'rank': 11, 'fitness': 0.9573623266989812, 'generation': 248}","{'id': 19099, 'rank': 12, 'fitness': 0.9570535285655558, 'generation': 248}","{'id': 19133, 'rank': 13, 'fitness': 0.9538634999519727, 'generation': 248}","{'id': 19133, 'rank': 14, 'fitness': 0.9538634999519727, 'generation': 248}","{'id': 19043, 'rank': 15, 'fitness': 0.9536131653809052, 'generation': 248}","{'id': 19100, 'rank': 16, 'fitness': 0.937361034046172, 'generation': 248}","{'id': 19010, 'rank': 17, 'fitness': 0.925472184642677, 'generation': 248}","{'id': 19010, 'rank': 18, 'fitness': 0.925472184642677, 'generation': 248}","{'id': 19156, 'rank': 19, 'fitness': 0.9041610077894396, 'generation': 248}","{'id': 19165, 'rank': 20, 'fitness': 0.790042900247335, 'generation': 248}","{'id': 19128, 'rank': 21, 'fitness': 0.7321901369192763, 'generation': 248}","{'id': 19150, 'rank': 22, 'fitness': 0.5791035689571182, 'generation': 248}","{'id': 19177, 'rank': 23, 'fitness': 0.546618830604863, 'generation': 248}","{'id': 19151, 'rank': 24, 'fitness': 0.24456974760367228, 'generation': 248}","{'id': 19151, 'rank': 25, 'fitness': 0.24456974760367228, 'generation': 248}","{'id': 19122, 'rank': 26, 'fitness': 0.22334378365639124, 'generation': 248}","{'id': 19174, 'rank': 27, 'fitness': 0.09092954260756875, 'generation': 248}","{'id': 19152, 'rank': 28, 'fitness': 0.06581502598256961, 'generation': 248}","{'id': 19079, 'rank': 29, 'fitness': 0.05818220380463174, 'generation': 248}","{'id': 19105, 'rank': 30, 'fitness': 0.01798620996209155, 'generation': 248}"
"{'id': 19207, 'rank': 1, 'fitness': 0.9820137900379085, 'generation': 249}","{'id': 19222, 'rank': 2, 'fitness': 0.9776178078502418, 'generation': 249}","{'id': 19076, 'rank': 3, 'fitness': 0.969657741831438, 'generation': 249}","{'id': 19117, 'rank': 4, 'fitness': 0.9579380136913225, 'generation': 249}","{'id': 19033, 'rank': 5, 'fitness': 0.9262347514283722, 'generation': 249}","{'id': 18969, 'rank': 6, 'fitness': 0.9161663353487176, 'generation': 249}","{'id': 19210, 'rank': 7, 'fitness': 0.9116736386489557, 'generation': 249}","{'id': 19210, 'rank': 8, 'fitness': 0.9116736386489557, 'generation': 249}","{'id': 19083, 'rank': 9, 'fitness': 0.9101675285965412, 'generation': 249}","{'id': 19083, 'rank': 10, 'fitness': 0.9101675285965412, 'generation': 249}","{'id': 19083, 'rank': 11, 'fitness': 0.9101675285965412, 'generation': 249}","{'id': 19099, 'rank': 12, 'fitness': 0.9064449099512663, 'generation': 249}","{'id': 19133, 'rank': 13, 'fitness': 0.8976249875473199, 'generation': 249}","{'id': 19043, 'rank': 14, 'fitness': 0.896928513586517, 'generation': 249}","{'id': 19258, 'rank': 15, 'fitness': 0.8576878742298286, 'generation': 249}","{'id': 19258, 'rank': 16, 'fitness': 0.8576878742298286, 'generation': 249}","{'id': 19100, 'rank': 17, 'fitness': 0.8507663302693279, 'generation': 249}","{'id': 19010, 'rank': 18, 'fitness': 0.8164048483044993, 'generation': 249}","{'id': 19010, 'rank': 19, 'fitness': 0.8164048483044993, 'generation': 249}","{'id': 19197, 'rank': 20, 'fitness': 0.78776388893149, 'generation': 249}","{'id': 19246, 'rank': 21, 'fitness': 0.7783038886831203, 'generation': 249}","{'id': 19255, 'rank': 22, 'fitness': 0.7761991632220151, 'generation': 249}","{'id': 19215, 'rank': 23, 'fitness': 0.7069655250954551, 'generation': 249}","{'id': 19249, 'rank': 24, 'fitness': 0.6359910839539291, 'generation': 249}","{'id': 19191, 'rank': 25, 'fitness': 0.6152802977099296, 'generation': 249}","{'id': 19248, 'rank': 26, 'fitness': 0.5193704503638886, 'generation': 249}","{'id': 19247, 'rank': 27, 'fitness': 0.4524543925112021, 'generation': 249}","{'id': 19250, 'rank': 28, 'fitness': 0.1629126008262708, 'generation': 249}","{'id': 19231, 'rank': 29, 'fitness': 0.09571537697394616, 'generation': 249}","{'id': 19214, 'rank': 30, 'fitness': 0.01798620996209155, 'generation': 249}"
"{'id': 19207, 'rank': 1, 'fitness': 0.9820137900379085, 'generation': 250}","{'id': 19222, 'rank': 2, 'fitness': 0.9817502473285538, 'generation': 250}","{'id': 19285, 'rank': 3, 'fitness': 0.9809856436647133, 'generation': 250}","{'id': 19033, 'rank': 4, 'fitness': 0.9802067691037397, 'generation': 250}","{'id': 19302, 'rank': 5, 'fitness': 0.9801727651470531, 'generation': 250}","{'id': 19210, 'rank': 6, 'fitness': 0.9799527318411623, 'generation': 250}","{'id': 19083, 'rank': 7, 'fitness': 0.9799285090532812, 'generation': 250}","{'id': 19133, 'rank': 8, 'fitness': 0.9797388558978962, 'generation': 250}","{'id': 19301, 'rank': 9, 'fitness': 0.9790531150961667, 'generation': 250}","{'id': 19010, 'rank': 10, 'fitness': 0.9788244933433219, 'generation': 250}","{'id': 19010, 'rank': 11, 'fitness': 0.9788244933433219, 'generation': 250}","{'id': 19246, 'rank': 12, 'fitness': 0.9784967814309447, 'generation': 250}","{'id': 19300, 'rank': 13, 'fitness': 0.978108714034396, 'generation': 250}","{'id': 19215, 'rank': 14, 'fitness': 0.977966492158576, 'generation': 250}","{'id': 19303, 'rank': 15, 'fitness': 0.9768498286552334, 'generation': 250}","{'id': 19248, 'rank': 16, 'fitness': 0.9767877448128728, 'generation': 250}","{'id': 19248, 'rank': 17, 'fitness': 0.9767877448128728, 'generation': 250}","{'id': 19247, 'rank': 18, 'fitness': 0.9763804623431618, 'generation': 250}","{'id': 19332, 'rank': 19, 'fitness': 0.974447534675323, 'generation': 250}","{'id': 19231, 'rank': 20, 'fitness': 0.9730210156785827, 'generation': 250}","{'id': 19315, 'rank': 21, 'fitness': 0.9652294757274209, 'generation': 250}","{'id': 19321, 'rank': 22, 'fitness': 0.9542484215488859, 'generation': 250}","{'id': 19322, 'rank': 23, 'fitness': 0.9387926291292277, 'generation': 250}","{'id': 19281, 'rank': 24, 'fitness': 0.9353983544919439, 'generation': 250}","{'id': 19334, 'rank': 25, 'fitness': 0.9264864489737972, 'generation': 250}","{'id': 19308, 'rank': 26, 'fitness': 0.9151105728168292, 'generation': 250}","{'id': 19298, 'rank': 27, 'fitness': 0.8269194085848122, 'generation': 250}","{'id': 19310, 'rank': 28, 'fitness': 0.6310569478640867, 'generation': 250}","{'id': 19287, 'rank': 29, 'fitness': 0.5271747231836702, 'generation': 250}","{'id': 19324, 'rank': 30, 'fitness': 0.01798620996209155, 'generation': 250}"
"{'id': 19367, 'rank': 1, 'fitness': 0.9820137900379085, 'generation': 251}","{'id': 19364, 'rank': 2, 'fitness': 0.9801300134108135, 'generation': 251}","{'id': 19364, 'rank': 3, 'fitness': 0.9801300134108135, 'generation': 251}","{'id': 19388, 'rank': 4, 'fitness': 0.9758293850867937, 'generation': 251}","{'id': 19363, 'rank': 5, 'fitness': 0.9720257354939625, 'generation': 251}","{'id': 19302, 'rank': 6, 'fitness': 0.9686899116540096, 'generation': 251}","{'id': 19210, 'rank': 7, 'fitness': 0.9652486517194556, 'generation': 251}","{'id': 19210, 'rank': 8, 'fitness': 0.9652486517194556, 'generation': 251}","{'id': 19083, 'rank': 9, 'fitness': 0.964850638805607, 'generation': 251}","{'id': 19341, 'rank': 10, 'fitness': 0.9646525698022579, 'generation': 251}","{'id': 19391, 'rank': 11, 'fitness': 0.9645767509886632, 'generation': 251}","{'id': 19390, 'rank': 12, 'fitness': 0.9628884737609872, 'generation': 251}","{'id': 19390, 'rank': 13, 'fitness': 0.9628884737609872, 'generation': 251}","{'id': 19361, 'rank': 14, 'fitness': 0.9613876116221909, 'generation': 251}","{'id': 19377, 'rank': 15, 'fitness': 0.9553709047167975, 'generation': 251}","{'id': 19412, 'rank': 16, 'fitness': 0.9479979700063621, 'generation': 251}","{'id': 19380, 'rank': 17, 'fitness': 0.947920147905204, 'generation': 251}","{'id': 19411, 'rank': 18, 'fitness': 0.9458303630275393, 'generation': 251}","{'id': 19375, 'rank': 19, 'fitness': 0.937905995744297, 'generation': 251}","{'id': 19409, 'rank': 20, 'fitness': 0.9353796507796286, 'generation': 251}","{'id': 19381, 'rank': 21, 'fitness': 0.9333739206569529, 'generation': 251}","{'id': 19378, 'rank': 22, 'fitness': 0.9248469722751651, 'generation': 251}","{'id': 19215, 'rank': 23, 'fitness': 0.9168318337531763, 'generation': 251}","{'id': 19408, 'rank': 24, 'fitness': 0.884215631929392, 'generation': 251}","{'id': 19400, 'rank': 25, 'fitness': 0.8170868450266812, 'generation': 251}","{'id': 19332, 'rank': 26, 'fitness': 0.7204386913905456, 'generation': 251}","{'id': 19346, 'rank': 27, 'fitness': 0.6918167738238462, 'generation': 251}","{'id': 19384, 'rank': 28, 'fitness': 0.6690717313540014, 'generation': 251}","{'id': 19416, 'rank': 29, 'fitness': 0.01798620996209155, 'generation': 251}","{'id': 19416, 'rank': 30, 'fitness': 0.01798620996209155, 'generation': 251}"
"{'id': 19474, 'rank': 1, 'fitness': 0.9820137900379085, 'generation': 252}","{'id': 19367, 'rank': 2, 'fitness': 0.9808411727527651, 'generation': 252}","{'id': 19364, 'rank': 3, 'fitness': 0.9783655228337141, 'generation': 252}","{'id': 19083, 'rank': 4, 'fitness': 0.956704250712938, 'generation': 252}","{'id': 19341, 'rank': 5, 'fitness': 0.9564084989453436, 'generation': 252}","{'id': 19361, 'rank': 6, 'fitness': 0.9514886544893142, 'generation': 252}","{'id': 19361, 'rank': 7, 'fitness': 0.9514886544893142, 'generation': 252}","{'id': 19487, 'rank': 8, 'fitness': 0.9485425977281294, 'generation': 252}","{'id': 19475, 'rank': 9, 'fitness': 0.9432777004534086, 'generation': 252}","{'id': 19412, 'rank': 10, 'fitness': 0.9305601972534918, 'generation': 252}","{'id': 19429, 'rank': 11, 'fitness': 0.9256092208050735, 'generation': 252}","{'id': 19429, 'rank': 12, 'fitness': 0.9256092208050735, 'generation': 252}","{'id': 19375, 'rank': 13, 'fitness': 0.9141605772454162, 'generation': 252}","{'id': 19437, 'rank': 14, 'fitness': 0.9049698169364642, 'generation': 252}","{'id': 19437, 'rank': 15, 'fitness': 0.9049698169364642, 'generation': 252}","{'id': 19448, 'rank': 16, 'fitness': 0.8982453452510302, 'generation': 252}","{'id': 19378, 'rank': 17, 'fitness': 0.8923685200836384, 'generation': 252}","{'id': 19378, 'rank': 18, 'fitness': 0.8923685200836384, 'generation': 252}","{'id': 19378, 'rank': 19, 'fitness': 0.8923685200836384, 'generation': 252}","{'id': 19480, 'rank': 20, 'fitness': 0.8820191398538931, 'generation': 252}","{'id': 19426, 'rank': 21, 'fitness': 0.8808698597666424, 'generation': 252}","{'id': 19426, 'rank': 22, 'fitness': 0.8808698597666424, 'generation': 252}","{'id': 19447, 'rank': 23, 'fitness': 0.8494796148386142, 'generation': 252}","{'id': 19495, 'rank': 24, 'fitness': 0.8451101206615159, 'generation': 252}","{'id': 19461, 'rank': 25, 'fitness': 0.7460275280123818, 'generation': 252}","{'id': 19427, 'rank': 26, 'fitness': 0.7231743934930062, 'generation': 252}","{'id': 19423, 'rank': 27, 'fitness': 0.5809765465178561, 'generation': 252}","{'id': 19467, 'rank': 28, 'fitness': 0.2485083447541112, 'generation': 252}","{'id': 19476, 'rank': 29, 'fitness': 0.2483551451015354, 'generation': 252}","{'id': 19419, 'rank': 30, 'fitness': 0.01798620996209155, 'generation': 252}"
"{'id': 19561, 'rank': 1, 'fitness': 0.9820137900379085, 'generation': 253}","{'id': 19510, 'rank': 2, 'fitness': 0.9780536542598662, 'generation': 253}","{'id': 19560, 'rank': 3, 'fitness': 0.977191851434315, 'generation': 253}","{'id': 19361, 'rank': 4, 'fitness': 0.9756503511869787, 'generation': 253}","{'id': 19475, 'rank': 5, 'fitness': 0.9749492377684941, 'generation': 253}","{'id': 19508, 'rank': 6, 'fitness': 0.9740929410986645, 'generation': 253}","{'id': 19559, 'rank': 7, 'fitness': 0.9734803091463688, 'generation': 253}","{'id': 19448, 'rank': 8, 'fitness': 0.9720717390308157, 'generation': 253}","{'id': 19448, 'rank': 9, 'fitness': 0.9720717390308157, 'generation': 253}","{'id': 19448, 'rank': 10, 'fitness': 0.9720717390308157, 'generation': 253}","{'id': 19378, 'rank': 11, 'fitness': 0.9717699081205557, 'generation': 253}","{'id': 19378, 'rank': 12, 'fitness': 0.9717699081205557, 'generation': 253}","{'id': 19426, 'rank': 13, 'fitness': 0.9712107740212784, 'generation': 253}","{'id': 19447, 'rank': 14, 'fitness': 0.969848224382211, 'generation': 253}","{'id': 19461, 'rank': 15, 'fitness': 0.9662921477074109, 'generation': 253}","{'id': 19572, 'rank': 16, 'fitness': 0.9659953552287788, 'generation': 253}","{'id': 19572, 'rank': 17, 'fitness': 0.9659953552287788, 'generation': 253}","{'id': 19532, 'rank': 18, 'fitness': 0.9553513984700868, 'generation': 253}","{'id': 19532, 'rank': 19, 'fitness': 0.9553513984700868, 'generation': 253}","{'id': 19467, 'rank': 20, 'fitness': 0.9512256336371392, 'generation': 253}","{'id': 19519, 'rank': 21, 'fitness': 0.9339488351198306, 'generation': 253}","{'id': 19525, 'rank': 22, 'fitness': 0.9323116825996416, 'generation': 253}","{'id': 19551, 'rank': 23, 'fitness': 0.8143383385368833, 'generation': 253}","{'id': 19535, 'rank': 24, 'fitness': 0.7789121999992744, 'generation': 253}","{'id': 19537, 'rank': 25, 'fitness': 0.7383222236878917, 'generation': 253}","{'id': 19547, 'rank': 26, 'fitness': 0.3615472142716769, 'generation': 253}","{'id': 19501, 'rank': 27, 'fitness': 0.35219114521825456, 'generation': 253}","{'id': 19571, 'rank': 28, 'fitness': 0.3118396469982848, 'generation': 253}","{'id': 19556, 'rank': 29, 'fitness': 0.2289486614923102, 'generation': 253}","{'id': 19504, 'rank': 30, 'fitness': 0.01798620996209155, 'generation': 253}"
"{'id': 19621, 'rank': 1, 'fitness': 0.9820137900379085, 'generation': 254}","{'id': 19621, 'rank': 2, 'fitness': 0.9820137900379085, 'generation': 254}","{'id': 19619, 'rank': 3, 'fitness': 0.9815858342283298, 'generation': 254}","{'id': 19560, 'rank': 4, 'fitness': 0.979915071130426, 'generation': 254}","{'id': 19560, 'rank': 5, 'fitness': 0.979915071130426, 'generation': 254}","{'id': 19659, 'rank': 6, 'fitness': 0.9794707215008676, 'generation': 254}","{'id': 19361, 'rank': 7, 'fitness': 0.9792394840464267, 'generation': 254}","{'id': 19660, 'rank': 8, 'fitness': 0.9786883106913375, 'generation': 254}","{'id': 19598, 'rank': 9, 'fitness': 0.978477001857708, 'generation': 254}","{'id': 19559, 'rank': 10, 'fitness': 0.9783222747213233, 'generation': 254}","{'id': 19592, 'rank': 11, 'fitness': 0.977766944117026, 'generation': 254}","{'id': 19448, 'rank': 12, 'fitness': 0.9777460128389159, 'generation': 254}","{'id': 19665, 'rank': 13, 'fitness': 0.9774431690857097, 'generation': 254}","{'id': 19596, 'rank': 14, 'fitness': 0.9774045631856407, 'generation': 254}","{'id': 19426, 'rank': 15, 'fitness': 0.9774005787898248, 'generation': 254}","{'id': 19447, 'rank': 16, 'fitness': 0.9768637649686269, 'generation': 254}","{'id': 19629, 'rank': 17, 'fitness': 0.9757851412130156, 'generation': 254}","{'id': 19583, 'rank': 18, 'fitness': 0.9754054396539354, 'generation': 254}","{'id': 19655, 'rank': 19, 'fitness': 0.9752347897057243, 'generation': 254}","{'id': 19595, 'rank': 20, 'fitness': 0.9744452396911676, 'generation': 254}","{'id': 19601, 'rank': 21, 'fitness': 0.9740465401603144, 'generation': 254}","{'id': 19607, 'rank': 22, 'fitness': 0.9734824064531811, 'generation': 254}","{'id': 19532, 'rank': 23, 'fitness': 0.9717334031881517, 'generation': 254}","{'id': 19630, 'rank': 24, 'fitness': 0.9706694977175354, 'generation': 254}","{'id': 19606, 'rank': 25, 'fitness': 0.9676797792771339, 'generation': 254}","{'id': 19519, 'rank': 26, 'fitness': 0.9653941525424442, 'generation': 254}","{'id': 19639, 'rank': 27, 'fitness': 0.9218988149487585, 'generation': 254}","{'id': 19639, 'rank': 28, 'fitness': 0.9218988149487585, 'generation': 254}","{'id': 19571, 'rank': 29, 'fitness': 0.8311328978646044, 'generation': 254}","{'id': 19580, 'rank': 30, 'fitness': 0.01798620996209155, 'generation': 254}"
"{'id': 19720, 'rank': 1, 'fitness': 0.9820137900379085, 'generation': 255}","{'id': 19621, 'rank': 2, 'fitness': 0.9749883228247562, 'generation': 255}","{'id': 19730, 'rank': 3, 'fitness': 0.9147807167148223, 'generation': 255}","{'id': 19730, 'rank': 4, 'fitness': 0.9147807167148223, 'generation': 255}","{'id': 19560, 'rank': 5, 'fitness': 0.8971207466661966, 'generation': 255}","{'id': 19560, 'rank': 6, 'fitness': 0.8971207466661966, 'generation': 255}","{'id': 19731, 'rank': 7, 'fitness': 0.8181249434604849, 'generation': 255}","{'id': 19731, 'rank': 8, 'fitness': 0.8181249434604849, 'generation': 255}","{'id': 19598, 'rank': 9, 'fitness': 0.7730573143953183, 'generation': 255}","{'id': 19671, 'rank': 10, 'fitness': 0.7658138690914134, 'generation': 255}","{'id': 19676, 'rank': 11, 'fitness': 0.7525658666326318, 'generation': 255}","{'id': 19681, 'rank': 12, 'fitness': 0.7236798826242258, 'generation': 255}","{'id': 19670, 'rank': 13, 'fitness': 0.7166819750513647, 'generation': 255}","{'id': 19670, 'rank': 14, 'fitness': 0.7166819750513647, 'generation': 255}","{'id': 19741, 'rank': 15, 'fitness': 0.7132609172098139, 'generation': 255}","{'id': 19709, 'rank': 16, 'fitness': 0.6747423472771865, 'generation': 255}","{'id': 19693, 'rank': 17, 'fitness': 0.6121786607418698, 'generation': 255}","{'id': 19727, 'rank': 18, 'fitness': 0.575480111497682, 'generation': 255}","{'id': 19727, 'rank': 19, 'fitness': 0.575480111497682, 'generation': 255}","{'id': 19677, 'rank': 20, 'fitness': 0.5631998999590478, 'generation': 255}","{'id': 19447, 'rank': 21, 'fitness': 0.5601223773446514, 'generation': 255}","{'id': 19583, 'rank': 22, 'fitness': 0.3562182415782383, 'generation': 255}","{'id': 19687, 'rank': 23, 'fitness': 0.3414502433032238, 'generation': 255}","{'id': 19601, 'rank': 24, 'fitness': 0.20979027589335442, 'generation': 255}","{'id': 19607, 'rank': 25, 'fitness': 0.16518875818015627, 'generation': 255}","{'id': 19740, 'rank': 26, 'fitness': 0.16474780902666641, 'generation': 255}","{'id': 19724, 'rank': 27, 'fitness': 0.13315476221040423, 'generation': 255}","{'id': 19723, 'rank': 28, 'fitness': 0.12242504742010885, 'generation': 255}","{'id': 19532, 'rank': 29, 'fitness': 0.07626536687404079, 'generation': 255}","{'id': 19672, 'rank': 30, 'fitness': 0.01798620996209155, 'generation': 255}"
"{'id': 19621, 'rank': 1, 'fitness': 0.9820137900379085, 'generation': 256}","{'id': 19768, 'rank': 2, 'fitness': 0.9818891247041512, 'generation': 256}","{'id': 19794, 'rank': 3, 'fitness': 0.9818841075666885, 'generation': 256}","{'id': 19794, 'rank': 4, 'fitness': 0.9818841075666885, 'generation': 256}","{'id': 19765, 'rank': 5, 'fitness': 0.9815990343438394, 'generation': 256}","{'id': 19560, 'rank': 6, 'fitness': 0.9814878917774822, 'generation': 256}","{'id': 19560, 'rank': 7, 'fitness': 0.9814878917774822, 'generation': 256}","{'id': 19598, 'rank': 8, 'fitness': 0.9811500975923098, 'generation': 256}","{'id': 19671, 'rank': 9, 'fitness': 0.9811352875604022, 'generation': 256}","{'id': 19671, 'rank': 10, 'fitness': 0.9811352875604022, 'generation': 256}","{'id': 19676, 'rank': 11, 'fitness': 0.9811089714090556, 'generation': 256}","{'id': 19670, 'rank': 12, 'fitness': 0.9810418986877663, 'generation': 256}","{'id': 19741, 'rank': 13, 'fitness': 0.9810357769636773, 'generation': 256}","{'id': 19677, 'rank': 14, 'fitness': 0.9807946251809894, 'generation': 256}","{'id': 19687, 'rank': 15, 'fitness': 0.980455323015179, 'generation': 256}","{'id': 19607, 'rank': 16, 'fitness': 0.980090158323706, 'generation': 256}","{'id': 19724, 'rank': 17, 'fitness': 0.9799930576326384, 'generation': 256}","{'id': 19723, 'rank': 18, 'fitness': 0.9799560043583261, 'generation': 256}","{'id': 19672, 'rank': 19, 'fitness': 0.979159088582765, 'generation': 256}","{'id': 19779, 'rank': 20, 'fitness': 0.9767241021194311, 'generation': 256}","{'id': 19763, 'rank': 21, 'fitness': 0.9265328787687053, 'generation': 256}","{'id': 19763, 'rank': 22, 'fitness': 0.9265328787687053, 'generation': 256}","{'id': 19782, 'rank': 23, 'fitness': 0.9166987063279115, 'generation': 256}","{'id': 19789, 'rank': 24, 'fitness': 0.870814654445484, 'generation': 256}","{'id': 19786, 'rank': 25, 'fitness': 0.7633073206136349, 'generation': 256}","{'id': 19784, 'rank': 26, 'fitness': 0.6693017155251881, 'generation': 256}","{'id': 19784, 'rank': 27, 'fitness': 0.6693017155251881, 'generation': 256}","{'id': 19791, 'rank': 28, 'fitness': 0.5617051012036189, 'generation': 256}","{'id': 19800, 'rank': 29, 'fitness': 0.04208616099938178, 'generation': 256}","{'id': 19801, 'rank': 30, 'fitness': 0.01798620996209155, 'generation': 256}"
"{'id': 19849, 'rank': 1, 'fitness': 0.9820137900379085, 'generation': 257}","{'id': 19849, 'rank': 2, 'fitness': 0.9820137900379085, 'generation': 257}","{'id': 19849, 'rank': 3, 'fitness': 0.9820137900379085, 'generation': 257}","{'id': 19809, 'rank': 4, 'fitness': 0.9807006487088965, 'generation': 257}","{'id': 19794, 'rank': 5, 'fitness': 0.980569548906254, 'generation': 257}","{'id': 19873, 'rank': 6, 'fitness': 0.9791650216997227, 'generation': 257}","{'id': 19765, 'rank': 7, 'fitness': 0.9790054987809719, 'generation': 257}","{'id': 19829, 'rank': 8, 'fitness': 0.9785546139737549, 'generation': 257}","{'id': 19829, 'rank': 9, 'fitness': 0.9785546139737549, 'generation': 257}","{'id': 19829, 'rank': 10, 'fitness': 0.9785546139737549, 'generation': 257}","{'id': 19808, 'rank': 11, 'fitness': 0.9784217178984719, 'generation': 257}","{'id': 19560, 'rank': 12, 'fitness': 0.9783697677251519, 'generation': 257}","{'id': 19560, 'rank': 13, 'fitness': 0.9783697677251519, 'generation': 257}","{'id': 19812, 'rank': 14, 'fitness': 0.9768833803877968, 'generation': 257}","{'id': 19872, 'rank': 15, 'fitness': 0.9765064016252317, 'generation': 257}","{'id': 19857, 'rank': 16, 'fitness': 0.9763004703141793, 'generation': 257}","{'id': 19857, 'rank': 17, 'fitness': 0.9763004703141793, 'generation': 257}","{'id': 19671, 'rank': 18, 'fitness': 0.9762530629402844, 'generation': 257}","{'id': 19676, 'rank': 19, 'fitness': 0.976088858719834, 'generation': 257}","{'id': 19741, 'rank': 20, 'fitness': 0.9756275066821025, 'generation': 257}","{'id': 19842, 'rank': 21, 'fitness': 0.974903387193305, 'generation': 257}","{'id': 19838, 'rank': 22, 'fitness': 0.9739473139165976, 'generation': 257}","{'id': 19838, 'rank': 23, 'fitness': 0.9739473139165976, 'generation': 257}","{'id': 19846, 'rank': 24, 'fitness': 0.9736515291128703, 'generation': 257}","{'id': 19841, 'rank': 25, 'fitness': 0.9734338813532202, 'generation': 257}","{'id': 19807, 'rank': 26, 'fitness': 0.9680832782219329, 'generation': 257}","{'id': 19850, 'rank': 27, 'fitness': 0.9649304237411453, 'generation': 257}","{'id': 19824, 'rank': 28, 'fitness': 0.9604554375275192, 'generation': 257}","{'id': 19880, 'rank': 29, 'fitness': 0.9247083687603928, 'generation': 257}","{'id': 19782, 'rank': 30, 'fitness': 0.01798620996209155, 'generation': 257}"
"{'id': 19967, 'rank': 1, 'fitness': 0.9820137900379085, 'generation': 258}","{'id': 19849, 'rank': 2, 'fitness': 0.9686851572828644, 'generation': 258}","{'id': 19931, 'rank': 3, 'fitness': 0.9457065900054783, 'generation': 258}","{'id': 19794, 'rank': 4, 'fitness': 0.9237142661226883, 'generation': 258}","{'id': 19900, 'rank': 5, 'fitness': 0.8043370820199427, 'generation': 258}","{'id': 19829, 'rank': 6, 'fitness': 0.7847587967639036, 'generation': 258}","{'id': 19970, 'rank': 7, 'fitness': 0.7753121736854858, 'generation': 258}","{'id': 19560, 'rank': 8, 'fitness': 0.7665786591556178, 'generation': 258}","{'id': 19560, 'rank': 9, 'fitness': 0.7665786591556178, 'generation': 258}","{'id': 19897, 'rank': 10, 'fitness': 0.7620188846700982, 'generation': 258}","{'id': 19888, 'rank': 11, 'fitness': 0.761361850882292, 'generation': 258}","{'id': 19910, 'rank': 12, 'fitness': 0.7356247414283983, 'generation': 258}","{'id': 19890, 'rank': 13, 'fitness': 0.7015032976966037, 'generation': 258}","{'id': 19922, 'rank': 14, 'fitness': 0.5785720233770594, 'generation': 258}","{'id': 19872, 'rank': 15, 'fitness': 0.5452841980506, 'generation': 258}","{'id': 19857, 'rank': 16, 'fitness': 0.5187717495990475, 'generation': 258}","{'id': 19924, 'rank': 17, 'fitness': 0.4821682931110753, 'generation': 258}","{'id': 19914, 'rank': 18, 'fitness': 0.43719121439937064, 'generation': 258}","{'id': 19957, 'rank': 19, 'fitness': 0.4333109273012846, 'generation': 258}","{'id': 19907, 'rank': 20, 'fitness': 0.3510656057656822, 'generation': 258}","{'id': 19842, 'rank': 21, 'fitness': 0.34875919124623933, 'generation': 258}","{'id': 19905, 'rank': 22, 'fitness': 0.31989812855402217, 'generation': 258}","{'id': 19933, 'rank': 23, 'fitness': 0.29841896953373104, 'generation': 258}","{'id': 19956, 'rank': 24, 'fitness': 0.25796275287902637, 'generation': 258}","{'id': 19846, 'rank': 25, 'fitness': 0.22795790505338376, 'generation': 258}","{'id': 19894, 'rank': 26, 'fitness': 0.22452934592539586, 'generation': 258}","{'id': 19894, 'rank': 27, 'fitness': 0.22452934592539586, 'generation': 258}","{'id': 19955, 'rank': 28, 'fitness': 0.20783842007290398, 'generation': 258}","{'id': 19960, 'rank': 29, 'fitness': 0.199882595461001, 'generation': 258}","{'id': 19916, 'rank': 30, 'fitness': 0.01798620996209155, 'generation': 258}"
"{'id': 20012, 'rank': 1, 'fitness': 0.9820137900379085, 'generation': 259}","{'id': 20011, 'rank': 2, 'fitness': 0.9818451762726267, 'generation': 259}","{'id': 20010, 'rank': 3, 'fitness': 0.981763798016468, 'generation': 259}","{'id': 19980, 'rank': 4, 'fitness': 0.9816943043587085, 'generation': 259}","{'id': 19980, 'rank': 5, 'fitness': 0.9816943043587085, 'generation': 259}","{'id': 19981, 'rank': 6, 'fitness': 0.9816582545624225, 'generation': 259}","{'id': 19981, 'rank': 7, 'fitness': 0.9816582545624225, 'generation': 259}","{'id': 19900, 'rank': 8, 'fitness': 0.9815367464756962, 'generation': 259}","{'id': 19829, 'rank': 9, 'fitness': 0.9815096138932402, 'generation': 259}","{'id': 19560, 'rank': 10, 'fitness': 0.9814859499802859, 'generation': 259}","{'id': 19897, 'rank': 11, 'fitness': 0.9814802149728865, 'generation': 259}","{'id': 19888, 'rank': 12, 'fitness': 0.9814793947190913, 'generation': 259}","{'id': 19890, 'rank': 13, 'fitness': 0.9814099925044801, 'generation': 259}","{'id': 19984, 'rank': 14, 'fitness': 0.981320336724683, 'generation': 259}","{'id': 19922, 'rank': 15, 'fitness': 0.9812873315920794, 'generation': 259}","{'id': 19872, 'rank': 16, 'fitness': 0.9812563381102739, 'generation': 259}","{'id': 19857, 'rank': 17, 'fitness': 0.981231900017738, 'generation': 259}","{'id': 19857, 'rank': 18, 'fitness': 0.981231900017738, 'generation': 259}","{'id': 19924, 'rank': 19, 'fitness': 0.9811982408266922, 'generation': 259}","{'id': 19914, 'rank': 20, 'fitness': 0.9811565185217705, 'generation': 259}","{'id': 19907, 'rank': 21, 'fitness': 0.9810729483449236, 'generation': 259}","{'id': 19894, 'rank': 22, 'fitness': 0.9809276970923884, 'generation': 259}","{'id': 19955, 'rank': 23, 'fitness': 0.9809047003728713, 'generation': 259}","{'id': 19960, 'rank': 24, 'fitness': 0.9808932494111042, 'generation': 259}","{'id': 19978, 'rank': 25, 'fitness': 0.9806062451897435, 'generation': 259}","{'id': 19978, 'rank': 26, 'fitness': 0.9806062451897435, 'generation': 259}","{'id': 19998, 'rank': 27, 'fitness': 0.9532904194323384, 'generation': 259}","{'id': 19994, 'rank': 28, 'fitness': 0.8946576388044784, 'generation': 259}","{'id': 20028, 'rank': 29, 'fitness': 0.10818949985112325, 'generation': 259}","{'id': 20034, 'rank': 30, 'fitness': 0.01798620996209155, 'generation': 259}"
"{'id': 20012, 'rank': 1, 'fitness': 0.9820137900379085, 'generation': 260}","{'id': 20099, 'rank': 2, 'fitness': 0.9818419296777775, 'generation': 260}","{'id': 19980, 'rank': 3, 'fitness': 0.9816943043587085, 'generation': 260}","{'id': 20082, 'rank': 4, 'fitness': 0.981658084190897, 'generation': 260}","{'id': 20061, 'rank': 5, 'fitness': 0.9815301572109136, 'generation': 260}","{'id': 20061, 'rank': 6, 'fitness': 0.9815301572109136, 'generation': 260}","{'id': 20061, 'rank': 7, 'fitness': 0.9815301572109136, 'generation': 260}","{'id': 20049, 'rank': 8, 'fitness': 0.9815099583065275, 'generation': 260}","{'id': 19829, 'rank': 9, 'fitness': 0.9815096138932402, 'generation': 260}","{'id': 19897, 'rank': 10, 'fitness': 0.9814802149728865, 'generation': 260}","{'id': 20042, 'rank': 11, 'fitness': 0.9814669683929569, 'generation': 260}","{'id': 20117, 'rank': 12, 'fitness': 0.9814438390925426, 'generation': 260}","{'id': 20117, 'rank': 13, 'fitness': 0.9814438390925426, 'generation': 260}","{'id': 20086, 'rank': 14, 'fitness': 0.9813987294020896, 'generation': 260}","{'id': 20085, 'rank': 15, 'fitness': 0.9813697458952995, 'generation': 260}","{'id': 20085, 'rank': 16, 'fitness': 0.9813697458952995, 'generation': 260}","{'id': 20081, 'rank': 17, 'fitness': 0.9812825716744614, 'generation': 260}","{'id': 20088, 'rank': 18, 'fitness': 0.9812669497523963, 'generation': 260}","{'id': 19857, 'rank': 19, 'fitness': 0.981231900017738, 'generation': 260}","{'id': 20093, 'rank': 20, 'fitness': 0.9811841511645943, 'generation': 260}","{'id': 20093, 'rank': 21, 'fitness': 0.9811841511645943, 'generation': 260}","{'id': 19914, 'rank': 22, 'fitness': 0.9811565185217705, 'generation': 260}","{'id': 20055, 'rank': 23, 'fitness': 0.9811273771389839, 'generation': 260}","{'id': 19907, 'rank': 24, 'fitness': 0.9810729483449236, 'generation': 260}","{'id': 20041, 'rank': 25, 'fitness': 0.9810338134783279, 'generation': 260}","{'id': 20108, 'rank': 26, 'fitness': 0.980960754440194, 'generation': 260}","{'id': 20106, 'rank': 27, 'fitness': 0.9808702081644611, 'generation': 260}","{'id': 20105, 'rank': 28, 'fitness': 0.9808455547881479, 'generation': 260}","{'id': 20037, 'rank': 29, 'fitness': 0.8377427770781651, 'generation': 260}","{'id': 20034, 'rank': 30, 'fitness': 0.01798620996209155, 'generation': 260}"
"{'id': 20133, 'rank': 1, 'fitness': 0.9820137900379085, 'generation': 261}","{'id': 20012, 'rank': 2, 'fitness': 0.9728622229858092, 'generation': 261}","{'id': 20012, 'rank': 3, 'fitness': 0.9728622229858092, 'generation': 261}","{'id': 20099, 'rank': 4, 'fitness': 0.9209922769119342, 'generation': 261}","{'id': 20154, 'rank': 5, 'fitness': 0.8853187929350824, 'generation': 261}","{'id': 20170, 'rank': 6, 'fitness': 0.6377685261906458, 'generation': 261}","{'id': 20183, 'rank': 7, 'fitness': 0.6150056285889273, 'generation': 261}","{'id': 19829, 'rank': 8, 'fitness': 0.5776003081485604, 'generation': 261}","{'id': 20177, 'rank': 9, 'fitness': 0.5490209743906342, 'generation': 261}","{'id': 20152, 'rank': 10, 'fitness': 0.5278884509531621, 'generation': 261}","{'id': 20151, 'rank': 11, 'fitness': 0.5157964139689414, 'generation': 261}","{'id': 20179, 'rank': 12, 'fitness': 0.4833563986507055, 'generation': 261}","{'id': 20117, 'rank': 13, 'fitness': 0.4733396816340848, 'generation': 261}","{'id': 20186, 'rank': 14, 'fitness': 0.3648852181100944, 'generation': 261}","{'id': 20085, 'rank': 15, 'fitness': 0.35945145380873184, 'generation': 261}","{'id': 20153, 'rank': 16, 'fitness': 0.29612138745676886, 'generation': 261}","{'id': 19857, 'rank': 17, 'fitness': 0.19013247828077362, 'generation': 261}","{'id': 20188, 'rank': 18, 'fitness': 0.18576543775045629, 'generation': 261}","{'id': 20121, 'rank': 19, 'fitness': 0.1617706931745071, 'generation': 261}","{'id': 20093, 'rank': 20, 'fitness': 0.14810592341842221, 'generation': 261}","{'id': 20189, 'rank': 21, 'fitness': 0.14237994062242165, 'generation': 261}","{'id': 20189, 'rank': 22, 'fitness': 0.14237994062242165, 'generation': 261}","{'id': 20167, 'rank': 23, 'fitness': 0.13830810133819754, 'generation': 261}","{'id': 20166, 'rank': 24, 'fitness': 0.07814911352928633, 'generation': 261}","{'id': 20041, 'rank': 25, 'fitness': 0.06353984653559824, 'generation': 261}","{'id': 20146, 'rank': 26, 'fitness': 0.05996478785927395, 'generation': 261}","{'id': 20108, 'rank': 27, 'fitness': 0.04128675830718298, 'generation': 261}","{'id': 20160, 'rank': 28, 'fitness': 0.037034697863946975, 'generation': 261}","{'id': 20201, 'rank': 29, 'fitness': 0.035943287219652675, 'generation': 261}","{'id': 20172, 'rank': 30, 'fitness': 0.01798620996209155, 'generation': 261}"
"{'id': 20133, 'rank': 1, 'fitness': 0.9820137900379085, 'generation': 262}","{'id': 20012, 'rank': 2, 'fitness': 0.9819202324199576, 'generation': 262}","{'id': 20234, 'rank': 3, 'fitness': 0.9818771457966389, 'generation': 262}","{'id': 20236, 'rank': 4, 'fitness': 0.9817775740873518, 'generation': 262}","{'id': 20236, 'rank': 5, 'fitness': 0.9817775740873518, 'generation': 262}","{'id': 20236, 'rank': 6, 'fitness': 0.9817775740873518, 'generation': 262}","{'id': 20154, 'rank': 7, 'fitness': 0.9815746700628168, 'generation': 262}","{'id': 20221, 'rank': 8, 'fitness': 0.9813838124428473, 'generation': 262}","{'id': 20223, 'rank': 9, 'fitness': 0.9812469349820181, 'generation': 262}","{'id': 20223, 'rank': 10, 'fitness': 0.9812469349820181, 'generation': 262}","{'id': 19829, 'rank': 11, 'fitness': 0.9811773749099999, 'generation': 262}","{'id': 20177, 'rank': 12, 'fitness': 0.9811504005239297, 'generation': 262}","{'id': 20152, 'rank': 13, 'fitness': 0.9811306365351021, 'generation': 262}","{'id': 20179, 'rank': 14, 'fitness': 0.9810891424358517, 'generation': 262}","{'id': 20179, 'rank': 15, 'fitness': 0.9810891424358517, 'generation': 262}","{'id': 20117, 'rank': 16, 'fitness': 0.9810797862360723, 'generation': 262}","{'id': 20117, 'rank': 17, 'fitness': 0.9810797862360723, 'generation': 262}","{'id': 20186, 'rank': 18, 'fitness': 0.9809751846585553, 'generation': 262}","{'id': 20186, 'rank': 19, 'fitness': 0.9809751846585553, 'generation': 262}","{'id': 20085, 'rank': 20, 'fitness': 0.9809696703660258, 'generation': 262}","{'id': 20085, 'rank': 21, 'fitness': 0.9809696703660258, 'generation': 262}","{'id': 20085, 'rank': 22, 'fitness': 0.9809696703660258, 'generation': 262}","{'id': 20153, 'rank': 23, 'fitness': 0.9809020081421713, 'generation': 262}","{'id': 19857, 'rank': 24, 'fitness': 0.9807642855756422, 'generation': 262}","{'id': 20188, 'rank': 25, 'fitness': 0.9807575046768398, 'generation': 262}","{'id': 20093, 'rank': 26, 'fitness': 0.9806929841606633, 'generation': 262}","{'id': 20172, 'rank': 27, 'fitness': 0.98015049460191, 'generation': 262}","{'id': 20217, 'rank': 28, 'fitness': 0.9723286621491902, 'generation': 262}","{'id': 20209, 'rank': 29, 'fitness': 0.05453589331953779, 'generation': 262}","{'id': 20247, 'rank': 30, 'fitness': 0.01798620996209155, 'generation': 262}"
"{'id': 20133, 'rank': 1, 'fitness': 0.9820137900379085, 'generation': 263}","{'id': 20236, 'rank': 2, 'fitness': 0.9362477744238813, 'generation': 263}","{'id': 20260, 'rank': 3, 'fitness': 0.9009161959381253, 'generation': 263}","{'id': 20301, 'rank': 4, 'fitness': 0.8833018207002619, 'generation': 263}","{'id': 20337, 'rank': 5, 'fitness': 0.7919641073816297, 'generation': 263}","{'id': 20263, 'rank': 6, 'fitness': 0.7914112380737737, 'generation': 263}","{'id': 20298, 'rank': 7, 'fitness': 0.7905184090403494, 'generation': 263}","{'id': 20299, 'rank': 8, 'fitness': 0.745672699668879, 'generation': 263}","{'id': 20333, 'rank': 9, 'fitness': 0.6388782252241296, 'generation': 263}","{'id': 20259, 'rank': 10, 'fitness': 0.6223083729724305, 'generation': 263}","{'id': 20335, 'rank': 11, 'fitness': 0.615838707070231, 'generation': 263}","{'id': 20253, 'rank': 12, 'fitness': 0.5419826930997309, 'generation': 263}","{'id': 20251, 'rank': 13, 'fitness': 0.4771315358749903, 'generation': 263}","{'id': 20223, 'rank': 14, 'fitness': 0.44941107132878155, 'generation': 263}","{'id': 20223, 'rank': 15, 'fitness': 0.44941107132878155, 'generation': 263}","{'id': 20332, 'rank': 16, 'fitness': 0.3572398352856207, 'generation': 263}","{'id': 20177, 'rank': 17, 'fitness': 0.32735954251187854, 'generation': 263}","{'id': 20262, 'rank': 18, 'fitness': 0.31078564439468104, 'generation': 263}","{'id': 20152, 'rank': 19, 'fitness': 0.30455499418672194, 'generation': 263}","{'id': 20152, 'rank': 20, 'fitness': 0.30455499418672194, 'generation': 263}","{'id': 20179, 'rank': 21, 'fitness': 0.2598122373077426, 'generation': 263}","{'id': 20328, 'rank': 22, 'fitness': 0.16639838281780384, 'generation': 263}","{'id': 20186, 'rank': 23, 'fitness': 0.16082244932605722, 'generation': 263}","{'id': 20285, 'rank': 24, 'fitness': 0.06727263095432012, 'generation': 263}","{'id': 20093, 'rank': 25, 'fitness': 0.0416628497226178, 'generation': 263}","{'id': 20093, 'rank': 26, 'fitness': 0.0416628497226178, 'generation': 263}","{'id': 20287, 'rank': 27, 'fitness': 0.029266663166030438, 'generation': 263}","{'id': 20287, 'rank': 28, 'fitness': 0.029266663166030438, 'generation': 263}","{'id': 20292, 'rank': 29, 'fitness': 0.02796664976624408, 'generation': 263}","{'id': 20307, 'rank': 30, 'fitness': 0.01798620996209155, 'generation': 263}"
"{'id': 20383, 'rank': 1, 'fitness': 0.9820137900379085, 'generation': 264}","{'id': 20236, 'rank': 2, 'fitness': 0.981955242116762, 'generation': 264}","{'id': 20263, 'rank': 3, 'fitness': 0.9818164553434564, 'generation': 264}","{'id': 20299, 'rank': 4, 'fitness': 0.9817899019062251, 'generation': 264}","{'id': 20333, 'rank': 5, 'fitness': 0.9817377569621485, 'generation': 264}","{'id': 20333, 'rank': 6, 'fitness': 0.9817377569621485, 'generation': 264}","{'id': 20259, 'rank': 7, 'fitness': 0.9817304017920048, 'generation': 264}","{'id': 20259, 'rank': 8, 'fitness': 0.9817304017920048, 'generation': 264}","{'id': 20259, 'rank': 9, 'fitness': 0.9817304017920048, 'generation': 264}","{'id': 20253, 'rank': 10, 'fitness': 0.9816961387176527, 'generation': 264}","{'id': 20253, 'rank': 11, 'fitness': 0.9816961387176527, 'generation': 264}","{'id': 20251, 'rank': 12, 'fitness': 0.9816691974287228, 'generation': 264}","{'id': 20223, 'rank': 13, 'fitness': 0.9816576244977487, 'generation': 264}","{'id': 20223, 'rank': 14, 'fitness': 0.9816576244977487, 'generation': 264}","{'id': 20223, 'rank': 15, 'fitness': 0.9816576244977487, 'generation': 264}","{'id': 20177, 'rank': 16, 'fitness': 0.9816038653091246, 'generation': 264}","{'id': 20262, 'rank': 17, 'fitness': 0.9815959201943694, 'generation': 264}","{'id': 20262, 'rank': 18, 'fitness': 0.9815959201943694, 'generation': 264}","{'id': 20152, 'rank': 19, 'fitness': 0.9815928732414545, 'generation': 264}","{'id': 20152, 'rank': 20, 'fitness': 0.9815928732414545, 'generation': 264}","{'id': 20152, 'rank': 21, 'fitness': 0.9815928732414545, 'generation': 264}","{'id': 20285, 'rank': 22, 'fitness': 0.9814040367074991, 'generation': 264}","{'id': 20358, 'rank': 23, 'fitness': 0.9790970072980459, 'generation': 264}","{'id': 20341, 'rank': 24, 'fitness': 0.9735364734289174, 'generation': 264}","{'id': 20354, 'rank': 25, 'fitness': 0.8997153679127283, 'generation': 264}","{'id': 20349, 'rank': 26, 'fitness': 0.7885405713597468, 'generation': 264}","{'id': 20388, 'rank': 27, 'fitness': 0.6868183392943749, 'generation': 264}","{'id': 20350, 'rank': 28, 'fitness': 0.6085013203488352, 'generation': 264}","{'id': 20380, 'rank': 29, 'fitness': 0.20225667277849574, 'generation': 264}","{'id': 20356, 'rank': 30, 'fitness': 0.01798620996209155, 'generation': 264}"
"{'id': 20452, 'rank': 1, 'fitness': 0.9820137900379085, 'generation': 265}","{'id': 20236, 'rank': 2, 'fitness': 0.9453065029938446, 'generation': 265}","{'id': 20424, 'rank': 3, 'fitness': 0.8867949382834954, 'generation': 265}","{'id': 20453, 'rank': 4, 'fitness': 0.8489950385435714, 'generation': 265}","{'id': 20453, 'rank': 5, 'fitness': 0.8489950385435714, 'generation': 265}","{'id': 20450, 'rank': 6, 'fitness': 0.8250369287861522, 'generation': 265}","{'id': 20299, 'rank': 7, 'fitness': 0.7602603970959674, 'generation': 265}","{'id': 20390, 'rank': 8, 'fitness': 0.757650202179286, 'generation': 265}","{'id': 20470, 'rank': 9, 'fitness': 0.7565822442336401, 'generation': 265}","{'id': 20470, 'rank': 10, 'fitness': 0.7565822442336401, 'generation': 265}","{'id': 20451, 'rank': 11, 'fitness': 0.6608383449663665, 'generation': 265}","{'id': 20333, 'rank': 12, 'fitness': 0.6507790165843952, 'generation': 265}","{'id': 20259, 'rank': 13, 'fitness': 0.6335775928740743, 'generation': 265}","{'id': 20410, 'rank': 14, 'fitness': 0.6164623987679947, 'generation': 265}","{'id': 20251, 'rank': 15, 'fitness': 0.4814412254421613, 'generation': 265}","{'id': 20400, 'rank': 16, 'fitness': 0.4577797063517113, 'generation': 265}","{'id': 20415, 'rank': 17, 'fitness': 0.44200420142156666, 'generation': 265}","{'id': 20262, 'rank': 18, 'fitness': 0.30658670542360267, 'generation': 265}","{'id': 20449, 'rank': 19, 'fitness': 0.2485804953635185, 'generation': 265}","{'id': 20401, 'rank': 20, 'fitness': 0.23822773527251884, 'generation': 265}","{'id': 20396, 'rank': 21, 'fitness': 0.22958329954322138, 'generation': 265}","{'id': 20447, 'rank': 22, 'fitness': 0.2238040264918244, 'generation': 265}","{'id': 20447, 'rank': 23, 'fitness': 0.2238040264918244, 'generation': 265}","{'id': 20466, 'rank': 24, 'fitness': 0.20818053355717814, 'generation': 265}","{'id': 20413, 'rank': 25, 'fitness': 0.17738229988099657, 'generation': 265}","{'id': 20427, 'rank': 26, 'fitness': 0.1592266289037449, 'generation': 265}","{'id': 20427, 'rank': 27, 'fitness': 0.1592266289037449, 'generation': 265}","{'id': 20423, 'rank': 28, 'fitness': 0.14820086361170576, 'generation': 265}","{'id': 20462, 'rank': 29, 'fitness': 0.05010222020241545, 'generation': 265}","{'id': 20460, 'rank': 30, 'fitness': 0.01798620996209155, 'generation': 265}"
"{'id': 20452, 'rank': 1, 'fitness': 0.9820137900379085, 'generation': 266}","{'id': 20452, 'rank': 2, 'fitness': 0.9820137900379085, 'generation': 266}","{'id': 20498, 'rank': 3, 'fitness': 0.9819924415121596, 'generation': 266}","{'id': 20497, 'rank': 4, 'fitness': 0.9819488107104785, 'generation': 266}","{'id': 20424, 'rank': 5, 'fitness': 0.9818490409344913, 'generation': 266}","{'id': 20424, 'rank': 6, 'fitness': 0.9818490409344913, 'generation': 266}","{'id': 20453, 'rank': 7, 'fitness': 0.9818207498722717, 'generation': 266}","{'id': 20451, 'rank': 8, 'fitness': 0.9817300682619756, 'generation': 266}","{'id': 20259, 'rank': 9, 'fitness': 0.9817198200005095, 'generation': 266}","{'id': 20400, 'rank': 10, 'fitness': 0.9816581894889964, 'generation': 266}","{'id': 20415, 'rank': 11, 'fitness': 0.9816526992020844, 'generation': 266}","{'id': 20415, 'rank': 12, 'fitness': 0.9816526992020844, 'generation': 266}","{'id': 20415, 'rank': 13, 'fitness': 0.9816526992020844, 'generation': 266}","{'id': 20262, 'rank': 14, 'fitness': 0.9816024052707039, 'generation': 266}","{'id': 20401, 'rank': 15, 'fitness': 0.9815724720726278, 'generation': 266}","{'id': 20396, 'rank': 16, 'fitness': 0.9815682980542624, 'generation': 266}","{'id': 20396, 'rank': 17, 'fitness': 0.9815682980542624, 'generation': 266}","{'id': 20447, 'rank': 18, 'fitness': 0.9815654451729687, 'generation': 266}","{'id': 20427, 'rank': 19, 'fitness': 0.9815290321260686, 'generation': 266}","{'id': 20423, 'rank': 20, 'fitness': 0.9815216788846262, 'generation': 266}","{'id': 20462, 'rank': 21, 'fitness': 0.9814178674208038, 'generation': 266}","{'id': 20485, 'rank': 22, 'fitness': 0.9807129559175269, 'generation': 266}","{'id': 20487, 'rank': 23, 'fitness': 0.9806895565738372, 'generation': 266}","{'id': 20494, 'rank': 24, 'fitness': 0.9787219377847225, 'generation': 266}","{'id': 20492, 'rank': 25, 'fitness': 0.9777169898786692, 'generation': 266}","{'id': 20491, 'rank': 26, 'fitness': 0.9770527657342823, 'generation': 266}","{'id': 20500, 'rank': 27, 'fitness': 0.970806946033676, 'generation': 266}","{'id': 20472, 'rank': 28, 'fitness': 0.8677932339752629, 'generation': 266}","{'id': 20507, 'rank': 29, 'fitness': 0.8470073316804103, 'generation': 266}","{'id': 20528, 'rank': 30, 'fitness': 0.01798620996209155, 'generation': 266}"
"{'id': 20498, 'rank': 1, 'fitness': 0.9820137900379085, 'generation': 267}","{'id': 20545, 'rank': 2, 'fitness': 0.9797900008734808, 'generation': 267}","{'id': 20569, 'rank': 3, 'fitness': 0.9797801138170872, 'generation': 267}","{'id': 20569, 'rank': 4, 'fitness': 0.9797801138170872, 'generation': 267}","{'id': 20570, 'rank': 5, 'fitness': 0.9787487268512081, 'generation': 267}","{'id': 20424, 'rank': 6, 'fitness': 0.9763953026907933, 'generation': 267}","{'id': 20592, 'rank': 7, 'fitness': 0.97157649473403, 'generation': 267}","{'id': 20549, 'rank': 8, 'fitness': 0.9702371702411463, 'generation': 267}","{'id': 20259, 'rank': 9, 'fitness': 0.9699426134931046, 'generation': 267}","{'id': 20415, 'rank': 10, 'fitness': 0.9659682548295984, 'generation': 267}","{'id': 20415, 'rank': 11, 'fitness': 0.9659682548295984, 'generation': 267}","{'id': 20599, 'rank': 12, 'fitness': 0.9650841616929211, 'generation': 267}","{'id': 20565, 'rank': 13, 'fitness': 0.9632504272361277, 'generation': 267}","{'id': 20396, 'rank': 14, 'fitness': 0.9602723398979927, 'generation': 267}","{'id': 20396, 'rank': 15, 'fitness': 0.9602723398979927, 'generation': 267}","{'id': 20396, 'rank': 16, 'fitness': 0.9602723398979927, 'generation': 267}","{'id': 20447, 'rank': 17, 'fitness': 0.960065123177733, 'generation': 267}","{'id': 20555, 'rank': 18, 'fitness': 0.9598086566104411, 'generation': 267}","{'id': 20621, 'rank': 19, 'fitness': 0.9595807389396209, 'generation': 267}","{'id': 20533, 'rank': 20, 'fitness': 0.959494155891991, 'generation': 267}","{'id': 20620, 'rank': 21, 'fitness': 0.9571093138986595, 'generation': 267}","{'id': 20619, 'rank': 22, 'fitness': 0.957058043332931, 'generation': 267}","{'id': 20561, 'rank': 23, 'fitness': 0.9498747779545088, 'generation': 267}","{'id': 20594, 'rank': 24, 'fitness': 0.945521812961984, 'generation': 267}","{'id': 20553, 'rank': 25, 'fitness': 0.9381690741000565, 'generation': 267}","{'id': 20584, 'rank': 26, 'fitness': 0.8183125029792109, 'generation': 267}","{'id': 20608, 'rank': 27, 'fitness': 0.7988177505894622, 'generation': 267}","{'id': 20598, 'rank': 28, 'fitness': 0.05177936137930389, 'generation': 267}","{'id': 20492, 'rank': 29, 'fitness': 0.030167515870998363, 'generation': 267}","{'id': 20543, 'rank': 30, 'fitness': 0.01798620996209155, 'generation': 267}"
"{'id': 20631, 'rank': 1, 'fitness': 0.9820137900379085, 'generation': 268}","{'id': 20631, 'rank': 2, 'fitness': 0.9820137900379085, 'generation': 268}","{'id': 20631, 'rank': 3, 'fitness': 0.9820137900379085, 'generation': 268}","{'id': 20632, 'rank': 4, 'fitness': 0.9773169814119034, 'generation': 268}","{'id': 20498, 'rank': 5, 'fitness': 0.9724877462205557, 'generation': 268}","{'id': 20699, 'rank': 6, 'fitness': 0.965150840539863, 'generation': 268}","{'id': 20569, 'rank': 7, 'fitness': 0.960181758533956, 'generation': 268}","{'id': 20569, 'rank': 8, 'fitness': 0.960181758533956, 'generation': 268}","{'id': 20549, 'rank': 9, 'fitness': 0.8713070384391636, 'generation': 268}","{'id': 20259, 'rank': 10, 'fitness': 0.8676149028369438, 'generation': 268}","{'id': 20415, 'rank': 11, 'fitness': 0.8128923068408023, 'generation': 268}","{'id': 20646, 'rank': 12, 'fitness': 0.7723138971787044, 'generation': 268}","{'id': 20694, 'rank': 13, 'fitness': 0.7640355349479719, 'generation': 268}","{'id': 20626, 'rank': 14, 'fitness': 0.7181331906617706, 'generation': 268}","{'id': 20626, 'rank': 15, 'fitness': 0.7181331906617706, 'generation': 268}","{'id': 20555, 'rank': 16, 'fitness': 0.7140852864711049, 'generation': 268}","{'id': 20640, 'rank': 17, 'fitness': 0.5477161199571076, 'generation': 268}","{'id': 20679, 'rank': 18, 'fitness': 0.3411191568286873, 'generation': 268}","{'id': 20679, 'rank': 19, 'fitness': 0.3411191568286873, 'generation': 268}","{'id': 20669, 'rank': 20, 'fitness': 0.31849776123826923, 'generation': 268}","{'id': 20655, 'rank': 21, 'fitness': 0.2933536844832628, 'generation': 268}","{'id': 20655, 'rank': 22, 'fitness': 0.2933536844832628, 'generation': 268}","{'id': 20692, 'rank': 23, 'fitness': 0.174425010114168, 'generation': 268}","{'id': 20638, 'rank': 24, 'fitness': 0.1487515896013223, 'generation': 268}","{'id': 20663, 'rank': 25, 'fitness': 0.1178834023672069, 'generation': 268}","{'id': 20663, 'rank': 26, 'fitness': 0.1178834023672069, 'generation': 268}","{'id': 20643, 'rank': 27, 'fitness': 0.06607447827461738, 'generation': 268}","{'id': 20693, 'rank': 28, 'fitness': 0.045891283224946566, 'generation': 268}","{'id': 20661, 'rank': 29, 'fitness': 0.026254230646462595, 'generation': 268}","{'id': 20659, 'rank': 30, 'fitness': 0.01798620996209155, 'generation': 268}"
"{'id': 20631, 'rank': 1, 'fitness': 0.9820137900379085, 'generation': 269}","{'id': 20708, 'rank': 2, 'fitness': 0.9820089988931213, 'generation': 269}","{'id': 20498, 'rank': 3, 'fitness': 0.9819501713138193, 'generation': 269}","{'id': 20569, 'rank': 4, 'fitness': 0.9818940295345194, 'generation': 269}","{'id': 20569, 'rank': 5, 'fitness': 0.9818940295345194, 'generation': 269}","{'id': 20569, 'rank': 6, 'fitness': 0.9818940295345194, 'generation': 269}","{'id': 20569, 'rank': 7, 'fitness': 0.9818940295345194, 'generation': 269}","{'id': 20712, 'rank': 8, 'fitness': 0.9818825509327218, 'generation': 269}","{'id': 20709, 'rank': 9, 'fitness': 0.9818401048332965, 'generation': 269}","{'id': 20710, 'rank': 10, 'fitness': 0.9818041070149648, 'generation': 269}","{'id': 20259, 'rank': 11, 'fitness': 0.9817014899228504, 'generation': 269}","{'id': 20646, 'rank': 12, 'fitness': 0.9816033886901632, 'generation': 269}","{'id': 20694, 'rank': 13, 'fitness': 0.9815964444362628, 'generation': 269}","{'id': 20626, 'rank': 14, 'fitness': 0.9815605975323811, 'generation': 269}","{'id': 20640, 'rank': 15, 'fitness': 0.9814489362105633, 'generation': 269}","{'id': 20716, 'rank': 16, 'fitness': 0.9813479790151745, 'generation': 269}","{'id': 20716, 'rank': 17, 'fitness': 0.9813479790151745, 'generation': 269}","{'id': 20669, 'rank': 18, 'fitness': 0.9813050259162628, 'generation': 269}","{'id': 20655, 'rank': 19, 'fitness': 0.9812870437071741, 'generation': 269}","{'id': 20701, 'rank': 20, 'fitness': 0.9812530583192034, 'generation': 269}","{'id': 20663, 'rank': 21, 'fitness': 0.9811141325604528, 'generation': 269}","{'id': 20663, 'rank': 22, 'fitness': 0.9811141325604528, 'generation': 269}","{'id': 20663, 'rank': 23, 'fitness': 0.9811141325604528, 'generation': 269}","{'id': 20663, 'rank': 24, 'fitness': 0.9811141325604528, 'generation': 269}","{'id': 20659, 'rank': 25, 'fitness': 0.9808071704275764, 'generation': 269}","{'id': 20726, 'rank': 26, 'fitness': 0.9765925630379348, 'generation': 269}","{'id': 20728, 'rank': 27, 'fitness': 0.9757194708744945, 'generation': 269}","{'id': 20730, 'rank': 28, 'fitness': 0.9663208870236921, 'generation': 269}","{'id': 20720, 'rank': 29, 'fitness': 0.9451607828128219, 'generation': 269}","{'id': 20751, 'rank': 30, 'fitness': 0.01798620996209155, 'generation': 269}"
"{'id': 20631, 'rank': 1, 'fitness': 0.9820137900379085, 'generation': 270}","{'id': 20776, 'rank': 2, 'fitness': 0.9710117772974582, 'generation': 270}","{'id': 20498, 'rank': 3, 'fitness': 0.9700492381377279, 'generation': 270}","{'id': 20779, 'rank': 4, 'fitness': 0.9663004561008712, 'generation': 270}","{'id': 20780, 'rank': 5, 'fitness': 0.9651533728981396, 'generation': 270}","{'id': 20842, 'rank': 6, 'fitness': 0.9649444433553658, 'generation': 270}","{'id': 20811, 'rank': 7, 'fitness': 0.963837034389684, 'generation': 270}","{'id': 20569, 'rank': 8, 'fitness': 0.9534009964369768, 'generation': 270}","{'id': 20809, 'rank': 9, 'fitness': 0.9361572297797435, 'generation': 270}","{'id': 20806, 'rank': 10, 'fitness': 0.9340890406358171, 'generation': 270}","{'id': 20818, 'rank': 11, 'fitness': 0.9182246650138763, 'generation': 270}","{'id': 20805, 'rank': 12, 'fitness': 0.9178384679747591, 'generation': 270}","{'id': 20775, 'rank': 13, 'fitness': 0.9085088556333999, 'generation': 270}","{'id': 20790, 'rank': 14, 'fitness': 0.8911703230592651, 'generation': 270}","{'id': 20841, 'rank': 15, 'fitness': 0.8402544211537453, 'generation': 270}","{'id': 20793, 'rank': 16, 'fitness': 0.7626980102940841, 'generation': 270}","{'id': 20793, 'rank': 17, 'fitness': 0.7626980102940841, 'generation': 270}","{'id': 20626, 'rank': 18, 'fitness': 0.5790530337903117, 'generation': 270}","{'id': 20821, 'rank': 19, 'fitness': 0.39270727134175853, 'generation': 270}","{'id': 20821, 'rank': 20, 'fitness': 0.39270727134175853, 'generation': 270}","{'id': 20801, 'rank': 21, 'fitness': 0.31212416180166114, 'generation': 270}","{'id': 20716, 'rank': 22, 'fitness': 0.20138831006078017, 'generation': 270}","{'id': 20803, 'rank': 23, 'fitness': 0.14117711699031316, 'generation': 270}","{'id': 20655, 'rank': 24, 'fitness': 0.1346613089594595, 'generation': 270}","{'id': 20760, 'rank': 25, 'fitness': 0.11254086440945743, 'generation': 270}","{'id': 20800, 'rank': 26, 'fitness': 0.07334764199532012, 'generation': 270}","{'id': 20836, 'rank': 27, 'fitness': 0.07302072110186875, 'generation': 270}","{'id': 20836, 'rank': 28, 'fitness': 0.07302072110186875, 'generation': 270}","{'id': 20832, 'rank': 29, 'fitness': 0.06850241978029276, 'generation': 270}","{'id': 20831, 'rank': 30, 'fitness': 0.01798620996209155, 'generation': 270}"
"{'id': 20631, 'rank': 1, 'fitness': 0.9820137900379085, 'generation': 271}","{'id': 20776, 'rank': 2, 'fitness': 0.9808441807894686, 'generation': 271}","{'id': 20780, 'rank': 3, 'fitness': 0.9803691439495059, 'generation': 271}","{'id': 20842, 'rank': 4, 'fitness': 0.9803534740215065, 'generation': 271}","{'id': 20849, 'rank': 5, 'fitness': 0.9798961432885878, 'generation': 271}","{'id': 20569, 'rank': 6, 'fitness': 0.9795884284948544, 'generation': 271}","{'id': 20847, 'rank': 7, 'fitness': 0.979232747437827, 'generation': 271}","{'id': 20859, 'rank': 8, 'fitness': 0.979006586340039, 'generation': 271}","{'id': 20809, 'rank': 9, 'fitness': 0.9786946922455946, 'generation': 271}","{'id': 20809, 'rank': 10, 'fitness': 0.9786946922455946, 'generation': 271}","{'id': 20805, 'rank': 11, 'fitness': 0.9779365153153627, 'generation': 271}","{'id': 20805, 'rank': 12, 'fitness': 0.9779365153153627, 'generation': 271}","{'id': 20790, 'rank': 13, 'fitness': 0.977038606887384, 'generation': 271}","{'id': 20905, 'rank': 14, 'fitness': 0.976518855141657, 'generation': 271}","{'id': 20905, 'rank': 15, 'fitness': 0.976518855141657, 'generation': 271}","{'id': 20873, 'rank': 16, 'fitness': 0.9724498508256351, 'generation': 271}","{'id': 20873, 'rank': 17, 'fitness': 0.9724498508256351, 'generation': 271}","{'id': 20878, 'rank': 18, 'fitness': 0.972349264052177, 'generation': 271}","{'id': 20877, 'rank': 19, 'fitness': 0.9704252372404589, 'generation': 271}","{'id': 20863, 'rank': 20, 'fitness': 0.9679174573315403, 'generation': 271}","{'id': 20902, 'rank': 21, 'fitness': 0.966980031928024, 'generation': 271}","{'id': 20902, 'rank': 22, 'fitness': 0.966980031928024, 'generation': 271}","{'id': 20801, 'rank': 23, 'fitness': 0.9667727440273004, 'generation': 271}","{'id': 20655, 'rank': 24, 'fitness': 0.9619470566856998, 'generation': 271}","{'id': 20836, 'rank': 25, 'fitness': 0.9585336998666726, 'generation': 271}","{'id': 20832, 'rank': 26, 'fitness': 0.9581732315640614, 'generation': 271}","{'id': 20831, 'rank': 27, 'fitness': 0.950208812056083, 'generation': 271}","{'id': 20869, 'rank': 28, 'fitness': 0.9293534003855557, 'generation': 271}","{'id': 20893, 'rank': 29, 'fitness': 0.9084561265303556, 'generation': 271}","{'id': 20887, 'rank': 30, 'fitness': 0.01798620996209155, 'generation': 271}"
"{'id': 20631, 'rank': 1, 'fitness': 0.9820137900379085, 'generation': 272}","{'id': 20970, 'rank': 2, 'fitness': 0.9817022579807918, 'generation': 272}","{'id': 20969, 'rank': 3, 'fitness': 0.9756352405846842, 'generation': 272}","{'id': 20969, 'rank': 4, 'fitness': 0.9756352405846842, 'generation': 272}","{'id': 20998, 'rank': 5, 'fitness': 0.974332189367958, 'generation': 272}","{'id': 20998, 'rank': 6, 'fitness': 0.974332189367958, 'generation': 272}","{'id': 20965, 'rank': 7, 'fitness': 0.9662769316105215, 'generation': 272}","{'id': 20965, 'rank': 8, 'fitness': 0.9662769316105215, 'generation': 272}","{'id': 20920, 'rank': 9, 'fitness': 0.9615627425694511, 'generation': 272}","{'id': 20790, 'rank': 10, 'fitness': 0.9552234080645869, 'generation': 272}","{'id': 20905, 'rank': 11, 'fitness': 0.9513798266157121, 'generation': 272}","{'id': 20909, 'rank': 12, 'fitness': 0.9458055973655136, 'generation': 272}","{'id': 20909, 'rank': 13, 'fitness': 0.9458055973655136, 'generation': 272}","{'id': 20909, 'rank': 14, 'fitness': 0.9458055973655136, 'generation': 272}","{'id': 20933, 'rank': 15, 'fitness': 0.9339999317586456, 'generation': 272}","{'id': 21006, 'rank': 16, 'fitness': 0.9284839197402981, 'generation': 272}","{'id': 20959, 'rank': 17, 'fitness': 0.9204505765084308, 'generation': 272}","{'id': 20959, 'rank': 18, 'fitness': 0.9204505765084308, 'generation': 272}","{'id': 21010, 'rank': 19, 'fitness': 0.8953052305357789, 'generation': 272}","{'id': 20982, 'rank': 20, 'fitness': 0.8911308966994543, 'generation': 272}","{'id': 20967, 'rank': 21, 'fitness': 0.8776101289376483, 'generation': 272}","{'id': 20967, 'rank': 22, 'fitness': 0.8776101289376483, 'generation': 272}","{'id': 20863, 'rank': 23, 'fitness': 0.8537033622694076, 'generation': 272}","{'id': 20863, 'rank': 24, 'fitness': 0.8537033622694076, 'generation': 272}","{'id': 20957, 'rank': 25, 'fitness': 0.8402283810176905, 'generation': 272}","{'id': 20801, 'rank': 26, 'fitness': 0.8358031112496321, 'generation': 272}","{'id': 20921, 'rank': 27, 'fitness': 0.7971578802577539, 'generation': 272}","{'id': 20951, 'rank': 28, 'fitness': 0.6982041217719237, 'generation': 272}","{'id': 20912, 'rank': 29, 'fitness': 0.3292891621899454, 'generation': 272}","{'id': 20913, 'rank': 30, 'fitness': 0.01798620996209155, 'generation': 272}"
"{'id': 21049, 'rank': 1, 'fitness': 0.9820137900379085, 'generation': 273}","{'id': 20631, 'rank': 2, 'fitness': 0.981777471160924, 'generation': 273}","{'id': 21052, 'rank': 3, 'fitness': 0.9816494505904962, 'generation': 273}","{'id': 20969, 'rank': 4, 'fitness': 0.9808766787641091, 'generation': 273}","{'id': 20998, 'rank': 5, 'fitness': 0.980717077462517, 'generation': 273}","{'id': 20998, 'rank': 6, 'fitness': 0.980717077462517, 'generation': 273}","{'id': 21022, 'rank': 7, 'fitness': 0.9804752286246462, 'generation': 273}","{'id': 21022, 'rank': 8, 'fitness': 0.9804752286246462, 'generation': 273}","{'id': 21051, 'rank': 9, 'fitness': 0.9804216805502237, 'generation': 273}","{'id': 21023, 'rank': 10, 'fitness': 0.9796787010578966, 'generation': 273}","{'id': 20790, 'rank': 11, 'fitness': 0.978910834557742, 'generation': 273}","{'id': 20905, 'rank': 12, 'fitness': 0.9786261636743698, 'generation': 273}","{'id': 21021, 'rank': 13, 'fitness': 0.9786046556467002, 'generation': 273}","{'id': 21093, 'rank': 14, 'fitness': 0.9784611242213728, 'generation': 273}","{'id': 20909, 'rank': 15, 'fitness': 0.9782433294521673, 'generation': 273}","{'id': 21083, 'rank': 16, 'fitness': 0.9780144973030664, 'generation': 273}","{'id': 21006, 'rank': 17, 'fitness': 0.9772221461433473, 'generation': 273}","{'id': 20959, 'rank': 18, 'fitness': 0.9768121360955507, 'generation': 273}","{'id': 20982, 'rank': 19, 'fitness': 0.9755357552363171, 'generation': 273}","{'id': 20863, 'rank': 20, 'fitness': 0.9742218235133062, 'generation': 273}","{'id': 21026, 'rank': 21, 'fitness': 0.9741694757359762, 'generation': 273}","{'id': 21035, 'rank': 22, 'fitness': 0.9723026509222354, 'generation': 273}","{'id': 21084, 'rank': 23, 'fitness': 0.9721560066885431, 'generation': 273}","{'id': 21045, 'rank': 24, 'fitness': 0.9708634857714913, 'generation': 273}","{'id': 20951, 'rank': 25, 'fitness': 0.9702693090414443, 'generation': 273}","{'id': 21078, 'rank': 26, 'fitness': 0.9683958492014619, 'generation': 273}","{'id': 21065, 'rank': 27, 'fitness': 0.9491863688589786, 'generation': 273}","{'id': 20913, 'rank': 28, 'fitness': 0.938083877181743, 'generation': 273}","{'id': 21077, 'rank': 29, 'fitness': 0.9281383174461291, 'generation': 273}","{'id': 21030, 'rank': 30, 'fitness': 0.01798620996209155, 'generation': 273}"
"{'id': 21150, 'rank': 1, 'fitness': 0.9820137900379085, 'generation': 274}","{'id': 21049, 'rank': 2, 'fitness': 0.9814151383872927, 'generation': 274}","{'id': 21049, 'rank': 3, 'fitness': 0.9814151383872927, 'generation': 274}","{'id': 21171, 'rank': 4, 'fitness': 0.9792960371055512, 'generation': 274}","{'id': 21171, 'rank': 5, 'fitness': 0.9792960371055512, 'generation': 274}","{'id': 20631, 'rank': 6, 'fitness': 0.9790704029270635, 'generation': 274}","{'id': 21052, 'rank': 7, 'fitness': 0.9776957154224879, 'generation': 274}","{'id': 21149, 'rank': 8, 'fitness': 0.9716670639168588, 'generation': 274}","{'id': 20969, 'rank': 9, 'fitness': 0.9676152900010665, 'generation': 274}","{'id': 21022, 'rank': 10, 'fitness': 0.9609843342952731, 'generation': 274}","{'id': 21051, 'rank': 11, 'fitness': 0.9600181101263161, 'generation': 274}","{'id': 21152, 'rank': 12, 'fitness': 0.9528418202180227, 'generation': 274}","{'id': 21127, 'rank': 13, 'fitness': 0.9452817474118319, 'generation': 274}","{'id': 21176, 'rank': 14, 'fitness': 0.9380128298275698, 'generation': 274}","{'id': 20790, 'rank': 15, 'fitness': 0.923203843244316, 'generation': 274}","{'id': 21124, 'rank': 16, 'fitness': 0.9114581269285773, 'generation': 274}","{'id': 21093, 'rank': 17, 'fitness': 0.9080558685143293, 'generation': 274}","{'id': 21093, 'rank': 18, 'fitness': 0.9080558685143293, 'generation': 274}","{'id': 21180, 'rank': 19, 'fitness': 0.8920970629191528, 'generation': 274}","{'id': 21167, 'rank': 20, 'fitness': 0.8784095773545508, 'generation': 274}","{'id': 21142, 'rank': 21, 'fitness': 0.8696356145898175, 'generation': 274}","{'id': 21112, 'rank': 22, 'fitness': 0.8526562846698865, 'generation': 274}","{'id': 21145, 'rank': 23, 'fitness': 0.7502684353630928, 'generation': 274}","{'id': 21130, 'rank': 24, 'fitness': 0.7471922378925948, 'generation': 274}","{'id': 21114, 'rank': 25, 'fitness': 0.687883911587141, 'generation': 274}","{'id': 21133, 'rank': 26, 'fitness': 0.6109969183258273, 'generation': 274}","{'id': 21084, 'rank': 27, 'fitness': 0.47257160250383023, 'generation': 274}","{'id': 21135, 'rank': 28, 'fitness': 0.23596586360298594, 'generation': 274}","{'id': 21153, 'rank': 29, 'fitness': 0.12063290948934324, 'generation': 274}","{'id': 21104, 'rank': 30, 'fitness': 0.01798620996209155, 'generation': 274}"
"{'id': 21049, 'rank': 1, 'fitness': 0.9820137900379085, 'generation': 275}","{'id': 21049, 'rank': 2, 'fitness': 0.9820137900379085, 'generation': 275}","{'id': 21243, 'rank': 3, 'fitness': 0.9816569656899592, 'generation': 275}","{'id': 21243, 'rank': 4, 'fitness': 0.9816569656899592, 'generation': 275}","{'id': 21243, 'rank': 5, 'fitness': 0.9816569656899592, 'generation': 275}","{'id': 21171, 'rank': 6, 'fitness': 0.9815935670236291, 'generation': 275}","{'id': 21171, 'rank': 7, 'fitness': 0.9815935670236291, 'generation': 275}","{'id': 21171, 'rank': 8, 'fitness': 0.9815935670236291, 'generation': 275}","{'id': 21246, 'rank': 9, 'fitness': 0.9808512147116691, 'generation': 275}","{'id': 21246, 'rank': 10, 'fitness': 0.9808512147116691, 'generation': 275}","{'id': 21247, 'rank': 11, 'fitness': 0.9805009516033896, 'generation': 275}","{'id': 21244, 'rank': 12, 'fitness': 0.9801600085004758, 'generation': 275}","{'id': 21214, 'rank': 13, 'fitness': 0.9798966409597194, 'generation': 275}","{'id': 21022, 'rank': 14, 'fitness': 0.978899188991811, 'generation': 275}","{'id': 21152, 'rank': 15, 'fitness': 0.9780075494989122, 'generation': 275}","{'id': 21127, 'rank': 16, 'fitness': 0.9772762911060189, 'generation': 275}","{'id': 21176, 'rank': 17, 'fitness': 0.9766395410451421, 'generation': 275}","{'id': 21212, 'rank': 18, 'fitness': 0.9737772563183699, 'generation': 275}","{'id': 21167, 'rank': 19, 'fitness': 0.9727522981591274, 'generation': 275}","{'id': 21167, 'rank': 20, 'fitness': 0.9727522981591274, 'generation': 275}","{'id': 21142, 'rank': 21, 'fitness': 0.9722974005229293, 'generation': 275}","{'id': 21145, 'rank': 22, 'fitness': 0.9673200726892528, 'generation': 275}","{'id': 21145, 'rank': 23, 'fitness': 0.9673200726892528, 'generation': 275}","{'id': 21130, 'rank': 24, 'fitness': 0.9672094966057914, 'generation': 275}","{'id': 21114, 'rank': 25, 'fitness': 0.9651625408698179, 'generation': 275}","{'id': 21084, 'rank': 26, 'fitness': 0.9580881889166644, 'generation': 275}","{'id': 21188, 'rank': 27, 'fitness': 0.8804348229710113, 'generation': 275}","{'id': 21191, 'rank': 28, 'fitness': 0.8658700483211808, 'generation': 275}","{'id': 21227, 'rank': 29, 'fitness': 0.8275391009236771, 'generation': 275}","{'id': 21250, 'rank': 30, 'fitness': 0.01798620996209155, 'generation': 275}"
"{'id': 21326, 'rank': 1, 'fitness': 0.9820137900379085, 'generation': 276}","{'id': 21049, 'rank': 2, 'fitness': 0.9816548335845985, 'generation': 276}","{'id': 21049, 'rank': 3, 'fitness': 0.9816548335845985, 'generation': 276}","{'id': 21310, 'rank': 4, 'fitness': 0.981460877467797, 'generation': 276}","{'id': 21171, 'rank': 5, 'fitness': 0.9811886843378117, 'generation': 276}","{'id': 21266, 'rank': 6, 'fitness': 0.980000733607914, 'generation': 276}","{'id': 21298, 'rank': 7, 'fitness': 0.9797721510070148, 'generation': 276}","{'id': 21244, 'rank': 8, 'fitness': 0.9795918054620665, 'generation': 276}","{'id': 21299, 'rank': 9, 'fitness': 0.9793977587406874, 'generation': 276}","{'id': 21214, 'rank': 10, 'fitness': 0.9792973559963438, 'generation': 276}","{'id': 21214, 'rank': 11, 'fitness': 0.9792973559963438, 'generation': 276}","{'id': 21333, 'rank': 12, 'fitness': 0.9784999400124257, 'generation': 276}","{'id': 21333, 'rank': 13, 'fitness': 0.9784999400124257, 'generation': 276}","{'id': 21022, 'rank': 14, 'fitness': 0.9781792900480051, 'generation': 276}","{'id': 21297, 'rank': 15, 'fitness': 0.9780659997061028, 'generation': 276}","{'id': 21335, 'rank': 16, 'fitness': 0.9775589067178796, 'generation': 276}","{'id': 21335, 'rank': 17, 'fitness': 0.9775589067178796, 'generation': 276}","{'id': 21301, 'rank': 18, 'fitness': 0.9760718477933348, 'generation': 276}","{'id': 21176, 'rank': 19, 'fitness': 0.9756303635939795, 'generation': 276}","{'id': 21260, 'rank': 20, 'fitness': 0.9745687517259713, 'generation': 276}","{'id': 21319, 'rank': 21, 'fitness': 0.9745491946856945, 'generation': 276}","{'id': 21307, 'rank': 22, 'fitness': 0.9744417500748506, 'generation': 276}","{'id': 21212, 'rank': 23, 'fitness': 0.9723724986829656, 'generation': 276}","{'id': 21281, 'rank': 24, 'fitness': 0.9718758084045125, 'generation': 276}","{'id': 21288, 'rank': 25, 'fitness': 0.9663911800239465, 'generation': 276}","{'id': 21289, 'rank': 26, 'fitness': 0.9631778490738769, 'generation': 276}","{'id': 21304, 'rank': 27, 'fitness': 0.9579087597821929, 'generation': 276}","{'id': 21330, 'rank': 28, 'fitness': 0.9390647675383703, 'generation': 276}","{'id': 21227, 'rank': 29, 'fitness': 0.791963399281602, 'generation': 276}","{'id': 21322, 'rank': 30, 'fitness': 0.01798620996209155, 'generation': 276}"
"{'id': 21049, 'rank': 1, 'fitness': 0.9820137900379085, 'generation': 277}","{'id': 21171, 'rank': 2, 'fitness': 0.9788117066365378, 'generation': 277}","{'id': 21171, 'rank': 3, 'fitness': 0.9788117066365378, 'generation': 277}","{'id': 21407, 'rank': 4, 'fitness': 0.9711991385447747, 'generation': 277}","{'id': 21384, 'rank': 5, 'fitness': 0.9662660732389258, 'generation': 277}","{'id': 21298, 'rank': 6, 'fitness': 0.9660694650120576, 'generation': 277}","{'id': 21244, 'rank': 7, 'fitness': 0.9640738379564533, 'generation': 277}","{'id': 21214, 'rank': 8, 'fitness': 0.960611990512418, 'generation': 277}","{'id': 21214, 'rank': 9, 'fitness': 0.960611990512418, 'generation': 277}","{'id': 21214, 'rank': 10, 'fitness': 0.960611990512418, 'generation': 277}","{'id': 21398, 'rank': 11, 'fitness': 0.9509157523497938, 'generation': 277}","{'id': 21397, 'rank': 12, 'fitness': 0.9485364697288989, 'generation': 277}","{'id': 21297, 'rank': 13, 'fitness': 0.9431203544921408, 'generation': 277}","{'id': 21297, 'rank': 14, 'fitness': 0.9431203544921408, 'generation': 277}","{'id': 21335, 'rank': 15, 'fitness': 0.9343479607960419, 'generation': 277}","{'id': 21379, 'rank': 16, 'fitness': 0.9227598115032494, 'generation': 277}","{'id': 21377, 'rank': 17, 'fitness': 0.9186575722637105, 'generation': 277}","{'id': 21377, 'rank': 18, 'fitness': 0.9186575722637105, 'generation': 277}","{'id': 21368, 'rank': 19, 'fitness': 0.8628194019778005, 'generation': 277}","{'id': 21380, 'rank': 20, 'fitness': 0.8621588555798647, 'generation': 277}","{'id': 21319, 'rank': 21, 'fitness': 0.8596930643385301, 'generation': 277}","{'id': 21420, 'rank': 22, 'fitness': 0.8463302237182482, 'generation': 277}","{'id': 21378, 'rank': 23, 'fitness': 0.8281482244323242, 'generation': 277}","{'id': 21421, 'rank': 24, 'fitness': 0.8225640259372865, 'generation': 277}","{'id': 21422, 'rank': 25, 'fitness': 0.793153332717887, 'generation': 277}","{'id': 21383, 'rank': 26, 'fitness': 0.7722215981280482, 'generation': 277}","{'id': 21352, 'rank': 27, 'fitness': 0.7551398047868121, 'generation': 277}","{'id': 21353, 'rank': 28, 'fitness': 0.4773223424917845, 'generation': 277}","{'id': 21393, 'rank': 29, 'fitness': 0.12235453429571186, 'generation': 277}","{'id': 21367, 'rank': 30, 'fitness': 0.01798620996209155, 'generation': 277}"
"{'id': 21485, 'rank': 1, 'fitness': 0.9820137900379085, 'generation': 278}","{'id': 21485, 'rank': 2, 'fitness': 0.9820137900379085, 'generation': 278}","{'id': 21171, 'rank': 3, 'fitness': 0.9816720446558815, 'generation': 278}","{'id': 21244, 'rank': 4, 'fitness': 0.9802081569754293, 'generation': 278}","{'id': 21244, 'rank': 5, 'fitness': 0.9802081569754293, 'generation': 278}","{'id': 21398, 'rank': 6, 'fitness': 0.9792757429594854, 'generation': 278}","{'id': 21335, 'rank': 7, 'fitness': 0.9783536035473899, 'generation': 278}","{'id': 21508, 'rank': 8, 'fitness': 0.9783358297438707, 'generation': 278}","{'id': 21464, 'rank': 9, 'fitness': 0.9779704482502918, 'generation': 278}","{'id': 21377, 'rank': 10, 'fitness': 0.9776360065030385, 'generation': 278}","{'id': 21513, 'rank': 11, 'fitness': 0.9776027893097268, 'generation': 278}","{'id': 21461, 'rank': 12, 'fitness': 0.9765255456907938, 'generation': 278}","{'id': 21514, 'rank': 13, 'fitness': 0.9763901594799265, 'generation': 278}","{'id': 21368, 'rank': 14, 'fitness': 0.9757140573140503, 'generation': 278}","{'id': 21380, 'rank': 15, 'fitness': 0.975695017590466, 'generation': 278}","{'id': 21378, 'rank': 16, 'fitness': 0.9747870476767534, 'generation': 278}","{'id': 21444, 'rank': 17, 'fitness': 0.9697570213697555, 'generation': 278}","{'id': 21462, 'rank': 18, 'fitness': 0.9647209523508755, 'generation': 278}","{'id': 21428, 'rank': 19, 'fitness': 0.9607374682861991, 'generation': 278}","{'id': 21469, 'rank': 20, 'fitness': 0.9601718051227467, 'generation': 278}","{'id': 21429, 'rank': 21, 'fitness': 0.9595987291216378, 'generation': 278}","{'id': 21429, 'rank': 22, 'fitness': 0.9595987291216378, 'generation': 278}","{'id': 21467, 'rank': 23, 'fitness': 0.9594741815757326, 'generation': 278}","{'id': 21445, 'rank': 24, 'fitness': 0.9461600562814337, 'generation': 278}","{'id': 21367, 'rank': 25, 'fitness': 0.9453820628910958, 'generation': 278}","{'id': 21437, 'rank': 26, 'fitness': 0.7584593510751044, 'generation': 278}","{'id': 21439, 'rank': 27, 'fitness': 0.5712162282307349, 'generation': 278}","{'id': 21491, 'rank': 28, 'fitness': 0.11945727806767037, 'generation': 278}","{'id': 21474, 'rank': 29, 'fitness': 0.0970550008984008, 'generation': 278}","{'id': 21494, 'rank': 30, 'fitness': 0.01798620996209155, 'generation': 278}"
"{'id': 21560, 'rank': 1, 'fitness': 0.9820137900379085, 'generation': 279}","{'id': 21485, 'rank': 2, 'fitness': 0.9679561822352198, 'generation': 279}","{'id': 21485, 'rank': 3, 'fitness': 0.9679561822352198, 'generation': 279}","{'id': 21485, 'rank': 4, 'fitness': 0.9679561822352198, 'generation': 279}","{'id': 21485, 'rank': 5, 'fitness': 0.9679561822352198, 'generation': 279}","{'id': 21559, 'rank': 6, 'fitness': 0.9555431478889823, 'generation': 279}","{'id': 21244, 'rank': 7, 'fitness': 0.9439597340083435, 'generation': 279}","{'id': 21564, 'rank': 8, 'fitness': 0.9298601836357316, 'generation': 279}","{'id': 21561, 'rank': 9, 'fitness': 0.9259421183221667, 'generation': 279}","{'id': 21561, 'rank': 10, 'fitness': 0.9259421183221667, 'generation': 279}","{'id': 21555, 'rank': 11, 'fitness': 0.9169103070599909, 'generation': 279}","{'id': 21525, 'rank': 12, 'fitness': 0.9008350037700508, 'generation': 279}","{'id': 21464, 'rank': 13, 'fitness': 0.8974022009416751, 'generation': 279}","{'id': 21461, 'rank': 14, 'fitness': 0.8556090120588028, 'generation': 279}","{'id': 21550, 'rank': 15, 'fitness': 0.8179530901830835, 'generation': 279}","{'id': 21522, 'rank': 16, 'fitness': 0.8174532847461443, 'generation': 279}","{'id': 21522, 'rank': 17, 'fitness': 0.8174532847461443, 'generation': 279}","{'id': 21528, 'rank': 18, 'fitness': 0.8018707804626946, 'generation': 279}","{'id': 21528, 'rank': 19, 'fitness': 0.8018707804626946, 'generation': 279}","{'id': 21540, 'rank': 20, 'fitness': 0.8013743972558411, 'generation': 279}","{'id': 21378, 'rank': 21, 'fitness': 0.7925964974296871, 'generation': 279}","{'id': 21573, 'rank': 22, 'fitness': 0.7663463747661017, 'generation': 279}","{'id': 21524, 'rank': 23, 'fitness': 0.3765861062420877, 'generation': 279}","{'id': 21581, 'rank': 24, 'fitness': 0.31365154958494135, 'generation': 279}","{'id': 21519, 'rank': 25, 'fitness': 0.30776854109231566, 'generation': 279}","{'id': 21578, 'rank': 26, 'fitness': 0.2973618782471764, 'generation': 279}","{'id': 21578, 'rank': 27, 'fitness': 0.2973618782471764, 'generation': 279}","{'id': 21429, 'rank': 28, 'fitness': 0.17110756083357082, 'generation': 279}","{'id': 21580, 'rank': 29, 'fitness': 0.10705030549743677, 'generation': 279}","{'id': 21551, 'rank': 30, 'fitness': 0.01798620996209155, 'generation': 279}"
"{'id': 21560, 'rank': 1, 'fitness': 0.9820137900379085, 'generation': 280}","{'id': 21485, 'rank': 2, 'fitness': 0.9812224693112281, 'generation': 280}","{'id': 21485, 'rank': 3, 'fitness': 0.9812224693112281, 'generation': 280}","{'id': 21640, 'rank': 4, 'fitness': 0.9806751374980014, 'generation': 280}","{'id': 21564, 'rank': 5, 'fitness': 0.9800644359608245, 'generation': 280}","{'id': 21561, 'rank': 6, 'fitness': 0.9799794486127765, 'generation': 280}","{'id': 21561, 'rank': 7, 'fitness': 0.9799794486127765, 'generation': 280}","{'id': 21555, 'rank': 8, 'fitness': 0.9797970900302526, 'generation': 280}","{'id': 21525, 'rank': 9, 'fitness': 0.9795097358181629, 'generation': 280}","{'id': 21464, 'rank': 10, 'fitness': 0.9794533689384028, 'generation': 280}","{'id': 21464, 'rank': 11, 'fitness': 0.9794533689384028, 'generation': 280}","{'id': 21461, 'rank': 12, 'fitness': 0.978864574306535, 'generation': 280}","{'id': 21550, 'rank': 13, 'fitness': 0.9784361108004196, 'generation': 280}","{'id': 21522, 'rank': 14, 'fitness': 0.978430868008707, 'generation': 280}","{'id': 21528, 'rank': 15, 'fitness': 0.978272103570708, 'generation': 280}","{'id': 21540, 'rank': 16, 'fitness': 0.9782671865110762, 'generation': 280}","{'id': 21378, 'rank': 17, 'fitness': 0.978181541584966, 'generation': 280}","{'id': 21660, 'rank': 18, 'fitness': 0.9777664125935, 'generation': 280}","{'id': 21581, 'rank': 19, 'fitness': 0.9745576001688739, 'generation': 280}","{'id': 21603, 'rank': 20, 'fitness': 0.9744686872231341, 'generation': 280}","{'id': 21429, 'rank': 21, 'fitness': 0.9730559403740038, 'generation': 280}","{'id': 21429, 'rank': 22, 'fitness': 0.9730559403740038, 'generation': 280}","{'id': 21580, 'rank': 23, 'fitness': 0.9719798092491381, 'generation': 280}","{'id': 21634, 'rank': 24, 'fitness': 0.971905669663112, 'generation': 280}","{'id': 21633, 'rank': 25, 'fitness': 0.9525337571871918, 'generation': 280}","{'id': 21629, 'rank': 26, 'fitness': 0.9507950979707667, 'generation': 280}","{'id': 21601, 'rank': 27, 'fitness': 0.33370338527073184, 'generation': 280}","{'id': 21618, 'rank': 28, 'fitness': 0.13816527537187862, 'generation': 280}","{'id': 21597, 'rank': 29, 'fitness': 0.027604684782062572, 'generation': 280}","{'id': 21612, 'rank': 30, 'fitness': 0.01798620996209155, 'generation': 280}"
"{'id': 21560, 'rank': 1, 'fitness': 0.9820137900379085, 'generation': 281}","{'id': 21720, 'rank': 2, 'fitness': 0.9793941039554741, 'generation': 281}","{'id': 21717, 'rank': 3, 'fitness': 0.9779614143455053, 'generation': 281}","{'id': 21485, 'rank': 4, 'fitness': 0.9762892332793928, 'generation': 281}","{'id': 21722, 'rank': 5, 'fitness': 0.9762261768442364, 'generation': 281}","{'id': 21723, 'rank': 6, 'fitness': 0.9742733078112503, 'generation': 281}","{'id': 21723, 'rank': 7, 'fitness': 0.9742733078112503, 'generation': 281}","{'id': 21747, 'rank': 8, 'fitness': 0.973537709220144, 'generation': 281}","{'id': 21703, 'rank': 9, 'fitness': 0.9666554824578604, 'generation': 281}","{'id': 21561, 'rank': 10, 'fitness': 0.9643367282574992, 'generation': 281}","{'id': 21561, 'rank': 11, 'fitness': 0.9643367282574992, 'generation': 281}","{'id': 21698, 'rank': 12, 'fitness': 0.9634157485168513, 'generation': 281}","{'id': 21694, 'rank': 13, 'fitness': 0.9591883939315579, 'generation': 281}","{'id': 21685, 'rank': 14, 'fitness': 0.9584903306992072, 'generation': 281}","{'id': 21701, 'rank': 15, 'fitness': 0.9576580661736235, 'generation': 281}","{'id': 21719, 'rank': 16, 'fitness': 0.9576408708210886, 'generation': 281}","{'id': 21724, 'rank': 17, 'fitness': 0.9553518851193343, 'generation': 281}","{'id': 21716, 'rank': 18, 'fitness': 0.9402360581638581, 'generation': 281}","{'id': 21752, 'rank': 19, 'fitness': 0.9339830360562345, 'generation': 281}","{'id': 21695, 'rank': 20, 'fitness': 0.9315256210729582, 'generation': 281}","{'id': 21681, 'rank': 21, 'fitness': 0.9168845612128692, 'generation': 281}","{'id': 21681, 'rank': 22, 'fitness': 0.9168845612128692, 'generation': 281}","{'id': 21697, 'rank': 23, 'fitness': 0.9158960782952368, 'generation': 281}","{'id': 21667, 'rank': 24, 'fitness': 0.8798658164987742, 'generation': 281}","{'id': 21676, 'rank': 25, 'fitness': 0.8580366810380007, 'generation': 281}","{'id': 21739, 'rank': 26, 'fitness': 0.7664771271721269, 'generation': 281}","{'id': 21739, 'rank': 27, 'fitness': 0.7664771271721269, 'generation': 281}","{'id': 21693, 'rank': 28, 'fitness': 0.7438292332484469, 'generation': 281}","{'id': 21696, 'rank': 29, 'fitness': 0.01798620996209155, 'generation': 281}","{'id': 21696, 'rank': 30, 'fitness': 0.01798620996209155, 'generation': 281}"
"{'id': 21767, 'rank': 1, 'fitness': 0.9820137900379085, 'generation': 282}","{'id': 21816, 'rank': 2, 'fitness': 0.979971281380362, 'generation': 282}","{'id': 21722, 'rank': 3, 'fitness': 0.9784747358216477, 'generation': 282}","{'id': 21723, 'rank': 4, 'fitness': 0.9778584734322002, 'generation': 282}","{'id': 21799, 'rank': 5, 'fitness': 0.977831074271982, 'generation': 282}","{'id': 21810, 'rank': 6, 'fitness': 0.9777946325994508, 'generation': 282}","{'id': 21747, 'rank': 7, 'fitness': 0.9776339342170671, 'generation': 282}","{'id': 21833, 'rank': 8, 'fitness': 0.9772414830286283, 'generation': 282}","{'id': 21829, 'rank': 9, 'fitness': 0.9752743872706511, 'generation': 282}","{'id': 21829, 'rank': 10, 'fitness': 0.9752743872706511, 'generation': 282}","{'id': 21694, 'rank': 11, 'fitness': 0.9738610877795577, 'generation': 282}","{'id': 21701, 'rank': 12, 'fitness': 0.9735102628516457, 'generation': 282}","{'id': 21719, 'rank': 13, 'fitness': 0.9735063647134051, 'generation': 282}","{'id': 21820, 'rank': 14, 'fitness': 0.9730218314356401, 'generation': 282}","{'id': 21827, 'rank': 15, 'fitness': 0.9729767586982442, 'generation': 282}","{'id': 21822, 'rank': 16, 'fitness': 0.9714791358376846, 'generation': 282}","{'id': 21822, 'rank': 17, 'fitness': 0.9714791358376846, 'generation': 282}","{'id': 21716, 'rank': 18, 'fitness': 0.9699606182483353, 'generation': 282}","{'id': 21793, 'rank': 19, 'fitness': 0.9665212947161674, 'generation': 282}","{'id': 21776, 'rank': 20, 'fitness': 0.9661935451734047, 'generation': 282}","{'id': 21676, 'rank': 21, 'fitness': 0.9582615582764209, 'generation': 282}","{'id': 21777, 'rank': 22, 'fitness': 0.9577311411573931, 'generation': 282}","{'id': 21756, 'rank': 23, 'fitness': 0.9511851540728771, 'generation': 282}","{'id': 21773, 'rank': 24, 'fitness': 0.9503612304641171, 'generation': 282}","{'id': 21773, 'rank': 25, 'fitness': 0.9503612304641171, 'generation': 282}","{'id': 21739, 'rank': 26, 'fitness': 0.9486334136209327, 'generation': 282}","{'id': 21693, 'rank': 27, 'fitness': 0.9464621689010305, 'generation': 282}","{'id': 21760, 'rank': 28, 'fitness': 0.944199312188806, 'generation': 282}","{'id': 21765, 'rank': 29, 'fitness': 0.6183390368637286, 'generation': 282}","{'id': 21836, 'rank': 30, 'fitness': 0.01798620996209155, 'generation': 282}"
"{'id': 21767, 'rank': 1, 'fitness': 0.9820137900379085, 'generation': 283}","{'id': 21929, 'rank': 2, 'fitness': 0.9685054075036671, 'generation': 283}","{'id': 21722, 'rank': 3, 'fitness': 0.9628689027711889, 'generation': 283}","{'id': 21747, 'rank': 4, 'fitness': 0.9567386882756951, 'generation': 283}","{'id': 21853, 'rank': 5, 'fitness': 0.9561912674324627, 'generation': 283}","{'id': 21875, 'rank': 6, 'fitness': 0.9466205054493009, 'generation': 283}","{'id': 21928, 'rank': 7, 'fitness': 0.9405159412715416, 'generation': 283}","{'id': 21871, 'rank': 8, 'fitness': 0.9215308714892929, 'generation': 283}","{'id': 21701, 'rank': 9, 'fitness': 0.9161788428408499, 'generation': 283}","{'id': 21820, 'rank': 10, 'fitness': 0.9101319522473911, 'generation': 283}","{'id': 21827, 'rank': 11, 'fitness': 0.9095601284385448, 'generation': 283}","{'id': 21880, 'rank': 12, 'fitness': 0.9071084436019247, 'generation': 283}","{'id': 21880, 'rank': 13, 'fitness': 0.9071084436019247, 'generation': 283}","{'id': 21900, 'rank': 14, 'fitness': 0.9056002115859275, 'generation': 283}","{'id': 21874, 'rank': 15, 'fitness': 0.8970330550163375, 'generation': 283}","{'id': 21870, 'rank': 16, 'fitness': 0.8893341343853269, 'generation': 283}","{'id': 21716, 'rank': 17, 'fitness': 0.8659609979305907, 'generation': 283}","{'id': 21716, 'rank': 18, 'fitness': 0.8659609979305907, 'generation': 283}","{'id': 21840, 'rank': 19, 'fitness': 0.8523852612171842, 'generation': 283}","{'id': 21885, 'rank': 20, 'fitness': 0.8503456430829435, 'generation': 283}","{'id': 21885, 'rank': 21, 'fitness': 0.8503456430829435, 'generation': 283}","{'id': 21846, 'rank': 22, 'fitness': 0.8384397117795057, 'generation': 283}","{'id': 21793, 'rank': 23, 'fitness': 0.8038931623080856, 'generation': 283}","{'id': 21855, 'rank': 24, 'fitness': 0.799924341246339, 'generation': 283}","{'id': 21909, 'rank': 25, 'fitness': 0.7460628557658188, 'generation': 283}","{'id': 21676, 'rank': 26, 'fitness': 0.6177268322871872, 'generation': 283}","{'id': 21739, 'rank': 27, 'fitness': 0.40022369482010406, 'generation': 283}","{'id': 21892, 'rank': 28, 'fitness': 0.3292887338751924, 'generation': 283}","{'id': 21864, 'rank': 29, 'fitness': 0.23675581268767315, 'generation': 283}","{'id': 21895, 'rank': 30, 'fitness': 0.01798620996209155, 'generation': 283}"
"{'id': 21946, 'rank': 1, 'fitness': 0.9820137900379085, 'generation': 284}","{'id': 21946, 'rank': 2, 'fitness': 0.9820137900379085, 'generation': 284}","{'id': 21943, 'rank': 3, 'fitness': 0.9813284520524065, 'generation': 284}","{'id': 21963, 'rank': 4, 'fitness': 0.9804158140438851, 'generation': 284}","{'id': 21820, 'rank': 5, 'fitness': 0.9796421551444826, 'generation': 284}","{'id': 21820, 'rank': 6, 'fitness': 0.9796421551444826, 'generation': 284}","{'id': 21827, 'rank': 7, 'fitness': 0.9796276995679221, 'generation': 284}","{'id': 21900, 'rank': 8, 'fitness': 0.9795295260478016, 'generation': 284}","{'id': 21716, 'rank': 9, 'fitness': 0.9786891331314213, 'generation': 284}","{'id': 21716, 'rank': 10, 'fitness': 0.9786891331314213, 'generation': 284}","{'id': 21885, 'rank': 11, 'fitness': 0.97840901359537, 'generation': 284}","{'id': 21885, 'rank': 12, 'fitness': 0.97840901359537, 'generation': 284}","{'id': 21885, 'rank': 13, 'fitness': 0.97840901359537, 'generation': 284}","{'id': 21846, 'rank': 14, 'fitness': 0.9782090756923121, 'generation': 284}","{'id': 21909, 'rank': 15, 'fitness': 0.9769122632231846, 'generation': 284}","{'id': 21986, 'rank': 16, 'fitness': 0.9755169792989316, 'generation': 284}","{'id': 21676, 'rank': 17, 'fitness': 0.9754684994508002, 'generation': 284}","{'id': 21969, 'rank': 18, 'fitness': 0.9744499167470189, 'generation': 284}","{'id': 21969, 'rank': 19, 'fitness': 0.9744499167470189, 'generation': 284}","{'id': 21739, 'rank': 20, 'fitness': 0.9731698531143749, 'generation': 284}","{'id': 21864, 'rank': 21, 'fitness': 0.9710108033466656, 'generation': 284}","{'id': 22004, 'rank': 22, 'fitness': 0.9525921726229043, 'generation': 284}","{'id': 22009, 'rank': 23, 'fitness': 0.9357752861203958, 'generation': 284}","{'id': 21979, 'rank': 24, 'fitness': 0.9324329015366553, 'generation': 284}","{'id': 21995, 'rank': 25, 'fitness': 0.9302442857435925, 'generation': 284}","{'id': 21990, 'rank': 26, 'fitness': 0.9172280669603542, 'generation': 284}","{'id': 21977, 'rank': 27, 'fitness': 0.913182120249489, 'generation': 284}","{'id': 21980, 'rank': 28, 'fitness': 0.8841883399056432, 'generation': 284}","{'id': 21993, 'rank': 29, 'fitness': 0.44425856558658555, 'generation': 284}","{'id': 21958, 'rank': 30, 'fitness': 0.01798620996209155, 'generation': 284}"
"{'id': 22046, 'rank': 1, 'fitness': 0.9820137900379085, 'generation': 285}","{'id': 22045, 'rank': 2, 'fitness': 0.9818482208540251, 'generation': 285}","{'id': 21943, 'rank': 3, 'fitness': 0.9795514437446227, 'generation': 285}","{'id': 22047, 'rank': 4, 'fitness': 0.976374209623607, 'generation': 285}","{'id': 22047, 'rank': 5, 'fitness': 0.976374209623607, 'generation': 285}","{'id': 22094, 'rank': 6, 'fitness': 0.9752018170093402, 'generation': 285}","{'id': 22087, 'rank': 7, 'fitness': 0.974710843238331, 'generation': 285}","{'id': 22087, 'rank': 8, 'fitness': 0.974710843238331, 'generation': 285}","{'id': 21900, 'rank': 9, 'fitness': 0.9744463202842798, 'generation': 285}","{'id': 22090, 'rank': 10, 'fitness': 0.9740044570372621, 'generation': 285}","{'id': 22053, 'rank': 11, 'fitness': 0.9698358155264429, 'generation': 285}","{'id': 22036, 'rank': 12, 'fitness': 0.9677810597159308, 'generation': 285}","{'id': 22036, 'rank': 13, 'fitness': 0.9677810597159308, 'generation': 285}","{'id': 22030, 'rank': 14, 'fitness': 0.9671819606105148, 'generation': 285}","{'id': 22106, 'rank': 15, 'fitness': 0.966750932062491, 'generation': 285}","{'id': 22021, 'rank': 16, 'fitness': 0.962969392613799, 'generation': 285}","{'id': 22055, 'rank': 17, 'fitness': 0.9621511962492952, 'generation': 285}","{'id': 22055, 'rank': 18, 'fitness': 0.9621511962492952, 'generation': 285}","{'id': 22055, 'rank': 19, 'fitness': 0.9621511962492952, 'generation': 285}","{'id': 21969, 'rank': 20, 'fitness': 0.956459317981595, 'generation': 285}","{'id': 22084, 'rank': 21, 'fitness': 0.9547837901876131, 'generation': 285}","{'id': 22068, 'rank': 22, 'fitness': 0.9543813225443781, 'generation': 285}","{'id': 22103, 'rank': 23, 'fitness': 0.952845693223064, 'generation': 285}","{'id': 22103, 'rank': 24, 'fitness': 0.952845693223064, 'generation': 285}","{'id': 21864, 'rank': 25, 'fitness': 0.9412502065289194, 'generation': 285}","{'id': 22039, 'rank': 26, 'fitness': 0.9404531235407934, 'generation': 285}","{'id': 22063, 'rank': 27, 'fitness': 0.6113567633856959, 'generation': 285}","{'id': 21977, 'rank': 28, 'fitness': 0.48945619574905574, 'generation': 285}","{'id': 22098, 'rank': 29, 'fitness': 0.417223120659319, 'generation': 285}","{'id': 22023, 'rank': 30, 'fitness': 0.01798620996209155, 'generation': 285}"
"{'id': 22155, 'rank': 1, 'fitness': 0.9820137900379085, 'generation': 286}","{'id': 22155, 'rank': 2, 'fitness': 0.9820137900379085, 'generation': 286}","{'id': 22046, 'rank': 3, 'fitness': 0.9785358906430484, 'generation': 286}","{'id': 22045, 'rank': 4, 'fitness': 0.9781534304211685, 'generation': 286}","{'id': 22045, 'rank': 5, 'fitness': 0.9781534304211685, 'generation': 286}","{'id': 21943, 'rank': 6, 'fitness': 0.9725246537054857, 'generation': 286}","{'id': 22094, 'rank': 7, 'fitness': 0.960262429728985, 'generation': 286}","{'id': 21900, 'rank': 8, 'fitness': 0.9579265225025623, 'generation': 286}","{'id': 22176, 'rank': 9, 'fitness': 0.9564727789691876, 'generation': 286}","{'id': 22126, 'rank': 10, 'fitness': 0.9555002228807002, 'generation': 286}","{'id': 22123, 'rank': 11, 'fitness': 0.9480110313857764, 'generation': 286}","{'id': 22053, 'rank': 12, 'fitness': 0.9424209121254037, 'generation': 286}","{'id': 22132, 'rank': 13, 'fitness': 0.9405749670259376, 'generation': 286}","{'id': 22122, 'rank': 14, 'fitness': 0.9403366376753918, 'generation': 286}","{'id': 22036, 'rank': 15, 'fitness': 0.9348507662937116, 'generation': 286}","{'id': 22030, 'rank': 16, 'fitness': 0.9325708145809893, 'generation': 286}","{'id': 22030, 'rank': 17, 'fitness': 0.9325708145809893, 'generation': 286}","{'id': 22131, 'rank': 18, 'fitness': 0.932171948144717, 'generation': 286}","{'id': 22177, 'rank': 19, 'fitness': 0.926716779524523, 'generation': 286}","{'id': 22172, 'rank': 20, 'fitness': 0.9252581858425529, 'generation': 286}","{'id': 22055, 'rank': 21, 'fitness': 0.9122062273556608, 'generation': 286}","{'id': 22055, 'rank': 22, 'fitness': 0.9122062273556608, 'generation': 286}","{'id': 22114, 'rank': 23, 'fitness': 0.8996914595717004, 'generation': 286}","{'id': 22182, 'rank': 24, 'fitness': 0.8895946239070461, 'generation': 286}","{'id': 22127, 'rank': 25, 'fitness': 0.8763570906511657, 'generation': 286}","{'id': 22039, 'rank': 26, 'fitness': 0.8053532212640848, 'generation': 286}","{'id': 22150, 'rank': 27, 'fitness': 0.7871045984535197, 'generation': 286}","{'id': 22142, 'rank': 28, 'fitness': 0.4122684961553198, 'generation': 286}","{'id': 22141, 'rank': 29, 'fitness': 0.4044782556367832, 'generation': 286}","{'id': 21977, 'rank': 30, 'fitness': 0.01798620996209155, 'generation': 286}"
"{'id': 22155, 'rank': 1, 'fitness': 0.9820137900379085, 'generation': 287}","{'id': 22226, 'rank': 2, 'fitness': 0.9811349653577395, 'generation': 287}","{'id': 22045, 'rank': 3, 'fitness': 0.9799144531960944, 'generation': 287}","{'id': 22275, 'rank': 4, 'fitness': 0.9783368680296675, 'generation': 287}","{'id': 22258, 'rank': 5, 'fitness': 0.9770181710514476, 'generation': 287}","{'id': 22258, 'rank': 6, 'fitness': 0.9770181710514476, 'generation': 287}","{'id': 22231, 'rank': 7, 'fitness': 0.9763183265499996, 'generation': 287}","{'id': 22276, 'rank': 8, 'fitness': 0.9757803044639728, 'generation': 287}","{'id': 22235, 'rank': 9, 'fitness': 0.9732053228888601, 'generation': 287}","{'id': 21900, 'rank': 10, 'fitness': 0.9707966008633493, 'generation': 287}","{'id': 21900, 'rank': 11, 'fitness': 0.9707966008633493, 'generation': 287}","{'id': 22132, 'rank': 12, 'fitness': 0.9643457669350649, 'generation': 287}","{'id': 22036, 'rank': 13, 'fitness': 0.9623827441430199, 'generation': 287}","{'id': 22036, 'rank': 14, 'fitness': 0.9623827441430199, 'generation': 287}","{'id': 22030, 'rank': 15, 'fitness': 0.9616188332824828, 'generation': 287}","{'id': 22256, 'rank': 16, 'fitness': 0.9607265495759192, 'generation': 287}","{'id': 22271, 'rank': 17, 'fitness': 0.9584490177456257, 'generation': 287}","{'id': 22257, 'rank': 18, 'fitness': 0.9536560005117968, 'generation': 287}","{'id': 22114, 'rank': 19, 'fitness': 0.9514495024392176, 'generation': 287}","{'id': 22182, 'rank': 20, 'fitness': 0.9485621644385829, 'generation': 287}","{'id': 22182, 'rank': 21, 'fitness': 0.9485621644385829, 'generation': 287}","{'id': 22241, 'rank': 22, 'fitness': 0.937268195469692, 'generation': 287}","{'id': 22267, 'rank': 23, 'fitness': 0.9277125705651235, 'generation': 287}","{'id': 22243, 'rank': 24, 'fitness': 0.8728810929250236, 'generation': 287}","{'id': 22248, 'rank': 25, 'fitness': 0.8395567179056848, 'generation': 287}","{'id': 22249, 'rank': 26, 'fitness': 0.5958279349311234, 'generation': 287}","{'id': 22216, 'rank': 27, 'fitness': 0.4983768794692703, 'generation': 287}","{'id': 22203, 'rank': 28, 'fitness': 0.2950881653469668, 'generation': 287}","{'id': 22223, 'rank': 29, 'fitness': 0.23705740272771975, 'generation': 287}","{'id': 22197, 'rank': 30, 'fitness': 0.01798620996209155, 'generation': 287}"
"{'id': 22315, 'rank': 1, 'fitness': 0.9820137900379085, 'generation': 288}","{'id': 22226, 'rank': 2, 'fitness': 0.9812905761543111, 'generation': 288}","{'id': 22339, 'rank': 3, 'fitness': 0.9790340422750048, 'generation': 288}","{'id': 22331, 'rank': 4, 'fitness': 0.9787653613400551, 'generation': 288}","{'id': 22045, 'rank': 5, 'fitness': 0.9787280641891205, 'generation': 288}","{'id': 22045, 'rank': 6, 'fitness': 0.9787280641891205, 'generation': 288}","{'id': 22275, 'rank': 7, 'fitness': 0.9751726489449655, 'generation': 288}","{'id': 22300, 'rank': 8, 'fitness': 0.972712436252321, 'generation': 288}","{'id': 22314, 'rank': 9, 'fitness': 0.97222537757607, 'generation': 288}","{'id': 22258, 'rank': 10, 'fitness': 0.9719918188410606, 'generation': 288}","{'id': 22231, 'rank': 11, 'fitness': 0.9702270622731307, 'generation': 288}","{'id': 22294, 'rank': 12, 'fitness': 0.9603692696199997, 'generation': 288}","{'id': 22313, 'rank': 13, 'fitness': 0.956193209661109, 'generation': 288}","{'id': 22302, 'rank': 14, 'fitness': 0.9515408564799706, 'generation': 288}","{'id': 22337, 'rank': 15, 'fitness': 0.9499825946733408, 'generation': 288}","{'id': 22330, 'rank': 16, 'fitness': 0.9394258122840959, 'generation': 288}","{'id': 22132, 'rank': 17, 'fitness': 0.9321657374184813, 'generation': 288}","{'id': 22351, 'rank': 18, 'fitness': 0.9257579508496858, 'generation': 288}","{'id': 22328, 'rank': 19, 'fitness': 0.9223027594737514, 'generation': 288}","{'id': 22303, 'rank': 20, 'fitness': 0.9203996049270169, 'generation': 288}","{'id': 22280, 'rank': 21, 'fitness': 0.9159846425329345, 'generation': 288}","{'id': 22346, 'rank': 22, 'fitness': 0.8837717530272116, 'generation': 288}","{'id': 22114, 'rank': 23, 'fitness': 0.8765752655732264, 'generation': 288}","{'id': 22321, 'rank': 24, 'fitness': 0.7992885668566964, 'generation': 288}","{'id': 22287, 'rank': 25, 'fitness': 0.772550128733358, 'generation': 288}","{'id': 22283, 'rank': 26, 'fitness': 0.7191681500582666, 'generation': 288}","{'id': 22286, 'rank': 27, 'fitness': 0.6698913385306082, 'generation': 288}","{'id': 22322, 'rank': 28, 'fitness': 0.6039028935159789, 'generation': 288}","{'id': 22282, 'rank': 29, 'fitness': 0.5802879395179397, 'generation': 288}","{'id': 22343, 'rank': 30, 'fitness': 0.01798620996209155, 'generation': 288}"
"{'id': 22315, 'rank': 1, 'fitness': 0.9820137900379085, 'generation': 289}","{'id': 22362, 'rank': 2, 'fitness': 0.98197463267019, 'generation': 289}","{'id': 22362, 'rank': 3, 'fitness': 0.98197463267019, 'generation': 289}","{'id': 22226, 'rank': 4, 'fitness': 0.9818920510384184, 'generation': 289}","{'id': 22045, 'rank': 5, 'fitness': 0.9814893572540518, 'generation': 289}","{'id': 22045, 'rank': 6, 'fitness': 0.9814893572540518, 'generation': 289}","{'id': 22402, 'rank': 7, 'fitness': 0.9806733627814865, 'generation': 289}","{'id': 22402, 'rank': 8, 'fitness': 0.9806733627814865, 'generation': 289}","{'id': 22314, 'rank': 9, 'fitness': 0.9806202560149921, 'generation': 289}","{'id': 22363, 'rank': 10, 'fitness': 0.9802754521221422, 'generation': 289}","{'id': 22361, 'rank': 11, 'fitness': 0.9801299728415193, 'generation': 289}","{'id': 22381, 'rank': 12, 'fitness': 0.9795717812520335, 'generation': 289}","{'id': 22294, 'rank': 13, 'fitness': 0.9793878793199607, 'generation': 289}","{'id': 22360, 'rank': 14, 'fitness': 0.9789125264782017, 'generation': 289}","{'id': 22395, 'rank': 15, 'fitness': 0.9770702051982432, 'generation': 289}","{'id': 22364, 'rank': 16, 'fitness': 0.9768975216657292, 'generation': 289}","{'id': 22321, 'rank': 17, 'fitness': 0.9721353015487185, 'generation': 289}","{'id': 22365, 'rank': 18, 'fitness': 0.9715920585535152, 'generation': 289}","{'id': 22365, 'rank': 19, 'fitness': 0.9715920585535152, 'generation': 289}","{'id': 22421, 'rank': 20, 'fitness': 0.9704131552597253, 'generation': 289}","{'id': 22423, 'rank': 21, 'fitness': 0.9703063880763363, 'generation': 289}","{'id': 22419, 'rank': 22, 'fitness': 0.9675790909279598, 'generation': 289}","{'id': 22422, 'rank': 23, 'fitness': 0.9632026407697202, 'generation': 289}","{'id': 22422, 'rank': 24, 'fitness': 0.9632026407697202, 'generation': 289}","{'id': 22422, 'rank': 25, 'fitness': 0.9632026407697202, 'generation': 289}","{'id': 22417, 'rank': 26, 'fitness': 0.9603517003968498, 'generation': 289}","{'id': 22414, 'rank': 27, 'fitness': 0.9560948854546581, 'generation': 289}","{'id': 22414, 'rank': 28, 'fitness': 0.9560948854546581, 'generation': 289}","{'id': 22384, 'rank': 29, 'fitness': 0.9500392195396876, 'generation': 289}","{'id': 22356, 'rank': 30, 'fitness': 0.01798620996209155, 'generation': 289}"
"{'id': 22510, 'rank': 1, 'fitness': 0.9820137900379085, 'generation': 290}","{'id': 22362, 'rank': 2, 'fitness': 0.9738345351480793, 'generation': 290}","{'id': 22045, 'rank': 3, 'fitness': 0.9656298519262758, 'generation': 290}","{'id': 22045, 'rank': 4, 'fitness': 0.9656298519262758, 'generation': 290}","{'id': 22516, 'rank': 5, 'fitness': 0.9645610867034482, 'generation': 290}","{'id': 22452, 'rank': 6, 'fitness': 0.9638558789597378, 'generation': 290}","{'id': 22451, 'rank': 7, 'fitness': 0.9618683170313851, 'generation': 290}","{'id': 22511, 'rank': 8, 'fitness': 0.948298212716123, 'generation': 290}","{'id': 22314, 'rank': 9, 'fitness': 0.945296663347208, 'generation': 290}","{'id': 22485, 'rank': 10, 'fitness': 0.9428793510996278, 'generation': 290}","{'id': 22438, 'rank': 11, 'fitness': 0.9378895316856166, 'generation': 290}","{'id': 22363, 'rank': 12, 'fitness': 0.9347864356488889, 'generation': 290}","{'id': 22515, 'rank': 13, 'fitness': 0.9335600554713336, 'generation': 290}","{'id': 22513, 'rank': 14, 'fitness': 0.9230713095690588, 'generation': 290}","{'id': 22513, 'rank': 15, 'fitness': 0.9230713095690588, 'generation': 290}","{'id': 22454, 'rank': 16, 'fitness': 0.9047202017468756, 'generation': 290}","{'id': 22470, 'rank': 17, 'fitness': 0.900578885108081, 'generation': 290}","{'id': 22455, 'rank': 18, 'fitness': 0.8985692745438059, 'generation': 290}","{'id': 22491, 'rank': 19, 'fitness': 0.8880062291126041, 'generation': 290}","{'id': 22457, 'rank': 20, 'fitness': 0.7701815023097132, 'generation': 290}","{'id': 22490, 'rank': 21, 'fitness': 0.3953121153965618, 'generation': 290}","{'id': 22365, 'rank': 22, 'fitness': 0.22778357949401928, 'generation': 290}","{'id': 22439, 'rank': 23, 'fitness': 0.15227646004785456, 'generation': 290}","{'id': 22487, 'rank': 24, 'fitness': 0.14590789915784363, 'generation': 290}","{'id': 22480, 'rank': 25, 'fitness': 0.11428539797721227, 'generation': 290}","{'id': 22505, 'rank': 26, 'fitness': 0.09845838402513962, 'generation': 290}","{'id': 22522, 'rank': 27, 'fitness': 0.03976224853132493, 'generation': 290}","{'id': 22422, 'rank': 28, 'fitness': 0.01798620996209155, 'generation': 290}","{'id': 22422, 'rank': 29, 'fitness': 0.01798620996209155, 'generation': 290}","{'id': 22422, 'rank': 30, 'fitness': 0.01798620996209155, 'generation': 290}"
"{'id': 22362, 'rank': 1, 'fitness': 0.9820137900379085, 'generation': 291}","{'id': 22362, 'rank': 2, 'fitness': 0.9820137900379085, 'generation': 291}","{'id': 22045, 'rank': 3, 'fitness': 0.9798628498231783, 'generation': 291}","{'id': 22516, 'rank': 4, 'fitness': 0.9796048700816082, 'generation': 291}","{'id': 22451, 'rank': 5, 'fitness': 0.9789734569734845, 'generation': 291}","{'id': 22548, 'rank': 6, 'fitness': 0.9787697889492097, 'generation': 291}","{'id': 22314, 'rank': 7, 'fitness': 0.9755369443390236, 'generation': 291}","{'id': 22485, 'rank': 8, 'fitness': 0.9750853372021999, 'generation': 291}","{'id': 22438, 'rank': 9, 'fitness': 0.9741838770789596, 'generation': 291}","{'id': 22363, 'rank': 10, 'fitness': 0.9736422000366071, 'generation': 291}","{'id': 22363, 'rank': 11, 'fitness': 0.9736422000366071, 'generation': 291}","{'id': 22513, 'rank': 12, 'fitness': 0.9717076051660358, 'generation': 291}","{'id': 22454, 'rank': 13, 'fitness': 0.9689505320241567, 'generation': 291}","{'id': 22491, 'rank': 14, 'fitness': 0.9666510450767406, 'generation': 291}","{'id': 22491, 'rank': 15, 'fitness': 0.9666510450767406, 'generation': 291}","{'id': 22531, 'rank': 16, 'fitness': 0.966434055163172, 'generation': 291}","{'id': 22531, 'rank': 17, 'fitness': 0.966434055163172, 'generation': 291}","{'id': 22581, 'rank': 18, 'fitness': 0.9605429200852271, 'generation': 291}","{'id': 22530, 'rank': 19, 'fitness': 0.9573174491997094, 'generation': 291}","{'id': 22588, 'rank': 20, 'fitness': 0.9441586184859232, 'generation': 291}","{'id': 22589, 'rank': 21, 'fitness': 0.9426666871533393, 'generation': 291}","{'id': 22553, 'rank': 22, 'fitness': 0.9361193844446298, 'generation': 291}","{'id': 22590, 'rank': 23, 'fitness': 0.931034885715228, 'generation': 291}","{'id': 22536, 'rank': 24, 'fitness': 0.9244525928766192, 'generation': 291}","{'id': 22490, 'rank': 25, 'fitness': 0.9125268265540211, 'generation': 291}","{'id': 22505, 'rank': 26, 'fitness': 0.8337054360753235, 'generation': 291}","{'id': 22555, 'rank': 27, 'fitness': 0.8147223622969566, 'generation': 291}","{'id': 22564, 'rank': 28, 'fitness': 0.6577969302230521, 'generation': 291}","{'id': 22563, 'rank': 29, 'fitness': 0.06171408929782779, 'generation': 291}","{'id': 22559, 'rank': 30, 'fitness': 0.01798620996209155, 'generation': 291}"
"{'id': 22604, 'rank': 1, 'fitness': 0.9820137900379085, 'generation': 292}","{'id': 22362, 'rank': 2, 'fitness': 0.9793085062592464, 'generation': 292}","{'id': 22362, 'rank': 3, 'fitness': 0.9793085062592464, 'generation': 292}","{'id': 22362, 'rank': 4, 'fitness': 0.9793085062592464, 'generation': 292}","{'id': 22657, 'rank': 5, 'fitness': 0.9791324961741321, 'generation': 292}","{'id': 22597, 'rank': 6, 'fitness': 0.9751972508815413, 'generation': 292}","{'id': 22638, 'rank': 7, 'fitness': 0.9690952391871885, 'generation': 292}","{'id': 22619, 'rank': 8, 'fitness': 0.9660629216113674, 'generation': 292}","{'id': 22314, 'rank': 9, 'fitness': 0.9656052854816339, 'generation': 292}","{'id': 22485, 'rank': 10, 'fitness': 0.9645546347973397, 'generation': 292}","{'id': 22485, 'rank': 11, 'fitness': 0.9645546347973397, 'generation': 292}","{'id': 22595, 'rank': 12, 'fitness': 0.9599181378721655, 'generation': 292}","{'id': 22594, 'rank': 13, 'fitness': 0.9584591955483601, 'generation': 292}","{'id': 22639, 'rank': 14, 'fitness': 0.9508889965679018, 'generation': 292}","{'id': 22593, 'rank': 15, 'fitness': 0.9497716388549643, 'generation': 292}","{'id': 22598, 'rank': 16, 'fitness': 0.9492098550891608, 'generation': 292}","{'id': 22674, 'rank': 17, 'fitness': 0.9479164137858864, 'generation': 292}","{'id': 22674, 'rank': 18, 'fitness': 0.9479164137858864, 'generation': 292}","{'id': 22491, 'rank': 19, 'fitness': 0.9429206598285396, 'generation': 292}","{'id': 22531, 'rank': 20, 'fitness': 0.9423173348642477, 'generation': 292}","{'id': 22670, 'rank': 21, 'fitness': 0.9420296681029262, 'generation': 292}","{'id': 22668, 'rank': 22, 'fitness': 0.9330505802476956, 'generation': 292}","{'id': 22632, 'rank': 23, 'fitness': 0.8983313397221551, 'generation': 292}","{'id': 22677, 'rank': 24, 'fitness': 0.8632514390939803, 'generation': 292}","{'id': 22553, 'rank': 25, 'fitness': 0.8416657475723969, 'generation': 292}","{'id': 22652, 'rank': 26, 'fitness': 0.8161233947121238, 'generation': 292}","{'id': 22658, 'rank': 27, 'fitness': 0.7482600889254953, 'generation': 292}","{'id': 22654, 'rank': 28, 'fitness': 0.5965100083347689, 'generation': 292}","{'id': 22623, 'rank': 29, 'fitness': 0.17433575919393107, 'generation': 292}","{'id': 22607, 'rank': 30, 'fitness': 0.01798620996209155, 'generation': 292}"
"{'id': 22697, 'rank': 1, 'fitness': 0.9820137900379085, 'generation': 293}","{'id': 22362, 'rank': 2, 'fitness': 0.9748660929992146, 'generation': 293}","{'id': 22362, 'rank': 3, 'fitness': 0.9748660929992146, 'generation': 293}","{'id': 22362, 'rank': 4, 'fitness': 0.9748660929992146, 'generation': 293}","{'id': 22748, 'rank': 5, 'fitness': 0.9700107455794372, 'generation': 293}","{'id': 22748, 'rank': 6, 'fitness': 0.9700107455794372, 'generation': 293}","{'id': 22748, 'rank': 7, 'fitness': 0.9700107455794372, 'generation': 293}","{'id': 22748, 'rank': 8, 'fitness': 0.9700107455794372, 'generation': 293}","{'id': 22597, 'rank': 9, 'fitness': 0.9693944674439872, 'generation': 293}","{'id': 22691, 'rank': 10, 'fitness': 0.9693919160716442, 'generation': 293}","{'id': 22720, 'rank': 11, 'fitness': 0.9671984303063628, 'generation': 293}","{'id': 22696, 'rank': 12, 'fitness': 0.9646253023785671, 'generation': 293}","{'id': 22638, 'rank': 13, 'fitness': 0.9611466293133604, 'generation': 293}","{'id': 22694, 'rank': 14, 'fitness': 0.9582828087739735, 'generation': 293}","{'id': 22725, 'rank': 15, 'fitness': 0.9526784882795332, 'generation': 293}","{'id': 22688, 'rank': 16, 'fitness': 0.9512002763357468, 'generation': 293}","{'id': 22690, 'rank': 17, 'fitness': 0.9456424028868455, 'generation': 293}","{'id': 22674, 'rank': 18, 'fitness': 0.9317555065134613, 'generation': 293}","{'id': 22668, 'rank': 19, 'fitness': 0.9107146357777849, 'generation': 293}","{'id': 22754, 'rank': 20, 'fitness': 0.9048084825266456, 'generation': 293}","{'id': 22754, 'rank': 21, 'fitness': 0.9048084825266456, 'generation': 293}","{'id': 22726, 'rank': 22, 'fitness': 0.903629379637648, 'generation': 293}","{'id': 22747, 'rank': 23, 'fitness': 0.874864975480713, 'generation': 293}","{'id': 22632, 'rank': 24, 'fitness': 0.8611098030532431, 'generation': 293}","{'id': 22704, 'rank': 25, 'fitness': 0.830487963338601, 'generation': 293}","{'id': 22698, 'rank': 26, 'fitness': 0.7795770940044018, 'generation': 293}","{'id': 22658, 'rank': 27, 'fitness': 0.653463660827954, 'generation': 293}","{'id': 22719, 'rank': 28, 'fitness': 0.3844366692062239, 'generation': 293}","{'id': 22753, 'rank': 29, 'fitness': 0.35224599752522157, 'generation': 293}","{'id': 22731, 'rank': 30, 'fitness': 0.01798620996209155, 'generation': 293}"
"{'id': 22822, 'rank': 1, 'fitness': 0.9820137900379085, 'generation': 294}","{'id': 22362, 'rank': 2, 'fitness': 0.9807903496021546, 'generation': 294}","{'id': 22362, 'rank': 3, 'fitness': 0.9807903496021546, 'generation': 294}","{'id': 22760, 'rank': 4, 'fitness': 0.9806566412201875, 'generation': 294}","{'id': 22748, 'rank': 5, 'fitness': 0.9798109758771096, 'generation': 294}","{'id': 22597, 'rank': 6, 'fitness': 0.9796947503101363, 'generation': 294}","{'id': 22691, 'rank': 7, 'fitness': 0.9796942725221951, 'generation': 294}","{'id': 22720, 'rank': 8, 'fitness': 0.9792932965254479, 'generation': 294}","{'id': 22696, 'rank': 9, 'fitness': 0.9788458192824872, 'generation': 294}","{'id': 22823, 'rank': 10, 'fitness': 0.9769290349022282, 'generation': 294}","{'id': 22688, 'rank': 11, 'fitness': 0.9768143408064213, 'generation': 294}","{'id': 22674, 'rank': 12, 'fitness': 0.9744521818261875, 'generation': 294}","{'id': 22674, 'rank': 13, 'fitness': 0.9744521818261875, 'generation': 294}","{'id': 22674, 'rank': 14, 'fitness': 0.9744521818261875, 'generation': 294}","{'id': 22821, 'rank': 15, 'fitness': 0.9742735664996027, 'generation': 294}","{'id': 22820, 'rank': 16, 'fitness': 0.9737066881335172, 'generation': 294}","{'id': 22779, 'rank': 17, 'fitness': 0.9725847623386239, 'generation': 294}","{'id': 22793, 'rank': 18, 'fitness': 0.9725093024552983, 'generation': 294}","{'id': 22668, 'rank': 19, 'fitness': 0.9723444575309329, 'generation': 294}","{'id': 22818, 'rank': 20, 'fitness': 0.9707292033883029, 'generation': 294}","{'id': 22747, 'rank': 21, 'fitness': 0.9693616981998879, 'generation': 294}","{'id': 22830, 'rank': 22, 'fitness': 0.9655440952821406, 'generation': 294}","{'id': 22768, 'rank': 23, 'fitness': 0.962122231749841, 'generation': 294}","{'id': 22831, 'rank': 24, 'fitness': 0.9618065469534541, 'generation': 294}","{'id': 22815, 'rank': 25, 'fitness': 0.9605673121928175, 'generation': 294}","{'id': 22773, 'rank': 26, 'fitness': 0.6032076881284922, 'generation': 294}","{'id': 22757, 'rank': 27, 'fitness': 0.2755444032220003, 'generation': 294}","{'id': 22814, 'rank': 28, 'fitness': 0.12769477349889669, 'generation': 294}","{'id': 22814, 'rank': 29, 'fitness': 0.12769477349889669, 'generation': 294}","{'id': 22800, 'rank': 30, 'fitness': 0.01798620996209155, 'generation': 294}"
"{'id': 22913, 'rank': 1, 'fitness': 0.9820137900379085, 'generation': 295}","{'id': 22880, 'rank': 2, 'fitness': 0.9805033090167203, 'generation': 295}","{'id': 22883, 'rank': 3, 'fitness': 0.9797246138415252, 'generation': 295}","{'id': 22883, 'rank': 4, 'fitness': 0.9797246138415252, 'generation': 295}","{'id': 22863, 'rank': 5, 'fitness': 0.9709172049500099, 'generation': 295}","{'id': 22863, 'rank': 6, 'fitness': 0.9709172049500099, 'generation': 295}","{'id': 22863, 'rank': 7, 'fitness': 0.9709172049500099, 'generation': 295}","{'id': 22847, 'rank': 8, 'fitness': 0.9582483011476743, 'generation': 295}","{'id': 22884, 'rank': 9, 'fitness': 0.9531087977173519, 'generation': 295}","{'id': 22858, 'rank': 10, 'fitness': 0.9457673873611867, 'generation': 295}","{'id': 22874, 'rank': 11, 'fitness': 0.9435367804772173, 'generation': 295}","{'id': 22874, 'rank': 12, 'fitness': 0.9435367804772173, 'generation': 295}","{'id': 22848, 'rank': 13, 'fitness': 0.9281476501450097, 'generation': 295}","{'id': 22674, 'rank': 14, 'fitness': 0.8719383627474826, 'generation': 295}","{'id': 22820, 'rank': 15, 'fitness': 0.8510757979723703, 'generation': 295}","{'id': 22917, 'rank': 16, 'fitness': 0.832478075209659, 'generation': 295}","{'id': 22917, 'rank': 17, 'fitness': 0.832478075209659, 'generation': 295}","{'id': 22891, 'rank': 18, 'fitness': 0.7736202262583047, 'generation': 295}","{'id': 22870, 'rank': 19, 'fitness': 0.7239088867760427, 'generation': 295}","{'id': 22894, 'rank': 20, 'fitness': 0.7238337534500119, 'generation': 295}","{'id': 22878, 'rank': 21, 'fitness': 0.7168515652253885, 'generation': 295}","{'id': 22888, 'rank': 22, 'fitness': 0.7118405235388416, 'generation': 295}","{'id': 22909, 'rank': 23, 'fitness': 0.7055369654637822, 'generation': 295}","{'id': 22879, 'rank': 24, 'fitness': 0.6721694088588326, 'generation': 295}","{'id': 22907, 'rank': 25, 'fitness': 0.6281917864503124, 'generation': 295}","{'id': 22895, 'rank': 26, 'fitness': 0.5681377977131412, 'generation': 295}","{'id': 22830, 'rank': 27, 'fitness': 0.5223540205923204, 'generation': 295}","{'id': 22915, 'rank': 28, 'fitness': 0.5111757940697923, 'generation': 295}","{'id': 22890, 'rank': 29, 'fitness': 0.4626576100342809, 'generation': 295}","{'id': 22838, 'rank': 30, 'fitness': 0.01798620996209155, 'generation': 295}"
"{'id': 22972, 'rank': 1, 'fitness': 0.9820137900379085, 'generation': 296}","{'id': 22955, 'rank': 2, 'fitness': 0.9818549949201174, 'generation': 296}","{'id': 22883, 'rank': 3, 'fitness': 0.98181290386542, 'generation': 296}","{'id': 22863, 'rank': 4, 'fitness': 0.9815049463832656, 'generation': 296}","{'id': 22863, 'rank': 5, 'fitness': 0.9815049463832656, 'generation': 296}","{'id': 22847, 'rank': 6, 'fitness': 0.9811876411584237, 'generation': 296}","{'id': 22847, 'rank': 7, 'fitness': 0.9811876411584237, 'generation': 296}","{'id': 22884, 'rank': 8, 'fitness': 0.9810836454306968, 'generation': 296}","{'id': 22974, 'rank': 9, 'fitness': 0.981023749342859, 'generation': 296}","{'id': 22974, 'rank': 10, 'fitness': 0.981023749342859, 'generation': 296}","{'id': 22874, 'rank': 11, 'fitness': 0.9809147755231549, 'generation': 296}","{'id': 22874, 'rank': 12, 'fitness': 0.9809147755231549, 'generation': 296}","{'id': 22926, 'rank': 13, 'fitness': 0.9809065899463862, 'generation': 296}","{'id': 22926, 'rank': 14, 'fitness': 0.9809065899463862, 'generation': 296}","{'id': 22924, 'rank': 15, 'fitness': 0.98088812466209, 'generation': 296}","{'id': 22924, 'rank': 16, 'fitness': 0.98088812466209, 'generation': 296}","{'id': 22977, 'rank': 17, 'fitness': 0.9803518214130571, 'generation': 296}","{'id': 22674, 'rank': 18, 'fitness': 0.9801215261903196, 'generation': 296}","{'id': 22674, 'rank': 19, 'fitness': 0.9801215261903196, 'generation': 296}","{'id': 22988, 'rank': 20, 'fitness': 0.9801139514503672, 'generation': 296}","{'id': 22870, 'rank': 21, 'fitness': 0.9792430076607466, 'generation': 296}","{'id': 22894, 'rank': 22, 'fitness': 0.9792426542314043, 'generation': 296}","{'id': 22894, 'rank': 23, 'fitness': 0.9792426542314043, 'generation': 296}","{'id': 22895, 'rank': 24, 'fitness': 0.9785845330710354, 'generation': 296}","{'id': 22830, 'rank': 25, 'fitness': 0.9784046680225438, 'generation': 296}","{'id': 22975, 'rank': 26, 'fitness': 0.9755011806269235, 'generation': 296}","{'id': 22928, 'rank': 27, 'fitness': 0.9739770882815155, 'generation': 296}","{'id': 22942, 'rank': 28, 'fitness': 0.9170630227628558, 'generation': 296}","{'id': 22980, 'rank': 29, 'fitness': 0.023440804538909288, 'generation': 296}","{'id': 22957, 'rank': 30, 'fitness': 0.01798620996209155, 'generation': 296}"
"{'id': 23001, 'rank': 1, 'fitness': 0.9820137900379085, 'generation': 297}","{'id': 22883, 'rank': 2, 'fitness': 0.9705052605520343, 'generation': 297}","{'id': 23022, 'rank': 3, 'fitness': 0.9602276687949853, 'generation': 297}","{'id': 23022, 'rank': 4, 'fitness': 0.9602276687949853, 'generation': 297}","{'id': 23003, 'rank': 5, 'fitness': 0.9222318286088167, 'generation': 297}","{'id': 23003, 'rank': 6, 'fitness': 0.9222318286088167, 'generation': 297}","{'id': 23015, 'rank': 7, 'fitness': 0.8821069103988624, 'generation': 297}","{'id': 23038, 'rank': 8, 'fitness': 0.8482450575059843, 'generation': 297}","{'id': 22847, 'rank': 9, 'fitness': 0.8445847797362172, 'generation': 297}","{'id': 22847, 'rank': 10, 'fitness': 0.8445847797362172, 'generation': 297}","{'id': 23023, 'rank': 11, 'fitness': 0.808259008291161, 'generation': 297}","{'id': 23023, 'rank': 12, 'fitness': 0.808259008291161, 'generation': 297}","{'id': 23011, 'rank': 13, 'fitness': 0.7819393365877376, 'generation': 297}","{'id': 23046, 'rank': 14, 'fitness': 0.7778155595646906, 'generation': 297}","{'id': 22874, 'rank': 15, 'fitness': 0.7160961653636617, 'generation': 297}","{'id': 23024, 'rank': 16, 'fitness': 0.6499948382111387, 'generation': 297}","{'id': 23026, 'rank': 17, 'fitness': 0.6153507994410363, 'generation': 297}","{'id': 23053, 'rank': 18, 'fitness': 0.575854413767816, 'generation': 297}","{'id': 23053, 'rank': 19, 'fitness': 0.575854413767816, 'generation': 297}","{'id': 23056, 'rank': 20, 'fitness': 0.500130893894077, 'generation': 297}","{'id': 23033, 'rank': 21, 'fitness': 0.4903306988748649, 'generation': 297}","{'id': 23028, 'rank': 22, 'fitness': 0.38380241303372054, 'generation': 297}","{'id': 22977, 'rank': 23, 'fitness': 0.34865202217926117, 'generation': 297}","{'id': 22674, 'rank': 24, 'fitness': 0.2232894480535476, 'generation': 297}","{'id': 23041, 'rank': 25, 'fitness': 0.1687479046096685, 'generation': 297}","{'id': 23041, 'rank': 26, 'fitness': 0.1687479046096685, 'generation': 297}","{'id': 23007, 'rank': 27, 'fitness': 0.06985424776918936, 'generation': 297}","{'id': 23027, 'rank': 28, 'fitness': 0.06650400040232762, 'generation': 297}","{'id': 23036, 'rank': 29, 'fitness': 0.047263965717920686, 'generation': 297}","{'id': 23020, 'rank': 30, 'fitness': 0.01798620996209155, 'generation': 297}"
"{'id': 23001, 'rank': 1, 'fitness': 0.9820137900379085, 'generation': 298}","{'id': 22883, 'rank': 2, 'fitness': 0.981941322068336, 'generation': 298}","{'id': 22883, 'rank': 3, 'fitness': 0.981941322068336, 'generation': 298}","{'id': 23022, 'rank': 4, 'fitness': 0.9818968746213979, 'generation': 298}","{'id': 23003, 'rank': 5, 'fitness': 0.9817944051315899, 'generation': 298}","{'id': 23119, 'rank': 6, 'fitness': 0.9816930779402457, 'generation': 298}","{'id': 22847, 'rank': 7, 'fitness': 0.9816812795759259, 'generation': 298}","{'id': 23011, 'rank': 8, 'fitness': 0.9816207268483168, 'generation': 298}","{'id': 23024, 'rank': 9, 'fitness': 0.981524489243716, 'generation': 298}","{'id': 23026, 'rank': 10, 'fitness': 0.9815026049873501, 'generation': 298}","{'id': 23053, 'rank': 11, 'fitness': 0.9814785012670841, 'generation': 298}","{'id': 23118, 'rank': 12, 'fitness': 0.9813533403812214, 'generation': 298}","{'id': 23118, 'rank': 13, 'fitness': 0.9813533403812214, 'generation': 298}","{'id': 23041, 'rank': 14, 'fitness': 0.9811970918148708, 'generation': 298}","{'id': 23120, 'rank': 15, 'fitness': 0.9811161080661515, 'generation': 298}","{'id': 23027, 'rank': 16, 'fitness': 0.9810402356654943, 'generation': 298}","{'id': 23027, 'rank': 17, 'fitness': 0.9810402356654943, 'generation': 298}","{'id': 23093, 'rank': 18, 'fitness': 0.9803287164522154, 'generation': 298}","{'id': 23095, 'rank': 19, 'fitness': 0.9800722616283315, 'generation': 298}","{'id': 23074, 'rank': 20, 'fitness': 0.9782269621019868, 'generation': 298}","{'id': 23065, 'rank': 21, 'fitness': 0.9752696440223079, 'generation': 298}","{'id': 23075, 'rank': 22, 'fitness': 0.9699209642595882, 'generation': 298}","{'id': 23106, 'rank': 23, 'fitness': 0.9520622078554513, 'generation': 298}","{'id': 23071, 'rank': 24, 'fitness': 0.9512589896520157, 'generation': 298}","{'id': 23070, 'rank': 25, 'fitness': 0.9479604686447378, 'generation': 298}","{'id': 23090, 'rank': 26, 'fitness': 0.9232929232818655, 'generation': 298}","{'id': 23086, 'rank': 27, 'fitness': 0.48272828175157684, 'generation': 298}","{'id': 23084, 'rank': 28, 'fitness': 0.4784164381210581, 'generation': 298}","{'id': 23066, 'rank': 29, 'fitness': 0.13852531131924634, 'generation': 298}","{'id': 23109, 'rank': 30, 'fitness': 0.01798620996209155, 'generation': 298}"
"{'id': 23001, 'rank': 1, 'fitness': 0.9820137900379085, 'generation': 299}","{'id': 22883, 'rank': 2, 'fitness': 0.9787921719823758, 'generation': 299}","{'id': 23150, 'rank': 3, 'fitness': 0.978202680789588, 'generation': 299}","{'id': 23178, 'rank': 4, 'fitness': 0.978145901254539, 'generation': 299}","{'id': 23178, 'rank': 5, 'fitness': 0.978145901254539, 'generation': 299}","{'id': 23003, 'rank': 6, 'fitness': 0.9704958136647397, 'generation': 299}","{'id': 23170, 'rank': 7, 'fitness': 0.9601196549206827, 'generation': 299}","{'id': 23176, 'rank': 8, 'fitness': 0.9594971651879118, 'generation': 299}","{'id': 23176, 'rank': 9, 'fitness': 0.9594971651879118, 'generation': 299}","{'id': 23011, 'rank': 10, 'fitness': 0.9567420687972954, 'generation': 299}","{'id': 23195, 'rank': 11, 'fitness': 0.9543290002848654, 'generation': 299}","{'id': 23167, 'rank': 12, 'fitness': 0.9519697637613191, 'generation': 299}","{'id': 23026, 'rank': 13, 'fitness': 0.9441964479678139, 'generation': 299}","{'id': 23149, 'rank': 14, 'fitness': 0.9365268903219977, 'generation': 299}","{'id': 23196, 'rank': 15, 'fitness': 0.9307059960726216, 'generation': 299}","{'id': 23157, 'rank': 16, 'fitness': 0.9295812758809691, 'generation': 299}","{'id': 23118, 'rank': 17, 'fitness': 0.9236080290544308, 'generation': 299}","{'id': 23166, 'rank': 18, 'fitness': 0.9234034153590106, 'generation': 299}","{'id': 23193, 'rank': 19, 'fitness': 0.9198330775544503, 'generation': 299}","{'id': 23192, 'rank': 20, 'fitness': 0.9179132256986166, 'generation': 299}","{'id': 23192, 'rank': 21, 'fitness': 0.9179132256986166, 'generation': 299}","{'id': 23154, 'rank': 22, 'fitness': 0.917158447748988, 'generation': 299}","{'id': 23027, 'rank': 23, 'fitness': 0.857650369250033, 'generation': 299}","{'id': 23174, 'rank': 24, 'fitness': 0.8409297250506648, 'generation': 299}","{'id': 23194, 'rank': 25, 'fitness': 0.8278004312050975, 'generation': 299}","{'id': 23153, 'rank': 26, 'fitness': 0.8036382937199034, 'generation': 299}","{'id': 23122, 'rank': 27, 'fitness': 0.7453147210301792, 'generation': 299}","{'id': 23123, 'rank': 28, 'fitness': 0.5662145444821247, 'generation': 299}","{'id': 23139, 'rank': 29, 'fitness': 0.35810838419558644, 'generation': 299}","{'id': 23074, 'rank': 30, 'fitness': 0.01798620996209155, 'generation': 299}"
"{'id': 23150, 'rank': 1, 'fitness': 0.9820137900379085, 'generation': 300}","{'id': 23178, 'rank': 2, 'fitness': 0.9819687539807818, 'generation': 300}","{'id': 23250, 'rank': 3, 'fitness': 0.9772515844967071, 'generation': 300}","{'id': 23250, 'rank': 4, 'fitness': 0.9772515844967071, 'generation': 300}","{'id': 23258, 'rank': 5, 'fitness': 0.975197992461283, 'generation': 300}","{'id': 23239, 'rank': 6, 'fitness': 0.9750568636197456, 'generation': 300}","{'id': 23238, 'rank': 7, 'fitness': 0.9721617812825637, 'generation': 300}","{'id': 23241, 'rank': 8, 'fitness': 0.9697314279900955, 'generation': 300}","{'id': 23167, 'rank': 9, 'fitness': 0.9614861468754791, 'generation': 300}","{'id': 23228, 'rank': 10, 'fitness': 0.9581043042222515, 'generation': 300}","{'id': 23228, 'rank': 11, 'fitness': 0.9581043042222515, 'generation': 300}","{'id': 23026, 'rank': 12, 'fitness': 0.9554670891427453, 'generation': 300}","{'id': 23227, 'rank': 13, 'fitness': 0.9554069889048462, 'generation': 300}","{'id': 23227, 'rank': 14, 'fitness': 0.9554069889048462, 'generation': 300}","{'id': 23227, 'rank': 15, 'fitness': 0.9554069889048462, 'generation': 300}","{'id': 23193, 'rank': 16, 'fitness': 0.936674261645789, 'generation': 300}","{'id': 23154, 'rank': 17, 'fitness': 0.9346142581983501, 'generation': 300}","{'id': 23293, 'rank': 18, 'fitness': 0.9259323536121694, 'generation': 300}","{'id': 23027, 'rank': 19, 'fitness': 0.8886689368693086, 'generation': 300}","{'id': 23194, 'rank': 20, 'fitness': 0.8654144599595712, 'generation': 300}","{'id': 23234, 'rank': 21, 'fitness': 0.8563885298233163, 'generation': 300}","{'id': 23234, 'rank': 22, 'fitness': 0.8563885298233163, 'generation': 300}","{'id': 23280, 'rank': 23, 'fitness': 0.8515599731215585, 'generation': 300}","{'id': 23122, 'rank': 24, 'fitness': 0.7999108206940508, 'generation': 300}","{'id': 23279, 'rank': 25, 'fitness': 0.7186285052975832, 'generation': 300}","{'id': 23242, 'rank': 26, 'fitness': 0.6253949518302011, 'generation': 300}","{'id': 23233, 'rank': 27, 'fitness': 0.51920010626924, 'generation': 300}","{'id': 23278, 'rank': 28, 'fitness': 0.4672500418053344, 'generation': 300}","{'id': 23248, 'rank': 29, 'fitness': 0.01798620996209155, 'generation': 300}","{'id': 23248, 'rank': 30, 'fitness': 0.01798620996209155, 'generation': 300}"
"{'id': 23304, 'rank': 1, 'fitness': 0.9820137900379085, 'generation': 301}","{'id': 23325, 'rank': 2, 'fitness': 0.9795764053711152, 'generation': 301}","{'id': 23167, 'rank': 3, 'fitness': 0.9790053861911903, 'generation': 301}","{'id': 23167, 'rank': 4, 'fitness': 0.9790053861911903, 'generation': 301}","{'id': 23228, 'rank': 5, 'fitness': 0.9788115613106446, 'generation': 301}","{'id': 23026, 'rank': 6, 'fitness': 0.9786694362414838, 'generation': 301}","{'id': 23227, 'rank': 7, 'fitness': 0.9786662813155145, 'generation': 301}","{'id': 23227, 'rank': 8, 'fitness': 0.9786662813155145, 'generation': 301}","{'id': 23227, 'rank': 9, 'fitness': 0.9786662813155145, 'generation': 301}","{'id': 23328, 'rank': 10, 'fitness': 0.978651297925061, 'generation': 301}","{'id': 23305, 'rank': 11, 'fitness': 0.9785570906708403, 'generation': 301}","{'id': 23296, 'rank': 12, 'fitness': 0.9774473531870034, 'generation': 301}","{'id': 23293, 'rank': 13, 'fitness': 0.9774282470403922, 'generation': 301}","{'id': 23312, 'rank': 14, 'fitness': 0.9772520634696926, 'generation': 301}","{'id': 23352, 'rank': 15, 'fitness': 0.9767532962259164, 'generation': 301}","{'id': 23368, 'rank': 16, 'fitness': 0.9764116615806742, 'generation': 301}","{'id': 23368, 'rank': 17, 'fitness': 0.9764116615806742, 'generation': 301}","{'id': 23194, 'rank': 18, 'fitness': 0.9758034700424594, 'generation': 301}","{'id': 23194, 'rank': 19, 'fitness': 0.9758034700424594, 'generation': 301}","{'id': 23320, 'rank': 20, 'fitness': 0.9756216273776632, 'generation': 301}","{'id': 23234, 'rank': 21, 'fitness': 0.9756121540259026, 'generation': 301}","{'id': 23303, 'rank': 22, 'fitness': 0.9752362371528707, 'generation': 301}","{'id': 23122, 'rank': 23, 'fitness': 0.9745725667720033, 'generation': 301}","{'id': 23302, 'rank': 24, 'fitness': 0.9738940346578312, 'generation': 301}","{'id': 23353, 'rank': 25, 'fitness': 0.9738566842069937, 'generation': 301}","{'id': 23279, 'rank': 26, 'fitness': 0.9733563919483689, 'generation': 301}","{'id': 23375, 'rank': 27, 'fitness': 0.971010446984319, 'generation': 301}","{'id': 23331, 'rank': 28, 'fitness': 0.9600754850266905, 'generation': 301}","{'id': 23343, 'rank': 29, 'fitness': 0.7490277878069835, 'generation': 301}","{'id': 23359, 'rank': 30, 'fitness': 0.01798620996209155, 'generation': 301}"
"{'id': 23427, 'rank': 1, 'fitness': 0.9820137900379085, 'generation': 302}","{'id': 23426, 'rank': 2, 'fitness': 0.915720448317646, 'generation': 302}","{'id': 23416, 'rank': 3, 'fitness': 0.8549204454149206, 'generation': 302}","{'id': 23425, 'rank': 4, 'fitness': 0.6601647856349601, 'generation': 302}","{'id': 23026, 'rank': 5, 'fitness': 0.5967061080623481, 'generation': 302}","{'id': 23026, 'rank': 6, 'fitness': 0.5967061080623481, 'generation': 302}","{'id': 23442, 'rank': 7, 'fitness': 0.5516498222181647, 'generation': 302}","{'id': 23419, 'rank': 8, 'fitness': 0.5307569030299986, 'generation': 302}","{'id': 23419, 'rank': 9, 'fitness': 0.5307569030299986, 'generation': 302}","{'id': 23419, 'rank': 10, 'fitness': 0.5307569030299986, 'generation': 302}","{'id': 23407, 'rank': 11, 'fitness': 0.4686534390152874, 'generation': 302}","{'id': 23407, 'rank': 12, 'fitness': 0.4686534390152874, 'generation': 302}","{'id': 23446, 'rank': 13, 'fitness': 0.38663368530076303, 'generation': 302}","{'id': 23457, 'rank': 14, 'fitness': 0.34637872107816475, 'generation': 302}","{'id': 23312, 'rank': 15, 'fitness': 0.29257116113412707, 'generation': 302}","{'id': 23410, 'rank': 16, 'fitness': 0.28566683470400733, 'generation': 302}","{'id': 23448, 'rank': 17, 'fitness': 0.27763966580632826, 'generation': 302}","{'id': 23384, 'rank': 18, 'fitness': 0.1913607392502633, 'generation': 302}","{'id': 23417, 'rank': 19, 'fitness': 0.17793603974823125, 'generation': 302}","{'id': 23420, 'rank': 20, 'fitness': 0.16693502502414365, 'generation': 302}","{'id': 23436, 'rank': 21, 'fitness': 0.16411607513576454, 'generation': 302}","{'id': 23432, 'rank': 22, 'fitness': 0.13552418208050065, 'generation': 302}","{'id': 23432, 'rank': 23, 'fitness': 0.13552418208050065, 'generation': 302}","{'id': 23194, 'rank': 24, 'fitness': 0.10832914563851836, 'generation': 302}","{'id': 23303, 'rank': 25, 'fitness': 0.07121309286986632, 'generation': 302}","{'id': 23395, 'rank': 26, 'fitness': 0.05542163846734549, 'generation': 302}","{'id': 23423, 'rank': 27, 'fitness': 0.0508245349751178, 'generation': 302}","{'id': 23406, 'rank': 28, 'fitness': 0.03634545073982581, 'generation': 302}","{'id': 23392, 'rank': 29, 'fitness': 0.025097282199766813, 'generation': 302}","{'id': 23378, 'rank': 30, 'fitness': 0.01798620996209155, 'generation': 302}"
"{'id': 23427, 'rank': 1, 'fitness': 0.9820137900379085, 'generation': 303}","{'id': 23470, 'rank': 2, 'fitness': 0.9819429132891199, 'generation': 303}","{'id': 23471, 'rank': 3, 'fitness': 0.9818898797739382, 'generation': 303}","{'id': 23471, 'rank': 4, 'fitness': 0.9818898797739382, 'generation': 303}","{'id': 23471, 'rank': 5, 'fitness': 0.9818898797739382, 'generation': 303}","{'id': 23416, 'rank': 6, 'fitness': 0.9817890009891403, 'generation': 303}","{'id': 23416, 'rank': 7, 'fitness': 0.9817890009891403, 'generation': 303}","{'id': 23416, 'rank': 8, 'fitness': 0.9817890009891403, 'generation': 303}","{'id': 23026, 'rank': 9, 'fitness': 0.9816480777763044, 'generation': 303}","{'id': 23026, 'rank': 10, 'fitness': 0.9816480777763044, 'generation': 303}","{'id': 23026, 'rank': 11, 'fitness': 0.9816480777763044, 'generation': 303}","{'id': 23446, 'rank': 12, 'fitness': 0.9815605362678335, 'generation': 303}","{'id': 23457, 'rank': 13, 'fitness': 0.9815426842647474, 'generation': 303}","{'id': 23436, 'rank': 14, 'fitness': 0.9814401989682972, 'generation': 303}","{'id': 23432, 'rank': 15, 'fitness': 0.9814168919346193, 'generation': 303}","{'id': 23194, 'rank': 16, 'fitness': 0.981390454569213, 'generation': 303}","{'id': 23194, 'rank': 17, 'fitness': 0.981390454569213, 'generation': 303}","{'id': 23303, 'rank': 18, 'fitness': 0.9813426317186651, 'generation': 303}","{'id': 23303, 'rank': 19, 'fitness': 0.9813426317186651, 'generation': 303}","{'id': 23406, 'rank': 20, 'fitness': 0.981268682825959, 'generation': 303}","{'id': 23467, 'rank': 21, 'fitness': 0.9795702467481023, 'generation': 303}","{'id': 23467, 'rank': 22, 'fitness': 0.9795702467481023, 'generation': 303}","{'id': 23487, 'rank': 23, 'fitness': 0.9724395433316906, 'generation': 303}","{'id': 23504, 'rank': 24, 'fitness': 0.6391185118210784, 'generation': 303}","{'id': 23463, 'rank': 25, 'fitness': 0.3416364285631027, 'generation': 303}","{'id': 23463, 'rank': 26, 'fitness': 0.3416364285631027, 'generation': 303}","{'id': 23475, 'rank': 27, 'fitness': 0.21900750947531333, 'generation': 303}","{'id': 23501, 'rank': 28, 'fitness': 0.11361995336257419, 'generation': 303}","{'id': 23474, 'rank': 29, 'fitness': 0.06825069970385644, 'generation': 303}","{'id': 23476, 'rank': 30, 'fitness': 0.01798620996209155, 'generation': 303}"
"{'id': 23427, 'rank': 1, 'fitness': 0.9820137900379085, 'generation': 304}","{'id': 23545, 'rank': 2, 'fitness': 0.9819562988400239, 'generation': 304}","{'id': 23544, 'rank': 3, 'fitness': 0.9818785636872496, 'generation': 304}","{'id': 23544, 'rank': 4, 'fitness': 0.9818785636872496, 'generation': 304}","{'id': 23546, 'rank': 5, 'fitness': 0.9818657378371489, 'generation': 304}","{'id': 23556, 'rank': 6, 'fitness': 0.9818023208136032, 'generation': 304}","{'id': 23518, 'rank': 7, 'fitness': 0.9817551520789807, 'generation': 304}","{'id': 23551, 'rank': 8, 'fitness': 0.9817281365611333, 'generation': 304}","{'id': 23517, 'rank': 9, 'fitness': 0.9817272864595026, 'generation': 304}","{'id': 23579, 'rank': 10, 'fitness': 0.9816763837752853, 'generation': 304}","{'id': 23524, 'rank': 11, 'fitness': 0.9815872441057956, 'generation': 304}","{'id': 23026, 'rank': 12, 'fitness': 0.9815290038483542, 'generation': 304}","{'id': 23026, 'rank': 13, 'fitness': 0.9815290038483542, 'generation': 304}","{'id': 23508, 'rank': 14, 'fitness': 0.9815274702051098, 'generation': 304}","{'id': 23523, 'rank': 15, 'fitness': 0.9814486848398286, 'generation': 304}","{'id': 23578, 'rank': 16, 'fitness': 0.9814201376324253, 'generation': 304}","{'id': 23520, 'rank': 17, 'fitness': 0.9814159645173874, 'generation': 304}","{'id': 23446, 'rank': 18, 'fitness': 0.9814125046521579, 'generation': 304}","{'id': 23457, 'rank': 19, 'fitness': 0.9813887260000753, 'generation': 304}","{'id': 23570, 'rank': 20, 'fitness': 0.9813517412950774, 'generation': 304}","{'id': 23436, 'rank': 21, 'fitness': 0.9812520768253337, 'generation': 304}","{'id': 23432, 'rank': 22, 'fitness': 0.9812209670832391, 'generation': 304}","{'id': 23432, 'rank': 23, 'fitness': 0.9812209670832391, 'generation': 304}","{'id': 23560, 'rank': 24, 'fitness': 0.9811787755240285, 'generation': 304}","{'id': 23575, 'rank': 25, 'fitness': 0.9811037809469202, 'generation': 304}","{'id': 23563, 'rank': 26, 'fitness': 0.9809127005333802, 'generation': 304}","{'id': 23512, 'rank': 27, 'fitness': 0.9808371838463598, 'generation': 304}","{'id': 23540, 'rank': 28, 'fitness': 0.9788231037187015, 'generation': 304}","{'id': 23487, 'rank': 29, 'fitness': 0.9684193515185776, 'generation': 304}","{'id': 23501, 'rank': 30, 'fitness': 0.01798620996209155, 'generation': 304}"
"{'id': 23653, 'rank': 1, 'fitness': 0.9820137900379085, 'generation': 305}","{'id': 23654, 'rank': 2, 'fitness': 0.947079445445359, 'generation': 305}","{'id': 23545, 'rank': 3, 'fitness': 0.9071995535905617, 'generation': 305}","{'id': 23652, 'rank': 4, 'fitness': 0.8317390643242542, 'generation': 305}","{'id': 23556, 'rank': 5, 'fitness': 0.7574668007215698, 'generation': 305}","{'id': 23556, 'rank': 6, 'fitness': 0.7574668007215698, 'generation': 305}","{'id': 23551, 'rank': 7, 'fitness': 0.643931563267193, 'generation': 305}","{'id': 23517, 'rank': 8, 'fitness': 0.642497616060064, 'generation': 305}","{'id': 23596, 'rank': 9, 'fitness': 0.6326054908034864, 'generation': 305}","{'id': 23648, 'rank': 10, 'fitness': 0.5510794742708275, 'generation': 305}","{'id': 23524, 'rank': 11, 'fitness': 0.39192089800870283, 'generation': 305}","{'id': 23664, 'rank': 12, 'fitness': 0.3753231067470383, 'generation': 305}","{'id': 23597, 'rank': 13, 'fitness': 0.34772995854693123, 'generation': 305}","{'id': 23026, 'rank': 14, 'fitness': 0.29661691528015816, 'generation': 305}","{'id': 23508, 'rank': 15, 'fitness': 0.2942952676965398, 'generation': 305}","{'id': 23658, 'rank': 16, 'fitness': 0.24986186844557162, 'generation': 305}","{'id': 23660, 'rank': 17, 'fitness': 0.24871767727170918, 'generation': 305}","{'id': 23585, 'rank': 18, 'fitness': 0.18561936550810126, 'generation': 305}","{'id': 23584, 'rank': 19, 'fitness': 0.16750754610061191, 'generation': 305}","{'id': 23520, 'rank': 20, 'fitness': 0.15668633147948685, 'generation': 305}","{'id': 23520, 'rank': 21, 'fitness': 0.15668633147948685, 'generation': 305}","{'id': 23663, 'rank': 22, 'fitness': 0.14142613148634037, 'generation': 305}","{'id': 23663, 'rank': 23, 'fitness': 0.14142613148634037, 'generation': 305}","{'id': 23633, 'rank': 24, 'fitness': 0.1348342341102386, 'generation': 305}","{'id': 23583, 'rank': 25, 'fitness': 0.10502059499547306, 'generation': 305}","{'id': 23645, 'rank': 26, 'fitness': 0.0651629573700524, 'generation': 305}","{'id': 23432, 'rank': 27, 'fitness': 0.043706647776124374, 'generation': 305}","{'id': 23647, 'rank': 28, 'fitness': 0.03304817166771262, 'generation': 305}","{'id': 23592, 'rank': 29, 'fitness': 0.02439822814815573, 'generation': 305}","{'id': 23606, 'rank': 30, 'fitness': 0.01798620996209155, 'generation': 305}"
"{'id': 23715, 'rank': 1, 'fitness': 0.9820137900379085, 'generation': 306}","{'id': 23654, 'rank': 2, 'fitness': 0.9819295673366017, 'generation': 306}","{'id': 23716, 'rank': 3, 'fitness': 0.9818751512563637, 'generation': 306}","{'id': 23545, 'rank': 4, 'fitness': 0.9818687782110329, 'generation': 306}","{'id': 23718, 'rank': 5, 'fitness': 0.9818097757006832, 'generation': 306}","{'id': 23652, 'rank': 6, 'fitness': 0.9817999844464806, 'generation': 306}","{'id': 23551, 'rank': 7, 'fitness': 0.9816980743886479, 'generation': 306}","{'id': 23596, 'rank': 8, 'fitness': 0.9816930880197036, 'generation': 306}","{'id': 23664, 'rank': 9, 'fitness': 0.9815857528047807, 'generation': 306}","{'id': 23026, 'rank': 10, 'fitness': 0.9815495238781747, 'generation': 306}","{'id': 23658, 'rank': 11, 'fitness': 0.9815253446941156, 'generation': 306}","{'id': 23658, 'rank': 12, 'fitness': 0.9815253446941156, 'generation': 306}","{'id': 23520, 'rank': 13, 'fitness': 0.9814653757858706, 'generation': 306}","{'id': 23633, 'rank': 14, 'fitness': 0.9814472800524301, 'generation': 306}","{'id': 23583, 'rank': 15, 'fitness': 0.9814180310692342, 'generation': 306}","{'id': 23432, 'rank': 16, 'fitness': 0.9813205160530551, 'generation': 306}","{'id': 23432, 'rank': 17, 'fitness': 0.9813205160530551, 'generation': 306}","{'id': 23647, 'rank': 18, 'fitness': 0.9812903598219815, 'generation': 306}","{'id': 23592, 'rank': 19, 'fitness': 0.9812578940961445, 'generation': 306}","{'id': 23699, 'rank': 20, 'fitness': 0.9676485466836529, 'generation': 306}","{'id': 23705, 'rank': 21, 'fitness': 0.9531035992967645, 'generation': 306}","{'id': 23677, 'rank': 22, 'fitness': 0.9495625577046068, 'generation': 306}","{'id': 23677, 'rank': 23, 'fitness': 0.9495625577046068, 'generation': 306}","{'id': 23688, 'rank': 24, 'fitness': 0.8239041220123192, 'generation': 306}","{'id': 23688, 'rank': 25, 'fitness': 0.8239041220123192, 'generation': 306}","{'id': 23703, 'rank': 26, 'fitness': 0.6592464981409185, 'generation': 306}","{'id': 23704, 'rank': 27, 'fitness': 0.5488282491151268, 'generation': 306}","{'id': 23700, 'rank': 28, 'fitness': 0.04739379858493409, 'generation': 306}","{'id': 23710, 'rank': 29, 'fitness': 0.035617131929524315, 'generation': 306}","{'id': 23686, 'rank': 30, 'fitness': 0.01798620996209155, 'generation': 306}"
"{'id': 23789, 'rank': 1, 'fitness': 0.9820137900379085, 'generation': 307}","{'id': 23654, 'rank': 2, 'fitness': 0.9820113596115153, 'generation': 307}","{'id': 23802, 'rank': 3, 'fitness': 0.9809381544366722, 'generation': 307}","{'id': 23777, 'rank': 4, 'fitness': 0.9806272988578001, 'generation': 307}","{'id': 23551, 'rank': 5, 'fitness': 0.9803278015554339, 'generation': 307}","{'id': 23745, 'rank': 6, 'fitness': 0.9801505693870045, 'generation': 307}","{'id': 23782, 'rank': 7, 'fitness': 0.9800009435763821, 'generation': 307}","{'id': 23742, 'rank': 8, 'fitness': 0.9797859445518192, 'generation': 307}","{'id': 23783, 'rank': 9, 'fitness': 0.9795604548046224, 'generation': 307}","{'id': 23729, 'rank': 10, 'fitness': 0.9792592783455574, 'generation': 307}","{'id': 23729, 'rank': 11, 'fitness': 0.9792592783455574, 'generation': 307}","{'id': 23784, 'rank': 12, 'fitness': 0.9791195286241894, 'generation': 307}","{'id': 23658, 'rank': 13, 'fitness': 0.9789870436003782, 'generation': 307}","{'id': 23658, 'rank': 14, 'fitness': 0.9789870436003782, 'generation': 307}","{'id': 23726, 'rank': 15, 'fitness': 0.9789624601748013, 'generation': 307}","{'id': 23726, 'rank': 16, 'fitness': 0.9789624601748013, 'generation': 307}","{'id': 23520, 'rank': 17, 'fitness': 0.9785039905037237, 'generation': 307}","{'id': 23520, 'rank': 18, 'fitness': 0.9785039905037237, 'generation': 307}","{'id': 23806, 'rank': 19, 'fitness': 0.9777137614942191, 'generation': 307}","{'id': 23769, 'rank': 20, 'fitness': 0.9776182636242176, 'generation': 307}","{'id': 23769, 'rank': 21, 'fitness': 0.9776182636242176, 'generation': 307}","{'id': 23767, 'rank': 22, 'fitness': 0.9774660647654039, 'generation': 307}","{'id': 23737, 'rank': 23, 'fitness': 0.9774394839817931, 'generation': 307}","{'id': 23794, 'rank': 24, 'fitness': 0.9773829255175349, 'generation': 307}","{'id': 23779, 'rank': 25, 'fitness': 0.9772996311963036, 'generation': 307}","{'id': 23779, 'rank': 26, 'fitness': 0.9772996311963036, 'generation': 307}","{'id': 23738, 'rank': 27, 'fitness': 0.9771072742833711, 'generation': 307}","{'id': 23751, 'rank': 28, 'fitness': 0.9767280594756889, 'generation': 307}","{'id': 23760, 'rank': 29, 'fitness': 0.018213574008916655, 'generation': 307}","{'id': 23774, 'rank': 30, 'fitness': 0.01798620996209155, 'generation': 307}"
"{'id': 23873, 'rank': 1, 'fitness': 0.9820137900379085, 'generation': 308}","{'id': 23851, 'rank': 2, 'fitness': 0.9768754918214417, 'generation': 308}","{'id': 23851, 'rank': 3, 'fitness': 0.9768754918214417, 'generation': 308}","{'id': 23865, 'rank': 4, 'fitness': 0.9400391966416449, 'generation': 308}","{'id': 23881, 'rank': 5, 'fitness': 0.9339813022417897, 'generation': 308}","{'id': 23823, 'rank': 6, 'fitness': 0.9231553925638882, 'generation': 308}","{'id': 23745, 'rank': 7, 'fitness': 0.8677382924857642, 'generation': 308}","{'id': 23863, 'rank': 8, 'fitness': 0.8036811637737526, 'generation': 308}","{'id': 23783, 'rank': 9, 'fitness': 0.7347401903950568, 'generation': 308}","{'id': 23783, 'rank': 10, 'fitness': 0.7347401903950568, 'generation': 308}","{'id': 23847, 'rank': 11, 'fitness': 0.6131459702775244, 'generation': 308}","{'id': 23847, 'rank': 12, 'fitness': 0.6131459702775244, 'generation': 308}","{'id': 23847, 'rank': 13, 'fitness': 0.6131459702775244, 'generation': 308}","{'id': 23784, 'rank': 14, 'fitness': 0.5963486935343831, 'generation': 308}","{'id': 23886, 'rank': 15, 'fitness': 0.5814514790144752, 'generation': 308}","{'id': 23658, 'rank': 16, 'fitness': 0.5508128853936644, 'generation': 308}","{'id': 23658, 'rank': 17, 'fitness': 0.5508128853936644, 'generation': 308}","{'id': 23726, 'rank': 18, 'fitness': 0.5422762039999319, 'generation': 308}","{'id': 23859, 'rank': 19, 'fitness': 0.43827553257058827, 'generation': 308}","{'id': 23878, 'rank': 20, 'fitness': 0.21663754329482843, 'generation': 308}","{'id': 23848, 'rank': 21, 'fitness': 0.21478810226576728, 'generation': 308}","{'id': 23848, 'rank': 22, 'fitness': 0.21478810226576728, 'generation': 308}","{'id': 23860, 'rank': 23, 'fitness': 0.12819632133024145, 'generation': 308}","{'id': 23840, 'rank': 24, 'fitness': 0.09248898698794789, 'generation': 308}","{'id': 23738, 'rank': 25, 'fitness': 0.08927083268321456, 'generation': 308}","{'id': 23816, 'rank': 26, 'fitness': 0.0686830596960828, 'generation': 308}","{'id': 23814, 'rank': 27, 'fitness': 0.022008375636825284, 'generation': 308}","{'id': 23867, 'rank': 28, 'fitness': 0.02186520496967892, 'generation': 308}","{'id': 23857, 'rank': 29, 'fitness': 0.021087683700179438, 'generation': 308}","{'id': 23812, 'rank': 30, 'fitness': 0.01798620996209155, 'generation': 308}"
"{'id': 23851, 'rank': 1, 'fitness': 0.9820137900379085, 'generation': 309}","{'id': 23865, 'rank': 2, 'fitness': 0.9819293953306829, 'generation': 309}","{'id': 23865, 'rank': 3, 'fitness': 0.9819293953306829, 'generation': 309}","{'id': 23823, 'rank': 4, 'fitness': 0.9819066631292899, 'generation': 309}","{'id': 23783, 'rank': 5, 'fitness': 0.9817808749070904, 'generation': 309}","{'id': 23897, 'rank': 6, 'fitness': 0.9817684401741177, 'generation': 309}","{'id': 23891, 'rank': 7, 'fitness': 0.9817477134207987, 'generation': 309}","{'id': 23847, 'rank': 8, 'fitness': 0.9817327891239385, 'generation': 309}","{'id': 23847, 'rank': 9, 'fitness': 0.9817327891239385, 'generation': 309}","{'id': 23900, 'rank': 10, 'fitness': 0.9817305387320646, 'generation': 309}","{'id': 23658, 'rank': 11, 'fitness': 0.981710644764521, 'generation': 309}","{'id': 23859, 'rank': 12, 'fitness': 0.9816715631342046, 'generation': 309}","{'id': 23859, 'rank': 13, 'fitness': 0.9816715631342046, 'generation': 309}","{'id': 23878, 'rank': 14, 'fitness': 0.9815815961142387, 'generation': 309}","{'id': 23878, 'rank': 15, 'fitness': 0.9815815961142387, 'generation': 309}","{'id': 23848, 'rank': 16, 'fitness': 0.9815806455888736, 'generation': 309}","{'id': 23860, 'rank': 17, 'fitness': 0.9815265963965712, 'generation': 309}","{'id': 23840, 'rank': 18, 'fitness': 0.9814945993111761, 'generation': 309}","{'id': 23738, 'rank': 19, 'fitness': 0.9814911962685936, 'generation': 309}","{'id': 23946, 'rank': 20, 'fitness': 0.9814337901211155, 'generation': 309}","{'id': 23814, 'rank': 21, 'fitness': 0.9813621960333392, 'generation': 309}","{'id': 23925, 'rank': 22, 'fitness': 0.9806252063082033, 'generation': 309}","{'id': 23927, 'rank': 23, 'fitness': 0.9802549708073476, 'generation': 309}","{'id': 23927, 'rank': 24, 'fitness': 0.9802549708073476, 'generation': 309}","{'id': 23945, 'rank': 25, 'fitness': 0.9802370540961212, 'generation': 309}","{'id': 23909, 'rank': 26, 'fitness': 0.9800588030364685, 'generation': 309}","{'id': 23910, 'rank': 27, 'fitness': 0.9744726385908282, 'generation': 309}","{'id': 23939, 'rank': 28, 'fitness': 0.946123840465507, 'generation': 309}","{'id': 23916, 'rank': 29, 'fitness': 0.7899141237680225, 'generation': 309}","{'id': 23947, 'rank': 30, 'fitness': 0.01798620996209155, 'generation': 309}"
"{'id': 23851, 'rank': 1, 'fitness': 0.9820137900379085, 'generation': 310}","{'id': 23997, 'rank': 2, 'fitness': 0.9767459070922091, 'generation': 310}","{'id': 23997, 'rank': 3, 'fitness': 0.9767459070922091, 'generation': 310}","{'id': 23865, 'rank': 4, 'fitness': 0.9724842552105097, 'generation': 310}","{'id': 23865, 'rank': 5, 'fitness': 0.9724842552105097, 'generation': 310}","{'id': 23865, 'rank': 6, 'fitness': 0.9724842552105097, 'generation': 310}","{'id': 24000, 'rank': 7, 'fitness': 0.9554624341491109, 'generation': 310}","{'id': 23999, 'rank': 8, 'fitness': 0.9546023913842743, 'generation': 310}","{'id': 23783, 'rank': 9, 'fitness': 0.942921542960266, 'generation': 310}","{'id': 23950, 'rank': 10, 'fitness': 0.9398511001774105, 'generation': 310}","{'id': 23847, 'rank': 11, 'fitness': 0.9282173771013053, 'generation': 310}","{'id': 23900, 'rank': 12, 'fitness': 0.9274509004882375, 'generation': 310}","{'id': 24022, 'rank': 13, 'fitness': 0.9246095017356626, 'generation': 310}","{'id': 24004, 'rank': 14, 'fitness': 0.9146185353683113, 'generation': 310}","{'id': 24004, 'rank': 15, 'fitness': 0.9146185353683113, 'generation': 310}","{'id': 23959, 'rank': 16, 'fitness': 0.9132871238534657, 'generation': 310}","{'id': 23957, 'rank': 17, 'fitness': 0.893111314715149, 'generation': 310}","{'id': 23988, 'rank': 18, 'fitness': 0.8911903732378661, 'generation': 310}","{'id': 23952, 'rank': 19, 'fitness': 0.8822213789206166, 'generation': 310}","{'id': 23952, 'rank': 20, 'fitness': 0.8822213789206166, 'generation': 310}","{'id': 24006, 'rank': 21, 'fitness': 0.8607862455779274, 'generation': 310}","{'id': 23878, 'rank': 22, 'fitness': 0.8573679609069739, 'generation': 310}","{'id': 23962, 'rank': 23, 'fitness': 0.8492199700469157, 'generation': 310}","{'id': 23860, 'rank': 24, 'fitness': 0.8200181972087952, 'generation': 310}","{'id': 23967, 'rank': 25, 'fitness': 0.7995564601147125, 'generation': 310}","{'id': 23968, 'rank': 26, 'fitness': 0.7766247626074969, 'generation': 310}","{'id': 23946, 'rank': 27, 'fitness': 0.7409047261378142, 'generation': 310}","{'id': 23814, 'rank': 28, 'fitness': 0.6666125651198119, 'generation': 310}","{'id': 24008, 'rank': 29, 'fitness': 0.654473072194866, 'generation': 310}","{'id': 23986, 'rank': 30, 'fitness': 0.01798620996209155, 'generation': 310}"
"{'id': 24045, 'rank': 1, 'fitness': 0.9820137900379085, 'generation': 311}","{'id': 23851, 'rank': 2, 'fitness': 0.9812161551489564, 'generation': 311}","{'id': 23851, 'rank': 3, 'fitness': 0.9812161551489564, 'generation': 311}","{'id': 24085, 'rank': 4, 'fitness': 0.9810705825589873, 'generation': 311}","{'id': 23997, 'rank': 5, 'fitness': 0.9808146134435366, 'generation': 311}","{'id': 23997, 'rank': 6, 'fitness': 0.9808146134435366, 'generation': 311}","{'id': 23997, 'rank': 7, 'fitness': 0.9808146134435366, 'generation': 311}","{'id': 23865, 'rank': 8, 'fitness': 0.980545685248635, 'generation': 311}","{'id': 23865, 'rank': 9, 'fitness': 0.980545685248635, 'generation': 311}","{'id': 24076, 'rank': 10, 'fitness': 0.979981148992221, 'generation': 311}","{'id': 24042, 'rank': 11, 'fitness': 0.9798750311145719, 'generation': 311}","{'id': 23900, 'rank': 12, 'fitness': 0.9788851008115356, 'generation': 311}","{'id': 24022, 'rank': 13, 'fitness': 0.9788144888776171, 'generation': 311}","{'id': 24004, 'rank': 14, 'fitness': 0.9785825694905307, 'generation': 311}","{'id': 24004, 'rank': 15, 'fitness': 0.9785825694905307, 'generation': 311}","{'id': 23957, 'rank': 16, 'fitness': 0.9781502456557288, 'generation': 311}","{'id': 23988, 'rank': 17, 'fitness': 0.9781151374893249, 'generation': 311}","{'id': 24039, 'rank': 18, 'fitness': 0.9780327846289284, 'generation': 311}","{'id': 24040, 'rank': 19, 'fitness': 0.9778642744360908, 'generation': 311}","{'id': 24041, 'rank': 20, 'fitness': 0.9778570680838994, 'generation': 311}","{'id': 24087, 'rank': 21, 'fitness': 0.9777648080737232, 'generation': 311}","{'id': 23967, 'rank': 22, 'fitness': 0.9768125747277798, 'generation': 311}","{'id': 24049, 'rank': 23, 'fitness': 0.9556991537787702, 'generation': 311}","{'id': 24097, 'rank': 24, 'fitness': 0.9517465214070111, 'generation': 311}","{'id': 24088, 'rank': 25, 'fitness': 0.9513193004686453, 'generation': 311}","{'id': 24090, 'rank': 26, 'fitness': 0.9471556702102559, 'generation': 311}","{'id': 24093, 'rank': 27, 'fitness': 0.93894322843236, 'generation': 311}","{'id': 24101, 'rank': 28, 'fitness': 0.8882000962763928, 'generation': 311}","{'id': 24104, 'rank': 29, 'fitness': 0.24675117580973904, 'generation': 311}","{'id': 24078, 'rank': 30, 'fitness': 0.01798620996209155, 'generation': 311}"
"{'id': 24126, 'rank': 1, 'fitness': 0.9820137900379085, 'generation': 312}","{'id': 24161, 'rank': 2, 'fitness': 0.9811740937862452, 'generation': 312}","{'id': 24161, 'rank': 3, 'fitness': 0.9811740937862452, 'generation': 312}","{'id': 23851, 'rank': 4, 'fitness': 0.9811706056677022, 'generation': 312}","{'id': 23851, 'rank': 5, 'fitness': 0.9811706056677022, 'generation': 312}","{'id': 24085, 'rank': 6, 'fitness': 0.9810247323463998, 'generation': 312}","{'id': 24122, 'rank': 7, 'fitness': 0.9808350000782478, 'generation': 312}","{'id': 23997, 'rank': 8, 'fitness': 0.9807682355171109, 'generation': 312}","{'id': 23997, 'rank': 9, 'fitness': 0.9807682355171109, 'generation': 312}","{'id': 23865, 'rank': 10, 'fitness': 0.9804987543612127, 'generation': 312}","{'id': 23865, 'rank': 11, 'fitness': 0.9804987543612127, 'generation': 312}","{'id': 24155, 'rank': 12, 'fitness': 0.9804504223051322, 'generation': 312}","{'id': 24151, 'rank': 13, 'fitness': 0.9801511672478789, 'generation': 312}","{'id': 24151, 'rank': 14, 'fitness': 0.9801511672478789, 'generation': 312}","{'id': 24199, 'rank': 15, 'fitness': 0.9796783261843652, 'generation': 312}","{'id': 24199, 'rank': 16, 'fitness': 0.9796783261843652, 'generation': 312}","{'id': 24171, 'rank': 17, 'fitness': 0.979537713552806, 'generation': 312}","{'id': 24170, 'rank': 18, 'fitness': 0.9790792679666938, 'generation': 312}","{'id': 24181, 'rank': 19, 'fitness': 0.9790251135389723, 'generation': 312}","{'id': 24022, 'rank': 20, 'fitness': 0.9787640333255183, 'generation': 312}","{'id': 24146, 'rank': 21, 'fitness': 0.9786758109557325, 'generation': 312}","{'id': 24148, 'rank': 22, 'fitness': 0.978243816567115, 'generation': 312}","{'id': 24039, 'rank': 23, 'fitness': 0.9779807566767691, 'generation': 312}","{'id': 24201, 'rank': 24, 'fitness': 0.9768723392500889, 'generation': 312}","{'id': 24135, 'rank': 25, 'fitness': 0.9762724968216168, 'generation': 312}","{'id': 24131, 'rank': 26, 'fitness': 0.9751843153077956, 'generation': 312}","{'id': 24131, 'rank': 27, 'fitness': 0.9751843153077956, 'generation': 312}","{'id': 24180, 'rank': 28, 'fitness': 0.9742596774470003, 'generation': 312}","{'id': 24192, 'rank': 29, 'fitness': 0.9332113758036633, 'generation': 312}","{'id': 24078, 'rank': 30, 'fitness': 0.01798620996209155, 'generation': 312}"
"{'id': 24217, 'rank': 1, 'fitness': 0.9820137900379085, 'generation': 313}","{'id': 24161, 'rank': 2, 'fitness': 0.9634953148881028, 'generation': 313}","{'id': 24233, 'rank': 3, 'fitness': 0.9549730963251362, 'generation': 313}","{'id': 24270, 'rank': 4, 'fitness': 0.9496341244419733, 'generation': 313}","{'id': 24218, 'rank': 5, 'fitness': 0.9197299700672212, 'generation': 313}","{'id': 24302, 'rank': 6, 'fitness': 0.9188984253716177, 'generation': 313}","{'id': 24268, 'rank': 7, 'fitness': 0.9144420536650557, 'generation': 313}","{'id': 24155, 'rank': 8, 'fitness': 0.9114484377443214, 'generation': 313}","{'id': 24155, 'rank': 9, 'fitness': 0.9114484377443214, 'generation': 313}","{'id': 24221, 'rank': 10, 'fitness': 0.9101308523320824, 'generation': 313}","{'id': 24215, 'rank': 11, 'fitness': 0.90840473795315, 'generation': 313}","{'id': 24260, 'rank': 12, 'fitness': 0.8825785314348247, 'generation': 313}","{'id': 24151, 'rank': 13, 'fitness': 0.8756639101943592, 'generation': 313}","{'id': 24235, 'rank': 14, 'fitness': 0.8731041304126947, 'generation': 313}","{'id': 24267, 'rank': 15, 'fitness': 0.8539598405269466, 'generation': 313}","{'id': 24199, 'rank': 16, 'fitness': 0.7963615871687141, 'generation': 313}","{'id': 24234, 'rank': 17, 'fitness': 0.7661716633196697, 'generation': 313}","{'id': 24234, 'rank': 18, 'fitness': 0.7661716633196697, 'generation': 313}","{'id': 24271, 'rank': 19, 'fitness': 0.7577794585571557, 'generation': 313}","{'id': 24271, 'rank': 20, 'fitness': 0.7577794585571557, 'generation': 313}","{'id': 24245, 'rank': 21, 'fitness': 0.676147341539401, 'generation': 313}","{'id': 24181, 'rank': 22, 'fitness': 0.6393831408401185, 'generation': 313}","{'id': 24262, 'rank': 23, 'fitness': 0.6035141562712544, 'generation': 313}","{'id': 24262, 'rank': 24, 'fitness': 0.6035141562712544, 'generation': 313}","{'id': 24297, 'rank': 25, 'fitness': 0.5658433787072596, 'generation': 313}","{'id': 24022, 'rank': 26, 'fitness': 0.5654357965647924, 'generation': 313}","{'id': 24247, 'rank': 27, 'fitness': 0.5375022867019295, 'generation': 313}","{'id': 24258, 'rank': 28, 'fitness': 0.33186170273480076, 'generation': 313}","{'id': 24135, 'rank': 29, 'fitness': 0.07477096324361132, 'generation': 313}","{'id': 24295, 'rank': 30, 'fitness': 0.01798620996209155, 'generation': 313}"
"{'id': 24233, 'rank': 1, 'fitness': 0.9820137900379085, 'generation': 314}","{'id': 24314, 'rank': 2, 'fitness': 0.9819699942446829, 'generation': 314}","{'id': 24302, 'rank': 3, 'fitness': 0.98179926995911, 'generation': 314}","{'id': 24302, 'rank': 4, 'fitness': 0.98179926995911, 'generation': 314}","{'id': 24155, 'rank': 5, 'fitness': 0.9817661932074411, 'generation': 314}","{'id': 24215, 'rank': 6, 'fitness': 0.9817533840740227, 'generation': 314}","{'id': 24260, 'rank': 7, 'fitness': 0.9816574893916796, 'generation': 314}","{'id': 24312, 'rank': 8, 'fitness': 0.9816356555935847, 'generation': 314}","{'id': 24312, 'rank': 9, 'fitness': 0.9816356555935847, 'generation': 314}","{'id': 24151, 'rank': 10, 'fitness': 0.9816349052728548, 'generation': 314}","{'id': 24271, 'rank': 11, 'fitness': 0.9813510312174094, 'generation': 314}","{'id': 24245, 'rank': 12, 'fitness': 0.9812079473625124, 'generation': 314}","{'id': 24245, 'rank': 13, 'fitness': 0.9812079473625124, 'generation': 314}","{'id': 24247, 'rank': 14, 'fitness': 0.9809987695943632, 'generation': 314}","{'id': 24258, 'rank': 15, 'fitness': 0.9806911769452268, 'generation': 314}","{'id': 24135, 'rank': 16, 'fitness': 0.9800176879428983, 'generation': 314}","{'id': 24361, 'rank': 17, 'fitness': 0.97969778255472, 'generation': 314}","{'id': 24360, 'rank': 18, 'fitness': 0.9796307675069524, 'generation': 314}","{'id': 24295, 'rank': 19, 'fitness': 0.9794500825605454, 'generation': 314}","{'id': 24295, 'rank': 20, 'fitness': 0.9794500825605454, 'generation': 314}","{'id': 24321, 'rank': 21, 'fitness': 0.979227267428699, 'generation': 314}","{'id': 24310, 'rank': 22, 'fitness': 0.9775805494562319, 'generation': 314}","{'id': 24311, 'rank': 23, 'fitness': 0.9770914925678762, 'generation': 314}","{'id': 24325, 'rank': 24, 'fitness': 0.9744156136930067, 'generation': 314}","{'id': 24324, 'rank': 25, 'fitness': 0.9720909304560617, 'generation': 314}","{'id': 24324, 'rank': 26, 'fitness': 0.9720909304560617, 'generation': 314}","{'id': 24324, 'rank': 27, 'fitness': 0.9720909304560617, 'generation': 314}","{'id': 24316, 'rank': 28, 'fitness': 0.970988625351221, 'generation': 314}","{'id': 24335, 'rank': 29, 'fitness': 0.9314440393857067, 'generation': 314}","{'id': 24338, 'rank': 30, 'fitness': 0.01798620996209155, 'generation': 314}"
"{'id': 24410, 'rank': 1, 'fitness': 0.9820137900379085, 'generation': 315}","{'id': 24155, 'rank': 2, 'fitness': 0.9819036339407998, 'generation': 315}","{'id': 24413, 'rank': 3, 'fitness': 0.9815663984540828, 'generation': 315}","{'id': 24405, 'rank': 4, 'fitness': 0.9812274781405628, 'generation': 315}","{'id': 24312, 'rank': 5, 'fitness': 0.9795472025409551, 'generation': 315}","{'id': 24151, 'rank': 6, 'fitness': 0.9795328752486296, 'generation': 315}","{'id': 24151, 'rank': 7, 'fitness': 0.9795328752486296, 'generation': 315}","{'id': 24376, 'rank': 8, 'fitness': 0.9794407788890919, 'generation': 315}","{'id': 24416, 'rank': 9, 'fitness': 0.9783803847772731, 'generation': 315}","{'id': 24245, 'rank': 10, 'fitness': 0.9697058668927954, 'generation': 315}","{'id': 24414, 'rank': 11, 'fitness': 0.9696238169837306, 'generation': 315}","{'id': 24423, 'rank': 12, 'fitness': 0.967594282610545, 'generation': 315}","{'id': 24379, 'rank': 13, 'fitness': 0.9615566031392981, 'generation': 315}","{'id': 24444, 'rank': 14, 'fitness': 0.9579038464257519, 'generation': 315}","{'id': 24377, 'rank': 15, 'fitness': 0.9553448861518811, 'generation': 315}","{'id': 24418, 'rank': 16, 'fitness': 0.9511797492120488, 'generation': 315}","{'id': 24443, 'rank': 17, 'fitness': 0.9276216787772469, 'generation': 315}","{'id': 24445, 'rank': 18, 'fitness': 0.9173011822620601, 'generation': 315}","{'id': 24420, 'rank': 19, 'fitness': 0.9083958003767217, 'generation': 315}","{'id': 24420, 'rank': 20, 'fitness': 0.9083958003767217, 'generation': 315}","{'id': 24393, 'rank': 21, 'fitness': 0.8767685357234468, 'generation': 315}","{'id': 24421, 'rank': 22, 'fitness': 0.7789560193852573, 'generation': 315}","{'id': 24421, 'rank': 23, 'fitness': 0.7789560193852573, 'generation': 315}","{'id': 24421, 'rank': 24, 'fitness': 0.7789560193852573, 'generation': 315}","{'id': 24427, 'rank': 25, 'fitness': 0.7485052898649697, 'generation': 315}","{'id': 24429, 'rank': 26, 'fitness': 0.6329313752882915, 'generation': 315}","{'id': 24392, 'rank': 27, 'fitness': 0.06788267126909453, 'generation': 315}","{'id': 24374, 'rank': 28, 'fitness': 0.029897003817250967, 'generation': 315}","{'id': 24374, 'rank': 29, 'fitness': 0.029897003817250967, 'generation': 315}","{'id': 24401, 'rank': 30, 'fitness': 0.01798620996209155, 'generation': 315}"
"{'id': 24410, 'rank': 1, 'fitness': 0.9820137900379085, 'generation': 316}","{'id': 24405, 'rank': 2, 'fitness': 0.9819235579992909, 'generation': 316}","{'id': 24151, 'rank': 3, 'fitness': 0.9817397166939104, 'generation': 316}","{'id': 24151, 'rank': 4, 'fitness': 0.9817397166939104, 'generation': 316}","{'id': 24376, 'rank': 5, 'fitness': 0.9817301076891901, 'generation': 316}","{'id': 24416, 'rank': 6, 'fitness': 0.981622067548101, 'generation': 316}","{'id': 24454, 'rank': 7, 'fitness': 0.9813887268995952, 'generation': 316}","{'id': 24479, 'rank': 8, 'fitness': 0.981373006902132, 'generation': 316}","{'id': 24500, 'rank': 9, 'fitness': 0.9810567826626335, 'generation': 316}","{'id': 24448, 'rank': 10, 'fitness': 0.9809931129276238, 'generation': 316}","{'id': 24245, 'rank': 11, 'fitness': 0.980877364983747, 'generation': 316}","{'id': 24483, 'rank': 12, 'fitness': 0.9806755900155097, 'generation': 316}","{'id': 24379, 'rank': 13, 'fitness': 0.9803288762387921, 'generation': 316}","{'id': 24511, 'rank': 14, 'fitness': 0.9798439407261372, 'generation': 316}","{'id': 24467, 'rank': 15, 'fitness': 0.9797542703637284, 'generation': 316}","{'id': 24468, 'rank': 16, 'fitness': 0.9797515558578878, 'generation': 316}","{'id': 24420, 'rank': 17, 'fitness': 0.9781310477495162, 'generation': 316}","{'id': 24460, 'rank': 18, 'fitness': 0.9780673317509643, 'generation': 316}","{'id': 24497, 'rank': 19, 'fitness': 0.9775212801333011, 'generation': 316}","{'id': 24459, 'rank': 20, 'fitness': 0.9760095387522824, 'generation': 316}","{'id': 24421, 'rank': 21, 'fitness': 0.9753884445343014, 'generation': 316}","{'id': 24427, 'rank': 22, 'fitness': 0.9749098434370932, 'generation': 316}","{'id': 24512, 'rank': 23, 'fitness': 0.9746303969710736, 'generation': 316}","{'id': 24496, 'rank': 24, 'fitness': 0.9746199563011712, 'generation': 316}","{'id': 24502, 'rank': 25, 'fitness': 0.9739885466662024, 'generation': 316}","{'id': 24494, 'rank': 26, 'fitness': 0.9709431045006162, 'generation': 316}","{'id': 24392, 'rank': 27, 'fitness': 0.9618045626126672, 'generation': 316}","{'id': 24504, 'rank': 28, 'fitness': 0.9615806699521914, 'generation': 316}","{'id': 24374, 'rank': 29, 'fitness': 0.9579347144060277, 'generation': 316}","{'id': 24466, 'rank': 30, 'fitness': 0.01798620996209155, 'generation': 316}"
"{'id': 24405, 'rank': 1, 'fitness': 0.9820137900379085, 'generation': 317}","{'id': 24479, 'rank': 2, 'fitness': 0.9773128705495263, 'generation': 317}","{'id': 24521, 'rank': 3, 'fitness': 0.9764410183577905, 'generation': 317}","{'id': 24521, 'rank': 4, 'fitness': 0.9764410183577905, 'generation': 317}","{'id': 24514, 'rank': 5, 'fitness': 0.9755719043064633, 'generation': 317}","{'id': 24514, 'rank': 6, 'fitness': 0.9755719043064633, 'generation': 317}","{'id': 24547, 'rank': 7, 'fitness': 0.9736957507652488, 'generation': 317}","{'id': 24448, 'rank': 8, 'fitness': 0.97349226380128, 'generation': 317}","{'id': 24581, 'rank': 9, 'fitness': 0.9709808102677843, 'generation': 317}","{'id': 24523, 'rank': 10, 'fitness': 0.9661361697894818, 'generation': 317}","{'id': 24523, 'rank': 11, 'fitness': 0.9661361697894818, 'generation': 317}","{'id': 24559, 'rank': 12, 'fitness': 0.9595233253590882, 'generation': 317}","{'id': 24511, 'rank': 13, 'fitness': 0.9584797671923166, 'generation': 317}","{'id': 24467, 'rank': 14, 'fitness': 0.9570589901607911, 'generation': 317}","{'id': 24468, 'rank': 15, 'fitness': 0.9570153618871, 'generation': 317}","{'id': 24561, 'rank': 16, 'fitness': 0.9468326973459616, 'generation': 317}","{'id': 24561, 'rank': 17, 'fitness': 0.9468326973459616, 'generation': 317}","{'id': 24539, 'rank': 18, 'fitness': 0.9150240353772117, 'generation': 317}","{'id': 24531, 'rank': 19, 'fitness': 0.9148746603788529, 'generation': 317}","{'id': 24551, 'rank': 20, 'fitness': 0.9147891574944647, 'generation': 317}","{'id': 24497, 'rank': 21, 'fitness': 0.9067907135807951, 'generation': 317}","{'id': 24497, 'rank': 22, 'fitness': 0.9067907135807951, 'generation': 317}","{'id': 24550, 'rank': 23, 'fitness': 0.8623175057095656, 'generation': 317}","{'id': 24459, 'rank': 24, 'fitness': 0.8530049484101635, 'generation': 317}","{'id': 24516, 'rank': 25, 'fitness': 0.7045325930126325, 'generation': 317}","{'id': 24573, 'rank': 26, 'fitness': 0.5901563647860273, 'generation': 317}","{'id': 24544, 'rank': 27, 'fitness': 0.36702478432669683, 'generation': 317}","{'id': 24586, 'rank': 28, 'fitness': 0.0442218909348166, 'generation': 317}","{'id': 24591, 'rank': 29, 'fitness': 0.025699205138260295, 'generation': 317}","{'id': 24524, 'rank': 30, 'fitness': 0.01798620996209155, 'generation': 317}"
"{'id': 24644, 'rank': 1, 'fitness': 0.9820137900379085, 'generation': 318}","{'id': 24645, 'rank': 2, 'fitness': 0.9818578206929527, 'generation': 318}","{'id': 24622, 'rank': 3, 'fitness': 0.9818159942188243, 'generation': 318}","{'id': 24514, 'rank': 4, 'fitness': 0.9817656108396899, 'generation': 318}","{'id': 24607, 'rank': 5, 'fitness': 0.9817560325650085, 'generation': 318}","{'id': 24620, 'rank': 6, 'fitness': 0.9816209983472496, 'generation': 318}","{'id': 24611, 'rank': 7, 'fitness': 0.9815292881652322, 'generation': 318}","{'id': 24611, 'rank': 8, 'fitness': 0.9815292881652322, 'generation': 318}","{'id': 24523, 'rank': 9, 'fitness': 0.9814551594276011, 'generation': 318}","{'id': 24523, 'rank': 10, 'fitness': 0.9814551594276011, 'generation': 318}","{'id': 24646, 'rank': 11, 'fitness': 0.9813937815967657, 'generation': 318}","{'id': 24646, 'rank': 12, 'fitness': 0.9813937815967657, 'generation': 318}","{'id': 24621, 'rank': 13, 'fitness': 0.9813794481511022, 'generation': 318}","{'id': 24612, 'rank': 14, 'fitness': 0.9813347658315594, 'generation': 318}","{'id': 24511, 'rank': 15, 'fitness': 0.9812570124332378, 'generation': 318}","{'id': 24468, 'rank': 16, 'fitness': 0.9812229456171276, 'generation': 318}","{'id': 24604, 'rank': 17, 'fitness': 0.9810880141320903, 'generation': 318}","{'id': 24604, 'rank': 18, 'fitness': 0.9810880141320903, 'generation': 318}","{'id': 24561, 'rank': 19, 'fitness': 0.9810114064252362, 'generation': 318}","{'id': 24602, 'rank': 20, 'fitness': 0.9809704933184367, 'generation': 318}","{'id': 24648, 'rank': 21, 'fitness': 0.9807938360245397, 'generation': 318}","{'id': 24599, 'rank': 22, 'fitness': 0.9807820461631, 'generation': 318}","{'id': 24550, 'rank': 23, 'fitness': 0.9799899699717538, 'generation': 318}","{'id': 24632, 'rank': 24, 'fitness': 0.9784904450353791, 'generation': 318}","{'id': 24651, 'rank': 25, 'fitness': 0.9777519471309069, 'generation': 318}","{'id': 24544, 'rank': 26, 'fitness': 0.9774590485531598, 'generation': 318}","{'id': 24591, 'rank': 27, 'fitness': 0.973701697895847, 'generation': 318}","{'id': 24524, 'rank': 28, 'fitness': 0.9732198595416945, 'generation': 318}","{'id': 24605, 'rank': 29, 'fitness': 0.9693091556876805, 'generation': 318}","{'id': 24613, 'rank': 30, 'fitness': 0.01798620996209155, 'generation': 318}"
"{'id': 24514, 'rank': 1, 'fitness': 0.9820137900379085, 'generation': 319}","{'id': 24607, 'rank': 2, 'fitness': 0.9816146967779709, 'generation': 319}","{'id': 24661, 'rank': 3, 'fitness': 0.9811622043041449, 'generation': 319}","{'id': 24733, 'rank': 4, 'fitness': 0.9755261711177217, 'generation': 319}","{'id': 24698, 'rank': 5, 'fitness': 0.9640782205841789, 'generation': 319}","{'id': 24698, 'rank': 6, 'fitness': 0.9640782205841789, 'generation': 319}","{'id': 24697, 'rank': 7, 'fitness': 0.9608847366607879, 'generation': 319}","{'id': 24693, 'rank': 8, 'fitness': 0.9605381109994855, 'generation': 319}","{'id': 24691, 'rank': 9, 'fitness': 0.9587638836877455, 'generation': 319}","{'id': 24621, 'rank': 10, 'fitness': 0.9572141808315209, 'generation': 319}","{'id': 24712, 'rank': 11, 'fitness': 0.9501131702337687, 'generation': 319}","{'id': 24690, 'rank': 12, 'fitness': 0.9473301136390138, 'generation': 319}","{'id': 24738, 'rank': 13, 'fitness': 0.9465424705609724, 'generation': 319}","{'id': 24662, 'rank': 14, 'fitness': 0.9424208664958509, 'generation': 319}","{'id': 24678, 'rank': 15, 'fitness': 0.9346898539443759, 'generation': 319}","{'id': 24700, 'rank': 16, 'fitness': 0.92495623782145, 'generation': 319}","{'id': 24731, 'rank': 17, 'fitness': 0.9242162501686841, 'generation': 319}","{'id': 24663, 'rank': 18, 'fitness': 0.9240811709750167, 'generation': 319}","{'id': 24604, 'rank': 19, 'fitness': 0.9203005542999023, 'generation': 319}","{'id': 24654, 'rank': 20, 'fitness': 0.9173479994261162, 'generation': 319}","{'id': 24672, 'rank': 21, 'fitness': 0.9148178438993579, 'generation': 319}","{'id': 24659, 'rank': 22, 'fitness': 0.9063114454608249, 'generation': 319}","{'id': 24728, 'rank': 23, 'fitness': 0.8979222137252207, 'generation': 319}","{'id': 24688, 'rank': 24, 'fitness': 0.8862653045382625, 'generation': 319}","{'id': 24729, 'rank': 25, 'fitness': 0.8781526892487406, 'generation': 319}","{'id': 24729, 'rank': 26, 'fitness': 0.8781526892487406, 'generation': 319}","{'id': 24664, 'rank': 27, 'fitness': 0.8412810183559272, 'generation': 319}","{'id': 24683, 'rank': 28, 'fitness': 0.38693581575481795, 'generation': 319}","{'id': 24668, 'rank': 29, 'fitness': 0.05163713560779526, 'generation': 319}","{'id': 24714, 'rank': 30, 'fitness': 0.01798620996209155, 'generation': 319}"
"{'id': 24764, 'rank': 1, 'fitness': 0.9820137900379085, 'generation': 320}","{'id': 24810, 'rank': 2, 'fitness': 0.9792945918000604, 'generation': 320}","{'id': 24810, 'rank': 3, 'fitness': 0.9792945918000604, 'generation': 320}","{'id': 24765, 'rank': 4, 'fitness': 0.9770264408777706, 'generation': 320}","{'id': 24514, 'rank': 5, 'fitness': 0.9752179509866516, 'generation': 320}","{'id': 24661, 'rank': 6, 'fitness': 0.9748255013449758, 'generation': 320}","{'id': 24733, 'rank': 7, 'fitness': 0.9724806224074712, 'generation': 320}","{'id': 24809, 'rank': 8, 'fitness': 0.9699969834327511, 'generation': 320}","{'id': 24742, 'rank': 9, 'fitness': 0.9692984958821305, 'generation': 320}","{'id': 24697, 'rank': 10, 'fitness': 0.9676874450763533, 'generation': 320}","{'id': 24697, 'rank': 11, 'fitness': 0.9676874450763533, 'generation': 320}","{'id': 24697, 'rank': 12, 'fitness': 0.9676874450763533, 'generation': 320}","{'id': 24693, 'rank': 13, 'fitness': 0.967589114110444, 'generation': 320}","{'id': 24621, 'rank': 14, 'fitness': 0.9666724470030167, 'generation': 320}","{'id': 24662, 'rank': 15, 'fitness': 0.9630525430540509, 'generation': 320}","{'id': 24700, 'rank': 16, 'fitness': 0.9594425539816125, 'generation': 320}","{'id': 24663, 'rank': 17, 'fitness': 0.9592753764905048, 'generation': 320}","{'id': 24663, 'rank': 18, 'fitness': 0.9592753764905048, 'generation': 320}","{'id': 24780, 'rank': 19, 'fitness': 0.9574483752449443, 'generation': 320}","{'id': 24780, 'rank': 20, 'fitness': 0.9574483752449443, 'generation': 320}","{'id': 24750, 'rank': 21, 'fitness': 0.9534146257652922, 'generation': 320}","{'id': 24683, 'rank': 22, 'fitness': 0.8954298142922593, 'generation': 320}","{'id': 24770, 'rank': 23, 'fitness': 0.8049167816669398, 'generation': 320}","{'id': 24770, 'rank': 24, 'fitness': 0.8049167816669398, 'generation': 320}","{'id': 24668, 'rank': 25, 'fitness': 0.7874479582947536, 'generation': 320}","{'id': 24714, 'rank': 26, 'fitness': 0.7185079172909746, 'generation': 320}","{'id': 24752, 'rank': 27, 'fitness': 0.6240105384722127, 'generation': 320}","{'id': 24756, 'rank': 28, 'fitness': 0.6197492221894277, 'generation': 320}","{'id': 24781, 'rank': 29, 'fitness': 0.08688909056786098, 'generation': 320}","{'id': 24798, 'rank': 30, 'fitness': 0.01798620996209155, 'generation': 320}"
"{'id': 24764, 'rank': 1, 'fitness': 0.9820137900379085, 'generation': 321}","{'id': 24810, 'rank': 2, 'fitness': 0.979670815884087, 'generation': 321}","{'id': 24869, 'rank': 3, 'fitness': 0.977474661676325, 'generation': 321}","{'id': 24863, 'rank': 4, 'fitness': 0.9750894222862407, 'generation': 321}","{'id': 24733, 'rank': 5, 'fitness': 0.9739588744128371, 'generation': 321}","{'id': 24840, 'rank': 6, 'fitness': 0.9720689120955149, 'generation': 321}","{'id': 24840, 'rank': 7, 'fitness': 0.9720689120955149, 'generation': 321}","{'id': 24742, 'rank': 8, 'fitness': 0.9713543561126448, 'generation': 321}","{'id': 24862, 'rank': 9, 'fitness': 0.9708294695340999, 'generation': 321}","{'id': 24839, 'rank': 10, 'fitness': 0.9674885841348091, 'generation': 321}","{'id': 24877, 'rank': 11, 'fitness': 0.9640497637247836, 'generation': 321}","{'id': 24663, 'rank': 12, 'fitness': 0.9633489108243893, 'generation': 321}","{'id': 24663, 'rank': 13, 'fitness': 0.9633489108243893, 'generation': 321}","{'id': 24780, 'rank': 14, 'fitness': 0.9619167201181976, 'generation': 321}","{'id': 24780, 'rank': 15, 'fitness': 0.9619167201181976, 'generation': 321}","{'id': 24780, 'rank': 16, 'fitness': 0.9619167201181976, 'generation': 321}","{'id': 24812, 'rank': 17, 'fitness': 0.950428589138309, 'generation': 321}","{'id': 24846, 'rank': 18, 'fitness': 0.9476879940599695, 'generation': 321}","{'id': 24845, 'rank': 19, 'fitness': 0.9431956301865636, 'generation': 321}","{'id': 24817, 'rank': 20, 'fitness': 0.9411846072193627, 'generation': 321}","{'id': 24831, 'rank': 21, 'fitness': 0.9358480197817537, 'generation': 321}","{'id': 24815, 'rank': 22, 'fitness': 0.9353932228560826, 'generation': 321}","{'id': 24848, 'rank': 23, 'fitness': 0.9277259702753706, 'generation': 321}","{'id': 24829, 'rank': 24, 'fitness': 0.9244617638239443, 'generation': 321}","{'id': 24870, 'rank': 25, 'fitness': 0.923961931865092, 'generation': 321}","{'id': 24879, 'rank': 26, 'fitness': 0.893744259561959, 'generation': 321}","{'id': 24879, 'rank': 27, 'fitness': 0.893744259561959, 'generation': 321}","{'id': 24814, 'rank': 28, 'fitness': 0.8889874645650655, 'generation': 321}","{'id': 24770, 'rank': 29, 'fitness': 0.8524708358304365, 'generation': 321}","{'id': 24819, 'rank': 30, 'fitness': 0.01798620996209155, 'generation': 321}"
"{'id': 24764, 'rank': 1, 'fitness': 0.9820137900379085, 'generation': 322}","{'id': 24940, 'rank': 2, 'fitness': 0.980432180602627, 'generation': 322}","{'id': 24810, 'rank': 3, 'fitness': 0.9797325318701067, 'generation': 322}","{'id': 24917, 'rank': 4, 'fitness': 0.9777787069602639, 'generation': 322}","{'id': 24733, 'rank': 5, 'fitness': 0.9741963386854327, 'generation': 322}","{'id': 24840, 'rank': 6, 'fitness': 0.972371250682065, 'generation': 322}","{'id': 24862, 'rank': 7, 'fitness': 0.9711759448618058, 'generation': 322}","{'id': 24862, 'rank': 8, 'fitness': 0.9711759448618058, 'generation': 322}","{'id': 24910, 'rank': 9, 'fitness': 0.9679624682067356, 'generation': 322}","{'id': 24960, 'rank': 10, 'fitness': 0.9662588152741628, 'generation': 322}","{'id': 24877, 'rank': 11, 'fitness': 0.9646573314848592, 'generation': 322}","{'id': 24663, 'rank': 12, 'fitness': 0.9639851755607961, 'generation': 322}","{'id': 24663, 'rank': 13, 'fitness': 0.9639851755607961, 'generation': 322}","{'id': 24780, 'rank': 14, 'fitness': 0.9626125241214044, 'generation': 322}","{'id': 24927, 'rank': 15, 'fitness': 0.9621578186395592, 'generation': 322}","{'id': 24965, 'rank': 16, 'fitness': 0.9522912656594001, 'generation': 322}","{'id': 24898, 'rank': 17, 'fitness': 0.9446743099210158, 'generation': 322}","{'id': 24914, 'rank': 18, 'fitness': 0.9429458861983266, 'generation': 322}","{'id': 24817, 'rank': 19, 'fitness': 0.9428508994116394, 'generation': 322}","{'id': 24829, 'rank': 20, 'fitness': 0.927017167668212, 'generation': 322}","{'id': 24964, 'rank': 21, 'fitness': 0.921381032830141, 'generation': 322}","{'id': 24879, 'rank': 22, 'fitness': 0.8980797478140168, 'generation': 322}","{'id': 24879, 'rank': 23, 'fitness': 0.8980797478140168, 'generation': 322}","{'id': 24929, 'rank': 24, 'fitness': 0.8867429956722068, 'generation': 322}","{'id': 24904, 'rank': 25, 'fitness': 0.7228161196591791, 'generation': 322}","{'id': 24908, 'rank': 26, 'fitness': 0.5564602698661666, 'generation': 322}","{'id': 24952, 'rank': 27, 'fitness': 0.5396441611279091, 'generation': 322}","{'id': 24955, 'rank': 28, 'fitness': 0.349022422273671, 'generation': 322}","{'id': 24903, 'rank': 29, 'fitness': 0.12789913060749447, 'generation': 322}","{'id': 24893, 'rank': 30, 'fitness': 0.01798620996209155, 'generation': 322}"
"{'id': 24810, 'rank': 1, 'fitness': 0.9820137900379085, 'generation': 323}","{'id': 25032, 'rank': 2, 'fitness': 0.9818198058793274, 'generation': 323}","{'id': 25033, 'rank': 3, 'fitness': 0.981518062996144, 'generation': 323}","{'id': 24986, 'rank': 4, 'fitness': 0.981385176077156, 'generation': 323}","{'id': 24986, 'rank': 5, 'fitness': 0.981385176077156, 'generation': 323}","{'id': 24987, 'rank': 6, 'fitness': 0.9810826254314273, 'generation': 323}","{'id': 24910, 'rank': 7, 'fitness': 0.9808702444351903, 'generation': 323}","{'id': 25044, 'rank': 8, 'fitness': 0.9808258210009799, 'generation': 323}","{'id': 25044, 'rank': 9, 'fitness': 0.9808258210009799, 'generation': 323}","{'id': 24970, 'rank': 10, 'fitness': 0.9806207547828323, 'generation': 323}","{'id': 24663, 'rank': 11, 'fitness': 0.9805641122971052, 'generation': 323}","{'id': 24663, 'rank': 12, 'fitness': 0.9805641122971052, 'generation': 323}","{'id': 24780, 'rank': 13, 'fitness': 0.9804649724717811, 'generation': 323}","{'id': 25008, 'rank': 14, 'fitness': 0.980414852407098, 'generation': 323}","{'id': 25043, 'rank': 15, 'fitness': 0.9803822247222344, 'generation': 323}","{'id': 25042, 'rank': 16, 'fitness': 0.9800061739273118, 'generation': 323}","{'id': 24971, 'rank': 17, 'fitness': 0.9799563956989579, 'generation': 323}","{'id': 24998, 'rank': 18, 'fitness': 0.9795063804873875, 'generation': 323}","{'id': 25025, 'rank': 19, 'fitness': 0.9793313831864987, 'generation': 323}","{'id': 24914, 'rank': 20, 'fitness': 0.979297420399049, 'generation': 323}","{'id': 24968, 'rank': 21, 'fitness': 0.9788046382844415, 'generation': 323}","{'id': 24976, 'rank': 22, 'fitness': 0.9784828247582964, 'generation': 323}","{'id': 25017, 'rank': 23, 'fitness': 0.97793697229824, 'generation': 323}","{'id': 24997, 'rank': 24, 'fitness': 0.9777508057006168, 'generation': 323}","{'id': 25039, 'rank': 25, 'fitness': 0.9767265293196554, 'generation': 323}","{'id': 24904, 'rank': 26, 'fitness': 0.9736560055957872, 'generation': 323}","{'id': 25010, 'rank': 27, 'fitness': 0.9736448150541707, 'generation': 323}","{'id': 25012, 'rank': 28, 'fitness': 0.9685587840911676, 'generation': 323}","{'id': 24999, 'rank': 29, 'fitness': 0.9525593715453458, 'generation': 323}","{'id': 24972, 'rank': 30, 'fitness': 0.01798620996209155, 'generation': 323}"
"{'id': 25094, 'rank': 1, 'fitness': 0.9820137900379085, 'generation': 324}","{'id': 25032, 'rank': 2, 'fitness': 0.9758938941755779, 'generation': 324}","{'id': 25109, 'rank': 3, 'fitness': 0.9739630910379848, 'generation': 324}","{'id': 25093, 'rank': 4, 'fitness': 0.9713157766818987, 'generation': 324}","{'id': 25033, 'rank': 5, 'fitness': 0.9592967534185812, 'generation': 324}","{'id': 24986, 'rank': 6, 'fitness': 0.9490386774317964, 'generation': 324}","{'id': 24986, 'rank': 7, 'fitness': 0.9490386774317964, 'generation': 324}","{'id': 25077, 'rank': 8, 'fitness': 0.941513390486056, 'generation': 324}","{'id': 25135, 'rank': 9, 'fitness': 0.9195791624560278, 'generation': 324}","{'id': 25056, 'rank': 10, 'fitness': 0.8860469102733711, 'generation': 324}","{'id': 25056, 'rank': 11, 'fitness': 0.8860469102733711, 'generation': 324}","{'id': 25044, 'rank': 12, 'fitness': 0.87553507264196, 'generation': 324}","{'id': 25044, 'rank': 13, 'fitness': 0.87553507264196, 'generation': 324}","{'id': 25110, 'rank': 14, 'fitness': 0.8614508035733999, 'generation': 324}","{'id': 25053, 'rank': 15, 'fitness': 0.8536359531590187, 'generation': 324}","{'id': 25065, 'rank': 16, 'fitness': 0.8161864335395539, 'generation': 324}","{'id': 25097, 'rank': 17, 'fitness': 0.7924061022752278, 'generation': 324}","{'id': 25097, 'rank': 18, 'fitness': 0.7924061022752278, 'generation': 324}","{'id': 25008, 'rank': 19, 'fitness': 0.777835476049091, 'generation': 324}","{'id': 25117, 'rank': 20, 'fitness': 0.7438457944194997, 'generation': 324}","{'id': 25128, 'rank': 21, 'fitness': 0.7307730693926812, 'generation': 324}","{'id': 25063, 'rank': 22, 'fitness': 0.6779025979576787, 'generation': 324}","{'id': 25107, 'rank': 23, 'fitness': 0.4126717392676872, 'generation': 324}","{'id': 25120, 'rank': 24, 'fitness': 0.38630955261182165, 'generation': 324}","{'id': 24914, 'rank': 25, 'fitness': 0.3603494189693549, 'generation': 324}","{'id': 24914, 'rank': 26, 'fitness': 0.3603494189693549, 'generation': 324}","{'id': 25119, 'rank': 27, 'fitness': 0.20510951025728202, 'generation': 324}","{'id': 25133, 'rank': 28, 'fitness': 0.1772616162781649, 'generation': 324}","{'id': 25096, 'rank': 29, 'fitness': 0.102119965921871, 'generation': 324}","{'id': 25127, 'rank': 30, 'fitness': 0.01798620996209155, 'generation': 324}"
"{'id': 25188, 'rank': 1, 'fitness': 0.9820137900379085, 'generation': 325}","{'id': 25188, 'rank': 2, 'fitness': 0.9820137900379085, 'generation': 325}","{'id': 25094, 'rank': 3, 'fitness': 0.9816462853276435, 'generation': 325}","{'id': 25109, 'rank': 4, 'fitness': 0.9813269916032608, 'generation': 325}","{'id': 25093, 'rank': 5, 'fitness': 0.9812420284600099, 'generation': 325}","{'id': 25093, 'rank': 6, 'fitness': 0.9812420284600099, 'generation': 325}","{'id': 24986, 'rank': 7, 'fitness': 0.9807237046345387, 'generation': 325}","{'id': 25077, 'rank': 8, 'fitness': 0.980595295376744, 'generation': 325}","{'id': 25165, 'rank': 9, 'fitness': 0.9805917337310374, 'generation': 325}","{'id': 25187, 'rank': 10, 'fitness': 0.9804574670668351, 'generation': 325}","{'id': 25187, 'rank': 11, 'fitness': 0.9804574670668351, 'generation': 325}","{'id': 25056, 'rank': 12, 'fitness': 0.979941254789595, 'generation': 325}","{'id': 25044, 'rank': 13, 'fitness': 0.9798495490572223, 'generation': 325}","{'id': 25110, 'rank': 14, 'fitness': 0.9797359962849352, 'generation': 325}","{'id': 25110, 'rank': 15, 'fitness': 0.9797359962849352, 'generation': 325}","{'id': 25189, 'rank': 16, 'fitness': 0.9794954306285714, 'generation': 325}","{'id': 25008, 'rank': 17, 'fitness': 0.9791993147495276, 'generation': 325}","{'id': 25008, 'rank': 18, 'fitness': 0.9791993147495276, 'generation': 325}","{'id': 25117, 'rank': 19, 'fitness': 0.9790215375046434, 'generation': 325}","{'id': 25063, 'rank': 20, 'fitness': 0.9787120916164169, 'generation': 325}","{'id': 25120, 'rank': 21, 'fitness': 0.9775115533343512, 'generation': 325}","{'id': 24914, 'rank': 22, 'fitness': 0.977397885814746, 'generation': 325}","{'id': 25096, 'rank': 23, 'fitness': 0.9756956606914977, 'generation': 325}","{'id': 25184, 'rank': 24, 'fitness': 0.9742379930411011, 'generation': 325}","{'id': 25183, 'rank': 25, 'fitness': 0.9723405473370332, 'generation': 325}","{'id': 25185, 'rank': 26, 'fitness': 0.9676978582836977, 'generation': 325}","{'id': 25153, 'rank': 27, 'fitness': 0.9504944266423474, 'generation': 325}","{'id': 25149, 'rank': 28, 'fitness': 0.9089246780138069, 'generation': 325}","{'id': 25143, 'rank': 29, 'fitness': 0.04125285784327121, 'generation': 325}","{'id': 25144, 'rank': 30, 'fitness': 0.01798620996209155, 'generation': 325}"
"{'id': 25257, 'rank': 1, 'fitness': 0.9820137900379085, 'generation': 326}","{'id': 25232, 'rank': 2, 'fitness': 0.9774547803139061, 'generation': 326}","{'id': 25232, 'rank': 3, 'fitness': 0.9774547803139061, 'generation': 326}","{'id': 25269, 'rank': 4, 'fitness': 0.9605591639796136, 'generation': 326}","{'id': 24986, 'rank': 5, 'fitness': 0.9588924979801858, 'generation': 326}","{'id': 25077, 'rank': 6, 'fitness': 0.9539909083867436, 'generation': 326}","{'id': 25077, 'rank': 7, 'fitness': 0.9539909083867436, 'generation': 326}","{'id': 25165, 'rank': 8, 'fitness': 0.9538477953229204, 'generation': 326}","{'id': 25230, 'rank': 9, 'fitness': 0.9466244608466245, 'generation': 326}","{'id': 25233, 'rank': 10, 'fitness': 0.93243467488454, 'generation': 326}","{'id': 25201, 'rank': 11, 'fitness': 0.9290492096626104, 'generation': 326}","{'id': 25259, 'rank': 12, 'fitness': 0.9262211702058069, 'generation': 326}","{'id': 25056, 'rank': 13, 'fitness': 0.920088976597038, 'generation': 326}","{'id': 25264, 'rank': 14, 'fitness': 0.9136518869130635, 'generation': 326}","{'id': 25238, 'rank': 15, 'fitness': 0.906537320292756, 'generation': 326}","{'id': 25110, 'rank': 16, 'fitness': 0.9057499766197017, 'generation': 326}","{'id': 25110, 'rank': 17, 'fitness': 0.9057499766197017, 'generation': 326}","{'id': 25189, 'rank': 18, 'fitness': 0.886275170519492, 'generation': 326}","{'id': 25189, 'rank': 19, 'fitness': 0.886275170519492, 'generation': 326}","{'id': 25189, 'rank': 20, 'fitness': 0.886275170519492, 'generation': 326}","{'id': 25211, 'rank': 21, 'fitness': 0.8710745832100237, 'generation': 326}","{'id': 25262, 'rank': 22, 'fitness': 0.8300289450185505, 'generation': 326}","{'id': 25209, 'rank': 23, 'fitness': 0.6792748508143529, 'generation': 326}","{'id': 25237, 'rank': 24, 'fitness': 0.6357505501064646, 'generation': 326}","{'id': 25268, 'rank': 25, 'fitness': 0.539616175114178, 'generation': 326}","{'id': 25236, 'rank': 26, 'fitness': 0.5169007787356517, 'generation': 326}","{'id': 25214, 'rank': 27, 'fitness': 0.4357776401247986, 'generation': 326}","{'id': 25266, 'rank': 28, 'fitness': 0.36538080289556624, 'generation': 326}","{'id': 25213, 'rank': 29, 'fitness': 0.1811477264363427, 'generation': 326}","{'id': 25217, 'rank': 30, 'fitness': 0.01798620996209155, 'generation': 326}"
"{'id': 25277, 'rank': 1, 'fitness': 0.9820137900379085, 'generation': 327}","{'id': 25277, 'rank': 2, 'fitness': 0.9820137900379085, 'generation': 327}","{'id': 25272, 'rank': 3, 'fitness': 0.9804797029454839, 'generation': 327}","{'id': 25232, 'rank': 4, 'fitness': 0.9798453586486884, 'generation': 327}","{'id': 25232, 'rank': 5, 'fitness': 0.9798453586486884, 'generation': 327}","{'id': 25232, 'rank': 6, 'fitness': 0.9798453586486884, 'generation': 327}","{'id': 24986, 'rank': 7, 'fitness': 0.9747275951715574, 'generation': 327}","{'id': 25165, 'rank': 8, 'fitness': 0.9735897989471818, 'generation': 327}","{'id': 25270, 'rank': 9, 'fitness': 0.9725673677509294, 'generation': 327}","{'id': 25259, 'rank': 10, 'fitness': 0.9683556372700861, 'generation': 327}","{'id': 25189, 'rank': 11, 'fitness': 0.9624190485218066, 'generation': 327}","{'id': 25278, 'rank': 12, 'fitness': 0.961280897230866, 'generation': 327}","{'id': 25275, 'rank': 13, 'fitness': 0.9558016437444848, 'generation': 327}","{'id': 25275, 'rank': 14, 'fitness': 0.9558016437444848, 'generation': 327}","{'id': 25209, 'rank': 15, 'fitness': 0.9402707082963551, 'generation': 327}","{'id': 25280, 'rank': 16, 'fitness': 0.9050126499904061, 'generation': 327}","{'id': 25312, 'rank': 17, 'fitness': 0.8412118111223494, 'generation': 327}","{'id': 25314, 'rank': 18, 'fitness': 0.7364970154827379, 'generation': 327}","{'id': 25336, 'rank': 19, 'fitness': 0.4420982463099076, 'generation': 327}","{'id': 25295, 'rank': 20, 'fitness': 0.40343586282839683, 'generation': 327}","{'id': 25295, 'rank': 21, 'fitness': 0.40343586282839683, 'generation': 327}","{'id': 25309, 'rank': 22, 'fitness': 0.21611835452807188, 'generation': 327}","{'id': 25309, 'rank': 23, 'fitness': 0.21611835452807188, 'generation': 327}","{'id': 25308, 'rank': 24, 'fitness': 0.1498416278312566, 'generation': 327}","{'id': 25302, 'rank': 25, 'fitness': 0.12517469245533497, 'generation': 327}","{'id': 25337, 'rank': 26, 'fitness': 0.05281940340372382, 'generation': 327}","{'id': 25292, 'rank': 27, 'fitness': 0.04785880958459798, 'generation': 327}","{'id': 25322, 'rank': 28, 'fitness': 0.030822223098935397, 'generation': 327}","{'id': 25324, 'rank': 29, 'fitness': 0.025939212471303263, 'generation': 327}","{'id': 25300, 'rank': 30, 'fitness': 0.01798620996209155, 'generation': 327}"
"{'id': 25364, 'rank': 1, 'fitness': 0.9820137900379085, 'generation': 328}","{'id': 25277, 'rank': 2, 'fitness': 0.9819371932515117, 'generation': 328}","{'id': 25277, 'rank': 3, 'fitness': 0.9819371932515117, 'generation': 328}","{'id': 25232, 'rank': 4, 'fitness': 0.9816979950616369, 'generation': 328}","{'id': 25232, 'rank': 5, 'fitness': 0.9816979950616369, 'generation': 328}","{'id': 25359, 'rank': 6, 'fitness': 0.9816766319580981, 'generation': 328}","{'id': 25375, 'rank': 7, 'fitness': 0.9815590279193422, 'generation': 328}","{'id': 25397, 'rank': 8, 'fitness': 0.9813621805327504, 'generation': 328}","{'id': 25397, 'rank': 9, 'fitness': 0.9813621805327504, 'generation': 328}","{'id': 25363, 'rank': 10, 'fitness': 0.9810727578841233, 'generation': 328}","{'id': 25371, 'rank': 11, 'fitness': 0.9806817896433029, 'generation': 328}","{'id': 25371, 'rank': 12, 'fitness': 0.9806817896433029, 'generation': 328}","{'id': 25371, 'rank': 13, 'fitness': 0.9806817896433029, 'generation': 328}","{'id': 25374, 'rank': 14, 'fitness': 0.9801837412524608, 'generation': 328}","{'id': 25406, 'rank': 15, 'fitness': 0.9801810336525101, 'generation': 328}","{'id': 25360, 'rank': 16, 'fitness': 0.9801775007510279, 'generation': 328}","{'id': 25209, 'rank': 17, 'fitness': 0.9792057593916783, 'generation': 328}","{'id': 25379, 'rank': 18, 'fitness': 0.9784820783938863, 'generation': 328}","{'id': 25379, 'rank': 19, 'fitness': 0.9784820783938863, 'generation': 328}","{'id': 25378, 'rank': 20, 'fitness': 0.9780675650530226, 'generation': 328}","{'id': 25419, 'rank': 21, 'fitness': 0.9774890613844138, 'generation': 328}","{'id': 25388, 'rank': 22, 'fitness': 0.976599572457479, 'generation': 328}","{'id': 25388, 'rank': 23, 'fitness': 0.976599572457479, 'generation': 328}","{'id': 25382, 'rank': 24, 'fitness': 0.9734009705735787, 'generation': 328}","{'id': 25309, 'rank': 25, 'fitness': 0.9672327401799662, 'generation': 328}","{'id': 25302, 'rank': 26, 'fitness': 0.9647455842009502, 'generation': 328}","{'id': 25337, 'rank': 27, 'fitness': 0.9608517784692645, 'generation': 328}","{'id': 25337, 'rank': 28, 'fitness': 0.9608517784692645, 'generation': 328}","{'id': 25414, 'rank': 29, 'fitness': 0.941553425779955, 'generation': 328}","{'id': 25401, 'rank': 30, 'fitness': 0.01798620996209155, 'generation': 328}"
"{'id': 25432, 'rank': 1, 'fitness': 0.9820137900379085, 'generation': 329}","{'id': 25277, 'rank': 2, 'fitness': 0.9758119235846063, 'generation': 329}","{'id': 25433, 'rank': 3, 'fitness': 0.9754098399059313, 'generation': 329}","{'id': 25422, 'rank': 4, 'fitness': 0.9724721440899158, 'generation': 329}","{'id': 25232, 'rank': 5, 'fitness': 0.9718545066736661, 'generation': 329}","{'id': 25456, 'rank': 6, 'fitness': 0.9666887002463311, 'generation': 329}","{'id': 25456, 'rank': 7, 'fitness': 0.9666887002463311, 'generation': 329}","{'id': 25425, 'rank': 8, 'fitness': 0.9663660304905963, 'generation': 329}","{'id': 25501, 'rank': 9, 'fitness': 0.9614737838481267, 'generation': 329}","{'id': 25455, 'rank': 10, 'fitness': 0.9578495624148597, 'generation': 329}","{'id': 25465, 'rank': 11, 'fitness': 0.9556386744698045, 'generation': 329}","{'id': 25466, 'rank': 12, 'fitness': 0.9545211938554898, 'generation': 329}","{'id': 25446, 'rank': 13, 'fitness': 0.951164695281556, 'generation': 329}","{'id': 25486, 'rank': 14, 'fitness': 0.948945325421582, 'generation': 329}","{'id': 25371, 'rank': 15, 'fitness': 0.9479606973706762, 'generation': 329}","{'id': 25498, 'rank': 16, 'fitness': 0.9455143698880868, 'generation': 329}","{'id': 25502, 'rank': 17, 'fitness': 0.9448723033727516, 'generation': 329}","{'id': 25514, 'rank': 18, 'fitness': 0.9396132591237629, 'generation': 329}","{'id': 25451, 'rank': 19, 'fitness': 0.9307871651560343, 'generation': 329}","{'id': 25517, 'rank': 20, 'fitness': 0.919455242820371, 'generation': 329}","{'id': 25490, 'rank': 21, 'fitness': 0.9126473251318001, 'generation': 329}","{'id': 25490, 'rank': 22, 'fitness': 0.9126473251318001, 'generation': 329}","{'id': 25427, 'rank': 23, 'fitness': 0.9063914136100624, 'generation': 329}","{'id': 25473, 'rank': 24, 'fitness': 0.8936814141477549, 'generation': 329}","{'id': 25209, 'rank': 25, 'fitness': 0.8838971603454171, 'generation': 329}","{'id': 25463, 'rank': 26, 'fitness': 0.8477644321617929, 'generation': 329}","{'id': 25462, 'rank': 27, 'fitness': 0.7875053025074039, 'generation': 329}","{'id': 25495, 'rank': 28, 'fitness': 0.6834294994265037, 'generation': 329}","{'id': 25439, 'rank': 29, 'fitness': 0.16888927197090653, 'generation': 329}","{'id': 25471, 'rank': 30, 'fitness': 0.01798620996209155, 'generation': 329}"
"{'id': 25432, 'rank': 1, 'fitness': 0.9820137900379085, 'generation': 330}","{'id': 25588, 'rank': 2, 'fitness': 0.974569769568219, 'generation': 330}","{'id': 25232, 'rank': 3, 'fitness': 0.9637293406170712, 'generation': 330}","{'id': 25525, 'rank': 4, 'fitness': 0.9609346898044762, 'generation': 330}","{'id': 25525, 'rank': 5, 'fitness': 0.9609346898044762, 'generation': 330}","{'id': 25456, 'rank': 6, 'fitness': 0.9528691578557472, 'generation': 330}","{'id': 25573, 'rank': 7, 'fitness': 0.9523737382554012, 'generation': 330}","{'id': 25455, 'rank': 8, 'fitness': 0.9322751864498282, 'generation': 330}","{'id': 25465, 'rank': 9, 'fitness': 0.9267757293376486, 'generation': 330}","{'id': 25446, 'rank': 10, 'fitness': 0.9152719968925968, 'generation': 330}","{'id': 25446, 'rank': 11, 'fitness': 0.9152719968925968, 'generation': 330}","{'id': 25486, 'rank': 12, 'fitness': 0.9093928344498193, 'generation': 330}","{'id': 25498, 'rank': 13, 'fitness': 0.9000982322398995, 'generation': 330}","{'id': 25517, 'rank': 14, 'fitness': 0.8234621630076014, 'generation': 330}","{'id': 25517, 'rank': 15, 'fitness': 0.8234621630076014, 'generation': 330}","{'id': 25490, 'rank': 16, 'fitness': 0.8023042138533509, 'generation': 330}","{'id': 25427, 'rank': 17, 'fitness': 0.7826579314222688, 'generation': 330}","{'id': 25427, 'rank': 18, 'fitness': 0.7826579314222688, 'generation': 330}","{'id': 25547, 'rank': 19, 'fitness': 0.7696270143365506, 'generation': 330}","{'id': 25209, 'rank': 20, 'fitness': 0.7116094994286594, 'generation': 330}","{'id': 25542, 'rank': 21, 'fitness': 0.6892632931730986, 'generation': 330}","{'id': 25556, 'rank': 22, 'fitness': 0.682556599225675, 'generation': 330}","{'id': 25463, 'rank': 23, 'fitness': 0.6014969888626499, 'generation': 330}","{'id': 25521, 'rank': 24, 'fitness': 0.4887959200848482, 'generation': 330}","{'id': 25462, 'rank': 25, 'fitness': 0.44314961445995416, 'generation': 330}","{'id': 25538, 'rank': 26, 'fitness': 0.43984107803020017, 'generation': 330}","{'id': 25538, 'rank': 27, 'fitness': 0.43984107803020017, 'generation': 330}","{'id': 25519, 'rank': 28, 'fitness': 0.36045271814151264, 'generation': 330}","{'id': 25575, 'rank': 29, 'fitness': 0.019802138522879376, 'generation': 330}","{'id': 25563, 'rank': 30, 'fitness': 0.01798620996209155, 'generation': 330}"
"{'id': 25626, 'rank': 1, 'fitness': 0.9820137900379085, 'generation': 331}","{'id': 25232, 'rank': 2, 'fitness': 0.9819273544353369, 'generation': 331}","{'id': 25446, 'rank': 3, 'fitness': 0.9817471588358546, 'generation': 331}","{'id': 25446, 'rank': 4, 'fitness': 0.9817471588358546, 'generation': 331}","{'id': 25625, 'rank': 5, 'fitness': 0.9817129911440299, 'generation': 331}","{'id': 25498, 'rank': 6, 'fitness': 0.9817106157231645, 'generation': 331}","{'id': 25517, 'rank': 7, 'fitness': 0.9815774330987684, 'generation': 331}","{'id': 25490, 'rank': 8, 'fitness': 0.9815491460838028, 'generation': 331}","{'id': 25490, 'rank': 9, 'fitness': 0.9815491460838028, 'generation': 331}","{'id': 25547, 'rank': 10, 'fitness': 0.9815095462923522, 'generation': 331}","{'id': 25547, 'rank': 11, 'fitness': 0.9815095462923522, 'generation': 331}","{'id': 25542, 'rank': 12, 'fitness': 0.981425916687557, 'generation': 331}","{'id': 25519, 'rank': 13, 'fitness': 0.9811434280806404, 'generation': 331}","{'id': 25603, 'rank': 14, 'fitness': 0.9810864025184763, 'generation': 331}","{'id': 25604, 'rank': 15, 'fitness': 0.9809724205381372, 'generation': 331}","{'id': 25602, 'rank': 16, 'fitness': 0.9807597684105155, 'generation': 331}","{'id': 25575, 'rank': 17, 'fitness': 0.9804394611525097, 'generation': 331}","{'id': 25624, 'rank': 18, 'fitness': 0.9782844433783204, 'generation': 331}","{'id': 25614, 'rank': 19, 'fitness': 0.9768642102524879, 'generation': 331}","{'id': 25641, 'rank': 20, 'fitness': 0.975421822800075, 'generation': 331}","{'id': 25641, 'rank': 21, 'fitness': 0.975421822800075, 'generation': 331}","{'id': 25656, 'rank': 22, 'fitness': 0.9711931617692688, 'generation': 331}","{'id': 25645, 'rank': 23, 'fitness': 0.9659040399422332, 'generation': 331}","{'id': 25645, 'rank': 24, 'fitness': 0.9659040399422332, 'generation': 331}","{'id': 25658, 'rank': 25, 'fitness': 0.9618222380278884, 'generation': 331}","{'id': 25610, 'rank': 26, 'fitness': 0.9534588128310812, 'generation': 331}","{'id': 25609, 'rank': 27, 'fitness': 0.9353639817991903, 'generation': 331}","{'id': 25598, 'rank': 28, 'fitness': 0.9049869697869168, 'generation': 331}","{'id': 25590, 'rank': 29, 'fitness': 0.16490923761898274, 'generation': 331}","{'id': 25651, 'rank': 30, 'fitness': 0.01798620996209155, 'generation': 331}"
"{'id': 25717, 'rank': 1, 'fitness': 0.9820137900379085, 'generation': 332}","{'id': 25446, 'rank': 2, 'fitness': 0.9818054499446311, 'generation': 332}","{'id': 25446, 'rank': 3, 'fitness': 0.9818054499446311, 'generation': 332}","{'id': 25710, 'rank': 4, 'fitness': 0.9804639591137283, 'generation': 332}","{'id': 25517, 'rank': 5, 'fitness': 0.9799439531465299, 'generation': 332}","{'id': 25490, 'rank': 6, 'fitness': 0.9796178155507926, 'generation': 332}","{'id': 25742, 'rank': 7, 'fitness': 0.9786567215234576, 'generation': 332}","{'id': 25735, 'rank': 8, 'fitness': 0.9783944365682565, 'generation': 332}","{'id': 25735, 'rank': 9, 'fitness': 0.9783944365682565, 'generation': 332}","{'id': 25542, 'rank': 10, 'fitness': 0.9781415768329607, 'generation': 332}","{'id': 25692, 'rank': 11, 'fitness': 0.9780767144535886, 'generation': 332}","{'id': 25748, 'rank': 12, 'fitness': 0.9770152423205604, 'generation': 332}","{'id': 25671, 'rank': 13, 'fitness': 0.9764320278350633, 'generation': 332}","{'id': 25671, 'rank': 14, 'fitness': 0.9764320278350633, 'generation': 332}","{'id': 25519, 'rank': 15, 'fitness': 0.9743956454152773, 'generation': 332}","{'id': 25603, 'rank': 16, 'fitness': 0.973574338102646, 'generation': 332}","{'id': 25603, 'rank': 17, 'fitness': 0.973574338102646, 'generation': 332}","{'id': 25716, 'rank': 18, 'fitness': 0.9709357800753349, 'generation': 332}","{'id': 25732, 'rank': 19, 'fitness': 0.9699955628609245, 'generation': 332}","{'id': 25733, 'rank': 20, 'fitness': 0.9672214251016632, 'generation': 332}","{'id': 25722, 'rank': 21, 'fitness': 0.8770406265160104, 'generation': 332}","{'id': 25667, 'rank': 22, 'fitness': 0.8083752183178421, 'generation': 332}","{'id': 25641, 'rank': 23, 'fitness': 0.6870481792074883, 'generation': 332}","{'id': 25641, 'rank': 24, 'fitness': 0.6870481792074883, 'generation': 332}","{'id': 25682, 'rank': 25, 'fitness': 0.6600501653553459, 'generation': 332}","{'id': 25684, 'rank': 26, 'fitness': 0.3024524444201868, 'generation': 332}","{'id': 25684, 'rank': 27, 'fitness': 0.3024524444201868, 'generation': 332}","{'id': 25656, 'rank': 28, 'fitness': 0.2826229759965718, 'generation': 332}","{'id': 25694, 'rank': 29, 'fitness': 0.02462910158998699, 'generation': 332}","{'id': 25658, 'rank': 30, 'fitness': 0.01798620996209155, 'generation': 332}"
"{'id': 25717, 'rank': 1, 'fitness': 0.9820137900379085, 'generation': 333}","{'id': 25717, 'rank': 2, 'fitness': 0.9820137900379085, 'generation': 333}","{'id': 25446, 'rank': 3, 'fitness': 0.9818130829269105, 'generation': 333}","{'id': 25779, 'rank': 4, 'fitness': 0.9809540290108869, 'generation': 333}","{'id': 25810, 'rank': 5, 'fitness': 0.9807456567378388, 'generation': 333}","{'id': 25806, 'rank': 6, 'fitness': 0.9802826132558193, 'generation': 333}","{'id': 25806, 'rank': 7, 'fitness': 0.9802826132558193, 'generation': 333}","{'id': 25490, 'rank': 8, 'fitness': 0.9797103714905624, 'generation': 333}","{'id': 25803, 'rank': 9, 'fitness': 0.9794999522364664, 'generation': 333}","{'id': 25800, 'rank': 10, 'fitness': 0.979382373887697, 'generation': 333}","{'id': 25809, 'rank': 11, 'fitness': 0.9786026051965553, 'generation': 333}","{'id': 25809, 'rank': 12, 'fitness': 0.9786026051965553, 'generation': 333}","{'id': 25764, 'rank': 13, 'fitness': 0.9785512782882839, 'generation': 333}","{'id': 25735, 'rank': 14, 'fitness': 0.9785380359282907, 'generation': 333}","{'id': 25757, 'rank': 15, 'fitness': 0.9783741161348853, 'generation': 333}","{'id': 25805, 'rank': 16, 'fitness': 0.978186482640447, 'generation': 333}","{'id': 25778, 'rank': 17, 'fitness': 0.9781325921482724, 'generation': 333}","{'id': 25778, 'rank': 18, 'fitness': 0.9781325921482724, 'generation': 333}","{'id': 25748, 'rank': 19, 'fitness': 0.9772191917424641, 'generation': 333}","{'id': 25766, 'rank': 20, 'fitness': 0.9760837693403599, 'generation': 333}","{'id': 25802, 'rank': 21, 'fitness': 0.9760679638939309, 'generation': 333}","{'id': 25802, 'rank': 22, 'fitness': 0.9760679638939309, 'generation': 333}","{'id': 25818, 'rank': 23, 'fitness': 0.9755128977279115, 'generation': 333}","{'id': 25763, 'rank': 24, 'fitness': 0.9747604322316978, 'generation': 333}","{'id': 25788, 'rank': 25, 'fitness': 0.9727664290393455, 'generation': 333}","{'id': 25788, 'rank': 26, 'fitness': 0.9727664290393455, 'generation': 333}","{'id': 25787, 'rank': 27, 'fitness': 0.9723418436733706, 'generation': 333}","{'id': 25716, 'rank': 28, 'fitness': 0.9714366799457106, 'generation': 333}","{'id': 25682, 'rank': 29, 'fitness': 0.6867768713825437, 'generation': 333}","{'id': 25814, 'rank': 30, 'fitness': 0.01798620996209155, 'generation': 333}"
"{'id': 25851, 'rank': 1, 'fitness': 0.9820137900379085, 'generation': 334}","{'id': 25446, 'rank': 2, 'fitness': 0.963101742195316, 'generation': 334}","{'id': 25880, 'rank': 3, 'fitness': 0.9613604523268853, 'generation': 334}","{'id': 25779, 'rank': 4, 'fitness': 0.9257280072367111, 'generation': 334}","{'id': 25879, 'rank': 5, 'fitness': 0.9184816208343023, 'generation': 334}","{'id': 25882, 'rank': 6, 'fitness': 0.8246741581408582, 'generation': 334}","{'id': 25490, 'rank': 7, 'fitness': 0.8188740342028235, 'generation': 334}","{'id': 25490, 'rank': 8, 'fitness': 0.8188740342028235, 'generation': 334}","{'id': 25828, 'rank': 9, 'fitness': 0.8045517183516806, 'generation': 334}","{'id': 25859, 'rank': 10, 'fitness': 0.7954908884525945, 'generation': 334}","{'id': 25878, 'rank': 11, 'fitness': 0.7913877605266428, 'generation': 334}","{'id': 25830, 'rank': 12, 'fitness': 0.7502180961235749, 'generation': 334}","{'id': 25843, 'rank': 13, 'fitness': 0.7142958006424734, 'generation': 334}","{'id': 25809, 'rank': 14, 'fitness': 0.6582371872873367, 'generation': 334}","{'id': 25764, 'rank': 15, 'fitness': 0.6495286414964477, 'generation': 334}","{'id': 25905, 'rank': 16, 'fitness': 0.6056065398740975, 'generation': 334}","{'id': 25778, 'rank': 17, 'fitness': 0.5760052822990862, 'generation': 334}","{'id': 25883, 'rank': 18, 'fitness': 0.437159715682072, 'generation': 334}","{'id': 25832, 'rank': 19, 'fitness': 0.4310012830381373, 'generation': 334}","{'id': 25832, 'rank': 20, 'fitness': 0.4310012830381373, 'generation': 334}","{'id': 25887, 'rank': 21, 'fitness': 0.34426499578217346, 'generation': 334}","{'id': 25902, 'rank': 22, 'fitness': 0.2735704553357237, 'generation': 334}","{'id': 25802, 'rank': 23, 'fitness': 0.2414370057231927, 'generation': 334}","{'id': 25802, 'rank': 24, 'fitness': 0.2414370057231927, 'generation': 334}","{'id': 25892, 'rank': 25, 'fitness': 0.23948539522287393, 'generation': 334}","{'id': 25866, 'rank': 26, 'fitness': 0.12100612717989301, 'generation': 334}","{'id': 25896, 'rank': 27, 'fitness': 0.10671047922068916, 'generation': 334}","{'id': 25873, 'rank': 28, 'fitness': 0.07493735111704003, 'generation': 334}","{'id': 25885, 'rank': 29, 'fitness': 0.06241670144664235, 'generation': 334}","{'id': 25716, 'rank': 30, 'fitness': 0.01798620996209155, 'generation': 334}"
"{'id': 25851, 'rank': 1, 'fitness': 0.9820137900379085, 'generation': 335}","{'id': 25851, 'rank': 2, 'fitness': 0.9820137900379085, 'generation': 335}","{'id': 25880, 'rank': 3, 'fitness': 0.9817981248659342, 'generation': 335}","{'id': 25937, 'rank': 4, 'fitness': 0.9817707560363286, 'generation': 335}","{'id': 25937, 'rank': 5, 'fitness': 0.9817707560363286, 'generation': 335}","{'id': 25937, 'rank': 6, 'fitness': 0.9817707560363286, 'generation': 335}","{'id': 25925, 'rank': 7, 'fitness': 0.9817229181450802, 'generation': 335}","{'id': 25938, 'rank': 8, 'fitness': 0.9816076935435996, 'generation': 335}","{'id': 25779, 'rank': 9, 'fitness': 0.9816063499870393, 'generation': 335}","{'id': 25779, 'rank': 10, 'fitness': 0.9816063499870393, 'generation': 335}","{'id': 25490, 'rank': 11, 'fitness': 0.9813214011335465, 'generation': 335}","{'id': 25490, 'rank': 12, 'fitness': 0.9813214011335465, 'generation': 335}","{'id': 25490, 'rank': 13, 'fitness': 0.9813214011335465, 'generation': 335}","{'id': 25859, 'rank': 14, 'fitness': 0.9812787766127147, 'generation': 335}","{'id': 25830, 'rank': 15, 'fitness': 0.9812052678793605, 'generation': 335}","{'id': 25929, 'rank': 16, 'fitness': 0.9810522174089316, 'generation': 335}","{'id': 25832, 'rank': 17, 'fitness': 0.9808088516528228, 'generation': 335}","{'id': 25832, 'rank': 18, 'fitness': 0.9808088516528228, 'generation': 335}","{'id': 25802, 'rank': 19, 'fitness': 0.9805551484947481, 'generation': 335}","{'id': 25896, 'rank': 20, 'fitness': 0.980264444634174, 'generation': 335}","{'id': 25920, 'rank': 21, 'fitness': 0.9755722287228612, 'generation': 335}","{'id': 25945, 'rank': 22, 'fitness': 0.9689627724617638, 'generation': 335}","{'id': 25945, 'rank': 23, 'fitness': 0.9689627724617638, 'generation': 335}","{'id': 25945, 'rank': 24, 'fitness': 0.9689627724617638, 'generation': 335}","{'id': 25973, 'rank': 25, 'fitness': 0.9028324229568435, 'generation': 335}","{'id': 25910, 'rank': 26, 'fitness': 0.8935664278893656, 'generation': 335}","{'id': 25952, 'rank': 27, 'fitness': 0.8782210295401842, 'generation': 335}","{'id': 25926, 'rank': 28, 'fitness': 0.8656749003391171, 'generation': 335}","{'id': 25958, 'rank': 29, 'fitness': 0.28788867847305233, 'generation': 335}","{'id': 25968, 'rank': 30, 'fitness': 0.01798620996209155, 'generation': 335}"
"{'id': 26006, 'rank': 1, 'fitness': 0.9820137900379085, 'generation': 336}","{'id': 26006, 'rank': 2, 'fitness': 0.9820137900379085, 'generation': 336}","{'id': 26016, 'rank': 3, 'fitness': 0.9818172708357813, 'generation': 336}","{'id': 25851, 'rank': 4, 'fitness': 0.9815757370822884, 'generation': 336}","{'id': 25988, 'rank': 5, 'fitness': 0.9814681682586768, 'generation': 336}","{'id': 26056, 'rank': 6, 'fitness': 0.9808819292641131, 'generation': 336}","{'id': 25937, 'rank': 7, 'fitness': 0.9808006888522143, 'generation': 336}","{'id': 25979, 'rank': 8, 'fitness': 0.9807306618544623, 'generation': 336}","{'id': 25779, 'rank': 9, 'fitness': 0.9802643615104876, 'generation': 336}","{'id': 26057, 'rank': 10, 'fitness': 0.9798016768395859, 'generation': 336}","{'id': 26062, 'rank': 11, 'fitness': 0.9794197566330566, 'generation': 336}","{'id': 26062, 'rank': 12, 'fitness': 0.9794197566330566, 'generation': 336}","{'id': 25490, 'rank': 13, 'fitness': 0.9793115509959667, 'generation': 336}","{'id': 25859, 'rank': 14, 'fitness': 0.9791664687288374, 'generation': 336}","{'id': 25999, 'rank': 15, 'fitness': 0.9790232041155499, 'generation': 336}","{'id': 26049, 'rank': 16, 'fitness': 0.9789686409112701, 'generation': 336}","{'id': 26049, 'rank': 17, 'fitness': 0.9789686409112701, 'generation': 336}","{'id': 25830, 'rank': 18, 'fitness': 0.9789146934240346, 'generation': 336}","{'id': 26058, 'rank': 19, 'fitness': 0.9788879672239796, 'generation': 336}","{'id': 26020, 'rank': 20, 'fitness': 0.9783581838376487, 'generation': 336}","{'id': 26022, 'rank': 21, 'fitness': 0.9781360539914392, 'generation': 336}","{'id': 26009, 'rank': 22, 'fitness': 0.9781230341037146, 'generation': 336}","{'id': 26030, 'rank': 23, 'fitness': 0.9780139823940819, 'generation': 336}","{'id': 26059, 'rank': 24, 'fitness': 0.977694275464843, 'generation': 336}","{'id': 25832, 'rank': 25, 'fitness': 0.9775223643051216, 'generation': 336}","{'id': 25998, 'rank': 26, 'fitness': 0.9768889148507915, 'generation': 336}","{'id': 26021, 'rank': 27, 'fitness': 0.9756876280027581, 'generation': 336}","{'id': 25993, 'rank': 28, 'fitness': 0.9114697985379685, 'generation': 336}","{'id': 25973, 'rank': 29, 'fitness': 0.18767135592896772, 'generation': 336}","{'id': 26068, 'rank': 30, 'fitness': 0.01798620996209155, 'generation': 336}"
"{'id': 26117, 'rank': 1, 'fitness': 0.9820137900379085, 'generation': 337}","{'id': 26117, 'rank': 2, 'fitness': 0.9820137900379085, 'generation': 337}","{'id': 26016, 'rank': 3, 'fitness': 0.9775170802183101, 'generation': 337}","{'id': 25851, 'rank': 4, 'fitness': 0.9697729983511942, 'generation': 337}","{'id': 25988, 'rank': 5, 'fitness': 0.9655844066318456, 'generation': 337}","{'id': 26094, 'rank': 6, 'fitness': 0.9596255610173097, 'generation': 337}","{'id': 26098, 'rank': 7, 'fitness': 0.955624862822877, 'generation': 337}","{'id': 26099, 'rank': 8, 'fitness': 0.9338927435154446, 'generation': 337}","{'id': 26112, 'rank': 9, 'fitness': 0.9301879990330025, 'generation': 337}","{'id': 25779, 'rank': 10, 'fitness': 0.8680092338058439, 'generation': 337}","{'id': 25779, 'rank': 11, 'fitness': 0.8680092338058439, 'generation': 337}","{'id': 26118, 'rank': 12, 'fitness': 0.8488736520010404, 'generation': 337}","{'id': 26075, 'rank': 13, 'fitness': 0.7935753058022315, 'generation': 337}","{'id': 26119, 'rank': 14, 'fitness': 0.7168670546282374, 'generation': 337}","{'id': 26102, 'rank': 15, 'fitness': 0.6444884342707025, 'generation': 337}","{'id': 26049, 'rank': 16, 'fitness': 0.6024801168529376, 'generation': 337}","{'id': 26143, 'rank': 17, 'fitness': 0.550777177654432, 'generation': 337}","{'id': 26073, 'rank': 18, 'fitness': 0.45716930588953036, 'generation': 337}","{'id': 26123, 'rank': 19, 'fitness': 0.38302918357567695, 'generation': 337}","{'id': 26123, 'rank': 20, 'fitness': 0.38302918357567695, 'generation': 337}","{'id': 26009, 'rank': 21, 'fitness': 0.378712012925322, 'generation': 337}","{'id': 26121, 'rank': 22, 'fitness': 0.33244307479860624, 'generation': 337}","{'id': 26129, 'rank': 23, 'fitness': 0.2683692333850738, 'generation': 337}","{'id': 26129, 'rank': 24, 'fitness': 0.2683692333850738, 'generation': 337}","{'id': 26129, 'rank': 25, 'fitness': 0.2683692333850738, 'generation': 337}","{'id': 26129, 'rank': 26, 'fitness': 0.2683692333850738, 'generation': 337}","{'id': 26131, 'rank': 27, 'fitness': 0.22314212305105885, 'generation': 337}","{'id': 26126, 'rank': 28, 'fitness': 0.21340294352031947, 'generation': 337}","{'id': 26126, 'rank': 29, 'fitness': 0.21340294352031947, 'generation': 337}","{'id': 26130, 'rank': 30, 'fitness': 0.01798620996209155, 'generation': 337}"
"{'id': 26117, 'rank': 1, 'fitness': 0.9820137900379085, 'generation': 338}","{'id': 26156, 'rank': 2, 'fitness': 0.9820083031317313, 'generation': 338}","{'id': 25988, 'rank': 3, 'fitness': 0.9819434593744882, 'generation': 338}","{'id': 26094, 'rank': 4, 'fitness': 0.9819258945938802, 'generation': 338}","{'id': 26098, 'rank': 5, 'fitness': 0.9819154395050169, 'generation': 338}","{'id': 26098, 'rank': 6, 'fitness': 0.9819154395050169, 'generation': 338}","{'id': 26112, 'rank': 7, 'fitness': 0.9818644776194242, 'generation': 338}","{'id': 26112, 'rank': 8, 'fitness': 0.9818644776194242, 'generation': 338}","{'id': 26204, 'rank': 9, 'fitness': 0.9818053915698401, 'generation': 338}","{'id': 25779, 'rank': 10, 'fitness': 0.9817892697022783, 'generation': 338}","{'id': 25779, 'rank': 11, 'fitness': 0.9817892697022783, 'generation': 338}","{'id': 25779, 'rank': 12, 'fitness': 0.9817892697022783, 'generation': 338}","{'id': 26203, 'rank': 13, 'fitness': 0.9817345358341953, 'generation': 338}","{'id': 26203, 'rank': 14, 'fitness': 0.9817345358341953, 'generation': 338}","{'id': 26175, 'rank': 15, 'fitness': 0.9816984858727928, 'generation': 338}","{'id': 26102, 'rank': 16, 'fitness': 0.9816512340145775, 'generation': 338}","{'id': 26123, 'rank': 17, 'fitness': 0.9815356583647235, 'generation': 338}","{'id': 26009, 'rank': 18, 'fitness': 0.9815336775965342, 'generation': 338}","{'id': 26129, 'rank': 19, 'fitness': 0.9814786450682874, 'generation': 338}","{'id': 26129, 'rank': 20, 'fitness': 0.9814786450682874, 'generation': 338}","{'id': 26126, 'rank': 21, 'fitness': 0.9814458868819578, 'generation': 338}","{'id': 26167, 'rank': 22, 'fitness': 0.9813562145267642, 'generation': 338}","{'id': 26154, 'rank': 23, 'fitness': 0.9812230387400194, 'generation': 338}","{'id': 26183, 'rank': 24, 'fitness': 0.9618779777627677, 'generation': 338}","{'id': 26186, 'rank': 25, 'fitness': 0.28250999606607785, 'generation': 338}","{'id': 26186, 'rank': 26, 'fitness': 0.28250999606607785, 'generation': 338}","{'id': 26178, 'rank': 27, 'fitness': 0.1373557661024497, 'generation': 338}","{'id': 26179, 'rank': 28, 'fitness': 0.11779283626286485, 'generation': 338}","{'id': 26193, 'rank': 29, 'fitness': 0.024231141360011643, 'generation': 338}","{'id': 26159, 'rank': 30, 'fitness': 0.01798620996209155, 'generation': 338}"
"{'id': 26278, 'rank': 1, 'fitness': 0.9820137900379085, 'generation': 339}","{'id': 26208, 'rank': 2, 'fitness': 0.9819435672342192, 'generation': 339}","{'id': 26208, 'rank': 3, 'fitness': 0.9819435672342192, 'generation': 339}","{'id': 26094, 'rank': 4, 'fitness': 0.9814429132214673, 'generation': 339}","{'id': 26094, 'rank': 5, 'fitness': 0.9814429132214673, 'generation': 339}","{'id': 26098, 'rank': 6, 'fitness': 0.9813401165793055, 'generation': 339}","{'id': 26231, 'rank': 7, 'fitness': 0.9813206631903824, 'generation': 339}","{'id': 26266, 'rank': 8, 'fitness': 0.9810103573499969, 'generation': 339}","{'id': 26112, 'rank': 9, 'fitness': 0.9808318560377269, 'generation': 339}","{'id': 26112, 'rank': 10, 'fitness': 0.9808318560377269, 'generation': 339}","{'id': 26112, 'rank': 11, 'fitness': 0.9808318560377269, 'generation': 339}","{'id': 26277, 'rank': 12, 'fitness': 0.9806656684400314, 'generation': 339}","{'id': 26277, 'rank': 13, 'fitness': 0.9806656684400314, 'generation': 339}","{'id': 26250, 'rank': 14, 'fitness': 0.980333021549497, 'generation': 339}","{'id': 26251, 'rank': 15, 'fitness': 0.9803063032560198, 'generation': 339}","{'id': 26204, 'rank': 16, 'fitness': 0.9802273947902891, 'generation': 339}","{'id': 26207, 'rank': 17, 'fitness': 0.9795972032923583, 'generation': 339}","{'id': 26254, 'rank': 18, 'fitness': 0.9794089467608346, 'generation': 339}","{'id': 26269, 'rank': 19, 'fitness': 0.9785217675702558, 'generation': 339}","{'id': 26223, 'rank': 20, 'fitness': 0.9783022148091279, 'generation': 339}","{'id': 26241, 'rank': 21, 'fitness': 0.9780606952498365, 'generation': 339}","{'id': 26241, 'rank': 22, 'fitness': 0.9780606952498365, 'generation': 339}","{'id': 26280, 'rank': 23, 'fitness': 0.977810631558788, 'generation': 339}","{'id': 26220, 'rank': 24, 'fitness': 0.9769904638851064, 'generation': 339}","{'id': 26281, 'rank': 25, 'fitness': 0.9767361104885461, 'generation': 339}","{'id': 26129, 'rank': 26, 'fitness': 0.976573584485844, 'generation': 339}","{'id': 26237, 'rank': 27, 'fitness': 0.9759382863463846, 'generation': 339}","{'id': 26210, 'rank': 28, 'fitness': 0.9705980862285923, 'generation': 339}","{'id': 26235, 'rank': 29, 'fitness': 0.024712589822836417, 'generation': 339}","{'id': 26234, 'rank': 30, 'fitness': 0.01798620996209155, 'generation': 339}"
"{'id': 26352, 'rank': 1, 'fitness': 0.9820137900379085, 'generation': 340}","{'id': 26352, 'rank': 2, 'fitness': 0.9820137900379085, 'generation': 340}","{'id': 26208, 'rank': 3, 'fitness': 0.9633632925196525, 'generation': 340}","{'id': 26208, 'rank': 4, 'fitness': 0.9633632925196525, 'generation': 340}","{'id': 26326, 'rank': 5, 'fitness': 0.9591997742823786, 'generation': 340}","{'id': 26094, 'rank': 6, 'fitness': 0.9456877200899452, 'generation': 340}","{'id': 26098, 'rank': 7, 'fitness': 0.941247653592694, 'generation': 340}","{'id': 26329, 'rank': 8, 'fitness': 0.9388531786844492, 'generation': 340}","{'id': 26344, 'rank': 9, 'fitness': 0.9355727351519174, 'generation': 340}","{'id': 26266, 'rank': 10, 'fitness': 0.9248194772387834, 'generation': 340}","{'id': 26112, 'rank': 11, 'fitness': 0.9143998062661051, 'generation': 340}","{'id': 26112, 'rank': 12, 'fitness': 0.9143998062661051, 'generation': 340}","{'id': 26330, 'rank': 13, 'fitness': 0.911922979638659, 'generation': 340}","{'id': 26293, 'rank': 14, 'fitness': 0.9094807974497875, 'generation': 340}","{'id': 26349, 'rank': 15, 'fitness': 0.8927353354282618, 'generation': 340}","{'id': 26250, 'rank': 16, 'fitness': 0.8787792458417829, 'generation': 340}","{'id': 26316, 'rank': 17, 'fitness': 0.878436791823405, 'generation': 340}","{'id': 26361, 'rank': 18, 'fitness': 0.8477616660709411, 'generation': 340}","{'id': 26315, 'rank': 19, 'fitness': 0.8412856833305424, 'generation': 340}","{'id': 26314, 'rank': 20, 'fitness': 0.8408833204271606, 'generation': 340}","{'id': 26298, 'rank': 21, 'fitness': 0.827809134474206, 'generation': 340}","{'id': 26370, 'rank': 22, 'fitness': 0.8198017262253781, 'generation': 340}","{'id': 26207, 'rank': 23, 'fitness': 0.8063291774689866, 'generation': 340}","{'id': 26343, 'rank': 24, 'fitness': 0.7743793675732565, 'generation': 340}","{'id': 26302, 'rank': 25, 'fitness': 0.6083985777801272, 'generation': 340}","{'id': 26374, 'rank': 26, 'fitness': 0.3603821301383606, 'generation': 340}","{'id': 26308, 'rank': 27, 'fitness': 0.3072795582070015, 'generation': 340}","{'id': 26308, 'rank': 28, 'fitness': 0.3072795582070015, 'generation': 340}","{'id': 26358, 'rank': 29, 'fitness': 0.11090424784541791, 'generation': 340}","{'id': 26372, 'rank': 30, 'fitness': 0.01798620996209155, 'generation': 340}"
"{'id': 26427, 'rank': 1, 'fitness': 0.9820137900379085, 'generation': 341}","{'id': 26408, 'rank': 2, 'fitness': 0.9818571092780878, 'generation': 341}","{'id': 26424, 'rank': 3, 'fitness': 0.9801577713309807, 'generation': 341}","{'id': 26208, 'rank': 4, 'fitness': 0.979926797796312, 'generation': 341}","{'id': 26326, 'rank': 5, 'fitness': 0.9797664752436596, 'generation': 341}","{'id': 26407, 'rank': 6, 'fitness': 0.9796751846209937, 'generation': 341}","{'id': 26409, 'rank': 7, 'fitness': 0.9794112114089502, 'generation': 341}","{'id': 26329, 'rank': 8, 'fitness': 0.9791449179691043, 'generation': 341}","{'id': 26329, 'rank': 9, 'fitness': 0.9791449179691043, 'generation': 341}","{'id': 26344, 'rank': 10, 'fitness': 0.9790621973085631, 'generation': 341}","{'id': 26266, 'rank': 11, 'fitness': 0.9788141524193821, 'generation': 341}","{'id': 26112, 'rank': 12, 'fitness': 0.9786009072681119, 'generation': 341}","{'id': 26349, 'rank': 13, 'fitness': 0.9782186198444343, 'generation': 341}","{'id': 26316, 'rank': 14, 'fitness': 0.9779992728727919, 'generation': 341}","{'id': 26316, 'rank': 15, 'fitness': 0.9779992728727919, 'generation': 341}","{'id': 26314, 'rank': 16, 'fitness': 0.9775057732466612, 'generation': 341}","{'id': 26314, 'rank': 17, 'fitness': 0.9775057732466612, 'generation': 341}","{'id': 26298, 'rank': 18, 'fitness': 0.9773543936114917, 'generation': 341}","{'id': 26207, 'rank': 19, 'fitness': 0.9771223887630249, 'generation': 341}","{'id': 26433, 'rank': 20, 'fitness': 0.9763890475612351, 'generation': 341}","{'id': 26383, 'rank': 21, 'fitness': 0.9758117494533407, 'generation': 341}","{'id': 26438, 'rank': 22, 'fitness': 0.9749312024631452, 'generation': 341}","{'id': 26308, 'rank': 23, 'fitness': 0.9731974295854079, 'generation': 341}","{'id': 26372, 'rank': 24, 'fitness': 0.9664629100570257, 'generation': 341}","{'id': 26430, 'rank': 25, 'fitness': 0.831429341083431, 'generation': 341}","{'id': 26411, 'rank': 26, 'fitness': 0.7809683629929036, 'generation': 341}","{'id': 26388, 'rank': 27, 'fitness': 0.7486506231980038, 'generation': 341}","{'id': 26436, 'rank': 28, 'fitness': 0.30486071113350843, 'generation': 341}","{'id': 26381, 'rank': 29, 'fitness': 0.040610255460671874, 'generation': 341}","{'id': 26415, 'rank': 30, 'fitness': 0.01798620996209155, 'generation': 341}"
"{'id': 26468, 'rank': 1, 'fitness': 0.9820137900379085, 'generation': 342}","{'id': 26479, 'rank': 2, 'fitness': 0.9819973603543781, 'generation': 342}","{'id': 26479, 'rank': 3, 'fitness': 0.9819973603543781, 'generation': 342}","{'id': 26451, 'rank': 4, 'fitness': 0.9804107113809948, 'generation': 342}","{'id': 26467, 'rank': 5, 'fitness': 0.9786128759387873, 'generation': 342}","{'id': 26469, 'rank': 6, 'fitness': 0.9785437537885704, 'generation': 342}","{'id': 26424, 'rank': 7, 'fitness': 0.9785436363135167, 'generation': 342}","{'id': 26407, 'rank': 8, 'fitness': 0.9778515572664221, 'generation': 342}","{'id': 26507, 'rank': 9, 'fitness': 0.9778435782579475, 'generation': 342}","{'id': 26504, 'rank': 10, 'fitness': 0.977699300591533, 'generation': 342}","{'id': 26504, 'rank': 11, 'fitness': 0.977699300591533, 'generation': 342}","{'id': 26489, 'rank': 12, 'fitness': 0.9772147253123709, 'generation': 342}","{'id': 26329, 'rank': 13, 'fitness': 0.9770851740252569, 'generation': 342}","{'id': 26329, 'rank': 14, 'fitness': 0.9770851740252569, 'generation': 342}","{'id': 26506, 'rank': 15, 'fitness': 0.976519910035764, 'generation': 342}","{'id': 26349, 'rank': 16, 'fitness': 0.9757318907005079, 'generation': 342}","{'id': 26316, 'rank': 17, 'fitness': 0.9754087849455895, 'generation': 342}","{'id': 26503, 'rank': 18, 'fitness': 0.9749875368029524, 'generation': 342}","{'id': 26509, 'rank': 19, 'fitness': 0.9744183889369673, 'generation': 342}","{'id': 26457, 'rank': 20, 'fitness': 0.9737299645711857, 'generation': 342}","{'id': 26512, 'rank': 21, 'fitness': 0.9734818890713759, 'generation': 342}","{'id': 26433, 'rank': 22, 'fitness': 0.9730068382325813, 'generation': 342}","{'id': 26517, 'rank': 23, 'fitness': 0.9725536469859606, 'generation': 342}","{'id': 26511, 'rank': 24, 'fitness': 0.972378418919113, 'generation': 342}","{'id': 26383, 'rank': 25, 'fitness': 0.9721331833310247, 'generation': 342}","{'id': 26454, 'rank': 26, 'fitness': 0.9715208811789692, 'generation': 342}","{'id': 26452, 'rank': 27, 'fitness': 0.9693017056477442, 'generation': 342}","{'id': 26500, 'rank': 28, 'fitness': 0.9683982373492095, 'generation': 342}","{'id': 26498, 'rank': 29, 'fitness': 0.9681644068964746, 'generation': 342}","{'id': 26520, 'rank': 30, 'fitness': 0.01798620996209155, 'generation': 342}"
"{'id': 26479, 'rank': 1, 'fitness': 0.9820137900379085, 'generation': 343}","{'id': 26527, 'rank': 2, 'fitness': 0.9690374124404879, 'generation': 343}","{'id': 26594, 'rank': 3, 'fitness': 0.9549387039133201, 'generation': 343}","{'id': 26569, 'rank': 4, 'fitness': 0.8775036516722291, 'generation': 343}","{'id': 26535, 'rank': 5, 'fitness': 0.8073167668478309, 'generation': 343}","{'id': 26620, 'rank': 6, 'fitness': 0.6626879583679921, 'generation': 343}","{'id': 26530, 'rank': 7, 'fitness': 0.5746699380343848, 'generation': 343}","{'id': 26530, 'rank': 8, 'fitness': 0.5746699380343848, 'generation': 343}","{'id': 26530, 'rank': 9, 'fitness': 0.5746699380343848, 'generation': 343}","{'id': 26552, 'rank': 10, 'fitness': 0.573208304710745, 'generation': 343}","{'id': 26504, 'rank': 11, 'fitness': 0.5686055773880176, 'generation': 343}","{'id': 26528, 'rank': 12, 'fitness': 0.5211692129553833, 'generation': 343}","{'id': 26489, 'rank': 13, 'fitness': 0.47535336470472983, 'generation': 343}","{'id': 26329, 'rank': 14, 'fitness': 0.45077038435934635, 'generation': 343}","{'id': 26329, 'rank': 15, 'fitness': 0.45077038435934635, 'generation': 343}","{'id': 26592, 'rank': 16, 'fitness': 0.3002215556835232, 'generation': 343}","{'id': 26570, 'rank': 17, 'fitness': 0.29313795940003295, 'generation': 343}","{'id': 26316, 'rank': 18, 'fitness': 0.19306651949461084, 'generation': 343}","{'id': 26562, 'rank': 19, 'fitness': 0.11373550628763329, 'generation': 343}","{'id': 26579, 'rank': 20, 'fitness': 0.11036884140330888, 'generation': 343}","{'id': 26559, 'rank': 21, 'fitness': 0.08020788833376113, 'generation': 343}","{'id': 26559, 'rank': 22, 'fitness': 0.08020788833376113, 'generation': 343}","{'id': 26561, 'rank': 23, 'fitness': 0.07097739895295763, 'generation': 343}","{'id': 26561, 'rank': 24, 'fitness': 0.07097739895295763, 'generation': 343}","{'id': 26512, 'rank': 25, 'fitness': 0.06010519732519587, 'generation': 343}","{'id': 26583, 'rank': 26, 'fitness': 0.035465446388731836, 'generation': 343}","{'id': 26511, 'rank': 27, 'fitness': 0.0303579312503659, 'generation': 343}","{'id': 26511, 'rank': 28, 'fitness': 0.0303579312503659, 'generation': 343}","{'id': 26454, 'rank': 29, 'fitness': 0.01798620996209155, 'generation': 343}","{'id': 26454, 'rank': 30, 'fitness': 0.01798620996209155, 'generation': 343}"
"{'id': 26666, 'rank': 1, 'fitness': 0.9820137900379085, 'generation': 344}","{'id': 26594, 'rank': 2, 'fitness': 0.9820033255077381, 'generation': 344}","{'id': 26569, 'rank': 3, 'fitness': 0.9819311986124954, 'generation': 344}","{'id': 26639, 'rank': 4, 'fitness': 0.9818995363675337, 'generation': 344}","{'id': 26535, 'rank': 5, 'fitness': 0.9818954280891226, 'generation': 344}","{'id': 26530, 'rank': 6, 'fitness': 0.9818197187752236, 'generation': 344}","{'id': 26552, 'rank': 7, 'fitness': 0.9818193180945177, 'generation': 344}","{'id': 26528, 'rank': 8, 'fitness': 0.9818052202509016, 'generation': 344}","{'id': 26329, 'rank': 9, 'fitness': 0.9817862731209495, 'generation': 344}","{'id': 26562, 'rank': 10, 'fitness': 0.9816612430109015, 'generation': 344}","{'id': 26579, 'rank': 11, 'fitness': 0.9816589550982359, 'generation': 344}","{'id': 26631, 'rank': 12, 'fitness': 0.9816533714844953, 'generation': 344}","{'id': 26559, 'rank': 13, 'fitness': 0.9816351023482679, 'generation': 344}","{'id': 26559, 'rank': 14, 'fitness': 0.9816351023482679, 'generation': 344}","{'id': 26561, 'rank': 15, 'fitness': 0.9816261469622591, 'generation': 344}","{'id': 26561, 'rank': 16, 'fitness': 0.9816261469622591, 'generation': 344}","{'id': 26454, 'rank': 17, 'fitness': 0.9815291570811883, 'generation': 344}","{'id': 26634, 'rank': 18, 'fitness': 0.9812594947046974, 'generation': 344}","{'id': 26633, 'rank': 19, 'fitness': 0.980733458823855, 'generation': 344}","{'id': 26627, 'rank': 20, 'fitness': 0.9766223468171442, 'generation': 344}","{'id': 26627, 'rank': 21, 'fitness': 0.9766223468171442, 'generation': 344}","{'id': 26630, 'rank': 22, 'fitness': 0.9764362265798896, 'generation': 344}","{'id': 26629, 'rank': 23, 'fitness': 0.9752056323577534, 'generation': 344}","{'id': 26628, 'rank': 24, 'fitness': 0.9749564364096917, 'generation': 344}","{'id': 26645, 'rank': 25, 'fitness': 0.96834663809616, 'generation': 344}","{'id': 26648, 'rank': 26, 'fitness': 0.9681292268760162, 'generation': 344}","{'id': 26648, 'rank': 27, 'fitness': 0.9681292268760162, 'generation': 344}","{'id': 26647, 'rank': 28, 'fitness': 0.9653501109188052, 'generation': 344}","{'id': 26643, 'rank': 29, 'fitness': 0.7735983087921634, 'generation': 344}","{'id': 26665, 'rank': 30, 'fitness': 0.01798620996209155, 'generation': 344}"
"{'id': 26594, 'rank': 1, 'fitness': 0.9820137900379085, 'generation': 345}","{'id': 26569, 'rank': 2, 'fitness': 0.9811432482328194, 'generation': 345}","{'id': 26535, 'rank': 3, 'fitness': 0.980697636865512, 'generation': 345}","{'id': 26535, 'rank': 4, 'fitness': 0.980697636865512, 'generation': 345}","{'id': 26693, 'rank': 5, 'fitness': 0.9803387780830146, 'generation': 345}","{'id': 26734, 'rank': 6, 'fitness': 0.98016515249159, 'generation': 345}","{'id': 26728, 'rank': 7, 'fitness': 0.9798905405804131, 'generation': 345}","{'id': 26528, 'rank': 8, 'fitness': 0.9795316337912742, 'generation': 345}","{'id': 26329, 'rank': 9, 'fitness': 0.9792788533459342, 'generation': 345}","{'id': 26579, 'rank': 10, 'fitness': 0.9775065235972173, 'generation': 345}","{'id': 26677, 'rank': 11, 'fitness': 0.9772776691245371, 'generation': 345}","{'id': 26722, 'rank': 12, 'fitness': 0.9771320872907419, 'generation': 345}","{'id': 26726, 'rank': 13, 'fitness': 0.9769128010970365, 'generation': 345}","{'id': 26674, 'rank': 14, 'fitness': 0.9762633259284151, 'generation': 345}","{'id': 26679, 'rank': 15, 'fitness': 0.9753575956716192, 'generation': 345}","{'id': 26678, 'rank': 16, 'fitness': 0.9748994775346707, 'generation': 345}","{'id': 26678, 'rank': 17, 'fitness': 0.9748994775346707, 'generation': 345}","{'id': 26723, 'rank': 18, 'fitness': 0.9745695453236756, 'generation': 345}","{'id': 26723, 'rank': 19, 'fitness': 0.9745695453236756, 'generation': 345}","{'id': 26670, 'rank': 20, 'fitness': 0.9729854934626441, 'generation': 345}","{'id': 26686, 'rank': 21, 'fitness': 0.9712320588262775, 'generation': 345}","{'id': 26685, 'rank': 22, 'fitness': 0.9662347108660709, 'generation': 345}","{'id': 26685, 'rank': 23, 'fitness': 0.9662347108660709, 'generation': 345}","{'id': 26633, 'rank': 24, 'fitness': 0.9600234082562108, 'generation': 345}","{'id': 26724, 'rank': 25, 'fitness': 0.7090565846984798, 'generation': 345}","{'id': 26688, 'rank': 26, 'fitness': 0.5195484556474717, 'generation': 345}","{'id': 26689, 'rank': 27, 'fitness': 0.48492047073421607, 'generation': 345}","{'id': 26717, 'rank': 28, 'fitness': 0.05097891080033723, 'generation': 345}","{'id': 26718, 'rank': 29, 'fitness': 0.034779742966185245, 'generation': 345}","{'id': 26704, 'rank': 30, 'fitness': 0.01798620996209155, 'generation': 345}"
"{'id': 26594, 'rank': 1, 'fitness': 0.9820137900379085, 'generation': 346}","{'id': 26792, 'rank': 2, 'fitness': 0.9691710282311841, 'generation': 346}","{'id': 26535, 'rank': 3, 'fitness': 0.9481292453360517, 'generation': 346}","{'id': 26535, 'rank': 4, 'fitness': 0.9481292453360517, 'generation': 346}","{'id': 26782, 'rank': 5, 'fitness': 0.9114644654975554, 'generation': 346}","{'id': 26791, 'rank': 6, 'fitness': 0.9045772723255999, 'generation': 346}","{'id': 26795, 'rank': 7, 'fitness': 0.9018041260487765, 'generation': 346}","{'id': 26800, 'rank': 8, 'fitness': 0.8987190705971096, 'generation': 346}","{'id': 26765, 'rank': 9, 'fitness': 0.8973816629893132, 'generation': 346}","{'id': 26750, 'rank': 10, 'fitness': 0.8930984596652236, 'generation': 346}","{'id': 26750, 'rank': 11, 'fitness': 0.8930984596652236, 'generation': 346}","{'id': 26783, 'rank': 12, 'fitness': 0.8011436478579141, 'generation': 346}","{'id': 26796, 'rank': 13, 'fitness': 0.6377846414272805, 'generation': 346}","{'id': 26579, 'rank': 14, 'fitness': 0.6294162908042575, 'generation': 346}","{'id': 26752, 'rank': 15, 'fitness': 0.6060970292590194, 'generation': 346}","{'id': 26786, 'rank': 16, 'fitness': 0.562495194541494, 'generation': 346}","{'id': 26745, 'rank': 17, 'fitness': 0.4995875414498065, 'generation': 346}","{'id': 26745, 'rank': 18, 'fitness': 0.4995875414498065, 'generation': 346}","{'id': 26674, 'rank': 19, 'fitness': 0.42368813434907504, 'generation': 346}","{'id': 26803, 'rank': 20, 'fitness': 0.3612346089101479, 'generation': 346}","{'id': 26771, 'rank': 21, 'fitness': 0.30208618917989005, 'generation': 346}","{'id': 26771, 'rank': 22, 'fitness': 0.30208618917989005, 'generation': 346}","{'id': 26773, 'rank': 23, 'fitness': 0.28167338369128164, 'generation': 346}","{'id': 26723, 'rank': 24, 'fitness': 0.200665929439708, 'generation': 346}","{'id': 26723, 'rank': 25, 'fitness': 0.200665929439708, 'generation': 346}","{'id': 26756, 'rank': 26, 'fitness': 0.1797160351742414, 'generation': 346}","{'id': 26805, 'rank': 27, 'fitness': 0.08722060289012584, 'generation': 346}","{'id': 26780, 'rank': 28, 'fitness': 0.03355373537668477, 'generation': 346}","{'id': 26747, 'rank': 29, 'fitness': 0.03076953806082733, 'generation': 346}","{'id': 26746, 'rank': 30, 'fitness': 0.01798620996209155, 'generation': 346}"
"{'id': 26535, 'rank': 1, 'fitness': 0.9820137900379085, 'generation': 347}","{'id': 26535, 'rank': 2, 'fitness': 0.9820137900379085, 'generation': 347}","{'id': 26535, 'rank': 3, 'fitness': 0.9820137900379085, 'generation': 347}","{'id': 26839, 'rank': 4, 'fitness': 0.9820021172056741, 'generation': 347}","{'id': 26750, 'rank': 5, 'fitness': 0.9819286952949409, 'generation': 347}","{'id': 26838, 'rank': 6, 'fitness': 0.9819118516201542, 'generation': 347}","{'id': 26821, 'rank': 7, 'fitness': 0.9817757076436479, 'generation': 347}","{'id': 26821, 'rank': 8, 'fitness': 0.9817757076436479, 'generation': 347}","{'id': 26745, 'rank': 9, 'fitness': 0.9816958045138444, 'generation': 347}","{'id': 26745, 'rank': 10, 'fitness': 0.9816958045138444, 'generation': 347}","{'id': 26771, 'rank': 11, 'fitness': 0.9816033824651391, 'generation': 347}","{'id': 26771, 'rank': 12, 'fitness': 0.9816033824651391, 'generation': 347}","{'id': 26723, 'rank': 13, 'fitness': 0.9815428928469901, 'generation': 347}","{'id': 26723, 'rank': 14, 'fitness': 0.9815428928469901, 'generation': 347}","{'id': 26865, 'rank': 15, 'fitness': 0.9814453084162316, 'generation': 347}","{'id': 26805, 'rank': 16, 'fitness': 0.9814351571758932, 'generation': 347}","{'id': 26866, 'rank': 17, 'fitness': 0.9813253719448436, 'generation': 347}","{'id': 26780, 'rank': 18, 'fitness': 0.9813215719373662, 'generation': 347}","{'id': 26747, 'rank': 19, 'fitness': 0.9813114981022486, 'generation': 347}","{'id': 26831, 'rank': 20, 'fitness': 0.9801338143133804, 'generation': 347}","{'id': 26831, 'rank': 21, 'fitness': 0.9801338143133804, 'generation': 347}","{'id': 26874, 'rank': 22, 'fitness': 0.979236577834648, 'generation': 347}","{'id': 26833, 'rank': 23, 'fitness': 0.9790701391122324, 'generation': 347}","{'id': 26832, 'rank': 24, 'fitness': 0.978775942973503, 'generation': 347}","{'id': 26854, 'rank': 25, 'fitness': 0.9786355878391924, 'generation': 347}","{'id': 26858, 'rank': 26, 'fitness': 0.9778172361142914, 'generation': 347}","{'id': 26862, 'rank': 27, 'fitness': 0.8433203915216374, 'generation': 347}","{'id': 26836, 'rank': 28, 'fitness': 0.6789334702498104, 'generation': 347}","{'id': 26867, 'rank': 29, 'fitness': 0.08492173164304173, 'generation': 347}","{'id': 26868, 'rank': 30, 'fitness': 0.01798620996209155, 'generation': 347}"
"{'id': 26906, 'rank': 1, 'fitness': 0.9820137900379085, 'generation': 348}","{'id': 26535, 'rank': 2, 'fitness': 0.9771027051761726, 'generation': 348}","{'id': 26535, 'rank': 3, 'fitness': 0.9771027051761726, 'generation': 348}","{'id': 26938, 'rank': 4, 'fitness': 0.9770933040574395, 'generation': 348}","{'id': 26750, 'rank': 5, 'fitness': 0.9729755878517835, 'generation': 348}","{'id': 26944, 'rank': 6, 'fitness': 0.9717625748971028, 'generation': 348}","{'id': 26953, 'rank': 7, 'fitness': 0.9707056568552641, 'generation': 348}","{'id': 26907, 'rank': 8, 'fitness': 0.9704341761250987, 'generation': 348}","{'id': 26936, 'rank': 9, 'fitness': 0.9686006878771894, 'generation': 348}","{'id': 26935, 'rank': 10, 'fitness': 0.9665706640495191, 'generation': 348}","{'id': 26934, 'rank': 11, 'fitness': 0.9638705754492873, 'generation': 348}","{'id': 26934, 'rank': 12, 'fitness': 0.9638705754492873, 'generation': 348}","{'id': 26821, 'rank': 13, 'fitness': 0.9637373884955271, 'generation': 348}","{'id': 26821, 'rank': 14, 'fitness': 0.9637373884955271, 'generation': 348}","{'id': 26745, 'rank': 15, 'fitness': 0.9578099813067081, 'generation': 348}","{'id': 26910, 'rank': 16, 'fitness': 0.9565550216948022, 'generation': 348}","{'id': 26723, 'rank': 17, 'fitness': 0.9438956765853994, 'generation': 348}","{'id': 26932, 'rank': 18, 'fitness': 0.926421521901181, 'generation': 348}","{'id': 26904, 'rank': 19, 'fitness': 0.9179507054045968, 'generation': 348}","{'id': 26780, 'rank': 20, 'fitness': 0.9163198559277748, 'generation': 348}","{'id': 26780, 'rank': 21, 'fitness': 0.9163198559277748, 'generation': 348}","{'id': 26747, 'rank': 22, 'fitness': 0.9148180805479983, 'generation': 348}","{'id': 26931, 'rank': 23, 'fitness': 0.9108444879240104, 'generation': 348}","{'id': 26929, 'rank': 24, 'fitness': 0.8924749034298621, 'generation': 348}","{'id': 26880, 'rank': 25, 'fitness': 0.8832725148749543, 'generation': 348}","{'id': 26924, 'rank': 26, 'fitness': 0.43380222243961075, 'generation': 348}","{'id': 26874, 'rank': 27, 'fitness': 0.19409670243850685, 'generation': 348}","{'id': 26833, 'rank': 28, 'fitness': 0.15291485062812388, 'generation': 348}","{'id': 26858, 'rank': 29, 'fitness': 0.021606988081244893, 'generation': 348}","{'id': 26896, 'rank': 30, 'fitness': 0.01798620996209155, 'generation': 348}"
"{'id': 27026, 'rank': 1, 'fitness': 0.9820137900379085, 'generation': 349}","{'id': 26535, 'rank': 2, 'fitness': 0.9794339110043482, 'generation': 349}","{'id': 26938, 'rank': 3, 'fitness': 0.9794144335578167, 'generation': 349}","{'id': 27003, 'rank': 4, 'fitness': 0.9704576538038312, 'generation': 349}","{'id': 26953, 'rank': 5, 'fitness': 0.9637857040036583, 'generation': 349}","{'id': 26991, 'rank': 6, 'fitness': 0.9609463819457824, 'generation': 349}","{'id': 26936, 'rank': 7, 'fitness': 0.9575796439402354, 'generation': 349}","{'id': 26935, 'rank': 8, 'fitness': 0.9510993572724876, 'generation': 349}","{'id': 26934, 'rank': 9, 'fitness': 0.9417336799474392, 'generation': 349}","{'id': 26934, 'rank': 10, 'fitness': 0.9417336799474392, 'generation': 349}","{'id': 26934, 'rank': 11, 'fitness': 0.9417336799474392, 'generation': 349}","{'id': 26821, 'rank': 12, 'fitness': 0.9412498646315031, 'generation': 349}","{'id': 26980, 'rank': 13, 'fitness': 0.9387892182905415, 'generation': 349}","{'id': 27016, 'rank': 14, 'fitness': 0.9246692078668762, 'generation': 349}","{'id': 27006, 'rank': 15, 'fitness': 0.9199551663558639, 'generation': 349}","{'id': 26745, 'rank': 16, 'fitness': 0.9176942681117158, 'generation': 349}","{'id': 27009, 'rank': 17, 'fitness': 0.9112266653526095, 'generation': 349}","{'id': 26982, 'rank': 18, 'fitness': 0.9069396283128777, 'generation': 349}","{'id': 26985, 'rank': 19, 'fitness': 0.9003744438046207, 'generation': 349}","{'id': 26994, 'rank': 20, 'fitness': 0.8490964045686495, 'generation': 349}","{'id': 27007, 'rank': 21, 'fitness': 0.8365640759131292, 'generation': 349}","{'id': 27025, 'rank': 22, 'fitness': 0.8307358321429192, 'generation': 349}","{'id': 26989, 'rank': 23, 'fitness': 0.7526862596031856, 'generation': 349}","{'id': 26964, 'rank': 24, 'fitness': 0.7493081153386368, 'generation': 349}","{'id': 26986, 'rank': 25, 'fitness': 0.7411598029376093, 'generation': 349}","{'id': 26904, 'rank': 26, 'fitness': 0.6864213769137322, 'generation': 349}","{'id': 26780, 'rank': 27, 'fitness': 0.6756982043705372, 'generation': 349}","{'id': 27022, 'rank': 28, 'fitness': 0.3347035925449402, 'generation': 349}","{'id': 27033, 'rank': 29, 'fitness': 0.0797874820247802, 'generation': 349}","{'id': 26997, 'rank': 30, 'fitness': 0.01798620996209155, 'generation': 349}"
"{'id': 27079, 'rank': 1, 'fitness': 0.9820137900379085, 'generation': 350}","{'id': 27064, 'rank': 2, 'fitness': 0.9809900964583569, 'generation': 350}","{'id': 26535, 'rank': 3, 'fitness': 0.9808944095668577, 'generation': 350}","{'id': 27060, 'rank': 4, 'fitness': 0.9792840998837099, 'generation': 350}","{'id': 27060, 'rank': 5, 'fitness': 0.9792840998837099, 'generation': 350}","{'id': 27060, 'rank': 6, 'fitness': 0.9792840998837099, 'generation': 350}","{'id': 26934, 'rank': 7, 'fitness': 0.9790519267433805, 'generation': 350}","{'id': 27016, 'rank': 8, 'fitness': 0.9785556716602727, 'generation': 350}","{'id': 26745, 'rank': 9, 'fitness': 0.9783796100104538, 'generation': 350}","{'id': 27009, 'rank': 10, 'fitness': 0.9782269708631717, 'generation': 350}","{'id': 26982, 'rank': 11, 'fitness': 0.9781307039093898, 'generation': 350}","{'id': 27062, 'rank': 12, 'fitness': 0.9770925820674854, 'generation': 350}","{'id': 27062, 'rank': 13, 'fitness': 0.9770925820674854, 'generation': 350}","{'id': 26994, 'rank': 14, 'fitness': 0.9770855413061748, 'generation': 350}","{'id': 27025, 'rank': 15, 'fitness': 0.976817987416535, 'generation': 350}","{'id': 27093, 'rank': 16, 'fitness': 0.9767039445479355, 'generation': 350}","{'id': 27092, 'rank': 17, 'fitness': 0.9764841918126342, 'generation': 350}","{'id': 26964, 'rank': 18, 'fitness': 0.9758213597359453, 'generation': 350}","{'id': 26904, 'rank': 19, 'fitness': 0.9751741536219978, 'generation': 350}","{'id': 27115, 'rank': 20, 'fitness': 0.9739587833967409, 'generation': 350}","{'id': 27080, 'rank': 21, 'fitness': 0.9675976716481912, 'generation': 350}","{'id': 27050, 'rank': 22, 'fitness': 0.9668929686253007, 'generation': 350}","{'id': 27089, 'rank': 23, 'fitness': 0.9540214182555341, 'generation': 350}","{'id': 27075, 'rank': 24, 'fitness': 0.9487893169302738, 'generation': 350}","{'id': 27042, 'rank': 25, 'fitness': 0.9432067519133467, 'generation': 350}","{'id': 27045, 'rank': 26, 'fitness': 0.9346966351973862, 'generation': 350}","{'id': 27077, 'rank': 27, 'fitness': 0.9335748397428223, 'generation': 350}","{'id': 27074, 'rank': 28, 'fitness': 0.9220986599899668, 'generation': 350}","{'id': 27122, 'rank': 29, 'fitness': 0.5367042635782657, 'generation': 350}","{'id': 27086, 'rank': 30, 'fitness': 0.01798620996209155, 'generation': 350}"
"{'id': 27079, 'rank': 1, 'fitness': 0.9820137900379085, 'generation': 351}","{'id': 27130, 'rank': 2, 'fitness': 0.9770500549101642, 'generation': 351}","{'id': 27064, 'rank': 3, 'fitness': 0.9759254936694586, 'generation': 351}","{'id': 27064, 'rank': 4, 'fitness': 0.9759254936694586, 'generation': 351}","{'id': 27133, 'rank': 5, 'fitness': 0.9733255219307525, 'generation': 351}","{'id': 27129, 'rank': 6, 'fitness': 0.9658654336591177, 'generation': 351}","{'id': 27129, 'rank': 7, 'fitness': 0.9658654336591177, 'generation': 351}","{'id': 27197, 'rank': 8, 'fitness': 0.9658428095139047, 'generation': 351}","{'id': 27193, 'rank': 9, 'fitness': 0.9651124750150288, 'generation': 351}","{'id': 27060, 'rank': 10, 'fitness': 0.9622864081759833, 'generation': 351}","{'id': 27060, 'rank': 11, 'fitness': 0.9622864081759833, 'generation': 351}","{'id': 27192, 'rank': 12, 'fitness': 0.9595339522419194, 'generation': 351}","{'id': 27159, 'rank': 13, 'fitness': 0.9550509958440312, 'generation': 351}","{'id': 26745, 'rank': 14, 'fitness': 0.9529692030308827, 'generation': 351}","{'id': 27009, 'rank': 15, 'fitness': 0.9512379608246239, 'generation': 351}","{'id': 27199, 'rank': 16, 'fitness': 0.9414879105914049, 'generation': 351}","{'id': 27062, 'rank': 17, 'fitness': 0.9368217354036175, 'generation': 351}","{'id': 27184, 'rank': 18, 'fitness': 0.9312965571520833, 'generation': 351}","{'id': 27191, 'rank': 19, 'fitness': 0.9297293939812203, 'generation': 351}","{'id': 27157, 'rank': 20, 'fitness': 0.9111686331563107, 'generation': 351}","{'id': 27157, 'rank': 21, 'fitness': 0.9111686331563107, 'generation': 351}","{'id': 27154, 'rank': 22, 'fitness': 0.9062776298332428, 'generation': 351}","{'id': 26904, 'rank': 23, 'fitness': 0.9056407059742095, 'generation': 351}","{'id': 27174, 'rank': 24, 'fitness': 0.9019529792801009, 'generation': 351}","{'id': 27212, 'rank': 25, 'fitness': 0.872137180540471, 'generation': 351}","{'id': 27181, 'rank': 26, 'fitness': 0.8544087177239889, 'generation': 351}","{'id': 27216, 'rank': 27, 'fitness': 0.7311426249334622, 'generation': 351}","{'id': 27089, 'rank': 28, 'fitness': 0.24822038992108436, 'generation': 351}","{'id': 27163, 'rank': 29, 'fitness': 0.08660405080871586, 'generation': 351}","{'id': 27167, 'rank': 30, 'fitness': 0.01798620996209155, 'generation': 351}"
"{'id': 27079, 'rank': 1, 'fitness': 0.9820137900379085, 'generation': 352}","{'id': 27079, 'rank': 2, 'fitness': 0.9820137900379085, 'generation': 352}","{'id': 27290, 'rank': 3, 'fitness': 0.9816733963498845, 'generation': 352}","{'id': 27289, 'rank': 4, 'fitness': 0.9766102278584488, 'generation': 352}","{'id': 27130, 'rank': 5, 'fitness': 0.9757798399627899, 'generation': 352}","{'id': 27287, 'rank': 6, 'fitness': 0.9752411157746825, 'generation': 352}","{'id': 27287, 'rank': 7, 'fitness': 0.9752411157746825, 'generation': 352}","{'id': 27064, 'rank': 8, 'fitness': 0.9743242659547804, 'generation': 352}","{'id': 27237, 'rank': 9, 'fitness': 0.9695347799205489, 'generation': 352}","{'id': 27254, 'rank': 10, 'fitness': 0.9686516370593581, 'generation': 352}","{'id': 27254, 'rank': 11, 'fitness': 0.9686516370593581, 'generation': 352}","{'id': 27254, 'rank': 12, 'fitness': 0.9686516370593581, 'generation': 352}","{'id': 27254, 'rank': 13, 'fitness': 0.9686516370593581, 'generation': 352}","{'id': 27192, 'rank': 14, 'fitness': 0.9517096012203226, 'generation': 352}","{'id': 27230, 'rank': 15, 'fitness': 0.951606323073606, 'generation': 352}","{'id': 26745, 'rank': 16, 'fitness': 0.9420763170579801, 'generation': 352}","{'id': 27249, 'rank': 17, 'fitness': 0.9399148997492266, 'generation': 352}","{'id': 27009, 'rank': 18, 'fitness': 0.9394924780300197, 'generation': 352}","{'id': 27009, 'rank': 19, 'fitness': 0.9394924780300197, 'generation': 352}","{'id': 27062, 'rank': 20, 'fitness': 0.9173948944749615, 'generation': 352}","{'id': 27263, 'rank': 21, 'fitness': 0.9138248899598101, 'generation': 352}","{'id': 27258, 'rank': 22, 'fitness': 0.912945836127941, 'generation': 352}","{'id': 27191, 'rank': 23, 'fitness': 0.9062083990573471, 'generation': 352}","{'id': 27157, 'rank': 24, 'fitness': 0.876228628774223, 'generation': 352}","{'id': 27154, 'rank': 25, 'fitness': 0.8681994758607425, 'generation': 352}","{'id': 27286, 'rank': 26, 'fitness': 0.8104005850721032, 'generation': 352}","{'id': 27181, 'rank': 27, 'fitness': 0.7815937950406171, 'generation': 352}","{'id': 27241, 'rank': 28, 'fitness': 0.7490333888404993, 'generation': 352}","{'id': 27240, 'rank': 29, 'fitness': 0.6841648230684318, 'generation': 352}","{'id': 27275, 'rank': 30, 'fitness': 0.01798620996209155, 'generation': 352}"
"{'id': 27079, 'rank': 1, 'fitness': 0.9820137900379085, 'generation': 353}","{'id': 27290, 'rank': 2, 'fitness': 0.9819616853918496, 'generation': 353}","{'id': 27290, 'rank': 3, 'fitness': 0.9819616853918496, 'generation': 353}","{'id': 27316, 'rank': 4, 'fitness': 0.9812351958467311, 'generation': 353}","{'id': 27064, 'rank': 5, 'fitness': 0.980995206678539, 'generation': 353}","{'id': 27064, 'rank': 6, 'fitness': 0.980995206678539, 'generation': 353}","{'id': 27321, 'rank': 7, 'fitness': 0.9808558687784641, 'generation': 353}","{'id': 27332, 'rank': 8, 'fitness': 0.9805912090493718, 'generation': 353}","{'id': 27254, 'rank': 9, 'fitness': 0.9803951917017466, 'generation': 353}","{'id': 27335, 'rank': 10, 'fitness': 0.9796637290099854, 'generation': 353}","{'id': 27315, 'rank': 11, 'fitness': 0.9795372187294588, 'generation': 353}","{'id': 27337, 'rank': 12, 'fitness': 0.9790984790212355, 'generation': 353}","{'id': 27192, 'rank': 13, 'fitness': 0.979016320944736, 'generation': 353}","{'id': 27333, 'rank': 14, 'fitness': 0.9789743414586533, 'generation': 353}","{'id': 27336, 'rank': 15, 'fitness': 0.9784416663868963, 'generation': 353}","{'id': 26745, 'rank': 16, 'fitness': 0.9783988997749407, 'generation': 353}","{'id': 27009, 'rank': 17, 'fitness': 0.9782471374257284, 'generation': 353}","{'id': 27328, 'rank': 18, 'fitness': 0.9771343941112824, 'generation': 353}","{'id': 27366, 'rank': 19, 'fitness': 0.9771221830579375, 'generation': 353}","{'id': 27366, 'rank': 20, 'fitness': 0.9771221830579375, 'generation': 353}","{'id': 27339, 'rank': 21, 'fitness': 0.9767746772322059, 'generation': 353}","{'id': 27191, 'rank': 22, 'fitness': 0.9766341097053796, 'generation': 353}","{'id': 27154, 'rank': 23, 'fitness': 0.9752468996939355, 'generation': 353}","{'id': 27346, 'rank': 24, 'fitness': 0.9748907147819987, 'generation': 353}","{'id': 27240, 'rank': 25, 'fitness': 0.9707494017905199, 'generation': 353}","{'id': 27351, 'rank': 26, 'fitness': 0.970269984863922, 'generation': 353}","{'id': 27352, 'rank': 27, 'fitness': 0.9691512792814237, 'generation': 353}","{'id': 27345, 'rank': 28, 'fitness': 0.9647469185932964, 'generation': 353}","{'id': 27355, 'rank': 29, 'fitness': 0.9619999131371235, 'generation': 353}","{'id': 27319, 'rank': 30, 'fitness': 0.01798620996209155, 'generation': 353}"
"{'id': 27079, 'rank': 1, 'fitness': 0.9820137900379085, 'generation': 354}","{'id': 27079, 'rank': 2, 'fitness': 0.9820137900379085, 'generation': 354}","{'id': 27290, 'rank': 3, 'fitness': 0.9815663663162766, 'generation': 354}","{'id': 27384, 'rank': 4, 'fitness': 0.9767367614291769, 'generation': 354}","{'id': 27382, 'rank': 5, 'fitness': 0.966364285167012, 'generation': 354}","{'id': 27254, 'rank': 6, 'fitness': 0.9628127974434046, 'generation': 354}","{'id': 27400, 'rank': 7, 'fitness': 0.9603003086365576, 'generation': 354}","{'id': 27400, 'rank': 8, 'fitness': 0.9603003086365576, 'generation': 354}","{'id': 27450, 'rank': 9, 'fitness': 0.9496180875052731, 'generation': 354}","{'id': 27450, 'rank': 10, 'fitness': 0.9496180875052731, 'generation': 354}","{'id': 27391, 'rank': 11, 'fitness': 0.9438834219971057, 'generation': 354}","{'id': 27408, 'rank': 12, 'fitness': 0.9401763331887696, 'generation': 354}","{'id': 27333, 'rank': 13, 'fitness': 0.9338334515000974, 'generation': 354}","{'id': 27405, 'rank': 14, 'fitness': 0.9312485995659184, 'generation': 354}","{'id': 27336, 'rank': 15, 'fitness': 0.9190820573877478, 'generation': 354}","{'id': 27336, 'rank': 16, 'fitness': 0.9190820573877478, 'generation': 354}","{'id': 27336, 'rank': 17, 'fitness': 0.9190820573877478, 'generation': 354}","{'id': 27375, 'rank': 18, 'fitness': 0.9148172015185116, 'generation': 354}","{'id': 27368, 'rank': 19, 'fitness': 0.914486692095128, 'generation': 354}","{'id': 27009, 'rank': 20, 'fitness': 0.9130876943036617, 'generation': 354}","{'id': 27369, 'rank': 21, 'fitness': 0.9110479707926973, 'generation': 354}","{'id': 27430, 'rank': 22, 'fitness': 0.9077658599497613, 'generation': 354}","{'id': 27373, 'rank': 23, 'fitness': 0.9070832048314879, 'generation': 354}","{'id': 27373, 'rank': 24, 'fitness': 0.9070832048314879, 'generation': 354}","{'id': 27414, 'rank': 25, 'fitness': 0.8846314715956793, 'generation': 354}","{'id': 27434, 'rank': 26, 'fitness': 0.8813749394566279, 'generation': 354}","{'id': 27372, 'rank': 27, 'fitness': 0.8663805938606421, 'generation': 354}","{'id': 27422, 'rank': 28, 'fitness': 0.8578190408952789, 'generation': 354}","{'id': 27412, 'rank': 29, 'fitness': 0.227558104481221, 'generation': 354}","{'id': 27446, 'rank': 30, 'fitness': 0.01798620996209155, 'generation': 354}"
"{'id': 27290, 'rank': 1, 'fitness': 0.9820137900379085, 'generation': 355}","{'id': 27458, 'rank': 2, 'fitness': 0.981928933924376, 'generation': 355}","{'id': 27514, 'rank': 3, 'fitness': 0.9817374339687568, 'generation': 355}","{'id': 27384, 'rank': 4, 'fitness': 0.9782101797562783, 'generation': 355}","{'id': 27473, 'rank': 5, 'fitness': 0.976600032132259, 'generation': 355}","{'id': 27473, 'rank': 6, 'fitness': 0.976600032132259, 'generation': 355}","{'id': 27473, 'rank': 7, 'fitness': 0.976600032132259, 'generation': 355}","{'id': 27513, 'rank': 8, 'fitness': 0.9754238767331055, 'generation': 355}","{'id': 27459, 'rank': 9, 'fitness': 0.9707784014766245, 'generation': 355}","{'id': 27400, 'rank': 10, 'fitness': 0.9661081361502788, 'generation': 355}","{'id': 27450, 'rank': 11, 'fitness': 0.9586964688538826, 'generation': 355}","{'id': 27408, 'rank': 12, 'fitness': 0.952344229843853, 'generation': 355}","{'id': 27336, 'rank': 13, 'fitness': 0.9386282341156362, 'generation': 355}","{'id': 27336, 'rank': 14, 'fitness': 0.9386282341156362, 'generation': 355}","{'id': 27375, 'rank': 15, 'fitness': 0.9359161844452137, 'generation': 355}","{'id': 27522, 'rank': 16, 'fitness': 0.9292751281780813, 'generation': 355}","{'id': 27522, 'rank': 17, 'fitness': 0.9292751281780813, 'generation': 355}","{'id': 27434, 'rank': 18, 'fitness': 0.9151266442377692, 'generation': 355}","{'id': 27422, 'rank': 19, 'fitness': 0.900823155192964, 'generation': 355}","{'id': 27468, 'rank': 20, 'fitness': 0.870217236498954, 'generation': 355}","{'id': 27488, 'rank': 21, 'fitness': 0.8456705200083229, 'generation': 355}","{'id': 27501, 'rank': 22, 'fitness': 0.76017796603368, 'generation': 355}","{'id': 27501, 'rank': 23, 'fitness': 0.76017796603368, 'generation': 355}","{'id': 27502, 'rank': 24, 'fitness': 0.7422198732025588, 'generation': 355}","{'id': 27487, 'rank': 25, 'fitness': 0.5672119022209834, 'generation': 355}","{'id': 27485, 'rank': 26, 'fitness': 0.44876857802466263, 'generation': 355}","{'id': 27496, 'rank': 27, 'fitness': 0.1972374862626402, 'generation': 355}","{'id': 27523, 'rank': 28, 'fitness': 0.04576072330319514, 'generation': 355}","{'id': 27528, 'rank': 29, 'fitness': 0.0222997555433318, 'generation': 355}","{'id': 27525, 'rank': 30, 'fitness': 0.01798620996209155, 'generation': 355}"
"{'id': 27584, 'rank': 1, 'fitness': 0.9820137900379085, 'generation': 356}","{'id': 27581, 'rank': 2, 'fitness': 0.9820104606483009, 'generation': 356}","{'id': 27581, 'rank': 3, 'fitness': 0.9820104606483009, 'generation': 356}","{'id': 27581, 'rank': 4, 'fitness': 0.9820104606483009, 'generation': 356}","{'id': 27473, 'rank': 5, 'fitness': 0.9818785189267445, 'generation': 356}","{'id': 27473, 'rank': 6, 'fitness': 0.9818785189267445, 'generation': 356}","{'id': 27473, 'rank': 7, 'fitness': 0.9818785189267445, 'generation': 356}","{'id': 27563, 'rank': 8, 'fitness': 0.9817580121567601, 'generation': 356}","{'id': 27535, 'rank': 9, 'fitness': 0.9817547418999273, 'generation': 356}","{'id': 27537, 'rank': 10, 'fitness': 0.9817364128142221, 'generation': 356}","{'id': 27540, 'rank': 11, 'fitness': 0.9816930496120878, 'generation': 356}","{'id': 27561, 'rank': 12, 'fitness': 0.981554419641818, 'generation': 356}","{'id': 27561, 'rank': 13, 'fitness': 0.981554419641818, 'generation': 356}","{'id': 27611, 'rank': 14, 'fitness': 0.9815435478679777, 'generation': 356}","{'id': 27562, 'rank': 15, 'fitness': 0.9815345026173425, 'generation': 356}","{'id': 27536, 'rank': 16, 'fitness': 0.9815271885343848, 'generation': 356}","{'id': 27536, 'rank': 17, 'fitness': 0.9815271885343848, 'generation': 356}","{'id': 27583, 'rank': 18, 'fitness': 0.9813542157903398, 'generation': 356}","{'id': 27566, 'rank': 19, 'fitness': 0.9812481205676646, 'generation': 356}","{'id': 27408, 'rank': 20, 'fitness': 0.9812373718301866, 'generation': 356}","{'id': 27610, 'rank': 21, 'fitness': 0.981185674300211, 'generation': 356}","{'id': 27336, 'rank': 22, 'fitness': 0.9809990539503227, 'generation': 356}","{'id': 27375, 'rank': 23, 'fitness': 0.9809576451377839, 'generation': 356}","{'id': 27522, 'rank': 24, 'fitness': 0.9808624165155705, 'generation': 356}","{'id': 27569, 'rank': 25, 'fitness': 0.9806423477039538, 'generation': 356}","{'id': 27603, 'rank': 26, 'fitness': 0.979360879225978, 'generation': 356}","{'id': 27574, 'rank': 27, 'fitness': 0.9785368490729981, 'generation': 356}","{'id': 27496, 'rank': 28, 'fitness': 0.9769185408444848, 'generation': 356}","{'id': 27496, 'rank': 29, 'fitness': 0.9769185408444848, 'generation': 356}","{'id': 27612, 'rank': 30, 'fitness': 0.01798620996209155, 'generation': 356}"
"{'id': 27681, 'rank': 1, 'fitness': 0.9820137900379085, 'generation': 357}","{'id': 27581, 'rank': 2, 'fitness': 0.9818465986366974, 'generation': 357}","{'id': 27641, 'rank': 3, 'fitness': 0.9817331942892353, 'generation': 357}","{'id': 27473, 'rank': 4, 'fitness': 0.9817136316882713, 'generation': 357}","{'id': 27684, 'rank': 5, 'fitness': 0.9816436349160438, 'generation': 357}","{'id': 27684, 'rank': 6, 'fitness': 0.9816436349160438, 'generation': 357}","{'id': 27684, 'rank': 7, 'fitness': 0.9816436349160438, 'generation': 357}","{'id': 27684, 'rank': 8, 'fitness': 0.9816436349160438, 'generation': 357}","{'id': 27537, 'rank': 9, 'fitness': 0.9815704229584546, 'generation': 357}","{'id': 27692, 'rank': 10, 'fitness': 0.9815270586845221, 'generation': 357}","{'id': 27691, 'rank': 11, 'fitness': 0.981523105125301, 'generation': 357}","{'id': 27691, 'rank': 12, 'fitness': 0.981523105125301, 'generation': 357}","{'id': 27691, 'rank': 13, 'fitness': 0.981523105125301, 'generation': 357}","{'id': 27654, 'rank': 14, 'fitness': 0.9814937268609021, 'generation': 357}","{'id': 27654, 'rank': 15, 'fitness': 0.9814937268609021, 'generation': 357}","{'id': 27665, 'rank': 16, 'fitness': 0.981457504376475, 'generation': 357}","{'id': 27685, 'rank': 17, 'fitness': 0.9814284277571224, 'generation': 357}","{'id': 27678, 'rank': 18, 'fitness': 0.9814227057169144, 'generation': 357}","{'id': 27678, 'rank': 19, 'fitness': 0.9814227057169144, 'generation': 357}","{'id': 27561, 'rank': 20, 'fitness': 0.9813870200723354, 'generation': 357}","{'id': 27536, 'rank': 21, 'fitness': 0.9813595782633763, 'generation': 357}","{'id': 27642, 'rank': 22, 'fitness': 0.9813465244081561, 'generation': 357}","{'id': 27656, 'rank': 23, 'fitness': 0.9812223361564281, 'generation': 357}","{'id': 27583, 'rank': 24, 'fitness': 0.9811852685265159, 'generation': 357}","{'id': 27583, 'rank': 25, 'fitness': 0.9811852685265159, 'generation': 357}","{'id': 27408, 'rank': 26, 'fitness': 0.9810675227730389, 'generation': 357}","{'id': 27658, 'rank': 27, 'fitness': 0.9808506987362429, 'generation': 357}","{'id': 27687, 'rank': 28, 'fitness': 0.9808200336669992, 'generation': 357}","{'id': 27680, 'rank': 29, 'fitness': 0.980386264517163, 'generation': 357}","{'id': 27612, 'rank': 30, 'fitness': 0.01798620996209155, 'generation': 357}"
"{'id': 27581, 'rank': 1, 'fitness': 0.9820137900379085, 'generation': 358}","{'id': 27581, 'rank': 2, 'fitness': 0.9820137900379085, 'generation': 358}","{'id': 27707, 'rank': 3, 'fitness': 0.9575621133145624, 'generation': 358}","{'id': 27707, 'rank': 4, 'fitness': 0.9575621133145624, 'generation': 358}","{'id': 27684, 'rank': 5, 'fitness': 0.9028024840862237, 'generation': 358}","{'id': 27763, 'rank': 6, 'fitness': 0.7678137282288895, 'generation': 358}","{'id': 27691, 'rank': 7, 'fitness': 0.7660216691805284, 'generation': 358}","{'id': 27691, 'rank': 8, 'fitness': 0.7660216691805284, 'generation': 358}","{'id': 27691, 'rank': 9, 'fitness': 0.7660216691805284, 'generation': 358}","{'id': 27772, 'rank': 10, 'fitness': 0.763727434558702, 'generation': 358}","{'id': 27771, 'rank': 11, 'fitness': 0.7496921580944852, 'generation': 358}","{'id': 27771, 'rank': 12, 'fitness': 0.7496921580944852, 'generation': 358}","{'id': 27708, 'rank': 13, 'fitness': 0.7405292147727737, 'generation': 358}","{'id': 27708, 'rank': 14, 'fitness': 0.7405292147727737, 'generation': 358}","{'id': 27654, 'rank': 15, 'fitness': 0.7176479502952862, 'generation': 358}","{'id': 27739, 'rank': 16, 'fitness': 0.6622506173802902, 'generation': 358}","{'id': 27678, 'rank': 17, 'fitness': 0.579920784752066, 'generation': 358}","{'id': 27774, 'rank': 18, 'fitness': 0.5751407600667707, 'generation': 358}","{'id': 27711, 'rank': 19, 'fitness': 0.555032755889254, 'generation': 358}","{'id': 27561, 'rank': 20, 'fitness': 0.5041546787609007, 'generation': 358}","{'id': 27642, 'rank': 21, 'fitness': 0.4183047795036946, 'generation': 358}","{'id': 27766, 'rank': 22, 'fitness': 0.3601395122569322, 'generation': 358}","{'id': 27775, 'rank': 23, 'fitness': 0.3529470624145384, 'generation': 358}","{'id': 27748, 'rank': 24, 'fitness': 0.33428037282168255, 'generation': 358}","{'id': 27748, 'rank': 25, 'fitness': 0.33428037282168255, 'generation': 358}","{'id': 27764, 'rank': 26, 'fitness': 0.2934727585325323, 'generation': 358}","{'id': 27656, 'rank': 27, 'fitness': 0.19983512041151963, 'generation': 358}","{'id': 27746, 'rank': 28, 'fitness': 0.06983733424104477, 'generation': 358}","{'id': 27738, 'rank': 29, 'fitness': 0.021437899411339445, 'generation': 358}","{'id': 27752, 'rank': 30, 'fitness': 0.01798620996209155, 'generation': 358}"
"{'id': 27581, 'rank': 1, 'fitness': 0.9820137900379085, 'generation': 359}","{'id': 27814, 'rank': 2, 'fitness': 0.9819500799729277, 'generation': 359}","{'id': 27808, 'rank': 3, 'fitness': 0.9818661526276944, 'generation': 359}","{'id': 27808, 'rank': 4, 'fitness': 0.9818661526276944, 'generation': 359}","{'id': 27684, 'rank': 5, 'fitness': 0.9817958759172669, 'generation': 359}","{'id': 27684, 'rank': 6, 'fitness': 0.9817958759172669, 'generation': 359}","{'id': 27813, 'rank': 7, 'fitness': 0.981766813382678, 'generation': 359}","{'id': 27763, 'rank': 8, 'fitness': 0.9816676237754041, 'generation': 359}","{'id': 27691, 'rank': 9, 'fitness': 0.9816663744531271, 'generation': 359}","{'id': 27691, 'rank': 10, 'fitness': 0.9816663744531271, 'generation': 359}","{'id': 27654, 'rank': 11, 'fitness': 0.9816347989249079, 'generation': 359}","{'id': 27654, 'rank': 12, 'fitness': 0.9816347989249079, 'generation': 359}","{'id': 27774, 'rank': 13, 'fitness': 0.9815559932858909, 'generation': 359}","{'id': 27711, 'rank': 14, 'fitness': 0.9815457324081671, 'generation': 359}","{'id': 27812, 'rank': 15, 'fitness': 0.9815261180727137, 'generation': 359}","{'id': 27748, 'rank': 16, 'fitness': 0.9814312583234674, 'generation': 359}","{'id': 27803, 'rank': 17, 'fitness': 0.9814139234095857, 'generation': 359}","{'id': 27844, 'rank': 18, 'fitness': 0.9725929940131868, 'generation': 359}","{'id': 27844, 'rank': 19, 'fitness': 0.9725929940131868, 'generation': 359}","{'id': 27834, 'rank': 20, 'fitness': 0.875945968524341, 'generation': 359}","{'id': 27836, 'rank': 21, 'fitness': 0.8505738006059574, 'generation': 359}","{'id': 27836, 'rank': 22, 'fitness': 0.8505738006059574, 'generation': 359}","{'id': 27799, 'rank': 23, 'fitness': 0.8440311801234732, 'generation': 359}","{'id': 27799, 'rank': 24, 'fitness': 0.8440311801234732, 'generation': 359}","{'id': 27841, 'rank': 25, 'fitness': 0.8351244655789337, 'generation': 359}","{'id': 27841, 'rank': 26, 'fitness': 0.8351244655789337, 'generation': 359}","{'id': 27838, 'rank': 27, 'fitness': 0.7977944836241159, 'generation': 359}","{'id': 27809, 'rank': 28, 'fitness': 0.7550820263204789, 'generation': 359}","{'id': 27788, 'rank': 29, 'fitness': 0.01798620996209155, 'generation': 359}","{'id': 27788, 'rank': 30, 'fitness': 0.01798620996209155, 'generation': 359}"
"{'id': 27908, 'rank': 1, 'fitness': 0.9820137900379085, 'generation': 360}","{'id': 27917, 'rank': 2, 'fitness': 0.9818772950842204, 'generation': 360}","{'id': 27874, 'rank': 3, 'fitness': 0.9818641438759006, 'generation': 360}","{'id': 27808, 'rank': 4, 'fitness': 0.9817619446771071, 'generation': 360}","{'id': 27808, 'rank': 5, 'fitness': 0.9817619446771071, 'generation': 360}","{'id': 27808, 'rank': 6, 'fitness': 0.9817619446771071, 'generation': 360}","{'id': 27684, 'rank': 7, 'fitness': 0.9816076020796896, 'generation': 360}","{'id': 27684, 'rank': 8, 'fitness': 0.9816076020796896, 'generation': 360}","{'id': 27930, 'rank': 9, 'fitness': 0.9815227446923116, 'generation': 360}","{'id': 27691, 'rank': 10, 'fitness': 0.9813213806252484, 'generation': 360}","{'id': 27691, 'rank': 11, 'fitness': 0.9813213806252484, 'generation': 360}","{'id': 27932, 'rank': 12, 'fitness': 0.9812676910256933, 'generation': 360}","{'id': 27932, 'rank': 13, 'fitness': 0.9812676910256933, 'generation': 360}","{'id': 27857, 'rank': 14, 'fitness': 0.9810830928122778, 'generation': 360}","{'id': 27774, 'rank': 15, 'fitness': 0.9810755667775015, 'generation': 360}","{'id': 27812, 'rank': 16, 'fitness': 0.981008742937876, 'generation': 360}","{'id': 27922, 'rank': 17, 'fitness': 0.9809371128834834, 'generation': 360}","{'id': 27866, 'rank': 18, 'fitness': 0.9808720554830437, 'generation': 360}","{'id': 27858, 'rank': 19, 'fitness': 0.9807695046598226, 'generation': 360}","{'id': 27803, 'rank': 20, 'fitness': 0.9807566746319878, 'generation': 360}","{'id': 27921, 'rank': 21, 'fitness': 0.9807510496920762, 'generation': 360}","{'id': 27878, 'rank': 22, 'fitness': 0.9807283480513449, 'generation': 360}","{'id': 27878, 'rank': 23, 'fitness': 0.9807283480513449, 'generation': 360}","{'id': 27937, 'rank': 24, 'fitness': 0.9803295398392872, 'generation': 360}","{'id': 27909, 'rank': 25, 'fitness': 0.9803104597438851, 'generation': 360}","{'id': 27887, 'rank': 26, 'fitness': 0.9799844194585953, 'generation': 360}","{'id': 27871, 'rank': 27, 'fitness': 0.1962290707110682, 'generation': 360}","{'id': 27856, 'rank': 28, 'fitness': 0.08220493973094589, 'generation': 360}","{'id': 27910, 'rank': 29, 'fitness': 0.0722356629760399, 'generation': 360}","{'id': 27901, 'rank': 30, 'fitness': 0.01798620996209155, 'generation': 360}"
"{'id': 28008, 'rank': 1, 'fitness': 0.9820137900379085, 'generation': 361}","{'id': 28008, 'rank': 2, 'fitness': 0.9820137900379085, 'generation': 361}","{'id': 27908, 'rank': 3, 'fitness': 0.9709122420982288, 'generation': 361}","{'id': 27996, 'rank': 4, 'fitness': 0.9636540495064749, 'generation': 361}","{'id': 27917, 'rank': 5, 'fitness': 0.959921346227767, 'generation': 361}","{'id': 27917, 'rank': 6, 'fitness': 0.959921346227767, 'generation': 361}","{'id': 27874, 'rank': 7, 'fitness': 0.9586779022709582, 'generation': 361}","{'id': 27808, 'rank': 8, 'fitness': 0.9477187688507048, 'generation': 361}","{'id': 27808, 'rank': 9, 'fitness': 0.9477187688507048, 'generation': 361}","{'id': 27808, 'rank': 10, 'fitness': 0.9477187688507048, 'generation': 361}","{'id': 27684, 'rank': 11, 'fitness': 0.9260373564113558, 'generation': 361}","{'id': 27684, 'rank': 12, 'fitness': 0.9260373564113558, 'generation': 361}","{'id': 27986, 'rank': 13, 'fitness': 0.9147530083429343, 'generation': 361}","{'id': 27989, 'rank': 14, 'fitness': 0.9140424323332201, 'generation': 361}","{'id': 27930, 'rank': 15, 'fitness': 0.9109417890070193, 'generation': 361}","{'id': 27939, 'rank': 16, 'fitness': 0.8919478717933611, 'generation': 361}","{'id': 27975, 'rank': 17, 'fitness': 0.8421937404300641, 'generation': 361}","{'id': 27980, 'rank': 18, 'fitness': 0.8164644728523613, 'generation': 361}","{'id': 28011, 'rank': 19, 'fitness': 0.8129362996085406, 'generation': 361}","{'id': 27857, 'rank': 20, 'fitness': 0.7845067847020348, 'generation': 361}","{'id': 27969, 'rank': 21, 'fitness': 0.7670007353942222, 'generation': 361}","{'id': 27812, 'rank': 22, 'fitness': 0.753943258061928, 'generation': 361}","{'id': 28004, 'rank': 23, 'fitness': 0.7258055345454031, 'generation': 361}","{'id': 27922, 'rank': 24, 'fitness': 0.7219820113962875, 'generation': 361}","{'id': 27878, 'rank': 25, 'fitness': 0.6167070412432367, 'generation': 361}","{'id': 27951, 'rank': 26, 'fitness': 0.5117166037576973, 'generation': 361}","{'id': 27976, 'rank': 27, 'fitness': 0.4018751252976435, 'generation': 361}","{'id': 27909, 'rank': 28, 'fitness': 0.38518856649280414, 'generation': 361}","{'id': 27940, 'rank': 29, 'fitness': 0.24059947428839124, 'generation': 361}","{'id': 28001, 'rank': 30, 'fitness': 0.01798620996209155, 'generation': 361}"
"{'id': 28008, 'rank': 1, 'fitness': 0.9820137900379085, 'generation': 362}","{'id': 27908, 'rank': 2, 'fitness': 0.9817322316683565, 'generation': 362}","{'id': 28067, 'rank': 3, 'fitness': 0.9815817820077855, 'generation': 362}","{'id': 27874, 'rank': 4, 'fitness': 0.9815213191668912, 'generation': 362}","{'id': 27808, 'rank': 5, 'fitness': 0.9813769001178612, 'generation': 362}","{'id': 28038, 'rank': 6, 'fitness': 0.9812025709552827, 'generation': 362}","{'id': 27684, 'rank': 7, 'fitness': 0.9811582170063148, 'generation': 362}","{'id': 27939, 'rank': 8, 'fitness': 0.9809090450214273, 'generation': 362}","{'id': 27980, 'rank': 9, 'fitness': 0.9805332818449606, 'generation': 362}","{'id': 28011, 'rank': 10, 'fitness': 0.9805189349036756, 'generation': 362}","{'id': 28011, 'rank': 11, 'fitness': 0.9805189349036756, 'generation': 362}","{'id': 27857, 'rank': 12, 'fitness': 0.9804098962960155, 'generation': 362}","{'id': 27812, 'rank': 13, 'fitness': 0.980303181659706, 'generation': 362}","{'id': 28004, 'rank': 14, 'fitness': 0.9802121542241526, 'generation': 362}","{'id': 28018, 'rank': 15, 'fitness': 0.9790139522811133, 'generation': 362}","{'id': 28080, 'rank': 16, 'fitness': 0.9789579776654072, 'generation': 362}","{'id': 28058, 'rank': 17, 'fitness': 0.9783695981547504, 'generation': 362}","{'id': 28044, 'rank': 18, 'fitness': 0.9782488744567724, 'generation': 362}","{'id': 28042, 'rank': 19, 'fitness': 0.9771347192347968, 'generation': 362}","{'id': 28035, 'rank': 20, 'fitness': 0.9753367281733167, 'generation': 362}","{'id': 28091, 'rank': 21, 'fitness': 0.9744705515999292, 'generation': 362}","{'id': 28017, 'rank': 22, 'fitness': 0.9718252803433872, 'generation': 362}","{'id': 28023, 'rank': 23, 'fitness': 0.952579162460456, 'generation': 362}","{'id': 28023, 'rank': 24, 'fitness': 0.952579162460456, 'generation': 362}","{'id': 28064, 'rank': 25, 'fitness': 0.9010295823252505, 'generation': 362}","{'id': 28064, 'rank': 26, 'fitness': 0.9010295823252505, 'generation': 362}","{'id': 28063, 'rank': 27, 'fitness': 0.8813895650143402, 'generation': 362}","{'id': 28065, 'rank': 28, 'fitness': 0.8783558598848584, 'generation': 362}","{'id': 28022, 'rank': 29, 'fitness': 0.4056450463689064, 'generation': 362}","{'id': 28031, 'rank': 30, 'fitness': 0.01798620996209155, 'generation': 362}"
"{'id': 28008, 'rank': 1, 'fitness': 0.9820137900379085, 'generation': 363}","{'id': 28160, 'rank': 2, 'fitness': 0.9807854240777041, 'generation': 363}","{'id': 27874, 'rank': 3, 'fitness': 0.9799878003947866, 'generation': 363}","{'id': 27874, 'rank': 4, 'fitness': 0.9799878003947866, 'generation': 363}","{'id': 27874, 'rank': 5, 'fitness': 0.9799878003947866, 'generation': 363}","{'id': 28138, 'rank': 6, 'fitness': 0.9789314402882461, 'generation': 363}","{'id': 28109, 'rank': 7, 'fitness': 0.9787757064713931, 'generation': 363}","{'id': 28161, 'rank': 8, 'fitness': 0.9781309358285984, 'generation': 363}","{'id': 27980, 'rank': 9, 'fitness': 0.9754271866839359, 'generation': 363}","{'id': 27980, 'rank': 10, 'fitness': 0.9754271866839359, 'generation': 363}","{'id': 28135, 'rank': 11, 'fitness': 0.9738188280046044, 'generation': 363}","{'id': 28158, 'rank': 12, 'fitness': 0.972210229661256, 'generation': 363}","{'id': 28146, 'rank': 13, 'fitness': 0.9714274472131439, 'generation': 363}","{'id': 28137, 'rank': 14, 'fitness': 0.9701837179009896, 'generation': 363}","{'id': 28137, 'rank': 15, 'fitness': 0.9701837179009896, 'generation': 363}","{'id': 28123, 'rank': 16, 'fitness': 0.9699289602996781, 'generation': 363}","{'id': 28123, 'rank': 17, 'fitness': 0.9699289602996781, 'generation': 363}","{'id': 28080, 'rank': 18, 'fitness': 0.9666623449986711, 'generation': 363}","{'id': 28122, 'rank': 19, 'fitness': 0.966028264617713, 'generation': 363}","{'id': 28151, 'rank': 20, 'fitness': 0.9641261656174135, 'generation': 363}","{'id': 28151, 'rank': 21, 'fitness': 0.9641261656174135, 'generation': 363}","{'id': 28108, 'rank': 22, 'fitness': 0.962928948877374, 'generation': 363}","{'id': 28042, 'rank': 23, 'fitness': 0.9539632105040655, 'generation': 363}","{'id': 28152, 'rank': 24, 'fitness': 0.9489053103945145, 'generation': 363}","{'id': 28118, 'rank': 25, 'fitness': 0.9486332094484885, 'generation': 363}","{'id': 28035, 'rank': 26, 'fitness': 0.9384609059741028, 'generation': 363}","{'id': 28091, 'rank': 27, 'fitness': 0.9298611420908496, 'generation': 363}","{'id': 28120, 'rank': 28, 'fitness': 0.15712587091817243, 'generation': 363}","{'id': 28120, 'rank': 29, 'fitness': 0.15712587091817243, 'generation': 363}","{'id': 28065, 'rank': 30, 'fitness': 0.01798620996209155, 'generation': 363}"
"{'id': 28008, 'rank': 1, 'fitness': 0.9820137900379085, 'generation': 364}","{'id': 28160, 'rank': 2, 'fitness': 0.980260287668979, 'generation': 364}","{'id': 28160, 'rank': 3, 'fitness': 0.980260287668979, 'generation': 364}","{'id': 28181, 'rank': 4, 'fitness': 0.9793985689499026, 'generation': 364}","{'id': 27874, 'rank': 5, 'fitness': 0.9790972783602068, 'generation': 364}","{'id': 27874, 'rank': 6, 'fitness': 0.9790972783602068, 'generation': 364}","{'id': 28248, 'rank': 7, 'fitness': 0.9786694450407407, 'generation': 364}","{'id': 28168, 'rank': 8, 'fitness': 0.9765639627403994, 'generation': 364}","{'id': 28161, 'rank': 9, 'fitness': 0.9763186690800345, 'generation': 364}","{'id': 28184, 'rank': 10, 'fitness': 0.9752036544297855, 'generation': 364}","{'id': 28243, 'rank': 11, 'fitness': 0.9751062828647954, 'generation': 364}","{'id': 28137, 'rank': 12, 'fitness': 0.9634204250944189, 'generation': 364}","{'id': 28137, 'rank': 13, 'fitness': 0.9634204250944189, 'generation': 364}","{'id': 28137, 'rank': 14, 'fitness': 0.9634204250944189, 'generation': 364}","{'id': 28232, 'rank': 15, 'fitness': 0.9574116816395966, 'generation': 364}","{'id': 28108, 'rank': 16, 'fitness': 0.9504371561306398, 'generation': 364}","{'id': 28204, 'rank': 17, 'fitness': 0.9497973769072499, 'generation': 364}","{'id': 28242, 'rank': 18, 'fitness': 0.9463521846978041, 'generation': 364}","{'id': 28042, 'rank': 19, 'fitness': 0.9331063809729466, 'generation': 364}","{'id': 28231, 'rank': 20, 'fitness': 0.9263022607634736, 'generation': 364}","{'id': 28118, 'rank': 21, 'fitness': 0.9222430225884609, 'generation': 364}","{'id': 28241, 'rank': 22, 'fitness': 0.9210333790752012, 'generation': 364}","{'id': 28205, 'rank': 23, 'fitness': 0.9030406713573946, 'generation': 364}","{'id': 28215, 'rank': 24, 'fitness': 0.8999038251705538, 'generation': 364}","{'id': 28185, 'rank': 25, 'fitness': 0.8644400730110813, 'generation': 364}","{'id': 28200, 'rank': 26, 'fitness': 0.8489588237669272, 'generation': 364}","{'id': 28200, 'rank': 27, 'fitness': 0.8489588237669272, 'generation': 364}","{'id': 28189, 'rank': 28, 'fitness': 0.7719581386298919, 'generation': 364}","{'id': 28210, 'rank': 29, 'fitness': 0.6066553288609091, 'generation': 364}","{'id': 28120, 'rank': 30, 'fitness': 0.01798620996209155, 'generation': 364}"
"{'id': 28254, 'rank': 1, 'fitness': 0.9820137900379085, 'generation': 365}","{'id': 28008, 'rank': 2, 'fitness': 0.976734912527234, 'generation': 365}","{'id': 28160, 'rank': 3, 'fitness': 0.9740225638882001, 'generation': 365}","{'id': 28323, 'rank': 4, 'fitness': 0.9736635067933016, 'generation': 365}","{'id': 28323, 'rank': 5, 'fitness': 0.9736635067933016, 'generation': 365}","{'id': 27874, 'rank': 6, 'fitness': 0.9722001264320473, 'generation': 365}","{'id': 28258, 'rank': 7, 'fitness': 0.9701255400587031, 'generation': 365}","{'id': 28168, 'rank': 8, 'fitness': 0.9681711998865337, 'generation': 365}","{'id': 28161, 'rank': 9, 'fitness': 0.9677770427341651, 'generation': 365}","{'id': 28303, 'rank': 10, 'fitness': 0.966478028218037, 'generation': 365}","{'id': 28262, 'rank': 11, 'fitness': 0.9656718633728305, 'generation': 365}","{'id': 28262, 'rank': 12, 'fitness': 0.9656718633728305, 'generation': 365}","{'id': 28268, 'rank': 13, 'fitness': 0.9621137549860473, 'generation': 365}","{'id': 28268, 'rank': 14, 'fitness': 0.9621137549860473, 'generation': 365}","{'id': 28267, 'rank': 15, 'fitness': 0.9607562014836559, 'generation': 365}","{'id': 28263, 'rank': 16, 'fitness': 0.9600648640050149, 'generation': 365}","{'id': 28331, 'rank': 17, 'fitness': 0.9546233813862491, 'generation': 365}","{'id': 28333, 'rank': 18, 'fitness': 0.9508673614054086, 'generation': 365}","{'id': 28137, 'rank': 19, 'fitness': 0.9462423001002503, 'generation': 365}","{'id': 28271, 'rank': 20, 'fitness': 0.9458885118588468, 'generation': 365}","{'id': 28204, 'rank': 21, 'fitness': 0.9222665326471613, 'generation': 365}","{'id': 28042, 'rank': 22, 'fitness': 0.89188578681069, 'generation': 365}","{'id': 28334, 'rank': 23, 'fitness': 0.874058682240711, 'generation': 365}","{'id': 28275, 'rank': 24, 'fitness': 0.7403163998237166, 'generation': 365}","{'id': 28200, 'rank': 25, 'fitness': 0.7362021376071142, 'generation': 365}","{'id': 28189, 'rank': 26, 'fitness': 0.6038932550309284, 'generation': 365}","{'id': 28189, 'rank': 27, 'fitness': 0.6038932550309284, 'generation': 365}","{'id': 28308, 'rank': 28, 'fitness': 0.11469629115939778, 'generation': 365}","{'id': 28316, 'rank': 29, 'fitness': 0.02732659706907442, 'generation': 365}","{'id': 28289, 'rank': 30, 'fitness': 0.01798620996209155, 'generation': 365}"
"{'id': 28415, 'rank': 1, 'fitness': 0.9820137900379085, 'generation': 366}","{'id': 28160, 'rank': 2, 'fitness': 0.9628898394567637, 'generation': 366}","{'id': 28347, 'rank': 3, 'fitness': 0.9615949171038725, 'generation': 366}","{'id': 28323, 'rank': 4, 'fitness': 0.9614570769842941, 'generation': 366}","{'id': 28416, 'rank': 5, 'fitness': 0.961040729654895, 'generation': 366}","{'id': 27874, 'rank': 6, 'fitness': 0.9552738232952158, 'generation': 366}","{'id': 28403, 'rank': 7, 'fitness': 0.9483979091813017, 'generation': 366}","{'id': 28403, 'rank': 8, 'fitness': 0.9483979091813017, 'generation': 366}","{'id': 28303, 'rank': 9, 'fitness': 0.9256818430268413, 'generation': 366}","{'id': 28383, 'rank': 10, 'fitness': 0.9049424941119562, 'generation': 366}","{'id': 28383, 'rank': 11, 'fitness': 0.9049424941119562, 'generation': 366}","{'id': 28384, 'rank': 12, 'fitness': 0.8963453332143438, 'generation': 366}","{'id': 28384, 'rank': 13, 'fitness': 0.8963453332143438, 'generation': 366}","{'id': 28409, 'rank': 14, 'fitness': 0.8829473568500747, 'generation': 366}","{'id': 28331, 'rank': 15, 'fitness': 0.8378037914308121, 'generation': 366}","{'id': 28333, 'rank': 16, 'fitness': 0.8035834666157813, 'generation': 366}","{'id': 28407, 'rank': 17, 'fitness': 0.7954409054704299, 'generation': 366}","{'id': 28371, 'rank': 18, 'fitness': 0.7623599055659145, 'generation': 366}","{'id': 28402, 'rank': 19, 'fitness': 0.6920766857335058, 'generation': 366}","{'id': 28410, 'rank': 20, 'fitness': 0.6626069728379527, 'generation': 366}","{'id': 28408, 'rank': 21, 'fitness': 0.6410357299334364, 'generation': 366}","{'id': 28401, 'rank': 22, 'fitness': 0.4312376228121695, 'generation': 366}","{'id': 28411, 'rank': 23, 'fitness': 0.3099640017695682, 'generation': 366}","{'id': 28358, 'rank': 24, 'fitness': 0.2441105315288788, 'generation': 366}","{'id': 28352, 'rank': 25, 'fitness': 0.10667131487908199, 'generation': 366}","{'id': 28395, 'rank': 26, 'fitness': 0.08570857447430447, 'generation': 366}","{'id': 28354, 'rank': 27, 'fitness': 0.024050872585167526, 'generation': 366}","{'id': 28389, 'rank': 28, 'fitness': 0.022185407253875022, 'generation': 366}","{'id': 28200, 'rank': 29, 'fitness': 0.01798620996209155, 'generation': 366}","{'id': 28200, 'rank': 30, 'fitness': 0.01798620996209155, 'generation': 366}"
"{'id': 28323, 'rank': 1, 'fitness': 0.9820137900379085, 'generation': 367}","{'id': 28323, 'rank': 2, 'fitness': 0.9820137900379085, 'generation': 367}","{'id': 28384, 'rank': 3, 'fitness': 0.9779531098089267, 'generation': 367}","{'id': 28409, 'rank': 4, 'fitness': 0.9773681357371835, 'generation': 367}","{'id': 28371, 'rank': 5, 'fitness': 0.9733479768629922, 'generation': 367}","{'id': 28371, 'rank': 6, 'fitness': 0.9733479768629922, 'generation': 367}","{'id': 28408, 'rank': 7, 'fitness': 0.970200885449163, 'generation': 367}","{'id': 28408, 'rank': 8, 'fitness': 0.970200885449163, 'generation': 367}","{'id': 28460, 'rank': 9, 'fitness': 0.9697757365996402, 'generation': 367}","{'id': 28443, 'rank': 10, 'fitness': 0.9671157013882942, 'generation': 367}","{'id': 28443, 'rank': 11, 'fitness': 0.9671157013882942, 'generation': 367}","{'id': 28453, 'rank': 12, 'fitness': 0.9628334571938671, 'generation': 367}","{'id': 28451, 'rank': 13, 'fitness': 0.9616923131972057, 'generation': 367}","{'id': 28439, 'rank': 14, 'fitness': 0.9595484159434879, 'generation': 367}","{'id': 28441, 'rank': 15, 'fitness': 0.9590769981191858, 'generation': 367}","{'id': 28395, 'rank': 16, 'fitness': 0.9481039939576752, 'generation': 367}","{'id': 28469, 'rank': 17, 'fitness': 0.9414950557365275, 'generation': 367}","{'id': 28444, 'rank': 18, 'fitness': 0.9389468427456852, 'generation': 367}","{'id': 28354, 'rank': 19, 'fitness': 0.9335954133827747, 'generation': 367}","{'id': 28354, 'rank': 20, 'fitness': 0.9335954133827747, 'generation': 367}","{'id': 28456, 'rank': 21, 'fitness': 0.9327876337268821, 'generation': 367}","{'id': 28389, 'rank': 22, 'fitness': 0.9325837822147479, 'generation': 367}","{'id': 28200, 'rank': 23, 'fitness': 0.9298960676820864, 'generation': 367}","{'id': 28200, 'rank': 24, 'fitness': 0.9298960676820864, 'generation': 367}","{'id': 28493, 'rank': 25, 'fitness': 0.4386718098333708, 'generation': 367}","{'id': 28490, 'rank': 26, 'fitness': 0.24359260649290754, 'generation': 367}","{'id': 28481, 'rank': 27, 'fitness': 0.16921839065675187, 'generation': 367}","{'id': 28464, 'rank': 28, 'fitness': 0.11030981829963654, 'generation': 367}","{'id': 28462, 'rank': 29, 'fitness': 0.01798620996209155, 'generation': 367}","{'id': 28462, 'rank': 30, 'fitness': 0.01798620996209155, 'generation': 367}"
"{'id': 28526, 'rank': 1, 'fitness': 0.9820137900379085, 'generation': 368}","{'id': 28409, 'rank': 2, 'fitness': 0.9796490894880183, 'generation': 368}","{'id': 28371, 'rank': 3, 'fitness': 0.9746317511609313, 'generation': 368}","{'id': 28371, 'rank': 4, 'fitness': 0.9746317511609313, 'generation': 368}","{'id': 28545, 'rank': 5, 'fitness': 0.9727912413141571, 'generation': 368}","{'id': 28552, 'rank': 6, 'fitness': 0.9710386771012292, 'generation': 368}","{'id': 28552, 'rank': 7, 'fitness': 0.9710386771012292, 'generation': 368}","{'id': 28408, 'rank': 8, 'fitness': 0.9705180703129987, 'generation': 368}","{'id': 28408, 'rank': 9, 'fitness': 0.9705180703129987, 'generation': 368}","{'id': 28408, 'rank': 10, 'fitness': 0.9705180703129987, 'generation': 368}","{'id': 28443, 'rank': 11, 'fitness': 0.9663409513537979, 'generation': 368}","{'id': 28540, 'rank': 12, 'fitness': 0.9655412736637653, 'generation': 368}","{'id': 28451, 'rank': 13, 'fitness': 0.9586837191895281, 'generation': 368}","{'id': 28503, 'rank': 14, 'fitness': 0.9575751136816266, 'generation': 368}","{'id': 28439, 'rank': 15, 'fitness': 0.9555551924329975, 'generation': 368}","{'id': 28441, 'rank': 16, 'fitness': 0.9548600083535295, 'generation': 368}","{'id': 28547, 'rank': 17, 'fitness': 0.9431008454287504, 'generation': 368}","{'id': 28568, 'rank': 18, 'fitness': 0.9269029551571777, 'generation': 368}","{'id': 28444, 'rank': 19, 'fitness': 0.923088834530048, 'generation': 368}","{'id': 28200, 'rank': 20, 'fitness': 0.9077175935786401, 'generation': 368}","{'id': 28200, 'rank': 21, 'fitness': 0.9077175935786401, 'generation': 368}","{'id': 28565, 'rank': 22, 'fitness': 0.8269731224959715, 'generation': 368}","{'id': 28531, 'rank': 23, 'fitness': 0.7706940335772505, 'generation': 368}","{'id': 28502, 'rank': 24, 'fitness': 0.659608222370571, 'generation': 368}","{'id': 28512, 'rank': 25, 'fitness': 0.579755858429255, 'generation': 368}","{'id': 28510, 'rank': 26, 'fitness': 0.20629267445844918, 'generation': 368}","{'id': 28556, 'rank': 27, 'fitness': 0.1892156773516887, 'generation': 368}","{'id': 28535, 'rank': 28, 'fitness': 0.16208875523533406, 'generation': 368}","{'id': 28520, 'rank': 29, 'fitness': 0.11420542746413509, 'generation': 368}","{'id': 28464, 'rank': 30, 'fitness': 0.01798620996209155, 'generation': 368}"
"{'id': 28526, 'rank': 1, 'fitness': 0.9820137900379085, 'generation': 369}","{'id': 28592, 'rank': 2, 'fitness': 0.9819728787560263, 'generation': 369}","{'id': 28594, 'rank': 3, 'fitness': 0.9819633317584308, 'generation': 369}","{'id': 28594, 'rank': 4, 'fitness': 0.9819633317584308, 'generation': 369}","{'id': 28409, 'rank': 5, 'fitness': 0.9819560315608233, 'generation': 369}","{'id': 28622, 'rank': 6, 'fitness': 0.9819137479238931, 'generation': 369}","{'id': 28371, 'rank': 7, 'fitness': 0.9818521470876391, 'generation': 369}","{'id': 28552, 'rank': 8, 'fitness': 0.9817891399903698, 'generation': 369}","{'id': 28443, 'rank': 9, 'fitness': 0.9817170722988271, 'generation': 369}","{'id': 28627, 'rank': 10, 'fitness': 0.9817036816794829, 'generation': 369}","{'id': 28579, 'rank': 11, 'fitness': 0.9816436881947077, 'generation': 369}","{'id': 28589, 'rank': 12, 'fitness': 0.9816184990498285, 'generation': 369}","{'id': 28604, 'rank': 13, 'fitness': 0.9815775178318594, 'generation': 369}","{'id': 28604, 'rank': 14, 'fitness': 0.9815775178318594, 'generation': 369}","{'id': 28626, 'rank': 15, 'fitness': 0.9815715599935475, 'generation': 369}","{'id': 28577, 'rank': 16, 'fitness': 0.9814389645831534, 'generation': 369}","{'id': 28596, 'rank': 17, 'fitness': 0.9814261401089179, 'generation': 369}","{'id': 28601, 'rank': 18, 'fitness': 0.9813091387326138, 'generation': 369}","{'id': 28200, 'rank': 19, 'fitness': 0.9812118916440626, 'generation': 369}","{'id': 28200, 'rank': 20, 'fitness': 0.9812118916440626, 'generation': 369}","{'id': 28621, 'rank': 21, 'fitness': 0.9812094876626645, 'generation': 369}","{'id': 28600, 'rank': 22, 'fitness': 0.9811162640776435, 'generation': 369}","{'id': 28584, 'rank': 23, 'fitness': 0.9810378992804762, 'generation': 369}","{'id': 28599, 'rank': 24, 'fitness': 0.980980831947409, 'generation': 369}","{'id': 28572, 'rank': 25, 'fitness': 0.9809367591245903, 'generation': 369}","{'id': 28598, 'rank': 26, 'fitness': 0.980926327116639, 'generation': 369}","{'id': 28597, 'rank': 27, 'fitness': 0.9808517494188298, 'generation': 369}","{'id': 28634, 'rank': 28, 'fitness': 0.9782916056050288, 'generation': 369}","{'id': 28464, 'rank': 29, 'fitness': 0.9779595554284519, 'generation': 369}","{'id': 28637, 'rank': 30, 'fitness': 0.01798620996209155, 'generation': 369}"
"{'id': 28592, 'rank': 1, 'fitness': 0.9820137900379085, 'generation': 370}","{'id': 28669, 'rank': 2, 'fitness': 0.9691838446819914, 'generation': 370}","{'id': 28669, 'rank': 3, 'fitness': 0.9691838446819914, 'generation': 370}","{'id': 28679, 'rank': 4, 'fitness': 0.9657731160218844, 'generation': 370}","{'id': 28679, 'rank': 5, 'fitness': 0.9657731160218844, 'generation': 370}","{'id': 28371, 'rank': 6, 'fitness': 0.9641881578413429, 'generation': 370}","{'id': 28371, 'rank': 7, 'fitness': 0.9641881578413429, 'generation': 370}","{'id': 28668, 'rank': 8, 'fitness': 0.9590196871030405, 'generation': 370}","{'id': 28670, 'rank': 9, 'fitness': 0.9553664650714624, 'generation': 370}","{'id': 28648, 'rank': 10, 'fitness': 0.9483872790919414, 'generation': 370}","{'id': 28697, 'rank': 11, 'fitness': 0.9391515957729937, 'generation': 370}","{'id': 28443, 'rank': 12, 'fitness': 0.9246641803062813, 'generation': 370}","{'id': 28627, 'rank': 13, 'fitness': 0.9190799709435659, 'generation': 370}","{'id': 28709, 'rank': 14, 'fitness': 0.9121722866119094, 'generation': 370}","{'id': 28579, 'rank': 15, 'fitness': 0.8892488241484846, 'generation': 370}","{'id': 28722, 'rank': 16, 'fitness': 0.8353323427560334, 'generation': 370}","{'id': 28642, 'rank': 17, 'fitness': 0.785589273980357, 'generation': 370}","{'id': 28727, 'rank': 18, 'fitness': 0.7817295145827823, 'generation': 370}","{'id': 28688, 'rank': 19, 'fitness': 0.6427603591148301, 'generation': 370}","{'id': 28641, 'rank': 20, 'fitness': 0.5685580692735654, 'generation': 370}","{'id': 28705, 'rank': 21, 'fitness': 0.485628003203426, 'generation': 370}","{'id': 28655, 'rank': 22, 'fitness': 0.29975767430005956, 'generation': 370}","{'id': 28695, 'rank': 23, 'fitness': 0.203698346132692, 'generation': 370}","{'id': 28683, 'rank': 24, 'fitness': 0.1593763546426501, 'generation': 370}","{'id': 28598, 'rank': 25, 'fitness': 0.12132734758648378, 'generation': 370}","{'id': 28712, 'rank': 26, 'fitness': 0.10227516091437883, 'generation': 370}","{'id': 28657, 'rank': 27, 'fitness': 0.09041568594425298, 'generation': 370}","{'id': 28665, 'rank': 28, 'fitness': 0.031373963945850625, 'generation': 370}","{'id': 28677, 'rank': 29, 'fitness': 0.028722847416671526, 'generation': 370}","{'id': 28658, 'rank': 30, 'fitness': 0.01798620996209155, 'generation': 370}"
"{'id': 28592, 'rank': 1, 'fitness': 0.9820137900379085, 'generation': 371}","{'id': 28759, 'rank': 2, 'fitness': 0.9819575125490513, 'generation': 371}","{'id': 28669, 'rank': 3, 'fitness': 0.9818966999688915, 'generation': 371}","{'id': 28669, 'rank': 4, 'fitness': 0.9818966999688915, 'generation': 371}","{'id': 28371, 'rank': 5, 'fitness': 0.9818635752965285, 'generation': 371}","{'id': 28754, 'rank': 6, 'fitness': 0.9817686947526301, 'generation': 371}","{'id': 28786, 'rank': 7, 'fitness': 0.9816788645138343, 'generation': 371}","{'id': 28627, 'rank': 8, 'fitness': 0.9816785232089722, 'generation': 371}","{'id': 28579, 'rank': 9, 'fitness': 0.9816036423472463, 'generation': 371}","{'id': 28773, 'rank': 10, 'fitness': 0.9815685503458382, 'generation': 371}","{'id': 28766, 'rank': 11, 'fitness': 0.9815291243890698, 'generation': 371}","{'id': 28766, 'rank': 12, 'fitness': 0.9815291243890698, 'generation': 371}","{'id': 28743, 'rank': 13, 'fitness': 0.9815246053807407, 'generation': 371}","{'id': 28722, 'rank': 14, 'fitness': 0.981504037904324, 'generation': 371}","{'id': 28727, 'rank': 15, 'fitness': 0.981428172228234, 'generation': 371}","{'id': 28762, 'rank': 16, 'fitness': 0.9814261730685678, 'generation': 371}","{'id': 28783, 'rank': 17, 'fitness': 0.9814070938972246, 'generation': 371}","{'id': 28688, 'rank': 18, 'fitness': 0.9812772506299785, 'generation': 371}","{'id': 28784, 'rank': 19, 'fitness': 0.9812733872237838, 'generation': 371}","{'id': 28785, 'rank': 20, 'fitness': 0.9811261813210249, 'generation': 371}","{'id': 28790, 'rank': 21, 'fitness': 0.9809376372049063, 'generation': 371}","{'id': 28771, 'rank': 22, 'fitness': 0.980891347983907, 'generation': 371}","{'id': 28771, 'rank': 23, 'fitness': 0.980891347983907, 'generation': 371}","{'id': 28771, 'rank': 24, 'fitness': 0.980891347983907, 'generation': 371}","{'id': 28695, 'rank': 25, 'fitness': 0.9808430289420178, 'generation': 371}","{'id': 28777, 'rank': 26, 'fitness': 0.980209334269379, 'generation': 371}","{'id': 28777, 'rank': 27, 'fitness': 0.980209334269379, 'generation': 371}","{'id': 28730, 'rank': 28, 'fitness': 0.9800801886760737, 'generation': 371}","{'id': 28729, 'rank': 29, 'fitness': 0.9792873444005293, 'generation': 371}","{'id': 28740, 'rank': 30, 'fitness': 0.01798620996209155, 'generation': 371}"
"{'id': 28592, 'rank': 1, 'fitness': 0.9820137900379085, 'generation': 372}","{'id': 28873, 'rank': 2, 'fitness': 0.9646302175713886, 'generation': 372}","{'id': 28669, 'rank': 3, 'fitness': 0.9478064324216765, 'generation': 372}","{'id': 28854, 'rank': 4, 'fitness': 0.9315639631722255, 'generation': 372}","{'id': 28877, 'rank': 5, 'fitness': 0.9264847779840677, 'generation': 372}","{'id': 28852, 'rank': 6, 'fitness': 0.9137205334515158, 'generation': 372}","{'id': 28851, 'rank': 7, 'fitness': 0.9104418070640903, 'generation': 372}","{'id': 28875, 'rank': 8, 'fitness': 0.7764526633419544, 'generation': 372}","{'id': 28627, 'rank': 9, 'fitness': 0.704025825927918, 'generation': 372}","{'id': 28792, 'rank': 10, 'fitness': 0.6680973042173426, 'generation': 372}","{'id': 28579, 'rank': 11, 'fitness': 0.5434862717985816, 'generation': 372}","{'id': 28579, 'rank': 12, 'fitness': 0.5434862717985816, 'generation': 372}","{'id': 28829, 'rank': 13, 'fitness': 0.49928946703634103, 'generation': 372}","{'id': 28829, 'rank': 14, 'fitness': 0.49928946703634103, 'generation': 372}","{'id': 28773, 'rank': 15, 'fitness': 0.4628101897422471, 'generation': 372}","{'id': 28766, 'rank': 16, 'fitness': 0.37480026131833266, 'generation': 372}","{'id': 28839, 'rank': 17, 'fitness': 0.285579170477016, 'generation': 372}","{'id': 28836, 'rank': 18, 'fitness': 0.28119909382971076, 'generation': 372}","{'id': 28881, 'rank': 19, 'fitness': 0.22842141900708607, 'generation': 372}","{'id': 28832, 'rank': 20, 'fitness': 0.2275244856755963, 'generation': 372}","{'id': 28805, 'rank': 21, 'fitness': 0.20825918376390107, 'generation': 372}","{'id': 28762, 'rank': 22, 'fitness': 0.1892233966081554, 'generation': 372}","{'id': 28828, 'rank': 23, 'fitness': 0.11418902668487618, 'generation': 372}","{'id': 28835, 'rank': 24, 'fitness': 0.044566791258220495, 'generation': 372}","{'id': 28817, 'rank': 25, 'fitness': 0.040946377599842154, 'generation': 372}","{'id': 28864, 'rank': 26, 'fitness': 0.03890751909345541, 'generation': 372}","{'id': 28816, 'rank': 27, 'fitness': 0.027752274300225033, 'generation': 372}","{'id': 28816, 'rank': 28, 'fitness': 0.027752274300225033, 'generation': 372}","{'id': 28837, 'rank': 29, 'fitness': 0.021002774438910132, 'generation': 372}","{'id': 28804, 'rank': 30, 'fitness': 0.01798620996209155, 'generation': 372}"
"{'id': 28592, 'rank': 1, 'fitness': 0.9820137900379085, 'generation': 373}","{'id': 28873, 'rank': 2, 'fitness': 0.9819640601006654, 'generation': 373}","{'id': 28910, 'rank': 3, 'fitness': 0.981918075318603, 'generation': 373}","{'id': 28854, 'rank': 4, 'fitness': 0.9819141370258051, 'generation': 373}","{'id': 28851, 'rank': 5, 'fitness': 0.9818931248148661, 'generation': 373}","{'id': 28875, 'rank': 6, 'fitness': 0.9818156187425595, 'generation': 373}","{'id': 28792, 'rank': 7, 'fitness': 0.9817761235912202, 'generation': 373}","{'id': 28579, 'rank': 8, 'fitness': 0.9817380196285647, 'generation': 373}","{'id': 28579, 'rank': 9, 'fitness': 0.9817380196285647, 'generation': 373}","{'id': 28829, 'rank': 10, 'fitness': 0.981725144033007, 'generation': 373}","{'id': 28829, 'rank': 11, 'fitness': 0.981725144033007, 'generation': 373}","{'id': 28773, 'rank': 12, 'fitness': 0.981714516457672, 'generation': 373}","{'id': 28832, 'rank': 13, 'fitness': 0.9816363054950547, 'generation': 373}","{'id': 28828, 'rank': 14, 'fitness': 0.9815758697877446, 'generation': 373}","{'id': 28835, 'rank': 15, 'fitness': 0.9815012535722059, 'generation': 373}","{'id': 28817, 'rank': 16, 'fitness': 0.9814947428177931, 'generation': 373}","{'id': 28817, 'rank': 17, 'fitness': 0.9814947428177931, 'generation': 373}","{'id': 28817, 'rank': 18, 'fitness': 0.9814947428177931, 'generation': 373}","{'id': 28864, 'rank': 19, 'fitness': 0.9814908283090857, 'generation': 373}","{'id': 28837, 'rank': 20, 'fitness': 0.9814440418001552, 'generation': 373}","{'id': 28926, 'rank': 21, 'fitness': 0.9807551532786714, 'generation': 373}","{'id': 28885, 'rank': 22, 'fitness': 0.9133455781130146, 'generation': 373}","{'id': 28886, 'rank': 23, 'fitness': 0.9015886134097341, 'generation': 373}","{'id': 28913, 'rank': 24, 'fitness': 0.6318439504997209, 'generation': 373}","{'id': 28888, 'rank': 25, 'fitness': 0.5696917867047907, 'generation': 373}","{'id': 28916, 'rank': 26, 'fitness': 0.21899196990782532, 'generation': 373}","{'id': 28900, 'rank': 27, 'fitness': 0.1836302377764386, 'generation': 373}","{'id': 28900, 'rank': 28, 'fitness': 0.1836302377764386, 'generation': 373}","{'id': 28928, 'rank': 29, 'fitness': 0.03153200759052033, 'generation': 373}","{'id': 28925, 'rank': 30, 'fitness': 0.01798620996209155, 'generation': 373}"
"{'id': 28962, 'rank': 1, 'fitness': 0.9820137900379085, 'generation': 374}","{'id': 28962, 'rank': 2, 'fitness': 0.9820137900379085, 'generation': 374}","{'id': 28979, 'rank': 3, 'fitness': 0.9819828775155958, 'generation': 374}","{'id': 28979, 'rank': 4, 'fitness': 0.9819828775155958, 'generation': 374}","{'id': 28931, 'rank': 5, 'fitness': 0.9819697364303803, 'generation': 374}","{'id': 28910, 'rank': 6, 'fitness': 0.9819505682032433, 'generation': 374}","{'id': 28854, 'rank': 7, 'fitness': 0.9819462927294713, 'generation': 374}","{'id': 28982, 'rank': 8, 'fitness': 0.9819159109457901, 'generation': 374}","{'id': 28978, 'rank': 9, 'fitness': 0.9819137575323421, 'generation': 374}","{'id': 28930, 'rank': 10, 'fitness': 0.9818709060404747, 'generation': 374}","{'id': 28998, 'rank': 11, 'fitness': 0.9818004195027191, 'generation': 374}","{'id': 28963, 'rank': 12, 'fitness': 0.9817802533821984, 'generation': 374}","{'id': 28963, 'rank': 13, 'fitness': 0.9817802533821984, 'generation': 374}","{'id': 28951, 'rank': 14, 'fitness': 0.981773887735301, 'generation': 374}","{'id': 28964, 'rank': 15, 'fitness': 0.9817523039318375, 'generation': 374}","{'id': 28773, 'rank': 16, 'fitness': 0.9817294769453198, 'generation': 374}","{'id': 28996, 'rank': 17, 'fitness': 0.9815981785260406, 'generation': 374}","{'id': 28988, 'rank': 18, 'fitness': 0.9815825763549193, 'generation': 374}","{'id': 28965, 'rank': 19, 'fitness': 0.9815488507555281, 'generation': 374}","{'id': 28937, 'rank': 20, 'fitness': 0.9815328506915748, 'generation': 374}","{'id': 28937, 'rank': 21, 'fitness': 0.9815328506915748, 'generation': 374}","{'id': 28937, 'rank': 22, 'fitness': 0.9815328506915748, 'generation': 374}","{'id': 28983, 'rank': 23, 'fitness': 0.9815126132138681, 'generation': 374}","{'id': 28949, 'rank': 24, 'fitness': 0.9814998730356692, 'generation': 374}","{'id': 28817, 'rank': 25, 'fitness': 0.9814905368609446, 'generation': 374}","{'id': 28971, 'rank': 26, 'fitness': 0.9814182797591979, 'generation': 374}","{'id': 28971, 'rank': 27, 'fitness': 0.9814182797591979, 'generation': 374}","{'id': 28945, 'rank': 28, 'fitness': 0.9812511096334138, 'generation': 374}","{'id': 28948, 'rank': 29, 'fitness': 0.9812474576569321, 'generation': 374}","{'id': 29005, 'rank': 30, 'fitness': 0.01798620996209155, 'generation': 374}"
"{'id': 29028, 'rank': 1, 'fitness': 0.9820137900379085, 'generation': 375}","{'id': 29028, 'rank': 2, 'fitness': 0.9820137900379085, 'generation': 375}","{'id': 29028, 'rank': 3, 'fitness': 0.9820137900379085, 'generation': 375}","{'id': 28979, 'rank': 4, 'fitness': 0.9748322120281594, 'generation': 375}","{'id': 28979, 'rank': 5, 'fitness': 0.9748322120281594, 'generation': 375}","{'id': 28979, 'rank': 6, 'fitness': 0.9748322120281594, 'generation': 375}","{'id': 29006, 'rank': 7, 'fitness': 0.9498466979494623, 'generation': 375}","{'id': 29016, 'rank': 8, 'fitness': 0.9398668685926694, 'generation': 375}","{'id': 29016, 'rank': 9, 'fitness': 0.9398668685926694, 'generation': 375}","{'id': 28978, 'rank': 10, 'fitness': 0.9383513833609279, 'generation': 375}","{'id': 29013, 'rank': 11, 'fitness': 0.9146804282463279, 'generation': 375}","{'id': 29020, 'rank': 12, 'fitness': 0.9053786515962821, 'generation': 375}","{'id': 29047, 'rank': 13, 'fitness': 0.895320788620154, 'generation': 375}","{'id': 29029, 'rank': 14, 'fitness': 0.8797434490244511, 'generation': 375}","{'id': 29029, 'rank': 15, 'fitness': 0.8797434490244511, 'generation': 375}","{'id': 29075, 'rank': 16, 'fitness': 0.8664669509635519, 'generation': 375}","{'id': 29061, 'rank': 17, 'fitness': 0.7296997690677764, 'generation': 375}","{'id': 28951, 'rank': 18, 'fitness': 0.699152893690781, 'generation': 375}","{'id': 29022, 'rank': 19, 'fitness': 0.5700227478638362, 'generation': 375}","{'id': 29067, 'rank': 20, 'fitness': 0.5434514164653771, 'generation': 375}","{'id': 29050, 'rank': 21, 'fitness': 0.3764746915328306, 'generation': 375}","{'id': 29074, 'rank': 22, 'fitness': 0.33153386121169637, 'generation': 375}","{'id': 29068, 'rank': 23, 'fitness': 0.29936577967977046, 'generation': 375}","{'id': 29027, 'rank': 24, 'fitness': 0.2607219906087186, 'generation': 375}","{'id': 28996, 'rank': 25, 'fitness': 0.18276164502016518, 'generation': 375}","{'id': 29054, 'rank': 26, 'fitness': 0.16832897564011173, 'generation': 375}","{'id': 29081, 'rank': 27, 'fitness': 0.15365927081163577, 'generation': 375}","{'id': 29034, 'rank': 28, 'fitness': 0.07720587591229489, 'generation': 375}","{'id': 28983, 'rank': 29, 'fitness': 0.06724344916226055, 'generation': 375}","{'id': 29051, 'rank': 30, 'fitness': 0.01798620996209155, 'generation': 375}"
"{'id': 29091, 'rank': 1, 'fitness': 0.9820137900379085, 'generation': 376}","{'id': 29091, 'rank': 2, 'fitness': 0.9820137900379085, 'generation': 376}","{'id': 29028, 'rank': 3, 'fitness': 0.9820101245288142, 'generation': 376}","{'id': 29028, 'rank': 4, 'fitness': 0.9820101245288142, 'generation': 376}","{'id': 29100, 'rank': 5, 'fitness': 0.9819866376391609, 'generation': 376}","{'id': 28979, 'rank': 6, 'fitness': 0.98195120219815, 'generation': 376}","{'id': 28979, 'rank': 7, 'fitness': 0.98195120219815, 'generation': 376}","{'id': 28979, 'rank': 8, 'fitness': 0.98195120219815, 'generation': 376}","{'id': 29122, 'rank': 9, 'fitness': 0.9819262017648072, 'generation': 376}","{'id': 29086, 'rank': 10, 'fitness': 0.9818163981928103, 'generation': 376}","{'id': 29135, 'rank': 11, 'fitness': 0.9818156666975548, 'generation': 376}","{'id': 29135, 'rank': 12, 'fitness': 0.9818156666975548, 'generation': 376}","{'id': 29085, 'rank': 13, 'fitness': 0.9817460035052432, 'generation': 376}","{'id': 29111, 'rank': 14, 'fitness': 0.9817305003052628, 'generation': 376}","{'id': 29013, 'rank': 15, 'fitness': 0.9817290463458943, 'generation': 376}","{'id': 29047, 'rank': 16, 'fitness': 0.9816897029011559, 'generation': 376}","{'id': 29121, 'rank': 17, 'fitness': 0.9816620018840179, 'generation': 376}","{'id': 29121, 'rank': 18, 'fitness': 0.9816620018840179, 'generation': 376}","{'id': 29089, 'rank': 19, 'fitness': 0.9816551230385331, 'generation': 376}","{'id': 29061, 'rank': 20, 'fitness': 0.9814875525758454, 'generation': 376}","{'id': 29108, 'rank': 21, 'fitness': 0.981311180740221, 'generation': 376}","{'id': 29081, 'rank': 22, 'fitness': 0.9810057742625687, 'generation': 376}","{'id': 29130, 'rank': 23, 'fitness': 0.9797058398926528, 'generation': 376}","{'id': 29133, 'rank': 24, 'fitness': 0.9796935013664898, 'generation': 376}","{'id': 29128, 'rank': 25, 'fitness': 0.9793734828023302, 'generation': 376}","{'id': 29125, 'rank': 26, 'fitness': 0.9789304833092045, 'generation': 376}","{'id': 29084, 'rank': 27, 'fitness': 0.9700382894381692, 'generation': 376}","{'id': 29102, 'rank': 28, 'fitness': 0.9647831461031287, 'generation': 376}","{'id': 29117, 'rank': 29, 'fitness': 0.03196055222440958, 'generation': 376}","{'id': 29093, 'rank': 30, 'fitness': 0.01798620996209155, 'generation': 376}"
"{'id': 29091, 'rank': 1, 'fitness': 0.9820137900379085, 'generation': 377}","{'id': 29028, 'rank': 2, 'fitness': 0.981774008051942, 'generation': 377}","{'id': 29028, 'rank': 3, 'fitness': 0.981774008051942, 'generation': 377}","{'id': 29028, 'rank': 4, 'fitness': 0.981774008051942, 'generation': 377}","{'id': 29100, 'rank': 5, 'fitness': 0.980162696188047, 'generation': 377}","{'id': 29100, 'rank': 6, 'fitness': 0.980162696188047, 'generation': 377}","{'id': 28979, 'rank': 7, 'fitness': 0.9774689482901411, 'generation': 377}","{'id': 28979, 'rank': 8, 'fitness': 0.9774689482901411, 'generation': 377}","{'id': 29122, 'rank': 9, 'fitness': 0.9753602789399756, 'generation': 377}","{'id': 29154, 'rank': 10, 'fitness': 0.9703140339668328, 'generation': 377}","{'id': 29225, 'rank': 11, 'fitness': 0.9665993097364283, 'generation': 377}","{'id': 29161, 'rank': 12, 'fitness': 0.9643957561205606, 'generation': 377}","{'id': 29213, 'rank': 13, 'fitness': 0.9632347641469499, 'generation': 377}","{'id': 29173, 'rank': 14, 'fitness': 0.9589444527493903, 'generation': 377}","{'id': 29217, 'rank': 15, 'fitness': 0.9572427004801032, 'generation': 377}","{'id': 29111, 'rank': 16, 'fitness': 0.9509901558343132, 'generation': 377}","{'id': 29168, 'rank': 17, 'fitness': 0.9394793823646512, 'generation': 377}","{'id': 29121, 'rank': 18, 'fitness': 0.938063273163565, 'generation': 377}","{'id': 29089, 'rank': 19, 'fitness': 0.936604695832992, 'generation': 377}","{'id': 29224, 'rank': 20, 'fitness': 0.934641875480406, 'generation': 377}","{'id': 29176, 'rank': 21, 'fitness': 0.9287306921576644, 'generation': 377}","{'id': 29204, 'rank': 22, 'fitness': 0.9264411124603913, 'generation': 377}","{'id': 29189, 'rank': 23, 'fitness': 0.9200608372445593, 'generation': 377}","{'id': 29147, 'rank': 24, 'fitness': 0.8456235818945403, 'generation': 377}","{'id': 29160, 'rank': 25, 'fitness': 0.7559168670135457, 'generation': 377}","{'id': 29226, 'rank': 26, 'fitness': 0.7125885209672302, 'generation': 377}","{'id': 29162, 'rank': 27, 'fitness': 0.6229949565943125, 'generation': 377}","{'id': 29164, 'rank': 28, 'fitness': 0.349780466584546, 'generation': 377}","{'id': 29165, 'rank': 29, 'fitness': 0.18359961983841666, 'generation': 377}","{'id': 29130, 'rank': 30, 'fitness': 0.01798620996209155, 'generation': 377}"
"{'id': 29235, 'rank': 1, 'fitness': 0.9820137900379085, 'generation': 378}","{'id': 29283, 'rank': 2, 'fitness': 0.9679038422566746, 'generation': 378}","{'id': 29298, 'rank': 3, 'fitness': 0.9564748223960525, 'generation': 378}","{'id': 29296, 'rank': 4, 'fitness': 0.9563022198003206, 'generation': 378}","{'id': 29091, 'rank': 5, 'fitness': 0.9554443113337012, 'generation': 378}","{'id': 29293, 'rank': 6, 'fitness': 0.9502924350293125, 'generation': 378}","{'id': 29270, 'rank': 7, 'fitness': 0.9497404584157837, 'generation': 378}","{'id': 28979, 'rank': 8, 'fitness': 0.949124985250039, 'generation': 378}","{'id': 29122, 'rank': 9, 'fitness': 0.9463774097462694, 'generation': 378}","{'id': 29154, 'rank': 10, 'fitness': 0.9401769897924755, 'generation': 378}","{'id': 29173, 'rank': 11, 'fitness': 0.9276499534266947, 'generation': 378}","{'id': 29217, 'rank': 12, 'fitness': 0.9259076700745245, 'generation': 378}","{'id': 29292, 'rank': 13, 'fitness': 0.9222718834722443, 'generation': 378}","{'id': 29260, 'rank': 14, 'fitness': 0.9150501800765336, 'generation': 378}","{'id': 29121, 'rank': 15, 'fitness': 0.9079406737221632, 'generation': 378}","{'id': 29189, 'rank': 16, 'fitness': 0.8930672742446039, 'generation': 378}","{'id': 29234, 'rank': 17, 'fitness': 0.8675433938789621, 'generation': 378}","{'id': 29266, 'rank': 18, 'fitness': 0.8672100622566317, 'generation': 378}","{'id': 29295, 'rank': 19, 'fitness': 0.8190057507468735, 'generation': 378}","{'id': 29160, 'rank': 20, 'fitness': 0.7903976839128841, 'generation': 378}","{'id': 29256, 'rank': 21, 'fitness': 0.7563641505677923, 'generation': 378}","{'id': 29273, 'rank': 22, 'fitness': 0.7541516110154038, 'generation': 378}","{'id': 29247, 'rank': 23, 'fitness': 0.7343527491394402, 'generation': 378}","{'id': 29288, 'rank': 24, 'fitness': 0.6615469826575943, 'generation': 378}","{'id': 29288, 'rank': 25, 'fitness': 0.6615469826575943, 'generation': 378}","{'id': 29290, 'rank': 26, 'fitness': 0.5854689078239429, 'generation': 378}","{'id': 29255, 'rank': 27, 'fitness': 0.33414524193933215, 'generation': 378}","{'id': 29306, 'rank': 28, 'fitness': 0.11897560845078181, 'generation': 378}","{'id': 29307, 'rank': 29, 'fitness': 0.07662271743605059, 'generation': 378}","{'id': 29272, 'rank': 30, 'fitness': 0.01798620996209155, 'generation': 378}"
"{'id': 29235, 'rank': 1, 'fitness': 0.9820137900379085, 'generation': 379}","{'id': 29349, 'rank': 2, 'fitness': 0.9819259214364692, 'generation': 379}","{'id': 29283, 'rank': 3, 'fitness': 0.9814591950927221, 'generation': 379}","{'id': 29298, 'rank': 4, 'fitness': 0.9811566887188112, 'generation': 379}","{'id': 29296, 'rank': 5, 'fitness': 0.9811527013501493, 'generation': 379}","{'id': 29091, 'rank': 6, 'fitness': 0.9811330906910738, 'generation': 379}","{'id': 29091, 'rank': 7, 'fitness': 0.9811330906910738, 'generation': 379}","{'id': 29091, 'rank': 8, 'fitness': 0.9811330906910738, 'generation': 379}","{'id': 29293, 'rank': 9, 'fitness': 0.981022008291278, 'generation': 379}","{'id': 29154, 'rank': 10, 'fitness': 0.9808309753646381, 'generation': 379}","{'id': 29154, 'rank': 11, 'fitness': 0.9808309753646381, 'generation': 379}","{'id': 29173, 'rank': 12, 'fitness': 0.9806305317429794, 'generation': 379}","{'id': 29217, 'rank': 13, 'fitness': 0.9806051009218382, 'generation': 379}","{'id': 29260, 'rank': 14, 'fitness': 0.9804573305643485, 'generation': 379}","{'id': 29386, 'rank': 15, 'fitness': 0.9795733501242038, 'generation': 379}","{'id': 29160, 'rank': 16, 'fitness': 0.9793813083212454, 'generation': 379}","{'id': 29247, 'rank': 17, 'fitness': 0.9790520130506057, 'generation': 379}","{'id': 29247, 'rank': 18, 'fitness': 0.9790520130506057, 'generation': 379}","{'id': 29329, 'rank': 19, 'fitness': 0.9787733519001558, 'generation': 379}","{'id': 29288, 'rank': 20, 'fitness': 0.9786783305261169, 'generation': 379}","{'id': 29320, 'rank': 21, 'fitness': 0.9784779703788062, 'generation': 379}","{'id': 29346, 'rank': 22, 'fitness': 0.9776342197137757, 'generation': 379}","{'id': 29345, 'rank': 23, 'fitness': 0.9753395539916855, 'generation': 379}","{'id': 29370, 'rank': 24, 'fitness': 0.9751068719626989, 'generation': 379}","{'id': 29366, 'rank': 25, 'fitness': 0.9733138931295453, 'generation': 379}","{'id': 29364, 'rank': 26, 'fitness': 0.9732067375255089, 'generation': 379}","{'id': 29363, 'rank': 27, 'fitness': 0.9718527125897296, 'generation': 379}","{'id': 29365, 'rank': 28, 'fitness': 0.9702480623068316, 'generation': 379}","{'id': 29347, 'rank': 29, 'fitness': 0.5304511488106262, 'generation': 379}","{'id': 29375, 'rank': 30, 'fitness': 0.01798620996209155, 'generation': 379}"
"{'id': 29349, 'rank': 1, 'fitness': 0.9820137900379085, 'generation': 380}","{'id': 29349, 'rank': 2, 'fitness': 0.9820137900379085, 'generation': 380}","{'id': 29091, 'rank': 3, 'fitness': 0.9581478718934788, 'generation': 380}","{'id': 29091, 'rank': 4, 'fitness': 0.9581478718934788, 'generation': 380}","{'id': 29411, 'rank': 5, 'fitness': 0.949431596174214, 'generation': 380}","{'id': 29449, 'rank': 6, 'fitness': 0.9491672827547964, 'generation': 380}","{'id': 29413, 'rank': 7, 'fitness': 0.9467928827513057, 'generation': 380}","{'id': 29414, 'rank': 8, 'fitness': 0.946490605549086, 'generation': 380}","{'id': 29404, 'rank': 9, 'fitness': 0.9447666916026385, 'generation': 380}","{'id': 29404, 'rank': 10, 'fitness': 0.9447666916026385, 'generation': 380}","{'id': 29154, 'rank': 11, 'fitness': 0.9431635629060058, 'generation': 380}","{'id': 29415, 'rank': 12, 'fitness': 0.9331047066503794, 'generation': 380}","{'id': 29448, 'rank': 13, 'fitness': 0.9311507353230781, 'generation': 380}","{'id': 29448, 'rank': 14, 'fitness': 0.9311507353230781, 'generation': 380}","{'id': 29217, 'rank': 15, 'fitness': 0.9290182015795294, 'generation': 380}","{'id': 29260, 'rank': 16, 'fitness': 0.9181809256405146, 'generation': 380}","{'id': 29447, 'rank': 17, 'fitness': 0.9014010617319748, 'generation': 380}","{'id': 29387, 'rank': 18, 'fitness': 0.8739539648416395, 'generation': 380}","{'id': 29440, 'rank': 19, 'fitness': 0.8383979118470541, 'generation': 380}","{'id': 29386, 'rank': 20, 'fitness': 0.8206637880861527, 'generation': 380}","{'id': 29420, 'rank': 21, 'fitness': 0.8116316880509107, 'generation': 380}","{'id': 29247, 'rank': 22, 'fitness': 0.7329171710849569, 'generation': 380}","{'id': 29247, 'rank': 23, 'fitness': 0.7329171710849569, 'generation': 380}","{'id': 29395, 'rank': 24, 'fitness': 0.6220291600034183, 'generation': 380}","{'id': 29396, 'rank': 25, 'fitness': 0.6127346207814105, 'generation': 380}","{'id': 29450, 'rank': 26, 'fitness': 0.5268358134863652, 'generation': 380}","{'id': 29428, 'rank': 27, 'fitness': 0.50016193474359, 'generation': 380}","{'id': 29465, 'rank': 28, 'fitness': 0.05226164924982524, 'generation': 380}","{'id': 29402, 'rank': 29, 'fitness': 0.035609309416854196, 'generation': 380}","{'id': 29364, 'rank': 30, 'fitness': 0.01798620996209155, 'generation': 380}"
"{'id': 29474, 'rank': 1, 'fitness': 0.9820137900379085, 'generation': 381}","{'id': 29474, 'rank': 2, 'fitness': 0.9820137900379085, 'generation': 381}","{'id': 29474, 'rank': 3, 'fitness': 0.9820137900379085, 'generation': 381}","{'id': 29474, 'rank': 4, 'fitness': 0.9820137900379085, 'generation': 381}","{'id': 29473, 'rank': 5, 'fitness': 0.981414688439729, 'generation': 381}","{'id': 29411, 'rank': 6, 'fitness': 0.9813254792503759, 'generation': 381}","{'id': 29411, 'rank': 7, 'fitness': 0.9813254792503759, 'generation': 381}","{'id': 29413, 'rank': 8, 'fitness': 0.9812618201734989, 'generation': 381}","{'id': 29448, 'rank': 9, 'fitness': 0.980932890437189, 'generation': 381}","{'id': 29217, 'rank': 10, 'fitness': 0.9808931973762742, 'generation': 381}","{'id': 29545, 'rank': 11, 'fitness': 0.9805243958931884, 'generation': 381}","{'id': 29386, 'rank': 12, 'fitness': 0.9795776100309281, 'generation': 381}","{'id': 29420, 'rank': 13, 'fitness': 0.9794996098424786, 'generation': 381}","{'id': 29247, 'rank': 14, 'fitness': 0.9789057122890454, 'generation': 381}","{'id': 29450, 'rank': 15, 'fitness': 0.9776674425067038, 'generation': 381}","{'id': 29479, 'rank': 16, 'fitness': 0.9761770271495162, 'generation': 381}","{'id': 29538, 'rank': 17, 'fitness': 0.974570964824199, 'generation': 381}","{'id': 29498, 'rank': 18, 'fitness': 0.9736115923172464, 'generation': 381}","{'id': 29498, 'rank': 19, 'fitness': 0.9736115923172464, 'generation': 381}","{'id': 29532, 'rank': 20, 'fitness': 0.9718386330368081, 'generation': 381}","{'id': 29524, 'rank': 21, 'fitness': 0.971487584446742, 'generation': 381}","{'id': 29364, 'rank': 22, 'fitness': 0.9710725287919756, 'generation': 381}","{'id': 29517, 'rank': 23, 'fitness': 0.9694113153978374, 'generation': 381}","{'id': 29525, 'rank': 24, 'fitness': 0.9682124898054298, 'generation': 381}","{'id': 29509, 'rank': 25, 'fitness': 0.9616479768643573, 'generation': 381}","{'id': 29527, 'rank': 26, 'fitness': 0.9611508557136337, 'generation': 381}","{'id': 29488, 'rank': 27, 'fitness': 0.9227055392280064, 'generation': 381}","{'id': 29488, 'rank': 28, 'fitness': 0.9227055392280064, 'generation': 381}","{'id': 29481, 'rank': 29, 'fitness': 0.049592399610801696, 'generation': 381}","{'id': 29530, 'rank': 30, 'fitness': 0.01798620996209155, 'generation': 381}"
"{'id': 29474, 'rank': 1, 'fitness': 0.9820137900379085, 'generation': 382}","{'id': 29474, 'rank': 2, 'fitness': 0.9820137900379085, 'generation': 382}","{'id': 29611, 'rank': 3, 'fitness': 0.9784094738402309, 'generation': 382}","{'id': 29610, 'rank': 4, 'fitness': 0.9725844103547107, 'generation': 382}","{'id': 29608, 'rank': 5, 'fitness': 0.9724361804686619, 'generation': 382}","{'id': 29473, 'rank': 6, 'fitness': 0.9704576736512652, 'generation': 382}","{'id': 29612, 'rank': 7, 'fitness': 0.9693275210985222, 'generation': 382}","{'id': 29411, 'rank': 8, 'fitness': 0.9682522123985999, 'generation': 382}","{'id': 29594, 'rank': 9, 'fitness': 0.966803405037704, 'generation': 382}","{'id': 29587, 'rank': 10, 'fitness': 0.9664015235946313, 'generation': 382}","{'id': 29578, 'rank': 11, 'fitness': 0.9663169261530393, 'generation': 382}","{'id': 29572, 'rank': 12, 'fitness': 0.9502497175772824, 'generation': 382}","{'id': 29599, 'rank': 13, 'fitness': 0.9501237529317371, 'generation': 382}","{'id': 29545, 'rank': 14, 'fitness': 0.940803745018021, 'generation': 382}","{'id': 29552, 'rank': 15, 'fitness': 0.9269750411337341, 'generation': 382}","{'id': 29595, 'rank': 16, 'fitness': 0.913168028289283, 'generation': 382}","{'id': 29629, 'rank': 17, 'fitness': 0.9077566008644571, 'generation': 382}","{'id': 29631, 'rank': 18, 'fitness': 0.9064781701027596, 'generation': 382}","{'id': 29585, 'rank': 19, 'fitness': 0.8972921038600807, 'generation': 382}","{'id': 29585, 'rank': 20, 'fitness': 0.8972921038600807, 'generation': 382}","{'id': 29562, 'rank': 21, 'fitness': 0.8871827136558215, 'generation': 382}","{'id': 29562, 'rank': 22, 'fitness': 0.8871827136558215, 'generation': 382}","{'id': 29616, 'rank': 23, 'fitness': 0.8038297535125069, 'generation': 382}","{'id': 29618, 'rank': 24, 'fitness': 0.791381530172087, 'generation': 382}","{'id': 29450, 'rank': 25, 'fitness': 0.6542624422743424, 'generation': 382}","{'id': 29559, 'rank': 26, 'fitness': 0.5782854521898212, 'generation': 382}","{'id': 29567, 'rank': 27, 'fitness': 0.3401585197223857, 'generation': 382}","{'id': 29626, 'rank': 28, 'fitness': 0.1158002575470568, 'generation': 382}","{'id': 29588, 'rank': 29, 'fitness': 0.03709348914018795, 'generation': 382}","{'id': 29627, 'rank': 30, 'fitness': 0.01798620996209155, 'generation': 382}"
"{'id': 29692, 'rank': 1, 'fitness': 0.9820137900379085, 'generation': 383}","{'id': 29674, 'rank': 2, 'fitness': 0.9809547173595561, 'generation': 383}","{'id': 29474, 'rank': 3, 'fitness': 0.9798663971324781, 'generation': 383}","{'id': 29676, 'rank': 4, 'fitness': 0.9768175588274124, 'generation': 383}","{'id': 29664, 'rank': 5, 'fitness': 0.9741383580427676, 'generation': 383}","{'id': 29666, 'rank': 6, 'fitness': 0.9718057994852756, 'generation': 383}","{'id': 29669, 'rank': 7, 'fitness': 0.9692803211652528, 'generation': 383}","{'id': 29599, 'rank': 8, 'fitness': 0.9683513688710372, 'generation': 383}","{'id': 29691, 'rank': 9, 'fitness': 0.9660845493786792, 'generation': 383}","{'id': 29671, 'rank': 10, 'fitness': 0.9655780114982202, 'generation': 383}","{'id': 29693, 'rank': 11, 'fitness': 0.9635745828548141, 'generation': 383}","{'id': 29552, 'rank': 12, 'fitness': 0.9623836978720399, 'generation': 383}","{'id': 29552, 'rank': 13, 'fitness': 0.9623836978720399, 'generation': 383}","{'id': 29675, 'rank': 14, 'fitness': 0.9612353188454883, 'generation': 383}","{'id': 29675, 'rank': 15, 'fitness': 0.9612353188454883, 'generation': 383}","{'id': 29595, 'rank': 16, 'fitness': 0.9592630032625233, 'generation': 383}","{'id': 29694, 'rank': 17, 'fitness': 0.9580968427603072, 'generation': 383}","{'id': 29450, 'rank': 18, 'fitness': 0.9170581163627531, 'generation': 383}","{'id': 29672, 'rank': 19, 'fitness': 0.9142839598152509, 'generation': 383}","{'id': 29559, 'rank': 20, 'fitness': 0.9056001464311783, 'generation': 383}","{'id': 29656, 'rank': 21, 'fitness': 0.8997538461789562, 'generation': 383}","{'id': 29567, 'rank': 22, 'fitness': 0.861741041879643, 'generation': 383}","{'id': 29567, 'rank': 23, 'fitness': 0.861741041879643, 'generation': 383}","{'id': 29683, 'rank': 24, 'fitness': 0.853524826951237, 'generation': 383}","{'id': 29697, 'rank': 25, 'fitness': 0.845843022902124, 'generation': 383}","{'id': 29681, 'rank': 26, 'fitness': 0.8073832733180001, 'generation': 383}","{'id': 29626, 'rank': 27, 'fitness': 0.7730914079321742, 'generation': 383}","{'id': 29588, 'rank': 28, 'fitness': 0.6651793734536152, 'generation': 383}","{'id': 29695, 'rank': 29, 'fitness': 0.6272570230844905, 'generation': 383}","{'id': 29653, 'rank': 30, 'fitness': 0.01798620996209155, 'generation': 383}"
"{'id': 29753, 'rank': 1, 'fitness': 0.9820137900379085, 'generation': 384}","{'id': 29474, 'rank': 2, 'fitness': 0.9819499077822065, 'generation': 384}","{'id': 29763, 'rank': 3, 'fitness': 0.9819010249541418, 'generation': 384}","{'id': 29764, 'rank': 4, 'fitness': 0.9817649332412614, 'generation': 384}","{'id': 29797, 'rank': 5, 'fitness': 0.9816481386318328, 'generation': 384}","{'id': 29796, 'rank': 6, 'fitness': 0.981477856346179, 'generation': 384}","{'id': 29748, 'rank': 7, 'fitness': 0.9813318752265578, 'generation': 384}","{'id': 29599, 'rank': 8, 'fitness': 0.9813167634951995, 'generation': 384}","{'id': 29732, 'rank': 9, 'fitness': 0.9811954989644207, 'generation': 384}","{'id': 29693, 'rank': 10, 'fitness': 0.9811138046017736, 'generation': 384}","{'id': 29716, 'rank': 11, 'fitness': 0.9811100717332519, 'generation': 384}","{'id': 29716, 'rank': 12, 'fitness': 0.9811100717332519, 'generation': 384}","{'id': 29552, 'rank': 13, 'fitness': 0.9810669055377068, 'generation': 384}","{'id': 29552, 'rank': 14, 'fitness': 0.9810669055377068, 'generation': 384}","{'id': 29795, 'rank': 15, 'fitness': 0.9809768443076146, 'generation': 384}","{'id': 29595, 'rank': 16, 'fitness': 0.9809499655922218, 'generation': 384}","{'id': 29785, 'rank': 17, 'fitness': 0.9804117379168485, 'generation': 384}","{'id': 29720, 'rank': 18, 'fitness': 0.9803121978476091, 'generation': 384}","{'id': 29721, 'rank': 19, 'fitness': 0.9796804349276061, 'generation': 384}","{'id': 29559, 'rank': 20, 'fitness': 0.9796377913215926, 'generation': 384}","{'id': 29559, 'rank': 21, 'fitness': 0.9796377913215926, 'generation': 384}","{'id': 29739, 'rank': 22, 'fitness': 0.9795410640148299, 'generation': 384}","{'id': 29769, 'rank': 23, 'fitness': 0.9791696417895994, 'generation': 384}","{'id': 29746, 'rank': 24, 'fitness': 0.9790680858719503, 'generation': 384}","{'id': 29746, 'rank': 25, 'fitness': 0.9790680858719503, 'generation': 384}","{'id': 29755, 'rank': 26, 'fitness': 0.9788375191347538, 'generation': 384}","{'id': 29681, 'rank': 27, 'fitness': 0.9783497347844773, 'generation': 384}","{'id': 29737, 'rank': 28, 'fitness': 0.9781135729083943, 'generation': 384}","{'id': 29695, 'rank': 29, 'fitness': 0.9768375958804085, 'generation': 384}","{'id': 29730, 'rank': 30, 'fitness': 0.01798620996209155, 'generation': 384}"
"{'id': 29474, 'rank': 1, 'fitness': 0.9820137900379085, 'generation': 385}","{'id': 29873, 'rank': 2, 'fitness': 0.9807939430270334, 'generation': 385}","{'id': 29873, 'rank': 3, 'fitness': 0.9807939430270334, 'generation': 385}","{'id': 29763, 'rank': 4, 'fitness': 0.978490502939434, 'generation': 385}","{'id': 29855, 'rank': 5, 'fitness': 0.9706471400055351, 'generation': 385}","{'id': 29841, 'rank': 6, 'fitness': 0.9472163248825273, 'generation': 385}","{'id': 29853, 'rank': 7, 'fitness': 0.9361367041596631, 'generation': 385}","{'id': 29853, 'rank': 8, 'fitness': 0.9361367041596631, 'generation': 385}","{'id': 29874, 'rank': 9, 'fitness': 0.9193265410425757, 'generation': 385}","{'id': 29842, 'rank': 10, 'fitness': 0.9024335927847891, 'generation': 385}","{'id': 29842, 'rank': 11, 'fitness': 0.9024335927847891, 'generation': 385}","{'id': 29852, 'rank': 12, 'fitness': 0.8831874809680482, 'generation': 385}","{'id': 29748, 'rank': 13, 'fitness': 0.8491217989437366, 'generation': 385}","{'id': 29857, 'rank': 14, 'fitness': 0.8383113505623245, 'generation': 385}","{'id': 29869, 'rank': 15, 'fitness': 0.8090370308131107, 'generation': 385}","{'id': 29869, 'rank': 16, 'fitness': 0.8090370308131107, 'generation': 385}","{'id': 29732, 'rank': 17, 'fitness': 0.7749149838954827, 'generation': 385}","{'id': 29732, 'rank': 18, 'fitness': 0.7749149838954827, 'generation': 385}","{'id': 29716, 'rank': 19, 'fitness': 0.7171161776801503, 'generation': 385}","{'id': 29552, 'rank': 20, 'fitness': 0.6848301522913001, 'generation': 385}","{'id': 29595, 'rank': 21, 'fitness': 0.5890895263867971, 'generation': 385}","{'id': 29850, 'rank': 22, 'fitness': 0.39803594878360204, 'generation': 385}","{'id': 29801, 'rank': 23, 'fitness': 0.3605787137876445, 'generation': 385}","{'id': 29801, 'rank': 24, 'fitness': 0.3605787137876445, 'generation': 385}","{'id': 29800, 'rank': 25, 'fitness': 0.3205107340694507, 'generation': 385}","{'id': 29849, 'rank': 26, 'fitness': 0.23349514068360205, 'generation': 385}","{'id': 29817, 'rank': 27, 'fitness': 0.04334692144973584, 'generation': 385}","{'id': 29817, 'rank': 28, 'fitness': 0.04334692144973584, 'generation': 385}","{'id': 29806, 'rank': 29, 'fitness': 0.029598098338105228, 'generation': 385}","{'id': 29721, 'rank': 30, 'fitness': 0.01798620996209155, 'generation': 385}"
"{'id': 29891, 'rank': 1, 'fitness': 0.9820137900379085, 'generation': 386}","{'id': 29873, 'rank': 2, 'fitness': 0.98195857407214, 'generation': 386}","{'id': 29892, 'rank': 3, 'fitness': 0.9816837679507155, 'generation': 386}","{'id': 29841, 'rank': 4, 'fitness': 0.9808747523646901, 'generation': 386}","{'id': 29841, 'rank': 5, 'fitness': 0.9808747523646901, 'generation': 386}","{'id': 29853, 'rank': 6, 'fitness': 0.9806578386140392, 'generation': 386}","{'id': 29874, 'rank': 7, 'fitness': 0.9803845063339829, 'generation': 386}","{'id': 29874, 'rank': 8, 'fitness': 0.9803845063339829, 'generation': 386}","{'id': 29852, 'rank': 9, 'fitness': 0.9799310029747044, 'generation': 386}","{'id': 29748, 'rank': 10, 'fitness': 0.9795983107859979, 'generation': 386}","{'id': 29748, 'rank': 11, 'fitness': 0.9795983107859979, 'generation': 386}","{'id': 29869, 'rank': 12, 'fitness': 0.9792732294455653, 'generation': 386}","{'id': 29732, 'rank': 13, 'fitness': 0.9790324952868341, 'generation': 386}","{'id': 29944, 'rank': 14, 'fitness': 0.9785776582881207, 'generation': 386}","{'id': 29886, 'rank': 15, 'fitness': 0.978525627864256, 'generation': 386}","{'id': 29552, 'rank': 16, 'fitness': 0.9784887378852529, 'generation': 386}","{'id': 29552, 'rank': 17, 'fitness': 0.9784887378852529, 'generation': 386}","{'id': 29552, 'rank': 18, 'fitness': 0.9784887378852529, 'generation': 386}","{'id': 29800, 'rank': 19, 'fitness': 0.9765833220605353, 'generation': 386}","{'id': 29849, 'rank': 20, 'fitness': 0.9760081882100528, 'generation': 386}","{'id': 29817, 'rank': 21, 'fitness': 0.9733369018045973, 'generation': 386}","{'id': 29929, 'rank': 22, 'fitness': 0.9625973185735253, 'generation': 386}","{'id': 29921, 'rank': 23, 'fitness': 0.9534786619945531, 'generation': 386}","{'id': 29926, 'rank': 24, 'fitness': 0.7749271607850616, 'generation': 386}","{'id': 29898, 'rank': 25, 'fitness': 0.7473563780205985, 'generation': 386}","{'id': 29918, 'rank': 26, 'fitness': 0.3432243055622103, 'generation': 386}","{'id': 29915, 'rank': 27, 'fitness': 0.23118357498790537, 'generation': 386}","{'id': 29940, 'rank': 28, 'fitness': 0.181316019484641, 'generation': 386}","{'id': 29882, 'rank': 29, 'fitness': 0.05115918167656164, 'generation': 386}","{'id': 29888, 'rank': 30, 'fitness': 0.01798620996209155, 'generation': 386}"
"{'id': 29873, 'rank': 1, 'fitness': 0.9820137900379085, 'generation': 387}","{'id': 29841, 'rank': 2, 'fitness': 0.9497597987306751, 'generation': 387}","{'id': 29984, 'rank': 3, 'fitness': 0.9418236825716532, 'generation': 387}","{'id': 29984, 'rank': 4, 'fitness': 0.9418236825716532, 'generation': 387}","{'id': 29853, 'rank': 5, 'fitness': 0.9390160963158958, 'generation': 387}","{'id': 30018, 'rank': 6, 'fitness': 0.9268288370307419, 'generation': 387}","{'id': 29966, 'rank': 7, 'fitness': 0.9082749255470399, 'generation': 387}","{'id': 29852, 'rank': 8, 'fitness': 0.8872353196373604, 'generation': 387}","{'id': 30027, 'rank': 9, 'fitness': 0.8842444219812146, 'generation': 387}","{'id': 30020, 'rank': 10, 'fitness': 0.8679937572348249, 'generation': 387}","{'id': 30029, 'rank': 11, 'fitness': 0.8657006201967914, 'generation': 387}","{'id': 29981, 'rank': 12, 'fitness': 0.8624982896816058, 'generation': 387}","{'id': 29748, 'rank': 13, 'fitness': 0.8536340738593544, 'generation': 387}","{'id': 29968, 'rank': 14, 'fitness': 0.8501808719490759, 'generation': 387}","{'id': 30019, 'rank': 15, 'fitness': 0.818311048608801, 'generation': 387}","{'id': 29951, 'rank': 16, 'fitness': 0.809161121190474, 'generation': 387}","{'id': 30007, 'rank': 17, 'fitness': 0.7857549680105527, 'generation': 387}","{'id': 29985, 'rank': 18, 'fitness': 0.7839015033681482, 'generation': 387}","{'id': 30014, 'rank': 19, 'fitness': 0.7713957308461212, 'generation': 387}","{'id': 30014, 'rank': 20, 'fitness': 0.7713957308461212, 'generation': 387}","{'id': 29958, 'rank': 21, 'fitness': 0.7070406950487574, 'generation': 387}","{'id': 29982, 'rank': 22, 'fitness': 0.6453370640542411, 'generation': 387}","{'id': 29970, 'rank': 23, 'fitness': 0.5228222403051818, 'generation': 387}","{'id': 29959, 'rank': 24, 'fitness': 0.43768689009281203, 'generation': 387}","{'id': 29994, 'rank': 25, 'fitness': 0.35136790022442754, 'generation': 387}","{'id': 29800, 'rank': 26, 'fitness': 0.32063924414094225, 'generation': 387}","{'id': 29953, 'rank': 27, 'fitness': 0.2679581914815634, 'generation': 387}","{'id': 29849, 'rank': 28, 'fitness': 0.23249510972324444, 'generation': 387}","{'id': 29979, 'rank': 29, 'fitness': 0.21174651141536033, 'generation': 387}","{'id': 29962, 'rank': 30, 'fitness': 0.01798620996209155, 'generation': 387}"
"{'id': 30061, 'rank': 1, 'fitness': 0.9820137900379085, 'generation': 388}","{'id': 29873, 'rank': 2, 'fitness': 0.9817654771580075, 'generation': 388}","{'id': 30018, 'rank': 3, 'fitness': 0.9805376989258104, 'generation': 388}","{'id': 30029, 'rank': 4, 'fitness': 0.9799429892676723, 'generation': 388}","{'id': 29981, 'rank': 5, 'fitness': 0.9799186098119907, 'generation': 388}","{'id': 29981, 'rank': 6, 'fitness': 0.9799186098119907, 'generation': 388}","{'id': 29981, 'rank': 7, 'fitness': 0.9799186098119907, 'generation': 388}","{'id': 30019, 'rank': 8, 'fitness': 0.9796201528472326, 'generation': 388}","{'id': 29951, 'rank': 9, 'fitness': 0.9795652862998898, 'generation': 388}","{'id': 29985, 'rank': 10, 'fitness': 0.9794228376012495, 'generation': 388}","{'id': 30014, 'rank': 11, 'fitness': 0.9793564604087563, 'generation': 388}","{'id': 29958, 'rank': 12, 'fitness': 0.9790461867772011, 'generation': 388}","{'id': 29994, 'rank': 13, 'fitness': 0.9776066121507506, 'generation': 388}","{'id': 29800, 'rank': 14, 'fitness': 0.9774690671350065, 'generation': 388}","{'id': 29979, 'rank': 15, 'fitness': 0.9768978913052764, 'generation': 388}","{'id': 30077, 'rank': 16, 'fitness': 0.9712625954362892, 'generation': 388}","{'id': 30057, 'rank': 17, 'fitness': 0.9686279159646959, 'generation': 388}","{'id': 30072, 'rank': 18, 'fitness': 0.9671361177148572, 'generation': 388}","{'id': 30056, 'rank': 19, 'fitness': 0.9671271523782923, 'generation': 388}","{'id': 30082, 'rank': 20, 'fitness': 0.9177279114343988, 'generation': 388}","{'id': 30082, 'rank': 21, 'fitness': 0.9177279114343988, 'generation': 388}","{'id': 30080, 'rank': 22, 'fitness': 0.891543557158859, 'generation': 388}","{'id': 30100, 'rank': 23, 'fitness': 0.8659983984226345, 'generation': 388}","{'id': 30096, 'rank': 24, 'fitness': 0.8615554045393047, 'generation': 388}","{'id': 30036, 'rank': 25, 'fitness': 0.8452177502179604, 'generation': 388}","{'id': 30035, 'rank': 26, 'fitness': 0.8374078166976902, 'generation': 388}","{'id': 30045, 'rank': 27, 'fitness': 0.6973114309670518, 'generation': 388}","{'id': 30047, 'rank': 28, 'fitness': 0.5293820986213967, 'generation': 388}","{'id': 30093, 'rank': 29, 'fitness': 0.13154899528858427, 'generation': 388}","{'id': 30042, 'rank': 30, 'fitness': 0.01798620996209155, 'generation': 388}"
"{'id': 30184, 'rank': 1, 'fitness': 0.9820137900379085, 'generation': 389}","{'id': 30130, 'rank': 2, 'fitness': 0.9817176425667993, 'generation': 389}","{'id': 30164, 'rank': 3, 'fitness': 0.9811734393782245, 'generation': 389}","{'id': 30029, 'rank': 4, 'fitness': 0.9810697160755721, 'generation': 389}","{'id': 29981, 'rank': 5, 'fitness': 0.981059475089084, 'generation': 389}","{'id': 29981, 'rank': 6, 'fitness': 0.981059475089084, 'generation': 389}","{'id': 29981, 'rank': 7, 'fitness': 0.981059475089084, 'generation': 389}","{'id': 29981, 'rank': 8, 'fitness': 0.981059475089084, 'generation': 389}","{'id': 30114, 'rank': 9, 'fitness': 0.9807594584482233, 'generation': 389}","{'id': 30114, 'rank': 10, 'fitness': 0.9807594584482233, 'generation': 389}","{'id': 29958, 'rank': 11, 'fitness': 0.9806973442705955, 'generation': 389}","{'id': 30159, 'rank': 12, 'fitness': 0.9806006023769002, 'generation': 389}","{'id': 30153, 'rank': 13, 'fitness': 0.9805899882627631, 'generation': 389}","{'id': 30115, 'rank': 14, 'fitness': 0.9804724024211158, 'generation': 389}","{'id': 30122, 'rank': 15, 'fitness': 0.980466377650697, 'generation': 389}","{'id': 30120, 'rank': 16, 'fitness': 0.9803668346498373, 'generation': 389}","{'id': 30120, 'rank': 17, 'fitness': 0.9803668346498373, 'generation': 389}","{'id': 30151, 'rank': 18, 'fitness': 0.9803343001021511, 'generation': 389}","{'id': 29994, 'rank': 19, 'fitness': 0.9801172257855572, 'generation': 389}","{'id': 30132, 'rank': 20, 'fitness': 0.9798388204681932, 'generation': 389}","{'id': 30170, 'rank': 21, 'fitness': 0.9798105427378518, 'generation': 389}","{'id': 30135, 'rank': 22, 'fitness': 0.979727796730799, 'generation': 389}","{'id': 30136, 'rank': 23, 'fitness': 0.9796614559192478, 'generation': 389}","{'id': 30137, 'rank': 24, 'fitness': 0.9795381099146971, 'generation': 389}","{'id': 30057, 'rank': 25, 'fitness': 0.9768826266927855, 'generation': 389}","{'id': 30072, 'rank': 26, 'fitness': 0.9763956664480116, 'generation': 389}","{'id': 30181, 'rank': 27, 'fitness': 0.9763646701205639, 'generation': 389}","{'id': 30181, 'rank': 28, 'fitness': 0.9763646701205639, 'generation': 389}","{'id': 30186, 'rank': 29, 'fitness': 0.940285960314521, 'generation': 389}","{'id': 30172, 'rank': 30, 'fitness': 0.01798620996209155, 'generation': 389}"
"{'id': 30272, 'rank': 1, 'fitness': 0.9820137900379085, 'generation': 390}","{'id': 30184, 'rank': 2, 'fitness': 0.9541990733271688, 'generation': 390}","{'id': 30268, 'rank': 3, 'fitness': 0.8956802461550134, 'generation': 390}","{'id': 30268, 'rank': 4, 'fitness': 0.8956802461550134, 'generation': 390}","{'id': 30269, 'rank': 5, 'fitness': 0.8736719212421677, 'generation': 390}","{'id': 30164, 'rank': 6, 'fitness': 0.7847413454320131, 'generation': 390}","{'id': 30242, 'rank': 7, 'fitness': 0.756113472995779, 'generation': 390}","{'id': 30029, 'rank': 8, 'fitness': 0.7471906780001702, 'generation': 390}","{'id': 30263, 'rank': 9, 'fitness': 0.7109872673206279, 'generation': 390}","{'id': 30263, 'rank': 10, 'fitness': 0.7109872673206279, 'generation': 390}","{'id': 30271, 'rank': 11, 'fitness': 0.6588973371454772, 'generation': 390}","{'id': 30193, 'rank': 12, 'fitness': 0.5543658934513207, 'generation': 390}","{'id': 30241, 'rank': 13, 'fitness': 0.5348533833412944, 'generation': 390}","{'id': 30196, 'rank': 14, 'fitness': 0.5064097972095559, 'generation': 390}","{'id': 30122, 'rank': 15, 'fitness': 0.4712969753370523, 'generation': 390}","{'id': 30249, 'rank': 16, 'fitness': 0.42837511379689286, 'generation': 390}","{'id': 30246, 'rank': 17, 'fitness': 0.3884002083366562, 'generation': 390}","{'id': 30239, 'rank': 18, 'fitness': 0.36985565444713053, 'generation': 390}","{'id': 30199, 'rank': 19, 'fitness': 0.36475743093325874, 'generation': 390}","{'id': 30199, 'rank': 20, 'fitness': 0.36475743093325874, 'generation': 390}","{'id': 30170, 'rank': 21, 'fitness': 0.20143099987446716, 'generation': 390}","{'id': 30170, 'rank': 22, 'fitness': 0.20143099987446716, 'generation': 390}","{'id': 30218, 'rank': 23, 'fitness': 0.18378998699131605, 'generation': 390}","{'id': 30244, 'rank': 24, 'fitness': 0.13387362388367058, 'generation': 390}","{'id': 30195, 'rank': 25, 'fitness': 0.11793368417282935, 'generation': 390}","{'id': 30219, 'rank': 26, 'fitness': 0.1170754935577048, 'generation': 390}","{'id': 30267, 'rank': 27, 'fitness': 0.08097380103116109, 'generation': 390}","{'id': 30235, 'rank': 28, 'fitness': 0.034155801162739585, 'generation': 390}","{'id': 30223, 'rank': 29, 'fitness': 0.025915676922578512, 'generation': 390}","{'id': 30233, 'rank': 30, 'fitness': 0.01798620996209155, 'generation': 390}"
"{'id': 30307, 'rank': 1, 'fitness': 0.9820137900379085, 'generation': 391}","{'id': 30184, 'rank': 2, 'fitness': 0.9819921905114304, 'generation': 391}","{'id': 30268, 'rank': 3, 'fitness': 0.9818481109887276, 'generation': 391}","{'id': 30269, 'rank': 4, 'fitness': 0.9818127829914732, 'generation': 391}","{'id': 30242, 'rank': 5, 'fitness': 0.9816811484943677, 'generation': 391}","{'id': 30263, 'rank': 6, 'fitness': 0.9816430263174122, 'generation': 391}","{'id': 30263, 'rank': 7, 'fitness': 0.9816430263174122, 'generation': 391}","{'id': 30263, 'rank': 8, 'fitness': 0.9816430263174122, 'generation': 391}","{'id': 30263, 'rank': 9, 'fitness': 0.9816430263174122, 'generation': 391}","{'id': 30263, 'rank': 10, 'fitness': 0.9816430263174122, 'generation': 391}","{'id': 30271, 'rank': 11, 'fitness': 0.9816030912065483, 'generation': 391}","{'id': 30122, 'rank': 12, 'fitness': 0.981474797682963, 'generation': 391}","{'id': 30246, 'rank': 13, 'fitness': 0.9814182642715168, 'generation': 391}","{'id': 30218, 'rank': 14, 'fitness': 0.9812443568423688, 'generation': 391}","{'id': 30244, 'rank': 15, 'fitness': 0.9811808537254588, 'generation': 391}","{'id': 30219, 'rank': 16, 'fitness': 0.981154922274076, 'generation': 391}","{'id': 30235, 'rank': 17, 'fitness': 0.9809298800689032, 'generation': 391}","{'id': 30311, 'rank': 18, 'fitness': 0.976759669775827, 'generation': 391}","{'id': 30282, 'rank': 19, 'fitness': 0.9734153749427308, 'generation': 391}","{'id': 30316, 'rank': 20, 'fitness': 0.9385015354303312, 'generation': 391}","{'id': 30291, 'rank': 21, 'fitness': 0.9194723819302981, 'generation': 391}","{'id': 30276, 'rank': 22, 'fitness': 0.8808591124055932, 'generation': 391}","{'id': 30297, 'rank': 23, 'fitness': 0.8793947748006611, 'generation': 391}","{'id': 30297, 'rank': 24, 'fitness': 0.8793947748006611, 'generation': 391}","{'id': 30314, 'rank': 25, 'fitness': 0.862300569711286, 'generation': 391}","{'id': 30301, 'rank': 26, 'fitness': 0.37767102187897933, 'generation': 391}","{'id': 30277, 'rank': 27, 'fitness': 0.11729201543483142, 'generation': 391}","{'id': 30277, 'rank': 28, 'fitness': 0.11729201543483142, 'generation': 391}","{'id': 30295, 'rank': 29, 'fitness': 0.057204695741087885, 'generation': 391}","{'id': 30285, 'rank': 30, 'fitness': 0.01798620996209155, 'generation': 391}"
"{'id': 30184, 'rank': 1, 'fitness': 0.9820137900379085, 'generation': 392}","{'id': 30184, 'rank': 2, 'fitness': 0.9820137900379085, 'generation': 392}","{'id': 30184, 'rank': 3, 'fitness': 0.9820137900379085, 'generation': 392}","{'id': 30347, 'rank': 4, 'fitness': 0.9819096615236527, 'generation': 392}","{'id': 30268, 'rank': 5, 'fitness': 0.9817570673412608, 'generation': 392}","{'id': 30269, 'rank': 6, 'fitness': 0.9816938810080582, 'generation': 392}","{'id': 30337, 'rank': 7, 'fitness': 0.9815998431259751, 'generation': 392}","{'id': 30330, 'rank': 8, 'fitness': 0.98159749767801, 'generation': 392}","{'id': 30351, 'rank': 9, 'fitness': 0.981508241640735, 'generation': 392}","{'id': 30377, 'rank': 10, 'fitness': 0.9814417148423762, 'generation': 392}","{'id': 30263, 'rank': 11, 'fitness': 0.9813889534241753, 'generation': 392}","{'id': 30332, 'rank': 12, 'fitness': 0.9813742721376963, 'generation': 392}","{'id': 30373, 'rank': 13, 'fitness': 0.9813493295389324, 'generation': 392}","{'id': 30271, 'rank': 14, 'fitness': 0.981316905515712, 'generation': 392}","{'id': 30271, 'rank': 15, 'fitness': 0.981316905515712, 'generation': 392}","{'id': 30368, 'rank': 16, 'fitness': 0.9812848459270687, 'generation': 392}","{'id': 30392, 'rank': 17, 'fitness': 0.9811858115975387, 'generation': 392}","{'id': 30392, 'rank': 18, 'fitness': 0.9811858115975387, 'generation': 392}","{'id': 30395, 'rank': 19, 'fitness': 0.9811842223362326, 'generation': 392}","{'id': 30378, 'rank': 20, 'fitness': 0.9811622354077237, 'generation': 392}","{'id': 30328, 'rank': 21, 'fitness': 0.9811288264047402, 'generation': 392}","{'id': 30376, 'rank': 22, 'fitness': 0.9810393434239891, 'generation': 392}","{'id': 30394, 'rank': 23, 'fitness': 0.9809473050397366, 'generation': 392}","{'id': 30326, 'rank': 24, 'fitness': 0.980811253793405, 'generation': 392}","{'id': 30329, 'rank': 25, 'fitness': 0.9807231650313473, 'generation': 392}","{'id': 30380, 'rank': 26, 'fitness': 0.9799937290922136, 'generation': 392}","{'id': 30342, 'rank': 27, 'fitness': 0.9718215812341745, 'generation': 392}","{'id': 30343, 'rank': 28, 'fitness': 0.9693817486905087, 'generation': 392}","{'id': 30297, 'rank': 29, 'fitness': 0.6038612464892092, 'generation': 392}","{'id': 30301, 'rank': 30, 'fitness': 0.01798620996209155, 'generation': 392}"
"{'id': 30184, 'rank': 1, 'fitness': 0.9820137900379085, 'generation': 393}","{'id': 30483, 'rank': 2, 'fitness': 0.9802082092336801, 'generation': 393}","{'id': 30473, 'rank': 3, 'fitness': 0.9155906523931725, 'generation': 393}","{'id': 30485, 'rank': 4, 'fitness': 0.9148544343218767, 'generation': 393}","{'id': 30491, 'rank': 5, 'fitness': 0.9081418882817205, 'generation': 393}","{'id': 30409, 'rank': 6, 'fitness': 0.8706173298880371, 'generation': 393}","{'id': 30406, 'rank': 7, 'fitness': 0.8649300609365786, 'generation': 393}","{'id': 30406, 'rank': 8, 'fitness': 0.8649300609365786, 'generation': 393}","{'id': 30337, 'rank': 9, 'fitness': 0.8639296803064533, 'generation': 393}","{'id': 30337, 'rank': 10, 'fitness': 0.8639296803064533, 'generation': 393}","{'id': 30455, 'rank': 11, 'fitness': 0.8377021745013198, 'generation': 393}","{'id': 30477, 'rank': 12, 'fitness': 0.8340095211968219, 'generation': 393}","{'id': 30419, 'rank': 13, 'fitness': 0.8190411069482283, 'generation': 393}","{'id': 30419, 'rank': 14, 'fitness': 0.8190411069482283, 'generation': 393}","{'id': 30419, 'rank': 15, 'fitness': 0.8190411069482283, 'generation': 393}","{'id': 30422, 'rank': 16, 'fitness': 0.8067310140773273, 'generation': 393}","{'id': 30351, 'rank': 17, 'fitness': 0.7987662714008572, 'generation': 393}","{'id': 30486, 'rank': 18, 'fitness': 0.7470039371177497, 'generation': 393}","{'id': 30377, 'rank': 19, 'fitness': 0.7386359888441305, 'generation': 393}","{'id': 30471, 'rank': 20, 'fitness': 0.7110928586508318, 'generation': 393}","{'id': 30271, 'rank': 21, 'fitness': 0.5998355361032034, 'generation': 393}","{'id': 30459, 'rank': 22, 'fitness': 0.5701976924197272, 'generation': 393}","{'id': 30368, 'rank': 23, 'fitness': 0.5603462679341403, 'generation': 393}","{'id': 30392, 'rank': 24, 'fitness': 0.4361499845839727, 'generation': 393}","{'id': 30392, 'rank': 25, 'fitness': 0.4361499845839727, 'generation': 393}","{'id': 30392, 'rank': 26, 'fitness': 0.4361499845839727, 'generation': 393}","{'id': 30415, 'rank': 27, 'fitness': 0.3059373831647917, 'generation': 393}","{'id': 30427, 'rank': 28, 'fitness': 0.3031441281527209, 'generation': 393}","{'id': 30439, 'rank': 29, 'fitness': 0.08520843081619467, 'generation': 393}","{'id': 30464, 'rank': 30, 'fitness': 0.01798620996209155, 'generation': 393}"
"{'id': 30504, 'rank': 1, 'fitness': 0.9820137900379085, 'generation': 394}","{'id': 30504, 'rank': 2, 'fitness': 0.9820137900379085, 'generation': 394}","{'id': 30504, 'rank': 3, 'fitness': 0.9820137900379085, 'generation': 394}","{'id': 30504, 'rank': 4, 'fitness': 0.9820137900379085, 'generation': 394}","{'id': 30409, 'rank': 5, 'fitness': 0.9814760467017416, 'generation': 394}","{'id': 30377, 'rank': 6, 'fitness': 0.9812480863727483, 'generation': 394}","{'id': 30377, 'rank': 7, 'fitness': 0.9812480863727483, 'generation': 394}","{'id': 30471, 'rank': 8, 'fitness': 0.9812115204669098, 'generation': 394}","{'id': 30271, 'rank': 9, 'fitness': 0.9810797241682275, 'generation': 394}","{'id': 30368, 'rank': 10, 'fitness': 0.9810364177396278, 'generation': 394}","{'id': 30392, 'rank': 11, 'fitness': 0.9809024881134475, 'generation': 394}","{'id': 30415, 'rank': 12, 'fitness': 0.9807505488196184, 'generation': 394}","{'id': 30415, 'rank': 13, 'fitness': 0.9807505488196184, 'generation': 394}","{'id': 30427, 'rank': 14, 'fitness': 0.9807469714664311, 'generation': 394}","{'id': 30551, 'rank': 15, 'fitness': 0.9669134944980777, 'generation': 394}","{'id': 30513, 'rank': 16, 'fitness': 0.9531010020951332, 'generation': 394}","{'id': 30500, 'rank': 17, 'fitness': 0.952269116831419, 'generation': 394}","{'id': 30509, 'rank': 18, 'fitness': 0.948899918841263, 'generation': 394}","{'id': 30498, 'rank': 19, 'fitness': 0.9385899719889026, 'generation': 394}","{'id': 30567, 'rank': 20, 'fitness': 0.9199383514613222, 'generation': 394}","{'id': 30512, 'rank': 21, 'fitness': 0.9199238007610238, 'generation': 394}","{'id': 30512, 'rank': 22, 'fitness': 0.9199238007610238, 'generation': 394}","{'id': 30512, 'rank': 23, 'fitness': 0.9199238007610238, 'generation': 394}","{'id': 30549, 'rank': 24, 'fitness': 0.9199161192247686, 'generation': 394}","{'id': 30530, 'rank': 25, 'fitness': 0.9047898506574857, 'generation': 394}","{'id': 30519, 'rank': 26, 'fitness': 0.8920171101019521, 'generation': 394}","{'id': 30527, 'rank': 27, 'fitness': 0.8564601350123451, 'generation': 394}","{'id': 30526, 'rank': 28, 'fitness': 0.8212922702656487, 'generation': 394}","{'id': 30525, 'rank': 29, 'fitness': 0.5364761207727887, 'generation': 394}","{'id': 30545, 'rank': 30, 'fitness': 0.01798620996209155, 'generation': 394}"
"{'id': 30504, 'rank': 1, 'fitness': 0.9820137900379085, 'generation': 395}","{'id': 30504, 'rank': 2, 'fitness': 0.9820137900379085, 'generation': 395}","{'id': 30598, 'rank': 3, 'fitness': 0.9811660007009989, 'generation': 395}","{'id': 30620, 'rank': 4, 'fitness': 0.9804970227547924, 'generation': 395}","{'id': 30409, 'rank': 5, 'fitness': 0.9798106023337371, 'generation': 395}","{'id': 30606, 'rank': 6, 'fitness': 0.979584032349962, 'generation': 395}","{'id': 30606, 'rank': 7, 'fitness': 0.979584032349962, 'generation': 395}","{'id': 30606, 'rank': 8, 'fitness': 0.979584032349962, 'generation': 395}","{'id': 30632, 'rank': 9, 'fitness': 0.9792358068994895, 'generation': 395}","{'id': 30632, 'rank': 10, 'fitness': 0.9792358068994895, 'generation': 395}","{'id': 30632, 'rank': 11, 'fitness': 0.9792358068994895, 'generation': 395}","{'id': 30626, 'rank': 12, 'fitness': 0.9771420655545928, 'generation': 395}","{'id': 30580, 'rank': 13, 'fitness': 0.9771368749862155, 'generation': 395}","{'id': 30617, 'rank': 14, 'fitness': 0.976887883721366, 'generation': 395}","{'id': 30624, 'rank': 15, 'fitness': 0.9767393225591644, 'generation': 395}","{'id': 30427, 'rank': 16, 'fitness': 0.9765175276063471, 'generation': 395}","{'id': 30427, 'rank': 17, 'fitness': 0.9765175276063471, 'generation': 395}","{'id': 30582, 'rank': 18, 'fitness': 0.975547384649327, 'generation': 395}","{'id': 30582, 'rank': 19, 'fitness': 0.975547384649327, 'generation': 395}","{'id': 30582, 'rank': 20, 'fitness': 0.975547384649327, 'generation': 395}","{'id': 30607, 'rank': 21, 'fitness': 0.42003249993190434, 'generation': 395}","{'id': 30600, 'rank': 22, 'fitness': 0.3337610435726024, 'generation': 395}","{'id': 30600, 'rank': 23, 'fitness': 0.3337610435726024, 'generation': 395}","{'id': 30636, 'rank': 24, 'fitness': 0.23224299525675685, 'generation': 395}","{'id': 30637, 'rank': 25, 'fitness': 0.19464263625008482, 'generation': 395}","{'id': 30512, 'rank': 26, 'fitness': 0.10727145993453413, 'generation': 395}","{'id': 30642, 'rank': 27, 'fitness': 0.049554809752079265, 'generation': 395}","{'id': 30573, 'rank': 28, 'fitness': 0.04864908771943499, 'generation': 395}","{'id': 30572, 'rank': 29, 'fitness': 0.0401855168216394, 'generation': 395}","{'id': 30640, 'rank': 30, 'fitness': 0.01798620996209155, 'generation': 395}"
"{'id': 30504, 'rank': 1, 'fitness': 0.9820137900379085, 'generation': 396}","{'id': 30504, 'rank': 2, 'fitness': 0.9820137900379085, 'generation': 396}","{'id': 30689, 'rank': 3, 'fitness': 0.981946938723749, 'generation': 396}","{'id': 30620, 'rank': 4, 'fitness': 0.9818929011021146, 'generation': 396}","{'id': 30707, 'rank': 5, 'fitness': 0.9818647024981954, 'generation': 396}","{'id': 30722, 'rank': 6, 'fitness': 0.9818464403964291, 'generation': 396}","{'id': 30722, 'rank': 7, 'fitness': 0.9818464403964291, 'generation': 396}","{'id': 30673, 'rank': 8, 'fitness': 0.9818455520374887, 'generation': 396}","{'id': 30673, 'rank': 9, 'fitness': 0.9818455520374887, 'generation': 396}","{'id': 30701, 'rank': 10, 'fitness': 0.9818404037814914, 'generation': 396}","{'id': 30701, 'rank': 11, 'fitness': 0.9818404037814914, 'generation': 396}","{'id': 30606, 'rank': 12, 'fitness': 0.9818241506802247, 'generation': 396}","{'id': 30723, 'rank': 13, 'fitness': 0.98182398801959, 'generation': 396}","{'id': 30654, 'rank': 14, 'fitness': 0.9817957209283, 'generation': 396}","{'id': 30684, 'rank': 15, 'fitness': 0.9817335522500801, 'generation': 396}","{'id': 30675, 'rank': 16, 'fitness': 0.9817302665321883, 'generation': 396}","{'id': 30675, 'rank': 17, 'fitness': 0.9817302665321883, 'generation': 396}","{'id': 30685, 'rank': 18, 'fitness': 0.9816990378664883, 'generation': 396}","{'id': 30670, 'rank': 19, 'fitness': 0.9816130470877482, 'generation': 396}","{'id': 30727, 'rank': 20, 'fitness': 0.9816060432887668, 'generation': 396}","{'id': 30727, 'rank': 21, 'fitness': 0.9816060432887668, 'generation': 396}","{'id': 30683, 'rank': 22, 'fitness': 0.9815781060977613, 'generation': 396}","{'id': 30657, 'rank': 23, 'fitness': 0.9815036219246251, 'generation': 396}","{'id': 30702, 'rank': 24, 'fitness': 0.9814159878868918, 'generation': 396}","{'id': 30695, 'rank': 25, 'fitness': 0.9813750625182545, 'generation': 396}","{'id': 30692, 'rank': 26, 'fitness': 0.9810907768219299, 'generation': 396}","{'id': 30637, 'rank': 27, 'fitness': 0.9721278034091606, 'generation': 396}","{'id': 30642, 'rank': 28, 'fitness': 0.9684782086418053, 'generation': 396}","{'id': 30651, 'rank': 29, 'fitness': 0.2903698792511825, 'generation': 396}","{'id': 30720, 'rank': 30, 'fitness': 0.01798620996209155, 'generation': 396}"
"{'id': 30794, 'rank': 1, 'fitness': 0.9820137900379085, 'generation': 397}","{'id': 30796, 'rank': 2, 'fitness': 0.9739040094455734, 'generation': 397}","{'id': 30689, 'rank': 3, 'fitness': 0.9462607845160498, 'generation': 397}","{'id': 30750, 'rank': 4, 'fitness': 0.9263332261310091, 'generation': 397}","{'id': 30750, 'rank': 5, 'fitness': 0.9263332261310091, 'generation': 397}","{'id': 30774, 'rank': 6, 'fitness': 0.9130220205811865, 'generation': 397}","{'id': 30756, 'rank': 7, 'fitness': 0.9065401133744131, 'generation': 397}","{'id': 30756, 'rank': 8, 'fitness': 0.9065401133744131, 'generation': 397}","{'id': 30756, 'rank': 9, 'fitness': 0.9065401133744131, 'generation': 397}","{'id': 30722, 'rank': 10, 'fitness': 0.8855206542499156, 'generation': 397}","{'id': 30673, 'rank': 11, 'fitness': 0.8847834943141216, 'generation': 397}","{'id': 30773, 'rank': 12, 'fitness': 0.8846682184123744, 'generation': 397}","{'id': 30773, 'rank': 13, 'fitness': 0.8846682184123744, 'generation': 397}","{'id': 30701, 'rank': 14, 'fitness': 0.8804304975451189, 'generation': 397}","{'id': 30606, 'rank': 15, 'fitness': 0.8657558059409682, 'generation': 397}","{'id': 30606, 'rank': 16, 'fitness': 0.8657558059409682, 'generation': 397}","{'id': 30786, 'rank': 17, 'fitness': 0.7921645835167854, 'generation': 397}","{'id': 30802, 'rank': 18, 'fitness': 0.7790978291441011, 'generation': 397}","{'id': 30789, 'rank': 19, 'fitness': 0.7742135170134953, 'generation': 397}","{'id': 30783, 'rank': 20, 'fitness': 0.766489581668125, 'generation': 397}","{'id': 30675, 'rank': 21, 'fitness': 0.7503411327789635, 'generation': 397}","{'id': 30747, 'rank': 22, 'fitness': 0.6333473776998689, 'generation': 397}","{'id': 30753, 'rank': 23, 'fitness': 0.6139776295392267, 'generation': 397}","{'id': 30753, 'rank': 24, 'fitness': 0.6139776295392267, 'generation': 397}","{'id': 30727, 'rank': 25, 'fitness': 0.5240034023576865, 'generation': 397}","{'id': 30727, 'rank': 26, 'fitness': 0.5240034023576865, 'generation': 397}","{'id': 30730, 'rank': 27, 'fitness': 0.23499641242272168, 'generation': 397}","{'id': 30745, 'rank': 28, 'fitness': 0.22337524656368496, 'generation': 397}","{'id': 30695, 'rank': 29, 'fitness': 0.14756544351401113, 'generation': 397}","{'id': 30692, 'rank': 30, 'fitness': 0.01798620996209155, 'generation': 397}"
"{'id': 30794, 'rank': 1, 'fitness': 0.9820137900379085, 'generation': 398}","{'id': 30756, 'rank': 2, 'fitness': 0.9813034927732709, 'generation': 398}","{'id': 30756, 'rank': 3, 'fitness': 0.9813034927732709, 'generation': 398}","{'id': 30756, 'rank': 4, 'fitness': 0.9813034927732709, 'generation': 398}","{'id': 30756, 'rank': 5, 'fitness': 0.9813034927732709, 'generation': 398}","{'id': 30822, 'rank': 6, 'fitness': 0.9812366348984832, 'generation': 398}","{'id': 30673, 'rank': 7, 'fitness': 0.9812053891002182, 'generation': 398}","{'id': 30773, 'rank': 8, 'fitness': 0.9812049131295728, 'generation': 398}","{'id': 30773, 'rank': 9, 'fitness': 0.9812049131295728, 'generation': 398}","{'id': 30606, 'rank': 10, 'fitness': 0.9811317304977869, 'generation': 398}","{'id': 30606, 'rank': 11, 'fitness': 0.9811317304977869, 'generation': 398}","{'id': 30817, 'rank': 12, 'fitness': 0.9806759275455346, 'generation': 398}","{'id': 30817, 'rank': 13, 'fitness': 0.9806759275455346, 'generation': 398}","{'id': 30753, 'rank': 14, 'fitness': 0.9805307961226534, 'generation': 398}","{'id': 30753, 'rank': 15, 'fitness': 0.9805307961226534, 'generation': 398}","{'id': 30837, 'rank': 16, 'fitness': 0.9773288764827526, 'generation': 398}","{'id': 30859, 'rank': 17, 'fitness': 0.9766356734623793, 'generation': 398}","{'id': 30832, 'rank': 18, 'fitness': 0.9676442901479546, 'generation': 398}","{'id': 30813, 'rank': 19, 'fitness': 0.9655613037517506, 'generation': 398}","{'id': 30813, 'rank': 20, 'fitness': 0.9655613037517506, 'generation': 398}","{'id': 30813, 'rank': 21, 'fitness': 0.9655613037517506, 'generation': 398}","{'id': 30855, 'rank': 22, 'fitness': 0.9612420963920747, 'generation': 398}","{'id': 30812, 'rank': 23, 'fitness': 0.957769976003294, 'generation': 398}","{'id': 30833, 'rank': 24, 'fitness': 0.954457790627524, 'generation': 398}","{'id': 30829, 'rank': 25, 'fitness': 0.948289164136178, 'generation': 398}","{'id': 30850, 'rank': 26, 'fitness': 0.9474108006244126, 'generation': 398}","{'id': 30853, 'rank': 27, 'fitness': 0.9260204077104414, 'generation': 398}","{'id': 30824, 'rank': 28, 'fitness': 0.8053843829201726, 'generation': 398}","{'id': 30846, 'rank': 29, 'fitness': 0.7118986367101096, 'generation': 398}","{'id': 30866, 'rank': 30, 'fitness': 0.01798620996209155, 'generation': 398}"
"{'id': 30916, 'rank': 1, 'fitness': 0.9820137900379085, 'generation': 399}","{'id': 30916, 'rank': 2, 'fitness': 0.9820137900379085, 'generation': 399}","{'id': 30914, 'rank': 3, 'fitness': 0.9816501668810844, 'generation': 399}","{'id': 30913, 'rank': 4, 'fitness': 0.9774429025631908, 'generation': 399}","{'id': 30913, 'rank': 5, 'fitness': 0.9774429025631908, 'generation': 399}","{'id': 30756, 'rank': 6, 'fitness': 0.9753632373747463, 'generation': 399}","{'id': 30956, 'rank': 7, 'fitness': 0.9749193460737537, 'generation': 399}","{'id': 30873, 'rank': 8, 'fitness': 0.9747416375386029, 'generation': 399}","{'id': 30871, 'rank': 9, 'fitness': 0.9744422642078356, 'generation': 399}","{'id': 30871, 'rank': 10, 'fitness': 0.9744422642078356, 'generation': 399}","{'id': 30871, 'rank': 11, 'fitness': 0.9744422642078356, 'generation': 399}","{'id': 30929, 'rank': 12, 'fitness': 0.9740909841575626, 'generation': 399}","{'id': 30955, 'rank': 13, 'fitness': 0.9736825071056882, 'generation': 399}","{'id': 30951, 'rank': 14, 'fitness': 0.9735780964731937, 'generation': 399}","{'id': 30946, 'rank': 15, 'fitness': 0.9733178387621346, 'generation': 399}","{'id': 30889, 'rank': 16, 'fitness': 0.9731320502217073, 'generation': 399}","{'id': 30947, 'rank': 17, 'fitness': 0.9727463984175565, 'generation': 399}","{'id': 30950, 'rank': 18, 'fitness': 0.9701553530027343, 'generation': 399}","{'id': 30932, 'rank': 19, 'fitness': 0.9697876883574129, 'generation': 399}","{'id': 30817, 'rank': 20, 'fitness': 0.9687400175901624, 'generation': 399}","{'id': 30817, 'rank': 21, 'fitness': 0.9687400175901624, 'generation': 399}","{'id': 30944, 'rank': 22, 'fitness': 0.9677070916066813, 'generation': 399}","{'id': 30901, 'rank': 23, 'fitness': 0.966882394819619, 'generation': 399}","{'id': 30939, 'rank': 24, 'fitness': 0.948107833059058, 'generation': 399}","{'id': 30813, 'rank': 25, 'fitness': 0.2922709330630592, 'generation': 399}","{'id': 30885, 'rank': 26, 'fitness': 0.1645709959700783, 'generation': 399}","{'id': 30964, 'rank': 27, 'fitness': 0.15001382877813418, 'generation': 399}","{'id': 30880, 'rank': 28, 'fitness': 0.14969015625338705, 'generation': 399}","{'id': 30887, 'rank': 29, 'fitness': 0.11026432985031626, 'generation': 399}","{'id': 30937, 'rank': 30, 'fitness': 0.01798620996209155, 'generation': 399}"
"{'id': 30916, 'rank': 1, 'fitness': 0.9820137900379085, 'generation': 400}","{'id': 30916, 'rank': 2, 'fitness': 0.9820137900379085, 'generation': 400}","{'id': 31025, 'rank': 3, 'fitness': 0.9435500046942803, 'generation': 400}","{'id': 31025, 'rank': 4, 'fitness': 0.9435500046942803, 'generation': 400}","{'id': 30975, 'rank': 5, 'fitness': 0.9104126337729961, 'generation': 400}","{'id': 30988, 'rank': 6, 'fitness': 0.9028565021151906, 'generation': 400}","{'id': 30756, 'rank': 7, 'fitness': 0.8601188148399304, 'generation': 400}","{'id': 30873, 'rank': 8, 'fitness': 0.8378968048823578, 'generation': 400}","{'id': 30871, 'rank': 9, 'fitness': 0.8264287438263282, 'generation': 400}","{'id': 30871, 'rank': 10, 'fitness': 0.8264287438263282, 'generation': 400}","{'id': 30984, 'rank': 11, 'fitness': 0.8205078461752255, 'generation': 400}","{'id': 30929, 'rank': 12, 'fitness': 0.8123471823541799, 'generation': 400}","{'id': 30889, 'rank': 13, 'fitness': 0.7706059489588442, 'generation': 400}","{'id': 30978, 'rank': 14, 'fitness': 0.657875837600282, 'generation': 400}","{'id': 31001, 'rank': 15, 'fitness': 0.6161516124812341, 'generation': 400}","{'id': 31001, 'rank': 16, 'fitness': 0.6161516124812341, 'generation': 400}","{'id': 30932, 'rank': 17, 'fitness': 0.5966034738325774, 'generation': 400}","{'id': 30985, 'rank': 18, 'fitness': 0.5666662893576233, 'generation': 400}","{'id': 30817, 'rank': 19, 'fitness': 0.5380250636869449, 'generation': 400}","{'id': 30817, 'rank': 20, 'fitness': 0.5380250636869449, 'generation': 400}","{'id': 30817, 'rank': 21, 'fitness': 0.5380250636869449, 'generation': 400}","{'id': 30995, 'rank': 22, 'fitness': 0.5321177384624727, 'generation': 400}","{'id': 30944, 'rank': 23, 'fitness': 0.481081168284567, 'generation': 400}","{'id': 31030, 'rank': 24, 'fitness': 0.4591978113697145, 'generation': 400}","{'id': 31019, 'rank': 25, 'fitness': 0.42116079017550023, 'generation': 400}","{'id': 31019, 'rank': 26, 'fitness': 0.42116079017550023, 'generation': 400}","{'id': 30981, 'rank': 27, 'fitness': 0.34857365624846626, 'generation': 400}","{'id': 30979, 'rank': 28, 'fitness': 0.27081427794947965, 'generation': 400}","{'id': 30982, 'rank': 29, 'fitness': 0.11853136932457653, 'generation': 400}","{'id': 30999, 'rank': 30, 'fitness': 0.01798620996209155, 'generation': 400}"
"{'id': 31088, 'rank': 1, 'fitness': 0.9820137900379085, 'generation': 401}","{'id': 30916, 'rank': 2, 'fitness': 0.9820083390376539, 'generation': 401}","{'id': 30916, 'rank': 3, 'fitness': 0.9820083390376539, 'generation': 401}","{'id': 31090, 'rank': 4, 'fitness': 0.9817842561308607, 'generation': 401}","{'id': 30975, 'rank': 5, 'fitness': 0.9817788596888164, 'generation': 401}","{'id': 30871, 'rank': 6, 'fitness': 0.9816744428138531, 'generation': 401}","{'id': 30871, 'rank': 7, 'fitness': 0.9816744428138531, 'generation': 401}","{'id': 30871, 'rank': 8, 'fitness': 0.9816744428138531, 'generation': 401}","{'id': 30929, 'rank': 9, 'fitness': 0.9816612912396402, 'generation': 401}","{'id': 30978, 'rank': 10, 'fitness': 0.981548799244092, 'generation': 401}","{'id': 31095, 'rank': 11, 'fitness': 0.981530655372103, 'generation': 401}","{'id': 31001, 'rank': 12, 'fitness': 0.9815236722470029, 'generation': 401}","{'id': 31001, 'rank': 13, 'fitness': 0.9815236722470029, 'generation': 401}","{'id': 31001, 'rank': 14, 'fitness': 0.9815236722470029, 'generation': 401}","{'id': 30817, 'rank': 15, 'fitness': 0.9814789484955002, 'generation': 401}","{'id': 30944, 'rank': 16, 'fitness': 0.9814470879763383, 'generation': 401}","{'id': 30944, 'rank': 17, 'fitness': 0.9814470879763383, 'generation': 401}","{'id': 31030, 'rank': 18, 'fitness': 0.9814348017196631, 'generation': 401}","{'id': 31019, 'rank': 19, 'fitness': 0.981413186223285, 'generation': 401}","{'id': 31019, 'rank': 20, 'fitness': 0.981413186223285, 'generation': 401}","{'id': 30979, 'rank': 21, 'fitness': 0.9813187752127939, 'generation': 401}","{'id': 31075, 'rank': 22, 'fitness': 0.9805239999930506, 'generation': 401}","{'id': 31065, 'rank': 23, 'fitness': 0.9780516955468621, 'generation': 401}","{'id': 31084, 'rank': 24, 'fitness': 0.9644565592969696, 'generation': 401}","{'id': 31055, 'rank': 25, 'fitness': 0.7017165818387835, 'generation': 401}","{'id': 31048, 'rank': 26, 'fitness': 0.5802637320752891, 'generation': 401}","{'id': 31070, 'rank': 27, 'fitness': 0.3769114528332286, 'generation': 401}","{'id': 31044, 'rank': 28, 'fitness': 0.33886102369700866, 'generation': 401}","{'id': 31064, 'rank': 29, 'fitness': 0.05657386171659373, 'generation': 401}","{'id': 31067, 'rank': 30, 'fitness': 0.01798620996209155, 'generation': 401}"
"{'id': 31115, 'rank': 1, 'fitness': 0.9820137900379085, 'generation': 402}","{'id': 31119, 'rank': 2, 'fitness': 0.9818610214319197, 'generation': 402}","{'id': 31119, 'rank': 3, 'fitness': 0.9818610214319197, 'generation': 402}","{'id': 31088, 'rank': 4, 'fitness': 0.9818594549505669, 'generation': 402}","{'id': 31121, 'rank': 5, 'fitness': 0.9818431403641852, 'generation': 402}","{'id': 31117, 'rank': 6, 'fitness': 0.9817487311491029, 'generation': 402}","{'id': 31109, 'rank': 7, 'fitness': 0.9816984497252992, 'generation': 402}","{'id': 31110, 'rank': 8, 'fitness': 0.9816675232915976, 'generation': 402}","{'id': 31124, 'rank': 9, 'fitness': 0.9816582178693374, 'generation': 402}","{'id': 31107, 'rank': 10, 'fitness': 0.9816146727049169, 'generation': 402}","{'id': 30929, 'rank': 11, 'fitness': 0.981532521670383, 'generation': 402}","{'id': 31098, 'rank': 12, 'fitness': 0.9814724738567799, 'generation': 402}","{'id': 31098, 'rank': 13, 'fitness': 0.9814724738567799, 'generation': 402}","{'id': 31161, 'rank': 14, 'fitness': 0.9814166882944478, 'generation': 402}","{'id': 31161, 'rank': 15, 'fitness': 0.9814166882944478, 'generation': 402}","{'id': 31095, 'rank': 16, 'fitness': 0.9814114858595447, 'generation': 402}","{'id': 31001, 'rank': 17, 'fitness': 0.9814050177959204, 'generation': 402}","{'id': 31135, 'rank': 18, 'fitness': 0.9813571137133639, 'generation': 402}","{'id': 31162, 'rank': 19, 'fitness': 0.9813201422724998, 'generation': 402}","{'id': 31186, 'rank': 20, 'fitness': 0.9813119144513689, 'generation': 402}","{'id': 31152, 'rank': 21, 'fitness': 0.9812741387064048, 'generation': 402}","{'id': 31127, 'rank': 22, 'fitness': 0.9812406461098886, 'generation': 402}","{'id': 31169, 'rank': 23, 'fitness': 0.9812284712754278, 'generation': 402}","{'id': 31150, 'rank': 24, 'fitness': 0.9811696873344182, 'generation': 402}","{'id': 31128, 'rank': 25, 'fitness': 0.9811330273031325, 'generation': 402}","{'id': 31137, 'rank': 26, 'fitness': 0.9811154618936744, 'generation': 402}","{'id': 31158, 'rank': 27, 'fitness': 0.9810413651907537, 'generation': 402}","{'id': 31113, 'rank': 28, 'fitness': 0.980385430251123, 'generation': 402}","{'id': 31044, 'rank': 29, 'fitness': 0.42418677703184277, 'generation': 402}","{'id': 31155, 'rank': 30, 'fitness': 0.01798620996209155, 'generation': 402}"
"{'id': 31119, 'rank': 1, 'fitness': 0.9820137900379085, 'generation': 403}","{'id': 31121, 'rank': 2, 'fitness': 0.9785621564645015, 'generation': 403}","{'id': 31121, 'rank': 3, 'fitness': 0.9785621564645015, 'generation': 403}","{'id': 31260, 'rank': 4, 'fitness': 0.9771236675796834, 'generation': 403}","{'id': 31218, 'rank': 5, 'fitness': 0.9746930507041444, 'generation': 403}","{'id': 31271, 'rank': 6, 'fitness': 0.9716351313518482, 'generation': 403}","{'id': 31272, 'rank': 7, 'fitness': 0.9648149896367012, 'generation': 403}","{'id': 31266, 'rank': 8, 'fitness': 0.9548292358521674, 'generation': 403}","{'id': 31267, 'rank': 9, 'fitness': 0.8930693045610293, 'generation': 403}","{'id': 31267, 'rank': 10, 'fitness': 0.8930693045610293, 'generation': 403}","{'id': 31267, 'rank': 11, 'fitness': 0.8930693045610293, 'generation': 403}","{'id': 31124, 'rank': 12, 'fitness': 0.8785818666000074, 'generation': 403}","{'id': 31107, 'rank': 13, 'fitness': 0.8246251613688468, 'generation': 403}","{'id': 30929, 'rank': 14, 'fitness': 0.6764464341331903, 'generation': 403}","{'id': 31223, 'rank': 15, 'fitness': 0.6230835929300229, 'generation': 403}","{'id': 31224, 'rank': 16, 'fitness': 0.620517430768948, 'generation': 403}","{'id': 31224, 'rank': 17, 'fitness': 0.620517430768948, 'generation': 403}","{'id': 31222, 'rank': 18, 'fitness': 0.6138672823464519, 'generation': 403}","{'id': 31268, 'rank': 19, 'fitness': 0.402746645188305, 'generation': 403}","{'id': 31095, 'rank': 20, 'fitness': 0.3893021302227716, 'generation': 403}","{'id': 31246, 'rank': 21, 'fitness': 0.3312097998975435, 'generation': 403}","{'id': 31243, 'rank': 22, 'fitness': 0.29186927122718676, 'generation': 403}","{'id': 31242, 'rank': 23, 'fitness': 0.2699227806707081, 'generation': 403}","{'id': 31241, 'rank': 24, 'fitness': 0.2664773535452075, 'generation': 403}","{'id': 31236, 'rank': 25, 'fitness': 0.21375650966326182, 'generation': 403}","{'id': 31162, 'rank': 26, 'fitness': 0.20724765144027069, 'generation': 403}","{'id': 31226, 'rank': 27, 'fitness': 0.06800288134462684, 'generation': 403}","{'id': 31128, 'rank': 28, 'fitness': 0.04092492002794468, 'generation': 403}","{'id': 31137, 'rank': 29, 'fitness': 0.03477425060750555, 'generation': 403}","{'id': 31206, 'rank': 30, 'fitness': 0.01798620996209155, 'generation': 403}"
"{'id': 31286, 'rank': 1, 'fitness': 0.9820137900379085, 'generation': 404}","{'id': 31333, 'rank': 2, 'fitness': 0.9819848380906795, 'generation': 404}","{'id': 31316, 'rank': 3, 'fitness': 0.9819152484942864, 'generation': 404}","{'id': 31121, 'rank': 4, 'fitness': 0.9819099313933173, 'generation': 404}","{'id': 31260, 'rank': 5, 'fitness': 0.9818961296878181, 'generation': 404}","{'id': 31260, 'rank': 6, 'fitness': 0.9818961296878181, 'generation': 404}","{'id': 31218, 'rank': 7, 'fitness': 0.9818746080362972, 'generation': 404}","{'id': 31300, 'rank': 8, 'fitness': 0.9818360685838157, 'generation': 404}","{'id': 31300, 'rank': 9, 'fitness': 0.9818360685838157, 'generation': 404}","{'id': 31276, 'rank': 10, 'fitness': 0.9817625705542712, 'generation': 404}","{'id': 31266, 'rank': 11, 'fitness': 0.9817493170191991, 'generation': 404}","{'id': 31267, 'rank': 12, 'fitness': 0.9815537182567069, 'generation': 404}","{'id': 31267, 'rank': 13, 'fitness': 0.9815537182567069, 'generation': 404}","{'id': 31285, 'rank': 14, 'fitness': 0.9815130276161839, 'generation': 404}","{'id': 31338, 'rank': 15, 'fitness': 0.9812715668363714, 'generation': 404}","{'id': 31337, 'rank': 16, 'fitness': 0.9811951396770505, 'generation': 404}","{'id': 31268, 'rank': 17, 'fitness': 0.9810132450687001, 'generation': 404}","{'id': 31321, 'rank': 18, 'fitness': 0.9809441154491554, 'generation': 404}","{'id': 31321, 'rank': 19, 'fitness': 0.9809441154491554, 'generation': 404}","{'id': 31236, 'rank': 20, 'fitness': 0.9808143584189868, 'generation': 404}","{'id': 31339, 'rank': 21, 'fitness': 0.9807711211654451, 'generation': 404}","{'id': 31322, 'rank': 22, 'fitness': 0.980476947472563, 'generation': 404}","{'id': 31137, 'rank': 23, 'fitness': 0.9803645070525606, 'generation': 404}","{'id': 31278, 'rank': 24, 'fitness': 0.9708769499361536, 'generation': 404}","{'id': 31305, 'rank': 25, 'fitness': 0.931778798331953, 'generation': 404}","{'id': 31309, 'rank': 26, 'fitness': 0.23928545583457733, 'generation': 404}","{'id': 31281, 'rank': 27, 'fitness': 0.21475589536931555, 'generation': 404}","{'id': 31281, 'rank': 28, 'fitness': 0.21475589536931555, 'generation': 404}","{'id': 31315, 'rank': 29, 'fitness': 0.01798620996209155, 'generation': 404}","{'id': 31315, 'rank': 30, 'fitness': 0.01798620996209155, 'generation': 404}"
"{'id': 31394, 'rank': 1, 'fitness': 0.9820137900379085, 'generation': 405}","{'id': 31316, 'rank': 2, 'fitness': 0.9819642318665895, 'generation': 405}","{'id': 31121, 'rank': 3, 'fitness': 0.9819622315716522, 'generation': 405}","{'id': 31260, 'rank': 4, 'fitness': 0.9819570410425388, 'generation': 405}","{'id': 31260, 'rank': 5, 'fitness': 0.9819570410425388, 'generation': 405}","{'id': 31260, 'rank': 6, 'fitness': 0.9819570410425388, 'generation': 405}","{'id': 31396, 'rank': 7, 'fitness': 0.9819287775727794, 'generation': 405}","{'id': 31393, 'rank': 8, 'fitness': 0.9819254231668622, 'generation': 405}","{'id': 31359, 'rank': 9, 'fitness': 0.9819096229816302, 'generation': 405}","{'id': 31412, 'rank': 10, 'fitness': 0.9818880374481096, 'generation': 405}","{'id': 31361, 'rank': 11, 'fitness': 0.9818858582468853, 'generation': 405}","{'id': 31358, 'rank': 12, 'fitness': 0.9818757643634324, 'generation': 405}","{'id': 31392, 'rank': 13, 'fitness': 0.9818686066128939, 'generation': 405}","{'id': 31348, 'rank': 14, 'fitness': 0.9818064984652121, 'generation': 405}","{'id': 31360, 'rank': 15, 'fitness': 0.9817756161001382, 'generation': 405}","{'id': 31360, 'rank': 16, 'fitness': 0.9817756161001382, 'generation': 405}","{'id': 31401, 'rank': 17, 'fitness': 0.9817748913112423, 'generation': 405}","{'id': 31403, 'rank': 18, 'fitness': 0.9817640493148678, 'generation': 405}","{'id': 31373, 'rank': 19, 'fitness': 0.9817480640235627, 'generation': 405}","{'id': 31382, 'rank': 20, 'fitness': 0.9816558779948228, 'generation': 405}","{'id': 31386, 'rank': 21, 'fitness': 0.9816418500142496, 'generation': 405}","{'id': 31321, 'rank': 22, 'fitness': 0.9816046844626035, 'generation': 405}","{'id': 31321, 'rank': 23, 'fitness': 0.9816046844626035, 'generation': 405}","{'id': 31381, 'rank': 24, 'fitness': 0.9815913524092733, 'generation': 405}","{'id': 31384, 'rank': 25, 'fitness': 0.9815796928977414, 'generation': 405}","{'id': 31376, 'rank': 26, 'fitness': 0.9814599702912219, 'generation': 405}","{'id': 31363, 'rank': 27, 'fitness': 0.9814449107647873, 'generation': 405}","{'id': 31368, 'rank': 28, 'fitness': 0.9813564831849002, 'generation': 405}","{'id': 31414, 'rank': 29, 'fitness': 0.9781865761150215, 'generation': 405}","{'id': 31341, 'rank': 30, 'fitness': 0.01798620996209155, 'generation': 405}"
"{'id': 31394, 'rank': 1, 'fitness': 0.9820137900379085, 'generation': 406}","{'id': 31496, 'rank': 2, 'fitness': 0.9692655519470763, 'generation': 406}","{'id': 31496, 'rank': 3, 'fitness': 0.9692655519470763, 'generation': 406}","{'id': 31316, 'rank': 4, 'fitness': 0.9632711569868362, 'generation': 406}","{'id': 31424, 'rank': 5, 'fitness': 0.9588774538425562, 'generation': 406}","{'id': 31429, 'rank': 6, 'fitness': 0.951096400483908, 'generation': 406}","{'id': 31497, 'rank': 7, 'fitness': 0.9502267704845397, 'generation': 406}","{'id': 31426, 'rank': 8, 'fitness': 0.9125510371919054, 'generation': 406}","{'id': 31476, 'rank': 9, 'fitness': 0.908375230208378, 'generation': 406}","{'id': 31476, 'rank': 10, 'fitness': 0.908375230208378, 'generation': 406}","{'id': 31441, 'rank': 11, 'fitness': 0.8729462089762468, 'generation': 406}","{'id': 31425, 'rank': 12, 'fitness': 0.7835189903540913, 'generation': 406}","{'id': 31425, 'rank': 13, 'fitness': 0.7835189903540913, 'generation': 406}","{'id': 31506, 'rank': 14, 'fitness': 0.7803250356114619, 'generation': 406}","{'id': 31442, 'rank': 15, 'fitness': 0.7272841663467456, 'generation': 406}","{'id': 31432, 'rank': 16, 'fitness': 0.7016063338651919, 'generation': 406}","{'id': 31438, 'rank': 17, 'fitness': 0.6626510849844389, 'generation': 406}","{'id': 31478, 'rank': 18, 'fitness': 0.6461274062413029, 'generation': 406}","{'id': 31478, 'rank': 19, 'fitness': 0.6461274062413029, 'generation': 406}","{'id': 31401, 'rank': 20, 'fitness': 0.6185785161601731, 'generation': 406}","{'id': 31500, 'rank': 21, 'fitness': 0.5739653061391479, 'generation': 406}","{'id': 31433, 'rank': 22, 'fitness': 0.5570116421423635, 'generation': 406}","{'id': 31477, 'rank': 23, 'fitness': 0.4094166974658859, 'generation': 406}","{'id': 31455, 'rank': 24, 'fitness': 0.3079199745556096, 'generation': 406}","{'id': 31382, 'rank': 25, 'fitness': 0.22244838680648443, 'generation': 406}","{'id': 31467, 'rank': 26, 'fitness': 0.20254899837030227, 'generation': 406}","{'id': 31423, 'rank': 27, 'fitness': 0.15323231456596598, 'generation': 406}","{'id': 31459, 'rank': 28, 'fitness': 0.1494624429897734, 'generation': 406}","{'id': 31461, 'rank': 29, 'fitness': 0.09082097341264339, 'generation': 406}","{'id': 31434, 'rank': 30, 'fitness': 0.01798620996209155, 'generation': 406}"
"{'id': 31394, 'rank': 1, 'fitness': 0.9820137900379085, 'generation': 407}","{'id': 31496, 'rank': 2, 'fitness': 0.9819287939214688, 'generation': 407}","{'id': 31496, 'rank': 3, 'fitness': 0.9819287939214688, 'generation': 407}","{'id': 31424, 'rank': 4, 'fitness': 0.9818818652505199, 'generation': 407}","{'id': 31429, 'rank': 5, 'fitness': 0.9818536080007885, 'generation': 407}","{'id': 31429, 'rank': 6, 'fitness': 0.9818536080007885, 'generation': 407}","{'id': 31429, 'rank': 7, 'fitness': 0.9818536080007885, 'generation': 407}","{'id': 31426, 'rank': 8, 'fitness': 0.9817563208034974, 'generation': 407}","{'id': 31476, 'rank': 9, 'fitness': 0.9817482921226354, 'generation': 407}","{'id': 31425, 'rank': 10, 'fitness': 0.9815896747213742, 'generation': 407}","{'id': 31425, 'rank': 11, 'fitness': 0.9815896747213742, 'generation': 407}","{'id': 31425, 'rank': 12, 'fitness': 0.9815896747213742, 'generation': 407}","{'id': 31438, 'rank': 13, 'fitness': 0.9814928129359946, 'generation': 407}","{'id': 31478, 'rank': 14, 'fitness': 0.9814811986357744, 'generation': 407}","{'id': 31478, 'rank': 15, 'fitness': 0.9814811986357744, 'generation': 407}","{'id': 31433, 'rank': 16, 'fitness': 0.9814217978150436, 'generation': 407}","{'id': 31455, 'rank': 17, 'fitness': 0.9812553712847246, 'generation': 407}","{'id': 31382, 'rank': 18, 'fitness': 0.9811841884516597, 'generation': 407}","{'id': 31467, 'rank': 19, 'fitness': 0.9811649635258315, 'generation': 407}","{'id': 31530, 'rank': 20, 'fitness': 0.9810380794220388, 'generation': 407}","{'id': 31529, 'rank': 21, 'fitness': 0.9807182766745077, 'generation': 407}","{'id': 31516, 'rank': 22, 'fitness': 0.9803186459987654, 'generation': 407}","{'id': 31541, 'rank': 23, 'fitness': 0.9796654833185634, 'generation': 407}","{'id': 31543, 'rank': 24, 'fitness': 0.9796340444235682, 'generation': 407}","{'id': 31545, 'rank': 25, 'fitness': 0.9710631676703482, 'generation': 407}","{'id': 31578, 'rank': 26, 'fitness': 0.9659536651612862, 'generation': 407}","{'id': 31519, 'rank': 27, 'fitness': 0.830330833180238, 'generation': 407}","{'id': 31526, 'rank': 28, 'fitness': 0.7402728122491622, 'generation': 407}","{'id': 31558, 'rank': 29, 'fitness': 0.13117724015723087, 'generation': 407}","{'id': 31553, 'rank': 30, 'fitness': 0.01798620996209155, 'generation': 407}"
"{'id': 31659, 'rank': 1, 'fitness': 0.9820137900379085, 'generation': 408}","{'id': 31496, 'rank': 2, 'fitness': 0.9786333186838378, 'generation': 408}","{'id': 31603, 'rank': 3, 'fitness': 0.9775256336095066, 'generation': 408}","{'id': 31424, 'rank': 4, 'fitness': 0.9748727830242079, 'generation': 408}","{'id': 31604, 'rank': 5, 'fitness': 0.9727034515905157, 'generation': 408}","{'id': 31604, 'rank': 6, 'fitness': 0.9727034515905157, 'generation': 408}","{'id': 31429, 'rank': 7, 'fitness': 0.9723105462065657, 'generation': 408}","{'id': 31635, 'rank': 8, 'fitness': 0.9717725546213796, 'generation': 408}","{'id': 31635, 'rank': 9, 'fitness': 0.9717725546213796, 'generation': 408}","{'id': 31476, 'rank': 10, 'fitness': 0.9603899845336799, 'generation': 408}","{'id': 31583, 'rank': 11, 'fitness': 0.9451319753231395, 'generation': 408}","{'id': 31657, 'rank': 12, 'fitness': 0.9366339092684464, 'generation': 408}","{'id': 31425, 'rank': 13, 'fitness': 0.9330419745008804, 'generation': 408}","{'id': 31625, 'rank': 14, 'fitness': 0.9120140431528192, 'generation': 408}","{'id': 31605, 'rank': 15, 'fitness': 0.9057432214875367, 'generation': 408}","{'id': 31605, 'rank': 16, 'fitness': 0.9057432214875367, 'generation': 408}","{'id': 31478, 'rank': 17, 'fitness': 0.9053630717706485, 'generation': 408}","{'id': 31478, 'rank': 18, 'fitness': 0.9053630717706485, 'generation': 408}","{'id': 31634, 'rank': 19, 'fitness': 0.8954450309226507, 'generation': 408}","{'id': 31632, 'rank': 20, 'fitness': 0.8934462419115635, 'generation': 408}","{'id': 31592, 'rank': 21, 'fitness': 0.8922751030269389, 'generation': 408}","{'id': 31636, 'rank': 22, 'fitness': 0.8460594829291341, 'generation': 408}","{'id': 31607, 'rank': 23, 'fitness': 0.8395176036361719, 'generation': 408}","{'id': 31382, 'rank': 24, 'fitness': 0.775474138718193, 'generation': 408}","{'id': 31631, 'rank': 25, 'fitness': 0.741284762816546, 'generation': 408}","{'id': 31614, 'rank': 26, 'fitness': 0.7308273737546236, 'generation': 408}","{'id': 31597, 'rank': 27, 'fitness': 0.7275644846306, 'generation': 408}","{'id': 31644, 'rank': 28, 'fitness': 0.06664903001636568, 'generation': 408}","{'id': 31541, 'rank': 29, 'fitness': 0.02330925077395085, 'generation': 408}","{'id': 31616, 'rank': 30, 'fitness': 0.01798620996209155, 'generation': 408}"
"{'id': 31659, 'rank': 1, 'fitness': 0.9820137900379085, 'generation': 409}","{'id': 31700, 'rank': 2, 'fitness': 0.9814317684388927, 'generation': 409}","{'id': 31700, 'rank': 3, 'fitness': 0.9814317684388927, 'generation': 409}","{'id': 31700, 'rank': 4, 'fitness': 0.9814317684388927, 'generation': 409}","{'id': 31732, 'rank': 5, 'fitness': 0.9794780733240405, 'generation': 409}","{'id': 31689, 'rank': 6, 'fitness': 0.9792240233120815, 'generation': 409}","{'id': 31689, 'rank': 7, 'fitness': 0.9792240233120815, 'generation': 409}","{'id': 31729, 'rank': 8, 'fitness': 0.9772305312489467, 'generation': 409}","{'id': 31734, 'rank': 9, 'fitness': 0.97446299725019, 'generation': 409}","{'id': 31583, 'rank': 10, 'fitness': 0.9743502730168605, 'generation': 409}","{'id': 31425, 'rank': 11, 'fitness': 0.9726303555468037, 'generation': 409}","{'id': 31425, 'rank': 12, 'fitness': 0.9726303555468037, 'generation': 409}","{'id': 31683, 'rank': 13, 'fitness': 0.9720890654799978, 'generation': 409}","{'id': 31605, 'rank': 14, 'fitness': 0.9693413047300921, 'generation': 409}","{'id': 31632, 'rank': 15, 'fitness': 0.9680416230255722, 'generation': 409}","{'id': 31592, 'rank': 16, 'fitness': 0.9679223051759488, 'generation': 409}","{'id': 31592, 'rank': 17, 'fitness': 0.9679223051759488, 'generation': 409}","{'id': 31592, 'rank': 18, 'fitness': 0.9679223051759488, 'generation': 409}","{'id': 31736, 'rank': 19, 'fitness': 0.9582647131181228, 'generation': 409}","{'id': 31382, 'rank': 20, 'fitness': 0.9581907910427404, 'generation': 409}","{'id': 31705, 'rank': 21, 'fitness': 0.9572849253298149, 'generation': 409}","{'id': 31705, 'rank': 22, 'fitness': 0.9572849253298149, 'generation': 409}","{'id': 31702, 'rank': 23, 'fitness': 0.9553119838296196, 'generation': 409}","{'id': 31597, 'rank': 24, 'fitness': 0.9548281259783877, 'generation': 409}","{'id': 31692, 'rank': 25, 'fitness': 0.9487050334629417, 'generation': 409}","{'id': 31616, 'rank': 26, 'fitness': 0.8152251790040296, 'generation': 409}","{'id': 31676, 'rank': 27, 'fitness': 0.5896097070717186, 'generation': 409}","{'id': 31742, 'rank': 28, 'fitness': 0.060557019934983025, 'generation': 409}","{'id': 31680, 'rank': 29, 'fitness': 0.020637202957384304, 'generation': 409}","{'id': 31678, 'rank': 30, 'fitness': 0.01798620996209155, 'generation': 409}"
"{'id': 31700, 'rank': 1, 'fitness': 0.9820137900379085, 'generation': 410}","{'id': 31700, 'rank': 2, 'fitness': 0.9820137900379085, 'generation': 410}","{'id': 31700, 'rank': 3, 'fitness': 0.9820137900379085, 'generation': 410}","{'id': 31700, 'rank': 4, 'fitness': 0.9820137900379085, 'generation': 410}","{'id': 31732, 'rank': 5, 'fitness': 0.9775461722470844, 'generation': 410}","{'id': 31798, 'rank': 6, 'fitness': 0.9766089976692649, 'generation': 410}","{'id': 31796, 'rank': 7, 'fitness': 0.9738193704901749, 'generation': 410}","{'id': 31729, 'rank': 8, 'fitness': 0.9717463538885601, 'generation': 410}","{'id': 31810, 'rank': 9, 'fitness': 0.9705012026065447, 'generation': 410}","{'id': 31810, 'rank': 10, 'fitness': 0.9705012026065447, 'generation': 410}","{'id': 31734, 'rank': 11, 'fitness': 0.9636327221694306, 'generation': 410}","{'id': 31734, 'rank': 12, 'fitness': 0.9636327221694306, 'generation': 410}","{'id': 31734, 'rank': 13, 'fitness': 0.9636327221694306, 'generation': 410}","{'id': 31734, 'rank': 14, 'fitness': 0.9636327221694306, 'generation': 410}","{'id': 31425, 'rank': 15, 'fitness': 0.9576726563426683, 'generation': 410}","{'id': 31632, 'rank': 16, 'fitness': 0.9407344413678088, 'generation': 410}","{'id': 31632, 'rank': 17, 'fitness': 0.9407344413678088, 'generation': 410}","{'id': 31808, 'rank': 18, 'fitness': 0.927970076092253, 'generation': 410}","{'id': 31790, 'rank': 19, 'fitness': 0.8989461724374446, 'generation': 410}","{'id': 31779, 'rank': 20, 'fitness': 0.8973632865834987, 'generation': 410}","{'id': 31382, 'rank': 21, 'fitness': 0.895268797341206, 'generation': 410}","{'id': 31597, 'rank': 22, 'fitness': 0.8772096390766437, 'generation': 410}","{'id': 31777, 'rank': 23, 'fitness': 0.8696568049434675, 'generation': 410}","{'id': 31805, 'rank': 24, 'fitness': 0.8051366326838606, 'generation': 410}","{'id': 31805, 'rank': 25, 'fitness': 0.8051366326838606, 'generation': 410}","{'id': 31816, 'rank': 26, 'fitness': 0.7519657216466662, 'generation': 410}","{'id': 31783, 'rank': 27, 'fitness': 0.6485630776351745, 'generation': 410}","{'id': 31783, 'rank': 28, 'fitness': 0.6485630776351745, 'generation': 410}","{'id': 31815, 'rank': 29, 'fitness': 0.13533513821778353, 'generation': 410}","{'id': 31676, 'rank': 30, 'fitness': 0.01798620996209155, 'generation': 410}"
"{'id': 31700, 'rank': 1, 'fitness': 0.9820137900379085, 'generation': 411}","{'id': 31700, 'rank': 2, 'fitness': 0.9820137900379085, 'generation': 411}","{'id': 31700, 'rank': 3, 'fitness': 0.9820137900379085, 'generation': 411}","{'id': 31700, 'rank': 4, 'fitness': 0.9820137900379085, 'generation': 411}","{'id': 31732, 'rank': 5, 'fitness': 0.981770720997278, 'generation': 411}","{'id': 31874, 'rank': 6, 'fitness': 0.9817228372274931, 'generation': 411}","{'id': 31874, 'rank': 7, 'fitness': 0.9817228372274931, 'generation': 411}","{'id': 31877, 'rank': 8, 'fitness': 0.9815237821474042, 'generation': 411}","{'id': 31829, 'rank': 9, 'fitness': 0.9814919317739219, 'generation': 411}","{'id': 31826, 'rank': 10, 'fitness': 0.9814886447199109, 'generation': 411}","{'id': 31810, 'rank': 11, 'fitness': 0.9814655310523298, 'generation': 411}","{'id': 31734, 'rank': 12, 'fitness': 0.9812263131439767, 'generation': 411}","{'id': 31734, 'rank': 13, 'fitness': 0.9812263131439767, 'generation': 411}","{'id': 31827, 'rank': 14, 'fitness': 0.9809037774144969, 'generation': 411}","{'id': 31827, 'rank': 15, 'fitness': 0.9809037774144969, 'generation': 411}","{'id': 31632, 'rank': 16, 'fitness': 0.9806477961373186, 'generation': 411}","{'id': 31808, 'rank': 17, 'fitness': 0.980407176545799, 'generation': 411}","{'id': 31825, 'rank': 18, 'fitness': 0.9802753198538301, 'generation': 411}","{'id': 31779, 'rank': 19, 'fitness': 0.9799524616938629, 'generation': 411}","{'id': 31888, 'rank': 20, 'fitness': 0.9798338135244093, 'generation': 411}","{'id': 31777, 'rank': 21, 'fitness': 0.9796292554040502, 'generation': 411}","{'id': 31805, 'rank': 22, 'fitness': 0.9790437393547603, 'generation': 411}","{'id': 31847, 'rank': 23, 'fitness': 0.9767012344441655, 'generation': 411}","{'id': 31873, 'rank': 24, 'fitness': 0.9765774658261213, 'generation': 411}","{'id': 31891, 'rank': 25, 'fitness': 0.9759236785000187, 'generation': 411}","{'id': 31887, 'rank': 26, 'fitness': 0.975904270286287, 'generation': 411}","{'id': 31815, 'rank': 27, 'fitness': 0.9745805640419656, 'generation': 411}","{'id': 31676, 'rank': 28, 'fitness': 0.9711662362177047, 'generation': 411}","{'id': 31846, 'rank': 29, 'fitness': 0.965905796511012, 'generation': 411}","{'id': 31836, 'rank': 30, 'fitness': 0.01798620996209155, 'generation': 411}"
"{'id': 31700, 'rank': 1, 'fitness': 0.9820137900379085, 'generation': 412}","{'id': 31700, 'rank': 2, 'fitness': 0.9820137900379085, 'generation': 412}","{'id': 31874, 'rank': 3, 'fitness': 0.973873786480532, 'generation': 412}","{'id': 31874, 'rank': 4, 'fitness': 0.973873786480532, 'generation': 412}","{'id': 31826, 'rank': 5, 'fitness': 0.9649549498827659, 'generation': 412}","{'id': 31958, 'rank': 6, 'fitness': 0.964467652876813, 'generation': 412}","{'id': 31918, 'rank': 7, 'fitness': 0.9616675797318194, 'generation': 412}","{'id': 31915, 'rank': 8, 'fitness': 0.9599094685798808, 'generation': 412}","{'id': 31897, 'rank': 9, 'fitness': 0.9522329239970895, 'generation': 412}","{'id': 31923, 'rank': 10, 'fitness': 0.9498644812181173, 'generation': 412}","{'id': 31904, 'rank': 11, 'fitness': 0.9320716403510874, 'generation': 412}","{'id': 31827, 'rank': 12, 'fitness': 0.9292430404666706, 'generation': 412}","{'id': 31898, 'rank': 13, 'fitness': 0.9272014250958439, 'generation': 412}","{'id': 31944, 'rank': 14, 'fitness': 0.9152576315644798, 'generation': 412}","{'id': 31969, 'rank': 15, 'fitness': 0.9044025007673491, 'generation': 412}","{'id': 31899, 'rank': 16, 'fitness': 0.8973891399493703, 'generation': 412}","{'id': 31899, 'rank': 17, 'fitness': 0.8973891399493703, 'generation': 412}","{'id': 31899, 'rank': 18, 'fitness': 0.8973891399493703, 'generation': 412}","{'id': 31896, 'rank': 19, 'fitness': 0.8893609089430116, 'generation': 412}","{'id': 31808, 'rank': 20, 'fitness': 0.8769403201681141, 'generation': 412}","{'id': 31808, 'rank': 21, 'fitness': 0.8769403201681141, 'generation': 412}","{'id': 31777, 'rank': 22, 'fitness': 0.7380715528622152, 'generation': 412}","{'id': 31916, 'rank': 23, 'fitness': 0.6880250123752181, 'generation': 412}","{'id': 31942, 'rank': 24, 'fitness': 0.6642254900964162, 'generation': 412}","{'id': 31947, 'rank': 25, 'fitness': 0.6063101639816261, 'generation': 412}","{'id': 31951, 'rank': 26, 'fitness': 0.6017609089450494, 'generation': 412}","{'id': 31847, 'rank': 27, 'fitness': 0.10245965736584922, 'generation': 412}","{'id': 31847, 'rank': 28, 'fitness': 0.10245965736584922, 'generation': 412}","{'id': 31891, 'rank': 29, 'fitness': 0.04948123744745975, 'generation': 412}","{'id': 31913, 'rank': 30, 'fitness': 0.01798620996209155, 'generation': 412}"
"{'id': 31700, 'rank': 1, 'fitness': 0.9820137900379085, 'generation': 413}","{'id': 32003, 'rank': 2, 'fitness': 0.9820116179156884, 'generation': 413}","{'id': 31985, 'rank': 3, 'fitness': 0.9819602059483334, 'generation': 413}","{'id': 31826, 'rank': 4, 'fitness': 0.9819258728752169, 'generation': 413}","{'id': 31826, 'rank': 5, 'fitness': 0.9819258728752169, 'generation': 413}","{'id': 31826, 'rank': 6, 'fitness': 0.9819258728752169, 'generation': 413}","{'id': 31826, 'rank': 7, 'fitness': 0.9819258728752169, 'generation': 413}","{'id': 31958, 'rank': 8, 'fitness': 0.9819240300052932, 'generation': 413}","{'id': 31915, 'rank': 9, 'fitness': 0.981907873223828, 'generation': 413}","{'id': 31897, 'rank': 10, 'fitness': 0.9818842469868971, 'generation': 413}","{'id': 32004, 'rank': 11, 'fitness': 0.9818817471176909, 'generation': 413}","{'id': 32014, 'rank': 12, 'fitness': 0.9818448269435351, 'generation': 413}","{'id': 31944, 'rank': 13, 'fitness': 0.9818049978418439, 'generation': 413}","{'id': 31969, 'rank': 14, 'fitness': 0.9817878251088425, 'generation': 413}","{'id': 32031, 'rank': 15, 'fitness': 0.9817845417885726, 'generation': 413}","{'id': 31899, 'rank': 16, 'fitness': 0.9817776300089506, 'generation': 413}","{'id': 31899, 'rank': 17, 'fitness': 0.9817776300089506, 'generation': 413}","{'id': 32011, 'rank': 18, 'fitness': 0.9817414166334091, 'generation': 413}","{'id': 31777, 'rank': 19, 'fitness': 0.9816300678666626, 'generation': 413}","{'id': 32013, 'rank': 20, 'fitness': 0.9816059794107361, 'generation': 413}","{'id': 31947, 'rank': 21, 'fitness': 0.9815508760608558, 'generation': 413}","{'id': 31980, 'rank': 22, 'fitness': 0.9814760571464513, 'generation': 413}","{'id': 32017, 'rank': 23, 'fitness': 0.9813160136686875, 'generation': 413}","{'id': 31994, 'rank': 24, 'fitness': 0.981251649909469, 'generation': 413}","{'id': 32030, 'rank': 25, 'fitness': 0.9811698233594323, 'generation': 413}","{'id': 31993, 'rank': 26, 'fitness': 0.981052998694464, 'generation': 413}","{'id': 31975, 'rank': 27, 'fitness': 0.9809398301942759, 'generation': 413}","{'id': 32042, 'rank': 28, 'fitness': 0.9806836904350533, 'generation': 413}","{'id': 31991, 'rank': 29, 'fitness': 0.9789270398519256, 'generation': 413}","{'id': 31987, 'rank': 30, 'fitness': 0.01798620996209155, 'generation': 413}"
"{'id': 32083, 'rank': 1, 'fitness': 0.9820137900379085, 'generation': 414}","{'id': 32102, 'rank': 2, 'fitness': 0.9778040313802477, 'generation': 414}","{'id': 32071, 'rank': 3, 'fitness': 0.970907537774192, 'generation': 414}","{'id': 32085, 'rank': 4, 'fitness': 0.9663633587096271, 'generation': 414}","{'id': 31826, 'rank': 5, 'fitness': 0.9653218388426574, 'generation': 414}","{'id': 31826, 'rank': 6, 'fitness': 0.9653218388426574, 'generation': 414}","{'id': 32048, 'rank': 7, 'fitness': 0.961909468879794, 'generation': 414}","{'id': 32053, 'rank': 8, 'fitness': 0.956832525359917, 'generation': 414}","{'id': 32053, 'rank': 9, 'fitness': 0.956832525359917, 'generation': 414}","{'id': 32053, 'rank': 10, 'fitness': 0.956832525359917, 'generation': 414}","{'id': 32104, 'rank': 11, 'fitness': 0.9503347316768141, 'generation': 414}","{'id': 31897, 'rank': 12, 'fitness': 0.9490185116166161, 'generation': 414}","{'id': 32082, 'rank': 13, 'fitness': 0.9469809871679655, 'generation': 414}","{'id': 32075, 'rank': 14, 'fitness': 0.9450394333424145, 'generation': 414}","{'id': 32045, 'rank': 15, 'fitness': 0.9430090031622727, 'generation': 414}","{'id': 32093, 'rank': 16, 'fitness': 0.9089498180170078, 'generation': 414}","{'id': 31969, 'rank': 17, 'fitness': 0.8803087891423099, 'generation': 414}","{'id': 31899, 'rank': 18, 'fitness': 0.8696031028840198, 'generation': 414}","{'id': 32068, 'rank': 19, 'fitness': 0.8497999665875791, 'generation': 414}","{'id': 32068, 'rank': 20, 'fitness': 0.8497999665875791, 'generation': 414}","{'id': 32103, 'rank': 21, 'fitness': 0.820726696649064, 'generation': 414}","{'id': 32088, 'rank': 22, 'fitness': 0.6303304487772762, 'generation': 414}","{'id': 32101, 'rank': 23, 'fitness': 0.6165955065069364, 'generation': 414}","{'id': 32122, 'rank': 24, 'fitness': 0.5253956425752639, 'generation': 414}","{'id': 32110, 'rank': 25, 'fitness': 0.5006111228203578, 'generation': 414}","{'id': 32116, 'rank': 26, 'fitness': 0.47495269696720005, 'generation': 414}","{'id': 32060, 'rank': 27, 'fitness': 0.4258222267791195, 'generation': 414}","{'id': 32064, 'rank': 28, 'fitness': 0.3423900223409631, 'generation': 414}","{'id': 32055, 'rank': 29, 'fitness': 0.02458501814094949, 'generation': 414}","{'id': 32059, 'rank': 30, 'fitness': 0.01798620996209155, 'generation': 414}"
"{'id': 32083, 'rank': 1, 'fitness': 0.9820137900379085, 'generation': 415}","{'id': 32102, 'rank': 2, 'fitness': 0.9819627956994814, 'generation': 415}","{'id': 32085, 'rank': 3, 'fitness': 0.9818607944009031, 'generation': 415}","{'id': 31826, 'rank': 4, 'fitness': 0.9818532383594282, 'generation': 415}","{'id': 32053, 'rank': 5, 'fitness': 0.98179862633289, 'generation': 415}","{'id': 32075, 'rank': 6, 'fitness': 0.9817375625477872, 'generation': 415}","{'id': 32045, 'rank': 7, 'fitness': 0.981728304052947, 'generation': 415}","{'id': 32147, 'rank': 8, 'fitness': 0.9814810456893834, 'generation': 415}","{'id': 32068, 'rank': 9, 'fitness': 0.9814678817657365, 'generation': 415}","{'id': 32191, 'rank': 10, 'fitness': 0.9814668995786038, 'generation': 415}","{'id': 32191, 'rank': 11, 'fitness': 0.9814668995786038, 'generation': 415}","{'id': 32103, 'rank': 12, 'fitness': 0.9814160665940537, 'generation': 415}","{'id': 32166, 'rank': 13, 'fitness': 0.9813416851993915, 'generation': 415}","{'id': 32193, 'rank': 14, 'fitness': 0.9811146093202159, 'generation': 415}","{'id': 32185, 'rank': 15, 'fitness': 0.9810056678888831, 'generation': 415}","{'id': 32060, 'rank': 16, 'fitness': 0.9809647736370398, 'generation': 415}","{'id': 32146, 'rank': 17, 'fitness': 0.9808272310532797, 'generation': 415}","{'id': 32175, 'rank': 18, 'fitness': 0.9807786645802125, 'generation': 415}","{'id': 32175, 'rank': 19, 'fitness': 0.9807786645802125, 'generation': 415}","{'id': 32152, 'rank': 20, 'fitness': 0.9803700105821634, 'generation': 415}","{'id': 32152, 'rank': 21, 'fitness': 0.9803700105821634, 'generation': 415}","{'id': 32142, 'rank': 22, 'fitness': 0.980174459839773, 'generation': 415}","{'id': 32055, 'rank': 23, 'fitness': 0.9800975960575171, 'generation': 415}","{'id': 32059, 'rank': 24, 'fitness': 0.9800137540179854, 'generation': 415}","{'id': 32059, 'rank': 25, 'fitness': 0.9800137540179854, 'generation': 415}","{'id': 32170, 'rank': 26, 'fitness': 0.9793034799499556, 'generation': 415}","{'id': 32173, 'rank': 27, 'fitness': 0.9788025240290125, 'generation': 415}","{'id': 32156, 'rank': 28, 'fitness': 0.9695532556527102, 'generation': 415}","{'id': 32211, 'rank': 29, 'fitness': 0.9561890585351235, 'generation': 415}","{'id': 32190, 'rank': 30, 'fitness': 0.01798620996209155, 'generation': 415}"
"{'id': 32102, 'rank': 1, 'fitness': 0.9820137900379085, 'generation': 416}","{'id': 32102, 'rank': 2, 'fitness': 0.9820137900379085, 'generation': 416}","{'id': 32102, 'rank': 3, 'fitness': 0.9820137900379085, 'generation': 416}","{'id': 32242, 'rank': 4, 'fitness': 0.9772524060968222, 'generation': 416}","{'id': 32075, 'rank': 5, 'fitness': 0.9672627932010969, 'generation': 416}","{'id': 32281, 'rank': 6, 'fitness': 0.9472539096658397, 'generation': 416}","{'id': 32236, 'rank': 7, 'fitness': 0.9452285845389155, 'generation': 416}","{'id': 32295, 'rank': 8, 'fitness': 0.9383250986144567, 'generation': 416}","{'id': 32191, 'rank': 9, 'fitness': 0.9344913351846593, 'generation': 416}","{'id': 32191, 'rank': 10, 'fitness': 0.9344913351846593, 'generation': 416}","{'id': 32289, 'rank': 11, 'fitness': 0.9323771596724212, 'generation': 416}","{'id': 32279, 'rank': 12, 'fitness': 0.9229952007683373, 'generation': 416}","{'id': 32258, 'rank': 13, 'fitness': 0.917449685287977, 'generation': 416}","{'id': 32263, 'rank': 14, 'fitness': 0.8896553021460556, 'generation': 416}","{'id': 32271, 'rank': 15, 'fitness': 0.8445259055039973, 'generation': 416}","{'id': 32219, 'rank': 16, 'fitness': 0.8445134507437932, 'generation': 416}","{'id': 32291, 'rank': 17, 'fitness': 0.8277215433844547, 'generation': 416}","{'id': 32291, 'rank': 18, 'fitness': 0.8277215433844547, 'generation': 416}","{'id': 32060, 'rank': 19, 'fitness': 0.7915364197423116, 'generation': 416}","{'id': 32260, 'rank': 20, 'fitness': 0.6817800519111021, 'generation': 416}","{'id': 32272, 'rank': 21, 'fitness': 0.6175005842832102, 'generation': 416}","{'id': 32276, 'rank': 22, 'fitness': 0.6087976493749204, 'generation': 416}","{'id': 32252, 'rank': 23, 'fitness': 0.5653252913895376, 'generation': 416}","{'id': 32233, 'rank': 24, 'fitness': 0.42078315660268795, 'generation': 416}","{'id': 32059, 'rank': 25, 'fitness': 0.2532326554480428, 'generation': 416}","{'id': 32059, 'rank': 26, 'fitness': 0.2532326554480428, 'generation': 416}","{'id': 32059, 'rank': 27, 'fitness': 0.2532326554480428, 'generation': 416}","{'id': 32277, 'rank': 28, 'fitness': 0.19824644641512784, 'generation': 416}","{'id': 32284, 'rank': 29, 'fitness': 0.14439017023266232, 'generation': 416}","{'id': 32173, 'rank': 30, 'fitness': 0.01798620996209155, 'generation': 416}"
"{'id': 32343, 'rank': 1, 'fitness': 0.9820137900379085, 'generation': 417}","{'id': 32102, 'rank': 2, 'fitness': 0.981643650005885, 'generation': 417}","{'id': 32102, 'rank': 3, 'fitness': 0.981643650005885, 'generation': 417}","{'id': 32102, 'rank': 4, 'fitness': 0.981643650005885, 'generation': 417}","{'id': 32102, 'rank': 5, 'fitness': 0.981643650005885, 'generation': 417}","{'id': 32324, 'rank': 6, 'fitness': 0.9809032226050461, 'generation': 417}","{'id': 32325, 'rank': 7, 'fitness': 0.9806984438041817, 'generation': 417}","{'id': 32320, 'rank': 8, 'fitness': 0.9805960229615711, 'generation': 417}","{'id': 32191, 'rank': 9, 'fitness': 0.9804446485337641, 'generation': 417}","{'id': 32289, 'rank': 10, 'fitness': 0.9804132731031674, 'generation': 417}","{'id': 32279, 'rank': 11, 'fitness': 0.9802836350636253, 'generation': 417}","{'id': 32258, 'rank': 12, 'fitness': 0.9802133302777142, 'generation': 417}","{'id': 32339, 'rank': 13, 'fitness': 0.9800623150634522, 'generation': 417}","{'id': 32291, 'rank': 14, 'fitness': 0.9794164240983191, 'generation': 417}","{'id': 32060, 'rank': 15, 'fitness': 0.9791871875273195, 'generation': 417}","{'id': 32272, 'rank': 16, 'fitness': 0.9783329297698493, 'generation': 417}","{'id': 32276, 'rank': 17, 'fitness': 0.978295523665735, 'generation': 417}","{'id': 32284, 'rank': 18, 'fitness': 0.9759092381256742, 'generation': 417}","{'id': 32363, 'rank': 19, 'fitness': 0.9758312442383341, 'generation': 417}","{'id': 32368, 'rank': 20, 'fitness': 0.9755758336436112, 'generation': 417}","{'id': 32354, 'rank': 21, 'fitness': 0.9720746178635802, 'generation': 417}","{'id': 32348, 'rank': 22, 'fitness': 0.97202710553868, 'generation': 417}","{'id': 32365, 'rank': 23, 'fitness': 0.970556760852384, 'generation': 417}","{'id': 32365, 'rank': 24, 'fitness': 0.970556760852384, 'generation': 417}","{'id': 32309, 'rank': 25, 'fitness': 0.9692318851154533, 'generation': 417}","{'id': 32312, 'rank': 26, 'fitness': 0.9688307831741771, 'generation': 417}","{'id': 32349, 'rank': 27, 'fitness': 0.9635190656953234, 'generation': 417}","{'id': 32328, 'rank': 28, 'fitness': 0.9555019418867879, 'generation': 417}","{'id': 32332, 'rank': 29, 'fitness': 0.01798620996209155, 'generation': 417}","{'id': 32332, 'rank': 30, 'fitness': 0.01798620996209155, 'generation': 417}"
"{'id': 32420, 'rank': 1, 'fitness': 0.9820137900379085, 'generation': 418}","{'id': 32420, 'rank': 2, 'fitness': 0.9820137900379085, 'generation': 418}","{'id': 32102, 'rank': 3, 'fitness': 0.9773417347321272, 'generation': 418}","{'id': 32421, 'rank': 4, 'fitness': 0.9763737365439893, 'generation': 418}","{'id': 32434, 'rank': 5, 'fitness': 0.9726727108333191, 'generation': 418}","{'id': 32324, 'rank': 6, 'fitness': 0.9651119571161153, 'generation': 418}","{'id': 32320, 'rank': 7, 'fitness': 0.9585421824861711, 'generation': 418}","{'id': 32191, 'rank': 8, 'fitness': 0.9549280666178145, 'generation': 418}","{'id': 32289, 'rank': 9, 'fitness': 0.9541458974389113, 'generation': 418}","{'id': 32289, 'rank': 10, 'fitness': 0.9541458974389113, 'generation': 418}","{'id': 32289, 'rank': 11, 'fitness': 0.9541458974389113, 'generation': 418}","{'id': 32399, 'rank': 12, 'fitness': 0.9513604472298711, 'generation': 418}","{'id': 32414, 'rank': 13, 'fitness': 0.9507646151194081, 'generation': 418}","{'id': 32384, 'rank': 14, 'fitness': 0.9479131146158098, 'generation': 418}","{'id': 32339, 'rank': 15, 'fitness': 0.9445717359597188, 'generation': 418}","{'id': 32400, 'rank': 16, 'fitness': 0.9435842761898232, 'generation': 418}","{'id': 32416, 'rank': 17, 'fitness': 0.9365181766966617, 'generation': 418}","{'id': 32381, 'rank': 18, 'fitness': 0.9305891026105579, 'generation': 418}","{'id': 32442, 'rank': 19, 'fitness': 0.9195416185670058, 'generation': 418}","{'id': 32415, 'rank': 20, 'fitness': 0.9050043366910754, 'generation': 418}","{'id': 32415, 'rank': 21, 'fitness': 0.9050043366910754, 'generation': 418}","{'id': 32398, 'rank': 22, 'fitness': 0.8803295470448632, 'generation': 418}","{'id': 32372, 'rank': 23, 'fitness': 0.8712660529935254, 'generation': 418}","{'id': 32272, 'rank': 24, 'fitness': 0.8698075951813609, 'generation': 418}","{'id': 32395, 'rank': 25, 'fitness': 0.7734062759680514, 'generation': 418}","{'id': 32363, 'rank': 26, 'fitness': 0.6607377200102182, 'generation': 418}","{'id': 32368, 'rank': 27, 'fitness': 0.6336297200869225, 'generation': 418}","{'id': 32377, 'rank': 28, 'fitness': 0.42121693732012894, 'generation': 418}","{'id': 32387, 'rank': 29, 'fitness': 0.06964838492855024, 'generation': 418}","{'id': 32408, 'rank': 30, 'fitness': 0.01798620996209155, 'generation': 418}"
"{'id': 32525, 'rank': 1, 'fitness': 0.9820137900379085, 'generation': 419}","{'id': 32525, 'rank': 2, 'fitness': 0.9820137900379085, 'generation': 419}","{'id': 32420, 'rank': 3, 'fitness': 0.9817699798236437, 'generation': 419}","{'id': 32530, 'rank': 4, 'fitness': 0.9814135505165105, 'generation': 419}","{'id': 32522, 'rank': 5, 'fitness': 0.9810705541386617, 'generation': 419}","{'id': 32324, 'rank': 6, 'fitness': 0.9807949094040554, 'generation': 419}","{'id': 32452, 'rank': 7, 'fitness': 0.9807491374050792, 'generation': 419}","{'id': 32450, 'rank': 8, 'fitness': 0.9806633822700387, 'generation': 419}","{'id': 32191, 'rank': 9, 'fitness': 0.9803985803107503, 'generation': 419}","{'id': 32289, 'rank': 10, 'fitness': 0.9803715103277282, 'generation': 419}","{'id': 32289, 'rank': 11, 'fitness': 0.9803715103277282, 'generation': 419}","{'id': 32414, 'rank': 12, 'fitness': 0.9802589337432117, 'generation': 419}","{'id': 32414, 'rank': 13, 'fitness': 0.9802589337432117, 'generation': 419}","{'id': 32384, 'rank': 14, 'fitness': 0.9801691064982891, 'generation': 419}","{'id': 32529, 'rank': 15, 'fitness': 0.9800975464021422, 'generation': 419}","{'id': 32339, 'rank': 16, 'fitness': 0.9800691124964472, 'generation': 419}","{'id': 32528, 'rank': 17, 'fitness': 0.9796384400255365, 'generation': 419}","{'id': 32415, 'rank': 18, 'fitness': 0.9791623370656106, 'generation': 419}","{'id': 32415, 'rank': 19, 'fitness': 0.9791623370656106, 'generation': 419}","{'id': 32415, 'rank': 20, 'fitness': 0.9791623370656106, 'generation': 419}","{'id': 32501, 'rank': 21, 'fitness': 0.9787396916906537, 'generation': 419}","{'id': 32500, 'rank': 22, 'fitness': 0.9763644596815272, 'generation': 419}","{'id': 32482, 'rank': 23, 'fitness': 0.976316298991556, 'generation': 419}","{'id': 32492, 'rank': 24, 'fitness': 0.9755423989663143, 'generation': 419}","{'id': 32474, 'rank': 25, 'fitness': 0.9752238071308068, 'generation': 419}","{'id': 32508, 'rank': 26, 'fitness': 0.9751785270961988, 'generation': 419}","{'id': 32490, 'rank': 27, 'fitness': 0.9747990872703751, 'generation': 419}","{'id': 32479, 'rank': 28, 'fitness': 0.9744643004921413, 'generation': 419}","{'id': 32488, 'rank': 29, 'fitness': 0.9743352950238604, 'generation': 419}","{'id': 32471, 'rank': 30, 'fitness': 0.01798620996209155, 'generation': 419}"
"{'id': 32525, 'rank': 1, 'fitness': 0.9820137900379085, 'generation': 420}","{'id': 32557, 'rank': 2, 'fitness': 0.9379926432562995, 'generation': 420}","{'id': 32560, 'rank': 3, 'fitness': 0.9336108988761896, 'generation': 420}","{'id': 32609, 'rank': 4, 'fitness': 0.9308938014994895, 'generation': 420}","{'id': 32609, 'rank': 5, 'fitness': 0.9308938014994895, 'generation': 420}","{'id': 32452, 'rank': 6, 'fitness': 0.9099667231018489, 'generation': 420}","{'id': 32574, 'rank': 7, 'fitness': 0.8853864302632659, 'generation': 420}","{'id': 32191, 'rank': 8, 'fitness': 0.8658657030602239, 'generation': 420}","{'id': 32191, 'rank': 9, 'fitness': 0.8658657030602239, 'generation': 420}","{'id': 32289, 'rank': 10, 'fitness': 0.8618326013816658, 'generation': 420}","{'id': 32594, 'rank': 11, 'fitness': 0.8501610582410204, 'generation': 420}","{'id': 32622, 'rank': 12, 'fitness': 0.8440911478992483, 'generation': 420}","{'id': 32414, 'rank': 13, 'fitness': 0.8440234187784739, 'generation': 420}","{'id': 32606, 'rank': 14, 'fitness': 0.8376845920375295, 'generation': 420}","{'id': 32607, 'rank': 15, 'fitness': 0.8297260208746684, 'generation': 420}","{'id': 32384, 'rank': 16, 'fitness': 0.8285863950442003, 'generation': 420}","{'id': 32384, 'rank': 17, 'fitness': 0.8285863950442003, 'generation': 420}","{'id': 32589, 'rank': 18, 'fitness': 0.8226314343221187, 'generation': 420}","{'id': 32589, 'rank': 19, 'fitness': 0.8226314343221187, 'generation': 420}","{'id': 32529, 'rank': 20, 'fitness': 0.8154940445402207, 'generation': 420}","{'id': 32596, 'rank': 21, 'fitness': 0.8053839394280974, 'generation': 420}","{'id': 32613, 'rank': 22, 'fitness': 0.6289773972118043, 'generation': 420}","{'id': 32415, 'rank': 23, 'fitness': 0.5852098360585367, 'generation': 420}","{'id': 32415, 'rank': 24, 'fitness': 0.5852098360585367, 'generation': 420}","{'id': 32579, 'rank': 25, 'fitness': 0.5230133159024366, 'generation': 420}","{'id': 32549, 'rank': 26, 'fitness': 0.4936844063006509, 'generation': 420}","{'id': 32573, 'rank': 27, 'fitness': 0.48334349981261016, 'generation': 420}","{'id': 32595, 'rank': 28, 'fitness': 0.37922920215550304, 'generation': 420}","{'id': 32614, 'rank': 29, 'fitness': 0.13999580984988924, 'generation': 420}","{'id': 32617, 'rank': 30, 'fitness': 0.01798620996209155, 'generation': 420}"
"{'id': 32681, 'rank': 1, 'fitness': 0.9820137900379085, 'generation': 421}","{'id': 32681, 'rank': 2, 'fitness': 0.9820137900379085, 'generation': 421}","{'id': 32685, 'rank': 3, 'fitness': 0.981875581325328, 'generation': 421}","{'id': 32685, 'rank': 4, 'fitness': 0.981875581325328, 'generation': 421}","{'id': 32557, 'rank': 5, 'fitness': 0.9816330321906637, 'generation': 421}","{'id': 32560, 'rank': 6, 'fitness': 0.9816018564327103, 'generation': 421}","{'id': 32609, 'rank': 7, 'fitness': 0.9815834476446255, 'generation': 421}","{'id': 32574, 'rank': 8, 'fitness': 0.9813439115479958, 'generation': 421}","{'id': 32289, 'rank': 9, 'fitness': 0.9812509705701049, 'generation': 421}","{'id': 32622, 'rank': 10, 'fitness': 0.9811891813245626, 'generation': 421}","{'id': 32622, 'rank': 11, 'fitness': 0.9811891813245626, 'generation': 421}","{'id': 32622, 'rank': 12, 'fitness': 0.9811891813245626, 'generation': 421}","{'id': 32606, 'rank': 13, 'fitness': 0.9811682401376045, 'generation': 421}","{'id': 32607, 'rank': 14, 'fitness': 0.9811431037268665, 'generation': 421}","{'id': 32589, 'rank': 15, 'fitness': 0.9811214457227229, 'generation': 421}","{'id': 32529, 'rank': 16, 'fitness': 0.9811003088062671, 'generation': 421}","{'id': 32613, 'rank': 17, 'fitness': 0.980674926062125, 'generation': 421}","{'id': 32595, 'rank': 18, 'fitness': 0.9802115336537752, 'generation': 421}","{'id': 32595, 'rank': 19, 'fitness': 0.9802115336537752, 'generation': 421}","{'id': 32639, 'rank': 20, 'fitness': 0.9796518257777647, 'generation': 421}","{'id': 32614, 'rank': 21, 'fitness': 0.979594875620521, 'generation': 421}","{'id': 32640, 'rank': 22, 'fitness': 0.9775911981636094, 'generation': 421}","{'id': 32646, 'rank': 23, 'fitness': 0.9743153509779027, 'generation': 421}","{'id': 32655, 'rank': 24, 'fitness': 0.9607951586395196, 'generation': 421}","{'id': 32687, 'rank': 25, 'fitness': 0.9606933569023188, 'generation': 421}","{'id': 32658, 'rank': 26, 'fitness': 0.9528088734084488, 'generation': 421}","{'id': 32674, 'rank': 27, 'fitness': 0.9425672079292533, 'generation': 421}","{'id': 32686, 'rank': 28, 'fitness': 0.9414964251309692, 'generation': 421}","{'id': 32662, 'rank': 29, 'fitness': 0.9352509311968711, 'generation': 421}","{'id': 32680, 'rank': 30, 'fitness': 0.01798620996209155, 'generation': 421}"
"{'id': 32702, 'rank': 1, 'fitness': 0.9820137900379085, 'generation': 422}","{'id': 32557, 'rank': 2, 'fitness': 0.9818667595633648, 'generation': 422}","{'id': 32557, 'rank': 3, 'fitness': 0.9818667595633648, 'generation': 422}","{'id': 32560, 'rank': 4, 'fitness': 0.9815481158045415, 'generation': 422}","{'id': 32560, 'rank': 5, 'fitness': 0.9815481158045415, 'generation': 422}","{'id': 32609, 'rank': 6, 'fitness': 0.9813576418769936, 'generation': 422}","{'id': 32609, 'rank': 7, 'fitness': 0.9813576418769936, 'generation': 422}","{'id': 32720, 'rank': 8, 'fitness': 0.9808470659864316, 'generation': 422}","{'id': 32720, 'rank': 9, 'fitness': 0.9808470659864316, 'generation': 422}","{'id': 32720, 'rank': 10, 'fitness': 0.9808470659864316, 'generation': 422}","{'id': 32721, 'rank': 11, 'fitness': 0.9801055924045734, 'generation': 422}","{'id': 32574, 'rank': 12, 'fitness': 0.9787157039419905, 'generation': 422}","{'id': 32703, 'rank': 13, 'fitness': 0.977669653323765, 'generation': 422}","{'id': 32289, 'rank': 14, 'fitness': 0.9776048353209426, 'generation': 422}","{'id': 32705, 'rank': 15, 'fitness': 0.9769862189644125, 'generation': 422}","{'id': 32622, 'rank': 16, 'fitness': 0.9768383210361472, 'generation': 422}","{'id': 32606, 'rank': 17, 'fitness': 0.976573348526143, 'generation': 422}","{'id': 32607, 'rank': 18, 'fitness': 0.9762517730335825, 'generation': 422}","{'id': 32529, 'rank': 19, 'fitness': 0.9756953489650745, 'generation': 422}","{'id': 32739, 'rank': 20, 'fitness': 0.9744225281939352, 'generation': 422}","{'id': 32744, 'rank': 21, 'fitness': 0.9731327589190831, 'generation': 422}","{'id': 32760, 'rank': 22, 'fitness': 0.9721251263993343, 'generation': 422}","{'id': 32760, 'rank': 23, 'fitness': 0.9721251263993343, 'generation': 422}","{'id': 32613, 'rank': 24, 'fitness': 0.9695111238377081, 'generation': 422}","{'id': 32743, 'rank': 25, 'fitness': 0.9647181161623104, 'generation': 422}","{'id': 32697, 'rank': 26, 'fitness': 0.9573591777397233, 'generation': 422}","{'id': 32714, 'rank': 27, 'fitness': 0.9542874010556132, 'generation': 422}","{'id': 32754, 'rank': 28, 'fitness': 0.9535507909532257, 'generation': 422}","{'id': 32749, 'rank': 29, 'fitness': 0.9175181885174601, 'generation': 422}","{'id': 32715, 'rank': 30, 'fitness': 0.01798620996209155, 'generation': 422}"
"{'id': 32557, 'rank': 1, 'fitness': 0.9820137900379085, 'generation': 423}","{'id': 32720, 'rank': 2, 'fitness': 0.9713422624862795, 'generation': 423}","{'id': 32720, 'rank': 3, 'fitness': 0.9713422624862795, 'generation': 423}","{'id': 32720, 'rank': 4, 'fitness': 0.9713422624862795, 'generation': 423}","{'id': 32720, 'rank': 5, 'fitness': 0.9713422624862795, 'generation': 423}","{'id': 32834, 'rank': 6, 'fitness': 0.9692363498282921, 'generation': 423}","{'id': 32787, 'rank': 7, 'fitness': 0.9585348629866635, 'generation': 423}","{'id': 32848, 'rank': 8, 'fitness': 0.9565387779010532, 'generation': 423}","{'id': 32848, 'rank': 9, 'fitness': 0.9565387779010532, 'generation': 423}","{'id': 32838, 'rank': 10, 'fitness': 0.9469980263021799, 'generation': 423}","{'id': 32574, 'rank': 11, 'fitness': 0.9310112035355702, 'generation': 423}","{'id': 32804, 'rank': 12, 'fitness': 0.9272869429607572, 'generation': 423}","{'id': 32813, 'rank': 13, 'fitness': 0.9269270511173197, 'generation': 423}","{'id': 32821, 'rank': 14, 'fitness': 0.9049416036970117, 'generation': 423}","{'id': 32705, 'rank': 15, 'fitness': 0.8720389784874537, 'generation': 423}","{'id': 32622, 'rank': 16, 'fitness': 0.8656499454254388, 'generation': 423}","{'id': 32606, 'rank': 17, 'fitness': 0.853639250322814, 'generation': 423}","{'id': 32529, 'rank': 18, 'fitness': 0.8086240803793876, 'generation': 423}","{'id': 32809, 'rank': 19, 'fitness': 0.7582938557906618, 'generation': 423}","{'id': 32854, 'rank': 20, 'fitness': 0.7306013324508003, 'generation': 423}","{'id': 32847, 'rank': 21, 'fitness': 0.6705600177956937, 'generation': 423}","{'id': 32782, 'rank': 22, 'fitness': 0.6531320098926614, 'generation': 423}","{'id': 32744, 'rank': 23, 'fitness': 0.6367712498078091, 'generation': 423}","{'id': 32815, 'rank': 24, 'fitness': 0.598451135491515, 'generation': 423}","{'id': 32824, 'rank': 25, 'fitness': 0.4251897835603138, 'generation': 423}","{'id': 32811, 'rank': 26, 'fitness': 0.3155325624921965, 'generation': 423}","{'id': 32811, 'rank': 27, 'fitness': 0.3155325624921965, 'generation': 423}","{'id': 32772, 'rank': 28, 'fitness': 0.254446618673584, 'generation': 423}","{'id': 32802, 'rank': 29, 'fitness': 0.07286309243231981, 'generation': 423}","{'id': 32830, 'rank': 30, 'fitness': 0.01798620996209155, 'generation': 423}"
"{'id': 32557, 'rank': 1, 'fitness': 0.9820137900379085, 'generation': 424}","{'id': 32720, 'rank': 2, 'fitness': 0.981680737920329, 'generation': 424}","{'id': 32720, 'rank': 3, 'fitness': 0.981680737920329, 'generation': 424}","{'id': 32908, 'rank': 4, 'fitness': 0.9815566900352581, 'generation': 424}","{'id': 32940, 'rank': 5, 'fitness': 0.9814567636110525, 'generation': 424}","{'id': 32848, 'rank': 6, 'fitness': 0.9813738631781945, 'generation': 424}","{'id': 32813, 'rank': 7, 'fitness': 0.9809749197555193, 'generation': 424}","{'id': 32939, 'rank': 8, 'fitness': 0.9806977332745651, 'generation': 424}","{'id': 32875, 'rank': 9, 'fitness': 0.9806218582461426, 'generation': 424}","{'id': 32529, 'rank': 10, 'fitness': 0.9801538338922862, 'generation': 424}","{'id': 32529, 'rank': 11, 'fitness': 0.9801538338922862, 'generation': 424}","{'id': 32809, 'rank': 12, 'fitness': 0.9799255343567392, 'generation': 424}","{'id': 32854, 'rank': 13, 'fitness': 0.979812903332812, 'generation': 424}","{'id': 32854, 'rank': 14, 'fitness': 0.979812903332812, 'generation': 424}","{'id': 32854, 'rank': 15, 'fitness': 0.979812903332812, 'generation': 424}","{'id': 32744, 'rank': 16, 'fitness': 0.9794718516529912, 'generation': 424}","{'id': 32934, 'rank': 17, 'fitness': 0.9791689748855562, 'generation': 424}","{'id': 32824, 'rank': 18, 'fitness': 0.9787806511363302, 'generation': 424}","{'id': 32772, 'rank': 19, 'fitness': 0.978141704369095, 'generation': 424}","{'id': 32772, 'rank': 20, 'fitness': 0.978141704369095, 'generation': 424}","{'id': 32772, 'rank': 21, 'fitness': 0.978141704369095, 'generation': 424}","{'id': 32858, 'rank': 22, 'fitness': 0.9766221401834375, 'generation': 424}","{'id': 32896, 'rank': 23, 'fitness': 0.9677107509274816, 'generation': 424}","{'id': 32864, 'rank': 24, 'fitness': 0.9565659113853304, 'generation': 424}","{'id': 32864, 'rank': 25, 'fitness': 0.9565659113853304, 'generation': 424}","{'id': 32901, 'rank': 26, 'fitness': 0.7911475861341545, 'generation': 424}","{'id': 32901, 'rank': 27, 'fitness': 0.7911475861341545, 'generation': 424}","{'id': 32880, 'rank': 28, 'fitness': 0.745214051719746, 'generation': 424}","{'id': 32878, 'rank': 29, 'fitness': 0.5537513341059498, 'generation': 424}","{'id': 32869, 'rank': 30, 'fitness': 0.01798620996209155, 'generation': 424}"
"{'id': 32944, 'rank': 1, 'fitness': 0.9820137900379085, 'generation': 425}","{'id': 32944, 'rank': 2, 'fitness': 0.9820137900379085, 'generation': 425}","{'id': 32557, 'rank': 3, 'fitness': 0.9817035150159298, 'generation': 425}","{'id': 32557, 'rank': 4, 'fitness': 0.9817035150159298, 'generation': 425}","{'id': 32557, 'rank': 5, 'fitness': 0.9817035150159298, 'generation': 425}","{'id': 32720, 'rank': 6, 'fitness': 0.9806717984301545, 'generation': 425}","{'id': 32720, 'rank': 7, 'fitness': 0.9806717984301545, 'generation': 425}","{'id': 32720, 'rank': 8, 'fitness': 0.9806717984301545, 'generation': 425}","{'id': 32939, 'rank': 9, 'fitness': 0.9774077042397624, 'generation': 425}","{'id': 32948, 'rank': 10, 'fitness': 0.9764201579540694, 'generation': 425}","{'id': 33016, 'rank': 11, 'fitness': 0.9752764270208063, 'generation': 425}","{'id': 32955, 'rank': 12, 'fitness': 0.975058288704698, 'generation': 425}","{'id': 32809, 'rank': 13, 'fitness': 0.9746075044391775, 'generation': 425}","{'id': 32990, 'rank': 14, 'fitness': 0.9742982325927626, 'generation': 425}","{'id': 32854, 'rank': 15, 'fitness': 0.9741812935628916, 'generation': 425}","{'id': 32854, 'rank': 16, 'fitness': 0.9741812935628916, 'generation': 425}","{'id': 32854, 'rank': 17, 'fitness': 0.9741812935628916, 'generation': 425}","{'id': 32953, 'rank': 18, 'fitness': 0.9730085568355338, 'generation': 425}","{'id': 33018, 'rank': 19, 'fitness': 0.972690093298304, 'generation': 425}","{'id': 32934, 'rank': 20, 'fitness': 0.9716560665450068, 'generation': 425}","{'id': 32958, 'rank': 21, 'fitness': 0.9711770100809802, 'generation': 425}","{'id': 33009, 'rank': 22, 'fitness': 0.9701232621361926, 'generation': 425}","{'id': 33009, 'rank': 23, 'fitness': 0.9701232621361926, 'generation': 425}","{'id': 33002, 'rank': 24, 'fitness': 0.9696655324143348, 'generation': 425}","{'id': 33002, 'rank': 25, 'fitness': 0.9696655324143348, 'generation': 425}","{'id': 32993, 'rank': 26, 'fitness': 0.9648916925528674, 'generation': 425}","{'id': 32959, 'rank': 27, 'fitness': 0.9605529141317215, 'generation': 425}","{'id': 32956, 'rank': 28, 'fitness': 0.959036951043169, 'generation': 425}","{'id': 32966, 'rank': 29, 'fitness': 0.9470633950430748, 'generation': 425}","{'id': 32901, 'rank': 30, 'fitness': 0.01798620996209155, 'generation': 425}"
"{'id': 33081, 'rank': 1, 'fitness': 0.9820137900379085, 'generation': 426}","{'id': 32944, 'rank': 2, 'fitness': 0.9514247152268401, 'generation': 426}","{'id': 32557, 'rank': 3, 'fitness': 0.9468446872223766, 'generation': 426}","{'id': 32557, 'rank': 4, 'fitness': 0.9468446872223766, 'generation': 426}","{'id': 32720, 'rank': 5, 'fitness': 0.929251366535687, 'generation': 426}","{'id': 32720, 'rank': 6, 'fitness': 0.929251366535687, 'generation': 426}","{'id': 33064, 'rank': 7, 'fitness': 0.9151897172881782, 'generation': 426}","{'id': 33070, 'rank': 8, 'fitness': 0.9081369646565809, 'generation': 426}","{'id': 33091, 'rank': 9, 'fitness': 0.8845620665416281, 'generation': 426}","{'id': 33026, 'rank': 10, 'fitness': 0.8454793260269973, 'generation': 426}","{'id': 33026, 'rank': 11, 'fitness': 0.8454793260269973, 'generation': 426}","{'id': 33089, 'rank': 12, 'fitness': 0.809108966157632, 'generation': 426}","{'id': 33090, 'rank': 13, 'fitness': 0.7689921606799208, 'generation': 426}","{'id': 33033, 'rank': 14, 'fitness': 0.7645142739552859, 'generation': 426}","{'id': 33106, 'rank': 15, 'fitness': 0.7448458147110759, 'generation': 426}","{'id': 32854, 'rank': 16, 'fitness': 0.7233690961771233, 'generation': 426}","{'id': 32854, 'rank': 17, 'fitness': 0.7233690961771233, 'generation': 426}","{'id': 33023, 'rank': 18, 'fitness': 0.6816732560071446, 'generation': 426}","{'id': 33100, 'rank': 19, 'fitness': 0.6721172959878147, 'generation': 426}","{'id': 33086, 'rank': 20, 'fitness': 0.626106710296334, 'generation': 426}","{'id': 32934, 'rank': 21, 'fitness': 0.6079195319698943, 'generation': 426}","{'id': 33009, 'rank': 22, 'fitness': 0.5356794606742388, 'generation': 426}","{'id': 33002, 'rank': 23, 'fitness': 0.5143790453544548, 'generation': 426}","{'id': 33002, 'rank': 24, 'fitness': 0.5143790453544548, 'generation': 426}","{'id': 33097, 'rank': 25, 'fitness': 0.3283373493997058, 'generation': 426}","{'id': 32993, 'rank': 26, 'fitness': 0.31738210551250734, 'generation': 426}","{'id': 33035, 'rank': 27, 'fitness': 0.14358583510570566, 'generation': 426}","{'id': 33051, 'rank': 28, 'fitness': 0.13079256216102653, 'generation': 426}","{'id': 32966, 'rank': 29, 'fitness': 0.04288713883902101, 'generation': 426}","{'id': 33053, 'rank': 30, 'fitness': 0.01798620996209155, 'generation': 426}"
"{'id': 33135, 'rank': 1, 'fitness': 0.9820137900379085, 'generation': 427}","{'id': 32944, 'rank': 2, 'fitness': 0.9820065618769199, 'generation': 427}","{'id': 33070, 'rank': 3, 'fitness': 0.981827524891822, 'generation': 427}","{'id': 33091, 'rank': 4, 'fitness': 0.9817603769884017, 'generation': 427}","{'id': 33026, 'rank': 5, 'fitness': 0.9816712278266823, 'generation': 427}","{'id': 33026, 'rank': 6, 'fitness': 0.9816712278266823, 'generation': 427}","{'id': 33026, 'rank': 7, 'fitness': 0.9816712278266823, 'generation': 427}","{'id': 32854, 'rank': 8, 'fitness': 0.9814742848103537, 'generation': 427}","{'id': 32854, 'rank': 9, 'fitness': 0.9814742848103537, 'generation': 427}","{'id': 33023, 'rank': 10, 'fitness': 0.9814206445311404, 'generation': 427}","{'id': 33100, 'rank': 11, 'fitness': 0.9814088912528947, 'generation': 427}","{'id': 32993, 'rank': 12, 'fitness': 0.9810054688836674, 'generation': 427}","{'id': 33035, 'rank': 13, 'fitness': 0.9807231451194605, 'generation': 427}","{'id': 33051, 'rank': 14, 'fitness': 0.9806929706359035, 'generation': 427}","{'id': 33118, 'rank': 15, 'fitness': 0.9804813994591566, 'generation': 427}","{'id': 33157, 'rank': 16, 'fitness': 0.9804591164381518, 'generation': 427}","{'id': 32966, 'rank': 17, 'fitness': 0.980351802896797, 'generation': 427}","{'id': 33053, 'rank': 18, 'fitness': 0.9800960514671906, 'generation': 427}","{'id': 33156, 'rank': 19, 'fitness': 0.9791179183617298, 'generation': 427}","{'id': 33162, 'rank': 20, 'fitness': 0.9787909504529502, 'generation': 427}","{'id': 33122, 'rank': 21, 'fitness': 0.9785520250548555, 'generation': 427}","{'id': 33123, 'rank': 22, 'fitness': 0.975885191008603, 'generation': 427}","{'id': 33123, 'rank': 23, 'fitness': 0.975885191008603, 'generation': 427}","{'id': 33177, 'rank': 24, 'fitness': 0.959895471635708, 'generation': 427}","{'id': 33125, 'rank': 25, 'fitness': 0.9350282741102895, 'generation': 427}","{'id': 33169, 'rank': 26, 'fitness': 0.8111735549367612, 'generation': 427}","{'id': 33170, 'rank': 27, 'fitness': 0.7778335431675808, 'generation': 427}","{'id': 33114, 'rank': 28, 'fitness': 0.37427697023049555, 'generation': 427}","{'id': 33166, 'rank': 29, 'fitness': 0.03123088847275257, 'generation': 427}","{'id': 33174, 'rank': 30, 'fitness': 0.01798620996209155, 'generation': 427}"
"{'id': 33228, 'rank': 1, 'fitness': 0.9820137900379085, 'generation': 428}","{'id': 33228, 'rank': 2, 'fitness': 0.9820137900379085, 'generation': 428}","{'id': 32944, 'rank': 3, 'fitness': 0.9817912266531876, 'generation': 428}","{'id': 33189, 'rank': 4, 'fitness': 0.9817720459118735, 'generation': 428}","{'id': 33230, 'rank': 5, 'fitness': 0.9814771672070938, 'generation': 428}","{'id': 33185, 'rank': 6, 'fitness': 0.9814493765356671, 'generation': 428}","{'id': 33070, 'rank': 7, 'fitness': 0.981216064339341, 'generation': 428}","{'id': 33229, 'rank': 8, 'fitness': 0.9810433913919829, 'generation': 428}","{'id': 33190, 'rank': 9, 'fitness': 0.9807778739930753, 'generation': 428}","{'id': 33026, 'rank': 10, 'fitness': 0.9807041348480539, 'generation': 428}","{'id': 33026, 'rank': 11, 'fitness': 0.9807041348480539, 'generation': 428}","{'id': 33227, 'rank': 12, 'fitness': 0.9804125957555817, 'generation': 428}","{'id': 33023, 'rank': 13, 'fitness': 0.9798640857741281, 'generation': 428}","{'id': 33221, 'rank': 14, 'fitness': 0.9797663562211859, 'generation': 428}","{'id': 33226, 'rank': 15, 'fitness': 0.979703656788927, 'generation': 428}","{'id': 33246, 'rank': 16, 'fitness': 0.9796843089252184, 'generation': 428}","{'id': 33209, 'rank': 17, 'fitness': 0.9786352652433427, 'generation': 428}","{'id': 33242, 'rank': 18, 'fitness': 0.977838413139769, 'generation': 428}","{'id': 33035, 'rank': 19, 'fitness': 0.9773982969474331, 'generation': 428}","{'id': 33237, 'rank': 20, 'fitness': 0.9767171159624566, 'generation': 428}","{'id': 33118, 'rank': 21, 'fitness': 0.976499049912636, 'generation': 428}","{'id': 33210, 'rank': 22, 'fitness': 0.9764949310344886, 'generation': 428}","{'id': 33157, 'rank': 23, 'fitness': 0.9764149874634732, 'generation': 428}","{'id': 33200, 'rank': 24, 'fitness': 0.9752817985250902, 'generation': 428}","{'id': 33236, 'rank': 25, 'fitness': 0.9751750115968284, 'generation': 428}","{'id': 33180, 'rank': 26, 'fitness': 0.9730824169365608, 'generation': 428}","{'id': 33215, 'rank': 27, 'fitness': 0.9691612328282487, 'generation': 428}","{'id': 33183, 'rank': 28, 'fitness': 0.8160345938004586, 'generation': 428}","{'id': 33181, 'rank': 29, 'fitness': 0.7342765855965675, 'generation': 428}","{'id': 33169, 'rank': 30, 'fitness': 0.01798620996209155, 'generation': 428}"
"{'id': 33228, 'rank': 1, 'fitness': 0.9820137900379085, 'generation': 429}","{'id': 33228, 'rank': 2, 'fitness': 0.9820137900379085, 'generation': 429}","{'id': 33228, 'rank': 3, 'fitness': 0.9820137900379085, 'generation': 429}","{'id': 33261, 'rank': 4, 'fitness': 0.9811018468686932, 'generation': 429}","{'id': 33189, 'rank': 5, 'fitness': 0.9792740420393511, 'generation': 429}","{'id': 33260, 'rank': 6, 'fitness': 0.9774830672935984, 'generation': 429}","{'id': 33270, 'rank': 7, 'fitness': 0.9708322967257415, 'generation': 429}","{'id': 33287, 'rank': 8, 'fitness': 0.9701858488186779, 'generation': 429}","{'id': 33277, 'rank': 9, 'fitness': 0.9679108399005207, 'generation': 429}","{'id': 33285, 'rank': 10, 'fitness': 0.9664862802896884, 'generation': 429}","{'id': 33026, 'rank': 11, 'fitness': 0.9622570832293404, 'generation': 429}","{'id': 33026, 'rank': 12, 'fitness': 0.9622570832293404, 'generation': 429}","{'id': 33268, 'rank': 13, 'fitness': 0.9617894916054678, 'generation': 429}","{'id': 33227, 'rank': 14, 'fitness': 0.955886584012053, 'generation': 429}","{'id': 33283, 'rank': 15, 'fitness': 0.9505555898057126, 'generation': 429}","{'id': 33283, 'rank': 16, 'fitness': 0.9505555898057126, 'generation': 429}","{'id': 33283, 'rank': 17, 'fitness': 0.9505555898057126, 'generation': 429}","{'id': 33305, 'rank': 18, 'fitness': 0.9475956215678388, 'generation': 429}","{'id': 33311, 'rank': 19, 'fitness': 0.9440104035161128, 'generation': 429}","{'id': 33262, 'rank': 20, 'fitness': 0.9360060649627434, 'generation': 429}","{'id': 33262, 'rank': 21, 'fitness': 0.9360060649627434, 'generation': 429}","{'id': 33329, 'rank': 22, 'fitness': 0.8811656570166438, 'generation': 429}","{'id': 33118, 'rank': 23, 'fitness': 0.7496134815130201, 'generation': 429}","{'id': 33258, 'rank': 24, 'fitness': 0.7475471922999292, 'generation': 429}","{'id': 33255, 'rank': 25, 'fitness': 0.7276419445475508, 'generation': 429}","{'id': 33293, 'rank': 26, 'fitness': 0.5926418183522248, 'generation': 429}","{'id': 33295, 'rank': 27, 'fitness': 0.5453797860798405, 'generation': 429}","{'id': 33289, 'rank': 28, 'fitness': 0.5360826938713859, 'generation': 429}","{'id': 33331, 'rank': 29, 'fitness': 0.4715974070307092, 'generation': 429}","{'id': 33275, 'rank': 30, 'fitness': 0.01798620996209155, 'generation': 429}"
"{'id': 33367, 'rank': 1, 'fitness': 0.9820137900379085, 'generation': 430}","{'id': 33261, 'rank': 2, 'fitness': 0.9818867286865895, 'generation': 430}","{'id': 33261, 'rank': 3, 'fitness': 0.9818867286865895, 'generation': 430}","{'id': 33261, 'rank': 4, 'fitness': 0.9818867286865895, 'generation': 430}","{'id': 33261, 'rank': 5, 'fitness': 0.9818867286865895, 'generation': 430}","{'id': 33189, 'rank': 6, 'fitness': 0.9818411168465833, 'generation': 430}","{'id': 33406, 'rank': 7, 'fitness': 0.9818097690011686, 'generation': 430}","{'id': 33406, 'rank': 8, 'fitness': 0.9818097690011686, 'generation': 430}","{'id': 33260, 'rank': 9, 'fitness': 0.9817999977590025, 'generation': 430}","{'id': 33412, 'rank': 10, 'fitness': 0.9817320768839919, 'generation': 430}","{'id': 33287, 'rank': 11, 'fitness': 0.9816594147836601, 'generation': 430}","{'id': 33375, 'rank': 12, 'fitness': 0.981650593037684, 'generation': 430}","{'id': 33277, 'rank': 13, 'fitness': 0.9816222236736736, 'generation': 430}","{'id': 33285, 'rank': 14, 'fitness': 0.9816001781230026, 'generation': 430}","{'id': 33376, 'rank': 15, 'fitness': 0.9815231768006665, 'generation': 430}","{'id': 33376, 'rank': 16, 'fitness': 0.9815231768006665, 'generation': 430}","{'id': 33305, 'rank': 17, 'fitness': 0.9813695019783428, 'generation': 430}","{'id': 33404, 'rank': 18, 'fitness': 0.9812069352555177, 'generation': 430}","{'id': 33355, 'rank': 19, 'fitness': 0.9811167228825736, 'generation': 430}","{'id': 33357, 'rank': 20, 'fitness': 0.9810185037215285, 'generation': 430}","{'id': 33357, 'rank': 21, 'fitness': 0.9810185037215285, 'generation': 430}","{'id': 33354, 'rank': 22, 'fitness': 0.9810117663807539, 'generation': 430}","{'id': 33390, 'rank': 23, 'fitness': 0.9808805853363636, 'generation': 430}","{'id': 33342, 'rank': 24, 'fitness': 0.9805901440664321, 'generation': 430}","{'id': 33398, 'rank': 25, 'fitness': 0.9803315045959513, 'generation': 430}","{'id': 33409, 'rank': 26, 'fitness': 0.9801899898691295, 'generation': 430}","{'id': 33411, 'rank': 27, 'fitness': 0.9796363511215307, 'generation': 430}","{'id': 33379, 'rank': 28, 'fitness': 0.9795566247914823, 'generation': 430}","{'id': 33346, 'rank': 29, 'fitness': 0.05415477487170822, 'generation': 430}","{'id': 33384, 'rank': 30, 'fitness': 0.01798620996209155, 'generation': 430}"
"{'id': 33367, 'rank': 1, 'fitness': 0.9820137900379085, 'generation': 431}","{'id': 33367, 'rank': 2, 'fitness': 0.9820137900379085, 'generation': 431}","{'id': 33446, 'rank': 3, 'fitness': 0.9741922432361911, 'generation': 431}","{'id': 33261, 'rank': 4, 'fitness': 0.9729156950059217, 'generation': 431}","{'id': 33261, 'rank': 5, 'fitness': 0.9729156950059217, 'generation': 431}","{'id': 33455, 'rank': 6, 'fitness': 0.9705671965782909, 'generation': 431}","{'id': 33455, 'rank': 7, 'fitness': 0.9705671965782909, 'generation': 431}","{'id': 33455, 'rank': 8, 'fitness': 0.9705671965782909, 'generation': 431}","{'id': 33406, 'rank': 9, 'fitness': 0.9654159531334543, 'generation': 431}","{'id': 33453, 'rank': 10, 'fitness': 0.9548093898068706, 'generation': 431}","{'id': 33453, 'rank': 11, 'fitness': 0.9548093898068706, 'generation': 431}","{'id': 33453, 'rank': 12, 'fitness': 0.9548093898068706, 'generation': 431}","{'id': 33451, 'rank': 13, 'fitness': 0.9526888386381203, 'generation': 431}","{'id': 33451, 'rank': 14, 'fitness': 0.9526888386381203, 'generation': 431}","{'id': 33413, 'rank': 15, 'fitness': 0.9525067096015599, 'generation': 431}","{'id': 33413, 'rank': 16, 'fitness': 0.9525067096015599, 'generation': 431}","{'id': 33413, 'rank': 17, 'fitness': 0.9525067096015599, 'generation': 431}","{'id': 33465, 'rank': 18, 'fitness': 0.9222476820782205, 'generation': 431}","{'id': 33471, 'rank': 19, 'fitness': 0.9220800253957389, 'generation': 431}","{'id': 33428, 'rank': 20, 'fitness': 0.9116939461489109, 'generation': 431}","{'id': 33482, 'rank': 21, 'fitness': 0.8804076636218348, 'generation': 431}","{'id': 33305, 'rank': 22, 'fitness': 0.8706089873454742, 'generation': 431}","{'id': 33467, 'rank': 23, 'fitness': 0.8701607079107085, 'generation': 431}","{'id': 33473, 'rank': 24, 'fitness': 0.8579883366398895, 'generation': 431}","{'id': 33464, 'rank': 25, 'fitness': 0.8362578242293939, 'generation': 431}","{'id': 33461, 'rank': 26, 'fitness': 0.8328418821647784, 'generation': 431}","{'id': 33420, 'rank': 27, 'fitness': 0.145435613796579, 'generation': 431}","{'id': 33439, 'rank': 28, 'fitness': 0.09118099711841687, 'generation': 431}","{'id': 33456, 'rank': 29, 'fitness': 0.05462470311705364, 'generation': 431}","{'id': 33449, 'rank': 30, 'fitness': 0.01798620996209155, 'generation': 431}"
"{'id': 33563, 'rank': 1, 'fitness': 0.9820137900379085, 'generation': 432}","{'id': 33563, 'rank': 2, 'fitness': 0.9820137900379085, 'generation': 432}","{'id': 33561, 'rank': 3, 'fitness': 0.9750620779014589, 'generation': 432}","{'id': 33367, 'rank': 4, 'fitness': 0.9588740135196974, 'generation': 432}","{'id': 33367, 'rank': 5, 'fitness': 0.9588740135196974, 'generation': 432}","{'id': 33455, 'rank': 6, 'fitness': 0.9140224408787521, 'generation': 432}","{'id': 33455, 'rank': 7, 'fitness': 0.9140224408787521, 'generation': 432}","{'id': 33455, 'rank': 8, 'fitness': 0.9140224408787521, 'generation': 432}","{'id': 33515, 'rank': 9, 'fitness': 0.8939122770582774, 'generation': 432}","{'id': 33516, 'rank': 10, 'fitness': 0.8836329389524339, 'generation': 432}","{'id': 33562, 'rank': 11, 'fitness': 0.8787046451007663, 'generation': 432}","{'id': 33562, 'rank': 12, 'fitness': 0.8787046451007663, 'generation': 432}","{'id': 33562, 'rank': 13, 'fitness': 0.8787046451007663, 'generation': 432}","{'id': 33453, 'rank': 14, 'fitness': 0.8416342081198913, 'generation': 432}","{'id': 33413, 'rank': 15, 'fitness': 0.8305133000791789, 'generation': 432}","{'id': 33413, 'rank': 16, 'fitness': 0.8305133000791789, 'generation': 432}","{'id': 33413, 'rank': 17, 'fitness': 0.8305133000791789, 'generation': 432}","{'id': 33413, 'rank': 18, 'fitness': 0.8305133000791789, 'generation': 432}","{'id': 33504, 'rank': 19, 'fitness': 0.5914862457323808, 'generation': 432}","{'id': 33504, 'rank': 20, 'fitness': 0.5914862457323808, 'generation': 432}","{'id': 33305, 'rank': 21, 'fitness': 0.4720812653056675, 'generation': 432}","{'id': 33305, 'rank': 22, 'fitness': 0.4720812653056675, 'generation': 432}","{'id': 33467, 'rank': 23, 'fitness': 0.4705391204184021, 'generation': 432}","{'id': 33461, 'rank': 24, 'fitness': 0.3589899119105378, 'generation': 432}","{'id': 33461, 'rank': 25, 'fitness': 0.3589899119105378, 'generation': 432}","{'id': 33500, 'rank': 26, 'fitness': 0.1513126342936627, 'generation': 432}","{'id': 33500, 'rank': 27, 'fitness': 0.1513126342936627, 'generation': 432}","{'id': 33513, 'rank': 28, 'fitness': 0.14348983612624566, 'generation': 432}","{'id': 33513, 'rank': 29, 'fitness': 0.14348983612624566, 'generation': 432}","{'id': 33501, 'rank': 30, 'fitness': 0.01798620996209155, 'generation': 432}"
"{'id': 33628, 'rank': 1, 'fitness': 0.9820137900379085, 'generation': 433}","{'id': 33628, 'rank': 2, 'fitness': 0.9820137900379085, 'generation': 433}","{'id': 33620, 'rank': 3, 'fitness': 0.9804857578894982, 'generation': 433}","{'id': 33604, 'rank': 4, 'fitness': 0.9790279422874328, 'generation': 433}","{'id': 33604, 'rank': 5, 'fitness': 0.9790279422874328, 'generation': 433}","{'id': 33605, 'rank': 6, 'fitness': 0.9789972174160347, 'generation': 433}","{'id': 33622, 'rank': 7, 'fitness': 0.97894270210975, 'generation': 433}","{'id': 33455, 'rank': 8, 'fitness': 0.9782815598690223, 'generation': 433}","{'id': 33516, 'rank': 9, 'fitness': 0.9776606609744427, 'generation': 433}","{'id': 33631, 'rank': 10, 'fitness': 0.9772032504183417, 'generation': 433}","{'id': 33413, 'rank': 11, 'fitness': 0.9768263404775779, 'generation': 433}","{'id': 33413, 'rank': 12, 'fitness': 0.9768263404775779, 'generation': 433}","{'id': 33629, 'rank': 13, 'fitness': 0.975326059192571, 'generation': 433}","{'id': 33305, 'rank': 14, 'fitness': 0.9732883504079265, 'generation': 433}","{'id': 33461, 'rank': 15, 'fitness': 0.9722262012945573, 'generation': 433}","{'id': 33461, 'rank': 16, 'fitness': 0.9722262012945573, 'generation': 433}","{'id': 33500, 'rank': 17, 'fitness': 0.969452547736773, 'generation': 433}","{'id': 33513, 'rank': 18, 'fitness': 0.9692942158312441, 'generation': 433}","{'id': 33641, 'rank': 19, 'fitness': 0.8225794554962946, 'generation': 433}","{'id': 33591, 'rank': 20, 'fitness': 0.8009192860064458, 'generation': 433}","{'id': 33636, 'rank': 21, 'fitness': 0.6383217567740587, 'generation': 433}","{'id': 33583, 'rank': 22, 'fitness': 0.530698739272349, 'generation': 433}","{'id': 33583, 'rank': 23, 'fitness': 0.530698739272349, 'generation': 433}","{'id': 33597, 'rank': 24, 'fitness': 0.40501081859739296, 'generation': 433}","{'id': 33637, 'rank': 25, 'fitness': 0.18104018706931696, 'generation': 433}","{'id': 33637, 'rank': 26, 'fitness': 0.18104018706931696, 'generation': 433}","{'id': 33579, 'rank': 27, 'fitness': 0.12987758883256395, 'generation': 433}","{'id': 33617, 'rank': 28, 'fitness': 0.03890519430879974, 'generation': 433}","{'id': 33617, 'rank': 29, 'fitness': 0.03890519430879974, 'generation': 433}","{'id': 33598, 'rank': 30, 'fitness': 0.01798620996209155, 'generation': 433}"
"{'id': 33692, 'rank': 1, 'fitness': 0.9820137900379085, 'generation': 434}","{'id': 33620, 'rank': 2, 'fitness': 0.9809106687493828, 'generation': 434}","{'id': 33649, 'rank': 3, 'fitness': 0.9797071357885794, 'generation': 434}","{'id': 33710, 'rank': 4, 'fitness': 0.9785449553913704, 'generation': 434}","{'id': 33671, 'rank': 5, 'fitness': 0.9784389395615753, 'generation': 434}","{'id': 33660, 'rank': 6, 'fitness': 0.9780448530605161, 'generation': 434}","{'id': 33648, 'rank': 7, 'fitness': 0.9775125196094692, 'generation': 434}","{'id': 33413, 'rank': 8, 'fitness': 0.9758670618905386, 'generation': 434}","{'id': 33661, 'rank': 9, 'fitness': 0.9755413276641441, 'generation': 434}","{'id': 33689, 'rank': 10, 'fitness': 0.9742282106875197, 'generation': 434}","{'id': 33683, 'rank': 11, 'fitness': 0.974208258782983, 'generation': 434}","{'id': 33675, 'rank': 12, 'fitness': 0.9738210723510822, 'generation': 434}","{'id': 33656, 'rank': 13, 'fitness': 0.9732374342700105, 'generation': 434}","{'id': 33305, 'rank': 14, 'fitness': 0.9707144943335151, 'generation': 434}","{'id': 33655, 'rank': 15, 'fitness': 0.9695435836817744, 'generation': 434}","{'id': 33655, 'rank': 16, 'fitness': 0.9695435836817744, 'generation': 434}","{'id': 33653, 'rank': 17, 'fitness': 0.9687914481740587, 'generation': 434}","{'id': 33684, 'rank': 18, 'fitness': 0.9683021836306069, 'generation': 434}","{'id': 33688, 'rank': 19, 'fitness': 0.9679383705770785, 'generation': 434}","{'id': 33654, 'rank': 20, 'fitness': 0.9678686479486673, 'generation': 434}","{'id': 33687, 'rank': 21, 'fitness': 0.9657753635600299, 'generation': 434}","{'id': 33500, 'rank': 22, 'fitness': 0.9648543064678186, 'generation': 434}","{'id': 33500, 'rank': 23, 'fitness': 0.9648543064678186, 'generation': 434}","{'id': 33690, 'rank': 24, 'fitness': 0.9633536814134591, 'generation': 434}","{'id': 33690, 'rank': 25, 'fitness': 0.9633536814134591, 'generation': 434}","{'id': 33706, 'rank': 26, 'fitness': 0.9619865223069721, 'generation': 434}","{'id': 33665, 'rank': 27, 'fitness': 0.9607052345946689, 'generation': 434}","{'id': 33713, 'rank': 28, 'fitness': 0.9531382671783297, 'generation': 434}","{'id': 33641, 'rank': 29, 'fitness': 0.6655260870798583, 'generation': 434}","{'id': 33579, 'rank': 30, 'fitness': 0.01798620996209155, 'generation': 434}"
"{'id': 33729, 'rank': 1, 'fitness': 0.9820137900379085, 'generation': 435}","{'id': 33692, 'rank': 2, 'fitness': 0.9817405595340392, 'generation': 435}","{'id': 33692, 'rank': 3, 'fitness': 0.9817405595340392, 'generation': 435}","{'id': 33783, 'rank': 4, 'fitness': 0.9815548005153493, 'generation': 435}","{'id': 33779, 'rank': 5, 'fitness': 0.9814143798534137, 'generation': 435}","{'id': 33779, 'rank': 6, 'fitness': 0.9814143798534137, 'generation': 435}","{'id': 33620, 'rank': 7, 'fitness': 0.9806232233279986, 'generation': 435}","{'id': 33777, 'rank': 8, 'fitness': 0.9782525603726144, 'generation': 435}","{'id': 33803, 'rank': 9, 'fitness': 0.9772977502585017, 'generation': 435}","{'id': 33803, 'rank': 10, 'fitness': 0.9772977502585017, 'generation': 435}","{'id': 33648, 'rank': 11, 'fitness': 0.9771822568190752, 'generation': 435}","{'id': 33648, 'rank': 12, 'fitness': 0.9771822568190752, 'generation': 435}","{'id': 33774, 'rank': 13, 'fitness': 0.9762955948619757, 'generation': 435}","{'id': 33799, 'rank': 14, 'fitness': 0.9754749658759514, 'generation': 435}","{'id': 33661, 'rank': 15, 'fitness': 0.975186846524356, 'generation': 435}","{'id': 33811, 'rank': 16, 'fitness': 0.9725952131481024, 'generation': 435}","{'id': 33796, 'rank': 17, 'fitness': 0.972031337267235, 'generation': 435}","{'id': 33767, 'rank': 18, 'fitness': 0.9715204027223769, 'generation': 435}","{'id': 33728, 'rank': 19, 'fitness': 0.971031861301, 'generation': 435}","{'id': 33749, 'rank': 20, 'fitness': 0.9708621916546792, 'generation': 435}","{'id': 33782, 'rank': 21, 'fitness': 0.9707395392047791, 'generation': 435}","{'id': 33786, 'rank': 22, 'fitness': 0.9698185328946829, 'generation': 435}","{'id': 33744, 'rank': 23, 'fitness': 0.9687139158896367, 'generation': 435}","{'id': 33755, 'rank': 24, 'fitness': 0.9644326377312638, 'generation': 435}","{'id': 33784, 'rank': 25, 'fitness': 0.958303285414138, 'generation': 435}","{'id': 33784, 'rank': 26, 'fitness': 0.958303285414138, 'generation': 435}","{'id': 33736, 'rank': 27, 'fitness': 0.9583000896844216, 'generation': 435}","{'id': 33746, 'rank': 28, 'fitness': 0.9581718035042313, 'generation': 435}","{'id': 33733, 'rank': 29, 'fitness': 0.9515961875363498, 'generation': 435}","{'id': 33579, 'rank': 30, 'fitness': 0.01798620996209155, 'generation': 435}"
"{'id': 33729, 'rank': 1, 'fitness': 0.9820137900379085, 'generation': 436}","{'id': 33692, 'rank': 2, 'fitness': 0.9806006751798796, 'generation': 436}","{'id': 33783, 'rank': 3, 'fitness': 0.9795912521978767, 'generation': 436}","{'id': 33779, 'rank': 4, 'fitness': 0.9788012575301162, 'generation': 436}","{'id': 33825, 'rank': 5, 'fitness': 0.9719767003366888, 'generation': 436}","{'id': 33865, 'rank': 6, 'fitness': 0.9685209780383361, 'generation': 436}","{'id': 33834, 'rank': 7, 'fitness': 0.9607636730428274, 'generation': 436}","{'id': 33777, 'rank': 8, 'fitness': 0.9538059820542675, 'generation': 436}","{'id': 33845, 'rank': 9, 'fitness': 0.9443629951240983, 'generation': 436}","{'id': 33866, 'rank': 10, 'fitness': 0.9434426075012325, 'generation': 436}","{'id': 33803, 'rank': 11, 'fitness': 0.9430549058941395, 'generation': 436}","{'id': 33803, 'rank': 12, 'fitness': 0.9430549058941395, 'generation': 436}","{'id': 33803, 'rank': 13, 'fitness': 0.9430549058941395, 'generation': 436}","{'id': 33648, 'rank': 14, 'fitness': 0.9416389647563151, 'generation': 436}","{'id': 33867, 'rank': 15, 'fitness': 0.9378132625997434, 'generation': 436}","{'id': 33862, 'rank': 16, 'fitness': 0.9339031803237319, 'generation': 436}","{'id': 33847, 'rank': 17, 'fitness': 0.9135161697408927, 'generation': 436}","{'id': 33661, 'rank': 18, 'fitness': 0.912927368659583, 'generation': 436}","{'id': 33821, 'rank': 19, 'fitness': 0.8711888499915061, 'generation': 436}","{'id': 33884, 'rank': 20, 'fitness': 0.8455624969354201, 'generation': 436}","{'id': 33830, 'rank': 21, 'fitness': 0.8365727419850297, 'generation': 436}","{'id': 33728, 'rank': 22, 'fitness': 0.8251118586321208, 'generation': 436}","{'id': 33782, 'rank': 23, 'fitness': 0.8174945028756473, 'generation': 436}","{'id': 33817, 'rank': 24, 'fitness': 0.8046859094233545, 'generation': 436}","{'id': 33903, 'rank': 25, 'fitness': 0.7976320046258947, 'generation': 436}","{'id': 33755, 'rank': 26, 'fitness': 0.6194024537384989, 'generation': 436}","{'id': 33883, 'rank': 27, 'fitness': 0.45475261960612745, 'generation': 436}","{'id': 33838, 'rank': 28, 'fitness': 0.332749185408972, 'generation': 436}","{'id': 33823, 'rank': 29, 'fitness': 0.1988981023937902, 'generation': 436}","{'id': 33890, 'rank': 30, 'fitness': 0.01798620996209155, 'generation': 436}"
"{'id': 33905, 'rank': 1, 'fitness': 0.9820137900379085, 'generation': 437}","{'id': 33905, 'rank': 2, 'fitness': 0.9820137900379085, 'generation': 437}","{'id': 33729, 'rank': 3, 'fitness': 0.9815595324702355, 'generation': 437}","{'id': 33729, 'rank': 4, 'fitness': 0.9815595324702355, 'generation': 437}","{'id': 33783, 'rank': 5, 'fitness': 0.9812154343419173, 'generation': 437}","{'id': 33783, 'rank': 6, 'fitness': 0.9812154343419173, 'generation': 437}","{'id': 33779, 'rank': 7, 'fitness': 0.9811106121873739, 'generation': 437}","{'id': 33909, 'rank': 8, 'fitness': 0.9807587783820966, 'generation': 437}","{'id': 33865, 'rank': 9, 'fitness': 0.9799785099754615, 'generation': 437}","{'id': 33968, 'rank': 10, 'fitness': 0.9793334961733986, 'generation': 437}","{'id': 33968, 'rank': 11, 'fitness': 0.9793334961733986, 'generation': 437}","{'id': 33777, 'rank': 12, 'fitness': 0.9788015752536969, 'generation': 437}","{'id': 33908, 'rank': 13, 'fitness': 0.9785970662823009, 'generation': 437}","{'id': 33906, 'rank': 14, 'fitness': 0.9785778798188018, 'generation': 437}","{'id': 33916, 'rank': 15, 'fitness': 0.9776979823156589, 'generation': 437}","{'id': 33916, 'rank': 16, 'fitness': 0.9776979823156589, 'generation': 437}","{'id': 33862, 'rank': 17, 'fitness': 0.9776194542856798, 'generation': 437}","{'id': 33821, 'rank': 18, 'fitness': 0.975136933432875, 'generation': 437}","{'id': 33884, 'rank': 19, 'fitness': 0.9743767065640274, 'generation': 437}","{'id': 33938, 'rank': 20, 'fitness': 0.9734335425501042, 'generation': 437}","{'id': 33943, 'rank': 21, 'fitness': 0.9691824946505294, 'generation': 437}","{'id': 33961, 'rank': 22, 'fitness': 0.9513884401104178, 'generation': 437}","{'id': 33913, 'rank': 23, 'fitness': 0.9483887112597007, 'generation': 437}","{'id': 33932, 'rank': 24, 'fitness': 0.9461317695125588, 'generation': 437}","{'id': 33956, 'rank': 25, 'fitness': 0.9392918976620366, 'generation': 437}","{'id': 33957, 'rank': 26, 'fitness': 0.9307935209918472, 'generation': 437}","{'id': 33952, 'rank': 27, 'fitness': 0.925816934562537, 'generation': 437}","{'id': 33950, 'rank': 28, 'fitness': 0.9083011889055611, 'generation': 437}","{'id': 33946, 'rank': 29, 'fitness': 0.7809831539636461, 'generation': 437}","{'id': 33948, 'rank': 30, 'fitness': 0.01798620996209155, 'generation': 437}"
"{'id': 33978, 'rank': 1, 'fitness': 0.9820137900379085, 'generation': 438}","{'id': 33978, 'rank': 2, 'fitness': 0.9820137900379085, 'generation': 438}","{'id': 33905, 'rank': 3, 'fitness': 0.9791262174155471, 'generation': 438}","{'id': 33905, 'rank': 4, 'fitness': 0.9791262174155471, 'generation': 438}","{'id': 34044, 'rank': 5, 'fitness': 0.9774174674285676, 'generation': 438}","{'id': 33779, 'rank': 6, 'fitness': 0.9746001593150855, 'generation': 438}","{'id': 34045, 'rank': 7, 'fitness': 0.9705734652019766, 'generation': 438}","{'id': 34032, 'rank': 8, 'fitness': 0.9703166606616587, 'generation': 438}","{'id': 34015, 'rank': 9, 'fitness': 0.9691000074680469, 'generation': 438}","{'id': 34027, 'rank': 10, 'fitness': 0.9689491061314752, 'generation': 438}","{'id': 34056, 'rank': 11, 'fitness': 0.9689104616081372, 'generation': 438}","{'id': 33865, 'rank': 12, 'fitness': 0.9679656936983965, 'generation': 438}","{'id': 33968, 'rank': 13, 'fitness': 0.9636709143245823, 'generation': 438}","{'id': 33968, 'rank': 14, 'fitness': 0.9636709143245823, 'generation': 438}","{'id': 34033, 'rank': 15, 'fitness': 0.9620646729561113, 'generation': 438}","{'id': 33908, 'rank': 16, 'fitness': 0.9582812820909488, 'generation': 438}","{'id': 34000, 'rank': 17, 'fitness': 0.9567969309990332, 'generation': 438}","{'id': 33980, 'rank': 18, 'fitness': 0.9557604360602736, 'generation': 438}","{'id': 33980, 'rank': 19, 'fitness': 0.9557604360602736, 'generation': 438}","{'id': 33987, 'rank': 20, 'fitness': 0.951113235479632, 'generation': 438}","{'id': 33862, 'rank': 21, 'fitness': 0.9502833003282225, 'generation': 438}","{'id': 34017, 'rank': 22, 'fitness': 0.9494536506323219, 'generation': 438}","{'id': 34017, 'rank': 23, 'fitness': 0.9494536506323219, 'generation': 438}","{'id': 34017, 'rank': 24, 'fitness': 0.9494536506323219, 'generation': 438}","{'id': 33976, 'rank': 25, 'fitness': 0.9483247284324559, 'generation': 438}","{'id': 34053, 'rank': 26, 'fitness': 0.9434445209594847, 'generation': 438}","{'id': 34011, 'rank': 27, 'fitness': 0.9214641602420379, 'generation': 438}","{'id': 33957, 'rank': 28, 'fitness': 0.14302855281974658, 'generation': 438}","{'id': 33957, 'rank': 29, 'fitness': 0.14302855281974658, 'generation': 438}","{'id': 34037, 'rank': 30, 'fitness': 0.01798620996209155, 'generation': 438}"
"{'id': 34116, 'rank': 1, 'fitness': 0.9820137900379085, 'generation': 439}","{'id': 34116, 'rank': 2, 'fitness': 0.9820137900379085, 'generation': 439}","{'id': 34116, 'rank': 3, 'fitness': 0.9820137900379085, 'generation': 439}","{'id': 33978, 'rank': 4, 'fitness': 0.9724683934215068, 'generation': 439}","{'id': 33905, 'rank': 5, 'fitness': 0.9641811730899981, 'generation': 439}","{'id': 33905, 'rank': 6, 'fitness': 0.9641811730899981, 'generation': 439}","{'id': 34095, 'rank': 7, 'fitness': 0.9575719125801843, 'generation': 439}","{'id': 34115, 'rank': 8, 'fitness': 0.9410103478375932, 'generation': 439}","{'id': 34032, 'rank': 9, 'fitness': 0.933800109825234, 'generation': 439}","{'id': 33968, 'rank': 10, 'fitness': 0.906595696203993, 'generation': 439}","{'id': 34080, 'rank': 11, 'fitness': 0.8861906800957906, 'generation': 439}","{'id': 33980, 'rank': 12, 'fitness': 0.8705113583785564, 'generation': 439}","{'id': 33987, 'rank': 13, 'fitness': 0.8478740190838779, 'generation': 439}","{'id': 33987, 'rank': 14, 'fitness': 0.8478740190838779, 'generation': 439}","{'id': 34092, 'rank': 15, 'fitness': 0.710498411284572, 'generation': 439}","{'id': 34068, 'rank': 16, 'fitness': 0.6048820823246669, 'generation': 439}","{'id': 34094, 'rank': 17, 'fitness': 0.5956339826252188, 'generation': 439}","{'id': 34114, 'rank': 18, 'fitness': 0.5271100923211699, 'generation': 439}","{'id': 34114, 'rank': 19, 'fitness': 0.5271100923211699, 'generation': 439}","{'id': 34102, 'rank': 20, 'fitness': 0.4025594699087022, 'generation': 439}","{'id': 34126, 'rank': 21, 'fitness': 0.39070599534642286, 'generation': 439}","{'id': 34126, 'rank': 22, 'fitness': 0.39070599534642286, 'generation': 439}","{'id': 34067, 'rank': 23, 'fitness': 0.3366973911991429, 'generation': 439}","{'id': 34103, 'rank': 24, 'fitness': 0.22452088324476754, 'generation': 439}","{'id': 34123, 'rank': 25, 'fitness': 0.22072297665082913, 'generation': 439}","{'id': 34071, 'rank': 26, 'fitness': 0.1930903410630448, 'generation': 439}","{'id': 34120, 'rank': 27, 'fitness': 0.08790119000653135, 'generation': 439}","{'id': 34069, 'rank': 28, 'fitness': 0.05144887525476516, 'generation': 439}","{'id': 34108, 'rank': 29, 'fitness': 0.0505940521277336, 'generation': 439}","{'id': 34111, 'rank': 30, 'fitness': 0.01798620996209155, 'generation': 439}"
"{'id': 34191, 'rank': 1, 'fitness': 0.9820137900379085, 'generation': 440}","{'id': 34191, 'rank': 2, 'fitness': 0.9820137900379085, 'generation': 440}","{'id': 34190, 'rank': 3, 'fitness': 0.981991586526799, 'generation': 440}","{'id': 34190, 'rank': 4, 'fitness': 0.981991586526799, 'generation': 440}","{'id': 34116, 'rank': 5, 'fitness': 0.9819291161494076, 'generation': 440}","{'id': 34157, 'rank': 6, 'fitness': 0.9819285442466281, 'generation': 440}","{'id': 34157, 'rank': 7, 'fitness': 0.9819285442466281, 'generation': 440}","{'id': 34192, 'rank': 8, 'fitness': 0.9817390778740038, 'generation': 440}","{'id': 34095, 'rank': 9, 'fitness': 0.9815425988962221, 'generation': 440}","{'id': 33968, 'rank': 10, 'fitness': 0.9811658290272662, 'generation': 440}","{'id': 33968, 'rank': 11, 'fitness': 0.9811658290272662, 'generation': 440}","{'id': 33980, 'rank': 12, 'fitness': 0.9809994958832992, 'generation': 440}","{'id': 33987, 'rank': 13, 'fitness': 0.9809140408430225, 'generation': 440}","{'id': 33987, 'rank': 14, 'fitness': 0.9809140408430225, 'generation': 440}","{'id': 33987, 'rank': 15, 'fitness': 0.9809140408430225, 'generation': 440}","{'id': 34181, 'rank': 16, 'fitness': 0.98082627504443, 'generation': 440}","{'id': 34206, 'rank': 17, 'fitness': 0.9807881057728933, 'generation': 440}","{'id': 34114, 'rank': 18, 'fitness': 0.9801646945000135, 'generation': 440}","{'id': 34114, 'rank': 19, 'fitness': 0.9801646945000135, 'generation': 440}","{'id': 34199, 'rank': 20, 'fitness': 0.9799423764073495, 'generation': 440}","{'id': 34067, 'rank': 21, 'fitness': 0.9797880559197478, 'generation': 440}","{'id': 34165, 'rank': 22, 'fitness': 0.9795905057045022, 'generation': 440}","{'id': 34123, 'rank': 23, 'fitness': 0.9795041901107542, 'generation': 440}","{'id': 34071, 'rank': 24, 'fitness': 0.9794214335071484, 'generation': 440}","{'id': 34069, 'rank': 25, 'fitness': 0.9786785982908774, 'generation': 440}","{'id': 34108, 'rank': 26, 'fitness': 0.9786696064072407, 'generation': 440}","{'id': 34111, 'rank': 27, 'fitness': 0.9781187215561835, 'generation': 440}","{'id': 34175, 'rank': 28, 'fitness': 0.968956826157461, 'generation': 440}","{'id': 34164, 'rank': 29, 'fitness': 0.9640065396218769, 'generation': 440}","{'id': 34185, 'rank': 30, 'fitness': 0.01798620996209155, 'generation': 440}"
"{'id': 34243, 'rank': 1, 'fitness': 0.9820137900379085, 'generation': 441}","{'id': 34191, 'rank': 2, 'fitness': 0.9738828501122495, 'generation': 441}","{'id': 34190, 'rank': 3, 'fitness': 0.9719942069553434, 'generation': 441}","{'id': 34116, 'rank': 4, 'fitness': 0.9659572681250821, 'generation': 441}","{'id': 34238, 'rank': 5, 'fitness': 0.9560596933282604, 'generation': 441}","{'id': 34229, 'rank': 6, 'fitness': 0.9425931276688712, 'generation': 441}","{'id': 34229, 'rank': 7, 'fitness': 0.9425931276688712, 'generation': 441}","{'id': 34192, 'rank': 8, 'fitness': 0.9391693087914098, 'generation': 441}","{'id': 34231, 'rank': 9, 'fitness': 0.937780113834166, 'generation': 441}","{'id': 34233, 'rank': 10, 'fitness': 0.9364595836470504, 'generation': 441}","{'id': 34095, 'rank': 11, 'fitness': 0.8922731908789918, 'generation': 441}","{'id': 34217, 'rank': 12, 'fitness': 0.8685054831475361, 'generation': 441}","{'id': 34283, 'rank': 13, 'fitness': 0.8361526883389478, 'generation': 441}","{'id': 34218, 'rank': 14, 'fitness': 0.7905925022103109, 'generation': 441}","{'id': 34292, 'rank': 15, 'fitness': 0.6301400071645882, 'generation': 441}","{'id': 33987, 'rank': 16, 'fitness': 0.541106823989531, 'generation': 441}","{'id': 33987, 'rank': 17, 'fitness': 0.541106823989531, 'generation': 441}","{'id': 34291, 'rank': 18, 'fitness': 0.5308982374251533, 'generation': 441}","{'id': 34291, 'rank': 19, 'fitness': 0.5308982374251533, 'generation': 441}","{'id': 34219, 'rank': 20, 'fitness': 0.5053328918660025, 'generation': 441}","{'id': 34206, 'rank': 21, 'fitness': 0.44566843909069576, 'generation': 441}","{'id': 34264, 'rank': 22, 'fitness': 0.42119677007268663, 'generation': 441}","{'id': 34276, 'rank': 23, 'fitness': 0.3321577450687133, 'generation': 441}","{'id': 34276, 'rank': 24, 'fitness': 0.3321577450687133, 'generation': 441}","{'id': 34265, 'rank': 25, 'fitness': 0.25145968025638743, 'generation': 441}","{'id': 34241, 'rank': 26, 'fitness': 0.20112462690082766, 'generation': 441}","{'id': 34247, 'rank': 27, 'fitness': 0.12726578077193101, 'generation': 441}","{'id': 34114, 'rank': 28, 'fitness': 0.11119937388695034, 'generation': 441}","{'id': 34165, 'rank': 29, 'fitness': 0.023157212816040662, 'generation': 441}","{'id': 34262, 'rank': 30, 'fitness': 0.01798620996209155, 'generation': 441}"
"{'id': 34243, 'rank': 1, 'fitness': 0.9820137900379085, 'generation': 442}","{'id': 34190, 'rank': 2, 'fitness': 0.9819511217327912, 'generation': 442}","{'id': 34333, 'rank': 3, 'fitness': 0.9819354863313091, 'generation': 442}","{'id': 34333, 'rank': 4, 'fitness': 0.9819354863313091, 'generation': 442}","{'id': 34333, 'rank': 5, 'fitness': 0.9819354863313091, 'generation': 442}","{'id': 34331, 'rank': 6, 'fitness': 0.981897036580134, 'generation': 442}","{'id': 34331, 'rank': 7, 'fitness': 0.981897036580134, 'generation': 442}","{'id': 34331, 'rank': 8, 'fitness': 0.981897036580134, 'generation': 442}","{'id': 34192, 'rank': 9, 'fitness': 0.981838541286949, 'generation': 442}","{'id': 34231, 'rank': 10, 'fitness': 0.981835186798407, 'generation': 442}","{'id': 34233, 'rank': 11, 'fitness': 0.9818320617796032, 'generation': 442}","{'id': 34233, 'rank': 12, 'fitness': 0.9818320617796032, 'generation': 442}","{'id': 34330, 'rank': 13, 'fitness': 0.9817735282571203, 'generation': 442}","{'id': 34095, 'rank': 14, 'fitness': 0.9817515251547065, 'generation': 442}","{'id': 34095, 'rank': 15, 'fitness': 0.9817515251547065, 'generation': 442}","{'id': 34292, 'rank': 16, 'fitness': 0.9815287131725495, 'generation': 442}","{'id': 34338, 'rank': 17, 'fitness': 0.9814588885071913, 'generation': 442}","{'id': 34354, 'rank': 18, 'fitness': 0.9814263713597843, 'generation': 442}","{'id': 34206, 'rank': 19, 'fitness': 0.9814219642983064, 'generation': 442}","{'id': 34206, 'rank': 20, 'fitness': 0.9814219642983064, 'generation': 442}","{'id': 34264, 'rank': 21, 'fitness': 0.9814077509809567, 'generation': 442}","{'id': 34165, 'rank': 22, 'fitness': 0.9809129462080489, 'generation': 442}","{'id': 34339, 'rank': 23, 'fitness': 0.9806036442035091, 'generation': 442}","{'id': 34319, 'rank': 24, 'fitness': 0.9803756268427195, 'generation': 442}","{'id': 34313, 'rank': 25, 'fitness': 0.9802804653895012, 'generation': 442}","{'id': 34317, 'rank': 26, 'fitness': 0.9799637375503018, 'generation': 442}","{'id': 34309, 'rank': 27, 'fitness': 0.9711060425889082, 'generation': 442}","{'id': 34361, 'rank': 28, 'fitness': 0.9525762255527528, 'generation': 442}","{'id': 34305, 'rank': 29, 'fitness': 0.3480911986304726, 'generation': 442}","{'id': 34324, 'rank': 30, 'fitness': 0.01798620996209155, 'generation': 442}"
"{'id': 34396, 'rank': 1, 'fitness': 0.9820137900379085, 'generation': 443}","{'id': 34383, 'rank': 2, 'fitness': 0.9760730406179918, 'generation': 443}","{'id': 34383, 'rank': 3, 'fitness': 0.9760730406179918, 'generation': 443}","{'id': 34375, 'rank': 4, 'fitness': 0.9759896903113168, 'generation': 443}","{'id': 34331, 'rank': 5, 'fitness': 0.9745085048074842, 'generation': 443}","{'id': 34374, 'rank': 6, 'fitness': 0.9679878122285958, 'generation': 443}","{'id': 34374, 'rank': 7, 'fitness': 0.9679878122285958, 'generation': 443}","{'id': 34397, 'rank': 8, 'fitness': 0.9666576752942249, 'generation': 443}","{'id': 34231, 'rank': 9, 'fitness': 0.9618513745111865, 'generation': 443}","{'id': 34231, 'rank': 10, 'fitness': 0.9618513745111865, 'generation': 443}","{'id': 34233, 'rank': 11, 'fitness': 0.9610735634138501, 'generation': 443}","{'id': 34233, 'rank': 12, 'fitness': 0.9610735634138501, 'generation': 443}","{'id': 34380, 'rank': 13, 'fitness': 0.9556515720599721, 'generation': 443}","{'id': 34393, 'rank': 14, 'fitness': 0.934821031444086, 'generation': 443}","{'id': 34398, 'rank': 15, 'fitness': 0.9338983794478563, 'generation': 443}","{'id': 34437, 'rank': 16, 'fitness': 0.9137339721886012, 'generation': 443}","{'id': 34407, 'rank': 17, 'fitness': 0.895693304714293, 'generation': 443}","{'id': 34378, 'rank': 18, 'fitness': 0.8908070788191502, 'generation': 443}","{'id': 34371, 'rank': 19, 'fitness': 0.8848871089837093, 'generation': 443}","{'id': 34408, 'rank': 20, 'fitness': 0.8759228898630664, 'generation': 443}","{'id': 34406, 'rank': 21, 'fitness': 0.8661450765179989, 'generation': 443}","{'id': 34401, 'rank': 22, 'fitness': 0.831096825354245, 'generation': 443}","{'id': 34401, 'rank': 23, 'fitness': 0.831096825354245, 'generation': 443}","{'id': 34292, 'rank': 24, 'fitness': 0.7658926919307366, 'generation': 443}","{'id': 34292, 'rank': 25, 'fitness': 0.7658926919307366, 'generation': 443}","{'id': 34206, 'rank': 26, 'fitness': 0.6181653641648392, 'generation': 443}","{'id': 34453, 'rank': 27, 'fitness': 0.5860393835310994, 'generation': 443}","{'id': 34445, 'rank': 28, 'fitness': 0.5625936199643369, 'generation': 443}","{'id': 34403, 'rank': 29, 'fitness': 0.17099563949324337, 'generation': 443}","{'id': 34440, 'rank': 30, 'fitness': 0.01798620996209155, 'generation': 443}"
"{'id': 34396, 'rank': 1, 'fitness': 0.9820137900379085, 'generation': 444}","{'id': 34383, 'rank': 2, 'fitness': 0.9815982719242746, 'generation': 444}","{'id': 34383, 'rank': 3, 'fitness': 0.9815982719242746, 'generation': 444}","{'id': 34375, 'rank': 4, 'fitness': 0.9815931348447637, 'generation': 444}","{'id': 34375, 'rank': 5, 'fitness': 0.9815931348447637, 'generation': 444}","{'id': 34331, 'rank': 6, 'fitness': 0.9815044132256243, 'generation': 444}","{'id': 34499, 'rank': 7, 'fitness': 0.9812318859329108, 'generation': 444}","{'id': 34374, 'rank': 8, 'fitness': 0.9811615990307538, 'generation': 444}","{'id': 34397, 'rank': 9, 'fitness': 0.9810994137090758, 'generation': 444}","{'id': 34397, 'rank': 10, 'fitness': 0.9810994137090758, 'generation': 444}","{'id': 34380, 'rank': 11, 'fitness': 0.9806552671773342, 'generation': 444}","{'id': 34518, 'rank': 12, 'fitness': 0.9804702832075023, 'generation': 444}","{'id': 34393, 'rank': 13, 'fitness': 0.9800291741711973, 'generation': 444}","{'id': 34398, 'rank': 14, 'fitness': 0.9800056611085959, 'generation': 444}","{'id': 34457, 'rank': 15, 'fitness': 0.9798740712743408, 'generation': 444}","{'id': 34407, 'rank': 16, 'fitness': 0.9792119583999732, 'generation': 444}","{'id': 34489, 'rank': 17, 'fitness': 0.9772287390467651, 'generation': 444}","{'id': 34492, 'rank': 18, 'fitness': 0.9764700880612707, 'generation': 444}","{'id': 34525, 'rank': 19, 'fitness': 0.975855537537982, 'generation': 444}","{'id': 34515, 'rank': 20, 'fitness': 0.9755944526415413, 'generation': 444}","{'id': 34523, 'rank': 21, 'fitness': 0.9751584862879666, 'generation': 444}","{'id': 34523, 'rank': 22, 'fitness': 0.9751584862879666, 'generation': 444}","{'id': 34487, 'rank': 23, 'fitness': 0.9745985329121469, 'generation': 444}","{'id': 34502, 'rank': 24, 'fitness': 0.8821974337945482, 'generation': 444}","{'id': 34475, 'rank': 25, 'fitness': 0.8659341486919205, 'generation': 444}","{'id': 34473, 'rank': 26, 'fitness': 0.8356860826086165, 'generation': 444}","{'id': 34462, 'rank': 27, 'fitness': 0.8078860697019301, 'generation': 444}","{'id': 34458, 'rank': 28, 'fitness': 0.5942674722274622, 'generation': 444}","{'id': 34507, 'rank': 29, 'fitness': 0.06239625955127864, 'generation': 444}","{'id': 34465, 'rank': 30, 'fitness': 0.01798620996209155, 'generation': 444}"
"{'id': 34396, 'rank': 1, 'fitness': 0.9820137900379085, 'generation': 445}","{'id': 34598, 'rank': 2, 'fitness': 0.9814958731675223, 'generation': 445}","{'id': 34546, 'rank': 3, 'fitness': 0.9813975182901074, 'generation': 445}","{'id': 34499, 'rank': 4, 'fitness': 0.9813653941527525, 'generation': 445}","{'id': 34397, 'rank': 5, 'fitness': 0.9812559859035586, 'generation': 445}","{'id': 34558, 'rank': 6, 'fitness': 0.980872184124169, 'generation': 445}","{'id': 34536, 'rank': 7, 'fitness': 0.9806654334718353, 'generation': 445}","{'id': 34530, 'rank': 8, 'fitness': 0.9805449624768913, 'generation': 445}","{'id': 34585, 'rank': 9, 'fitness': 0.9803998860321191, 'generation': 445}","{'id': 34585, 'rank': 10, 'fitness': 0.9803998860321191, 'generation': 445}","{'id': 34393, 'rank': 11, 'fitness': 0.9803766078364278, 'generation': 445}","{'id': 34457, 'rank': 12, 'fitness': 0.9802498151189388, 'generation': 445}","{'id': 34572, 'rank': 13, 'fitness': 0.9799681774316169, 'generation': 445}","{'id': 34527, 'rank': 14, 'fitness': 0.9798657053439835, 'generation': 445}","{'id': 34528, 'rank': 15, 'fitness': 0.979859856596261, 'generation': 445}","{'id': 34528, 'rank': 16, 'fitness': 0.979859856596261, 'generation': 445}","{'id': 34559, 'rank': 17, 'fitness': 0.9797120041445959, 'generation': 445}","{'id': 34407, 'rank': 18, 'fitness': 0.979710334493332, 'generation': 445}","{'id': 34547, 'rank': 19, 'fitness': 0.979643262984756, 'generation': 445}","{'id': 34542, 'rank': 20, 'fitness': 0.9791529776614949, 'generation': 445}","{'id': 34544, 'rank': 21, 'fitness': 0.9786548919121534, 'generation': 445}","{'id': 34548, 'rank': 22, 'fitness': 0.9780748091190374, 'generation': 445}","{'id': 34540, 'rank': 23, 'fitness': 0.9776408999016608, 'generation': 445}","{'id': 34540, 'rank': 24, 'fitness': 0.9776408999016608, 'generation': 445}","{'id': 34569, 'rank': 25, 'fitness': 0.9761562900735508, 'generation': 445}","{'id': 34569, 'rank': 26, 'fitness': 0.9761562900735508, 'generation': 445}","{'id': 34563, 'rank': 27, 'fitness': 0.9739913217647498, 'generation': 445}","{'id': 34549, 'rank': 28, 'fitness': 0.40719443698216307, 'generation': 445}","{'id': 34549, 'rank': 29, 'fitness': 0.40719443698216307, 'generation': 445}","{'id': 34575, 'rank': 30, 'fitness': 0.01798620996209155, 'generation': 445}"
"{'id': 34638, 'rank': 1, 'fitness': 0.9820137900379085, 'generation': 446}","{'id': 34396, 'rank': 2, 'fitness': 0.9750034050020671, 'generation': 446}","{'id': 34627, 'rank': 3, 'fitness': 0.9621303195735063, 'generation': 446}","{'id': 34647, 'rank': 4, 'fitness': 0.954783798382527, 'generation': 446}","{'id': 34639, 'rank': 5, 'fitness': 0.9340816122844952, 'generation': 446}","{'id': 34671, 'rank': 6, 'fitness': 0.8370476923153976, 'generation': 446}","{'id': 34648, 'rank': 7, 'fitness': 0.8038175985861041, 'generation': 446}","{'id': 34457, 'rank': 8, 'fitness': 0.7877778723112432, 'generation': 446}","{'id': 34681, 'rank': 9, 'fitness': 0.6977016639277764, 'generation': 446}","{'id': 34527, 'rank': 10, 'fitness': 0.6956755722148358, 'generation': 446}","{'id': 34528, 'rank': 11, 'fitness': 0.6941254158870742, 'generation': 446}","{'id': 34528, 'rank': 12, 'fitness': 0.6941254158870742, 'generation': 446}","{'id': 34559, 'rank': 13, 'fitness': 0.6536976542122904, 'generation': 446}","{'id': 34407, 'rank': 14, 'fitness': 0.6532284572788944, 'generation': 446}","{'id': 34682, 'rank': 15, 'fitness': 0.6121597220382938, 'generation': 446}","{'id': 34682, 'rank': 16, 'fitness': 0.6121597220382938, 'generation': 446}","{'id': 34700, 'rank': 17, 'fitness': 0.6054044816714192, 'generation': 446}","{'id': 34690, 'rank': 18, 'fitness': 0.423599682282796, 'generation': 446}","{'id': 34654, 'rank': 19, 'fitness': 0.2922329572590756, 'generation': 446}","{'id': 34620, 'rank': 20, 'fitness': 0.27744654404202646, 'generation': 446}","{'id': 34662, 'rank': 21, 'fitness': 0.2671500036319263, 'generation': 446}","{'id': 34548, 'rank': 22, 'fitness': 0.21077826044918446, 'generation': 446}","{'id': 34615, 'rank': 23, 'fitness': 0.17447445043838217, 'generation': 446}","{'id': 34614, 'rank': 24, 'fitness': 0.16667299296042326, 'generation': 446}","{'id': 34540, 'rank': 25, 'fitness': 0.14008470852090676, 'generation': 446}","{'id': 34540, 'rank': 26, 'fitness': 0.14008470852090676, 'generation': 446}","{'id': 34663, 'rank': 27, 'fitness': 0.07983324599539143, 'generation': 446}","{'id': 34691, 'rank': 28, 'fitness': 0.07822569799850942, 'generation': 446}","{'id': 34569, 'rank': 29, 'fitness': 0.031133781487109546, 'generation': 446}","{'id': 34661, 'rank': 30, 'fitness': 0.01798620996209155, 'generation': 446}"
"{'id': 34638, 'rank': 1, 'fitness': 0.9820137900379085, 'generation': 447}","{'id': 34639, 'rank': 2, 'fitness': 0.9819065114586617, 'generation': 447}","{'id': 34671, 'rank': 3, 'fitness': 0.9818253936175829, 'generation': 447}","{'id': 34457, 'rank': 4, 'fitness': 0.9817993502122613, 'generation': 447}","{'id': 34527, 'rank': 5, 'fitness': 0.9817604148091125, 'generation': 447}","{'id': 34407, 'rank': 6, 'fitness': 0.9817448490768725, 'generation': 447}","{'id': 34704, 'rank': 7, 'fitness': 0.9816435709716256, 'generation': 447}","{'id': 34654, 'rank': 8, 'fitness': 0.9816223156143158, 'generation': 447}","{'id': 34620, 'rank': 9, 'fitness': 0.9816164345067149, 'generation': 447}","{'id': 34620, 'rank': 10, 'fitness': 0.9816164345067149, 'generation': 447}","{'id': 34548, 'rank': 11, 'fitness': 0.9815869947237992, 'generation': 447}","{'id': 34540, 'rank': 12, 'fitness': 0.9815468367851043, 'generation': 447}","{'id': 34708, 'rank': 13, 'fitness': 0.9815031123736225, 'generation': 447}","{'id': 34708, 'rank': 14, 'fitness': 0.9815031123736225, 'generation': 447}","{'id': 34708, 'rank': 15, 'fitness': 0.9815031123736225, 'generation': 447}","{'id': 34661, 'rank': 16, 'fitness': 0.9813682737708807, 'generation': 447}","{'id': 34710, 'rank': 17, 'fitness': 0.9810468411328275, 'generation': 447}","{'id': 34710, 'rank': 18, 'fitness': 0.9810468411328275, 'generation': 447}","{'id': 34709, 'rank': 19, 'fitness': 0.9809150983208059, 'generation': 447}","{'id': 34742, 'rank': 20, 'fitness': 0.9802763117608498, 'generation': 447}","{'id': 34740, 'rank': 21, 'fitness': 0.9799980862444129, 'generation': 447}","{'id': 34725, 'rank': 22, 'fitness': 0.9686529291627307, 'generation': 447}","{'id': 34715, 'rank': 23, 'fitness': 0.959459228285807, 'generation': 447}","{'id': 34737, 'rank': 24, 'fitness': 0.917614146299537, 'generation': 447}","{'id': 34719, 'rank': 25, 'fitness': 0.9023730512824796, 'generation': 447}","{'id': 34734, 'rank': 26, 'fitness': 0.8797485961356255, 'generation': 447}","{'id': 34733, 'rank': 27, 'fitness': 0.8235437307524168, 'generation': 447}","{'id': 34723, 'rank': 28, 'fitness': 0.6518641937794657, 'generation': 447}","{'id': 34723, 'rank': 29, 'fitness': 0.6518641937794657, 'generation': 447}","{'id': 34707, 'rank': 30, 'fitness': 0.01798620996209155, 'generation': 447}"
"{'id': 34638, 'rank': 1, 'fitness': 0.9820137900379085, 'generation': 448}","{'id': 34794, 'rank': 2, 'fitness': 0.9814660763769361, 'generation': 448}","{'id': 34794, 'rank': 3, 'fitness': 0.9814660763769361, 'generation': 448}","{'id': 34671, 'rank': 4, 'fitness': 0.981178981658269, 'generation': 448}","{'id': 34795, 'rank': 5, 'fitness': 0.9811674587671992, 'generation': 448}","{'id': 34818, 'rank': 6, 'fitness': 0.9808446844335963, 'generation': 448}","{'id': 34407, 'rank': 7, 'fitness': 0.98081328440348, 'generation': 448}","{'id': 34798, 'rank': 8, 'fitness': 0.9805367105735578, 'generation': 448}","{'id': 34816, 'rank': 9, 'fitness': 0.9804710133925331, 'generation': 448}","{'id': 34768, 'rank': 10, 'fitness': 0.9802985440433842, 'generation': 448}","{'id': 34790, 'rank': 11, 'fitness': 0.9801718567528803, 'generation': 448}","{'id': 34790, 'rank': 12, 'fitness': 0.9801718567528803, 'generation': 448}","{'id': 34762, 'rank': 13, 'fitness': 0.980123263438269, 'generation': 448}","{'id': 34800, 'rank': 14, 'fitness': 0.9801123098019298, 'generation': 448}","{'id': 34786, 'rank': 15, 'fitness': 0.980105092195833, 'generation': 448}","{'id': 34787, 'rank': 16, 'fitness': 0.9798574162399478, 'generation': 448}","{'id': 34788, 'rank': 17, 'fitness': 0.979800250463153, 'generation': 448}","{'id': 34808, 'rank': 18, 'fitness': 0.9797507234464626, 'generation': 448}","{'id': 34708, 'rank': 19, 'fitness': 0.9796834717939722, 'generation': 448}","{'id': 34814, 'rank': 20, 'fitness': 0.9796073022641498, 'generation': 448}","{'id': 34824, 'rank': 21, 'fitness': 0.9793278118988762, 'generation': 448}","{'id': 34778, 'rank': 22, 'fitness': 0.97917465904267, 'generation': 448}","{'id': 34765, 'rank': 23, 'fitness': 0.9791648141194959, 'generation': 448}","{'id': 34777, 'rank': 24, 'fitness': 0.979093593259169, 'generation': 448}","{'id': 34767, 'rank': 25, 'fitness': 0.9785391714964529, 'generation': 448}","{'id': 34710, 'rank': 26, 'fitness': 0.9774152303622035, 'generation': 448}","{'id': 34780, 'rank': 27, 'fitness': 0.9766480210997319, 'generation': 448}","{'id': 34802, 'rank': 28, 'fitness': 0.9742838435507644, 'generation': 448}","{'id': 34792, 'rank': 29, 'fitness': 0.9732075585396367, 'generation': 448}","{'id': 34803, 'rank': 30, 'fitness': 0.01798620996209155, 'generation': 448}"
"{'id': 34907, 'rank': 1, 'fitness': 0.9820137900379085, 'generation': 449}","{'id': 34794, 'rank': 2, 'fitness': 0.9795392820367033, 'generation': 449}","{'id': 34671, 'rank': 3, 'fitness': 0.9405788944894315, 'generation': 449}","{'id': 34818, 'rank': 4, 'fitness': 0.8166526832035305, 'generation': 449}","{'id': 34818, 'rank': 5, 'fitness': 0.8166526832035305, 'generation': 449}","{'id': 34847, 'rank': 6, 'fitness': 0.8112216601223123, 'generation': 449}","{'id': 34846, 'rank': 7, 'fitness': 0.8039359110503626, 'generation': 449}","{'id': 34915, 'rank': 8, 'fitness': 0.7526704417933339, 'generation': 449}","{'id': 34881, 'rank': 9, 'fitness': 0.6496928688881689, 'generation': 449}","{'id': 34914, 'rank': 10, 'fitness': 0.5493052458609068, 'generation': 449}","{'id': 34816, 'rank': 11, 'fitness': 0.5254528119407809, 'generation': 449}","{'id': 34912, 'rank': 12, 'fitness': 0.4916317677541943, 'generation': 449}","{'id': 34851, 'rank': 13, 'fitness': 0.4791831806408065, 'generation': 449}","{'id': 34852, 'rank': 14, 'fitness': 0.39235400829753075, 'generation': 449}","{'id': 34854, 'rank': 15, 'fitness': 0.27457784775738214, 'generation': 449}","{'id': 34904, 'rank': 16, 'fitness': 0.24008084163120103, 'generation': 449}","{'id': 34762, 'rank': 17, 'fitness': 0.2368147195543317, 'generation': 449}","{'id': 34800, 'rank': 18, 'fitness': 0.22971208649137265, 'generation': 449}","{'id': 34855, 'rank': 19, 'fitness': 0.18716011094761958, 'generation': 449}","{'id': 34898, 'rank': 20, 'fitness': 0.15112982032131905, 'generation': 449}","{'id': 34850, 'rank': 21, 'fitness': 0.14951629093743474, 'generation': 449}","{'id': 34848, 'rank': 22, 'fitness': 0.13914000820143202, 'generation': 449}","{'id': 34836, 'rank': 23, 'fitness': 0.1371725800500629, 'generation': 449}","{'id': 34833, 'rank': 24, 'fitness': 0.09276134721117946, 'generation': 449}","{'id': 34788, 'rank': 25, 'fitness': 0.08846935961155494, 'generation': 449}","{'id': 34903, 'rank': 26, 'fitness': 0.05009154939585431, 'generation': 449}","{'id': 34814, 'rank': 27, 'fitness': 0.04661616528366258, 'generation': 449}","{'id': 34842, 'rank': 28, 'fitness': 0.03533107189849238, 'generation': 449}","{'id': 34838, 'rank': 29, 'fitness': 0.023729045889019695, 'generation': 449}","{'id': 34824, 'rank': 30, 'fitness': 0.01798620996209155, 'generation': 449}"
"{'id': 34907, 'rank': 1, 'fitness': 0.9820137900379085, 'generation': 450}","{'id': 34794, 'rank': 2, 'fitness': 0.9820069116651836, 'generation': 450}","{'id': 34926, 'rank': 3, 'fitness': 0.9818987059999909, 'generation': 450}","{'id': 34818, 'rank': 4, 'fitness': 0.9818821787548075, 'generation': 450}","{'id': 34818, 'rank': 5, 'fitness': 0.9818821787548075, 'generation': 450}","{'id': 34818, 'rank': 6, 'fitness': 0.9818821787548075, 'generation': 450}","{'id': 34928, 'rank': 7, 'fitness': 0.981872516397703, 'generation': 450}","{'id': 34915, 'rank': 8, 'fitness': 0.9818620918706894, 'generation': 450}","{'id': 34961, 'rank': 9, 'fitness': 0.9818561836680316, 'generation': 450}","{'id': 34851, 'rank': 10, 'fitness': 0.9817988708374883, 'generation': 450}","{'id': 34762, 'rank': 11, 'fitness': 0.9817412396081814, 'generation': 450}","{'id': 34800, 'rank': 12, 'fitness': 0.9817391304140304, 'generation': 450}","{'id': 34898, 'rank': 13, 'fitness': 0.9817117137877561, 'generation': 450}","{'id': 34850, 'rank': 14, 'fitness': 0.9817110418386052, 'generation': 450}","{'id': 34833, 'rank': 15, 'fitness': 0.9816821909689473, 'generation': 450}","{'id': 34903, 'rank': 16, 'fitness': 0.9816468829124577, 'generation': 450}","{'id': 34903, 'rank': 17, 'fitness': 0.9816468829124577, 'generation': 450}","{'id': 34903, 'rank': 18, 'fitness': 0.9816468829124577, 'generation': 450}","{'id': 34814, 'rank': 19, 'fitness': 0.9816428496473051, 'generation': 450}","{'id': 34814, 'rank': 20, 'fitness': 0.9816428496473051, 'generation': 450}","{'id': 34945, 'rank': 21, 'fitness': 0.9809433257059116, 'generation': 450}","{'id': 34958, 'rank': 22, 'fitness': 0.9672967940042525, 'generation': 450}","{'id': 34921, 'rank': 23, 'fitness': 0.9621836785569102, 'generation': 450}","{'id': 34919, 'rank': 24, 'fitness': 0.9514042816199821, 'generation': 450}","{'id': 34920, 'rank': 25, 'fitness': 0.9466275193138084, 'generation': 450}","{'id': 34920, 'rank': 26, 'fitness': 0.9466275193138084, 'generation': 450}","{'id': 34922, 'rank': 27, 'fitness': 0.5776049355695405, 'generation': 450}","{'id': 34951, 'rank': 28, 'fitness': 0.05910983864277608, 'generation': 450}","{'id': 34942, 'rank': 29, 'fitness': 0.028465563235610836, 'generation': 450}","{'id': 34955, 'rank': 30, 'fitness': 0.01798620996209155, 'generation': 450}"
"{'id': 34818, 'rank': 1, 'fitness': 0.9820137900379085, 'generation': 451}","{'id': 35042, 'rank': 2, 'fitness': 0.9819281323302838, 'generation': 451}","{'id': 35019, 'rank': 3, 'fitness': 0.981751112858483, 'generation': 451}","{'id': 35019, 'rank': 4, 'fitness': 0.981751112858483, 'generation': 451}","{'id': 35038, 'rank': 5, 'fitness': 0.9815502475890732, 'generation': 451}","{'id': 35010, 'rank': 6, 'fitness': 0.981163282868124, 'generation': 451}","{'id': 35010, 'rank': 7, 'fitness': 0.981163282868124, 'generation': 451}","{'id': 34851, 'rank': 8, 'fitness': 0.9811194798927015, 'generation': 451}","{'id': 35043, 'rank': 9, 'fitness': 0.9810564561574879, 'generation': 451}","{'id': 35045, 'rank': 10, 'fitness': 0.9808807123105456, 'generation': 451}","{'id': 34992, 'rank': 11, 'fitness': 0.980650496145658, 'generation': 451}","{'id': 35048, 'rank': 12, 'fitness': 0.9804976112266879, 'generation': 451}","{'id': 34762, 'rank': 13, 'fitness': 0.9804779179169664, 'generation': 451}","{'id': 34800, 'rank': 14, 'fitness': 0.9804540754074081, 'generation': 451}","{'id': 35013, 'rank': 15, 'fitness': 0.9803940593637525, 'generation': 451}","{'id': 34976, 'rank': 16, 'fitness': 0.9803224159326643, 'generation': 451}","{'id': 34990, 'rank': 17, 'fitness': 0.9801604253057254, 'generation': 451}","{'id': 35025, 'rank': 18, 'fitness': 0.980149746496654, 'generation': 451}","{'id': 35033, 'rank': 19, 'fitness': 0.9798877843612965, 'generation': 451}","{'id': 35023, 'rank': 20, 'fitness': 0.9798081448382925, 'generation': 451}","{'id': 34977, 'rank': 21, 'fitness': 0.9795641856512372, 'generation': 451}","{'id': 34903, 'rank': 22, 'fitness': 0.979385700503451, 'generation': 451}","{'id': 34814, 'rank': 23, 'fitness': 0.9793378303380114, 'generation': 451}","{'id': 35035, 'rank': 24, 'fitness': 0.9793330121802808, 'generation': 451}","{'id': 35036, 'rank': 25, 'fitness': 0.9790675055151057, 'generation': 451}","{'id': 35036, 'rank': 26, 'fitness': 0.9790675055151057, 'generation': 451}","{'id': 35014, 'rank': 27, 'fitness': 0.9790372107063938, 'generation': 451}","{'id': 34998, 'rank': 28, 'fitness': 0.9780923291042172, 'generation': 451}","{'id': 34974, 'rank': 29, 'fitness': 0.9776379178412584, 'generation': 451}","{'id': 34921, 'rank': 30, 'fitness': 0.01798620996209155, 'generation': 451}"
"{'id': 35019, 'rank': 1, 'fitness': 0.9820137900379085, 'generation': 452}","{'id': 35019, 'rank': 2, 'fitness': 0.9820137900379085, 'generation': 452}","{'id': 35126, 'rank': 3, 'fitness': 0.9814725973820142, 'generation': 452}","{'id': 35106, 'rank': 4, 'fitness': 0.9757457091063126, 'generation': 452}","{'id': 35128, 'rank': 5, 'fitness': 0.9711607930353447, 'generation': 452}","{'id': 35010, 'rank': 6, 'fitness': 0.9663608644493336, 'generation': 452}","{'id': 35109, 'rank': 7, 'fitness': 0.945994942467931, 'generation': 452}","{'id': 35109, 'rank': 8, 'fitness': 0.945994942467931, 'generation': 452}","{'id': 35063, 'rank': 9, 'fitness': 0.9425862898599485, 'generation': 452}","{'id': 35063, 'rank': 10, 'fitness': 0.9425862898599485, 'generation': 452}","{'id': 35063, 'rank': 11, 'fitness': 0.9425862898599485, 'generation': 452}","{'id': 35063, 'rank': 12, 'fitness': 0.9425862898599485, 'generation': 452}","{'id': 34762, 'rank': 13, 'fitness': 0.9329873845618855, 'generation': 452}","{'id': 35138, 'rank': 14, 'fitness': 0.9305218897996412, 'generation': 452}","{'id': 35073, 'rank': 15, 'fitness': 0.9263615874980689, 'generation': 452}","{'id': 35025, 'rank': 16, 'fitness': 0.9085003378968904, 'generation': 452}","{'id': 35058, 'rank': 17, 'fitness': 0.898254316089644, 'generation': 452}","{'id': 35079, 'rank': 18, 'fitness': 0.8929545975733235, 'generation': 452}","{'id': 34814, 'rank': 19, 'fitness': 0.814886090995794, 'generation': 452}","{'id': 35095, 'rank': 20, 'fitness': 0.8010201983901888, 'generation': 452}","{'id': 35089, 'rank': 21, 'fitness': 0.7587327218720856, 'generation': 452}","{'id': 35113, 'rank': 22, 'fitness': 0.7288479150410334, 'generation': 452}","{'id': 35113, 'rank': 23, 'fitness': 0.7288479150410334, 'generation': 452}","{'id': 35077, 'rank': 24, 'fitness': 0.6835731820303318, 'generation': 452}","{'id': 35087, 'rank': 25, 'fitness': 0.6032794310196693, 'generation': 452}","{'id': 35087, 'rank': 26, 'fitness': 0.6032794310196693, 'generation': 452}","{'id': 35136, 'rank': 27, 'fitness': 0.5287164190694368, 'generation': 452}","{'id': 35104, 'rank': 28, 'fitness': 0.35437591343600494, 'generation': 452}","{'id': 35120, 'rank': 29, 'fitness': 0.11436118921898164, 'generation': 452}","{'id': 35102, 'rank': 30, 'fitness': 0.01798620996209155, 'generation': 452}"
"{'id': 35126, 'rank': 1, 'fitness': 0.9820137900379085, 'generation': 453}","{'id': 35126, 'rank': 2, 'fitness': 0.9820137900379085, 'generation': 453}","{'id': 35128, 'rank': 3, 'fitness': 0.9818994923338389, 'generation': 453}","{'id': 35205, 'rank': 4, 'fitness': 0.9818058067241843, 'generation': 453}","{'id': 35063, 'rank': 5, 'fitness': 0.9817167834396809, 'generation': 453}","{'id': 35063, 'rank': 6, 'fitness': 0.9817167834396809, 'generation': 453}","{'id': 35206, 'rank': 7, 'fitness': 0.9816841332765106, 'generation': 453}","{'id': 35073, 'rank': 8, 'fitness': 0.981648612067126, 'generation': 453}","{'id': 35095, 'rank': 9, 'fitness': 0.9813540408012351, 'generation': 453}","{'id': 35113, 'rank': 10, 'fitness': 0.9812485121323113, 'generation': 453}","{'id': 35077, 'rank': 11, 'fitness': 0.9811911679791068, 'generation': 453}","{'id': 35087, 'rank': 12, 'fitness': 0.9810986834233543, 'generation': 453}","{'id': 35146, 'rank': 13, 'fitness': 0.9810775594930283, 'generation': 453}","{'id': 35104, 'rank': 14, 'fitness': 0.980827724955398, 'generation': 453}","{'id': 35160, 'rank': 15, 'fitness': 0.980678846910539, 'generation': 453}","{'id': 35160, 'rank': 16, 'fitness': 0.980678846910539, 'generation': 453}","{'id': 35160, 'rank': 17, 'fitness': 0.980678846910539, 'generation': 453}","{'id': 35102, 'rank': 18, 'fitness': 0.9798957760791858, 'generation': 453}","{'id': 35102, 'rank': 19, 'fitness': 0.9798957760791858, 'generation': 453}","{'id': 35202, 'rank': 20, 'fitness': 0.9792847712857948, 'generation': 453}","{'id': 35170, 'rank': 21, 'fitness': 0.9789810556882289, 'generation': 453}","{'id': 35156, 'rank': 22, 'fitness': 0.9785255954766154, 'generation': 453}","{'id': 35203, 'rank': 23, 'fitness': 0.977901799720322, 'generation': 453}","{'id': 35158, 'rank': 24, 'fitness': 0.97766748446407, 'generation': 453}","{'id': 35179, 'rank': 25, 'fitness': 0.9774261066694314, 'generation': 453}","{'id': 35195, 'rank': 26, 'fitness': 0.9772234818795391, 'generation': 453}","{'id': 35159, 'rank': 27, 'fitness': 0.9771575320935736, 'generation': 453}","{'id': 35183, 'rank': 28, 'fitness': 0.9593811547363165, 'generation': 453}","{'id': 35178, 'rank': 29, 'fitness': 0.2006887358555174, 'generation': 453}","{'id': 35209, 'rank': 30, 'fitness': 0.01798620996209155, 'generation': 453}"
"{'id': 35126, 'rank': 1, 'fitness': 0.9820137900379085, 'generation': 454}","{'id': 35126, 'rank': 2, 'fitness': 0.9820137900379085, 'generation': 454}","{'id': 35126, 'rank': 3, 'fitness': 0.9820137900379085, 'generation': 454}","{'id': 35219, 'rank': 4, 'fitness': 0.9763356290056128, 'generation': 454}","{'id': 35205, 'rank': 5, 'fitness': 0.9741153952342653, 'generation': 454}","{'id': 35063, 'rank': 6, 'fitness': 0.9698184333411233, 'generation': 454}","{'id': 35073, 'rank': 7, 'fitness': 0.9660849362438555, 'generation': 454}","{'id': 35263, 'rank': 8, 'fitness': 0.9551230226877087, 'generation': 454}","{'id': 35095, 'rank': 9, 'fitness': 0.9444736903315565, 'generation': 454}","{'id': 35229, 'rank': 10, 'fitness': 0.9413421165064881, 'generation': 454}","{'id': 35229, 'rank': 11, 'fitness': 0.9413421165064881, 'generation': 454}","{'id': 35229, 'rank': 12, 'fitness': 0.9413421165064881, 'generation': 454}","{'id': 35271, 'rank': 13, 'fitness': 0.9299479821323853, 'generation': 454}","{'id': 35271, 'rank': 14, 'fitness': 0.9299479821323853, 'generation': 454}","{'id': 35227, 'rank': 15, 'fitness': 0.9285900174370152, 'generation': 454}","{'id': 35077, 'rank': 16, 'fitness': 0.9277142284138132, 'generation': 454}","{'id': 35087, 'rank': 17, 'fitness': 0.9163084837914248, 'generation': 454}","{'id': 35146, 'rank': 18, 'fitness': 0.9134916458715145, 'generation': 454}","{'id': 35272, 'rank': 19, 'fitness': 0.8892859433880855, 'generation': 454}","{'id': 35236, 'rank': 20, 'fitness': 0.8757857578818993, 'generation': 454}","{'id': 35104, 'rank': 21, 'fitness': 0.8734796975855301, 'generation': 454}","{'id': 35230, 'rank': 22, 'fitness': 0.8513690557054202, 'generation': 454}","{'id': 35230, 'rank': 23, 'fitness': 0.8513690557054202, 'generation': 454}","{'id': 35216, 'rank': 24, 'fitness': 0.8172710897380977, 'generation': 454}","{'id': 35247, 'rank': 25, 'fitness': 0.8130430666790455, 'generation': 454}","{'id': 35254, 'rank': 26, 'fitness': 0.7258429844958603, 'generation': 454}","{'id': 35202, 'rank': 27, 'fitness': 0.35941589936643376, 'generation': 454}","{'id': 35158, 'rank': 28, 'fitness': 0.046551367383915965, 'generation': 454}","{'id': 35179, 'rank': 29, 'fitness': 0.03327748654899243, 'generation': 454}","{'id': 35265, 'rank': 30, 'fitness': 0.01798620996209155, 'generation': 454}"
"{'id': 35349, 'rank': 1, 'fitness': 0.9820137900379085, 'generation': 455}","{'id': 35126, 'rank': 2, 'fitness': 0.9810456366580019, 'generation': 455}","{'id': 35126, 'rank': 3, 'fitness': 0.9810456366580019, 'generation': 455}","{'id': 35126, 'rank': 4, 'fitness': 0.9810456366580019, 'generation': 455}","{'id': 35073, 'rank': 5, 'fitness': 0.9792630005897891, 'generation': 455}","{'id': 35348, 'rank': 6, 'fitness': 0.9789956371294131, 'generation': 455}","{'id': 35305, 'rank': 7, 'fitness': 0.9785215114481647, 'generation': 455}","{'id': 35301, 'rank': 8, 'fitness': 0.9781043604115323, 'generation': 455}","{'id': 35077, 'rank': 9, 'fitness': 0.9768536711964314, 'generation': 455}","{'id': 35077, 'rank': 10, 'fitness': 0.9768536711964314, 'generation': 455}","{'id': 35146, 'rank': 11, 'fitness': 0.9762237873805857, 'generation': 455}","{'id': 35272, 'rank': 12, 'fitness': 0.9753121612047259, 'generation': 455}","{'id': 35296, 'rank': 13, 'fitness': 0.9752842282437302, 'generation': 455}","{'id': 35236, 'rank': 14, 'fitness': 0.9748658693059, 'generation': 455}","{'id': 35104, 'rank': 15, 'fitness': 0.9747931313127651, 'generation': 455}","{'id': 35104, 'rank': 16, 'fitness': 0.9747931313127651, 'generation': 455}","{'id': 35288, 'rank': 17, 'fitness': 0.9738998225511362, 'generation': 455}","{'id': 35288, 'rank': 18, 'fitness': 0.9738998225511362, 'generation': 455}","{'id': 35247, 'rank': 19, 'fitness': 0.9731419487203291, 'generation': 455}","{'id': 35316, 'rank': 20, 'fitness': 0.9678111202318692, 'generation': 455}","{'id': 35202, 'rank': 21, 'fitness': 0.9644741714736995, 'generation': 455}","{'id': 35202, 'rank': 22, 'fitness': 0.9644741714736995, 'generation': 455}","{'id': 35323, 'rank': 23, 'fitness': 0.9540379345216364, 'generation': 455}","{'id': 35158, 'rank': 24, 'fitness': 0.9506013583106088, 'generation': 455}","{'id': 35265, 'rank': 25, 'fitness': 0.9436925229084128, 'generation': 455}","{'id': 35306, 'rank': 26, 'fitness': 0.9358042199581624, 'generation': 455}","{'id': 35343, 'rank': 27, 'fitness': 0.9272055954394129, 'generation': 455}","{'id': 35342, 'rank': 28, 'fitness': 0.9260029681913491, 'generation': 455}","{'id': 35335, 'rank': 29, 'fitness': 0.5287654582390425, 'generation': 455}","{'id': 35352, 'rank': 30, 'fitness': 0.01798620996209155, 'generation': 455}"
"{'id': 35349, 'rank': 1, 'fitness': 0.9820137900379085, 'generation': 456}","{'id': 35126, 'rank': 2, 'fitness': 0.9788194990627117, 'generation': 456}","{'id': 35126, 'rank': 3, 'fitness': 0.9788194990627117, 'generation': 456}","{'id': 35073, 'rank': 4, 'fitness': 0.9719962893635538, 'generation': 456}","{'id': 35360, 'rank': 5, 'fitness': 0.9693284313386589, 'generation': 456}","{'id': 35361, 'rank': 6, 'fitness': 0.968851055145866, 'generation': 456}","{'id': 35410, 'rank': 7, 'fitness': 0.9678031159804119, 'generation': 456}","{'id': 35385, 'rank': 8, 'fitness': 0.9669050526446578, 'generation': 456}","{'id': 35301, 'rank': 9, 'fitness': 0.9668695765899366, 'generation': 456}","{'id': 35077, 'rank': 10, 'fitness': 0.9606919441420245, 'generation': 456}","{'id': 35411, 'rank': 11, 'fitness': 0.9592728025921297, 'generation': 456}","{'id': 35378, 'rank': 12, 'fitness': 0.9557109804971489, 'generation': 456}","{'id': 35371, 'rank': 13, 'fitness': 0.9541466030740311, 'generation': 456}","{'id': 35296, 'rank': 14, 'fitness': 0.9519568514143879, 'generation': 456}","{'id': 35381, 'rank': 15, 'fitness': 0.9500085658864125, 'generation': 456}","{'id': 35104, 'rank': 16, 'fitness': 0.9489927446725592, 'generation': 456}","{'id': 35379, 'rank': 17, 'fitness': 0.945515961670079, 'generation': 456}","{'id': 35429, 'rank': 18, 'fitness': 0.9401868109877962, 'generation': 456}","{'id': 35429, 'rank': 19, 'fitness': 0.9401868109877962, 'generation': 456}","{'id': 35429, 'rank': 20, 'fitness': 0.9401868109877962, 'generation': 456}","{'id': 35429, 'rank': 21, 'fitness': 0.9401868109877962, 'generation': 456}","{'id': 35439, 'rank': 22, 'fitness': 0.9401400718434715, 'generation': 456}","{'id': 35423, 'rank': 23, 'fitness': 0.9256315999285133, 'generation': 456}","{'id': 35424, 'rank': 24, 'fitness': 0.9206316670592429, 'generation': 456}","{'id': 35422, 'rank': 25, 'fitness': 0.903046230028733, 'generation': 456}","{'id': 35390, 'rank': 26, 'fitness': 0.8962388621546152, 'generation': 456}","{'id': 35389, 'rank': 27, 'fitness': 0.8806132519593408, 'generation': 456}","{'id': 35418, 'rank': 28, 'fitness': 0.8438219307602183, 'generation': 456}","{'id': 35368, 'rank': 29, 'fitness': 0.7343542332627897, 'generation': 456}","{'id': 35403, 'rank': 30, 'fitness': 0.01798620996209155, 'generation': 456}"
"{'id': 35463, 'rank': 1, 'fitness': 0.9820137900379085, 'generation': 457}","{'id': 35349, 'rank': 2, 'fitness': 0.9813399772720012, 'generation': 457}","{'id': 35465, 'rank': 3, 'fitness': 0.9770882612896586, 'generation': 457}","{'id': 35464, 'rank': 4, 'fitness': 0.9736846332470293, 'generation': 457}","{'id': 35360, 'rank': 5, 'fitness': 0.9649569495600868, 'generation': 457}","{'id': 35385, 'rank': 6, 'fitness': 0.9616740775058901, 'generation': 457}","{'id': 35385, 'rank': 7, 'fitness': 0.9616740775058901, 'generation': 457}","{'id': 35513, 'rank': 8, 'fitness': 0.9583196751285764, 'generation': 457}","{'id': 35077, 'rank': 9, 'fitness': 0.9530824319995571, 'generation': 457}","{'id': 35411, 'rank': 10, 'fitness': 0.9510881393816336, 'generation': 457}","{'id': 35446, 'rank': 11, 'fitness': 0.9275392264493652, 'generation': 457}","{'id': 35429, 'rank': 12, 'fitness': 0.9233648578684001, 'generation': 457}","{'id': 35439, 'rank': 13, 'fitness': 0.9232952526322137, 'generation': 457}","{'id': 35534, 'rank': 14, 'fitness': 0.90567808786796, 'generation': 457}","{'id': 35490, 'rank': 15, 'fitness': 0.8993542160726629, 'generation': 457}","{'id': 35424, 'rank': 16, 'fitness': 0.893721259821331, 'generation': 457}","{'id': 35508, 'rank': 17, 'fitness': 0.8920864242310043, 'generation': 457}","{'id': 35508, 'rank': 18, 'fitness': 0.8920864242310043, 'generation': 457}","{'id': 35536, 'rank': 19, 'fitness': 0.8759372945405121, 'generation': 457}","{'id': 35422, 'rank': 20, 'fitness': 0.8664183907614154, 'generation': 457}","{'id': 35422, 'rank': 21, 'fitness': 0.8664183907614154, 'generation': 457}","{'id': 35532, 'rank': 22, 'fitness': 0.8553907548346462, 'generation': 457}","{'id': 35532, 'rank': 23, 'fitness': 0.8553907548346462, 'generation': 457}","{'id': 35495, 'rank': 24, 'fitness': 0.8539785876211603, 'generation': 457}","{'id': 35509, 'rank': 25, 'fitness': 0.8408397532435726, 'generation': 457}","{'id': 35509, 'rank': 26, 'fitness': 0.8408397532435726, 'generation': 457}","{'id': 35453, 'rank': 27, 'fitness': 0.83871500053359, 'generation': 457}","{'id': 35466, 'rank': 28, 'fitness': 0.6360389523250283, 'generation': 457}","{'id': 35473, 'rank': 29, 'fitness': 0.40648755164898404, 'generation': 457}","{'id': 35475, 'rank': 30, 'fitness': 0.01798620996209155, 'generation': 457}"
"{'id': 35349, 'rank': 1, 'fitness': 0.9820137900379085, 'generation': 458}","{'id': 35567, 'rank': 2, 'fitness': 0.979151816625425, 'generation': 458}","{'id': 35567, 'rank': 3, 'fitness': 0.979151816625425, 'generation': 458}","{'id': 35605, 'rank': 4, 'fitness': 0.9790970754745298, 'generation': 458}","{'id': 35603, 'rank': 5, 'fitness': 0.9784300582848147, 'generation': 458}","{'id': 35597, 'rank': 6, 'fitness': 0.9754064187477431, 'generation': 458}","{'id': 35513, 'rank': 7, 'fitness': 0.9744179716270186, 'generation': 458}","{'id': 35077, 'rank': 8, 'fitness': 0.9730396584558378, 'generation': 458}","{'id': 35077, 'rank': 9, 'fitness': 0.9730396584558378, 'generation': 458}","{'id': 35595, 'rank': 10, 'fitness': 0.9728636851107768, 'generation': 458}","{'id': 35544, 'rank': 11, 'fitness': 0.9721429033386915, 'generation': 458}","{'id': 35555, 'rank': 12, 'fitness': 0.9701578091724126, 'generation': 458}","{'id': 35573, 'rank': 13, 'fitness': 0.9668058110512499, 'generation': 458}","{'id': 35554, 'rank': 14, 'fitness': 0.9664031728077691, 'generation': 458}","{'id': 35534, 'rank': 15, 'fitness': 0.9630297412152191, 'generation': 458}","{'id': 35587, 'rank': 16, 'fitness': 0.9625067438571675, 'generation': 458}","{'id': 35490, 'rank': 17, 'fitness': 0.9618994690963172, 'generation': 458}","{'id': 35424, 'rank': 18, 'fitness': 0.960918832595866, 'generation': 458}","{'id': 35424, 'rank': 19, 'fitness': 0.960918832595866, 'generation': 458}","{'id': 35508, 'rank': 20, 'fitness': 0.9606384811357123, 'generation': 458}","{'id': 35422, 'rank': 21, 'fitness': 0.9564470516379122, 'generation': 458}","{'id': 35509, 'rank': 22, 'fitness': 0.952572622532939, 'generation': 458}","{'id': 35586, 'rank': 23, 'fitness': 0.9447140922352562, 'generation': 458}","{'id': 35584, 'rank': 24, 'fitness': 0.8276747679664157, 'generation': 458}","{'id': 35592, 'rank': 25, 'fitness': 0.7831119011217758, 'generation': 458}","{'id': 35585, 'rank': 26, 'fitness': 0.7368145926747405, 'generation': 458}","{'id': 35590, 'rank': 27, 'fitness': 0.5829359303912078, 'generation': 458}","{'id': 35574, 'rank': 28, 'fitness': 0.23630560300712078, 'generation': 458}","{'id': 35608, 'rank': 29, 'fitness': 0.17246623174364106, 'generation': 458}","{'id': 35549, 'rank': 30, 'fitness': 0.01798620996209155, 'generation': 458}"
"{'id': 35689, 'rank': 1, 'fitness': 0.9820137900379085, 'generation': 459}","{'id': 35689, 'rank': 2, 'fitness': 0.9820137900379085, 'generation': 459}","{'id': 35689, 'rank': 3, 'fitness': 0.9820137900379085, 'generation': 459}","{'id': 35688, 'rank': 4, 'fitness': 0.9806740149242558, 'generation': 459}","{'id': 35688, 'rank': 5, 'fitness': 0.9806740149242558, 'generation': 459}","{'id': 35605, 'rank': 6, 'fitness': 0.9806032530472153, 'generation': 459}","{'id': 35603, 'rank': 7, 'fitness': 0.9803488792788324, 'generation': 459}","{'id': 35513, 'rank': 8, 'fitness': 0.9789058325122691, 'generation': 459}","{'id': 35628, 'rank': 9, 'fitness': 0.9787512972506858, 'generation': 459}","{'id': 35671, 'rank': 10, 'fitness': 0.9786619927236445, 'generation': 459}","{'id': 35077, 'rank': 11, 'fitness': 0.9784400964546558, 'generation': 459}","{'id': 35077, 'rank': 12, 'fitness': 0.9784400964546558, 'generation': 459}","{'id': 35681, 'rank': 13, 'fitness': 0.9775521110347657, 'generation': 459}","{'id': 35680, 'rank': 14, 'fitness': 0.9775225765616645, 'generation': 459}","{'id': 35624, 'rank': 15, 'fitness': 0.9766884885780911, 'generation': 459}","{'id': 35573, 'rank': 16, 'fitness': 0.9764853403088869, 'generation': 459}","{'id': 35683, 'rank': 17, 'fitness': 0.9763873659330444, 'generation': 459}","{'id': 35587, 'rank': 18, 'fitness': 0.9752547172094854, 'generation': 459}","{'id': 35666, 'rank': 19, 'fitness': 0.9750301640318183, 'generation': 459}","{'id': 35424, 'rank': 20, 'fitness': 0.9748200578851561, 'generation': 459}","{'id': 35652, 'rank': 21, 'fitness': 0.973884584569926, 'generation': 459}","{'id': 35672, 'rank': 22, 'fitness': 0.9734201669843898, 'generation': 459}","{'id': 35654, 'rank': 23, 'fitness': 0.9724777920131176, 'generation': 459}","{'id': 35638, 'rank': 24, 'fitness': 0.9696450562261826, 'generation': 459}","{'id': 35638, 'rank': 25, 'fitness': 0.9696450562261826, 'generation': 459}","{'id': 35641, 'rank': 26, 'fitness': 0.9695406863102219, 'generation': 459}","{'id': 35641, 'rank': 27, 'fitness': 0.9695406863102219, 'generation': 459}","{'id': 35632, 'rank': 28, 'fitness': 0.9688197037233641, 'generation': 459}","{'id': 35614, 'rank': 29, 'fitness': 0.9684887728916245, 'generation': 459}","{'id': 35643, 'rank': 30, 'fitness': 0.01798620996209155, 'generation': 459}"
"{'id': 35719, 'rank': 1, 'fitness': 0.9820137900379085, 'generation': 460}","{'id': 35603, 'rank': 2, 'fitness': 0.9819120591500097, 'generation': 460}","{'id': 35603, 'rank': 3, 'fitness': 0.9819120591500097, 'generation': 460}","{'id': 35736, 'rank': 4, 'fitness': 0.9806613505978814, 'generation': 460}","{'id': 35730, 'rank': 5, 'fitness': 0.9765511705308928, 'generation': 460}","{'id': 35697, 'rank': 6, 'fitness': 0.9713872214508512, 'generation': 460}","{'id': 35700, 'rank': 7, 'fitness': 0.970968550658115, 'generation': 460}","{'id': 35671, 'rank': 8, 'fitness': 0.9543599362034965, 'generation': 460}","{'id': 35671, 'rank': 9, 'fitness': 0.9543599362034965, 'generation': 460}","{'id': 35077, 'rank': 10, 'fitness': 0.9488406731402906, 'generation': 460}","{'id': 35077, 'rank': 11, 'fitness': 0.9488406731402906, 'generation': 460}","{'id': 35731, 'rank': 12, 'fitness': 0.9312172320594725, 'generation': 460}","{'id': 35693, 'rank': 13, 'fitness': 0.9209810040362826, 'generation': 460}","{'id': 35693, 'rank': 14, 'fitness': 0.9209810040362826, 'generation': 460}","{'id': 35718, 'rank': 15, 'fitness': 0.9022319104463532, 'generation': 460}","{'id': 35691, 'rank': 16, 'fitness': 0.9002043752085354, 'generation': 460}","{'id': 35624, 'rank': 17, 'fitness': 0.8822232224544331, 'generation': 460}","{'id': 35716, 'rank': 18, 'fitness': 0.845561227086052, 'generation': 460}","{'id': 35666, 'rank': 19, 'fitness': 0.7711145043386456, 'generation': 460}","{'id': 35424, 'rank': 20, 'fitness': 0.7534492426923347, 'generation': 460}","{'id': 35711, 'rank': 21, 'fitness': 0.7079929438973951, 'generation': 460}","{'id': 35713, 'rank': 22, 'fitness': 0.5611498433351846, 'generation': 460}","{'id': 35737, 'rank': 23, 'fitness': 0.4129675055938623, 'generation': 460}","{'id': 35752, 'rank': 24, 'fitness': 0.3328908840714809, 'generation': 460}","{'id': 35638, 'rank': 25, 'fitness': 0.2565216122728724, 'generation': 460}","{'id': 35722, 'rank': 26, 'fitness': 0.24574460056747643, 'generation': 460}","{'id': 35758, 'rank': 27, 'fitness': 0.21211961404231394, 'generation': 460}","{'id': 35741, 'rank': 28, 'fitness': 0.08407936077705563, 'generation': 460}","{'id': 35740, 'rank': 29, 'fitness': 0.018487336701521362, 'generation': 460}","{'id': 35755, 'rank': 30, 'fitness': 0.01798620996209155, 'generation': 460}"
"{'id': 35719, 'rank': 1, 'fitness': 0.9820137900379085, 'generation': 461}","{'id': 35603, 'rank': 2, 'fitness': 0.9820060722107139, 'generation': 461}","{'id': 35818, 'rank': 3, 'fitness': 0.9819942950734888, 'generation': 461}","{'id': 35818, 'rank': 4, 'fitness': 0.9819942950734888, 'generation': 461}","{'id': 35736, 'rank': 5, 'fitness': 0.9819142711698536, 'generation': 461}","{'id': 35730, 'rank': 6, 'fitness': 0.9816463668429742, 'generation': 461}","{'id': 35774, 'rank': 7, 'fitness': 0.9814749401021176, 'generation': 461}","{'id': 35774, 'rank': 8, 'fitness': 0.9814749401021176, 'generation': 461}","{'id': 35799, 'rank': 9, 'fitness': 0.9814682938941275, 'generation': 461}","{'id': 35777, 'rank': 10, 'fitness': 0.9813907568129296, 'generation': 461}","{'id': 35697, 'rank': 11, 'fitness': 0.9813642510215241, 'generation': 461}","{'id': 35700, 'rank': 12, 'fitness': 0.9813434337408877, 'generation': 461}","{'id': 35767, 'rank': 13, 'fitness': 0.9809072438783726, 'generation': 461}","{'id': 35819, 'rank': 14, 'fitness': 0.9809015800412588, 'generation': 461}","{'id': 35671, 'rank': 15, 'fitness': 0.9806780459452777, 'generation': 461}","{'id': 35077, 'rank': 16, 'fitness': 0.9805043981001361, 'generation': 461}","{'id': 35816, 'rank': 17, 'fitness': 0.9800114621081253, 'generation': 461}","{'id': 35816, 'rank': 18, 'fitness': 0.9800114621081253, 'generation': 461}","{'id': 35691, 'rank': 19, 'fitness': 0.9794283392488692, 'generation': 461}","{'id': 35782, 'rank': 20, 'fitness': 0.9790206971363518, 'generation': 461}","{'id': 35666, 'rank': 21, 'fitness': 0.9778635581676554, 'generation': 461}","{'id': 35713, 'rank': 22, 'fitness': 0.9762110964680617, 'generation': 461}","{'id': 35779, 'rank': 23, 'fitness': 0.9756330998189837, 'generation': 461}","{'id': 35638, 'rank': 24, 'fitness': 0.9737841361067336, 'generation': 461}","{'id': 35638, 'rank': 25, 'fitness': 0.9737841361067336, 'generation': 461}","{'id': 35770, 'rank': 26, 'fitness': 0.973604876414064, 'generation': 461}","{'id': 35758, 'rank': 27, 'fitness': 0.9732981318858218, 'generation': 461}","{'id': 35796, 'rank': 28, 'fitness': 0.9323638140897127, 'generation': 461}","{'id': 35796, 'rank': 29, 'fitness': 0.9323638140897127, 'generation': 461}","{'id': 35784, 'rank': 30, 'fitness': 0.01798620996209155, 'generation': 461}"
"{'id': 35850, 'rank': 1, 'fitness': 0.9820137900379085, 'generation': 462}","{'id': 35869, 'rank': 2, 'fitness': 0.9759735736856361, 'generation': 462}","{'id': 35869, 'rank': 3, 'fitness': 0.9759735736856361, 'generation': 462}","{'id': 35603, 'rank': 4, 'fitness': 0.9742097713814092, 'generation': 462}","{'id': 35736, 'rank': 5, 'fitness': 0.9721193344213249, 'generation': 462}","{'id': 35843, 'rank': 6, 'fitness': 0.9688803539162513, 'generation': 462}","{'id': 35774, 'rank': 7, 'fitness': 0.9598332607300306, 'generation': 462}","{'id': 35774, 'rank': 8, 'fitness': 0.9598332607300306, 'generation': 462}","{'id': 35774, 'rank': 9, 'fitness': 0.9598332607300306, 'generation': 462}","{'id': 35777, 'rank': 10, 'fitness': 0.9569886512003981, 'generation': 462}","{'id': 35700, 'rank': 11, 'fitness': 0.9553120239935491, 'generation': 462}","{'id': 35860, 'rank': 12, 'fitness': 0.9503310100364228, 'generation': 462}","{'id': 35767, 'rank': 13, 'fitness': 0.9369270959620237, 'generation': 462}","{'id': 35911, 'rank': 14, 'fitness': 0.9316048585405716, 'generation': 462}","{'id': 35911, 'rank': 15, 'fitness': 0.9316048585405716, 'generation': 462}","{'id': 35839, 'rank': 16, 'fitness': 0.9264953765660651, 'generation': 462}","{'id': 35839, 'rank': 17, 'fitness': 0.9264953765660651, 'generation': 462}","{'id': 35861, 'rank': 18, 'fitness': 0.9242901606084242, 'generation': 462}","{'id': 35867, 'rank': 19, 'fitness': 0.9188568693410654, 'generation': 462}","{'id': 35828, 'rank': 20, 'fitness': 0.9140753161328018, 'generation': 462}","{'id': 35910, 'rank': 21, 'fitness': 0.9030233982770846, 'generation': 462}","{'id': 35913, 'rank': 22, 'fitness': 0.8943750067369874, 'generation': 462}","{'id': 35887, 'rank': 23, 'fitness': 0.8879785653387589, 'generation': 462}","{'id': 35904, 'rank': 24, 'fitness': 0.872804935893973, 'generation': 462}","{'id': 35904, 'rank': 25, 'fitness': 0.872804935893973, 'generation': 462}","{'id': 35864, 'rank': 26, 'fitness': 0.804228128455585, 'generation': 462}","{'id': 35899, 'rank': 27, 'fitness': 0.8010496500928168, 'generation': 462}","{'id': 35908, 'rank': 28, 'fitness': 0.7697266739601767, 'generation': 462}","{'id': 35892, 'rank': 29, 'fitness': 0.01920434065703741, 'generation': 462}","{'id': 35882, 'rank': 30, 'fitness': 0.01798620996209155, 'generation': 462}"
"{'id': 35850, 'rank': 1, 'fitness': 0.9820137900379085, 'generation': 463}","{'id': 35959, 'rank': 2, 'fitness': 0.9803214075363793, 'generation': 463}","{'id': 35959, 'rank': 3, 'fitness': 0.9803214075363793, 'generation': 463}","{'id': 35736, 'rank': 4, 'fitness': 0.9797534957058083, 'generation': 463}","{'id': 35736, 'rank': 5, 'fitness': 0.9797534957058083, 'generation': 463}","{'id': 35933, 'rank': 6, 'fitness': 0.9796968112518708, 'generation': 463}","{'id': 35843, 'rank': 7, 'fitness': 0.9791400695574074, 'generation': 463}","{'id': 35926, 'rank': 8, 'fitness': 0.978927564778463, 'generation': 463}","{'id': 35774, 'rank': 9, 'fitness': 0.9776351184381114, 'generation': 463}","{'id': 35774, 'rank': 10, 'fitness': 0.9776351184381114, 'generation': 463}","{'id': 35777, 'rank': 11, 'fitness': 0.9772111743861875, 'generation': 463}","{'id': 35777, 'rank': 12, 'fitness': 0.9772111743861875, 'generation': 463}","{'id': 35777, 'rank': 13, 'fitness': 0.9772111743861875, 'generation': 463}","{'id': 35970, 'rank': 14, 'fitness': 0.9754151562994597, 'generation': 463}","{'id': 35867, 'rank': 15, 'fitness': 0.9727924497510034, 'generation': 463}","{'id': 35867, 'rank': 16, 'fitness': 0.9727924497510034, 'generation': 463}","{'id': 35828, 'rank': 17, 'fitness': 0.9723439270852176, 'generation': 463}","{'id': 35828, 'rank': 18, 'fitness': 0.9723439270852176, 'generation': 463}","{'id': 35828, 'rank': 19, 'fitness': 0.9723439270852176, 'generation': 463}","{'id': 35887, 'rank': 20, 'fitness': 0.9701335489784212, 'generation': 463}","{'id': 35887, 'rank': 21, 'fitness': 0.9701335489784212, 'generation': 463}","{'id': 35904, 'rank': 22, 'fitness': 0.9689879105205108, 'generation': 463}","{'id': 35899, 'rank': 23, 'fitness': 0.9643742044635675, 'generation': 463}","{'id': 35963, 'rank': 24, 'fitness': 0.9567592549394959, 'generation': 463}","{'id': 35961, 'rank': 25, 'fitness': 0.9495713246268058, 'generation': 463}","{'id': 35974, 'rank': 26, 'fitness': 0.929630870446575, 'generation': 463}","{'id': 35946, 'rank': 27, 'fitness': 0.8837322451962433, 'generation': 463}","{'id': 35882, 'rank': 28, 'fitness': 0.8637939536376015, 'generation': 463}","{'id': 35991, 'rank': 29, 'fitness': 0.808627988908616, 'generation': 463}","{'id': 35924, 'rank': 30, 'fitness': 0.01798620996209155, 'generation': 463}"
"{'id': 36020, 'rank': 1, 'fitness': 0.9820137900379085, 'generation': 464}","{'id': 36084, 'rank': 2, 'fitness': 0.9816872652726639, 'generation': 464}","{'id': 35850, 'rank': 3, 'fitness': 0.9800963043954392, 'generation': 464}","{'id': 36032, 'rank': 4, 'fitness': 0.9434685692451859, 'generation': 464}","{'id': 35774, 'rank': 5, 'fitness': 0.9234880434274645, 'generation': 464}","{'id': 35774, 'rank': 6, 'fitness': 0.9234880434274645, 'generation': 464}","{'id': 35777, 'rank': 7, 'fitness': 0.9144503029649378, 'generation': 464}","{'id': 35777, 'rank': 8, 'fitness': 0.9144503029649378, 'generation': 464}","{'id': 36038, 'rank': 9, 'fitness': 0.8699219692305067, 'generation': 464}","{'id': 35970, 'rank': 10, 'fitness': 0.8673701700642307, 'generation': 464}","{'id': 36072, 'rank': 11, 'fitness': 0.8353262759025171, 'generation': 464}","{'id': 36072, 'rank': 12, 'fitness': 0.8353262759025171, 'generation': 464}","{'id': 36072, 'rank': 13, 'fitness': 0.8353262759025171, 'generation': 464}","{'id': 36076, 'rank': 14, 'fitness': 0.8127594632640547, 'generation': 464}","{'id': 35867, 'rank': 15, 'fitness': 0.7720485278406424, 'generation': 464}","{'id': 35828, 'rank': 16, 'fitness': 0.7528008180187418, 'generation': 464}","{'id': 36074, 'rank': 17, 'fitness': 0.7356920965104157, 'generation': 464}","{'id': 35887, 'rank': 18, 'fitness': 0.64862684199019, 'generation': 464}","{'id': 36004, 'rank': 19, 'fitness': 0.6086819816582718, 'generation': 464}","{'id': 35904, 'rank': 20, 'fitness': 0.5908589529825545, 'generation': 464}","{'id': 36052, 'rank': 21, 'fitness': 0.39764135408374973, 'generation': 464}","{'id': 36064, 'rank': 22, 'fitness': 0.29271636308206167, 'generation': 464}","{'id': 36077, 'rank': 23, 'fitness': 0.28286529085615997, 'generation': 464}","{'id': 36077, 'rank': 24, 'fitness': 0.28286529085615997, 'generation': 464}","{'id': 36000, 'rank': 25, 'fitness': 0.16696142483106624, 'generation': 464}","{'id': 35963, 'rank': 26, 'fitness': 0.14006903187706543, 'generation': 464}","{'id': 35963, 'rank': 27, 'fitness': 0.14006903187706543, 'generation': 464}","{'id': 36047, 'rank': 28, 'fitness': 0.057114737619422984, 'generation': 464}","{'id': 36035, 'rank': 29, 'fitness': 0.028745171657967528, 'generation': 464}","{'id': 36080, 'rank': 30, 'fitness': 0.01798620996209155, 'generation': 464}"
"{'id': 36118, 'rank': 1, 'fitness': 0.9820137900379085, 'generation': 465}","{'id': 36095, 'rank': 2, 'fitness': 0.9818896978891354, 'generation': 465}","{'id': 36095, 'rank': 3, 'fitness': 0.9818896978891354, 'generation': 465}","{'id': 35850, 'rank': 4, 'fitness': 0.9818297427386342, 'generation': 465}","{'id': 36032, 'rank': 5, 'fitness': 0.9814135193059299, 'generation': 465}","{'id': 35774, 'rank': 6, 'fitness': 0.9812870489522985, 'generation': 465}","{'id': 35970, 'rank': 7, 'fitness': 0.981045574795175, 'generation': 465}","{'id': 35970, 'rank': 8, 'fitness': 0.981045574795175, 'generation': 465}","{'id': 36072, 'rank': 9, 'fitness': 0.980944574715815, 'generation': 465}","{'id': 36076, 'rank': 10, 'fitness': 0.9808823673443505, 'generation': 465}","{'id': 36119, 'rank': 11, 'fitness': 0.9808549567977888, 'generation': 465}","{'id': 35828, 'rank': 12, 'fitness': 0.9807401208707021, 'generation': 465}","{'id': 36120, 'rank': 13, 'fitness': 0.9807333282574747, 'generation': 465}","{'id': 36074, 'rank': 14, 'fitness': 0.9807038726055324, 'generation': 465}","{'id': 36074, 'rank': 15, 'fitness': 0.9807038726055324, 'generation': 465}","{'id': 36143, 'rank': 16, 'fitness': 0.9804772458816879, 'generation': 465}","{'id': 36143, 'rank': 17, 'fitness': 0.9804772458816879, 'generation': 465}","{'id': 35904, 'rank': 18, 'fitness': 0.9804372914427412, 'generation': 465}","{'id': 36064, 'rank': 19, 'fitness': 0.9799195470344338, 'generation': 465}","{'id': 36064, 'rank': 20, 'fitness': 0.9799195470344338, 'generation': 465}","{'id': 36064, 'rank': 21, 'fitness': 0.9799195470344338, 'generation': 465}","{'id': 36077, 'rank': 22, 'fitness': 0.9798993687827718, 'generation': 465}","{'id': 36000, 'rank': 23, 'fitness': 0.9796130288118741, 'generation': 465}","{'id': 36123, 'rank': 24, 'fitness': 0.977115088223328, 'generation': 465}","{'id': 36115, 'rank': 25, 'fitness': 0.973677677551219, 'generation': 465}","{'id': 36116, 'rank': 26, 'fitness': 0.9715126212868039, 'generation': 465}","{'id': 36132, 'rank': 27, 'fitness': 0.9353089575758616, 'generation': 465}","{'id': 36101, 'rank': 28, 'fitness': 0.8820837672184454, 'generation': 465}","{'id': 36129, 'rank': 29, 'fitness': 0.2387596312522524, 'generation': 465}","{'id': 36149, 'rank': 30, 'fitness': 0.01798620996209155, 'generation': 465}"
"{'id': 36201, 'rank': 1, 'fitness': 0.9820137900379085, 'generation': 466}","{'id': 36201, 'rank': 2, 'fitness': 0.9820137900379085, 'generation': 466}","{'id': 36198, 'rank': 3, 'fitness': 0.9781041558893888, 'generation': 466}","{'id': 36198, 'rank': 4, 'fitness': 0.9781041558893888, 'generation': 466}","{'id': 36199, 'rank': 5, 'fitness': 0.9766381524352203, 'generation': 466}","{'id': 36199, 'rank': 6, 'fitness': 0.9766381524352203, 'generation': 466}","{'id': 36223, 'rank': 7, 'fitness': 0.9657584034558828, 'generation': 466}","{'id': 35774, 'rank': 8, 'fitness': 0.963811850542652, 'generation': 466}","{'id': 36169, 'rank': 9, 'fitness': 0.9491340115847087, 'generation': 466}","{'id': 36072, 'rank': 10, 'fitness': 0.9490452997967789, 'generation': 466}","{'id': 36202, 'rank': 11, 'fitness': 0.9481928080634026, 'generation': 466}","{'id': 36208, 'rank': 12, 'fitness': 0.9466268532643887, 'generation': 466}","{'id': 36208, 'rank': 13, 'fitness': 0.9466268532643887, 'generation': 466}","{'id': 36157, 'rank': 14, 'fitness': 0.9439703104259681, 'generation': 466}","{'id': 36217, 'rank': 15, 'fitness': 0.938981746720517, 'generation': 466}","{'id': 35828, 'rank': 16, 'fitness': 0.9378478148090184, 'generation': 466}","{'id': 36229, 'rank': 17, 'fitness': 0.9368766555277714, 'generation': 466}","{'id': 36158, 'rank': 18, 'fitness': 0.9186704943864165, 'generation': 466}","{'id': 36178, 'rank': 19, 'fitness': 0.9048560289767869, 'generation': 466}","{'id': 36225, 'rank': 20, 'fitness': 0.9046786108934741, 'generation': 466}","{'id': 36151, 'rank': 21, 'fitness': 0.9044456623797021, 'generation': 466}","{'id': 36235, 'rank': 22, 'fitness': 0.8924304935485401, 'generation': 466}","{'id': 36216, 'rank': 23, 'fitness': 0.8855885357155578, 'generation': 466}","{'id': 36231, 'rank': 24, 'fitness': 0.875331293793569, 'generation': 466}","{'id': 36193, 'rank': 25, 'fitness': 0.8725838908132826, 'generation': 466}","{'id': 36185, 'rank': 26, 'fitness': 0.8588105595447871, 'generation': 466}","{'id': 36181, 'rank': 27, 'fitness': 0.8456012214848594, 'generation': 466}","{'id': 36230, 'rank': 28, 'fitness': 0.8423967741945206, 'generation': 466}","{'id': 36000, 'rank': 29, 'fitness': 0.8308142890685845, 'generation': 466}","{'id': 36165, 'rank': 30, 'fitness': 0.01798620996209155, 'generation': 466}"
"{'id': 36201, 'rank': 1, 'fitness': 0.9820137900379085, 'generation': 467}","{'id': 36201, 'rank': 2, 'fitness': 0.9820137900379085, 'generation': 467}","{'id': 36281, 'rank': 3, 'fitness': 0.9776176662983167, 'generation': 467}","{'id': 36281, 'rank': 4, 'fitness': 0.9776176662983167, 'generation': 467}","{'id': 36322, 'rank': 5, 'fitness': 0.9764766681676006, 'generation': 467}","{'id': 36323, 'rank': 6, 'fitness': 0.9763393465927164, 'generation': 467}","{'id': 36325, 'rank': 7, 'fitness': 0.9752073179928196, 'generation': 467}","{'id': 36325, 'rank': 8, 'fitness': 0.9752073179928196, 'generation': 467}","{'id': 36282, 'rank': 9, 'fitness': 0.9726319574395268, 'generation': 467}","{'id': 36072, 'rank': 10, 'fitness': 0.97204036513923, 'generation': 467}","{'id': 36208, 'rank': 11, 'fitness': 0.9714769068909153, 'generation': 467}","{'id': 35828, 'rank': 12, 'fitness': 0.969536356318897, 'generation': 467}","{'id': 36229, 'rank': 13, 'fitness': 0.9693306527167413, 'generation': 467}","{'id': 36229, 'rank': 14, 'fitness': 0.9693306527167413, 'generation': 467}","{'id': 36158, 'rank': 15, 'fitness': 0.9657344999536606, 'generation': 467}","{'id': 36158, 'rank': 16, 'fitness': 0.9657344999536606, 'generation': 467}","{'id': 36178, 'rank': 17, 'fitness': 0.963263266745915, 'generation': 467}","{'id': 36261, 'rank': 18, 'fitness': 0.9590131918800096, 'generation': 467}","{'id': 36231, 'rank': 19, 'fitness': 0.9584810202449482, 'generation': 467}","{'id': 36291, 'rank': 20, 'fitness': 0.9574128897780525, 'generation': 467}","{'id': 36230, 'rank': 21, 'fitness': 0.9536784984910819, 'generation': 467}","{'id': 36269, 'rank': 22, 'fitness': 0.9034569914091775, 'generation': 467}","{'id': 36296, 'rank': 23, 'fitness': 0.8804207559682411, 'generation': 467}","{'id': 36242, 'rank': 24, 'fitness': 0.8609601970825873, 'generation': 467}","{'id': 36244, 'rank': 25, 'fitness': 0.8310846618304615, 'generation': 467}","{'id': 36270, 'rank': 26, 'fitness': 0.8305145531548797, 'generation': 467}","{'id': 36298, 'rank': 27, 'fitness': 0.7976017662045541, 'generation': 467}","{'id': 36321, 'rank': 28, 'fitness': 0.022056834969112482, 'generation': 467}","{'id': 36321, 'rank': 29, 'fitness': 0.022056834969112482, 'generation': 467}","{'id': 36278, 'rank': 30, 'fitness': 0.01798620996209155, 'generation': 467}"
"{'id': 36393, 'rank': 1, 'fitness': 0.9820137900379085, 'generation': 468}","{'id': 36393, 'rank': 2, 'fitness': 0.9820137900379085, 'generation': 468}","{'id': 36393, 'rank': 3, 'fitness': 0.9820137900379085, 'generation': 468}","{'id': 36201, 'rank': 4, 'fitness': 0.9781184955111583, 'generation': 468}","{'id': 36201, 'rank': 5, 'fitness': 0.9781184955111583, 'generation': 468}","{'id': 36394, 'rank': 6, 'fitness': 0.9716673488503866, 'generation': 468}","{'id': 36394, 'rank': 7, 'fitness': 0.9716673488503866, 'generation': 468}","{'id': 36379, 'rank': 8, 'fitness': 0.9662631454152371, 'generation': 468}","{'id': 36281, 'rank': 9, 'fitness': 0.9640274137530402, 'generation': 468}","{'id': 36325, 'rank': 10, 'fitness': 0.9547052726427229, 'generation': 468}","{'id': 36072, 'rank': 11, 'fitness': 0.9407627133168379, 'generation': 468}","{'id': 36208, 'rank': 12, 'fitness': 0.9380842822473248, 'generation': 468}","{'id': 36208, 'rank': 13, 'fitness': 0.9380842822473248, 'generation': 468}","{'id': 36355, 'rank': 14, 'fitness': 0.9291192603479561, 'generation': 468}","{'id': 36229, 'rank': 15, 'fitness': 0.9273487674538254, 'generation': 468}","{'id': 36229, 'rank': 16, 'fitness': 0.9273487674538254, 'generation': 468}","{'id': 36398, 'rank': 17, 'fitness': 0.9091449561428884, 'generation': 468}","{'id': 36158, 'rank': 18, 'fitness': 0.9075375598764621, 'generation': 468}","{'id': 36372, 'rank': 19, 'fitness': 0.8881114588440916, 'generation': 468}","{'id': 36231, 'rank': 20, 'fitness': 0.8613346509605957, 'generation': 468}","{'id': 36291, 'rank': 21, 'fitness': 0.8539128892237127, 'generation': 468}","{'id': 36368, 'rank': 22, 'fitness': 0.8440483444941516, 'generation': 468}","{'id': 36389, 'rank': 23, 'fitness': 0.7602296867821541, 'generation': 468}","{'id': 36392, 'rank': 24, 'fitness': 0.7210497337266786, 'generation': 468}","{'id': 36367, 'rank': 25, 'fitness': 0.6187174754269769, 'generation': 468}","{'id': 36367, 'rank': 26, 'fitness': 0.6187174754269769, 'generation': 468}","{'id': 36369, 'rank': 27, 'fitness': 0.5572762660935202, 'generation': 468}","{'id': 36340, 'rank': 28, 'fitness': 0.2469269921337386, 'generation': 468}","{'id': 36242, 'rank': 29, 'fitness': 0.23315400264620678, 'generation': 468}","{'id': 36337, 'rank': 30, 'fitness': 0.01798620996209155, 'generation': 468}"
"{'id': 36393, 'rank': 1, 'fitness': 0.9820137900379085, 'generation': 469}","{'id': 36393, 'rank': 2, 'fitness': 0.9820137900379085, 'generation': 469}","{'id': 36201, 'rank': 3, 'fitness': 0.9818958121601942, 'generation': 469}","{'id': 36201, 'rank': 4, 'fitness': 0.9818958121601942, 'generation': 469}","{'id': 36408, 'rank': 5, 'fitness': 0.9816961942651918, 'generation': 469}","{'id': 36408, 'rank': 6, 'fitness': 0.9816961942651918, 'generation': 469}","{'id': 36436, 'rank': 7, 'fitness': 0.9815687916852025, 'generation': 469}","{'id': 36437, 'rank': 8, 'fitness': 0.9814591861397901, 'generation': 469}","{'id': 36451, 'rank': 9, 'fitness': 0.9813692552491978, 'generation': 469}","{'id': 36072, 'rank': 10, 'fitness': 0.9812731632477831, 'generation': 469}","{'id': 36072, 'rank': 11, 'fitness': 0.9812731632477831, 'generation': 469}","{'id': 36208, 'rank': 12, 'fitness': 0.9812443456011672, 'generation': 469}","{'id': 36398, 'rank': 13, 'fitness': 0.9809885106382648, 'generation': 469}","{'id': 36411, 'rank': 14, 'fitness': 0.9808912703512239, 'generation': 469}","{'id': 36372, 'rank': 15, 'fitness': 0.9808441628246797, 'generation': 469}","{'id': 36291, 'rank': 16, 'fitness': 0.9806518533242832, 'generation': 469}","{'id': 36291, 'rank': 17, 'fitness': 0.9806518533242832, 'generation': 469}","{'id': 36392, 'rank': 18, 'fitness': 0.9801297049001043, 'generation': 469}","{'id': 36392, 'rank': 19, 'fitness': 0.9801297049001043, 'generation': 469}","{'id': 36410, 'rank': 20, 'fitness': 0.9800354575611576, 'generation': 469}","{'id': 36367, 'rank': 21, 'fitness': 0.9798256165637378, 'generation': 469}","{'id': 36367, 'rank': 22, 'fitness': 0.9798256165637378, 'generation': 469}","{'id': 36420, 'rank': 23, 'fitness': 0.9797169309904771, 'generation': 469}","{'id': 36242, 'rank': 24, 'fitness': 0.978693633887863, 'generation': 469}","{'id': 36423, 'rank': 25, 'fitness': 0.9782638372827461, 'generation': 469}","{'id': 36401, 'rank': 26, 'fitness': 0.9769426844650027, 'generation': 469}","{'id': 36422, 'rank': 27, 'fitness': 0.9764649936406864, 'generation': 469}","{'id': 36412, 'rank': 28, 'fitness': 0.9754911137186613, 'generation': 469}","{'id': 36456, 'rank': 29, 'fitness': 0.9754786435836752, 'generation': 469}","{'id': 36444, 'rank': 30, 'fitness': 0.01798620996209155, 'generation': 469}"
"{'id': 36393, 'rank': 1, 'fitness': 0.9820137900379085, 'generation': 470}","{'id': 36504, 'rank': 2, 'fitness': 0.9717565529101866, 'generation': 470}","{'id': 36525, 'rank': 3, 'fitness': 0.9717382231107378, 'generation': 470}","{'id': 36505, 'rank': 4, 'fitness': 0.9677781022348866, 'generation': 470}","{'id': 36408, 'rank': 5, 'fitness': 0.9541481067110197, 'generation': 470}","{'id': 36481, 'rank': 6, 'fitness': 0.9427938644752705, 'generation': 470}","{'id': 36498, 'rank': 7, 'fitness': 0.9359539035071162, 'generation': 470}","{'id': 36530, 'rank': 8, 'fitness': 0.9229494224813397, 'generation': 470}","{'id': 36530, 'rank': 9, 'fitness': 0.9229494224813397, 'generation': 470}","{'id': 36530, 'rank': 10, 'fitness': 0.9229494224813397, 'generation': 470}","{'id': 36437, 'rank': 11, 'fitness': 0.9110244228921163, 'generation': 470}","{'id': 36437, 'rank': 12, 'fitness': 0.9110244228921163, 'generation': 470}","{'id': 36476, 'rank': 13, 'fitness': 0.898729497234827, 'generation': 470}","{'id': 36495, 'rank': 14, 'fitness': 0.8889843910982902, 'generation': 470}","{'id': 36451, 'rank': 15, 'fitness': 0.8868974972535546, 'generation': 470}","{'id': 36477, 'rank': 16, 'fitness': 0.8339201103895457, 'generation': 470}","{'id': 36529, 'rank': 17, 'fitness': 0.7781241168504005, 'generation': 470}","{'id': 36496, 'rank': 18, 'fitness': 0.7743822117615495, 'generation': 470}","{'id': 36473, 'rank': 19, 'fitness': 0.6599190486326972, 'generation': 470}","{'id': 36372, 'rank': 20, 'fitness': 0.6286823312012978, 'generation': 470}","{'id': 36469, 'rank': 21, 'fitness': 0.5369587211642456, 'generation': 470}","{'id': 36516, 'rank': 22, 'fitness': 0.4655097460558683, 'generation': 470}","{'id': 36508, 'rank': 23, 'fitness': 0.4315757983589546, 'generation': 470}","{'id': 36493, 'rank': 24, 'fitness': 0.3831454240530394, 'generation': 470}","{'id': 36472, 'rank': 25, 'fitness': 0.2982921373188668, 'generation': 470}","{'id': 36526, 'rank': 26, 'fitness': 0.09994131030834236, 'generation': 470}","{'id': 36492, 'rank': 27, 'fitness': 0.030556401823611357, 'generation': 470}","{'id': 36462, 'rank': 28, 'fitness': 0.023672923318987404, 'generation': 470}","{'id': 36488, 'rank': 29, 'fitness': 0.01798620996209155, 'generation': 470}","{'id': 36488, 'rank': 30, 'fitness': 0.01798620996209155, 'generation': 470}"
"{'id': 36525, 'rank': 1, 'fitness': 0.9820137900379085, 'generation': 471}","{'id': 36525, 'rank': 2, 'fitness': 0.9820137900379085, 'generation': 471}","{'id': 36570, 'rank': 3, 'fitness': 0.9819745172042105, 'generation': 471}","{'id': 36606, 'rank': 4, 'fitness': 0.9819350361129964, 'generation': 471}","{'id': 36481, 'rank': 5, 'fitness': 0.9819298457070523, 'generation': 471}","{'id': 36498, 'rank': 6, 'fitness': 0.9819160857497238, 'generation': 471}","{'id': 36498, 'rank': 7, 'fitness': 0.9819160857497238, 'generation': 471}","{'id': 36558, 'rank': 8, 'fitness': 0.9818737825653119, 'generation': 471}","{'id': 36571, 'rank': 9, 'fitness': 0.9818737396646908, 'generation': 471}","{'id': 36476, 'rank': 10, 'fitness': 0.9818588892487288, 'generation': 471}","{'id': 36495, 'rank': 11, 'fitness': 0.9818470812675018, 'generation': 471}","{'id': 36555, 'rank': 12, 'fitness': 0.9817387151139157, 'generation': 471}","{'id': 36473, 'rank': 13, 'fitness': 0.9816834586607941, 'generation': 471}","{'id': 36473, 'rank': 14, 'fitness': 0.9816834586607941, 'generation': 471}","{'id': 36563, 'rank': 15, 'fitness': 0.9816830941788772, 'generation': 471}","{'id': 36372, 'rank': 16, 'fitness': 0.9816676415717309, 'generation': 471}","{'id': 36469, 'rank': 17, 'fitness': 0.9816236731782282, 'generation': 471}","{'id': 36597, 'rank': 18, 'fitness': 0.9813609401370207, 'generation': 471}","{'id': 36596, 'rank': 19, 'fitness': 0.9812216962143525, 'generation': 471}","{'id': 36596, 'rank': 20, 'fitness': 0.9812216962143525, 'generation': 471}","{'id': 36584, 'rank': 21, 'fitness': 0.9811919361335342, 'generation': 471}","{'id': 36585, 'rank': 22, 'fitness': 0.9811878000443581, 'generation': 471}","{'id': 36462, 'rank': 23, 'fitness': 0.9811683805325456, 'generation': 471}","{'id': 36592, 'rank': 24, 'fitness': 0.9806688461185435, 'generation': 471}","{'id': 36592, 'rank': 25, 'fitness': 0.9806688461185435, 'generation': 471}","{'id': 36582, 'rank': 26, 'fitness': 0.980282172488319, 'generation': 471}","{'id': 36610, 'rank': 27, 'fitness': 0.9787958086047268, 'generation': 471}","{'id': 36587, 'rank': 28, 'fitness': 0.9772872106465655, 'generation': 471}","{'id': 36552, 'rank': 29, 'fitness': 0.9583493250571853, 'generation': 471}","{'id': 36611, 'rank': 30, 'fitness': 0.01798620996209155, 'generation': 471}"
"{'id': 36525, 'rank': 1, 'fitness': 0.9820137900379085, 'generation': 472}","{'id': 36701, 'rank': 2, 'fitness': 0.9800747472103031, 'generation': 472}","{'id': 36701, 'rank': 3, 'fitness': 0.9800747472103031, 'generation': 472}","{'id': 36658, 'rank': 4, 'fitness': 0.9780978766964816, 'generation': 472}","{'id': 36481, 'rank': 5, 'fitness': 0.9779841743635902, 'generation': 472}","{'id': 36668, 'rank': 6, 'fitness': 0.975945226256707, 'generation': 472}","{'id': 36699, 'rank': 7, 'fitness': 0.9753917211796781, 'generation': 472}","{'id': 36699, 'rank': 8, 'fitness': 0.9753917211796781, 'generation': 472}","{'id': 36699, 'rank': 9, 'fitness': 0.9753917211796781, 'generation': 472}","{'id': 36571, 'rank': 10, 'fitness': 0.9748246412573642, 'generation': 472}","{'id': 36695, 'rank': 11, 'fitness': 0.9693945872393681, 'generation': 472}","{'id': 36695, 'rank': 12, 'fitness': 0.9693945872393681, 'generation': 472}","{'id': 36618, 'rank': 13, 'fitness': 0.9686469823018797, 'generation': 472}","{'id': 36631, 'rank': 14, 'fitness': 0.96726898418548, 'generation': 472}","{'id': 36666, 'rank': 15, 'fitness': 0.9658377537869609, 'generation': 472}","{'id': 36555, 'rank': 16, 'fitness': 0.9653627044409477, 'generation': 472}","{'id': 36617, 'rank': 17, 'fitness': 0.9618958643129654, 'generation': 472}","{'id': 36669, 'rank': 18, 'fitness': 0.9602608114695523, 'generation': 472}","{'id': 36669, 'rank': 19, 'fitness': 0.9602608114695523, 'generation': 472}","{'id': 36372, 'rank': 20, 'fitness': 0.9591228557494961, 'generation': 472}","{'id': 36628, 'rank': 21, 'fitness': 0.9554889641912099, 'generation': 472}","{'id': 36634, 'rank': 22, 'fitness': 0.9554142740495419, 'generation': 472}","{'id': 36648, 'rank': 23, 'fitness': 0.951322585765158, 'generation': 472}","{'id': 36642, 'rank': 24, 'fitness': 0.9004980674026986, 'generation': 472}","{'id': 36584, 'rank': 25, 'fitness': 0.8828786154296208, 'generation': 472}","{'id': 36592, 'rank': 26, 'fitness': 0.6907166175520463, 'generation': 472}","{'id': 36592, 'rank': 27, 'fitness': 0.6907166175520463, 'generation': 472}","{'id': 36702, 'rank': 28, 'fitness': 0.6216751830568621, 'generation': 472}","{'id': 36678, 'rank': 29, 'fitness': 0.01798620996209155, 'generation': 472}","{'id': 36678, 'rank': 30, 'fitness': 0.01798620996209155, 'generation': 472}"
"{'id': 36779, 'rank': 1, 'fitness': 0.9820137900379085, 'generation': 473}","{'id': 36779, 'rank': 2, 'fitness': 0.9820137900379085, 'generation': 473}","{'id': 36780, 'rank': 3, 'fitness': 0.9797110065758814, 'generation': 473}","{'id': 36760, 'rank': 4, 'fitness': 0.9791979309689494, 'generation': 473}","{'id': 36724, 'rank': 5, 'fitness': 0.9791501420896349, 'generation': 473}","{'id': 36724, 'rank': 6, 'fitness': 0.9791501420896349, 'generation': 473}","{'id': 36481, 'rank': 7, 'fitness': 0.9790355708016831, 'generation': 473}","{'id': 36777, 'rank': 8, 'fitness': 0.9781116820368798, 'generation': 473}","{'id': 36721, 'rank': 9, 'fitness': 0.9770183281383239, 'generation': 473}","{'id': 36765, 'rank': 10, 'fitness': 0.9769864698442223, 'generation': 473}","{'id': 36695, 'rank': 11, 'fitness': 0.9749612936552016, 'generation': 473}","{'id': 36695, 'rank': 12, 'fitness': 0.9749612936552016, 'generation': 473}","{'id': 36695, 'rank': 13, 'fitness': 0.9749612936552016, 'generation': 473}","{'id': 36770, 'rank': 14, 'fitness': 0.9738997622287806, 'generation': 473}","{'id': 36770, 'rank': 15, 'fitness': 0.9738997622287806, 'generation': 473}","{'id': 36770, 'rank': 16, 'fitness': 0.9738997622287806, 'generation': 473}","{'id': 36741, 'rank': 17, 'fitness': 0.9734663274478776, 'generation': 473}","{'id': 36771, 'rank': 18, 'fitness': 0.9718843171505511, 'generation': 473}","{'id': 36617, 'rank': 19, 'fitness': 0.9718056560609933, 'generation': 473}","{'id': 36708, 'rank': 20, 'fitness': 0.9713169684229028, 'generation': 473}","{'id': 36740, 'rank': 21, 'fitness': 0.9695780375479316, 'generation': 473}","{'id': 36745, 'rank': 22, 'fitness': 0.9692154089718281, 'generation': 473}","{'id': 36745, 'rank': 23, 'fitness': 0.9692154089718281, 'generation': 473}","{'id': 36767, 'rank': 24, 'fitness': 0.9666655213265345, 'generation': 473}","{'id': 36753, 'rank': 25, 'fitness': 0.9640748878362453, 'generation': 473}","{'id': 36732, 'rank': 26, 'fitness': 0.95833777629612, 'generation': 473}","{'id': 36718, 'rank': 27, 'fitness': 0.9437037240443441, 'generation': 473}","{'id': 36717, 'rank': 28, 'fitness': 0.8929105432115904, 'generation': 473}","{'id': 36678, 'rank': 29, 'fitness': 0.4147048967746182, 'generation': 473}","{'id': 36725, 'rank': 30, 'fitness': 0.01798620996209155, 'generation': 473}"
"{'id': 36857, 'rank': 1, 'fitness': 0.9820137900379085, 'generation': 474}","{'id': 36804, 'rank': 2, 'fitness': 0.8847772192283007, 'generation': 474}","{'id': 36824, 'rank': 3, 'fitness': 0.8845320271558068, 'generation': 474}","{'id': 36724, 'rank': 4, 'fitness': 0.878871713582186, 'generation': 474}","{'id': 36777, 'rank': 5, 'fitness': 0.8305645882830366, 'generation': 474}","{'id': 36843, 'rank': 6, 'fitness': 0.7865207737819342, 'generation': 474}","{'id': 36765, 'rank': 7, 'fitness': 0.7657992745475442, 'generation': 474}","{'id': 36805, 'rank': 8, 'fitness': 0.7101877921577092, 'generation': 474}","{'id': 36839, 'rank': 9, 'fitness': 0.7006439475560887, 'generation': 474}","{'id': 36818, 'rank': 10, 'fitness': 0.6947928337672178, 'generation': 474}","{'id': 36802, 'rank': 11, 'fitness': 0.683388341743449, 'generation': 474}","{'id': 36802, 'rank': 12, 'fitness': 0.683388341743449, 'generation': 474}","{'id': 36870, 'rank': 13, 'fitness': 0.6675435171882327, 'generation': 474}","{'id': 36866, 'rank': 14, 'fitness': 0.6365139996761899, 'generation': 474}","{'id': 36847, 'rank': 15, 'fitness': 0.5588397042816451, 'generation': 474}","{'id': 36807, 'rank': 16, 'fitness': 0.4476318352909391, 'generation': 474}","{'id': 36771, 'rank': 17, 'fitness': 0.3922961319689626, 'generation': 474}","{'id': 36844, 'rank': 18, 'fitness': 0.38927793412872297, 'generation': 474}","{'id': 36708, 'rank': 19, 'fitness': 0.35433856515953766, 'generation': 474}","{'id': 36830, 'rank': 20, 'fitness': 0.3391281540422862, 'generation': 474}","{'id': 36809, 'rank': 21, 'fitness': 0.33621875948131424, 'generation': 474}","{'id': 36740, 'rank': 22, 'fitness': 0.2537137625019714, 'generation': 474}","{'id': 36838, 'rank': 23, 'fitness': 0.2363985035571199, 'generation': 474}","{'id': 36838, 'rank': 24, 'fitness': 0.2363985035571199, 'generation': 474}","{'id': 36852, 'rank': 25, 'fitness': 0.14132387568419197, 'generation': 474}","{'id': 36852, 'rank': 26, 'fitness': 0.14132387568419197, 'generation': 474}","{'id': 36819, 'rank': 27, 'fitness': 0.11739837766039296, 'generation': 474}","{'id': 36819, 'rank': 28, 'fitness': 0.11739837766039296, 'generation': 474}","{'id': 36753, 'rank': 29, 'fitness': 0.0804187046565587, 'generation': 474}","{'id': 36854, 'rank': 30, 'fitness': 0.01798620996209155, 'generation': 474}"
"{'id': 36926, 'rank': 1, 'fitness': 0.9820137900379085, 'generation': 475}","{'id': 36927, 'rank': 2, 'fitness': 0.9819728295530729, 'generation': 475}","{'id': 36928, 'rank': 3, 'fitness': 0.9819101956946397, 'generation': 475}","{'id': 36804, 'rank': 4, 'fitness': 0.981862708618028, 'generation': 475}","{'id': 36777, 'rank': 5, 'fitness': 0.9817969877470774, 'generation': 475}","{'id': 36843, 'rank': 6, 'fitness': 0.9817550536908051, 'generation': 475}","{'id': 36765, 'rank': 7, 'fitness': 0.9817375006476619, 'generation': 475}","{'id': 36818, 'rank': 8, 'fitness': 0.9816841363097051, 'generation': 475}","{'id': 36818, 'rank': 9, 'fitness': 0.9816841363097051, 'generation': 475}","{'id': 36818, 'rank': 10, 'fitness': 0.9816841363097051, 'generation': 475}","{'id': 36870, 'rank': 11, 'fitness': 0.9816656020279364, 'generation': 475}","{'id': 36870, 'rank': 12, 'fitness': 0.9816656020279364, 'generation': 475}","{'id': 36807, 'rank': 13, 'fitness': 0.9815310837434741, 'generation': 475}","{'id': 36771, 'rank': 14, 'fitness': 0.9814972148745624, 'generation': 475}","{'id': 36740, 'rank': 15, 'fitness': 0.9814013929406951, 'generation': 475}","{'id': 36740, 'rank': 16, 'fitness': 0.9814013929406951, 'generation': 475}","{'id': 36838, 'rank': 17, 'fitness': 0.9813873615599453, 'generation': 475}","{'id': 36838, 'rank': 18, 'fitness': 0.9813873615599453, 'generation': 475}","{'id': 36852, 'rank': 19, 'fitness': 0.9812924011691051, 'generation': 475}","{'id': 36819, 'rank': 20, 'fitness': 0.9812602860630051, 'generation': 475}","{'id': 36819, 'rank': 21, 'fitness': 0.9812602860630051, 'generation': 475}","{'id': 36753, 'rank': 22, 'fitness': 0.9811968862879379, 'generation': 475}","{'id': 36887, 'rank': 23, 'fitness': 0.9763356886683505, 'generation': 475}","{'id': 36916, 'rank': 24, 'fitness': 0.9450933750409662, 'generation': 475}","{'id': 36914, 'rank': 25, 'fitness': 0.9431551057889023, 'generation': 475}","{'id': 36879, 'rank': 26, 'fitness': 0.8732357809097165, 'generation': 475}","{'id': 36895, 'rank': 27, 'fitness': 0.8595592236317315, 'generation': 475}","{'id': 36884, 'rank': 28, 'fitness': 0.8179815481849432, 'generation': 475}","{'id': 36933, 'rank': 29, 'fitness': 0.7781986617228409, 'generation': 475}","{'id': 36935, 'rank': 30, 'fitness': 0.01798620996209155, 'generation': 475}"
"{'id': 36927, 'rank': 1, 'fitness': 0.9820137900379085, 'generation': 476}","{'id': 36928, 'rank': 2, 'fitness': 0.9801265676561295, 'generation': 476}","{'id': 36928, 'rank': 3, 'fitness': 0.9801265676561295, 'generation': 476}","{'id': 36928, 'rank': 4, 'fitness': 0.9801265676561295, 'generation': 476}","{'id': 36960, 'rank': 5, 'fitness': 0.9764729125158766, 'generation': 476}","{'id': 36777, 'rank': 6, 'fitness': 0.9762317595724581, 'generation': 476}","{'id': 36777, 'rank': 7, 'fitness': 0.9762317595724581, 'generation': 476}","{'id': 36971, 'rank': 8, 'fitness': 0.976165297677398, 'generation': 476}","{'id': 36971, 'rank': 9, 'fitness': 0.976165297677398, 'generation': 476}","{'id': 36843, 'rank': 10, 'fitness': 0.9746145554960008, 'generation': 476}","{'id': 36818, 'rank': 11, 'fitness': 0.9716422078993295, 'generation': 476}","{'id': 36818, 'rank': 12, 'fitness': 0.9716422078993295, 'generation': 476}","{'id': 36818, 'rank': 13, 'fitness': 0.9716422078993295, 'generation': 476}","{'id': 36951, 'rank': 14, 'fitness': 0.9715680649227323, 'generation': 476}","{'id': 36870, 'rank': 15, 'fitness': 0.970813285263393, 'generation': 476}","{'id': 36953, 'rank': 16, 'fitness': 0.965458747896546, 'generation': 476}","{'id': 36807, 'rank': 17, 'fitness': 0.9640839269713544, 'generation': 476}","{'id': 36939, 'rank': 18, 'fitness': 0.962826533265876, 'generation': 476}","{'id': 36941, 'rank': 19, 'fitness': 0.9627597627695722, 'generation': 476}","{'id': 36961, 'rank': 20, 'fitness': 0.9618738613395569, 'generation': 476}","{'id': 36957, 'rank': 21, 'fitness': 0.9582971207176885, 'generation': 476}","{'id': 36948, 'rank': 22, 'fitness': 0.95780421312942, 'generation': 476}","{'id': 36948, 'rank': 23, 'fitness': 0.95780421312942, 'generation': 476}","{'id': 36952, 'rank': 24, 'fitness': 0.951918346509943, 'generation': 476}","{'id': 36991, 'rank': 25, 'fitness': 0.9484445121321091, 'generation': 476}","{'id': 36989, 'rank': 26, 'fitness': 0.9371550392799908, 'generation': 476}","{'id': 36938, 'rank': 27, 'fitness': 0.9350259150751072, 'generation': 476}","{'id': 36993, 'rank': 28, 'fitness': 0.92016871023814, 'generation': 476}","{'id': 36962, 'rank': 29, 'fitness': 0.8844069293839407, 'generation': 476}","{'id': 36887, 'rank': 30, 'fitness': 0.01798620996209155, 'generation': 476}"
"{'id': 36928, 'rank': 1, 'fitness': 0.9820137900379085, 'generation': 477}","{'id': 36928, 'rank': 2, 'fitness': 0.9820137900379085, 'generation': 477}","{'id': 37087, 'rank': 3, 'fitness': 0.9786632416669496, 'generation': 477}","{'id': 36777, 'rank': 4, 'fitness': 0.9677218146391913, 'generation': 477}","{'id': 36777, 'rank': 5, 'fitness': 0.9677218146391913, 'generation': 477}","{'id': 36971, 'rank': 6, 'fitness': 0.9674277666656931, 'generation': 477}","{'id': 37105, 'rank': 7, 'fitness': 0.9596572329412516, 'generation': 477}","{'id': 37013, 'rank': 8, 'fitness': 0.9580895837480765, 'generation': 477}","{'id': 36818, 'rank': 9, 'fitness': 0.9430327521321312, 'generation': 477}","{'id': 37012, 'rank': 10, 'fitness': 0.9347191562894412, 'generation': 477}","{'id': 37086, 'rank': 11, 'fitness': 0.9335495852828817, 'generation': 477}","{'id': 37096, 'rank': 12, 'fitness': 0.8859847816845895, 'generation': 477}","{'id': 36939, 'rank': 13, 'fitness': 0.8687336258035164, 'generation': 477}","{'id': 37006, 'rank': 14, 'fitness': 0.7876291524364943, 'generation': 477}","{'id': 37045, 'rank': 15, 'fitness': 0.7871387380352779, 'generation': 477}","{'id': 37045, 'rank': 16, 'fitness': 0.7871387380352779, 'generation': 477}","{'id': 37058, 'rank': 17, 'fitness': 0.7703854405062811, 'generation': 477}","{'id': 37076, 'rank': 18, 'fitness': 0.7613910834237679, 'generation': 477}","{'id': 37046, 'rank': 19, 'fitness': 0.6447466345711124, 'generation': 477}","{'id': 37078, 'rank': 20, 'fitness': 0.48868981163523895, 'generation': 477}","{'id': 37079, 'rank': 21, 'fitness': 0.47297168618446256, 'generation': 477}","{'id': 37008, 'rank': 22, 'fitness': 0.40206182051527656, 'generation': 477}","{'id': 37047, 'rank': 23, 'fitness': 0.34902207378716255, 'generation': 477}","{'id': 37063, 'rank': 24, 'fitness': 0.33804243858960303, 'generation': 477}","{'id': 37062, 'rank': 25, 'fitness': 0.19990157626052724, 'generation': 477}","{'id': 37028, 'rank': 26, 'fitness': 0.1515090947625608, 'generation': 477}","{'id': 37028, 'rank': 27, 'fitness': 0.1515090947625608, 'generation': 477}","{'id': 36962, 'rank': 28, 'fitness': 0.10853516120593848, 'generation': 477}","{'id': 37068, 'rank': 29, 'fitness': 0.05700695715570614, 'generation': 477}","{'id': 37101, 'rank': 30, 'fitness': 0.01798620996209155, 'generation': 477}"
"{'id': 37164, 'rank': 1, 'fitness': 0.9820137900379085, 'generation': 478}","{'id': 37164, 'rank': 2, 'fitness': 0.9820137900379085, 'generation': 478}","{'id': 37164, 'rank': 3, 'fitness': 0.9820137900379085, 'generation': 478}","{'id': 36928, 'rank': 4, 'fitness': 0.9816107829602372, 'generation': 478}","{'id': 37087, 'rank': 5, 'fitness': 0.9814168098794306, 'generation': 478}","{'id': 36777, 'rank': 6, 'fitness': 0.9809349970145649, 'generation': 478}","{'id': 36971, 'rank': 7, 'fitness': 0.9809242399187258, 'generation': 478}","{'id': 37163, 'rank': 8, 'fitness': 0.9806716967414976, 'generation': 478}","{'id': 37163, 'rank': 9, 'fitness': 0.9806716967414976, 'generation': 478}","{'id': 37167, 'rank': 10, 'fitness': 0.9804273428807464, 'generation': 478}","{'id': 36818, 'rank': 11, 'fitness': 0.9802414353591771, 'generation': 478}","{'id': 37117, 'rank': 12, 'fitness': 0.9798036706693076, 'generation': 478}","{'id': 37112, 'rank': 13, 'fitness': 0.9793275311343875, 'generation': 478}","{'id': 37172, 'rank': 14, 'fitness': 0.9792568355711742, 'generation': 478}","{'id': 37172, 'rank': 15, 'fitness': 0.9792568355711742, 'generation': 478}","{'id': 37045, 'rank': 16, 'fitness': 0.9783793903031078, 'generation': 478}","{'id': 37045, 'rank': 17, 'fitness': 0.9783793903031078, 'generation': 478}","{'id': 37045, 'rank': 18, 'fitness': 0.9783793903031078, 'generation': 478}","{'id': 37154, 'rank': 19, 'fitness': 0.9768169591496851, 'generation': 478}","{'id': 37063, 'rank': 20, 'fitness': 0.9756549844300457, 'generation': 478}","{'id': 37063, 'rank': 21, 'fitness': 0.9756549844300457, 'generation': 478}","{'id': 37063, 'rank': 22, 'fitness': 0.9756549844300457, 'generation': 478}","{'id': 37068, 'rank': 23, 'fitness': 0.9723438388937111, 'generation': 478}","{'id': 37158, 'rank': 24, 'fitness': 0.9710976324692551, 'generation': 478}","{'id': 37149, 'rank': 25, 'fitness': 0.9694015228242101, 'generation': 478}","{'id': 37141, 'rank': 26, 'fitness': 0.8237799566910127, 'generation': 478}","{'id': 37144, 'rank': 27, 'fitness': 0.7938833226533892, 'generation': 478}","{'id': 37136, 'rank': 28, 'fitness': 0.09009926052998518, 'generation': 478}","{'id': 37131, 'rank': 29, 'fitness': 0.05065230652942465, 'generation': 478}","{'id': 37123, 'rank': 30, 'fitness': 0.01798620996209155, 'generation': 478}"
"{'id': 37164, 'rank': 1, 'fitness': 0.9820137900379085, 'generation': 479}","{'id': 37164, 'rank': 2, 'fitness': 0.9820137900379085, 'generation': 479}","{'id': 37164, 'rank': 3, 'fitness': 0.9820137900379085, 'generation': 479}","{'id': 37177, 'rank': 4, 'fitness': 0.9762138857100925, 'generation': 479}","{'id': 36928, 'rank': 5, 'fitness': 0.9761643548875955, 'generation': 479}","{'id': 37216, 'rank': 6, 'fitness': 0.9685190946404014, 'generation': 479}","{'id': 37250, 'rank': 7, 'fitness': 0.9637704797106131, 'generation': 479}","{'id': 37250, 'rank': 8, 'fitness': 0.9637704797106131, 'generation': 479}","{'id': 37197, 'rank': 9, 'fitness': 0.9600604631089136, 'generation': 479}","{'id': 37163, 'rank': 10, 'fitness': 0.9554552145310888, 'generation': 479}","{'id': 37179, 'rank': 11, 'fitness': 0.9517307702119837, 'generation': 479}","{'id': 37219, 'rank': 12, 'fitness': 0.9461383816563173, 'generation': 479}","{'id': 37188, 'rank': 13, 'fitness': 0.9455447753133589, 'generation': 479}","{'id': 37252, 'rank': 14, 'fitness': 0.9361610831302569, 'generation': 479}","{'id': 37264, 'rank': 15, 'fitness': 0.935371469117358, 'generation': 479}","{'id': 37264, 'rank': 16, 'fitness': 0.935371469117358, 'generation': 479}","{'id': 37180, 'rank': 17, 'fitness': 0.9274743581073721, 'generation': 479}","{'id': 37195, 'rank': 18, 'fitness': 0.91586718274414, 'generation': 479}","{'id': 37217, 'rank': 19, 'fitness': 0.9092948063380413, 'generation': 479}","{'id': 37172, 'rank': 20, 'fitness': 0.89540859066219, 'generation': 479}","{'id': 37172, 'rank': 21, 'fitness': 0.89540859066219, 'generation': 479}","{'id': 37214, 'rank': 22, 'fitness': 0.893432136743607, 'generation': 479}","{'id': 37251, 'rank': 23, 'fitness': 0.8655366059596681, 'generation': 479}","{'id': 37045, 'rank': 24, 'fitness': 0.8331264781145824, 'generation': 479}","{'id': 37246, 'rank': 25, 'fitness': 0.809503113685283, 'generation': 479}","{'id': 37063, 'rank': 26, 'fitness': 0.5150854552076612, 'generation': 479}","{'id': 37210, 'rank': 27, 'fitness': 0.38712297529212203, 'generation': 479}","{'id': 37232, 'rank': 28, 'fitness': 0.258387791818517, 'generation': 479}","{'id': 37206, 'rank': 29, 'fitness': 0.17719515962749144, 'generation': 479}","{'id': 37240, 'rank': 30, 'fitness': 0.01798620996209155, 'generation': 479}"
"{'id': 37335, 'rank': 1, 'fitness': 0.9820137900379085, 'generation': 480}","{'id': 37164, 'rank': 2, 'fitness': 0.9768383701203711, 'generation': 480}","{'id': 37164, 'rank': 3, 'fitness': 0.9768383701203711, 'generation': 480}","{'id': 37274, 'rank': 4, 'fitness': 0.9757805749831157, 'generation': 480}","{'id': 36928, 'rank': 5, 'fitness': 0.9724246395533911, 'generation': 480}","{'id': 37276, 'rank': 6, 'fitness': 0.9710384793427403, 'generation': 480}","{'id': 37276, 'rank': 7, 'fitness': 0.9710384793427403, 'generation': 480}","{'id': 37250, 'rank': 8, 'fitness': 0.9642344565470757, 'generation': 480}","{'id': 37275, 'rank': 9, 'fitness': 0.9623946245455625, 'generation': 480}","{'id': 37264, 'rank': 10, 'fitness': 0.9486091863893995, 'generation': 480}","{'id': 37264, 'rank': 11, 'fitness': 0.9486091863893995, 'generation': 480}","{'id': 37264, 'rank': 12, 'fitness': 0.9486091863893995, 'generation': 480}","{'id': 37180, 'rank': 13, 'fitness': 0.9447219672538745, 'generation': 480}","{'id': 37180, 'rank': 14, 'fitness': 0.9447219672538745, 'generation': 480}","{'id': 37172, 'rank': 15, 'fitness': 0.9301351128951021, 'generation': 480}","{'id': 37285, 'rank': 16, 'fitness': 0.9162148514538553, 'generation': 480}","{'id': 37270, 'rank': 17, 'fitness': 0.8943497565595513, 'generation': 480}","{'id': 37271, 'rank': 18, 'fitness': 0.8623442970666568, 'generation': 480}","{'id': 37284, 'rank': 19, 'fitness': 0.8589169676288004, 'generation': 480}","{'id': 37283, 'rank': 20, 'fitness': 0.7847532073500001, 'generation': 480}","{'id': 37334, 'rank': 21, 'fitness': 0.7830830298118099, 'generation': 480}","{'id': 37334, 'rank': 22, 'fitness': 0.7830830298118099, 'generation': 480}","{'id': 37269, 'rank': 23, 'fitness': 0.7259170933488716, 'generation': 480}","{'id': 37269, 'rank': 24, 'fitness': 0.7259170933488716, 'generation': 480}","{'id': 37278, 'rank': 25, 'fitness': 0.7063814521602192, 'generation': 480}","{'id': 37330, 'rank': 26, 'fitness': 0.38819629006690437, 'generation': 480}","{'id': 37240, 'rank': 27, 'fitness': 0.22497857346383537, 'generation': 480}","{'id': 37339, 'rank': 28, 'fitness': 0.06632629669187334, 'generation': 480}","{'id': 37320, 'rank': 29, 'fitness': 0.043511924838282534, 'generation': 480}","{'id': 37265, 'rank': 30, 'fitness': 0.01798620996209155, 'generation': 480}"
"{'id': 37335, 'rank': 1, 'fitness': 0.9820137900379085, 'generation': 481}","{'id': 37335, 'rank': 2, 'fitness': 0.9820137900379085, 'generation': 481}","{'id': 37164, 'rank': 3, 'fitness': 0.9797343632760573, 'generation': 481}","{'id': 37164, 'rank': 4, 'fitness': 0.9797343632760573, 'generation': 481}","{'id': 37274, 'rank': 5, 'fitness': 0.979301994340267, 'generation': 481}","{'id': 37274, 'rank': 6, 'fitness': 0.979301994340267, 'generation': 481}","{'id': 37274, 'rank': 7, 'fitness': 0.979301994340267, 'generation': 481}","{'id': 37276, 'rank': 8, 'fitness': 0.9774729900892243, 'generation': 481}","{'id': 37360, 'rank': 9, 'fitness': 0.9763186277014793, 'generation': 481}","{'id': 37275, 'rank': 10, 'fitness': 0.9744934485106787, 'generation': 481}","{'id': 37359, 'rank': 11, 'fitness': 0.9713694423528985, 'generation': 481}","{'id': 37359, 'rank': 12, 'fitness': 0.9713694423528985, 'generation': 481}","{'id': 37264, 'rank': 13, 'fitness': 0.9703740711341262, 'generation': 481}","{'id': 37180, 'rank': 14, 'fitness': 0.9693127750095986, 'generation': 481}","{'id': 37415, 'rank': 15, 'fitness': 0.9656545340291424, 'generation': 481}","{'id': 37366, 'rank': 16, 'fitness': 0.9497533213920756, 'generation': 481}","{'id': 37334, 'rank': 17, 'fitness': 0.9382062166858149, 'generation': 481}","{'id': 37269, 'rank': 18, 'fitness': 0.9291849430419278, 'generation': 481}","{'id': 37351, 'rank': 19, 'fitness': 0.9228739661551841, 'generation': 481}","{'id': 37350, 'rank': 20, 'fitness': 0.9194676472969012, 'generation': 481}","{'id': 37376, 'rank': 21, 'fitness': 0.8906300042357875, 'generation': 481}","{'id': 37362, 'rank': 22, 'fitness': 0.8881455580544042, 'generation': 481}","{'id': 37408, 'rank': 23, 'fitness': 0.8521688742357825, 'generation': 481}","{'id': 37408, 'rank': 24, 'fitness': 0.8521688742357825, 'generation': 481}","{'id': 37374, 'rank': 25, 'fitness': 0.846277768161289, 'generation': 481}","{'id': 37377, 'rank': 26, 'fitness': 0.8275975835565499, 'generation': 481}","{'id': 37240, 'rank': 27, 'fitness': 0.8223756707880749, 'generation': 481}","{'id': 37339, 'rank': 28, 'fitness': 0.704595637131919, 'generation': 481}","{'id': 37399, 'rank': 29, 'fitness': 0.08139820044742746, 'generation': 481}","{'id': 37357, 'rank': 30, 'fitness': 0.01798620996209155, 'generation': 481}"
"{'id': 37335, 'rank': 1, 'fitness': 0.9820137900379085, 'generation': 482}","{'id': 37335, 'rank': 2, 'fitness': 0.9820137900379085, 'generation': 482}","{'id': 37447, 'rank': 3, 'fitness': 0.9816753211155231, 'generation': 482}","{'id': 37164, 'rank': 4, 'fitness': 0.9816406076400163, 'generation': 482}","{'id': 37431, 'rank': 5, 'fitness': 0.9816293196166209, 'generation': 482}","{'id': 37274, 'rank': 6, 'fitness': 0.981573702484712, 'generation': 482}","{'id': 37274, 'rank': 7, 'fitness': 0.981573702484712, 'generation': 482}","{'id': 37449, 'rank': 8, 'fitness': 0.9814222296969907, 'generation': 482}","{'id': 37434, 'rank': 9, 'fitness': 0.9813460026017335, 'generation': 482}","{'id': 37471, 'rank': 10, 'fitness': 0.9812532386307574, 'generation': 482}","{'id': 37471, 'rank': 11, 'fitness': 0.9812532386307574, 'generation': 482}","{'id': 37418, 'rank': 12, 'fitness': 0.9811800570898969, 'generation': 482}","{'id': 37488, 'rank': 13, 'fitness': 0.9810854056273346, 'generation': 482}","{'id': 37469, 'rank': 14, 'fitness': 0.9807794451839695, 'generation': 482}","{'id': 37424, 'rank': 15, 'fitness': 0.9806794190939068, 'generation': 482}","{'id': 37436, 'rank': 16, 'fitness': 0.9806570359144602, 'generation': 482}","{'id': 37359, 'rank': 17, 'fitness': 0.9805104546725444, 'generation': 482}","{'id': 37425, 'rank': 18, 'fitness': 0.9804359508241655, 'generation': 482}","{'id': 37441, 'rank': 19, 'fitness': 0.9802961971135771, 'generation': 482}","{'id': 37427, 'rank': 20, 'fitness': 0.9793014432973017, 'generation': 482}","{'id': 37454, 'rank': 21, 'fitness': 0.979026333902548, 'generation': 482}","{'id': 37422, 'rank': 22, 'fitness': 0.9784838340217759, 'generation': 482}","{'id': 37334, 'rank': 23, 'fitness': 0.9776852920133967, 'generation': 482}","{'id': 37351, 'rank': 24, 'fitness': 0.9767743774308975, 'generation': 482}","{'id': 37460, 'rank': 25, 'fitness': 0.9722935307914904, 'generation': 482}","{'id': 37399, 'rank': 26, 'fitness': 0.9476247745494811, 'generation': 482}","{'id': 37498, 'rank': 27, 'fitness': 0.9356469270173915, 'generation': 482}","{'id': 37357, 'rank': 28, 'fitness': 0.9324190938951473, 'generation': 482}","{'id': 37492, 'rank': 29, 'fitness': 0.8953972897951286, 'generation': 482}","{'id': 37482, 'rank': 30, 'fitness': 0.01798620996209155, 'generation': 482}"
"{'id': 37512, 'rank': 1, 'fitness': 0.9820137900379085, 'generation': 483}","{'id': 37335, 'rank': 2, 'fitness': 0.9767972825304463, 'generation': 483}","{'id': 37542, 'rank': 3, 'fitness': 0.9758785587786943, 'generation': 483}","{'id': 37431, 'rank': 4, 'fitness': 0.968784005760009, 'generation': 483}","{'id': 37534, 'rank': 5, 'fitness': 0.9685907758726668, 'generation': 483}","{'id': 37274, 'rank': 6, 'fitness': 0.9674385876239, 'generation': 483}","{'id': 37518, 'rank': 7, 'fitness': 0.9655350488843738, 'generation': 483}","{'id': 37434, 'rank': 8, 'fitness': 0.961373033331189, 'generation': 483}","{'id': 37513, 'rank': 9, 'fitness': 0.9612201642808803, 'generation': 483}","{'id': 37567, 'rank': 10, 'fitness': 0.9585252620064162, 'generation': 483}","{'id': 37418, 'rank': 11, 'fitness': 0.9563393349636579, 'generation': 483}","{'id': 37488, 'rank': 12, 'fitness': 0.9532157836584939, 'generation': 483}","{'id': 37488, 'rank': 13, 'fitness': 0.9532157836584939, 'generation': 483}","{'id': 37507, 'rank': 14, 'fitness': 0.95042707904236, 'generation': 483}","{'id': 37558, 'rank': 15, 'fitness': 0.9409788399550258, 'generation': 483}","{'id': 37508, 'rank': 16, 'fitness': 0.9394006399389041, 'generation': 483}","{'id': 37508, 'rank': 17, 'fitness': 0.9394006399389041, 'generation': 483}","{'id': 37436, 'rank': 18, 'fitness': 0.9365021674840642, 'generation': 483}","{'id': 37436, 'rank': 19, 'fitness': 0.9365021674840642, 'generation': 483}","{'id': 37592, 'rank': 20, 'fitness': 0.9304280002738928, 'generation': 483}","{'id': 37566, 'rank': 21, 'fitness': 0.9293353658596843, 'generation': 483}","{'id': 37557, 'rank': 22, 'fitness': 0.9208964721550879, 'generation': 483}","{'id': 37509, 'rank': 23, 'fitness': 0.8973594398084566, 'generation': 483}","{'id': 37524, 'rank': 24, 'fitness': 0.8751205430986693, 'generation': 483}","{'id': 37544, 'rank': 25, 'fitness': 0.8611136938723658, 'generation': 483}","{'id': 37554, 'rank': 26, 'fitness': 0.8599148545958962, 'generation': 483}","{'id': 37525, 'rank': 27, 'fitness': 0.8582179768882099, 'generation': 483}","{'id': 37545, 'rank': 28, 'fitness': 0.5578023669584411, 'generation': 483}","{'id': 37546, 'rank': 29, 'fitness': 0.020176552335684605, 'generation': 483}","{'id': 37549, 'rank': 30, 'fitness': 0.01798620996209155, 'generation': 483}"
"{'id': 37656, 'rank': 1, 'fitness': 0.9820137900379085, 'generation': 484}","{'id': 37657, 'rank': 2, 'fitness': 0.9818624266583983, 'generation': 484}","{'id': 37657, 'rank': 3, 'fitness': 0.9818624266583983, 'generation': 484}","{'id': 37335, 'rank': 4, 'fitness': 0.9764968918842651, 'generation': 484}","{'id': 37542, 'rank': 5, 'fitness': 0.9761066991729466, 'generation': 484}","{'id': 37431, 'rank': 6, 'fitness': 0.9733395162239881, 'generation': 484}","{'id': 37418, 'rank': 7, 'fitness': 0.9692250700874581, 'generation': 484}","{'id': 37659, 'rank': 8, 'fitness': 0.9684522538578056, 'generation': 484}","{'id': 37659, 'rank': 9, 'fitness': 0.9684522538578056, 'generation': 484}","{'id': 37488, 'rank': 10, 'fitness': 0.9682964296486485, 'generation': 484}","{'id': 37660, 'rank': 11, 'fitness': 0.9663656995129295, 'generation': 484}","{'id': 37558, 'rank': 12, 'fitness': 0.9649433816853109, 'generation': 484}","{'id': 37628, 'rank': 13, 'fitness': 0.9601896727925274, 'generation': 484}","{'id': 37628, 'rank': 14, 'fitness': 0.9601896727925274, 'generation': 484}","{'id': 37607, 'rank': 15, 'fitness': 0.9557580881712615, 'generation': 484}","{'id': 37509, 'rank': 16, 'fitness': 0.9552269624476969, 'generation': 484}","{'id': 37509, 'rank': 17, 'fitness': 0.9552269624476969, 'generation': 484}","{'id': 37594, 'rank': 18, 'fitness': 0.9547293712094964, 'generation': 484}","{'id': 37554, 'rank': 19, 'fitness': 0.9483574799526899, 'generation': 484}","{'id': 37525, 'rank': 20, 'fitness': 0.9480656331843828, 'generation': 484}","{'id': 37629, 'rank': 21, 'fitness': 0.9284763323855474, 'generation': 484}","{'id': 37601, 'rank': 22, 'fitness': 0.9235244711215358, 'generation': 484}","{'id': 37602, 'rank': 23, 'fitness': 0.9206118415123968, 'generation': 484}","{'id': 37602, 'rank': 24, 'fitness': 0.9206118415123968, 'generation': 484}","{'id': 37626, 'rank': 25, 'fitness': 0.8628339444999205, 'generation': 484}","{'id': 37626, 'rank': 26, 'fitness': 0.8628339444999205, 'generation': 484}","{'id': 37631, 'rank': 27, 'fitness': 0.8174745513230086, 'generation': 484}","{'id': 37631, 'rank': 28, 'fitness': 0.8174745513230086, 'generation': 484}","{'id': 37637, 'rank': 29, 'fitness': 0.7519949225276885, 'generation': 484}","{'id': 37661, 'rank': 30, 'fitness': 0.01798620996209155, 'generation': 484}"
"{'id': 37711, 'rank': 1, 'fitness': 0.9820137900379085, 'generation': 485}","{'id': 37700, 'rank': 2, 'fitness': 0.9819620311635913, 'generation': 485}","{'id': 37700, 'rank': 3, 'fitness': 0.9819620311635913, 'generation': 485}","{'id': 37694, 'rank': 4, 'fitness': 0.9814002735453546, 'generation': 485}","{'id': 37695, 'rank': 5, 'fitness': 0.9805345213559652, 'generation': 485}","{'id': 37701, 'rank': 6, 'fitness': 0.9795360568852645, 'generation': 485}","{'id': 37686, 'rank': 7, 'fitness': 0.9782052331964417, 'generation': 485}","{'id': 37431, 'rank': 8, 'fitness': 0.977358548529174, 'generation': 485}","{'id': 37727, 'rank': 9, 'fitness': 0.97663257041601, 'generation': 485}","{'id': 37727, 'rank': 10, 'fitness': 0.97663257041601, 'generation': 485}","{'id': 37418, 'rank': 11, 'fitness': 0.9756128894654943, 'generation': 485}","{'id': 37660, 'rank': 12, 'fitness': 0.9744629096409458, 'generation': 485}","{'id': 37509, 'rank': 13, 'fitness': 0.97035965093444, 'generation': 485}","{'id': 37681, 'rank': 14, 'fitness': 0.968269771865848, 'generation': 485}","{'id': 37681, 'rank': 15, 'fitness': 0.968269771865848, 'generation': 485}","{'id': 37525, 'rank': 16, 'fitness': 0.9679622087543571, 'generation': 485}","{'id': 37719, 'rank': 17, 'fitness': 0.9658343106903253, 'generation': 485}","{'id': 37709, 'rank': 18, 'fitness': 0.9648010141081276, 'generation': 485}","{'id': 37751, 'rank': 19, 'fitness': 0.9637003508930919, 'generation': 485}","{'id': 37667, 'rank': 20, 'fitness': 0.9623643084537803, 'generation': 485}","{'id': 37601, 'rank': 21, 'fitness': 0.9606669776899629, 'generation': 485}","{'id': 37668, 'rank': 22, 'fitness': 0.9598868156884879, 'generation': 485}","{'id': 37676, 'rank': 23, 'fitness': 0.9594832241500426, 'generation': 485}","{'id': 37669, 'rank': 24, 'fitness': 0.956264629215203, 'generation': 485}","{'id': 37748, 'rank': 25, 'fitness': 0.9556938281449763, 'generation': 485}","{'id': 37720, 'rank': 26, 'fitness': 0.9556431307736821, 'generation': 485}","{'id': 37734, 'rank': 27, 'fitness': 0.9546351412823976, 'generation': 485}","{'id': 37626, 'rank': 28, 'fitness': 0.9458245375469237, 'generation': 485}","{'id': 37666, 'rank': 29, 'fitness': 0.8984028265213042, 'generation': 485}","{'id': 37703, 'rank': 30, 'fitness': 0.01798620996209155, 'generation': 485}"
"{'id': 37711, 'rank': 1, 'fitness': 0.9820137900379085, 'generation': 486}","{'id': 37700, 'rank': 2, 'fitness': 0.9816992251664469, 'generation': 486}","{'id': 37700, 'rank': 3, 'fitness': 0.9816992251664469, 'generation': 486}","{'id': 37700, 'rank': 4, 'fitness': 0.9816992251664469, 'generation': 486}","{'id': 37811, 'rank': 5, 'fitness': 0.9785437212178328, 'generation': 486}","{'id': 37695, 'rank': 6, 'fitness': 0.9710823061461709, 'generation': 486}","{'id': 37763, 'rank': 7, 'fitness': 0.970838935230474, 'generation': 486}","{'id': 37784, 'rank': 8, 'fitness': 0.9693895112504667, 'generation': 486}","{'id': 37784, 'rank': 9, 'fitness': 0.9693895112504667, 'generation': 486}","{'id': 37768, 'rank': 10, 'fitness': 0.9509033120046178, 'generation': 486}","{'id': 37786, 'rank': 11, 'fitness': 0.9508216291707356, 'generation': 486}","{'id': 37786, 'rank': 12, 'fitness': 0.9508216291707356, 'generation': 486}","{'id': 37812, 'rank': 13, 'fitness': 0.9399349846884056, 'generation': 486}","{'id': 37727, 'rank': 14, 'fitness': 0.9158614361949217, 'generation': 486}","{'id': 37845, 'rank': 15, 'fitness': 0.8389592805063857, 'generation': 486}","{'id': 37795, 'rank': 16, 'fitness': 0.7716829498978885, 'generation': 486}","{'id': 37793, 'rank': 17, 'fitness': 0.7169213839028081, 'generation': 486}","{'id': 37832, 'rank': 18, 'fitness': 0.6276743395072063, 'generation': 486}","{'id': 37681, 'rank': 19, 'fitness': 0.6199671391033116, 'generation': 486}","{'id': 37709, 'rank': 20, 'fitness': 0.46050590761825955, 'generation': 486}","{'id': 37751, 'rank': 21, 'fitness': 0.41314004296099605, 'generation': 486}","{'id': 37668, 'rank': 22, 'fitness': 0.2733386733219184, 'generation': 486}","{'id': 37668, 'rank': 23, 'fitness': 0.2733386733219184, 'generation': 486}","{'id': 37823, 'rank': 24, 'fitness': 0.10120076693469265, 'generation': 486}","{'id': 37823, 'rank': 25, 'fitness': 0.10120076693469265, 'generation': 486}","{'id': 37799, 'rank': 26, 'fitness': 0.08668279513769467, 'generation': 486}","{'id': 37800, 'rank': 27, 'fitness': 0.08032893354378429, 'generation': 486}","{'id': 37848, 'rank': 28, 'fitness': 0.05878476022415191, 'generation': 486}","{'id': 37774, 'rank': 29, 'fitness': 0.03654377943981113, 'generation': 486}","{'id': 37772, 'rank': 30, 'fitness': 0.01798620996209155, 'generation': 486}"
"{'id': 37811, 'rank': 1, 'fitness': 0.9820137900379085, 'generation': 487}","{'id': 37904, 'rank': 2, 'fitness': 0.9819259062120188, 'generation': 487}","{'id': 37909, 'rank': 3, 'fitness': 0.9814652095525129, 'generation': 487}","{'id': 37768, 'rank': 4, 'fitness': 0.9806931236995463, 'generation': 487}","{'id': 37786, 'rank': 5, 'fitness': 0.9806903328730145, 'generation': 487}","{'id': 37786, 'rank': 6, 'fitness': 0.9806903328730145, 'generation': 487}","{'id': 37786, 'rank': 7, 'fitness': 0.9806903328730145, 'generation': 487}","{'id': 37812, 'rank': 8, 'fitness': 0.9803497843414485, 'generation': 487}","{'id': 37877, 'rank': 9, 'fitness': 0.9800959826348978, 'generation': 487}","{'id': 37877, 'rank': 10, 'fitness': 0.9800959826348978, 'generation': 487}","{'id': 37897, 'rank': 11, 'fitness': 0.9798024868575779, 'generation': 487}","{'id': 37897, 'rank': 12, 'fitness': 0.9798024868575779, 'generation': 487}","{'id': 37897, 'rank': 13, 'fitness': 0.9798024868575779, 'generation': 487}","{'id': 37889, 'rank': 14, 'fitness': 0.9795502828656768, 'generation': 487}","{'id': 37868, 'rank': 15, 'fitness': 0.9795223564764584, 'generation': 487}","{'id': 37866, 'rank': 16, 'fitness': 0.9792345476608262, 'generation': 487}","{'id': 37866, 'rank': 17, 'fitness': 0.9792345476608262, 'generation': 487}","{'id': 37866, 'rank': 18, 'fitness': 0.9792345476608262, 'generation': 487}","{'id': 37870, 'rank': 19, 'fitness': 0.9790339595049016, 'generation': 487}","{'id': 37845, 'rank': 20, 'fitness': 0.9784816313456288, 'generation': 487}","{'id': 37859, 'rank': 21, 'fitness': 0.9780026453704646, 'generation': 487}","{'id': 37793, 'rank': 22, 'fitness': 0.9771633795434349, 'generation': 487}","{'id': 37681, 'rank': 23, 'fitness': 0.9763211199453681, 'generation': 487}","{'id': 37681, 'rank': 24, 'fitness': 0.9763211199453681, 'generation': 487}","{'id': 37879, 'rank': 25, 'fitness': 0.9759200292152799, 'generation': 487}","{'id': 37709, 'rank': 26, 'fitness': 0.9750253451537527, 'generation': 487}","{'id': 37751, 'rank': 27, 'fitness': 0.9746266929532916, 'generation': 487}","{'id': 37823, 'rank': 28, 'fitness': 0.97051165489628, 'generation': 487}","{'id': 37774, 'rank': 29, 'fitness': 0.9677700509251383, 'generation': 487}","{'id': 37873, 'rank': 30, 'fitness': 0.01798620996209155, 'generation': 487}"
"{'id': 37811, 'rank': 1, 'fitness': 0.9820137900379085, 'generation': 488}","{'id': 37938, 'rank': 2, 'fitness': 0.9449127701745668, 'generation': 488}","{'id': 37938, 'rank': 3, 'fitness': 0.9449127701745668, 'generation': 488}","{'id': 37930, 'rank': 4, 'fitness': 0.9066808470141292, 'generation': 488}","{'id': 37812, 'rank': 5, 'fitness': 0.8859140058417765, 'generation': 488}","{'id': 37812, 'rank': 6, 'fitness': 0.8859140058417765, 'generation': 488}","{'id': 37924, 'rank': 7, 'fitness': 0.8431648149268746, 'generation': 488}","{'id': 37889, 'rank': 8, 'fitness': 0.7630558534955283, 'generation': 488}","{'id': 37868, 'rank': 9, 'fitness': 0.7575650033315463, 'generation': 488}","{'id': 38003, 'rank': 10, 'fitness': 0.7266663367821423, 'generation': 488}","{'id': 37866, 'rank': 11, 'fitness': 0.6966019154669522, 'generation': 488}","{'id': 37866, 'rank': 12, 'fitness': 0.6966019154669522, 'generation': 488}","{'id': 37866, 'rank': 13, 'fitness': 0.6966019154669522, 'generation': 488}","{'id': 37866, 'rank': 14, 'fitness': 0.6966019154669522, 'generation': 488}","{'id': 37870, 'rank': 15, 'fitness': 0.6499515383149819, 'generation': 488}","{'id': 37870, 'rank': 16, 'fitness': 0.6499515383149819, 'generation': 488}","{'id': 37949, 'rank': 17, 'fitness': 0.6420182913274648, 'generation': 488}","{'id': 37936, 'rank': 18, 'fitness': 0.6074558003709982, 'generation': 488}","{'id': 37961, 'rank': 19, 'fitness': 0.6017695696409532, 'generation': 488}","{'id': 37996, 'rank': 20, 'fitness': 0.5970341601059919, 'generation': 488}","{'id': 37925, 'rank': 21, 'fitness': 0.5225826558172832, 'generation': 488}","{'id': 37983, 'rank': 22, 'fitness': 0.5058452430150298, 'generation': 488}","{'id': 37983, 'rank': 23, 'fitness': 0.5058452430150298, 'generation': 488}","{'id': 37983, 'rank': 24, 'fitness': 0.5058452430150298, 'generation': 488}","{'id': 37948, 'rank': 25, 'fitness': 0.49905149598014126, 'generation': 488}","{'id': 37946, 'rank': 26, 'fitness': 0.4717799033011765, 'generation': 488}","{'id': 37991, 'rank': 27, 'fitness': 0.290136711544159, 'generation': 488}","{'id': 37793, 'rank': 28, 'fitness': 0.21911328057988305, 'generation': 488}","{'id': 37879, 'rank': 29, 'fitness': 0.07980841579535614, 'generation': 488}","{'id': 37976, 'rank': 30, 'fitness': 0.01798620996209155, 'generation': 488}"
"{'id': 37811, 'rank': 1, 'fitness': 0.9820137900379085, 'generation': 489}","{'id': 37938, 'rank': 2, 'fitness': 0.9816338721890678, 'generation': 489}","{'id': 38029, 'rank': 3, 'fitness': 0.9815170971881246, 'generation': 489}","{'id': 37812, 'rank': 4, 'fitness': 0.9813692978041404, 'generation': 489}","{'id': 37924, 'rank': 5, 'fitness': 0.981245276531888, 'generation': 489}","{'id': 37889, 'rank': 6, 'fitness': 0.9810710776736111, 'generation': 489}","{'id': 37866, 'rank': 7, 'fitness': 0.9809551987938905, 'generation': 489}","{'id': 37866, 'rank': 8, 'fitness': 0.9809551987938905, 'generation': 489}","{'id': 37866, 'rank': 9, 'fitness': 0.9809551987938905, 'generation': 489}","{'id': 37866, 'rank': 10, 'fitness': 0.9809551987938905, 'generation': 489}","{'id': 37936, 'rank': 11, 'fitness': 0.9808191931702668, 'generation': 489}","{'id': 37936, 'rank': 12, 'fitness': 0.9808191931702668, 'generation': 489}","{'id': 37961, 'rank': 13, 'fitness': 0.9808109630968322, 'generation': 489}","{'id': 37996, 'rank': 14, 'fitness': 0.9808041369606881, 'generation': 489}","{'id': 37996, 'rank': 15, 'fitness': 0.9808041369606881, 'generation': 489}","{'id': 37946, 'rank': 16, 'fitness': 0.9806281352972939, 'generation': 489}","{'id': 37946, 'rank': 17, 'fitness': 0.9806281352972939, 'generation': 489}","{'id': 37879, 'rank': 18, 'fitness': 0.9797965675188214, 'generation': 489}","{'id': 38026, 'rank': 19, 'fitness': 0.9789302408700288, 'generation': 489}","{'id': 38056, 'rank': 20, 'fitness': 0.9762196271883733, 'generation': 489}","{'id': 38056, 'rank': 21, 'fitness': 0.9762196271883733, 'generation': 489}","{'id': 38058, 'rank': 22, 'fitness': 0.9760793980567215, 'generation': 489}","{'id': 38008, 'rank': 23, 'fitness': 0.9702739725557248, 'generation': 489}","{'id': 38010, 'rank': 24, 'fitness': 0.9683242531532298, 'generation': 489}","{'id': 38047, 'rank': 25, 'fitness': 0.9613517119842342, 'generation': 489}","{'id': 38047, 'rank': 26, 'fitness': 0.9613517119842342, 'generation': 489}","{'id': 38036, 'rank': 27, 'fitness': 0.5152152449387812, 'generation': 489}","{'id': 38053, 'rank': 28, 'fitness': 0.040544644340901936, 'generation': 489}","{'id': 38053, 'rank': 29, 'fitness': 0.040544644340901936, 'generation': 489}","{'id': 38059, 'rank': 30, 'fitness': 0.01798620996209155, 'generation': 489}"
"{'id': 37811, 'rank': 1, 'fitness': 0.9820137900379085, 'generation': 490}","{'id': 37811, 'rank': 2, 'fitness': 0.9820137900379085, 'generation': 490}","{'id': 38113, 'rank': 3, 'fitness': 0.9781580173913293, 'generation': 490}","{'id': 38068, 'rank': 4, 'fitness': 0.9769584970559744, 'generation': 490}","{'id': 38067, 'rank': 5, 'fitness': 0.9748214632902502, 'generation': 490}","{'id': 38141, 'rank': 6, 'fitness': 0.9737767441317408, 'generation': 490}","{'id': 38147, 'rank': 7, 'fitness': 0.9717736038246209, 'generation': 490}","{'id': 37889, 'rank': 8, 'fitness': 0.9705046240245128, 'generation': 490}","{'id': 38074, 'rank': 9, 'fitness': 0.9701237723055196, 'generation': 490}","{'id': 37866, 'rank': 10, 'fitness': 0.9687215813352235, 'generation': 490}","{'id': 38126, 'rank': 11, 'fitness': 0.968713034419779, 'generation': 490}","{'id': 38096, 'rank': 12, 'fitness': 0.9674104293549343, 'generation': 490}","{'id': 38072, 'rank': 13, 'fitness': 0.9666747581693056, 'generation': 490}","{'id': 37936, 'rank': 14, 'fitness': 0.9665104983199098, 'generation': 490}","{'id': 37936, 'rank': 15, 'fitness': 0.9665104983199098, 'generation': 490}","{'id': 37996, 'rank': 16, 'fitness': 0.966257623276102, 'generation': 490}","{'id': 38073, 'rank': 17, 'fitness': 0.966150156137634, 'generation': 490}","{'id': 38073, 'rank': 18, 'fitness': 0.966150156137634, 'generation': 490}","{'id': 38069, 'rank': 19, 'fitness': 0.9634216916240106, 'generation': 490}","{'id': 38077, 'rank': 20, 'fitness': 0.9621512486695366, 'generation': 490}","{'id': 38079, 'rank': 21, 'fitness': 0.9614990528233691, 'generation': 490}","{'id': 38127, 'rank': 22, 'fitness': 0.9574875315867373, 'generation': 490}","{'id': 38143, 'rank': 23, 'fitness': 0.9571007347903151, 'generation': 490}","{'id': 38076, 'rank': 24, 'fitness': 0.95368221408172, 'generation': 490}","{'id': 38094, 'rank': 25, 'fitness': 0.9509489587019879, 'generation': 490}","{'id': 38092, 'rank': 26, 'fitness': 0.8842244688663354, 'generation': 490}","{'id': 38056, 'rank': 27, 'fitness': 0.7729808675955481, 'generation': 490}","{'id': 38103, 'rank': 28, 'fitness': 0.4611936276119877, 'generation': 490}","{'id': 38132, 'rank': 29, 'fitness': 0.05991489738370592, 'generation': 490}","{'id': 38106, 'rank': 30, 'fitness': 0.01798620996209155, 'generation': 490}"
"{'id': 38173, 'rank': 1, 'fitness': 0.9820137900379085, 'generation': 491}","{'id': 38159, 'rank': 2, 'fitness': 0.9780307740414813, 'generation': 491}","{'id': 38159, 'rank': 3, 'fitness': 0.9780307740414813, 'generation': 491}","{'id': 38170, 'rank': 4, 'fitness': 0.9741722751379405, 'generation': 491}","{'id': 38170, 'rank': 5, 'fitness': 0.9741722751379405, 'generation': 491}","{'id': 38172, 'rank': 6, 'fitness': 0.9666676735142282, 'generation': 491}","{'id': 38157, 'rank': 7, 'fitness': 0.9624720663082043, 'generation': 491}","{'id': 38176, 'rank': 8, 'fitness': 0.9534240331530367, 'generation': 491}","{'id': 38217, 'rank': 9, 'fitness': 0.9408081950664047, 'generation': 491}","{'id': 38217, 'rank': 10, 'fitness': 0.9408081950664047, 'generation': 491}","{'id': 38067, 'rank': 11, 'fitness': 0.937525634871929, 'generation': 491}","{'id': 38141, 'rank': 12, 'fitness': 0.9294332303816737, 'generation': 491}","{'id': 38141, 'rank': 13, 'fitness': 0.9294332303816737, 'generation': 491}","{'id': 37889, 'rank': 14, 'fitness': 0.9002333560487467, 'generation': 491}","{'id': 38218, 'rank': 15, 'fitness': 0.8950938635551056, 'generation': 491}","{'id': 38126, 'rank': 16, 'fitness': 0.8818076953316112, 'generation': 491}","{'id': 38072, 'rank': 17, 'fitness': 0.8588451680770292, 'generation': 491}","{'id': 37936, 'rank': 18, 'fitness': 0.8569059154707268, 'generation': 491}","{'id': 38197, 'rank': 19, 'fitness': 0.8017114960991425, 'generation': 491}","{'id': 38213, 'rank': 20, 'fitness': 0.7916260237373385, 'generation': 491}","{'id': 38127, 'rank': 21, 'fitness': 0.7339098210834618, 'generation': 491}","{'id': 38222, 'rank': 22, 'fitness': 0.5479236647317017, 'generation': 491}","{'id': 38187, 'rank': 23, 'fitness': 0.545640044477055, 'generation': 491}","{'id': 38184, 'rank': 24, 'fitness': 0.5001377807009899, 'generation': 491}","{'id': 38201, 'rank': 25, 'fitness': 0.27152126213321387, 'generation': 491}","{'id': 38168, 'rank': 26, 'fitness': 0.24333100841889915, 'generation': 491}","{'id': 38168, 'rank': 27, 'fitness': 0.24333100841889915, 'generation': 491}","{'id': 38226, 'rank': 28, 'fitness': 0.2093295971591964, 'generation': 491}","{'id': 38214, 'rank': 29, 'fitness': 0.0672974979478208, 'generation': 491}","{'id': 38206, 'rank': 30, 'fitness': 0.01798620996209155, 'generation': 491}"
"{'id': 38286, 'rank': 1, 'fitness': 0.9820137900379085, 'generation': 492}","{'id': 38279, 'rank': 2, 'fitness': 0.9798126429544067, 'generation': 492}","{'id': 38159, 'rank': 3, 'fitness': 0.9797302458179777, 'generation': 492}","{'id': 38246, 'rank': 4, 'fitness': 0.978454118381797, 'generation': 492}","{'id': 38237, 'rank': 5, 'fitness': 0.9765949097981639, 'generation': 492}","{'id': 38285, 'rank': 6, 'fitness': 0.9765243223292666, 'generation': 492}","{'id': 38238, 'rank': 7, 'fitness': 0.9762040949111102, 'generation': 492}","{'id': 38278, 'rank': 8, 'fitness': 0.9758884079114585, 'generation': 492}","{'id': 38176, 'rank': 9, 'fitness': 0.9758538825225729, 'generation': 492}","{'id': 38287, 'rank': 10, 'fitness': 0.9752791051138825, 'generation': 492}","{'id': 38217, 'rank': 11, 'fitness': 0.9744418440800079, 'generation': 492}","{'id': 38289, 'rank': 12, 'fitness': 0.974301152582453, 'generation': 492}","{'id': 38141, 'rank': 13, 'fitness': 0.973341260912614, 'generation': 492}","{'id': 38276, 'rank': 14, 'fitness': 0.9720797497722071, 'generation': 492}","{'id': 37889, 'rank': 15, 'fitness': 0.9709851493252272, 'generation': 492}","{'id': 38261, 'rank': 16, 'fitness': 0.9557955183003448, 'generation': 492}","{'id': 38187, 'rank': 17, 'fitness': 0.9546078242570827, 'generation': 492}","{'id': 38187, 'rank': 18, 'fitness': 0.9546078242570827, 'generation': 492}","{'id': 38243, 'rank': 19, 'fitness': 0.9431223594934506, 'generation': 492}","{'id': 38201, 'rank': 20, 'fitness': 0.9413906195104558, 'generation': 492}","{'id': 38295, 'rank': 21, 'fitness': 0.9358247990785573, 'generation': 492}","{'id': 38262, 'rank': 22, 'fitness': 0.923563990475005, 'generation': 492}","{'id': 38262, 'rank': 23, 'fitness': 0.923563990475005, 'generation': 492}","{'id': 38267, 'rank': 24, 'fitness': 0.8833269827648637, 'generation': 492}","{'id': 38267, 'rank': 25, 'fitness': 0.8833269827648637, 'generation': 492}","{'id': 38267, 'rank': 26, 'fitness': 0.8833269827648637, 'generation': 492}","{'id': 38229, 'rank': 27, 'fitness': 0.854769455504042, 'generation': 492}","{'id': 38257, 'rank': 28, 'fitness': 0.8532822707198685, 'generation': 492}","{'id': 38251, 'rank': 29, 'fitness': 0.17089290997160195, 'generation': 492}","{'id': 38281, 'rank': 30, 'fitness': 0.01798620996209155, 'generation': 492}"
"{'id': 38286, 'rank': 1, 'fitness': 0.9820137900379085, 'generation': 493}","{'id': 38286, 'rank': 2, 'fitness': 0.9820137900379085, 'generation': 493}","{'id': 38279, 'rank': 3, 'fitness': 0.9802577409815852, 'generation': 493}","{'id': 38159, 'rank': 4, 'fitness': 0.9801927313589172, 'generation': 493}","{'id': 38159, 'rank': 5, 'fitness': 0.9801927313589172, 'generation': 493}","{'id': 38369, 'rank': 6, 'fitness': 0.9801166412670199, 'generation': 493}","{'id': 38384, 'rank': 7, 'fitness': 0.9799760526044441, 'generation': 493}","{'id': 38342, 'rank': 8, 'fitness': 0.9779056615443489, 'generation': 493}","{'id': 38238, 'rank': 9, 'fitness': 0.9774543258301607, 'generation': 493}","{'id': 38238, 'rank': 10, 'fitness': 0.9774543258301607, 'generation': 493}","{'id': 38238, 'rank': 11, 'fitness': 0.9774543258301607, 'generation': 493}","{'id': 38368, 'rank': 12, 'fitness': 0.9769417649689143, 'generation': 493}","{'id': 38287, 'rank': 13, 'fitness': 0.9767489514268135, 'generation': 493}","{'id': 38287, 'rank': 14, 'fitness': 0.9767489514268135, 'generation': 493}","{'id': 38217, 'rank': 15, 'fitness': 0.976114701346916, 'generation': 493}","{'id': 38217, 'rank': 16, 'fitness': 0.976114701346916, 'generation': 493}","{'id': 38316, 'rank': 17, 'fitness': 0.9760671554877143, 'generation': 493}","{'id': 38354, 'rank': 18, 'fitness': 0.9750370211356685, 'generation': 493}","{'id': 38366, 'rank': 19, 'fitness': 0.9746161214622189, 'generation': 493}","{'id': 38359, 'rank': 20, 'fitness': 0.9743769377360461, 'generation': 493}","{'id': 38309, 'rank': 21, 'fitness': 0.9712847991273112, 'generation': 493}","{'id': 38346, 'rank': 22, 'fitness': 0.9701157829994789, 'generation': 493}","{'id': 38243, 'rank': 23, 'fitness': 0.9542894480440469, 'generation': 493}","{'id': 38295, 'rank': 24, 'fitness': 0.9495492515803279, 'generation': 493}","{'id': 38262, 'rank': 25, 'fitness': 0.9417671182860751, 'generation': 493}","{'id': 38314, 'rank': 26, 'fitness': 0.9350176019969139, 'generation': 493}","{'id': 38229, 'rank': 27, 'fitness': 0.9005239256461223, 'generation': 493}","{'id': 38257, 'rank': 28, 'fitness': 0.8996585059867707, 'generation': 493}","{'id': 38337, 'rank': 29, 'fitness': 0.6935357190837754, 'generation': 493}","{'id': 38380, 'rank': 30, 'fitness': 0.01798620996209155, 'generation': 493}"
"{'id': 38286, 'rank': 1, 'fitness': 0.9820137900379085, 'generation': 494}","{'id': 38286, 'rank': 2, 'fitness': 0.9820137900379085, 'generation': 494}","{'id': 38286, 'rank': 3, 'fitness': 0.9820137900379085, 'generation': 494}","{'id': 38286, 'rank': 4, 'fitness': 0.9820137900379085, 'generation': 494}","{'id': 38435, 'rank': 5, 'fitness': 0.9669852621072714, 'generation': 494}","{'id': 38430, 'rank': 6, 'fitness': 0.9605450983056134, 'generation': 494}","{'id': 38384, 'rank': 7, 'fitness': 0.9584573247068411, 'generation': 494}","{'id': 38401, 'rank': 8, 'fitness': 0.9524703702965004, 'generation': 494}","{'id': 38403, 'rank': 9, 'fitness': 0.9427129704619243, 'generation': 494}","{'id': 38436, 'rank': 10, 'fitness': 0.9412849013686571, 'generation': 494}","{'id': 38436, 'rank': 11, 'fitness': 0.9412849013686571, 'generation': 494}","{'id': 38404, 'rank': 12, 'fitness': 0.9100155807367649, 'generation': 494}","{'id': 38238, 'rank': 13, 'fitness': 0.898837618029114, 'generation': 494}","{'id': 38238, 'rank': 14, 'fitness': 0.898837618029114, 'generation': 494}","{'id': 38217, 'rank': 15, 'fitness': 0.8480133383515102, 'generation': 494}","{'id': 38217, 'rank': 16, 'fitness': 0.8480133383515102, 'generation': 494}","{'id': 38405, 'rank': 17, 'fitness': 0.8478069013655126, 'generation': 494}","{'id': 38405, 'rank': 18, 'fitness': 0.8478069013655126, 'generation': 494}","{'id': 38472, 'rank': 19, 'fitness': 0.8453020624035378, 'generation': 494}","{'id': 38464, 'rank': 20, 'fitness': 0.8114888031916201, 'generation': 494}","{'id': 38433, 'rank': 21, 'fitness': 0.7594360706730974, 'generation': 494}","{'id': 38473, 'rank': 22, 'fitness': 0.7273457558489071, 'generation': 494}","{'id': 38474, 'rank': 23, 'fitness': 0.661565232178812, 'generation': 494}","{'id': 38418, 'rank': 24, 'fitness': 0.6611608066438353, 'generation': 494}","{'id': 38453, 'rank': 25, 'fitness': 0.45207968779450636, 'generation': 494}","{'id': 38420, 'rank': 26, 'fitness': 0.3486395638132277, 'generation': 494}","{'id': 38420, 'rank': 27, 'fitness': 0.3486395638132277, 'generation': 494}","{'id': 38412, 'rank': 28, 'fitness': 0.3207838829637175, 'generation': 494}","{'id': 38445, 'rank': 29, 'fitness': 0.2871962525882742, 'generation': 494}","{'id': 38479, 'rank': 30, 'fitness': 0.01798620996209155, 'generation': 494}"
"{'id': 38286, 'rank': 1, 'fitness': 0.9820137900379085, 'generation': 495}","{'id': 38286, 'rank': 2, 'fitness': 0.9820137900379085, 'generation': 495}","{'id': 38286, 'rank': 3, 'fitness': 0.9820137900379085, 'generation': 495}","{'id': 38286, 'rank': 4, 'fitness': 0.9820137900379085, 'generation': 495}","{'id': 38286, 'rank': 5, 'fitness': 0.9820137900379085, 'generation': 495}","{'id': 38498, 'rank': 6, 'fitness': 0.9820047682915178, 'generation': 495}","{'id': 38498, 'rank': 7, 'fitness': 0.9820047682915178, 'generation': 495}","{'id': 38490, 'rank': 8, 'fitness': 0.9819298309893728, 'generation': 495}","{'id': 38435, 'rank': 9, 'fitness': 0.9819223976575561, 'generation': 495}","{'id': 38540, 'rank': 10, 'fitness': 0.9819074838605706, 'generation': 495}","{'id': 38496, 'rank': 11, 'fitness': 0.9818947215279116, 'generation': 495}","{'id': 38496, 'rank': 12, 'fitness': 0.9818947215279116, 'generation': 495}","{'id': 38436, 'rank': 13, 'fitness': 0.981833519638668, 'generation': 495}","{'id': 38404, 'rank': 14, 'fitness': 0.9817652870040741, 'generation': 495}","{'id': 38404, 'rank': 15, 'fitness': 0.9817652870040741, 'generation': 495}","{'id': 38472, 'rank': 16, 'fitness': 0.9816737238692272, 'generation': 495}","{'id': 38483, 'rank': 17, 'fitness': 0.9816305324214945, 'generation': 495}","{'id': 38473, 'rank': 18, 'fitness': 0.9815665074700821, 'generation': 495}","{'id': 38418, 'rank': 19, 'fitness': 0.9815195529754129, 'generation': 495}","{'id': 38453, 'rank': 20, 'fitness': 0.9813897092333563, 'generation': 495}","{'id': 38494, 'rank': 21, 'fitness': 0.9813332969634738, 'generation': 495}","{'id': 38420, 'rank': 22, 'fitness': 0.9813240903950127, 'generation': 495}","{'id': 38511, 'rank': 23, 'fitness': 0.9812552842271601, 'generation': 495}","{'id': 38545, 'rank': 24, 'fitness': 0.980501774616451, 'generation': 495}","{'id': 38546, 'rank': 25, 'fitness': 0.9804479560790371, 'generation': 495}","{'id': 38520, 'rank': 26, 'fitness': 0.97796674290063, 'generation': 495}","{'id': 38518, 'rank': 27, 'fitness': 0.977848951989122, 'generation': 495}","{'id': 38518, 'rank': 28, 'fitness': 0.977848951989122, 'generation': 495}","{'id': 38547, 'rank': 29, 'fitness': 0.8257911203181449, 'generation': 495}","{'id': 38481, 'rank': 30, 'fitness': 0.01798620996209155, 'generation': 495}"
"{'id': 38286, 'rank': 1, 'fitness': 0.9820137900379085, 'generation': 496}","{'id': 38286, 'rank': 2, 'fitness': 0.9820137900379085, 'generation': 496}","{'id': 38286, 'rank': 3, 'fitness': 0.9820137900379085, 'generation': 496}","{'id': 38286, 'rank': 4, 'fitness': 0.9820137900379085, 'generation': 496}","{'id': 38562, 'rank': 5, 'fitness': 0.9675620600875603, 'generation': 496}","{'id': 38562, 'rank': 6, 'fitness': 0.9675620600875603, 'generation': 496}","{'id': 38558, 'rank': 7, 'fitness': 0.9641944111043321, 'generation': 496}","{'id': 38560, 'rank': 8, 'fitness': 0.9641320324932561, 'generation': 496}","{'id': 38490, 'rank': 9, 'fitness': 0.9627842750319853, 'generation': 496}","{'id': 38605, 'rank': 10, 'fitness': 0.9512996332206313, 'generation': 496}","{'id': 38572, 'rank': 11, 'fitness': 0.9314782406504829, 'generation': 496}","{'id': 38643, 'rank': 12, 'fitness': 0.9300092631458351, 'generation': 496}","{'id': 38613, 'rank': 13, 'fitness': 0.9146263820989815, 'generation': 496}","{'id': 38570, 'rank': 14, 'fitness': 0.905083292395248, 'generation': 496}","{'id': 38565, 'rank': 15, 'fitness': 0.9043127526588709, 'generation': 496}","{'id': 38574, 'rank': 16, 'fitness': 0.9017698492609261, 'generation': 496}","{'id': 38574, 'rank': 17, 'fitness': 0.9017698492609261, 'generation': 496}","{'id': 38630, 'rank': 18, 'fitness': 0.8982890868916913, 'generation': 496}","{'id': 38571, 'rank': 19, 'fitness': 0.8616059074458132, 'generation': 496}","{'id': 38404, 'rank': 20, 'fitness': 0.8580440276643583, 'generation': 496}","{'id': 38600, 'rank': 21, 'fitness': 0.838299994221767, 'generation': 496}","{'id': 38561, 'rank': 22, 'fitness': 0.830002451711713, 'generation': 496}","{'id': 38601, 'rank': 23, 'fitness': 0.7297256054253978, 'generation': 496}","{'id': 38473, 'rank': 24, 'fitness': 0.5149306755414021, 'generation': 496}","{'id': 38641, 'rank': 25, 'fitness': 0.26878028301311535, 'generation': 496}","{'id': 38584, 'rank': 26, 'fitness': 0.22362340102518624, 'generation': 496}","{'id': 38494, 'rank': 27, 'fitness': 0.12372365671267516, 'generation': 496}","{'id': 38588, 'rank': 28, 'fitness': 0.10399098131182799, 'generation': 496}","{'id': 38621, 'rank': 29, 'fitness': 0.05867191957409068, 'generation': 496}","{'id': 38599, 'rank': 30, 'fitness': 0.01798620996209155, 'generation': 496}"
"{'id': 38286, 'rank': 1, 'fitness': 0.9820137900379085, 'generation': 497}","{'id': 38286, 'rank': 2, 'fitness': 0.9820137900379085, 'generation': 497}","{'id': 38687, 'rank': 3, 'fitness': 0.9818453403454472, 'generation': 497}","{'id': 38656, 'rank': 4, 'fitness': 0.9804939339056729, 'generation': 497}","{'id': 38560, 'rank': 5, 'fitness': 0.9803735483326027, 'generation': 497}","{'id': 38657, 'rank': 6, 'fitness': 0.9800517700370299, 'generation': 497}","{'id': 38706, 'rank': 7, 'fitness': 0.979777109686778, 'generation': 497}","{'id': 38605, 'rank': 8, 'fitness': 0.9795875125250183, 'generation': 497}","{'id': 38655, 'rank': 9, 'fitness': 0.9794376796897196, 'generation': 497}","{'id': 38702, 'rank': 10, 'fitness': 0.9794253363794513, 'generation': 497}","{'id': 38702, 'rank': 11, 'fitness': 0.9794253363794513, 'generation': 497}","{'id': 38613, 'rank': 12, 'fitness': 0.978024149316275, 'generation': 497}","{'id': 38630, 'rank': 13, 'fitness': 0.9774970728207589, 'generation': 497}","{'id': 38571, 'rank': 14, 'fitness': 0.9765111530816797, 'generation': 497}","{'id': 38404, 'rank': 15, 'fitness': 0.9764259149933918, 'generation': 497}","{'id': 38653, 'rank': 16, 'fitness': 0.974187886044859, 'generation': 497}","{'id': 38665, 'rank': 17, 'fitness': 0.970789077419417, 'generation': 497}","{'id': 38715, 'rank': 18, 'fitness': 0.9700276516184989, 'generation': 497}","{'id': 38680, 'rank': 19, 'fitness': 0.9688270077382476, 'generation': 497}","{'id': 38672, 'rank': 20, 'fitness': 0.9672380463396248, 'generation': 497}","{'id': 38661, 'rank': 21, 'fitness': 0.9623642161716341, 'generation': 497}","{'id': 38588, 'rank': 22, 'fitness': 0.9618599048986181, 'generation': 497}","{'id': 38679, 'rank': 23, 'fitness': 0.9600505786307344, 'generation': 497}","{'id': 38652, 'rank': 24, 'fitness': 0.958528920730735, 'generation': 497}","{'id': 38685, 'rank': 25, 'fitness': 0.8739436223068627, 'generation': 497}","{'id': 38694, 'rank': 26, 'fitness': 0.6458812920417993, 'generation': 497}","{'id': 38709, 'rank': 27, 'fitness': 0.6442926613846781, 'generation': 497}","{'id': 38725, 'rank': 28, 'fitness': 0.6101786224061858, 'generation': 497}","{'id': 38719, 'rank': 29, 'fitness': 0.5175024644009351, 'generation': 497}","{'id': 38650, 'rank': 30, 'fitness': 0.01798620996209155, 'generation': 497}"
"{'id': 38744, 'rank': 1, 'fitness': 0.9820137900379085, 'generation': 498}","{'id': 38286, 'rank': 2, 'fitness': 0.9809148746097556, 'generation': 498}","{'id': 38755, 'rank': 3, 'fitness': 0.9801560310789473, 'generation': 498}","{'id': 38771, 'rank': 4, 'fitness': 0.9775451641737805, 'generation': 498}","{'id': 38656, 'rank': 5, 'fitness': 0.9769522075089689, 'generation': 498}","{'id': 38657, 'rank': 6, 'fitness': 0.9757210061040348, 'generation': 498}","{'id': 38799, 'rank': 7, 'fitness': 0.975557950254989, 'generation': 498}","{'id': 38706, 'rank': 8, 'fitness': 0.9749383341834651, 'generation': 498}","{'id': 38655, 'rank': 9, 'fitness': 0.9739521214992549, 'generation': 498}","{'id': 38655, 'rank': 10, 'fitness': 0.9739521214992549, 'generation': 498}","{'id': 38753, 'rank': 11, 'fitness': 0.9734085715023829, 'generation': 498}","{'id': 38739, 'rank': 12, 'fitness': 0.9733038288002511, 'generation': 498}","{'id': 38770, 'rank': 13, 'fitness': 0.9725343324136109, 'generation': 498}","{'id': 38807, 'rank': 14, 'fitness': 0.968889872553997, 'generation': 498}","{'id': 38759, 'rank': 15, 'fitness': 0.9686673123636578, 'generation': 498}","{'id': 38775, 'rank': 16, 'fitness': 0.968252392109515, 'generation': 498}","{'id': 38781, 'rank': 17, 'fitness': 0.9529145032601011, 'generation': 498}","{'id': 38665, 'rank': 18, 'fitness': 0.941714402656987, 'generation': 498}","{'id': 38665, 'rank': 19, 'fitness': 0.941714402656987, 'generation': 498}","{'id': 38665, 'rank': 20, 'fitness': 0.941714402656987, 'generation': 498}","{'id': 38810, 'rank': 21, 'fitness': 0.9323877580470167, 'generation': 498}","{'id': 38726, 'rank': 22, 'fitness': 0.9275590217028986, 'generation': 498}","{'id': 38672, 'rank': 23, 'fitness': 0.924587190192043, 'generation': 498}","{'id': 38788, 'rank': 24, 'fitness': 0.895597674329091, 'generation': 498}","{'id': 38750, 'rank': 25, 'fitness': 0.8777666709025729, 'generation': 498}","{'id': 38747, 'rank': 26, 'fitness': 0.8620750623162091, 'generation': 498}","{'id': 38787, 'rank': 27, 'fitness': 0.8115453484963248, 'generation': 498}","{'id': 38791, 'rank': 28, 'fitness': 0.7419768606399172, 'generation': 498}","{'id': 38730, 'rank': 29, 'fitness': 0.7118514394917368, 'generation': 498}","{'id': 38709, 'rank': 30, 'fitness': 0.01798620996209155, 'generation': 498}"
"{'id': 38755, 'rank': 1, 'fitness': 0.9820137900379085, 'generation': 499}","{'id': 38771, 'rank': 2, 'fitness': 0.9810760559244655, 'generation': 499}","{'id': 38907, 'rank': 3, 'fitness': 0.9809601692259117, 'generation': 499}","{'id': 38706, 'rank': 4, 'fitness': 0.9802002989298936, 'generation': 499}","{'id': 38854, 'rank': 5, 'fitness': 0.9800744270235874, 'generation': 499}","{'id': 38655, 'rank': 6, 'fitness': 0.9798826171155086, 'generation': 499}","{'id': 38739, 'rank': 7, 'fitness': 0.9796775032009253, 'generation': 499}","{'id': 38770, 'rank': 8, 'fitness': 0.9794376826309057, 'generation': 499}","{'id': 38770, 'rank': 9, 'fitness': 0.9794376826309057, 'generation': 499}","{'id': 38770, 'rank': 10, 'fitness': 0.9794376826309057, 'generation': 499}","{'id': 38759, 'rank': 11, 'fitness': 0.978286559575626, 'generation': 499}","{'id': 38821, 'rank': 12, 'fitness': 0.9777703555282882, 'generation': 499}","{'id': 38892, 'rank': 13, 'fitness': 0.9772880854579917, 'generation': 499}","{'id': 38816, 'rank': 14, 'fitness': 0.9769988546478733, 'generation': 499}","{'id': 38827, 'rank': 15, 'fitness': 0.9767377373397875, 'generation': 499}","{'id': 38878, 'rank': 16, 'fitness': 0.9752875584007692, 'generation': 499}","{'id': 38868, 'rank': 17, 'fitness': 0.9747600843986476, 'generation': 499}","{'id': 38851, 'rank': 18, 'fitness': 0.9744122814897822, 'generation': 499}","{'id': 38851, 'rank': 19, 'fitness': 0.9744122814897822, 'generation': 499}","{'id': 38909, 'rank': 20, 'fitness': 0.9715821667315754, 'generation': 499}","{'id': 38909, 'rank': 21, 'fitness': 0.9715821667315754, 'generation': 499}","{'id': 38837, 'rank': 22, 'fitness': 0.9711007541562915, 'generation': 499}","{'id': 38833, 'rank': 23, 'fitness': 0.9692970451754759, 'generation': 499}","{'id': 38726, 'rank': 24, 'fitness': 0.9691243280019124, 'generation': 499}","{'id': 38747, 'rank': 25, 'fitness': 0.9590015324968091, 'generation': 499}","{'id': 38871, 'rank': 26, 'fitness': 0.9531830988648229, 'generation': 499}","{'id': 38791, 'rank': 27, 'fitness': 0.944486319204052, 'generation': 499}","{'id': 38730, 'rank': 28, 'fitness': 0.9411292106616772, 'generation': 499}","{'id': 38900, 'rank': 29, 'fitness': 0.03979151215675436, 'generation': 499}","{'id': 38823, 'rank': 30, 'fitness': 0.01798620996209155, 'generation': 499}"
"{'id': 38755, 'rank': 1, 'fitness': 0.9820137900379085, 'generation': 500}","{'id': 38982, 'rank': 2, 'fitness': 0.9810133580212164, 'generation': 500}","{'id': 38982, 'rank': 3, 'fitness': 0.9810133580212164, 'generation': 500}","{'id': 38771, 'rank': 4, 'fitness': 0.9809664808382255, 'generation': 500}","{'id': 38981, 'rank': 5, 'fitness': 0.9804955213956916, 'generation': 500}","{'id': 38915, 'rank': 6, 'fitness': 0.9796993578029327, 'generation': 500}","{'id': 38655, 'rank': 7, 'fitness': 0.9796252485683035, 'generation': 500}","{'id': 38739, 'rank': 8, 'fitness': 0.9793938288913664, 'generation': 500}","{'id': 38770, 'rank': 9, 'fitness': 0.9791229236630696, 'generation': 500}","{'id': 38770, 'rank': 10, 'fitness': 0.9791229236630696, 'generation': 500}","{'id': 38770, 'rank': 11, 'fitness': 0.9791229236630696, 'generation': 500}","{'id': 38770, 'rank': 12, 'fitness': 0.9791229236630696, 'generation': 500}","{'id': 38892, 'rank': 13, 'fitness': 0.9766795409862902, 'generation': 500}","{'id': 38975, 'rank': 14, 'fitness': 0.9760486084744306, 'generation': 500}","{'id': 38978, 'rank': 15, 'fitness': 0.9753750673097727, 'generation': 500}","{'id': 38919, 'rank': 16, 'fitness': 0.975355093520273, 'generation': 500}","{'id': 38959, 'rank': 17, 'fitness': 0.9748389719730721, 'generation': 500}","{'id': 38868, 'rank': 18, 'fitness': 0.9737735483702475, 'generation': 500}","{'id': 38954, 'rank': 19, 'fitness': 0.9725075829615333, 'generation': 500}","{'id': 38954, 'rank': 20, 'fitness': 0.9725075829615333, 'generation': 500}","{'id': 38980, 'rank': 21, 'fitness': 0.9724349423980102, 'generation': 500}","{'id': 38980, 'rank': 22, 'fitness': 0.9724349423980102, 'generation': 500}","{'id': 38940, 'rank': 23, 'fitness': 0.9691100022241725, 'generation': 500}","{'id': 38833, 'rank': 24, 'fitness': 0.9673889231993917, 'generation': 500}","{'id': 38948, 'rank': 25, 'fitness': 0.9658321864842898, 'generation': 500}","{'id': 38935, 'rank': 26, 'fitness': 0.9616515882843799, 'generation': 500}","{'id': 38922, 'rank': 27, 'fitness': 0.9594775673731424, 'generation': 500}","{'id': 38747, 'rank': 28, 'fitness': 0.9550413652222098, 'generation': 500}","{'id': 39008, 'rank': 29, 'fitness': 0.3870591879299357, 'generation': 500}","{'id': 38900, 'rank': 30, 'fitness': 0.01798620996209155, 'generation': 500}"
"{'id': 39088, 'rank': 1, 'fitness': 0.9820137900379085, 'generation': 501}","{'id': 39088, 'rank': 2, 'fitness': 0.9820137900379085, 'generation': 501}","{'id': 39061, 'rank': 3, 'fitness': 0.9746529748991851, 'generation': 501}","{'id': 39061, 'rank': 4, 'fitness': 0.9746529748991851, 'generation': 501}","{'id': 38982, 'rank': 5, 'fitness': 0.9612246108966702, 'generation': 501}","{'id': 38982, 'rank': 6, 'fitness': 0.9612246108966702, 'generation': 501}","{'id': 39055, 'rank': 7, 'fitness': 0.944278196449378, 'generation': 501}","{'id': 38655, 'rank': 8, 'fitness': 0.9281082755334411, 'generation': 501}","{'id': 39024, 'rank': 9, 'fitness': 0.9143537088034797, 'generation': 501}","{'id': 38770, 'rank': 10, 'fitness': 0.9115387129324095, 'generation': 501}","{'id': 39089, 'rank': 11, 'fitness': 0.8832190665123961, 'generation': 501}","{'id': 39091, 'rank': 12, 'fitness': 0.7709786674523433, 'generation': 501}","{'id': 39091, 'rank': 13, 'fitness': 0.7709786674523433, 'generation': 501}","{'id': 39072, 'rank': 14, 'fitness': 0.748334651667389, 'generation': 501}","{'id': 39072, 'rank': 15, 'fitness': 0.748334651667389, 'generation': 501}","{'id': 38975, 'rank': 16, 'fitness': 0.7424662319866477, 'generation': 501}","{'id': 38978, 'rank': 17, 'fitness': 0.6902273698152758, 'generation': 501}","{'id': 38978, 'rank': 18, 'fitness': 0.6902273698152758, 'generation': 501}","{'id': 38919, 'rank': 19, 'fitness': 0.6886139651639924, 'generation': 501}","{'id': 39023, 'rank': 20, 'fitness': 0.6228533337345686, 'generation': 501}","{'id': 39070, 'rank': 21, 'fitness': 0.5012000326362258, 'generation': 501}","{'id': 39034, 'rank': 22, 'fitness': 0.48214453743722524, 'generation': 501}","{'id': 38954, 'rank': 23, 'fitness': 0.44424045199310297, 'generation': 501}","{'id': 39071, 'rank': 24, 'fitness': 0.4426797801381127, 'generation': 501}","{'id': 39028, 'rank': 25, 'fitness': 0.2328628692803319, 'generation': 501}","{'id': 39011, 'rank': 26, 'fitness': 0.12451171344112416, 'generation': 501}","{'id': 39030, 'rank': 27, 'fitness': 0.050353397269177425, 'generation': 501}","{'id': 38935, 'rank': 28, 'fitness': 0.034144090194800636, 'generation': 501}","{'id': 39054, 'rank': 29, 'fitness': 0.032370192814117016, 'generation': 501}","{'id': 39085, 'rank': 30, 'fitness': 0.01798620996209155, 'generation': 501}"
"{'id': 39154, 'rank': 1, 'fitness': 0.9820137900379085, 'generation': 502}","{'id': 39088, 'rank': 2, 'fitness': 0.9819497528123725, 'generation': 502}","{'id': 39088, 'rank': 3, 'fitness': 0.9819497528123725, 'generation': 502}","{'id': 39088, 'rank': 4, 'fitness': 0.9819497528123725, 'generation': 502}","{'id': 39088, 'rank': 5, 'fitness': 0.9819497528123725, 'generation': 502}","{'id': 39111, 'rank': 6, 'fitness': 0.9818548328244702, 'generation': 502}","{'id': 38770, 'rank': 7, 'fitness': 0.9817194579676438, 'generation': 502}","{'id': 39112, 'rank': 8, 'fitness': 0.9817122598559146, 'generation': 502}","{'id': 39113, 'rank': 9, 'fitness': 0.9817117110786696, 'generation': 502}","{'id': 39089, 'rank': 10, 'fitness': 0.9816764241113236, 'generation': 502}","{'id': 39089, 'rank': 11, 'fitness': 0.9816764241113236, 'generation': 502}","{'id': 39091, 'rank': 12, 'fitness': 0.9815633332694869, 'generation': 502}","{'id': 39091, 'rank': 13, 'fitness': 0.9815633332694869, 'generation': 502}","{'id': 38978, 'rank': 14, 'fitness': 0.9815054139165753, 'generation': 502}","{'id': 38978, 'rank': 15, 'fitness': 0.9815054139165753, 'generation': 502}","{'id': 39034, 'rank': 16, 'fitness': 0.9813823466770164, 'generation': 502}","{'id': 39034, 'rank': 17, 'fitness': 0.9813823466770164, 'generation': 502}","{'id': 39117, 'rank': 18, 'fitness': 0.9813278703987512, 'generation': 502}","{'id': 39117, 'rank': 19, 'fitness': 0.9813278703987512, 'generation': 502}","{'id': 39028, 'rank': 20, 'fitness': 0.981223106878905, 'generation': 502}","{'id': 39142, 'rank': 21, 'fitness': 0.9811708737316396, 'generation': 502}","{'id': 39030, 'rank': 22, 'fitness': 0.9809725395575152, 'generation': 502}","{'id': 39054, 'rank': 23, 'fitness': 0.9809058505658848, 'generation': 502}","{'id': 39125, 'rank': 24, 'fitness': 0.9803021036035773, 'generation': 502}","{'id': 39126, 'rank': 25, 'fitness': 0.9800844071983685, 'generation': 502}","{'id': 39126, 'rank': 26, 'fitness': 0.9800844071983685, 'generation': 502}","{'id': 39159, 'rank': 27, 'fitness': 0.9770992946940873, 'generation': 502}","{'id': 39146, 'rank': 28, 'fitness': 0.6930136559099469, 'generation': 502}","{'id': 39146, 'rank': 29, 'fitness': 0.6930136559099469, 'generation': 502}","{'id': 39099, 'rank': 30, 'fitness': 0.01798620996209155, 'generation': 502}"
"{'id': 39164, 'rank': 1, 'fitness': 0.9820137900379085, 'generation': 503}","{'id': 39088, 'rank': 2, 'fitness': 0.9566763933685813, 'generation': 503}","{'id': 39088, 'rank': 3, 'fitness': 0.9566763933685813, 'generation': 503}","{'id': 39088, 'rank': 4, 'fitness': 0.9566763933685813, 'generation': 503}","{'id': 39227, 'rank': 5, 'fitness': 0.9485855177110298, 'generation': 503}","{'id': 39214, 'rank': 6, 'fitness': 0.9107846089528759, 'generation': 503}","{'id': 39111, 'rank': 7, 'fitness': 0.8945056996972612, 'generation': 503}","{'id': 39246, 'rank': 8, 'fitness': 0.8749141399270475, 'generation': 503}","{'id': 39250, 'rank': 9, 'fitness': 0.8382238477059676, 'generation': 503}","{'id': 39192, 'rank': 10, 'fitness': 0.8031602459873963, 'generation': 503}","{'id': 39174, 'rank': 11, 'fitness': 0.7429249835382852, 'generation': 503}","{'id': 39089, 'rank': 12, 'fitness': 0.5870548534326882, 'generation': 503}","{'id': 39226, 'rank': 13, 'fitness': 0.42327843186118375, 'generation': 503}","{'id': 39213, 'rank': 14, 'fitness': 0.4127535762992736, 'generation': 503}","{'id': 39213, 'rank': 15, 'fitness': 0.4127535762992736, 'generation': 503}","{'id': 39216, 'rank': 16, 'fitness': 0.39273827871862044, 'generation': 503}","{'id': 39185, 'rank': 17, 'fitness': 0.3881612169853451, 'generation': 503}","{'id': 39215, 'rank': 18, 'fitness': 0.32227627180235024, 'generation': 503}","{'id': 39215, 'rank': 19, 'fitness': 0.32227627180235024, 'generation': 503}","{'id': 39215, 'rank': 20, 'fitness': 0.32227627180235024, 'generation': 503}","{'id': 39091, 'rank': 21, 'fitness': 0.3161801180507346, 'generation': 503}","{'id': 39186, 'rank': 22, 'fitness': 0.2388203612916463, 'generation': 503}","{'id': 38978, 'rank': 23, 'fitness': 0.20685205603846019, 'generation': 503}","{'id': 38978, 'rank': 24, 'fitness': 0.20685205603846019, 'generation': 503}","{'id': 39193, 'rank': 25, 'fitness': 0.12784962302911512, 'generation': 503}","{'id': 39228, 'rank': 26, 'fitness': 0.12038450880857215, 'generation': 503}","{'id': 39198, 'rank': 27, 'fitness': 0.07422217317031121, 'generation': 503}","{'id': 39205, 'rank': 28, 'fitness': 0.030098528485846376, 'generation': 503}","{'id': 39187, 'rank': 29, 'fitness': 0.019353432325394215, 'generation': 503}","{'id': 39220, 'rank': 30, 'fitness': 0.01798620996209155, 'generation': 503}"
"{'id': 39088, 'rank': 1, 'fitness': 0.9820137900379085, 'generation': 504}","{'id': 39088, 'rank': 2, 'fitness': 0.9820137900379085, 'generation': 504}","{'id': 39088, 'rank': 3, 'fitness': 0.9820137900379085, 'generation': 504}","{'id': 39088, 'rank': 4, 'fitness': 0.9820137900379085, 'generation': 504}","{'id': 39227, 'rank': 5, 'fitness': 0.9820036627250508, 'generation': 504}","{'id': 39111, 'rank': 6, 'fitness': 0.9819597880866426, 'generation': 504}","{'id': 39089, 'rank': 7, 'fitness': 0.9818586080000009, 'generation': 504}","{'id': 39226, 'rank': 8, 'fitness': 0.9818210085721921, 'generation': 504}","{'id': 39216, 'rank': 9, 'fitness': 0.9818138063903328, 'generation': 504}","{'id': 39216, 'rank': 10, 'fitness': 0.9818138063903328, 'generation': 504}","{'id': 39215, 'rank': 11, 'fitness': 0.9817962848284846, 'generation': 504}","{'id': 39091, 'rank': 12, 'fitness': 0.9817946856582002, 'generation': 504}","{'id': 39091, 'rank': 13, 'fitness': 0.9817946856582002, 'generation': 504}","{'id': 39193, 'rank': 14, 'fitness': 0.9817290812279822, 'generation': 504}","{'id': 39193, 'rank': 15, 'fitness': 0.9817290812279822, 'generation': 504}","{'id': 39193, 'rank': 16, 'fitness': 0.9817290812279822, 'generation': 504}","{'id': 39275, 'rank': 17, 'fitness': 0.9815463833239281, 'generation': 504}","{'id': 39283, 'rank': 18, 'fitness': 0.9814629128908867, 'generation': 504}","{'id': 39291, 'rank': 19, 'fitness': 0.9784545670314582, 'generation': 504}","{'id': 39279, 'rank': 20, 'fitness': 0.9770957966908446, 'generation': 504}","{'id': 39258, 'rank': 21, 'fitness': 0.9593646092276987, 'generation': 504}","{'id': 39258, 'rank': 22, 'fitness': 0.9593646092276987, 'generation': 504}","{'id': 39297, 'rank': 23, 'fitness': 0.7449097507295332, 'generation': 504}","{'id': 39287, 'rank': 24, 'fitness': 0.1961380279400139, 'generation': 504}","{'id': 39277, 'rank': 25, 'fitness': 0.1467313735594752, 'generation': 504}","{'id': 39266, 'rank': 26, 'fitness': 0.13528535566137745, 'generation': 504}","{'id': 39293, 'rank': 27, 'fitness': 0.06004264166195883, 'generation': 504}","{'id': 39298, 'rank': 28, 'fitness': 0.04986835347298979, 'generation': 504}","{'id': 39257, 'rank': 29, 'fitness': 0.046390291339119816, 'generation': 504}","{'id': 39262, 'rank': 30, 'fitness': 0.01798620996209155, 'generation': 504}"
"{'id': 39227, 'rank': 1, 'fitness': 0.9820137900379085, 'generation': 505}","{'id': 39333, 'rank': 2, 'fitness': 0.9790118588317448, 'generation': 505}","{'id': 39306, 'rank': 3, 'fitness': 0.976053317874811, 'generation': 505}","{'id': 39306, 'rank': 4, 'fitness': 0.976053317874811, 'generation': 505}","{'id': 39089, 'rank': 5, 'fitness': 0.9752340203444335, 'generation': 505}","{'id': 39089, 'rank': 6, 'fitness': 0.9752340203444335, 'generation': 505}","{'id': 39089, 'rank': 7, 'fitness': 0.9752340203444335, 'generation': 505}","{'id': 39345, 'rank': 8, 'fitness': 0.9746044934200586, 'generation': 505}","{'id': 39319, 'rank': 9, 'fitness': 0.9731480946564622, 'generation': 505}","{'id': 39226, 'rank': 10, 'fitness': 0.9731145731860626, 'generation': 505}","{'id': 39344, 'rank': 11, 'fitness': 0.972835182530152, 'generation': 505}","{'id': 39216, 'rank': 12, 'fitness': 0.9726894388219891, 'generation': 505}","{'id': 39215, 'rank': 13, 'fitness': 0.9716284282021186, 'generation': 505}","{'id': 39091, 'rank': 14, 'fitness': 0.9715296725508591, 'generation': 505}","{'id': 39334, 'rank': 15, 'fitness': 0.9712002952585346, 'generation': 505}","{'id': 39321, 'rank': 16, 'fitness': 0.9704125473889327, 'generation': 505}","{'id': 39321, 'rank': 17, 'fitness': 0.9704125473889327, 'generation': 505}","{'id': 39321, 'rank': 18, 'fitness': 0.9704125473889327, 'generation': 505}","{'id': 39304, 'rank': 19, 'fitness': 0.9691041935653626, 'generation': 505}","{'id': 39354, 'rank': 20, 'fitness': 0.9668094042603974, 'generation': 505}","{'id': 39338, 'rank': 21, 'fitness': 0.9646388762453022, 'generation': 505}","{'id': 39317, 'rank': 22, 'fitness': 0.9629697608440966, 'generation': 505}","{'id': 39357, 'rank': 23, 'fitness': 0.9574760708825818, 'generation': 505}","{'id': 39346, 'rank': 24, 'fitness': 0.9561847379406434, 'generation': 505}","{'id': 39346, 'rank': 25, 'fitness': 0.9561847379406434, 'generation': 505}","{'id': 39302, 'rank': 26, 'fitness': 0.9555598807933188, 'generation': 505}","{'id': 39302, 'rank': 27, 'fitness': 0.9555598807933188, 'generation': 505}","{'id': 39359, 'rank': 28, 'fitness': 0.9504454162621692, 'generation': 505}","{'id': 39283, 'rank': 29, 'fitness': 0.9423842953974011, 'generation': 505}","{'id': 39336, 'rank': 30, 'fitness': 0.01798620996209155, 'generation': 505}"
"{'id': 39333, 'rank': 1, 'fitness': 0.9820137900379085, 'generation': 506}","{'id': 39416, 'rank': 2, 'fitness': 0.9780891077833489, 'generation': 506}","{'id': 39416, 'rank': 3, 'fitness': 0.9780891077833489, 'generation': 506}","{'id': 39418, 'rank': 4, 'fitness': 0.9750269937545705, 'generation': 506}","{'id': 39215, 'rank': 5, 'fitness': 0.9627474705430868, 'generation': 506}","{'id': 39215, 'rank': 6, 'fitness': 0.9627474705430868, 'generation': 506}","{'id': 39321, 'rank': 7, 'fitness': 0.9588089404039519, 'generation': 506}","{'id': 39321, 'rank': 8, 'fitness': 0.9588089404039519, 'generation': 506}","{'id': 39321, 'rank': 9, 'fitness': 0.9588089404039519, 'generation': 506}","{'id': 39321, 'rank': 10, 'fitness': 0.9588089404039519, 'generation': 506}","{'id': 39382, 'rank': 11, 'fitness': 0.9547075158284861, 'generation': 506}","{'id': 39397, 'rank': 12, 'fitness': 0.9536271137404757, 'generation': 506}","{'id': 39338, 'rank': 13, 'fitness': 0.9371177838890272, 'generation': 506}","{'id': 39388, 'rank': 14, 'fitness': 0.9350389118201826, 'generation': 506}","{'id': 39317, 'rank': 15, 'fitness': 0.929936667572544, 'generation': 506}","{'id': 39427, 'rank': 16, 'fitness': 0.9291201836146934, 'generation': 506}","{'id': 39427, 'rank': 17, 'fitness': 0.9291201836146934, 'generation': 506}","{'id': 39394, 'rank': 18, 'fitness': 0.9131608634279422, 'generation': 506}","{'id': 39357, 'rank': 19, 'fitness': 0.9035266515288378, 'generation': 506}","{'id': 39403, 'rank': 20, 'fitness': 0.8648177323189269, 'generation': 506}","{'id': 39413, 'rank': 21, 'fitness': 0.8563020320658881, 'generation': 506}","{'id': 39377, 'rank': 22, 'fitness': 0.8373725472019768, 'generation': 506}","{'id': 39412, 'rank': 23, 'fitness': 0.8347013858481331, 'generation': 506}","{'id': 39399, 'rank': 24, 'fitness': 0.770479139647728, 'generation': 506}","{'id': 39406, 'rank': 25, 'fitness': 0.7006371699590644, 'generation': 506}","{'id': 39379, 'rank': 26, 'fitness': 0.6544715562932772, 'generation': 506}","{'id': 39410, 'rank': 27, 'fitness': 0.6178253507386446, 'generation': 506}","{'id': 39444, 'rank': 28, 'fitness': 0.47658683202198915, 'generation': 506}","{'id': 39420, 'rank': 29, 'fitness': 0.17097552858744236, 'generation': 506}","{'id': 39435, 'rank': 30, 'fitness': 0.01798620996209155, 'generation': 506}"
"{'id': 39452, 'rank': 1, 'fitness': 0.9820137900379085, 'generation': 507}","{'id': 39416, 'rank': 2, 'fitness': 0.9812174124875127, 'generation': 507}","{'id': 39418, 'rank': 3, 'fitness': 0.9807669887455928, 'generation': 507}","{'id': 39483, 'rank': 4, 'fitness': 0.97990329440778, 'generation': 507}","{'id': 39483, 'rank': 5, 'fitness': 0.97990329440778, 'generation': 507}","{'id': 39484, 'rank': 6, 'fitness': 0.9797075636022363, 'generation': 507}","{'id': 39484, 'rank': 7, 'fitness': 0.9797075636022363, 'generation': 507}","{'id': 39215, 'rank': 8, 'fitness': 0.9793119844888976, 'generation': 507}","{'id': 39321, 'rank': 9, 'fitness': 0.9789263140931592, 'generation': 507}","{'id': 39317, 'rank': 10, 'fitness': 0.9767317065546144, 'generation': 507}","{'id': 39451, 'rank': 11, 'fitness': 0.9761164721681688, 'generation': 507}","{'id': 39394, 'rank': 12, 'fitness': 0.975757912747995, 'generation': 507}","{'id': 39357, 'rank': 13, 'fitness': 0.9752589002744765, 'generation': 507}","{'id': 39403, 'rank': 14, 'fitness': 0.9735449979456796, 'generation': 507}","{'id': 39517, 'rank': 15, 'fitness': 0.9729358778122125, 'generation': 507}","{'id': 39399, 'rank': 16, 'fitness': 0.9703788237976404, 'generation': 507}","{'id': 39488, 'rank': 17, 'fitness': 0.9699989466927739, 'generation': 507}","{'id': 39515, 'rank': 18, 'fitness': 0.9699317154252982, 'generation': 507}","{'id': 39515, 'rank': 19, 'fitness': 0.9699317154252982, 'generation': 507}","{'id': 39450, 'rank': 20, 'fitness': 0.9699152056903759, 'generation': 507}","{'id': 39449, 'rank': 21, 'fitness': 0.9682238914189063, 'generation': 507}","{'id': 39527, 'rank': 22, 'fitness': 0.9606645080315086, 'generation': 507}","{'id': 39530, 'rank': 23, 'fitness': 0.9588234372302507, 'generation': 507}","{'id': 39528, 'rank': 24, 'fitness': 0.9541617067390088, 'generation': 507}","{'id': 39507, 'rank': 25, 'fitness': 0.9539913091913478, 'generation': 507}","{'id': 39435, 'rank': 26, 'fitness': 0.9275333964810832, 'generation': 507}","{'id': 39459, 'rank': 27, 'fitness': 0.9228784363529694, 'generation': 507}","{'id': 39521, 'rank': 28, 'fitness': 0.9153516422996169, 'generation': 507}","{'id': 39518, 'rank': 29, 'fitness': 0.8576832740625757, 'generation': 507}","{'id': 39503, 'rank': 30, 'fitness': 0.01798620996209155, 'generation': 507}"
"{'id': 39568, 'rank': 1, 'fitness': 0.9820137900379085, 'generation': 508}","{'id': 39546, 'rank': 2, 'fitness': 0.9785565319654503, 'generation': 508}","{'id': 39545, 'rank': 3, 'fitness': 0.9747177695475622, 'generation': 508}","{'id': 39545, 'rank': 4, 'fitness': 0.9747177695475622, 'generation': 508}","{'id': 39570, 'rank': 5, 'fitness': 0.9739805382632025, 'generation': 508}","{'id': 39584, 'rank': 6, 'fitness': 0.9679505257834546, 'generation': 508}","{'id': 39584, 'rank': 7, 'fitness': 0.9679505257834546, 'generation': 508}","{'id': 39571, 'rank': 8, 'fitness': 0.9573434519832664, 'generation': 508}","{'id': 39586, 'rank': 9, 'fitness': 0.954578918346245, 'generation': 508}","{'id': 39586, 'rank': 10, 'fitness': 0.954578918346245, 'generation': 508}","{'id': 39592, 'rank': 11, 'fitness': 0.9536356321665715, 'generation': 508}","{'id': 39538, 'rank': 12, 'fitness': 0.9532787476887312, 'generation': 508}","{'id': 39451, 'rank': 13, 'fitness': 0.939135796710902, 'generation': 508}","{'id': 39357, 'rank': 14, 'fitness': 0.9277837279086483, 'generation': 508}","{'id': 39542, 'rank': 15, 'fitness': 0.9007754371438745, 'generation': 508}","{'id': 39403, 'rank': 16, 'fitness': 0.9006862684638418, 'generation': 508}","{'id': 39559, 'rank': 17, 'fitness': 0.8879949879777933, 'generation': 508}","{'id': 39488, 'rank': 18, 'fitness': 0.8247821802685322, 'generation': 508}","{'id': 39515, 'rank': 19, 'fitness': 0.8230860396081057, 'generation': 508}","{'id': 39450, 'rank': 20, 'fitness': 0.8226681237254108, 'generation': 508}","{'id': 39449, 'rank': 21, 'fitness': 0.7770536561833441, 'generation': 508}","{'id': 39554, 'rank': 22, 'fitness': 0.7392593135401557, 'generation': 508}","{'id': 39556, 'rank': 23, 'fitness': 0.6516323593120311, 'generation': 508}","{'id': 39527, 'rank': 24, 'fitness': 0.5318620299584665, 'generation': 508}","{'id': 39581, 'rank': 25, 'fitness': 0.48301672627019937, 'generation': 508}","{'id': 39557, 'rank': 26, 'fitness': 0.4807350756586047, 'generation': 508}","{'id': 39530, 'rank': 27, 'fitness': 0.47156871456352545, 'generation': 508}","{'id': 39567, 'rank': 28, 'fitness': 0.42550993240444446, 'generation': 508}","{'id': 39528, 'rank': 29, 'fitness': 0.335832554685372, 'generation': 508}","{'id': 39521, 'rank': 30, 'fitness': 0.01798620996209155, 'generation': 508}"
"{'id': 39652, 'rank': 1, 'fitness': 0.9820137900379085, 'generation': 509}","{'id': 39616, 'rank': 2, 'fitness': 0.9803486861727212, 'generation': 509}","{'id': 39584, 'rank': 3, 'fitness': 0.9792737217791287, 'generation': 509}","{'id': 39584, 'rank': 4, 'fitness': 0.9792737217791287, 'generation': 509}","{'id': 39584, 'rank': 5, 'fitness': 0.9792737217791287, 'generation': 509}","{'id': 39586, 'rank': 6, 'fitness': 0.9766223601926225, 'generation': 509}","{'id': 39538, 'rank': 7, 'fitness': 0.9763919650203097, 'generation': 509}","{'id': 39641, 'rank': 8, 'fitness': 0.9745200260295355, 'generation': 509}","{'id': 39451, 'rank': 9, 'fitness': 0.9741041451344581, 'generation': 509}","{'id': 39451, 'rank': 10, 'fitness': 0.9741041451344581, 'generation': 509}","{'id': 39644, 'rank': 11, 'fitness': 0.9738392920737126, 'generation': 509}","{'id': 39651, 'rank': 12, 'fitness': 0.9734258602885135, 'generation': 509}","{'id': 39615, 'rank': 13, 'fitness': 0.9728448486619554, 'generation': 509}","{'id': 39542, 'rank': 14, 'fitness': 0.9691526973647202, 'generation': 509}","{'id': 39623, 'rank': 15, 'fitness': 0.9662598733795986, 'generation': 509}","{'id': 39450, 'rank': 16, 'fitness': 0.9615608899702885, 'generation': 509}","{'id': 39626, 'rank': 17, 'fitness': 0.9483182901429352, 'generation': 509}","{'id': 39527, 'rank': 18, 'fitness': 0.9394542099136209, 'generation': 509}","{'id': 39527, 'rank': 19, 'fitness': 0.9394542099136209, 'generation': 509}","{'id': 39557, 'rank': 20, 'fitness': 0.9353786229410457, 'generation': 509}","{'id': 39567, 'rank': 21, 'fitness': 0.9306472605328207, 'generation': 509}","{'id': 39662, 'rank': 22, 'fitness': 0.9292856798053691, 'generation': 509}","{'id': 39674, 'rank': 23, 'fitness': 0.9265901765663129, 'generation': 509}","{'id': 39674, 'rank': 24, 'fitness': 0.9265901765663129, 'generation': 509}","{'id': 39661, 'rank': 25, 'fitness': 0.9199011045147897, 'generation': 509}","{'id': 39663, 'rank': 26, 'fitness': 0.9137061482354405, 'generation': 509}","{'id': 39659, 'rank': 27, 'fitness': 0.8779910239615379, 'generation': 509}","{'id': 39660, 'rank': 28, 'fitness': 0.8401700411502938, 'generation': 509}","{'id': 39521, 'rank': 29, 'fitness': 0.7926139676547526, 'generation': 509}","{'id': 39636, 'rank': 30, 'fitness': 0.01798620996209155, 'generation': 509}"
"{'id': 39652, 'rank': 1, 'fitness': 0.9820137900379085, 'generation': 510}","{'id': 39584, 'rank': 2, 'fitness': 0.9792737217791287, 'generation': 510}","{'id': 39584, 'rank': 3, 'fitness': 0.9792737217791287, 'generation': 510}","{'id': 39584, 'rank': 4, 'fitness': 0.9792737217791287, 'generation': 510}","{'id': 39538, 'rank': 5, 'fitness': 0.9763919650203097, 'generation': 510}","{'id': 39756, 'rank': 6, 'fitness': 0.9742670557297224, 'generation': 510}","{'id': 39451, 'rank': 7, 'fitness': 0.9741041451344581, 'generation': 510}","{'id': 39704, 'rank': 8, 'fitness': 0.9726294716294344, 'generation': 510}","{'id': 39691, 'rank': 9, 'fitness': 0.971961878773988, 'generation': 510}","{'id': 39703, 'rank': 10, 'fitness': 0.9713455561838664, 'generation': 510}","{'id': 39687, 'rank': 11, 'fitness': 0.9704654749699015, 'generation': 510}","{'id': 39687, 'rank': 12, 'fitness': 0.9704654749699015, 'generation': 510}","{'id': 39690, 'rank': 13, 'fitness': 0.9626083448819927, 'generation': 510}","{'id': 39713, 'rank': 14, 'fitness': 0.961719696856833, 'generation': 510}","{'id': 39737, 'rank': 15, 'fitness': 0.9569603488117755, 'generation': 510}","{'id': 39735, 'rank': 16, 'fitness': 0.9559800111238594, 'generation': 510}","{'id': 39527, 'rank': 17, 'fitness': 0.9394542099136209, 'generation': 510}","{'id': 39527, 'rank': 18, 'fitness': 0.9394542099136209, 'generation': 510}","{'id': 39527, 'rank': 19, 'fitness': 0.9394542099136209, 'generation': 510}","{'id': 39736, 'rank': 20, 'fitness': 0.9393514848144066, 'generation': 510}","{'id': 39557, 'rank': 21, 'fitness': 0.9353786229410457, 'generation': 510}","{'id': 39674, 'rank': 22, 'fitness': 0.9265901765663129, 'generation': 510}","{'id': 39674, 'rank': 23, 'fitness': 0.9265901765663129, 'generation': 510}","{'id': 39698, 'rank': 24, 'fitness': 0.8726235977992867, 'generation': 510}","{'id': 39698, 'rank': 25, 'fitness': 0.8726235977992867, 'generation': 510}","{'id': 39521, 'rank': 26, 'fitness': 0.7926139676547526, 'generation': 510}","{'id': 39767, 'rank': 27, 'fitness': 0.741977988293765, 'generation': 510}","{'id': 39747, 'rank': 28, 'fitness': 0.6446515541280387, 'generation': 510}","{'id': 39718, 'rank': 29, 'fitness': 0.4439333041305431, 'generation': 510}","{'id': 39636, 'rank': 30, 'fitness': 0.01798620996209155, 'generation': 510}"
"{'id': 39652, 'rank': 1, 'fitness': 0.9820137900379085, 'generation': 511}","{'id': 39815, 'rank': 2, 'fitness': 0.9794021824830923, 'generation': 511}","{'id': 39841, 'rank': 3, 'fitness': 0.9787950616898267, 'generation': 511}","{'id': 39451, 'rank': 4, 'fitness': 0.9741041451344581, 'generation': 511}","{'id': 39827, 'rank': 5, 'fitness': 0.9734440374421605, 'generation': 511}","{'id': 39818, 'rank': 6, 'fitness': 0.9691164148673399, 'generation': 511}","{'id': 39818, 'rank': 7, 'fitness': 0.9691164148673399, 'generation': 511}","{'id': 39816, 'rank': 8, 'fitness': 0.9679825887114486, 'generation': 511}","{'id': 39817, 'rank': 9, 'fitness': 0.9646933613698214, 'generation': 511}","{'id': 39787, 'rank': 10, 'fitness': 0.9626767905587853, 'generation': 511}","{'id': 39787, 'rank': 11, 'fitness': 0.9626767905587853, 'generation': 511}","{'id': 39690, 'rank': 12, 'fitness': 0.9626083448819927, 'generation': 511}","{'id': 39690, 'rank': 13, 'fitness': 0.9626083448819927, 'generation': 511}","{'id': 39809, 'rank': 14, 'fitness': 0.9570341767855864, 'generation': 511}","{'id': 39737, 'rank': 15, 'fitness': 0.9569603488117755, 'generation': 511}","{'id': 39801, 'rank': 16, 'fitness': 0.9479972742024416, 'generation': 511}","{'id': 39799, 'rank': 17, 'fitness': 0.947421483242156, 'generation': 511}","{'id': 39802, 'rank': 18, 'fitness': 0.9451668580113575, 'generation': 511}","{'id': 39802, 'rank': 19, 'fitness': 0.9451668580113575, 'generation': 511}","{'id': 39786, 'rank': 20, 'fitness': 0.9433170939872586, 'generation': 511}","{'id': 39527, 'rank': 21, 'fitness': 0.9394542099136209, 'generation': 511}","{'id': 39527, 'rank': 22, 'fitness': 0.9394542099136209, 'generation': 511}","{'id': 39807, 'rank': 23, 'fitness': 0.9368298507446544, 'generation': 511}","{'id': 39674, 'rank': 24, 'fitness': 0.9265901765663129, 'generation': 511}","{'id': 39674, 'rank': 25, 'fitness': 0.9265901765663129, 'generation': 511}","{'id': 39812, 'rank': 26, 'fitness': 0.9162902258748642, 'generation': 511}","{'id': 39810, 'rank': 27, 'fitness': 0.899451788986655, 'generation': 511}","{'id': 39837, 'rank': 28, 'fitness': 0.8911938395863863, 'generation': 511}","{'id': 39777, 'rank': 29, 'fitness': 0.8587028384485274, 'generation': 511}","{'id': 39636, 'rank': 30, 'fitness': 0.01798620996209155, 'generation': 511}"
"{'id': 39862, 'rank': 1, 'fitness': 0.9820137900379085, 'generation': 512}","{'id': 39864, 'rank': 2, 'fitness': 0.9782736555128242, 'generation': 512}","{'id': 39841, 'rank': 3, 'fitness': 0.9751998259221268, 'generation': 512}","{'id': 39866, 'rank': 4, 'fitness': 0.9609956324203459, 'generation': 512}","{'id': 39451, 'rank': 5, 'fitness': 0.9600008536309776, 'generation': 512}","{'id': 39451, 'rank': 6, 'fitness': 0.9600008536309776, 'generation': 512}","{'id': 39888, 'rank': 7, 'fitness': 0.9583274616324129, 'generation': 512}","{'id': 39863, 'rank': 8, 'fitness': 0.9517752303990745, 'generation': 512}","{'id': 39904, 'rank': 9, 'fitness': 0.9386909399620419, 'generation': 512}","{'id': 39816, 'rank': 10, 'fitness': 0.934069659514266, 'generation': 512}","{'id': 39816, 'rank': 11, 'fitness': 0.934069659514266, 'generation': 512}","{'id': 39896, 'rank': 12, 'fitness': 0.9290120871434806, 'generation': 512}","{'id': 39787, 'rank': 13, 'fitness': 0.9061730071843391, 'generation': 512}","{'id': 39924, 'rank': 14, 'fitness': 0.906059935112613, 'generation': 512}","{'id': 39925, 'rank': 15, 'fitness': 0.8691162212436824, 'generation': 512}","{'id': 39922, 'rank': 16, 'fitness': 0.805345383182225, 'generation': 512}","{'id': 39799, 'rank': 17, 'fitness': 0.8025823079542931, 'generation': 512}","{'id': 39859, 'rank': 18, 'fitness': 0.7871541369552422, 'generation': 512}","{'id': 39908, 'rank': 19, 'fitness': 0.7465593950109115, 'generation': 512}","{'id': 39845, 'rank': 20, 'fitness': 0.7225006346713492, 'generation': 512}","{'id': 39846, 'rank': 21, 'fitness': 0.644152067062923, 'generation': 512}","{'id': 39846, 'rank': 22, 'fitness': 0.644152067062923, 'generation': 512}","{'id': 39674, 'rank': 23, 'fitness': 0.6326774565223904, 'generation': 512}","{'id': 39884, 'rank': 24, 'fitness': 0.6165028891949423, 'generation': 512}","{'id': 39914, 'rank': 25, 'fitness': 0.5493663930439942, 'generation': 512}","{'id': 39837, 'rank': 26, 'fitness': 0.37764207781723264, 'generation': 512}","{'id': 39916, 'rank': 27, 'fitness': 0.3130961457747364, 'generation': 512}","{'id': 39920, 'rank': 28, 'fitness': 0.23132328556658688, 'generation': 512}","{'id': 39898, 'rank': 29, 'fitness': 0.21674083459294163, 'generation': 512}","{'id': 39870, 'rank': 30, 'fitness': 0.01798620996209155, 'generation': 512}"
"{'id': 39862, 'rank': 1, 'fitness': 0.9820137900379085, 'generation': 513}","{'id': 39862, 'rank': 2, 'fitness': 0.9820137900379085, 'generation': 513}","{'id': 39864, 'rank': 3, 'fitness': 0.9807587825598586, 'generation': 513}","{'id': 39970, 'rank': 4, 'fitness': 0.9797052437803815, 'generation': 513}","{'id': 39969, 'rank': 5, 'fitness': 0.9793905825757657, 'generation': 513}","{'id': 39969, 'rank': 6, 'fitness': 0.9793905825757657, 'generation': 513}","{'id': 39939, 'rank': 7, 'fitness': 0.977666438048781, 'generation': 513}","{'id': 39971, 'rank': 8, 'fitness': 0.9769831313810589, 'generation': 513}","{'id': 39971, 'rank': 9, 'fitness': 0.9769831313810589, 'generation': 513}","{'id': 39968, 'rank': 10, 'fitness': 0.9769178693817933, 'generation': 513}","{'id': 39866, 'rank': 11, 'fitness': 0.9762528316549856, 'generation': 513}","{'id': 39451, 'rank': 12, 'fitness': 0.9760351025542702, 'generation': 513}","{'id': 39935, 'rank': 13, 'fitness': 0.9729662008795931, 'generation': 513}","{'id': 39816, 'rank': 14, 'fitness': 0.9712218978317114, 'generation': 513}","{'id': 39932, 'rank': 15, 'fitness': 0.967541058119897, 'generation': 513}","{'id': 39924, 'rank': 16, 'fitness': 0.9671318008865786, 'generation': 513}","{'id': 39987, 'rank': 17, 'fitness': 0.9660163465710023, 'generation': 513}","{'id': 39942, 'rank': 18, 'fitness': 0.9643751187309568, 'generation': 513}","{'id': 39933, 'rank': 19, 'fitness': 0.961073136557721, 'generation': 513}","{'id': 40009, 'rank': 20, 'fitness': 0.9546399023827512, 'generation': 513}","{'id': 39859, 'rank': 21, 'fitness': 0.954348942331473, 'generation': 513}","{'id': 39955, 'rank': 22, 'fitness': 0.9508832848483302, 'generation': 513}","{'id': 39957, 'rank': 23, 'fitness': 0.9426169452953079, 'generation': 513}","{'id': 39846, 'rank': 24, 'fitness': 0.941873234280976, 'generation': 513}","{'id': 39986, 'rank': 25, 'fitness': 0.9406651288746992, 'generation': 513}","{'id': 39884, 'rank': 26, 'fitness': 0.9395120696305965, 'generation': 513}","{'id': 39979, 'rank': 27, 'fitness': 0.9327919624235057, 'generation': 513}","{'id': 39963, 'rank': 28, 'fitness': 0.8604899660062608, 'generation': 513}","{'id': 40010, 'rank': 29, 'fitness': 0.7471356742897102, 'generation': 513}","{'id': 39962, 'rank': 30, 'fitness': 0.01798620996209155, 'generation': 513}"
"{'id': 40078, 'rank': 1, 'fitness': 0.9820137900379085, 'generation': 514}","{'id': 40073, 'rank': 2, 'fitness': 0.9806908465831456, 'generation': 514}","{'id': 40073, 'rank': 3, 'fitness': 0.9806908465831456, 'generation': 514}","{'id': 39864, 'rank': 4, 'fitness': 0.9802591629048453, 'generation': 514}","{'id': 40081, 'rank': 5, 'fitness': 0.9801211224658026, 'generation': 514}","{'id': 40021, 'rank': 6, 'fitness': 0.9759103933985738, 'generation': 514}","{'id': 39969, 'rank': 7, 'fitness': 0.9756696697037244, 'generation': 514}","{'id': 39969, 'rank': 8, 'fitness': 0.9756696697037244, 'generation': 514}","{'id': 40057, 'rank': 9, 'fitness': 0.9755146947655338, 'generation': 514}","{'id': 39939, 'rank': 10, 'fitness': 0.968962664108197, 'generation': 514}","{'id': 39939, 'rank': 11, 'fitness': 0.968962664108197, 'generation': 514}","{'id': 39866, 'rank': 12, 'fitness': 0.9626542799318847, 'generation': 514}","{'id': 39866, 'rank': 13, 'fitness': 0.9626542799318847, 'generation': 514}","{'id': 40098, 'rank': 14, 'fitness': 0.9607138957496327, 'generation': 514}","{'id': 40099, 'rank': 15, 'fitness': 0.9594603055264668, 'generation': 514}","{'id': 40076, 'rank': 16, 'fitness': 0.9573544917691559, 'generation': 514}","{'id': 39816, 'rank': 17, 'fitness': 0.933874279574554, 'generation': 514}","{'id': 39987, 'rank': 18, 'fitness': 0.8932518604854846, 'generation': 514}","{'id': 39933, 'rank': 19, 'fitness': 0.8448328066059381, 'generation': 514}","{'id': 40097, 'rank': 20, 'fitness': 0.8233815092364394, 'generation': 514}","{'id': 40097, 'rank': 21, 'fitness': 0.8233815092364394, 'generation': 514}","{'id': 39955, 'rank': 22, 'fitness': 0.7217407619105198, 'generation': 514}","{'id': 40035, 'rank': 23, 'fitness': 0.676942638261188, 'generation': 514}","{'id': 39957, 'rank': 24, 'fitness': 0.6111532879983322, 'generation': 514}","{'id': 39846, 'rank': 25, 'fitness': 0.6012050482727943, 'generation': 514}","{'id': 39979, 'rank': 26, 'fitness': 0.48457520307007873, 'generation': 514}","{'id': 40015, 'rank': 27, 'fitness': 0.4656763368946602, 'generation': 514}","{'id': 40013, 'rank': 28, 'fitness': 0.45748908966966056, 'generation': 514}","{'id': 40070, 'rank': 29, 'fitness': 0.059985162601594144, 'generation': 514}","{'id': 40091, 'rank': 30, 'fitness': 0.01798620996209155, 'generation': 514}"
"{'id': 40134, 'rank': 1, 'fitness': 0.9820137900379085, 'generation': 515}","{'id': 39864, 'rank': 2, 'fitness': 0.981866040044709, 'generation': 515}","{'id': 40081, 'rank': 3, 'fitness': 0.9818616452240435, 'generation': 515}","{'id': 40135, 'rank': 4, 'fitness': 0.98177822143546, 'generation': 515}","{'id': 40021, 'rank': 5, 'fitness': 0.9817398001908451, 'generation': 515}","{'id': 39969, 'rank': 6, 'fitness': 0.9817334574654561, 'generation': 515}","{'id': 40057, 'rank': 7, 'fitness': 0.9817294052634444, 'generation': 515}","{'id': 40057, 'rank': 8, 'fitness': 0.9817294052634444, 'generation': 515}","{'id': 40163, 'rank': 9, 'fitness': 0.9816932970224821, 'generation': 515}","{'id': 39939, 'rank': 10, 'fitness': 0.981576936863906, 'generation': 515}","{'id': 39939, 'rank': 11, 'fitness': 0.981576936863906, 'generation': 515}","{'id': 40159, 'rank': 12, 'fitness': 0.9815032709142116, 'generation': 515}","{'id': 40098, 'rank': 13, 'fitness': 0.9814229843661981, 'generation': 515}","{'id': 40099, 'rank': 14, 'fitness': 0.9814022656011225, 'generation': 515}","{'id': 40126, 'rank': 15, 'fitness': 0.9813322081605711, 'generation': 515}","{'id': 40161, 'rank': 16, 'fitness': 0.9812002170884989, 'generation': 515}","{'id': 40124, 'rank': 17, 'fitness': 0.9811215238818919, 'generation': 515}","{'id': 40132, 'rank': 18, 'fitness': 0.9810406081612496, 'generation': 515}","{'id': 40149, 'rank': 19, 'fitness': 0.9807581936711687, 'generation': 515}","{'id': 40138, 'rank': 20, 'fitness': 0.9803829206893324, 'generation': 515}","{'id': 40143, 'rank': 21, 'fitness': 0.9800087230932115, 'generation': 515}","{'id': 40145, 'rank': 22, 'fitness': 0.979908210793633, 'generation': 515}","{'id': 40145, 'rank': 23, 'fitness': 0.979908210793633, 'generation': 515}","{'id': 40035, 'rank': 24, 'fitness': 0.9798022550809429, 'generation': 515}","{'id': 40136, 'rank': 25, 'fitness': 0.9794818369918155, 'generation': 515}","{'id': 40136, 'rank': 26, 'fitness': 0.9794818369918155, 'generation': 515}","{'id': 40147, 'rank': 27, 'fitness': 0.9792308380941597, 'generation': 515}","{'id': 40106, 'rank': 28, 'fitness': 0.9778786524668798, 'generation': 515}","{'id': 40109, 'rank': 29, 'fitness': 0.8714069475425821, 'generation': 515}","{'id': 40151, 'rank': 30, 'fitness': 0.01798620996209155, 'generation': 515}"
"{'id': 40199, 'rank': 1, 'fitness': 0.9820137900379085, 'generation': 516}","{'id': 40081, 'rank': 2, 'fitness': 0.9735070030582718, 'generation': 516}","{'id': 40200, 'rank': 3, 'fitness': 0.9713365105427227, 'generation': 516}","{'id': 40200, 'rank': 4, 'fitness': 0.9713365105427227, 'generation': 516}","{'id': 40135, 'rank': 5, 'fitness': 0.9655053768181276, 'generation': 516}","{'id': 40247, 'rank': 6, 'fitness': 0.9639079297511948, 'generation': 516}","{'id': 40189, 'rank': 7, 'fitness': 0.9630111123129855, 'generation': 516}","{'id': 40218, 'rank': 8, 'fitness': 0.9409254874417166, 'generation': 516}","{'id': 40201, 'rank': 9, 'fitness': 0.933620033897105, 'generation': 516}","{'id': 40219, 'rank': 10, 'fitness': 0.9333470926142019, 'generation': 516}","{'id': 40219, 'rank': 11, 'fitness': 0.9333470926142019, 'generation': 516}","{'id': 40219, 'rank': 12, 'fitness': 0.9333470926142019, 'generation': 516}","{'id': 40249, 'rank': 13, 'fitness': 0.9197074053540806, 'generation': 516}","{'id': 40245, 'rank': 14, 'fitness': 0.9066844109173424, 'generation': 516}","{'id': 40245, 'rank': 15, 'fitness': 0.9066844109173424, 'generation': 516}","{'id': 40183, 'rank': 16, 'fitness': 0.9035927928992529, 'generation': 516}","{'id': 40183, 'rank': 17, 'fitness': 0.9035927928992529, 'generation': 516}","{'id': 40099, 'rank': 18, 'fitness': 0.8928553580709113, 'generation': 516}","{'id': 40248, 'rank': 19, 'fitness': 0.8765034741233694, 'generation': 516}","{'id': 40250, 'rank': 20, 'fitness': 0.8565948864889849, 'generation': 516}","{'id': 40251, 'rank': 21, 'fitness': 0.8492631652881709, 'generation': 516}","{'id': 40251, 'rank': 22, 'fitness': 0.8492631652881709, 'generation': 516}","{'id': 40182, 'rank': 23, 'fitness': 0.8137498233378908, 'generation': 516}","{'id': 40149, 'rank': 24, 'fitness': 0.5248188232715978, 'generation': 516}","{'id': 40233, 'rank': 25, 'fitness': 0.17640147035824932, 'generation': 516}","{'id': 40232, 'rank': 26, 'fitness': 0.1608127455791093, 'generation': 516}","{'id': 40145, 'rank': 27, 'fitness': 0.07810239346965331, 'generation': 516}","{'id': 40241, 'rank': 28, 'fitness': 0.027273777175983727, 'generation': 516}","{'id': 40241, 'rank': 29, 'fitness': 0.027273777175983727, 'generation': 516}","{'id': 40195, 'rank': 30, 'fitness': 0.01798620996209155, 'generation': 516}"
"{'id': 40199, 'rank': 1, 'fitness': 0.9820137900379085, 'generation': 517}","{'id': 40135, 'rank': 2, 'fitness': 0.980624629642397, 'generation': 517}","{'id': 40247, 'rank': 3, 'fitness': 0.9805232051754857, 'generation': 517}","{'id': 40311, 'rank': 4, 'fitness': 0.9804158054981436, 'generation': 517}","{'id': 40274, 'rank': 5, 'fitness': 0.9799900225704642, 'generation': 517}","{'id': 40274, 'rank': 6, 'fitness': 0.9799900225704642, 'generation': 517}","{'id': 40218, 'rank': 7, 'fitness': 0.9793710751152167, 'generation': 517}","{'id': 40267, 'rank': 8, 'fitness': 0.9793181374993134, 'generation': 517}","{'id': 40219, 'rank': 9, 'fitness': 0.979073767821733, 'generation': 517}","{'id': 40219, 'rank': 10, 'fitness': 0.979073767821733, 'generation': 517}","{'id': 40219, 'rank': 11, 'fitness': 0.979073767821733, 'generation': 517}","{'id': 40249, 'rank': 12, 'fitness': 0.9786015904831944, 'generation': 517}","{'id': 40183, 'rank': 13, 'fitness': 0.9781197740729192, 'generation': 517}","{'id': 40281, 'rank': 14, 'fitness': 0.9770223483920352, 'generation': 517}","{'id': 40251, 'rank': 15, 'fitness': 0.9768490961627643, 'generation': 517}","{'id': 40251, 'rank': 16, 'fitness': 0.9768490961627643, 'generation': 517}","{'id': 40251, 'rank': 17, 'fitness': 0.9768490961627643, 'generation': 517}","{'id': 40327, 'rank': 18, 'fitness': 0.9764392804220368, 'generation': 517}","{'id': 40313, 'rank': 19, 'fitness': 0.9735614862546272, 'generation': 517}","{'id': 40233, 'rank': 20, 'fitness': 0.9667951376216141, 'generation': 517}","{'id': 40195, 'rank': 21, 'fitness': 0.9565726291718664, 'generation': 517}","{'id': 40290, 'rank': 22, 'fitness': 0.9374525762962214, 'generation': 517}","{'id': 40294, 'rank': 23, 'fitness': 0.930478423422508, 'generation': 517}","{'id': 40294, 'rank': 24, 'fitness': 0.930478423422508, 'generation': 517}","{'id': 40330, 'rank': 25, 'fitness': 0.7314113562810762, 'generation': 517}","{'id': 40330, 'rank': 26, 'fitness': 0.7314113562810762, 'generation': 517}","{'id': 40329, 'rank': 27, 'fitness': 0.6968315261977044, 'generation': 517}","{'id': 40297, 'rank': 28, 'fitness': 0.1780889872968237, 'generation': 517}","{'id': 40299, 'rank': 29, 'fitness': 0.08167328891553843, 'generation': 517}","{'id': 40296, 'rank': 30, 'fitness': 0.01798620996209155, 'generation': 517}"
"{'id': 40388, 'rank': 1, 'fitness': 0.9820137900379085, 'generation': 518}","{'id': 40247, 'rank': 2, 'fitness': 0.9769889255236404, 'generation': 518}","{'id': 40247, 'rank': 3, 'fitness': 0.9769889255236404, 'generation': 518}","{'id': 40247, 'rank': 4, 'fitness': 0.9769889255236404, 'generation': 518}","{'id': 40274, 'rank': 5, 'fitness': 0.9753511939529157, 'generation': 518}","{'id': 40387, 'rank': 6, 'fitness': 0.9745445207634214, 'generation': 518}","{'id': 40386, 'rank': 7, 'fitness': 0.9734139637880245, 'generation': 518}","{'id': 40356, 'rank': 8, 'fitness': 0.9733164102454092, 'generation': 518}","{'id': 40219, 'rank': 9, 'fitness': 0.9723804603867714, 'generation': 518}","{'id': 40219, 'rank': 10, 'fitness': 0.9723804603867714, 'generation': 518}","{'id': 40219, 'rank': 11, 'fitness': 0.9723804603867714, 'generation': 518}","{'id': 40219, 'rank': 12, 'fitness': 0.9723804603867714, 'generation': 518}","{'id': 40395, 'rank': 13, 'fitness': 0.9702496638861675, 'generation': 518}","{'id': 40395, 'rank': 14, 'fitness': 0.9702496638861675, 'generation': 518}","{'id': 40340, 'rank': 15, 'fitness': 0.9684935938214342, 'generation': 518}","{'id': 40357, 'rank': 16, 'fitness': 0.9648099822466354, 'generation': 518}","{'id': 40251, 'rank': 17, 'fitness': 0.9643305414572143, 'generation': 518}","{'id': 40327, 'rank': 18, 'fitness': 0.9627165711809516, 'generation': 518}","{'id': 40335, 'rank': 19, 'fitness': 0.9627030924555279, 'generation': 518}","{'id': 40334, 'rank': 20, 'fitness': 0.9626800370841592, 'generation': 518}","{'id': 40363, 'rank': 21, 'fitness': 0.9589208479979587, 'generation': 518}","{'id': 40350, 'rank': 22, 'fitness': 0.9537880489501128, 'generation': 518}","{'id': 40352, 'rank': 23, 'fitness': 0.9440414725228291, 'generation': 518}","{'id': 40352, 'rank': 24, 'fitness': 0.9440414725228291, 'generation': 518}","{'id': 40364, 'rank': 25, 'fitness': 0.9353510235405362, 'generation': 518}","{'id': 40342, 'rank': 26, 'fitness': 0.9264747808477785, 'generation': 518}","{'id': 40342, 'rank': 27, 'fitness': 0.9264747808477785, 'generation': 518}","{'id': 40294, 'rank': 28, 'fitness': 0.5894860698908782, 'generation': 518}","{'id': 40330, 'rank': 29, 'fitness': 0.023926426392620992, 'generation': 518}","{'id': 40360, 'rank': 30, 'fitness': 0.01798620996209155, 'generation': 518}"
"{'id': 40247, 'rank': 1, 'fitness': 0.9820137900379085, 'generation': 519}","{'id': 40474, 'rank': 2, 'fitness': 0.9817514038677988, 'generation': 519}","{'id': 40386, 'rank': 3, 'fitness': 0.9791047617488864, 'generation': 519}","{'id': 40386, 'rank': 4, 'fitness': 0.9791047617488864, 'generation': 519}","{'id': 40356, 'rank': 5, 'fitness': 0.9790251319756468, 'generation': 519}","{'id': 40356, 'rank': 6, 'fitness': 0.9790251319756468, 'generation': 519}","{'id': 40219, 'rank': 7, 'fitness': 0.9782605052206548, 'generation': 519}","{'id': 40219, 'rank': 8, 'fitness': 0.9782605052206548, 'generation': 519}","{'id': 40472, 'rank': 9, 'fitness': 0.9773972269210742, 'generation': 519}","{'id': 40395, 'rank': 10, 'fitness': 0.9765155300494928, 'generation': 519}","{'id': 40395, 'rank': 11, 'fitness': 0.9765155300494928, 'generation': 519}","{'id': 40482, 'rank': 12, 'fitness': 0.9752237308909053, 'generation': 519}","{'id': 40440, 'rank': 13, 'fitness': 0.9718527727231793, 'generation': 519}","{'id': 40414, 'rank': 14, 'fitness': 0.9689005743467929, 'generation': 519}","{'id': 40406, 'rank': 15, 'fitness': 0.9676450810299159, 'generation': 519}","{'id': 40433, 'rank': 16, 'fitness': 0.9671121854683928, 'generation': 519}","{'id': 40403, 'rank': 17, 'fitness': 0.9660569466739577, 'generation': 519}","{'id': 40416, 'rank': 18, 'fitness': 0.9622833965188146, 'generation': 519}","{'id': 40443, 'rank': 19, 'fitness': 0.9618442389833557, 'generation': 519}","{'id': 40448, 'rank': 20, 'fitness': 0.9587382264921988, 'generation': 519}","{'id': 40447, 'rank': 21, 'fitness': 0.9559559509953275, 'generation': 519}","{'id': 40455, 'rank': 22, 'fitness': 0.9555922540131465, 'generation': 519}","{'id': 40352, 'rank': 23, 'fitness': 0.954657281423335, 'generation': 519}","{'id': 40442, 'rank': 24, 'fitness': 0.9534895325510311, 'generation': 519}","{'id': 40450, 'rank': 25, 'fitness': 0.9413629206837997, 'generation': 519}","{'id': 40342, 'rank': 26, 'fitness': 0.9396774482284518, 'generation': 519}","{'id': 40294, 'rank': 27, 'fitness': 0.623262137342453, 'generation': 519}","{'id': 40438, 'rank': 28, 'fitness': 0.6087961244549943, 'generation': 519}","{'id': 40437, 'rank': 29, 'fitness': 0.46450145914769314, 'generation': 519}","{'id': 40360, 'rank': 30, 'fitness': 0.01798620996209155, 'generation': 519}"
"{'id': 40545, 'rank': 1, 'fitness': 0.9820137900379085, 'generation': 520}","{'id': 40545, 'rank': 2, 'fitness': 0.9820137900379085, 'generation': 520}","{'id': 40532, 'rank': 3, 'fitness': 0.9819141399759771, 'generation': 520}","{'id': 40532, 'rank': 4, 'fitness': 0.9819141399759771, 'generation': 520}","{'id': 40532, 'rank': 5, 'fitness': 0.9819141399759771, 'generation': 520}","{'id': 40528, 'rank': 6, 'fitness': 0.981730800740487, 'generation': 520}","{'id': 40528, 'rank': 7, 'fitness': 0.981730800740487, 'generation': 520}","{'id': 40356, 'rank': 8, 'fitness': 0.9817239862025744, 'generation': 520}","{'id': 40500, 'rank': 9, 'fitness': 0.9816489196647682, 'generation': 520}","{'id': 40515, 'rank': 10, 'fitness': 0.9815956508711617, 'generation': 520}","{'id': 40518, 'rank': 11, 'fitness': 0.9814487542872135, 'generation': 520}","{'id': 40535, 'rank': 12, 'fitness': 0.9813669211073924, 'generation': 520}","{'id': 40535, 'rank': 13, 'fitness': 0.9813669211073924, 'generation': 520}","{'id': 40547, 'rank': 14, 'fitness': 0.9813274283088959, 'generation': 520}","{'id': 40414, 'rank': 15, 'fitness': 0.9812922973502854, 'generation': 520}","{'id': 40520, 'rank': 16, 'fitness': 0.9812817287438131, 'generation': 520}","{'id': 40406, 'rank': 17, 'fitness': 0.9812480978800746, 'generation': 520}","{'id': 40433, 'rank': 18, 'fitness': 0.9812298067762586, 'generation': 520}","{'id': 40543, 'rank': 19, 'fitness': 0.9811829153602284, 'generation': 520}","{'id': 40522, 'rank': 20, 'fitness': 0.9811205752695611, 'generation': 520}","{'id': 40522, 'rank': 21, 'fitness': 0.9811205752695611, 'generation': 520}","{'id': 40522, 'rank': 22, 'fitness': 0.9811205752695611, 'generation': 520}","{'id': 40522, 'rank': 23, 'fitness': 0.9811205752695611, 'generation': 520}","{'id': 40447, 'rank': 24, 'fitness': 0.9808978625116536, 'generation': 520}","{'id': 40539, 'rank': 25, 'fitness': 0.9795184877648817, 'generation': 520}","{'id': 40501, 'rank': 26, 'fitness': 0.9793671834413983, 'generation': 520}","{'id': 40493, 'rank': 27, 'fitness': 0.9789830547109946, 'generation': 520}","{'id': 40492, 'rank': 28, 'fitness': 0.9788740079798384, 'generation': 520}","{'id': 40502, 'rank': 29, 'fitness': 0.9782820919404596, 'generation': 520}","{'id': 40503, 'rank': 30, 'fitness': 0.01798620996209155, 'generation': 520}"
"{'id': 40607, 'rank': 1, 'fitness': 0.9820137900379085, 'generation': 521}","{'id': 40532, 'rank': 2, 'fitness': 0.9745934912655957, 'generation': 521}","{'id': 40356, 'rank': 3, 'fitness': 0.9115179261509011, 'generation': 521}","{'id': 40603, 'rank': 4, 'fitness': 0.9072286271289827, 'generation': 521}","{'id': 40583, 'rank': 5, 'fitness': 0.8169189484683491, 'generation': 521}","{'id': 40583, 'rank': 6, 'fitness': 0.8169189484683491, 'generation': 521}","{'id': 40515, 'rank': 7, 'fitness': 0.8103951522775398, 'generation': 521}","{'id': 40555, 'rank': 8, 'fitness': 0.7066976584013069, 'generation': 521}","{'id': 40597, 'rank': 9, 'fitness': 0.6467954650765739, 'generation': 521}","{'id': 40618, 'rank': 10, 'fitness': 0.6458077111046867, 'generation': 521}","{'id': 40606, 'rank': 11, 'fitness': 0.6226829548888915, 'generation': 521}","{'id': 40518, 'rank': 12, 'fitness': 0.611345202146571, 'generation': 521}","{'id': 40554, 'rank': 13, 'fitness': 0.6013094722109762, 'generation': 521}","{'id': 40593, 'rank': 14, 'fitness': 0.5641477772775633, 'generation': 521}","{'id': 40600, 'rank': 15, 'fitness': 0.5083773862790956, 'generation': 521}","{'id': 40601, 'rank': 16, 'fitness': 0.40395465049124457, 'generation': 521}","{'id': 40414, 'rank': 17, 'fitness': 0.353613820609157, 'generation': 521}","{'id': 40584, 'rank': 18, 'fitness': 0.35102785514945245, 'generation': 521}","{'id': 40406, 'rank': 19, 'fitness': 0.2890524316873282, 'generation': 521}","{'id': 40406, 'rank': 20, 'fitness': 0.2890524316873282, 'generation': 521}","{'id': 40433, 'rank': 21, 'fitness': 0.2645184566609222, 'generation': 521}","{'id': 40433, 'rank': 22, 'fitness': 0.2645184566609222, 'generation': 521}","{'id': 40570, 'rank': 23, 'fitness': 0.15022613557119496, 'generation': 521}","{'id': 40522, 'rank': 24, 'fitness': 0.1477355392834202, 'generation': 521}","{'id': 40621, 'rank': 25, 'fitness': 0.06678596257667441, 'generation': 521}","{'id': 40621, 'rank': 26, 'fitness': 0.06678596257667441, 'generation': 521}","{'id': 40562, 'rank': 27, 'fitness': 0.049910618670106044, 'generation': 521}","{'id': 40586, 'rank': 28, 'fitness': 0.031206758648014143, 'generation': 521}","{'id': 40645, 'rank': 29, 'fitness': 0.01953378374808229, 'generation': 521}","{'id': 40582, 'rank': 30, 'fitness': 0.01798620996209155, 'generation': 521}"
"{'id': 40532, 'rank': 1, 'fitness': 0.9820137900379085, 'generation': 522}","{'id': 40532, 'rank': 2, 'fitness': 0.9820137900379085, 'generation': 522}","{'id': 40356, 'rank': 3, 'fitness': 0.9819379350469692, 'generation': 522}","{'id': 40583, 'rank': 4, 'fitness': 0.9818894961819138, 'generation': 522}","{'id': 40583, 'rank': 5, 'fitness': 0.9818894961819138, 'generation': 522}","{'id': 40700, 'rank': 6, 'fitness': 0.9818682820074505, 'generation': 522}","{'id': 40518, 'rank': 7, 'fitness': 0.9818289563961367, 'generation': 522}","{'id': 40554, 'rank': 8, 'fitness': 0.9818265108791245, 'generation': 522}","{'id': 40554, 'rank': 9, 'fitness': 0.9818265108791245, 'generation': 522}","{'id': 40663, 'rank': 10, 'fitness': 0.9817725006361615, 'generation': 522}","{'id': 40663, 'rank': 11, 'fitness': 0.9817725006361615, 'generation': 522}","{'id': 40414, 'rank': 12, 'fitness': 0.9817674290154002, 'generation': 522}","{'id': 40584, 'rank': 13, 'fitness': 0.9817667677256829, 'generation': 522}","{'id': 40406, 'rank': 14, 'fitness': 0.9817501020379468, 'generation': 522}","{'id': 40406, 'rank': 15, 'fitness': 0.9817501020379468, 'generation': 522}","{'id': 40522, 'rank': 16, 'fitness': 0.9817002445968718, 'generation': 522}","{'id': 40522, 'rank': 17, 'fitness': 0.9817002445968718, 'generation': 522}","{'id': 40645, 'rank': 18, 'fitness': 0.9815731167782886, 'generation': 522}","{'id': 40648, 'rank': 19, 'fitness': 0.9778766309696887, 'generation': 522}","{'id': 40648, 'rank': 20, 'fitness': 0.9778766309696887, 'generation': 522}","{'id': 40648, 'rank': 21, 'fitness': 0.9778766309696887, 'generation': 522}","{'id': 40670, 'rank': 22, 'fitness': 0.9689157208020884, 'generation': 522}","{'id': 40690, 'rank': 23, 'fitness': 0.9670214705991913, 'generation': 522}","{'id': 40691, 'rank': 24, 'fitness': 0.9670178595107297, 'generation': 522}","{'id': 40689, 'rank': 25, 'fitness': 0.9604113776721038, 'generation': 522}","{'id': 40689, 'rank': 26, 'fitness': 0.9604113776721038, 'generation': 522}","{'id': 40668, 'rank': 27, 'fitness': 0.959978835401389, 'generation': 522}","{'id': 40683, 'rank': 28, 'fitness': 0.08530574552229514, 'generation': 522}","{'id': 40676, 'rank': 29, 'fitness': 0.04254286045063954, 'generation': 522}","{'id': 40651, 'rank': 30, 'fitness': 0.01798620996209155, 'generation': 522}"
"{'id': 40751, 'rank': 1, 'fitness': 0.9820137900379085, 'generation': 523}","{'id': 40758, 'rank': 2, 'fitness': 0.981996409301862, 'generation': 523}","{'id': 40758, 'rank': 3, 'fitness': 0.981996409301862, 'generation': 523}","{'id': 40758, 'rank': 4, 'fitness': 0.981996409301862, 'generation': 523}","{'id': 40583, 'rank': 5, 'fitness': 0.981944996376386, 'generation': 523}","{'id': 40583, 'rank': 6, 'fitness': 0.981944996376386, 'generation': 523}","{'id': 40583, 'rank': 7, 'fitness': 0.981944996376386, 'generation': 523}","{'id': 40707, 'rank': 8, 'fitness': 0.9818976198077372, 'generation': 523}","{'id': 40518, 'rank': 9, 'fitness': 0.9818691434120401, 'generation': 523}","{'id': 40753, 'rank': 10, 'fitness': 0.981846376972159, 'generation': 523}","{'id': 40754, 'rank': 11, 'fitness': 0.9817959002186706, 'generation': 523}","{'id': 40754, 'rank': 12, 'fitness': 0.9817959002186706, 'generation': 523}","{'id': 40703, 'rank': 13, 'fitness': 0.9817851644766926, 'generation': 523}","{'id': 40711, 'rank': 14, 'fitness': 0.9817165197987983, 'generation': 523}","{'id': 40711, 'rank': 15, 'fitness': 0.9817165197987983, 'generation': 523}","{'id': 40522, 'rank': 16, 'fitness': 0.981707663594523, 'generation': 523}","{'id': 40728, 'rank': 17, 'fitness': 0.9817039229919746, 'generation': 523}","{'id': 40757, 'rank': 18, 'fitness': 0.981676901732474, 'generation': 523}","{'id': 40722, 'rank': 19, 'fitness': 0.9816655765256547, 'generation': 523}","{'id': 40722, 'rank': 20, 'fitness': 0.9816655765256547, 'generation': 523}","{'id': 40722, 'rank': 21, 'fitness': 0.9816655765256547, 'generation': 523}","{'id': 40720, 'rank': 22, 'fitness': 0.9815973653320088, 'generation': 523}","{'id': 40779, 'rank': 23, 'fitness': 0.9813009998915138, 'generation': 523}","{'id': 40779, 'rank': 24, 'fitness': 0.9813009998915138, 'generation': 523}","{'id': 40732, 'rank': 25, 'fitness': 0.9770021175565371, 'generation': 523}","{'id': 40648, 'rank': 26, 'fitness': 0.9767868560187578, 'generation': 523}","{'id': 40739, 'rank': 27, 'fitness': 0.9766224646747972, 'generation': 523}","{'id': 40731, 'rank': 28, 'fitness': 0.9764775351074735, 'generation': 523}","{'id': 40748, 'rank': 29, 'fitness': 0.9574779995368015, 'generation': 523}","{'id': 40683, 'rank': 30, 'fitness': 0.01798620996209155, 'generation': 523}"
"{'id': 40758, 'rank': 1, 'fitness': 0.9820137900379085, 'generation': 524}","{'id': 40758, 'rank': 2, 'fitness': 0.9820137900379085, 'generation': 524}","{'id': 40817, 'rank': 3, 'fitness': 0.9819234480918024, 'generation': 524}","{'id': 40803, 'rank': 4, 'fitness': 0.9815825342326252, 'generation': 524}","{'id': 40803, 'rank': 5, 'fitness': 0.9815825342326252, 'generation': 524}","{'id': 40583, 'rank': 6, 'fitness': 0.9815440735076002, 'generation': 524}","{'id': 40865, 'rank': 7, 'fitness': 0.9812627737627742, 'generation': 524}","{'id': 40707, 'rank': 8, 'fitness': 0.9811017933096184, 'generation': 524}","{'id': 40826, 'rank': 9, 'fitness': 0.9809158368138244, 'generation': 524}","{'id': 40518, 'rank': 10, 'fitness': 0.9808315302095543, 'generation': 524}","{'id': 40518, 'rank': 11, 'fitness': 0.9808315302095543, 'generation': 524}","{'id': 40518, 'rank': 12, 'fitness': 0.9808315302095543, 'generation': 524}","{'id': 40871, 'rank': 13, 'fitness': 0.9797833113503772, 'generation': 524}","{'id': 40829, 'rank': 14, 'fitness': 0.9797029007633226, 'generation': 524}","{'id': 40795, 'rank': 15, 'fitness': 0.9795290980822025, 'generation': 524}","{'id': 40795, 'rank': 16, 'fitness': 0.9795290980822025, 'generation': 524}","{'id': 40856, 'rank': 17, 'fitness': 0.9790753706247417, 'generation': 524}","{'id': 40802, 'rank': 18, 'fitness': 0.9789710789078778, 'generation': 524}","{'id': 40722, 'rank': 19, 'fitness': 0.9787994897789738, 'generation': 524}","{'id': 40722, 'rank': 20, 'fitness': 0.9787994897789738, 'generation': 524}","{'id': 40825, 'rank': 21, 'fitness': 0.9787852946937925, 'generation': 524}","{'id': 40859, 'rank': 22, 'fitness': 0.9786109522038896, 'generation': 524}","{'id': 40869, 'rank': 23, 'fitness': 0.9783814795622512, 'generation': 524}","{'id': 40824, 'rank': 24, 'fitness': 0.9782661614632313, 'generation': 524}","{'id': 40720, 'rank': 25, 'fitness': 0.978077919338182, 'generation': 524}","{'id': 40851, 'rank': 26, 'fitness': 0.9779592675174962, 'generation': 524}","{'id': 40864, 'rank': 27, 'fitness': 0.977743045807993, 'generation': 524}","{'id': 40879, 'rank': 28, 'fitness': 0.9775676731983045, 'generation': 524}","{'id': 40792, 'rank': 29, 'fitness': 0.7966373994917026, 'generation': 524}","{'id': 40748, 'rank': 30, 'fitness': 0.01798620996209155, 'generation': 524}"
"{'id': 40959, 'rank': 1, 'fitness': 0.9820137900379085, 'generation': 525}","{'id': 40933, 'rank': 2, 'fitness': 0.9572515002034381, 'generation': 525}","{'id': 40881, 'rank': 3, 'fitness': 0.9452112873000363, 'generation': 525}","{'id': 40883, 'rank': 4, 'fitness': 0.9388065547233668, 'generation': 525}","{'id': 40803, 'rank': 5, 'fitness': 0.9369389034456874, 'generation': 525}","{'id': 40803, 'rank': 6, 'fitness': 0.9369389034456874, 'generation': 525}","{'id': 40931, 'rank': 7, 'fitness': 0.8907700323370223, 'generation': 525}","{'id': 40707, 'rank': 8, 'fitness': 0.8900166276407918, 'generation': 525}","{'id': 40932, 'rank': 9, 'fitness': 0.8655366394858225, 'generation': 525}","{'id': 40950, 'rank': 10, 'fitness': 0.8648083543277019, 'generation': 525}","{'id': 40950, 'rank': 11, 'fitness': 0.8648083543277019, 'generation': 525}","{'id': 40919, 'rank': 12, 'fitness': 0.858854084059155, 'generation': 525}","{'id': 40518, 'rank': 13, 'fitness': 0.8527019379919366, 'generation': 525}","{'id': 40518, 'rank': 14, 'fitness': 0.8527019379919366, 'generation': 525}","{'id': 40882, 'rank': 15, 'fitness': 0.7559127992269981, 'generation': 525}","{'id': 40882, 'rank': 16, 'fitness': 0.7559127992269981, 'generation': 525}","{'id': 40938, 'rank': 17, 'fitness': 0.7023866632060674, 'generation': 525}","{'id': 40954, 'rank': 18, 'fitness': 0.6394112545858646, 'generation': 525}","{'id': 40856, 'rank': 19, 'fitness': 0.4221409085755668, 'generation': 525}","{'id': 40926, 'rank': 20, 'fitness': 0.3608696132811178, 'generation': 525}","{'id': 40925, 'rank': 21, 'fitness': 0.3279639395127969, 'generation': 525}","{'id': 40859, 'rank': 22, 'fitness': 0.3030225499648136, 'generation': 525}","{'id': 40890, 'rank': 23, 'fitness': 0.2717781513324442, 'generation': 525}","{'id': 40869, 'rank': 24, 'fitness': 0.2525024375247483, 'generation': 525}","{'id': 40923, 'rank': 25, 'fitness': 0.19871030458646805, 'generation': 525}","{'id': 40851, 'rank': 26, 'fitness': 0.17611811733849414, 'generation': 525}","{'id': 40903, 'rank': 27, 'fitness': 0.14243610694798725, 'generation': 525}","{'id': 40935, 'rank': 28, 'fitness': 0.11554914784706938, 'generation': 525}","{'id': 40929, 'rank': 29, 'fitness': 0.02847519487296668, 'generation': 525}","{'id': 40899, 'rank': 30, 'fitness': 0.01798620996209155, 'generation': 525}"
"{'id': 40959, 'rank': 1, 'fitness': 0.9820137900379085, 'generation': 526}","{'id': 40883, 'rank': 2, 'fitness': 0.9819346238392279, 'generation': 526}","{'id': 40803, 'rank': 3, 'fitness': 0.9819326203336625, 'generation': 526}","{'id': 40803, 'rank': 4, 'fitness': 0.9819326203336625, 'generation': 526}","{'id': 40803, 'rank': 5, 'fitness': 0.9819326203336625, 'generation': 526}","{'id': 40707, 'rank': 6, 'fitness': 0.9818946029711557, 'generation': 526}","{'id': 41014, 'rank': 7, 'fitness': 0.9818908389225233, 'generation': 526}","{'id': 40950, 'rank': 8, 'fitness': 0.9818798720707742, 'generation': 526}","{'id': 40919, 'rank': 9, 'fitness': 0.9818767369945551, 'generation': 526}","{'id': 40919, 'rank': 10, 'fitness': 0.9818767369945551, 'generation': 526}","{'id': 40919, 'rank': 11, 'fitness': 0.9818767369945551, 'generation': 526}","{'id': 40518, 'rank': 12, 'fitness': 0.9818736112186683, 'generation': 526}","{'id': 40882, 'rank': 13, 'fitness': 0.9818343441731676, 'generation': 526}","{'id': 40882, 'rank': 14, 'fitness': 0.9818343441731676, 'generation': 526}","{'id': 40938, 'rank': 15, 'fitness': 0.9818172623285077, 'generation': 526}","{'id': 40954, 'rank': 16, 'fitness': 0.9817992727781375, 'generation': 526}","{'id': 41013, 'rank': 17, 'fitness': 0.9817848489104395, 'generation': 526}","{'id': 40856, 'rank': 18, 'fitness': 0.9817433577727973, 'generation': 526}","{'id': 40925, 'rank': 19, 'fitness': 0.9817178655330808, 'generation': 526}","{'id': 41012, 'rank': 20, 'fitness': 0.981699171985955, 'generation': 526}","{'id': 40923, 'rank': 21, 'fitness': 0.9816750090351076, 'generation': 526}","{'id': 40929, 'rank': 22, 'fitness': 0.9815391731774965, 'generation': 526}","{'id': 40992, 'rank': 23, 'fitness': 0.9813961577631496, 'generation': 526}","{'id': 40996, 'rank': 24, 'fitness': 0.9813129974799017, 'generation': 526}","{'id': 40991, 'rank': 25, 'fitness': 0.980886213339344, 'generation': 526}","{'id': 40967, 'rank': 26, 'fitness': 0.980801861156141, 'generation': 526}","{'id': 40982, 'rank': 27, 'fitness': 0.9753616763254795, 'generation': 526}","{'id': 40982, 'rank': 28, 'fitness': 0.9753616763254795, 'generation': 526}","{'id': 40973, 'rank': 29, 'fitness': 0.8366613692006621, 'generation': 526}","{'id': 41018, 'rank': 30, 'fitness': 0.01798620996209155, 'generation': 526}"
"{'id': 41080, 'rank': 1, 'fitness': 0.9820137900379085, 'generation': 527}","{'id': 41079, 'rank': 2, 'fitness': 0.9777306118832663, 'generation': 527}","{'id': 41079, 'rank': 3, 'fitness': 0.9777306118832663, 'generation': 527}","{'id': 41086, 'rank': 4, 'fitness': 0.9762178719838308, 'generation': 527}","{'id': 41065, 'rank': 5, 'fitness': 0.9750959668220627, 'generation': 527}","{'id': 41069, 'rank': 6, 'fitness': 0.9710151245285003, 'generation': 527}","{'id': 41069, 'rank': 7, 'fitness': 0.9710151245285003, 'generation': 527}","{'id': 41072, 'rank': 8, 'fitness': 0.9702274809207614, 'generation': 527}","{'id': 41072, 'rank': 9, 'fitness': 0.9702274809207614, 'generation': 527}","{'id': 40919, 'rank': 10, 'fitness': 0.969444305039955, 'generation': 527}","{'id': 40919, 'rank': 11, 'fitness': 0.969444305039955, 'generation': 527}","{'id': 40919, 'rank': 12, 'fitness': 0.969444305039955, 'generation': 527}","{'id': 41039, 'rank': 13, 'fitness': 0.9590479442284208, 'generation': 527}","{'id': 41100, 'rank': 14, 'fitness': 0.9581822817292227, 'generation': 527}","{'id': 41085, 'rank': 15, 'fitness': 0.9513720167600389, 'generation': 527}","{'id': 41108, 'rank': 16, 'fitness': 0.9493967962438582, 'generation': 527}","{'id': 41099, 'rank': 17, 'fitness': 0.9462422845668467, 'generation': 527}","{'id': 41061, 'rank': 18, 'fitness': 0.926925202335485, 'generation': 527}","{'id': 41067, 'rank': 19, 'fitness': 0.9199216788815652, 'generation': 527}","{'id': 41030, 'rank': 20, 'fitness': 0.9106596671682522, 'generation': 527}","{'id': 41101, 'rank': 21, 'fitness': 0.9092741235930855, 'generation': 527}","{'id': 41090, 'rank': 22, 'fitness': 0.9083064747583345, 'generation': 527}","{'id': 41012, 'rank': 23, 'fitness': 0.8893102143215987, 'generation': 527}","{'id': 41109, 'rank': 24, 'fitness': 0.8680545457042013, 'generation': 527}","{'id': 41093, 'rank': 25, 'fitness': 0.8558326227426638, 'generation': 527}","{'id': 41038, 'rank': 26, 'fitness': 0.8418165581369854, 'generation': 527}","{'id': 41052, 'rank': 27, 'fitness': 0.7484297392401398, 'generation': 527}","{'id': 41058, 'rank': 28, 'fitness': 0.5491002758528811, 'generation': 527}","{'id': 41056, 'rank': 29, 'fitness': 0.09049527141224445, 'generation': 527}","{'id': 41095, 'rank': 30, 'fitness': 0.01798620996209155, 'generation': 527}"
"{'id': 41079, 'rank': 1, 'fitness': 0.9820137900379085, 'generation': 528}","{'id': 41079, 'rank': 2, 'fitness': 0.9820137900379085, 'generation': 528}","{'id': 41069, 'rank': 3, 'fitness': 0.9805594720998327, 'generation': 528}","{'id': 41069, 'rank': 4, 'fitness': 0.9805594720998327, 'generation': 528}","{'id': 41072, 'rank': 5, 'fitness': 0.9804045981223075, 'generation': 528}","{'id': 41072, 'rank': 6, 'fitness': 0.9804045981223075, 'generation': 528}","{'id': 41160, 'rank': 7, 'fitness': 0.9787569344949475, 'generation': 528}","{'id': 41160, 'rank': 8, 'fitness': 0.9787569344949475, 'generation': 528}","{'id': 41160, 'rank': 9, 'fitness': 0.9787569344949475, 'generation': 528}","{'id': 41161, 'rank': 10, 'fitness': 0.9787433401171767, 'generation': 528}","{'id': 41085, 'rank': 11, 'fitness': 0.9773167062745611, 'generation': 528}","{'id': 41166, 'rank': 12, 'fitness': 0.9747278109005727, 'generation': 528}","{'id': 41061, 'rank': 13, 'fitness': 0.9743250745211272, 'generation': 528}","{'id': 41030, 'rank': 14, 'fitness': 0.9726727653803362, 'generation': 528}","{'id': 41101, 'rank': 15, 'fitness': 0.9725407532261343, 'generation': 528}","{'id': 41125, 'rank': 16, 'fitness': 0.9696758386551512, 'generation': 528}","{'id': 41124, 'rank': 17, 'fitness': 0.9691895564841073, 'generation': 528}","{'id': 41134, 'rank': 18, 'fitness': 0.9681593638345035, 'generation': 528}","{'id': 41146, 'rank': 19, 'fitness': 0.9667948930672553, 'generation': 528}","{'id': 41156, 'rank': 20, 'fitness': 0.9664802585365451, 'generation': 528}","{'id': 41136, 'rank': 21, 'fitness': 0.9642489274559202, 'generation': 528}","{'id': 41136, 'rank': 22, 'fitness': 0.9642489274559202, 'generation': 528}","{'id': 41137, 'rank': 23, 'fitness': 0.962467524800181, 'generation': 528}","{'id': 41052, 'rank': 24, 'fitness': 0.9612600577827274, 'generation': 528}","{'id': 41157, 'rank': 25, 'fitness': 0.9545226711480377, 'generation': 528}","{'id': 41157, 'rank': 26, 'fitness': 0.9545226711480377, 'generation': 528}","{'id': 41115, 'rank': 27, 'fitness': 0.9530729131327136, 'generation': 528}","{'id': 41058, 'rank': 28, 'fitness': 0.9502484103725386, 'generation': 528}","{'id': 41163, 'rank': 29, 'fitness': 0.8917313574675957, 'generation': 528}","{'id': 41130, 'rank': 30, 'fitness': 0.01798620996209155, 'generation': 528}"
"{'id': 41079, 'rank': 1, 'fitness': 0.9820137900379085, 'generation': 529}","{'id': 41079, 'rank': 2, 'fitness': 0.9820137900379085, 'generation': 529}","{'id': 41079, 'rank': 3, 'fitness': 0.9820137900379085, 'generation': 529}","{'id': 41069, 'rank': 4, 'fitness': 0.975802756893074, 'generation': 529}","{'id': 41072, 'rank': 5, 'fitness': 0.9750612306035751, 'generation': 529}","{'id': 41202, 'rank': 6, 'fitness': 0.9696204552161805, 'generation': 529}","{'id': 41160, 'rank': 7, 'fitness': 0.9661354563368628, 'generation': 529}","{'id': 41160, 'rank': 8, 'fitness': 0.9661354563368628, 'generation': 529}","{'id': 41160, 'rank': 9, 'fitness': 0.9661354563368628, 'generation': 529}","{'id': 41161, 'rank': 10, 'fitness': 0.9660535898882853, 'generation': 529}","{'id': 41161, 'rank': 11, 'fitness': 0.9660535898882853, 'generation': 529}","{'id': 41192, 'rank': 12, 'fitness': 0.9642325459945671, 'generation': 529}","{'id': 41201, 'rank': 13, 'fitness': 0.9508656179804236, 'generation': 529}","{'id': 41191, 'rank': 14, 'fitness': 0.9369974660176289, 'generation': 529}","{'id': 41166, 'rank': 15, 'fitness': 0.9352985848161, 'generation': 529}","{'id': 41190, 'rank': 16, 'fitness': 0.9316092824139965, 'generation': 529}","{'id': 41204, 'rank': 17, 'fitness': 0.9295296615274309, 'generation': 529}","{'id': 41188, 'rank': 18, 'fitness': 0.8666922033279343, 'generation': 529}","{'id': 41211, 'rank': 19, 'fitness': 0.8640266183029041, 'generation': 529}","{'id': 41211, 'rank': 20, 'fitness': 0.8640266183029041, 'generation': 529}","{'id': 41134, 'rank': 21, 'fitness': 0.85343525875012, 'generation': 529}","{'id': 41184, 'rank': 22, 'fitness': 0.7767333962535645, 'generation': 529}","{'id': 41184, 'rank': 23, 'fitness': 0.7767333962535645, 'generation': 529}","{'id': 41052, 'rank': 24, 'fitness': 0.7280041178563047, 'generation': 529}","{'id': 41235, 'rank': 25, 'fitness': 0.7206213606498831, 'generation': 529}","{'id': 41221, 'rank': 26, 'fitness': 0.566037985673, 'generation': 529}","{'id': 41193, 'rank': 27, 'fitness': 0.12388704077740992, 'generation': 529}","{'id': 41173, 'rank': 28, 'fitness': 0.10986015092120843, 'generation': 529}","{'id': 41241, 'rank': 29, 'fitness': 0.02602136137671951, 'generation': 529}","{'id': 41197, 'rank': 30, 'fitness': 0.01798620996209155, 'generation': 529}"
"{'id': 41249, 'rank': 1, 'fitness': 0.9820137900379085, 'generation': 530}","{'id': 41250, 'rank': 2, 'fitness': 0.9819161960725311, 'generation': 530}","{'id': 41250, 'rank': 3, 'fitness': 0.9819161960725311, 'generation': 530}","{'id': 41079, 'rank': 4, 'fitness': 0.9818397954576792, 'generation': 530}","{'id': 41079, 'rank': 5, 'fitness': 0.9818397954576792, 'generation': 530}","{'id': 41069, 'rank': 6, 'fitness': 0.9816028242316049, 'generation': 530}","{'id': 41072, 'rank': 7, 'fitness': 0.9815784507387133, 'generation': 530}","{'id': 41072, 'rank': 8, 'fitness': 0.9815784507387133, 'generation': 530}","{'id': 41072, 'rank': 9, 'fitness': 0.9815784507387133, 'generation': 530}","{'id': 41251, 'rank': 10, 'fitness': 0.9815749035407546, 'generation': 530}","{'id': 41300, 'rank': 11, 'fitness': 0.9814675904712988, 'generation': 530}","{'id': 41303, 'rank': 12, 'fitness': 0.9814631929271148, 'generation': 530}","{'id': 41202, 'rank': 13, 'fitness': 0.9814178195077299, 'generation': 530}","{'id': 41160, 'rank': 14, 'fitness': 0.9813284226966112, 'generation': 530}","{'id': 41160, 'rank': 15, 'fitness': 0.9813284226966112, 'generation': 530}","{'id': 41260, 'rank': 16, 'fitness': 0.980983470544287, 'generation': 530}","{'id': 41246, 'rank': 17, 'fitness': 0.9808835051958147, 'generation': 530}","{'id': 41259, 'rank': 18, 'fitness': 0.9807642459918604, 'generation': 530}","{'id': 41266, 'rank': 19, 'fitness': 0.9807385386832809, 'generation': 530}","{'id': 41204, 'rank': 20, 'fitness': 0.980702235568901, 'generation': 530}","{'id': 41304, 'rank': 21, 'fitness': 0.9799922174261045, 'generation': 530}","{'id': 41264, 'rank': 22, 'fitness': 0.9786374915154947, 'generation': 530}","{'id': 41264, 'rank': 23, 'fitness': 0.9786374915154947, 'generation': 530}","{'id': 41279, 'rank': 24, 'fitness': 0.9782030558925017, 'generation': 530}","{'id': 41301, 'rank': 25, 'fitness': 0.9779145316475727, 'generation': 530}","{'id': 41248, 'rank': 26, 'fitness': 0.976511669816736, 'generation': 530}","{'id': 41269, 'rank': 27, 'fitness': 0.9723669903512405, 'generation': 530}","{'id': 41289, 'rank': 28, 'fitness': 0.9616952573616275, 'generation': 530}","{'id': 41291, 'rank': 29, 'fitness': 0.8050231800570673, 'generation': 530}","{'id': 41285, 'rank': 30, 'fitness': 0.01798620996209155, 'generation': 530}"
"{'id': 41249, 'rank': 1, 'fitness': 0.9820137900379085, 'generation': 531}","{'id': 41250, 'rank': 2, 'fitness': 0.9789220850930558, 'generation': 531}","{'id': 41079, 'rank': 3, 'fitness': 0.9761580982120055, 'generation': 531}","{'id': 41387, 'rank': 4, 'fitness': 0.9755781415187073, 'generation': 531}","{'id': 41345, 'rank': 5, 'fitness': 0.9750410321807508, 'generation': 531}","{'id': 41390, 'rank': 6, 'fitness': 0.9724927663397073, 'generation': 531}","{'id': 41072, 'rank': 7, 'fitness': 0.9639075716365806, 'generation': 531}","{'id': 41072, 'rank': 8, 'fitness': 0.9639075716365806, 'generation': 531}","{'id': 41072, 'rank': 9, 'fitness': 0.9639075716365806, 'generation': 531}","{'id': 41357, 'rank': 10, 'fitness': 0.961961696768818, 'generation': 531}","{'id': 41395, 'rank': 11, 'fitness': 0.961269463767422, 'generation': 531}","{'id': 41395, 'rank': 12, 'fitness': 0.961269463767422, 'generation': 531}","{'id': 41395, 'rank': 13, 'fitness': 0.961269463767422, 'generation': 531}","{'id': 41393, 'rank': 14, 'fitness': 0.9608297771761898, 'generation': 531}","{'id': 41303, 'rank': 15, 'fitness': 0.9568253062699732, 'generation': 531}","{'id': 41343, 'rank': 16, 'fitness': 0.9540828318158063, 'generation': 531}","{'id': 41370, 'rank': 17, 'fitness': 0.9493402996011644, 'generation': 531}","{'id': 41376, 'rank': 18, 'fitness': 0.9452244924816231, 'generation': 531}","{'id': 41377, 'rank': 19, 'fitness': 0.9434648621010859, 'generation': 531}","{'id': 41369, 'rank': 20, 'fitness': 0.8972038756039309, 'generation': 531}","{'id': 41259, 'rank': 21, 'fitness': 0.8798402314904858, 'generation': 531}","{'id': 41259, 'rank': 22, 'fitness': 0.8798402314904858, 'generation': 531}","{'id': 41328, 'rank': 23, 'fitness': 0.8285508482780932, 'generation': 531}","{'id': 41328, 'rank': 24, 'fitness': 0.8285508482780932, 'generation': 531}","{'id': 41321, 'rank': 25, 'fitness': 0.7054203172075524, 'generation': 531}","{'id': 41372, 'rank': 26, 'fitness': 0.6868125020900525, 'generation': 531}","{'id': 41337, 'rank': 27, 'fitness': 0.6717246855109409, 'generation': 531}","{'id': 41379, 'rank': 28, 'fitness': 0.623219737001668, 'generation': 531}","{'id': 41301, 'rank': 29, 'fitness': 0.10433087820625153, 'generation': 531}","{'id': 41248, 'rank': 30, 'fitness': 0.01798620996209155, 'generation': 531}"
"{'id': 41419, 'rank': 1, 'fitness': 0.9820137900379085, 'generation': 532}","{'id': 41387, 'rank': 2, 'fitness': 0.9817393449455685, 'generation': 532}","{'id': 41471, 'rank': 3, 'fitness': 0.9816775292255944, 'generation': 532}","{'id': 41471, 'rank': 4, 'fitness': 0.9816775292255944, 'generation': 532}","{'id': 41390, 'rank': 5, 'fitness': 0.9816195692565546, 'generation': 532}","{'id': 41072, 'rank': 6, 'fitness': 0.9813415676040111, 'generation': 532}","{'id': 41072, 'rank': 7, 'fitness': 0.9813415676040111, 'generation': 532}","{'id': 41072, 'rank': 8, 'fitness': 0.9813415676040111, 'generation': 532}","{'id': 41072, 'rank': 9, 'fitness': 0.9813415676040111, 'generation': 532}","{'id': 41072, 'rank': 10, 'fitness': 0.9813415676040111, 'generation': 532}","{'id': 41443, 'rank': 11, 'fitness': 0.9812358446498455, 'generation': 532}","{'id': 41458, 'rank': 12, 'fitness': 0.9811614581958502, 'generation': 532}","{'id': 41376, 'rank': 13, 'fitness': 0.9809004965276071, 'generation': 532}","{'id': 41465, 'rank': 14, 'fitness': 0.9808423050288861, 'generation': 532}","{'id': 41369, 'rank': 15, 'fitness': 0.9801915759396664, 'generation': 532}","{'id': 41369, 'rank': 16, 'fitness': 0.9801915759396664, 'generation': 532}","{'id': 41441, 'rank': 17, 'fitness': 0.9799309119284885, 'generation': 532}","{'id': 41476, 'rank': 18, 'fitness': 0.9798173253517607, 'generation': 532}","{'id': 41328, 'rank': 19, 'fitness': 0.9795559498167843, 'generation': 532}","{'id': 41328, 'rank': 20, 'fitness': 0.9795559498167843, 'generation': 532}","{'id': 41321, 'rank': 21, 'fitness': 0.9787749889105211, 'generation': 532}","{'id': 41337, 'rank': 22, 'fitness': 0.9785961294786671, 'generation': 532}","{'id': 41379, 'rank': 23, 'fitness': 0.9783517820069507, 'generation': 532}","{'id': 41456, 'rank': 24, 'fitness': 0.9756968573325141, 'generation': 532}","{'id': 41415, 'rank': 25, 'fitness': 0.9744743037284643, 'generation': 532}","{'id': 41425, 'rank': 26, 'fitness': 0.9734748659223416, 'generation': 532}","{'id': 41417, 'rank': 27, 'fitness': 0.9733919965449347, 'generation': 532}","{'id': 41410, 'rank': 28, 'fitness': 0.9667420753707219, 'generation': 532}","{'id': 41431, 'rank': 29, 'fitness': 0.13811888243427323, 'generation': 532}","{'id': 41467, 'rank': 30, 'fitness': 0.01798620996209155, 'generation': 532}"
"{'id': 41505, 'rank': 1, 'fitness': 0.9820137900379085, 'generation': 533}","{'id': 41387, 'rank': 2, 'fitness': 0.9816386334068918, 'generation': 533}","{'id': 41471, 'rank': 3, 'fitness': 0.9810709578121954, 'generation': 533}","{'id': 41072, 'rank': 4, 'fitness': 0.9777104302593133, 'generation': 533}","{'id': 41072, 'rank': 5, 'fitness': 0.9777104302593133, 'generation': 533}","{'id': 41072, 'rank': 6, 'fitness': 0.9777104302593133, 'generation': 533}","{'id': 41072, 'rank': 7, 'fitness': 0.9777104302593133, 'generation': 533}","{'id': 41072, 'rank': 8, 'fitness': 0.9777104302593133, 'generation': 533}","{'id': 41072, 'rank': 9, 'fitness': 0.9777104302593133, 'generation': 533}","{'id': 41543, 'rank': 10, 'fitness': 0.9758114411712249, 'generation': 533}","{'id': 41530, 'rank': 11, 'fitness': 0.9728712312296726, 'generation': 533}","{'id': 41376, 'rank': 12, 'fitness': 0.9725207284759336, 'generation': 533}","{'id': 41376, 'rank': 13, 'fitness': 0.9725207284759336, 'generation': 533}","{'id': 41522, 'rank': 14, 'fitness': 0.9655469116177431, 'generation': 533}","{'id': 41492, 'rank': 15, 'fitness': 0.9625596257885163, 'generation': 533}","{'id': 41511, 'rank': 16, 'fitness': 0.9613032711192533, 'generation': 533}","{'id': 41479, 'rank': 17, 'fitness': 0.9591176047145069, 'generation': 533}","{'id': 41532, 'rank': 18, 'fitness': 0.9577054864030223, 'generation': 533}","{'id': 41532, 'rank': 19, 'fitness': 0.9577054864030223, 'generation': 533}","{'id': 41531, 'rank': 20, 'fitness': 0.9572284600970437, 'generation': 533}","{'id': 41548, 'rank': 21, 'fitness': 0.9541544394624087, 'generation': 533}","{'id': 41545, 'rank': 22, 'fitness': 0.9494547294676217, 'generation': 533}","{'id': 41537, 'rank': 23, 'fitness': 0.92899177130101, 'generation': 533}","{'id': 41528, 'rank': 24, 'fitness': 0.9275326315906012, 'generation': 533}","{'id': 41550, 'rank': 25, 'fitness': 0.923633306154851, 'generation': 533}","{'id': 41501, 'rank': 26, 'fitness': 0.9199532654945017, 'generation': 533}","{'id': 41495, 'rank': 27, 'fitness': 0.8829760765729486, 'generation': 533}","{'id': 41500, 'rank': 28, 'fitness': 0.8254480535207488, 'generation': 533}","{'id': 41456, 'rank': 29, 'fitness': 0.7936179116091437, 'generation': 533}","{'id': 41553, 'rank': 30, 'fitness': 0.01798620996209155, 'generation': 533}"
"{'id': 41387, 'rank': 1, 'fitness': 0.9820137900379085, 'generation': 534}","{'id': 41387, 'rank': 2, 'fitness': 0.9820137900379085, 'generation': 534}","{'id': 41626, 'rank': 3, 'fitness': 0.9819768170814855, 'generation': 534}","{'id': 41626, 'rank': 4, 'fitness': 0.9819768170814855, 'generation': 534}","{'id': 41646, 'rank': 5, 'fitness': 0.9819178717148501, 'generation': 534}","{'id': 41615, 'rank': 6, 'fitness': 0.9814370036030426, 'generation': 534}","{'id': 41598, 'rank': 7, 'fitness': 0.9808152820955027, 'generation': 534}","{'id': 41479, 'rank': 8, 'fitness': 0.9797593603354611, 'generation': 534}","{'id': 41479, 'rank': 9, 'fitness': 0.9797593603354611, 'generation': 534}","{'id': 41532, 'rank': 10, 'fitness': 0.9796564082394208, 'generation': 534}","{'id': 41531, 'rank': 11, 'fitness': 0.9796222590337826, 'generation': 534}","{'id': 41531, 'rank': 12, 'fitness': 0.9796222590337826, 'generation': 534}","{'id': 41593, 'rank': 13, 'fitness': 0.9793228582370627, 'generation': 534}","{'id': 41569, 'rank': 14, 'fitness': 0.9780306985140197, 'generation': 534}","{'id': 41569, 'rank': 15, 'fitness': 0.9780306985140197, 'generation': 534}","{'id': 41528, 'rank': 16, 'fitness': 0.9779264291547085, 'generation': 534}","{'id': 41623, 'rank': 17, 'fitness': 0.9777559153063743, 'generation': 534}","{'id': 41501, 'rank': 18, 'fitness': 0.9775841289078595, 'generation': 534}","{'id': 41607, 'rank': 19, 'fitness': 0.9774259228423917, 'generation': 534}","{'id': 41570, 'rank': 20, 'fitness': 0.9767409216618819, 'generation': 534}","{'id': 41610, 'rank': 21, 'fitness': 0.9746713131881775, 'generation': 534}","{'id': 41572, 'rank': 22, 'fitness': 0.974668717601312, 'generation': 534}","{'id': 41591, 'rank': 23, 'fitness': 0.9740996932600959, 'generation': 534}","{'id': 41622, 'rank': 24, 'fitness': 0.9732657149873007, 'generation': 534}","{'id': 41621, 'rank': 25, 'fitness': 0.9725564808919538, 'generation': 534}","{'id': 41586, 'rank': 26, 'fitness': 0.9678923250469871, 'generation': 534}","{'id': 41627, 'rank': 27, 'fitness': 0.9676921277596515, 'generation': 534}","{'id': 41620, 'rank': 28, 'fitness': 0.9653087966152127, 'generation': 534}","{'id': 41565, 'rank': 29, 'fitness': 0.9199972074028442, 'generation': 534}","{'id': 41577, 'rank': 30, 'fitness': 0.01798620996209155, 'generation': 534}"
"{'id': 41691, 'rank': 1, 'fitness': 0.9820137900379085, 'generation': 535}","{'id': 41693, 'rank': 2, 'fitness': 0.9789586785639569, 'generation': 535}","{'id': 41710, 'rank': 3, 'fitness': 0.978689373778143, 'generation': 535}","{'id': 41387, 'rank': 4, 'fitness': 0.9774585695684672, 'generation': 535}","{'id': 41387, 'rank': 5, 'fitness': 0.9774585695684672, 'generation': 535}","{'id': 41387, 'rank': 6, 'fitness': 0.9774585695684672, 'generation': 535}","{'id': 41626, 'rank': 7, 'fitness': 0.9771058084046453, 'generation': 535}","{'id': 41598, 'rank': 8, 'fitness': 0.9633911245668797, 'generation': 535}","{'id': 41721, 'rank': 9, 'fitness': 0.9548860731350148, 'generation': 535}","{'id': 41688, 'rank': 10, 'fitness': 0.9490053150959287, 'generation': 535}","{'id': 41688, 'rank': 11, 'fitness': 0.9490053150959287, 'generation': 535}","{'id': 41479, 'rank': 12, 'fitness': 0.9455704840735236, 'generation': 535}","{'id': 41531, 'rank': 13, 'fitness': 0.9428121066931199, 'generation': 535}","{'id': 41694, 'rank': 14, 'fitness': 0.9341735387635557, 'generation': 535}","{'id': 41658, 'rank': 15, 'fitness': 0.9186723974833296, 'generation': 535}","{'id': 41689, 'rank': 16, 'fitness': 0.9171987533145695, 'generation': 535}","{'id': 41723, 'rank': 17, 'fitness': 0.9065807215526842, 'generation': 535}","{'id': 41708, 'rank': 18, 'fitness': 0.9051652106601249, 'generation': 535}","{'id': 41722, 'rank': 19, 'fitness': 0.8823595923927969, 'generation': 535}","{'id': 41607, 'rank': 20, 'fitness': 0.8816052861933659, 'generation': 535}","{'id': 41607, 'rank': 21, 'fitness': 0.8816052861933659, 'generation': 535}","{'id': 41686, 'rank': 22, 'fitness': 0.8484651907663119, 'generation': 535}","{'id': 41669, 'rank': 23, 'fitness': 0.7763025072642642, 'generation': 535}","{'id': 41698, 'rank': 24, 'fitness': 0.7617201055144968, 'generation': 535}","{'id': 41652, 'rank': 25, 'fitness': 0.7600386884780119, 'generation': 535}","{'id': 41610, 'rank': 26, 'fitness': 0.7523990935340679, 'generation': 535}","{'id': 41591, 'rank': 27, 'fitness': 0.7185781222964385, 'generation': 535}","{'id': 41651, 'rank': 28, 'fitness': 0.4684422238749819, 'generation': 535}","{'id': 41670, 'rank': 29, 'fitness': 0.3880335762271332, 'generation': 535}","{'id': 41662, 'rank': 30, 'fitness': 0.01798620996209155, 'generation': 535}"
"{'id': 41691, 'rank': 1, 'fitness': 0.9820137900379085, 'generation': 536}","{'id': 41693, 'rank': 2, 'fitness': 0.9818081031302262, 'generation': 536}","{'id': 41387, 'rank': 3, 'fitness': 0.9817168700388671, 'generation': 536}","{'id': 41800, 'rank': 4, 'fitness': 0.9812937510691628, 'generation': 536}","{'id': 41800, 'rank': 5, 'fitness': 0.9812937510691628, 'generation': 536}","{'id': 41800, 'rank': 6, 'fitness': 0.9812937510691628, 'generation': 536}","{'id': 41761, 'rank': 7, 'fitness': 0.981169921201491, 'generation': 536}","{'id': 41736, 'rank': 8, 'fitness': 0.9806494949732929, 'generation': 536}","{'id': 41736, 'rank': 9, 'fitness': 0.9806494949732929, 'generation': 536}","{'id': 41531, 'rank': 10, 'fitness': 0.9804172489913103, 'generation': 536}","{'id': 41658, 'rank': 11, 'fitness': 0.9798849009351006, 'generation': 536}","{'id': 41658, 'rank': 12, 'fitness': 0.9798849009351006, 'generation': 536}","{'id': 41773, 'rank': 13, 'fitness': 0.9797238618771392, 'generation': 536}","{'id': 41773, 'rank': 14, 'fitness': 0.9797238618771392, 'generation': 536}","{'id': 41723, 'rank': 15, 'fitness': 0.9796671074984211, 'generation': 536}","{'id': 41708, 'rank': 16, 'fitness': 0.9796431592545667, 'generation': 536}","{'id': 41740, 'rank': 17, 'fitness': 0.9795520189890878, 'generation': 536}","{'id': 41722, 'rank': 18, 'fitness': 0.9792923546602696, 'generation': 536}","{'id': 41607, 'rank': 19, 'fitness': 0.9792817156466416, 'generation': 536}","{'id': 41757, 'rank': 20, 'fitness': 0.9791334231793136, 'generation': 536}","{'id': 41698, 'rank': 21, 'fitness': 0.9780028744548972, 'generation': 536}","{'id': 41781, 'rank': 22, 'fitness': 0.9759671005572936, 'generation': 536}","{'id': 41781, 'rank': 23, 'fitness': 0.9759671005572936, 'generation': 536}","{'id': 41741, 'rank': 24, 'fitness': 0.9757330289944216, 'generation': 536}","{'id': 41778, 'rank': 25, 'fitness': 0.9723370874010641, 'generation': 536}","{'id': 41799, 'rank': 26, 'fitness': 0.9696419766133497, 'generation': 536}","{'id': 41776, 'rank': 27, 'fitness': 0.8816773918398852, 'generation': 536}","{'id': 41792, 'rank': 28, 'fitness': 0.8800270882832562, 'generation': 536}","{'id': 41764, 'rank': 29, 'fitness': 0.6129391731180337, 'generation': 536}","{'id': 41769, 'rank': 30, 'fitness': 0.01798620996209155, 'generation': 536}"
"{'id': 41838, 'rank': 1, 'fitness': 0.9820137900379085, 'generation': 537}","{'id': 41851, 'rank': 2, 'fitness': 0.9372064070215037, 'generation': 537}","{'id': 41693, 'rank': 3, 'fitness': 0.9250390910976297, 'generation': 537}","{'id': 41853, 'rank': 4, 'fitness': 0.9191448791158238, 'generation': 537}","{'id': 41853, 'rank': 5, 'fitness': 0.9191448791158238, 'generation': 537}","{'id': 41800, 'rank': 6, 'fitness': 0.848637710360413, 'generation': 537}","{'id': 41761, 'rank': 7, 'fitness': 0.8230581264069754, 'generation': 537}","{'id': 41835, 'rank': 8, 'fitness': 0.8165279516186703, 'generation': 537}","{'id': 41876, 'rank': 9, 'fitness': 0.7167519513869562, 'generation': 537}","{'id': 41876, 'rank': 10, 'fitness': 0.7167519513869562, 'generation': 537}","{'id': 41736, 'rank': 11, 'fitness': 0.6825001358643661, 'generation': 537}","{'id': 41836, 'rank': 12, 'fitness': 0.6783982327469771, 'generation': 537}","{'id': 41820, 'rank': 13, 'fitness': 0.6065542113860277, 'generation': 537}","{'id': 41531, 'rank': 14, 'fitness': 0.6052416257499628, 'generation': 537}","{'id': 41850, 'rank': 15, 'fitness': 0.5206608606174362, 'generation': 537}","{'id': 41837, 'rank': 16, 'fitness': 0.4781870539624399, 'generation': 537}","{'id': 41837, 'rank': 17, 'fitness': 0.4781870539624399, 'generation': 537}","{'id': 41880, 'rank': 18, 'fitness': 0.44601834520165523, 'generation': 537}","{'id': 41658, 'rank': 19, 'fitness': 0.41759435411300133, 'generation': 537}","{'id': 41773, 'rank': 20, 'fitness': 0.3638514759978699, 'generation': 537}","{'id': 41723, 'rank': 21, 'fitness': 0.3457154535082552, 'generation': 537}","{'id': 41884, 'rank': 22, 'fitness': 0.3220263143519127, 'generation': 537}","{'id': 41740, 'rank': 23, 'fitness': 0.3104643873605228, 'generation': 537}","{'id': 41877, 'rank': 24, 'fitness': 0.18331771340252745, 'generation': 537}","{'id': 41872, 'rank': 25, 'fitness': 0.16965910624103941, 'generation': 537}","{'id': 41844, 'rank': 26, 'fitness': 0.15557690582767714, 'generation': 537}","{'id': 41698, 'rank': 27, 'fitness': 0.05365005011517532, 'generation': 537}","{'id': 41878, 'rank': 28, 'fitness': 0.047021813183271643, 'generation': 537}","{'id': 41889, 'rank': 29, 'fitness': 0.044066129234183016, 'generation': 537}","{'id': 41819, 'rank': 30, 'fitness': 0.01798620996209155, 'generation': 537}"
"{'id': 41914, 'rank': 1, 'fitness': 0.9820137900379085, 'generation': 538}","{'id': 41853, 'rank': 2, 'fitness': 0.9818273161745232, 'generation': 538}","{'id': 41853, 'rank': 3, 'fitness': 0.9818273161745232, 'generation': 538}","{'id': 41853, 'rank': 4, 'fitness': 0.9818273161745232, 'generation': 538}","{'id': 41853, 'rank': 5, 'fitness': 0.9818273161745232, 'generation': 538}","{'id': 41736, 'rank': 6, 'fitness': 0.9816867590822901, 'generation': 538}","{'id': 41820, 'rank': 7, 'fitness': 0.981658576358597, 'generation': 538}","{'id': 41850, 'rank': 8, 'fitness': 0.9816288448761681, 'generation': 538}","{'id': 41850, 'rank': 9, 'fitness': 0.9816288448761681, 'generation': 538}","{'id': 41880, 'rank': 10, 'fitness': 0.9816033805795652, 'generation': 538}","{'id': 41658, 'rank': 11, 'fitness': 0.9815935171672125, 'generation': 538}","{'id': 41773, 'rank': 12, 'fitness': 0.9815742640239928, 'generation': 538}","{'id': 41740, 'rank': 13, 'fitness': 0.9815538621509634, 'generation': 538}","{'id': 41889, 'rank': 14, 'fitness': 0.9813584139773746, 'generation': 538}","{'id': 41819, 'rank': 15, 'fitness': 0.9812786817407374, 'generation': 538}","{'id': 41928, 'rank': 16, 'fitness': 0.9801622571388041, 'generation': 538}","{'id': 41911, 'rank': 17, 'fitness': 0.9798202782409376, 'generation': 538}","{'id': 41941, 'rank': 18, 'fitness': 0.9797601713098075, 'generation': 538}","{'id': 41905, 'rank': 19, 'fitness': 0.9797228405837741, 'generation': 538}","{'id': 41935, 'rank': 20, 'fitness': 0.9701230927667635, 'generation': 538}","{'id': 41930, 'rank': 21, 'fitness': 0.9098293984043421, 'generation': 538}","{'id': 41908, 'rank': 22, 'fitness': 0.8893136253412266, 'generation': 538}","{'id': 41917, 'rank': 23, 'fitness': 0.7080796997703758, 'generation': 538}","{'id': 41948, 'rank': 24, 'fitness': 0.6135671408824245, 'generation': 538}","{'id': 41948, 'rank': 25, 'fitness': 0.6135671408824245, 'generation': 538}","{'id': 41921, 'rank': 26, 'fitness': 0.166082727999268, 'generation': 538}","{'id': 41920, 'rank': 27, 'fitness': 0.12030568063264857, 'generation': 538}","{'id': 41919, 'rank': 28, 'fitness': 0.09745875352968919, 'generation': 538}","{'id': 41918, 'rank': 29, 'fitness': 0.08297636257414642, 'generation': 538}","{'id': 41932, 'rank': 30, 'fitness': 0.01798620996209155, 'generation': 538}"
"{'id': 41968, 'rank': 1, 'fitness': 0.9820137900379085, 'generation': 539}","{'id': 41853, 'rank': 2, 'fitness': 0.9577561662999737, 'generation': 539}","{'id': 41853, 'rank': 3, 'fitness': 0.9577561662999737, 'generation': 539}","{'id': 41853, 'rank': 4, 'fitness': 0.9577561662999737, 'generation': 539}","{'id': 42008, 'rank': 5, 'fitness': 0.9501006836787838, 'generation': 539}","{'id': 41975, 'rank': 6, 'fitness': 0.9472900456888207, 'generation': 539}","{'id': 41952, 'rank': 7, 'fitness': 0.9471280537349048, 'generation': 539}","{'id': 41951, 'rank': 8, 'fitness': 0.9330384828522434, 'generation': 539}","{'id': 41736, 'rank': 9, 'fitness': 0.9313834101233924, 'generation': 539}","{'id': 41820, 'rank': 10, 'fitness': 0.9245433761600366, 'generation': 539}","{'id': 41820, 'rank': 11, 'fitness': 0.9245433761600366, 'generation': 539}","{'id': 41820, 'rank': 12, 'fitness': 0.9245433761600366, 'generation': 539}","{'id': 41960, 'rank': 13, 'fitness': 0.9187545183898576, 'generation': 539}","{'id': 41850, 'rank': 14, 'fitness': 0.9166660742354132, 'generation': 539}","{'id': 41658, 'rank': 15, 'fitness': 0.9063579276639067, 'generation': 539}","{'id': 41980, 'rank': 16, 'fitness': 0.9003280108570939, 'generation': 539}","{'id': 41980, 'rank': 17, 'fitness': 0.9003280108570939, 'generation': 539}","{'id': 41980, 'rank': 18, 'fitness': 0.9003280108570939, 'generation': 539}","{'id': 41773, 'rank': 19, 'fitness': 0.9002795084038961, 'generation': 539}","{'id': 41740, 'rank': 20, 'fitness': 0.8934653860302249, 'generation': 539}","{'id': 41966, 'rank': 21, 'fitness': 0.8821672514582705, 'generation': 539}","{'id': 41999, 'rank': 22, 'fitness': 0.8713916908211478, 'generation': 539}","{'id': 41970, 'rank': 23, 'fitness': 0.8691802244888216, 'generation': 539}","{'id': 41958, 'rank': 24, 'fitness': 0.8444983476402839, 'generation': 539}","{'id': 41982, 'rank': 25, 'fitness': 0.8335047006524344, 'generation': 539}","{'id': 41982, 'rank': 26, 'fitness': 0.8335047006524344, 'generation': 539}","{'id': 41971, 'rank': 27, 'fitness': 0.7782014384543456, 'generation': 539}","{'id': 42018, 'rank': 28, 'fitness': 0.7242165468814776, 'generation': 539}","{'id': 41996, 'rank': 29, 'fitness': 0.01891942152336107, 'generation': 539}","{'id': 41991, 'rank': 30, 'fitness': 0.01798620996209155, 'generation': 539}"
"{'id': 41968, 'rank': 1, 'fitness': 0.9820137900379085, 'generation': 540}","{'id': 42078, 'rank': 2, 'fitness': 0.9773818241597301, 'generation': 540}","{'id': 41853, 'rank': 3, 'fitness': 0.9743577382530646, 'generation': 540}","{'id': 41975, 'rank': 4, 'fitness': 0.9718517232124931, 'generation': 540}","{'id': 41736, 'rank': 5, 'fitness': 0.9685062240366201, 'generation': 540}","{'id': 41820, 'rank': 6, 'fitness': 0.9671923336181616, 'generation': 540}","{'id': 41820, 'rank': 7, 'fitness': 0.9671923336181616, 'generation': 540}","{'id': 41820, 'rank': 8, 'fitness': 0.9671923336181616, 'generation': 540}","{'id': 41960, 'rank': 9, 'fitness': 0.9661264299028717, 'generation': 540}","{'id': 41980, 'rank': 10, 'fitness': 0.9629595584042017, 'generation': 540}","{'id': 41773, 'rank': 11, 'fitness': 0.9629516084123078, 'generation': 540}","{'id': 41966, 'rank': 12, 'fitness': 0.9600963225927305, 'generation': 540}","{'id': 41970, 'rank': 13, 'fitness': 0.9581666521585748, 'generation': 540}","{'id': 42043, 'rank': 14, 'fitness': 0.9555385879097025, 'generation': 540}","{'id': 42043, 'rank': 15, 'fitness': 0.9555385879097025, 'generation': 540}","{'id': 42059, 'rank': 16, 'fitness': 0.948629808330336, 'generation': 540}","{'id': 42060, 'rank': 17, 'fitness': 0.942533758859719, 'generation': 540}","{'id': 42057, 'rank': 18, 'fitness': 0.9402934996252978, 'generation': 540}","{'id': 42021, 'rank': 19, 'fitness': 0.9180607507724334, 'generation': 540}","{'id': 42045, 'rank': 20, 'fitness': 0.8390898555795029, 'generation': 540}","{'id': 42028, 'rank': 21, 'fitness': 0.6602408902826312, 'generation': 540}","{'id': 42047, 'rank': 22, 'fitness': 0.5982042533742473, 'generation': 540}","{'id': 42027, 'rank': 23, 'fitness': 0.4266824325262749, 'generation': 540}","{'id': 42084, 'rank': 24, 'fitness': 0.42265947343762783, 'generation': 540}","{'id': 42051, 'rank': 25, 'fitness': 0.38264491849242954, 'generation': 540}","{'id': 42041, 'rank': 26, 'fitness': 0.3120009698861633, 'generation': 540}","{'id': 42041, 'rank': 27, 'fitness': 0.3120009698861633, 'generation': 540}","{'id': 42073, 'rank': 28, 'fitness': 0.21680378853235127, 'generation': 540}","{'id': 42066, 'rank': 29, 'fitness': 0.05026660138735323, 'generation': 540}","{'id': 42053, 'rank': 30, 'fitness': 0.01798620996209155, 'generation': 540}"
"{'id': 42078, 'rank': 1, 'fitness': 0.9820137900379085, 'generation': 541}","{'id': 41975, 'rank': 2, 'fitness': 0.9766207692756094, 'generation': 541}","{'id': 42131, 'rank': 3, 'fitness': 0.9765793265836443, 'generation': 541}","{'id': 42129, 'rank': 4, 'fitness': 0.968485246316052, 'generation': 541}","{'id': 41966, 'rank': 5, 'fitness': 0.9644748678948458, 'generation': 541}","{'id': 41966, 'rank': 6, 'fitness': 0.9644748678948458, 'generation': 541}","{'id': 41970, 'rank': 7, 'fitness': 0.9624061539400911, 'generation': 541}","{'id': 42158, 'rank': 8, 'fitness': 0.9589910100610767, 'generation': 541}","{'id': 42108, 'rank': 9, 'fitness': 0.946845709629101, 'generation': 541}","{'id': 42057, 'rank': 10, 'fitness': 0.9424414716213213, 'generation': 541}","{'id': 42057, 'rank': 11, 'fitness': 0.9424414716213213, 'generation': 541}","{'id': 42057, 'rank': 12, 'fitness': 0.9424414716213213, 'generation': 541}","{'id': 42121, 'rank': 13, 'fitness': 0.9385653784382404, 'generation': 541}","{'id': 42143, 'rank': 14, 'fitness': 0.9313891143380135, 'generation': 541}","{'id': 42143, 'rank': 15, 'fitness': 0.9313891143380135, 'generation': 541}","{'id': 42142, 'rank': 16, 'fitness': 0.9238155643276073, 'generation': 541}","{'id': 42107, 'rank': 17, 'fitness': 0.9210127911371266, 'generation': 541}","{'id': 42103, 'rank': 18, 'fitness': 0.9204191096763938, 'generation': 541}","{'id': 42106, 'rank': 19, 'fitness': 0.9066648824386262, 'generation': 541}","{'id': 42105, 'rank': 20, 'fitness': 0.8682083671909613, 'generation': 541}","{'id': 42141, 'rank': 21, 'fitness': 0.8587223398095958, 'generation': 541}","{'id': 42141, 'rank': 22, 'fitness': 0.8587223398095958, 'generation': 541}","{'id': 42141, 'rank': 23, 'fitness': 0.8587223398095958, 'generation': 541}","{'id': 42101, 'rank': 24, 'fitness': 0.8248255785006608, 'generation': 541}","{'id': 42100, 'rank': 25, 'fitness': 0.7998816320744683, 'generation': 541}","{'id': 42148, 'rank': 26, 'fitness': 0.638915850307296, 'generation': 541}","{'id': 42097, 'rank': 27, 'fitness': 0.5863395885430862, 'generation': 541}","{'id': 42028, 'rank': 28, 'fitness': 0.5742354666390089, 'generation': 541}","{'id': 42084, 'rank': 29, 'fitness': 0.29616324124402627, 'generation': 541}","{'id': 42066, 'rank': 30, 'fitness': 0.01798620996209155, 'generation': 541}"
"{'id': 42078, 'rank': 1, 'fitness': 0.9820137900379085, 'generation': 542}","{'id': 42167, 'rank': 2, 'fitness': 0.9712678942860817, 'generation': 542}","{'id': 42167, 'rank': 3, 'fitness': 0.9712678942860817, 'generation': 542}","{'id': 42219, 'rank': 4, 'fitness': 0.9684268400751441, 'generation': 542}","{'id': 42183, 'rank': 5, 'fitness': 0.96537630732269, 'generation': 542}","{'id': 42183, 'rank': 6, 'fitness': 0.96537630732269, 'generation': 542}","{'id': 41966, 'rank': 7, 'fitness': 0.9593987044544858, 'generation': 542}","{'id': 41970, 'rank': 8, 'fitness': 0.9565650909797742, 'generation': 542}","{'id': 42182, 'rank': 9, 'fitness': 0.9548637996287717, 'generation': 542}","{'id': 42184, 'rank': 10, 'fitness': 0.9523107662426333, 'generation': 542}","{'id': 42158, 'rank': 11, 'fitness': 0.9518274452266638, 'generation': 542}","{'id': 42188, 'rank': 12, 'fitness': 0.9351775987582374, 'generation': 542}","{'id': 42057, 'rank': 13, 'fitness': 0.9279988280832194, 'generation': 542}","{'id': 42057, 'rank': 14, 'fitness': 0.9279988280832194, 'generation': 542}","{'id': 42057, 'rank': 15, 'fitness': 0.9279988280832194, 'generation': 542}","{'id': 42193, 'rank': 16, 'fitness': 0.9186807622853363, 'generation': 542}","{'id': 42187, 'rank': 17, 'fitness': 0.9172359642231098, 'generation': 542}","{'id': 42143, 'rank': 18, 'fitness': 0.9114648546344262, 'generation': 542}","{'id': 42141, 'rank': 19, 'fitness': 0.7971334029431119, 'generation': 542}","{'id': 42159, 'rank': 20, 'fitness': 0.7608848493188924, 'generation': 542}","{'id': 42234, 'rank': 21, 'fitness': 0.7381029445186713, 'generation': 542}","{'id': 42201, 'rank': 22, 'fitness': 0.6249471954130914, 'generation': 542}","{'id': 42176, 'rank': 23, 'fitness': 0.49947776609138467, 'generation': 542}","{'id': 42236, 'rank': 24, 'fitness': 0.3718941668314034, 'generation': 542}","{'id': 42175, 'rank': 25, 'fitness': 0.25374075240756305, 'generation': 542}","{'id': 42225, 'rank': 26, 'fitness': 0.1280678194423881, 'generation': 542}","{'id': 42231, 'rank': 27, 'fitness': 0.05121365546450829, 'generation': 542}","{'id': 42231, 'rank': 28, 'fitness': 0.05121365546450829, 'generation': 542}","{'id': 42205, 'rank': 29, 'fitness': 0.031033475520305387, 'generation': 542}","{'id': 42169, 'rank': 30, 'fitness': 0.01798620996209155, 'generation': 542}"
"{'id': 42167, 'rank': 1, 'fitness': 0.9820137900379085, 'generation': 543}","{'id': 42282, 'rank': 2, 'fitness': 0.9819417937799043, 'generation': 543}","{'id': 42260, 'rank': 3, 'fitness': 0.9819150089478528, 'generation': 543}","{'id': 42260, 'rank': 4, 'fitness': 0.9819150089478528, 'generation': 543}","{'id': 42260, 'rank': 5, 'fitness': 0.9819150089478528, 'generation': 543}","{'id': 42266, 'rank': 6, 'fitness': 0.9818885594800533, 'generation': 543}","{'id': 42266, 'rank': 7, 'fitness': 0.9818885594800533, 'generation': 543}","{'id': 42262, 'rank': 8, 'fitness': 0.9818778057884681, 'generation': 543}","{'id': 42259, 'rank': 9, 'fitness': 0.9818527498243674, 'generation': 543}","{'id': 42302, 'rank': 10, 'fitness': 0.9818222457781145, 'generation': 543}","{'id': 42184, 'rank': 11, 'fitness': 0.9818218979189246, 'generation': 543}","{'id': 42248, 'rank': 12, 'fitness': 0.9817333643238207, 'generation': 543}","{'id': 42188, 'rank': 13, 'fitness': 0.9817023849549125, 'generation': 543}","{'id': 42057, 'rank': 14, 'fitness': 0.9816607609004249, 'generation': 543}","{'id': 42057, 'rank': 15, 'fitness': 0.9816607609004249, 'generation': 543}","{'id': 42057, 'rank': 16, 'fitness': 0.9816607609004249, 'generation': 543}","{'id': 42187, 'rank': 17, 'fitness': 0.9816048726363822, 'generation': 543}","{'id': 42301, 'rank': 18, 'fitness': 0.9815446763212695, 'generation': 543}","{'id': 42251, 'rank': 19, 'fitness': 0.9814077267274459, 'generation': 543}","{'id': 42286, 'rank': 20, 'fitness': 0.9811231551801727, 'generation': 543}","{'id': 42234, 'rank': 21, 'fitness': 0.9810903212806241, 'generation': 543}","{'id': 42234, 'rank': 22, 'fitness': 0.9810903212806241, 'generation': 543}","{'id': 42250, 'rank': 23, 'fitness': 0.9810563613957906, 'generation': 543}","{'id': 42273, 'rank': 24, 'fitness': 0.9810388486533177, 'generation': 543}","{'id': 42289, 'rank': 25, 'fitness': 0.9810059119580412, 'generation': 543}","{'id': 42256, 'rank': 26, 'fitness': 0.9804845922630536, 'generation': 543}","{'id': 42257, 'rank': 27, 'fitness': 0.9804376040885825, 'generation': 543}","{'id': 42270, 'rank': 28, 'fitness': 0.9800928779533897, 'generation': 543}","{'id': 42264, 'rank': 29, 'fitness': 0.9799186116218112, 'generation': 543}","{'id': 42280, 'rank': 30, 'fitness': 0.01798620996209155, 'generation': 543}"
"{'id': 42167, 'rank': 1, 'fitness': 0.9820137900379085, 'generation': 544}","{'id': 42260, 'rank': 2, 'fitness': 0.9671272798069446, 'generation': 544}","{'id': 42260, 'rank': 3, 'fitness': 0.9671272798069446, 'generation': 544}","{'id': 42366, 'rank': 4, 'fitness': 0.963102815484419, 'generation': 544}","{'id': 42266, 'rank': 5, 'fitness': 0.9614575840107273, 'generation': 544}","{'id': 42266, 'rank': 6, 'fitness': 0.9614575840107273, 'generation': 544}","{'id': 42259, 'rank': 7, 'fitness': 0.9522878560209224, 'generation': 544}","{'id': 42373, 'rank': 8, 'fitness': 0.9482557533981668, 'generation': 544}","{'id': 42302, 'rank': 9, 'fitness': 0.9428944776921346, 'generation': 544}","{'id': 42346, 'rank': 10, 'fitness': 0.942186235776376, 'generation': 544}","{'id': 42322, 'rank': 11, 'fitness': 0.9417851671991421, 'generation': 544}","{'id': 42318, 'rank': 12, 'fitness': 0.9417059537279397, 'generation': 544}","{'id': 42318, 'rank': 13, 'fitness': 0.9417059537279397, 'generation': 544}","{'id': 42318, 'rank': 14, 'fitness': 0.9417059537279397, 'generation': 544}","{'id': 42354, 'rank': 15, 'fitness': 0.9321141898566347, 'generation': 544}","{'id': 42311, 'rank': 16, 'fitness': 0.9271971433893664, 'generation': 544}","{'id': 42324, 'rank': 17, 'fitness': 0.9142147253528994, 'generation': 544}","{'id': 42342, 'rank': 18, 'fitness': 0.9056470849874017, 'generation': 544}","{'id': 42375, 'rank': 19, 'fitness': 0.8764902711547342, 'generation': 544}","{'id': 42333, 'rank': 20, 'fitness': 0.8689256963266936, 'generation': 544}","{'id': 42363, 'rank': 21, 'fitness': 0.8632071007093305, 'generation': 544}","{'id': 42057, 'rank': 22, 'fitness': 0.8588001265776444, 'generation': 544}","{'id': 42187, 'rank': 23, 'fitness': 0.8117973258024945, 'generation': 544}","{'id': 42381, 'rank': 24, 'fitness': 0.7228497499007058, 'generation': 544}","{'id': 42383, 'rank': 25, 'fitness': 0.6314123351592038, 'generation': 544}","{'id': 42286, 'rank': 26, 'fitness': 0.18872132110102663, 'generation': 544}","{'id': 42234, 'rank': 27, 'fitness': 0.1604743390532133, 'generation': 544}","{'id': 42371, 'rank': 28, 'fitness': 0.05809500818054547, 'generation': 544}","{'id': 42327, 'rank': 29, 'fitness': 0.01798620996209155, 'generation': 544}","{'id': 42327, 'rank': 30, 'fitness': 0.01798620996209155, 'generation': 544}"
"{'id': 42167, 'rank': 1, 'fitness': 0.9820137900379085, 'generation': 545}","{'id': 42167, 'rank': 2, 'fitness': 0.9820137900379085, 'generation': 545}","{'id': 42366, 'rank': 3, 'fitness': 0.9771428639205558, 'generation': 545}","{'id': 42346, 'rank': 4, 'fitness': 0.9733828585220425, 'generation': 545}","{'id': 42346, 'rank': 5, 'fitness': 0.9733828585220425, 'generation': 545}","{'id': 42318, 'rank': 6, 'fitness': 0.9733073225398512, 'generation': 545}","{'id': 42311, 'rank': 7, 'fitness': 0.9711812948060039, 'generation': 545}","{'id': 42324, 'rank': 8, 'fitness': 0.9694812396647493, 'generation': 545}","{'id': 42342, 'rank': 9, 'fitness': 0.9684383576189097, 'generation': 545}","{'id': 42057, 'rank': 10, 'fitness': 0.9634732995378978, 'generation': 545}","{'id': 42412, 'rank': 11, 'fitness': 0.960645438920938, 'generation': 545}","{'id': 42187, 'rank': 12, 'fitness': 0.9592459484704474, 'generation': 545}","{'id': 42408, 'rank': 13, 'fitness': 0.9541510081687403, 'generation': 545}","{'id': 42438, 'rank': 14, 'fitness': 0.9474526155078749, 'generation': 545}","{'id': 42422, 'rank': 15, 'fitness': 0.9218185526713056, 'generation': 545}","{'id': 42391, 'rank': 16, 'fitness': 0.9212097797424628, 'generation': 545}","{'id': 42399, 'rank': 17, 'fitness': 0.9076900696178141, 'generation': 545}","{'id': 42286, 'rank': 18, 'fitness': 0.8994041196976446, 'generation': 545}","{'id': 42392, 'rank': 19, 'fitness': 0.89780282964975, 'generation': 545}","{'id': 42424, 'rank': 20, 'fitness': 0.8822132968742379, 'generation': 545}","{'id': 42424, 'rank': 21, 'fitness': 0.8822132968742379, 'generation': 545}","{'id': 42416, 'rank': 22, 'fitness': 0.8196268763485788, 'generation': 545}","{'id': 42430, 'rank': 23, 'fitness': 0.737892890587523, 'generation': 545}","{'id': 42456, 'rank': 24, 'fitness': 0.6611989434214626, 'generation': 545}","{'id': 42465, 'rank': 25, 'fitness': 0.6603024969114126, 'generation': 545}","{'id': 42457, 'rank': 26, 'fitness': 0.6247287432988389, 'generation': 545}","{'id': 42433, 'rank': 27, 'fitness': 0.599432426537936, 'generation': 545}","{'id': 42458, 'rank': 28, 'fitness': 0.5802389846507615, 'generation': 545}","{'id': 42461, 'rank': 29, 'fitness': 0.2023494573313553, 'generation': 545}","{'id': 42445, 'rank': 30, 'fitness': 0.01798620996209155, 'generation': 545}"
"{'id': 42539, 'rank': 1, 'fitness': 0.9820137900379085, 'generation': 546}","{'id': 42539, 'rank': 2, 'fitness': 0.9820137900379085, 'generation': 546}","{'id': 42167, 'rank': 3, 'fitness': 0.9819902422388715, 'generation': 546}","{'id': 42167, 'rank': 4, 'fitness': 0.9819902422388715, 'generation': 546}","{'id': 42511, 'rank': 5, 'fitness': 0.9819643273253529, 'generation': 546}","{'id': 42513, 'rank': 6, 'fitness': 0.981861389917166, 'generation': 546}","{'id': 42540, 'rank': 7, 'fitness': 0.9816995952392611, 'generation': 546}","{'id': 42366, 'rank': 8, 'fitness': 0.9816925437527779, 'generation': 546}","{'id': 42318, 'rank': 9, 'fitness': 0.9814963947658133, 'generation': 546}","{'id': 42500, 'rank': 10, 'fitness': 0.9813988973386183, 'generation': 546}","{'id': 42324, 'rank': 11, 'fitness': 0.9813246820934189, 'generation': 546}","{'id': 42468, 'rank': 12, 'fitness': 0.9811235383733167, 'generation': 546}","{'id': 42467, 'rank': 13, 'fitness': 0.9810136109332269, 'generation': 546}","{'id': 42412, 'rank': 14, 'fitness': 0.9809922872153745, 'generation': 546}","{'id': 42531, 'rank': 15, 'fitness': 0.980418319149273, 'generation': 546}","{'id': 42517, 'rank': 16, 'fitness': 0.9803637806880348, 'generation': 546}","{'id': 42422, 'rank': 17, 'fitness': 0.9800436586874677, 'generation': 546}","{'id': 42399, 'rank': 18, 'fitness': 0.9797998239946815, 'generation': 546}","{'id': 42515, 'rank': 19, 'fitness': 0.9797676579049395, 'generation': 546}","{'id': 42286, 'rank': 20, 'fitness': 0.9796709053099113, 'generation': 546}","{'id': 42424, 'rank': 21, 'fitness': 0.9794288042422956, 'generation': 546}","{'id': 42508, 'rank': 22, 'fitness': 0.9791043684482308, 'generation': 546}","{'id': 42514, 'rank': 23, 'fitness': 0.978700825911951, 'generation': 546}","{'id': 42488, 'rank': 24, 'fitness': 0.9784247884651303, 'generation': 546}","{'id': 42525, 'rank': 25, 'fitness': 0.9767330401899368, 'generation': 546}","{'id': 42523, 'rank': 26, 'fitness': 0.9765838879870851, 'generation': 546}","{'id': 42518, 'rank': 27, 'fitness': 0.9744185500862166, 'generation': 546}","{'id': 42445, 'rank': 28, 'fitness': 0.9693087619872188, 'generation': 546}","{'id': 42543, 'rank': 29, 'fitness': 0.9647202922945084, 'generation': 546}","{'id': 42478, 'rank': 30, 'fitness': 0.01798620996209155, 'generation': 546}"
"{'id': 42539, 'rank': 1, 'fitness': 0.9820137900379085, 'generation': 547}","{'id': 42167, 'rank': 2, 'fitness': 0.980788818360068, 'generation': 547}","{'id': 42167, 'rank': 3, 'fitness': 0.980788818360068, 'generation': 547}","{'id': 42167, 'rank': 4, 'fitness': 0.980788818360068, 'generation': 547}","{'id': 42167, 'rank': 5, 'fitness': 0.980788818360068, 'generation': 547}","{'id': 42591, 'rank': 6, 'fitness': 0.9762347021619822, 'generation': 547}","{'id': 42547, 'rank': 7, 'fitness': 0.9755015218957617, 'generation': 547}","{'id': 42513, 'rank': 8, 'fitness': 0.9725357756542383, 'generation': 547}","{'id': 42589, 'rank': 9, 'fitness': 0.9717957952860997, 'generation': 547}","{'id': 42578, 'rank': 10, 'fitness': 0.9620510915419414, 'generation': 547}","{'id': 42578, 'rank': 11, 'fitness': 0.9620510915419414, 'generation': 547}","{'id': 42586, 'rank': 12, 'fitness': 0.9434173411751299, 'generation': 547}","{'id': 42318, 'rank': 13, 'fitness': 0.9271961537945088, 'generation': 547}","{'id': 42318, 'rank': 14, 'fitness': 0.9271961537945088, 'generation': 547}","{'id': 42549, 'rank': 15, 'fitness': 0.9246307375481635, 'generation': 547}","{'id': 42500, 'rank': 16, 'fitness': 0.9067499468335296, 'generation': 547}","{'id': 42500, 'rank': 17, 'fitness': 0.9067499468335296, 'generation': 547}","{'id': 42576, 'rank': 18, 'fitness': 0.8785399038552739, 'generation': 547}","{'id': 42551, 'rank': 19, 'fitness': 0.8674490139685958, 'generation': 547}","{'id': 42596, 'rank': 20, 'fitness': 0.8636676984833865, 'generation': 547}","{'id': 42608, 'rank': 21, 'fitness': 0.7520749778059113, 'generation': 547}","{'id': 42569, 'rank': 22, 'fitness': 0.49094902650242384, 'generation': 547}","{'id': 42531, 'rank': 23, 'fitness': 0.40987978344391096, 'generation': 547}","{'id': 42517, 'rank': 24, 'fitness': 0.37580014901857417, 'generation': 547}","{'id': 42555, 'rank': 25, 'fitness': 0.16832151853288124, 'generation': 547}","{'id': 42399, 'rank': 26, 'fitness': 0.1231208046937457, 'generation': 547}","{'id': 42399, 'rank': 27, 'fitness': 0.1231208046937457, 'generation': 547}","{'id': 42557, 'rank': 28, 'fitness': 0.10939147387052683, 'generation': 547}","{'id': 42553, 'rank': 29, 'fitness': 0.02109129052062997, 'generation': 547}","{'id': 42580, 'rank': 30, 'fitness': 0.01798620996209155, 'generation': 547}"
"{'id': 42669, 'rank': 1, 'fitness': 0.9820137900379085, 'generation': 548}","{'id': 42539, 'rank': 2, 'fitness': 0.9819665885040663, 'generation': 548}","{'id': 42167, 'rank': 3, 'fitness': 0.9819528610455868, 'generation': 548}","{'id': 42618, 'rank': 4, 'fitness': 0.9819118440099628, 'generation': 548}","{'id': 42578, 'rank': 5, 'fitness': 0.9818091086875024, 'generation': 548}","{'id': 42578, 'rank': 6, 'fitness': 0.9818091086875024, 'generation': 548}","{'id': 42578, 'rank': 7, 'fitness': 0.9818091086875024, 'generation': 548}","{'id': 42653, 'rank': 8, 'fitness': 0.9817777757629312, 'generation': 548}","{'id': 42586, 'rank': 9, 'fitness': 0.9817225260016889, 'generation': 548}","{'id': 42586, 'rank': 10, 'fitness': 0.9817225260016889, 'generation': 548}","{'id': 42318, 'rank': 11, 'fitness': 0.9816666440788409, 'generation': 548}","{'id': 42624, 'rank': 12, 'fitness': 0.9816616035296463, 'generation': 548}","{'id': 42624, 'rank': 13, 'fitness': 0.9816616035296463, 'generation': 548}","{'id': 42549, 'rank': 14, 'fitness': 0.9816588729014659, 'generation': 548}","{'id': 42549, 'rank': 15, 'fitness': 0.9816588729014659, 'generation': 548}","{'id': 42620, 'rank': 16, 'fitness': 0.9815796708908873, 'generation': 548}","{'id': 42654, 'rank': 17, 'fitness': 0.9815724516711852, 'generation': 548}","{'id': 42635, 'rank': 18, 'fitness': 0.9815690928356646, 'generation': 548}","{'id': 42551, 'rank': 19, 'fitness': 0.9815278199185706, 'generation': 548}","{'id': 42551, 'rank': 20, 'fitness': 0.9815278199185706, 'generation': 548}","{'id': 42636, 'rank': 21, 'fitness': 0.9813692555479011, 'generation': 548}","{'id': 42664, 'rank': 22, 'fitness': 0.9810346124981459, 'generation': 548}","{'id': 42517, 'rank': 23, 'fitness': 0.9810218041638341, 'generation': 548}","{'id': 42517, 'rank': 24, 'fitness': 0.9810218041638341, 'generation': 548}","{'id': 42553, 'rank': 25, 'fitness': 0.9802927625566715, 'generation': 548}","{'id': 42640, 'rank': 26, 'fitness': 0.9799956249223969, 'generation': 548}","{'id': 42652, 'rank': 27, 'fitness': 0.979423630274991, 'generation': 548}","{'id': 42651, 'rank': 28, 'fitness': 0.9788551100444988, 'generation': 548}","{'id': 42648, 'rank': 29, 'fitness': 0.9777096179569358, 'generation': 548}","{'id': 42630, 'rank': 30, 'fitness': 0.01798620996209155, 'generation': 548}"
"{'id': 42690, 'rank': 1, 'fitness': 0.9820137900379085, 'generation': 549}","{'id': 42669, 'rank': 2, 'fitness': 0.9773867917594898, 'generation': 549}","{'id': 42680, 'rank': 3, 'fitness': 0.9742755164025038, 'generation': 549}","{'id': 42692, 'rank': 4, 'fitness': 0.9721359131714666, 'generation': 549}","{'id': 42618, 'rank': 5, 'fitness': 0.9712998554774255, 'generation': 549}","{'id': 42722, 'rank': 6, 'fitness': 0.9656855682766082, 'generation': 549}","{'id': 42722, 'rank': 7, 'fitness': 0.9656855682766082, 'generation': 549}","{'id': 42693, 'rank': 8, 'fitness': 0.963758982656896, 'generation': 549}","{'id': 42693, 'rank': 9, 'fitness': 0.963758982656896, 'generation': 549}","{'id': 42578, 'rank': 10, 'fitness': 0.9636168915122931, 'generation': 549}","{'id': 42724, 'rank': 11, 'fitness': 0.9594108109148772, 'generation': 549}","{'id': 42701, 'rank': 12, 'fitness': 0.9570665630372092, 'generation': 549}","{'id': 42689, 'rank': 13, 'fitness': 0.9542435694318576, 'generation': 549}","{'id': 42720, 'rank': 14, 'fitness': 0.9492258276746677, 'generation': 549}","{'id': 42720, 'rank': 15, 'fitness': 0.9492258276746677, 'generation': 549}","{'id': 42624, 'rank': 16, 'fitness': 0.9491642753958898, 'generation': 549}","{'id': 42624, 'rank': 17, 'fitness': 0.9491642753958898, 'generation': 549}","{'id': 42549, 'rank': 18, 'fitness': 0.9488523493847635, 'generation': 549}","{'id': 42721, 'rank': 19, 'fitness': 0.9401715932288186, 'generation': 549}","{'id': 42721, 'rank': 20, 'fitness': 0.9401715932288186, 'generation': 549}","{'id': 42620, 'rank': 21, 'fitness': 0.9390022930279777, 'generation': 549}","{'id': 42654, 'rank': 22, 'fitness': 0.9380233082884146, 'generation': 549}","{'id': 42635, 'rank': 23, 'fitness': 0.9375629677026952, 'generation': 549}","{'id': 42738, 'rank': 24, 'fitness': 0.9335399318525931, 'generation': 549}","{'id': 42752, 'rank': 25, 'fitness': 0.9316377973670078, 'generation': 549}","{'id': 42737, 'rank': 26, 'fitness': 0.9079294454824622, 'generation': 549}","{'id': 42664, 'rank': 27, 'fitness': 0.8132220049652841, 'generation': 549}","{'id': 42739, 'rank': 28, 'fitness': 0.8009338538621626, 'generation': 549}","{'id': 42553, 'rank': 29, 'fitness': 0.4522073077805438, 'generation': 549}","{'id': 42725, 'rank': 30, 'fitness': 0.01798620996209155, 'generation': 549}"
"{'id': 42690, 'rank': 1, 'fitness': 0.9820137900379085, 'generation': 550}","{'id': 42772, 'rank': 2, 'fitness': 0.967555484096009, 'generation': 550}","{'id': 42772, 'rank': 3, 'fitness': 0.967555484096009, 'generation': 550}","{'id': 42692, 'rank': 4, 'fitness': 0.9624492100620897, 'generation': 550}","{'id': 42692, 'rank': 5, 'fitness': 0.9624492100620897, 'generation': 550}","{'id': 42618, 'rank': 6, 'fitness': 0.9605478053495806, 'generation': 550}","{'id': 42790, 'rank': 7, 'fitness': 0.9425301024007893, 'generation': 550}","{'id': 42693, 'rank': 8, 'fitness': 0.9418778380061161, 'generation': 550}","{'id': 42724, 'rank': 9, 'fitness': 0.9299786301533793, 'generation': 550}","{'id': 42803, 'rank': 10, 'fitness': 0.9275610115948354, 'generation': 550}","{'id': 42803, 'rank': 11, 'fitness': 0.9275610115948354, 'generation': 550}","{'id': 42821, 'rank': 12, 'fitness': 0.9218741037467194, 'generation': 550}","{'id': 42795, 'rank': 13, 'fitness': 0.9146549749685826, 'generation': 550}","{'id': 42773, 'rank': 14, 'fitness': 0.912239370560818, 'generation': 550}","{'id': 42791, 'rank': 15, 'fitness': 0.9039908235644081, 'generation': 550}","{'id': 42791, 'rank': 16, 'fitness': 0.9039908235644081, 'generation': 550}","{'id': 42624, 'rank': 17, 'fitness': 0.899179206341208, 'generation': 550}","{'id': 42721, 'rank': 18, 'fitness': 0.8695547290755496, 'generation': 550}","{'id': 42721, 'rank': 19, 'fitness': 0.8695547290755496, 'generation': 550}","{'id': 42789, 'rank': 20, 'fitness': 0.837007131265576, 'generation': 550}","{'id': 42820, 'rank': 21, 'fitness': 0.5344418153671051, 'generation': 550}","{'id': 42779, 'rank': 22, 'fitness': 0.526977616086513, 'generation': 550}","{'id': 42779, 'rank': 23, 'fitness': 0.526977616086513, 'generation': 550}","{'id': 42809, 'rank': 24, 'fitness': 0.35584501988476697, 'generation': 550}","{'id': 42818, 'rank': 25, 'fitness': 0.33110810749823844, 'generation': 550}","{'id': 42765, 'rank': 26, 'fitness': 0.29732372177389654, 'generation': 550}","{'id': 42777, 'rank': 27, 'fitness': 0.15364585902400796, 'generation': 550}","{'id': 42776, 'rank': 28, 'fitness': 0.08130053473455545, 'generation': 550}","{'id': 42763, 'rank': 29, 'fitness': 0.028078136749128513, 'generation': 550}","{'id': 42783, 'rank': 30, 'fitness': 0.01798620996209155, 'generation': 550}"
"{'id': 42907, 'rank': 1, 'fitness': 0.9820137900379085, 'generation': 551}","{'id': 42690, 'rank': 2, 'fitness': 0.9816535557642565, 'generation': 551}","{'id': 42898, 'rank': 3, 'fitness': 0.9788374574961936, 'generation': 551}","{'id': 42772, 'rank': 4, 'fitness': 0.9784977126225342, 'generation': 551}","{'id': 42692, 'rank': 5, 'fitness': 0.9776276343939454, 'generation': 551}","{'id': 42790, 'rank': 6, 'fitness': 0.9748577754291767, 'generation': 551}","{'id': 42803, 'rank': 7, 'fitness': 0.973181242797367, 'generation': 551}","{'id': 42773, 'rank': 8, 'fitness': 0.9716847166366769, 'generation': 551}","{'id': 42791, 'rank': 9, 'fitness': 0.9709467784219421, 'generation': 551}","{'id': 42624, 'rank': 10, 'fitness': 0.970534257847415, 'generation': 551}","{'id': 42721, 'rank': 11, 'fitness': 0.9682212959582144, 'generation': 551}","{'id': 42899, 'rank': 12, 'fitness': 0.9671179935994558, 'generation': 551}","{'id': 42869, 'rank': 13, 'fitness': 0.9650194626049132, 'generation': 551}","{'id': 42872, 'rank': 14, 'fitness': 0.9649160379909865, 'generation': 551}","{'id': 42872, 'rank': 15, 'fitness': 0.9649160379909865, 'generation': 551}","{'id': 42896, 'rank': 16, 'fitness': 0.9648751619703367, 'generation': 551}","{'id': 42870, 'rank': 17, 'fitness': 0.9623767421380631, 'generation': 551}","{'id': 42909, 'rank': 18, 'fitness': 0.9568614046550066, 'generation': 551}","{'id': 42895, 'rank': 19, 'fitness': 0.9559485697842139, 'generation': 551}","{'id': 42897, 'rank': 20, 'fitness': 0.951176924499135, 'generation': 551}","{'id': 42779, 'rank': 21, 'fitness': 0.9496740928196834, 'generation': 551}","{'id': 42876, 'rank': 22, 'fitness': 0.9222302487519893, 'generation': 551}","{'id': 42876, 'rank': 23, 'fitness': 0.9222302487519893, 'generation': 551}","{'id': 42777, 'rank': 24, 'fitness': 0.9206901364802393, 'generation': 551}","{'id': 42841, 'rank': 25, 'fitness': 0.891669515932719, 'generation': 551}","{'id': 42836, 'rank': 26, 'fitness': 0.8463745421961536, 'generation': 551}","{'id': 42845, 'rank': 27, 'fitness': 0.7694728169084741, 'generation': 551}","{'id': 42902, 'rank': 28, 'fitness': 0.238258707153493, 'generation': 551}","{'id': 42891, 'rank': 29, 'fitness': 0.2210848843788889, 'generation': 551}","{'id': 42849, 'rank': 30, 'fitness': 0.01798620996209155, 'generation': 551}"
"{'id': 42961, 'rank': 1, 'fitness': 0.9820137900379085, 'generation': 552}","{'id': 42690, 'rank': 2, 'fitness': 0.9807138960529522, 'generation': 552}","{'id': 42692, 'rank': 3, 'fitness': 0.978312807420018, 'generation': 552}","{'id': 42692, 'rank': 4, 'fitness': 0.978312807420018, 'generation': 552}","{'id': 42930, 'rank': 5, 'fitness': 0.9773934528546355, 'generation': 552}","{'id': 42930, 'rank': 6, 'fitness': 0.9773934528546355, 'generation': 552}","{'id': 42930, 'rank': 7, 'fitness': 0.9773934528546355, 'generation': 552}","{'id': 42791, 'rank': 8, 'fitness': 0.9746791073743175, 'generation': 552}","{'id': 42791, 'rank': 9, 'fitness': 0.9746791073743175, 'generation': 552}","{'id': 42977, 'rank': 10, 'fitness': 0.9730375143294219, 'generation': 552}","{'id': 42977, 'rank': 11, 'fitness': 0.9730375143294219, 'generation': 552}","{'id': 42982, 'rank': 12, 'fitness': 0.9727795438878298, 'generation': 552}","{'id': 42979, 'rank': 13, 'fitness': 0.9720099120890133, 'generation': 552}","{'id': 42869, 'rank': 14, 'fitness': 0.9717231696955833, 'generation': 552}","{'id': 42869, 'rank': 15, 'fitness': 0.9717231696955833, 'generation': 552}","{'id': 42870, 'rank': 16, 'fitness': 0.9704685543021697, 'generation': 552}","{'id': 42895, 'rank': 17, 'fitness': 0.9675495100168525, 'generation': 552}","{'id': 42966, 'rank': 18, 'fitness': 0.965917400575214, 'generation': 552}","{'id': 42897, 'rank': 19, 'fitness': 0.9654855547151786, 'generation': 552}","{'id': 42959, 'rank': 20, 'fitness': 0.9630660855199809, 'generation': 552}","{'id': 42978, 'rank': 21, 'fitness': 0.9617275739610534, 'generation': 552}","{'id': 42973, 'rank': 22, 'fitness': 0.9616272918784438, 'generation': 552}","{'id': 42920, 'rank': 23, 'fitness': 0.9363265371992843, 'generation': 552}","{'id': 42932, 'rank': 24, 'fitness': 0.9327878457480547, 'generation': 552}","{'id': 42917, 'rank': 25, 'fitness': 0.9319021462924546, 'generation': 552}","{'id': 42942, 'rank': 26, 'fitness': 0.9156970319593625, 'generation': 552}","{'id': 42923, 'rank': 27, 'fitness': 0.7943264604655842, 'generation': 552}","{'id': 42971, 'rank': 28, 'fitness': 0.764965626228909, 'generation': 552}","{'id': 42951, 'rank': 29, 'fitness': 0.5778616119429277, 'generation': 552}","{'id': 42921, 'rank': 30, 'fitness': 0.01798620996209155, 'generation': 552}"
"{'id': 42692, 'rank': 1, 'fitness': 0.9820137900379085, 'generation': 553}","{'id': 42986, 'rank': 2, 'fitness': 0.9809051135421647, 'generation': 553}","{'id': 43017, 'rank': 3, 'fitness': 0.9780702013990024, 'generation': 553}","{'id': 43025, 'rank': 4, 'fitness': 0.97573764952043, 'generation': 553}","{'id': 42791, 'rank': 5, 'fitness': 0.9746956920514367, 'generation': 553}","{'id': 42977, 'rank': 6, 'fitness': 0.9709512388458913, 'generation': 553}","{'id': 42977, 'rank': 7, 'fitness': 0.9709512388458913, 'generation': 553}","{'id': 43003, 'rank': 8, 'fitness': 0.9707267330575966, 'generation': 553}","{'id': 43012, 'rank': 9, 'fitness': 0.970018422926648, 'generation': 553}","{'id': 42979, 'rank': 10, 'fitness': 0.9684682207305045, 'generation': 553}","{'id': 43008, 'rank': 11, 'fitness': 0.9682746447077376, 'generation': 553}","{'id': 42869, 'rank': 12, 'fitness': 0.9677562650318234, 'generation': 553}","{'id': 43022, 'rank': 13, 'fitness': 0.9664616529259896, 'generation': 553}","{'id': 43020, 'rank': 14, 'fitness': 0.9612166554859665, 'generation': 553}","{'id': 43033, 'rank': 15, 'fitness': 0.9601079913996906, 'generation': 553}","{'id': 43018, 'rank': 16, 'fitness': 0.9587782235803628, 'generation': 553}","{'id': 43018, 'rank': 17, 'fitness': 0.9587782235803628, 'generation': 553}","{'id': 42895, 'rank': 18, 'fitness': 0.9564545217961983, 'generation': 553}","{'id': 43023, 'rank': 19, 'fitness': 0.9551852178422875, 'generation': 553}","{'id': 43051, 'rank': 20, 'fitness': 0.9547996251945934, 'generation': 553}","{'id': 43000, 'rank': 21, 'fitness': 0.9429835930628657, 'generation': 553}","{'id': 43000, 'rank': 22, 'fitness': 0.9429835930628657, 'generation': 553}","{'id': 42959, 'rank': 23, 'fitness': 0.9423839129273722, 'generation': 553}","{'id': 42973, 'rank': 24, 'fitness': 0.9374548376182886, 'generation': 553}","{'id': 42973, 'rank': 25, 'fitness': 0.9374548376182886, 'generation': 553}","{'id': 42991, 'rank': 26, 'fitness': 0.8514109307193066, 'generation': 553}","{'id': 42991, 'rank': 27, 'fitness': 0.8514109307193066, 'generation': 553}","{'id': 43050, 'rank': 28, 'fitness': 0.43407331460751286, 'generation': 553}","{'id': 42923, 'rank': 29, 'fitness': 0.19697657016298004, 'generation': 553}","{'id': 42987, 'rank': 30, 'fitness': 0.01798620996209155, 'generation': 553}"
"{'id': 43112, 'rank': 1, 'fitness': 0.9820137900379085, 'generation': 554}","{'id': 42692, 'rank': 2, 'fitness': 0.9817275799876216, 'generation': 554}","{'id': 43111, 'rank': 3, 'fitness': 0.9623611070058193, 'generation': 554}","{'id': 42791, 'rank': 4, 'fitness': 0.9555153610614211, 'generation': 554}","{'id': 42791, 'rank': 5, 'fitness': 0.9555153610614211, 'generation': 554}","{'id': 43126, 'rank': 6, 'fitness': 0.9540111017658022, 'generation': 554}","{'id': 43126, 'rank': 7, 'fitness': 0.9540111017658022, 'generation': 554}","{'id': 43137, 'rank': 8, 'fitness': 0.9427395979680546, 'generation': 554}","{'id': 42977, 'rank': 9, 'fitness': 0.9366899940150808, 'generation': 554}","{'id': 43003, 'rank': 10, 'fitness': 0.9354427649220818, 'generation': 554}","{'id': 43055, 'rank': 11, 'fitness': 0.9318490982908587, 'generation': 554}","{'id': 43055, 'rank': 12, 'fitness': 0.9318490982908587, 'generation': 554}","{'id': 43134, 'rank': 13, 'fitness': 0.9315257187706955, 'generation': 554}","{'id': 43134, 'rank': 14, 'fitness': 0.9315257187706955, 'generation': 554}","{'id': 43008, 'rank': 15, 'fitness': 0.9209562930663799, 'generation': 554}","{'id': 43124, 'rank': 16, 'fitness': 0.8275310562500917, 'generation': 554}","{'id': 43023, 'rank': 17, 'fitness': 0.8193330660619678, 'generation': 554}","{'id': 43066, 'rank': 18, 'fitness': 0.7817844143259155, 'generation': 554}","{'id': 43099, 'rank': 19, 'fitness': 0.7630520792245361, 'generation': 554}","{'id': 43100, 'rank': 20, 'fitness': 0.7344177155504968, 'generation': 554}","{'id': 43083, 'rank': 21, 'fitness': 0.6789650366510682, 'generation': 554}","{'id': 43083, 'rank': 22, 'fitness': 0.6789650366510682, 'generation': 554}","{'id': 43101, 'rank': 23, 'fitness': 0.6635538152107776, 'generation': 554}","{'id': 42973, 'rank': 24, 'fitness': 0.6425642152330067, 'generation': 554}","{'id': 43090, 'rank': 25, 'fitness': 0.5536502102684516, 'generation': 554}","{'id': 43090, 'rank': 26, 'fitness': 0.5536502102684516, 'generation': 554}","{'id': 43115, 'rank': 27, 'fitness': 0.49329550114680726, 'generation': 554}","{'id': 43138, 'rank': 28, 'fitness': 0.1325407099990904, 'generation': 554}","{'id': 42991, 'rank': 29, 'fitness': 0.1255821562273528, 'generation': 554}","{'id': 43140, 'rank': 30, 'fitness': 0.01798620996209155, 'generation': 554}"
"{'id': 43195, 'rank': 1, 'fitness': 0.9820137900379085, 'generation': 555}","{'id': 43111, 'rank': 2, 'fitness': 0.9814192452443252, 'generation': 555}","{'id': 42791, 'rank': 3, 'fitness': 0.9812949553908383, 'generation': 555}","{'id': 43126, 'rank': 4, 'fitness': 0.9812700121776133, 'generation': 555}","{'id': 43055, 'rank': 5, 'fitness': 0.9809689745671275, 'generation': 555}","{'id': 43055, 'rank': 6, 'fitness': 0.9809689745671275, 'generation': 555}","{'id': 43134, 'rank': 7, 'fitness': 0.9809652759646279, 'generation': 555}","{'id': 43197, 'rank': 8, 'fitness': 0.9809576182745998, 'generation': 555}","{'id': 43184, 'rank': 9, 'fitness': 0.9805036785432042, 'generation': 555}","{'id': 43184, 'rank': 10, 'fitness': 0.9805036785432042, 'generation': 555}","{'id': 43185, 'rank': 11, 'fitness': 0.9803441283412244, 'generation': 555}","{'id': 43185, 'rank': 12, 'fitness': 0.9803441283412244, 'generation': 555}","{'id': 43124, 'rank': 13, 'fitness': 0.9801915781074411, 'generation': 555}","{'id': 43099, 'rank': 14, 'fitness': 0.9798874640390463, 'generation': 555}","{'id': 43151, 'rank': 15, 'fitness': 0.9798360666342075, 'generation': 555}","{'id': 43083, 'rank': 16, 'fitness': 0.9795618290477637, 'generation': 555}","{'id': 43159, 'rank': 17, 'fitness': 0.9794181600414794, 'generation': 555}","{'id': 43149, 'rank': 18, 'fitness': 0.979196316764814, 'generation': 555}","{'id': 43183, 'rank': 19, 'fitness': 0.9791832849788047, 'generation': 555}","{'id': 43183, 'rank': 20, 'fitness': 0.9791832849788047, 'generation': 555}","{'id': 43160, 'rank': 21, 'fitness': 0.9788204738922522, 'generation': 555}","{'id': 43157, 'rank': 22, 'fitness': 0.9780789173022431, 'generation': 555}","{'id': 43164, 'rank': 23, 'fitness': 0.9776589793668695, 'generation': 555}","{'id': 43150, 'rank': 24, 'fitness': 0.9775529079043165, 'generation': 555}","{'id': 43176, 'rank': 25, 'fitness': 0.9762793269328993, 'generation': 555}","{'id': 43173, 'rank': 26, 'fitness': 0.9749426372289918, 'generation': 555}","{'id': 43148, 'rank': 27, 'fitness': 0.9743987080728691, 'generation': 555}","{'id': 43171, 'rank': 28, 'fitness': 0.9061554448672989, 'generation': 555}","{'id': 43152, 'rank': 29, 'fitness': 0.6934421978250664, 'generation': 555}","{'id': 43161, 'rank': 30, 'fitness': 0.01798620996209155, 'generation': 555}"
"{'id': 43195, 'rank': 1, 'fitness': 0.9820137900379085, 'generation': 556}","{'id': 43240, 'rank': 2, 'fitness': 0.971366840067579, 'generation': 556}","{'id': 43283, 'rank': 3, 'fitness': 0.9622149099234506, 'generation': 556}","{'id': 43111, 'rank': 4, 'fitness': 0.9614973270073561, 'generation': 556}","{'id': 43289, 'rank': 5, 'fitness': 0.9592633964405626, 'generation': 556}","{'id': 42791, 'rank': 6, 'fitness': 0.9550985550786303, 'generation': 556}","{'id': 43275, 'rank': 7, 'fitness': 0.9447698594476162, 'generation': 556}","{'id': 43287, 'rank': 8, 'fitness': 0.9343394092795064, 'generation': 556}","{'id': 43055, 'rank': 9, 'fitness': 0.9334864614775035, 'generation': 556}","{'id': 43284, 'rank': 10, 'fitness': 0.9204755197264136, 'generation': 556}","{'id': 43297, 'rank': 11, 'fitness': 0.9189972658422916, 'generation': 556}","{'id': 43278, 'rank': 12, 'fitness': 0.9189416699297281, 'generation': 556}","{'id': 43277, 'rank': 13, 'fitness': 0.8662674638500086, 'generation': 556}","{'id': 43264, 'rank': 14, 'fitness': 0.8537955988817502, 'generation': 556}","{'id': 43124, 'rank': 15, 'fitness': 0.8425592592656286, 'generation': 556}","{'id': 43310, 'rank': 16, 'fitness': 0.8320180642877324, 'generation': 556}","{'id': 43306, 'rank': 17, 'fitness': 0.8198793102576423, 'generation': 556}","{'id': 43294, 'rank': 18, 'fitness': 0.764371969917857, 'generation': 556}","{'id': 43302, 'rank': 19, 'fitness': 0.6997772493412094, 'generation': 556}","{'id': 43159, 'rank': 20, 'fitness': 0.680117548821002, 'generation': 556}","{'id': 43261, 'rank': 21, 'fitness': 0.6478326681145419, 'generation': 556}","{'id': 43149, 'rank': 22, 'fitness': 0.6214728299029709, 'generation': 556}","{'id': 43160, 'rank': 23, 'fitness': 0.5159798361770711, 'generation': 556}","{'id': 43260, 'rank': 24, 'fitness': 0.4578296721251403, 'generation': 556}","{'id': 43260, 'rank': 25, 'fitness': 0.4578296721251403, 'generation': 556}","{'id': 43234, 'rank': 26, 'fitness': 0.3377376311584317, 'generation': 556}","{'id': 43234, 'rank': 27, 'fitness': 0.3377376311584317, 'generation': 556}","{'id': 43225, 'rank': 28, 'fitness': 0.259149827093533, 'generation': 556}","{'id': 43273, 'rank': 29, 'fitness': 0.024337251533463444, 'generation': 556}","{'id': 43173, 'rank': 30, 'fitness': 0.01798620996209155, 'generation': 556}"
"{'id': 43329, 'rank': 1, 'fitness': 0.9820137900379085, 'generation': 557}","{'id': 42791, 'rank': 2, 'fitness': 0.9790217196972009, 'generation': 557}","{'id': 42791, 'rank': 3, 'fitness': 0.9790217196972009, 'generation': 557}","{'id': 43275, 'rank': 4, 'fitness': 0.9777665093567673, 'generation': 557}","{'id': 43317, 'rank': 5, 'fitness': 0.9747604451418158, 'generation': 557}","{'id': 43341, 'rank': 6, 'fitness': 0.9735066138505688, 'generation': 557}","{'id': 43341, 'rank': 7, 'fitness': 0.9735066138505688, 'generation': 557}","{'id': 43277, 'rank': 8, 'fitness': 0.9712232684520917, 'generation': 557}","{'id': 43342, 'rank': 9, 'fitness': 0.9683206325911236, 'generation': 557}","{'id': 43342, 'rank': 10, 'fitness': 0.9683206325911236, 'generation': 557}","{'id': 43314, 'rank': 11, 'fitness': 0.9656490927572787, 'generation': 557}","{'id': 43314, 'rank': 12, 'fitness': 0.9656490927572787, 'generation': 557}","{'id': 43159, 'rank': 13, 'fitness': 0.9614075506348486, 'generation': 557}","{'id': 43338, 'rank': 14, 'fitness': 0.9589171910986477, 'generation': 557}","{'id': 43315, 'rank': 15, 'fitness': 0.9577247245924143, 'generation': 557}","{'id': 43160, 'rank': 16, 'fitness': 0.9537866501288048, 'generation': 557}","{'id': 43160, 'rank': 17, 'fitness': 0.9537866501288048, 'generation': 557}","{'id': 43260, 'rank': 18, 'fitness': 0.9509050128710489, 'generation': 557}","{'id': 43372, 'rank': 19, 'fitness': 0.9447835945539828, 'generation': 557}","{'id': 43376, 'rank': 20, 'fitness': 0.9441737585915146, 'generation': 557}","{'id': 43350, 'rank': 21, 'fitness': 0.9030888888281704, 'generation': 557}","{'id': 43343, 'rank': 22, 'fitness': 0.8952160694380663, 'generation': 557}","{'id': 43273, 'rank': 23, 'fitness': 0.8811827823079035, 'generation': 557}","{'id': 43344, 'rank': 24, 'fitness': 0.8747113661261252, 'generation': 557}","{'id': 43347, 'rank': 25, 'fitness': 0.8733717718796636, 'generation': 557}","{'id': 43331, 'rank': 26, 'fitness': 0.8289562704595053, 'generation': 557}","{'id': 43324, 'rank': 27, 'fitness': 0.676689974198283, 'generation': 557}","{'id': 43371, 'rank': 28, 'fitness': 0.6535578094809174, 'generation': 557}","{'id': 43319, 'rank': 29, 'fitness': 0.023159727052603996, 'generation': 557}","{'id': 43357, 'rank': 30, 'fitness': 0.01798620996209155, 'generation': 557}"
"{'id': 43392, 'rank': 1, 'fitness': 0.9820137900379085, 'generation': 558}","{'id': 43393, 'rank': 2, 'fitness': 0.9808911377444871, 'generation': 558}","{'id': 43393, 'rank': 3, 'fitness': 0.9808911377444871, 'generation': 558}","{'id': 42791, 'rank': 4, 'fitness': 0.9785459201049028, 'generation': 558}","{'id': 42791, 'rank': 5, 'fitness': 0.9785459201049028, 'generation': 558}","{'id': 43394, 'rank': 6, 'fitness': 0.9780533266062224, 'generation': 558}","{'id': 43399, 'rank': 7, 'fitness': 0.9776110680370008, 'generation': 558}","{'id': 43275, 'rank': 8, 'fitness': 0.9767617778440334, 'generation': 558}","{'id': 43402, 'rank': 9, 'fitness': 0.9767615257412233, 'generation': 558}","{'id': 43395, 'rank': 10, 'fitness': 0.9758103952117017, 'generation': 558}","{'id': 43395, 'rank': 11, 'fitness': 0.9758103952117017, 'generation': 558}","{'id': 43341, 'rank': 12, 'fitness': 0.9704388543113074, 'generation': 558}","{'id': 43385, 'rank': 13, 'fitness': 0.9693082926089276, 'generation': 558}","{'id': 43384, 'rank': 14, 'fitness': 0.9578682630848845, 'generation': 558}","{'id': 43384, 'rank': 15, 'fitness': 0.9578682630848845, 'generation': 558}","{'id': 43384, 'rank': 16, 'fitness': 0.9578682630848845, 'generation': 558}","{'id': 43397, 'rank': 17, 'fitness': 0.9559054783540205, 'generation': 558}","{'id': 43412, 'rank': 18, 'fitness': 0.9536700171151837, 'generation': 558}","{'id': 43460, 'rank': 19, 'fitness': 0.9393524714966317, 'generation': 558}","{'id': 43460, 'rank': 20, 'fitness': 0.9393524714966317, 'generation': 558}","{'id': 43390, 'rank': 21, 'fitness': 0.9335164011261028, 'generation': 558}","{'id': 43420, 'rank': 22, 'fitness': 0.928725501357319, 'generation': 558}","{'id': 43420, 'rank': 23, 'fitness': 0.928725501357319, 'generation': 558}","{'id': 43396, 'rank': 24, 'fitness': 0.927449772226364, 'generation': 558}","{'id': 43426, 'rank': 25, 'fitness': 0.9251500258206817, 'generation': 558}","{'id': 43372, 'rank': 26, 'fitness': 0.919815070084216, 'generation': 558}","{'id': 43450, 'rank': 27, 'fitness': 0.876952311688769, 'generation': 558}","{'id': 43448, 'rank': 28, 'fitness': 0.872893581478996, 'generation': 558}","{'id': 43324, 'rank': 29, 'fitness': 0.389219379698909, 'generation': 558}","{'id': 43442, 'rank': 30, 'fitness': 0.01798620996209155, 'generation': 558}"
"{'id': 43393, 'rank': 1, 'fitness': 0.9820137900379085, 'generation': 559}","{'id': 43491, 'rank': 2, 'fitness': 0.9789667414464956, 'generation': 559}","{'id': 43517, 'rank': 3, 'fitness': 0.9732583931876201, 'generation': 559}","{'id': 43517, 'rank': 4, 'fitness': 0.9732583931876201, 'generation': 559}","{'id': 42791, 'rank': 5, 'fitness': 0.9725916621093496, 'generation': 559}","{'id': 43275, 'rank': 6, 'fitness': 0.9634256858624354, 'generation': 559}","{'id': 43395, 'rank': 7, 'fitness': 0.957761737704298, 'generation': 559}","{'id': 43395, 'rank': 8, 'fitness': 0.957761737704298, 'generation': 559}","{'id': 43519, 'rank': 9, 'fitness': 0.9494542269464754, 'generation': 559}","{'id': 43519, 'rank': 10, 'fitness': 0.9494542269464754, 'generation': 559}","{'id': 43489, 'rank': 11, 'fitness': 0.9470401812909204, 'generation': 559}","{'id': 43492, 'rank': 12, 'fitness': 0.9332989353824858, 'generation': 559}","{'id': 43471, 'rank': 13, 'fitness': 0.9308364969556385, 'generation': 559}","{'id': 43471, 'rank': 14, 'fitness': 0.9308364969556385, 'generation': 559}","{'id': 43385, 'rank': 15, 'fitness': 0.9027990784205117, 'generation': 559}","{'id': 43534, 'rank': 16, 'fitness': 0.898938607220628, 'generation': 559}","{'id': 43518, 'rank': 17, 'fitness': 0.7419044344261712, 'generation': 559}","{'id': 43518, 'rank': 18, 'fitness': 0.7419044344261712, 'generation': 559}","{'id': 43384, 'rank': 19, 'fitness': 0.7369376290471044, 'generation': 559}","{'id': 43488, 'rank': 20, 'fitness': 0.7012146167915558, 'generation': 559}","{'id': 43412, 'rank': 21, 'fitness': 0.660987791876212, 'generation': 559}","{'id': 43474, 'rank': 22, 'fitness': 0.5962834878842798, 'generation': 559}","{'id': 43535, 'rank': 23, 'fitness': 0.5769866726217969, 'generation': 559}","{'id': 43460, 'rank': 24, 'fitness': 0.40866489746892004, 'generation': 559}","{'id': 43420, 'rank': 25, 'fitness': 0.268985445947188, 'generation': 559}","{'id': 43420, 'rank': 26, 'fitness': 0.268985445947188, 'generation': 559}","{'id': 43531, 'rank': 27, 'fitness': 0.1455096447203847, 'generation': 559}","{'id': 43470, 'rank': 28, 'fitness': 0.11696310027270573, 'generation': 559}","{'id': 43500, 'rank': 29, 'fitness': 0.029526640747425836, 'generation': 559}","{'id': 43476, 'rank': 30, 'fitness': 0.01798620996209155, 'generation': 559}"
"{'id': 43393, 'rank': 1, 'fitness': 0.9820137900379085, 'generation': 560}","{'id': 43517, 'rank': 2, 'fitness': 0.9818132508043367, 'generation': 560}","{'id': 43517, 'rank': 3, 'fitness': 0.9818132508043367, 'generation': 560}","{'id': 43517, 'rank': 4, 'fitness': 0.9818132508043367, 'generation': 560}","{'id': 42791, 'rank': 5, 'fitness': 0.98180066254769, 'generation': 560}","{'id': 43275, 'rank': 6, 'fitness': 0.9816518310806386, 'generation': 560}","{'id': 43544, 'rank': 7, 'fitness': 0.9816449615186569, 'generation': 560}","{'id': 43552, 'rank': 8, 'fitness': 0.9815177675300852, 'generation': 560}","{'id': 43519, 'rank': 9, 'fitness': 0.9814814864855358, 'generation': 560}","{'id': 43519, 'rank': 10, 'fitness': 0.9814814864855358, 'generation': 560}","{'id': 43519, 'rank': 11, 'fitness': 0.9814814864855358, 'generation': 560}","{'id': 43554, 'rank': 12, 'fitness': 0.9809384750335772, 'generation': 560}","{'id': 43574, 'rank': 13, 'fitness': 0.9808910905489766, 'generation': 560}","{'id': 43518, 'rank': 14, 'fitness': 0.9805072682566641, 'generation': 560}","{'id': 43518, 'rank': 15, 'fitness': 0.9805072682566641, 'generation': 560}","{'id': 43488, 'rank': 16, 'fitness': 0.9803990540880163, 'generation': 560}","{'id': 43582, 'rank': 17, 'fitness': 0.9801539593517306, 'generation': 560}","{'id': 43582, 'rank': 18, 'fitness': 0.9801539593517306, 'generation': 560}","{'id': 43588, 'rank': 19, 'fitness': 0.9797846919860365, 'generation': 560}","{'id': 43588, 'rank': 20, 'fitness': 0.9797846919860365, 'generation': 560}","{'id': 43558, 'rank': 21, 'fitness': 0.9793154289202944, 'generation': 560}","{'id': 43561, 'rank': 22, 'fitness': 0.9789743251981038, 'generation': 560}","{'id': 43470, 'rank': 23, 'fitness': 0.9788004048990846, 'generation': 560}","{'id': 43500, 'rank': 24, 'fitness': 0.9779336869236472, 'generation': 560}","{'id': 43550, 'rank': 25, 'fitness': 0.9771182385690359, 'generation': 560}","{'id': 43578, 'rank': 26, 'fitness': 0.9760607658129142, 'generation': 560}","{'id': 43596, 'rank': 27, 'fitness': 0.9712951441694879, 'generation': 560}","{'id': 43598, 'rank': 28, 'fitness': 0.9680810030020869, 'generation': 560}","{'id': 43599, 'rank': 29, 'fitness': 0.9564492702171171, 'generation': 560}","{'id': 43606, 'rank': 30, 'fitness': 0.01798620996209155, 'generation': 560}"
"{'id': 43633, 'rank': 1, 'fitness': 0.9820137900379085, 'generation': 561}","{'id': 42791, 'rank': 2, 'fitness': 0.9783902187764477, 'generation': 561}","{'id': 43672, 'rank': 3, 'fitness': 0.9778478386378245, 'generation': 561}","{'id': 43666, 'rank': 4, 'fitness': 0.9759244197709128, 'generation': 561}","{'id': 43641, 'rank': 5, 'fitness': 0.9744813713232865, 'generation': 561}","{'id': 43544, 'rank': 6, 'fitness': 0.9727453780756029, 'generation': 561}","{'id': 43665, 'rank': 7, 'fitness': 0.966472965579347, 'generation': 561}","{'id': 43653, 'rank': 8, 'fitness': 0.9658597323634086, 'generation': 561}","{'id': 43519, 'rank': 9, 'fitness': 0.9653529438386608, 'generation': 561}","{'id': 43629, 'rank': 10, 'fitness': 0.9644188583050499, 'generation': 561}","{'id': 43654, 'rank': 11, 'fitness': 0.9639079982317771, 'generation': 561}","{'id': 43618, 'rank': 12, 'fitness': 0.9633510208947673, 'generation': 561}","{'id': 43652, 'rank': 13, 'fitness': 0.95376439704864, 'generation': 561}","{'id': 43674, 'rank': 14, 'fitness': 0.94980970736223, 'generation': 561}","{'id': 43671, 'rank': 15, 'fitness': 0.9380162597935617, 'generation': 561}","{'id': 43630, 'rank': 16, 'fitness': 0.9333706844393689, 'generation': 561}","{'id': 43682, 'rank': 17, 'fitness': 0.9290319803867338, 'generation': 561}","{'id': 43663, 'rank': 18, 'fitness': 0.9231632855708306, 'generation': 561}","{'id': 43651, 'rank': 19, 'fitness': 0.8878444623466831, 'generation': 561}","{'id': 43623, 'rank': 20, 'fitness': 0.8745798444357911, 'generation': 561}","{'id': 43622, 'rank': 21, 'fitness': 0.8298010941969083, 'generation': 561}","{'id': 43622, 'rank': 22, 'fitness': 0.8298010941969083, 'generation': 561}","{'id': 43676, 'rank': 23, 'fitness': 0.7994664252470599, 'generation': 561}","{'id': 43679, 'rank': 24, 'fitness': 0.7880662551916042, 'generation': 561}","{'id': 43627, 'rank': 25, 'fitness': 0.6776543121122076, 'generation': 561}","{'id': 43635, 'rank': 26, 'fitness': 0.3601898382921292, 'generation': 561}","{'id': 43635, 'rank': 27, 'fitness': 0.3601898382921292, 'generation': 561}","{'id': 43500, 'rank': 28, 'fitness': 0.17126461847547503, 'generation': 561}","{'id': 43637, 'rank': 29, 'fitness': 0.0637499040255532, 'generation': 561}","{'id': 43640, 'rank': 30, 'fitness': 0.01798620996209155, 'generation': 561}"
"{'id': 43633, 'rank': 1, 'fitness': 0.9820137900379085, 'generation': 562}","{'id': 42791, 'rank': 2, 'fitness': 0.9818558287993872, 'generation': 562}","{'id': 42791, 'rank': 3, 'fitness': 0.9818558287993872, 'generation': 562}","{'id': 43672, 'rank': 4, 'fitness': 0.9818343435874377, 'generation': 562}","{'id': 43696, 'rank': 5, 'fitness': 0.981774518958874, 'generation': 562}","{'id': 43696, 'rank': 6, 'fitness': 0.981774518958874, 'generation': 562}","{'id': 43544, 'rank': 7, 'fitness': 0.9816531927184667, 'generation': 562}","{'id': 43629, 'rank': 8, 'fitness': 0.9814159867715047, 'generation': 562}","{'id': 43654, 'rank': 9, 'fitness': 0.9814031573549717, 'generation': 562}","{'id': 43742, 'rank': 10, 'fitness': 0.9810322855955271, 'generation': 562}","{'id': 43742, 'rank': 11, 'fitness': 0.9810322855955271, 'generation': 562}","{'id': 43663, 'rank': 12, 'fitness': 0.98069696405824, 'generation': 562}","{'id': 43757, 'rank': 13, 'fitness': 0.9806397180877622, 'generation': 562}","{'id': 43732, 'rank': 14, 'fitness': 0.9801583734594794, 'generation': 562}","{'id': 43732, 'rank': 15, 'fitness': 0.9801583734594794, 'generation': 562}","{'id': 43622, 'rank': 16, 'fitness': 0.9798679974420575, 'generation': 562}","{'id': 43756, 'rank': 17, 'fitness': 0.9796945447100539, 'generation': 562}","{'id': 43756, 'rank': 18, 'fitness': 0.9796945447100539, 'generation': 562}","{'id': 43727, 'rank': 19, 'fitness': 0.9795677783083843, 'generation': 562}","{'id': 43714, 'rank': 20, 'fitness': 0.9793803928077851, 'generation': 562}","{'id': 43627, 'rank': 21, 'fitness': 0.9790634500840496, 'generation': 562}","{'id': 43738, 'rank': 22, 'fitness': 0.9781097645842034, 'generation': 562}","{'id': 43635, 'rank': 23, 'fitness': 0.9777396887850889, 'generation': 562}","{'id': 43635, 'rank': 24, 'fitness': 0.9777396887850889, 'generation': 562}","{'id': 43753, 'rank': 25, 'fitness': 0.9775498372857627, 'generation': 562}","{'id': 43686, 'rank': 26, 'fitness': 0.9711075755989421, 'generation': 562}","{'id': 43722, 'rank': 27, 'fitness': 0.9709249853750805, 'generation': 562}","{'id': 43764, 'rank': 28, 'fitness': 0.956217203314409, 'generation': 562}","{'id': 43690, 'rank': 29, 'fitness': 0.8583003707073378, 'generation': 562}","{'id': 43745, 'rank': 30, 'fitness': 0.01798620996209155, 'generation': 562}"
"{'id': 43633, 'rank': 1, 'fitness': 0.9820137900379085, 'generation': 563}","{'id': 43779, 'rank': 2, 'fitness': 0.9816386845855826, 'generation': 563}","{'id': 43845, 'rank': 3, 'fitness': 0.9794477192301337, 'generation': 563}","{'id': 43841, 'rank': 4, 'fitness': 0.9776176039241293, 'generation': 563}","{'id': 43770, 'rank': 5, 'fitness': 0.9770807317749663, 'generation': 563}","{'id': 43831, 'rank': 6, 'fitness': 0.9761197665461482, 'generation': 563}","{'id': 43831, 'rank': 7, 'fitness': 0.9761197665461482, 'generation': 563}","{'id': 43629, 'rank': 8, 'fitness': 0.9760887697844589, 'generation': 563}","{'id': 43629, 'rank': 9, 'fitness': 0.9760887697844589, 'generation': 563}","{'id': 43786, 'rank': 10, 'fitness': 0.9755603642821775, 'generation': 563}","{'id': 43786, 'rank': 11, 'fitness': 0.9755603642821775, 'generation': 563}","{'id': 43766, 'rank': 12, 'fitness': 0.973282352379589, 'generation': 563}","{'id': 43742, 'rank': 13, 'fitness': 0.9714561719307402, 'generation': 563}","{'id': 43742, 'rank': 14, 'fitness': 0.9714561719307402, 'generation': 563}","{'id': 43857, 'rank': 15, 'fitness': 0.9702544991686317, 'generation': 563}","{'id': 43783, 'rank': 16, 'fitness': 0.9694222295949828, 'generation': 563}","{'id': 43781, 'rank': 17, 'fitness': 0.967300341489519, 'generation': 563}","{'id': 43787, 'rank': 18, 'fitness': 0.964624290123914, 'generation': 563}","{'id': 43771, 'rank': 19, 'fitness': 0.9628115643424241, 'generation': 563}","{'id': 43782, 'rank': 20, 'fitness': 0.961173410614587, 'generation': 563}","{'id': 43826, 'rank': 21, 'fitness': 0.9594429578330366, 'generation': 563}","{'id': 43809, 'rank': 22, 'fitness': 0.9580363208980067, 'generation': 563}","{'id': 43732, 'rank': 23, 'fitness': 0.9579641874979263, 'generation': 563}","{'id': 43792, 'rank': 24, 'fitness': 0.9537802296314659, 'generation': 563}","{'id': 43832, 'rank': 25, 'fitness': 0.9502374240098193, 'generation': 563}","{'id': 43756, 'rank': 26, 'fitness': 0.9488457099478016, 'generation': 563}","{'id': 43791, 'rank': 27, 'fitness': 0.946684688134035, 'generation': 563}","{'id': 43854, 'rank': 28, 'fitness': 0.8969459535647388, 'generation': 563}","{'id': 43722, 'rank': 29, 'fitness': 0.4273888510038164, 'generation': 563}","{'id': 43764, 'rank': 30, 'fitness': 0.01798620996209155, 'generation': 563}"
"{'id': 43927, 'rank': 1, 'fitness': 0.9820137900379085, 'generation': 564}","{'id': 43927, 'rank': 2, 'fitness': 0.9820137900379085, 'generation': 564}","{'id': 43867, 'rank': 3, 'fitness': 0.9792727886398205, 'generation': 564}","{'id': 43841, 'rank': 4, 'fitness': 0.9732425545033294, 'generation': 564}","{'id': 43770, 'rank': 5, 'fitness': 0.9708438572770448, 'generation': 564}","{'id': 43629, 'rank': 6, 'fitness': 0.966022905316719, 'generation': 564}","{'id': 43786, 'rank': 7, 'fitness': 0.9632412840888945, 'generation': 564}","{'id': 43783, 'rank': 8, 'fitness': 0.9188599180592081, 'generation': 564}","{'id': 43912, 'rank': 9, 'fitness': 0.9060226980169334, 'generation': 564}","{'id': 43923, 'rank': 10, 'fitness': 0.8748898709088672, 'generation': 564}","{'id': 43787, 'rank': 11, 'fitness': 0.8673929274247838, 'generation': 564}","{'id': 43787, 'rank': 12, 'fitness': 0.8673929274247838, 'generation': 564}","{'id': 43919, 'rank': 13, 'fitness': 0.8496249529648104, 'generation': 564}","{'id': 43771, 'rank': 14, 'fitness': 0.8441277213153311, 'generation': 564}","{'id': 43910, 'rank': 15, 'fitness': 0.8296471123466211, 'generation': 564}","{'id': 43782, 'rank': 16, 'fitness': 0.8214321647212111, 'generation': 564}","{'id': 43928, 'rank': 17, 'fitness': 0.8206735132376362, 'generation': 564}","{'id': 43921, 'rank': 18, 'fitness': 0.7774268913929103, 'generation': 564}","{'id': 43732, 'rank': 19, 'fitness': 0.7728877297548806, 'generation': 564}","{'id': 43879, 'rank': 20, 'fitness': 0.7005726763555067, 'generation': 564}","{'id': 43918, 'rank': 21, 'fitness': 0.678044876970606, 'generation': 564}","{'id': 43950, 'rank': 22, 'fitness': 0.6270136231822732, 'generation': 564}","{'id': 43949, 'rank': 23, 'fitness': 0.556957137969647, 'generation': 564}","{'id': 43878, 'rank': 24, 'fitness': 0.5398057475733473, 'generation': 564}","{'id': 43952, 'rank': 25, 'fitness': 0.37909740344797344, 'generation': 564}","{'id': 43914, 'rank': 26, 'fitness': 0.3542381873538836, 'generation': 564}","{'id': 43955, 'rank': 27, 'fitness': 0.096632969530977, 'generation': 564}","{'id': 43862, 'rank': 28, 'fitness': 0.04254253230732408, 'generation': 564}","{'id': 43862, 'rank': 29, 'fitness': 0.04254253230732408, 'generation': 564}","{'id': 43864, 'rank': 30, 'fitness': 0.01798620996209155, 'generation': 564}"
"{'id': 43986, 'rank': 1, 'fitness': 0.9820137900379085, 'generation': 565}","{'id': 43927, 'rank': 2, 'fitness': 0.9819624677099046, 'generation': 565}","{'id': 43927, 'rank': 3, 'fitness': 0.9819624677099046, 'generation': 565}","{'id': 43867, 'rank': 4, 'fitness': 0.9819337232059134, 'generation': 565}","{'id': 43841, 'rank': 5, 'fitness': 0.9818816313194203, 'generation': 565}","{'id': 43841, 'rank': 6, 'fitness': 0.9818816313194203, 'generation': 565}","{'id': 43770, 'rank': 7, 'fitness': 0.9818640070692538, 'generation': 565}","{'id': 43629, 'rank': 8, 'fitness': 0.9818324365649769, 'generation': 565}","{'id': 43962, 'rank': 9, 'fitness': 0.981750011183258, 'generation': 565}","{'id': 43984, 'rank': 10, 'fitness': 0.9816342814488375, 'generation': 565}","{'id': 43912, 'rank': 11, 'fitness': 0.9816148864300116, 'generation': 565}","{'id': 43787, 'rank': 12, 'fitness': 0.9815362341744076, 'generation': 565}","{'id': 43787, 'rank': 13, 'fitness': 0.9815362341744076, 'generation': 565}","{'id': 43771, 'rank': 14, 'fitness': 0.9814978267708878, 'generation': 565}","{'id': 43910, 'rank': 15, 'fitness': 0.9814762046921208, 'generation': 565}","{'id': 43918, 'rank': 16, 'fitness': 0.9813045509435789, 'generation': 565}","{'id': 43995, 'rank': 17, 'fitness': 0.9812855251524941, 'generation': 565}","{'id': 43994, 'rank': 18, 'fitness': 0.9812172753308945, 'generation': 565}","{'id': 43878, 'rank': 19, 'fitness': 0.9811837946392086, 'generation': 565}","{'id': 43961, 'rank': 20, 'fitness': 0.980791410922131, 'generation': 565}","{'id': 44002, 'rank': 21, 'fitness': 0.9790546396102913, 'generation': 565}","{'id': 44003, 'rank': 22, 'fitness': 0.9764303844908506, 'generation': 565}","{'id': 43979, 'rank': 23, 'fitness': 0.9715559185478684, 'generation': 565}","{'id': 43981, 'rank': 24, 'fitness': 0.9713819343093026, 'generation': 565}","{'id': 44010, 'rank': 25, 'fitness': 0.968861106639755, 'generation': 565}","{'id': 44010, 'rank': 26, 'fitness': 0.968861106639755, 'generation': 565}","{'id': 44018, 'rank': 27, 'fitness': 0.9616954303757983, 'generation': 565}","{'id': 44013, 'rank': 28, 'fitness': 0.8976519548811766, 'generation': 565}","{'id': 44013, 'rank': 29, 'fitness': 0.8976519548811766, 'generation': 565}","{'id': 43965, 'rank': 30, 'fitness': 0.01798620996209155, 'generation': 565}"
"{'id': 43986, 'rank': 1, 'fitness': 0.9820137900379085, 'generation': 566}","{'id': 43986, 'rank': 2, 'fitness': 0.9820137900379085, 'generation': 566}","{'id': 44042, 'rank': 3, 'fitness': 0.9813626990606014, 'generation': 566}","{'id': 44042, 'rank': 4, 'fitness': 0.9813626990606014, 'generation': 566}","{'id': 44042, 'rank': 5, 'fitness': 0.9813626990606014, 'generation': 566}","{'id': 43927, 'rank': 6, 'fitness': 0.9812682324327309, 'generation': 566}","{'id': 44115, 'rank': 7, 'fitness': 0.9807586212211405, 'generation': 566}","{'id': 44115, 'rank': 8, 'fitness': 0.9807586212211405, 'generation': 566}","{'id': 44092, 'rank': 9, 'fitness': 0.9800395145261166, 'generation': 566}","{'id': 43841, 'rank': 10, 'fitness': 0.9800366145078475, 'generation': 566}","{'id': 44040, 'rank': 11, 'fitness': 0.9790756500138922, 'generation': 566}","{'id': 43962, 'rank': 12, 'fitness': 0.9778726961230619, 'generation': 566}","{'id': 44025, 'rank': 13, 'fitness': 0.9774107974711385, 'generation': 566}","{'id': 44028, 'rank': 14, 'fitness': 0.9764105632771256, 'generation': 566}","{'id': 44024, 'rank': 15, 'fitness': 0.9759375043626182, 'generation': 566}","{'id': 43912, 'rank': 16, 'fitness': 0.9754315390902257, 'generation': 566}","{'id': 44041, 'rank': 17, 'fitness': 0.9753557831072082, 'generation': 566}","{'id': 44046, 'rank': 18, 'fitness': 0.9727645496936157, 'generation': 566}","{'id': 44077, 'rank': 19, 'fitness': 0.9719692777544122, 'generation': 566}","{'id': 44051, 'rank': 20, 'fitness': 0.9715806832917896, 'generation': 566}","{'id': 44076, 'rank': 21, 'fitness': 0.9700056621542963, 'generation': 566}","{'id': 43994, 'rank': 22, 'fitness': 0.966771197713318, 'generation': 566}","{'id': 43994, 'rank': 23, 'fitness': 0.966771197713318, 'generation': 566}","{'id': 44039, 'rank': 24, 'fitness': 0.9666770178392983, 'generation': 566}","{'id': 43878, 'rank': 25, 'fitness': 0.9659296467187237, 'generation': 566}","{'id': 44002, 'rank': 26, 'fitness': 0.8563272339825339, 'generation': 566}","{'id': 44070, 'rank': 27, 'fitness': 0.8151209596850153, 'generation': 566}","{'id': 44055, 'rank': 28, 'fitness': 0.4592250639417547, 'generation': 566}","{'id': 44054, 'rank': 29, 'fitness': 0.3830413297075501, 'generation': 566}","{'id': 44064, 'rank': 30, 'fitness': 0.01798620996209155, 'generation': 566}"
"{'id': 44142, 'rank': 1, 'fitness': 0.9820137900379085, 'generation': 567}","{'id': 44172, 'rank': 2, 'fitness': 0.9788696306645848, 'generation': 567}","{'id': 44132, 'rank': 3, 'fitness': 0.9743160914559583, 'generation': 567}","{'id': 44132, 'rank': 4, 'fitness': 0.9743160914559583, 'generation': 567}","{'id': 44042, 'rank': 5, 'fitness': 0.9725819690171249, 'generation': 567}","{'id': 44042, 'rank': 6, 'fitness': 0.9725819690171249, 'generation': 567}","{'id': 43927, 'rank': 7, 'fitness': 0.9721595644055255, 'generation': 567}","{'id': 43927, 'rank': 8, 'fitness': 0.9721595644055255, 'generation': 567}","{'id': 44176, 'rank': 9, 'fitness': 0.971845136907765, 'generation': 567}","{'id': 44115, 'rank': 10, 'fitness': 0.9698082494825215, 'generation': 567}","{'id': 44130, 'rank': 11, 'fitness': 0.966982121973654, 'generation': 567}","{'id': 44130, 'rank': 12, 'fitness': 0.966982121973654, 'generation': 567}","{'id': 44092, 'rank': 13, 'fitness': 0.9662785594878835, 'generation': 567}","{'id': 44136, 'rank': 14, 'fitness': 0.9659594539962836, 'generation': 567}","{'id': 44136, 'rank': 15, 'fitness': 0.9659594539962836, 'generation': 567}","{'id': 44160, 'rank': 16, 'fitness': 0.9607818132234234, 'generation': 567}","{'id': 44173, 'rank': 17, 'fitness': 0.9567146649577383, 'generation': 567}","{'id': 44165, 'rank': 18, 'fitness': 0.9554381640920413, 'generation': 567}","{'id': 43962, 'rank': 19, 'fitness': 0.9540892555865534, 'generation': 567}","{'id': 44025, 'rank': 20, 'fitness': 0.9511802259060821, 'generation': 567}","{'id': 44194, 'rank': 21, 'fitness': 0.9466076969505692, 'generation': 567}","{'id': 44024, 'rank': 22, 'fitness': 0.9411520806593461, 'generation': 567}","{'id': 44128, 'rank': 23, 'fitness': 0.9309953092030614, 'generation': 567}","{'id': 44188, 'rank': 24, 'fitness': 0.9115300443524118, 'generation': 567}","{'id': 44169, 'rank': 25, 'fitness': 0.8880127046798172, 'generation': 567}","{'id': 44169, 'rank': 26, 'fitness': 0.8880127046798172, 'generation': 567}","{'id': 44185, 'rank': 27, 'fitness': 0.8743835842591334, 'generation': 567}","{'id': 43994, 'rank': 28, 'fitness': 0.8530043751885923, 'generation': 567}","{'id': 44002, 'rank': 29, 'fitness': 0.04394140239816119, 'generation': 567}","{'id': 44070, 'rank': 30, 'fitness': 0.01798620996209155, 'generation': 567}"
"{'id': 44172, 'rank': 1, 'fitness': 0.9820137900379085, 'generation': 568}","{'id': 44132, 'rank': 2, 'fitness': 0.9714609754534633, 'generation': 568}","{'id': 44132, 'rank': 3, 'fitness': 0.9714609754534633, 'generation': 568}","{'id': 44247, 'rank': 4, 'fitness': 0.9678711312399358, 'generation': 568}","{'id': 44247, 'rank': 5, 'fitness': 0.9678711312399358, 'generation': 568}","{'id': 43927, 'rank': 6, 'fitness': 0.9654987536358478, 'generation': 568}","{'id': 43927, 'rank': 7, 'fitness': 0.9654987536358478, 'generation': 568}","{'id': 44176, 'rank': 8, 'fitness': 0.9645770339741169, 'generation': 568}","{'id': 44115, 'rank': 9, 'fitness': 0.9582819849622246, 'generation': 568}","{'id': 44136, 'rank': 10, 'fitness': 0.9448568759909514, 'generation': 568}","{'id': 44160, 'rank': 11, 'fitness': 0.9236921706457072, 'generation': 568}","{'id': 44205, 'rank': 12, 'fitness': 0.9001605243244861, 'generation': 568}","{'id': 44165, 'rank': 13, 'fitness': 0.898290881558848, 'generation': 568}","{'id': 44216, 'rank': 14, 'fitness': 0.8972259625362458, 'generation': 568}","{'id': 44236, 'rank': 15, 'fitness': 0.894625428654501, 'generation': 568}","{'id': 44236, 'rank': 16, 'fitness': 0.894625428654501, 'generation': 568}","{'id': 44194, 'rank': 17, 'fitness': 0.8492768846585945, 'generation': 568}","{'id': 44194, 'rank': 18, 'fitness': 0.8492768846585945, 'generation': 568}","{'id': 44245, 'rank': 19, 'fitness': 0.8446556900923541, 'generation': 568}","{'id': 44253, 'rank': 20, 'fitness': 0.8005548887281078, 'generation': 568}","{'id': 44230, 'rank': 21, 'fitness': 0.7632700235029869, 'generation': 568}","{'id': 44128, 'rank': 22, 'fitness': 0.7470795087448121, 'generation': 568}","{'id': 44229, 'rank': 23, 'fitness': 0.6441443356858058, 'generation': 568}","{'id': 44169, 'rank': 24, 'fitness': 0.4567079951890033, 'generation': 568}","{'id': 44169, 'rank': 25, 'fitness': 0.4567079951890033, 'generation': 568}","{'id': 44241, 'rank': 26, 'fitness': 0.4368155777792614, 'generation': 568}","{'id': 44238, 'rank': 27, 'fitness': 0.18940481229465572, 'generation': 568}","{'id': 44238, 'rank': 28, 'fitness': 0.18940481229465572, 'generation': 568}","{'id': 44232, 'rank': 29, 'fitness': 0.09653740160212954, 'generation': 568}","{'id': 44269, 'rank': 30, 'fitness': 0.01798620996209155, 'generation': 568}"
"{'id': 44132, 'rank': 1, 'fitness': 0.9820137900379085, 'generation': 569}","{'id': 44132, 'rank': 2, 'fitness': 0.9820137900379085, 'generation': 569}","{'id': 44247, 'rank': 3, 'fitness': 0.9819665458186102, 'generation': 569}","{'id': 43927, 'rank': 4, 'fitness': 0.9819379920083147, 'generation': 569}","{'id': 43927, 'rank': 5, 'fitness': 0.9819379920083147, 'generation': 569}","{'id': 43927, 'rank': 6, 'fitness': 0.9819379920083147, 'generation': 569}","{'id': 44115, 'rank': 7, 'fitness': 0.9818612726282623, 'generation': 569}","{'id': 44115, 'rank': 8, 'fitness': 0.9818612726282623, 'generation': 569}","{'id': 44160, 'rank': 9, 'fitness': 0.9816101436234514, 'generation': 569}","{'id': 44165, 'rank': 10, 'fitness': 0.9814853198164284, 'generation': 569}","{'id': 44236, 'rank': 11, 'fitness': 0.9814696227535575, 'generation': 569}","{'id': 44236, 'rank': 12, 'fitness': 0.9814696227535575, 'generation': 569}","{'id': 44236, 'rank': 13, 'fitness': 0.9814696227535575, 'generation': 569}","{'id': 44305, 'rank': 14, 'fitness': 0.9814090335961048, 'generation': 569}","{'id': 44305, 'rank': 15, 'fitness': 0.9814090335961048, 'generation': 569}","{'id': 44253, 'rank': 16, 'fitness': 0.9811693921065003, 'generation': 569}","{'id': 44230, 'rank': 17, 'fitness': 0.9810806935852379, 'generation': 569}","{'id': 44306, 'rank': 18, 'fitness': 0.9808518599833961, 'generation': 569}","{'id': 44304, 'rank': 19, 'fitness': 0.9807249546187191, 'generation': 569}","{'id': 44304, 'rank': 20, 'fitness': 0.9807249546187191, 'generation': 569}","{'id': 44309, 'rank': 21, 'fitness': 0.9804414275178726, 'generation': 569}","{'id': 44238, 'rank': 22, 'fitness': 0.9799856813055651, 'generation': 569}","{'id': 44291, 'rank': 23, 'fitness': 0.9797850950779612, 'generation': 569}","{'id': 44307, 'rank': 24, 'fitness': 0.9790215642851869, 'generation': 569}","{'id': 44337, 'rank': 25, 'fitness': 0.9779922496359414, 'generation': 569}","{'id': 44319, 'rank': 26, 'fitness': 0.9774487221717638, 'generation': 569}","{'id': 44297, 'rank': 27, 'fitness': 0.9731269487566963, 'generation': 569}","{'id': 44315, 'rank': 28, 'fitness': 0.9689092572653725, 'generation': 569}","{'id': 44312, 'rank': 29, 'fitness': 0.944876793612168, 'generation': 569}","{'id': 44300, 'rank': 30, 'fitness': 0.01798620996209155, 'generation': 569}"
"{'id': 44394, 'rank': 1, 'fitness': 0.9820137900379085, 'generation': 570}","{'id': 44132, 'rank': 2, 'fitness': 0.9782509308201485, 'generation': 570}","{'id': 44247, 'rank': 3, 'fitness': 0.9762182235755599, 'generation': 570}","{'id': 44410, 'rank': 4, 'fitness': 0.9760559483144035, 'generation': 570}","{'id': 44410, 'rank': 5, 'fitness': 0.9760559483144035, 'generation': 570}","{'id': 43927, 'rank': 6, 'fitness': 0.9749037946887993, 'generation': 570}","{'id': 44429, 'rank': 7, 'fitness': 0.9726340520594041, 'generation': 570}","{'id': 44341, 'rank': 8, 'fitness': 0.9684966493241263, 'generation': 570}","{'id': 44341, 'rank': 9, 'fitness': 0.9684966493241263, 'generation': 570}","{'id': 44412, 'rank': 10, 'fitness': 0.9657371226302327, 'generation': 570}","{'id': 44412, 'rank': 11, 'fitness': 0.9657371226302327, 'generation': 570}","{'id': 44358, 'rank': 12, 'fitness': 0.9642043938323865, 'generation': 570}","{'id': 44358, 'rank': 13, 'fitness': 0.9642043938323865, 'generation': 570}","{'id': 44411, 'rank': 14, 'fitness': 0.946764306168135, 'generation': 570}","{'id': 44165, 'rank': 15, 'fitness': 0.9424944344827778, 'generation': 570}","{'id': 44367, 'rank': 16, 'fitness': 0.9416966587658575, 'generation': 570}","{'id': 44305, 'rank': 17, 'fitness': 0.9342115029847795, 'generation': 570}","{'id': 44354, 'rank': 18, 'fitness': 0.9339011861183442, 'generation': 570}","{'id': 44370, 'rank': 19, 'fitness': 0.9227765798532612, 'generation': 570}","{'id': 44370, 'rank': 20, 'fitness': 0.9227765798532612, 'generation': 570}","{'id': 44359, 'rank': 21, 'fitness': 0.9205325422815159, 'generation': 570}","{'id': 44400, 'rank': 22, 'fitness': 0.9002054162382236, 'generation': 570}","{'id': 44418, 'rank': 23, 'fitness': 0.824854617537191, 'generation': 570}","{'id': 44418, 'rank': 24, 'fitness': 0.824854617537191, 'generation': 570}","{'id': 44379, 'rank': 25, 'fitness': 0.7942529192151756, 'generation': 570}","{'id': 44379, 'rank': 26, 'fitness': 0.7942529192151756, 'generation': 570}","{'id': 44415, 'rank': 27, 'fitness': 0.7715750272342964, 'generation': 570}","{'id': 44382, 'rank': 28, 'fitness': 0.7060929971570461, 'generation': 570}","{'id': 44355, 'rank': 29, 'fitness': 0.6908712976507206, 'generation': 570}","{'id': 44365, 'rank': 30, 'fitness': 0.01798620996209155, 'generation': 570}"
"{'id': 44474, 'rank': 1, 'fitness': 0.9820137900379085, 'generation': 571}","{'id': 44443, 'rank': 2, 'fitness': 0.981125829975994, 'generation': 571}","{'id': 44460, 'rank': 3, 'fitness': 0.9810445713281475, 'generation': 571}","{'id': 44132, 'rank': 4, 'fitness': 0.9808537430736224, 'generation': 571}","{'id': 44132, 'rank': 5, 'fitness': 0.9808537430736224, 'generation': 571}","{'id': 44410, 'rank': 6, 'fitness': 0.9788819040912615, 'generation': 571}","{'id': 44497, 'rank': 7, 'fitness': 0.9782551234104635, 'generation': 571}","{'id': 44497, 'rank': 8, 'fitness': 0.9782551234104635, 'generation': 571}","{'id': 43927, 'rank': 9, 'fitness': 0.9778452563031216, 'generation': 571}","{'id': 44429, 'rank': 10, 'fitness': 0.9757999761275296, 'generation': 571}","{'id': 44341, 'rank': 11, 'fitness': 0.9720619158890093, 'generation': 571}","{'id': 44341, 'rank': 12, 'fitness': 0.9720619158890093, 'generation': 571}","{'id': 44412, 'rank': 13, 'fitness': 0.9695622059342701, 'generation': 571}","{'id': 44412, 'rank': 14, 'fitness': 0.9695622059342701, 'generation': 571}","{'id': 44358, 'rank': 15, 'fitness': 0.9681716678883558, 'generation': 571}","{'id': 44462, 'rank': 16, 'fitness': 0.9636836819136807, 'generation': 571}","{'id': 44456, 'rank': 17, 'fitness': 0.9479504550791749, 'generation': 571}","{'id': 44367, 'rank': 18, 'fitness': 0.9476023315146996, 'generation': 571}","{'id': 44354, 'rank': 19, 'fitness': 0.9404217853377042, 'generation': 571}","{'id': 44475, 'rank': 20, 'fitness': 0.9379447564871646, 'generation': 571}","{'id': 44475, 'rank': 21, 'fitness': 0.9379447564871646, 'generation': 571}","{'id': 44370, 'rank': 22, 'fitness': 0.930131456259649, 'generation': 571}","{'id': 44370, 'rank': 23, 'fitness': 0.930131456259649, 'generation': 571}","{'id': 44441, 'rank': 24, 'fitness': 0.91583498870518, 'generation': 571}","{'id': 44450, 'rank': 25, 'fitness': 0.9125052068823603, 'generation': 571}","{'id': 44473, 'rank': 26, 'fitness': 0.8894433704638365, 'generation': 571}","{'id': 44482, 'rank': 27, 'fitness': 0.7872306150975275, 'generation': 571}","{'id': 44491, 'rank': 28, 'fitness': 0.7836408324648829, 'generation': 571}","{'id': 44488, 'rank': 29, 'fitness': 0.7693553602490657, 'generation': 571}","{'id': 44365, 'rank': 30, 'fitness': 0.01798620996209155, 'generation': 571}"
"{'id': 44511, 'rank': 1, 'fitness': 0.9820137900379085, 'generation': 572}","{'id': 44513, 'rank': 2, 'fitness': 0.9792682440652174, 'generation': 572}","{'id': 44529, 'rank': 3, 'fitness': 0.9791733219541419, 'generation': 572}","{'id': 44585, 'rank': 4, 'fitness': 0.9782258817873675, 'generation': 572}","{'id': 44132, 'rank': 5, 'fitness': 0.975993350618849, 'generation': 572}","{'id': 44497, 'rank': 6, 'fitness': 0.9743443048913598, 'generation': 572}","{'id': 44497, 'rank': 7, 'fitness': 0.9743443048913598, 'generation': 572}","{'id': 44575, 'rank': 8, 'fitness': 0.9742210218312815, 'generation': 572}","{'id': 43927, 'rank': 9, 'fitness': 0.9740928581222942, 'generation': 572}","{'id': 44584, 'rank': 10, 'fitness': 0.9724383530512734, 'generation': 572}","{'id': 44341, 'rank': 11, 'fitness': 0.9707520004628933, 'generation': 572}","{'id': 44412, 'rank': 12, 'fitness': 0.9694088520399111, 'generation': 572}","{'id': 44412, 'rank': 13, 'fitness': 0.9694088520399111, 'generation': 572}","{'id': 44548, 'rank': 14, 'fitness': 0.9680075736650676, 'generation': 572}","{'id': 44548, 'rank': 15, 'fitness': 0.9680075736650676, 'generation': 572}","{'id': 44531, 'rank': 16, 'fitness': 0.9670237647343518, 'generation': 572}","{'id': 44462, 'rank': 17, 'fitness': 0.9664371276163978, 'generation': 572}","{'id': 44515, 'rank': 18, 'fitness': 0.9605293873838803, 'generation': 572}","{'id': 44508, 'rank': 19, 'fitness': 0.9599044401016867, 'generation': 572}","{'id': 44456, 'rank': 20, 'fitness': 0.9594114947354466, 'generation': 572}","{'id': 44509, 'rank': 21, 'fitness': 0.9583503084914751, 'generation': 572}","{'id': 44509, 'rank': 22, 'fitness': 0.9583503084914751, 'generation': 572}","{'id': 44556, 'rank': 23, 'fitness': 0.954756997079589, 'generation': 572}","{'id': 44583, 'rank': 24, 'fitness': 0.9536607067718653, 'generation': 572}","{'id': 44586, 'rank': 25, 'fitness': 0.9508198830100629, 'generation': 572}","{'id': 44579, 'rank': 26, 'fitness': 0.9507114804662989, 'generation': 572}","{'id': 44547, 'rank': 27, 'fitness': 0.8659429944725936, 'generation': 572}","{'id': 44547, 'rank': 28, 'fitness': 0.8659429944725936, 'generation': 572}","{'id': 44547, 'rank': 29, 'fitness': 0.8659429944725936, 'generation': 572}","{'id': 44587, 'rank': 30, 'fitness': 0.01798620996209155, 'generation': 572}"
"{'id': 44511, 'rank': 1, 'fitness': 0.9820137900379085, 'generation': 573}","{'id': 44585, 'rank': 2, 'fitness': 0.9805446852187101, 'generation': 573}","{'id': 44630, 'rank': 3, 'fitness': 0.9788387218238764, 'generation': 573}","{'id': 44630, 'rank': 4, 'fitness': 0.9788387218238764, 'generation': 573}","{'id': 44653, 'rank': 5, 'fitness': 0.9784558593799267, 'generation': 573}","{'id': 44657, 'rank': 6, 'fitness': 0.9783954762231939, 'generation': 573}","{'id': 44635, 'rank': 7, 'fitness': 0.9777829791438751, 'generation': 573}","{'id': 44412, 'rank': 8, 'fitness': 0.977615673874102, 'generation': 573}","{'id': 44462, 'rank': 9, 'fitness': 0.9767392333773548, 'generation': 573}","{'id': 44509, 'rank': 10, 'fitness': 0.974553919930115, 'generation': 573}","{'id': 44509, 'rank': 11, 'fitness': 0.974553919930115, 'generation': 573}","{'id': 44636, 'rank': 12, 'fitness': 0.9745205655823717, 'generation': 573}","{'id': 44654, 'rank': 13, 'fitness': 0.9741042202968098, 'generation': 573}","{'id': 44600, 'rank': 14, 'fitness': 0.9723237762878976, 'generation': 573}","{'id': 44619, 'rank': 15, 'fitness': 0.9687599160885139, 'generation': 573}","{'id': 44608, 'rank': 16, 'fitness': 0.9683338548107032, 'generation': 573}","{'id': 44672, 'rank': 17, 'fitness': 0.9681925436583664, 'generation': 573}","{'id': 44670, 'rank': 18, 'fitness': 0.9659880536749887, 'generation': 573}","{'id': 44660, 'rank': 19, 'fitness': 0.9634526152038131, 'generation': 573}","{'id': 44604, 'rank': 20, 'fitness': 0.9632403586000178, 'generation': 573}","{'id': 44645, 'rank': 21, 'fitness': 0.9615629770941495, 'generation': 573}","{'id': 44661, 'rank': 22, 'fitness': 0.9587162127224861, 'generation': 573}","{'id': 44665, 'rank': 23, 'fitness': 0.9585872659018142, 'generation': 573}","{'id': 44547, 'rank': 24, 'fitness': 0.95787654862115, 'generation': 573}","{'id': 44627, 'rank': 25, 'fitness': 0.953696338446583, 'generation': 573}","{'id': 44599, 'rank': 26, 'fitness': 0.9520732310900322, 'generation': 573}","{'id': 44647, 'rank': 27, 'fitness': 0.9493238196248409, 'generation': 573}","{'id': 44647, 'rank': 28, 'fitness': 0.9493238196248409, 'generation': 573}","{'id': 44612, 'rank': 29, 'fitness': 0.9438339584162648, 'generation': 573}","{'id': 44639, 'rank': 30, 'fitness': 0.01798620996209155, 'generation': 573}"
"{'id': 44511, 'rank': 1, 'fitness': 0.9820137900379085, 'generation': 574}","{'id': 44585, 'rank': 2, 'fitness': 0.9688211330485084, 'generation': 574}","{'id': 44711, 'rank': 3, 'fitness': 0.9659691230305338, 'generation': 574}","{'id': 44630, 'rank': 4, 'fitness': 0.9443779451401866, 'generation': 574}","{'id': 44657, 'rank': 5, 'fitness': 0.9359993412746781, 'generation': 574}","{'id': 44709, 'rank': 6, 'fitness': 0.9346971686903566, 'generation': 574}","{'id': 44635, 'rank': 7, 'fitness': 0.9228253249302822, 'generation': 574}","{'id': 44706, 'rank': 8, 'fitness': 0.9099637277727073, 'generation': 574}","{'id': 44462, 'rank': 9, 'fitness': 0.89570866714087, 'generation': 574}","{'id': 44704, 'rank': 10, 'fitness': 0.8691004738110845, 'generation': 574}","{'id': 44769, 'rank': 11, 'fitness': 0.7633120587645567, 'generation': 574}","{'id': 44600, 'rank': 12, 'fitness': 0.7097358068339139, 'generation': 574}","{'id': 44600, 'rank': 13, 'fitness': 0.7097358068339139, 'generation': 574}","{'id': 44701, 'rank': 14, 'fitness': 0.6950091447960043, 'generation': 574}","{'id': 44754, 'rank': 15, 'fitness': 0.6737823199605498, 'generation': 574}","{'id': 44754, 'rank': 16, 'fitness': 0.6737823199605498, 'generation': 574}","{'id': 44722, 'rank': 17, 'fitness': 0.5165558427600961, 'generation': 574}","{'id': 44608, 'rank': 18, 'fitness': 0.4791106102052046, 'generation': 574}","{'id': 44672, 'rank': 19, 'fitness': 0.4710320822231571, 'generation': 574}","{'id': 44698, 'rank': 20, 'fitness': 0.402655896831208, 'generation': 574}","{'id': 44764, 'rank': 21, 'fitness': 0.39829079819357827, 'generation': 574}","{'id': 44764, 'rank': 22, 'fitness': 0.39829079819357827, 'generation': 574}","{'id': 44764, 'rank': 23, 'fitness': 0.39829079819357827, 'generation': 574}","{'id': 44670, 'rank': 24, 'fitness': 0.35339878835959476, 'generation': 574}","{'id': 44645, 'rank': 25, 'fitness': 0.1827076875143015, 'generation': 574}","{'id': 44732, 'rank': 26, 'fitness': 0.12621928395829868, 'generation': 574}","{'id': 44732, 'rank': 27, 'fitness': 0.12621928395829868, 'generation': 574}","{'id': 44599, 'rank': 28, 'fitness': 0.042192166849432944, 'generation': 574}","{'id': 44691, 'rank': 29, 'fitness': 0.025777727443255405, 'generation': 574}","{'id': 44729, 'rank': 30, 'fitness': 0.01798620996209155, 'generation': 574}"
"{'id': 44585, 'rank': 1, 'fitness': 0.9820137900379085, 'generation': 575}","{'id': 44630, 'rank': 2, 'fitness': 0.9819288149857461, 'generation': 575}","{'id': 44796, 'rank': 3, 'fitness': 0.9819225458800279, 'generation': 575}","{'id': 44796, 'rank': 4, 'fitness': 0.9819225458800279, 'generation': 575}","{'id': 44657, 'rank': 5, 'fitness': 0.9819077739638007, 'generation': 575}","{'id': 44635, 'rank': 6, 'fitness': 0.9818793447507276, 'generation': 575}","{'id': 44704, 'rank': 7, 'fitness': 0.9817960249427893, 'generation': 575}","{'id': 44797, 'rank': 8, 'fitness': 0.9817213740850956, 'generation': 575}","{'id': 44797, 'rank': 9, 'fitness': 0.9817213740850956, 'generation': 575}","{'id': 44769, 'rank': 10, 'fitness': 0.9816932475426092, 'generation': 575}","{'id': 44806, 'rank': 11, 'fitness': 0.9816859333104193, 'generation': 575}","{'id': 44600, 'rank': 12, 'fitness': 0.9816536963869082, 'generation': 575}","{'id': 44600, 'rank': 13, 'fitness': 0.9816536963869082, 'generation': 575}","{'id': 44754, 'rank': 14, 'fitness': 0.9816295437708662, 'generation': 575}","{'id': 44672, 'rank': 15, 'fitness': 0.9815086652715455, 'generation': 575}","{'id': 44764, 'rank': 16, 'fitness': 0.9814658674389034, 'generation': 575}","{'id': 44764, 'rank': 17, 'fitness': 0.9814658674389034, 'generation': 575}","{'id': 44670, 'rank': 18, 'fitness': 0.9814381765775191, 'generation': 575}","{'id': 44645, 'rank': 19, 'fitness': 0.9813083974950407, 'generation': 575}","{'id': 44691, 'rank': 20, 'fitness': 0.9809949918695633, 'generation': 575}","{'id': 44729, 'rank': 21, 'fitness': 0.9809404473637737, 'generation': 575}","{'id': 44781, 'rank': 22, 'fitness': 0.9807785063933887, 'generation': 575}","{'id': 44821, 'rank': 23, 'fitness': 0.9797815862707908, 'generation': 575}","{'id': 44824, 'rank': 24, 'fitness': 0.9797055332018434, 'generation': 575}","{'id': 44803, 'rank': 25, 'fitness': 0.9778435755871988, 'generation': 575}","{'id': 44804, 'rank': 26, 'fitness': 0.9752029727648537, 'generation': 575}","{'id': 44795, 'rank': 27, 'fitness': 0.8753070100709106, 'generation': 575}","{'id': 44820, 'rank': 28, 'fitness': 0.13654248709417127, 'generation': 575}","{'id': 44816, 'rank': 29, 'fitness': 0.12509233599879355, 'generation': 575}","{'id': 44805, 'rank': 30, 'fitness': 0.01798620996209155, 'generation': 575}"
"{'id': 44835, 'rank': 1, 'fitness': 0.9820137900379085, 'generation': 576}","{'id': 44900, 'rank': 2, 'fitness': 0.971649475115711, 'generation': 576}","{'id': 44630, 'rank': 3, 'fitness': 0.9707593132117094, 'generation': 576}","{'id': 44630, 'rank': 4, 'fitness': 0.9707593132117094, 'generation': 576}","{'id': 44796, 'rank': 5, 'fitness': 0.9701943211067681, 'generation': 576}","{'id': 44833, 'rank': 6, 'fitness': 0.9699482494201612, 'generation': 576}","{'id': 44838, 'rank': 7, 'fitness': 0.9671907349413718, 'generation': 576}","{'id': 44915, 'rank': 8, 'fitness': 0.962671828821892, 'generation': 576}","{'id': 44882, 'rank': 9, 'fitness': 0.9505565294727703, 'generation': 576}","{'id': 44874, 'rank': 10, 'fitness': 0.9445173092463868, 'generation': 576}","{'id': 44769, 'rank': 11, 'fitness': 0.9408159145578043, 'generation': 576}","{'id': 44806, 'rank': 12, 'fitness': 0.939538299738151, 'generation': 576}","{'id': 44600, 'rank': 13, 'fitness': 0.9336007981174613, 'generation': 576}","{'id': 44600, 'rank': 14, 'fitness': 0.9336007981174613, 'generation': 576}","{'id': 44909, 'rank': 15, 'fitness': 0.9294595579719107, 'generation': 576}","{'id': 44909, 'rank': 16, 'fitness': 0.9294595579719107, 'generation': 576}","{'id': 44909, 'rank': 17, 'fitness': 0.9294595579719107, 'generation': 576}","{'id': 44877, 'rank': 18, 'fitness': 0.8995360868561552, 'generation': 576}","{'id': 44888, 'rank': 19, 'fitness': 0.8980513253934249, 'generation': 576}","{'id': 44904, 'rank': 20, 'fitness': 0.8930527595481413, 'generation': 576}","{'id': 44764, 'rank': 21, 'fitness': 0.8873581020644564, 'generation': 576}","{'id': 44922, 'rank': 22, 'fitness': 0.8763399570173309, 'generation': 576}","{'id': 44922, 'rank': 23, 'fitness': 0.8763399570173309, 'generation': 576}","{'id': 44921, 'rank': 24, 'fitness': 0.8644285155007019, 'generation': 576}","{'id': 44875, 'rank': 25, 'fitness': 0.8576920100896697, 'generation': 576}","{'id': 44645, 'rank': 26, 'fitness': 0.8295957900441439, 'generation': 576}","{'id': 44869, 'rank': 27, 'fitness': 0.822471249071913, 'generation': 576}","{'id': 44850, 'rank': 28, 'fitness': 0.5547743418386809, 'generation': 576}","{'id': 44781, 'rank': 29, 'fitness': 0.4979975819479993, 'generation': 576}","{'id': 44867, 'rank': 30, 'fitness': 0.01798620996209155, 'generation': 576}"
"{'id': 44932, 'rank': 1, 'fitness': 0.9820137900379085, 'generation': 577}","{'id': 44951, 'rank': 2, 'fitness': 0.9804793425758453, 'generation': 577}","{'id': 44900, 'rank': 3, 'fitness': 0.9790880383572899, 'generation': 577}","{'id': 44900, 'rank': 4, 'fitness': 0.9790880383572899, 'generation': 577}","{'id': 44630, 'rank': 5, 'fitness': 0.9787072854958839, 'generation': 577}","{'id': 44630, 'rank': 6, 'fitness': 0.9787072854958839, 'generation': 577}","{'id': 44838, 'rank': 7, 'fitness': 0.9772250734304869, 'generation': 577}","{'id': 44838, 'rank': 8, 'fitness': 0.9772250734304869, 'generation': 577}","{'id': 44915, 'rank': 9, 'fitness': 0.9754365374412126, 'generation': 577}","{'id': 44996, 'rank': 10, 'fitness': 0.9745658907080661, 'generation': 577}","{'id': 44929, 'rank': 11, 'fitness': 0.9727398051373748, 'generation': 577}","{'id': 44806, 'rank': 12, 'fitness': 0.9673363402084377, 'generation': 577}","{'id': 44928, 'rank': 13, 'fitness': 0.9672405822489671, 'generation': 577}","{'id': 44928, 'rank': 14, 'fitness': 0.9672405822489671, 'generation': 577}","{'id': 44600, 'rank': 15, 'fitness': 0.9654560783434556, 'generation': 577}","{'id': 44600, 'rank': 16, 'fitness': 0.9654560783434556, 'generation': 577}","{'id': 44930, 'rank': 17, 'fitness': 0.9632827323504356, 'generation': 577}","{'id': 44940, 'rank': 18, 'fitness': 0.9599987736055466, 'generation': 577}","{'id': 44940, 'rank': 19, 'fitness': 0.9599987736055466, 'generation': 577}","{'id': 44877, 'rank': 20, 'fitness': 0.9555978964071781, 'generation': 577}","{'id': 44904, 'rank': 21, 'fitness': 0.9538517517131362, 'generation': 577}","{'id': 44941, 'rank': 22, 'fitness': 0.9493019508102567, 'generation': 577}","{'id': 44950, 'rank': 23, 'fitness': 0.9456456599442686, 'generation': 577}","{'id': 44875, 'rank': 24, 'fitness': 0.9447912648554406, 'generation': 577}","{'id': 44645, 'rank': 25, 'fitness': 0.9379771218544597, 'generation': 577}","{'id': 44954, 'rank': 26, 'fitness': 0.9263009251122829, 'generation': 577}","{'id': 44973, 'rank': 27, 'fitness': 0.6755255117116572, 'generation': 577}","{'id': 44981, 'rank': 28, 'fitness': 0.4738217307410694, 'generation': 577}","{'id': 44943, 'rank': 29, 'fitness': 0.02039951765631809, 'generation': 577}","{'id': 44967, 'rank': 30, 'fitness': 0.01798620996209155, 'generation': 577}"
"{'id': 44932, 'rank': 1, 'fitness': 0.9820137900379085, 'generation': 578}","{'id': 45004, 'rank': 2, 'fitness': 0.981995389399406, 'generation': 578}","{'id': 45004, 'rank': 3, 'fitness': 0.981995389399406, 'generation': 578}","{'id': 44951, 'rank': 4, 'fitness': 0.9819623620953273, 'generation': 578}","{'id': 44900, 'rank': 5, 'fitness': 0.981918936344218, 'generation': 578}","{'id': 44630, 'rank': 6, 'fitness': 0.9819075279893208, 'generation': 578}","{'id': 45007, 'rank': 7, 'fitness': 0.9819074276906183, 'generation': 578}","{'id': 45007, 'rank': 8, 'fitness': 0.9819074276906183, 'generation': 578}","{'id': 44838, 'rank': 9, 'fitness': 0.9818648769582909, 'generation': 578}","{'id': 44838, 'rank': 10, 'fitness': 0.9818648769582909, 'generation': 578}","{'id': 44996, 'rank': 11, 'fitness': 0.9817945249227538, 'generation': 578}","{'id': 44996, 'rank': 12, 'fitness': 0.9817945249227538, 'generation': 578}","{'id': 45038, 'rank': 13, 'fitness': 0.9816591394301435, 'generation': 578}","{'id': 45012, 'rank': 14, 'fitness': 0.9816506158241353, 'generation': 578}","{'id': 44600, 'rank': 15, 'fitness': 0.9815969323149226, 'generation': 578}","{'id': 44600, 'rank': 16, 'fitness': 0.9815969323149226, 'generation': 578}","{'id': 44930, 'rank': 17, 'fitness': 0.9815570593009053, 'generation': 578}","{'id': 45006, 'rank': 18, 'fitness': 0.9815250356580306, 'generation': 578}","{'id': 44998, 'rank': 19, 'fitness': 0.9814934515258551, 'generation': 578}","{'id': 44999, 'rank': 20, 'fitness': 0.9813958278906226, 'generation': 578}","{'id': 44950, 'rank': 21, 'fitness': 0.9812961264332398, 'generation': 578}","{'id': 45032, 'rank': 22, 'fitness': 0.98127663930681, 'generation': 578}","{'id': 44954, 'rank': 23, 'fitness': 0.981087020121013, 'generation': 578}","{'id': 45066, 'rank': 24, 'fitness': 0.9805859103718706, 'generation': 578}","{'id': 45034, 'rank': 25, 'fitness': 0.9805306149509609, 'generation': 578}","{'id': 45064, 'rank': 26, 'fitness': 0.9804776908429265, 'generation': 578}","{'id': 45070, 'rank': 27, 'fitness': 0.9797946551228609, 'generation': 578}","{'id': 45018, 'rank': 28, 'fitness': 0.9791141243800856, 'generation': 578}","{'id': 45074, 'rank': 29, 'fitness': 0.9790725947644923, 'generation': 578}","{'id': 44997, 'rank': 30, 'fitness': 0.01798620996209155, 'generation': 578}"
"{'id': 45083, 'rank': 1, 'fitness': 0.9820137900379085, 'generation': 579}","{'id': 44932, 'rank': 2, 'fitness': 0.9765404407505218, 'generation': 579}","{'id': 45004, 'rank': 3, 'fitness': 0.974362070537243, 'generation': 579}","{'id': 44951, 'rank': 4, 'fitness': 0.9699549806132579, 'generation': 579}","{'id': 45115, 'rank': 5, 'fitness': 0.9570183810060249, 'generation': 579}","{'id': 45131, 'rank': 6, 'fitness': 0.9570098917254992, 'generation': 579}","{'id': 44838, 'rank': 7, 'fitness': 0.9523329167369973, 'generation': 579}","{'id': 44838, 'rank': 8, 'fitness': 0.9523329167369973, 'generation': 579}","{'id': 45082, 'rank': 9, 'fitness': 0.9484908539425008, 'generation': 579}","{'id': 45093, 'rank': 10, 'fitness': 0.9458698206035253, 'generation': 579}","{'id': 45146, 'rank': 11, 'fitness': 0.9356708806744403, 'generation': 579}","{'id': 44996, 'rank': 12, 'fitness': 0.9340066685339456, 'generation': 579}","{'id': 44996, 'rank': 13, 'fitness': 0.9340066685339456, 'generation': 579}","{'id': 44996, 'rank': 14, 'fitness': 0.9340066685339456, 'generation': 579}","{'id': 45155, 'rank': 15, 'fitness': 0.926780233276512, 'generation': 579}","{'id': 45158, 'rank': 16, 'fitness': 0.9068054202511804, 'generation': 579}","{'id': 45144, 'rank': 17, 'fitness': 0.9064550927346029, 'generation': 579}","{'id': 45132, 'rank': 18, 'fitness': 0.905607068911043, 'generation': 579}","{'id': 45100, 'rank': 19, 'fitness': 0.8884026145851094, 'generation': 579}","{'id': 45111, 'rank': 20, 'fitness': 0.8820447541506563, 'generation': 579}","{'id': 45111, 'rank': 21, 'fitness': 0.8820447541506563, 'generation': 579}","{'id': 45012, 'rank': 22, 'fitness': 0.8753147691122477, 'generation': 579}","{'id': 45012, 'rank': 23, 'fitness': 0.8753147691122477, 'generation': 579}","{'id': 45133, 'rank': 24, 'fitness': 0.7978105070873773, 'generation': 579}","{'id': 45154, 'rank': 25, 'fitness': 0.7856343349382836, 'generation': 579}","{'id': 44998, 'rank': 26, 'fitness': 0.766599707380095, 'generation': 579}","{'id': 45107, 'rank': 27, 'fitness': 0.39997665703731433, 'generation': 579}","{'id': 45139, 'rank': 28, 'fitness': 0.2591208624948804, 'generation': 579}","{'id': 45108, 'rank': 29, 'fitness': 0.1506223971339562, 'generation': 579}","{'id': 45135, 'rank': 30, 'fitness': 0.01798620996209155, 'generation': 579}"
"{'id': 45182, 'rank': 1, 'fitness': 0.9820137900379085, 'generation': 580}","{'id': 45186, 'rank': 2, 'fitness': 0.9819890310304495, 'generation': 580}","{'id': 45083, 'rank': 3, 'fitness': 0.9819880243521097, 'generation': 580}","{'id': 44932, 'rank': 4, 'fitness': 0.981944570771947, 'generation': 580}","{'id': 45183, 'rank': 5, 'fitness': 0.9819356485211244, 'generation': 580}","{'id': 45131, 'rank': 6, 'fitness': 0.9818439154161891, 'generation': 580}","{'id': 45181, 'rank': 7, 'fitness': 0.9818120820809186, 'generation': 580}","{'id': 44996, 'rank': 8, 'fitness': 0.9817707352653484, 'generation': 580}","{'id': 45111, 'rank': 9, 'fitness': 0.9816671594852407, 'generation': 580}","{'id': 45111, 'rank': 10, 'fitness': 0.9816671594852407, 'generation': 580}","{'id': 45172, 'rank': 11, 'fitness': 0.9816405839198612, 'generation': 580}","{'id': 45232, 'rank': 12, 'fitness': 0.9815541503237794, 'generation': 580}","{'id': 45232, 'rank': 13, 'fitness': 0.9815541503237794, 'generation': 580}","{'id': 45232, 'rank': 14, 'fitness': 0.9815541503237794, 'generation': 580}","{'id': 45213, 'rank': 15, 'fitness': 0.9815375068131766, 'generation': 580}","{'id': 45108, 'rank': 16, 'fitness': 0.9810479879650843, 'generation': 580}","{'id': 45222, 'rank': 17, 'fitness': 0.9809545092324059, 'generation': 580}","{'id': 45161, 'rank': 18, 'fitness': 0.9809218184264259, 'generation': 580}","{'id': 45161, 'rank': 19, 'fitness': 0.9809218184264259, 'generation': 580}","{'id': 45168, 'rank': 20, 'fitness': 0.980641956315838, 'generation': 580}","{'id': 45196, 'rank': 21, 'fitness': 0.980342959337252, 'generation': 580}","{'id': 45196, 'rank': 22, 'fitness': 0.980342959337252, 'generation': 580}","{'id': 45178, 'rank': 23, 'fitness': 0.9801488653076775, 'generation': 580}","{'id': 45188, 'rank': 24, 'fitness': 0.9801123400380719, 'generation': 580}","{'id': 45170, 'rank': 25, 'fitness': 0.9799744803291863, 'generation': 580}","{'id': 45170, 'rank': 26, 'fitness': 0.9799744803291863, 'generation': 580}","{'id': 45211, 'rank': 27, 'fitness': 0.9788848872502988, 'generation': 580}","{'id': 45227, 'rank': 28, 'fitness': 0.9774903251300087, 'generation': 580}","{'id': 45166, 'rank': 29, 'fitness': 0.9559786641743042, 'generation': 580}","{'id': 45205, 'rank': 30, 'fitness': 0.01798620996209155, 'generation': 580}"
"{'id': 45282, 'rank': 1, 'fitness': 0.9820137900379085, 'generation': 581}","{'id': 45083, 'rank': 2, 'fitness': 0.9670559629979618, 'generation': 581}","{'id': 45083, 'rank': 3, 'fitness': 0.9670559629979618, 'generation': 581}","{'id': 45294, 'rank': 4, 'fitness': 0.9647733131921534, 'generation': 581}","{'id': 44932, 'rank': 5, 'fitness': 0.9618373767385442, 'generation': 581}","{'id': 44932, 'rank': 6, 'fitness': 0.9618373767385442, 'generation': 581}","{'id': 45183, 'rank': 7, 'fitness': 0.9606732568815961, 'generation': 581}","{'id': 45183, 'rank': 8, 'fitness': 0.9606732568815961, 'generation': 581}","{'id': 45293, 'rank': 9, 'fitness': 0.9498961626089761, 'generation': 581}","{'id': 45242, 'rank': 10, 'fitness': 0.9417534918032787, 'generation': 581}","{'id': 44996, 'rank': 11, 'fitness': 0.9321798443532437, 'generation': 581}","{'id': 45315, 'rank': 12, 'fitness': 0.913374682028768, 'generation': 581}","{'id': 45237, 'rank': 13, 'fitness': 0.9116388277196108, 'generation': 581}","{'id': 45261, 'rank': 14, 'fitness': 0.8695145480764765, 'generation': 581}","{'id': 45232, 'rank': 15, 'fitness': 0.8668197978198837, 'generation': 581}","{'id': 45314, 'rank': 16, 'fitness': 0.832598477663761, 'generation': 581}","{'id': 45314, 'rank': 17, 'fitness': 0.832598477663761, 'generation': 581}","{'id': 45319, 'rank': 18, 'fitness': 0.8321239628272941, 'generation': 581}","{'id': 45286, 'rank': 19, 'fitness': 0.8188485589513016, 'generation': 581}","{'id': 45310, 'rank': 20, 'fitness': 0.7453232183030057, 'generation': 581}","{'id': 45245, 'rank': 21, 'fitness': 0.7387148710061968, 'generation': 581}","{'id': 45284, 'rank': 22, 'fitness': 0.5774807949163605, 'generation': 581}","{'id': 45108, 'rank': 23, 'fitness': 0.5397081505369329, 'generation': 581}","{'id': 45161, 'rank': 24, 'fitness': 0.43509973963761406, 'generation': 581}","{'id': 45161, 'rank': 25, 'fitness': 0.43509973963761406, 'generation': 581}","{'id': 45249, 'rank': 26, 'fitness': 0.39843056588222253, 'generation': 581}","{'id': 45275, 'rank': 27, 'fitness': 0.3631155914940182, 'generation': 581}","{'id': 45323, 'rank': 28, 'fitness': 0.09939624945482212, 'generation': 581}","{'id': 45278, 'rank': 29, 'fitness': 0.07909291386165213, 'generation': 581}","{'id': 45322, 'rank': 30, 'fitness': 0.01798620996209155, 'generation': 581}"
"{'id': 45329, 'rank': 1, 'fitness': 0.9820137900379085, 'generation': 582}","{'id': 45364, 'rank': 2, 'fitness': 0.9794795059656843, 'generation': 582}","{'id': 45083, 'rank': 3, 'fitness': 0.9778992749588579, 'generation': 582}","{'id': 45294, 'rank': 4, 'fitness': 0.9774530442703263, 'generation': 582}","{'id': 44932, 'rank': 5, 'fitness': 0.9769067899926503, 'generation': 582}","{'id': 44932, 'rank': 6, 'fitness': 0.9769067899926503, 'generation': 582}","{'id': 45350, 'rank': 7, 'fitness': 0.9750019997922102, 'generation': 582}","{'id': 45293, 'rank': 8, 'fitness': 0.9749353951835542, 'generation': 582}","{'id': 45366, 'rank': 9, 'fitness': 0.9746355655480584, 'generation': 582}","{'id': 45365, 'rank': 10, 'fitness': 0.9715454690332415, 'generation': 582}","{'id': 45362, 'rank': 11, 'fitness': 0.9703050532187356, 'generation': 582}","{'id': 45368, 'rank': 12, 'fitness': 0.9697872418077865, 'generation': 582}","{'id': 45358, 'rank': 13, 'fitness': 0.9685744485341812, 'generation': 582}","{'id': 45335, 'rank': 14, 'fitness': 0.9671663739329067, 'generation': 582}","{'id': 45389, 'rank': 15, 'fitness': 0.9669296428566483, 'generation': 582}","{'id': 45314, 'rank': 16, 'fitness': 0.9632597298444834, 'generation': 582}","{'id': 45319, 'rank': 17, 'fitness': 0.9632242345069866, 'generation': 582}","{'id': 45376, 'rank': 18, 'fitness': 0.9595870286700663, 'generation': 582}","{'id': 45376, 'rank': 19, 'fitness': 0.9595870286700663, 'generation': 582}","{'id': 45352, 'rank': 20, 'fitness': 0.9590654246048576, 'generation': 582}","{'id': 45310, 'rank': 21, 'fitness': 0.9573078506863826, 'generation': 582}","{'id': 45310, 'rank': 22, 'fitness': 0.9573078506863826, 'generation': 582}","{'id': 45161, 'rank': 23, 'fitness': 0.937998460307299, 'generation': 582}","{'id': 45275, 'rank': 24, 'fitness': 0.9326367888350893, 'generation': 582}","{'id': 45383, 'rank': 25, 'fitness': 0.9281595366878708, 'generation': 582}","{'id': 45322, 'rank': 26, 'fitness': 0.8340175361601659, 'generation': 582}","{'id': 45342, 'rank': 27, 'fitness': 0.7281655458702267, 'generation': 582}","{'id': 45399, 'rank': 28, 'fitness': 0.6323347122718386, 'generation': 582}","{'id': 45404, 'rank': 29, 'fitness': 0.01798620996209155, 'generation': 582}","{'id': 45404, 'rank': 30, 'fitness': 0.01798620996209155, 'generation': 582}"
"{'id': 45408, 'rank': 1, 'fitness': 0.9820137900379085, 'generation': 583}","{'id': 45364, 'rank': 2, 'fitness': 0.9402131682945604, 'generation': 583}","{'id': 45083, 'rank': 3, 'fitness': 0.918878470723417, 'generation': 583}","{'id': 45294, 'rank': 4, 'fitness': 0.9120319764942089, 'generation': 583}","{'id': 45350, 'rank': 5, 'fitness': 0.8677414820108238, 'generation': 583}","{'id': 45350, 'rank': 6, 'fitness': 0.8677414820108238, 'generation': 583}","{'id': 45350, 'rank': 7, 'fitness': 0.8677414820108238, 'generation': 583}","{'id': 45429, 'rank': 8, 'fitness': 0.8651648629129597, 'generation': 583}","{'id': 45366, 'rank': 9, 'fitness': 0.8601476822021545, 'generation': 583}","{'id': 45439, 'rank': 10, 'fitness': 0.8504000815167981, 'generation': 583}","{'id': 45439, 'rank': 11, 'fitness': 0.8504000815167981, 'generation': 583}","{'id': 45458, 'rank': 12, 'fitness': 0.8336284368680653, 'generation': 583}","{'id': 45458, 'rank': 13, 'fitness': 0.8336284368680653, 'generation': 583}","{'id': 45412, 'rank': 14, 'fitness': 0.8158079630423427, 'generation': 583}","{'id': 45436, 'rank': 15, 'fitness': 0.7988266479102517, 'generation': 583}","{'id': 45426, 'rank': 16, 'fitness': 0.7936253296146479, 'generation': 583}","{'id': 45427, 'rank': 17, 'fitness': 0.7917164186102655, 'generation': 583}","{'id': 45421, 'rank': 18, 'fitness': 0.7322207881484973, 'generation': 583}","{'id': 45358, 'rank': 19, 'fitness': 0.7030783195691891, 'generation': 583}","{'id': 45462, 'rank': 20, 'fitness': 0.6927044481172622, 'generation': 583}","{'id': 45389, 'rank': 21, 'fitness': 0.6533534135536113, 'generation': 583}","{'id': 45438, 'rank': 22, 'fitness': 0.6191237112307179, 'generation': 583}","{'id': 45413, 'rank': 23, 'fitness': 0.6010598173255931, 'generation': 583}","{'id': 45413, 'rank': 24, 'fitness': 0.6010598173255931, 'generation': 583}","{'id': 45437, 'rank': 25, 'fitness': 0.5506432356769959, 'generation': 583}","{'id': 45319, 'rank': 26, 'fitness': 0.5392894588930531, 'generation': 583}","{'id': 45376, 'rank': 27, 'fitness': 0.4336103288572299, 'generation': 583}","{'id': 45161, 'rank': 28, 'fitness': 0.09811638218480867, 'generation': 583}","{'id': 45275, 'rank': 29, 'fitness': 0.06899938477195444, 'generation': 583}","{'id': 45422, 'rank': 30, 'fitness': 0.01798620996209155, 'generation': 583}"
"{'id': 45536, 'rank': 1, 'fitness': 0.9820137900379085, 'generation': 584}","{'id': 45538, 'rank': 2, 'fitness': 0.981895958017816, 'generation': 584}","{'id': 45537, 'rank': 3, 'fitness': 0.9818032087060614, 'generation': 584}","{'id': 45364, 'rank': 4, 'fitness': 0.981644327243425, 'generation': 584}","{'id': 45364, 'rank': 5, 'fitness': 0.981644327243425, 'generation': 584}","{'id': 45535, 'rank': 6, 'fitness': 0.9816015271583116, 'generation': 584}","{'id': 45535, 'rank': 7, 'fitness': 0.9816015271583116, 'generation': 584}","{'id': 45350, 'rank': 8, 'fitness': 0.9811221251353093, 'generation': 584}","{'id': 45350, 'rank': 9, 'fitness': 0.9811221251353093, 'generation': 584}","{'id': 45350, 'rank': 10, 'fitness': 0.9811221251353093, 'generation': 584}","{'id': 45439, 'rank': 11, 'fitness': 0.9810350881682889, 'generation': 584}","{'id': 45458, 'rank': 12, 'fitness': 0.9809581748171208, 'generation': 584}","{'id': 45458, 'rank': 13, 'fitness': 0.9809581748171208, 'generation': 584}","{'id': 45412, 'rank': 14, 'fitness': 0.9808826811903006, 'generation': 584}","{'id': 45426, 'rank': 15, 'fitness': 0.9807958620470261, 'generation': 584}","{'id': 45427, 'rank': 16, 'fitness': 0.9807887070832271, 'generation': 584}","{'id': 45438, 'rank': 17, 'fitness': 0.9802582973242726, 'generation': 584}","{'id': 45319, 'rank': 18, 'fitness': 0.9800494542171626, 'generation': 584}","{'id': 45422, 'rank': 19, 'fitness': 0.9772105765994756, 'generation': 584}","{'id': 45506, 'rank': 20, 'fitness': 0.9510842965642686, 'generation': 584}","{'id': 45526, 'rank': 21, 'fitness': 0.9449167694518547, 'generation': 584}","{'id': 45528, 'rank': 22, 'fitness': 0.9435299567103477, 'generation': 584}","{'id': 45529, 'rank': 23, 'fitness': 0.9407880236306951, 'generation': 584}","{'id': 45533, 'rank': 24, 'fitness': 0.9263964996195074, 'generation': 584}","{'id': 45533, 'rank': 25, 'fitness': 0.9263964996195074, 'generation': 584}","{'id': 45517, 'rank': 26, 'fitness': 0.9228181505648619, 'generation': 584}","{'id': 45539, 'rank': 27, 'fitness': 0.871228678106843, 'generation': 584}","{'id': 45483, 'rank': 28, 'fitness': 0.8642715621013155, 'generation': 584}","{'id': 45540, 'rank': 29, 'fitness': 0.7315995942447006, 'generation': 584}","{'id': 45505, 'rank': 30, 'fitness': 0.01798620996209155, 'generation': 584}"
"{'id': 45536, 'rank': 1, 'fitness': 0.9820137900379085, 'generation': 585}","{'id': 45537, 'rank': 2, 'fitness': 0.9818032087060614, 'generation': 585}","{'id': 45535, 'rank': 3, 'fitness': 0.9816015271583116, 'generation': 585}","{'id': 45564, 'rank': 4, 'fitness': 0.9815556617269929, 'generation': 585}","{'id': 45613, 'rank': 5, 'fitness': 0.9815373474959667, 'generation': 585}","{'id': 45620, 'rank': 6, 'fitness': 0.9813601625967387, 'generation': 585}","{'id': 45620, 'rank': 7, 'fitness': 0.9813601625967387, 'generation': 585}","{'id': 45569, 'rank': 8, 'fitness': 0.9811513710344149, 'generation': 585}","{'id': 45350, 'rank': 9, 'fitness': 0.9811221251353093, 'generation': 585}","{'id': 45579, 'rank': 10, 'fitness': 0.9810729890201104, 'generation': 585}","{'id': 45439, 'rank': 11, 'fitness': 0.9810350881682889, 'generation': 585}","{'id': 45458, 'rank': 12, 'fitness': 0.9809581748171208, 'generation': 585}","{'id': 45619, 'rank': 13, 'fitness': 0.9809197969458947, 'generation': 585}","{'id': 45570, 'rank': 14, 'fitness': 0.9808242465011925, 'generation': 585}","{'id': 45570, 'rank': 15, 'fitness': 0.9808242465011925, 'generation': 585}","{'id': 45634, 'rank': 16, 'fitness': 0.9806187124048147, 'generation': 585}","{'id': 45554, 'rank': 17, 'fitness': 0.9805605041337089, 'generation': 585}","{'id': 45554, 'rank': 18, 'fitness': 0.9805605041337089, 'generation': 585}","{'id': 45602, 'rank': 19, 'fitness': 0.980402247586555, 'generation': 585}","{'id': 45593, 'rank': 20, 'fitness': 0.9802133266287878, 'generation': 585}","{'id': 45636, 'rank': 21, 'fitness': 0.9801960037172579, 'generation': 585}","{'id': 45575, 'rank': 22, 'fitness': 0.9800952303227254, 'generation': 585}","{'id': 45576, 'rank': 23, 'fitness': 0.9794888156077224, 'generation': 585}","{'id': 45557, 'rank': 24, 'fitness': 0.9765763262462588, 'generation': 585}","{'id': 45571, 'rank': 25, 'fitness': 0.942861425591638, 'generation': 585}","{'id': 45529, 'rank': 26, 'fitness': 0.9407880236306951, 'generation': 585}","{'id': 45585, 'rank': 27, 'fitness': 0.9232224286143206, 'generation': 585}","{'id': 45517, 'rank': 28, 'fitness': 0.9228181505648619, 'generation': 585}","{'id': 45539, 'rank': 29, 'fitness': 0.871228678106843, 'generation': 585}","{'id': 45505, 'rank': 30, 'fitness': 0.01798620996209155, 'generation': 585}"
"{'id': 45710, 'rank': 1, 'fitness': 0.9820137900379085, 'generation': 586}","{'id': 45537, 'rank': 2, 'fitness': 0.9793042924660339, 'generation': 586}","{'id': 45535, 'rank': 3, 'fitness': 0.9711054181013475, 'generation': 586}","{'id': 45613, 'rank': 4, 'fitness': 0.9679125674643996, 'generation': 586}","{'id': 45717, 'rank': 5, 'fitness': 0.9665651458732605, 'generation': 586}","{'id': 45642, 'rank': 6, 'fitness': 0.9662961550396038, 'generation': 586}","{'id': 45706, 'rank': 7, 'fitness': 0.9595266387369161, 'generation': 586}","{'id': 45706, 'rank': 8, 'fitness': 0.9595266387369161, 'generation': 586}","{'id': 45707, 'rank': 9, 'fitness': 0.9579150954493972, 'generation': 586}","{'id': 45620, 'rank': 10, 'fitness': 0.9573087463847668, 'generation': 586}","{'id': 45657, 'rank': 11, 'fitness': 0.9468629614595259, 'generation': 586}","{'id': 45713, 'rank': 12, 'fitness': 0.9457230744852076, 'generation': 586}","{'id': 45713, 'rank': 13, 'fitness': 0.9457230744852076, 'generation': 586}","{'id': 45678, 'rank': 14, 'fitness': 0.9384216717936363, 'generation': 586}","{'id': 45678, 'rank': 15, 'fitness': 0.9384216717936363, 'generation': 586}","{'id': 45678, 'rank': 16, 'fitness': 0.9384216717936363, 'generation': 586}","{'id': 45653, 'rank': 17, 'fitness': 0.9365492795240007, 'generation': 586}","{'id': 45654, 'rank': 18, 'fitness': 0.9236569974868258, 'generation': 586}","{'id': 45458, 'rank': 19, 'fitness': 0.9203763000277188, 'generation': 586}","{'id': 45619, 'rank': 20, 'fitness': 0.9156705491457214, 'generation': 586}","{'id': 45570, 'rank': 21, 'fitness': 0.9028884679315416, 'generation': 586}","{'id': 45570, 'rank': 22, 'fitness': 0.9028884679315416, 'generation': 586}","{'id': 45693, 'rank': 23, 'fitness': 0.8931133441730609, 'generation': 586}","{'id': 45638, 'rank': 24, 'fitness': 0.8622829119831561, 'generation': 586}","{'id': 45651, 'rank': 25, 'fitness': 0.8586676332993985, 'generation': 586}","{'id': 45695, 'rank': 26, 'fitness': 0.8507172251994001, 'generation': 586}","{'id': 45640, 'rank': 27, 'fitness': 0.8391511007742701, 'generation': 586}","{'id': 45728, 'rank': 28, 'fitness': 0.8176638148169852, 'generation': 586}","{'id': 45696, 'rank': 29, 'fitness': 0.7573764748875094, 'generation': 586}","{'id': 45557, 'rank': 30, 'fitness': 0.01798620996209155, 'generation': 586}"
"{'id': 45737, 'rank': 1, 'fitness': 0.9820137900379085, 'generation': 587}","{'id': 45537, 'rank': 2, 'fitness': 0.9810547877238005, 'generation': 587}","{'id': 45537, 'rank': 3, 'fitness': 0.9810547877238005, 'generation': 587}","{'id': 45535, 'rank': 4, 'fitness': 0.979780635557892, 'generation': 587}","{'id': 45535, 'rank': 5, 'fitness': 0.979780635557892, 'generation': 587}","{'id': 45535, 'rank': 6, 'fitness': 0.979780635557892, 'generation': 587}","{'id': 45613, 'rank': 7, 'fitness': 0.9793608642530494, 'generation': 587}","{'id': 45642, 'rank': 8, 'fitness': 0.9791605956694969, 'generation': 587}","{'id': 45736, 'rank': 9, 'fitness': 0.9791274319562859, 'generation': 587}","{'id': 45743, 'rank': 10, 'fitness': 0.9786682037066055, 'generation': 587}","{'id': 45743, 'rank': 11, 'fitness': 0.9786682037066055, 'generation': 587}","{'id': 45783, 'rank': 12, 'fitness': 0.9785125573069235, 'generation': 587}","{'id': 45707, 'rank': 13, 'fitness': 0.9782269136948166, 'generation': 587}","{'id': 45678, 'rank': 14, 'fitness': 0.9765056484295165, 'generation': 587}","{'id': 45654, 'rank': 15, 'fitness': 0.9754560126279948, 'generation': 587}","{'id': 45654, 'rank': 16, 'fitness': 0.9754560126279948, 'generation': 587}","{'id': 45791, 'rank': 17, 'fitness': 0.972330100859121, 'generation': 587}","{'id': 45695, 'rank': 18, 'fitness': 0.9717045053567472, 'generation': 587}","{'id': 45696, 'rank': 19, 'fitness': 0.9683101703983636, 'generation': 587}","{'id': 45775, 'rank': 20, 'fitness': 0.9633411131506404, 'generation': 587}","{'id': 45756, 'rank': 21, 'fitness': 0.9630194347427666, 'generation': 587}","{'id': 45771, 'rank': 22, 'fitness': 0.962992707085607, 'generation': 587}","{'id': 45753, 'rank': 23, 'fitness': 0.9525208366189128, 'generation': 587}","{'id': 45751, 'rank': 24, 'fitness': 0.943457373003393, 'generation': 587}","{'id': 45807, 'rank': 25, 'fitness': 0.9200737733129997, 'generation': 587}","{'id': 45767, 'rank': 26, 'fitness': 0.8228316750840239, 'generation': 587}","{'id': 45798, 'rank': 27, 'fitness': 0.8163930063760929, 'generation': 587}","{'id': 45800, 'rank': 28, 'fitness': 0.7473360687624377, 'generation': 587}","{'id': 45747, 'rank': 29, 'fitness': 0.029406271270835282, 'generation': 587}","{'id': 45740, 'rank': 30, 'fitness': 0.01798620996209155, 'generation': 587}"
"{'id': 45737, 'rank': 1, 'fitness': 0.9820137900379085, 'generation': 588}","{'id': 45858, 'rank': 2, 'fitness': 0.9793319882021606, 'generation': 588}","{'id': 45537, 'rank': 3, 'fitness': 0.9764841282052437, 'generation': 588}","{'id': 45537, 'rank': 4, 'fitness': 0.9764841282052437, 'generation': 588}","{'id': 45535, 'rank': 5, 'fitness': 0.9671664187961215, 'generation': 588}","{'id': 45535, 'rank': 6, 'fitness': 0.9671664187961215, 'generation': 588}","{'id': 45736, 'rank': 7, 'fitness': 0.9613958371827914, 'generation': 588}","{'id': 45834, 'rank': 8, 'fitness': 0.9591948811937143, 'generation': 588}","{'id': 45743, 'rank': 9, 'fitness': 0.9568944692370276, 'generation': 588}","{'id': 45783, 'rank': 10, 'fitness': 0.9552815096602556, 'generation': 588}","{'id': 45783, 'rank': 11, 'fitness': 0.9552815096602556, 'generation': 588}","{'id': 45707, 'rank': 12, 'fitness': 0.9522026650994547, 'generation': 588}","{'id': 45872, 'rank': 13, 'fitness': 0.9473304132370963, 'generation': 588}","{'id': 45872, 'rank': 14, 'fitness': 0.9473304132370963, 'generation': 588}","{'id': 45840, 'rank': 15, 'fitness': 0.9421956043465107, 'generation': 588}","{'id': 45840, 'rank': 16, 'fitness': 0.9421956043465107, 'generation': 588}","{'id': 45828, 'rank': 17, 'fitness': 0.9368881360156451, 'generation': 588}","{'id': 45892, 'rank': 18, 'fitness': 0.8946104832103563, 'generation': 588}","{'id': 45860, 'rank': 19, 'fitness': 0.8898197489615287, 'generation': 588}","{'id': 45891, 'rank': 20, 'fitness': 0.8733006063414676, 'generation': 588}","{'id': 45695, 'rank': 21, 'fitness': 0.832297874759726, 'generation': 588}","{'id': 45862, 'rank': 22, 'fitness': 0.776785726148024, 'generation': 588}","{'id': 45696, 'rank': 23, 'fitness': 0.7306555449827566, 'generation': 588}","{'id': 45865, 'rank': 24, 'fitness': 0.6676694661706213, 'generation': 588}","{'id': 45829, 'rank': 25, 'fitness': 0.5642076023775184, 'generation': 588}","{'id': 45756, 'rank': 26, 'fitness': 0.5426649132735751, 'generation': 588}","{'id': 45878, 'rank': 27, 'fitness': 0.3224512431831449, 'generation': 588}","{'id': 45879, 'rank': 28, 'fitness': 0.30773137144266194, 'generation': 588}","{'id': 45889, 'rank': 29, 'fitness': 0.27333714596139114, 'generation': 588}","{'id': 45846, 'rank': 30, 'fitness': 0.01798620996209155, 'generation': 588}"
"{'id': 45737, 'rank': 1, 'fitness': 0.9820137900379085, 'generation': 589}","{'id': 45944, 'rank': 2, 'fitness': 0.9818842046483304, 'generation': 589}","{'id': 45912, 'rank': 3, 'fitness': 0.9818643650213567, 'generation': 589}","{'id': 45941, 'rank': 4, 'fitness': 0.9818133838814833, 'generation': 589}","{'id': 45941, 'rank': 5, 'fitness': 0.9818133838814833, 'generation': 589}","{'id': 45834, 'rank': 6, 'fitness': 0.9816555175060078, 'generation': 589}","{'id': 45834, 'rank': 7, 'fitness': 0.9816555175060078, 'generation': 589}","{'id': 45783, 'rank': 8, 'fitness': 0.9816144051248982, 'generation': 589}","{'id': 45967, 'rank': 9, 'fitness': 0.9815992435010981, 'generation': 589}","{'id': 45934, 'rank': 10, 'fitness': 0.9815962219404533, 'generation': 589}","{'id': 45707, 'rank': 11, 'fitness': 0.9815843474087426, 'generation': 589}","{'id': 45872, 'rank': 12, 'fitness': 0.9815402580959048, 'generation': 589}","{'id': 45968, 'rank': 13, 'fitness': 0.981498797787729, 'generation': 589}","{'id': 45840, 'rank': 14, 'fitness': 0.9814976828327469, 'generation': 589}","{'id': 45840, 'rank': 15, 'fitness': 0.9814976828327469, 'generation': 589}","{'id': 45964, 'rank': 16, 'fitness': 0.9814799668223015, 'generation': 589}","{'id': 45964, 'rank': 17, 'fitness': 0.9814799668223015, 'generation': 589}","{'id': 45932, 'rank': 18, 'fitness': 0.9812841356998891, 'generation': 589}","{'id': 45932, 'rank': 19, 'fitness': 0.9812841356998891, 'generation': 589}","{'id': 45932, 'rank': 20, 'fitness': 0.9812841356998891, 'generation': 589}","{'id': 45930, 'rank': 21, 'fitness': 0.9812567963991893, 'generation': 589}","{'id': 45930, 'rank': 22, 'fitness': 0.9812567963991893, 'generation': 589}","{'id': 45911, 'rank': 23, 'fitness': 0.9812379426662567, 'generation': 589}","{'id': 45911, 'rank': 24, 'fitness': 0.9812379426662567, 'generation': 589}","{'id': 45926, 'rank': 25, 'fitness': 0.9811771951731622, 'generation': 589}","{'id': 45865, 'rank': 26, 'fitness': 0.9805693124045973, 'generation': 589}","{'id': 45829, 'rank': 27, 'fitness': 0.9803687329537311, 'generation': 589}","{'id': 45919, 'rank': 28, 'fitness': 0.9800731121023658, 'generation': 589}","{'id': 45908, 'rank': 29, 'fitness': 0.9795986562497004, 'generation': 589}","{'id': 45962, 'rank': 30, 'fitness': 0.01798620996209155, 'generation': 589}"
"{'id': 46004, 'rank': 1, 'fitness': 0.9820137900379085, 'generation': 590}","{'id': 45912, 'rank': 2, 'fitness': 0.9815048628751883, 'generation': 590}","{'id': 45912, 'rank': 3, 'fitness': 0.9815048628751883, 'generation': 590}","{'id': 45941, 'rank': 4, 'fitness': 0.966755990597363, 'generation': 590}","{'id': 45941, 'rank': 5, 'fitness': 0.966755990597363, 'generation': 590}","{'id': 46048, 'rank': 6, 'fitness': 0.9494707110277825, 'generation': 590}","{'id': 46019, 'rank': 7, 'fitness': 0.8327239984635301, 'generation': 590}","{'id': 46025, 'rank': 8, 'fitness': 0.7981724677128648, 'generation': 590}","{'id': 46003, 'rank': 9, 'fitness': 0.7681563220728802, 'generation': 590}","{'id': 46049, 'rank': 10, 'fitness': 0.7667500387153544, 'generation': 590}","{'id': 45934, 'rank': 11, 'fitness': 0.6955634856765426, 'generation': 590}","{'id': 45981, 'rank': 12, 'fitness': 0.67392513900506, 'generation': 590}","{'id': 45707, 'rank': 13, 'fitness': 0.6655248597528406, 'generation': 590}","{'id': 46002, 'rank': 14, 'fitness': 0.6201300269776097, 'generation': 590}","{'id': 45872, 'rank': 15, 'fitness': 0.5437574627073402, 'generation': 590}","{'id': 46038, 'rank': 16, 'fitness': 0.44446778220793365, 'generation': 590}","{'id': 45840, 'rank': 17, 'fitness': 0.42108607745211324, 'generation': 590}","{'id': 45840, 'rank': 18, 'fitness': 0.42108607745211324, 'generation': 590}","{'id': 46050, 'rank': 19, 'fitness': 0.20227274012485164, 'generation': 590}","{'id': 46042, 'rank': 20, 'fitness': 0.11546312557357191, 'generation': 590}","{'id': 46020, 'rank': 21, 'fitness': 0.1044034858636067, 'generation': 590}","{'id': 46016, 'rank': 22, 'fitness': 0.08723206348917872, 'generation': 590}","{'id': 45985, 'rank': 23, 'fitness': 0.06295583908129498, 'generation': 590}","{'id': 45932, 'rank': 24, 'fitness': 0.05850397396377682, 'generation': 590}","{'id': 45932, 'rank': 25, 'fitness': 0.05850397396377682, 'generation': 590}","{'id': 45932, 'rank': 26, 'fitness': 0.05850397396377682, 'generation': 590}","{'id': 45987, 'rank': 27, 'fitness': 0.038820525803367256, 'generation': 590}","{'id': 45911, 'rank': 28, 'fitness': 0.0353354123963347, 'generation': 590}","{'id': 46014, 'rank': 29, 'fitness': 0.027458033722315034, 'generation': 590}","{'id': 45926, 'rank': 30, 'fitness': 0.01798620996209155, 'generation': 590}"
"{'id': 45912, 'rank': 1, 'fitness': 0.9820137900379085, 'generation': 591}","{'id': 45912, 'rank': 2, 'fitness': 0.9820137900379085, 'generation': 591}","{'id': 46082, 'rank': 3, 'fitness': 0.9820032904620382, 'generation': 591}","{'id': 45941, 'rank': 4, 'fitness': 0.9819918548950071, 'generation': 591}","{'id': 45941, 'rank': 5, 'fitness': 0.9819918548950071, 'generation': 591}","{'id': 46019, 'rank': 6, 'fitness': 0.9819273385216655, 'generation': 591}","{'id': 46019, 'rank': 7, 'fitness': 0.9819273385216655, 'generation': 591}","{'id': 46019, 'rank': 8, 'fitness': 0.9819273385216655, 'generation': 591}","{'id': 46064, 'rank': 9, 'fitness': 0.9819237343728476, 'generation': 591}","{'id': 46064, 'rank': 10, 'fitness': 0.9819237343728476, 'generation': 591}","{'id': 46064, 'rank': 11, 'fitness': 0.9819237343728476, 'generation': 591}","{'id': 46025, 'rank': 12, 'fitness': 0.9819189093200116, 'generation': 591}","{'id': 46025, 'rank': 13, 'fitness': 0.9819189093200116, 'generation': 591}","{'id': 46087, 'rank': 14, 'fitness': 0.9819173692950647, 'generation': 591}","{'id': 46083, 'rank': 15, 'fitness': 0.9819138858847389, 'generation': 591}","{'id': 46003, 'rank': 16, 'fitness': 0.9819124246747777, 'generation': 591}","{'id': 46063, 'rank': 17, 'fitness': 0.9819113889297254, 'generation': 591}","{'id': 46061, 'rank': 18, 'fitness': 0.9818612734468106, 'generation': 591}","{'id': 45840, 'rank': 19, 'fitness': 0.9818567753226484, 'generation': 591}","{'id': 46016, 'rank': 20, 'fitness': 0.981782021996261, 'generation': 591}","{'id': 45932, 'rank': 21, 'fitness': 0.9817661284074706, 'generation': 591}","{'id': 46060, 'rank': 22, 'fitness': 0.9817459333245507, 'generation': 591}","{'id': 46062, 'rank': 23, 'fitness': 0.9815989133178658, 'generation': 591}","{'id': 46098, 'rank': 24, 'fitness': 0.9702903472688509, 'generation': 591}","{'id': 46093, 'rank': 25, 'fitness': 0.9639013061842665, 'generation': 591}","{'id': 46106, 'rank': 26, 'fitness': 0.9544815921957313, 'generation': 591}","{'id': 46104, 'rank': 27, 'fitness': 0.9205414437808261, 'generation': 591}","{'id': 46092, 'rank': 28, 'fitness': 0.9096788922671615, 'generation': 591}","{'id': 46105, 'rank': 29, 'fitness': 0.9093455725441332, 'generation': 591}","{'id': 46090, 'rank': 30, 'fitness': 0.01798620996209155, 'generation': 591}"
"{'id': 46177, 'rank': 1, 'fitness': 0.9820137900379085, 'generation': 592}","{'id': 45912, 'rank': 2, 'fitness': 0.9816650994149272, 'generation': 592}","{'id': 45941, 'rank': 3, 'fitness': 0.9815497484884088, 'generation': 592}","{'id': 45941, 'rank': 4, 'fitness': 0.9815497484884088, 'generation': 592}","{'id': 45941, 'rank': 5, 'fitness': 0.9815497484884088, 'generation': 592}","{'id': 45941, 'rank': 6, 'fitness': 0.9815497484884088, 'generation': 592}","{'id': 46136, 'rank': 7, 'fitness': 0.9814126464587903, 'generation': 592}","{'id': 46121, 'rank': 8, 'fitness': 0.9812539369315054, 'generation': 592}","{'id': 46121, 'rank': 9, 'fitness': 0.9812539369315054, 'generation': 592}","{'id': 46019, 'rank': 10, 'fitness': 0.9812071467023538, 'generation': 592}","{'id': 46019, 'rank': 11, 'fitness': 0.9812071467023538, 'generation': 592}","{'id': 46019, 'rank': 12, 'fitness': 0.9812071467023538, 'generation': 592}","{'id': 46019, 'rank': 13, 'fitness': 0.9812071467023538, 'generation': 592}","{'id': 46064, 'rank': 14, 'fitness': 0.9811878603825506, 'generation': 592}","{'id': 46025, 'rank': 15, 'fitness': 0.9811620163544652, 'generation': 592}","{'id': 46087, 'rank': 16, 'fitness': 0.9811537617453971, 'generation': 592}","{'id': 46083, 'rank': 17, 'fitness': 0.9811350799544398, 'generation': 592}","{'id': 46142, 'rank': 18, 'fitness': 0.9811350545198456, 'generation': 592}","{'id': 46167, 'rank': 19, 'fitness': 0.9811224116025457, 'generation': 592}","{'id': 46173, 'rank': 20, 'fitness': 0.9810346253891189, 'generation': 592}","{'id': 46127, 'rank': 21, 'fitness': 0.9808726989165152, 'generation': 592}","{'id': 46127, 'rank': 22, 'fitness': 0.9808726989165152, 'generation': 592}","{'id': 46182, 'rank': 23, 'fitness': 0.9807410566082062, 'generation': 592}","{'id': 46126, 'rank': 24, 'fitness': 0.9804369612978292, 'generation': 592}","{'id': 46016, 'rank': 25, 'fitness': 0.980417055566239, 'generation': 592}","{'id': 46175, 'rank': 26, 'fitness': 0.980391520100917, 'generation': 592}","{'id': 46125, 'rank': 27, 'fitness': 0.9801852359247563, 'generation': 592}","{'id': 46143, 'rank': 28, 'fitness': 0.9800352191632139, 'generation': 592}","{'id': 46151, 'rank': 29, 'fitness': 0.9799950712832624, 'generation': 592}","{'id': 46104, 'rank': 30, 'fitness': 0.01798620996209155, 'generation': 592}"
"{'id': 46177, 'rank': 1, 'fitness': 0.9820137900379085, 'generation': 593}","{'id': 46177, 'rank': 2, 'fitness': 0.9820137900379085, 'generation': 593}","{'id': 46202, 'rank': 3, 'fitness': 0.9739204961927357, 'generation': 593}","{'id': 45941, 'rank': 4, 'fitness': 0.9256529315481536, 'generation': 593}","{'id': 45941, 'rank': 5, 'fitness': 0.9256529315481536, 'generation': 593}","{'id': 46250, 'rank': 6, 'fitness': 0.8694443995007796, 'generation': 593}","{'id': 46249, 'rank': 7, 'fitness': 0.8483605766941391, 'generation': 593}","{'id': 46196, 'rank': 8, 'fitness': 0.8330196582659157, 'generation': 593}","{'id': 46019, 'rank': 9, 'fitness': 0.8105508985798527, 'generation': 593}","{'id': 46025, 'rank': 10, 'fitness': 0.7882339372013782, 'generation': 593}","{'id': 46233, 'rank': 11, 'fitness': 0.7854663184402881, 'generation': 593}","{'id': 46233, 'rank': 12, 'fitness': 0.7854663184402881, 'generation': 593}","{'id': 46142, 'rank': 13, 'fitness': 0.7740389154243611, 'generation': 593}","{'id': 46142, 'rank': 14, 'fitness': 0.7740389154243611, 'generation': 593}","{'id': 46201, 'rank': 15, 'fitness': 0.6791561074096154, 'generation': 593}","{'id': 46254, 'rank': 16, 'fitness': 0.5636401447102825, 'generation': 593}","{'id': 46209, 'rank': 17, 'fitness': 0.3851520643204611, 'generation': 593}","{'id': 46195, 'rank': 18, 'fitness': 0.3656667894187856, 'generation': 593}","{'id': 46199, 'rank': 19, 'fitness': 0.3308534546416865, 'generation': 593}","{'id': 46255, 'rank': 20, 'fitness': 0.2971647016682296, 'generation': 593}","{'id': 46255, 'rank': 21, 'fitness': 0.2971647016682296, 'generation': 593}","{'id': 46126, 'rank': 22, 'fitness': 0.29326395888629164, 'generation': 593}","{'id': 46203, 'rank': 23, 'fitness': 0.2622978218252533, 'generation': 593}","{'id': 46203, 'rank': 24, 'fitness': 0.2622978218252533, 'generation': 593}","{'id': 46188, 'rank': 25, 'fitness': 0.25542536999629417, 'generation': 593}","{'id': 46226, 'rank': 26, 'fitness': 0.20105682248698087, 'generation': 593}","{'id': 46242, 'rank': 27, 'fitness': 0.10057123175985899, 'generation': 593}","{'id': 46272, 'rank': 28, 'fitness': 0.09699460870863258, 'generation': 593}","{'id': 46239, 'rank': 29, 'fitness': 0.06671947598225464, 'generation': 593}","{'id': 46267, 'rank': 30, 'fitness': 0.01798620996209155, 'generation': 593}"
"{'id': 46291, 'rank': 1, 'fitness': 0.9820137900379085, 'generation': 594}","{'id': 46177, 'rank': 2, 'fitness': 0.9815878365826185, 'generation': 594}","{'id': 46202, 'rank': 3, 'fitness': 0.9814069329473454, 'generation': 594}","{'id': 46202, 'rank': 4, 'fitness': 0.9814069329473454, 'generation': 594}","{'id': 46333, 'rank': 5, 'fitness': 0.9806201953294953, 'generation': 594}","{'id': 46250, 'rank': 6, 'fitness': 0.9805635939404692, 'generation': 594}","{'id': 46249, 'rank': 7, 'fitness': 0.980476300528447, 'generation': 594}","{'id': 46019, 'rank': 8, 'fitness': 0.980341190488, 'generation': 594}","{'id': 46025, 'rank': 9, 'fitness': 0.9802706661278986, 'generation': 594}","{'id': 46233, 'rank': 10, 'fitness': 0.9802622940487733, 'generation': 594}","{'id': 46325, 'rank': 11, 'fitness': 0.9802288499874255, 'generation': 594}","{'id': 46325, 'rank': 12, 'fitness': 0.9802288499874255, 'generation': 594}","{'id': 46142, 'rank': 13, 'fitness': 0.9802284944708217, 'generation': 594}","{'id': 46201, 'rank': 14, 'fitness': 0.9799823298724233, 'generation': 594}","{'id': 46334, 'rank': 15, 'fitness': 0.9795354907469688, 'generation': 594}","{'id': 46334, 'rank': 16, 'fitness': 0.9795354907469688, 'generation': 594}","{'id': 46334, 'rank': 17, 'fitness': 0.9795354907469688, 'generation': 594}","{'id': 46195, 'rank': 18, 'fitness': 0.979302025944076, 'generation': 594}","{'id': 46199, 'rank': 19, 'fitness': 0.9792202787826154, 'generation': 594}","{'id': 46255, 'rank': 20, 'fitness': 0.9791365907958094, 'generation': 594}","{'id': 46242, 'rank': 21, 'fitness': 0.9784119464523965, 'generation': 594}","{'id': 46267, 'rank': 22, 'fitness': 0.9773866760385836, 'generation': 594}","{'id': 46315, 'rank': 23, 'fitness': 0.9719186830057926, 'generation': 594}","{'id': 46302, 'rank': 24, 'fitness': 0.9692652689408372, 'generation': 594}","{'id': 46303, 'rank': 25, 'fitness': 0.9666800219497655, 'generation': 594}","{'id': 46329, 'rank': 26, 'fitness': 0.24324570881077717, 'generation': 594}","{'id': 46330, 'rank': 27, 'fitness': 0.2073838704756762, 'generation': 594}","{'id': 46319, 'rank': 28, 'fitness': 0.05830739569393173, 'generation': 594}","{'id': 46280, 'rank': 29, 'fitness': 0.05114590288173104, 'generation': 594}","{'id': 46317, 'rank': 30, 'fitness': 0.01798620996209155, 'generation': 594}"
"{'id': 46291, 'rank': 1, 'fitness': 0.9820137900379085, 'generation': 595}","{'id': 46388, 'rank': 2, 'fitness': 0.9812239095411, 'generation': 595}","{'id': 46383, 'rank': 3, 'fitness': 0.967571620240103, 'generation': 595}","{'id': 46202, 'rank': 4, 'fitness': 0.959317223870701, 'generation': 595}","{'id': 46407, 'rank': 5, 'fitness': 0.9456478901756137, 'generation': 595}","{'id': 46386, 'rank': 6, 'fitness': 0.9430323337102431, 'generation': 595}","{'id': 46386, 'rank': 7, 'fitness': 0.9430323337102431, 'generation': 595}","{'id': 46352, 'rank': 8, 'fitness': 0.9353584033789019, 'generation': 595}","{'id': 46363, 'rank': 9, 'fitness': 0.90814532567476, 'generation': 595}","{'id': 46400, 'rank': 10, 'fitness': 0.9067183642575677, 'generation': 595}","{'id': 46406, 'rank': 11, 'fitness': 0.8923063520267651, 'generation': 595}","{'id': 46333, 'rank': 12, 'fitness': 0.8919791586396888, 'generation': 595}","{'id': 46333, 'rank': 13, 'fitness': 0.8919791586396888, 'generation': 595}","{'id': 46250, 'rank': 14, 'fitness': 0.8846525537395028, 'generation': 595}","{'id': 46233, 'rank': 15, 'fitness': 0.8385560472903201, 'generation': 595}","{'id': 46387, 'rank': 16, 'fitness': 0.8355378514387635, 'generation': 595}","{'id': 46142, 'rank': 17, 'fitness': 0.832600229088897, 'generation': 595}","{'id': 46401, 'rank': 18, 'fitness': 0.8202488784032462, 'generation': 595}","{'id': 46357, 'rank': 19, 'fitness': 0.7191378034485282, 'generation': 595}","{'id': 46399, 'rank': 20, 'fitness': 0.7004272146663205, 'generation': 595}","{'id': 46334, 'rank': 21, 'fitness': 0.6750038232852273, 'generation': 595}","{'id': 46334, 'rank': 22, 'fitness': 0.6750038232852273, 'generation': 595}","{'id': 46373, 'rank': 23, 'fitness': 0.6305034981086244, 'generation': 595}","{'id': 46195, 'rank': 24, 'fitness': 0.6090267420096783, 'generation': 595}","{'id': 46199, 'rank': 25, 'fitness': 0.5849778764755493, 'generation': 595}","{'id': 46339, 'rank': 26, 'fitness': 0.5241134419788759, 'generation': 595}","{'id': 46351, 'rank': 27, 'fitness': 0.23876744016330587, 'generation': 595}","{'id': 46267, 'rank': 28, 'fitness': 0.14140076585388195, 'generation': 595}","{'id': 46375, 'rank': 29, 'fitness': 0.06251897127039407, 'generation': 595}","{'id': 46368, 'rank': 30, 'fitness': 0.01798620996209155, 'generation': 595}"
"{'id': 46383, 'rank': 1, 'fitness': 0.9820137900379085, 'generation': 596}","{'id': 46460, 'rank': 2, 'fitness': 0.9818174844014966, 'generation': 596}","{'id': 46407, 'rank': 3, 'fitness': 0.981282599460784, 'generation': 596}","{'id': 46386, 'rank': 4, 'fitness': 0.9812136774027421, 'generation': 596}","{'id': 46386, 'rank': 5, 'fitness': 0.9812136774027421, 'generation': 596}","{'id': 46386, 'rank': 6, 'fitness': 0.9812136774027421, 'generation': 596}","{'id': 46386, 'rank': 7, 'fitness': 0.9812136774027421, 'generation': 596}","{'id': 46352, 'rank': 8, 'fitness': 0.9810261099781237, 'generation': 596}","{'id': 46400, 'rank': 9, 'fitness': 0.9804606457783995, 'generation': 596}","{'id': 46459, 'rank': 10, 'fitness': 0.9803673483667716, 'generation': 596}","{'id': 46333, 'rank': 11, 'fitness': 0.9802241095170643, 'generation': 596}","{'id': 46233, 'rank': 12, 'fitness': 0.9795363120977849, 'generation': 596}","{'id': 46142, 'rank': 13, 'fitness': 0.9794708054234695, 'generation': 596}","{'id': 46142, 'rank': 14, 'fitness': 0.9794708054234695, 'generation': 596}","{'id': 46401, 'rank': 15, 'fitness': 0.9793400510040962, 'generation': 596}","{'id': 46334, 'rank': 16, 'fitness': 0.9781067881094812, 'generation': 596}","{'id': 46339, 'rank': 17, 'fitness': 0.9770607362249599, 'generation': 596}","{'id': 46339, 'rank': 18, 'fitness': 0.9770607362249599, 'generation': 596}","{'id': 46339, 'rank': 19, 'fitness': 0.9770607362249599, 'generation': 596}","{'id': 46467, 'rank': 20, 'fitness': 0.97444556458704, 'generation': 596}","{'id': 46267, 'rank': 21, 'fitness': 0.9736269734969599, 'generation': 596}","{'id': 46375, 'rank': 22, 'fitness': 0.9718224997105942, 'generation': 596}","{'id': 46437, 'rank': 23, 'fitness': 0.9398298663732787, 'generation': 596}","{'id': 46475, 'rank': 24, 'fitness': 0.8010518301700698, 'generation': 596}","{'id': 46423, 'rank': 25, 'fitness': 0.6711402819501678, 'generation': 596}","{'id': 46415, 'rank': 26, 'fitness': 0.10079341338137537, 'generation': 596}","{'id': 46419, 'rank': 27, 'fitness': 0.07723300453348059, 'generation': 596}","{'id': 46432, 'rank': 28, 'fitness': 0.03712686409192012, 'generation': 596}","{'id': 46435, 'rank': 29, 'fitness': 0.0188278666730608, 'generation': 596}","{'id': 46434, 'rank': 30, 'fitness': 0.01798620996209155, 'generation': 596}"
"{'id': 46460, 'rank': 1, 'fitness': 0.9820137900379085, 'generation': 597}","{'id': 46460, 'rank': 2, 'fitness': 0.9820137900379085, 'generation': 597}","{'id': 46496, 'rank': 3, 'fitness': 0.9801588012857383, 'generation': 597}","{'id': 46527, 'rank': 4, 'fitness': 0.980140501727889, 'generation': 597}","{'id': 46551, 'rank': 5, 'fitness': 0.9798407396624316, 'generation': 597}","{'id': 46528, 'rank': 6, 'fitness': 0.9777357485044987, 'generation': 597}","{'id': 46497, 'rank': 7, 'fitness': 0.9772442082427129, 'generation': 597}","{'id': 46490, 'rank': 8, 'fitness': 0.9757921200732191, 'generation': 597}","{'id': 46542, 'rank': 9, 'fitness': 0.9751144963531565, 'generation': 597}","{'id': 46557, 'rank': 10, 'fitness': 0.9748426615721786, 'generation': 597}","{'id': 46233, 'rank': 11, 'fitness': 0.9746610690234199, 'generation': 597}","{'id': 46233, 'rank': 12, 'fitness': 0.9746610690234199, 'generation': 597}","{'id': 46142, 'rank': 13, 'fitness': 0.974425819129432, 'generation': 597}","{'id': 46142, 'rank': 14, 'fitness': 0.974425819129432, 'generation': 597}","{'id': 46142, 'rank': 15, 'fitness': 0.974425819129432, 'generation': 597}","{'id': 46518, 'rank': 16, 'fitness': 0.9740436041478376, 'generation': 597}","{'id': 46518, 'rank': 17, 'fitness': 0.9740436041478376, 'generation': 597}","{'id': 46401, 'rank': 18, 'fitness': 0.9739521125331253, 'generation': 597}","{'id': 46489, 'rank': 19, 'fitness': 0.9673367118199299, 'generation': 597}","{'id': 46524, 'rank': 20, 'fitness': 0.9673005048641483, 'generation': 597}","{'id': 46524, 'rank': 21, 'fitness': 0.9673005048641483, 'generation': 597}","{'id': 46339, 'rank': 22, 'fitness': 0.96478753417615, 'generation': 597}","{'id': 46532, 'rank': 23, 'fitness': 0.9620942096948151, 'generation': 597}","{'id': 46519, 'rank': 24, 'fitness': 0.955550891154748, 'generation': 597}","{'id': 46506, 'rank': 25, 'fitness': 0.9399176122944688, 'generation': 597}","{'id': 46525, 'rank': 26, 'fitness': 0.9364462193743972, 'generation': 597}","{'id': 46507, 'rank': 27, 'fitness': 0.9233274378431411, 'generation': 597}","{'id': 46508, 'rank': 28, 'fitness': 0.8566026012335461, 'generation': 597}","{'id': 46500, 'rank': 29, 'fitness': 0.041788321843433396, 'generation': 597}","{'id': 46501, 'rank': 30, 'fitness': 0.01798620996209155, 'generation': 597}"
"{'id': 46460, 'rank': 1, 'fitness': 0.9820137900379085, 'generation': 598}","{'id': 46460, 'rank': 2, 'fitness': 0.9820137900379085, 'generation': 598}","{'id': 46460, 'rank': 3, 'fitness': 0.9820137900379085, 'generation': 598}","{'id': 46595, 'rank': 4, 'fitness': 0.9810697990831376, 'generation': 598}","{'id': 46551, 'rank': 5, 'fitness': 0.9782332616880689, 'generation': 598}","{'id': 46613, 'rank': 6, 'fitness': 0.9738577117482463, 'generation': 598}","{'id': 46497, 'rank': 7, 'fitness': 0.9733541848483824, 'generation': 598}","{'id': 46593, 'rank': 8, 'fitness': 0.972110045878555, 'generation': 598}","{'id': 46577, 'rank': 9, 'fitness': 0.9672608163820255, 'generation': 598}","{'id': 46561, 'rank': 10, 'fitness': 0.9668340615643141, 'generation': 598}","{'id': 46518, 'rank': 11, 'fitness': 0.9668287282728407, 'generation': 598}","{'id': 46518, 'rank': 12, 'fitness': 0.9668287282728407, 'generation': 598}","{'id': 46401, 'rank': 13, 'fitness': 0.9666342406911368, 'generation': 598}","{'id': 46600, 'rank': 14, 'fitness': 0.9625988576604905, 'generation': 598}","{'id': 46611, 'rank': 15, 'fitness': 0.9619686719580837, 'generation': 598}","{'id': 46602, 'rank': 16, 'fitness': 0.961613283892721, 'generation': 598}","{'id': 46633, 'rank': 17, 'fitness': 0.9570656749874573, 'generation': 598}","{'id': 46489, 'rank': 18, 'fitness': 0.9514800650808348, 'generation': 598}","{'id': 46524, 'rank': 19, 'fitness': 0.9513914807327848, 'generation': 598}","{'id': 46339, 'rank': 20, 'fitness': 0.9451028960881254, 'generation': 598}","{'id': 46604, 'rank': 21, 'fitness': 0.9426539596235857, 'generation': 598}","{'id': 46591, 'rank': 22, 'fitness': 0.9391418469460486, 'generation': 598}","{'id': 46634, 'rank': 23, 'fitness': 0.934021446600513, 'generation': 598}","{'id': 46615, 'rank': 24, 'fitness': 0.927987103992281, 'generation': 598}","{'id': 46519, 'rank': 25, 'fitness': 0.9198119858784581, 'generation': 598}","{'id': 46578, 'rank': 26, 'fitness': 0.902376551568022, 'generation': 598}","{'id': 46636, 'rank': 27, 'fitness': 0.8606225945201864, 'generation': 598}","{'id': 46620, 'rank': 28, 'fitness': 0.8271230508378241, 'generation': 598}","{'id': 46618, 'rank': 29, 'fitness': 0.04478728956817246, 'generation': 598}","{'id': 46587, 'rank': 30, 'fitness': 0.01798620996209155, 'generation': 598}"
"{'id': 46698, 'rank': 1, 'fitness': 0.9820137900379085, 'generation': 599}","{'id': 46658, 'rank': 2, 'fitness': 0.9813112066565435, 'generation': 599}","{'id': 46658, 'rank': 3, 'fitness': 0.9813112066565435, 'generation': 599}","{'id': 46460, 'rank': 4, 'fitness': 0.9781755899467657, 'generation': 599}","{'id': 46697, 'rank': 5, 'fitness': 0.9709605382030957, 'generation': 599}","{'id': 46681, 'rank': 6, 'fitness': 0.9670172046405758, 'generation': 599}","{'id': 46681, 'rank': 7, 'fitness': 0.9670172046405758, 'generation': 599}","{'id': 46593, 'rank': 8, 'fitness': 0.9657883562326876, 'generation': 599}","{'id': 46720, 'rank': 9, 'fitness': 0.96166527036627, 'generation': 599}","{'id': 46561, 'rank': 10, 'fitness': 0.9591566647251002, 'generation': 599}","{'id': 46518, 'rank': 11, 'fitness': 0.959149953245472, 'generation': 599}","{'id': 46401, 'rank': 12, 'fitness': 0.9589051983976928, 'generation': 599}","{'id': 46659, 'rank': 13, 'fitness': 0.955902733541159, 'generation': 599}","{'id': 46696, 'rank': 14, 'fitness': 0.9447292814959345, 'generation': 599}","{'id': 46489, 'rank': 15, 'fitness': 0.9397968942751038, 'generation': 599}","{'id': 46489, 'rank': 16, 'fitness': 0.9397968942751038, 'generation': 599}","{'id': 46339, 'rank': 17, 'fitness': 0.9317455378515873, 'generation': 599}","{'id': 46634, 'rank': 18, 'fitness': 0.9177585395273913, 'generation': 599}","{'id': 46714, 'rank': 19, 'fitness': 0.9124950947761201, 'generation': 599}","{'id': 46615, 'rank': 20, 'fitness': 0.9101488408109861, 'generation': 599}","{'id': 46519, 'rank': 21, 'fitness': 0.8998518671564008, 'generation': 599}","{'id': 46695, 'rank': 22, 'fitness': 0.8816662350638493, 'generation': 599}","{'id': 46695, 'rank': 23, 'fitness': 0.8816662350638493, 'generation': 599}","{'id': 46709, 'rank': 24, 'fitness': 0.8232411494017094, 'generation': 599}","{'id': 46688, 'rank': 25, 'fitness': 0.7933430547202062, 'generation': 599}","{'id': 46646, 'rank': 26, 'fitness': 0.7538296845905668, 'generation': 599}","{'id': 46691, 'rank': 27, 'fitness': 0.5001328074187603, 'generation': 599}","{'id': 46664, 'rank': 28, 'fitness': 0.4629659521754333, 'generation': 599}","{'id': 46665, 'rank': 29, 'fitness': 0.09857589737342459, 'generation': 599}","{'id': 46668, 'rank': 30, 'fitness': 0.01798620996209155, 'generation': 599}"
"{'id': 46698, 'rank': 1, 'fitness': 0.9820137900379085, 'generation': 600}","{'id': 46460, 'rank': 2, 'fitness': 0.9819424839652755, 'generation': 600}","{'id': 46460, 'rank': 3, 'fitness': 0.9819424839652755, 'generation': 600}","{'id': 46771, 'rank': 4, 'fitness': 0.9818539578971813, 'generation': 600}","{'id': 46755, 'rank': 5, 'fitness': 0.9817607571999187, 'generation': 600}","{'id': 46770, 'rank': 6, 'fitness': 0.9817461774108929, 'generation': 600}","{'id': 46720, 'rank': 7, 'fitness': 0.9817311706375231, 'generation': 600}","{'id': 46561, 'rank': 8, 'fitness': 0.9817069861992496, 'generation': 600}","{'id': 46401, 'rank': 9, 'fitness': 0.9817046392827216, 'generation': 600}","{'id': 46734, 'rank': 10, 'fitness': 0.9815713975739178, 'generation': 600}","{'id': 46737, 'rank': 11, 'fitness': 0.9814795042220255, 'generation': 600}","{'id': 46765, 'rank': 12, 'fitness': 0.9813969338374495, 'generation': 600}","{'id': 46765, 'rank': 13, 'fitness': 0.9813969338374495, 'generation': 600}","{'id': 46519, 'rank': 14, 'fitness': 0.9813513639934843, 'generation': 600}","{'id': 46733, 'rank': 15, 'fitness': 0.9812957765886111, 'generation': 600}","{'id': 46762, 'rank': 16, 'fitness': 0.981271826349555, 'generation': 600}","{'id': 46757, 'rank': 17, 'fitness': 0.9812106265864505, 'generation': 600}","{'id': 46785, 'rank': 18, 'fitness': 0.9811941208988499, 'generation': 600}","{'id': 46758, 'rank': 19, 'fitness': 0.9810978688802015, 'generation': 600}","{'id': 46758, 'rank': 20, 'fitness': 0.9810978688802015, 'generation': 600}","{'id': 46763, 'rank': 21, 'fitness': 0.9809871930083072, 'generation': 600}","{'id': 46646, 'rank': 22, 'fitness': 0.9809448530030349, 'generation': 600}","{'id': 46723, 'rank': 23, 'fitness': 0.9805962437356432, 'generation': 600}","{'id': 46691, 'rank': 24, 'fitness': 0.9805132099053402, 'generation': 600}","{'id': 46722, 'rank': 25, 'fitness': 0.9804302117519024, 'generation': 600}","{'id': 46778, 'rank': 26, 'fitness': 0.9782404027842198, 'generation': 600}","{'id': 46777, 'rank': 27, 'fitness': 0.9779854165153663, 'generation': 600}","{'id': 46768, 'rank': 28, 'fitness': 0.9733318564102682, 'generation': 600}","{'id': 46744, 'rank': 29, 'fitness': 0.9553388293103038, 'generation': 600}","{'id': 46738, 'rank': 30, 'fitness': 0.01798620996209155, 'generation': 600}"
"{'id': 46866, 'rank': 1, 'fitness': 0.9820137900379085, 'generation': 601}","{'id': 46866, 'rank': 2, 'fitness': 0.9820137900379085, 'generation': 601}","{'id': 46866, 'rank': 3, 'fitness': 0.9820137900379085, 'generation': 601}","{'id': 46460, 'rank': 4, 'fitness': 0.9816338252403971, 'generation': 601}","{'id': 46786, 'rank': 5, 'fitness': 0.9800876782735137, 'generation': 601}","{'id': 46860, 'rank': 6, 'fitness': 0.9791904684659636, 'generation': 601}","{'id': 46771, 'rank': 7, 'fitness': 0.9772964922843856, 'generation': 601}","{'id': 46867, 'rank': 8, 'fitness': 0.9718090312077787, 'generation': 601}","{'id': 46755, 'rank': 9, 'fitness': 0.9716817440393084, 'generation': 601}","{'id': 46820, 'rank': 10, 'fitness': 0.9712583427297348, 'generation': 601}","{'id': 46838, 'rank': 11, 'fitness': 0.9710212051333847, 'generation': 601}","{'id': 46868, 'rank': 12, 'fitness': 0.9707760998433776, 'generation': 601}","{'id': 46791, 'rank': 13, 'fitness': 0.9508413290663418, 'generation': 601}","{'id': 46821, 'rank': 14, 'fitness': 0.9491577991218428, 'generation': 601}","{'id': 46823, 'rank': 15, 'fitness': 0.9417398709770177, 'generation': 601}","{'id': 46815, 'rank': 16, 'fitness': 0.938251052819889, 'generation': 601}","{'id': 46849, 'rank': 17, 'fitness': 0.9361913209498056, 'generation': 601}","{'id': 46811, 'rank': 18, 'fitness': 0.928948333848024, 'generation': 601}","{'id': 46792, 'rank': 19, 'fitness': 0.9175764992926871, 'generation': 601}","{'id': 46788, 'rank': 20, 'fitness': 0.9139625161040806, 'generation': 601}","{'id': 46825, 'rank': 21, 'fitness': 0.8939211201431678, 'generation': 601}","{'id': 46848, 'rank': 22, 'fitness': 0.8802635938499037, 'generation': 601}","{'id': 46851, 'rank': 23, 'fitness': 0.877367150190997, 'generation': 601}","{'id': 46758, 'rank': 24, 'fitness': 0.8759728139090818, 'generation': 601}","{'id': 46758, 'rank': 25, 'fitness': 0.8759728139090818, 'generation': 601}","{'id': 46827, 'rank': 26, 'fitness': 0.8420812964734945, 'generation': 601}","{'id': 46864, 'rank': 27, 'fitness': 0.8147187194247459, 'generation': 601}","{'id': 46835, 'rank': 28, 'fitness': 0.8116380792471799, 'generation': 601}","{'id': 46834, 'rank': 29, 'fitness': 0.7144257397496752, 'generation': 601}","{'id': 46855, 'rank': 30, 'fitness': 0.01798620996209155, 'generation': 601}"
"{'id': 46866, 'rank': 1, 'fitness': 0.9820137900379085, 'generation': 602}","{'id': 46786, 'rank': 2, 'fitness': 0.9815669734839632, 'generation': 602}","{'id': 46947, 'rank': 3, 'fitness': 0.9812565730662943, 'generation': 602}","{'id': 46941, 'rank': 4, 'fitness': 0.9809253972036163, 'generation': 602}","{'id': 46941, 'rank': 5, 'fitness': 0.9809253972036163, 'generation': 602}","{'id': 46941, 'rank': 6, 'fitness': 0.9809253972036163, 'generation': 602}","{'id': 46925, 'rank': 7, 'fitness': 0.9804486268092117, 'generation': 602}","{'id': 46755, 'rank': 8, 'fitness': 0.9799259300438401, 'generation': 602}","{'id': 46868, 'rank': 9, 'fitness': 0.9797716752401435, 'generation': 602}","{'id': 46936, 'rank': 10, 'fitness': 0.979699314604385, 'generation': 602}","{'id': 46948, 'rank': 11, 'fitness': 0.9796112121754676, 'generation': 602}","{'id': 46948, 'rank': 12, 'fitness': 0.9796112121754676, 'generation': 602}","{'id': 46923, 'rank': 13, 'fitness': 0.9780695076792213, 'generation': 602}","{'id': 46912, 'rank': 14, 'fitness': 0.9755728661911686, 'generation': 602}","{'id': 46902, 'rank': 15, 'fitness': 0.9755572956238843, 'generation': 602}","{'id': 46849, 'rank': 16, 'fitness': 0.9754760034275806, 'generation': 602}","{'id': 46927, 'rank': 17, 'fitness': 0.975042692214704, 'generation': 602}","{'id': 46914, 'rank': 18, 'fitness': 0.9730599421011464, 'generation': 602}","{'id': 46851, 'rank': 19, 'fitness': 0.9709756903673491, 'generation': 602}","{'id': 46872, 'rank': 20, 'fitness': 0.9706789409048275, 'generation': 602}","{'id': 46916, 'rank': 21, 'fitness': 0.9682093048172176, 'generation': 602}","{'id': 46834, 'rank': 22, 'fitness': 0.9629205293782752, 'generation': 602}","{'id': 46879, 'rank': 23, 'fitness': 0.9613569068900689, 'generation': 602}","{'id': 46879, 'rank': 24, 'fitness': 0.9613569068900689, 'generation': 602}","{'id': 46896, 'rank': 25, 'fitness': 0.9383899609134168, 'generation': 602}","{'id': 46895, 'rank': 26, 'fitness': 0.9181453674287985, 'generation': 602}","{'id': 46946, 'rank': 27, 'fitness': 0.9137083203294307, 'generation': 602}","{'id': 46893, 'rank': 28, 'fitness': 0.9101502115466011, 'generation': 602}","{'id': 46904, 'rank': 29, 'fitness': 0.03855047535594702, 'generation': 602}","{'id': 46918, 'rank': 30, 'fitness': 0.01798620996209155, 'generation': 602}"
"{'id': 47002, 'rank': 1, 'fitness': 0.9820137900379085, 'generation': 603}","{'id': 46941, 'rank': 2, 'fitness': 0.9804311964238277, 'generation': 603}","{'id': 46941, 'rank': 3, 'fitness': 0.9804311964238277, 'generation': 603}","{'id': 46941, 'rank': 4, 'fitness': 0.9804311964238277, 'generation': 603}","{'id': 46951, 'rank': 5, 'fitness': 0.9799322660645282, 'generation': 603}","{'id': 46925, 'rank': 6, 'fitness': 0.9756599263430786, 'generation': 603}","{'id': 47008, 'rank': 7, 'fitness': 0.9677908522758382, 'generation': 603}","{'id': 46948, 'rank': 8, 'fitness': 0.9648311423906303, 'generation': 603}","{'id': 47010, 'rank': 9, 'fitness': 0.9632995032945155, 'generation': 603}","{'id': 47010, 'rank': 10, 'fitness': 0.9632995032945155, 'generation': 603}","{'id': 47009, 'rank': 11, 'fitness': 0.9628969017314817, 'generation': 603}","{'id': 46995, 'rank': 12, 'fitness': 0.9577348189662076, 'generation': 603}","{'id': 46995, 'rank': 13, 'fitness': 0.9577348189662076, 'generation': 603}","{'id': 46979, 'rank': 14, 'fitness': 0.956932111643335, 'generation': 603}","{'id': 46964, 'rank': 15, 'fitness': 0.9324207848616971, 'generation': 603}","{'id': 47003, 'rank': 16, 'fitness': 0.9312038037638994, 'generation': 603}","{'id': 46986, 'rank': 17, 'fitness': 0.9145348487268792, 'generation': 603}","{'id': 46986, 'rank': 18, 'fitness': 0.9145348487268792, 'generation': 603}","{'id': 46986, 'rank': 19, 'fitness': 0.9145348487268792, 'generation': 603}","{'id': 46987, 'rank': 20, 'fitness': 0.9101735370569488, 'generation': 603}","{'id': 46953, 'rank': 21, 'fitness': 0.9075622058566148, 'generation': 603}","{'id': 46959, 'rank': 22, 'fitness': 0.9069426775986541, 'generation': 603}","{'id': 46980, 'rank': 23, 'fitness': 0.9049557864529436, 'generation': 603}","{'id': 46981, 'rank': 24, 'fitness': 0.8758406367152441, 'generation': 603}","{'id': 46955, 'rank': 25, 'fitness': 0.5888179653251652, 'generation': 603}","{'id': 46955, 'rank': 26, 'fitness': 0.5888179653251652, 'generation': 603}","{'id': 47025, 'rank': 27, 'fitness': 0.5214693613195585, 'generation': 603}","{'id': 47012, 'rank': 28, 'fitness': 0.2257680151428882, 'generation': 603}","{'id': 46975, 'rank': 29, 'fitness': 0.22497644707359105, 'generation': 603}","{'id': 46974, 'rank': 30, 'fitness': 0.01798620996209155, 'generation': 603}"
"{'id': 47060, 'rank': 1, 'fitness': 0.9820137900379085, 'generation': 604}","{'id': 47060, 'rank': 2, 'fitness': 0.9820137900379085, 'generation': 604}","{'id': 47002, 'rank': 3, 'fitness': 0.969574828720719, 'generation': 604}","{'id': 46941, 'rank': 4, 'fitness': 0.9685682975129569, 'generation': 604}","{'id': 46941, 'rank': 5, 'fitness': 0.9685682975129569, 'generation': 604}","{'id': 46941, 'rank': 6, 'fitness': 0.9685682975129569, 'generation': 604}","{'id': 47069, 'rank': 7, 'fitness': 0.96712806163725, 'generation': 604}","{'id': 47082, 'rank': 8, 'fitness': 0.9650825335408397, 'generation': 604}","{'id': 47082, 'rank': 9, 'fitness': 0.9650825335408397, 'generation': 604}","{'id': 47009, 'rank': 10, 'fitness': 0.9597260080321117, 'generation': 604}","{'id': 47009, 'rank': 11, 'fitness': 0.9597260080321117, 'generation': 604}","{'id': 47074, 'rank': 12, 'fitness': 0.9577093266294837, 'generation': 604}","{'id': 46995, 'rank': 13, 'fitness': 0.957626590301887, 'generation': 604}","{'id': 46979, 'rank': 14, 'fitness': 0.9573138603329177, 'generation': 604}","{'id': 47075, 'rank': 15, 'fitness': 0.9569622491586476, 'generation': 604}","{'id': 47081, 'rank': 16, 'fitness': 0.9465897402988471, 'generation': 604}","{'id': 46986, 'rank': 17, 'fitness': 0.9439978206043869, 'generation': 604}","{'id': 46986, 'rank': 18, 'fitness': 0.9439978206043869, 'generation': 604}","{'id': 46986, 'rank': 19, 'fitness': 0.9439978206043869, 'generation': 604}","{'id': 46987, 'rank': 20, 'fitness': 0.942860120026405, 'generation': 604}","{'id': 47067, 'rank': 21, 'fitness': 0.9390373385673124, 'generation': 604}","{'id': 46981, 'rank': 22, 'fitness': 0.9347406013536217, 'generation': 604}","{'id': 46955, 'rank': 23, 'fitness': 0.8848093025308598, 'generation': 604}","{'id': 47045, 'rank': 24, 'fitness': 0.8532775813599811, 'generation': 604}","{'id': 46975, 'rank': 25, 'fitness': 0.8045697260430442, 'generation': 604}","{'id': 47072, 'rank': 26, 'fitness': 0.7702751100993316, 'generation': 604}","{'id': 47031, 'rank': 27, 'fitness': 0.0979656363409207, 'generation': 604}","{'id': 47039, 'rank': 28, 'fitness': 0.0680450469528805, 'generation': 604}","{'id': 47093, 'rank': 29, 'fitness': 0.029090235869904668, 'generation': 604}","{'id': 47058, 'rank': 30, 'fitness': 0.01798620996209155, 'generation': 604}"
"{'id': 47060, 'rank': 1, 'fitness': 0.9820137900379085, 'generation': 605}","{'id': 47114, 'rank': 2, 'fitness': 0.9797546154884912, 'generation': 605}","{'id': 46941, 'rank': 3, 'fitness': 0.9384860201488894, 'generation': 605}","{'id': 46941, 'rank': 4, 'fitness': 0.9384860201488894, 'generation': 605}","{'id': 46941, 'rank': 5, 'fitness': 0.9384860201488894, 'generation': 605}","{'id': 47069, 'rank': 6, 'fitness': 0.9322528133782768, 'generation': 605}","{'id': 47112, 'rank': 7, 'fitness': 0.9268906592406845, 'generation': 605}","{'id': 47113, 'rank': 8, 'fitness': 0.9243454088542531, 'generation': 605}","{'id': 47113, 'rank': 9, 'fitness': 0.9243454088542531, 'generation': 605}","{'id': 47082, 'rank': 10, 'fitness': 0.9229087352915983, 'generation': 605}","{'id': 47009, 'rank': 11, 'fitness': 0.8958565332472979, 'generation': 605}","{'id': 47009, 'rank': 12, 'fitness': 0.8958565332472979, 'generation': 605}","{'id': 46995, 'rank': 13, 'fitness': 0.8843067171201471, 'generation': 605}","{'id': 46979, 'rank': 14, 'fitness': 0.8825437896410019, 'generation': 605}","{'id': 47115, 'rank': 15, 'fitness': 0.869714791536565, 'generation': 605}","{'id': 46986, 'rank': 16, 'fitness': 0.7990397975022436, 'generation': 605}","{'id': 46987, 'rank': 17, 'fitness': 0.7913011694341371, 'generation': 605}","{'id': 47131, 'rank': 18, 'fitness': 0.7649654356035663, 'generation': 605}","{'id': 47102, 'rank': 19, 'fitness': 0.5487547147918277, 'generation': 605}","{'id': 47103, 'rank': 20, 'fitness': 0.501965530007306, 'generation': 605}","{'id': 47145, 'rank': 21, 'fitness': 0.4652507343624913, 'generation': 605}","{'id': 47145, 'rank': 22, 'fitness': 0.4652507343624913, 'generation': 605}","{'id': 47146, 'rank': 23, 'fitness': 0.4292335244579406, 'generation': 605}","{'id': 47123, 'rank': 24, 'fitness': 0.3380436165881305, 'generation': 605}","{'id': 47117, 'rank': 25, 'fitness': 0.3002830572054049, 'generation': 605}","{'id': 47105, 'rank': 26, 'fitness': 0.06295342401912052, 'generation': 605}","{'id': 47143, 'rank': 27, 'fitness': 0.0339507455539817, 'generation': 605}","{'id': 47143, 'rank': 28, 'fitness': 0.0339507455539817, 'generation': 605}","{'id': 47120, 'rank': 29, 'fitness': 0.02346088155147824, 'generation': 605}","{'id': 47106, 'rank': 30, 'fitness': 0.01798620996209155, 'generation': 605}"
"{'id': 47060, 'rank': 1, 'fitness': 0.9820137900379085, 'generation': 606}","{'id': 47114, 'rank': 2, 'fitness': 0.9818170141846323, 'generation': 606}","{'id': 47240, 'rank': 3, 'fitness': 0.9814430531385194, 'generation': 606}","{'id': 47170, 'rank': 4, 'fitness': 0.9812756869137004, 'generation': 606}","{'id': 47170, 'rank': 5, 'fitness': 0.9812756869137004, 'generation': 606}","{'id': 47172, 'rank': 6, 'fitness': 0.9799786719808308, 'generation': 606}","{'id': 46941, 'rank': 7, 'fitness': 0.9798238306541777, 'generation': 606}","{'id': 46941, 'rank': 8, 'fitness': 0.9798238306541777, 'generation': 606}","{'id': 46941, 'rank': 9, 'fitness': 0.9798238306541777, 'generation': 606}","{'id': 47113, 'rank': 10, 'fitness': 0.9794165053761851, 'generation': 606}","{'id': 47113, 'rank': 11, 'fitness': 0.9794165053761851, 'generation': 606}","{'id': 47113, 'rank': 12, 'fitness': 0.9794165053761851, 'generation': 606}","{'id': 47113, 'rank': 13, 'fitness': 0.9794165053761851, 'generation': 606}","{'id': 47082, 'rank': 14, 'fitness': 0.9793787510392167, 'generation': 606}","{'id': 46979, 'rank': 15, 'fitness': 0.9784965786634381, 'generation': 606}","{'id': 46987, 'rank': 16, 'fitness': 0.9771339976621471, 'generation': 606}","{'id': 47131, 'rank': 17, 'fitness': 0.9768184852957186, 'generation': 606}","{'id': 47145, 'rank': 18, 'fitness': 0.9739094329787266, 'generation': 606}","{'id': 47145, 'rank': 19, 'fitness': 0.9739094329787266, 'generation': 606}","{'id': 47145, 'rank': 20, 'fitness': 0.9739094329787266, 'generation': 606}","{'id': 47174, 'rank': 21, 'fitness': 0.9731236569088468, 'generation': 606}","{'id': 47178, 'rank': 22, 'fitness': 0.9545506694037921, 'generation': 606}","{'id': 47234, 'rank': 23, 'fitness': 0.9485172580204236, 'generation': 606}","{'id': 47194, 'rank': 24, 'fitness': 0.9338384524895601, 'generation': 606}","{'id': 47205, 'rank': 25, 'fitness': 0.9279266484675344, 'generation': 606}","{'id': 47210, 'rank': 26, 'fitness': 0.7805278597789913, 'generation': 606}","{'id': 47217, 'rank': 27, 'fitness': 0.7656300208243562, 'generation': 606}","{'id': 47215, 'rank': 28, 'fitness': 0.3637356954499658, 'generation': 606}","{'id': 47218, 'rank': 29, 'fitness': 0.3236297694204748, 'generation': 606}","{'id': 47232, 'rank': 30, 'fitness': 0.01798620996209155, 'generation': 606}"
"{'id': 47060, 'rank': 1, 'fitness': 0.9820137900379085, 'generation': 607}","{'id': 47256, 'rank': 2, 'fitness': 0.9815626889482403, 'generation': 607}","{'id': 47170, 'rank': 3, 'fitness': 0.9797669695216116, 'generation': 607}","{'id': 47266, 'rank': 4, 'fitness': 0.9794138060539062, 'generation': 607}","{'id': 47323, 'rank': 5, 'fitness': 0.9788016570776031, 'generation': 607}","{'id': 47254, 'rank': 6, 'fitness': 0.9782981969939728, 'generation': 607}","{'id': 47254, 'rank': 7, 'fitness': 0.9782981969939728, 'generation': 607}","{'id': 47257, 'rank': 8, 'fitness': 0.9761066280059587, 'generation': 607}","{'id': 46941, 'rank': 9, 'fitness': 0.9748376328469227, 'generation': 607}","{'id': 47248, 'rank': 10, 'fitness': 0.9742113669979795, 'generation': 607}","{'id': 47113, 'rank': 11, 'fitness': 0.973329366417419, 'generation': 607}","{'id': 47322, 'rank': 12, 'fitness': 0.9724614198487349, 'generation': 607}","{'id': 47325, 'rank': 13, 'fitness': 0.9722865437476826, 'generation': 607}","{'id': 47324, 'rank': 14, 'fitness': 0.9719185032990347, 'generation': 607}","{'id': 47289, 'rank': 15, 'fitness': 0.9711623723869142, 'generation': 607}","{'id': 47295, 'rank': 16, 'fitness': 0.969884225221638, 'generation': 607}","{'id': 46979, 'rank': 17, 'fitness': 0.9697147520322343, 'generation': 607}","{'id': 47321, 'rank': 18, 'fitness': 0.9690939017367535, 'generation': 607}","{'id': 47307, 'rank': 19, 'fitness': 0.9670655965312401, 'generation': 607}","{'id': 47283, 'rank': 20, 'fitness': 0.966941428823622, 'generation': 607}","{'id': 47281, 'rank': 21, 'fitness': 0.9643786704976685, 'generation': 607}","{'id': 47281, 'rank': 22, 'fitness': 0.9643786704976685, 'generation': 607}","{'id': 47131, 'rank': 23, 'fitness': 0.9623561570836265, 'generation': 607}","{'id': 47320, 'rank': 24, 'fitness': 0.9575186137187639, 'generation': 607}","{'id': 47309, 'rank': 25, 'fitness': 0.9514593362392787, 'generation': 607}","{'id': 47145, 'rank': 26, 'fitness': 0.947160526797289, 'generation': 607}","{'id': 47194, 'rank': 27, 'fitness': 0.5093949067397778, 'generation': 607}","{'id': 47300, 'rank': 28, 'fitness': 0.28670379805094837, 'generation': 607}","{'id': 47251, 'rank': 29, 'fitness': 0.22067599861027043, 'generation': 607}","{'id': 47210, 'rank': 30, 'fitness': 0.01798620996209155, 'generation': 607}"
"{'id': 47354, 'rank': 1, 'fitness': 0.9820137900379085, 'generation': 608}","{'id': 47354, 'rank': 2, 'fitness': 0.9820137900379085, 'generation': 608}","{'id': 47347, 'rank': 3, 'fitness': 0.9811513825730819, 'generation': 608}","{'id': 47339, 'rank': 4, 'fitness': 0.9777708823630233, 'generation': 608}","{'id': 47266, 'rank': 5, 'fitness': 0.9749247931876295, 'generation': 608}","{'id': 47338, 'rank': 6, 'fitness': 0.9689832054609475, 'generation': 608}","{'id': 47254, 'rank': 7, 'fitness': 0.967072715747942, 'generation': 608}","{'id': 47329, 'rank': 8, 'fitness': 0.9387369029123288, 'generation': 608}","{'id': 47337, 'rank': 9, 'fitness': 0.9279564993583458, 'generation': 608}","{'id': 47113, 'rank': 10, 'fitness': 0.9072759413426059, 'generation': 608}","{'id': 47383, 'rank': 11, 'fitness': 0.8953522894511745, 'generation': 608}","{'id': 47322, 'rank': 12, 'fitness': 0.8918285577013716, 'generation': 608}","{'id': 47289, 'rank': 13, 'fitness': 0.8656213525017507, 'generation': 608}","{'id': 47387, 'rank': 14, 'fitness': 0.7750320078622197, 'generation': 608}","{'id': 47387, 'rank': 15, 'fitness': 0.7750320078622197, 'generation': 608}","{'id': 47283, 'rank': 16, 'fitness': 0.7557309041189284, 'generation': 608}","{'id': 47360, 'rank': 17, 'fitness': 0.7469662105878301, 'generation': 608}","{'id': 47394, 'rank': 18, 'fitness': 0.6806637877809335, 'generation': 608}","{'id': 47281, 'rank': 19, 'fitness': 0.6741779378502292, 'generation': 608}","{'id': 47281, 'rank': 20, 'fitness': 0.6741779378502292, 'generation': 608}","{'id': 47281, 'rank': 21, 'fitness': 0.6741779378502292, 'generation': 608}","{'id': 47342, 'rank': 22, 'fitness': 0.6261634529376365, 'generation': 608}","{'id': 47366, 'rank': 23, 'fitness': 0.6109404351090741, 'generation': 608}","{'id': 47131, 'rank': 24, 'fitness': 0.6056093320231883, 'generation': 608}","{'id': 47381, 'rank': 25, 'fitness': 0.5995402419793071, 'generation': 608}","{'id': 47385, 'rank': 26, 'fitness': 0.47631607677752574, 'generation': 608}","{'id': 47336, 'rank': 27, 'fitness': 0.44249363701159555, 'generation': 608}","{'id': 47368, 'rank': 28, 'fitness': 0.13290077725603427, 'generation': 608}","{'id': 47377, 'rank': 29, 'fitness': 0.05409467287018749, 'generation': 608}","{'id': 47375, 'rank': 30, 'fitness': 0.01798620996209155, 'generation': 608}"
"{'id': 47354, 'rank': 1, 'fitness': 0.9820137900379085, 'generation': 609}","{'id': 47347, 'rank': 2, 'fitness': 0.9819909071754666, 'generation': 609}","{'id': 47347, 'rank': 3, 'fitness': 0.9819909071754666, 'generation': 609}","{'id': 47410, 'rank': 4, 'fitness': 0.9818174906075681, 'generation': 609}","{'id': 47403, 'rank': 5, 'fitness': 0.9816755601354112, 'generation': 609}","{'id': 47445, 'rank': 6, 'fitness': 0.9814581356609647, 'generation': 609}","{'id': 47445, 'rank': 7, 'fitness': 0.9814581356609647, 'generation': 609}","{'id': 47445, 'rank': 8, 'fitness': 0.9814581356609647, 'generation': 609}","{'id': 47445, 'rank': 9, 'fitness': 0.9814581356609647, 'generation': 609}","{'id': 47445, 'rank': 10, 'fitness': 0.9814581356609647, 'generation': 609}","{'id': 47383, 'rank': 11, 'fitness': 0.9811035969611281, 'generation': 609}","{'id': 47404, 'rank': 12, 'fitness': 0.9810214259837884, 'generation': 609}","{'id': 47404, 'rank': 13, 'fitness': 0.9810214259837884, 'generation': 609}","{'id': 47289, 'rank': 14, 'fitness': 0.9809602752222997, 'generation': 609}","{'id': 47283, 'rank': 15, 'fitness': 0.9805850038665089, 'generation': 609}","{'id': 47283, 'rank': 16, 'fitness': 0.9805850038665089, 'generation': 609}","{'id': 47360, 'rank': 17, 'fitness': 0.9805607503489913, 'generation': 609}","{'id': 47281, 'rank': 18, 'fitness': 0.980376088810224, 'generation': 609}","{'id': 47424, 'rank': 19, 'fitness': 0.9802682986201776, 'generation': 609}","{'id': 47342, 'rank': 20, 'fitness': 0.9802654456997226, 'generation': 609}","{'id': 47381, 'rank': 21, 'fitness': 0.9802064374565943, 'generation': 609}","{'id': 47336, 'rank': 22, 'fitness': 0.9798695517755331, 'generation': 609}","{'id': 47368, 'rank': 23, 'fitness': 0.9789701971999588, 'generation': 609}","{'id': 47435, 'rank': 24, 'fitness': 0.9676253704782516, 'generation': 609}","{'id': 47450, 'rank': 25, 'fitness': 0.9664476721021402, 'generation': 609}","{'id': 47449, 'rank': 26, 'fitness': 0.9631229544887464, 'generation': 609}","{'id': 47452, 'rank': 27, 'fitness': 0.9602720728744301, 'generation': 609}","{'id': 47436, 'rank': 28, 'fitness': 0.9550370757825346, 'generation': 609}","{'id': 47418, 'rank': 29, 'fitness': 0.4909971389679106, 'generation': 609}","{'id': 47459, 'rank': 30, 'fitness': 0.01798620996209155, 'generation': 609}"
"{'id': 47524, 'rank': 1, 'fitness': 0.9820137900379085, 'generation': 610}","{'id': 47466, 'rank': 2, 'fitness': 0.9788261366119356, 'generation': 610}","{'id': 47486, 'rank': 3, 'fitness': 0.978352015470574, 'generation': 610}","{'id': 47486, 'rank': 4, 'fitness': 0.978352015470574, 'generation': 610}","{'id': 47486, 'rank': 5, 'fitness': 0.978352015470574, 'generation': 610}","{'id': 47525, 'rank': 6, 'fitness': 0.9724650288299346, 'generation': 610}","{'id': 47525, 'rank': 7, 'fitness': 0.9724650288299346, 'generation': 610}","{'id': 47525, 'rank': 8, 'fitness': 0.9724650288299346, 'generation': 610}","{'id': 47522, 'rank': 9, 'fitness': 0.9442942061642572, 'generation': 610}","{'id': 47410, 'rank': 10, 'fitness': 0.935596054990979, 'generation': 610}","{'id': 47403, 'rank': 11, 'fitness': 0.9032022807307218, 'generation': 610}","{'id': 47551, 'rank': 12, 'fitness': 0.8632820369351569, 'generation': 610}","{'id': 47464, 'rank': 13, 'fitness': 0.8536805847656497, 'generation': 610}","{'id': 47464, 'rank': 14, 'fitness': 0.8536805847656497, 'generation': 610}","{'id': 47526, 'rank': 15, 'fitness': 0.8473637924967732, 'generation': 610}","{'id': 47445, 'rank': 16, 'fitness': 0.8265902862673571, 'generation': 610}","{'id': 47445, 'rank': 17, 'fitness': 0.8265902862673571, 'generation': 610}","{'id': 47534, 'rank': 18, 'fitness': 0.7161138696366374, 'generation': 610}","{'id': 47550, 'rank': 19, 'fitness': 0.5479701536100468, 'generation': 610}","{'id': 47553, 'rank': 20, 'fitness': 0.4242991193461396, 'generation': 610}","{'id': 47506, 'rank': 21, 'fitness': 0.3797284575737518, 'generation': 610}","{'id': 47283, 'rank': 22, 'fitness': 0.257305059753632, 'generation': 610}","{'id': 47460, 'rank': 23, 'fitness': 0.25130849661075905, 'generation': 610}","{'id': 47471, 'rank': 24, 'fitness': 0.20003907028803214, 'generation': 610}","{'id': 47381, 'rank': 25, 'fitness': 0.10331071251832719, 'generation': 610}","{'id': 47336, 'rank': 26, 'fitness': 0.04214884465568969, 'generation': 610}","{'id': 47498, 'rank': 27, 'fitness': 0.031007510516013248, 'generation': 610}","{'id': 47469, 'rank': 28, 'fitness': 0.030814885205385112, 'generation': 610}","{'id': 47476, 'rank': 29, 'fitness': 0.01798620996209155, 'generation': 610}","{'id': 47476, 'rank': 30, 'fitness': 0.01798620996209155, 'generation': 610}"
"{'id': 47466, 'rank': 1, 'fitness': 0.9820137900379085, 'generation': 611}","{'id': 47466, 'rank': 2, 'fitness': 0.9820137900379085, 'generation': 611}","{'id': 47466, 'rank': 3, 'fitness': 0.9820137900379085, 'generation': 611}","{'id': 47486, 'rank': 4, 'fitness': 0.9820118919642744, 'generation': 611}","{'id': 47486, 'rank': 5, 'fitness': 0.9820118919642744, 'generation': 611}","{'id': 47525, 'rank': 6, 'fitness': 0.9819911968650363, 'generation': 611}","{'id': 47525, 'rank': 7, 'fitness': 0.9819911968650363, 'generation': 611}","{'id': 47525, 'rank': 8, 'fitness': 0.9819911968650363, 'generation': 611}","{'id': 47564, 'rank': 9, 'fitness': 0.9819745419966692, 'generation': 611}","{'id': 47596, 'rank': 10, 'fitness': 0.9819251026477362, 'generation': 611}","{'id': 47563, 'rank': 11, 'fitness': 0.9818994661056698, 'generation': 611}","{'id': 47551, 'rank': 12, 'fitness': 0.9818460565174767, 'generation': 611}","{'id': 47597, 'rank': 13, 'fitness': 0.9818402812425087, 'generation': 611}","{'id': 47597, 'rank': 14, 'fitness': 0.9818402812425087, 'generation': 611}","{'id': 47562, 'rank': 15, 'fitness': 0.9817965362061774, 'generation': 611}","{'id': 47571, 'rank': 16, 'fitness': 0.9817753876902695, 'generation': 611}","{'id': 47601, 'rank': 17, 'fitness': 0.9817236099769477, 'generation': 611}","{'id': 47550, 'rank': 18, 'fitness': 0.9817058418917002, 'generation': 611}","{'id': 47550, 'rank': 19, 'fitness': 0.9817058418917002, 'generation': 611}","{'id': 47283, 'rank': 20, 'fitness': 0.981598720264796, 'generation': 611}","{'id': 47460, 'rank': 21, 'fitness': 0.9815960077276111, 'generation': 611}","{'id': 47471, 'rank': 22, 'fitness': 0.9815707354733398, 'generation': 611}","{'id': 47381, 'rank': 23, 'fitness': 0.9815040520902443, 'generation': 611}","{'id': 47336, 'rank': 24, 'fitness': 0.9814208957301482, 'generation': 611}","{'id': 47476, 'rank': 25, 'fitness': 0.9813448504553599, 'generation': 611}","{'id': 47578, 'rank': 26, 'fitness': 0.9807089703832568, 'generation': 611}","{'id': 47580, 'rank': 27, 'fitness': 0.9798949229504972, 'generation': 611}","{'id': 47585, 'rank': 28, 'fitness': 0.976900519937501, 'generation': 611}","{'id': 47560, 'rank': 29, 'fitness': 0.9721712728188878, 'generation': 611}","{'id': 47603, 'rank': 30, 'fitness': 0.01798620996209155, 'generation': 611}"
"{'id': 47628, 'rank': 1, 'fitness': 0.9820137900379085, 'generation': 612}","{'id': 47628, 'rank': 2, 'fitness': 0.9820137900379085, 'generation': 612}","{'id': 47466, 'rank': 3, 'fitness': 0.9812595850966341, 'generation': 612}","{'id': 47486, 'rank': 4, 'fitness': 0.9812234960802656, 'generation': 612}","{'id': 47668, 'rank': 5, 'fitness': 0.980843298112513, 'generation': 612}","{'id': 47525, 'rank': 6, 'fitness': 0.9808258076165112, 'generation': 612}","{'id': 47525, 'rank': 7, 'fitness': 0.9808258076165112, 'generation': 612}","{'id': 47679, 'rank': 8, 'fitness': 0.9798611038760707, 'generation': 612}","{'id': 47679, 'rank': 9, 'fitness': 0.9798611038760707, 'generation': 612}","{'id': 47619, 'rank': 10, 'fitness': 0.9796681232528358, 'generation': 612}","{'id': 47681, 'rank': 11, 'fitness': 0.9796514478308151, 'generation': 612}","{'id': 47563, 'rank': 12, 'fitness': 0.9789673408864783, 'generation': 612}","{'id': 47690, 'rank': 13, 'fitness': 0.978834525832468, 'generation': 612}","{'id': 47635, 'rank': 14, 'fitness': 0.9782035428662872, 'generation': 612}","{'id': 47551, 'rank': 15, 'fitness': 0.9778099139390783, 'generation': 612}","{'id': 47551, 'rank': 16, 'fitness': 0.9778099139390783, 'generation': 612}","{'id': 47597, 'rank': 17, 'fitness': 0.9776812965356293, 'generation': 612}","{'id': 47660, 'rank': 18, 'fitness': 0.9774850101288464, 'generation': 612}","{'id': 47634, 'rank': 19, 'fitness': 0.9771565641913178, 'generation': 612}","{'id': 47640, 'rank': 20, 'fitness': 0.9762994881551692, 'generation': 612}","{'id': 47571, 'rank': 21, 'fitness': 0.9761880314235094, 'generation': 612}","{'id': 47629, 'rank': 22, 'fitness': 0.9760382302360581, 'generation': 612}","{'id': 47629, 'rank': 23, 'fitness': 0.9760382302360581, 'generation': 612}","{'id': 47644, 'rank': 24, 'fitness': 0.9715427332363789, 'generation': 612}","{'id': 47471, 'rank': 25, 'fitness': 0.9708555177059579, 'generation': 612}","{'id': 47682, 'rank': 26, 'fitness': 0.9688489017214011, 'generation': 612}","{'id': 47648, 'rank': 27, 'fitness': 0.9635324926121948, 'generation': 612}","{'id': 47648, 'rank': 28, 'fitness': 0.9635324926121948, 'generation': 612}","{'id': 47649, 'rank': 29, 'fitness': 0.952024314724034, 'generation': 612}","{'id': 47657, 'rank': 30, 'fitness': 0.01798620996209155, 'generation': 612}"
"{'id': 47741, 'rank': 1, 'fitness': 0.9820137900379085, 'generation': 613}","{'id': 47741, 'rank': 2, 'fitness': 0.9820137900379085, 'generation': 613}","{'id': 47741, 'rank': 3, 'fitness': 0.9820137900379085, 'generation': 613}","{'id': 47742, 'rank': 4, 'fitness': 0.9732426622870654, 'generation': 613}","{'id': 47740, 'rank': 5, 'fitness': 0.9677603486079922, 'generation': 613}","{'id': 47740, 'rank': 6, 'fitness': 0.9677603486079922, 'generation': 613}","{'id': 47486, 'rank': 7, 'fitness': 0.9425991248348372, 'generation': 613}","{'id': 47720, 'rank': 8, 'fitness': 0.9374419659528809, 'generation': 613}","{'id': 47668, 'rank': 9, 'fitness': 0.9347385504529694, 'generation': 613}","{'id': 47525, 'rank': 10, 'fitness': 0.9343577661516502, 'generation': 613}","{'id': 47726, 'rank': 11, 'fitness': 0.9326923097733057, 'generation': 613}","{'id': 47762, 'rank': 12, 'fitness': 0.9244844839804366, 'generation': 613}","{'id': 47708, 'rank': 13, 'fitness': 0.9133784004927779, 'generation': 613}","{'id': 47679, 'rank': 14, 'fitness': 0.9105709237822844, 'generation': 613}","{'id': 47761, 'rank': 15, 'fitness': 0.9079382829561231, 'generation': 613}","{'id': 47681, 'rank': 16, 'fitness': 0.9046420034584857, 'generation': 613}","{'id': 47681, 'rank': 17, 'fitness': 0.9046420034584857, 'generation': 613}","{'id': 47711, 'rank': 18, 'fitness': 0.8953403143490727, 'generation': 613}","{'id': 47690, 'rank': 19, 'fitness': 0.8787839776137966, 'generation': 613}","{'id': 47713, 'rank': 20, 'fitness': 0.864739657122038, 'generation': 613}","{'id': 47743, 'rank': 21, 'fitness': 0.82001394019988, 'generation': 613}","{'id': 47743, 'rank': 22, 'fitness': 0.82001394019988, 'generation': 613}","{'id': 47640, 'rank': 23, 'fitness': 0.7697199866344515, 'generation': 613}","{'id': 47770, 'rank': 24, 'fitness': 0.7243945457467743, 'generation': 613}","{'id': 47770, 'rank': 25, 'fitness': 0.7243945457467743, 'generation': 613}","{'id': 47766, 'rank': 26, 'fitness': 0.5875379449639883, 'generation': 613}","{'id': 47753, 'rank': 27, 'fitness': 0.4547266744447942, 'generation': 613}","{'id': 47471, 'rank': 28, 'fitness': 0.44667774765966306, 'generation': 613}","{'id': 47757, 'rank': 29, 'fitness': 0.16548418591409664, 'generation': 613}","{'id': 47715, 'rank': 30, 'fitness': 0.01798620996209155, 'generation': 613}"
"{'id': 47741, 'rank': 1, 'fitness': 0.9820137900379085, 'generation': 614}","{'id': 47486, 'rank': 2, 'fitness': 0.9817712237174407, 'generation': 614}","{'id': 47668, 'rank': 3, 'fitness': 0.9817434180783842, 'generation': 614}","{'id': 47708, 'rank': 4, 'fitness': 0.9816809782109943, 'generation': 614}","{'id': 47761, 'rank': 5, 'fitness': 0.9816673143631126, 'generation': 614}","{'id': 47681, 'rank': 6, 'fitness': 0.9816593799453184, 'generation': 614}","{'id': 47711, 'rank': 7, 'fitness': 0.981638225170286, 'generation': 614}","{'id': 47799, 'rank': 8, 'fitness': 0.9816366449572932, 'generation': 614}","{'id': 47799, 'rank': 9, 'fitness': 0.9816366449572932, 'generation': 614}","{'id': 47823, 'rank': 10, 'fitness': 0.9816365630607424, 'generation': 614}","{'id': 47802, 'rank': 11, 'fitness': 0.9815419591905721, 'generation': 614}","{'id': 47800, 'rank': 12, 'fitness': 0.98153777260417, 'generation': 614}","{'id': 47640, 'rank': 13, 'fitness': 0.9814448784434845, 'generation': 614}","{'id': 47770, 'rank': 14, 'fitness': 0.9813951056623391, 'generation': 614}","{'id': 47812, 'rank': 15, 'fitness': 0.9812308160399027, 'generation': 614}","{'id': 47753, 'rank': 16, 'fitness': 0.981155584083278, 'generation': 614}","{'id': 47757, 'rank': 17, 'fitness': 0.980851618742914, 'generation': 614}","{'id': 47796, 'rank': 18, 'fitness': 0.9799134356746819, 'generation': 614}","{'id': 47792, 'rank': 19, 'fitness': 0.9796673322749601, 'generation': 614}","{'id': 47785, 'rank': 20, 'fitness': 0.9795149575010758, 'generation': 614}","{'id': 47785, 'rank': 21, 'fitness': 0.9795149575010758, 'generation': 614}","{'id': 47785, 'rank': 22, 'fitness': 0.9795149575010758, 'generation': 614}","{'id': 47794, 'rank': 23, 'fitness': 0.9790864759231038, 'generation': 614}","{'id': 47805, 'rank': 24, 'fitness': 0.9785125791004758, 'generation': 614}","{'id': 47838, 'rank': 25, 'fitness': 0.9778857235544884, 'generation': 614}","{'id': 47838, 'rank': 26, 'fitness': 0.9778857235544884, 'generation': 614}","{'id': 47828, 'rank': 27, 'fitness': 0.9775900257047647, 'generation': 614}","{'id': 47840, 'rank': 28, 'fitness': 0.9772971109988152, 'generation': 614}","{'id': 47810, 'rank': 29, 'fitness': 0.9744029382421633, 'generation': 614}","{'id': 47846, 'rank': 30, 'fitness': 0.01798620996209155, 'generation': 614}"
"{'id': 47486, 'rank': 1, 'fitness': 0.9820137900379085, 'generation': 615}","{'id': 47486, 'rank': 2, 'fitness': 0.9820137900379085, 'generation': 615}","{'id': 47668, 'rank': 3, 'fitness': 0.980787755004067, 'generation': 615}","{'id': 47668, 'rank': 4, 'fitness': 0.980787755004067, 'generation': 615}","{'id': 47857, 'rank': 5, 'fitness': 0.9807415441170064, 'generation': 615}","{'id': 47927, 'rank': 6, 'fitness': 0.9781587894165704, 'generation': 615}","{'id': 47871, 'rank': 7, 'fitness': 0.9777688156358013, 'generation': 615}","{'id': 47761, 'rank': 8, 'fitness': 0.977009549986195, 'generation': 615}","{'id': 47711, 'rank': 9, 'fitness': 0.9753859830416685, 'generation': 615}","{'id': 47802, 'rank': 10, 'fitness': 0.9692002826622291, 'generation': 615}","{'id': 47802, 'rank': 11, 'fitness': 0.9692002826622291, 'generation': 615}","{'id': 47881, 'rank': 12, 'fitness': 0.9648472493192837, 'generation': 615}","{'id': 47864, 'rank': 13, 'fitness': 0.9621445754683788, 'generation': 615}","{'id': 47874, 'rank': 14, 'fitness': 0.9605602011185703, 'generation': 615}","{'id': 47915, 'rank': 15, 'fitness': 0.9599258647491682, 'generation': 615}","{'id': 47770, 'rank': 16, 'fitness': 0.956873059773238, 'generation': 615}","{'id': 47877, 'rank': 17, 'fitness': 0.9566584924864973, 'generation': 615}","{'id': 47925, 'rank': 18, 'fitness': 0.9562108816511571, 'generation': 615}","{'id': 47930, 'rank': 19, 'fitness': 0.9525223637610531, 'generation': 615}","{'id': 47896, 'rank': 20, 'fitness': 0.9472883370324447, 'generation': 615}","{'id': 47862, 'rank': 21, 'fitness': 0.9452074204396226, 'generation': 615}","{'id': 47876, 'rank': 22, 'fitness': 0.9419915703984856, 'generation': 615}","{'id': 47885, 'rank': 23, 'fitness': 0.9292126000406065, 'generation': 615}","{'id': 47882, 'rank': 24, 'fitness': 0.8866248621272372, 'generation': 615}","{'id': 47757, 'rank': 25, 'fitness': 0.8616901198498855, 'generation': 615}","{'id': 47796, 'rank': 26, 'fitness': 0.4299210818321732, 'generation': 615}","{'id': 47785, 'rank': 27, 'fitness': 0.24050028352025632, 'generation': 615}","{'id': 47910, 'rank': 28, 'fitness': 0.11802324861875757, 'generation': 615}","{'id': 47900, 'rank': 29, 'fitness': 0.06586733619169527, 'generation': 615}","{'id': 47852, 'rank': 30, 'fitness': 0.01798620996209155, 'generation': 615}"
"{'id': 47486, 'rank': 1, 'fitness': 0.9820137900379085, 'generation': 616}","{'id': 47857, 'rank': 2, 'fitness': 0.9792341414207019, 'generation': 616}","{'id': 48002, 'rank': 3, 'fitness': 0.9783592043978944, 'generation': 616}","{'id': 47927, 'rank': 4, 'fitness': 0.972961987424533, 'generation': 616}","{'id': 47927, 'rank': 5, 'fitness': 0.972961987424533, 'generation': 616}","{'id': 47871, 'rank': 6, 'fitness': 0.9719420234198155, 'generation': 616}","{'id': 47871, 'rank': 7, 'fitness': 0.9719420234198155, 'generation': 616}","{'id': 47949, 'rank': 8, 'fitness': 0.9713835112479676, 'generation': 616}","{'id': 47982, 'rank': 9, 'fitness': 0.9712738513695134, 'generation': 616}","{'id': 47985, 'rank': 10, 'fitness': 0.9655660776537617, 'generation': 616}","{'id': 47936, 'rank': 11, 'fitness': 0.9631767906173114, 'generation': 616}","{'id': 47936, 'rank': 12, 'fitness': 0.9631767906173114, 'generation': 616}","{'id': 47802, 'rank': 13, 'fitness': 0.9448261311784025, 'generation': 616}","{'id': 47984, 'rank': 14, 'fitness': 0.9433390892231042, 'generation': 616}","{'id': 47984, 'rank': 15, 'fitness': 0.9433390892231042, 'generation': 616}","{'id': 47951, 'rank': 16, 'fitness': 0.9418332561642745, 'generation': 616}","{'id': 48003, 'rank': 17, 'fitness': 0.9414091082387255, 'generation': 616}","{'id': 48004, 'rank': 18, 'fitness': 0.929848921757537, 'generation': 616}","{'id': 47915, 'rank': 19, 'fitness': 0.9060556939619943, 'generation': 616}","{'id': 47770, 'rank': 20, 'fitness': 0.8914087532973196, 'generation': 616}","{'id': 47770, 'rank': 21, 'fitness': 0.8914087532973196, 'generation': 616}","{'id': 48001, 'rank': 22, 'fitness': 0.8688051110113915, 'generation': 616}","{'id': 47876, 'rank': 23, 'fitness': 0.8097611336814512, 'generation': 616}","{'id': 47953, 'rank': 24, 'fitness': 0.7723281855393406, 'generation': 616}","{'id': 47953, 'rank': 25, 'fitness': 0.7723281855393406, 'generation': 616}","{'id': 47885, 'rank': 26, 'fitness': 0.7312131574783639, 'generation': 616}","{'id': 47981, 'rank': 27, 'fitness': 0.32237952861524116, 'generation': 616}","{'id': 47981, 'rank': 28, 'fitness': 0.32237952861524116, 'generation': 616}","{'id': 47997, 'rank': 29, 'fitness': 0.08690306536466819, 'generation': 616}","{'id': 47980, 'rank': 30, 'fitness': 0.01798620996209155, 'generation': 616}"
"{'id': 47486, 'rank': 1, 'fitness': 0.9820137900379085, 'generation': 617}","{'id': 48002, 'rank': 2, 'fitness': 0.9813078657875605, 'generation': 617}","{'id': 48016, 'rank': 3, 'fitness': 0.9807476831317382, 'generation': 617}","{'id': 47927, 'rank': 4, 'fitness': 0.9804178337519978, 'generation': 617}","{'id': 47927, 'rank': 5, 'fitness': 0.9804178337519978, 'generation': 617}","{'id': 47871, 'rank': 6, 'fitness': 0.9802653270886976, 'generation': 617}","{'id': 47936, 'rank': 7, 'fitness': 0.9791037137322169, 'generation': 617}","{'id': 47936, 'rank': 8, 'fitness': 0.9791037137322169, 'generation': 617}","{'id': 48031, 'rank': 9, 'fitness': 0.9786422176018188, 'generation': 617}","{'id': 47984, 'rank': 10, 'fitness': 0.9770938941509578, 'generation': 617}","{'id': 48003, 'rank': 11, 'fitness': 0.9769279893359097, 'generation': 617}","{'id': 48003, 'rank': 12, 'fitness': 0.9769279893359097, 'generation': 617}","{'id': 47915, 'rank': 13, 'fitness': 0.9744122504635608, 'generation': 617}","{'id': 47915, 'rank': 14, 'fitness': 0.9744122504635608, 'generation': 617}","{'id': 47770, 'rank': 15, 'fitness': 0.9735636386502424, 'generation': 617}","{'id': 47770, 'rank': 16, 'fitness': 0.9735636386502424, 'generation': 617}","{'id': 47770, 'rank': 17, 'fitness': 0.9735636386502424, 'generation': 617}","{'id': 48043, 'rank': 18, 'fitness': 0.972844210627817, 'generation': 617}","{'id': 48021, 'rank': 19, 'fitness': 0.9682221892855315, 'generation': 617}","{'id': 47981, 'rank': 20, 'fitness': 0.9532174711189076, 'generation': 617}","{'id': 47981, 'rank': 21, 'fitness': 0.9532174711189076, 'generation': 617}","{'id': 48025, 'rank': 22, 'fitness': 0.9511909156204438, 'generation': 617}","{'id': 48040, 'rank': 23, 'fitness': 0.9356751307878148, 'generation': 617}","{'id': 47980, 'rank': 24, 'fitness': 0.9119298837520706, 'generation': 617}","{'id': 48019, 'rank': 25, 'fitness': 0.8065184803156848, 'generation': 617}","{'id': 48041, 'rank': 26, 'fitness': 0.7235971740754201, 'generation': 617}","{'id': 48041, 'rank': 27, 'fitness': 0.7235971740754201, 'generation': 617}","{'id': 48082, 'rank': 28, 'fitness': 0.44853469889357006, 'generation': 617}","{'id': 48080, 'rank': 29, 'fitness': 0.207008924582595, 'generation': 617}","{'id': 48078, 'rank': 30, 'fitness': 0.01798620996209155, 'generation': 617}"
"{'id': 48111, 'rank': 1, 'fitness': 0.9820137900379085, 'generation': 618}","{'id': 48111, 'rank': 2, 'fitness': 0.9820137900379085, 'generation': 618}","{'id': 48127, 'rank': 3, 'fitness': 0.9769774864600085, 'generation': 618}","{'id': 47936, 'rank': 4, 'fitness': 0.9761102226604228, 'generation': 618}","{'id': 47936, 'rank': 5, 'fitness': 0.9761102226604228, 'generation': 618}","{'id': 48031, 'rank': 6, 'fitness': 0.9746791146877807, 'generation': 618}","{'id': 48031, 'rank': 7, 'fitness': 0.9746791146877807, 'generation': 618}","{'id': 48156, 'rank': 8, 'fitness': 0.972960130845438, 'generation': 618}","{'id': 48157, 'rank': 9, 'fitness': 0.9699634702792257, 'generation': 618}","{'id': 48106, 'rank': 10, 'fitness': 0.9695312647536298, 'generation': 618}","{'id': 47915, 'rank': 11, 'fitness': 0.959142046278392, 'generation': 618}","{'id': 47915, 'rank': 12, 'fitness': 0.959142046278392, 'generation': 618}","{'id': 48173, 'rank': 13, 'fitness': 0.9573873252870988, 'generation': 618}","{'id': 47770, 'rank': 14, 'fitness': 0.9554855257699955, 'generation': 618}","{'id': 48140, 'rank': 15, 'fitness': 0.9514337471362727, 'generation': 618}","{'id': 48104, 'rank': 16, 'fitness': 0.949989365943983, 'generation': 618}","{'id': 48104, 'rank': 17, 'fitness': 0.949989365943983, 'generation': 618}","{'id': 48096, 'rank': 18, 'fitness': 0.9359560164862367, 'generation': 618}","{'id': 48139, 'rank': 19, 'fitness': 0.9356751605713363, 'generation': 618}","{'id': 48160, 'rank': 20, 'fitness': 0.9354266216113416, 'generation': 618}","{'id': 48021, 'rank': 21, 'fitness': 0.9282315211003254, 'generation': 618}","{'id': 48021, 'rank': 22, 'fitness': 0.9282315211003254, 'generation': 618}","{'id': 48151, 'rank': 23, 'fitness': 0.9253124506888042, 'generation': 618}","{'id': 48147, 'rank': 24, 'fitness': 0.9203656291714664, 'generation': 618}","{'id': 48165, 'rank': 25, 'fitness': 0.8561882559493235, 'generation': 618}","{'id': 48040, 'rank': 26, 'fitness': 0.6419099822900799, 'generation': 618}","{'id': 48114, 'rank': 27, 'fitness': 0.5623140672025133, 'generation': 618}","{'id': 48108, 'rank': 28, 'fitness': 0.534602418850928, 'generation': 618}","{'id': 48098, 'rank': 29, 'fitness': 0.049724277923992755, 'generation': 618}","{'id': 48041, 'rank': 30, 'fitness': 0.01798620996209155, 'generation': 618}"
"{'id': 48174, 'rank': 1, 'fitness': 0.9820137900379085, 'generation': 619}","{'id': 48174, 'rank': 2, 'fitness': 0.9820137900379085, 'generation': 619}","{'id': 48111, 'rank': 3, 'fitness': 0.9779271775045422, 'generation': 619}","{'id': 48213, 'rank': 4, 'fitness': 0.9772926105050345, 'generation': 619}","{'id': 48213, 'rank': 5, 'fitness': 0.9772926105050345, 'generation': 619}","{'id': 48213, 'rank': 6, 'fitness': 0.9772926105050345, 'generation': 619}","{'id': 47936, 'rank': 7, 'fitness': 0.9697792096810223, 'generation': 619}","{'id': 48031, 'rank': 8, 'fitness': 0.9677722497348824, 'generation': 619}","{'id': 48031, 'rank': 9, 'fitness': 0.9677722497348824, 'generation': 619}","{'id': 48195, 'rank': 10, 'fitness': 0.9606656154314728, 'generation': 619}","{'id': 48193, 'rank': 11, 'fitness': 0.9534347546731263, 'generation': 619}","{'id': 48196, 'rank': 12, 'fitness': 0.9476941724040119, 'generation': 619}","{'id': 48173, 'rank': 13, 'fitness': 0.9428407192407213, 'generation': 619}","{'id': 48226, 'rank': 14, 'fitness': 0.9419406396991731, 'generation': 619}","{'id': 47770, 'rank': 15, 'fitness': 0.9400407874051153, 'generation': 619}","{'id': 47770, 'rank': 16, 'fitness': 0.9400407874051153, 'generation': 619}","{'id': 48140, 'rank': 17, 'fitness': 0.934047722653858, 'generation': 619}","{'id': 48183, 'rank': 18, 'fitness': 0.9268847254145459, 'generation': 619}","{'id': 48183, 'rank': 19, 'fitness': 0.9268847254145459, 'generation': 619}","{'id': 48194, 'rank': 20, 'fitness': 0.9255175893171305, 'generation': 619}","{'id': 48228, 'rank': 21, 'fitness': 0.9223786965224048, 'generation': 619}","{'id': 48139, 'rank': 22, 'fitness': 0.9104644169530072, 'generation': 619}","{'id': 48021, 'rank': 23, 'fitness': 0.8992201032643027, 'generation': 619}","{'id': 48147, 'rank': 24, 'fitness': 0.8872942445682479, 'generation': 619}","{'id': 48234, 'rank': 25, 'fitness': 0.7497707658390658, 'generation': 619}","{'id': 48218, 'rank': 26, 'fitness': 0.5697341728987739, 'generation': 619}","{'id': 48235, 'rank': 27, 'fitness': 0.5059858966430998, 'generation': 619}","{'id': 48231, 'rank': 28, 'fitness': 0.18824983773455284, 'generation': 619}","{'id': 48187, 'rank': 29, 'fitness': 0.08176307428881208, 'generation': 619}","{'id': 48237, 'rank': 30, 'fitness': 0.01798620996209155, 'generation': 619}"
"{'id': 48275, 'rank': 1, 'fitness': 0.9820137900379085, 'generation': 620}","{'id': 48174, 'rank': 2, 'fitness': 0.9783410350275952, 'generation': 620}","{'id': 48298, 'rank': 3, 'fitness': 0.9778719546588294, 'generation': 620}","{'id': 48300, 'rank': 4, 'fitness': 0.9755132315006336, 'generation': 620}","{'id': 48213, 'rank': 5, 'fitness': 0.9740504793229315, 'generation': 620}","{'id': 48301, 'rank': 6, 'fitness': 0.9699682598287501, 'generation': 620}","{'id': 48031, 'rank': 7, 'fitness': 0.9659482036405789, 'generation': 620}","{'id': 48245, 'rank': 8, 'fitness': 0.9643052315688162, 'generation': 620}","{'id': 48195, 'rank': 9, 'fitness': 0.9602439804124121, 'generation': 620}","{'id': 48195, 'rank': 10, 'fitness': 0.9602439804124121, 'generation': 620}","{'id': 48195, 'rank': 11, 'fitness': 0.9602439804124121, 'generation': 620}","{'id': 48246, 'rank': 12, 'fitness': 0.9528928867320525, 'generation': 620}","{'id': 48271, 'rank': 13, 'fitness': 0.9510727670573373, 'generation': 620}","{'id': 48196, 'rank': 14, 'fitness': 0.9503609208819974, 'generation': 620}","{'id': 48226, 'rank': 15, 'fitness': 0.9461458272828811, 'generation': 620}","{'id': 48140, 'rank': 16, 'fitness': 0.940496879006999, 'generation': 620}","{'id': 48183, 'rank': 17, 'fitness': 0.9354842885143922, 'generation': 620}","{'id': 48194, 'rank': 18, 'fitness': 0.9345385149582989, 'generation': 620}","{'id': 48228, 'rank': 19, 'fitness': 0.9323792919297396, 'generation': 620}","{'id': 48253, 'rank': 20, 'fitness': 0.9225176239558704, 'generation': 620}","{'id': 48021, 'rank': 21, 'fitness': 0.9168929811130708, 'generation': 620}","{'id': 48304, 'rank': 22, 'fitness': 0.9130317315824122, 'generation': 620}","{'id': 48254, 'rank': 23, 'fitness': 0.9068636966532871, 'generation': 620}","{'id': 48285, 'rank': 24, 'fitness': 0.8836283543324656, 'generation': 620}","{'id': 48252, 'rank': 25, 'fitness': 0.8536187560022226, 'generation': 620}","{'id': 48269, 'rank': 26, 'fitness': 0.7222899667076472, 'generation': 620}","{'id': 48280, 'rank': 27, 'fitness': 0.36284291038419064, 'generation': 620}","{'id': 48259, 'rank': 28, 'fitness': 0.18766994275176535, 'generation': 620}","{'id': 48296, 'rank': 29, 'fitness': 0.021167468458453353, 'generation': 620}","{'id': 48248, 'rank': 30, 'fitness': 0.01798620996209155, 'generation': 620}"
"{'id': 48301, 'rank': 1, 'fitness': 0.9820137900379085, 'generation': 621}","{'id': 48341, 'rank': 2, 'fitness': 0.9819853314909415, 'generation': 621}","{'id': 48357, 'rank': 3, 'fitness': 0.9819259089829551, 'generation': 621}","{'id': 48354, 'rank': 4, 'fitness': 0.9815969407279519, 'generation': 621}","{'id': 48358, 'rank': 5, 'fitness': 0.9809717953668808, 'generation': 621}","{'id': 48031, 'rank': 6, 'fitness': 0.9804569762440094, 'generation': 621}","{'id': 48031, 'rank': 7, 'fitness': 0.9804569762440094, 'generation': 621}","{'id': 48245, 'rank': 8, 'fitness': 0.9798377308448747, 'generation': 621}","{'id': 48245, 'rank': 9, 'fitness': 0.9798377308448747, 'generation': 621}","{'id': 48245, 'rank': 10, 'fitness': 0.9798377308448747, 'generation': 621}","{'id': 48195, 'rank': 11, 'fitness': 0.9783440217151578, 'generation': 621}","{'id': 48195, 'rank': 12, 'fitness': 0.9783440217151578, 'generation': 621}","{'id': 48327, 'rank': 13, 'fitness': 0.9775451834889799, 'generation': 621}","{'id': 48271, 'rank': 14, 'fitness': 0.975132574868288, 'generation': 621}","{'id': 48271, 'rank': 15, 'fitness': 0.975132574868288, 'generation': 621}","{'id': 48380, 'rank': 16, 'fitness': 0.9747668116464996, 'generation': 621}","{'id': 48348, 'rank': 17, 'fitness': 0.972642393062582, 'generation': 621}","{'id': 48329, 'rank': 18, 'fitness': 0.9725307842965698, 'generation': 621}","{'id': 48228, 'rank': 19, 'fitness': 0.9690860069325586, 'generation': 621}","{'id': 48379, 'rank': 20, 'fitness': 0.9664527379723731, 'generation': 621}","{'id': 48344, 'rank': 21, 'fitness': 0.9009467431343291, 'generation': 621}","{'id': 48342, 'rank': 22, 'fitness': 0.880861528406538, 'generation': 621}","{'id': 48367, 'rank': 23, 'fitness': 0.8371471297319684, 'generation': 621}","{'id': 48367, 'rank': 24, 'fitness': 0.8371471297319684, 'generation': 621}","{'id': 48337, 'rank': 25, 'fitness': 0.7306363656476506, 'generation': 621}","{'id': 48335, 'rank': 26, 'fitness': 0.5991004682054719, 'generation': 621}","{'id': 48296, 'rank': 27, 'fitness': 0.3176894222196473, 'generation': 621}","{'id': 48312, 'rank': 28, 'fitness': 0.2947545041327424, 'generation': 621}","{'id': 48362, 'rank': 29, 'fitness': 0.03109898898256236, 'generation': 621}","{'id': 48365, 'rank': 30, 'fitness': 0.01798620996209155, 'generation': 621}"
"{'id': 48478, 'rank': 1, 'fitness': 0.9820137900379085, 'generation': 622}","{'id': 48384, 'rank': 2, 'fitness': 0.9813333512038006, 'generation': 622}","{'id': 48357, 'rank': 3, 'fitness': 0.9809029122865266, 'generation': 622}","{'id': 48031, 'rank': 4, 'fitness': 0.9791948112918437, 'generation': 622}","{'id': 48393, 'rank': 5, 'fitness': 0.9788240822359778, 'generation': 622}","{'id': 48431, 'rank': 6, 'fitness': 0.9784756668656208, 'generation': 622}","{'id': 48245, 'rank': 7, 'fitness': 0.9784711025749131, 'generation': 622}","{'id': 48458, 'rank': 8, 'fitness': 0.9767481326648171, 'generation': 622}","{'id': 48195, 'rank': 9, 'fitness': 0.9767170546729174, 'generation': 622}","{'id': 48195, 'rank': 10, 'fitness': 0.9767170546729174, 'generation': 622}","{'id': 48327, 'rank': 11, 'fitness': 0.975774360916034, 'generation': 622}","{'id': 48473, 'rank': 12, 'fitness': 0.9753155409843904, 'generation': 622}","{'id': 48475, 'rank': 13, 'fitness': 0.9749884505810227, 'generation': 622}","{'id': 48475, 'rank': 14, 'fitness': 0.9749884505810227, 'generation': 622}","{'id': 48461, 'rank': 15, 'fitness': 0.9736613152442695, 'generation': 622}","{'id': 48380, 'rank': 16, 'fitness': 0.9724724340028651, 'generation': 622}","{'id': 48470, 'rank': 17, 'fitness': 0.9722710454174023, 'generation': 622}","{'id': 48426, 'rank': 18, 'fitness': 0.9717402809728553, 'generation': 622}","{'id': 48329, 'rank': 19, 'fitness': 0.969790963527474, 'generation': 622}","{'id': 48329, 'rank': 20, 'fitness': 0.969790963527474, 'generation': 622}","{'id': 48430, 'rank': 21, 'fitness': 0.9695819560789808, 'generation': 622}","{'id': 48474, 'rank': 22, 'fitness': 0.9690517019200064, 'generation': 622}","{'id': 48419, 'rank': 23, 'fitness': 0.9606974098965502, 'generation': 622}","{'id': 48464, 'rank': 24, 'fitness': 0.9557254943374507, 'generation': 622}","{'id': 48441, 'rank': 25, 'fitness': 0.9549442210603203, 'generation': 622}","{'id': 48457, 'rank': 26, 'fitness': 0.9542540419801397, 'generation': 622}","{'id': 48404, 'rank': 27, 'fitness': 0.9457006367794607, 'generation': 622}","{'id': 48415, 'rank': 28, 'fitness': 0.9451782687884198, 'generation': 622}","{'id': 48367, 'rank': 29, 'fitness': 0.7942760366807426, 'generation': 622}","{'id': 48408, 'rank': 30, 'fitness': 0.01798620996209155, 'generation': 622}"
"{'id': 48550, 'rank': 1, 'fitness': 0.9820137900379085, 'generation': 623}","{'id': 48478, 'rank': 2, 'fitness': 0.9782146621462724, 'generation': 623}","{'id': 48478, 'rank': 3, 'fitness': 0.9782146621462724, 'generation': 623}","{'id': 48384, 'rank': 4, 'fitness': 0.9760304580655337, 'generation': 623}","{'id': 48567, 'rank': 5, 'fitness': 0.9747847198824762, 'generation': 623}","{'id': 48548, 'rank': 6, 'fitness': 0.9738911692282209, 'generation': 623}","{'id': 48553, 'rank': 7, 'fitness': 0.9574832418100275, 'generation': 623}","{'id': 48549, 'rank': 8, 'fitness': 0.953476267771681, 'generation': 623}","{'id': 48327, 'rank': 9, 'fitness': 0.9533885279288059, 'generation': 623}","{'id': 48475, 'rank': 10, 'fitness': 0.9494808421919388, 'generation': 623}","{'id': 48546, 'rank': 11, 'fitness': 0.940473585270847, 'generation': 623}","{'id': 48533, 'rank': 12, 'fitness': 0.9378289956008881, 'generation': 623}","{'id': 48507, 'rank': 13, 'fitness': 0.9362637696825314, 'generation': 623}","{'id': 48543, 'rank': 14, 'fitness': 0.9333869925467596, 'generation': 623}","{'id': 48426, 'rank': 15, 'fitness': 0.9314579938767272, 'generation': 623}","{'id': 48430, 'rank': 16, 'fitness': 0.9178360060670625, 'generation': 623}","{'id': 48509, 'rank': 17, 'fitness': 0.9132204230269745, 'generation': 623}","{'id': 48540, 'rank': 18, 'fitness': 0.9073296703864331, 'generation': 623}","{'id': 48541, 'rank': 19, 'fitness': 0.8872287744790108, 'generation': 623}","{'id': 48554, 'rank': 20, 'fitness': 0.8396115170651361, 'generation': 623}","{'id': 48556, 'rank': 21, 'fitness': 0.8349914553737097, 'generation': 623}","{'id': 48529, 'rank': 22, 'fitness': 0.8013114837321134, 'generation': 623}","{'id': 48529, 'rank': 23, 'fitness': 0.8013114837321134, 'generation': 623}","{'id': 48457, 'rank': 24, 'fitness': 0.78872222769106, 'generation': 623}","{'id': 48404, 'rank': 25, 'fitness': 0.7007489620782069, 'generation': 623}","{'id': 48527, 'rank': 26, 'fitness': 0.5820645284124648, 'generation': 623}","{'id': 48571, 'rank': 27, 'fitness': 0.43511124474218965, 'generation': 623}","{'id': 48564, 'rank': 28, 'fitness': 0.2724562055735861, 'generation': 623}","{'id': 48564, 'rank': 29, 'fitness': 0.2724562055735861, 'generation': 623}","{'id': 48531, 'rank': 30, 'fitness': 0.01798620996209155, 'generation': 623}"
"{'id': 48478, 'rank': 1, 'fitness': 0.9820137900379085, 'generation': 624}","{'id': 48478, 'rank': 2, 'fitness': 0.9820137900379085, 'generation': 624}","{'id': 48548, 'rank': 3, 'fitness': 0.981663576284343, 'generation': 624}","{'id': 48533, 'rank': 4, 'fitness': 0.9798556863501977, 'generation': 624}","{'id': 48599, 'rank': 5, 'fitness': 0.9797923529454987, 'generation': 624}","{'id': 48426, 'rank': 6, 'fitness': 0.9796363507318618, 'generation': 624}","{'id': 48626, 'rank': 7, 'fitness': 0.979275284690987, 'generation': 624}","{'id': 48430, 'rank': 8, 'fitness': 0.9792181287290478, 'generation': 624}","{'id': 48593, 'rank': 9, 'fitness': 0.979206736493925, 'generation': 624}","{'id': 48593, 'rank': 10, 'fitness': 0.979206736493925, 'generation': 624}","{'id': 48540, 'rank': 11, 'fitness': 0.9789320880793448, 'generation': 624}","{'id': 48541, 'rank': 12, 'fitness': 0.9784490583710888, 'generation': 624}","{'id': 48619, 'rank': 13, 'fitness': 0.9778890932148869, 'generation': 624}","{'id': 48554, 'rank': 14, 'fitness': 0.9775202819189674, 'generation': 624}","{'id': 48554, 'rank': 15, 'fitness': 0.9775202819189674, 'generation': 624}","{'id': 48554, 'rank': 16, 'fitness': 0.9775202819189674, 'generation': 624}","{'id': 48556, 'rank': 17, 'fitness': 0.9774412207500743, 'generation': 624}","{'id': 48645, 'rank': 18, 'fitness': 0.9773289659147973, 'generation': 624}","{'id': 48602, 'rank': 19, 'fitness': 0.9761144170121159, 'generation': 624}","{'id': 48604, 'rank': 20, 'fitness': 0.9750185435377956, 'generation': 624}","{'id': 48564, 'rank': 21, 'fitness': 0.970490554855026, 'generation': 624}","{'id': 48584, 'rank': 22, 'fitness': 0.9687022353882451, 'generation': 624}","{'id': 48584, 'rank': 23, 'fitness': 0.9687022353882451, 'generation': 624}","{'id': 48583, 'rank': 24, 'fitness': 0.9684749214628402, 'generation': 624}","{'id': 48630, 'rank': 25, 'fitness': 0.9612226631979339, 'generation': 624}","{'id': 48624, 'rank': 26, 'fitness': 0.9589085745168748, 'generation': 624}","{'id': 48582, 'rank': 27, 'fitness': 0.9563698419503818, 'generation': 624}","{'id': 48623, 'rank': 28, 'fitness': 0.9554679483184079, 'generation': 624}","{'id': 48590, 'rank': 29, 'fitness': 0.9411368282644617, 'generation': 624}","{'id': 48608, 'rank': 30, 'fitness': 0.01798620996209155, 'generation': 624}"
"{'id': 48478, 'rank': 1, 'fitness': 0.9820137900379085, 'generation': 625}","{'id': 48478, 'rank': 2, 'fitness': 0.9820137900379085, 'generation': 625}","{'id': 48709, 'rank': 3, 'fitness': 0.9743785868326004, 'generation': 625}","{'id': 48699, 'rank': 4, 'fitness': 0.9602766106185849, 'generation': 625}","{'id': 48533, 'rank': 5, 'fitness': 0.9497067559514752, 'generation': 625}","{'id': 48533, 'rank': 6, 'fitness': 0.9497067559514752, 'generation': 625}","{'id': 48599, 'rank': 7, 'fitness': 0.9482815714881301, 'generation': 625}","{'id': 48599, 'rank': 8, 'fitness': 0.9482815714881301, 'generation': 625}","{'id': 48731, 'rank': 9, 'fitness': 0.9404187239598758, 'generation': 625}","{'id': 48626, 'rank': 10, 'fitness': 0.9353399430698284, 'generation': 625}","{'id': 48540, 'rank': 11, 'fitness': 0.92536577254698, 'generation': 625}","{'id': 48672, 'rank': 12, 'fitness': 0.9148611342084533, 'generation': 625}","{'id': 48664, 'rank': 13, 'fitness': 0.8755018059582467, 'generation': 625}","{'id': 48697, 'rank': 14, 'fitness': 0.8707793228632199, 'generation': 625}","{'id': 48556, 'rank': 15, 'fitness': 0.8670544187526683, 'generation': 625}","{'id': 48734, 'rank': 16, 'fitness': 0.8615225990911868, 'generation': 625}","{'id': 48732, 'rank': 17, 'fitness': 0.8209438811255644, 'generation': 625}","{'id': 48710, 'rank': 18, 'fitness': 0.8008837473135826, 'generation': 625}","{'id': 48690, 'rank': 19, 'fitness': 0.7950743024722104, 'generation': 625}","{'id': 48683, 'rank': 20, 'fitness': 0.6349501354646604, 'generation': 625}","{'id': 48737, 'rank': 21, 'fitness': 0.6266883635301537, 'generation': 625}","{'id': 48737, 'rank': 22, 'fitness': 0.6266883635301537, 'generation': 625}","{'id': 48669, 'rank': 23, 'fitness': 0.6018410961129399, 'generation': 625}","{'id': 48711, 'rank': 24, 'fitness': 0.5988860923688253, 'generation': 625}","{'id': 48707, 'rank': 25, 'fitness': 0.5073772284842819, 'generation': 625}","{'id': 48676, 'rank': 26, 'fitness': 0.47780645152719353, 'generation': 625}","{'id': 48706, 'rank': 27, 'fitness': 0.4664239584698152, 'generation': 625}","{'id': 48665, 'rank': 28, 'fitness': 0.43775058119030685, 'generation': 625}","{'id': 48564, 'rank': 29, 'fitness': 0.3409616861333544, 'generation': 625}","{'id': 48691, 'rank': 30, 'fitness': 0.01798620996209155, 'generation': 625}"
"{'id': 48478, 'rank': 1, 'fitness': 0.9820137900379085, 'generation': 626}","{'id': 48804, 'rank': 2, 'fitness': 0.9818893193190819, 'generation': 626}","{'id': 48804, 'rank': 3, 'fitness': 0.9818893193190819, 'generation': 626}","{'id': 48804, 'rank': 4, 'fitness': 0.9818893193190819, 'generation': 626}","{'id': 48709, 'rank': 5, 'fitness': 0.9818349419817246, 'generation': 626}","{'id': 48709, 'rank': 6, 'fitness': 0.9818349419817246, 'generation': 626}","{'id': 48533, 'rank': 7, 'fitness': 0.9814837298582489, 'generation': 626}","{'id': 48533, 'rank': 8, 'fitness': 0.9814837298582489, 'generation': 626}","{'id': 48802, 'rank': 9, 'fitness': 0.9814786192682028, 'generation': 626}","{'id': 48626, 'rank': 10, 'fitness': 0.981348283538904, 'generation': 626}","{'id': 48626, 'rank': 11, 'fitness': 0.981348283538904, 'generation': 626}","{'id': 48808, 'rank': 12, 'fitness': 0.9809982070561041, 'generation': 626}","{'id': 48809, 'rank': 13, 'fitness': 0.9809794479888752, 'generation': 626}","{'id': 48556, 'rank': 14, 'fitness': 0.9809376207447204, 'generation': 626}","{'id': 48556, 'rank': 15, 'fitness': 0.9809376207447204, 'generation': 626}","{'id': 48556, 'rank': 16, 'fitness': 0.9809376207447204, 'generation': 626}","{'id': 48732, 'rank': 17, 'fitness': 0.9807531327678076, 'generation': 626}","{'id': 48690, 'rank': 18, 'fitness': 0.9806651137547897, 'generation': 626}","{'id': 48784, 'rank': 19, 'fitness': 0.9803423785324457, 'generation': 626}","{'id': 48784, 'rank': 20, 'fitness': 0.9803423785324457, 'generation': 626}","{'id': 48706, 'rank': 21, 'fitness': 0.9798618084723922, 'generation': 626}","{'id': 48778, 'rank': 22, 'fitness': 0.979856770483668, 'generation': 626}","{'id': 48778, 'rank': 23, 'fitness': 0.979856770483668, 'generation': 626}","{'id': 48787, 'rank': 24, 'fitness': 0.9795573734938225, 'generation': 626}","{'id': 48691, 'rank': 25, 'fitness': 0.9776228339480815, 'generation': 626}","{'id': 48762, 'rank': 26, 'fitness': 0.9526322758998171, 'generation': 626}","{'id': 48796, 'rank': 27, 'fitness': 0.9469252531494298, 'generation': 626}","{'id': 48758, 'rank': 28, 'fitness': 0.9268713731386652, 'generation': 626}","{'id': 48752, 'rank': 29, 'fitness': 0.8639072160836294, 'generation': 626}","{'id': 48781, 'rank': 30, 'fitness': 0.01798620996209155, 'generation': 626}"
"{'id': 48903, 'rank': 1, 'fitness': 0.9820137900379085, 'generation': 627}","{'id': 48877, 'rank': 2, 'fitness': 0.9819616941112231, 'generation': 627}","{'id': 48804, 'rank': 3, 'fitness': 0.9819089524287452, 'generation': 627}","{'id': 48709, 'rank': 4, 'fitness': 0.9817783132401204, 'generation': 627}","{'id': 48709, 'rank': 5, 'fitness': 0.9817783132401204, 'generation': 627}","{'id': 48902, 'rank': 6, 'fitness': 0.9812983496164203, 'generation': 627}","{'id': 48902, 'rank': 7, 'fitness': 0.9812983496164203, 'generation': 627}","{'id': 48902, 'rank': 8, 'fitness': 0.9812983496164203, 'generation': 627}","{'id': 48825, 'rank': 9, 'fitness': 0.9810010414298773, 'generation': 627}","{'id': 48881, 'rank': 10, 'fitness': 0.9809787620090333, 'generation': 627}","{'id': 48881, 'rank': 11, 'fitness': 0.9809787620090333, 'generation': 627}","{'id': 48802, 'rank': 12, 'fitness': 0.9809089212500631, 'generation': 627}","{'id': 48876, 'rank': 13, 'fitness': 0.9808214010775997, 'generation': 627}","{'id': 48823, 'rank': 14, 'fitness': 0.9801523660986537, 'generation': 627}","{'id': 48880, 'rank': 15, 'fitness': 0.9801109933186158, 'generation': 627}","{'id': 48828, 'rank': 16, 'fitness': 0.9800018694111978, 'generation': 627}","{'id': 48556, 'rank': 17, 'fitness': 0.9795444848026347, 'generation': 627}","{'id': 48848, 'rank': 18, 'fitness': 0.9791675112196858, 'generation': 627}","{'id': 48905, 'rank': 19, 'fitness': 0.9791624974498085, 'generation': 627}","{'id': 48732, 'rank': 20, 'fitness': 0.979066878254869, 'generation': 627}","{'id': 48833, 'rank': 21, 'fitness': 0.978555349316935, 'generation': 627}","{'id': 48845, 'rank': 22, 'fitness': 0.9784832674084536, 'generation': 627}","{'id': 48841, 'rank': 23, 'fitness': 0.9783606568657803, 'generation': 627}","{'id': 48830, 'rank': 24, 'fitness': 0.9783349362421296, 'generation': 627}","{'id': 48835, 'rank': 25, 'fitness': 0.9782404716062393, 'generation': 627}","{'id': 48835, 'rank': 26, 'fitness': 0.9782404716062393, 'generation': 627}","{'id': 48784, 'rank': 27, 'fitness': 0.9779809068675359, 'generation': 627}","{'id': 48889, 'rank': 28, 'fitness': 0.9759221469677561, 'generation': 627}","{'id': 48883, 'rank': 29, 'fitness': 0.5436389459316093, 'generation': 627}","{'id': 48866, 'rank': 30, 'fitness': 0.01798620996209155, 'generation': 627}"
"{'id': 48903, 'rank': 1, 'fitness': 0.9820137900379085, 'generation': 628}","{'id': 48804, 'rank': 2, 'fitness': 0.9796209689358342, 'generation': 628}","{'id': 48804, 'rank': 3, 'fitness': 0.9796209689358342, 'generation': 628}","{'id': 48998, 'rank': 4, 'fitness': 0.969027597403762, 'generation': 628}","{'id': 48968, 'rank': 5, 'fitness': 0.9653865717768819, 'generation': 628}","{'id': 48967, 'rank': 6, 'fitness': 0.9609658768335978, 'generation': 628}","{'id': 49002, 'rank': 7, 'fitness': 0.9506662818046897, 'generation': 628}","{'id': 48881, 'rank': 8, 'fitness': 0.9412276874872592, 'generation': 628}","{'id': 48983, 'rank': 9, 'fitness': 0.890143018677946, 'generation': 628}","{'id': 48949, 'rank': 10, 'fitness': 0.885109393576006, 'generation': 628}","{'id': 48930, 'rank': 11, 'fitness': 0.8809374431073964, 'generation': 628}","{'id': 48992, 'rank': 12, 'fitness': 0.8784384353399434, 'generation': 628}","{'id': 48999, 'rank': 13, 'fitness': 0.8647432799303771, 'generation': 628}","{'id': 48955, 'rank': 14, 'fitness': 0.8633405702527468, 'generation': 628}","{'id': 48880, 'rank': 15, 'fitness': 0.8574970588035484, 'generation': 628}","{'id': 48828, 'rank': 16, 'fitness': 0.8421795797924496, 'generation': 628}","{'id': 48982, 'rank': 17, 'fitness': 0.8370788654866508, 'generation': 628}","{'id': 48972, 'rank': 18, 'fitness': 0.8349254400771469, 'generation': 628}","{'id': 48952, 'rank': 19, 'fitness': 0.8237704951449842, 'generation': 628}","{'id': 48948, 'rank': 20, 'fitness': 0.7743835931763647, 'generation': 628}","{'id': 48923, 'rank': 21, 'fitness': 0.772740799665526, 'generation': 628}","{'id': 48556, 'rank': 22, 'fitness': 0.7645791135715285, 'generation': 628}","{'id': 48556, 'rank': 23, 'fitness': 0.7645791135715285, 'generation': 628}","{'id': 48916, 'rank': 24, 'fitness': 0.6634661571242424, 'generation': 628}","{'id': 48830, 'rank': 25, 'fitness': 0.4788494203662637, 'generation': 628}","{'id': 48935, 'rank': 26, 'fitness': 0.45840758306988283, 'generation': 628}","{'id': 48956, 'rank': 27, 'fitness': 0.33589433786916056, 'generation': 628}","{'id': 48973, 'rank': 28, 'fitness': 0.3055604311718036, 'generation': 628}","{'id': 48977, 'rank': 29, 'fitness': 0.26196190319109325, 'generation': 628}","{'id': 48981, 'rank': 30, 'fitness': 0.01798620996209155, 'generation': 628}"
"{'id': 48804, 'rank': 1, 'fitness': 0.9820137900379085, 'generation': 629}","{'id': 49060, 'rank': 2, 'fitness': 0.9820116536791459, 'generation': 629}","{'id': 49032, 'rank': 3, 'fitness': 0.9819801416142188, 'generation': 629}","{'id': 49032, 'rank': 4, 'fitness': 0.9819801416142188, 'generation': 629}","{'id': 49072, 'rank': 5, 'fitness': 0.9819750417519949, 'generation': 629}","{'id': 49072, 'rank': 6, 'fitness': 0.9819750417519949, 'generation': 629}","{'id': 49033, 'rank': 7, 'fitness': 0.9819729126564198, 'generation': 629}","{'id': 48967, 'rank': 8, 'fitness': 0.9819246343622818, 'generation': 629}","{'id': 48967, 'rank': 9, 'fitness': 0.9819246343622818, 'generation': 629}","{'id': 48949, 'rank': 10, 'fitness': 0.9817688131795181, 'generation': 629}","{'id': 48949, 'rank': 11, 'fitness': 0.9817688131795181, 'generation': 629}","{'id': 48880, 'rank': 12, 'fitness': 0.9817355048514613, 'generation': 629}","{'id': 48556, 'rank': 13, 'fitness': 0.9816521059999712, 'generation': 629}","{'id': 49053, 'rank': 14, 'fitness': 0.9815749234448686, 'generation': 629}","{'id': 48935, 'rank': 15, 'fitness': 0.9814689594616963, 'generation': 629}","{'id': 48973, 'rank': 16, 'fitness': 0.9813792108201607, 'generation': 629}","{'id': 48973, 'rank': 17, 'fitness': 0.9813792108201607, 'generation': 629}","{'id': 49071, 'rank': 18, 'fitness': 0.9813495478756082, 'generation': 629}","{'id': 49049, 'rank': 19, 'fitness': 0.9805854536870566, 'generation': 629}","{'id': 49063, 'rank': 20, 'fitness': 0.9805322196740389, 'generation': 629}","{'id': 49066, 'rank': 21, 'fitness': 0.9776393901882963, 'generation': 629}","{'id': 49041, 'rank': 22, 'fitness': 0.9753215662993582, 'generation': 629}","{'id': 49019, 'rank': 23, 'fitness': 0.9722018108637205, 'generation': 629}","{'id': 49015, 'rank': 24, 'fitness': 0.9718364864278874, 'generation': 629}","{'id': 49075, 'rank': 25, 'fitness': 0.9708483018766403, 'generation': 629}","{'id': 49006, 'rank': 26, 'fitness': 0.9702427319274455, 'generation': 629}","{'id': 49024, 'rank': 27, 'fitness': 0.9689582270301664, 'generation': 629}","{'id': 49044, 'rank': 28, 'fitness': 0.9688309105000208, 'generation': 629}","{'id': 49010, 'rank': 29, 'fitness': 0.9436090317530643, 'generation': 629}","{'id': 49056, 'rank': 30, 'fitness': 0.01798620996209155, 'generation': 629}"
"{'id': 49133, 'rank': 1, 'fitness': 0.9820137900379085, 'generation': 630}","{'id': 49072, 'rank': 2, 'fitness': 0.9814934728253026, 'generation': 630}","{'id': 49072, 'rank': 3, 'fitness': 0.9814934728253026, 'generation': 630}","{'id': 49033, 'rank': 4, 'fitness': 0.9814805627773016, 'generation': 630}","{'id': 49100, 'rank': 5, 'fitness': 0.9813921007618345, 'generation': 630}","{'id': 49119, 'rank': 6, 'fitness': 0.9812456273252648, 'generation': 630}","{'id': 49119, 'rank': 7, 'fitness': 0.9812456273252648, 'generation': 630}","{'id': 49103, 'rank': 8, 'fitness': 0.9808475312276157, 'generation': 630}","{'id': 49104, 'rank': 9, 'fitness': 0.9808425904101947, 'generation': 630}","{'id': 49153, 'rank': 10, 'fitness': 0.9808240559111119, 'generation': 630}","{'id': 49101, 'rank': 11, 'fitness': 0.9807378468929697, 'generation': 630}","{'id': 49138, 'rank': 12, 'fitness': 0.9803913406896435, 'generation': 630}","{'id': 48949, 'rank': 13, 'fitness': 0.9802084565849931, 'generation': 630}","{'id': 49127, 'rank': 14, 'fitness': 0.9801157823484798, 'generation': 630}","{'id': 48880, 'rank': 15, 'fitness': 0.9799942654350271, 'generation': 630}","{'id': 49120, 'rank': 16, 'fitness': 0.9792517094456906, 'generation': 630}","{'id': 49110, 'rank': 17, 'fitness': 0.9791096702658847, 'generation': 630}","{'id': 49102, 'rank': 18, 'fitness': 0.9791015059587804, 'generation': 630}","{'id': 49053, 'rank': 19, 'fitness': 0.9789350247359543, 'generation': 630}","{'id': 49144, 'rank': 20, 'fitness': 0.9788128473658813, 'generation': 630}","{'id': 49149, 'rank': 21, 'fitness': 0.9782977936125643, 'generation': 630}","{'id': 49112, 'rank': 22, 'fitness': 0.9782482682959408, 'generation': 630}","{'id': 48973, 'rank': 23, 'fitness': 0.977582948416339, 'generation': 630}","{'id': 48973, 'rank': 24, 'fitness': 0.977582948416339, 'generation': 630}","{'id': 49116, 'rank': 25, 'fitness': 0.9757097848749092, 'generation': 630}","{'id': 49171, 'rank': 26, 'fitness': 0.8909273031847464, 'generation': 630}","{'id': 49041, 'rank': 27, 'fitness': 0.8884450486889333, 'generation': 630}","{'id': 49124, 'rank': 28, 'fitness': 0.7371078648941389, 'generation': 630}","{'id': 49080, 'rank': 29, 'fitness': 0.6507003047490871, 'generation': 630}","{'id': 49164, 'rank': 30, 'fitness': 0.01798620996209155, 'generation': 630}"
"{'id': 49133, 'rank': 1, 'fitness': 0.9820137900379085, 'generation': 631}","{'id': 49189, 'rank': 2, 'fitness': 0.9813576105680767, 'generation': 631}","{'id': 49072, 'rank': 3, 'fitness': 0.9805797219282332, 'generation': 631}","{'id': 49072, 'rank': 4, 'fitness': 0.9805797219282332, 'generation': 631}","{'id': 49033, 'rank': 5, 'fitness': 0.98054327611162, 'generation': 631}","{'id': 49033, 'rank': 6, 'fitness': 0.98054327611162, 'generation': 631}","{'id': 49033, 'rank': 7, 'fitness': 0.98054327611162, 'generation': 631}","{'id': 49119, 'rank': 8, 'fitness': 0.9798726790648622, 'generation': 631}","{'id': 49244, 'rank': 9, 'fitness': 0.9795963514538647, 'generation': 631}","{'id': 49191, 'rank': 10, 'fitness': 0.9794266686687492, 'generation': 631}","{'id': 49222, 'rank': 11, 'fitness': 0.979297010133342, 'generation': 631}","{'id': 49153, 'rank': 12, 'fitness': 0.9786341493196271, 'generation': 631}","{'id': 49231, 'rank': 13, 'fitness': 0.9768791298303752, 'generation': 631}","{'id': 48949, 'rank': 14, 'fitness': 0.9767434661713215, 'generation': 631}","{'id': 49243, 'rank': 15, 'fitness': 0.9759739798348425, 'generation': 631}","{'id': 49187, 'rank': 16, 'fitness': 0.9759197956862513, 'generation': 631}","{'id': 49182, 'rank': 17, 'fitness': 0.9747496012479033, 'generation': 631}","{'id': 49235, 'rank': 18, 'fitness': 0.9734536926291557, 'generation': 631}","{'id': 49259, 'rank': 19, 'fitness': 0.9731429223441813, 'generation': 631}","{'id': 49102, 'rank': 20, 'fitness': 0.9730941347794135, 'generation': 631}","{'id': 49234, 'rank': 21, 'fitness': 0.9730515822973806, 'generation': 631}","{'id': 49144, 'rank': 22, 'fitness': 0.9720889769631469, 'generation': 631}","{'id': 49203, 'rank': 23, 'fitness': 0.9713689735440132, 'generation': 631}","{'id': 49214, 'rank': 24, 'fitness': 0.970099467101228, 'generation': 631}","{'id': 49178, 'rank': 25, 'fitness': 0.9696132952062995, 'generation': 631}","{'id': 49212, 'rank': 26, 'fitness': 0.9691528162155452, 'generation': 631}","{'id': 49225, 'rank': 27, 'fitness': 0.9636375903247413, 'generation': 631}","{'id': 49226, 'rank': 28, 'fitness': 0.9604849371320895, 'generation': 631}","{'id': 49228, 'rank': 29, 'fitness': 0.9546872272952573, 'generation': 631}","{'id': 49219, 'rank': 30, 'fitness': 0.01798620996209155, 'generation': 631}"
"{'id': 49133, 'rank': 1, 'fitness': 0.9820137900379085, 'generation': 632}","{'id': 49287, 'rank': 2, 'fitness': 0.9813033496433552, 'generation': 632}","{'id': 49262, 'rank': 3, 'fitness': 0.9792996530754339, 'generation': 632}","{'id': 49072, 'rank': 4, 'fitness': 0.9770393975684091, 'generation': 632}","{'id': 49033, 'rank': 5, 'fitness': 0.9769022311426654, 'generation': 632}","{'id': 49033, 'rank': 6, 'fitness': 0.9769022311426654, 'generation': 632}","{'id': 49033, 'rank': 7, 'fitness': 0.9769022311426654, 'generation': 632}","{'id': 49033, 'rank': 8, 'fitness': 0.9769022311426654, 'generation': 632}","{'id': 49335, 'rank': 9, 'fitness': 0.97393799568122, 'generation': 632}","{'id': 49335, 'rank': 10, 'fitness': 0.97393799568122, 'generation': 632}","{'id': 49298, 'rank': 11, 'fitness': 0.9701556746358754, 'generation': 632}","{'id': 49153, 'rank': 12, 'fitness': 0.9689313512609632, 'generation': 632}","{'id': 49291, 'rank': 13, 'fitness': 0.9688985136157018, 'generation': 632}","{'id': 49270, 'rank': 14, 'fitness': 0.9634498794124549, 'generation': 632}","{'id': 49283, 'rank': 15, 'fitness': 0.9622548396246723, 'generation': 632}","{'id': 49292, 'rank': 16, 'fitness': 0.9552803976560735, 'generation': 632}","{'id': 49267, 'rank': 17, 'fitness': 0.9531054487725181, 'generation': 632}","{'id': 49339, 'rank': 18, 'fitness': 0.949561641163539, 'generation': 632}","{'id': 49316, 'rank': 19, 'fitness': 0.9451387244069827, 'generation': 632}","{'id': 49317, 'rank': 20, 'fitness': 0.942713956652864, 'generation': 632}","{'id': 49275, 'rank': 21, 'fitness': 0.9415487525671828, 'generation': 632}","{'id': 49301, 'rank': 22, 'fitness': 0.9366823641005957, 'generation': 632}","{'id': 49102, 'rank': 23, 'fitness': 0.9362430338775859, 'generation': 632}","{'id': 49102, 'rank': 24, 'fitness': 0.9362430338775859, 'generation': 632}","{'id': 49338, 'rank': 25, 'fitness': 0.9344256244741651, 'generation': 632}","{'id': 49212, 'rank': 26, 'fitness': 0.9036097384524773, 'generation': 632}","{'id': 49337, 'rank': 27, 'fitness': 0.8978281291738435, 'generation': 632}","{'id': 49323, 'rank': 28, 'fitness': 0.86543619991217, 'generation': 632}","{'id': 49308, 'rank': 29, 'fitness': 0.8362555699671157, 'generation': 632}","{'id': 49280, 'rank': 30, 'fitness': 0.01798620996209155, 'generation': 632}"
"{'id': 49355, 'rank': 1, 'fitness': 0.9820137900379085, 'generation': 633}","{'id': 49287, 'rank': 2, 'fitness': 0.9778512717157821, 'generation': 633}","{'id': 49287, 'rank': 3, 'fitness': 0.9778512717157821, 'generation': 633}","{'id': 49287, 'rank': 4, 'fitness': 0.9778512717157821, 'generation': 633}","{'id': 49262, 'rank': 5, 'fitness': 0.9717720977102438, 'generation': 633}","{'id': 49420, 'rank': 6, 'fitness': 0.9712869656872556, 'generation': 633}","{'id': 49353, 'rank': 7, 'fitness': 0.968461071446781, 'generation': 633}","{'id': 49033, 'rank': 8, 'fitness': 0.9634004292121647, 'generation': 633}","{'id': 49335, 'rank': 9, 'fitness': 0.9513819630344589, 'generation': 633}","{'id': 49365, 'rank': 10, 'fitness': 0.9464874582330629, 'generation': 633}","{'id': 49386, 'rank': 11, 'fitness': 0.9306384655353694, 'generation': 633}","{'id': 49153, 'rank': 12, 'fitness': 0.9269425641615747, 'generation': 633}","{'id': 49291, 'rank': 13, 'fitness': 0.9267655033539659, 'generation': 633}","{'id': 49366, 'rank': 14, 'fitness': 0.9174907705811925, 'generation': 633}","{'id': 49387, 'rank': 15, 'fitness': 0.901555178546573, 'generation': 633}","{'id': 49387, 'rank': 16, 'fitness': 0.901555178546573, 'generation': 633}","{'id': 49367, 'rank': 17, 'fitness': 0.879037275946329, 'generation': 633}","{'id': 49367, 'rank': 18, 'fitness': 0.879037275946329, 'generation': 633}","{'id': 49354, 'rank': 19, 'fitness': 0.8724592770550819, 'generation': 633}","{'id': 49369, 'rank': 20, 'fitness': 0.7915333029579068, 'generation': 633}","{'id': 49410, 'rank': 21, 'fitness': 0.7743197046117216, 'generation': 633}","{'id': 49316, 'rank': 22, 'fitness': 0.7538067414694214, 'generation': 633}","{'id': 49368, 'rank': 23, 'fitness': 0.692170851097147, 'generation': 633}","{'id': 49338, 'rank': 24, 'fitness': 0.6602523165094626, 'generation': 633}","{'id': 49344, 'rank': 25, 'fitness': 0.4282330170719735, 'generation': 633}","{'id': 49408, 'rank': 26, 'fitness': 0.2507512659208174, 'generation': 633}","{'id': 49408, 'rank': 27, 'fitness': 0.2507512659208174, 'generation': 633}","{'id': 49361, 'rank': 28, 'fitness': 0.059509131918616565, 'generation': 633}","{'id': 49347, 'rank': 29, 'fitness': 0.023818133267184516, 'generation': 633}","{'id': 49363, 'rank': 30, 'fitness': 0.01798620996209155, 'generation': 633}"
"{'id': 49480, 'rank': 1, 'fitness': 0.9820137900379085, 'generation': 634}","{'id': 49480, 'rank': 2, 'fitness': 0.9820137900379085, 'generation': 634}","{'id': 49355, 'rank': 3, 'fitness': 0.9816435190410331, 'generation': 634}","{'id': 49287, 'rank': 4, 'fitness': 0.9814203085472553, 'generation': 634}","{'id': 49430, 'rank': 5, 'fitness': 0.9811515303357788, 'generation': 634}","{'id': 49485, 'rank': 6, 'fitness': 0.9811428760328036, 'generation': 634}","{'id': 49478, 'rank': 7, 'fitness': 0.9808740279561576, 'generation': 634}","{'id': 49429, 'rank': 8, 'fitness': 0.9808549451349176, 'generation': 634}","{'id': 49335, 'rank': 9, 'fitness': 0.9805404347193617, 'generation': 634}","{'id': 49450, 'rank': 10, 'fitness': 0.9801023958694421, 'generation': 634}","{'id': 49450, 'rank': 11, 'fitness': 0.9801023958694421, 'generation': 634}","{'id': 49450, 'rank': 12, 'fitness': 0.9801023958694421, 'generation': 634}","{'id': 49366, 'rank': 13, 'fitness': 0.9799053414033948, 'generation': 634}","{'id': 49387, 'rank': 14, 'fitness': 0.9796825766104817, 'generation': 634}","{'id': 49483, 'rank': 15, 'fitness': 0.9794301032831128, 'generation': 634}","{'id': 49369, 'rank': 16, 'fitness': 0.978641432157701, 'generation': 634}","{'id': 49369, 'rank': 17, 'fitness': 0.978641432157701, 'generation': 634}","{'id': 49368, 'rank': 18, 'fitness': 0.9779973124955086, 'generation': 634}","{'id': 49440, 'rank': 19, 'fitness': 0.9755671741891137, 'generation': 634}","{'id': 49408, 'rank': 20, 'fitness': 0.9754914184294176, 'generation': 634}","{'id': 49467, 'rank': 21, 'fitness': 0.9747503078407871, 'generation': 634}","{'id': 49347, 'rank': 22, 'fitness': 0.971588044318905, 'generation': 634}","{'id': 49347, 'rank': 23, 'fitness': 0.971588044318905, 'generation': 634}","{'id': 49461, 'rank': 24, 'fitness': 0.9640451864723586, 'generation': 634}","{'id': 49490, 'rank': 25, 'fitness': 0.9577163904675703, 'generation': 634}","{'id': 49464, 'rank': 26, 'fitness': 0.9506044064806747, 'generation': 634}","{'id': 49493, 'rank': 27, 'fitness': 0.9494339686774346, 'generation': 634}","{'id': 49493, 'rank': 28, 'fitness': 0.9494339686774346, 'generation': 634}","{'id': 49475, 'rank': 29, 'fitness': 0.6593536422614507, 'generation': 634}","{'id': 49445, 'rank': 30, 'fitness': 0.01798620996209155, 'generation': 634}"
"{'id': 49480, 'rank': 1, 'fitness': 0.9820137900379085, 'generation': 635}","{'id': 49517, 'rank': 2, 'fitness': 0.9798833089335149, 'generation': 635}","{'id': 49525, 'rank': 3, 'fitness': 0.9759190049471607, 'generation': 635}","{'id': 49525, 'rank': 4, 'fitness': 0.9759190049471607, 'generation': 635}","{'id': 49287, 'rank': 5, 'fitness': 0.9741181002442776, 'generation': 635}","{'id': 49287, 'rank': 6, 'fitness': 0.9741181002442776, 'generation': 635}","{'id': 49498, 'rank': 7, 'fitness': 0.9713378879513258, 'generation': 635}","{'id': 49485, 'rank': 8, 'fitness': 0.9694708306678805, 'generation': 635}","{'id': 49580, 'rank': 9, 'fitness': 0.969383542162263, 'generation': 635}","{'id': 49580, 'rank': 10, 'fitness': 0.969383542162263, 'generation': 635}","{'id': 49521, 'rank': 11, 'fitness': 0.9646258050534824, 'generation': 635}","{'id': 49578, 'rank': 12, 'fitness': 0.9593196668629074, 'generation': 635}","{'id': 49546, 'rank': 13, 'fitness': 0.9552297669794438, 'generation': 635}","{'id': 49387, 'rank': 14, 'fitness': 0.9310038185480561, 'generation': 635}","{'id': 49553, 'rank': 15, 'fitness': 0.9194317476425423, 'generation': 635}","{'id': 49523, 'rank': 16, 'fitness': 0.9071779408543259, 'generation': 635}","{'id': 49559, 'rank': 17, 'fitness': 0.9013123326252864, 'generation': 635}","{'id': 49503, 'rank': 18, 'fitness': 0.8964098927669928, 'generation': 635}","{'id': 49507, 'rank': 19, 'fitness': 0.8662423480534247, 'generation': 635}","{'id': 49507, 'rank': 20, 'fitness': 0.8662423480534247, 'generation': 635}","{'id': 49368, 'rank': 21, 'fitness': 0.8437495593235295, 'generation': 635}","{'id': 49571, 'rank': 22, 'fitness': 0.8356927221113304, 'generation': 635}","{'id': 49554, 'rank': 23, 'fitness': 0.82903471306828, 'generation': 635}","{'id': 49555, 'rank': 24, 'fitness': 0.798140408869898, 'generation': 635}","{'id': 49572, 'rank': 25, 'fitness': 0.7193728330054436, 'generation': 635}","{'id': 49467, 'rank': 26, 'fitness': 0.5250934262818476, 'generation': 635}","{'id': 49567, 'rank': 27, 'fitness': 0.43329993779156817, 'generation': 635}","{'id': 49564, 'rank': 28, 'fitness': 0.29402715472976254, 'generation': 635}","{'id': 49561, 'rank': 29, 'fitness': 0.2925259606528506, 'generation': 635}","{'id': 49461, 'rank': 30, 'fitness': 0.01798620996209155, 'generation': 635}"
"{'id': 49631, 'rank': 1, 'fitness': 0.9820137900379085, 'generation': 636}","{'id': 49651, 'rank': 2, 'fitness': 0.9817454966147219, 'generation': 636}","{'id': 49517, 'rank': 3, 'fitness': 0.9814797443311263, 'generation': 636}","{'id': 49640, 'rank': 4, 'fitness': 0.9813187496874511, 'generation': 636}","{'id': 49525, 'rank': 5, 'fitness': 0.9809586785039299, 'generation': 636}","{'id': 49580, 'rank': 6, 'fitness': 0.9802367498360531, 'generation': 636}","{'id': 49596, 'rank': 7, 'fitness': 0.9801329775426575, 'generation': 636}","{'id': 49603, 'rank': 8, 'fitness': 0.9800855945746585, 'generation': 636}","{'id': 49521, 'rank': 9, 'fitness': 0.9797869394011991, 'generation': 636}","{'id': 49546, 'rank': 10, 'fitness': 0.9790262235796624, 'generation': 636}","{'id': 49597, 'rank': 11, 'fitness': 0.9787630569020289, 'generation': 636}","{'id': 49602, 'rank': 12, 'fitness': 0.9787061129381046, 'generation': 636}","{'id': 49602, 'rank': 13, 'fitness': 0.9787061129381046, 'generation': 636}","{'id': 49641, 'rank': 14, 'fitness': 0.9776244009903653, 'generation': 636}","{'id': 49609, 'rank': 15, 'fitness': 0.9771665564777617, 'generation': 636}","{'id': 49553, 'rank': 16, 'fitness': 0.9769569833397362, 'generation': 636}","{'id': 49606, 'rank': 17, 'fitness': 0.9763930909227655, 'generation': 636}","{'id': 49659, 'rank': 18, 'fitness': 0.9758435954323742, 'generation': 636}","{'id': 49632, 'rank': 19, 'fitness': 0.9751773389430982, 'generation': 636}","{'id': 49660, 'rank': 20, 'fitness': 0.9741923270705048, 'generation': 636}","{'id': 49571, 'rank': 21, 'fitness': 0.9739878721631139, 'generation': 636}","{'id': 49571, 'rank': 22, 'fitness': 0.9739878721631139, 'generation': 636}","{'id': 49592, 'rank': 23, 'fitness': 0.9734035882579196, 'generation': 636}","{'id': 49572, 'rank': 24, 'fitness': 0.9711815065399281, 'generation': 636}","{'id': 49624, 'rank': 25, 'fitness': 0.9691654577071447, 'generation': 636}","{'id': 49633, 'rank': 26, 'fitness': 0.9668595072511847, 'generation': 636}","{'id': 49598, 'rank': 27, 'fitness': 0.9579723660367105, 'generation': 636}","{'id': 49639, 'rank': 28, 'fitness': 0.6117321941021826, 'generation': 636}","{'id': 49634, 'rank': 29, 'fitness': 0.5191304525904289, 'generation': 636}","{'id': 49610, 'rank': 30, 'fitness': 0.01798620996209155, 'generation': 636}"
"{'id': 49631, 'rank': 1, 'fitness': 0.9820137900379085, 'generation': 637}","{'id': 49631, 'rank': 2, 'fitness': 0.9820137900379085, 'generation': 637}","{'id': 49651, 'rank': 3, 'fitness': 0.9802546156688083, 'generation': 637}","{'id': 49680, 'rank': 4, 'fitness': 0.9757244220973755, 'generation': 637}","{'id': 49692, 'rank': 5, 'fitness': 0.9729056067710566, 'generation': 637}","{'id': 49580, 'rank': 6, 'fitness': 0.9675271888457692, 'generation': 637}","{'id': 49710, 'rank': 7, 'fitness': 0.9668690117124034, 'generation': 637}","{'id': 49710, 'rank': 8, 'fitness': 0.9668690117124034, 'generation': 637}","{'id': 49603, 'rank': 9, 'fitness': 0.965951037622621, 'generation': 637}","{'id': 49705, 'rank': 10, 'fitness': 0.9643385583588311, 'generation': 637}","{'id': 49546, 'rank': 11, 'fitness': 0.9530956427502376, 'generation': 637}","{'id': 49546, 'rank': 12, 'fitness': 0.9530956427502376, 'generation': 637}","{'id': 49602, 'rank': 13, 'fitness': 0.9485346492013149, 'generation': 637}","{'id': 49687, 'rank': 14, 'fitness': 0.9418278612217061, 'generation': 637}","{'id': 49675, 'rank': 15, 'fitness': 0.9410693187635919, 'generation': 637}","{'id': 49745, 'rank': 16, 'fitness': 0.9335388586396471, 'generation': 637}","{'id': 49745, 'rank': 17, 'fitness': 0.9335388586396471, 'generation': 637}","{'id': 49690, 'rank': 18, 'fitness': 0.9305884633821275, 'generation': 637}","{'id': 49732, 'rank': 19, 'fitness': 0.9190781108987356, 'generation': 637}","{'id': 49688, 'rank': 20, 'fitness': 0.9016060745648076, 'generation': 637}","{'id': 49731, 'rank': 21, 'fitness': 0.875288133267686, 'generation': 637}","{'id': 49673, 'rank': 22, 'fitness': 0.8683449618280371, 'generation': 637}","{'id': 49740, 'rank': 23, 'fitness': 0.8598325910736253, 'generation': 637}","{'id': 49738, 'rank': 24, 'fitness': 0.8427192248074549, 'generation': 637}","{'id': 49706, 'rank': 25, 'fitness': 0.8397663058644176, 'generation': 637}","{'id': 49711, 'rank': 26, 'fitness': 0.8056307965562878, 'generation': 637}","{'id': 49699, 'rank': 27, 'fitness': 0.7279528127140856, 'generation': 637}","{'id': 49633, 'rank': 28, 'fitness': 0.5118472791738559, 'generation': 637}","{'id': 49674, 'rank': 29, 'fitness': 0.43525641582938057, 'generation': 637}","{'id': 49685, 'rank': 30, 'fitness': 0.01798620996209155, 'generation': 637}"
"{'id': 49631, 'rank': 1, 'fitness': 0.9820137900379085, 'generation': 638}","{'id': 49692, 'rank': 2, 'fitness': 0.9818923830643385, 'generation': 638}","{'id': 49692, 'rank': 3, 'fitness': 0.9818923830643385, 'generation': 638}","{'id': 49692, 'rank': 4, 'fitness': 0.9818923830643385, 'generation': 638}","{'id': 49692, 'rank': 5, 'fitness': 0.9818923830643385, 'generation': 638}","{'id': 49692, 'rank': 6, 'fitness': 0.9818923830643385, 'generation': 638}","{'id': 49710, 'rank': 7, 'fitness': 0.9818320063690317, 'generation': 638}","{'id': 49546, 'rank': 8, 'fitness': 0.9817261358209495, 'generation': 638}","{'id': 49761, 'rank': 9, 'fitness': 0.9817197577756358, 'generation': 638}","{'id': 49763, 'rank': 10, 'fitness': 0.9817190469570208, 'generation': 638}","{'id': 49763, 'rank': 11, 'fitness': 0.9817190469570208, 'generation': 638}","{'id': 49602, 'rank': 12, 'fitness': 0.9816974888205964, 'generation': 638}","{'id': 49778, 'rank': 13, 'fitness': 0.9816666041745213, 'generation': 638}","{'id': 49773, 'rank': 14, 'fitness': 0.981651280137583, 'generation': 638}","{'id': 49745, 'rank': 15, 'fitness': 0.9816175210839069, 'generation': 638}","{'id': 49792, 'rank': 16, 'fitness': 0.9815254820443781, 'generation': 638}","{'id': 49731, 'rank': 17, 'fitness': 0.9814117128470357, 'generation': 638}","{'id': 49738, 'rank': 18, 'fitness': 0.9813310289921505, 'generation': 638}","{'id': 49813, 'rank': 19, 'fitness': 0.9812785639420334, 'generation': 638}","{'id': 49813, 'rank': 20, 'fitness': 0.9812785639420334, 'generation': 638}","{'id': 49764, 'rank': 21, 'fitness': 0.9812758237603283, 'generation': 638}","{'id': 49798, 'rank': 22, 'fitness': 0.9810849371094901, 'generation': 638}","{'id': 49633, 'rank': 23, 'fitness': 0.9808361201680389, 'generation': 638}","{'id': 49821, 'rank': 24, 'fitness': 0.9804076105716653, 'generation': 638}","{'id': 49685, 'rank': 25, 'fitness': 0.9795519239390608, 'generation': 638}","{'id': 49818, 'rank': 26, 'fitness': 0.9774994863369826, 'generation': 638}","{'id': 49805, 'rank': 27, 'fitness': 0.9691595633898289, 'generation': 638}","{'id': 49794, 'rank': 28, 'fitness': 0.9678258141473716, 'generation': 638}","{'id': 49755, 'rank': 29, 'fitness': 0.9597360910134577, 'generation': 638}","{'id': 49767, 'rank': 30, 'fitness': 0.01798620996209155, 'generation': 638}"
"{'id': 49631, 'rank': 1, 'fitness': 0.9820137900379085, 'generation': 639}","{'id': 49631, 'rank': 2, 'fitness': 0.9820137900379085, 'generation': 639}","{'id': 49863, 'rank': 3, 'fitness': 0.9762895140302481, 'generation': 639}","{'id': 49863, 'rank': 4, 'fitness': 0.9762895140302481, 'generation': 639}","{'id': 49863, 'rank': 5, 'fitness': 0.9762895140302481, 'generation': 639}","{'id': 49692, 'rank': 6, 'fitness': 0.9741376854978665, 'generation': 639}","{'id': 49692, 'rank': 7, 'fitness': 0.9741376854978665, 'generation': 639}","{'id': 49692, 'rank': 8, 'fitness': 0.9741376854978665, 'generation': 639}","{'id': 49692, 'rank': 9, 'fitness': 0.9741376854978665, 'generation': 639}","{'id': 49692, 'rank': 10, 'fitness': 0.9741376854978665, 'generation': 639}","{'id': 49906, 'rank': 11, 'fitness': 0.9691093385954808, 'generation': 639}","{'id': 49905, 'rank': 12, 'fitness': 0.963401368122361, 'generation': 639}","{'id': 49851, 'rank': 13, 'fitness': 0.9623438505805192, 'generation': 639}","{'id': 49851, 'rank': 14, 'fitness': 0.9623438505805192, 'generation': 639}","{'id': 49763, 'rank': 15, 'fitness': 0.9570145383301831, 'generation': 639}","{'id': 49852, 'rank': 16, 'fitness': 0.9500043321116713, 'generation': 639}","{'id': 49828, 'rank': 17, 'fitness': 0.9498839586874693, 'generation': 639}","{'id': 49827, 'rank': 18, 'fitness': 0.949709427324396, 'generation': 639}","{'id': 49773, 'rank': 19, 'fitness': 0.9477830064379815, 'generation': 639}","{'id': 49873, 'rank': 20, 'fitness': 0.944961215582865, 'generation': 639}","{'id': 49745, 'rank': 21, 'fitness': 0.942526980159469, 'generation': 639}","{'id': 49842, 'rank': 22, 'fitness': 0.942349326164132, 'generation': 639}","{'id': 49901, 'rank': 23, 'fitness': 0.9416345115372711, 'generation': 639}","{'id': 49841, 'rank': 24, 'fitness': 0.9350627519529572, 'generation': 639}","{'id': 49835, 'rank': 25, 'fitness': 0.7084013809012889, 'generation': 639}","{'id': 49871, 'rank': 26, 'fitness': 0.6831884212868774, 'generation': 639}","{'id': 49633, 'rank': 27, 'fitness': 0.6220655666773574, 'generation': 639}","{'id': 49904, 'rank': 28, 'fitness': 0.6013707725262412, 'generation': 639}","{'id': 49902, 'rank': 29, 'fitness': 0.03850277697976889, 'generation': 639}","{'id': 49903, 'rank': 30, 'fitness': 0.01798620996209155, 'generation': 639}"
"{'id': 49963, 'rank': 1, 'fitness': 0.9820137900379085, 'generation': 640}","{'id': 49963, 'rank': 2, 'fitness': 0.9820137900379085, 'generation': 640}","{'id': 49940, 'rank': 3, 'fitness': 0.9781617930207578, 'generation': 640}","{'id': 49863, 'rank': 4, 'fitness': 0.9687371094113653, 'generation': 640}","{'id': 49863, 'rank': 5, 'fitness': 0.9687371094113653, 'generation': 640}","{'id': 49863, 'rank': 6, 'fitness': 0.9687371094113653, 'generation': 640}","{'id': 49932, 'rank': 7, 'fitness': 0.9678354508057418, 'generation': 640}","{'id': 49970, 'rank': 8, 'fitness': 0.9659684917445901, 'generation': 640}","{'id': 49970, 'rank': 9, 'fitness': 0.9659684917445901, 'generation': 640}","{'id': 49692, 'rank': 10, 'fitness': 0.9655906772769187, 'generation': 640}","{'id': 49905, 'rank': 11, 'fitness': 0.9495778737303291, 'generation': 640}","{'id': 49851, 'rank': 12, 'fitness': 0.9479776907676094, 'generation': 640}","{'id': 49967, 'rank': 13, 'fitness': 0.9470607704828776, 'generation': 640}","{'id': 49962, 'rank': 14, 'fitness': 0.9427849540353896, 'generation': 640}","{'id': 49949, 'rank': 15, 'fitness': 0.9409064725066372, 'generation': 640}","{'id': 49763, 'rank': 16, 'fitness': 0.9398649350446575, 'generation': 640}","{'id': 49968, 'rank': 17, 'fitness': 0.9378223114238716, 'generation': 640}","{'id': 49921, 'rank': 18, 'fitness': 0.9311595158622624, 'generation': 640}","{'id': 49852, 'rank': 19, 'fitness': 0.9290904669813482, 'generation': 640}","{'id': 49828, 'rank': 20, 'fitness': 0.9289046038284873, 'generation': 640}","{'id': 49773, 'rank': 21, 'fitness': 0.92565657067693, 'generation': 640}","{'id': 49901, 'rank': 22, 'fitness': 0.9161122103350844, 'generation': 640}","{'id': 49951, 'rank': 23, 'fitness': 0.915723225101067, 'generation': 640}","{'id': 49841, 'rank': 24, 'fitness': 0.9058599376236669, 'generation': 640}","{'id': 49971, 'rank': 25, 'fitness': 0.6436483084378224, 'generation': 640}","{'id': 49835, 'rank': 26, 'fitness': 0.5703557607151193, 'generation': 640}","{'id': 49633, 'rank': 27, 'fitness': 0.46256288314860733, 'generation': 640}","{'id': 49954, 'rank': 28, 'fitness': 0.2501528707835715, 'generation': 640}","{'id': 49954, 'rank': 29, 'fitness': 0.2501528707835715, 'generation': 640}","{'id': 49979, 'rank': 30, 'fitness': 0.01798620996209155, 'generation': 640}"
