rank_data
"{'id': 19, 'rank': 1, 'fitness': 0.9820137900379085, 'generation': 0}","{'id': 6, 'rank': 2, 'fitness': 0.978993239620892, 'generation': 0}","{'id': 26, 'rank': 3, 'fitness': 0.9746338070079994, 'generation': 0}","{'id': 21, 'rank': 4, 'fitness': 0.9620504816293585, 'generation': 0}","{'id': 11, 'rank': 5, 'fitness': 0.9505454426336086, 'generation': 0}","{'id': 2, 'rank': 6, 'fitness': 0.9358778225255785, 'generation': 0}","{'id': 8, 'rank': 7, 'fitness': 0.9213243879532949, 'generation': 0}","{'id': 3, 'rank': 8, 'fitness': 0.909425608731071, 'generation': 0}","{'id': 10, 'rank': 9, 'fitness': 0.8847130463799935, 'generation': 0}","{'id': 9, 'rank': 10, 'fitness': 0.8733346166671552, 'generation': 0}","{'id': 17, 'rank': 11, 'fitness': 0.8720668904215518, 'generation': 0}","{'id': 22, 'rank': 12, 'fitness': 0.871043651676829, 'generation': 0}","{'id': 27, 'rank': 13, 'fitness': 0.8566714873544432, 'generation': 0}","{'id': 14, 'rank': 14, 'fitness': 0.8339974830294763, 'generation': 0}","{'id': 20, 'rank': 15, 'fitness': 0.8117382944014533, 'generation': 0}","{'id': 1, 'rank': 16, 'fitness': 0.7641497723425315, 'generation': 0}","{'id': 7, 'rank': 17, 'fitness': 0.6924381794032866, 'generation': 0}","{'id': 24, 'rank': 18, 'fitness': 0.6557419853358398, 'generation': 0}","{'id': 23, 'rank': 19, 'fitness': 0.6430688530230889, 'generation': 0}","{'id': 12, 'rank': 20, 'fitness': 0.5516822142521985, 'generation': 0}","{'id': 13, 'rank': 21, 'fitness': 0.4923727087365481, 'generation': 0}","{'id': 4, 'rank': 22, 'fitness': 0.4903531889903514, 'generation': 0}","{'id': 5, 'rank': 23, 'fitness': 0.47633637372051835, 'generation': 0}","{'id': 15, 'rank': 24, 'fitness': 0.424740908647536, 'generation': 0}","{'id': 29, 'rank': 25, 'fitness': 0.4102960614584055, 'generation': 0}","{'id': 18, 'rank': 26, 'fitness': 0.2831420809275902, 'generation': 0}","{'id': 25, 'rank': 27, 'fitness': 0.2446230262679101, 'generation': 0}","{'id': 16, 'rank': 28, 'fitness': 0.05109354263245125, 'generation': 0}","{'id': 30, 'rank': 29, 'fitness': 0.026282816667004716, 'generation': 0}","{'id': 28, 'rank': 30, 'fitness': 0.01798620996209155, 'generation': 0}"
"{'id': 19, 'rank': 1, 'fitness': 0.9820137900379085, 'generation': 1}","{'id': 6, 'rank': 2, 'fitness': 0.978993239620892, 'generation': 1}","{'id': 26, 'rank': 3, 'fitness': 0.9746338070079994, 'generation': 1}","{'id': 21, 'rank': 4, 'fitness': 0.9620504816293585, 'generation': 1}","{'id': 11, 'rank': 5, 'fitness': 0.9505454426336086, 'generation': 1}","{'id': 2, 'rank': 6, 'fitness': 0.9358778225255785, 'generation': 1}","{'id': 8, 'rank': 7, 'fitness': 0.9213243879532949, 'generation': 1}","{'id': 3, 'rank': 8, 'fitness': 0.909425608731071, 'generation': 1}","{'id': 10, 'rank': 9, 'fitness': 0.8847130463799935, 'generation': 1}","{'id': 9, 'rank': 10, 'fitness': 0.8733346166671552, 'generation': 1}","{'id': 17, 'rank': 11, 'fitness': 0.8720668904215518, 'generation': 1}","{'id': 22, 'rank': 12, 'fitness': 0.871043651676829, 'generation': 1}","{'id': 27, 'rank': 13, 'fitness': 0.8566714873544432, 'generation': 1}","{'id': 14, 'rank': 14, 'fitness': 0.8339974830294763, 'generation': 1}","{'id': 20, 'rank': 15, 'fitness': 0.8117382944014533, 'generation': 1}","{'id': 1, 'rank': 16, 'fitness': 0.7641497723425315, 'generation': 1}","{'id': 7, 'rank': 17, 'fitness': 0.6924381794032866, 'generation': 1}","{'id': 24, 'rank': 18, 'fitness': 0.6557419853358398, 'generation': 1}","{'id': 23, 'rank': 19, 'fitness': 0.6430688530230889, 'generation': 1}","{'id': 12, 'rank': 20, 'fitness': 0.5516822142521985, 'generation': 1}","{'id': 13, 'rank': 21, 'fitness': 0.4923727087365481, 'generation': 1}","{'id': 4, 'rank': 22, 'fitness': 0.4903531889903514, 'generation': 1}","{'id': 5, 'rank': 23, 'fitness': 0.47633637372051835, 'generation': 1}","{'id': 15, 'rank': 24, 'fitness': 0.424740908647536, 'generation': 1}","{'id': 29, 'rank': 25, 'fitness': 0.4102960614584055, 'generation': 1}","{'id': 18, 'rank': 26, 'fitness': 0.2831420809275902, 'generation': 1}","{'id': 25, 'rank': 27, 'fitness': 0.2446230262679101, 'generation': 1}","{'id': 16, 'rank': 28, 'fitness': 0.05109354263245125, 'generation': 1}","{'id': 30, 'rank': 29, 'fitness': 0.026282816667004716, 'generation': 1}","{'id': 28, 'rank': 30, 'fitness': 0.01798620996209155, 'generation': 1}"
"{'id': 78, 'rank': 1, 'fitness': 0.9820137900379085, 'generation': 2}","{'id': 78, 'rank': 2, 'fitness': 0.9820137900379085, 'generation': 2}","{'id': 77, 'rank': 3, 'fitness': 0.98173290284349, 'generation': 2}","{'id': 44, 'rank': 4, 'fitness': 0.9779169267880754, 'generation': 2}","{'id': 26, 'rank': 5, 'fitness': 0.9644428442706898, 'generation': 2}","{'id': 94, 'rank': 6, 'fitness': 0.9611444755305396, 'generation': 2}","{'id': 8, 'rank': 7, 'fitness': 0.8087886473776782, 'generation': 2}","{'id': 8, 'rank': 8, 'fitness': 0.8087886473776782, 'generation': 2}","{'id': 8, 'rank': 9, 'fitness': 0.8087886473776782, 'generation': 2}","{'id': 50, 'rank': 10, 'fitness': 0.8017000188919328, 'generation': 2}","{'id': 86, 'rank': 11, 'fitness': 0.7613197710887458, 'generation': 2}","{'id': 48, 'rank': 12, 'fitness': 0.7349136149644833, 'generation': 2}","{'id': 49, 'rank': 13, 'fitness': 0.6546324789560256, 'generation': 2}","{'id': 17, 'rank': 14, 'fitness': 0.6447095340832654, 'generation': 2}","{'id': 36, 'rank': 15, 'fitness': 0.6077488030279321, 'generation': 2}","{'id': 20, 'rank': 16, 'fitness': 0.4699229346026872, 'generation': 2}","{'id': 1, 'rank': 17, 'fitness': 0.36183673947566797, 'generation': 2}","{'id': 7, 'rank': 18, 'fitness': 0.24292266425906317, 'generation': 2}","{'id': 67, 'rank': 19, 'fitness': 0.23989241699962816, 'generation': 2}","{'id': 67, 'rank': 20, 'fitness': 0.23989241699962816, 'generation': 2}","{'id': 34, 'rank': 21, 'fitness': 0.11742146905703776, 'generation': 2}","{'id': 85, 'rank': 22, 'fitness': 0.09665006775233514, 'generation': 2}","{'id': 85, 'rank': 23, 'fitness': 0.09665006775233514, 'generation': 2}","{'id': 13, 'rank': 24, 'fitness': 0.07917080471577304, 'generation': 2}","{'id': 4, 'rank': 25, 'fitness': 0.07825437217993275, 'generation': 2}","{'id': 5, 'rank': 26, 'fitness': 0.07215185514462641, 'generation': 2}","{'id': 15, 'rank': 27, 'fitness': 0.05313285425036024, 'generation': 2}","{'id': 56, 'rank': 28, 'fitness': 0.04388902193393224, 'generation': 2}","{'id': 54, 'rank': 29, 'fitness': 0.025556780611404706, 'generation': 2}","{'id': 80, 'rank': 30, 'fitness': 0.01798620996209155, 'generation': 2}"
"{'id': 106, 'rank': 1, 'fitness': 0.9820137900379085, 'generation': 3}","{'id': 119, 'rank': 2, 'fitness': 0.9812791306576312, 'generation': 3}","{'id': 119, 'rank': 3, 'fitness': 0.9812791306576312, 'generation': 3}","{'id': 120, 'rank': 4, 'fitness': 0.9801674422926856, 'generation': 3}","{'id': 120, 'rank': 5, 'fitness': 0.9801674422926856, 'generation': 3}","{'id': 108, 'rank': 6, 'fitness': 0.9775239280936385, 'generation': 3}","{'id': 108, 'rank': 7, 'fitness': 0.9775239280936385, 'generation': 3}","{'id': 130, 'rank': 8, 'fitness': 0.9765301514169514, 'generation': 3}","{'id': 130, 'rank': 9, 'fitness': 0.9765301514169514, 'generation': 3}","{'id': 129, 'rank': 10, 'fitness': 0.9761810610028692, 'generation': 3}","{'id': 78, 'rank': 11, 'fitness': 0.9761571529756234, 'generation': 3}","{'id': 78, 'rank': 12, 'fitness': 0.9761571529756234, 'generation': 3}","{'id': 113, 'rank': 13, 'fitness': 0.9747471381797912, 'generation': 3}","{'id': 107, 'rank': 14, 'fitness': 0.9729686615492257, 'generation': 3}","{'id': 110, 'rank': 15, 'fitness': 0.9683769829778799, 'generation': 3}","{'id': 110, 'rank': 16, 'fitness': 0.9683769829778799, 'generation': 3}","{'id': 131, 'rank': 17, 'fitness': 0.967963840943809, 'generation': 3}","{'id': 26, 'rank': 18, 'fitness': 0.9632505904106405, 'generation': 3}","{'id': 94, 'rank': 19, 'fitness': 0.9611140849931487, 'generation': 3}","{'id': 94, 'rank': 20, 'fitness': 0.9611140849931487, 'generation': 3}","{'id': 8, 'rank': 21, 'fitness': 0.889108409875649, 'generation': 3}","{'id': 8, 'rank': 22, 'fitness': 0.889108409875649, 'generation': 3}","{'id': 17, 'rank': 23, 'fitness': 0.8237848335814493, 'generation': 3}","{'id': 36, 'rank': 24, 'fitness': 0.808684462474017, 'generation': 3}","{'id': 67, 'rank': 25, 'fitness': 0.6052129997666562, 'generation': 3}","{'id': 4, 'rank': 26, 'fitness': 0.39897245625760813, 'generation': 3}","{'id': 56, 'rank': 27, 'fitness': 0.30965896300198154, 'generation': 3}","{'id': 146, 'rank': 28, 'fitness': 0.1150214710954372, 'generation': 3}","{'id': 126, 'rank': 29, 'fitness': 0.09179507663336661, 'generation': 3}","{'id': 143, 'rank': 30, 'fitness': 0.01798620996209155, 'generation': 3}"
"{'id': 207, 'rank': 1, 'fitness': 0.9820137900379085, 'generation': 4}","{'id': 207, 'rank': 2, 'fitness': 0.9820137900379085, 'generation': 4}","{'id': 180, 'rank': 3, 'fitness': 0.9789780832534092, 'generation': 4}","{'id': 200, 'rank': 4, 'fitness': 0.978691485160415, 'generation': 4}","{'id': 221, 'rank': 5, 'fitness': 0.9775353953143442, 'generation': 4}","{'id': 219, 'rank': 6, 'fitness': 0.9770100619853336, 'generation': 4}","{'id': 106, 'rank': 7, 'fitness': 0.9760198316327091, 'generation': 4}","{'id': 209, 'rank': 8, 'fitness': 0.974941459765561, 'generation': 4}","{'id': 209, 'rank': 9, 'fitness': 0.974941459765561, 'generation': 4}","{'id': 216, 'rank': 10, 'fitness': 0.9728697908378957, 'generation': 4}","{'id': 206, 'rank': 11, 'fitness': 0.9726050408969775, 'generation': 4}","{'id': 187, 'rank': 12, 'fitness': 0.9722060822071421, 'generation': 4}","{'id': 169, 'rank': 13, 'fitness': 0.9719197277772031, 'generation': 4}","{'id': 210, 'rank': 14, 'fitness': 0.9712094547927157, 'generation': 4}","{'id': 183, 'rank': 15, 'fitness': 0.9709696071627492, 'generation': 4}","{'id': 227, 'rank': 16, 'fitness': 0.9699902345192086, 'generation': 4}","{'id': 227, 'rank': 17, 'fitness': 0.9699902345192086, 'generation': 4}","{'id': 228, 'rank': 18, 'fitness': 0.9694132444782494, 'generation': 4}","{'id': 108, 'rank': 19, 'fitness': 0.9622927554950428, 'generation': 4}","{'id': 163, 'rank': 20, 'fitness': 0.9606977592098929, 'generation': 4}","{'id': 222, 'rank': 21, 'fitness': 0.9552359590729486, 'generation': 4}","{'id': 113, 'rank': 22, 'fitness': 0.9523268421761022, 'generation': 4}","{'id': 181, 'rank': 23, 'fitness': 0.9472491176304072, 'generation': 4}","{'id': 191, 'rank': 24, 'fitness': 0.9139576345572736, 'generation': 4}","{'id': 233, 'rank': 25, 'fitness': 0.910979198829555, 'generation': 4}","{'id': 233, 'rank': 26, 'fitness': 0.910979198829555, 'generation': 4}","{'id': 172, 'rank': 27, 'fitness': 0.8936048424300599, 'generation': 4}","{'id': 94, 'rank': 28, 'fitness': 0.8889041904188277, 'generation': 4}","{'id': 153, 'rank': 29, 'fitness': 0.047783680567671294, 'generation': 4}","{'id': 157, 'rank': 30, 'fitness': 0.01798620996209155, 'generation': 4}"
"{'id': 207, 'rank': 1, 'fitness': 0.9820137900379085, 'generation': 5}","{'id': 207, 'rank': 2, 'fitness': 0.9820137900379085, 'generation': 5}","{'id': 207, 'rank': 3, 'fitness': 0.9820137900379085, 'generation': 5}","{'id': 275, 'rank': 4, 'fitness': 0.9792904107725189, 'generation': 5}","{'id': 277, 'rank': 5, 'fitness': 0.9657568425449072, 'generation': 5}","{'id': 219, 'rank': 6, 'fitness': 0.9428286910748688, 'generation': 5}","{'id': 246, 'rank': 7, 'fitness': 0.9375348951041007, 'generation': 5}","{'id': 209, 'rank': 8, 'fitness': 0.9153703836137089, 'generation': 5}","{'id': 270, 'rank': 9, 'fitness': 0.9042979221947833, 'generation': 5}","{'id': 264, 'rank': 10, 'fitness': 0.8958904008530835, 'generation': 5}","{'id': 279, 'rank': 11, 'fitness': 0.892538428536258, 'generation': 5}","{'id': 279, 'rank': 12, 'fitness': 0.892538428536258, 'generation': 5}","{'id': 306, 'rank': 13, 'fitness': 0.8811512414210486, 'generation': 5}","{'id': 216, 'rank': 14, 'fitness': 0.879886042039393, 'generation': 5}","{'id': 241, 'rank': 15, 'fitness': 0.8649410559422721, 'generation': 5}","{'id': 265, 'rank': 16, 'fitness': 0.8596468329165621, 'generation': 5}","{'id': 210, 'rank': 17, 'fitness': 0.8454540545629452, 'generation': 5}","{'id': 282, 'rank': 18, 'fitness': 0.8142231543488718, 'generation': 5}","{'id': 228, 'rank': 19, 'fitness': 0.8024018894236209, 'generation': 5}","{'id': 259, 'rank': 20, 'fitness': 0.6918326640671408, 'generation': 5}","{'id': 259, 'rank': 21, 'fitness': 0.6918326640671408, 'generation': 5}","{'id': 259, 'rank': 22, 'fitness': 0.6918326640671408, 'generation': 5}","{'id': 313, 'rank': 23, 'fitness': 0.45890446428097886, 'generation': 5}","{'id': 240, 'rank': 24, 'fitness': 0.34897250634654997, 'generation': 5}","{'id': 240, 'rank': 25, 'fitness': 0.34897250634654997, 'generation': 5}","{'id': 113, 'rank': 26, 'fitness': 0.30915722572310084, 'generation': 5}","{'id': 303, 'rank': 27, 'fitness': 0.19113706724771862, 'generation': 5}","{'id': 324, 'rank': 28, 'fitness': 0.18630754454429393, 'generation': 5}","{'id': 191, 'rank': 29, 'fitness': 0.021419355207608903, 'generation': 5}","{'id': 233, 'rank': 30, 'fitness': 0.01798620996209155, 'generation': 5}"
"{'id': 387, 'rank': 1, 'fitness': 0.9820137900379085, 'generation': 6}","{'id': 357, 'rank': 2, 'fitness': 0.9222448748414038, 'generation': 6}","{'id': 357, 'rank': 3, 'fitness': 0.9222448748414038, 'generation': 6}","{'id': 369, 'rank': 4, 'fitness': 0.9140569776940952, 'generation': 6}","{'id': 343, 'rank': 5, 'fitness': 0.9055085977544599, 'generation': 6}","{'id': 207, 'rank': 6, 'fitness': 0.8971860103270516, 'generation': 6}","{'id': 275, 'rank': 7, 'fitness': 0.8956575288025881, 'generation': 6}","{'id': 360, 'rank': 8, 'fitness': 0.8947093239160169, 'generation': 6}","{'id': 390, 'rank': 9, 'fitness': 0.893961113973849, 'generation': 6}","{'id': 367, 'rank': 10, 'fitness': 0.8902891002087141, 'generation': 6}","{'id': 277, 'rank': 11, 'fitness': 0.8899962746268225, 'generation': 6}","{'id': 344, 'rank': 12, 'fitness': 0.8859412831754802, 'generation': 6}","{'id': 352, 'rank': 13, 'fitness': 0.8843262579430247, 'generation': 6}","{'id': 219, 'rank': 14, 'fitness': 0.883835202665463, 'generation': 6}","{'id': 368, 'rank': 15, 'fitness': 0.8753236910970688, 'generation': 6}","{'id': 306, 'rank': 16, 'fitness': 0.8741014077579369, 'generation': 6}","{'id': 216, 'rank': 17, 'fitness': 0.8739497891183808, 'generation': 6}","{'id': 241, 'rank': 18, 'fitness': 0.8722446723243686, 'generation': 6}","{'id': 241, 'rank': 19, 'fitness': 0.8722446723243686, 'generation': 6}","{'id': 210, 'rank': 20, 'fitness': 0.8702206209723795, 'generation': 6}","{'id': 210, 'rank': 21, 'fitness': 0.8702206209723795, 'generation': 6}","{'id': 228, 'rank': 22, 'fitness': 0.8663179303110627, 'generation': 6}","{'id': 259, 'rank': 23, 'fitness': 0.8582613619501758, 'generation': 6}","{'id': 313, 'rank': 24, 'fitness': 0.8441529953692783, 'generation': 6}","{'id': 240, 'rank': 25, 'fitness': 0.8371159185981686, 'generation': 6}","{'id': 240, 'rank': 26, 'fitness': 0.8371159185981686, 'generation': 6}","{'id': 333, 'rank': 27, 'fitness': 0.743330189741281, 'generation': 6}","{'id': 332, 'rank': 28, 'fitness': 0.7400666036575683, 'generation': 6}","{'id': 341, 'rank': 29, 'fitness': 0.5938992178422811, 'generation': 6}","{'id': 370, 'rank': 30, 'fitness': 0.01798620996209155, 'generation': 6}"
"{'id': 408, 'rank': 1, 'fitness': 0.9820137900379085, 'generation': 7}","{'id': 424, 'rank': 2, 'fitness': 0.9652098762090792, 'generation': 7}","{'id': 409, 'rank': 3, 'fitness': 0.9617448768673404, 'generation': 7}","{'id': 369, 'rank': 4, 'fitness': 0.9380518935648475, 'generation': 7}","{'id': 448, 'rank': 5, 'fitness': 0.9347399748466463, 'generation': 7}","{'id': 416, 'rank': 6, 'fitness': 0.9309237486277303, 'generation': 7}","{'id': 411, 'rank': 7, 'fitness': 0.928261426251344, 'generation': 7}","{'id': 343, 'rank': 8, 'fitness': 0.9278205815630545, 'generation': 7}","{'id': 449, 'rank': 9, 'fitness': 0.9265280496889134, 'generation': 7}","{'id': 449, 'rank': 10, 'fitness': 0.9265280496889134, 'generation': 7}","{'id': 396, 'rank': 11, 'fitness': 0.9188850697599054, 'generation': 7}","{'id': 207, 'rank': 12, 'fitness': 0.9173201366520125, 'generation': 7}","{'id': 451, 'rank': 13, 'fitness': 0.9047403766307469, 'generation': 7}","{'id': 344, 'rank': 14, 'fitness': 0.9023403651401812, 'generation': 7}","{'id': 219, 'rank': 15, 'fitness': 0.8994385637563773, 'generation': 7}","{'id': 433, 'rank': 16, 'fitness': 0.8885398612678176, 'generation': 7}","{'id': 368, 'rank': 17, 'fitness': 0.8874185394073398, 'generation': 7}","{'id': 306, 'rank': 18, 'fitness': 0.8856550503610644, 'generation': 7}","{'id': 241, 'rank': 19, 'fitness': 0.8829587723672496, 'generation': 7}","{'id': 210, 'rank': 20, 'fitness': 0.8799959290079074, 'generation': 7}","{'id': 453, 'rank': 21, 'fitness': 0.8279944121548792, 'generation': 7}","{'id': 465, 'rank': 22, 'fitness': 0.7898715869995974, 'generation': 7}","{'id': 458, 'rank': 23, 'fitness': 0.759606920460506, 'generation': 7}","{'id': 405, 'rank': 24, 'fitness': 0.7591194323119766, 'generation': 7}","{'id': 446, 'rank': 25, 'fitness': 0.6999259510220293, 'generation': 7}","{'id': 454, 'rank': 26, 'fitness': 0.27214294536288863, 'generation': 7}","{'id': 467, 'rank': 27, 'fitness': 0.1696658106636496, 'generation': 7}","{'id': 399, 'rank': 28, 'fitness': 0.1245682232478556, 'generation': 7}","{'id': 441, 'rank': 29, 'fitness': 0.05181111790274945, 'generation': 7}","{'id': 468, 'rank': 30, 'fitness': 0.01798620996209155, 'generation': 7}"
"{'id': 505, 'rank': 1, 'fitness': 0.9820137900379085, 'generation': 8}","{'id': 505, 'rank': 2, 'fitness': 0.9820137900379085, 'generation': 8}","{'id': 479, 'rank': 3, 'fitness': 0.9216935377418368, 'generation': 8}","{'id': 520, 'rank': 4, 'fitness': 0.9194299163304662, 'generation': 8}","{'id': 482, 'rank': 5, 'fitness': 0.9154388088936335, 'generation': 8}","{'id': 424, 'rank': 6, 'fitness': 0.8962333252570047, 'generation': 8}","{'id': 526, 'rank': 7, 'fitness': 0.8736736029759539, 'generation': 8}","{'id': 478, 'rank': 8, 'fitness': 0.8695688117886796, 'generation': 8}","{'id': 409, 'rank': 9, 'fitness': 0.866104720077115, 'generation': 8}","{'id': 513, 'rank': 10, 'fitness': 0.8568714177350244, 'generation': 8}","{'id': 523, 'rank': 11, 'fitness': 0.8319649126222195, 'generation': 8}","{'id': 523, 'rank': 12, 'fitness': 0.8319649126222195, 'generation': 8}","{'id': 480, 'rank': 13, 'fitness': 0.667085547329016, 'generation': 8}","{'id': 480, 'rank': 14, 'fitness': 0.667085547329016, 'generation': 8}","{'id': 534, 'rank': 15, 'fitness': 0.6547031692329971, 'generation': 8}","{'id': 448, 'rank': 16, 'fitness': 0.5538852563131873, 'generation': 8}","{'id': 416, 'rank': 17, 'fitness': 0.5094091106734122, 'generation': 8}","{'id': 416, 'rank': 18, 'fitness': 0.5094091106734122, 'generation': 8}","{'id': 501, 'rank': 19, 'fitness': 0.5061898725869435, 'generation': 8}","{'id': 343, 'rank': 20, 'fitness': 0.47475076688241313, 'generation': 8}","{'id': 207, 'rank': 21, 'fitness': 0.36982611353090367, 'generation': 8}","{'id': 207, 'rank': 22, 'fitness': 0.36982611353090367, 'generation': 8}","{'id': 535, 'rank': 23, 'fitness': 0.3594493451402829, 'generation': 8}","{'id': 525, 'rank': 24, 'fitness': 0.2576669804593599, 'generation': 8}","{'id': 500, 'rank': 25, 'fitness': 0.15323626810227203, 'generation': 8}","{'id': 522, 'rank': 26, 'fitness': 0.0419524753279964, 'generation': 8}","{'id': 522, 'rank': 27, 'fitness': 0.0419524753279964, 'generation': 8}","{'id': 465, 'rank': 28, 'fitness': 0.02392966807970065, 'generation': 8}","{'id': 465, 'rank': 29, 'fitness': 0.02392966807970065, 'generation': 8}","{'id': 515, 'rank': 30, 'fitness': 0.01798620996209155, 'generation': 8}"
"{'id': 575, 'rank': 1, 'fitness': 0.9820137900379085, 'generation': 9}","{'id': 505, 'rank': 2, 'fitness': 0.981829296268675, 'generation': 9}","{'id': 586, 'rank': 3, 'fitness': 0.9813412853035681, 'generation': 9}","{'id': 586, 'rank': 4, 'fitness': 0.9813412853035681, 'generation': 9}","{'id': 562, 'rank': 5, 'fitness': 0.9809063868057477, 'generation': 9}","{'id': 587, 'rank': 6, 'fitness': 0.9803250387146345, 'generation': 9}","{'id': 479, 'rank': 7, 'fitness': 0.98027125671531, 'generation': 9}","{'id': 479, 'rank': 8, 'fitness': 0.98027125671531, 'generation': 9}","{'id': 424, 'rank': 9, 'fitness': 0.979941451875257, 'generation': 9}","{'id': 526, 'rank': 10, 'fitness': 0.9797013512364684, 'generation': 9}","{'id': 526, 'rank': 11, 'fitness': 0.9797013512364684, 'generation': 9}","{'id': 593, 'rank': 12, 'fitness': 0.9794180584003531, 'generation': 9}","{'id': 523, 'rank': 13, 'fitness': 0.9793349267205957, 'generation': 9}","{'id': 523, 'rank': 14, 'fitness': 0.9793349267205957, 'generation': 9}","{'id': 480, 'rank': 15, 'fitness': 0.9783104014126387, 'generation': 9}","{'id': 534, 'rank': 16, 'fitness': 0.9782462346972483, 'generation': 9}","{'id': 550, 'rank': 17, 'fitness': 0.9778202987160978, 'generation': 9}","{'id': 448, 'rank': 18, 'fitness': 0.9777483559794663, 'generation': 9}","{'id': 416, 'rank': 19, 'fitness': 0.9775348445694643, 'generation': 9}","{'id': 501, 'rank': 20, 'fitness': 0.9775193817397436, 'generation': 9}","{'id': 535, 'rank': 21, 'fitness': 0.9767843164628932, 'generation': 9}","{'id': 525, 'rank': 22, 'fitness': 0.976181498035731, 'generation': 9}","{'id': 560, 'rank': 23, 'fitness': 0.974049943385783, 'generation': 9}","{'id': 465, 'rank': 24, 'fitness': 0.9725712283833944, 'generation': 9}","{'id': 465, 'rank': 25, 'fitness': 0.9725712283833944, 'generation': 9}","{'id': 568, 'rank': 26, 'fitness': 0.9544621420740373, 'generation': 9}","{'id': 547, 'rank': 27, 'fitness': 0.947453357470846, 'generation': 9}","{'id': 567, 'rank': 28, 'fitness': 0.9440802473330049, 'generation': 9}","{'id': 585, 'rank': 29, 'fitness': 0.39879812380445656, 'generation': 9}","{'id': 579, 'rank': 30, 'fitness': 0.01798620996209155, 'generation': 9}"
"{'id': 595, 'rank': 1, 'fitness': 0.9820137900379085, 'generation': 10}","{'id': 666, 'rank': 2, 'fitness': 0.9780540097464792, 'generation': 10}","{'id': 505, 'rank': 3, 'fitness': 0.9746908835301946, 'generation': 10}","{'id': 671, 'rank': 4, 'fitness': 0.9726177016308812, 'generation': 10}","{'id': 586, 'rank': 5, 'fitness': 0.968714657013723, 'generation': 10}","{'id': 586, 'rank': 6, 'fitness': 0.968714657013723, 'generation': 10}","{'id': 597, 'rank': 7, 'fitness': 0.9643504797183822, 'generation': 10}","{'id': 597, 'rank': 8, 'fitness': 0.9643504797183822, 'generation': 10}","{'id': 562, 'rank': 9, 'fitness': 0.9624240685019704, 'generation': 10}","{'id': 562, 'rank': 10, 'fitness': 0.9624240685019704, 'generation': 10}","{'id': 638, 'rank': 11, 'fitness': 0.9611829968691048, 'generation': 10}","{'id': 658, 'rank': 12, 'fitness': 0.9576757055399903, 'generation': 10}","{'id': 587, 'rank': 13, 'fitness': 0.9523924178323051, 'generation': 10}","{'id': 636, 'rank': 14, 'fitness': 0.9523656938986187, 'generation': 10}","{'id': 669, 'rank': 15, 'fitness': 0.9517604446658818, 'generation': 10}","{'id': 669, 'rank': 16, 'fitness': 0.9517604446658818, 'generation': 10}","{'id': 669, 'rank': 17, 'fitness': 0.9517604446658818, 'generation': 10}","{'id': 479, 'rank': 18, 'fitness': 0.9513619067041521, 'generation': 10}","{'id': 667, 'rank': 19, 'fitness': 0.9475498174744557, 'generation': 10}","{'id': 622, 'rank': 20, 'fitness': 0.9457428136178581, 'generation': 10}","{'id': 622, 'rank': 21, 'fitness': 0.9457428136178581, 'generation': 10}","{'id': 631, 'rank': 22, 'fitness': 0.94191643216442, 'generation': 10}","{'id': 624, 'rank': 23, 'fitness': 0.9411483800127953, 'generation': 10}","{'id': 523, 'rank': 24, 'fitness': 0.9302898923810472, 'generation': 10}","{'id': 523, 'rank': 25, 'fitness': 0.9302898923810472, 'generation': 10}","{'id': 607, 'rank': 26, 'fitness': 0.9001887319736304, 'generation': 10}","{'id': 603, 'rank': 27, 'fitness': 0.8987584292368083, 'generation': 10}","{'id': 656, 'rank': 28, 'fitness': 0.8775003126453316, 'generation': 10}","{'id': 680, 'rank': 29, 'fitness': 0.03823251908166464, 'generation': 10}","{'id': 568, 'rank': 30, 'fitness': 0.01798620996209155, 'generation': 10}"
"{'id': 765, 'rank': 1, 'fitness': 0.9820137900379085, 'generation': 11}","{'id': 707, 'rank': 2, 'fitness': 0.9649220022247831, 'generation': 11}","{'id': 595, 'rank': 3, 'fitness': 0.8477931635775745, 'generation': 11}","{'id': 595, 'rank': 4, 'fitness': 0.8477931635775745, 'generation': 11}","{'id': 710, 'rank': 5, 'fitness': 0.8322610512535555, 'generation': 11}","{'id': 762, 'rank': 6, 'fitness': 0.8307637528690642, 'generation': 11}","{'id': 751, 'rank': 7, 'fitness': 0.818040124811869, 'generation': 11}","{'id': 755, 'rank': 8, 'fitness': 0.7781858012873657, 'generation': 11}","{'id': 752, 'rank': 9, 'fitness': 0.7708514361462337, 'generation': 11}","{'id': 709, 'rank': 10, 'fitness': 0.7255634043007321, 'generation': 11}","{'id': 709, 'rank': 11, 'fitness': 0.7255634043007321, 'generation': 11}","{'id': 709, 'rank': 12, 'fitness': 0.7255634043007321, 'generation': 11}","{'id': 709, 'rank': 13, 'fitness': 0.7255634043007321, 'generation': 11}","{'id': 689, 'rank': 14, 'fitness': 0.6993472755052951, 'generation': 11}","{'id': 689, 'rank': 15, 'fitness': 0.6993472755052951, 'generation': 11}","{'id': 743, 'rank': 16, 'fitness': 0.5132614017804951, 'generation': 11}","{'id': 597, 'rank': 17, 'fitness': 0.35301621291327434, 'generation': 11}","{'id': 562, 'rank': 18, 'fitness': 0.31291636200922035, 'generation': 11}","{'id': 562, 'rank': 19, 'fitness': 0.31291636200922035, 'generation': 11}","{'id': 761, 'rank': 20, 'fitness': 0.19212279683823386, 'generation': 11}","{'id': 587, 'rank': 21, 'fitness': 0.16742770986345384, 'generation': 11}","{'id': 479, 'rank': 22, 'fitness': 0.157308467421731, 'generation': 11}","{'id': 722, 'rank': 23, 'fitness': 0.12807476650023103, 'generation': 11}","{'id': 622, 'rank': 24, 'fitness': 0.11308027545137495, 'generation': 11}","{'id': 691, 'rank': 25, 'fitness': 0.08206067715686066, 'generation': 11}","{'id': 734, 'rank': 26, 'fitness': 0.07440159745539432, 'generation': 11}","{'id': 523, 'rank': 27, 'fitness': 0.05005919183017277, 'generation': 11}","{'id': 686, 'rank': 28, 'fitness': 0.033058536606448585, 'generation': 11}","{'id': 726, 'rank': 29, 'fitness': 0.024597445013982366, 'generation': 11}","{'id': 693, 'rank': 30, 'fitness': 0.01798620996209155, 'generation': 11}"
"{'id': 797, 'rank': 1, 'fitness': 0.9820137900379085, 'generation': 12}","{'id': 797, 'rank': 2, 'fitness': 0.9820137900379085, 'generation': 12}","{'id': 797, 'rank': 3, 'fitness': 0.9820137900379085, 'generation': 12}","{'id': 787, 'rank': 4, 'fitness': 0.9795245667912003, 'generation': 12}","{'id': 768, 'rank': 5, 'fitness': 0.9746447506603009, 'generation': 12}","{'id': 595, 'rank': 6, 'fitness': 0.968836566417832, 'generation': 12}","{'id': 595, 'rank': 7, 'fitness': 0.968836566417832, 'generation': 12}","{'id': 752, 'rank': 8, 'fitness': 0.9656902983733971, 'generation': 12}","{'id': 709, 'rank': 9, 'fitness': 0.9640811548916508, 'generation': 12}","{'id': 709, 'rank': 10, 'fitness': 0.9640811548916508, 'generation': 12}","{'id': 709, 'rank': 11, 'fitness': 0.9640811548916508, 'generation': 12}","{'id': 689, 'rank': 12, 'fitness': 0.9631965634622992, 'generation': 12}","{'id': 743, 'rank': 13, 'fitness': 0.9572487716488387, 'generation': 12}","{'id': 597, 'rank': 14, 'fitness': 0.9516046528848694, 'generation': 12}","{'id': 761, 'rank': 15, 'fitness': 0.9434804390901205, 'generation': 12}","{'id': 479, 'rank': 16, 'fitness': 0.9408800162790931, 'generation': 12}","{'id': 479, 'rank': 17, 'fitness': 0.9408800162790931, 'generation': 12}","{'id': 691, 'rank': 18, 'fitness': 0.9322680322504568, 'generation': 12}","{'id': 691, 'rank': 19, 'fitness': 0.9322680322504568, 'generation': 12}","{'id': 734, 'rank': 20, 'fitness': 0.9309325331873742, 'generation': 12}","{'id': 686, 'rank': 21, 'fitness': 0.9192744192283064, 'generation': 12}","{'id': 726, 'rank': 22, 'fitness': 0.9147073216108197, 'generation': 12}","{'id': 781, 'rank': 23, 'fitness': 0.8688400146347539, 'generation': 12}","{'id': 802, 'rank': 24, 'fitness': 0.6993461928884833, 'generation': 12}","{'id': 774, 'rank': 25, 'fitness': 0.5220282267966684, 'generation': 12}","{'id': 782, 'rank': 26, 'fitness': 0.18520040194855786, 'generation': 12}","{'id': 801, 'rank': 27, 'fitness': 0.053998560463833556, 'generation': 12}","{'id': 806, 'rank': 28, 'fitness': 0.046175682966914544, 'generation': 12}","{'id': 808, 'rank': 29, 'fitness': 0.01798620996209155, 'generation': 12}","{'id': 808, 'rank': 30, 'fitness': 0.01798620996209155, 'generation': 12}"
"{'id': 836, 'rank': 1, 'fitness': 0.9820137900379085, 'generation': 13}","{'id': 837, 'rank': 2, 'fitness': 0.972488589721852, 'generation': 13}","{'id': 837, 'rank': 3, 'fitness': 0.972488589721852, 'generation': 13}","{'id': 833, 'rank': 4, 'fitness': 0.9624010201235446, 'generation': 13}","{'id': 833, 'rank': 5, 'fitness': 0.9624010201235446, 'generation': 13}","{'id': 797, 'rank': 6, 'fitness': 0.9551660118221621, 'generation': 13}","{'id': 797, 'rank': 7, 'fitness': 0.9551660118221621, 'generation': 13}","{'id': 797, 'rank': 8, 'fitness': 0.9551660118221621, 'generation': 13}","{'id': 865, 'rank': 9, 'fitness': 0.9349878708904875, 'generation': 13}","{'id': 865, 'rank': 10, 'fitness': 0.9349878708904875, 'generation': 13}","{'id': 861, 'rank': 11, 'fitness': 0.9099706497715229, 'generation': 13}","{'id': 861, 'rank': 12, 'fitness': 0.9099706497715229, 'generation': 13}","{'id': 838, 'rank': 13, 'fitness': 0.8674584703673529, 'generation': 13}","{'id': 838, 'rank': 14, 'fitness': 0.8674584703673529, 'generation': 13}","{'id': 855, 'rank': 15, 'fitness': 0.8654204280582437, 'generation': 13}","{'id': 850, 'rank': 16, 'fitness': 0.8375128149035215, 'generation': 13}","{'id': 752, 'rank': 17, 'fitness': 0.8287578877435845, 'generation': 13}","{'id': 849, 'rank': 18, 'fitness': 0.8185621878001899, 'generation': 13}","{'id': 849, 'rank': 19, 'fitness': 0.8185621878001899, 'generation': 13}","{'id': 709, 'rank': 20, 'fitness': 0.8131482717538716, 'generation': 13}","{'id': 851, 'rank': 21, 'fitness': 0.7733433165396503, 'generation': 13}","{'id': 871, 'rank': 22, 'fitness': 0.7317375503658615, 'generation': 13}","{'id': 597, 'rank': 23, 'fitness': 0.6845106651451794, 'generation': 13}","{'id': 845, 'rank': 24, 'fitness': 0.6648384126614103, 'generation': 13}","{'id': 874, 'rank': 25, 'fitness': 0.6326156584856404, 'generation': 13}","{'id': 479, 'rank': 26, 'fitness': 0.57480865107607, 'generation': 13}","{'id': 734, 'rank': 27, 'fitness': 0.48247421285672215, 'generation': 13}","{'id': 847, 'rank': 28, 'fitness': 0.3854329922219867, 'generation': 13}","{'id': 839, 'rank': 29, 'fitness': 0.04755627565111409, 'generation': 13}","{'id': 802, 'rank': 30, 'fitness': 0.01798620996209155, 'generation': 13}"
"{'id': 903, 'rank': 1, 'fitness': 0.9820137900379085, 'generation': 14}","{'id': 903, 'rank': 2, 'fitness': 0.9820137900379085, 'generation': 14}","{'id': 907, 'rank': 3, 'fitness': 0.974988765196511, 'generation': 14}","{'id': 904, 'rank': 4, 'fitness': 0.9729370803093753, 'generation': 14}","{'id': 941, 'rank': 5, 'fitness': 0.9729023551379188, 'generation': 14}","{'id': 941, 'rank': 6, 'fitness': 0.9729023551379188, 'generation': 14}","{'id': 944, 'rank': 7, 'fitness': 0.971955394158081, 'generation': 14}","{'id': 944, 'rank': 8, 'fitness': 0.971955394158081, 'generation': 14}","{'id': 928, 'rank': 9, 'fitness': 0.9714608124909716, 'generation': 14}","{'id': 913, 'rank': 10, 'fitness': 0.9698026908932433, 'generation': 14}","{'id': 883, 'rank': 11, 'fitness': 0.968971444076121, 'generation': 14}","{'id': 883, 'rank': 12, 'fitness': 0.968971444076121, 'generation': 14}","{'id': 953, 'rank': 13, 'fitness': 0.9608567635233678, 'generation': 14}","{'id': 797, 'rank': 14, 'fitness': 0.9604810874388781, 'generation': 14}","{'id': 797, 'rank': 15, 'fitness': 0.9604810874388781, 'generation': 14}","{'id': 929, 'rank': 16, 'fitness': 0.9496505566303608, 'generation': 14}","{'id': 938, 'rank': 17, 'fitness': 0.9487396028683226, 'generation': 14}","{'id': 855, 'rank': 18, 'fitness': 0.9439909497190613, 'generation': 14}","{'id': 855, 'rank': 19, 'fitness': 0.9439909497190613, 'generation': 14}","{'id': 940, 'rank': 20, 'fitness': 0.9399003221871423, 'generation': 14}","{'id': 871, 'rank': 21, 'fitness': 0.9284107707046552, 'generation': 14}","{'id': 874, 'rank': 22, 'fitness': 0.9184864982730656, 'generation': 14}","{'id': 479, 'rank': 23, 'fitness': 0.9127766721351109, 'generation': 14}","{'id': 934, 'rank': 24, 'fitness': 0.8762104803795492, 'generation': 14}","{'id': 917, 'rank': 25, 'fitness': 0.8286502241946015, 'generation': 14}","{'id': 917, 'rank': 26, 'fitness': 0.8286502241946015, 'generation': 14}","{'id': 917, 'rank': 27, 'fitness': 0.8286502241946015, 'generation': 14}","{'id': 916, 'rank': 28, 'fitness': 0.675993278164602, 'generation': 14}","{'id': 931, 'rank': 29, 'fitness': 0.43983230791021416, 'generation': 14}","{'id': 932, 'rank': 30, 'fitness': 0.01798620996209155, 'generation': 14}"
"{'id': 982, 'rank': 1, 'fitness': 0.9820137900379085, 'generation': 15}","{'id': 903, 'rank': 2, 'fitness': 0.9791942148694963, 'generation': 15}","{'id': 1016, 'rank': 3, 'fitness': 0.9720319625082197, 'generation': 15}","{'id': 983, 'rank': 4, 'fitness': 0.9639390860211408, 'generation': 15}","{'id': 983, 'rank': 5, 'fitness': 0.9639390860211408, 'generation': 15}","{'id': 1037, 'rank': 6, 'fitness': 0.9615317207696394, 'generation': 15}","{'id': 959, 'rank': 7, 'fitness': 0.9582848343119377, 'generation': 15}","{'id': 959, 'rank': 8, 'fitness': 0.9582848343119377, 'generation': 15}","{'id': 907, 'rank': 9, 'fitness': 0.9551407992639861, 'generation': 15}","{'id': 967, 'rank': 10, 'fitness': 0.9529992479385935, 'generation': 15}","{'id': 967, 'rank': 11, 'fitness': 0.9529992479385935, 'generation': 15}","{'id': 999, 'rank': 12, 'fitness': 0.9500777413084276, 'generation': 15}","{'id': 1001, 'rank': 13, 'fitness': 0.9483447998239416, 'generation': 15}","{'id': 904, 'rank': 14, 'fitness': 0.946229356206991, 'generation': 15}","{'id': 993, 'rank': 15, 'fitness': 0.9433364289356597, 'generation': 15}","{'id': 1036, 'rank': 16, 'fitness': 0.9421284232781585, 'generation': 15}","{'id': 944, 'rank': 17, 'fitness': 0.9416674506134292, 'generation': 15}","{'id': 944, 'rank': 18, 'fitness': 0.9416674506134292, 'generation': 15}","{'id': 944, 'rank': 19, 'fitness': 0.9416674506134292, 'generation': 15}","{'id': 944, 'rank': 20, 'fitness': 0.9416674506134292, 'generation': 15}","{'id': 928, 'rank': 21, 'fitness': 0.9392968390206362, 'generation': 15}","{'id': 1014, 'rank': 22, 'fitness': 0.9326368104567515, 'generation': 15}","{'id': 956, 'rank': 23, 'fitness': 0.9122425570563764, 'generation': 15}","{'id': 989, 'rank': 24, 'fitness': 0.8974936804007265, 'generation': 15}","{'id': 966, 'rank': 25, 'fitness': 0.8972551294836196, 'generation': 15}","{'id': 797, 'rank': 26, 'fitness': 0.8750142710387754, 'generation': 15}","{'id': 940, 'rank': 27, 'fitness': 0.7126018524235143, 'generation': 15}","{'id': 940, 'rank': 28, 'fitness': 0.7126018524235143, 'generation': 15}","{'id': 1006, 'rank': 29, 'fitness': 0.5710899814315015, 'generation': 15}","{'id': 974, 'rank': 30, 'fitness': 0.01798620996209155, 'generation': 15}"
"{'id': 1040, 'rank': 1, 'fitness': 0.9820137900379085, 'generation': 16}","{'id': 1040, 'rank': 2, 'fitness': 0.9820137900379085, 'generation': 16}","{'id': 1063, 'rank': 3, 'fitness': 0.9591311813240777, 'generation': 16}","{'id': 1061, 'rank': 4, 'fitness': 0.9292149828160414, 'generation': 16}","{'id': 1081, 'rank': 5, 'fitness': 0.8824534402906175, 'generation': 16}","{'id': 1081, 'rank': 6, 'fitness': 0.8824534402906175, 'generation': 16}","{'id': 1071, 'rank': 7, 'fitness': 0.8574873402683076, 'generation': 16}","{'id': 1042, 'rank': 8, 'fitness': 0.8470661469093758, 'generation': 16}","{'id': 1045, 'rank': 9, 'fitness': 0.8164023273629155, 'generation': 16}","{'id': 1051, 'rank': 10, 'fitness': 0.7959941779337593, 'generation': 16}","{'id': 1056, 'rank': 11, 'fitness': 0.7477729940359131, 'generation': 16}","{'id': 1044, 'rank': 12, 'fitness': 0.6969923485325242, 'generation': 16}","{'id': 1102, 'rank': 13, 'fitness': 0.6794093895826261, 'generation': 16}","{'id': 1076, 'rank': 14, 'fitness': 0.6679026305865667, 'generation': 16}","{'id': 983, 'rank': 15, 'fitness': 0.5623661486003414, 'generation': 16}","{'id': 1069, 'rank': 16, 'fitness': 0.5172913823803506, 'generation': 16}","{'id': 959, 'rank': 17, 'fitness': 0.4949659205202413, 'generation': 16}","{'id': 959, 'rank': 18, 'fitness': 0.4949659205202413, 'generation': 16}","{'id': 1085, 'rank': 19, 'fitness': 0.4818368557042389, 'generation': 16}","{'id': 1093, 'rank': 20, 'fitness': 0.44410784545934934, 'generation': 16}","{'id': 967, 'rank': 21, 'fitness': 0.4394739189207592, 'generation': 16}","{'id': 1101, 'rank': 22, 'fitness': 0.4282556047567805, 'generation': 16}","{'id': 1101, 'rank': 23, 'fitness': 0.4282556047567805, 'generation': 16}","{'id': 1060, 'rank': 24, 'fitness': 0.408675677657679, 'generation': 16}","{'id': 1036, 'rank': 25, 'fitness': 0.3462046194841678, 'generation': 16}","{'id': 1089, 'rank': 26, 'fitness': 0.34315985532685966, 'generation': 16}","{'id': 1046, 'rank': 27, 'fitness': 0.2937034896496432, 'generation': 16}","{'id': 1041, 'rank': 28, 'fitness': 0.11832179905842527, 'generation': 16}","{'id': 1055, 'rank': 29, 'fitness': 0.02183154958663147, 'generation': 16}","{'id': 940, 'rank': 30, 'fitness': 0.01798620996209155, 'generation': 16}"
"{'id': 1118, 'rank': 1, 'fitness': 0.9820137900379085, 'generation': 17}","{'id': 1132, 'rank': 2, 'fitness': 0.9812471096419739, 'generation': 17}","{'id': 1040, 'rank': 3, 'fitness': 0.9788709536694404, 'generation': 17}","{'id': 1117, 'rank': 4, 'fitness': 0.9787495852821998, 'generation': 17}","{'id': 1131, 'rank': 5, 'fitness': 0.9784889818545082, 'generation': 17}","{'id': 1130, 'rank': 6, 'fitness': 0.9774634676209972, 'generation': 17}","{'id': 1130, 'rank': 7, 'fitness': 0.9774634676209972, 'generation': 17}","{'id': 1081, 'rank': 8, 'fitness': 0.9722463758439812, 'generation': 17}","{'id': 1071, 'rank': 9, 'fitness': 0.9713926863490406, 'generation': 17}","{'id': 1042, 'rank': 10, 'fitness': 0.9710667529907276, 'generation': 17}","{'id': 1056, 'rank': 11, 'fitness': 0.968487715392733, 'generation': 17}","{'id': 1056, 'rank': 12, 'fitness': 0.968487715392733, 'generation': 17}","{'id': 1102, 'rank': 13, 'fitness': 0.9670119676066249, 'generation': 17}","{'id': 1076, 'rank': 14, 'fitness': 0.9667759293753688, 'generation': 17}","{'id': 1076, 'rank': 15, 'fitness': 0.9667759293753688, 'generation': 17}","{'id': 959, 'rank': 16, 'fitness': 0.9633649209246595, 'generation': 17}","{'id': 959, 'rank': 17, 'fitness': 0.9633649209246595, 'generation': 17}","{'id': 1121, 'rank': 18, 'fitness': 0.9625828437357715, 'generation': 17}","{'id': 1093, 'rank': 19, 'fitness': 0.9623351704806022, 'generation': 17}","{'id': 1101, 'rank': 20, 'fitness': 0.9620046220884138, 'generation': 17}","{'id': 1089, 'rank': 21, 'fitness': 0.9601054118192052, 'generation': 17}","{'id': 1167, 'rank': 22, 'fitness': 0.9567896947711204, 'generation': 17}","{'id': 1041, 'rank': 23, 'fitness': 0.9520898767638974, 'generation': 17}","{'id': 1122, 'rank': 24, 'fitness': 0.9457499877907134, 'generation': 17}","{'id': 1122, 'rank': 25, 'fitness': 0.9457499877907134, 'generation': 17}","{'id': 1122, 'rank': 26, 'fitness': 0.9457499877907134, 'generation': 17}","{'id': 940, 'rank': 27, 'fitness': 0.937542424240973, 'generation': 17}","{'id': 1148, 'rank': 28, 'fitness': 0.9017960247908072, 'generation': 17}","{'id': 1161, 'rank': 29, 'fitness': 0.8109853914160834, 'generation': 17}","{'id': 1164, 'rank': 30, 'fitness': 0.01798620996209155, 'generation': 17}"
"{'id': 1195, 'rank': 1, 'fitness': 0.9820137900379085, 'generation': 18}","{'id': 1196, 'rank': 2, 'fitness': 0.9743241973151915, 'generation': 18}","{'id': 1132, 'rank': 3, 'fitness': 0.9689545415856948, 'generation': 18}","{'id': 1182, 'rank': 4, 'fitness': 0.9306278989749048, 'generation': 18}","{'id': 1130, 'rank': 5, 'fitness': 0.9040870094921354, 'generation': 18}","{'id': 1237, 'rank': 6, 'fitness': 0.890056314535605, 'generation': 18}","{'id': 1238, 'rank': 7, 'fitness': 0.8835177574553673, 'generation': 18}","{'id': 1224, 'rank': 8, 'fitness': 0.8409355716307823, 'generation': 18}","{'id': 1179, 'rank': 9, 'fitness': 0.7265201235797374, 'generation': 18}","{'id': 1179, 'rank': 10, 'fitness': 0.7265201235797374, 'generation': 18}","{'id': 1042, 'rank': 11, 'fitness': 0.6473600100461414, 'generation': 18}","{'id': 1267, 'rank': 12, 'fitness': 0.6274593723779567, 'generation': 18}","{'id': 1056, 'rank': 13, 'fitness': 0.5114228179246862, 'generation': 18}","{'id': 1216, 'rank': 14, 'fitness': 0.4855334365035572, 'generation': 18}","{'id': 1216, 'rank': 15, 'fitness': 0.4855334365035572, 'generation': 18}","{'id': 1263, 'rank': 16, 'fitness': 0.4757608590029262, 'generation': 18}","{'id': 1263, 'rank': 17, 'fitness': 0.4757608590029262, 'generation': 18}","{'id': 1256, 'rank': 18, 'fitness': 0.4419336041750381, 'generation': 18}","{'id': 1102, 'rank': 19, 'fitness': 0.43633758984891635, 'generation': 18}","{'id': 1184, 'rank': 20, 'fitness': 0.4214675993628144, 'generation': 18}","{'id': 1262, 'rank': 21, 'fitness': 0.3757858678432032, 'generation': 18}","{'id': 1227, 'rank': 22, 'fitness': 0.30898044423080134, 'generation': 18}","{'id': 1223, 'rank': 23, 'fitness': 0.2680538246039419, 'generation': 18}","{'id': 1188, 'rank': 24, 'fitness': 0.1962054926927731, 'generation': 18}","{'id': 1264, 'rank': 25, 'fitness': 0.16551053990984166, 'generation': 18}","{'id': 1167, 'rank': 26, 'fitness': 0.11444688249742763, 'generation': 18}","{'id': 1167, 'rank': 27, 'fitness': 0.11444688249742763, 'generation': 18}","{'id': 1202, 'rank': 28, 'fitness': 0.11435369262155604, 'generation': 18}","{'id': 1173, 'rank': 29, 'fitness': 0.11364957528361602, 'generation': 18}","{'id': 1207, 'rank': 30, 'fitness': 0.01798620996209155, 'generation': 18}"
"{'id': 1285, 'rank': 1, 'fitness': 0.9820137900379085, 'generation': 19}","{'id': 1285, 'rank': 2, 'fitness': 0.9820137900379085, 'generation': 19}","{'id': 1284, 'rank': 3, 'fitness': 0.9806558008689317, 'generation': 19}","{'id': 1282, 'rank': 4, 'fitness': 0.9805735230375048, 'generation': 19}","{'id': 1195, 'rank': 5, 'fitness': 0.9802914967094716, 'generation': 19}","{'id': 1283, 'rank': 6, 'fitness': 0.9793860721069584, 'generation': 19}","{'id': 1196, 'rank': 7, 'fitness': 0.9793213455796053, 'generation': 19}","{'id': 1274, 'rank': 8, 'fitness': 0.9790484648672109, 'generation': 19}","{'id': 1130, 'rank': 9, 'fitness': 0.9751568538431254, 'generation': 19}","{'id': 1237, 'rank': 10, 'fitness': 0.9746550418171466, 'generation': 19}","{'id': 1238, 'rank': 11, 'fitness': 0.9744372073559364, 'generation': 19}","{'id': 1238, 'rank': 12, 'fitness': 0.9744372073559364, 'generation': 19}","{'id': 1179, 'rank': 13, 'fitness': 0.9706677281500025, 'generation': 19}","{'id': 1179, 'rank': 14, 'fitness': 0.9706677281500025, 'generation': 19}","{'id': 1179, 'rank': 15, 'fitness': 0.9706677281500025, 'generation': 19}","{'id': 1056, 'rank': 16, 'fitness': 0.9668739682381899, 'generation': 19}","{'id': 1216, 'rank': 17, 'fitness': 0.9664238211070842, 'generation': 19}","{'id': 1216, 'rank': 18, 'fitness': 0.9664238211070842, 'generation': 19}","{'id': 1263, 'rank': 19, 'fitness': 0.9662521482894153, 'generation': 19}","{'id': 1256, 'rank': 20, 'fitness': 0.9656479079675637, 'generation': 19}","{'id': 1262, 'rank': 21, 'fitness': 0.9644006482380992, 'generation': 19}","{'id': 1297, 'rank': 22, 'fitness': 0.961802208374287, 'generation': 19}","{'id': 1264, 'rank': 23, 'fitness': 0.9588892624339784, 'generation': 19}","{'id': 1300, 'rank': 24, 'fitness': 0.9572633148589942, 'generation': 19}","{'id': 1300, 'rank': 25, 'fitness': 0.9572633148589942, 'generation': 19}","{'id': 1300, 'rank': 26, 'fitness': 0.9572633148589942, 'generation': 19}","{'id': 1167, 'rank': 27, 'fitness': 0.9565519021473089, 'generation': 19}","{'id': 1286, 'rank': 28, 'fitness': 0.8674807241298288, 'generation': 19}","{'id': 1290, 'rank': 29, 'fitness': 0.03203682642594197, 'generation': 19}","{'id': 1292, 'rank': 30, 'fitness': 0.01798620996209155, 'generation': 19}"
"{'id': 1384, 'rank': 1, 'fitness': 0.9820137900379085, 'generation': 20}","{'id': 1336, 'rank': 2, 'fitness': 0.9785438551537671, 'generation': 20}","{'id': 1336, 'rank': 3, 'fitness': 0.9785438551537671, 'generation': 20}","{'id': 1336, 'rank': 4, 'fitness': 0.9785438551537671, 'generation': 20}","{'id': 1336, 'rank': 5, 'fitness': 0.9785438551537671, 'generation': 20}","{'id': 1282, 'rank': 6, 'fitness': 0.9369371192560233, 'generation': 20}","{'id': 1356, 'rank': 7, 'fitness': 0.9356263055713383, 'generation': 20}","{'id': 1379, 'rank': 8, 'fitness': 0.9264375064467281, 'generation': 20}","{'id': 1379, 'rank': 9, 'fitness': 0.9264375064467281, 'generation': 20}","{'id': 1378, 'rank': 10, 'fitness': 0.922660354328349, 'generation': 20}","{'id': 1378, 'rank': 11, 'fitness': 0.922660354328349, 'generation': 20}","{'id': 1346, 'rank': 12, 'fitness': 0.9129298535860078, 'generation': 20}","{'id': 1342, 'rank': 13, 'fitness': 0.9096433164688054, 'generation': 20}","{'id': 1283, 'rank': 14, 'fitness': 0.895683702430268, 'generation': 20}","{'id': 1343, 'rank': 15, 'fitness': 0.8824343967505166, 'generation': 20}","{'id': 1344, 'rank': 16, 'fitness': 0.8424585501377069, 'generation': 20}","{'id': 1347, 'rank': 17, 'fitness': 0.7269508172901267, 'generation': 20}","{'id': 1345, 'rank': 18, 'fitness': 0.7144882866519917, 'generation': 20}","{'id': 1237, 'rank': 19, 'fitness': 0.5584857334556499, 'generation': 20}","{'id': 1358, 'rank': 20, 'fitness': 0.534231975217665, 'generation': 20}","{'id': 1340, 'rank': 21, 'fitness': 0.5217450432995905, 'generation': 20}","{'id': 1385, 'rank': 22, 'fitness': 0.31888196072679287, 'generation': 20}","{'id': 1179, 'rank': 23, 'fitness': 0.24500949513731068, 'generation': 20}","{'id': 1179, 'rank': 24, 'fitness': 0.24500949513731068, 'generation': 20}","{'id': 1353, 'rank': 25, 'fitness': 0.18639427793067315, 'generation': 20}","{'id': 1353, 'rank': 26, 'fitness': 0.18639427793067315, 'generation': 20}","{'id': 1365, 'rank': 27, 'fitness': 0.08118021078675819, 'generation': 20}","{'id': 1256, 'rank': 28, 'fitness': 0.0689367801161192, 'generation': 20}","{'id': 1329, 'rank': 29, 'fitness': 0.05865043671249537, 'generation': 20}","{'id': 1364, 'rank': 30, 'fitness': 0.01798620996209155, 'generation': 20}"
"{'id': 1456, 'rank': 1, 'fitness': 0.9820137900379085, 'generation': 21}","{'id': 1402, 'rank': 2, 'fitness': 0.9814942522967696, 'generation': 21}","{'id': 1336, 'rank': 3, 'fitness': 0.9807778650696247, 'generation': 21}","{'id': 1464, 'rank': 4, 'fitness': 0.9792757580390363, 'generation': 21}","{'id': 1408, 'rank': 5, 'fitness': 0.9780856350527753, 'generation': 21}","{'id': 1418, 'rank': 6, 'fitness': 0.9780546284777356, 'generation': 21}","{'id': 1418, 'rank': 7, 'fitness': 0.9780546284777356, 'generation': 21}","{'id': 1463, 'rank': 8, 'fitness': 0.9777031919821351, 'generation': 21}","{'id': 1282, 'rank': 9, 'fitness': 0.9772555993838504, 'generation': 21}","{'id': 1378, 'rank': 10, 'fitness': 0.9764961568640809, 'generation': 21}","{'id': 1405, 'rank': 11, 'fitness': 0.9763904111127131, 'generation': 21}","{'id': 1433, 'rank': 12, 'fitness': 0.9763823709327877, 'generation': 21}","{'id': 1346, 'rank': 13, 'fitness': 0.9760378035873329, 'generation': 21}","{'id': 1343, 'rank': 14, 'fitness': 0.9748102794008849, 'generation': 21}","{'id': 1344, 'rank': 15, 'fitness': 0.9735026321768749, 'generation': 21}","{'id': 1347, 'rank': 16, 'fitness': 0.9706020206007234, 'generation': 21}","{'id': 1347, 'rank': 17, 'fitness': 0.9706020206007234, 'generation': 21}","{'id': 1340, 'rank': 18, 'fitness': 0.9664400627851732, 'generation': 21}","{'id': 1340, 'rank': 19, 'fitness': 0.9664400627851732, 'generation': 21}","{'id': 1179, 'rank': 20, 'fitness': 0.9598636144947483, 'generation': 21}","{'id': 1353, 'rank': 21, 'fitness': 0.95775693958341, 'generation': 21}","{'id': 1466, 'rank': 22, 'fitness': 0.9567250619963449, 'generation': 21}","{'id': 1466, 'rank': 23, 'fitness': 0.9567250619963449, 'generation': 21}","{'id': 1459, 'rank': 24, 'fitness': 0.9550705959699528, 'generation': 21}","{'id': 1458, 'rank': 25, 'fitness': 0.9550480270631121, 'generation': 21}","{'id': 1419, 'rank': 26, 'fitness': 0.9464174571847115, 'generation': 21}","{'id': 1414, 'rank': 27, 'fitness': 0.9437390726019894, 'generation': 21}","{'id': 1417, 'rank': 28, 'fitness': 0.9316858973321116, 'generation': 21}","{'id': 1444, 'rank': 29, 'fitness': 0.133454888659509, 'generation': 21}","{'id': 1421, 'rank': 30, 'fitness': 0.01798620996209155, 'generation': 21}"
"{'id': 1549, 'rank': 1, 'fitness': 0.9820137900379085, 'generation': 22}","{'id': 1549, 'rank': 2, 'fitness': 0.9820137900379085, 'generation': 22}","{'id': 1402, 'rank': 3, 'fitness': 0.9786532697693398, 'generation': 22}","{'id': 1528, 'rank': 4, 'fitness': 0.9779787936953351, 'generation': 22}","{'id': 1548, 'rank': 5, 'fitness': 0.9766176055556232, 'generation': 22}","{'id': 1336, 'rank': 6, 'fitness': 0.9721212266560146, 'generation': 22}","{'id': 1541, 'rank': 7, 'fitness': 0.9469213917439583, 'generation': 22}","{'id': 1523, 'rank': 8, 'fitness': 0.9466907170920309, 'generation': 22}","{'id': 1543, 'rank': 9, 'fitness': 0.9358825019073203, 'generation': 22}","{'id': 1418, 'rank': 10, 'fitness': 0.930559288531938, 'generation': 22}","{'id': 1474, 'rank': 11, 'fitness': 0.9302259364009957, 'generation': 22}","{'id': 1524, 'rank': 12, 'fitness': 0.9216929410883036, 'generation': 22}","{'id': 1472, 'rank': 13, 'fitness': 0.9138803910841793, 'generation': 22}","{'id': 1282, 'rank': 14, 'fitness': 0.9118724614218026, 'generation': 22}","{'id': 1473, 'rank': 15, 'fitness': 0.8785696966026846, 'generation': 22}","{'id': 1473, 'rank': 16, 'fitness': 0.8785696966026846, 'generation': 22}","{'id': 1346, 'rank': 17, 'fitness': 0.8764434533735302, 'generation': 22}","{'id': 1500, 'rank': 18, 'fitness': 0.8726835284721011, 'generation': 22}","{'id': 1500, 'rank': 19, 'fitness': 0.8726835284721011, 'generation': 22}","{'id': 1478, 'rank': 20, 'fitness': 0.866115128146759, 'generation': 22}","{'id': 1475, 'rank': 21, 'fitness': 0.8112014715549145, 'generation': 22}","{'id': 1518, 'rank': 22, 'fitness': 0.797162514768875, 'generation': 22}","{'id': 1344, 'rank': 23, 'fitness': 0.7737898948978725, 'generation': 22}","{'id': 1344, 'rank': 24, 'fitness': 0.7737898948978725, 'generation': 22}","{'id': 1521, 'rank': 25, 'fitness': 0.6703556201526129, 'generation': 22}","{'id': 1347, 'rank': 26, 'fitness': 0.6164180435356836, 'generation': 22}","{'id': 1534, 'rank': 27, 'fitness': 0.5889487282097952, 'generation': 22}","{'id': 1536, 'rank': 28, 'fitness': 0.21255241549920767, 'generation': 22}","{'id': 1459, 'rank': 29, 'fitness': 0.06671681135712437, 'generation': 22}","{'id': 1514, 'rank': 30, 'fitness': 0.01798620996209155, 'generation': 22}"
"{'id': 1567, 'rank': 1, 'fitness': 0.9820137900379085, 'generation': 23}","{'id': 1567, 'rank': 2, 'fitness': 0.9820137900379085, 'generation': 23}","{'id': 1621, 'rank': 3, 'fitness': 0.9643442763534301, 'generation': 23}","{'id': 1602, 'rank': 4, 'fitness': 0.9612104545814031, 'generation': 23}","{'id': 1584, 'rank': 5, 'fitness': 0.9514943678416848, 'generation': 23}","{'id': 1584, 'rank': 6, 'fitness': 0.9514943678416848, 'generation': 23}","{'id': 1549, 'rank': 7, 'fitness': 0.9380771548856239, 'generation': 23}","{'id': 1528, 'rank': 8, 'fitness': 0.9274806896686391, 'generation': 23}","{'id': 1336, 'rank': 9, 'fitness': 0.9129590530655514, 'generation': 23}","{'id': 1336, 'rank': 10, 'fitness': 0.9129590530655514, 'generation': 23}","{'id': 1604, 'rank': 11, 'fitness': 0.9124720101830976, 'generation': 23}","{'id': 1624, 'rank': 12, 'fitness': 0.9102955657770752, 'generation': 23}","{'id': 1574, 'rank': 13, 'fitness': 0.9091011897121289, 'generation': 23}","{'id': 1572, 'rank': 14, 'fitness': 0.8773307602903815, 'generation': 23}","{'id': 1555, 'rank': 15, 'fitness': 0.8769214499019916, 'generation': 23}","{'id': 1543, 'rank': 16, 'fitness': 0.8370321149302933, 'generation': 23}","{'id': 1418, 'rank': 17, 'fitness': 0.8272470086135746, 'generation': 23}","{'id': 1474, 'rank': 18, 'fitness': 0.8266430553394145, 'generation': 23}","{'id': 1559, 'rank': 19, 'fitness': 0.8229188063506008, 'generation': 23}","{'id': 1561, 'rank': 20, 'fitness': 0.7481305244084095, 'generation': 23}","{'id': 1346, 'rank': 21, 'fitness': 0.7397501558642954, 'generation': 23}","{'id': 1500, 'rank': 22, 'fitness': 0.7343034266592474, 'generation': 23}","{'id': 1554, 'rank': 23, 'fitness': 0.7132079306069417, 'generation': 23}","{'id': 1475, 'rank': 24, 'fitness': 0.6533107955370184, 'generation': 23}","{'id': 1518, 'rank': 25, 'fitness': 0.6365690466319985, 'generation': 23}","{'id': 1347, 'rank': 26, 'fitness': 0.45692771380315056, 'generation': 23}","{'id': 1573, 'rank': 27, 'fitness': 0.14358114108665143, 'generation': 23}","{'id': 1580, 'rank': 28, 'fitness': 0.1303920671593095, 'generation': 23}","{'id': 1618, 'rank': 29, 'fitness': 0.055469400698730964, 'generation': 23}","{'id': 1615, 'rank': 30, 'fitness': 0.01798620996209155, 'generation': 23}"
"{'id': 1698, 'rank': 1, 'fitness': 0.9820137900379085, 'generation': 24}","{'id': 1634, 'rank': 2, 'fitness': 0.9651712035714524, 'generation': 24}","{'id': 1652, 'rank': 3, 'fitness': 0.9648771929117931, 'generation': 24}","{'id': 1567, 'rank': 4, 'fitness': 0.9599995941619057, 'generation': 24}","{'id': 1670, 'rank': 5, 'fitness': 0.9584242571181082, 'generation': 24}","{'id': 1669, 'rank': 6, 'fitness': 0.9541659201185222, 'generation': 24}","{'id': 1672, 'rank': 7, 'fitness': 0.9531901793990836, 'generation': 24}","{'id': 1672, 'rank': 8, 'fitness': 0.9531901793990836, 'generation': 24}","{'id': 1667, 'rank': 9, 'fitness': 0.9512252427051858, 'generation': 24}","{'id': 1692, 'rank': 10, 'fitness': 0.9470072620973339, 'generation': 24}","{'id': 1621, 'rank': 11, 'fitness': 0.9456611335051643, 'generation': 24}","{'id': 1584, 'rank': 12, 'fitness': 0.937596137807886, 'generation': 24}","{'id': 1584, 'rank': 13, 'fitness': 0.937596137807886, 'generation': 24}","{'id': 1549, 'rank': 14, 'fitness': 0.930309988092739, 'generation': 24}","{'id': 1671, 'rank': 15, 'fitness': 0.927136866350053, 'generation': 24}","{'id': 1604, 'rank': 16, 'fitness': 0.9183742942255434, 'generation': 24}","{'id': 1624, 'rank': 17, 'fitness': 0.9174451950892226, 'generation': 24}","{'id': 1572, 'rank': 18, 'fitness': 0.9044830414843492, 'generation': 24}","{'id': 1657, 'rank': 19, 'fitness': 0.9022033758062269, 'generation': 24}","{'id': 1640, 'rank': 20, 'fitness': 0.8876358136726534, 'generation': 24}","{'id': 1418, 'rank': 21, 'fitness': 0.8874065641344117, 'generation': 24}","{'id': 1418, 'rank': 22, 'fitness': 0.8874065641344117, 'generation': 24}","{'id': 1561, 'rank': 23, 'fitness': 0.8636584529018173, 'generation': 24}","{'id': 1636, 'rank': 24, 'fitness': 0.8363168472099247, 'generation': 24}","{'id': 1636, 'rank': 25, 'fitness': 0.8363168472099247, 'generation': 24}","{'id': 1638, 'rank': 26, 'fitness': 0.8359716435927995, 'generation': 24}","{'id': 1658, 'rank': 27, 'fitness': 0.8148280913983138, 'generation': 24}","{'id': 1662, 'rank': 28, 'fitness': 0.5725035030473307, 'generation': 24}","{'id': 1677, 'rank': 29, 'fitness': 0.10663605862901743, 'generation': 24}","{'id': 1697, 'rank': 30, 'fitness': 0.01798620996209155, 'generation': 24}"
"{'id': 1762, 'rank': 1, 'fitness': 0.9820137900379085, 'generation': 25}","{'id': 1722, 'rank': 2, 'fitness': 0.9036590676365384, 'generation': 25}","{'id': 1728, 'rank': 3, 'fitness': 0.8950122132312565, 'generation': 25}","{'id': 1755, 'rank': 4, 'fitness': 0.7866457235732609, 'generation': 25}","{'id': 1634, 'rank': 5, 'fitness': 0.6833922171296167, 'generation': 25}","{'id': 1634, 'rank': 6, 'fitness': 0.6833922171296167, 'generation': 25}","{'id': 1744, 'rank': 7, 'fitness': 0.5962395358991213, 'generation': 25}","{'id': 1717, 'rank': 8, 'fitness': 0.4534273052822746, 'generation': 25}","{'id': 1735, 'rank': 9, 'fitness': 0.40378765727226723, 'generation': 25}","{'id': 1751, 'rank': 10, 'fitness': 0.4023298597591689, 'generation': 25}","{'id': 1724, 'rank': 11, 'fitness': 0.369616542103151, 'generation': 25}","{'id': 1757, 'rank': 12, 'fitness': 0.3466399716501293, 'generation': 25}","{'id': 1584, 'rank': 13, 'fitness': 0.30635137025770565, 'generation': 25}","{'id': 1705, 'rank': 14, 'fitness': 0.2664809581641634, 'generation': 25}","{'id': 1705, 'rank': 15, 'fitness': 0.2664809581641634, 'generation': 25}","{'id': 1747, 'rank': 16, 'fitness': 0.24272910065711256, 'generation': 25}","{'id': 1709, 'rank': 17, 'fitness': 0.2264032270230703, 'generation': 25}","{'id': 1709, 'rank': 18, 'fitness': 0.2264032270230703, 'generation': 25}","{'id': 1671, 'rank': 19, 'fitness': 0.2230591877913206, 'generation': 25}","{'id': 1725, 'rank': 20, 'fitness': 0.16564867490607527, 'generation': 25}","{'id': 1788, 'rank': 21, 'fitness': 0.16257227727897894, 'generation': 25}","{'id': 1774, 'rank': 22, 'fitness': 0.11141558622738057, 'generation': 25}","{'id': 1418, 'rank': 23, 'fitness': 0.07660390038890158, 'generation': 25}","{'id': 1418, 'rank': 24, 'fitness': 0.07660390038890158, 'generation': 25}","{'id': 1749, 'rank': 25, 'fitness': 0.06962375812351596, 'generation': 25}","{'id': 1742, 'rank': 26, 'fitness': 0.0341894897852878, 'generation': 25}","{'id': 1787, 'rank': 27, 'fitness': 0.032934299277955936, 'generation': 25}","{'id': 1636, 'rank': 28, 'fitness': 0.026266943078355587, 'generation': 25}","{'id': 1743, 'rank': 29, 'fitness': 0.019020274548785576, 'generation': 25}","{'id': 1658, 'rank': 30, 'fitness': 0.01798620996209155, 'generation': 25}"
"{'id': 1722, 'rank': 1, 'fitness': 0.9820137900379085, 'generation': 26}","{'id': 1722, 'rank': 2, 'fitness': 0.9820137900379085, 'generation': 26}","{'id': 1728, 'rank': 3, 'fitness': 0.9818998003006225, 'generation': 26}","{'id': 1755, 'rank': 4, 'fitness': 0.9808691845128451, 'generation': 26}","{'id': 1634, 'rank': 5, 'fitness': 0.9801809383025724, 'generation': 26}","{'id': 1717, 'rank': 6, 'fitness': 0.9788909162797184, 'generation': 26}","{'id': 1717, 'rank': 7, 'fitness': 0.9788909162797184, 'generation': 26}","{'id': 1751, 'rank': 8, 'fitness': 0.9785982980047014, 'generation': 26}","{'id': 1584, 'rank': 9, 'fitness': 0.9779958996632518, 'generation': 26}","{'id': 1705, 'rank': 10, 'fitness': 0.9777111425373286, 'generation': 26}","{'id': 1705, 'rank': 11, 'fitness': 0.9777111425373286, 'generation': 26}","{'id': 1705, 'rank': 12, 'fitness': 0.9777111425373286, 'generation': 26}","{'id': 1747, 'rank': 13, 'fitness': 0.9775266848831636, 'generation': 26}","{'id': 1709, 'rank': 14, 'fitness': 0.977391767608919, 'generation': 26}","{'id': 1671, 'rank': 15, 'fitness': 0.9773631966334588, 'generation': 26}","{'id': 1725, 'rank': 16, 'fitness': 0.9768072322967409, 'generation': 26}","{'id': 1725, 'rank': 17, 'fitness': 0.9768072322967409, 'generation': 26}","{'id': 1725, 'rank': 18, 'fitness': 0.9768072322967409, 'generation': 26}","{'id': 1788, 'rank': 19, 'fitness': 0.9767730026884902, 'generation': 26}","{'id': 1418, 'rank': 20, 'fitness': 0.975438372220935, 'generation': 26}","{'id': 1636, 'rank': 21, 'fitness': 0.9735597190098721, 'generation': 26}","{'id': 1743, 'rank': 22, 'fitness': 0.9729813957953635, 'generation': 26}","{'id': 1743, 'rank': 23, 'fitness': 0.9729813957953635, 'generation': 26}","{'id': 1743, 'rank': 24, 'fitness': 0.9729813957953635, 'generation': 26}","{'id': 1825, 'rank': 25, 'fitness': 0.9158739204516606, 'generation': 26}","{'id': 1824, 'rank': 26, 'fitness': 0.8992956515671727, 'generation': 26}","{'id': 1824, 'rank': 27, 'fitness': 0.8992956515671727, 'generation': 26}","{'id': 1826, 'rank': 28, 'fitness': 0.33237575501165134, 'generation': 26}","{'id': 1827, 'rank': 29, 'fitness': 0.10098276572041626, 'generation': 26}","{'id': 1794, 'rank': 30, 'fitness': 0.01798620996209155, 'generation': 26}"
"{'id': 1849, 'rank': 1, 'fitness': 0.9820137900379085, 'generation': 27}","{'id': 1848, 'rank': 2, 'fitness': 0.9816103377439767, 'generation': 27}","{'id': 1722, 'rank': 3, 'fitness': 0.981060828049817, 'generation': 27}","{'id': 1855, 'rank': 4, 'fitness': 0.9809947785781361, 'generation': 27}","{'id': 1864, 'rank': 5, 'fitness': 0.9788436206154782, 'generation': 27}","{'id': 1843, 'rank': 6, 'fitness': 0.9774543823641794, 'generation': 27}","{'id': 1843, 'rank': 7, 'fitness': 0.9774543823641794, 'generation': 27}","{'id': 1851, 'rank': 8, 'fitness': 0.9774477171222908, 'generation': 27}","{'id': 1755, 'rank': 9, 'fitness': 0.976238313973664, 'generation': 27}","{'id': 1901, 'rank': 10, 'fitness': 0.9691348373048665, 'generation': 27}","{'id': 1902, 'rank': 11, 'fitness': 0.9675160738692956, 'generation': 27}","{'id': 1717, 'rank': 12, 'fitness': 0.9659531013709715, 'generation': 27}","{'id': 1905, 'rank': 13, 'fitness': 0.9657084763241367, 'generation': 27}","{'id': 1751, 'rank': 14, 'fitness': 0.9642056683691367, 'generation': 27}","{'id': 1751, 'rank': 15, 'fitness': 0.9642056683691367, 'generation': 27}","{'id': 1831, 'rank': 16, 'fitness': 0.962972367796612, 'generation': 27}","{'id': 1870, 'rank': 17, 'fitness': 0.9612563944007024, 'generation': 27}","{'id': 1883, 'rank': 18, 'fitness': 0.9585347848317578, 'generation': 27}","{'id': 1671, 'rank': 19, 'fitness': 0.9561438555113129, 'generation': 27}","{'id': 1834, 'rank': 20, 'fitness': 0.955309901960522, 'generation': 27}","{'id': 1841, 'rank': 21, 'fitness': 0.9548471000296403, 'generation': 27}","{'id': 1725, 'rank': 22, 'fitness': 0.952140193462051, 'generation': 27}","{'id': 1788, 'rank': 23, 'fitness': 0.951885881698052, 'generation': 27}","{'id': 1844, 'rank': 24, 'fitness': 0.9494263174693305, 'generation': 27}","{'id': 1861, 'rank': 25, 'fitness': 0.931136958707684, 'generation': 27}","{'id': 1868, 'rank': 26, 'fitness': 0.9259702429814075, 'generation': 27}","{'id': 1862, 'rank': 27, 'fitness': 0.9143509797563169, 'generation': 27}","{'id': 1863, 'rank': 28, 'fitness': 0.9023726283601541, 'generation': 27}","{'id': 1891, 'rank': 29, 'fitness': 0.9008914047122408, 'generation': 27}","{'id': 1876, 'rank': 30, 'fitness': 0.01798620996209155, 'generation': 27}"
"{'id': 1848, 'rank': 1, 'fitness': 0.9820137900379085, 'generation': 28}","{'id': 1987, 'rank': 2, 'fitness': 0.9789391339817637, 'generation': 28}","{'id': 1722, 'rank': 3, 'fitness': 0.978779003263609, 'generation': 28}","{'id': 1931, 'rank': 4, 'fitness': 0.977128851367413, 'generation': 28}","{'id': 1914, 'rank': 5, 'fitness': 0.9748547667530897, 'generation': 28}","{'id': 1914, 'rank': 6, 'fitness': 0.9748547667530897, 'generation': 28}","{'id': 1914, 'rank': 7, 'fitness': 0.9748547667530897, 'generation': 28}","{'id': 1914, 'rank': 8, 'fitness': 0.9748547667530897, 'generation': 28}","{'id': 1923, 'rank': 9, 'fitness': 0.9710553978718677, 'generation': 28}","{'id': 1916, 'rank': 10, 'fitness': 0.940045799275542, 'generation': 28}","{'id': 1755, 'rank': 11, 'fitness': 0.926099956591619, 'generation': 28}","{'id': 1977, 'rank': 12, 'fitness': 0.9188221407322208, 'generation': 28}","{'id': 1962, 'rank': 13, 'fitness': 0.9171774476910728, 'generation': 28}","{'id': 1929, 'rank': 14, 'fitness': 0.8587081928409104, 'generation': 28}","{'id': 1935, 'rank': 15, 'fitness': 0.7517182667107711, 'generation': 28}","{'id': 1901, 'rank': 16, 'fitness': 0.7343321858958431, 'generation': 28}","{'id': 1908, 'rank': 17, 'fitness': 0.7089934445737598, 'generation': 28}","{'id': 1948, 'rank': 18, 'fitness': 0.6727028983419241, 'generation': 28}","{'id': 1905, 'rank': 19, 'fitness': 0.5998782335673596, 'generation': 28}","{'id': 1957, 'rank': 20, 'fitness': 0.5616546186014096, 'generation': 28}","{'id': 1751, 'rank': 21, 'fitness': 0.5386875385485185, 'generation': 28}","{'id': 1831, 'rank': 22, 'fitness': 0.48935518190579874, 'generation': 28}","{'id': 1951, 'rank': 23, 'fitness': 0.39157677442308625, 'generation': 28}","{'id': 1971, 'rank': 24, 'fitness': 0.2910622974823914, 'generation': 28}","{'id': 1963, 'rank': 25, 'fitness': 0.2899989584944228, 'generation': 28}","{'id': 1725, 'rank': 26, 'fitness': 0.17524573600602678, 'generation': 28}","{'id': 1972, 'rank': 27, 'fitness': 0.09139481013807715, 'generation': 28}","{'id': 1909, 'rank': 28, 'fitness': 0.09122930327789724, 'generation': 28}","{'id': 1975, 'rank': 29, 'fitness': 0.03908881243858792, 'generation': 28}","{'id': 1910, 'rank': 30, 'fitness': 0.01798620996209155, 'generation': 28}"
"{'id': 2028, 'rank': 1, 'fitness': 0.9820137900379085, 'generation': 29}","{'id': 2015, 'rank': 2, 'fitness': 0.976246859791445, 'generation': 29}","{'id': 2015, 'rank': 3, 'fitness': 0.976246859791445, 'generation': 29}","{'id': 1991, 'rank': 4, 'fitness': 0.97479423279349, 'generation': 29}","{'id': 2044, 'rank': 5, 'fitness': 0.970962178141033, 'generation': 29}","{'id': 2049, 'rank': 6, 'fitness': 0.9635645230643666, 'generation': 29}","{'id': 1914, 'rank': 7, 'fitness': 0.9623273160754642, 'generation': 29}","{'id': 1914, 'rank': 8, 'fitness': 0.9623273160754642, 'generation': 29}","{'id': 2027, 'rank': 9, 'fitness': 0.9620047569654995, 'generation': 29}","{'id': 2042, 'rank': 10, 'fitness': 0.9601052603448839, 'generation': 29}","{'id': 2001, 'rank': 11, 'fitness': 0.9562887555309123, 'generation': 29}","{'id': 2001, 'rank': 12, 'fitness': 0.9562887555309123, 'generation': 29}","{'id': 2002, 'rank': 13, 'fitness': 0.9547129081317336, 'generation': 29}","{'id': 2053, 'rank': 14, 'fitness': 0.9546231962151686, 'generation': 29}","{'id': 1916, 'rank': 15, 'fitness': 0.9540518798183103, 'generation': 29}","{'id': 2029, 'rank': 16, 'fitness': 0.950650587597576, 'generation': 29}","{'id': 2029, 'rank': 17, 'fitness': 0.950650587597576, 'generation': 29}","{'id': 1962, 'rank': 18, 'fitness': 0.9504336799300594, 'generation': 29}","{'id': 2000, 'rank': 19, 'fitness': 0.9472754934466026, 'generation': 29}","{'id': 2043, 'rank': 20, 'fitness': 0.9450141372258645, 'generation': 29}","{'id': 2043, 'rank': 21, 'fitness': 0.9450141372258645, 'generation': 29}","{'id': 2017, 'rank': 22, 'fitness': 0.941966190764504, 'generation': 29}","{'id': 2045, 'rank': 23, 'fitness': 0.940786692498121, 'generation': 29}","{'id': 1957, 'rank': 24, 'fitness': 0.9212852907328097, 'generation': 29}","{'id': 1972, 'rank': 25, 'fitness': 0.8673222910067662, 'generation': 29}","{'id': 2013, 'rank': 26, 'fitness': 0.8603916531668973, 'generation': 29}","{'id': 2061, 'rank': 27, 'fitness': 0.8554941866401395, 'generation': 29}","{'id': 2007, 'rank': 28, 'fitness': 0.503903270654725, 'generation': 29}","{'id': 2025, 'rank': 29, 'fitness': 0.05448932062839268, 'generation': 29}","{'id': 2024, 'rank': 30, 'fitness': 0.01798620996209155, 'generation': 29}"
"{'id': 2110, 'rank': 1, 'fitness': 0.9820137900379085, 'generation': 30}","{'id': 2113, 'rank': 2, 'fitness': 0.9645250935054202, 'generation': 30}","{'id': 2113, 'rank': 3, 'fitness': 0.9645250935054202, 'generation': 30}","{'id': 2129, 'rank': 4, 'fitness': 0.9458397167004016, 'generation': 30}","{'id': 2131, 'rank': 5, 'fitness': 0.9200029212896039, 'generation': 30}","{'id': 2076, 'rank': 6, 'fitness': 0.9157505934728314, 'generation': 30}","{'id': 2076, 'rank': 7, 'fitness': 0.9157505934728314, 'generation': 30}","{'id': 2071, 'rank': 8, 'fitness': 0.8816323095244607, 'generation': 30}","{'id': 2015, 'rank': 9, 'fitness': 0.868752923683752, 'generation': 30}","{'id': 2132, 'rank': 10, 'fitness': 0.8564941761931397, 'generation': 30}","{'id': 1991, 'rank': 11, 'fitness': 0.8436015283923641, 'generation': 30}","{'id': 2044, 'rank': 12, 'fitness': 0.767793628100665, 'generation': 30}","{'id': 2109, 'rank': 13, 'fitness': 0.7453515348895343, 'generation': 30}","{'id': 2091, 'rank': 14, 'fitness': 0.7148979406522602, 'generation': 30}","{'id': 2049, 'rank': 15, 'fitness': 0.6002899373920766, 'generation': 30}","{'id': 2085, 'rank': 16, 'fitness': 0.5295205603499015, 'generation': 30}","{'id': 2085, 'rank': 17, 'fitness': 0.5295205603499015, 'generation': 30}","{'id': 2155, 'rank': 18, 'fitness': 0.5163751410707899, 'generation': 30}","{'id': 2065, 'rank': 19, 'fitness': 0.50869035604802, 'generation': 30}","{'id': 2121, 'rank': 20, 'fitness': 0.467820747703964, 'generation': 30}","{'id': 2153, 'rank': 21, 'fitness': 0.459355673767824, 'generation': 30}","{'id': 2127, 'rank': 22, 'fitness': 0.44700816401546845, 'generation': 30}","{'id': 2127, 'rank': 23, 'fitness': 0.44700816401546845, 'generation': 30}","{'id': 2001, 'rank': 24, 'fitness': 0.44242497892372723, 'generation': 30}","{'id': 2083, 'rank': 25, 'fitness': 0.36595543928971375, 'generation': 30}","{'id': 2093, 'rank': 26, 'fitness': 0.2332529102205892, 'generation': 30}","{'id': 2119, 'rank': 27, 'fitness': 0.17073472084093755, 'generation': 30}","{'id': 2107, 'rank': 28, 'fitness': 0.13819349204259684, 'generation': 30}","{'id': 2143, 'rank': 29, 'fitness': 0.1356986783199784, 'generation': 30}","{'id': 2123, 'rank': 30, 'fitness': 0.01798620996209155, 'generation': 30}"
"{'id': 2113, 'rank': 1, 'fitness': 0.9820137900379085, 'generation': 31}","{'id': 2223, 'rank': 2, 'fitness': 0.9816049758680045, 'generation': 31}","{'id': 2170, 'rank': 3, 'fitness': 0.981551870762547, 'generation': 31}","{'id': 2169, 'rank': 4, 'fitness': 0.9812602665144615, 'generation': 31}","{'id': 2076, 'rank': 5, 'fitness': 0.9806755229237148, 'generation': 31}","{'id': 2076, 'rank': 6, 'fitness': 0.9806755229237148, 'generation': 31}","{'id': 2076, 'rank': 7, 'fitness': 0.9806755229237148, 'generation': 31}","{'id': 2224, 'rank': 8, 'fitness': 0.9803243890393496, 'generation': 31}","{'id': 2071, 'rank': 9, 'fitness': 0.9800958063147547, 'generation': 31}","{'id': 2015, 'rank': 10, 'fitness': 0.9799113598246836, 'generation': 31}","{'id': 2132, 'rank': 11, 'fitness': 0.979748195588956, 'generation': 31}","{'id': 2109, 'rank': 12, 'fitness': 0.9785892797426796, 'generation': 31}","{'id': 2109, 'rank': 13, 'fitness': 0.9785892797426796, 'generation': 31}","{'id': 2049, 'rank': 14, 'fitness': 0.9774451989072241, 'generation': 31}","{'id': 2049, 'rank': 15, 'fitness': 0.9774451989072241, 'generation': 31}","{'id': 2049, 'rank': 16, 'fitness': 0.9774451989072241, 'generation': 31}","{'id': 2049, 'rank': 17, 'fitness': 0.9774451989072241, 'generation': 31}","{'id': 2085, 'rank': 18, 'fitness': 0.9769323507436796, 'generation': 31}","{'id': 2155, 'rank': 19, 'fitness': 0.9768374394699313, 'generation': 31}","{'id': 2121, 'rank': 20, 'fitness': 0.976483958388628, 'generation': 31}","{'id': 2127, 'rank': 21, 'fitness': 0.9763298483794951, 'generation': 31}","{'id': 2127, 'rank': 22, 'fitness': 0.9763298483794951, 'generation': 31}","{'id': 2001, 'rank': 23, 'fitness': 0.9762956126070601, 'generation': 31}","{'id': 2107, 'rank': 24, 'fitness': 0.973157503529529, 'generation': 31}","{'id': 2201, 'rank': 25, 'fitness': 0.9666871813977296, 'generation': 31}","{'id': 2203, 'rank': 26, 'fitness': 0.9391330135265692, 'generation': 31}","{'id': 2207, 'rank': 27, 'fitness': 0.9356487792986075, 'generation': 31}","{'id': 2181, 'rank': 28, 'fitness': 0.6250957355473206, 'generation': 31}","{'id': 2215, 'rank': 29, 'fitness': 0.17340923402303582, 'generation': 31}","{'id': 2177, 'rank': 30, 'fitness': 0.01798620996209155, 'generation': 31}"
"{'id': 2279, 'rank': 1, 'fitness': 0.9820137900379085, 'generation': 32}","{'id': 2255, 'rank': 2, 'fitness': 0.9793586948800413, 'generation': 32}","{'id': 2113, 'rank': 3, 'fitness': 0.9783464362323206, 'generation': 32}","{'id': 2223, 'rank': 4, 'fitness': 0.9744222350438199, 'generation': 32}","{'id': 2223, 'rank': 5, 'fitness': 0.9744222350438199, 'generation': 32}","{'id': 2277, 'rank': 6, 'fitness': 0.9739474237586947, 'generation': 32}","{'id': 2294, 'rank': 7, 'fitness': 0.9735930387116078, 'generation': 32}","{'id': 2308, 'rank': 8, 'fitness': 0.968683051602842, 'generation': 32}","{'id': 2308, 'rank': 9, 'fitness': 0.968683051602842, 'generation': 32}","{'id': 2263, 'rank': 10, 'fitness': 0.9639899127249594, 'generation': 32}","{'id': 2076, 'rank': 11, 'fitness': 0.9632354554446272, 'generation': 32}","{'id': 2265, 'rank': 12, 'fitness': 0.9628317498768324, 'generation': 32}","{'id': 2265, 'rank': 13, 'fitness': 0.9628317498768324, 'generation': 32}","{'id': 2249, 'rank': 14, 'fitness': 0.9551808843889414, 'generation': 32}","{'id': 2132, 'rank': 15, 'fitness': 0.9483118972045297, 'generation': 32}","{'id': 2261, 'rank': 16, 'fitness': 0.9468475628021873, 'generation': 32}","{'id': 2259, 'rank': 17, 'fitness': 0.9464223905990068, 'generation': 32}","{'id': 2280, 'rank': 18, 'fitness': 0.9421212639020826, 'generation': 32}","{'id': 2260, 'rank': 19, 'fitness': 0.9390937728972393, 'generation': 32}","{'id': 2245, 'rank': 20, 'fitness': 0.9246549558639328, 'generation': 32}","{'id': 2109, 'rank': 21, 'fitness': 0.9231531313573698, 'generation': 32}","{'id': 2226, 'rank': 22, 'fitness': 0.920012054070916, 'generation': 32}","{'id': 2228, 'rank': 23, 'fitness': 0.8990827595536852, 'generation': 32}","{'id': 2049, 'rank': 24, 'fitness': 0.8898657445764848, 'generation': 32}","{'id': 2289, 'rank': 25, 'fitness': 0.8814821905599147, 'generation': 32}","{'id': 2229, 'rank': 26, 'fitness': 0.8487713258053322, 'generation': 32}","{'id': 2266, 'rank': 27, 'fitness': 0.7536601085287932, 'generation': 32}","{'id': 2233, 'rank': 28, 'fitness': 0.7152193328630239, 'generation': 32}","{'id': 2293, 'rank': 29, 'fitness': 0.6703581382965145, 'generation': 32}","{'id': 2307, 'rank': 30, 'fitness': 0.01798620996209155, 'generation': 32}"
"{'id': 2371, 'rank': 1, 'fitness': 0.9820137900379085, 'generation': 33}","{'id': 2353, 'rank': 2, 'fitness': 0.856138677795851, 'generation': 33}","{'id': 2351, 'rank': 3, 'fitness': 0.8397481036797948, 'generation': 33}","{'id': 2113, 'rank': 4, 'fitness': 0.837712336557885, 'generation': 33}","{'id': 2390, 'rank': 5, 'fitness': 0.8131749521932032, 'generation': 33}","{'id': 2277, 'rank': 6, 'fitness': 0.7995173937270807, 'generation': 33}","{'id': 2392, 'rank': 7, 'fitness': 0.7598016867096429, 'generation': 33}","{'id': 2350, 'rank': 8, 'fitness': 0.7436518747926815, 'generation': 33}","{'id': 2382, 'rank': 9, 'fitness': 0.7109666286274319, 'generation': 33}","{'id': 2265, 'rank': 10, 'fitness': 0.7075881049016464, 'generation': 33}","{'id': 2370, 'rank': 11, 'fitness': 0.6824232911399357, 'generation': 33}","{'id': 2249, 'rank': 12, 'fitness': 0.649742114825097, 'generation': 33}","{'id': 2321, 'rank': 13, 'fitness': 0.6280310796510289, 'generation': 33}","{'id': 2385, 'rank': 14, 'fitness': 0.6066933771256631, 'generation': 33}","{'id': 2385, 'rank': 15, 'fitness': 0.6066933771256631, 'generation': 33}","{'id': 2132, 'rank': 16, 'fitness': 0.6020163281094144, 'generation': 33}","{'id': 2261, 'rank': 17, 'fitness': 0.5923578862187506, 'generation': 33}","{'id': 2318, 'rank': 18, 'fitness': 0.5471382274198572, 'generation': 33}","{'id': 2342, 'rank': 19, 'fitness': 0.5376109347767201, 'generation': 33}","{'id': 2391, 'rank': 20, 'fitness': 0.4883159323478396, 'generation': 33}","{'id': 2398, 'rank': 21, 'fitness': 0.4531628618946718, 'generation': 33}","{'id': 2049, 'rank': 22, 'fitness': 0.33114028469589685, 'generation': 33}","{'id': 2289, 'rank': 23, 'fitness': 0.30664739654121465, 'generation': 33}","{'id': 2289, 'rank': 24, 'fitness': 0.30664739654121465, 'generation': 33}","{'id': 2374, 'rank': 25, 'fitness': 0.2686377671740584, 'generation': 33}","{'id': 2374, 'rank': 26, 'fitness': 0.2686377671740584, 'generation': 33}","{'id': 2395, 'rank': 27, 'fitness': 0.24882675284911138, 'generation': 33}","{'id': 2356, 'rank': 28, 'fitness': 0.17830144727660913, 'generation': 33}","{'id': 2266, 'rank': 29, 'fitness': 0.11653428856297265, 'generation': 33}","{'id': 2317, 'rank': 30, 'fitness': 0.01798620996209155, 'generation': 33}"
"{'id': 2412, 'rank': 1, 'fitness': 0.9820137900379085, 'generation': 34}","{'id': 2371, 'rank': 2, 'fitness': 0.9814473687134958, 'generation': 34}","{'id': 2419, 'rank': 3, 'fitness': 0.9750712164863164, 'generation': 34}","{'id': 2419, 'rank': 4, 'fitness': 0.9750712164863164, 'generation': 34}","{'id': 2353, 'rank': 5, 'fitness': 0.9739432312674536, 'generation': 34}","{'id': 2353, 'rank': 6, 'fitness': 0.9739432312674536, 'generation': 34}","{'id': 2113, 'rank': 7, 'fitness': 0.9733713665852104, 'generation': 34}","{'id': 2385, 'rank': 8, 'fitness': 0.9679997985291151, 'generation': 34}","{'id': 2385, 'rank': 9, 'fitness': 0.9679997985291151, 'generation': 34}","{'id': 2342, 'rank': 10, 'fitness': 0.9665986182501396, 'generation': 34}","{'id': 2342, 'rank': 11, 'fitness': 0.9665986182501396, 'generation': 34}","{'id': 2289, 'rank': 12, 'fitness': 0.9613470449731001, 'generation': 34}","{'id': 2374, 'rank': 13, 'fitness': 0.9602509948256022, 'generation': 34}","{'id': 2374, 'rank': 14, 'fitness': 0.9602509948256022, 'generation': 34}","{'id': 2395, 'rank': 15, 'fitness': 0.9596282638211406, 'generation': 34}","{'id': 2356, 'rank': 16, 'fitness': 0.9569802549551434, 'generation': 34}","{'id': 2356, 'rank': 17, 'fitness': 0.9569802549551434, 'generation': 34}","{'id': 2423, 'rank': 18, 'fitness': 0.9137975753236663, 'generation': 34}","{'id': 2425, 'rank': 19, 'fitness': 0.7873478142642385, 'generation': 34}","{'id': 2425, 'rank': 20, 'fitness': 0.7873478142642385, 'generation': 34}","{'id': 2406, 'rank': 21, 'fitness': 0.6870072859266478, 'generation': 34}","{'id': 2407, 'rank': 22, 'fitness': 0.6685591174607491, 'generation': 34}","{'id': 2428, 'rank': 23, 'fitness': 0.5743855445714261, 'generation': 34}","{'id': 2427, 'rank': 24, 'fitness': 0.4811599480122839, 'generation': 34}","{'id': 2399, 'rank': 25, 'fitness': 0.18619592377932082, 'generation': 34}","{'id': 2439, 'rank': 26, 'fitness': 0.1853842152892291, 'generation': 34}","{'id': 2439, 'rank': 27, 'fitness': 0.1853842152892291, 'generation': 34}","{'id': 2436, 'rank': 28, 'fitness': 0.12502702972162943, 'generation': 34}","{'id': 2418, 'rank': 29, 'fitness': 0.04974015387740527, 'generation': 34}","{'id': 2401, 'rank': 30, 'fitness': 0.01798620996209155, 'generation': 34}"
"{'id': 2506, 'rank': 1, 'fitness': 0.9820137900379085, 'generation': 35}","{'id': 2507, 'rank': 2, 'fitness': 0.9810874376570191, 'generation': 35}","{'id': 2507, 'rank': 3, 'fitness': 0.9810874376570191, 'generation': 35}","{'id': 2522, 'rank': 4, 'fitness': 0.9782703806387701, 'generation': 35}","{'id': 2522, 'rank': 5, 'fitness': 0.9782703806387701, 'generation': 35}","{'id': 2504, 'rank': 6, 'fitness': 0.978265359337571, 'generation': 35}","{'id': 2484, 'rank': 7, 'fitness': 0.974390842623829, 'generation': 35}","{'id': 2419, 'rank': 8, 'fitness': 0.9742737840566899, 'generation': 35}","{'id': 2419, 'rank': 9, 'fitness': 0.9742737840566899, 'generation': 35}","{'id': 2419, 'rank': 10, 'fitness': 0.9742737840566899, 'generation': 35}","{'id': 2472, 'rank': 11, 'fitness': 0.9736659086184609, 'generation': 35}","{'id': 2353, 'rank': 12, 'fitness': 0.9731157181355785, 'generation': 35}","{'id': 2511, 'rank': 13, 'fitness': 0.9687891538707447, 'generation': 35}","{'id': 2494, 'rank': 14, 'fitness': 0.9678762726819523, 'generation': 35}","{'id': 2385, 'rank': 15, 'fitness': 0.9670183789983178, 'generation': 35}","{'id': 2385, 'rank': 16, 'fitness': 0.9670183789983178, 'generation': 35}","{'id': 2509, 'rank': 17, 'fitness': 0.9668347992538043, 'generation': 35}","{'id': 2486, 'rank': 18, 'fitness': 0.9647663991062054, 'generation': 35}","{'id': 2486, 'rank': 19, 'fitness': 0.9647663991062054, 'generation': 35}","{'id': 2501, 'rank': 20, 'fitness': 0.9621849041700519, 'generation': 35}","{'id': 2460, 'rank': 21, 'fitness': 0.9603259295684623, 'generation': 35}","{'id': 2374, 'rank': 22, 'fitness': 0.9590791879175709, 'generation': 35}","{'id': 2455, 'rank': 23, 'fitness': 0.9051234776953564, 'generation': 35}","{'id': 2456, 'rank': 24, 'fitness': 0.8872910405292014, 'generation': 35}","{'id': 2453, 'rank': 25, 'fitness': 0.8581068064605585, 'generation': 35}","{'id': 2425, 'rank': 26, 'fitness': 0.7835780498668934, 'generation': 35}","{'id': 2406, 'rank': 27, 'fitness': 0.6826542629945059, 'generation': 35}","{'id': 2515, 'rank': 28, 'fitness': 0.682187604916127, 'generation': 35}","{'id': 2466, 'rank': 29, 'fitness': 0.49359679658441946, 'generation': 35}","{'id': 2401, 'rank': 30, 'fitness': 0.01798620996209155, 'generation': 35}"
"{'id': 2545, 'rank': 1, 'fitness': 0.9820137900379085, 'generation': 36}","{'id': 2506, 'rank': 2, 'fitness': 0.9814528702728689, 'generation': 36}","{'id': 2507, 'rank': 3, 'fitness': 0.9782406670047421, 'generation': 36}","{'id': 2546, 'rank': 4, 'fitness': 0.9756963454512138, 'generation': 36}","{'id': 2572, 'rank': 5, 'fitness': 0.9746471236010179, 'generation': 36}","{'id': 2573, 'rank': 6, 'fitness': 0.9740350731552008, 'generation': 36}","{'id': 2573, 'rank': 7, 'fitness': 0.9740350731552008, 'generation': 36}","{'id': 2541, 'rank': 8, 'fitness': 0.9734662240327785, 'generation': 36}","{'id': 2575, 'rank': 9, 'fitness': 0.9677075936820014, 'generation': 36}","{'id': 2539, 'rank': 10, 'fitness': 0.966672754784015, 'generation': 36}","{'id': 2504, 'rank': 11, 'fitness': 0.9662172138942255, 'generation': 36}","{'id': 2560, 'rank': 12, 'fitness': 0.9625195615330806, 'generation': 36}","{'id': 2559, 'rank': 13, 'fitness': 0.9562024503278981, 'generation': 36}","{'id': 2600, 'rank': 14, 'fitness': 0.9560104872545245, 'generation': 36}","{'id': 2558, 'rank': 15, 'fitness': 0.9530712324842403, 'generation': 36}","{'id': 2529, 'rank': 16, 'fitness': 0.9518223571877487, 'generation': 36}","{'id': 2550, 'rank': 17, 'fitness': 0.951638561039192, 'generation': 36}","{'id': 2550, 'rank': 18, 'fitness': 0.951638561039192, 'generation': 36}","{'id': 2536, 'rank': 19, 'fitness': 0.9446167144374781, 'generation': 36}","{'id': 2596, 'rank': 20, 'fitness': 0.9435293963225623, 'generation': 36}","{'id': 2419, 'rank': 21, 'fitness': 0.9428516310136487, 'generation': 36}","{'id': 2586, 'rank': 22, 'fitness': 0.9405282449674446, 'generation': 36}","{'id': 2544, 'rank': 23, 'fitness': 0.9395429867392464, 'generation': 36}","{'id': 2566, 'rank': 24, 'fitness': 0.9369610637182391, 'generation': 36}","{'id': 2570, 'rank': 25, 'fitness': 0.9281378362856876, 'generation': 36}","{'id': 2569, 'rank': 26, 'fitness': 0.9179787938508044, 'generation': 36}","{'id': 2553, 'rank': 27, 'fitness': 0.9096876840878764, 'generation': 36}","{'id': 2494, 'rank': 28, 'fitness': 0.888422699825244, 'generation': 36}","{'id': 2543, 'rank': 29, 'fitness': 0.5350484483063177, 'generation': 36}","{'id': 2555, 'rank': 30, 'fitness': 0.01798620996209155, 'generation': 36}"
"{'id': 2506, 'rank': 1, 'fitness': 0.9820137900379085, 'generation': 37}","{'id': 2661, 'rank': 2, 'fitness': 0.9816477115805609, 'generation': 37}","{'id': 2661, 'rank': 3, 'fitness': 0.9816477115805609, 'generation': 37}","{'id': 2644, 'rank': 4, 'fitness': 0.9768026802514072, 'generation': 37}","{'id': 2644, 'rank': 5, 'fitness': 0.9768026802514072, 'generation': 37}","{'id': 2507, 'rank': 6, 'fitness': 0.9666838967109935, 'generation': 37}","{'id': 2546, 'rank': 7, 'fitness': 0.9492549978635867, 'generation': 37}","{'id': 2667, 'rank': 8, 'fitness': 0.9475956013607004, 'generation': 37}","{'id': 2572, 'rank': 9, 'fitness': 0.9405191657903378, 'generation': 37}","{'id': 2656, 'rank': 10, 'fitness': 0.9353965729171099, 'generation': 37}","{'id': 2656, 'rank': 11, 'fitness': 0.9353965729171099, 'generation': 37}","{'id': 2670, 'rank': 12, 'fitness': 0.9234595262536516, 'generation': 37}","{'id': 2659, 'rank': 13, 'fitness': 0.8215231861018102, 'generation': 37}","{'id': 2658, 'rank': 14, 'fitness': 0.8139242500170447, 'generation': 37}","{'id': 2610, 'rank': 15, 'fitness': 0.7965781842004667, 'generation': 37}","{'id': 2666, 'rank': 16, 'fitness': 0.7706322499712595, 'generation': 37}","{'id': 2666, 'rank': 17, 'fitness': 0.7706322499712595, 'generation': 37}","{'id': 2666, 'rank': 18, 'fitness': 0.7706322499712595, 'generation': 37}","{'id': 2623, 'rank': 19, 'fitness': 0.724318238910153, 'generation': 37}","{'id': 2619, 'rank': 20, 'fitness': 0.7067872672366529, 'generation': 37}","{'id': 2622, 'rank': 21, 'fitness': 0.6426241111982505, 'generation': 37}","{'id': 2684, 'rank': 22, 'fitness': 0.6363482327716707, 'generation': 37}","{'id': 2558, 'rank': 23, 'fitness': 0.5710179445322915, 'generation': 37}","{'id': 2550, 'rank': 24, 'fitness': 0.5407957590447733, 'generation': 37}","{'id': 2569, 'rank': 25, 'fitness': 0.11661680575355654, 'generation': 37}","{'id': 2637, 'rank': 26, 'fitness': 0.08220966184995815, 'generation': 37}","{'id': 2649, 'rank': 27, 'fitness': 0.03482296988038702, 'generation': 37}","{'id': 2673, 'rank': 28, 'fitness': 0.031113747472858833, 'generation': 37}","{'id': 2686, 'rank': 29, 'fitness': 0.018988902427890697, 'generation': 37}","{'id': 2630, 'rank': 30, 'fitness': 0.01798620996209155, 'generation': 37}"
"{'id': 2702, 'rank': 1, 'fitness': 0.9820137900379085, 'generation': 38}","{'id': 2702, 'rank': 2, 'fitness': 0.9820137900379085, 'generation': 38}","{'id': 2751, 'rank': 3, 'fitness': 0.9787775547707295, 'generation': 38}","{'id': 2752, 'rank': 4, 'fitness': 0.9775772701467171, 'generation': 38}","{'id': 2736, 'rank': 5, 'fitness': 0.9774831118752487, 'generation': 38}","{'id': 2753, 'rank': 6, 'fitness': 0.9769555018698398, 'generation': 38}","{'id': 2707, 'rank': 7, 'fitness': 0.9753879812385068, 'generation': 38}","{'id': 2761, 'rank': 8, 'fitness': 0.9753015674456116, 'generation': 38}","{'id': 2737, 'rank': 9, 'fitness': 0.9736332301073222, 'generation': 38}","{'id': 2735, 'rank': 10, 'fitness': 0.9717323867209808, 'generation': 38}","{'id': 2709, 'rank': 11, 'fitness': 0.9708868522875979, 'generation': 38}","{'id': 2741, 'rank': 12, 'fitness': 0.9693580006062855, 'generation': 38}","{'id': 2507, 'rank': 13, 'fitness': 0.9685961073363695, 'generation': 38}","{'id': 2656, 'rank': 14, 'fitness': 0.9647482049854796, 'generation': 38}","{'id': 2656, 'rank': 15, 'fitness': 0.9647482049854796, 'generation': 38}","{'id': 2656, 'rank': 16, 'fitness': 0.9647482049854796, 'generation': 38}","{'id': 2670, 'rank': 17, 'fitness': 0.9636655428220184, 'generation': 38}","{'id': 2701, 'rank': 18, 'fitness': 0.9624183708496559, 'generation': 38}","{'id': 2746, 'rank': 19, 'fitness': 0.9599548195338317, 'generation': 38}","{'id': 2659, 'rank': 20, 'fitness': 0.9573945370662251, 'generation': 38}","{'id': 2658, 'rank': 21, 'fitness': 0.9570353610790538, 'generation': 38}","{'id': 2666, 'rank': 22, 'fitness': 0.9551302186789288, 'generation': 38}","{'id': 2666, 'rank': 23, 'fitness': 0.9551302186789288, 'generation': 38}","{'id': 2666, 'rank': 24, 'fitness': 0.9551302186789288, 'generation': 38}","{'id': 2739, 'rank': 25, 'fitness': 0.9089741528139275, 'generation': 38}","{'id': 2649, 'rank': 26, 'fitness': 0.9070577715050692, 'generation': 38}","{'id': 2693, 'rank': 27, 'fitness': 0.7531038009723772, 'generation': 38}","{'id': 2724, 'rank': 28, 'fitness': 0.3892643183695852, 'generation': 38}","{'id': 2743, 'rank': 29, 'fitness': 0.2779025883534064, 'generation': 38}","{'id': 2726, 'rank': 30, 'fitness': 0.01798620996209155, 'generation': 38}"
"{'id': 2843, 'rank': 1, 'fitness': 0.9820137900379085, 'generation': 39}","{'id': 2843, 'rank': 2, 'fitness': 0.9820137900379085, 'generation': 39}","{'id': 2801, 'rank': 3, 'fitness': 0.9789792910457442, 'generation': 39}","{'id': 2822, 'rank': 4, 'fitness': 0.967737330206451, 'generation': 39}","{'id': 2809, 'rank': 5, 'fitness': 0.9651636289408927, 'generation': 39}","{'id': 2775, 'rank': 6, 'fitness': 0.9651573625288468, 'generation': 39}","{'id': 2775, 'rank': 7, 'fitness': 0.9651573625288468, 'generation': 39}","{'id': 2825, 'rank': 8, 'fitness': 0.9631205748409803, 'generation': 39}","{'id': 2818, 'rank': 9, 'fitness': 0.9416688651970493, 'generation': 39}","{'id': 2818, 'rank': 10, 'fitness': 0.9416688651970493, 'generation': 39}","{'id': 2818, 'rank': 11, 'fitness': 0.9416688651970493, 'generation': 39}","{'id': 2770, 'rank': 12, 'fitness': 0.9220195092961135, 'generation': 39}","{'id': 2770, 'rank': 13, 'fitness': 0.9220195092961135, 'generation': 39}","{'id': 2776, 'rank': 14, 'fitness': 0.916131853292742, 'generation': 39}","{'id': 2773, 'rank': 15, 'fitness': 0.907853019397916, 'generation': 39}","{'id': 2784, 'rank': 16, 'fitness': 0.9063340918218427, 'generation': 39}","{'id': 2803, 'rank': 17, 'fitness': 0.8967613809230361, 'generation': 39}","{'id': 2803, 'rank': 18, 'fitness': 0.8967613809230361, 'generation': 39}","{'id': 2841, 'rank': 19, 'fitness': 0.8681301113844538, 'generation': 39}","{'id': 2737, 'rank': 20, 'fitness': 0.8344053843715928, 'generation': 39}","{'id': 2821, 'rank': 21, 'fitness': 0.6193567620618323, 'generation': 39}","{'id': 2800, 'rank': 22, 'fitness': 0.5473140356056296, 'generation': 39}","{'id': 2800, 'rank': 23, 'fitness': 0.5473140356056296, 'generation': 39}","{'id': 2799, 'rank': 24, 'fitness': 0.5262246217875283, 'generation': 39}","{'id': 2701, 'rank': 25, 'fitness': 0.4329401828667478, 'generation': 39}","{'id': 2835, 'rank': 26, 'fitness': 0.3469750534646757, 'generation': 39}","{'id': 2795, 'rank': 27, 'fitness': 0.28971877387612566, 'generation': 39}","{'id': 2666, 'rank': 28, 'fitness': 0.22741980009288093, 'generation': 39}","{'id': 2792, 'rank': 29, 'fitness': 0.07846342558910419, 'generation': 39}","{'id': 2828, 'rank': 30, 'fitness': 0.01798620996209155, 'generation': 39}"
"{'id': 2857, 'rank': 1, 'fitness': 0.9820137900379085, 'generation': 40}","{'id': 2885, 'rank': 2, 'fitness': 0.9814277141942332, 'generation': 40}","{'id': 2885, 'rank': 3, 'fitness': 0.9814277141942332, 'generation': 40}","{'id': 2882, 'rank': 4, 'fitness': 0.9810779027624734, 'generation': 40}","{'id': 2907, 'rank': 5, 'fitness': 0.9810305706532358, 'generation': 40}","{'id': 2907, 'rank': 6, 'fitness': 0.9810305706532358, 'generation': 40}","{'id': 2907, 'rank': 7, 'fitness': 0.9810305706532358, 'generation': 40}","{'id': 2862, 'rank': 8, 'fitness': 0.9808984290823722, 'generation': 40}","{'id': 2908, 'rank': 9, 'fitness': 0.9805843850658487, 'generation': 40}","{'id': 2901, 'rank': 10, 'fitness': 0.9803072373863462, 'generation': 40}","{'id': 2893, 'rank': 11, 'fitness': 0.9802552715198949, 'generation': 40}","{'id': 2801, 'rank': 12, 'fitness': 0.9802205806675404, 'generation': 40}","{'id': 2881, 'rank': 13, 'fitness': 0.9801519227480333, 'generation': 40}","{'id': 2921, 'rank': 14, 'fitness': 0.9794237313045946, 'generation': 40}","{'id': 2818, 'rank': 15, 'fitness': 0.9791104401170815, 'generation': 40}","{'id': 2866, 'rank': 16, 'fitness': 0.9790910291008947, 'generation': 40}","{'id': 2876, 'rank': 17, 'fitness': 0.9789203740122795, 'generation': 40}","{'id': 2770, 'rank': 18, 'fitness': 0.9787726988840101, 'generation': 40}","{'id': 2770, 'rank': 19, 'fitness': 0.9787726988840101, 'generation': 40}","{'id': 2770, 'rank': 20, 'fitness': 0.9787726988840101, 'generation': 40}","{'id': 2770, 'rank': 21, 'fitness': 0.9787726988840101, 'generation': 40}","{'id': 2773, 'rank': 22, 'fitness': 0.9785723900172701, 'generation': 40}","{'id': 2784, 'rank': 23, 'fitness': 0.9785524975060651, 'generation': 40}","{'id': 2875, 'rank': 24, 'fitness': 0.9785258431017065, 'generation': 40}","{'id': 2874, 'rank': 25, 'fitness': 0.9780231737800698, 'generation': 40}","{'id': 2800, 'rank': 26, 'fitness': 0.9761316214871492, 'generation': 40}","{'id': 2860, 'rank': 27, 'fitness': 0.975165023832585, 'generation': 40}","{'id': 2853, 'rank': 28, 'fitness': 0.9698779222280143, 'generation': 40}","{'id': 2917, 'rank': 29, 'fitness': 0.3456930478488286, 'generation': 40}","{'id': 2855, 'rank': 30, 'fitness': 0.01798620996209155, 'generation': 40}"
"{'id': 2932, 'rank': 1, 'fitness': 0.9820137900379085, 'generation': 41}","{'id': 2994, 'rank': 2, 'fitness': 0.979310956779208, 'generation': 41}","{'id': 2974, 'rank': 3, 'fitness': 0.978151086942737, 'generation': 41}","{'id': 2933, 'rank': 4, 'fitness': 0.9533965275665091, 'generation': 41}","{'id': 2933, 'rank': 5, 'fitness': 0.9533965275665091, 'generation': 41}","{'id': 2951, 'rank': 6, 'fitness': 0.9409703821895822, 'generation': 41}","{'id': 2951, 'rank': 7, 'fitness': 0.9409703821895822, 'generation': 41}","{'id': 2946, 'rank': 8, 'fitness': 0.9113799672433601, 'generation': 41}","{'id': 3000, 'rank': 9, 'fitness': 0.8695421951248612, 'generation': 41}","{'id': 2991, 'rank': 10, 'fitness': 0.8676051686266361, 'generation': 41}","{'id': 2885, 'rank': 11, 'fitness': 0.8670780052987734, 'generation': 41}","{'id': 2934, 'rank': 12, 'fitness': 0.8377284042589237, 'generation': 41}","{'id': 2955, 'rank': 13, 'fitness': 0.810790519307782, 'generation': 41}","{'id': 2955, 'rank': 14, 'fitness': 0.810790519307782, 'generation': 41}","{'id': 2941, 'rank': 15, 'fitness': 0.8058250352184684, 'generation': 41}","{'id': 2952, 'rank': 16, 'fitness': 0.7660138797871492, 'generation': 41}","{'id': 2862, 'rank': 17, 'fitness': 0.7616839388306209, 'generation': 41}","{'id': 2949, 'rank': 18, 'fitness': 0.6081810430432253, 'generation': 41}","{'id': 2992, 'rank': 19, 'fitness': 0.6029489475046955, 'generation': 41}","{'id': 2992, 'rank': 20, 'fitness': 0.6029489475046955, 'generation': 41}","{'id': 2976, 'rank': 21, 'fitness': 0.5404212881664856, 'generation': 41}","{'id': 2921, 'rank': 22, 'fitness': 0.3256112483935151, 'generation': 41}","{'id': 2770, 'rank': 23, 'fitness': 0.17936888715427624, 'generation': 41}","{'id': 2965, 'rank': 24, 'fitness': 0.17721725991006254, 'generation': 41}","{'id': 2964, 'rank': 25, 'fitness': 0.10513239063485258, 'generation': 41}","{'id': 2948, 'rank': 26, 'fitness': 0.10306868894833926, 'generation': 41}","{'id': 2948, 'rank': 27, 'fitness': 0.10306868894833926, 'generation': 41}","{'id': 2969, 'rank': 28, 'fitness': 0.07724411088371802, 'generation': 41}","{'id': 2975, 'rank': 29, 'fitness': 0.03418499317160051, 'generation': 41}","{'id': 2935, 'rank': 30, 'fitness': 0.01798620996209155, 'generation': 41}"
"{'id': 3037, 'rank': 1, 'fitness': 0.9820137900379085, 'generation': 42}","{'id': 3037, 'rank': 2, 'fitness': 0.9820137900379085, 'generation': 42}","{'id': 3031, 'rank': 3, 'fitness': 0.9813653359627352, 'generation': 42}","{'id': 3007, 'rank': 4, 'fitness': 0.9813510017734036, 'generation': 42}","{'id': 3009, 'rank': 5, 'fitness': 0.9812797834993606, 'generation': 42}","{'id': 2994, 'rank': 6, 'fitness': 0.980941393193331, 'generation': 42}","{'id': 3012, 'rank': 7, 'fitness': 0.9808464405626024, 'generation': 42}","{'id': 3055, 'rank': 8, 'fitness': 0.9805909201908558, 'generation': 42}","{'id': 2933, 'rank': 9, 'fitness': 0.980417706632679, 'generation': 42}","{'id': 2933, 'rank': 10, 'fitness': 0.980417706632679, 'generation': 42}","{'id': 3056, 'rank': 11, 'fitness': 0.9802979448653789, 'generation': 42}","{'id': 2951, 'rank': 12, 'fitness': 0.9802592606754674, 'generation': 42}","{'id': 3000, 'rank': 13, 'fitness': 0.9796955567587122, 'generation': 42}","{'id': 3000, 'rank': 14, 'fitness': 0.9796955567587122, 'generation': 42}","{'id': 2991, 'rank': 15, 'fitness': 0.979684431741318, 'generation': 42}","{'id': 3050, 'rank': 16, 'fitness': 0.979509568432044, 'generation': 42}","{'id': 3013, 'rank': 17, 'fitness': 0.9792747847458947, 'generation': 42}","{'id': 2952, 'rank': 18, 'fitness': 0.9792242808583631, 'generation': 42}","{'id': 2949, 'rank': 19, 'fitness': 0.978718099458114, 'generation': 42}","{'id': 2992, 'rank': 20, 'fitness': 0.9787030607319354, 'generation': 42}","{'id': 2992, 'rank': 21, 'fitness': 0.9787030607319354, 'generation': 42}","{'id': 3015, 'rank': 22, 'fitness': 0.97862642737899, 'generation': 42}","{'id': 3016, 'rank': 23, 'fitness': 0.9779426342682274, 'generation': 42}","{'id': 2921, 'rank': 24, 'fitness': 0.9779017134271477, 'generation': 42}","{'id': 3047, 'rank': 25, 'fitness': 0.9778165237945743, 'generation': 42}","{'id': 3018, 'rank': 26, 'fitness': 0.9631542014852131, 'generation': 42}","{'id': 3025, 'rank': 27, 'fitness': 0.9441183779579073, 'generation': 42}","{'id': 3061, 'rank': 28, 'fitness': 0.9413122199755595, 'generation': 42}","{'id': 3052, 'rank': 29, 'fitness': 0.9294519930221178, 'generation': 42}","{'id': 3044, 'rank': 30, 'fitness': 0.01798620996209155, 'generation': 42}"
"{'id': 3037, 'rank': 1, 'fitness': 0.9820137900379085, 'generation': 43}","{'id': 3009, 'rank': 2, 'fitness': 0.9194059113312862, 'generation': 43}","{'id': 3135, 'rank': 3, 'fitness': 0.9170606959097475, 'generation': 43}","{'id': 3134, 'rank': 4, 'fitness': 0.9155647330911922, 'generation': 43}","{'id': 3134, 'rank': 5, 'fitness': 0.9155647330911922, 'generation': 43}","{'id': 3111, 'rank': 6, 'fitness': 0.8728282552817657, 'generation': 43}","{'id': 3136, 'rank': 7, 'fitness': 0.8688749393399484, 'generation': 43}","{'id': 3115, 'rank': 8, 'fitness': 0.8608435713359934, 'generation': 43}","{'id': 3103, 'rank': 9, 'fitness': 0.8524988838750795, 'generation': 43}","{'id': 3076, 'rank': 10, 'fitness': 0.7865326179282646, 'generation': 43}","{'id': 3146, 'rank': 11, 'fitness': 0.7568882574791116, 'generation': 43}","{'id': 3100, 'rank': 12, 'fitness': 0.7188645937575739, 'generation': 43}","{'id': 3108, 'rank': 13, 'fitness': 0.6897815686541838, 'generation': 43}","{'id': 3153, 'rank': 14, 'fitness': 0.6675258019509109, 'generation': 43}","{'id': 2933, 'rank': 15, 'fitness': 0.6616267399633915, 'generation': 43}","{'id': 3129, 'rank': 16, 'fitness': 0.6415962793492369, 'generation': 43}","{'id': 3128, 'rank': 17, 'fitness': 0.3908735033241914, 'generation': 43}","{'id': 3000, 'rank': 18, 'fitness': 0.3209741396910154, 'generation': 43}","{'id': 2991, 'rank': 19, 'fitness': 0.316309769705976, 'generation': 43}","{'id': 3162, 'rank': 20, 'fitness': 0.2212300771383131, 'generation': 43}","{'id': 3162, 'rank': 21, 'fitness': 0.2212300771383131, 'generation': 43}","{'id': 3107, 'rank': 22, 'fitness': 0.11691207950697358, 'generation': 43}","{'id': 3164, 'rank': 23, 'fitness': 0.10361156305828523, 'generation': 43}","{'id': 3156, 'rank': 24, 'fitness': 0.09260914741080822, 'generation': 43}","{'id': 3075, 'rank': 25, 'fitness': 0.07786046837892097, 'generation': 43}","{'id': 3147, 'rank': 26, 'fitness': 0.07087081069292928, 'generation': 43}","{'id': 2949, 'rank': 27, 'fitness': 0.06950541114463993, 'generation': 43}","{'id': 3140, 'rank': 28, 'fitness': 0.046039388084685495, 'generation': 43}","{'id': 3140, 'rank': 29, 'fitness': 0.046039388084685495, 'generation': 43}","{'id': 3016, 'rank': 30, 'fitness': 0.01798620996209155, 'generation': 43}"
"{'id': 3186, 'rank': 1, 'fitness': 0.9820137900379085, 'generation': 44}","{'id': 3180, 'rank': 2, 'fitness': 0.9783890431193614, 'generation': 44}","{'id': 3180, 'rank': 3, 'fitness': 0.9783890431193614, 'generation': 44}","{'id': 3180, 'rank': 4, 'fitness': 0.9783890431193614, 'generation': 44}","{'id': 3179, 'rank': 5, 'fitness': 0.9781874735076546, 'generation': 44}","{'id': 3179, 'rank': 6, 'fitness': 0.9781874735076546, 'generation': 44}","{'id': 3037, 'rank': 7, 'fitness': 0.976969018426824, 'generation': 44}","{'id': 3037, 'rank': 8, 'fitness': 0.976969018426824, 'generation': 44}","{'id': 3037, 'rank': 9, 'fitness': 0.976969018426824, 'generation': 44}","{'id': 3009, 'rank': 10, 'fitness': 0.9759636217124579, 'generation': 44}","{'id': 3009, 'rank': 11, 'fitness': 0.9759636217124579, 'generation': 44}","{'id': 3135, 'rank': 12, 'fitness': 0.9759431331861328, 'generation': 44}","{'id': 3134, 'rank': 13, 'fitness': 0.9759303290150383, 'generation': 44}","{'id': 3111, 'rank': 14, 'fitness': 0.9756282406267335, 'generation': 44}","{'id': 3136, 'rank': 15, 'fitness': 0.9756048695277166, 'generation': 44}","{'id': 3103, 'rank': 16, 'fitness': 0.9755137694889955, 'generation': 44}","{'id': 3187, 'rank': 17, 'fitness': 0.9751122968621675, 'generation': 44}","{'id': 3146, 'rank': 18, 'fitness': 0.9750973645201403, 'generation': 44}","{'id': 3146, 'rank': 19, 'fitness': 0.9750973645201403, 'generation': 44}","{'id': 3000, 'rank': 20, 'fitness': 0.9737856019591591, 'generation': 44}","{'id': 3165, 'rank': 21, 'fitness': 0.9675790321606209, 'generation': 44}","{'id': 3211, 'rank': 22, 'fitness': 0.9657247509490061, 'generation': 44}","{'id': 3211, 'rank': 23, 'fitness': 0.9657247509490061, 'generation': 44}","{'id': 3185, 'rank': 24, 'fitness': 0.9568002364506367, 'generation': 44}","{'id': 3181, 'rank': 25, 'fitness': 0.9492900611805832, 'generation': 44}","{'id': 3173, 'rank': 26, 'fitness': 0.9336966206220565, 'generation': 44}","{'id': 3198, 'rank': 27, 'fitness': 0.8912058426282785, 'generation': 44}","{'id': 3202, 'rank': 28, 'fitness': 0.8809099641053447, 'generation': 44}","{'id': 3208, 'rank': 29, 'fitness': 0.8702760603002218, 'generation': 44}","{'id': 3201, 'rank': 30, 'fitness': 0.01798620996209155, 'generation': 44}"
"{'id': 3314, 'rank': 1, 'fitness': 0.9820137900379085, 'generation': 45}","{'id': 3315, 'rank': 2, 'fitness': 0.9800591301499051, 'generation': 45}","{'id': 3186, 'rank': 3, 'fitness': 0.9749084784046691, 'generation': 45}","{'id': 3311, 'rank': 4, 'fitness': 0.9110163956589837, 'generation': 45}","{'id': 3311, 'rank': 5, 'fitness': 0.9110163956589837, 'generation': 45}","{'id': 3264, 'rank': 6, 'fitness': 0.9008783520096241, 'generation': 45}","{'id': 3271, 'rank': 7, 'fitness': 0.889866771110581, 'generation': 45}","{'id': 3271, 'rank': 8, 'fitness': 0.889866771110581, 'generation': 45}","{'id': 3180, 'rank': 9, 'fitness': 0.8879269438788028, 'generation': 45}","{'id': 3180, 'rank': 10, 'fitness': 0.8879269438788028, 'generation': 45}","{'id': 3273, 'rank': 11, 'fitness': 0.8832768030684357, 'generation': 45}","{'id': 3273, 'rank': 12, 'fitness': 0.8832768030684357, 'generation': 45}","{'id': 3179, 'rank': 13, 'fitness': 0.8796553561328853, 'generation': 45}","{'id': 3260, 'rank': 14, 'fitness': 0.8672306957476301, 'generation': 45}","{'id': 3262, 'rank': 15, 'fitness': 0.8336066367673552, 'generation': 45}","{'id': 3262, 'rank': 16, 'fitness': 0.8336066367673552, 'generation': 45}","{'id': 3037, 'rank': 17, 'fitness': 0.8201139350107625, 'generation': 45}","{'id': 3037, 'rank': 18, 'fitness': 0.8201139350107625, 'generation': 45}","{'id': 3037, 'rank': 19, 'fitness': 0.8201139350107625, 'generation': 45}","{'id': 3037, 'rank': 20, 'fitness': 0.8201139350107625, 'generation': 45}","{'id': 3258, 'rank': 21, 'fitness': 0.8073914099988884, 'generation': 45}","{'id': 3233, 'rank': 22, 'fitness': 0.804536336051743, 'generation': 45}","{'id': 3009, 'rank': 23, 'fitness': 0.7587111650229537, 'generation': 45}","{'id': 3229, 'rank': 24, 'fitness': 0.7026644439861184, 'generation': 45}","{'id': 3255, 'rank': 25, 'fitness': 0.6923315531798742, 'generation': 45}","{'id': 3227, 'rank': 26, 'fitness': 0.6691383581335225, 'generation': 45}","{'id': 3254, 'rank': 27, 'fitness': 0.6351393420117151, 'generation': 45}","{'id': 3276, 'rank': 28, 'fitness': 0.6255329431825953, 'generation': 45}","{'id': 3236, 'rank': 29, 'fitness': 0.2710668063123761, 'generation': 45}","{'id': 3185, 'rank': 30, 'fitness': 0.01798620996209155, 'generation': 45}"
"{'id': 3390, 'rank': 1, 'fitness': 0.9820137900379085, 'generation': 46}","{'id': 3390, 'rank': 2, 'fitness': 0.9820137900379085, 'generation': 46}","{'id': 3186, 'rank': 3, 'fitness': 0.9800539268775497, 'generation': 46}","{'id': 3348, 'rank': 4, 'fitness': 0.979794660125231, 'generation': 46}","{'id': 3353, 'rank': 5, 'fitness': 0.9678331865794798, 'generation': 46}","{'id': 3311, 'rank': 6, 'fitness': 0.9627171802786825, 'generation': 46}","{'id': 3264, 'rank': 7, 'fitness': 0.9605996319429494, 'generation': 46}","{'id': 3342, 'rank': 8, 'fitness': 0.9601288004439927, 'generation': 46}","{'id': 3271, 'rank': 9, 'fitness': 0.9583948166032428, 'generation': 46}","{'id': 3273, 'rank': 10, 'fitness': 0.9571156146383406, 'generation': 46}","{'id': 3179, 'rank': 11, 'fitness': 0.9564240453821302, 'generation': 46}","{'id': 3179, 'rank': 12, 'fitness': 0.9564240453821302, 'generation': 46}","{'id': 3258, 'rank': 13, 'fitness': 0.9437727421535189, 'generation': 46}","{'id': 3258, 'rank': 14, 'fitness': 0.9437727421535189, 'generation': 46}","{'id': 3258, 'rank': 15, 'fitness': 0.9437727421535189, 'generation': 46}","{'id': 3343, 'rank': 16, 'fitness': 0.9367530602391662, 'generation': 46}","{'id': 3009, 'rank': 17, 'fitness': 0.9359435116085144, 'generation': 46}","{'id': 3255, 'rank': 18, 'fitness': 0.9255592150764906, 'generation': 46}","{'id': 3255, 'rank': 19, 'fitness': 0.9255592150764906, 'generation': 46}","{'id': 3326, 'rank': 20, 'fitness': 0.8867708795039866, 'generation': 46}","{'id': 3331, 'rank': 21, 'fitness': 0.8398364489225604, 'generation': 46}","{'id': 3376, 'rank': 22, 'fitness': 0.836601565648551, 'generation': 46}","{'id': 3376, 'rank': 23, 'fitness': 0.836601565648551, 'generation': 46}","{'id': 3371, 'rank': 24, 'fitness': 0.8200403094199031, 'generation': 46}","{'id': 3364, 'rank': 25, 'fitness': 0.6494307695557331, 'generation': 46}","{'id': 3394, 'rank': 26, 'fitness': 0.583145967014982, 'generation': 46}","{'id': 3394, 'rank': 27, 'fitness': 0.583145967014982, 'generation': 46}","{'id': 3394, 'rank': 28, 'fitness': 0.583145967014982, 'generation': 46}","{'id': 3352, 'rank': 29, 'fitness': 0.33879959338729615, 'generation': 46}","{'id': 3355, 'rank': 30, 'fitness': 0.01798620996209155, 'generation': 46}"
"{'id': 3390, 'rank': 1, 'fitness': 0.9820137900379085, 'generation': 47}","{'id': 3390, 'rank': 2, 'fitness': 0.9820137900379085, 'generation': 47}","{'id': 3405, 'rank': 3, 'fitness': 0.9811873436926224, 'generation': 47}","{'id': 3403, 'rank': 4, 'fitness': 0.9801528236569577, 'generation': 47}","{'id': 3439, 'rank': 5, 'fitness': 0.9794120165918393, 'generation': 47}","{'id': 3471, 'rank': 6, 'fitness': 0.9791727071937792, 'generation': 47}","{'id': 3348, 'rank': 7, 'fitness': 0.9788226191938054, 'generation': 47}","{'id': 3472, 'rank': 8, 'fitness': 0.9733918463389954, 'generation': 47}","{'id': 3472, 'rank': 9, 'fitness': 0.9733918463389954, 'generation': 47}","{'id': 3477, 'rank': 10, 'fitness': 0.9609338731645772, 'generation': 47}","{'id': 3353, 'rank': 11, 'fitness': 0.9594207341801255, 'generation': 47}","{'id': 3179, 'rank': 12, 'fitness': 0.9381989829088252, 'generation': 47}","{'id': 3457, 'rank': 13, 'fitness': 0.9332776653868564, 'generation': 47}","{'id': 3442, 'rank': 14, 'fitness': 0.9291467160367456, 'generation': 47}","{'id': 3441, 'rank': 15, 'fitness': 0.9156598089521535, 'generation': 47}","{'id': 3258, 'rank': 16, 'fitness': 0.9124025292015453, 'generation': 47}","{'id': 3417, 'rank': 17, 'fitness': 0.9105929978902412, 'generation': 47}","{'id': 3417, 'rank': 18, 'fitness': 0.9105929978902412, 'generation': 47}","{'id': 3416, 'rank': 19, 'fitness': 0.9074356352611517, 'generation': 47}","{'id': 3009, 'rank': 20, 'fitness': 0.8955312145462324, 'generation': 47}","{'id': 3009, 'rank': 21, 'fitness': 0.8955312145462324, 'generation': 47}","{'id': 3435, 'rank': 22, 'fitness': 0.8810078216132607, 'generation': 47}","{'id': 3255, 'rank': 23, 'fitness': 0.8723438150488811, 'generation': 47}","{'id': 3456, 'rank': 24, 'fitness': 0.8513167914516415, 'generation': 47}","{'id': 3326, 'rank': 25, 'fitness': 0.7811940003248234, 'generation': 47}","{'id': 3452, 'rank': 26, 'fitness': 0.7323881587453793, 'generation': 47}","{'id': 3446, 'rank': 27, 'fitness': 0.72245231790241, 'generation': 47}","{'id': 3474, 'rank': 28, 'fitness': 0.5154333407955556, 'generation': 47}","{'id': 3364, 'rank': 29, 'fitness': 0.320344760342689, 'generation': 47}","{'id': 3426, 'rank': 30, 'fitness': 0.01798620996209155, 'generation': 47}"
"{'id': 3501, 'rank': 1, 'fitness': 0.9820137900379085, 'generation': 48}","{'id': 3501, 'rank': 2, 'fitness': 0.9820137900379085, 'generation': 48}","{'id': 3502, 'rank': 3, 'fitness': 0.9814991420935939, 'generation': 48}","{'id': 3551, 'rank': 4, 'fitness': 0.9770402348421123, 'generation': 48}","{'id': 3551, 'rank': 5, 'fitness': 0.9770402348421123, 'generation': 48}","{'id': 3551, 'rank': 6, 'fitness': 0.9770402348421123, 'generation': 48}","{'id': 3513, 'rank': 7, 'fitness': 0.9737241052277136, 'generation': 48}","{'id': 3513, 'rank': 8, 'fitness': 0.9737241052277136, 'generation': 48}","{'id': 3390, 'rank': 9, 'fitness': 0.9707345895670791, 'generation': 48}","{'id': 3405, 'rank': 10, 'fitness': 0.9689887343158086, 'generation': 48}","{'id': 3439, 'rank': 11, 'fitness': 0.9651697799259649, 'generation': 48}","{'id': 3554, 'rank': 12, 'fitness': 0.9649760542360111, 'generation': 48}","{'id': 3471, 'rank': 13, 'fitness': 0.9646481696918641, 'generation': 48}","{'id': 3471, 'rank': 14, 'fitness': 0.9646481696918641, 'generation': 48}","{'id': 3532, 'rank': 15, 'fitness': 0.9621550443902223, 'generation': 48}","{'id': 3508, 'rank': 16, 'fitness': 0.9614757854063942, 'generation': 48}","{'id': 3527, 'rank': 17, 'fitness': 0.9598675000802235, 'generation': 48}","{'id': 3529, 'rank': 18, 'fitness': 0.8900263183614563, 'generation': 48}","{'id': 3486, 'rank': 19, 'fitness': 0.8808668103010298, 'generation': 48}","{'id': 3179, 'rank': 20, 'fitness': 0.8618529395834194, 'generation': 48}","{'id': 3515, 'rank': 21, 'fitness': 0.6755647935265892, 'generation': 48}","{'id': 3515, 'rank': 22, 'fitness': 0.6755647935265892, 'generation': 48}","{'id': 3542, 'rank': 23, 'fitness': 0.6450424865849993, 'generation': 48}","{'id': 3456, 'rank': 24, 'fitness': 0.6359626894885304, 'generation': 48}","{'id': 3491, 'rank': 25, 'fitness': 0.49478889119104685, 'generation': 48}","{'id': 3326, 'rank': 26, 'fitness': 0.48532851451743364, 'generation': 48}","{'id': 3533, 'rank': 27, 'fitness': 0.25357228188485936, 'generation': 48}","{'id': 3533, 'rank': 28, 'fitness': 0.25357228188485936, 'generation': 48}","{'id': 3525, 'rank': 29, 'fitness': 0.031920584452049816, 'generation': 48}","{'id': 3496, 'rank': 30, 'fitness': 0.01798620996209155, 'generation': 48}"
"{'id': 3570, 'rank': 1, 'fitness': 0.9820137900379085, 'generation': 49}","{'id': 3557, 'rank': 2, 'fitness': 0.9718854030960699, 'generation': 49}","{'id': 3560, 'rank': 3, 'fitness': 0.9505823554429067, 'generation': 49}","{'id': 3559, 'rank': 4, 'fitness': 0.9461200921915079, 'generation': 49}","{'id': 3559, 'rank': 5, 'fitness': 0.9461200921915079, 'generation': 49}","{'id': 3625, 'rank': 6, 'fitness': 0.9394444759601224, 'generation': 49}","{'id': 3625, 'rank': 7, 'fitness': 0.9394444759601224, 'generation': 49}","{'id': 3586, 'rank': 8, 'fitness': 0.9383657138792175, 'generation': 49}","{'id': 3610, 'rank': 9, 'fitness': 0.932775920700402, 'generation': 49}","{'id': 3502, 'rank': 10, 'fitness': 0.9286165820260377, 'generation': 49}","{'id': 3589, 'rank': 11, 'fitness': 0.9270611016646512, 'generation': 49}","{'id': 3619, 'rank': 12, 'fitness': 0.894923659523394, 'generation': 49}","{'id': 3611, 'rank': 13, 'fitness': 0.8812637844997788, 'generation': 49}","{'id': 3513, 'rank': 14, 'fitness': 0.8789736585116482, 'generation': 49}","{'id': 3639, 'rank': 15, 'fitness': 0.8384039816943071, 'generation': 49}","{'id': 3580, 'rank': 16, 'fitness': 0.8355235048231924, 'generation': 49}","{'id': 3439, 'rank': 17, 'fitness': 0.8191423177698471, 'generation': 49}","{'id': 3554, 'rank': 18, 'fitness': 0.8177549263274064, 'generation': 49}","{'id': 3554, 'rank': 19, 'fitness': 0.8177549263274064, 'generation': 49}","{'id': 3471, 'rank': 20, 'fitness': 0.8154049004153963, 'generation': 49}","{'id': 3572, 'rank': 21, 'fitness': 0.7917489578877375, 'generation': 49}","{'id': 3527, 'rank': 22, 'fitness': 0.7809808858960914, 'generation': 49}","{'id': 3605, 'rank': 23, 'fitness': 0.7175310408666548, 'generation': 49}","{'id': 3605, 'rank': 24, 'fitness': 0.7175310408666548, 'generation': 49}","{'id': 3628, 'rank': 25, 'fitness': 0.6487896502754888, 'generation': 49}","{'id': 3626, 'rank': 26, 'fitness': 0.6328524797731634, 'generation': 49}","{'id': 3486, 'rank': 27, 'fitness': 0.3461994070691591, 'generation': 49}","{'id': 3598, 'rank': 28, 'fitness': 0.2181031603175162, 'generation': 49}","{'id': 3622, 'rank': 29, 'fitness': 0.034949257718397964, 'generation': 49}","{'id': 3591, 'rank': 30, 'fitness': 0.01798620996209155, 'generation': 49}"
"{'id': 3666, 'rank': 1, 'fitness': 0.9820137900379085, 'generation': 50}","{'id': 3666, 'rank': 2, 'fitness': 0.9820137900379085, 'generation': 50}","{'id': 3674, 'rank': 3, 'fitness': 0.9747553955677204, 'generation': 50}","{'id': 3674, 'rank': 4, 'fitness': 0.9747553955677204, 'generation': 50}","{'id': 3705, 'rank': 5, 'fitness': 0.9741717778635516, 'generation': 50}","{'id': 3705, 'rank': 6, 'fitness': 0.9741717778635516, 'generation': 50}","{'id': 3656, 'rank': 7, 'fitness': 0.972722560281233, 'generation': 50}","{'id': 3560, 'rank': 8, 'fitness': 0.9692951948238411, 'generation': 50}","{'id': 3625, 'rank': 9, 'fitness': 0.9679863084462141, 'generation': 50}","{'id': 3625, 'rank': 10, 'fitness': 0.9679863084462141, 'generation': 50}","{'id': 3586, 'rank': 11, 'fitness': 0.9678693052661609, 'generation': 50}","{'id': 3687, 'rank': 12, 'fitness': 0.9643775501161946, 'generation': 50}","{'id': 3692, 'rank': 13, 'fitness': 0.9642798280872966, 'generation': 50}","{'id': 3611, 'rank': 14, 'fitness': 0.9630769660368415, 'generation': 50}","{'id': 3580, 'rank': 15, 'fitness': 0.9602777223471133, 'generation': 50}","{'id': 3554, 'rank': 16, 'fitness': 0.9593182596086107, 'generation': 50}","{'id': 3471, 'rank': 17, 'fitness': 0.9591953633995947, 'generation': 50}","{'id': 3648, 'rank': 18, 'fitness': 0.9582433332449997, 'generation': 50}","{'id': 3644, 'rank': 19, 'fitness': 0.9581587887759928, 'generation': 50}","{'id': 3527, 'rank': 20, 'fitness': 0.9574822616140246, 'generation': 50}","{'id': 3658, 'rank': 21, 'fitness': 0.9563409437533382, 'generation': 50}","{'id': 3605, 'rank': 22, 'fitness': 0.9546276440538304, 'generation': 50}","{'id': 3664, 'rank': 23, 'fitness': 0.9501237177506359, 'generation': 50}","{'id': 3699, 'rank': 24, 'fitness': 0.9401212246584321, 'generation': 50}","{'id': 3486, 'rank': 25, 'fitness': 0.9388984577029638, 'generation': 50}","{'id': 3691, 'rank': 26, 'fitness': 0.9152238509818587, 'generation': 50}","{'id': 3691, 'rank': 27, 'fitness': 0.9152238509818587, 'generation': 50}","{'id': 3679, 'rank': 28, 'fitness': 0.8802876048633717, 'generation': 50}","{'id': 3655, 'rank': 29, 'fitness': 0.7768353415865646, 'generation': 50}","{'id': 3696, 'rank': 30, 'fitness': 0.01798620996209155, 'generation': 50}"
"{'id': 3666, 'rank': 1, 'fitness': 0.9820137900379085, 'generation': 51}","{'id': 3793, 'rank': 2, 'fitness': 0.9806913939152151, 'generation': 51}","{'id': 3793, 'rank': 3, 'fitness': 0.9806913939152151, 'generation': 51}","{'id': 3790, 'rank': 4, 'fitness': 0.9800202282540458, 'generation': 51}","{'id': 3772, 'rank': 5, 'fitness': 0.9670762510186688, 'generation': 51}","{'id': 3772, 'rank': 6, 'fitness': 0.9670762510186688, 'generation': 51}","{'id': 3792, 'rank': 7, 'fitness': 0.9564131917588015, 'generation': 51}","{'id': 3783, 'rank': 8, 'fitness': 0.9350827507805349, 'generation': 51}","{'id': 3674, 'rank': 9, 'fitness': 0.9080577531971409, 'generation': 51}","{'id': 3674, 'rank': 10, 'fitness': 0.9080577531971409, 'generation': 51}","{'id': 3781, 'rank': 11, 'fitness': 0.8805111818214735, 'generation': 51}","{'id': 3656, 'rank': 12, 'fitness': 0.8696180511310552, 'generation': 51}","{'id': 3785, 'rank': 13, 'fitness': 0.8672073095515125, 'generation': 51}","{'id': 3785, 'rank': 14, 'fitness': 0.8672073095515125, 'generation': 51}","{'id': 3775, 'rank': 15, 'fitness': 0.8292714742066377, 'generation': 51}","{'id': 3782, 'rank': 16, 'fitness': 0.8023348423810086, 'generation': 51}","{'id': 3782, 'rank': 17, 'fitness': 0.8023348423810086, 'generation': 51}","{'id': 3716, 'rank': 18, 'fitness': 0.7293344444258669, 'generation': 51}","{'id': 3784, 'rank': 19, 'fitness': 0.647443881790014, 'generation': 51}","{'id': 3727, 'rank': 20, 'fitness': 0.6211228081472595, 'generation': 51}","{'id': 3742, 'rank': 21, 'fitness': 0.5797255983748113, 'generation': 51}","{'id': 3762, 'rank': 22, 'fitness': 0.554764298304351, 'generation': 51}","{'id': 3730, 'rank': 23, 'fitness': 0.5051303878872172, 'generation': 51}","{'id': 3471, 'rank': 24, 'fitness': 0.4602552288209028, 'generation': 51}","{'id': 3644, 'rank': 25, 'fitness': 0.42837870879882844, 'generation': 51}","{'id': 3738, 'rank': 26, 'fitness': 0.41788018129264387, 'generation': 51}","{'id': 3770, 'rank': 27, 'fitness': 0.14437711151409505, 'generation': 51}","{'id': 3787, 'rank': 28, 'fitness': 0.08149585117559771, 'generation': 51}","{'id': 3733, 'rank': 29, 'fitness': 0.05922394672500253, 'generation': 51}","{'id': 3691, 'rank': 30, 'fitness': 0.01798620996209155, 'generation': 51}"
"{'id': 3809, 'rank': 1, 'fitness': 0.9820137900379085, 'generation': 52}","{'id': 3809, 'rank': 2, 'fitness': 0.9820137900379085, 'generation': 52}","{'id': 3835, 'rank': 3, 'fitness': 0.9812986186583812, 'generation': 52}","{'id': 3858, 'rank': 4, 'fitness': 0.9795717696391533, 'generation': 52}","{'id': 3859, 'rank': 5, 'fitness': 0.9791889629166423, 'generation': 52}","{'id': 3859, 'rank': 6, 'fitness': 0.9791889629166423, 'generation': 52}","{'id': 3808, 'rank': 7, 'fitness': 0.9780967170731425, 'generation': 52}","{'id': 3832, 'rank': 8, 'fitness': 0.9724096422557429, 'generation': 52}","{'id': 3824, 'rank': 9, 'fitness': 0.9698973022840147, 'generation': 52}","{'id': 3800, 'rank': 10, 'fitness': 0.9669967849964549, 'generation': 52}","{'id': 3800, 'rank': 11, 'fitness': 0.9669967849964549, 'generation': 52}","{'id': 3800, 'rank': 12, 'fitness': 0.9669967849964549, 'generation': 52}","{'id': 3854, 'rank': 13, 'fitness': 0.9645398969407474, 'generation': 52}","{'id': 3854, 'rank': 14, 'fitness': 0.9645398969407474, 'generation': 52}","{'id': 3827, 'rank': 15, 'fitness': 0.9631008966721568, 'generation': 52}","{'id': 3781, 'rank': 16, 'fitness': 0.9623242976238959, 'generation': 52}","{'id': 3785, 'rank': 17, 'fitness': 0.961062726755654, 'generation': 52}","{'id': 3862, 'rank': 18, 'fitness': 0.9594850185765522, 'generation': 52}","{'id': 3862, 'rank': 19, 'fitness': 0.9594850185765522, 'generation': 52}","{'id': 3782, 'rank': 20, 'fitness': 0.9556914083410113, 'generation': 52}","{'id': 3782, 'rank': 21, 'fitness': 0.9556914083410113, 'generation': 52}","{'id': 3784, 'rank': 22, 'fitness': 0.945131100309551, 'generation': 52}","{'id': 3742, 'rank': 23, 'fitness': 0.9407680980977692, 'generation': 52}","{'id': 3730, 'rank': 24, 'fitness': 0.9358275435134263, 'generation': 52}","{'id': 3644, 'rank': 25, 'fitness': 0.9303609666653329, 'generation': 52}","{'id': 3644, 'rank': 26, 'fitness': 0.9303609666653329, 'generation': 52}","{'id': 3770, 'rank': 27, 'fitness': 0.897478510128165, 'generation': 52}","{'id': 3801, 'rank': 28, 'fitness': 0.8871083512079282, 'generation': 52}","{'id': 3851, 'rank': 29, 'fitness': 0.7615527903893805, 'generation': 52}","{'id': 3811, 'rank': 30, 'fitness': 0.01798620996209155, 'generation': 52}"
"{'id': 3957, 'rank': 1, 'fitness': 0.9820137900379085, 'generation': 53}","{'id': 3870, 'rank': 2, 'fitness': 0.9808880772446761, 'generation': 53}","{'id': 3931, 'rank': 3, 'fitness': 0.9759248396920952, 'generation': 53}","{'id': 3933, 'rank': 4, 'fitness': 0.9726360024494622, 'generation': 53}","{'id': 3907, 'rank': 5, 'fitness': 0.9709105541219025, 'generation': 53}","{'id': 3907, 'rank': 6, 'fitness': 0.9709105541219025, 'generation': 53}","{'id': 3899, 'rank': 7, 'fitness': 0.970209087396213, 'generation': 53}","{'id': 3808, 'rank': 8, 'fitness': 0.968969436057676, 'generation': 53}","{'id': 3808, 'rank': 9, 'fitness': 0.968969436057676, 'generation': 53}","{'id': 3932, 'rank': 10, 'fitness': 0.96746913500912, 'generation': 53}","{'id': 3932, 'rank': 11, 'fitness': 0.96746913500912, 'generation': 53}","{'id': 3932, 'rank': 12, 'fitness': 0.96746913500912, 'generation': 53}","{'id': 3897, 'rank': 13, 'fitness': 0.9520656453520364, 'generation': 53}","{'id': 3889, 'rank': 14, 'fitness': 0.9437228164187295, 'generation': 53}","{'id': 3866, 'rank': 15, 'fitness': 0.93920563308074, 'generation': 53}","{'id': 3871, 'rank': 16, 'fitness': 0.938502740261257, 'generation': 53}","{'id': 3871, 'rank': 17, 'fitness': 0.938502740261257, 'generation': 53}","{'id': 3922, 'rank': 18, 'fitness': 0.9358578433626683, 'generation': 53}","{'id': 3890, 'rank': 19, 'fitness': 0.9312041068752464, 'generation': 53}","{'id': 3890, 'rank': 20, 'fitness': 0.9312041068752464, 'generation': 53}","{'id': 3916, 'rank': 21, 'fitness': 0.9010337488523732, 'generation': 53}","{'id': 3782, 'rank': 22, 'fitness': 0.8854211336932812, 'generation': 53}","{'id': 3926, 'rank': 23, 'fitness': 0.8630759335486013, 'generation': 53}","{'id': 3888, 'rank': 24, 'fitness': 0.850633293101945, 'generation': 53}","{'id': 3886, 'rank': 25, 'fitness': 0.8353691468399862, 'generation': 53}","{'id': 3784, 'rank': 26, 'fitness': 0.8338640825975222, 'generation': 53}","{'id': 3730, 'rank': 27, 'fitness': 0.7847759228670328, 'generation': 53}","{'id': 3948, 'rank': 28, 'fitness': 0.6941435412840231, 'generation': 53}","{'id': 3893, 'rank': 29, 'fitness': 0.18355252961701318, 'generation': 53}","{'id': 3940, 'rank': 30, 'fitness': 0.01798620996209155, 'generation': 53}"
"{'id': 4024, 'rank': 1, 'fitness': 0.9820137900379085, 'generation': 54}","{'id': 3957, 'rank': 2, 'fitness': 0.9817709998691295, 'generation': 54}","{'id': 3870, 'rank': 3, 'fitness': 0.9801548238425374, 'generation': 54}","{'id': 4025, 'rank': 4, 'fitness': 0.9773805092682631, 'generation': 54}","{'id': 4040, 'rank': 5, 'fitness': 0.9753944659325287, 'generation': 54}","{'id': 4040, 'rank': 6, 'fitness': 0.9753944659325287, 'generation': 54}","{'id': 3985, 'rank': 7, 'fitness': 0.9737323874031113, 'generation': 54}","{'id': 4045, 'rank': 8, 'fitness': 0.9730421697809519, 'generation': 54}","{'id': 4038, 'rank': 9, 'fitness': 0.9709412745767729, 'generation': 54}","{'id': 3933, 'rank': 10, 'fitness': 0.9672465337278788, 'generation': 54}","{'id': 3987, 'rank': 11, 'fitness': 0.9631567404570442, 'generation': 54}","{'id': 3899, 'rank': 12, 'fitness': 0.9631368419991355, 'generation': 54}","{'id': 4026, 'rank': 13, 'fitness': 0.962482905085758, 'generation': 54}","{'id': 3932, 'rank': 14, 'fitness': 0.9583473182556141, 'generation': 54}","{'id': 4013, 'rank': 15, 'fitness': 0.9558238550271222, 'generation': 54}","{'id': 3989, 'rank': 16, 'fitness': 0.9500035167854936, 'generation': 54}","{'id': 4033, 'rank': 17, 'fitness': 0.9477934718578691, 'generation': 54}","{'id': 4014, 'rank': 18, 'fitness': 0.9399794080807791, 'generation': 54}","{'id': 3999, 'rank': 19, 'fitness': 0.9253451248338648, 'generation': 54}","{'id': 3999, 'rank': 20, 'fitness': 0.9253451248338648, 'generation': 54}","{'id': 3980, 'rank': 21, 'fitness': 0.9109472150939635, 'generation': 54}","{'id': 3983, 'rank': 22, 'fitness': 0.905229046433506, 'generation': 54}","{'id': 3977, 'rank': 23, 'fitness': 0.9007722011701529, 'generation': 54}","{'id': 3922, 'rank': 24, 'fitness': 0.8946240207460657, 'generation': 54}","{'id': 4008, 'rank': 25, 'fitness': 0.8329024429911095, 'generation': 54}","{'id': 3986, 'rank': 26, 'fitness': 0.822189416870204, 'generation': 54}","{'id': 3916, 'rank': 27, 'fitness': 0.8143667911699977, 'generation': 54}","{'id': 4034, 'rank': 28, 'fitness': 0.7747497904743624, 'generation': 54}","{'id': 3997, 'rank': 29, 'fitness': 0.6122217743636342, 'generation': 54}","{'id': 3982, 'rank': 30, 'fitness': 0.01798620996209155, 'generation': 54}"
"{'id': 4100, 'rank': 1, 'fitness': 0.9820137900379085, 'generation': 55}","{'id': 4058, 'rank': 2, 'fitness': 0.9783925651664178, 'generation': 55}","{'id': 4073, 'rank': 3, 'fitness': 0.9776066824830416, 'generation': 55}","{'id': 4073, 'rank': 4, 'fitness': 0.9776066824830416, 'generation': 55}","{'id': 4094, 'rank': 5, 'fitness': 0.9763008562784413, 'generation': 55}","{'id': 4024, 'rank': 6, 'fitness': 0.9727559442265987, 'generation': 55}","{'id': 4059, 'rank': 7, 'fitness': 0.9722920901348605, 'generation': 55}","{'id': 4139, 'rank': 8, 'fitness': 0.9712688230853898, 'generation': 55}","{'id': 4139, 'rank': 9, 'fitness': 0.9712688230853898, 'generation': 55}","{'id': 4098, 'rank': 10, 'fitness': 0.9654530838284425, 'generation': 55}","{'id': 4040, 'rank': 11, 'fitness': 0.9624827122254525, 'generation': 55}","{'id': 4119, 'rank': 12, 'fitness': 0.9619899989943612, 'generation': 55}","{'id': 4077, 'rank': 13, 'fitness': 0.9604130025035776, 'generation': 55}","{'id': 3985, 'rank': 14, 'fitness': 0.9599000161944168, 'generation': 55}","{'id': 4060, 'rank': 15, 'fitness': 0.9570641878965015, 'generation': 55}","{'id': 4102, 'rank': 16, 'fitness': 0.9546658616546801, 'generation': 55}","{'id': 4102, 'rank': 17, 'fitness': 0.9546658616546801, 'generation': 55}","{'id': 4057, 'rank': 18, 'fitness': 0.9519606166429806, 'generation': 55}","{'id': 4061, 'rank': 19, 'fitness': 0.9485726638323881, 'generation': 55}","{'id': 4026, 'rank': 20, 'fitness': 0.9424241893003958, 'generation': 55}","{'id': 4071, 'rank': 21, 'fitness': 0.9351259340466855, 'generation': 55}","{'id': 4013, 'rank': 22, 'fitness': 0.9321035209818818, 'generation': 55}","{'id': 4127, 'rank': 23, 'fitness': 0.9283453178958756, 'generation': 55}","{'id': 4093, 'rank': 24, 'fitness': 0.9276355194231087, 'generation': 55}","{'id': 4093, 'rank': 25, 'fitness': 0.9276355194231087, 'generation': 55}","{'id': 4074, 'rank': 26, 'fitness': 0.9044460130883447, 'generation': 55}","{'id': 3999, 'rank': 27, 'fitness': 0.885357131675434, 'generation': 55}","{'id': 4138, 'rank': 28, 'fitness': 0.8593657736302747, 'generation': 55}","{'id': 4109, 'rank': 29, 'fitness': 0.4049102982505256, 'generation': 55}","{'id': 4136, 'rank': 30, 'fitness': 0.01798620996209155, 'generation': 55}"
"{'id': 4195, 'rank': 1, 'fitness': 0.9820137900379085, 'generation': 56}","{'id': 4185, 'rank': 2, 'fitness': 0.9135713394431038, 'generation': 56}","{'id': 4185, 'rank': 3, 'fitness': 0.9135713394431038, 'generation': 56}","{'id': 4100, 'rank': 4, 'fitness': 0.852939488952276, 'generation': 56}","{'id': 4197, 'rank': 5, 'fitness': 0.8525088170866583, 'generation': 56}","{'id': 4197, 'rank': 6, 'fitness': 0.8525088170866583, 'generation': 56}","{'id': 4179, 'rank': 7, 'fitness': 0.8484043374939272, 'generation': 56}","{'id': 4180, 'rank': 8, 'fitness': 0.8397867676091653, 'generation': 56}","{'id': 4180, 'rank': 9, 'fitness': 0.8397867676091653, 'generation': 56}","{'id': 4180, 'rank': 10, 'fitness': 0.8397867676091653, 'generation': 56}","{'id': 4175, 'rank': 11, 'fitness': 0.8319667769922396, 'generation': 56}","{'id': 4169, 'rank': 12, 'fitness': 0.8053023614078748, 'generation': 56}","{'id': 4169, 'rank': 13, 'fitness': 0.8053023614078748, 'generation': 56}","{'id': 4203, 'rank': 14, 'fitness': 0.8004881321181178, 'generation': 56}","{'id': 4198, 'rank': 15, 'fitness': 0.7871376617233063, 'generation': 56}","{'id': 4198, 'rank': 16, 'fitness': 0.7871376617233063, 'generation': 56}","{'id': 4058, 'rank': 17, 'fitness': 0.7828312014406318, 'generation': 56}","{'id': 4024, 'rank': 18, 'fitness': 0.6633854698716294, 'generation': 56}","{'id': 4059, 'rank': 19, 'fitness': 0.653463075744193, 'generation': 56}","{'id': 4040, 'rank': 20, 'fitness': 0.4596389127279729, 'generation': 56}","{'id': 4060, 'rank': 21, 'fitness': 0.37308149472086805, 'generation': 56}","{'id': 4173, 'rank': 22, 'fitness': 0.30867841410394903, 'generation': 56}","{'id': 4173, 'rank': 23, 'fitness': 0.30867841410394903, 'generation': 56}","{'id': 4173, 'rank': 24, 'fitness': 0.30867841410394903, 'generation': 56}","{'id': 4057, 'rank': 25, 'fitness': 0.3061735658581053, 'generation': 56}","{'id': 4193, 'rank': 26, 'fitness': 0.29337509749583296, 'generation': 56}","{'id': 4193, 'rank': 27, 'fitness': 0.29337509749583296, 'generation': 56}","{'id': 4061, 'rank': 28, 'fitness': 0.268874864695551, 'generation': 56}","{'id': 4159, 'rank': 29, 'fitness': 0.11975530399758327, 'generation': 56}","{'id': 4201, 'rank': 30, 'fitness': 0.01798620996209155, 'generation': 56}"
"{'id': 4239, 'rank': 1, 'fitness': 0.9820137900379085, 'generation': 57}","{'id': 4239, 'rank': 2, 'fitness': 0.9820137900379085, 'generation': 57}","{'id': 4214, 'rank': 3, 'fitness': 0.978637441289872, 'generation': 57}","{'id': 4185, 'rank': 4, 'fitness': 0.9770310758225886, 'generation': 57}","{'id': 4197, 'rank': 5, 'fitness': 0.9747196039621562, 'generation': 57}","{'id': 4203, 'rank': 6, 'fitness': 0.9732132698436693, 'generation': 57}","{'id': 4203, 'rank': 7, 'fitness': 0.9732132698436693, 'generation': 57}","{'id': 4198, 'rank': 8, 'fitness': 0.9728648620577025, 'generation': 57}","{'id': 4247, 'rank': 9, 'fitness': 0.9728489433427807, 'generation': 57}","{'id': 4024, 'rank': 10, 'fitness': 0.9700254790262011, 'generation': 57}","{'id': 4040, 'rank': 11, 'fitness': 0.9657827283388956, 'generation': 57}","{'id': 4060, 'rank': 12, 'fitness': 0.963808249644994, 'generation': 57}","{'id': 4060, 'rank': 13, 'fitness': 0.963808249644994, 'generation': 57}","{'id': 4173, 'rank': 14, 'fitness': 0.9621412134833384, 'generation': 57}","{'id': 4193, 'rank': 15, 'fitness': 0.9617075399140874, 'generation': 57}","{'id': 4193, 'rank': 16, 'fitness': 0.9617075399140874, 'generation': 57}","{'id': 4213, 'rank': 17, 'fitness': 0.9554669244110727, 'generation': 57}","{'id': 4159, 'rank': 18, 'fitness': 0.9544292974626041, 'generation': 57}","{'id': 4270, 'rank': 19, 'fitness': 0.9436845845945309, 'generation': 57}","{'id': 4210, 'rank': 20, 'fitness': 0.8799404541415553, 'generation': 57}","{'id': 4265, 'rank': 21, 'fitness': 0.8799044487004135, 'generation': 57}","{'id': 4264, 'rank': 22, 'fitness': 0.8729002472097436, 'generation': 57}","{'id': 4246, 'rank': 23, 'fitness': 0.7981373404660647, 'generation': 57}","{'id': 4248, 'rank': 24, 'fitness': 0.7949239361009707, 'generation': 57}","{'id': 4218, 'rank': 25, 'fitness': 0.6023915559163886, 'generation': 57}","{'id': 4253, 'rank': 26, 'fitness': 0.36513210278154984, 'generation': 57}","{'id': 4253, 'rank': 27, 'fitness': 0.36513210278154984, 'generation': 57}","{'id': 4236, 'rank': 28, 'fitness': 0.2258264394787639, 'generation': 57}","{'id': 4231, 'rank': 29, 'fitness': 0.04823328919276193, 'generation': 57}","{'id': 4230, 'rank': 30, 'fitness': 0.01798620996209155, 'generation': 57}"
"{'id': 4275, 'rank': 1, 'fitness': 0.9820137900379085, 'generation': 58}","{'id': 4239, 'rank': 2, 'fitness': 0.9819055577640909, 'generation': 58}","{'id': 4342, 'rank': 3, 'fitness': 0.9813373148716018, 'generation': 58}","{'id': 4343, 'rank': 4, 'fitness': 0.9810651041219474, 'generation': 58}","{'id': 4343, 'rank': 5, 'fitness': 0.9810651041219474, 'generation': 58}","{'id': 4313, 'rank': 6, 'fitness': 0.9807659766685484, 'generation': 58}","{'id': 4290, 'rank': 7, 'fitness': 0.9803337534820065, 'generation': 58}","{'id': 4290, 'rank': 8, 'fitness': 0.9803337534820065, 'generation': 58}","{'id': 4198, 'rank': 9, 'fitness': 0.9802755438596095, 'generation': 58}","{'id': 4315, 'rank': 10, 'fitness': 0.9802232755023752, 'generation': 58}","{'id': 4315, 'rank': 11, 'fitness': 0.9802232755023752, 'generation': 58}","{'id': 4315, 'rank': 12, 'fitness': 0.9802232755023752, 'generation': 58}","{'id': 4319, 'rank': 13, 'fitness': 0.9800220720612982, 'generation': 58}","{'id': 4311, 'rank': 14, 'fitness': 0.9799142218634521, 'generation': 58}","{'id': 4311, 'rank': 15, 'fitness': 0.9799142218634521, 'generation': 58}","{'id': 4337, 'rank': 16, 'fitness': 0.9799055183021845, 'generation': 58}","{'id': 4288, 'rank': 17, 'fitness': 0.979757422406014, 'generation': 58}","{'id': 4318, 'rank': 18, 'fitness': 0.9792211246721231, 'generation': 58}","{'id': 4299, 'rank': 19, 'fitness': 0.9787965258336921, 'generation': 58}","{'id': 4278, 'rank': 20, 'fitness': 0.9787964598790885, 'generation': 58}","{'id': 4193, 'rank': 21, 'fitness': 0.9787842510582985, 'generation': 58}","{'id': 4292, 'rank': 22, 'fitness': 0.9776581777491681, 'generation': 58}","{'id': 4328, 'rank': 23, 'fitness': 0.9757179874177724, 'generation': 58}","{'id': 4320, 'rank': 24, 'fitness': 0.9752594267960841, 'generation': 58}","{'id': 4265, 'rank': 25, 'fitness': 0.9727229438822635, 'generation': 58}","{'id': 4284, 'rank': 26, 'fitness': 0.9675980871459169, 'generation': 58}","{'id': 4236, 'rank': 27, 'fitness': 0.9478575499688353, 'generation': 58}","{'id': 4345, 'rank': 28, 'fitness': 0.9300601579271334, 'generation': 58}","{'id': 4305, 'rank': 29, 'fitness': 0.913894314238914, 'generation': 58}","{'id': 4282, 'rank': 30, 'fitness': 0.01798620996209155, 'generation': 58}"
"{'id': 4367, 'rank': 1, 'fitness': 0.9820137900379085, 'generation': 59}","{'id': 4275, 'rank': 2, 'fitness': 0.9814077657144501, 'generation': 59}","{'id': 4275, 'rank': 3, 'fitness': 0.9814077657144501, 'generation': 59}","{'id': 4275, 'rank': 4, 'fitness': 0.9814077657144501, 'generation': 59}","{'id': 4420, 'rank': 5, 'fitness': 0.9798860333729339, 'generation': 59}","{'id': 4420, 'rank': 6, 'fitness': 0.9798860333729339, 'generation': 59}","{'id': 4366, 'rank': 7, 'fitness': 0.9736134429665642, 'generation': 59}","{'id': 4407, 'rank': 8, 'fitness': 0.9589267857438071, 'generation': 59}","{'id': 4342, 'rank': 9, 'fitness': 0.9551818046421614, 'generation': 59}","{'id': 4409, 'rank': 10, 'fitness': 0.9538115813845168, 'generation': 59}","{'id': 4409, 'rank': 11, 'fitness': 0.9538115813845168, 'generation': 59}","{'id': 4408, 'rank': 12, 'fitness': 0.8914829528872928, 'generation': 59}","{'id': 4405, 'rank': 13, 'fitness': 0.8831010041659157, 'generation': 59}","{'id': 4354, 'rank': 14, 'fitness': 0.8600640807267808, 'generation': 59}","{'id': 4290, 'rank': 15, 'fitness': 0.8546480630727293, 'generation': 59}","{'id': 4403, 'rank': 16, 'fitness': 0.8092490893956206, 'generation': 59}","{'id': 4385, 'rank': 17, 'fitness': 0.7918414754519565, 'generation': 59}","{'id': 4337, 'rank': 18, 'fitness': 0.77582956367454, 'generation': 59}","{'id': 4288, 'rank': 19, 'fitness': 0.7428447311222088, 'generation': 59}","{'id': 4384, 'rank': 20, 'fitness': 0.7147821244435127, 'generation': 59}","{'id': 4372, 'rank': 21, 'fitness': 0.6869861599712914, 'generation': 59}","{'id': 4415, 'rank': 22, 'fitness': 0.6393227567469855, 'generation': 59}","{'id': 4415, 'rank': 23, 'fitness': 0.6393227567469855, 'generation': 59}","{'id': 4355, 'rank': 24, 'fitness': 0.588106867002541, 'generation': 59}","{'id': 4418, 'rank': 25, 'fitness': 0.5056076456420115, 'generation': 59}","{'id': 4299, 'rank': 26, 'fitness': 0.47970428161946627, 'generation': 59}","{'id': 4406, 'rank': 27, 'fitness': 0.4339362644376239, 'generation': 59}","{'id': 4395, 'rank': 28, 'fitness': 0.35581310649142983, 'generation': 59}","{'id': 4375, 'rank': 29, 'fitness': 0.2815202911214755, 'generation': 59}","{'id': 4394, 'rank': 30, 'fitness': 0.01798620996209155, 'generation': 59}"
"{'id': 4449, 'rank': 1, 'fitness': 0.9820137900379085, 'generation': 60}","{'id': 4448, 'rank': 2, 'fitness': 0.9800794882010755, 'generation': 60}","{'id': 4448, 'rank': 3, 'fitness': 0.9800794882010755, 'generation': 60}","{'id': 4275, 'rank': 4, 'fitness': 0.9782236917763605, 'generation': 60}","{'id': 4481, 'rank': 5, 'fitness': 0.9780237740924248, 'generation': 60}","{'id': 4447, 'rank': 6, 'fitness': 0.9770251483654774, 'generation': 60}","{'id': 4472, 'rank': 7, 'fitness': 0.9757050637689031, 'generation': 60}","{'id': 4424, 'rank': 8, 'fitness': 0.9707808585498436, 'generation': 60}","{'id': 4459, 'rank': 9, 'fitness': 0.9679301692434857, 'generation': 60}","{'id': 4484, 'rank': 10, 'fitness': 0.9676956977308826, 'generation': 60}","{'id': 4290, 'rank': 11, 'fitness': 0.9634261084252249, 'generation': 60}","{'id': 4385, 'rank': 12, 'fitness': 0.9595056056446414, 'generation': 60}","{'id': 4385, 'rank': 13, 'fitness': 0.9595056056446414, 'generation': 60}","{'id': 4288, 'rank': 14, 'fitness': 0.9568230912094261, 'generation': 60}","{'id': 4384, 'rank': 15, 'fitness': 0.9553728029931161, 'generation': 60}","{'id': 4482, 'rank': 16, 'fitness': 0.9531720080073279, 'generation': 60}","{'id': 4479, 'rank': 17, 'fitness': 0.9368615343253326, 'generation': 60}","{'id': 4479, 'rank': 18, 'fitness': 0.9368615343253326, 'generation': 60}","{'id': 4375, 'rank': 19, 'fitness': 0.9316593057805765, 'generation': 60}","{'id': 4375, 'rank': 20, 'fitness': 0.9316593057805765, 'generation': 60}","{'id': 4473, 'rank': 21, 'fitness': 0.927198463502529, 'generation': 60}","{'id': 4438, 'rank': 22, 'fitness': 0.9147012261042959, 'generation': 60}","{'id': 4438, 'rank': 23, 'fitness': 0.9147012261042959, 'generation': 60}","{'id': 4480, 'rank': 24, 'fitness': 0.9050403160180585, 'generation': 60}","{'id': 4439, 'rank': 25, 'fitness': 0.7110883955449242, 'generation': 60}","{'id': 4487, 'rank': 26, 'fitness': 0.17985692902510186, 'generation': 60}","{'id': 4488, 'rank': 27, 'fitness': 0.023270022462311357, 'generation': 60}","{'id': 4432, 'rank': 28, 'fitness': 0.018324583965091845, 'generation': 60}","{'id': 4432, 'rank': 29, 'fitness': 0.018324583965091845, 'generation': 60}","{'id': 4427, 'rank': 30, 'fitness': 0.01798620996209155, 'generation': 60}"
"{'id': 4517, 'rank': 1, 'fitness': 0.9820137900379085, 'generation': 61}","{'id': 4530, 'rank': 2, 'fitness': 0.9816924576622179, 'generation': 61}","{'id': 4516, 'rank': 3, 'fitness': 0.9677586566519535, 'generation': 61}","{'id': 4516, 'rank': 4, 'fitness': 0.9677586566519535, 'generation': 61}","{'id': 4528, 'rank': 5, 'fitness': 0.9556048639626242, 'generation': 61}","{'id': 4519, 'rank': 6, 'fitness': 0.9516412125420234, 'generation': 61}","{'id': 4448, 'rank': 7, 'fitness': 0.9418514740967767, 'generation': 61}","{'id': 4523, 'rank': 8, 'fitness': 0.9322005809421556, 'generation': 61}","{'id': 4275, 'rank': 9, 'fitness': 0.9263716195913283, 'generation': 61}","{'id': 4472, 'rank': 10, 'fitness': 0.9021350378230313, 'generation': 61}","{'id': 4524, 'rank': 11, 'fitness': 0.891141462772274, 'generation': 61}","{'id': 4553, 'rank': 12, 'fitness': 0.8870667595334687, 'generation': 61}","{'id': 4553, 'rank': 13, 'fitness': 0.8870667595334687, 'generation': 61}","{'id': 4552, 'rank': 14, 'fitness': 0.8824602440619711, 'generation': 61}","{'id': 4520, 'rank': 15, 'fitness': 0.8689968527772878, 'generation': 61}","{'id': 4518, 'rank': 16, 'fitness': 0.8658978865002143, 'generation': 61}","{'id': 4508, 'rank': 17, 'fitness': 0.8405055676147313, 'generation': 61}","{'id': 4527, 'rank': 18, 'fitness': 0.8155815745466365, 'generation': 61}","{'id': 4484, 'rank': 19, 'fitness': 0.8033048900867336, 'generation': 61}","{'id': 4554, 'rank': 20, 'fitness': 0.7662682178075266, 'generation': 61}","{'id': 4504, 'rank': 21, 'fitness': 0.7171029288140185, 'generation': 61}","{'id': 4500, 'rank': 22, 'fitness': 0.7086150200432234, 'generation': 61}","{'id': 4500, 'rank': 23, 'fitness': 0.7086150200432234, 'generation': 61}","{'id': 4385, 'rank': 24, 'fitness': 0.6804884992840456, 'generation': 61}","{'id': 4288, 'rank': 25, 'fitness': 0.6387935490008333, 'generation': 61}","{'id': 4288, 'rank': 26, 'fitness': 0.6387935490008333, 'generation': 61}","{'id': 4438, 'rank': 27, 'fitness': 0.19069552438114823, 'generation': 61}","{'id': 4480, 'rank': 28, 'fitness': 0.14518037383038995, 'generation': 61}","{'id': 4560, 'rank': 29, 'fitness': 0.08560769986756245, 'generation': 61}","{'id': 4533, 'rank': 30, 'fitness': 0.01798620996209155, 'generation': 61}"
"{'id': 4576, 'rank': 1, 'fitness': 0.9820137900379085, 'generation': 62}","{'id': 4588, 'rank': 2, 'fitness': 0.9761813686732386, 'generation': 62}","{'id': 4588, 'rank': 3, 'fitness': 0.9761813686732386, 'generation': 62}","{'id': 4588, 'rank': 4, 'fitness': 0.9761813686732386, 'generation': 62}","{'id': 4587, 'rank': 5, 'fitness': 0.9736898177714349, 'generation': 62}","{'id': 4577, 'rank': 6, 'fitness': 0.9719030896130239, 'generation': 62}","{'id': 4528, 'rank': 7, 'fitness': 0.9534017042078771, 'generation': 62}","{'id': 4519, 'rank': 8, 'fitness': 0.9520438935035628, 'generation': 62}","{'id': 4519, 'rank': 9, 'fitness': 0.9520438935035628, 'generation': 62}","{'id': 4584, 'rank': 10, 'fitness': 0.9494813553748821, 'generation': 62}","{'id': 4275, 'rank': 11, 'fitness': 0.9446924640294341, 'generation': 62}","{'id': 4524, 'rank': 12, 'fitness': 0.9366396429620576, 'generation': 62}","{'id': 4524, 'rank': 13, 'fitness': 0.9366396429620576, 'generation': 62}","{'id': 4553, 'rank': 14, 'fitness': 0.9358100251321773, 'generation': 62}","{'id': 4552, 'rank': 15, 'fitness': 0.9348914420694181, 'generation': 62}","{'id': 4520, 'rank': 16, 'fitness': 0.9323113382549888, 'generation': 62}","{'id': 4613, 'rank': 17, 'fitness': 0.9296226748474232, 'generation': 62}","{'id': 4613, 'rank': 18, 'fitness': 0.9296226748474232, 'generation': 62}","{'id': 4600, 'rank': 19, 'fitness': 0.9273063524945495, 'generation': 62}","{'id': 4612, 'rank': 20, 'fitness': 0.926376523376389, 'generation': 62}","{'id': 4527, 'rank': 21, 'fitness': 0.9231864360991902, 'generation': 62}","{'id': 4504, 'rank': 22, 'fitness': 0.9088225744905496, 'generation': 62}","{'id': 4504, 'rank': 23, 'fitness': 0.9088225744905496, 'generation': 62}","{'id': 4288, 'rank': 24, 'fitness': 0.8982851055874278, 'generation': 62}","{'id': 4288, 'rank': 25, 'fitness': 0.8982851055874278, 'generation': 62}","{'id': 4288, 'rank': 26, 'fitness': 0.8982851055874278, 'generation': 62}","{'id': 4609, 'rank': 27, 'fitness': 0.8482956897203606, 'generation': 62}","{'id': 4611, 'rank': 28, 'fitness': 0.8344550721761046, 'generation': 62}","{'id': 4560, 'rank': 29, 'fitness': 0.7668107969969861, 'generation': 62}","{'id': 4567, 'rank': 30, 'fitness': 0.01798620996209155, 'generation': 62}"
"{'id': 4588, 'rank': 1, 'fitness': 0.9820137900379085, 'generation': 63}","{'id': 4588, 'rank': 2, 'fitness': 0.9820137900379085, 'generation': 63}","{'id': 4588, 'rank': 3, 'fitness': 0.9820137900379085, 'generation': 63}","{'id': 4587, 'rank': 4, 'fitness': 0.9773334657107856, 'generation': 63}","{'id': 4587, 'rank': 5, 'fitness': 0.9773334657107856, 'generation': 63}","{'id': 4683, 'rank': 6, 'fitness': 0.975490138157117, 'generation': 63}","{'id': 4577, 'rank': 7, 'fitness': 0.9736014893514989, 'generation': 63}","{'id': 4577, 'rank': 8, 'fitness': 0.9736014893514989, 'generation': 63}","{'id': 4684, 'rank': 9, 'fitness': 0.9730482204419506, 'generation': 63}","{'id': 4645, 'rank': 10, 'fitness': 0.9714834964860943, 'generation': 63}","{'id': 4651, 'rank': 11, 'fitness': 0.9714623001134077, 'generation': 63}","{'id': 4648, 'rank': 12, 'fitness': 0.9687419520839058, 'generation': 63}","{'id': 4680, 'rank': 13, 'fitness': 0.9454572123002493, 'generation': 63}","{'id': 4528, 'rank': 14, 'fitness': 0.9162844659949652, 'generation': 63}","{'id': 4519, 'rank': 15, 'fitness': 0.9107771540848759, 'generation': 63}","{'id': 4649, 'rank': 16, 'fitness': 0.9036561095716241, 'generation': 63}","{'id': 4584, 'rank': 17, 'fitness': 0.8999349460959961, 'generation': 63}","{'id': 4696, 'rank': 18, 'fitness': 0.8806829167144632, 'generation': 63}","{'id': 4644, 'rank': 19, 'fitness': 0.8596947620231503, 'generation': 63}","{'id': 4644, 'rank': 20, 'fitness': 0.8596947620231503, 'generation': 63}","{'id': 4600, 'rank': 21, 'fitness': 0.7858318013142038, 'generation': 63}","{'id': 4638, 'rank': 22, 'fitness': 0.7569696196657065, 'generation': 63}","{'id': 4646, 'rank': 23, 'fitness': 0.7093716932231127, 'generation': 63}","{'id': 4504, 'rank': 24, 'fitness': 0.6746534991955094, 'generation': 63}","{'id': 4652, 'rank': 25, 'fitness': 0.6619410233712175, 'generation': 63}","{'id': 4288, 'rank': 26, 'fitness': 0.6104792968430092, 'generation': 63}","{'id': 4664, 'rank': 27, 'fitness': 0.399041858944675, 'generation': 63}","{'id': 4659, 'rank': 28, 'fitness': 0.240699451190244, 'generation': 63}","{'id': 4660, 'rank': 29, 'fitness': 0.20668281602780797, 'generation': 63}","{'id': 4654, 'rank': 30, 'fitness': 0.01798620996209155, 'generation': 63}"
"{'id': 4761, 'rank': 1, 'fitness': 0.9820137900379085, 'generation': 64}","{'id': 4761, 'rank': 2, 'fitness': 0.9820137900379085, 'generation': 64}","{'id': 4761, 'rank': 3, 'fitness': 0.9820137900379085, 'generation': 64}","{'id': 4784, 'rank': 4, 'fitness': 0.9812003703711099, 'generation': 64}","{'id': 4755, 'rank': 5, 'fitness': 0.9811121993547631, 'generation': 64}","{'id': 4755, 'rank': 6, 'fitness': 0.9811121993547631, 'generation': 64}","{'id': 4732, 'rank': 7, 'fitness': 0.9810700875918238, 'generation': 64}","{'id': 4783, 'rank': 8, 'fitness': 0.9810462700264899, 'generation': 64}","{'id': 4712, 'rank': 9, 'fitness': 0.9810361342818865, 'generation': 64}","{'id': 4712, 'rank': 10, 'fitness': 0.9810361342818865, 'generation': 64}","{'id': 4588, 'rank': 11, 'fitness': 0.981027019407013, 'generation': 64}","{'id': 4588, 'rank': 12, 'fitness': 0.981027019407013, 'generation': 64}","{'id': 4762, 'rank': 13, 'fitness': 0.9805024746892568, 'generation': 64}","{'id': 4577, 'rank': 14, 'fitness': 0.9804158647462246, 'generation': 64}","{'id': 4722, 'rank': 15, 'fitness': 0.9802831949486408, 'generation': 64}","{'id': 4713, 'rank': 16, 'fitness': 0.9801425092076312, 'generation': 64}","{'id': 4724, 'rank': 17, 'fitness': 0.9800342900963568, 'generation': 64}","{'id': 4725, 'rank': 18, 'fitness': 0.9797970588123563, 'generation': 64}","{'id': 4723, 'rank': 19, 'fitness': 0.9796072750993912, 'generation': 64}","{'id': 4720, 'rank': 20, 'fitness': 0.9795017646666357, 'generation': 64}","{'id': 4528, 'rank': 21, 'fitness': 0.9783985085712295, 'generation': 64}","{'id': 4600, 'rank': 22, 'fitness': 0.9764108108516101, 'generation': 64}","{'id': 4646, 'rank': 23, 'fitness': 0.9756246047306631, 'generation': 64}","{'id': 4652, 'rank': 24, 'fitness': 0.9751889916176537, 'generation': 64}","{'id': 4288, 'rank': 25, 'fitness': 0.9747412300256246, 'generation': 64}","{'id': 4730, 'rank': 26, 'fitness': 0.9746049060804682, 'generation': 64}","{'id': 4775, 'rank': 27, 'fitness': 0.964857239363313, 'generation': 64}","{'id': 4778, 'rank': 28, 'fitness': 0.9617644023017721, 'generation': 64}","{'id': 4717, 'rank': 29, 'fitness': 0.954259660189688, 'generation': 64}","{'id': 4779, 'rank': 30, 'fitness': 0.01798620996209155, 'generation': 64}"
"{'id': 4862, 'rank': 1, 'fitness': 0.9820137900379085, 'generation': 65}","{'id': 4761, 'rank': 2, 'fitness': 0.9725339203493848, 'generation': 65}","{'id': 4806, 'rank': 3, 'fitness': 0.970253512341523, 'generation': 65}","{'id': 4819, 'rank': 4, 'fitness': 0.9637561084763213, 'generation': 65}","{'id': 4819, 'rank': 5, 'fitness': 0.9637561084763213, 'generation': 65}","{'id': 4819, 'rank': 6, 'fitness': 0.9637561084763213, 'generation': 65}","{'id': 4819, 'rank': 7, 'fitness': 0.9637561084763213, 'generation': 65}","{'id': 4807, 'rank': 8, 'fitness': 0.9598214876857897, 'generation': 65}","{'id': 4784, 'rank': 9, 'fitness': 0.9579924182464433, 'generation': 65}","{'id': 4800, 'rank': 10, 'fitness': 0.9569206754594174, 'generation': 65}","{'id': 4755, 'rank': 11, 'fitness': 0.9560781004642687, 'generation': 65}","{'id': 4712, 'rank': 12, 'fitness': 0.9543674504754125, 'generation': 65}","{'id': 4712, 'rank': 13, 'fitness': 0.9543674504754125, 'generation': 65}","{'id': 4712, 'rank': 14, 'fitness': 0.9543674504754125, 'generation': 65}","{'id': 4712, 'rank': 15, 'fitness': 0.9543674504754125, 'generation': 65}","{'id': 4588, 'rank': 16, 'fitness': 0.9541587172599135, 'generation': 65}","{'id': 4588, 'rank': 17, 'fitness': 0.9541587172599135, 'generation': 65}","{'id': 4810, 'rank': 18, 'fitness': 0.9522273002166126, 'generation': 65}","{'id': 4826, 'rank': 19, 'fitness': 0.9516103273146742, 'generation': 65}","{'id': 4842, 'rank': 20, 'fitness': 0.9491870635320376, 'generation': 65}","{'id': 4865, 'rank': 21, 'fitness': 0.9450239097966969, 'generation': 65}","{'id': 4866, 'rank': 22, 'fitness': 0.9429553865307114, 'generation': 65}","{'id': 4866, 'rank': 23, 'fitness': 0.9429553865307114, 'generation': 65}","{'id': 4822, 'rank': 24, 'fitness': 0.9412506961157948, 'generation': 65}","{'id': 4843, 'rank': 25, 'fitness': 0.9259164851129298, 'generation': 65}","{'id': 4832, 'rank': 26, 'fitness': 0.8758963422800854, 'generation': 65}","{'id': 4875, 'rank': 27, 'fitness': 0.5812549856356204, 'generation': 65}","{'id': 4873, 'rank': 28, 'fitness': 0.5801037886387044, 'generation': 65}","{'id': 4853, 'rank': 29, 'fitness': 0.4935747853453229, 'generation': 65}","{'id': 4778, 'rank': 30, 'fitness': 0.01798620996209155, 'generation': 65}"
"{'id': 4944, 'rank': 1, 'fitness': 0.9820137900379085, 'generation': 66}","{'id': 4890, 'rank': 2, 'fitness': 0.9801945606416966, 'generation': 66}","{'id': 4943, 'rank': 3, 'fitness': 0.9801385896183604, 'generation': 66}","{'id': 4916, 'rank': 4, 'fitness': 0.9801080803304354, 'generation': 66}","{'id': 4936, 'rank': 5, 'fitness': 0.9793163442993149, 'generation': 66}","{'id': 4953, 'rank': 6, 'fitness': 0.9791170842239336, 'generation': 66}","{'id': 4889, 'rank': 7, 'fitness': 0.9789737049874934, 'generation': 66}","{'id': 4889, 'rank': 8, 'fitness': 0.9789737049874934, 'generation': 66}","{'id': 4761, 'rank': 9, 'fitness': 0.9789163678290174, 'generation': 66}","{'id': 4806, 'rank': 10, 'fitness': 0.9785548365927572, 'generation': 66}","{'id': 4917, 'rank': 11, 'fitness': 0.9777137762473156, 'generation': 66}","{'id': 4784, 'rank': 12, 'fitness': 0.9769070753183895, 'generation': 66}","{'id': 4755, 'rank': 13, 'fitness': 0.9766837824944453, 'generation': 66}","{'id': 4896, 'rank': 14, 'fitness': 0.9765905614086821, 'generation': 66}","{'id': 4896, 'rank': 15, 'fitness': 0.9765905614086821, 'generation': 66}","{'id': 4894, 'rank': 16, 'fitness': 0.976572377784663, 'generation': 66}","{'id': 4712, 'rank': 17, 'fitness': 0.9764902860664535, 'generation': 66}","{'id': 4588, 'rank': 18, 'fitness': 0.976467045851017, 'generation': 66}","{'id': 4950, 'rank': 19, 'fitness': 0.9761742293742971, 'generation': 66}","{'id': 4886, 'rank': 20, 'fitness': 0.9759194244129155, 'generation': 66}","{'id': 4877, 'rank': 21, 'fitness': 0.9758270808440765, 'generation': 66}","{'id': 4866, 'rank': 22, 'fitness': 0.9753201931846571, 'generation': 66}","{'id': 4878, 'rank': 23, 'fitness': 0.9739092572212238, 'generation': 66}","{'id': 4941, 'rank': 24, 'fitness': 0.973715854587527, 'generation': 66}","{'id': 4938, 'rank': 25, 'fitness': 0.9730811275469368, 'generation': 66}","{'id': 4895, 'rank': 26, 'fitness': 0.972253066586426, 'generation': 66}","{'id': 4895, 'rank': 27, 'fitness': 0.972253066586426, 'generation': 66}","{'id': 4930, 'rank': 28, 'fitness': 0.970221679881775, 'generation': 66}","{'id': 4778, 'rank': 29, 'fitness': 0.903522724896237, 'generation': 66}","{'id': 4904, 'rank': 30, 'fitness': 0.01798620996209155, 'generation': 66}"
"{'id': 4956, 'rank': 1, 'fitness': 0.9820137900379085, 'generation': 67}","{'id': 5019, 'rank': 2, 'fitness': 0.9792735666816201, 'generation': 67}","{'id': 4969, 'rank': 3, 'fitness': 0.9467676308475313, 'generation': 67}","{'id': 5017, 'rank': 4, 'fitness': 0.9293391117191689, 'generation': 67}","{'id': 5017, 'rank': 5, 'fitness': 0.9293391117191689, 'generation': 67}","{'id': 4943, 'rank': 6, 'fitness': 0.8750364123931289, 'generation': 67}","{'id': 5002, 'rank': 7, 'fitness': 0.871964797101058, 'generation': 67}","{'id': 5010, 'rank': 8, 'fitness': 0.8515042890168403, 'generation': 67}","{'id': 4967, 'rank': 9, 'fitness': 0.8249773697081718, 'generation': 67}","{'id': 4966, 'rank': 10, 'fitness': 0.7894427295228433, 'generation': 67}","{'id': 4991, 'rank': 11, 'fitness': 0.7874273398684712, 'generation': 67}","{'id': 4991, 'rank': 12, 'fitness': 0.7874273398684712, 'generation': 67}","{'id': 5044, 'rank': 13, 'fitness': 0.7771226478353443, 'generation': 67}","{'id': 5011, 'rank': 14, 'fitness': 0.7573819187525608, 'generation': 67}","{'id': 5011, 'rank': 15, 'fitness': 0.7573819187525608, 'generation': 67}","{'id': 4957, 'rank': 16, 'fitness': 0.7405612067855654, 'generation': 67}","{'id': 4957, 'rank': 17, 'fitness': 0.7405612067855654, 'generation': 67}","{'id': 4889, 'rank': 18, 'fitness': 0.7182637093026669, 'generation': 67}","{'id': 4889, 'rank': 19, 'fitness': 0.7182637093026669, 'generation': 67}","{'id': 5030, 'rank': 20, 'fitness': 0.5891926709556843, 'generation': 67}","{'id': 4917, 'rank': 21, 'fitness': 0.475754109108185, 'generation': 67}","{'id': 4978, 'rank': 22, 'fitness': 0.43702944807936717, 'generation': 67}","{'id': 5020, 'rank': 23, 'fitness': 0.2953401639170489, 'generation': 67}","{'id': 4894, 'rank': 24, 'fitness': 0.2719640920582597, 'generation': 67}","{'id': 5041, 'rank': 25, 'fitness': 0.2590908572962394, 'generation': 67}","{'id': 4960, 'rank': 26, 'fitness': 0.23681940159717596, 'generation': 67}","{'id': 5005, 'rank': 27, 'fitness': 0.1883032104905461, 'generation': 67}","{'id': 4973, 'rank': 28, 'fitness': 0.08274210221507772, 'generation': 67}","{'id': 5037, 'rank': 29, 'fitness': 0.06840967006970539, 'generation': 67}","{'id': 4895, 'rank': 30, 'fitness': 0.01798620996209155, 'generation': 67}"
"{'id': 5096, 'rank': 1, 'fitness': 0.9820137900379085, 'generation': 68}","{'id': 4956, 'rank': 2, 'fitness': 0.9819186287991589, 'generation': 68}","{'id': 5071, 'rank': 3, 'fitness': 0.9816424812807238, 'generation': 68}","{'id': 5017, 'rank': 4, 'fitness': 0.9811772331511587, 'generation': 68}","{'id': 5017, 'rank': 5, 'fitness': 0.9811772331511587, 'generation': 68}","{'id': 5017, 'rank': 6, 'fitness': 0.9811772331511587, 'generation': 68}","{'id': 5095, 'rank': 7, 'fitness': 0.9811185047948341, 'generation': 68}","{'id': 4943, 'rank': 8, 'fitness': 0.9808394670014631, 'generation': 68}","{'id': 5011, 'rank': 9, 'fitness': 0.9803978744487468, 'generation': 68}","{'id': 4957, 'rank': 10, 'fitness': 0.9803483473019897, 'generation': 68}","{'id': 5073, 'rank': 11, 'fitness': 0.9803216611536769, 'generation': 68}","{'id': 4889, 'rank': 12, 'fitness': 0.9802856224432102, 'generation': 68}","{'id': 5092, 'rank': 13, 'fitness': 0.9800597206464589, 'generation': 68}","{'id': 4917, 'rank': 14, 'fitness': 0.9797032085011733, 'generation': 68}","{'id': 5037, 'rank': 15, 'fitness': 0.9782141972462897, 'generation': 68}","{'id': 5072, 'rank': 16, 'fitness': 0.9766330712611928, 'generation': 68}","{'id': 5072, 'rank': 17, 'fitness': 0.9766330712611928, 'generation': 68}","{'id': 5110, 'rank': 18, 'fitness': 0.973514336947465, 'generation': 68}","{'id': 5112, 'rank': 19, 'fitness': 0.9708895876022602, 'generation': 68}","{'id': 5067, 'rank': 20, 'fitness': 0.9699622028498671, 'generation': 68}","{'id': 5061, 'rank': 21, 'fitness': 0.9694482291901705, 'generation': 68}","{'id': 5102, 'rank': 22, 'fitness': 0.9629265908423894, 'generation': 68}","{'id': 5103, 'rank': 23, 'fitness': 0.9553054616906731, 'generation': 68}","{'id': 5098, 'rank': 24, 'fitness': 0.9482045418198184, 'generation': 68}","{'id': 5100, 'rank': 25, 'fitness': 0.9394614146614004, 'generation': 68}","{'id': 5057, 'rank': 26, 'fitness': 0.8960054473921767, 'generation': 68}","{'id': 5057, 'rank': 27, 'fitness': 0.8960054473921767, 'generation': 68}","{'id': 5062, 'rank': 28, 'fitness': 0.07489886670679746, 'generation': 68}","{'id': 5064, 'rank': 29, 'fitness': 0.056185423499053144, 'generation': 68}","{'id': 5083, 'rank': 30, 'fitness': 0.01798620996209155, 'generation': 68}"
"{'id': 5152, 'rank': 1, 'fitness': 0.9820137900379085, 'generation': 69}","{'id': 5152, 'rank': 2, 'fitness': 0.9820137900379085, 'generation': 69}","{'id': 5164, 'rank': 3, 'fitness': 0.9817691528581098, 'generation': 69}","{'id': 5166, 'rank': 4, 'fitness': 0.9798686094303701, 'generation': 69}","{'id': 5096, 'rank': 5, 'fitness': 0.9779967597727659, 'generation': 69}","{'id': 5131, 'rank': 6, 'fitness': 0.9778762846636367, 'generation': 69}","{'id': 5155, 'rank': 7, 'fitness': 0.9769996899274247, 'generation': 69}","{'id': 5144, 'rank': 8, 'fitness': 0.9702671263559343, 'generation': 69}","{'id': 5134, 'rank': 9, 'fitness': 0.9701619726101883, 'generation': 69}","{'id': 5141, 'rank': 10, 'fitness': 0.969692683729289, 'generation': 69}","{'id': 5095, 'rank': 11, 'fitness': 0.9689711470492532, 'generation': 69}","{'id': 5135, 'rank': 12, 'fitness': 0.9668630227720642, 'generation': 69}","{'id': 5182, 'rank': 13, 'fitness': 0.9666655023920293, 'generation': 69}","{'id': 5147, 'rank': 14, 'fitness': 0.965776636247071, 'generation': 69}","{'id': 5129, 'rank': 15, 'fitness': 0.9640658183881939, 'generation': 69}","{'id': 5011, 'rank': 16, 'fitness': 0.9596473967459398, 'generation': 69}","{'id': 4957, 'rank': 17, 'fitness': 0.9589304011874424, 'generation': 69}","{'id': 4957, 'rank': 18, 'fitness': 0.9589304011874424, 'generation': 69}","{'id': 5169, 'rank': 19, 'fitness': 0.957070622384184, 'generation': 69}","{'id': 5126, 'rank': 20, 'fitness': 0.9529023581607894, 'generation': 69}","{'id': 5184, 'rank': 21, 'fitness': 0.952052564224178, 'generation': 69}","{'id': 5184, 'rank': 22, 'fitness': 0.952052564224178, 'generation': 69}","{'id': 5198, 'rank': 23, 'fitness': 0.9480961819709837, 'generation': 69}","{'id': 5132, 'rank': 24, 'fitness': 0.9468334291945047, 'generation': 69}","{'id': 5196, 'rank': 25, 'fitness': 0.9248840247924234, 'generation': 69}","{'id': 5201, 'rank': 26, 'fitness': 0.8832554122459666, 'generation': 69}","{'id': 5072, 'rank': 27, 'fitness': 0.8685658535468677, 'generation': 69}","{'id': 5206, 'rank': 28, 'fitness': 0.6576252790411687, 'generation': 69}","{'id': 5067, 'rank': 29, 'fitness': 0.5120321259962624, 'generation': 69}","{'id': 5098, 'rank': 30, 'fitness': 0.01798620996209155, 'generation': 69}"
"{'id': 5278, 'rank': 1, 'fitness': 0.9820137900379085, 'generation': 70}","{'id': 5255, 'rank': 2, 'fitness': 0.9806982624359681, 'generation': 70}","{'id': 5235, 'rank': 3, 'fitness': 0.9657862563607917, 'generation': 70}","{'id': 5152, 'rank': 4, 'fitness': 0.9591316597303003, 'generation': 70}","{'id': 5164, 'rank': 5, 'fitness': 0.9571882293381424, 'generation': 70}","{'id': 5164, 'rank': 6, 'fitness': 0.9571882293381424, 'generation': 70}","{'id': 5166, 'rank': 7, 'fitness': 0.9399643788178859, 'generation': 70}","{'id': 5279, 'rank': 8, 'fitness': 0.9362113231309767, 'generation': 70}","{'id': 5131, 'rank': 9, 'fitness': 0.9176755561931378, 'generation': 70}","{'id': 5256, 'rank': 10, 'fitness': 0.9106425205632913, 'generation': 70}","{'id': 5259, 'rank': 11, 'fitness': 0.8965055318892298, 'generation': 70}","{'id': 5282, 'rank': 12, 'fitness': 0.8853429032905736, 'generation': 70}","{'id': 5225, 'rank': 13, 'fitness': 0.8515120015839654, 'generation': 70}","{'id': 5141, 'rank': 14, 'fitness': 0.78115879916444, 'generation': 70}","{'id': 5147, 'rank': 15, 'fitness': 0.696342688968162, 'generation': 70}","{'id': 5147, 'rank': 16, 'fitness': 0.696342688968162, 'generation': 70}","{'id': 5250, 'rank': 17, 'fitness': 0.5263462325183379, 'generation': 70}","{'id': 5280, 'rank': 18, 'fitness': 0.5140617152552476, 'generation': 70}","{'id': 5280, 'rank': 19, 'fitness': 0.5140617152552476, 'generation': 70}","{'id': 5184, 'rank': 20, 'fitness': 0.3992088302852562, 'generation': 70}","{'id': 5232, 'rank': 21, 'fitness': 0.33322970767221727, 'generation': 70}","{'id': 5132, 'rank': 22, 'fitness': 0.3116866419111992, 'generation': 70}","{'id': 5252, 'rank': 23, 'fitness': 0.3026421900974431, 'generation': 70}","{'id': 5223, 'rank': 24, 'fitness': 0.29801133184227463, 'generation': 70}","{'id': 5223, 'rank': 25, 'fitness': 0.29801133184227463, 'generation': 70}","{'id': 5240, 'rank': 26, 'fitness': 0.22649134941087168, 'generation': 70}","{'id': 5265, 'rank': 27, 'fitness': 0.13582124768954967, 'generation': 70}","{'id': 5227, 'rank': 28, 'fitness': 0.09723878192641033, 'generation': 70}","{'id': 5243, 'rank': 29, 'fitness': 0.08590285320869379, 'generation': 70}","{'id': 5242, 'rank': 30, 'fitness': 0.01798620996209155, 'generation': 70}"
"{'id': 5331, 'rank': 1, 'fitness': 0.9820137900379085, 'generation': 71}","{'id': 5332, 'rank': 2, 'fitness': 0.9814269337093666, 'generation': 71}","{'id': 5316, 'rank': 3, 'fitness': 0.9805670871196754, 'generation': 71}","{'id': 5316, 'rank': 4, 'fitness': 0.9805670871196754, 'generation': 71}","{'id': 5152, 'rank': 5, 'fitness': 0.9804159458142486, 'generation': 71}","{'id': 5164, 'rank': 6, 'fitness': 0.9803662988204551, 'generation': 71}","{'id': 5286, 'rank': 7, 'fitness': 0.9802171037820409, 'generation': 71}","{'id': 5314, 'rank': 8, 'fitness': 0.9801915669540076, 'generation': 71}","{'id': 5296, 'rank': 9, 'fitness': 0.9801443070874214, 'generation': 71}","{'id': 5166, 'rank': 10, 'fitness': 0.9799976802630954, 'generation': 71}","{'id': 5279, 'rank': 11, 'fitness': 0.9799300811115256, 'generation': 71}","{'id': 5279, 'rank': 12, 'fitness': 0.9799300811115256, 'generation': 71}","{'id': 5131, 'rank': 13, 'fitness': 0.9796398797345085, 'generation': 71}","{'id': 5131, 'rank': 14, 'fitness': 0.9796398797345085, 'generation': 71}","{'id': 5131, 'rank': 15, 'fitness': 0.9796398797345085, 'generation': 71}","{'id': 5326, 'rank': 16, 'fitness': 0.9790038013172317, 'generation': 71}","{'id': 5225, 'rank': 17, 'fitness': 0.9789216395972256, 'generation': 71}","{'id': 5147, 'rank': 18, 'fitness': 0.9778903918610099, 'generation': 71}","{'id': 5325, 'rank': 19, 'fitness': 0.9778814312064079, 'generation': 71}","{'id': 5280, 'rank': 20, 'fitness': 0.9769816602076904, 'generation': 71}","{'id': 5280, 'rank': 21, 'fitness': 0.9769816602076904, 'generation': 71}","{'id': 5184, 'rank': 22, 'fitness': 0.9764180191475536, 'generation': 71}","{'id': 5232, 'rank': 23, 'fitness': 0.9760661321589518, 'generation': 71}","{'id': 5223, 'rank': 24, 'fitness': 0.9758622572664177, 'generation': 71}","{'id': 5223, 'rank': 25, 'fitness': 0.9758622572664177, 'generation': 71}","{'id': 5242, 'rank': 26, 'fitness': 0.9715881860588368, 'generation': 71}","{'id': 5310, 'rank': 27, 'fitness': 0.9664632969448155, 'generation': 71}","{'id': 5310, 'rank': 28, 'fitness': 0.9664632969448155, 'generation': 71}","{'id': 5290, 'rank': 29, 'fitness': 0.05654573286015696, 'generation': 71}","{'id': 5291, 'rank': 30, 'fitness': 0.01798620996209155, 'generation': 71}"
"{'id': 5377, 'rank': 1, 'fitness': 0.9820137900379085, 'generation': 72}","{'id': 5332, 'rank': 2, 'fitness': 0.9728074289019818, 'generation': 72}","{'id': 5406, 'rank': 3, 'fitness': 0.9569555798653682, 'generation': 72}","{'id': 5406, 'rank': 4, 'fitness': 0.9569555798653682, 'generation': 72}","{'id': 5376, 'rank': 5, 'fitness': 0.9562901775958574, 'generation': 72}","{'id': 5372, 'rank': 6, 'fitness': 0.9560673666501818, 'generation': 72}","{'id': 5359, 'rank': 7, 'fitness': 0.9547794009205196, 'generation': 72}","{'id': 5359, 'rank': 8, 'fitness': 0.9547794009205196, 'generation': 72}","{'id': 5316, 'rank': 9, 'fitness': 0.9526056176864033, 'generation': 72}","{'id': 5152, 'rank': 10, 'fitness': 0.9479425015182772, 'generation': 72}","{'id': 5152, 'rank': 11, 'fitness': 0.9479425015182772, 'generation': 72}","{'id': 5374, 'rank': 12, 'fitness': 0.9455084040430766, 'generation': 72}","{'id': 5296, 'rank': 13, 'fitness': 0.9385622825594797, 'generation': 72}","{'id': 5360, 'rank': 14, 'fitness': 0.9382364926262861, 'generation': 72}","{'id': 5360, 'rank': 15, 'fitness': 0.9382364926262861, 'generation': 72}","{'id': 5345, 'rank': 16, 'fitness': 0.9376331554542519, 'generation': 72}","{'id': 5166, 'rank': 17, 'fitness': 0.9329244108678164, 'generation': 72}","{'id': 5350, 'rank': 18, 'fitness': 0.9180475853839412, 'generation': 72}","{'id': 5411, 'rank': 19, 'fitness': 0.9098099108141555, 'generation': 72}","{'id': 5408, 'rank': 20, 'fitness': 0.908921092577776, 'generation': 72}","{'id': 5408, 'rank': 21, 'fitness': 0.908921092577776, 'generation': 72}","{'id': 5408, 'rank': 22, 'fitness': 0.908921092577776, 'generation': 72}","{'id': 5409, 'rank': 23, 'fitness': 0.9071977583917618, 'generation': 72}","{'id': 5326, 'rank': 24, 'fitness': 0.8822354074410221, 'generation': 72}","{'id': 5341, 'rank': 25, 'fitness': 0.8677190589838835, 'generation': 72}","{'id': 5357, 'rank': 26, 'fitness': 0.8671185642773263, 'generation': 72}","{'id': 5393, 'rank': 27, 'fitness': 0.8431061828392803, 'generation': 72}","{'id': 5413, 'rank': 28, 'fitness': 0.6201361273331967, 'generation': 72}","{'id': 5223, 'rank': 29, 'fitness': 0.5574910828900513, 'generation': 72}","{'id': 5310, 'rank': 30, 'fitness': 0.01798620996209155, 'generation': 72}"
"{'id': 5457, 'rank': 1, 'fitness': 0.9820137900379085, 'generation': 73}","{'id': 5457, 'rank': 2, 'fitness': 0.9820137900379085, 'generation': 73}","{'id': 5478, 'rank': 3, 'fitness': 0.9589744012073186, 'generation': 73}","{'id': 5479, 'rank': 4, 'fitness': 0.9448611025935346, 'generation': 73}","{'id': 5437, 'rank': 5, 'fitness': 0.9275117576049683, 'generation': 73}","{'id': 5480, 'rank': 6, 'fitness': 0.9164892925035948, 'generation': 73}","{'id': 5436, 'rank': 7, 'fitness': 0.9053915094424834, 'generation': 73}","{'id': 5332, 'rank': 8, 'fitness': 0.9042727364855752, 'generation': 73}","{'id': 5500, 'rank': 9, 'fitness': 0.8797032845679621, 'generation': 73}","{'id': 5475, 'rank': 10, 'fitness': 0.8773146459863026, 'generation': 73}","{'id': 5406, 'rank': 11, 'fitness': 0.8768935748952823, 'generation': 73}","{'id': 5406, 'rank': 12, 'fitness': 0.8768935748952823, 'generation': 73}","{'id': 5472, 'rank': 13, 'fitness': 0.8556032997949155, 'generation': 73}","{'id': 5464, 'rank': 14, 'fitness': 0.8491223844719009, 'generation': 73}","{'id': 5464, 'rank': 15, 'fitness': 0.8491223844719009, 'generation': 73}","{'id': 5444, 'rank': 16, 'fitness': 0.8229904267468897, 'generation': 73}","{'id': 5505, 'rank': 17, 'fitness': 0.8176357992617888, 'generation': 73}","{'id': 5408, 'rank': 18, 'fitness': 0.8157819289346866, 'generation': 73}","{'id': 5484, 'rank': 19, 'fitness': 0.8096102190531055, 'generation': 73}","{'id': 5326, 'rank': 20, 'fitness': 0.7888259050081226, 'generation': 73}","{'id': 5423, 'rank': 21, 'fitness': 0.7771832072582856, 'generation': 73}","{'id': 5474, 'rank': 22, 'fitness': 0.7752263752206361, 'generation': 73}","{'id': 5477, 'rank': 23, 'fitness': 0.7750487217857468, 'generation': 73}","{'id': 5497, 'rank': 24, 'fitness': 0.6787912745572702, 'generation': 73}","{'id': 5488, 'rank': 25, 'fitness': 0.6763609299591233, 'generation': 73}","{'id': 5438, 'rank': 26, 'fitness': 0.6237996108569132, 'generation': 73}","{'id': 5503, 'rank': 27, 'fitness': 0.6228860866693078, 'generation': 73}","{'id': 5447, 'rank': 28, 'fitness': 0.3722215921092723, 'generation': 73}","{'id': 5441, 'rank': 29, 'fitness': 0.26823290256890187, 'generation': 73}","{'id': 5470, 'rank': 30, 'fitness': 0.01798620996209155, 'generation': 73}"
"{'id': 5531, 'rank': 1, 'fitness': 0.9820137900379085, 'generation': 74}","{'id': 5519, 'rank': 2, 'fitness': 0.9816364356591086, 'generation': 74}","{'id': 5457, 'rank': 3, 'fitness': 0.9806758176779476, 'generation': 74}","{'id': 5532, 'rank': 4, 'fitness': 0.9799892694111425, 'generation': 74}","{'id': 5520, 'rank': 5, 'fitness': 0.9794475143850829, 'generation': 74}","{'id': 5566, 'rank': 6, 'fitness': 0.9765776772362651, 'generation': 74}","{'id': 5479, 'rank': 7, 'fitness': 0.9752114039781088, 'generation': 74}","{'id': 5578, 'rank': 8, 'fitness': 0.9748726351025985, 'generation': 74}","{'id': 5524, 'rank': 9, 'fitness': 0.9741306926763306, 'generation': 74}","{'id': 5437, 'rank': 10, 'fitness': 0.9736116622097746, 'generation': 74}","{'id': 5437, 'rank': 11, 'fitness': 0.9736116622097746, 'generation': 74}","{'id': 5546, 'rank': 12, 'fitness': 0.9705449167304465, 'generation': 74}","{'id': 5500, 'rank': 13, 'fitness': 0.9702627637428276, 'generation': 74}","{'id': 5472, 'rank': 14, 'fitness': 0.9688996586489558, 'generation': 74}","{'id': 5408, 'rank': 15, 'fitness': 0.9669126359453525, 'generation': 74}","{'id': 5408, 'rank': 16, 'fitness': 0.9669126359453525, 'generation': 74}","{'id': 5484, 'rank': 17, 'fitness': 0.9666264244694943, 'generation': 74}","{'id': 5484, 'rank': 18, 'fitness': 0.9666264244694943, 'generation': 74}","{'id': 5423, 'rank': 19, 'fitness': 0.965193002853774, 'generation': 74}","{'id': 5537, 'rank': 20, 'fitness': 0.9625093747409765, 'generation': 74}","{'id': 5488, 'rank': 21, 'fitness': 0.9612075013366586, 'generation': 74}","{'id': 5488, 'rank': 22, 'fitness': 0.9612075013366586, 'generation': 74}","{'id': 5551, 'rank': 23, 'fitness': 0.9391726523344823, 'generation': 74}","{'id': 5550, 'rank': 24, 'fitness': 0.894647431017696, 'generation': 74}","{'id': 5534, 'rank': 25, 'fitness': 0.8846136847709094, 'generation': 74}","{'id': 5565, 'rank': 26, 'fitness': 0.8470642024893081, 'generation': 74}","{'id': 5572, 'rank': 27, 'fitness': 0.8178855297385373, 'generation': 74}","{'id': 5541, 'rank': 28, 'fitness': 0.7977217018815453, 'generation': 74}","{'id': 5518, 'rank': 29, 'fitness': 0.28254081177212065, 'generation': 74}","{'id': 5543, 'rank': 30, 'fitness': 0.01798620996209155, 'generation': 74}"
"{'id': 5634, 'rank': 1, 'fitness': 0.9820137900379085, 'generation': 75}","{'id': 5531, 'rank': 2, 'fitness': 0.977935954307367, 'generation': 75}","{'id': 5531, 'rank': 3, 'fitness': 0.977935954307367, 'generation': 75}","{'id': 5519, 'rank': 4, 'fitness': 0.9764668674956072, 'generation': 75}","{'id': 5632, 'rank': 5, 'fitness': 0.9730445104659232, 'generation': 75}","{'id': 5457, 'rank': 6, 'fitness': 0.9724397418855006, 'generation': 75}","{'id': 5520, 'rank': 7, 'fitness': 0.9666669443822574, 'generation': 75}","{'id': 5566, 'rank': 8, 'fitness': 0.9502846617940621, 'generation': 75}","{'id': 5566, 'rank': 9, 'fitness': 0.9502846617940621, 'generation': 75}","{'id': 5566, 'rank': 10, 'fitness': 0.9502846617940621, 'generation': 75}","{'id': 5629, 'rank': 11, 'fitness': 0.9459135312983986, 'generation': 75}","{'id': 5479, 'rank': 12, 'fitness': 0.9409908308346999, 'generation': 75}","{'id': 5479, 'rank': 13, 'fitness': 0.9409908308346999, 'generation': 75}","{'id': 5594, 'rank': 14, 'fitness': 0.9395240044139785, 'generation': 75}","{'id': 5437, 'rank': 15, 'fitness': 0.9288429025193622, 'generation': 75}","{'id': 5605, 'rank': 16, 'fitness': 0.9259439638834155, 'generation': 75}","{'id': 5500, 'rank': 17, 'fitness': 0.8989513234159981, 'generation': 75}","{'id': 5500, 'rank': 18, 'fitness': 0.8989513234159981, 'generation': 75}","{'id': 5500, 'rank': 19, 'fitness': 0.8989513234159981, 'generation': 75}","{'id': 5608, 'rank': 20, 'fitness': 0.862395360423557, 'generation': 75}","{'id': 5484, 'rank': 21, 'fitness': 0.8598529966562486, 'generation': 75}","{'id': 5656, 'rank': 22, 'fitness': 0.8540585095498485, 'generation': 75}","{'id': 5658, 'rank': 23, 'fitness': 0.7602774436032658, 'generation': 75}","{'id': 5657, 'rank': 24, 'fitness': 0.748988518864789, 'generation': 75}","{'id': 5657, 'rank': 25, 'fitness': 0.748988518864789, 'generation': 75}","{'id': 5615, 'rank': 26, 'fitness': 0.635395026508031, 'generation': 75}","{'id': 5648, 'rank': 27, 'fitness': 0.2783512220516813, 'generation': 75}","{'id': 5534, 'rank': 28, 'fitness': 0.0885137592728843, 'generation': 75}","{'id': 5534, 'rank': 29, 'fitness': 0.0885137592728843, 'generation': 75}","{'id': 5572, 'rank': 30, 'fitness': 0.01798620996209155, 'generation': 75}"
"{'id': 5666, 'rank': 1, 'fitness': 0.9820137900379085, 'generation': 76}","{'id': 5634, 'rank': 2, 'fitness': 0.9798280319172474, 'generation': 76}","{'id': 5668, 'rank': 3, 'fitness': 0.9782529633882779, 'generation': 76}","{'id': 5696, 'rank': 4, 'fitness': 0.9724304496108989, 'generation': 76}","{'id': 5696, 'rank': 5, 'fitness': 0.9724304496108989, 'generation': 76}","{'id': 5696, 'rank': 6, 'fitness': 0.9724304496108989, 'generation': 76}","{'id': 5667, 'rank': 7, 'fitness': 0.9705638901456015, 'generation': 76}","{'id': 5667, 'rank': 8, 'fitness': 0.9705638901456015, 'generation': 76}","{'id': 5531, 'rank': 9, 'fitness': 0.967492540374573, 'generation': 76}","{'id': 5519, 'rank': 10, 'fitness': 0.9622492939716122, 'generation': 76}","{'id': 5665, 'rank': 11, 'fitness': 0.9572386296433979, 'generation': 76}","{'id': 5687, 'rank': 12, 'fitness': 0.9548417183104283, 'generation': 76}","{'id': 5520, 'rank': 13, 'fitness': 0.9165737975017284, 'generation': 76}","{'id': 5712, 'rank': 14, 'fitness': 0.8512806276415028, 'generation': 76}","{'id': 5712, 'rank': 15, 'fitness': 0.8512806276415028, 'generation': 76}","{'id': 5691, 'rank': 16, 'fitness': 0.8417006865793009, 'generation': 76}","{'id': 5566, 'rank': 17, 'fitness': 0.804922958761187, 'generation': 76}","{'id': 5725, 'rank': 18, 'fitness': 0.7917775715806911, 'generation': 76}","{'id': 5725, 'rank': 19, 'fitness': 0.7917775715806911, 'generation': 76}","{'id': 5719, 'rank': 20, 'fitness': 0.5776868746752184, 'generation': 76}","{'id': 5663, 'rank': 21, 'fitness': 0.5672582702540938, 'generation': 76}","{'id': 5675, 'rank': 22, 'fitness': 0.28848784425558727, 'generation': 76}","{'id': 5724, 'rank': 23, 'fitness': 0.2837717169352127, 'generation': 76}","{'id': 5673, 'rank': 24, 'fitness': 0.2521068620521235, 'generation': 76}","{'id': 5674, 'rank': 25, 'fitness': 0.24207358652223615, 'generation': 76}","{'id': 5484, 'rank': 26, 'fitness': 0.2222914499191853, 'generation': 76}","{'id': 5709, 'rank': 27, 'fitness': 0.08336482251927457, 'generation': 76}","{'id': 5699, 'rank': 28, 'fitness': 0.0765566503518027, 'generation': 76}","{'id': 5657, 'rank': 29, 'fitness': 0.04993275516623297, 'generation': 76}","{'id': 5710, 'rank': 30, 'fitness': 0.01798620996209155, 'generation': 76}"
"{'id': 5762, 'rank': 1, 'fitness': 0.9820137900379085, 'generation': 77}","{'id': 5762, 'rank': 2, 'fitness': 0.9820137900379085, 'generation': 77}","{'id': 5777, 'rank': 3, 'fitness': 0.9787944480410786, 'generation': 77}","{'id': 5734, 'rank': 4, 'fitness': 0.9619779514174984, 'generation': 77}","{'id': 5787, 'rank': 5, 'fitness': 0.9262377046115797, 'generation': 77}","{'id': 5634, 'rank': 6, 'fitness': 0.8952519192311326, 'generation': 77}","{'id': 5737, 'rank': 7, 'fitness': 0.8925889849182356, 'generation': 77}","{'id': 5781, 'rank': 8, 'fitness': 0.8628074680495927, 'generation': 77}","{'id': 5781, 'rank': 9, 'fitness': 0.8628074680495927, 'generation': 77}","{'id': 5778, 'rank': 10, 'fitness': 0.822330395083346, 'generation': 77}","{'id': 5763, 'rank': 11, 'fitness': 0.7955707807781891, 'generation': 77}","{'id': 5763, 'rank': 12, 'fitness': 0.7955707807781891, 'generation': 77}","{'id': 5763, 'rank': 13, 'fitness': 0.7955707807781891, 'generation': 77}","{'id': 5744, 'rank': 14, 'fitness': 0.7916991175574484, 'generation': 77}","{'id': 5745, 'rank': 15, 'fitness': 0.7770857834394751, 'generation': 77}","{'id': 5696, 'rank': 16, 'fitness': 0.7731019446880895, 'generation': 77}","{'id': 5788, 'rank': 17, 'fitness': 0.7627430521789157, 'generation': 77}","{'id': 5788, 'rank': 18, 'fitness': 0.7627430521789157, 'generation': 77}","{'id': 5769, 'rank': 19, 'fitness': 0.6990776458752705, 'generation': 77}","{'id': 5519, 'rank': 20, 'fitness': 0.5725882348198871, 'generation': 77}","{'id': 5768, 'rank': 21, 'fitness': 0.5097537924623321, 'generation': 77}","{'id': 5736, 'rank': 22, 'fitness': 0.3422646458697043, 'generation': 77}","{'id': 5741, 'rank': 23, 'fitness': 0.10911150189157187, 'generation': 77}","{'id': 5741, 'rank': 24, 'fitness': 0.10911150189157187, 'generation': 77}","{'id': 5520, 'rank': 25, 'fitness': 0.10657425743105597, 'generation': 77}","{'id': 5751, 'rank': 26, 'fitness': 0.09492339923946069, 'generation': 77}","{'id': 5757, 'rank': 27, 'fitness': 0.03320363468712351, 'generation': 77}","{'id': 5757, 'rank': 28, 'fitness': 0.03320363468712351, 'generation': 77}","{'id': 5754, 'rank': 29, 'fitness': 0.02352395690672532, 'generation': 77}","{'id': 5712, 'rank': 30, 'fitness': 0.01798620996209155, 'generation': 77}"
"{'id': 5823, 'rank': 1, 'fitness': 0.9820137900379085, 'generation': 78}","{'id': 5824, 'rank': 2, 'fitness': 0.981743375635854, 'generation': 78}","{'id': 5824, 'rank': 3, 'fitness': 0.981743375635854, 'generation': 78}","{'id': 5844, 'rank': 4, 'fitness': 0.9806155485554624, 'generation': 78}","{'id': 5762, 'rank': 5, 'fitness': 0.9799687699949942, 'generation': 78}","{'id': 5790, 'rank': 6, 'fitness': 0.9783009083644505, 'generation': 78}","{'id': 5825, 'rank': 7, 'fitness': 0.9756535674946327, 'generation': 78}","{'id': 5787, 'rank': 8, 'fitness': 0.9754222335891667, 'generation': 78}","{'id': 5634, 'rank': 9, 'fitness': 0.9740746004334585, 'generation': 78}","{'id': 5822, 'rank': 10, 'fitness': 0.9736827970186475, 'generation': 78}","{'id': 5781, 'rank': 11, 'fitness': 0.9729488809970068, 'generation': 78}","{'id': 5781, 'rank': 12, 'fitness': 0.9729488809970068, 'generation': 78}","{'id': 5763, 'rank': 13, 'fitness': 0.9710914807199866, 'generation': 78}","{'id': 5745, 'rank': 14, 'fitness': 0.9706483740533975, 'generation': 78}","{'id': 5745, 'rank': 15, 'fitness': 0.9706483740533975, 'generation': 78}","{'id': 5696, 'rank': 16, 'fitness': 0.9705555539179653, 'generation': 78}","{'id': 5788, 'rank': 17, 'fitness': 0.9703181634352145, 'generation': 78}","{'id': 5768, 'rank': 18, 'fitness': 0.9653241694924357, 'generation': 78}","{'id': 5736, 'rank': 19, 'fitness': 0.9618703549880583, 'generation': 78}","{'id': 5736, 'rank': 20, 'fitness': 0.9618703549880583, 'generation': 78}","{'id': 5712, 'rank': 21, 'fitness': 0.9399983292331263, 'generation': 78}","{'id': 5821, 'rank': 22, 'fitness': 0.8937254626680039, 'generation': 78}","{'id': 5796, 'rank': 23, 'fitness': 0.8027077773274756, 'generation': 78}","{'id': 5799, 'rank': 24, 'fitness': 0.6986969679257897, 'generation': 78}","{'id': 5808, 'rank': 25, 'fitness': 0.6739844949405087, 'generation': 78}","{'id': 5850, 'rank': 26, 'fitness': 0.34303985267616005, 'generation': 78}","{'id': 5802, 'rank': 27, 'fitness': 0.14490821916494956, 'generation': 78}","{'id': 5853, 'rank': 28, 'fitness': 0.07792041932192162, 'generation': 78}","{'id': 5838, 'rank': 29, 'fitness': 0.047468235555520655, 'generation': 78}","{'id': 5801, 'rank': 30, 'fitness': 0.01798620996209155, 'generation': 78}"
"{'id': 5860, 'rank': 1, 'fitness': 0.9820137900379085, 'generation': 79}","{'id': 5823, 'rank': 2, 'fitness': 0.9791798260817433, 'generation': 79}","{'id': 5823, 'rank': 3, 'fitness': 0.9791798260817433, 'generation': 79}","{'id': 5824, 'rank': 4, 'fitness': 0.9785481492601222, 'generation': 79}","{'id': 5920, 'rank': 5, 'fitness': 0.9782890302600069, 'generation': 79}","{'id': 5897, 'rank': 6, 'fitness': 0.9778912704433123, 'generation': 79}","{'id': 5897, 'rank': 7, 'fitness': 0.9778912704433123, 'generation': 79}","{'id': 5897, 'rank': 8, 'fitness': 0.9778912704433123, 'generation': 79}","{'id': 5870, 'rank': 9, 'fitness': 0.9776103939652776, 'generation': 79}","{'id': 5912, 'rank': 10, 'fitness': 0.9739529538698937, 'generation': 79}","{'id': 5921, 'rank': 11, 'fitness': 0.9709890821153035, 'generation': 79}","{'id': 5921, 'rank': 12, 'fitness': 0.9709890821153035, 'generation': 79}","{'id': 5790, 'rank': 13, 'fitness': 0.9697091852563635, 'generation': 79}","{'id': 5790, 'rank': 14, 'fitness': 0.9697091852563635, 'generation': 79}","{'id': 5883, 'rank': 15, 'fitness': 0.9670123860748405, 'generation': 79}","{'id': 5908, 'rank': 16, 'fitness': 0.9658287243146539, 'generation': 79}","{'id': 5896, 'rank': 17, 'fitness': 0.9600055118845756, 'generation': 79}","{'id': 5895, 'rank': 18, 'fitness': 0.9575815064951303, 'generation': 79}","{'id': 5634, 'rank': 19, 'fitness': 0.956890082641231, 'generation': 79}","{'id': 5781, 'rank': 20, 'fitness': 0.9531229938572188, 'generation': 79}","{'id': 5864, 'rank': 21, 'fitness': 0.9504567259943228, 'generation': 79}","{'id': 5903, 'rank': 22, 'fitness': 0.9472229892137131, 'generation': 79}","{'id': 5903, 'rank': 23, 'fitness': 0.9472229892137131, 'generation': 79}","{'id': 5745, 'rank': 24, 'fitness': 0.9449807734912592, 'generation': 79}","{'id': 5891, 'rank': 25, 'fitness': 0.9398630912674972, 'generation': 79}","{'id': 5867, 'rank': 26, 'fitness': 0.9260996181704433, 'generation': 79}","{'id': 5871, 'rank': 27, 'fitness': 0.9241421496029907, 'generation': 79}","{'id': 5884, 'rank': 28, 'fitness': 0.9206899934906321, 'generation': 79}","{'id': 5880, 'rank': 29, 'fitness': 0.7338923181609679, 'generation': 79}","{'id': 5877, 'rank': 30, 'fitness': 0.01798620996209155, 'generation': 79}"
"{'id': 5936, 'rank': 1, 'fitness': 0.9820137900379085, 'generation': 80}","{'id': 5935, 'rank': 2, 'fitness': 0.9746005474987232, 'generation': 80}","{'id': 5969, 'rank': 3, 'fitness': 0.9593314679570786, 'generation': 80}","{'id': 5938, 'rank': 4, 'fitness': 0.9443561630175279, 'generation': 80}","{'id': 5990, 'rank': 5, 'fitness': 0.9164357313514842, 'generation': 80}","{'id': 5946, 'rank': 6, 'fitness': 0.8426437243201205, 'generation': 80}","{'id': 5946, 'rank': 7, 'fitness': 0.8426437243201205, 'generation': 80}","{'id': 5962, 'rank': 8, 'fitness': 0.8407459279943327, 'generation': 80}","{'id': 5973, 'rank': 9, 'fitness': 0.7205598713749759, 'generation': 80}","{'id': 5945, 'rank': 10, 'fitness': 0.6460732273107795, 'generation': 80}","{'id': 5984, 'rank': 11, 'fitness': 0.6274024495533534, 'generation': 80}","{'id': 5823, 'rank': 12, 'fitness': 0.6240177290586549, 'generation': 80}","{'id': 5824, 'rank': 13, 'fitness': 0.6012877514224347, 'generation': 80}","{'id': 5959, 'rank': 14, 'fitness': 0.5940267809473981, 'generation': 80}","{'id': 5897, 'rank': 15, 'fitness': 0.5778836140959311, 'generation': 80}","{'id': 5870, 'rank': 16, 'fitness': 0.567971571999616, 'generation': 80}","{'id': 5870, 'rank': 17, 'fitness': 0.567971571999616, 'generation': 80}","{'id': 5993, 'rank': 18, 'fitness': 0.5128208775404012, 'generation': 80}","{'id': 5993, 'rank': 19, 'fitness': 0.5128208775404012, 'generation': 80}","{'id': 5971, 'rank': 20, 'fitness': 0.47645768324044524, 'generation': 80}","{'id': 5912, 'rank': 21, 'fitness': 0.4469691653128477, 'generation': 80}","{'id': 5981, 'rank': 22, 'fitness': 0.2906787848181932, 'generation': 80}","{'id': 5895, 'rank': 23, 'fitness': 0.14230668837827215, 'generation': 80}","{'id': 5781, 'rank': 24, 'fitness': 0.10673955533035479, 'generation': 80}","{'id': 5903, 'rank': 25, 'fitness': 0.07474911743880103, 'generation': 80}","{'id': 5944, 'rank': 26, 'fitness': 0.07022185531779257, 'generation': 80}","{'id': 5926, 'rank': 27, 'fitness': 0.06146811591838519, 'generation': 80}","{'id': 5867, 'rank': 28, 'fitness': 0.02550759207319292, 'generation': 80}","{'id': 5979, 'rank': 29, 'fitness': 0.01798620996209155, 'generation': 80}","{'id': 5979, 'rank': 30, 'fitness': 0.01798620996209155, 'generation': 80}"
"{'id': 6011, 'rank': 1, 'fitness': 0.9820137900379085, 'generation': 81}","{'id': 5938, 'rank': 2, 'fitness': 0.981271010093516, 'generation': 81}","{'id': 5990, 'rank': 3, 'fitness': 0.9810876596161646, 'generation': 81}","{'id': 6008, 'rank': 4, 'fitness': 0.9807840396164581, 'generation': 81}","{'id': 6012, 'rank': 5, 'fitness': 0.9806360269823233, 'generation': 81}","{'id': 6012, 'rank': 6, 'fitness': 0.9806360269823233, 'generation': 81}","{'id': 5973, 'rank': 7, 'fitness': 0.9804671229082841, 'generation': 81}","{'id': 5973, 'rank': 8, 'fitness': 0.9804671229082841, 'generation': 81}","{'id': 5945, 'rank': 9, 'fitness': 0.9803161336660676, 'generation': 81}","{'id': 5971, 'rank': 10, 'fitness': 0.980008388048108, 'generation': 81}","{'id': 5971, 'rank': 11, 'fitness': 0.980008388048108, 'generation': 81}","{'id': 6010, 'rank': 12, 'fitness': 0.9799625105720096, 'generation': 81}","{'id': 6010, 'rank': 13, 'fitness': 0.9799625105720096, 'generation': 81}","{'id': 5981, 'rank': 14, 'fitness': 0.9796498392826782, 'generation': 81}","{'id': 5781, 'rank': 15, 'fitness': 0.9790836000648353, 'generation': 81}","{'id': 5903, 'rank': 16, 'fitness': 0.9789005420835821, 'generation': 81}","{'id': 5903, 'rank': 17, 'fitness': 0.9789005420835821, 'generation': 81}","{'id': 5944, 'rank': 18, 'fitness': 0.9788688839087734, 'generation': 81}","{'id': 5926, 'rank': 19, 'fitness': 0.9788017511657955, 'generation': 81}","{'id': 5867, 'rank': 20, 'fitness': 0.9783646958999151, 'generation': 81}","{'id': 6009, 'rank': 21, 'fitness': 0.9780087270407543, 'generation': 81}","{'id': 6030, 'rank': 22, 'fitness': 0.9765117144805378, 'generation': 81}","{'id': 6033, 'rank': 23, 'fitness': 0.839683377073316, 'generation': 81}","{'id': 6032, 'rank': 24, 'fitness': 0.6990534577955625, 'generation': 81}","{'id': 6001, 'rank': 25, 'fitness': 0.6790282032672973, 'generation': 81}","{'id': 6015, 'rank': 26, 'fitness': 0.6362317312650905, 'generation': 81}","{'id': 6045, 'rank': 27, 'fitness': 0.19892656158828093, 'generation': 81}","{'id': 6027, 'rank': 28, 'fitness': 0.1449196794491418, 'generation': 81}","{'id': 6027, 'rank': 29, 'fitness': 0.1449196794491418, 'generation': 81}","{'id': 6021, 'rank': 30, 'fitness': 0.01798620996209155, 'generation': 81}"
"{'id': 6111, 'rank': 1, 'fitness': 0.9820137900379085, 'generation': 82}","{'id': 6110, 'rank': 2, 'fitness': 0.9814522149278636, 'generation': 82}","{'id': 6011, 'rank': 3, 'fitness': 0.9811327390521484, 'generation': 82}","{'id': 6011, 'rank': 4, 'fitness': 0.9811327390521484, 'generation': 82}","{'id': 6109, 'rank': 5, 'fitness': 0.9801891186986462, 'generation': 82}","{'id': 6109, 'rank': 6, 'fitness': 0.9801891186986462, 'generation': 82}","{'id': 6070, 'rank': 7, 'fitness': 0.9790480186495122, 'generation': 82}","{'id': 6070, 'rank': 8, 'fitness': 0.9790480186495122, 'generation': 82}","{'id': 5938, 'rank': 9, 'fitness': 0.9783624081560311, 'generation': 82}","{'id': 6068, 'rank': 10, 'fitness': 0.9777345131485211, 'generation': 82}","{'id': 6008, 'rank': 11, 'fitness': 0.9764016271967402, 'generation': 82}","{'id': 6086, 'rank': 12, 'fitness': 0.9763197647486235, 'generation': 82}","{'id': 6081, 'rank': 13, 'fitness': 0.9758475918761358, 'generation': 82}","{'id': 6081, 'rank': 14, 'fitness': 0.9758475918761358, 'generation': 82}","{'id': 6081, 'rank': 15, 'fitness': 0.9758475918761358, 'generation': 82}","{'id': 6012, 'rank': 16, 'fitness': 0.9757823351436602, 'generation': 82}","{'id': 6079, 'rank': 17, 'fitness': 0.975227772543807, 'generation': 82}","{'id': 6077, 'rank': 18, 'fitness': 0.975033814666481, 'generation': 82}","{'id': 6069, 'rank': 19, 'fitness': 0.9750020086548314, 'generation': 82}","{'id': 6071, 'rank': 20, 'fitness': 0.9738621306072702, 'generation': 82}","{'id': 6085, 'rank': 21, 'fitness': 0.9735204262100524, 'generation': 82}","{'id': 6063, 'rank': 22, 'fitness': 0.9730257223342151, 'generation': 82}","{'id': 6064, 'rank': 23, 'fitness': 0.9729941647627927, 'generation': 82}","{'id': 6010, 'rank': 24, 'fitness': 0.972823546083489, 'generation': 82}","{'id': 6078, 'rank': 25, 'fitness': 0.9714985637689058, 'generation': 82}","{'id': 6075, 'rank': 26, 'fitness': 0.9708427662841106, 'generation': 82}","{'id': 6075, 'rank': 27, 'fitness': 0.9708427662841106, 'generation': 82}","{'id': 5867, 'rank': 28, 'fitness': 0.9648408200303936, 'generation': 82}","{'id': 5867, 'rank': 29, 'fitness': 0.9648408200303936, 'generation': 82}","{'id': 6033, 'rank': 30, 'fitness': 0.01798620996209155, 'generation': 82}"
"{'id': 6144, 'rank': 1, 'fitness': 0.9820137900379085, 'generation': 83}","{'id': 6111, 'rank': 2, 'fitness': 0.9804684742204669, 'generation': 83}","{'id': 6138, 'rank': 3, 'fitness': 0.9792501818439981, 'generation': 83}","{'id': 6137, 'rank': 4, 'fitness': 0.9786282842897137, 'generation': 83}","{'id': 6137, 'rank': 5, 'fitness': 0.9786282842897137, 'generation': 83}","{'id': 6110, 'rank': 6, 'fitness': 0.969359674559901, 'generation': 83}","{'id': 6196, 'rank': 7, 'fitness': 0.9610372792654893, 'generation': 83}","{'id': 6211, 'rank': 8, 'fitness': 0.9194390062105646, 'generation': 83}","{'id': 6198, 'rank': 9, 'fitness': 0.9124988422052944, 'generation': 83}","{'id': 6166, 'rank': 10, 'fitness': 0.8492516417282439, 'generation': 83}","{'id': 6127, 'rank': 11, 'fitness': 0.8438672092551387, 'generation': 83}","{'id': 6070, 'rank': 12, 'fitness': 0.8349800991699863, 'generation': 83}","{'id': 6203, 'rank': 13, 'fitness': 0.802835043917304, 'generation': 83}","{'id': 5938, 'rank': 14, 'fitness': 0.7570054709469963, 'generation': 83}","{'id': 6192, 'rank': 15, 'fitness': 0.6908769042361508, 'generation': 83}","{'id': 6068, 'rank': 16, 'fitness': 0.6693302700999725, 'generation': 83}","{'id': 6177, 'rank': 17, 'fitness': 0.49879763937036276, 'generation': 83}","{'id': 6008, 'rank': 18, 'fitness': 0.4570899476016787, 'generation': 83}","{'id': 6171, 'rank': 19, 'fitness': 0.43632094311260267, 'generation': 83}","{'id': 6132, 'rank': 20, 'fitness': 0.34730729610201283, 'generation': 83}","{'id': 6158, 'rank': 21, 'fitness': 0.25110841897037983, 'generation': 83}","{'id': 6152, 'rank': 22, 'fitness': 0.193224075930509, 'generation': 83}","{'id': 6208, 'rank': 23, 'fitness': 0.17676597798936627, 'generation': 83}","{'id': 6187, 'rank': 24, 'fitness': 0.15725582030281438, 'generation': 83}","{'id': 6142, 'rank': 25, 'fitness': 0.14914762283117922, 'generation': 83}","{'id': 6010, 'rank': 26, 'fitness': 0.09051295557177763, 'generation': 83}","{'id': 6148, 'rank': 27, 'fitness': 0.05279844934953487, 'generation': 83}","{'id': 6146, 'rank': 28, 'fitness': 0.03585345171301946, 'generation': 83}","{'id': 6172, 'rank': 29, 'fitness': 0.02755548557906895, 'generation': 83}","{'id': 6149, 'rank': 30, 'fitness': 0.01798620996209155, 'generation': 83}"
"{'id': 6267, 'rank': 1, 'fitness': 0.9820137900379085, 'generation': 84}","{'id': 6231, 'rank': 2, 'fitness': 0.9815245260188974, 'generation': 84}","{'id': 6231, 'rank': 3, 'fitness': 0.9815245260188974, 'generation': 84}","{'id': 6269, 'rank': 4, 'fitness': 0.9812336429311889, 'generation': 84}","{'id': 6144, 'rank': 5, 'fitness': 0.9804823038564119, 'generation': 84}","{'id': 6111, 'rank': 6, 'fitness': 0.980443798218442, 'generation': 84}","{'id': 6137, 'rank': 7, 'fitness': 0.9804015777563022, 'generation': 84}","{'id': 6234, 'rank': 8, 'fitness': 0.9802375527132816, 'generation': 84}","{'id': 6241, 'rank': 9, 'fitness': 0.9801075564117607, 'generation': 84}","{'id': 6232, 'rank': 10, 'fitness': 0.9800454077622205, 'generation': 84}","{'id': 6268, 'rank': 11, 'fitness': 0.9794421600170506, 'generation': 84}","{'id': 6203, 'rank': 12, 'fitness': 0.9792573158361748, 'generation': 84}","{'id': 6203, 'rank': 13, 'fitness': 0.9792573158361748, 'generation': 84}","{'id': 6258, 'rank': 14, 'fitness': 0.9786588643507985, 'generation': 84}","{'id': 6258, 'rank': 15, 'fitness': 0.9786588643507985, 'generation': 84}","{'id': 6177, 'rank': 16, 'fitness': 0.978561264603282, 'generation': 84}","{'id': 6171, 'rank': 17, 'fitness': 0.9784347367383022, 'generation': 84}","{'id': 6148, 'rank': 18, 'fitness': 0.9770654624266029, 'generation': 84}","{'id': 6149, 'rank': 19, 'fitness': 0.9764609779128965, 'generation': 84}","{'id': 6270, 'rank': 20, 'fitness': 0.9751379484374059, 'generation': 84}","{'id': 6272, 'rank': 21, 'fitness': 0.9611102856207977, 'generation': 84}","{'id': 6251, 'rank': 22, 'fitness': 0.9578804204362287, 'generation': 84}","{'id': 6248, 'rank': 23, 'fitness': 0.9521106164057814, 'generation': 84}","{'id': 6271, 'rank': 24, 'fitness': 0.9454932692064331, 'generation': 84}","{'id': 6254, 'rank': 25, 'fitness': 0.9453809406225562, 'generation': 84}","{'id': 6246, 'rank': 26, 'fitness': 0.927878900483301, 'generation': 84}","{'id': 6279, 'rank': 27, 'fitness': 0.9139056528712247, 'generation': 84}","{'id': 6280, 'rank': 28, 'fitness': 0.896425586058607, 'generation': 84}","{'id': 6278, 'rank': 29, 'fitness': 0.8144425127400077, 'generation': 84}","{'id': 6281, 'rank': 30, 'fitness': 0.01798620996209155, 'generation': 84}"
"{'id': 6343, 'rank': 1, 'fitness': 0.9820137900379085, 'generation': 85}","{'id': 6351, 'rank': 2, 'fitness': 0.9808245771729369, 'generation': 85}","{'id': 6351, 'rank': 3, 'fitness': 0.9808245771729369, 'generation': 85}","{'id': 6267, 'rank': 4, 'fitness': 0.9805342814778009, 'generation': 85}","{'id': 6342, 'rank': 5, 'fitness': 0.978645486133517, 'generation': 85}","{'id': 6342, 'rank': 6, 'fitness': 0.978645486133517, 'generation': 85}","{'id': 6346, 'rank': 7, 'fitness': 0.978330646755345, 'generation': 85}","{'id': 6350, 'rank': 8, 'fitness': 0.9775501976054766, 'generation': 85}","{'id': 6371, 'rank': 9, 'fitness': 0.9766876000283735, 'generation': 85}","{'id': 6231, 'rank': 10, 'fitness': 0.9765919499748106, 'generation': 85}","{'id': 6337, 'rank': 11, 'fitness': 0.9745376585205665, 'generation': 85}","{'id': 6337, 'rank': 12, 'fitness': 0.9745376585205665, 'generation': 85}","{'id': 6373, 'rank': 13, 'fitness': 0.9690757594190818, 'generation': 85}","{'id': 6322, 'rank': 14, 'fitness': 0.9679483067411714, 'generation': 85}","{'id': 6144, 'rank': 15, 'fitness': 0.9659524572890554, 'generation': 85}","{'id': 6111, 'rank': 16, 'fitness': 0.9654937491410691, 'generation': 85}","{'id': 6303, 'rank': 17, 'fitness': 0.9614814416326027, 'generation': 85}","{'id': 6303, 'rank': 18, 'fitness': 0.9614814416326027, 'generation': 85}","{'id': 6241, 'rank': 19, 'fitness': 0.9612690167629118, 'generation': 85}","{'id': 6302, 'rank': 20, 'fitness': 0.9601287371019183, 'generation': 85}","{'id': 6292, 'rank': 21, 'fitness': 0.9551378673254316, 'generation': 85}","{'id': 6268, 'rank': 22, 'fitness': 0.9516675837234176, 'generation': 85}","{'id': 6298, 'rank': 23, 'fitness': 0.9496089359376594, 'generation': 85}","{'id': 6369, 'rank': 24, 'fitness': 0.9481614073859248, 'generation': 85}","{'id': 6361, 'rank': 25, 'fitness': 0.9414546992984258, 'generation': 85}","{'id': 6362, 'rank': 26, 'fitness': 0.9361776842545637, 'generation': 85}","{'id': 6355, 'rank': 27, 'fitness': 0.10783851646612352, 'generation': 85}","{'id': 6248, 'rank': 28, 'fitness': 0.04544876427339728, 'generation': 85}","{'id': 6290, 'rank': 29, 'fitness': 0.024729483514184247, 'generation': 85}","{'id': 6254, 'rank': 30, 'fitness': 0.01798620996209155, 'generation': 85}"
"{'id': 6442, 'rank': 1, 'fitness': 0.9820137900379085, 'generation': 86}","{'id': 6407, 'rank': 2, 'fitness': 0.9800453501708719, 'generation': 86}","{'id': 6407, 'rank': 3, 'fitness': 0.9800453501708719, 'generation': 86}","{'id': 6412, 'rank': 4, 'fitness': 0.9739749703527498, 'generation': 86}","{'id': 6434, 'rank': 5, 'fitness': 0.9715126889968881, 'generation': 86}","{'id': 6441, 'rank': 6, 'fitness': 0.962472332563377, 'generation': 86}","{'id': 6390, 'rank': 7, 'fitness': 0.9622680938543432, 'generation': 86}","{'id': 6406, 'rank': 8, 'fitness': 0.9620228386657135, 'generation': 86}","{'id': 6406, 'rank': 9, 'fitness': 0.9620228386657135, 'generation': 86}","{'id': 6351, 'rank': 10, 'fitness': 0.9582597274669346, 'generation': 86}","{'id': 6351, 'rank': 11, 'fitness': 0.9582597274669346, 'generation': 86}","{'id': 6267, 'rank': 12, 'fitness': 0.9554527512795346, 'generation': 86}","{'id': 6392, 'rank': 13, 'fitness': 0.9542328038361274, 'generation': 86}","{'id': 6392, 'rank': 14, 'fitness': 0.9542328038361274, 'generation': 86}","{'id': 6408, 'rank': 15, 'fitness': 0.9425563927102951, 'generation': 86}","{'id': 6391, 'rank': 16, 'fitness': 0.9176142772546897, 'generation': 86}","{'id': 6231, 'rank': 17, 'fitness': 0.9028256902163696, 'generation': 86}","{'id': 6337, 'rank': 18, 'fitness': 0.863684389553131, 'generation': 86}","{'id': 6337, 'rank': 19, 'fitness': 0.863684389553131, 'generation': 86}","{'id': 6464, 'rank': 20, 'fitness': 0.8158425706314865, 'generation': 86}","{'id': 6389, 'rank': 21, 'fitness': 0.8029788363311293, 'generation': 86}","{'id': 6144, 'rank': 22, 'fitness': 0.6264619158436101, 'generation': 86}","{'id': 6111, 'rank': 23, 'fitness': 0.6119578024384592, 'generation': 86}","{'id': 6303, 'rank': 24, 'fitness': 0.48718667094400736, 'generation': 86}","{'id': 6431, 'rank': 25, 'fitness': 0.3967156160359942, 'generation': 86}","{'id': 6449, 'rank': 26, 'fitness': 0.2291327108658704, 'generation': 86}","{'id': 6427, 'rank': 27, 'fitness': 0.22121997783571262, 'generation': 86}","{'id': 6298, 'rank': 28, 'fitness': 0.21430653882654327, 'generation': 86}","{'id': 6400, 'rank': 29, 'fitness': 0.08060622369429937, 'generation': 86}","{'id': 6446, 'rank': 30, 'fitness': 0.01798620996209155, 'generation': 86}"
"{'id': 6525, 'rank': 1, 'fitness': 0.9820137900379085, 'generation': 87}","{'id': 6491, 'rank': 2, 'fitness': 0.9815742551083269, 'generation': 87}","{'id': 6491, 'rank': 3, 'fitness': 0.9815742551083269, 'generation': 87}","{'id': 6507, 'rank': 4, 'fitness': 0.9806216048480004, 'generation': 87}","{'id': 6515, 'rank': 5, 'fitness': 0.9801024716028647, 'generation': 87}","{'id': 6494, 'rank': 6, 'fitness': 0.9798613697644939, 'generation': 87}","{'id': 6506, 'rank': 7, 'fitness': 0.979794379384423, 'generation': 87}","{'id': 6442, 'rank': 8, 'fitness': 0.9797377541640472, 'generation': 87}","{'id': 6407, 'rank': 9, 'fitness': 0.9795707035186779, 'generation': 87}","{'id': 6492, 'rank': 10, 'fitness': 0.9794683076932313, 'generation': 87}","{'id': 6492, 'rank': 11, 'fitness': 0.9794683076932313, 'generation': 87}","{'id': 6532, 'rank': 12, 'fitness': 0.9789312248920264, 'generation': 87}","{'id': 6532, 'rank': 13, 'fitness': 0.9789312248920264, 'generation': 87}","{'id': 6532, 'rank': 14, 'fitness': 0.9789312248920264, 'generation': 87}","{'id': 6441, 'rank': 15, 'fitness': 0.9785155495252843, 'generation': 87}","{'id': 6441, 'rank': 16, 'fitness': 0.9785155495252843, 'generation': 87}","{'id': 6390, 'rank': 17, 'fitness': 0.9785061607727189, 'generation': 87}","{'id': 6406, 'rank': 18, 'fitness': 0.978494945564393, 'generation': 87}","{'id': 6351, 'rank': 19, 'fitness': 0.9783304040595231, 'generation': 87}","{'id': 6267, 'rank': 20, 'fitness': 0.9782159492444555, 'generation': 87}","{'id': 6534, 'rank': 21, 'fitness': 0.978206154727354, 'generation': 87}","{'id': 6509, 'rank': 22, 'fitness': 0.9779362203778719, 'generation': 87}","{'id': 6495, 'rank': 23, 'fitness': 0.9772384428009544, 'generation': 87}","{'id': 6503, 'rank': 24, 'fitness': 0.9749515426437048, 'generation': 87}","{'id': 6474, 'rank': 25, 'fitness': 0.9727218570859687, 'generation': 87}","{'id': 6474, 'rank': 26, 'fitness': 0.9727218570859687, 'generation': 87}","{'id': 6473, 'rank': 27, 'fitness': 0.9700207007895019, 'generation': 87}","{'id': 6473, 'rank': 28, 'fitness': 0.9700207007895019, 'generation': 87}","{'id': 6513, 'rank': 29, 'fitness': 0.9664053369389638, 'generation': 87}","{'id': 6521, 'rank': 30, 'fitness': 0.01798620996209155, 'generation': 87}"
"{'id': 6561, 'rank': 1, 'fitness': 0.9820137900379085, 'generation': 88}","{'id': 6525, 'rank': 2, 'fitness': 0.9781292758653166, 'generation': 88}","{'id': 6525, 'rank': 3, 'fitness': 0.9781292758653166, 'generation': 88}","{'id': 6598, 'rank': 4, 'fitness': 0.9674123454089898, 'generation': 88}","{'id': 6491, 'rank': 5, 'fitness': 0.9602658193106135, 'generation': 88}","{'id': 6604, 'rank': 6, 'fitness': 0.9539462900275828, 'generation': 88}","{'id': 6613, 'rank': 7, 'fitness': 0.951137252704956, 'generation': 88}","{'id': 6588, 'rank': 8, 'fitness': 0.9013852480091291, 'generation': 88}","{'id': 6592, 'rank': 9, 'fitness': 0.8168902684358639, 'generation': 88}","{'id': 6627, 'rank': 10, 'fitness': 0.7923464321525586, 'generation': 88}","{'id': 6627, 'rank': 11, 'fitness': 0.7923464321525586, 'generation': 88}","{'id': 6515, 'rank': 12, 'fitness': 0.7727740762539055, 'generation': 88}","{'id': 6569, 'rank': 13, 'fitness': 0.7657020636887792, 'generation': 88}","{'id': 6494, 'rank': 14, 'fitness': 0.7143131992881446, 'generation': 88}","{'id': 6506, 'rank': 15, 'fitness': 0.6966919012253517, 'generation': 88}","{'id': 6576, 'rank': 16, 'fitness': 0.6439808230437741, 'generation': 88}","{'id': 6575, 'rank': 17, 'fitness': 0.6327024616862023, 'generation': 88}","{'id': 6546, 'rank': 18, 'fitness': 0.6215628392142072, 'generation': 88}","{'id': 6565, 'rank': 19, 'fitness': 0.5033725459583637, 'generation': 88}","{'id': 6532, 'rank': 20, 'fitness': 0.44091178074906945, 'generation': 88}","{'id': 6605, 'rank': 21, 'fitness': 0.40951027523284966, 'generation': 88}","{'id': 6547, 'rank': 22, 'fitness': 0.38214777434400843, 'generation': 88}","{'id': 6351, 'rank': 23, 'fitness': 0.277559892130131, 'generation': 88}","{'id': 6534, 'rank': 24, 'fitness': 0.2492009043324126, 'generation': 88}","{'id': 6596, 'rank': 25, 'fitness': 0.18954553793440554, 'generation': 88}","{'id': 6544, 'rank': 26, 'fitness': 0.17312483122780042, 'generation': 88}","{'id': 6577, 'rank': 27, 'fitness': 0.15029466397533742, 'generation': 88}","{'id': 6545, 'rank': 28, 'fitness': 0.06380497439392263, 'generation': 88}","{'id': 6554, 'rank': 29, 'fitness': 0.030879943649472663, 'generation': 88}","{'id': 6615, 'rank': 30, 'fitness': 0.01798620996209155, 'generation': 88}"
"{'id': 6561, 'rank': 1, 'fitness': 0.9820137900379085, 'generation': 89}","{'id': 6525, 'rank': 2, 'fitness': 0.9819625894336788, 'generation': 89}","{'id': 6525, 'rank': 3, 'fitness': 0.9819625894336788, 'generation': 89}","{'id': 6652, 'rank': 4, 'fitness': 0.9818876144408573, 'generation': 89}","{'id': 6652, 'rank': 5, 'fitness': 0.9818876144408573, 'generation': 89}","{'id': 6604, 'rank': 6, 'fitness': 0.9817637145626865, 'generation': 89}","{'id': 6650, 'rank': 7, 'fitness': 0.9817517103973075, 'generation': 89}","{'id': 6665, 'rank': 8, 'fitness': 0.9816100483439625, 'generation': 89}","{'id': 6588, 'rank': 9, 'fitness': 0.9815499764998037, 'generation': 89}","{'id': 6592, 'rank': 10, 'fitness': 0.9813605515152815, 'generation': 89}","{'id': 6627, 'rank': 11, 'fitness': 0.9813190250586754, 'generation': 89}","{'id': 6627, 'rank': 12, 'fitness': 0.9813190250586754, 'generation': 89}","{'id': 6515, 'rank': 13, 'fitness': 0.9812883889757894, 'generation': 89}","{'id': 6569, 'rank': 14, 'fitness': 0.9812777713597413, 'generation': 89}","{'id': 6506, 'rank': 15, 'fitness': 0.9811835473384166, 'generation': 89}","{'id': 6575, 'rank': 16, 'fitness': 0.9811063052710516, 'generation': 89}","{'id': 6565, 'rank': 17, 'fitness': 0.9809631367884892, 'generation': 89}","{'id': 6532, 'rank': 18, 'fitness': 0.9808950199684139, 'generation': 89}","{'id': 6605, 'rank': 19, 'fitness': 0.9808600408368147, 'generation': 89}","{'id': 6544, 'rank': 20, 'fitness': 0.9805310643963875, 'generation': 89}","{'id': 6679, 'rank': 21, 'fitness': 0.98045384232208, 'generation': 89}","{'id': 6640, 'rank': 22, 'fitness': 0.9802756405857236, 'generation': 89}","{'id': 6545, 'rank': 23, 'fitness': 0.9802177443567388, 'generation': 89}","{'id': 6554, 'rank': 24, 'fitness': 0.980002697651688, 'generation': 89}","{'id': 6554, 'rank': 25, 'fitness': 0.980002697651688, 'generation': 89}","{'id': 6641, 'rank': 26, 'fitness': 0.966566057917003, 'generation': 89}","{'id': 6643, 'rank': 27, 'fitness': 0.9510665560415318, 'generation': 89}","{'id': 6643, 'rank': 28, 'fitness': 0.9510665560415318, 'generation': 89}","{'id': 6642, 'rank': 29, 'fitness': 0.9495426986404097, 'generation': 89}","{'id': 6634, 'rank': 30, 'fitness': 0.01798620996209155, 'generation': 89}"
"{'id': 6713, 'rank': 1, 'fitness': 0.9820137900379085, 'generation': 90}","{'id': 6723, 'rank': 2, 'fitness': 0.9797055560684004, 'generation': 90}","{'id': 6723, 'rank': 3, 'fitness': 0.9797055560684004, 'generation': 90}","{'id': 6727, 'rank': 4, 'fitness': 0.9642998412858089, 'generation': 90}","{'id': 6704, 'rank': 5, 'fitness': 0.9302586593501205, 'generation': 90}","{'id': 6731, 'rank': 6, 'fitness': 0.9244297193922124, 'generation': 90}","{'id': 6731, 'rank': 7, 'fitness': 0.9244297193922124, 'generation': 90}","{'id': 6561, 'rank': 8, 'fitness': 0.9220161504567024, 'generation': 90}","{'id': 6652, 'rank': 9, 'fitness': 0.8883249139591811, 'generation': 90}","{'id': 6652, 'rank': 10, 'fitness': 0.8883249139591811, 'generation': 90}","{'id': 6700, 'rank': 11, 'fitness': 0.8872302890559329, 'generation': 90}","{'id': 6753, 'rank': 12, 'fitness': 0.8493688281408132, 'generation': 90}","{'id': 6715, 'rank': 13, 'fitness': 0.8385934944677114, 'generation': 90}","{'id': 6715, 'rank': 14, 'fitness': 0.8385934944677114, 'generation': 90}","{'id': 6588, 'rank': 15, 'fitness': 0.7362184029472025, 'generation': 90}","{'id': 6689, 'rank': 16, 'fitness': 0.6690178711452314, 'generation': 90}","{'id': 6689, 'rank': 17, 'fitness': 0.6690178711452314, 'generation': 90}","{'id': 6743, 'rank': 18, 'fitness': 0.5858614525953931, 'generation': 90}","{'id': 6627, 'rank': 19, 'fitness': 0.5795144479331958, 'generation': 90}","{'id': 6569, 'rank': 20, 'fitness': 0.5487545185931152, 'generation': 90}","{'id': 6762, 'rank': 21, 'fitness': 0.5383133158617929, 'generation': 90}","{'id': 6718, 'rank': 22, 'fitness': 0.5261303357573812, 'generation': 90}","{'id': 6738, 'rank': 23, 'fitness': 0.4604340219356451, 'generation': 90}","{'id': 6575, 'rank': 24, 'fitness': 0.42028318125526737, 'generation': 90}","{'id': 6764, 'rank': 25, 'fitness': 0.4123529442185235, 'generation': 90}","{'id': 6758, 'rank': 26, 'fitness': 0.33914427732741725, 'generation': 90}","{'id': 6716, 'rank': 27, 'fitness': 0.3247889867318692, 'generation': 90}","{'id': 6770, 'rank': 28, 'fitness': 0.0965803787761737, 'generation': 90}","{'id': 6746, 'rank': 29, 'fitness': 0.05577718299979584, 'generation': 90}","{'id': 6744, 'rank': 30, 'fitness': 0.01798620996209155, 'generation': 90}"
"{'id': 6713, 'rank': 1, 'fitness': 0.9820137900379085, 'generation': 91}","{'id': 6723, 'rank': 2, 'fitness': 0.981961310455076, 'generation': 91}","{'id': 6723, 'rank': 3, 'fitness': 0.981961310455076, 'generation': 91}","{'id': 6723, 'rank': 4, 'fitness': 0.981961310455076, 'generation': 91}","{'id': 6801, 'rank': 5, 'fitness': 0.9817768519614876, 'generation': 91}","{'id': 6801, 'rank': 6, 'fitness': 0.9817768519614876, 'generation': 91}","{'id': 6727, 'rank': 7, 'fitness': 0.9817117228107914, 'generation': 91}","{'id': 6788, 'rank': 8, 'fitness': 0.9815944997323307, 'generation': 91}","{'id': 6829, 'rank': 9, 'fitness': 0.9813735176713902, 'generation': 91}","{'id': 6731, 'rank': 10, 'fitness': 0.9813657629666432, 'generation': 91}","{'id': 6652, 'rank': 11, 'fitness': 0.9811751177894564, 'generation': 91}","{'id': 6700, 'rank': 12, 'fitness': 0.9811702257492319, 'generation': 91}","{'id': 6569, 'rank': 13, 'fitness': 0.9803205270648353, 'generation': 91}","{'id': 6830, 'rank': 14, 'fitness': 0.9802748683257725, 'generation': 91}","{'id': 6575, 'rank': 15, 'fitness': 0.9800785597346022, 'generation': 91}","{'id': 6716, 'rank': 16, 'fitness': 0.9798845818322288, 'generation': 91}","{'id': 6776, 'rank': 17, 'fitness': 0.9775740032298234, 'generation': 91}","{'id': 6799, 'rank': 18, 'fitness': 0.9769614271948661, 'generation': 91}","{'id': 6823, 'rank': 19, 'fitness': 0.9746068721779494, 'generation': 91}","{'id': 6823, 'rank': 20, 'fitness': 0.9746068721779494, 'generation': 91}","{'id': 6785, 'rank': 21, 'fitness': 0.9736565859171973, 'generation': 91}","{'id': 6827, 'rank': 22, 'fitness': 0.9712908543583639, 'generation': 91}","{'id': 6833, 'rank': 23, 'fitness': 0.9662994342959215, 'generation': 91}","{'id': 6833, 'rank': 24, 'fitness': 0.9662994342959215, 'generation': 91}","{'id': 6826, 'rank': 25, 'fitness': 0.9605053856483544, 'generation': 91}","{'id': 6832, 'rank': 26, 'fitness': 0.9465821911792944, 'generation': 91}","{'id': 6815, 'rank': 27, 'fitness': 0.09568008316527876, 'generation': 91}","{'id': 6786, 'rank': 28, 'fitness': 0.02004509882377703, 'generation': 91}","{'id': 6795, 'rank': 29, 'fitness': 0.01798620996209155, 'generation': 91}","{'id': 6795, 'rank': 30, 'fitness': 0.01798620996209155, 'generation': 91}"
"{'id': 6854, 'rank': 1, 'fitness': 0.9820137900379085, 'generation': 92}","{'id': 6854, 'rank': 2, 'fitness': 0.9820137900379085, 'generation': 92}","{'id': 6871, 'rank': 3, 'fitness': 0.9566838081254443, 'generation': 92}","{'id': 6871, 'rank': 4, 'fitness': 0.9566838081254443, 'generation': 92}","{'id': 6850, 'rank': 5, 'fitness': 0.9436648657250308, 'generation': 92}","{'id': 6897, 'rank': 6, 'fitness': 0.9405186879710898, 'generation': 92}","{'id': 6897, 'rank': 7, 'fitness': 0.9405186879710898, 'generation': 92}","{'id': 6903, 'rank': 8, 'fitness': 0.9289961051076887, 'generation': 92}","{'id': 6723, 'rank': 9, 'fitness': 0.9260453731026319, 'generation': 92}","{'id': 6873, 'rank': 10, 'fitness': 0.9242084222227538, 'generation': 92}","{'id': 6835, 'rank': 11, 'fitness': 0.9201227051591466, 'generation': 92}","{'id': 6853, 'rank': 12, 'fitness': 0.9183348651896857, 'generation': 92}","{'id': 6899, 'rank': 13, 'fitness': 0.9135097298155693, 'generation': 92}","{'id': 6899, 'rank': 14, 'fitness': 0.9135097298155693, 'generation': 92}","{'id': 6905, 'rank': 15, 'fitness': 0.9069126210338416, 'generation': 92}","{'id': 6788, 'rank': 16, 'fitness': 0.9025650996661296, 'generation': 92}","{'id': 6788, 'rank': 17, 'fitness': 0.9025650996661296, 'generation': 92}","{'id': 6829, 'rank': 18, 'fitness': 0.8856749072937418, 'generation': 92}","{'id': 6872, 'rank': 19, 'fitness': 0.8778793903937363, 'generation': 92}","{'id': 6879, 'rank': 20, 'fitness': 0.8650858740909779, 'generation': 92}","{'id': 6879, 'rank': 21, 'fitness': 0.8650858740909779, 'generation': 92}","{'id': 6892, 'rank': 22, 'fitness': 0.8295316881194134, 'generation': 92}","{'id': 6838, 'rank': 23, 'fitness': 0.8293064941724064, 'generation': 92}","{'id': 6876, 'rank': 24, 'fitness': 0.823895887204152, 'generation': 92}","{'id': 6575, 'rank': 25, 'fitness': 0.738824519851528, 'generation': 92}","{'id': 6843, 'rank': 26, 'fitness': 0.6456898096801355, 'generation': 92}","{'id': 6844, 'rank': 27, 'fitness': 0.5838779044327057, 'generation': 92}","{'id': 6890, 'rank': 28, 'fitness': 0.04592793427398573, 'generation': 92}","{'id': 6888, 'rank': 29, 'fitness': 0.028626665999539613, 'generation': 92}","{'id': 6896, 'rank': 30, 'fitness': 0.01798620996209155, 'generation': 92}"
"{'id': 6944, 'rank': 1, 'fitness': 0.9820137900379085, 'generation': 93}","{'id': 6854, 'rank': 2, 'fitness': 0.9717298965407528, 'generation': 93}","{'id': 6854, 'rank': 3, 'fitness': 0.9717298965407528, 'generation': 93}","{'id': 6854, 'rank': 4, 'fitness': 0.9717298965407528, 'generation': 93}","{'id': 6946, 'rank': 5, 'fitness': 0.9715577007874687, 'generation': 93}","{'id': 6989, 'rank': 6, 'fitness': 0.9636657657063894, 'generation': 93}","{'id': 6943, 'rank': 7, 'fitness': 0.9574371687162933, 'generation': 93}","{'id': 6943, 'rank': 8, 'fitness': 0.9574371687162933, 'generation': 93}","{'id': 6871, 'rank': 9, 'fitness': 0.9463055950058603, 'generation': 93}","{'id': 6975, 'rank': 10, 'fitness': 0.9460101086009649, 'generation': 93}","{'id': 6975, 'rank': 11, 'fitness': 0.9460101086009649, 'generation': 93}","{'id': 6850, 'rank': 12, 'fitness': 0.9349403305019769, 'generation': 93}","{'id': 6903, 'rank': 13, 'fitness': 0.9229277042018108, 'generation': 93}","{'id': 6723, 'rank': 14, 'fitness': 0.9205911237944746, 'generation': 93}","{'id': 6873, 'rank': 15, 'fitness': 0.9191482923920054, 'generation': 93}","{'id': 6788, 'rank': 16, 'fitness': 0.9027299729480246, 'generation': 93}","{'id': 6981, 'rank': 17, 'fitness': 0.8859613451404743, 'generation': 93}","{'id': 6879, 'rank': 18, 'fitness': 0.8761441423162943, 'generation': 93}","{'id': 6991, 'rank': 19, 'fitness': 0.8746041795533641, 'generation': 93}","{'id': 6990, 'rank': 20, 'fitness': 0.8238359756440616, 'generation': 93}","{'id': 6843, 'rank': 21, 'fitness': 0.7364998702218701, 'generation': 93}","{'id': 6974, 'rank': 22, 'fitness': 0.70868430009455, 'generation': 93}","{'id': 6973, 'rank': 23, 'fitness': 0.5747956346384718, 'generation': 93}","{'id': 6958, 'rank': 24, 'fitness': 0.5729497624227059, 'generation': 93}","{'id': 6980, 'rank': 25, 'fitness': 0.5474375617032645, 'generation': 93}","{'id': 6988, 'rank': 26, 'fitness': 0.4982384673567193, 'generation': 93}","{'id': 6926, 'rank': 27, 'fitness': 0.35790691589288826, 'generation': 93}","{'id': 6936, 'rank': 28, 'fitness': 0.122592663261197, 'generation': 93}","{'id': 6955, 'rank': 29, 'fitness': 0.08997038757742915, 'generation': 93}","{'id': 6928, 'rank': 30, 'fitness': 0.01798620996209155, 'generation': 93}"
"{'id': 7018, 'rank': 1, 'fitness': 0.9820137900379085, 'generation': 94}","{'id': 7042, 'rank': 2, 'fitness': 0.9819810761238899, 'generation': 94}","{'id': 7042, 'rank': 3, 'fitness': 0.9819810761238899, 'generation': 94}","{'id': 7042, 'rank': 4, 'fitness': 0.9819810761238899, 'generation': 94}","{'id': 7026, 'rank': 5, 'fitness': 0.9816202455642511, 'generation': 94}","{'id': 6854, 'rank': 6, 'fitness': 0.9813862346682332, 'generation': 94}","{'id': 6854, 'rank': 7, 'fitness': 0.9813862346682332, 'generation': 94}","{'id': 6854, 'rank': 8, 'fitness': 0.9813862346682332, 'generation': 94}","{'id': 6854, 'rank': 9, 'fitness': 0.9813862346682332, 'generation': 94}","{'id': 7007, 'rank': 10, 'fitness': 0.9813050146943685, 'generation': 94}","{'id': 7008, 'rank': 11, 'fitness': 0.9811866108810057, 'generation': 94}","{'id': 6989, 'rank': 12, 'fitness': 0.9809374339804287, 'generation': 94}","{'id': 6943, 'rank': 13, 'fitness': 0.9806468537748619, 'generation': 94}","{'id': 6943, 'rank': 14, 'fitness': 0.9806468537748619, 'generation': 94}","{'id': 7045, 'rank': 15, 'fitness': 0.9806244835015989, 'generation': 94}","{'id': 7004, 'rank': 16, 'fitness': 0.9805093366165334, 'generation': 94}","{'id': 6871, 'rank': 17, 'fitness': 0.9802083420166757, 'generation': 94}","{'id': 6975, 'rank': 18, 'fitness': 0.9801978011366677, 'generation': 94}","{'id': 7041, 'rank': 19, 'fitness': 0.9800623914527137, 'generation': 94}","{'id': 7009, 'rank': 20, 'fitness': 0.9799663791029946, 'generation': 94}","{'id': 7059, 'rank': 21, 'fitness': 0.9799267500327882, 'generation': 94}","{'id': 6981, 'rank': 22, 'fitness': 0.9786640182805624, 'generation': 94}","{'id': 6991, 'rank': 23, 'fitness': 0.9784521156593393, 'generation': 94}","{'id': 6843, 'rank': 24, 'fitness': 0.9765706203863397, 'generation': 94}","{'id': 6843, 'rank': 25, 'fitness': 0.9765706203863397, 'generation': 94}","{'id': 6843, 'rank': 26, 'fitness': 0.9765706203863397, 'generation': 94}","{'id': 6980, 'rank': 27, 'fitness': 0.9747072873476084, 'generation': 94}","{'id': 7034, 'rank': 28, 'fitness': 0.9695619949176075, 'generation': 94}","{'id': 7051, 'rank': 29, 'fitness': 0.33581440852452926, 'generation': 94}","{'id': 7056, 'rank': 30, 'fitness': 0.01798620996209155, 'generation': 94}"
"{'id': 7076, 'rank': 1, 'fitness': 0.9820137900379085, 'generation': 95}","{'id': 7076, 'rank': 2, 'fitness': 0.9820137900379085, 'generation': 95}","{'id': 7089, 'rank': 3, 'fitness': 0.9258403745857466, 'generation': 95}","{'id': 7018, 'rank': 4, 'fitness': 0.8944800266990907, 'generation': 95}","{'id': 7042, 'rank': 5, 'fitness': 0.8881665828531204, 'generation': 95}","{'id': 7042, 'rank': 6, 'fitness': 0.8881665828531204, 'generation': 95}","{'id': 7042, 'rank': 7, 'fitness': 0.8881665828531204, 'generation': 95}","{'id': 7127, 'rank': 8, 'fitness': 0.8648717728977421, 'generation': 95}","{'id': 7127, 'rank': 9, 'fitness': 0.8648717728977421, 'generation': 95}","{'id': 7026, 'rank': 10, 'fitness': 0.7958706392861379, 'generation': 95}","{'id': 7026, 'rank': 11, 'fitness': 0.7958706392861379, 'generation': 95}","{'id': 7153, 'rank': 12, 'fitness': 0.7372601123415659, 'generation': 95}","{'id': 6854, 'rank': 13, 'fitness': 0.7122963557448361, 'generation': 95}","{'id': 6854, 'rank': 14, 'fitness': 0.7122963557448361, 'generation': 95}","{'id': 6854, 'rank': 15, 'fitness': 0.7122963557448361, 'generation': 95}","{'id': 7107, 'rank': 16, 'fitness': 0.6987580987004995, 'generation': 95}","{'id': 7136, 'rank': 17, 'fitness': 0.6655442703410712, 'generation': 95}","{'id': 7008, 'rank': 18, 'fitness': 0.6279845077285109, 'generation': 95}","{'id': 7101, 'rank': 19, 'fitness': 0.6005516353476114, 'generation': 95}","{'id': 7128, 'rank': 20, 'fitness': 0.5654842701353229, 'generation': 95}","{'id': 7091, 'rank': 21, 'fitness': 0.5203219298529813, 'generation': 95}","{'id': 7069, 'rank': 22, 'fitness': 0.4784954933663489, 'generation': 95}","{'id': 7137, 'rank': 23, 'fitness': 0.4234945326627644, 'generation': 95}","{'id': 6943, 'rank': 24, 'fitness': 0.3793434245828059, 'generation': 95}","{'id': 7124, 'rank': 25, 'fitness': 0.3292103230418334, 'generation': 95}","{'id': 7151, 'rank': 26, 'fitness': 0.30653859662885297, 'generation': 95}","{'id': 7009, 'rank': 27, 'fitness': 0.15004606639228513, 'generation': 95}","{'id': 7071, 'rank': 28, 'fitness': 0.1469402532861156, 'generation': 95}","{'id': 6981, 'rank': 29, 'fitness': 0.01798620996209155, 'generation': 95}","{'id': 6981, 'rank': 30, 'fitness': 0.01798620996209155, 'generation': 95}"
"{'id': 7216, 'rank': 1, 'fitness': 0.9820137900379085, 'generation': 96}","{'id': 7217, 'rank': 2, 'fitness': 0.981049451675027, 'generation': 96}","{'id': 7042, 'rank': 3, 'fitness': 0.9806386702997365, 'generation': 96}","{'id': 7026, 'rank': 4, 'fitness': 0.9800447573651322, 'generation': 96}","{'id': 7026, 'rank': 5, 'fitness': 0.9800447573651322, 'generation': 96}","{'id': 6854, 'rank': 6, 'fitness': 0.9796563767326436, 'generation': 96}","{'id': 7091, 'rank': 7, 'fitness': 0.9789315745708049, 'generation': 96}","{'id': 7069, 'rank': 8, 'fitness': 0.9787814899532434, 'generation': 96}","{'id': 7137, 'rank': 9, 'fitness': 0.9785805043602362, 'generation': 96}","{'id': 7151, 'rank': 10, 'fitness': 0.9781144378188968, 'generation': 96}","{'id': 7151, 'rank': 11, 'fitness': 0.9781144378188968, 'generation': 96}","{'id': 7009, 'rank': 12, 'fitness': 0.9772468923699946, 'generation': 96}","{'id': 6981, 'rank': 13, 'fitness': 0.974959154511299, 'generation': 96}","{'id': 6981, 'rank': 14, 'fitness': 0.974959154511299, 'generation': 96}","{'id': 7173, 'rank': 15, 'fitness': 0.9741698556945444, 'generation': 96}","{'id': 7179, 'rank': 16, 'fitness': 0.9659995185283301, 'generation': 96}","{'id': 7172, 'rank': 17, 'fitness': 0.9640299367542442, 'generation': 96}","{'id': 7213, 'rank': 18, 'fitness': 0.963814331400064, 'generation': 96}","{'id': 7188, 'rank': 19, 'fitness': 0.9606950925195761, 'generation': 96}","{'id': 7188, 'rank': 20, 'fitness': 0.9606950925195761, 'generation': 96}","{'id': 7207, 'rank': 21, 'fitness': 0.952772444840351, 'generation': 96}","{'id': 7207, 'rank': 22, 'fitness': 0.952772444840351, 'generation': 96}","{'id': 7207, 'rank': 23, 'fitness': 0.952772444840351, 'generation': 96}","{'id': 7207, 'rank': 24, 'fitness': 0.952772444840351, 'generation': 96}","{'id': 7200, 'rank': 25, 'fitness': 0.7664433565690216, 'generation': 96}","{'id': 7176, 'rank': 26, 'fitness': 0.6048740027032252, 'generation': 96}","{'id': 7159, 'rank': 27, 'fitness': 0.3514385083537, 'generation': 96}","{'id': 7155, 'rank': 28, 'fitness': 0.11258395312956199, 'generation': 96}","{'id': 7185, 'rank': 29, 'fitness': 0.05038761636761552, 'generation': 96}","{'id': 7184, 'rank': 30, 'fitness': 0.01798620996209155, 'generation': 96}"
"{'id': 7268, 'rank': 1, 'fitness': 0.9820137900379085, 'generation': 97}","{'id': 7242, 'rank': 2, 'fitness': 0.9743725184413526, 'generation': 97}","{'id': 7273, 'rank': 3, 'fitness': 0.9714788558049221, 'generation': 97}","{'id': 7274, 'rank': 4, 'fitness': 0.9653181657387332, 'generation': 97}","{'id': 7292, 'rank': 5, 'fitness': 0.9580666967432286, 'generation': 97}","{'id': 6854, 'rank': 6, 'fitness': 0.9563823422150748, 'generation': 97}","{'id': 6854, 'rank': 7, 'fitness': 0.9563823422150748, 'generation': 97}","{'id': 7266, 'rank': 8, 'fitness': 0.9518292049577104, 'generation': 97}","{'id': 7266, 'rank': 9, 'fitness': 0.9518292049577104, 'generation': 97}","{'id': 7266, 'rank': 10, 'fitness': 0.9518292049577104, 'generation': 97}","{'id': 7248, 'rank': 11, 'fitness': 0.9484424947290813, 'generation': 97}","{'id': 7240, 'rank': 12, 'fitness': 0.9457010171245366, 'generation': 97}","{'id': 7269, 'rank': 13, 'fitness': 0.9406300712856248, 'generation': 97}","{'id': 7272, 'rank': 14, 'fitness': 0.9366798253198347, 'generation': 97}","{'id': 7291, 'rank': 15, 'fitness': 0.9315501928163946, 'generation': 97}","{'id': 7151, 'rank': 16, 'fitness': 0.9303299535920222, 'generation': 97}","{'id': 7246, 'rank': 17, 'fitness': 0.9265337372256326, 'generation': 97}","{'id': 7254, 'rank': 18, 'fitness': 0.9192950152208115, 'generation': 97}","{'id': 7252, 'rank': 19, 'fitness': 0.9113758437044435, 'generation': 97}","{'id': 7009, 'rank': 20, 'fitness': 0.9111341637896422, 'generation': 97}","{'id': 7283, 'rank': 21, 'fitness': 0.8879496553125767, 'generation': 97}","{'id': 6981, 'rank': 22, 'fitness': 0.8422920638545897, 'generation': 97}","{'id': 7284, 'rank': 23, 'fitness': 0.8126901071014764, 'generation': 97}","{'id': 7286, 'rank': 24, 'fitness': 0.7631824216300884, 'generation': 97}","{'id': 7278, 'rank': 25, 'fitness': 0.3318446875057537, 'generation': 97}","{'id': 7222, 'rank': 26, 'fitness': 0.1945512576742785, 'generation': 97}","{'id': 7236, 'rank': 27, 'fitness': 0.07819508719727741, 'generation': 97}","{'id': 7288, 'rank': 28, 'fitness': 0.021218428319567384, 'generation': 97}","{'id': 7239, 'rank': 29, 'fitness': 0.01798620996209155, 'generation': 97}","{'id': 7239, 'rank': 30, 'fitness': 0.01798620996209155, 'generation': 97}"
"{'id': 7366, 'rank': 1, 'fitness': 0.9820137900379085, 'generation': 98}","{'id': 7268, 'rank': 2, 'fitness': 0.9791016511784432, 'generation': 98}","{'id': 7359, 'rank': 3, 'fitness': 0.9774314747911376, 'generation': 98}","{'id': 7242, 'rank': 4, 'fitness': 0.9749762323778337, 'generation': 98}","{'id': 7347, 'rank': 5, 'fitness': 0.9744361909339007, 'generation': 98}","{'id': 7347, 'rank': 6, 'fitness': 0.9744361909339007, 'generation': 98}","{'id': 7367, 'rank': 7, 'fitness': 0.9741136488832416, 'generation': 98}","{'id': 7273, 'rank': 8, 'fitness': 0.9735724108215055, 'generation': 98}","{'id': 7273, 'rank': 9, 'fitness': 0.9735724108215055, 'generation': 98}","{'id': 7365, 'rank': 10, 'fitness': 0.9722926460336399, 'generation': 98}","{'id': 7353, 'rank': 11, 'fitness': 0.9691943291607601, 'generation': 98}","{'id': 7353, 'rank': 12, 'fitness': 0.9691943291607601, 'generation': 98}","{'id': 7364, 'rank': 13, 'fitness': 0.9682250111058406, 'generation': 98}","{'id': 7370, 'rank': 14, 'fitness': 0.9674767101623019, 'generation': 98}","{'id': 7370, 'rank': 15, 'fitness': 0.9674767101623019, 'generation': 98}","{'id': 7373, 'rank': 16, 'fitness': 0.9665130873773882, 'generation': 98}","{'id': 7266, 'rank': 17, 'fitness': 0.9654141614414817, 'generation': 98}","{'id': 7361, 'rank': 18, 'fitness': 0.9634500712587544, 'generation': 98}","{'id': 7314, 'rank': 19, 'fitness': 0.9577740928394469, 'generation': 98}","{'id': 7314, 'rank': 20, 'fitness': 0.9577740928394469, 'generation': 98}","{'id': 7246, 'rank': 21, 'fitness': 0.9569066510104683, 'generation': 98}","{'id': 7303, 'rank': 22, 'fitness': 0.9561868466630101, 'generation': 98}","{'id': 7315, 'rank': 23, 'fitness': 0.9556502765009627, 'generation': 98}","{'id': 7254, 'rank': 24, 'fitness': 0.9547159879654955, 'generation': 98}","{'id': 7362, 'rank': 25, 'fitness': 0.9528570225099596, 'generation': 98}","{'id': 7252, 'rank': 26, 'fitness': 0.9524093754892087, 'generation': 98}","{'id': 7335, 'rank': 27, 'fitness': 0.9415466140774842, 'generation': 98}","{'id': 7286, 'rank': 28, 'fitness': 0.9172190810666008, 'generation': 98}","{'id': 7278, 'rank': 29, 'fitness': 0.8103565289242908, 'generation': 98}","{'id': 7326, 'rank': 30, 'fitness': 0.01798620996209155, 'generation': 98}"
"{'id': 7366, 'rank': 1, 'fitness': 0.9820137900379085, 'generation': 99}","{'id': 7432, 'rank': 2, 'fitness': 0.9783448788598551, 'generation': 99}","{'id': 7462, 'rank': 3, 'fitness': 0.9694782848525383, 'generation': 99}","{'id': 7389, 'rank': 4, 'fitness': 0.9470066552208065, 'generation': 99}","{'id': 7389, 'rank': 5, 'fitness': 0.9470066552208065, 'generation': 99}","{'id': 7441, 'rank': 6, 'fitness': 0.9337766365321316, 'generation': 99}","{'id': 7406, 'rank': 7, 'fitness': 0.9031107969531271, 'generation': 99}","{'id': 7242, 'rank': 8, 'fitness': 0.8798019096970708, 'generation': 99}","{'id': 7347, 'rank': 9, 'fitness': 0.8653083627914506, 'generation': 99}","{'id': 7273, 'rank': 10, 'fitness': 0.8398230212687412, 'generation': 99}","{'id': 7273, 'rank': 11, 'fitness': 0.8398230212687412, 'generation': 99}","{'id': 7273, 'rank': 12, 'fitness': 0.8398230212687412, 'generation': 99}","{'id': 7413, 'rank': 13, 'fitness': 0.7517053398421916, 'generation': 99}","{'id': 7353, 'rank': 14, 'fitness': 0.671980989655501, 'generation': 99}","{'id': 7364, 'rank': 15, 'fitness': 0.6287120832268098, 'generation': 99}","{'id': 7364, 'rank': 16, 'fitness': 0.6287120832268098, 'generation': 99}","{'id': 7370, 'rank': 17, 'fitness': 0.5947088744694772, 'generation': 99}","{'id': 7456, 'rank': 18, 'fitness': 0.5933329197877066, 'generation': 99}","{'id': 7456, 'rank': 19, 'fitness': 0.5933329197877066, 'generation': 99}","{'id': 7373, 'rank': 20, 'fitness': 0.5507355637655555, 'generation': 99}","{'id': 7435, 'rank': 21, 'fitness': 0.5365110325256631, 'generation': 99}","{'id': 7455, 'rank': 22, 'fitness': 0.5193707291013339, 'generation': 99}","{'id': 7454, 'rank': 23, 'fitness': 0.4695186943471063, 'generation': 99}","{'id': 7445, 'rank': 24, 'fitness': 0.29796877899628843, 'generation': 99}","{'id': 7437, 'rank': 25, 'fitness': 0.2326201212130936, 'generation': 99}","{'id': 7314, 'rank': 26, 'fitness': 0.22593759761513282, 'generation': 99}","{'id': 7459, 'rank': 27, 'fitness': 0.20930916471955674, 'generation': 99}","{'id': 7362, 'rank': 28, 'fitness': 0.12807966343780847, 'generation': 99}","{'id': 7375, 'rank': 29, 'fitness': 0.025950293408854963, 'generation': 99}","{'id': 7447, 'rank': 30, 'fitness': 0.01798620996209155, 'generation': 99}"
"{'id': 7516, 'rank': 1, 'fitness': 0.9820137900379085, 'generation': 100}","{'id': 7516, 'rank': 2, 'fitness': 0.9820137900379085, 'generation': 100}","{'id': 7366, 'rank': 3, 'fitness': 0.981958344367128, 'generation': 100}","{'id': 7490, 'rank': 4, 'fitness': 0.9819405488150296, 'generation': 100}","{'id': 7489, 'rank': 5, 'fitness': 0.9805660660769224, 'generation': 100}","{'id': 7347, 'rank': 6, 'fitness': 0.9803749011593695, 'generation': 100}","{'id': 7347, 'rank': 7, 'fitness': 0.9803749011593695, 'generation': 100}","{'id': 7273, 'rank': 8, 'fitness': 0.9802176527867217, 'generation': 100}","{'id': 7273, 'rank': 9, 'fitness': 0.9802176527867217, 'generation': 100}","{'id': 7273, 'rank': 10, 'fitness': 0.9802176527867217, 'generation': 100}","{'id': 7413, 'rank': 11, 'fitness': 0.9797864291292815, 'generation': 100}","{'id': 7364, 'rank': 12, 'fitness': 0.9793201755665231, 'generation': 100}","{'id': 7456, 'rank': 13, 'fitness': 0.9791989764990037, 'generation': 100}","{'id': 7373, 'rank': 14, 'fitness': 0.979056402641627, 'generation': 100}","{'id': 7445, 'rank': 15, 'fitness': 0.97816704045008, 'generation': 100}","{'id': 7445, 'rank': 16, 'fitness': 0.97816704045008, 'generation': 100}","{'id': 7445, 'rank': 17, 'fitness': 0.97816704045008, 'generation': 100}","{'id': 7464, 'rank': 18, 'fitness': 0.9780821389348797, 'generation': 100}","{'id': 7459, 'rank': 19, 'fitness': 0.9777593913620455, 'generation': 100}","{'id': 7471, 'rank': 20, 'fitness': 0.9749117875020419, 'generation': 100}","{'id': 7510, 'rank': 21, 'fitness': 0.9389491916305052, 'generation': 100}","{'id': 7508, 'rank': 22, 'fitness': 0.9386981843123443, 'generation': 100}","{'id': 7498, 'rank': 23, 'fitness': 0.9384006168003168, 'generation': 100}","{'id': 7502, 'rank': 24, 'fitness': 0.9304946117355379, 'generation': 100}","{'id': 7511, 'rank': 25, 'fitness': 0.8971545083937055, 'generation': 100}","{'id': 7470, 'rank': 26, 'fitness': 0.6575744228795835, 'generation': 100}","{'id': 7472, 'rank': 27, 'fitness': 0.1497357742858052, 'generation': 100}","{'id': 7484, 'rank': 28, 'fitness': 0.07741471748578926, 'generation': 100}","{'id': 7495, 'rank': 29, 'fitness': 0.028995512788367317, 'generation': 100}","{'id': 7475, 'rank': 30, 'fitness': 0.01798620996209155, 'generation': 100}"
"{'id': 7571, 'rank': 1, 'fitness': 0.9820137900379085, 'generation': 101}","{'id': 7571, 'rank': 2, 'fitness': 0.9820137900379085, 'generation': 101}","{'id': 7543, 'rank': 3, 'fitness': 0.9819586022633906, 'generation': 101}","{'id': 7542, 'rank': 4, 'fitness': 0.9817570938555742, 'generation': 101}","{'id': 7525, 'rank': 5, 'fitness': 0.9812206533197534, 'generation': 101}","{'id': 7525, 'rank': 6, 'fitness': 0.9812206533197534, 'generation': 101}","{'id': 7527, 'rank': 7, 'fitness': 0.9809082539473475, 'generation': 101}","{'id': 7572, 'rank': 8, 'fitness': 0.9793316279345288, 'generation': 101}","{'id': 7548, 'rank': 9, 'fitness': 0.9790833260797562, 'generation': 101}","{'id': 7562, 'rank': 10, 'fitness': 0.979064259091466, 'generation': 101}","{'id': 7347, 'rank': 11, 'fitness': 0.9789119671815172, 'generation': 101}","{'id': 7347, 'rank': 12, 'fitness': 0.9789119671815172, 'generation': 101}","{'id': 7585, 'rank': 13, 'fitness': 0.9787452913204179, 'generation': 101}","{'id': 7586, 'rank': 14, 'fitness': 0.9787342151137843, 'generation': 101}","{'id': 7559, 'rank': 15, 'fitness': 0.9786241861327056, 'generation': 101}","{'id': 7560, 'rank': 16, 'fitness': 0.9786013084970171, 'generation': 101}","{'id': 7529, 'rank': 17, 'fitness': 0.9778358040673355, 'generation': 101}","{'id': 7590, 'rank': 18, 'fitness': 0.9777073826947176, 'generation': 101}","{'id': 7558, 'rank': 19, 'fitness': 0.9772755439134511, 'generation': 101}","{'id': 7539, 'rank': 20, 'fitness': 0.9768120106480793, 'generation': 101}","{'id': 7561, 'rank': 21, 'fitness': 0.9767479054052091, 'generation': 101}","{'id': 7445, 'rank': 22, 'fitness': 0.9758826627423489, 'generation': 101}","{'id': 7593, 'rank': 23, 'fitness': 0.975650751131798, 'generation': 101}","{'id': 7532, 'rank': 24, 'fitness': 0.9724616447851417, 'generation': 101}","{'id': 7530, 'rank': 25, 'fitness': 0.9712877965026909, 'generation': 101}","{'id': 7508, 'rank': 26, 'fitness': 0.9126312107555807, 'generation': 101}","{'id': 7502, 'rank': 27, 'fitness': 0.8981371051688559, 'generation': 101}","{'id': 7567, 'rank': 28, 'fitness': 0.8931746413198542, 'generation': 101}","{'id': 7470, 'rank': 29, 'fitness': 0.4322394512878132, 'generation': 101}","{'id': 7544, 'rank': 30, 'fitness': 0.01798620996209155, 'generation': 101}"
"{'id': 7571, 'rank': 1, 'fitness': 0.9820137900379085, 'generation': 102}","{'id': 7571, 'rank': 2, 'fitness': 0.9820137900379085, 'generation': 102}","{'id': 7543, 'rank': 3, 'fitness': 0.9806274074939576, 'generation': 102}","{'id': 7613, 'rank': 4, 'fitness': 0.9631333951487129, 'generation': 102}","{'id': 7613, 'rank': 5, 'fitness': 0.9631333951487129, 'generation': 102}","{'id': 7667, 'rank': 6, 'fitness': 0.9305577421024946, 'generation': 102}","{'id': 7667, 'rank': 7, 'fitness': 0.9305577421024946, 'generation': 102}","{'id': 7527, 'rank': 8, 'fitness': 0.9259409209049044, 'generation': 102}","{'id': 7646, 'rank': 9, 'fitness': 0.9250476798865718, 'generation': 102}","{'id': 7605, 'rank': 10, 'fitness': 0.9203879325397231, 'generation': 102}","{'id': 7624, 'rank': 11, 'fitness': 0.9102347663227035, 'generation': 102}","{'id': 7639, 'rank': 12, 'fitness': 0.9031356315599699, 'generation': 102}","{'id': 7614, 'rank': 13, 'fitness': 0.8675710449037026, 'generation': 102}","{'id': 7636, 'rank': 14, 'fitness': 0.6019214917814713, 'generation': 102}","{'id': 7664, 'rank': 15, 'fitness': 0.487962853134219, 'generation': 102}","{'id': 7632, 'rank': 16, 'fitness': 0.4681916190869747, 'generation': 102}","{'id': 7560, 'rank': 17, 'fitness': 0.4260869897342706, 'generation': 102}","{'id': 7560, 'rank': 18, 'fitness': 0.4260869897342706, 'generation': 102}","{'id': 7606, 'rank': 19, 'fitness': 0.31488219558870767, 'generation': 102}","{'id': 7606, 'rank': 20, 'fitness': 0.31488219558870767, 'generation': 102}","{'id': 7606, 'rank': 21, 'fitness': 0.31488219558870767, 'generation': 102}","{'id': 7681, 'rank': 22, 'fitness': 0.26553230327882604, 'generation': 102}","{'id': 7529, 'rank': 23, 'fitness': 0.2369847434728694, 'generation': 102}","{'id': 7656, 'rank': 24, 'fitness': 0.2114811402462305, 'generation': 102}","{'id': 7629, 'rank': 25, 'fitness': 0.16574494744493717, 'generation': 102}","{'id': 7539, 'rank': 26, 'fitness': 0.09196445540928494, 'generation': 102}","{'id': 7604, 'rank': 27, 'fitness': 0.03451005535343926, 'generation': 102}","{'id': 7625, 'rank': 28, 'fitness': 0.030133104119978438, 'generation': 102}","{'id': 7644, 'rank': 29, 'fitness': 0.021372740581483807, 'generation': 102}","{'id': 7598, 'rank': 30, 'fitness': 0.01798620996209155, 'generation': 102}"
"{'id': 7699, 'rank': 1, 'fitness': 0.9820137900379085, 'generation': 103}","{'id': 7754, 'rank': 2, 'fitness': 0.9813830428395374, 'generation': 103}","{'id': 7693, 'rank': 3, 'fitness': 0.9813492042632126, 'generation': 103}","{'id': 7729, 'rank': 4, 'fitness': 0.9813301459173652, 'generation': 103}","{'id': 7571, 'rank': 5, 'fitness': 0.9813097084998826, 'generation': 103}","{'id': 7613, 'rank': 6, 'fitness': 0.981132842197627, 'generation': 103}","{'id': 7613, 'rank': 7, 'fitness': 0.981132842197627, 'generation': 103}","{'id': 7696, 'rank': 8, 'fitness': 0.9808765505346785, 'generation': 103}","{'id': 7696, 'rank': 9, 'fitness': 0.9808765505346785, 'generation': 103}","{'id': 7749, 'rank': 10, 'fitness': 0.9808062984593761, 'generation': 103}","{'id': 7614, 'rank': 11, 'fitness': 0.9807965018706496, 'generation': 103}","{'id': 7664, 'rank': 12, 'fitness': 0.9803179220369362, 'generation': 103}","{'id': 7728, 'rank': 13, 'fitness': 0.9802958401823677, 'generation': 103}","{'id': 7606, 'rank': 14, 'fitness': 0.9801338585892289, 'generation': 103}","{'id': 7681, 'rank': 15, 'fitness': 0.9800729085846651, 'generation': 103}","{'id': 7681, 'rank': 16, 'fitness': 0.9800729085846651, 'generation': 103}","{'id': 7656, 'rank': 17, 'fitness': 0.9799968235146725, 'generation': 103}","{'id': 7745, 'rank': 18, 'fitness': 0.9796391457547295, 'generation': 103}","{'id': 7745, 'rank': 19, 'fitness': 0.9796391457547295, 'generation': 103}","{'id': 7745, 'rank': 20, 'fitness': 0.9796391457547295, 'generation': 103}","{'id': 7625, 'rank': 21, 'fitness': 0.9794391023983032, 'generation': 103}","{'id': 7707, 'rank': 22, 'fitness': 0.9784325375544017, 'generation': 103}","{'id': 7701, 'rank': 23, 'fitness': 0.9767460006848709, 'generation': 103}","{'id': 7740, 'rank': 24, 'fitness': 0.9746468480168375, 'generation': 103}","{'id': 7732, 'rank': 25, 'fitness': 0.9703280934244694, 'generation': 103}","{'id': 7692, 'rank': 26, 'fitness': 0.6880485797305418, 'generation': 103}","{'id': 7714, 'rank': 27, 'fitness': 0.5594902231290494, 'generation': 103}","{'id': 7725, 'rank': 28, 'fitness': 0.2988742176274094, 'generation': 103}","{'id': 7725, 'rank': 29, 'fitness': 0.2988742176274094, 'generation': 103}","{'id': 7748, 'rank': 30, 'fitness': 0.01798620996209155, 'generation': 103}"
"{'id': 7699, 'rank': 1, 'fitness': 0.9820137900379085, 'generation': 104}","{'id': 7812, 'rank': 2, 'fitness': 0.9775137789920118, 'generation': 104}","{'id': 7795, 'rank': 3, 'fitness': 0.9765188162304472, 'generation': 104}","{'id': 7754, 'rank': 4, 'fitness': 0.9712741174189865, 'generation': 104}","{'id': 7693, 'rank': 5, 'fitness': 0.970561023644258, 'generation': 104}","{'id': 7693, 'rank': 6, 'fitness': 0.970561023644258, 'generation': 104}","{'id': 7613, 'rank': 7, 'fitness': 0.9656144305374699, 'generation': 104}","{'id': 7613, 'rank': 8, 'fitness': 0.9656144305374699, 'generation': 104}","{'id': 7770, 'rank': 9, 'fitness': 0.9649409598944492, 'generation': 104}","{'id': 7823, 'rank': 10, 'fitness': 0.9644895030340821, 'generation': 104}","{'id': 7756, 'rank': 11, 'fitness': 0.9642130670799287, 'generation': 104}","{'id': 7756, 'rank': 12, 'fitness': 0.9642130670799287, 'generation': 104}","{'id': 7801, 'rank': 13, 'fitness': 0.9606497756119402, 'generation': 104}","{'id': 7761, 'rank': 14, 'fitness': 0.9589046031417445, 'generation': 104}","{'id': 7761, 'rank': 15, 'fitness': 0.9589046031417445, 'generation': 104}","{'id': 7761, 'rank': 16, 'fitness': 0.9589046031417445, 'generation': 104}","{'id': 7761, 'rank': 17, 'fitness': 0.9589046031417445, 'generation': 104}","{'id': 7696, 'rank': 18, 'fitness': 0.9588066264891204, 'generation': 104}","{'id': 7696, 'rank': 19, 'fitness': 0.9588066264891204, 'generation': 104}","{'id': 7797, 'rank': 20, 'fitness': 0.956961876197713, 'generation': 104}","{'id': 7614, 'rank': 21, 'fitness': 0.9564486882366874, 'generation': 104}","{'id': 7757, 'rank': 22, 'fitness': 0.9562603790500646, 'generation': 104}","{'id': 7816, 'rank': 23, 'fitness': 0.9468705016647835, 'generation': 104}","{'id': 7767, 'rank': 24, 'fitness': 0.9410432308067418, 'generation': 104}","{'id': 7681, 'rank': 25, 'fitness': 0.9291955204679422, 'generation': 104}","{'id': 7785, 'rank': 26, 'fitness': 0.9187216198953385, 'generation': 104}","{'id': 7782, 'rank': 27, 'fitness': 0.8879081691806625, 'generation': 104}","{'id': 7832, 'rank': 28, 'fitness': 0.7721716538283233, 'generation': 104}","{'id': 7789, 'rank': 29, 'fitness': 0.5680552073991514, 'generation': 104}","{'id': 7779, 'rank': 30, 'fitness': 0.01798620996209155, 'generation': 104}"
"{'id': 7864, 'rank': 1, 'fitness': 0.9820137900379085, 'generation': 105}","{'id': 7865, 'rank': 2, 'fitness': 0.9444943201814586, 'generation': 105}","{'id': 7812, 'rank': 3, 'fitness': 0.8499658581346338, 'generation': 105}","{'id': 7812, 'rank': 4, 'fitness': 0.8499658581346338, 'generation': 105}","{'id': 7875, 'rank': 5, 'fitness': 0.8449732312676546, 'generation': 105}","{'id': 7795, 'rank': 6, 'fitness': 0.8242601436235582, 'generation': 105}","{'id': 7754, 'rank': 7, 'fitness': 0.6600241360042205, 'generation': 105}","{'id': 7901, 'rank': 8, 'fitness': 0.6442967744082263, 'generation': 105}","{'id': 7613, 'rank': 9, 'fitness': 0.46806893925580034, 'generation': 105}","{'id': 7823, 'rank': 10, 'fitness': 0.4328943898755131, 'generation': 105}","{'id': 7756, 'rank': 11, 'fitness': 0.4245018473008675, 'generation': 105}","{'id': 7756, 'rank': 12, 'fitness': 0.4245018473008675, 'generation': 105}","{'id': 7835, 'rank': 13, 'fitness': 0.4023958659581462, 'generation': 105}","{'id': 7894, 'rank': 14, 'fitness': 0.39789190477744585, 'generation': 105}","{'id': 7801, 'rank': 15, 'fitness': 0.32638051743828406, 'generation': 105}","{'id': 7801, 'rank': 16, 'fitness': 0.32638051743828406, 'generation': 105}","{'id': 7761, 'rank': 17, 'fitness': 0.28551264786264974, 'generation': 105}","{'id': 7761, 'rank': 18, 'fitness': 0.28551264786264974, 'generation': 105}","{'id': 7761, 'rank': 19, 'fitness': 0.28551264786264974, 'generation': 105}","{'id': 7614, 'rank': 20, 'fitness': 0.23585052747123814, 'generation': 105}","{'id': 7757, 'rank': 21, 'fitness': 0.23240317184641218, 'generation': 105}","{'id': 7857, 'rank': 22, 'fitness': 0.22776353207688588, 'generation': 105}","{'id': 7857, 'rank': 23, 'fitness': 0.22776353207688588, 'generation': 105}","{'id': 7876, 'rank': 24, 'fitness': 0.14011432672894547, 'generation': 105}","{'id': 7896, 'rank': 25, 'fitness': 0.13230727941309933, 'generation': 105}","{'id': 7896, 'rank': 26, 'fitness': 0.13230727941309933, 'generation': 105}","{'id': 7843, 'rank': 27, 'fitness': 0.10044250604440103, 'generation': 105}","{'id': 7850, 'rank': 28, 'fitness': 0.0992745625642742, 'generation': 105}","{'id': 7837, 'rank': 29, 'fitness': 0.0504414788725428, 'generation': 105}","{'id': 7882, 'rank': 30, 'fitness': 0.01798620996209155, 'generation': 105}"
"{'id': 7930, 'rank': 1, 'fitness': 0.9820137900379085, 'generation': 106}","{'id': 7911, 'rank': 2, 'fitness': 0.9815269567807825, 'generation': 106}","{'id': 7865, 'rank': 3, 'fitness': 0.981208121405006, 'generation': 106}","{'id': 7931, 'rank': 4, 'fitness': 0.9810139276267523, 'generation': 106}","{'id': 7931, 'rank': 5, 'fitness': 0.9810139276267523, 'generation': 106}","{'id': 7931, 'rank': 6, 'fitness': 0.9810139276267523, 'generation': 106}","{'id': 7812, 'rank': 7, 'fitness': 0.9806700110384154, 'generation': 106}","{'id': 7754, 'rank': 8, 'fitness': 0.9801315367454458, 'generation': 106}","{'id': 7754, 'rank': 9, 'fitness': 0.9801315367454458, 'generation': 106}","{'id': 7901, 'rank': 10, 'fitness': 0.9800961702048556, 'generation': 106}","{'id': 7823, 'rank': 11, 'fitness': 0.9796502203170592, 'generation': 106}","{'id': 7756, 'rank': 12, 'fitness': 0.979632335164493, 'generation': 106}","{'id': 7756, 'rank': 13, 'fitness': 0.979632335164493, 'generation': 106}","{'id': 7761, 'rank': 14, 'fitness': 0.9793098065202719, 'generation': 106}","{'id': 7761, 'rank': 15, 'fitness': 0.9793098065202719, 'generation': 106}","{'id': 7614, 'rank': 16, 'fitness': 0.9791724083466451, 'generation': 106}","{'id': 7614, 'rank': 17, 'fitness': 0.9791724083466451, 'generation': 106}","{'id': 7757, 'rank': 18, 'fitness': 0.9791621453398527, 'generation': 106}","{'id': 7857, 'rank': 19, 'fitness': 0.9791481557578643, 'generation': 106}","{'id': 7857, 'rank': 20, 'fitness': 0.9791481557578643, 'generation': 106}","{'id': 7857, 'rank': 21, 'fitness': 0.9791481557578643, 'generation': 106}","{'id': 7876, 'rank': 22, 'fitness': 0.9788287582449586, 'generation': 106}","{'id': 7896, 'rank': 23, 'fitness': 0.9787927358660848, 'generation': 106}","{'id': 7896, 'rank': 24, 'fitness': 0.9787927358660848, 'generation': 106}","{'id': 7837, 'rank': 25, 'fitness': 0.9782123103652776, 'generation': 106}","{'id': 7917, 'rank': 26, 'fitness': 0.9624630789548716, 'generation': 106}","{'id': 7922, 'rank': 27, 'fitness': 0.5386940250270367, 'generation': 106}","{'id': 7959, 'rank': 28, 'fitness': 0.14818907771123757, 'generation': 106}","{'id': 7950, 'rank': 29, 'fitness': 0.01798620996209155, 'generation': 106}","{'id': 7950, 'rank': 30, 'fitness': 0.01798620996209155, 'generation': 106}"
"{'id': 7968, 'rank': 1, 'fitness': 0.9820137900379085, 'generation': 107}","{'id': 7974, 'rank': 2, 'fitness': 0.980601640954651, 'generation': 107}","{'id': 8030, 'rank': 3, 'fitness': 0.9781168339290061, 'generation': 107}","{'id': 7999, 'rank': 4, 'fitness': 0.9775880727698917, 'generation': 107}","{'id': 7997, 'rank': 5, 'fitness': 0.9728092314100032, 'generation': 107}","{'id': 7997, 'rank': 6, 'fitness': 0.9728092314100032, 'generation': 107}","{'id': 7931, 'rank': 7, 'fitness': 0.9718893303397309, 'generation': 107}","{'id': 7931, 'rank': 8, 'fitness': 0.9718893303397309, 'generation': 107}","{'id': 7931, 'rank': 9, 'fitness': 0.9718893303397309, 'generation': 107}","{'id': 8034, 'rank': 10, 'fitness': 0.9714949334035845, 'generation': 107}","{'id': 8005, 'rank': 11, 'fitness': 0.9705827368455304, 'generation': 107}","{'id': 7992, 'rank': 12, 'fitness': 0.9687514872028559, 'generation': 107}","{'id': 7960, 'rank': 13, 'fitness': 0.9673654051473992, 'generation': 107}","{'id': 7977, 'rank': 14, 'fitness': 0.9637586663260173, 'generation': 107}","{'id': 8026, 'rank': 15, 'fitness': 0.9614678627868325, 'generation': 107}","{'id': 7991, 'rank': 16, 'fitness': 0.9605941268791565, 'generation': 107}","{'id': 8039, 'rank': 17, 'fitness': 0.9594538086141847, 'generation': 107}","{'id': 7994, 'rank': 18, 'fitness': 0.9572288890915774, 'generation': 107}","{'id': 8001, 'rank': 19, 'fitness': 0.957130589033317, 'generation': 107}","{'id': 8006, 'rank': 20, 'fitness': 0.9476272974074923, 'generation': 107}","{'id': 7823, 'rank': 21, 'fitness': 0.9416632484581224, 'generation': 107}","{'id': 8011, 'rank': 22, 'fitness': 0.9312779229401305, 'generation': 107}","{'id': 7761, 'rank': 23, 'fitness': 0.9308027760544609, 'generation': 107}","{'id': 7857, 'rank': 24, 'fitness': 0.9250849660329369, 'generation': 107}","{'id': 7857, 'rank': 25, 'fitness': 0.9250849660329369, 'generation': 107}","{'id': 7972, 'rank': 26, 'fitness': 0.9169374366453932, 'generation': 107}","{'id': 8029, 'rank': 27, 'fitness': 0.9091090270996451, 'generation': 107}","{'id': 8020, 'rank': 28, 'fitness': 0.8954466197576938, 'generation': 107}","{'id': 7837, 'rank': 29, 'fitness': 0.8839754853274877, 'generation': 107}","{'id': 7917, 'rank': 30, 'fitness': 0.01798620996209155, 'generation': 107}"
"{'id': 8121, 'rank': 1, 'fitness': 0.9820137900379085, 'generation': 108}","{'id': 7974, 'rank': 2, 'fitness': 0.9765744474030515, 'generation': 108}","{'id': 7974, 'rank': 3, 'fitness': 0.9765744474030515, 'generation': 108}","{'id': 8117, 'rank': 4, 'fitness': 0.9760448773372519, 'generation': 108}","{'id': 8097, 'rank': 5, 'fitness': 0.9697918262239782, 'generation': 108}","{'id': 8097, 'rank': 6, 'fitness': 0.9697918262239782, 'generation': 108}","{'id': 8096, 'rank': 7, 'fitness': 0.9682153348390183, 'generation': 108}","{'id': 7999, 'rank': 8, 'fitness': 0.9680850174033313, 'generation': 108}","{'id': 8103, 'rank': 9, 'fitness': 0.9526809420291322, 'generation': 108}","{'id': 8005, 'rank': 10, 'fitness': 0.9432309394527446, 'generation': 108}","{'id': 8120, 'rank': 11, 'fitness': 0.9430591811415456, 'generation': 108}","{'id': 8099, 'rank': 12, 'fitness': 0.9429383642079555, 'generation': 108}","{'id': 8099, 'rank': 13, 'fitness': 0.9429383642079555, 'generation': 108}","{'id': 8114, 'rank': 14, 'fitness': 0.9408505381434198, 'generation': 108}","{'id': 8102, 'rank': 15, 'fitness': 0.9402729600078441, 'generation': 108}","{'id': 7960, 'rank': 16, 'fitness': 0.929522820460652, 'generation': 108}","{'id': 8083, 'rank': 17, 'fitness': 0.9209817925024755, 'generation': 108}","{'id': 8122, 'rank': 18, 'fitness': 0.918038157840845, 'generation': 108}","{'id': 8122, 'rank': 19, 'fitness': 0.918038157840845, 'generation': 108}","{'id': 7977, 'rank': 20, 'fitness': 0.9125612246579913, 'generation': 108}","{'id': 8101, 'rank': 21, 'fitness': 0.8903039709694504, 'generation': 108}","{'id': 8118, 'rank': 22, 'fitness': 0.8856762395923854, 'generation': 108}","{'id': 8109, 'rank': 23, 'fitness': 0.8632368651791456, 'generation': 108}","{'id': 8078, 'rank': 24, 'fitness': 0.7896324520622914, 'generation': 108}","{'id': 8077, 'rank': 25, 'fitness': 0.6516795649050855, 'generation': 108}","{'id': 8110, 'rank': 26, 'fitness': 0.5752384285933818, 'generation': 108}","{'id': 8110, 'rank': 27, 'fitness': 0.5752384285933818, 'generation': 108}","{'id': 8057, 'rank': 28, 'fitness': 0.5229100179114912, 'generation': 108}","{'id': 8084, 'rank': 29, 'fitness': 0.059183601533924934, 'generation': 108}","{'id': 8044, 'rank': 30, 'fitness': 0.01798620996209155, 'generation': 108}"
"{'id': 8178, 'rank': 1, 'fitness': 0.9820137900379085, 'generation': 109}","{'id': 8178, 'rank': 2, 'fitness': 0.9820137900379085, 'generation': 109}","{'id': 8180, 'rank': 3, 'fitness': 0.9712884718554724, 'generation': 109}","{'id': 8193, 'rank': 4, 'fitness': 0.9678313054433993, 'generation': 109}","{'id': 8181, 'rank': 5, 'fitness': 0.9646752475534746, 'generation': 109}","{'id': 7974, 'rank': 6, 'fitness': 0.9462123955412997, 'generation': 109}","{'id': 8159, 'rank': 7, 'fitness': 0.935994025534559, 'generation': 109}","{'id': 8097, 'rank': 8, 'fitness': 0.9352034363132382, 'generation': 109}","{'id': 7999, 'rank': 9, 'fitness': 0.932550242058607, 'generation': 109}","{'id': 8177, 'rank': 10, 'fitness': 0.9047067557918458, 'generation': 109}","{'id': 8157, 'rank': 11, 'fitness': 0.9034964859149, 'generation': 109}","{'id': 8005, 'rank': 12, 'fitness': 0.8975739320300657, 'generation': 109}","{'id': 8120, 'rank': 13, 'fitness': 0.8973506363893726, 'generation': 109}","{'id': 8120, 'rank': 14, 'fitness': 0.8973506363893726, 'generation': 109}","{'id': 8114, 'rank': 15, 'fitness': 0.8944970831028093, 'generation': 109}","{'id': 7960, 'rank': 16, 'fitness': 0.8803352329147578, 'generation': 109}","{'id': 8083, 'rank': 17, 'fitness': 0.8701132385804425, 'generation': 109}","{'id': 8156, 'rank': 18, 'fitness': 0.869398571353409, 'generation': 109}","{'id': 8156, 'rank': 19, 'fitness': 0.869398571353409, 'generation': 109}","{'id': 8122, 'rank': 20, 'fitness': 0.866669602435332, 'generation': 109}","{'id': 7977, 'rank': 21, 'fitness': 0.8603611364099749, 'generation': 109}","{'id': 8154, 'rank': 22, 'fitness': 0.8051350812434647, 'generation': 109}","{'id': 8153, 'rank': 23, 'fitness': 0.7986109381557449, 'generation': 109}","{'id': 8171, 'rank': 24, 'fitness': 0.7976918119746688, 'generation': 109}","{'id': 8174, 'rank': 25, 'fitness': 0.6827861778769226, 'generation': 109}","{'id': 8191, 'rank': 26, 'fitness': 0.6440345083175747, 'generation': 109}","{'id': 8167, 'rank': 27, 'fitness': 0.5858901601578932, 'generation': 109}","{'id': 8190, 'rank': 28, 'fitness': 0.19611617270140014, 'generation': 109}","{'id': 8137, 'rank': 29, 'fitness': 0.08984136438159412, 'generation': 109}","{'id': 8146, 'rank': 30, 'fitness': 0.01798620996209155, 'generation': 109}"
"{'id': 8254, 'rank': 1, 'fitness': 0.9820137900379085, 'generation': 110}","{'id': 8256, 'rank': 2, 'fitness': 0.973940118397508, 'generation': 110}","{'id': 8256, 'rank': 3, 'fitness': 0.973940118397508, 'generation': 110}","{'id': 8211, 'rank': 4, 'fitness': 0.9696671113388847, 'generation': 110}","{'id': 8288, 'rank': 5, 'fitness': 0.9660688868607544, 'generation': 110}","{'id': 8290, 'rank': 6, 'fitness': 0.9658744881715571, 'generation': 110}","{'id': 8180, 'rank': 7, 'fitness': 0.9628071283445847, 'generation': 110}","{'id': 8269, 'rank': 8, 'fitness': 0.9582465079645394, 'generation': 110}","{'id': 8253, 'rank': 9, 'fitness': 0.9494940509567218, 'generation': 110}","{'id': 8278, 'rank': 10, 'fitness': 0.9293810685291752, 'generation': 110}","{'id': 8271, 'rank': 11, 'fitness': 0.9274857578063583, 'generation': 110}","{'id': 8271, 'rank': 12, 'fitness': 0.9274857578063583, 'generation': 110}","{'id': 8159, 'rank': 13, 'fitness': 0.9201863971668962, 'generation': 110}","{'id': 8120, 'rank': 14, 'fitness': 0.8753028674006622, 'generation': 110}","{'id': 8120, 'rank': 15, 'fitness': 0.8753028674006622, 'generation': 110}","{'id': 8120, 'rank': 16, 'fitness': 0.8753028674006622, 'generation': 110}","{'id': 8120, 'rank': 17, 'fitness': 0.8753028674006622, 'generation': 110}","{'id': 8228, 'rank': 18, 'fitness': 0.8731537153403377, 'generation': 110}","{'id': 8083, 'rank': 19, 'fitness': 0.8444849297891139, 'generation': 110}","{'id': 8156, 'rank': 20, 'fitness': 0.8436841906432844, 'generation': 110}","{'id': 8154, 'rank': 21, 'fitness': 0.7731037448620901, 'generation': 110}","{'id': 8279, 'rank': 22, 'fitness': 0.7271916819067143, 'generation': 110}","{'id': 8167, 'rank': 23, 'fitness': 0.5479388665790909, 'generation': 110}","{'id': 8258, 'rank': 24, 'fitness': 0.537664978009902, 'generation': 110}","{'id': 8197, 'rank': 25, 'fitness': 0.30947276539094504, 'generation': 110}","{'id': 8197, 'rank': 26, 'fitness': 0.30947276539094504, 'generation': 110}","{'id': 8201, 'rank': 27, 'fitness': 0.05401114458859407, 'generation': 110}","{'id': 8283, 'rank': 28, 'fitness': 0.031822385787898866, 'generation': 110}","{'id': 8243, 'rank': 29, 'fitness': 0.0195213321001918, 'generation': 110}","{'id': 8146, 'rank': 30, 'fitness': 0.01798620996209155, 'generation': 110}"
"{'id': 8340, 'rank': 1, 'fitness': 0.9820137900379085, 'generation': 111}","{'id': 8340, 'rank': 2, 'fitness': 0.9820137900379085, 'generation': 111}","{'id': 8343, 'rank': 3, 'fitness': 0.9815939282736905, 'generation': 111}","{'id': 8366, 'rank': 4, 'fitness': 0.98047941958325, 'generation': 111}","{'id': 8305, 'rank': 5, 'fitness': 0.9778219153337728, 'generation': 111}","{'id': 8254, 'rank': 6, 'fitness': 0.9721931598225668, 'generation': 111}","{'id': 8341, 'rank': 7, 'fitness': 0.9717395486388269, 'generation': 111}","{'id': 8341, 'rank': 8, 'fitness': 0.9717395486388269, 'generation': 111}","{'id': 8342, 'rank': 9, 'fitness': 0.9622488299134301, 'generation': 111}","{'id': 8342, 'rank': 10, 'fitness': 0.9622488299134301, 'generation': 111}","{'id': 8302, 'rank': 11, 'fitness': 0.9608461959171612, 'generation': 111}","{'id': 8333, 'rank': 12, 'fitness': 0.957610148385571, 'generation': 111}","{'id': 8211, 'rank': 13, 'fitness': 0.954500513568552, 'generation': 111}","{'id': 8211, 'rank': 14, 'fitness': 0.954500513568552, 'generation': 111}","{'id': 8367, 'rank': 15, 'fitness': 0.9473035915640595, 'generation': 111}","{'id': 8364, 'rank': 16, 'fitness': 0.9393274807926019, 'generation': 111}","{'id': 8298, 'rank': 17, 'fitness': 0.9359927674892539, 'generation': 111}","{'id': 8316, 'rank': 18, 'fitness': 0.9321768706514373, 'generation': 111}","{'id': 8306, 'rank': 19, 'fitness': 0.9312778053435455, 'generation': 111}","{'id': 8296, 'rank': 20, 'fitness': 0.8705983893063185, 'generation': 111}","{'id': 8120, 'rank': 21, 'fitness': 0.8315738717003631, 'generation': 111}","{'id': 8083, 'rank': 22, 'fitness': 0.7944354324087751, 'generation': 111}","{'id': 8297, 'rank': 23, 'fitness': 0.7342941007280925, 'generation': 111}","{'id': 8354, 'rank': 24, 'fitness': 0.7228083697855029, 'generation': 111}","{'id': 8167, 'rank': 25, 'fitness': 0.48022457748717323, 'generation': 111}","{'id': 8258, 'rank': 26, 'fitness': 0.47037251696888266, 'generation': 111}","{'id': 8346, 'rank': 27, 'fitness': 0.058772464599977814, 'generation': 111}","{'id': 8362, 'rank': 28, 'fitness': 0.03353882892067389, 'generation': 111}","{'id': 8283, 'rank': 29, 'fitness': 0.028702421084647933, 'generation': 111}","{'id': 8243, 'rank': 30, 'fitness': 0.01798620996209155, 'generation': 111}"
"{'id': 8405, 'rank': 1, 'fitness': 0.9820137900379085, 'generation': 112}","{'id': 8405, 'rank': 2, 'fitness': 0.9820137900379085, 'generation': 112}","{'id': 8403, 'rank': 3, 'fitness': 0.9813558556739099, 'generation': 112}","{'id': 8340, 'rank': 4, 'fitness': 0.9805386679895436, 'generation': 112}","{'id': 8404, 'rank': 5, 'fitness': 0.9804599633010718, 'generation': 112}","{'id': 8404, 'rank': 6, 'fitness': 0.9804599633010718, 'generation': 112}","{'id': 8343, 'rank': 7, 'fitness': 0.9803854815945128, 'generation': 112}","{'id': 8343, 'rank': 8, 'fitness': 0.9803854815945128, 'generation': 112}","{'id': 8254, 'rank': 9, 'fitness': 0.9774236203242324, 'generation': 112}","{'id': 8341, 'rank': 10, 'fitness': 0.9772982871344809, 'generation': 112}","{'id': 8395, 'rank': 11, 'fitness': 0.9755228794729658, 'generation': 112}","{'id': 8413, 'rank': 12, 'fitness': 0.9751575787040454, 'generation': 112}","{'id': 8342, 'rank': 13, 'fitness': 0.974925094598538, 'generation': 112}","{'id': 8342, 'rank': 14, 'fitness': 0.974925094598538, 'generation': 112}","{'id': 8406, 'rank': 15, 'fitness': 0.9749083120099378, 'generation': 112}","{'id': 8333, 'rank': 16, 'fitness': 0.9739011114954845, 'generation': 112}","{'id': 8333, 'rank': 17, 'fitness': 0.9739011114954845, 'generation': 112}","{'id': 8211, 'rank': 18, 'fitness': 0.9732530512503498, 'generation': 112}","{'id': 8393, 'rank': 19, 'fitness': 0.9729178036422201, 'generation': 112}","{'id': 8364, 'rank': 20, 'fitness': 0.9704263728155953, 'generation': 112}","{'id': 8316, 'rank': 21, 'fitness': 0.9692414274815804, 'generation': 112}","{'id': 8392, 'rank': 22, 'fitness': 0.9689178461759267, 'generation': 112}","{'id': 8378, 'rank': 23, 'fitness': 0.9684453574161589, 'generation': 112}","{'id': 8436, 'rank': 24, 'fitness': 0.9626054500603292, 'generation': 112}","{'id': 8414, 'rank': 25, 'fitness': 0.958139307303796, 'generation': 112}","{'id': 8120, 'rank': 26, 'fitness': 0.9569753018977951, 'generation': 112}","{'id': 8424, 'rank': 27, 'fitness': 0.9484337331340729, 'generation': 112}","{'id': 8297, 'rank': 28, 'fitness': 0.9480712899755671, 'generation': 112}","{'id': 8371, 'rank': 29, 'fitness': 0.8145188908543033, 'generation': 112}","{'id': 8416, 'rank': 30, 'fitness': 0.01798620996209155, 'generation': 112}"
"{'id': 8456, 'rank': 1, 'fitness': 0.9820137900379085, 'generation': 113}","{'id': 8405, 'rank': 2, 'fitness': 0.9229942675735427, 'generation': 113}","{'id': 8405, 'rank': 3, 'fitness': 0.9229942675735427, 'generation': 113}","{'id': 8495, 'rank': 4, 'fitness': 0.9197524441455266, 'generation': 113}","{'id': 8481, 'rank': 5, 'fitness': 0.9120639355551917, 'generation': 113}","{'id': 8488, 'rank': 6, 'fitness': 0.9019893558346731, 'generation': 113}","{'id': 8515, 'rank': 7, 'fitness': 0.8813641141846126, 'generation': 113}","{'id': 8340, 'rank': 8, 'fitness': 0.8681445313850118, 'generation': 113}","{'id': 8496, 'rank': 9, 'fitness': 0.8290296350679948, 'generation': 113}","{'id': 8455, 'rank': 10, 'fitness': 0.7646837444144365, 'generation': 113}","{'id': 8489, 'rank': 11, 'fitness': 0.7563121890457749, 'generation': 113}","{'id': 8454, 'rank': 12, 'fitness': 0.7546894003094058, 'generation': 113}","{'id': 8459, 'rank': 13, 'fitness': 0.7411315217247507, 'generation': 113}","{'id': 8450, 'rank': 14, 'fitness': 0.7251961289418658, 'generation': 113}","{'id': 8341, 'rank': 15, 'fitness': 0.6706957405727393, 'generation': 113}","{'id': 8472, 'rank': 16, 'fitness': 0.6098115499634641, 'generation': 113}","{'id': 8474, 'rank': 17, 'fitness': 0.5636485135052647, 'generation': 113}","{'id': 8342, 'rank': 18, 'fitness': 0.4879176879599222, 'generation': 113}","{'id': 8342, 'rank': 19, 'fitness': 0.4879176879599222, 'generation': 113}","{'id': 8333, 'rank': 20, 'fitness': 0.41224593726267234, 'generation': 113}","{'id': 8471, 'rank': 21, 'fitness': 0.3934269710458128, 'generation': 113}","{'id': 8511, 'rank': 22, 'fitness': 0.35232408190618814, 'generation': 113}","{'id': 8393, 'rank': 23, 'fitness': 0.3456870025075913, 'generation': 113}","{'id': 8484, 'rank': 24, 'fitness': 0.2705558405370928, 'generation': 113}","{'id': 8364, 'rank': 25, 'fitness': 0.21189551513272437, 'generation': 113}","{'id': 8392, 'rank': 26, 'fitness': 0.15496385862341727, 'generation': 113}","{'id': 8508, 'rank': 27, 'fitness': 0.06987753829969168, 'generation': 113}","{'id': 8436, 'rank': 28, 'fitness': 0.04213311510772266, 'generation': 113}","{'id': 8438, 'rank': 29, 'fitness': 0.021654554462791464, 'generation': 113}","{'id': 8414, 'rank': 30, 'fitness': 0.01798620996209155, 'generation': 113}"
"{'id': 8553, 'rank': 1, 'fitness': 0.9820137900379085, 'generation': 114}","{'id': 8555, 'rank': 2, 'fitness': 0.9819358254104557, 'generation': 114}","{'id': 8557, 'rank': 3, 'fitness': 0.981884543660508, 'generation': 114}","{'id': 8557, 'rank': 4, 'fitness': 0.981884543660508, 'generation': 114}","{'id': 8554, 'rank': 5, 'fitness': 0.9816762354627279, 'generation': 114}","{'id': 8495, 'rank': 6, 'fitness': 0.9814612326372137, 'generation': 114}","{'id': 8488, 'rank': 7, 'fitness': 0.9813750729220079, 'generation': 114}","{'id': 8340, 'rank': 8, 'fitness': 0.981242844920042, 'generation': 114}","{'id': 8489, 'rank': 9, 'fitness': 0.9809425127970721, 'generation': 114}","{'id': 8454, 'rank': 10, 'fitness': 0.9809389768722074, 'generation': 114}","{'id': 8584, 'rank': 11, 'fitness': 0.9807638051166747, 'generation': 114}","{'id': 8584, 'rank': 12, 'fitness': 0.9807638051166747, 'generation': 114}","{'id': 8472, 'rank': 13, 'fitness': 0.9806644429410252, 'generation': 114}","{'id': 8472, 'rank': 14, 'fitness': 0.9806644429410252, 'generation': 114}","{'id': 8364, 'rank': 15, 'fitness': 0.9799327361394181, 'generation': 114}","{'id': 8392, 'rank': 16, 'fitness': 0.9797701035132493, 'generation': 114}","{'id': 8508, 'rank': 17, 'fitness': 0.9793857938404968, 'generation': 114}","{'id': 8436, 'rank': 18, 'fitness': 0.9791518430785997, 'generation': 114}","{'id': 8561, 'rank': 19, 'fitness': 0.9788295400500553, 'generation': 114}","{'id': 8575, 'rank': 20, 'fitness': 0.9779847681741625, 'generation': 114}","{'id': 8560, 'rank': 21, 'fitness': 0.9778427318874321, 'generation': 114}","{'id': 8563, 'rank': 22, 'fitness': 0.9778084902583728, 'generation': 114}","{'id': 8527, 'rank': 23, 'fitness': 0.9777215106444677, 'generation': 114}","{'id': 8576, 'rank': 24, 'fitness': 0.967091299503015, 'generation': 114}","{'id': 8577, 'rank': 25, 'fitness': 0.9643302235902718, 'generation': 114}","{'id': 8542, 'rank': 26, 'fitness': 0.9250754706580162, 'generation': 114}","{'id': 8538, 'rank': 27, 'fitness': 0.8876697270104852, 'generation': 114}","{'id': 8538, 'rank': 28, 'fitness': 0.8876697270104852, 'generation': 114}","{'id': 8564, 'rank': 29, 'fitness': 0.3903070423564222, 'generation': 114}","{'id': 8521, 'rank': 30, 'fitness': 0.01798620996209155, 'generation': 114}"
"{'id': 8596, 'rank': 1, 'fitness': 0.9820137900379085, 'generation': 115}","{'id': 8650, 'rank': 2, 'fitness': 0.9809084454672174, 'generation': 115}","{'id': 8553, 'rank': 3, 'fitness': 0.9798807503786973, 'generation': 115}","{'id': 8557, 'rank': 4, 'fitness': 0.979285804144847, 'generation': 115}","{'id': 8557, 'rank': 5, 'fitness': 0.979285804144847, 'generation': 115}","{'id': 8652, 'rank': 6, 'fitness': 0.9782591156688618, 'generation': 115}","{'id': 8652, 'rank': 7, 'fitness': 0.9782591156688618, 'generation': 115}","{'id': 8675, 'rank': 8, 'fitness': 0.9769411782627566, 'generation': 115}","{'id': 8488, 'rank': 9, 'fitness': 0.9768136059118154, 'generation': 115}","{'id': 8488, 'rank': 10, 'fitness': 0.9768136059118154, 'generation': 115}","{'id': 8636, 'rank': 11, 'fitness': 0.9766559966137138, 'generation': 115}","{'id': 8636, 'rank': 12, 'fitness': 0.9766559966137138, 'generation': 115}","{'id': 8674, 'rank': 13, 'fitness': 0.9762186498751937, 'generation': 115}","{'id': 8340, 'rank': 14, 'fitness': 0.9761380218505971, 'generation': 115}","{'id': 8623, 'rank': 15, 'fitness': 0.9761233219629497, 'generation': 115}","{'id': 8621, 'rank': 16, 'fitness': 0.975808466963819, 'generation': 115}","{'id': 8593, 'rank': 17, 'fitness': 0.9754313953509464, 'generation': 115}","{'id': 8619, 'rank': 18, 'fitness': 0.9753464717003176, 'generation': 115}","{'id': 8619, 'rank': 19, 'fitness': 0.9753464717003176, 'generation': 115}","{'id': 8584, 'rank': 20, 'fitness': 0.9735691686827301, 'generation': 115}","{'id': 8584, 'rank': 21, 'fitness': 0.9735691686827301, 'generation': 115}","{'id': 8599, 'rank': 22, 'fitness': 0.9734992131232361, 'generation': 115}","{'id': 8676, 'rank': 23, 'fitness': 0.9733262311261437, 'generation': 115}","{'id': 8589, 'rank': 24, 'fitness': 0.9728816791553832, 'generation': 115}","{'id': 8591, 'rank': 25, 'fitness': 0.9704202530142838, 'generation': 115}","{'id': 8591, 'rank': 26, 'fitness': 0.9704202530142838, 'generation': 115}","{'id': 8641, 'rank': 27, 'fitness': 0.9694559775817133, 'generation': 115}","{'id': 8598, 'rank': 28, 'fitness': 0.968915235112774, 'generation': 115}","{'id': 8576, 'rank': 29, 'fitness': 0.7955159934839116, 'generation': 115}","{'id': 8538, 'rank': 30, 'fitness': 0.01798620996209155, 'generation': 115}"
"{'id': 8713, 'rank': 1, 'fitness': 0.9820137900379085, 'generation': 116}","{'id': 8596, 'rank': 2, 'fitness': 0.9702995582952574, 'generation': 116}","{'id': 8743, 'rank': 3, 'fitness': 0.9449433086889345, 'generation': 116}","{'id': 8723, 'rank': 4, 'fitness': 0.9449172896261337, 'generation': 116}","{'id': 8742, 'rank': 5, 'fitness': 0.8853701728628223, 'generation': 116}","{'id': 8742, 'rank': 6, 'fitness': 0.8853701728628223, 'generation': 116}","{'id': 8553, 'rank': 7, 'fitness': 0.8730411796340847, 'generation': 116}","{'id': 8553, 'rank': 8, 'fitness': 0.8730411796340847, 'generation': 116}","{'id': 8725, 'rank': 9, 'fitness': 0.8398875713893119, 'generation': 116}","{'id': 8725, 'rank': 10, 'fitness': 0.8398875713893119, 'generation': 116}","{'id': 8725, 'rank': 11, 'fitness': 0.8398875713893119, 'generation': 116}","{'id': 8557, 'rank': 12, 'fitness': 0.8208820168807189, 'generation': 116}","{'id': 8652, 'rank': 13, 'fitness': 0.7001863760420532, 'generation': 116}","{'id': 8652, 'rank': 14, 'fitness': 0.7001863760420532, 'generation': 116}","{'id': 8702, 'rank': 15, 'fitness': 0.6816063316684684, 'generation': 116}","{'id': 8702, 'rank': 16, 'fitness': 0.6816063316684684, 'generation': 116}","{'id': 8715, 'rank': 17, 'fitness': 0.6332040089594602, 'generation': 116}","{'id': 8701, 'rank': 18, 'fitness': 0.5830062431643253, 'generation': 116}","{'id': 8675, 'rank': 19, 'fitness': 0.506756474012011, 'generation': 116}","{'id': 8636, 'rank': 20, 'fitness': 0.4639092875821711, 'generation': 116}","{'id': 8706, 'rank': 21, 'fitness': 0.30528371128124776, 'generation': 116}","{'id': 8593, 'rank': 22, 'fitness': 0.2975204409834065, 'generation': 116}","{'id': 8619, 'rank': 23, 'fitness': 0.2875346833837723, 'generation': 116}","{'id': 8741, 'rank': 24, 'fitness': 0.17348667255833516, 'generation': 116}","{'id': 8584, 'rank': 25, 'fitness': 0.13218626875502548, 'generation': 116}","{'id': 8678, 'rank': 26, 'fitness': 0.08667239298415058, 'generation': 116}","{'id': 8689, 'rank': 27, 'fitness': 0.08128995154118762, 'generation': 116}","{'id': 8703, 'rank': 28, 'fitness': 0.08066170543703344, 'generation': 116}","{'id': 8717, 'rank': 29, 'fitness': 0.058568441156094164, 'generation': 116}","{'id': 8708, 'rank': 30, 'fitness': 0.01798620996209155, 'generation': 116}"
"{'id': 8750, 'rank': 1, 'fitness': 0.9820137900379085, 'generation': 117}","{'id': 8750, 'rank': 2, 'fitness': 0.9820137900379085, 'generation': 117}","{'id': 8713, 'rank': 3, 'fitness': 0.9816226266396024, 'generation': 117}","{'id': 8713, 'rank': 4, 'fitness': 0.9816226266396024, 'generation': 117}","{'id': 8713, 'rank': 5, 'fitness': 0.9816226266396024, 'generation': 117}","{'id': 8596, 'rank': 6, 'fitness': 0.9811714630697335, 'generation': 117}","{'id': 8742, 'rank': 7, 'fitness': 0.9798456584728502, 'generation': 117}","{'id': 8557, 'rank': 8, 'fitness': 0.9793436064941019, 'generation': 117}","{'id': 8702, 'rank': 9, 'fitness': 0.978589461454727, 'generation': 117}","{'id': 8675, 'rank': 10, 'fitness': 0.9778366192974892, 'generation': 117}","{'id': 8636, 'rank': 11, 'fitness': 0.9776569060474463, 'generation': 117}","{'id': 8636, 'rank': 12, 'fitness': 0.9776569060474463, 'generation': 117}","{'id': 8593, 'rank': 13, 'fitness': 0.9768933665393928, 'generation': 117}","{'id': 8778, 'rank': 14, 'fitness': 0.9756665345311485, 'generation': 117}","{'id': 8689, 'rank': 15, 'fitness': 0.9751299953135435, 'generation': 117}","{'id': 8717, 'rank': 16, 'fitness': 0.97471557633809, 'generation': 117}","{'id': 8755, 'rank': 17, 'fitness': 0.9597137570075824, 'generation': 117}","{'id': 8773, 'rank': 18, 'fitness': 0.9558536468549259, 'generation': 117}","{'id': 8775, 'rank': 19, 'fitness': 0.9524678641208428, 'generation': 117}","{'id': 8762, 'rank': 20, 'fitness': 0.9441544213024664, 'generation': 117}","{'id': 8758, 'rank': 21, 'fitness': 0.9434724321586331, 'generation': 117}","{'id': 8756, 'rank': 22, 'fitness': 0.939177016735922, 'generation': 117}","{'id': 8774, 'rank': 23, 'fitness': 0.9326224108441151, 'generation': 117}","{'id': 8795, 'rank': 24, 'fitness': 0.8909275823672844, 'generation': 117}","{'id': 8763, 'rank': 25, 'fitness': 0.4383719969208826, 'generation': 117}","{'id': 8764, 'rank': 26, 'fitness': 0.3155448409740852, 'generation': 117}","{'id': 8805, 'rank': 27, 'fitness': 0.07712621554997101, 'generation': 117}","{'id': 8805, 'rank': 28, 'fitness': 0.07712621554997101, 'generation': 117}","{'id': 8783, 'rank': 29, 'fitness': 0.02718490429725917, 'generation': 117}","{'id': 8769, 'rank': 30, 'fitness': 0.01798620996209155, 'generation': 117}"
"{'id': 8812, 'rank': 1, 'fitness': 0.9820137900379085, 'generation': 118}","{'id': 8816, 'rank': 2, 'fitness': 0.9807293081343427, 'generation': 118}","{'id': 8816, 'rank': 3, 'fitness': 0.9807293081343427, 'generation': 118}","{'id': 8817, 'rank': 4, 'fitness': 0.9796842745852563, 'generation': 118}","{'id': 8814, 'rank': 5, 'fitness': 0.9786623116207904, 'generation': 118}","{'id': 8876, 'rank': 6, 'fitness': 0.9783148123235101, 'generation': 118}","{'id': 8596, 'rank': 7, 'fitness': 0.9782726606625998, 'generation': 118}","{'id': 8818, 'rank': 8, 'fitness': 0.9780229116368491, 'generation': 118}","{'id': 8818, 'rank': 9, 'fitness': 0.9780229116368491, 'generation': 118}","{'id': 8820, 'rank': 10, 'fitness': 0.9780009734769998, 'generation': 118}","{'id': 8813, 'rank': 11, 'fitness': 0.977956141703753, 'generation': 118}","{'id': 8839, 'rank': 12, 'fitness': 0.9777601527581503, 'generation': 118}","{'id': 8847, 'rank': 13, 'fitness': 0.976434524828796, 'generation': 118}","{'id': 8865, 'rank': 14, 'fitness': 0.9762533757514649, 'generation': 118}","{'id': 8838, 'rank': 15, 'fitness': 0.9754083029700713, 'generation': 118}","{'id': 8675, 'rank': 16, 'fitness': 0.9715931845415737, 'generation': 118}","{'id': 8860, 'rank': 17, 'fitness': 0.9715844366741336, 'generation': 118}","{'id': 8636, 'rank': 18, 'fitness': 0.9712142952096281, 'generation': 118}","{'id': 8866, 'rank': 19, 'fitness': 0.9708308000743554, 'generation': 118}","{'id': 8593, 'rank': 20, 'fitness': 0.9695836845102689, 'generation': 118}","{'id': 8593, 'rank': 21, 'fitness': 0.9695836845102689, 'generation': 118}","{'id': 8593, 'rank': 22, 'fitness': 0.9695836845102689, 'generation': 118}","{'id': 8852, 'rank': 23, 'fitness': 0.9653066129488177, 'generation': 118}","{'id': 8717, 'rank': 24, 'fitness': 0.9647520714337106, 'generation': 118}","{'id': 8858, 'rank': 25, 'fitness': 0.9581944068019448, 'generation': 118}","{'id': 8835, 'rank': 26, 'fitness': 0.9523008847490445, 'generation': 118}","{'id': 8830, 'rank': 27, 'fitness': 0.8746767305750573, 'generation': 118}","{'id': 8758, 'rank': 28, 'fitness': 0.8729241639764049, 'generation': 118}","{'id': 8763, 'rank': 29, 'fitness': 0.04186792256801619, 'generation': 118}","{'id': 8764, 'rank': 30, 'fitness': 0.01798620996209155, 'generation': 118}"
"{'id': 8878, 'rank': 1, 'fitness': 0.9820137900379085, 'generation': 119}","{'id': 8878, 'rank': 2, 'fitness': 0.9820137900379085, 'generation': 119}","{'id': 8816, 'rank': 3, 'fitness': 0.9762916688235677, 'generation': 119}","{'id': 8888, 'rank': 4, 'fitness': 0.9723948568094045, 'generation': 119}","{'id': 8814, 'rank': 5, 'fitness': 0.9632278263410217, 'generation': 119}","{'id': 8818, 'rank': 6, 'fitness': 0.9582845260984738, 'generation': 119}","{'id': 8818, 'rank': 7, 'fitness': 0.9582845260984738, 'generation': 119}","{'id': 8820, 'rank': 8, 'fitness': 0.9581067706040598, 'generation': 119}","{'id': 8820, 'rank': 9, 'fitness': 0.9581067706040598, 'generation': 119}","{'id': 8820, 'rank': 10, 'fitness': 0.9581067706040598, 'generation': 119}","{'id': 8839, 'rank': 11, 'fitness': 0.956119158058907, 'generation': 119}","{'id': 8940, 'rank': 12, 'fitness': 0.9430979223524515, 'generation': 119}","{'id': 8947, 'rank': 13, 'fitness': 0.9401766775120599, 'generation': 119}","{'id': 8918, 'rank': 14, 'fitness': 0.9377895761658912, 'generation': 119}","{'id': 8913, 'rank': 15, 'fitness': 0.9350914974504495, 'generation': 119}","{'id': 8930, 'rank': 16, 'fitness': 0.9348484144282354, 'generation': 119}","{'id': 8910, 'rank': 17, 'fitness': 0.9346193718539895, 'generation': 119}","{'id': 8887, 'rank': 18, 'fitness': 0.9302403545360298, 'generation': 119}","{'id': 8953, 'rank': 19, 'fitness': 0.9193565647658379, 'generation': 119}","{'id': 8915, 'rank': 20, 'fitness': 0.9190078115005705, 'generation': 119}","{'id': 8909, 'rank': 21, 'fitness': 0.899834608410089, 'generation': 119}","{'id': 8860, 'rank': 22, 'fitness': 0.8795202619044897, 'generation': 119}","{'id': 8636, 'rank': 23, 'fitness': 0.8732429571276953, 'generation': 119}","{'id': 8896, 'rank': 24, 'fitness': 0.8712318556302474, 'generation': 119}","{'id': 8866, 'rank': 25, 'fitness': 0.8665340699251118, 'generation': 119}","{'id': 8593, 'rank': 26, 'fitness': 0.8432950211444862, 'generation': 119}","{'id': 8928, 'rank': 27, 'fitness': 0.6789970435359195, 'generation': 119}","{'id': 8920, 'rank': 28, 'fitness': 0.5142883170063947, 'generation': 119}","{'id': 8900, 'rank': 29, 'fitness': 0.46152464489197, 'generation': 119}","{'id': 8921, 'rank': 30, 'fitness': 0.01798620996209155, 'generation': 119}"
"{'id': 8968, 'rank': 1, 'fitness': 0.9820137900379085, 'generation': 120}","{'id': 8878, 'rank': 2, 'fitness': 0.9641950232375938, 'generation': 120}","{'id': 9015, 'rank': 3, 'fitness': 0.9595644400761807, 'generation': 120}","{'id': 9018, 'rank': 4, 'fitness': 0.9557124935440142, 'generation': 120}","{'id': 8816, 'rank': 5, 'fitness': 0.955590318399104, 'generation': 120}","{'id': 8816, 'rank': 6, 'fitness': 0.955590318399104, 'generation': 120}","{'id': 8816, 'rank': 7, 'fitness': 0.955590318399104, 'generation': 120}","{'id': 8816, 'rank': 8, 'fitness': 0.955590318399104, 'generation': 120}","{'id': 8888, 'rank': 9, 'fitness': 0.9500105489961399, 'generation': 120}","{'id': 8814, 'rank': 10, 'fitness': 0.9375600384657236, 'generation': 120}","{'id': 8994, 'rank': 11, 'fitness': 0.9335006915645068, 'generation': 120}","{'id': 9017, 'rank': 12, 'fitness': 0.932777322791062, 'generation': 120}","{'id': 8818, 'rank': 13, 'fitness': 0.9311613745160849, 'generation': 120}","{'id': 8820, 'rank': 14, 'fitness': 0.9309347987380029, 'generation': 120}","{'id': 8820, 'rank': 15, 'fitness': 0.9309347987380029, 'generation': 120}","{'id': 8820, 'rank': 16, 'fitness': 0.9309347987380029, 'generation': 120}","{'id': 9013, 'rank': 17, 'fitness': 0.920957393654025, 'generation': 120}","{'id': 9008, 'rank': 18, 'fitness': 0.9156291134561767, 'generation': 120}","{'id': 8977, 'rank': 19, 'fitness': 0.9153106401618394, 'generation': 120}","{'id': 8940, 'rank': 20, 'fitness': 0.9125395337080278, 'generation': 120}","{'id': 8913, 'rank': 21, 'fitness': 0.9032230873235543, 'generation': 120}","{'id': 8953, 'rank': 22, 'fitness': 0.8856877479104893, 'generation': 120}","{'id': 9010, 'rank': 23, 'fitness': 0.865674112147824, 'generation': 120}","{'id': 8909, 'rank': 24, 'fitness': 0.8650571916946777, 'generation': 120}","{'id': 9006, 'rank': 25, 'fitness': 0.8100193504334229, 'generation': 120}","{'id': 8956, 'rank': 26, 'fitness': 0.6204980139572513, 'generation': 120}","{'id': 8996, 'rank': 27, 'fitness': 0.6075326574988027, 'generation': 120}","{'id': 8970, 'rank': 28, 'fitness': 0.431746634944045, 'generation': 120}","{'id': 8966, 'rank': 29, 'fitness': 0.14430523055215994, 'generation': 120}","{'id': 8988, 'rank': 30, 'fitness': 0.01798620996209155, 'generation': 120}"
"{'id': 9042, 'rank': 1, 'fitness': 0.9820137900379085, 'generation': 121}","{'id': 9042, 'rank': 2, 'fitness': 0.9820137900379085, 'generation': 121}","{'id': 9042, 'rank': 3, 'fitness': 0.9820137900379085, 'generation': 121}","{'id': 9042, 'rank': 4, 'fitness': 0.9820137900379085, 'generation': 121}","{'id': 8968, 'rank': 5, 'fitness': 0.9584505353124894, 'generation': 121}","{'id': 9063, 'rank': 6, 'fitness': 0.9555094445368629, 'generation': 121}","{'id': 9064, 'rank': 7, 'fitness': 0.9425622401011584, 'generation': 121}","{'id': 9045, 'rank': 8, 'fitness': 0.9312651701109002, 'generation': 121}","{'id': 9045, 'rank': 9, 'fitness': 0.9312651701109002, 'generation': 121}","{'id': 9060, 'rank': 10, 'fitness': 0.9008165058797841, 'generation': 121}","{'id': 8878, 'rank': 11, 'fitness': 0.8866262092987285, 'generation': 121}","{'id': 8816, 'rank': 12, 'fitness': 0.8472772298602991, 'generation': 121}","{'id': 8816, 'rank': 13, 'fitness': 0.8472772298602991, 'generation': 121}","{'id': 8820, 'rank': 14, 'fitness': 0.7305802690415335, 'generation': 121}","{'id': 8820, 'rank': 15, 'fitness': 0.7305802690415335, 'generation': 121}","{'id': 8820, 'rank': 16, 'fitness': 0.7305802690415335, 'generation': 121}","{'id': 8977, 'rank': 17, 'fitness': 0.6591592712190274, 'generation': 121}","{'id': 9031, 'rank': 18, 'fitness': 0.6327759786652795, 'generation': 121}","{'id': 9047, 'rank': 19, 'fitness': 0.42681254533259566, 'generation': 121}","{'id': 9047, 'rank': 20, 'fitness': 0.42681254533259566, 'generation': 121}","{'id': 9034, 'rank': 21, 'fitness': 0.32934937739958714, 'generation': 121}","{'id': 9006, 'rank': 22, 'fitness': 0.3177863126813456, 'generation': 121}","{'id': 9006, 'rank': 23, 'fitness': 0.3177863126813456, 'generation': 121}","{'id': 9077, 'rank': 24, 'fitness': 0.30696135475887776, 'generation': 121}","{'id': 9067, 'rank': 25, 'fitness': 0.2979068118194033, 'generation': 121}","{'id': 9067, 'rank': 26, 'fitness': 0.2979068118194033, 'generation': 121}","{'id': 9095, 'rank': 27, 'fitness': 0.23322612717495927, 'generation': 121}","{'id': 9094, 'rank': 28, 'fitness': 0.13019023073032487, 'generation': 121}","{'id': 8996, 'rank': 29, 'fitness': 0.08992317750592865, 'generation': 121}","{'id': 9086, 'rank': 30, 'fitness': 0.01798620996209155, 'generation': 121}"
"{'id': 9136, 'rank': 1, 'fitness': 0.9820137900379085, 'generation': 122}","{'id': 9119, 'rank': 2, 'fitness': 0.9817673724361939, 'generation': 122}","{'id': 9111, 'rank': 3, 'fitness': 0.9816389000146922, 'generation': 122}","{'id': 9111, 'rank': 4, 'fitness': 0.9816389000146922, 'generation': 122}","{'id': 9042, 'rank': 5, 'fitness': 0.9815059371236545, 'generation': 122}","{'id': 9112, 'rank': 6, 'fitness': 0.9814902451704286, 'generation': 122}","{'id': 9113, 'rank': 7, 'fitness': 0.9814336255621219, 'generation': 122}","{'id': 9113, 'rank': 8, 'fitness': 0.9814336255621219, 'generation': 122}","{'id': 9135, 'rank': 9, 'fitness': 0.9813103444308477, 'generation': 122}","{'id': 9135, 'rank': 10, 'fitness': 0.9813103444308477, 'generation': 122}","{'id': 9122, 'rank': 11, 'fitness': 0.9810003247072467, 'generation': 122}","{'id': 9118, 'rank': 12, 'fitness': 0.9809742776351003, 'generation': 122}","{'id': 8968, 'rank': 13, 'fitness': 0.9807786858006734, 'generation': 122}","{'id': 9064, 'rank': 14, 'fitness': 0.9804835721522647, 'generation': 122}","{'id': 9124, 'rank': 15, 'fitness': 0.9804109302362976, 'generation': 122}","{'id': 9045, 'rank': 16, 'fitness': 0.9803155692313654, 'generation': 122}","{'id': 9045, 'rank': 17, 'fitness': 0.9803155692313654, 'generation': 122}","{'id': 9045, 'rank': 18, 'fitness': 0.9803155692313654, 'generation': 122}","{'id': 9045, 'rank': 19, 'fitness': 0.9803155692313654, 'generation': 122}","{'id': 9178, 'rank': 20, 'fitness': 0.9796405200617677, 'generation': 122}","{'id': 9162, 'rank': 21, 'fitness': 0.9791200636165547, 'generation': 122}","{'id': 9123, 'rank': 22, 'fitness': 0.9790618073151269, 'generation': 122}","{'id': 8820, 'rank': 23, 'fitness': 0.978848052812197, 'generation': 122}","{'id': 9077, 'rank': 24, 'fitness': 0.9770668196685666, 'generation': 122}","{'id': 9077, 'rank': 25, 'fitness': 0.9770668196685666, 'generation': 122}","{'id': 9067, 'rank': 26, 'fitness': 0.977022896125771, 'generation': 122}","{'id': 9067, 'rank': 27, 'fitness': 0.977022896125771, 'generation': 122}","{'id': 9067, 'rank': 28, 'fitness': 0.977022896125771, 'generation': 122}","{'id': 9175, 'rank': 29, 'fitness': 0.9341116605250894, 'generation': 122}","{'id': 9141, 'rank': 30, 'fitness': 0.01798620996209155, 'generation': 122}"
"{'id': 9252, 'rank': 1, 'fitness': 0.9820137900379085, 'generation': 123}","{'id': 9191, 'rank': 2, 'fitness': 0.9103384126443408, 'generation': 123}","{'id': 9191, 'rank': 3, 'fitness': 0.9103384126443408, 'generation': 123}","{'id': 9193, 'rank': 4, 'fitness': 0.8996405851382208, 'generation': 123}","{'id': 9193, 'rank': 5, 'fitness': 0.8996405851382208, 'generation': 123}","{'id': 9119, 'rank': 6, 'fitness': 0.8922902991365289, 'generation': 123}","{'id': 9042, 'rank': 7, 'fitness': 0.850135027735512, 'generation': 123}","{'id': 9112, 'rank': 8, 'fitness': 0.8472376736558915, 'generation': 123}","{'id': 9188, 'rank': 9, 'fitness': 0.8407741567212834, 'generation': 123}","{'id': 9188, 'rank': 10, 'fitness': 0.8407741567212834, 'generation': 123}","{'id': 9113, 'rank': 11, 'fitness': 0.8364220587711735, 'generation': 123}","{'id': 9248, 'rank': 12, 'fitness': 0.8188171369950403, 'generation': 123}","{'id': 9264, 'rank': 13, 'fitness': 0.8044738621407242, 'generation': 123}","{'id': 9246, 'rank': 14, 'fitness': 0.8036495164862617, 'generation': 123}","{'id': 9197, 'rank': 15, 'fitness': 0.7887842769739635, 'generation': 123}","{'id': 9238, 'rank': 16, 'fitness': 0.7789339524722767, 'generation': 123}","{'id': 9239, 'rank': 17, 'fitness': 0.7754379696247368, 'generation': 123}","{'id': 9122, 'rank': 18, 'fitness': 0.7345727663019614, 'generation': 123}","{'id': 9232, 'rank': 19, 'fitness': 0.6829351093566023, 'generation': 123}","{'id': 8968, 'rank': 20, 'fitness': 0.6702289717529104, 'generation': 123}","{'id': 9203, 'rank': 21, 'fitness': 0.6615646869263464, 'generation': 123}","{'id': 9196, 'rank': 22, 'fitness': 0.5927340111009575, 'generation': 123}","{'id': 9262, 'rank': 23, 'fitness': 0.5658306255912473, 'generation': 123}","{'id': 9124, 'rank': 24, 'fitness': 0.5509677620489598, 'generation': 123}","{'id': 9045, 'rank': 25, 'fitness': 0.5188016310114081, 'generation': 123}","{'id': 9045, 'rank': 26, 'fitness': 0.5188016310114081, 'generation': 123}","{'id': 9045, 'rank': 27, 'fitness': 0.5188016310114081, 'generation': 123}","{'id': 9162, 'rank': 28, 'fitness': 0.18300522921462486, 'generation': 123}","{'id': 9183, 'rank': 29, 'fitness': 0.1365019603989972, 'generation': 123}","{'id': 9077, 'rank': 30, 'fitness': 0.01798620996209155, 'generation': 123}"
"{'id': 9316, 'rank': 1, 'fitness': 0.9820137900379085, 'generation': 124}","{'id': 9317, 'rank': 2, 'fitness': 0.9815800640088272, 'generation': 124}","{'id': 9191, 'rank': 3, 'fitness': 0.9806314664630984, 'generation': 124}","{'id': 9193, 'rank': 4, 'fitness': 0.9805171413275591, 'generation': 124}","{'id': 9112, 'rank': 5, 'fitness': 0.9800701482944375, 'generation': 124}","{'id': 9197, 'rank': 6, 'fitness': 0.9796944326329158, 'generation': 124}","{'id': 9197, 'rank': 7, 'fitness': 0.9796944326329158, 'generation': 124}","{'id': 9122, 'rank': 8, 'fitness': 0.9794051370728434, 'generation': 124}","{'id': 9122, 'rank': 9, 'fitness': 0.9794051370728434, 'generation': 124}","{'id': 9232, 'rank': 10, 'fitness': 0.9791600594069925, 'generation': 124}","{'id': 9203, 'rank': 11, 'fitness': 0.9790644352621256, 'generation': 124}","{'id': 9124, 'rank': 12, 'fitness': 0.9785994263693729, 'generation': 124}","{'id': 9124, 'rank': 13, 'fitness': 0.9785994263693729, 'generation': 124}","{'id': 9269, 'rank': 14, 'fitness': 0.9775421835838631, 'generation': 124}","{'id': 9162, 'rank': 15, 'fitness': 0.9768138702984731, 'generation': 124}","{'id': 9272, 'rank': 16, 'fitness': 0.9766022861077306, 'generation': 124}","{'id': 9292, 'rank': 17, 'fitness': 0.9754738366581716, 'generation': 124}","{'id': 9290, 'rank': 18, 'fitness': 0.9754130517091678, 'generation': 124}","{'id': 9273, 'rank': 19, 'fitness': 0.9752622771646451, 'generation': 124}","{'id': 9273, 'rank': 20, 'fitness': 0.9752622771646451, 'generation': 124}","{'id': 9291, 'rank': 21, 'fitness': 0.9728603660179816, 'generation': 124}","{'id': 9291, 'rank': 22, 'fitness': 0.9728603660179816, 'generation': 124}","{'id': 9296, 'rank': 23, 'fitness': 0.9666033437037003, 'generation': 124}","{'id': 9300, 'rank': 24, 'fitness': 0.965847022214801, 'generation': 124}","{'id': 9307, 'rank': 25, 'fitness': 0.9482620720358166, 'generation': 124}","{'id': 9310, 'rank': 26, 'fitness': 0.9248178659666837, 'generation': 124}","{'id': 9310, 'rank': 27, 'fitness': 0.9248178659666837, 'generation': 124}","{'id': 9314, 'rank': 28, 'fitness': 0.9246555090506102, 'generation': 124}","{'id': 9289, 'rank': 29, 'fitness': 0.8399152142999783, 'generation': 124}","{'id': 9320, 'rank': 30, 'fitness': 0.01798620996209155, 'generation': 124}"
"{'id': 9316, 'rank': 1, 'fitness': 0.9820137900379085, 'generation': 125}","{'id': 9355, 'rank': 2, 'fitness': 0.9802009533569402, 'generation': 125}","{'id': 9377, 'rank': 3, 'fitness': 0.9748131578894091, 'generation': 125}","{'id': 9377, 'rank': 4, 'fitness': 0.9748131578894091, 'generation': 125}","{'id': 9378, 'rank': 5, 'fitness': 0.970912630968628, 'generation': 125}","{'id': 9396, 'rank': 6, 'fitness': 0.9525990711179413, 'generation': 125}","{'id': 9396, 'rank': 7, 'fitness': 0.9525990711179413, 'generation': 125}","{'id': 9396, 'rank': 8, 'fitness': 0.9525990711179413, 'generation': 125}","{'id': 9333, 'rank': 9, 'fitness': 0.9069094368997727, 'generation': 125}","{'id': 9345, 'rank': 10, 'fitness': 0.9044558841031556, 'generation': 125}","{'id': 9365, 'rank': 11, 'fitness': 0.8835258109046962, 'generation': 125}","{'id': 9340, 'rank': 12, 'fitness': 0.867202482612192, 'generation': 125}","{'id': 9340, 'rank': 13, 'fitness': 0.867202482612192, 'generation': 125}","{'id': 9340, 'rank': 14, 'fitness': 0.867202482612192, 'generation': 125}","{'id': 9395, 'rank': 15, 'fitness': 0.8524723047770482, 'generation': 125}","{'id': 9395, 'rank': 16, 'fitness': 0.8524723047770482, 'generation': 125}","{'id': 9197, 'rank': 17, 'fitness': 0.8387426754635098, 'generation': 125}","{'id': 9359, 'rank': 18, 'fitness': 0.7288354150161063, 'generation': 125}","{'id': 9347, 'rank': 19, 'fitness': 0.6877805768863101, 'generation': 125}","{'id': 9124, 'rank': 20, 'fitness': 0.65226327347826, 'generation': 125}","{'id': 9402, 'rank': 21, 'fitness': 0.5628048729769041, 'generation': 125}","{'id': 9349, 'rank': 22, 'fitness': 0.5559081875400215, 'generation': 125}","{'id': 9350, 'rank': 23, 'fitness': 0.29055010264796016, 'generation': 125}","{'id': 9272, 'rank': 24, 'fitness': 0.24857402832539705, 'generation': 125}","{'id': 9354, 'rank': 25, 'fitness': 0.18172248710155264, 'generation': 125}","{'id': 9384, 'rank': 26, 'fitness': 0.17753654568277744, 'generation': 125}","{'id': 9292, 'rank': 27, 'fitness': 0.11672780752599898, 'generation': 125}","{'id': 9292, 'rank': 28, 'fitness': 0.11672780752599898, 'generation': 125}","{'id': 9388, 'rank': 29, 'fitness': 0.023925295053146, 'generation': 125}","{'id': 9291, 'rank': 30, 'fitness': 0.01798620996209155, 'generation': 125}"
"{'id': 9451, 'rank': 1, 'fitness': 0.9820137900379085, 'generation': 126}","{'id': 9451, 'rank': 2, 'fitness': 0.9820137900379085, 'generation': 126}","{'id': 9432, 'rank': 3, 'fitness': 0.9810282148037965, 'generation': 126}","{'id': 9355, 'rank': 4, 'fitness': 0.9808721264306082, 'generation': 126}","{'id': 9377, 'rank': 5, 'fitness': 0.9804183588568804, 'generation': 126}","{'id': 9449, 'rank': 6, 'fitness': 0.9803328143483974, 'generation': 126}","{'id': 9431, 'rank': 7, 'fitness': 0.9801476030077028, 'generation': 126}","{'id': 9396, 'rank': 8, 'fitness': 0.9791584217838118, 'generation': 126}","{'id': 9483, 'rank': 9, 'fitness': 0.9781973992698966, 'generation': 126}","{'id': 9345, 'rank': 10, 'fitness': 0.9776131023314569, 'generation': 126}","{'id': 9365, 'rank': 11, 'fitness': 0.9771374850354695, 'generation': 126}","{'id': 9427, 'rank': 12, 'fitness': 0.9769659380640028, 'generation': 126}","{'id': 9340, 'rank': 13, 'fitness': 0.9768102304468939, 'generation': 126}","{'id': 9340, 'rank': 14, 'fitness': 0.9768102304468939, 'generation': 126}","{'id': 9395, 'rank': 15, 'fitness': 0.9765396233602051, 'generation': 126}","{'id': 9395, 'rank': 16, 'fitness': 0.9765396233602051, 'generation': 126}","{'id': 9395, 'rank': 17, 'fitness': 0.9765396233602051, 'generation': 126}","{'id': 9468, 'rank': 18, 'fitness': 0.9764065671317499, 'generation': 126}","{'id': 9428, 'rank': 19, 'fitness': 0.9757972628530744, 'generation': 126}","{'id': 9455, 'rank': 20, 'fitness': 0.9753785013412296, 'generation': 126}","{'id': 9439, 'rank': 21, 'fitness': 0.975177760056415, 'generation': 126}","{'id': 9347, 'rank': 22, 'fitness': 0.9742956090736996, 'generation': 126}","{'id': 9484, 'rank': 23, 'fitness': 0.9696571976728645, 'generation': 126}","{'id': 9384, 'rank': 24, 'fitness': 0.9679993755152014, 'generation': 126}","{'id': 9388, 'rank': 25, 'fitness': 0.9607670394638776, 'generation': 126}","{'id': 9464, 'rank': 26, 'fitness': 0.9594716845911944, 'generation': 126}","{'id': 9415, 'rank': 27, 'fitness': 0.9582070785325592, 'generation': 126}","{'id': 9447, 'rank': 28, 'fitness': 0.9547653543797856, 'generation': 126}","{'id': 9419, 'rank': 29, 'fitness': 0.10427541609521168, 'generation': 126}","{'id': 9420, 'rank': 30, 'fitness': 0.01798620996209155, 'generation': 126}"
"{'id': 9558, 'rank': 1, 'fitness': 0.9820137900379085, 'generation': 127}","{'id': 9451, 'rank': 2, 'fitness': 0.9770428878197509, 'generation': 127}","{'id': 9451, 'rank': 3, 'fitness': 0.9770428878197509, 'generation': 127}","{'id': 9566, 'rank': 4, 'fitness': 0.9728861477144888, 'generation': 127}","{'id': 9526, 'rank': 5, 'fitness': 0.971129141565807, 'generation': 127}","{'id': 9572, 'rank': 6, 'fitness': 0.9708920700215848, 'generation': 127}","{'id': 9523, 'rank': 7, 'fitness': 0.9702893472764431, 'generation': 127}","{'id': 9534, 'rank': 8, 'fitness': 0.9693266203888936, 'generation': 127}","{'id': 9573, 'rank': 9, 'fitness': 0.9655884466111706, 'generation': 127}","{'id': 9573, 'rank': 10, 'fitness': 0.9655884466111706, 'generation': 127}","{'id': 9355, 'rank': 11, 'fitness': 0.9629622989490327, 'generation': 127}","{'id': 9511, 'rank': 12, 'fitness': 0.9565901575932914, 'generation': 127}","{'id': 9511, 'rank': 13, 'fitness': 0.9565901575932914, 'generation': 127}","{'id': 9570, 'rank': 14, 'fitness': 0.9521226170624038, 'generation': 127}","{'id': 9431, 'rank': 15, 'fitness': 0.9507372534509966, 'generation': 127}","{'id': 9513, 'rank': 16, 'fitness': 0.9376847107364468, 'generation': 127}","{'id': 9486, 'rank': 17, 'fitness': 0.9325338008556985, 'generation': 127}","{'id': 9559, 'rank': 18, 'fitness': 0.8972632606564949, 'generation': 127}","{'id': 9528, 'rank': 19, 'fitness': 0.8899223705748756, 'generation': 127}","{'id': 9569, 'rank': 20, 'fitness': 0.8746849340643573, 'generation': 127}","{'id': 9507, 'rank': 21, 'fitness': 0.8705533046818446, 'generation': 127}","{'id': 9568, 'rank': 22, 'fitness': 0.8660353554558635, 'generation': 127}","{'id': 9365, 'rank': 23, 'fitness': 0.8613253708626906, 'generation': 127}","{'id': 9500, 'rank': 24, 'fitness': 0.8525788454446837, 'generation': 127}","{'id': 9567, 'rank': 25, 'fitness': 0.8086493598847122, 'generation': 127}","{'id': 9567, 'rank': 26, 'fitness': 0.8086493598847122, 'generation': 127}","{'id': 9491, 'rank': 27, 'fitness': 0.7249571405299606, 'generation': 127}","{'id': 9554, 'rank': 28, 'fitness': 0.723839071970346, 'generation': 127}","{'id': 9510, 'rank': 29, 'fitness': 0.5912480020923196, 'generation': 127}","{'id': 9545, 'rank': 30, 'fitness': 0.01798620996209155, 'generation': 127}"
"{'id': 9596, 'rank': 1, 'fitness': 0.9820137900379085, 'generation': 128}","{'id': 9665, 'rank': 2, 'fitness': 0.9725956120111969, 'generation': 128}","{'id': 9665, 'rank': 3, 'fitness': 0.9725956120111969, 'generation': 128}","{'id': 9636, 'rank': 4, 'fitness': 0.9692130192478401, 'generation': 128}","{'id': 9636, 'rank': 5, 'fitness': 0.9692130192478401, 'generation': 128}","{'id': 9636, 'rank': 6, 'fitness': 0.9692130192478401, 'generation': 128}","{'id': 9451, 'rank': 7, 'fitness': 0.9688039161243629, 'generation': 128}","{'id': 9451, 'rank': 8, 'fitness': 0.9688039161243629, 'generation': 128}","{'id': 9628, 'rank': 9, 'fitness': 0.9678435685993074, 'generation': 128}","{'id': 9584, 'rank': 10, 'fitness': 0.96760737179388, 'generation': 128}","{'id': 9662, 'rank': 11, 'fitness': 0.9651421379757708, 'generation': 128}","{'id': 9662, 'rank': 12, 'fitness': 0.9651421379757708, 'generation': 128}","{'id': 9572, 'rank': 13, 'fitness': 0.9628633660222972, 'generation': 128}","{'id': 9572, 'rank': 14, 'fitness': 0.9628633660222972, 'generation': 128}","{'id': 9572, 'rank': 15, 'fitness': 0.9628633660222972, 'generation': 128}","{'id': 9597, 'rank': 16, 'fitness': 0.9617571336854265, 'generation': 128}","{'id': 9660, 'rank': 17, 'fitness': 0.9608973960636444, 'generation': 128}","{'id': 9609, 'rank': 18, 'fitness': 0.9608942145476633, 'generation': 128}","{'id': 9661, 'rank': 19, 'fitness': 0.9606908913152694, 'generation': 128}","{'id': 9587, 'rank': 20, 'fitness': 0.9572708715948093, 'generation': 128}","{'id': 9663, 'rank': 21, 'fitness': 0.9512775029559037, 'generation': 128}","{'id': 9511, 'rank': 22, 'fitness': 0.95018556348244, 'generation': 128}","{'id': 9511, 'rank': 23, 'fitness': 0.95018556348244, 'generation': 128}","{'id': 9644, 'rank': 24, 'fitness': 0.8817531674933079, 'generation': 128}","{'id': 9601, 'rank': 25, 'fitness': 0.8436000432410661, 'generation': 128}","{'id': 9601, 'rank': 26, 'fitness': 0.8436000432410661, 'generation': 128}","{'id': 9510, 'rank': 27, 'fitness': 0.7173824140344869, 'generation': 128}","{'id': 9646, 'rank': 28, 'fitness': 0.6976428415651859, 'generation': 128}","{'id': 9592, 'rank': 29, 'fitness': 0.30510480517143723, 'generation': 128}","{'id': 9654, 'rank': 30, 'fitness': 0.01798620996209155, 'generation': 128}"
"{'id': 9728, 'rank': 1, 'fitness': 0.9820137900379085, 'generation': 129}","{'id': 9596, 'rank': 2, 'fitness': 0.978716126026798, 'generation': 129}","{'id': 9715, 'rank': 3, 'fitness': 0.95477426364718, 'generation': 129}","{'id': 9715, 'rank': 4, 'fitness': 0.95477426364718, 'generation': 129}","{'id': 9744, 'rank': 5, 'fitness': 0.9012647550491804, 'generation': 129}","{'id': 9636, 'rank': 6, 'fitness': 0.840672707053975, 'generation': 129}","{'id': 9699, 'rank': 7, 'fitness': 0.8182508482667157, 'generation': 129}","{'id': 9628, 'rank': 8, 'fitness': 0.8155605292319494, 'generation': 129}","{'id': 9724, 'rank': 9, 'fitness': 0.8077144688581411, 'generation': 129}","{'id': 9724, 'rank': 10, 'fitness': 0.8077144688581411, 'generation': 129}","{'id': 9729, 'rank': 11, 'fitness': 0.798273941515835, 'generation': 129}","{'id': 9729, 'rank': 12, 'fitness': 0.798273941515835, 'generation': 129}","{'id': 9572, 'rank': 13, 'fitness': 0.7109655889925983, 'generation': 129}","{'id': 9671, 'rank': 14, 'fitness': 0.682506526678416, 'generation': 129}","{'id': 9660, 'rank': 15, 'fitness': 0.6657896010513402, 'generation': 129}","{'id': 9660, 'rank': 16, 'fitness': 0.6657896010513402, 'generation': 129}","{'id': 9660, 'rank': 17, 'fitness': 0.6657896010513402, 'generation': 129}","{'id': 9609, 'rank': 18, 'fitness': 0.6657155141826973, 'generation': 129}","{'id': 9689, 'rank': 19, 'fitness': 0.6457211495334605, 'generation': 129}","{'id': 9689, 'rank': 20, 'fitness': 0.6457211495334605, 'generation': 129}","{'id': 9689, 'rank': 21, 'fitness': 0.6457211495334605, 'generation': 129}","{'id': 9688, 'rank': 22, 'fitness': 0.4997460479595773, 'generation': 129}","{'id': 9678, 'rank': 23, 'fitness': 0.47437821053209844, 'generation': 129}","{'id': 9511, 'rank': 24, 'fitness': 0.4238707216162678, 'generation': 129}","{'id': 9743, 'rank': 25, 'fitness': 0.2833233147044833, 'generation': 129}","{'id': 9714, 'rank': 26, 'fitness': 0.2658973028394904, 'generation': 129}","{'id': 9686, 'rank': 27, 'fitness': 0.11134694122790229, 'generation': 129}","{'id': 9720, 'rank': 28, 'fitness': 0.08982753029466295, 'generation': 129}","{'id': 9644, 'rank': 29, 'fitness': 0.01798620996209155, 'generation': 129}","{'id': 9644, 'rank': 30, 'fitness': 0.01798620996209155, 'generation': 129}"
"{'id': 9768, 'rank': 1, 'fitness': 0.9820137900379085, 'generation': 130}","{'id': 9761, 'rank': 2, 'fitness': 0.980944420539129, 'generation': 130}","{'id': 9747, 'rank': 3, 'fitness': 0.9805914255201744, 'generation': 130}","{'id': 9715, 'rank': 4, 'fitness': 0.9805854653401862, 'generation': 130}","{'id': 9715, 'rank': 5, 'fitness': 0.9805854653401862, 'generation': 130}","{'id': 9715, 'rank': 6, 'fitness': 0.9805854653401862, 'generation': 130}","{'id': 9745, 'rank': 7, 'fitness': 0.9794395684193664, 'generation': 130}","{'id': 9745, 'rank': 8, 'fitness': 0.9794395684193664, 'generation': 130}","{'id': 9660, 'rank': 9, 'fitness': 0.9781902721813505, 'generation': 130}","{'id': 9660, 'rank': 10, 'fitness': 0.9781902721813505, 'generation': 130}","{'id': 9660, 'rank': 11, 'fitness': 0.9781902721813505, 'generation': 130}","{'id': 9609, 'rank': 12, 'fitness': 0.9781899147800048, 'generation': 130}","{'id': 9689, 'rank': 13, 'fitness': 0.9780946146769162, 'generation': 130}","{'id': 9689, 'rank': 14, 'fitness': 0.9780946146769162, 'generation': 130}","{'id': 9689, 'rank': 15, 'fitness': 0.9780946146769162, 'generation': 130}","{'id': 9688, 'rank': 16, 'fitness': 0.9774369028621286, 'generation': 130}","{'id': 9743, 'rank': 17, 'fitness': 0.976384950376137, 'generation': 130}","{'id': 9762, 'rank': 18, 'fitness': 0.974627747675564, 'generation': 130}","{'id': 9762, 'rank': 19, 'fitness': 0.974627747675564, 'generation': 130}","{'id': 9751, 'rank': 20, 'fitness': 0.9715390927316543, 'generation': 130}","{'id': 9750, 'rank': 21, 'fitness': 0.9708016732061003, 'generation': 130}","{'id': 9763, 'rank': 22, 'fitness': 0.9451347393200198, 'generation': 130}","{'id': 9763, 'rank': 23, 'fitness': 0.9451347393200198, 'generation': 130}","{'id': 9776, 'rank': 24, 'fitness': 0.8270579391822467, 'generation': 130}","{'id': 9784, 'rank': 25, 'fitness': 0.7717626017127042, 'generation': 130}","{'id': 9756, 'rank': 26, 'fitness': 0.7695138192537389, 'generation': 130}","{'id': 9783, 'rank': 27, 'fitness': 0.35711498428907396, 'generation': 130}","{'id': 9800, 'rank': 28, 'fitness': 0.023413279180518554, 'generation': 130}","{'id': 9765, 'rank': 29, 'fitness': 0.020835015906129906, 'generation': 130}","{'id': 9782, 'rank': 30, 'fitness': 0.01798620996209155, 'generation': 130}"
"{'id': 9847, 'rank': 1, 'fitness': 0.9820137900379085, 'generation': 131}","{'id': 9768, 'rank': 2, 'fitness': 0.9685049745208556, 'generation': 131}","{'id': 9845, 'rank': 3, 'fitness': 0.9483476621225657, 'generation': 131}","{'id': 9845, 'rank': 4, 'fitness': 0.9483476621225657, 'generation': 131}","{'id': 9835, 'rank': 5, 'fitness': 0.944594220385021, 'generation': 131}","{'id': 9761, 'rank': 6, 'fitness': 0.9336360755322068, 'generation': 131}","{'id': 9761, 'rank': 7, 'fitness': 0.9336360755322068, 'generation': 131}","{'id': 9837, 'rank': 8, 'fitness': 0.9206376129866258, 'generation': 131}","{'id': 9837, 'rank': 9, 'fitness': 0.9206376129866258, 'generation': 131}","{'id': 9747, 'rank': 10, 'fitness': 0.9164626098848119, 'generation': 131}","{'id': 9715, 'rank': 11, 'fitness': 0.9161434861981836, 'generation': 131}","{'id': 9715, 'rank': 12, 'fitness': 0.9161434861981836, 'generation': 131}","{'id': 9715, 'rank': 13, 'fitness': 0.9161434861981836, 'generation': 131}","{'id': 9715, 'rank': 14, 'fitness': 0.9161434861981836, 'generation': 131}","{'id': 9715, 'rank': 15, 'fitness': 0.9161434861981836, 'generation': 131}","{'id': 9745, 'rank': 16, 'fitness': 0.8338883824927028, 'generation': 131}","{'id': 9818, 'rank': 17, 'fitness': 0.8309965603803051, 'generation': 131}","{'id': 9857, 'rank': 18, 'fitness': 0.7944912987166086, 'generation': 131}","{'id': 9857, 'rank': 19, 'fitness': 0.7944912987166086, 'generation': 131}","{'id': 9838, 'rank': 20, 'fitness': 0.7707798400655248, 'generation': 131}","{'id': 9846, 'rank': 21, 'fitness': 0.7344178119870105, 'generation': 131}","{'id': 9660, 'rank': 22, 'fitness': 0.692658990636164, 'generation': 131}","{'id': 9689, 'rank': 23, 'fitness': 0.679858438252423, 'generation': 131}","{'id': 9689, 'rank': 24, 'fitness': 0.679858438252423, 'generation': 131}","{'id': 9872, 'rank': 25, 'fitness': 0.6460614114858081, 'generation': 131}","{'id': 9840, 'rank': 26, 'fitness': 0.6455176083885796, 'generation': 131}","{'id': 9858, 'rank': 27, 'fitness': 0.5997543697558629, 'generation': 131}","{'id': 9688, 'rank': 28, 'fitness': 0.5868710918526222, 'generation': 131}","{'id': 9879, 'rank': 29, 'fitness': 0.4772644582619308, 'generation': 131}","{'id': 9865, 'rank': 30, 'fitness': 0.01798620996209155, 'generation': 131}"
"{'id': 9927, 'rank': 1, 'fitness': 0.9820137900379085, 'generation': 132}","{'id': 9925, 'rank': 2, 'fitness': 0.9815753286951119, 'generation': 132}","{'id': 9925, 'rank': 3, 'fitness': 0.9815753286951119, 'generation': 132}","{'id': 9847, 'rank': 4, 'fitness': 0.9811040418981973, 'generation': 132}","{'id': 9768, 'rank': 5, 'fitness': 0.9803691543298965, 'generation': 132}","{'id': 9768, 'rank': 6, 'fitness': 0.9803691543298965, 'generation': 132}","{'id': 9845, 'rank': 7, 'fitness': 0.9796851102121688, 'generation': 132}","{'id': 9928, 'rank': 8, 'fitness': 0.9794489097589085, 'generation': 132}","{'id': 9928, 'rank': 9, 'fitness': 0.9794489097589085, 'generation': 132}","{'id': 9761, 'rank': 10, 'fitness': 0.9793228872862778, 'generation': 132}","{'id': 9761, 'rank': 11, 'fitness': 0.9793228872862778, 'generation': 132}","{'id': 9837, 'rank': 12, 'fitness': 0.9790565270502984, 'generation': 132}","{'id': 9837, 'rank': 13, 'fitness': 0.9790565270502984, 'generation': 132}","{'id': 9715, 'rank': 14, 'fitness': 0.978973024743761, 'generation': 132}","{'id': 9715, 'rank': 15, 'fitness': 0.978973024743761, 'generation': 132}","{'id': 9715, 'rank': 16, 'fitness': 0.978973024743761, 'generation': 132}","{'id': 9818, 'rank': 17, 'fitness': 0.977829995160155, 'generation': 132}","{'id': 9838, 'rank': 18, 'fitness': 0.9772648396323189, 'generation': 132}","{'id': 9846, 'rank': 19, 'fitness': 0.9769685127892049, 'generation': 132}","{'id': 9840, 'rank': 20, 'fitness': 0.9763228258160006, 'generation': 132}","{'id': 9858, 'rank': 21, 'fitness': 0.9760154963622973, 'generation': 132}","{'id': 9688, 'rank': 22, 'fitness': 0.9759306439665242, 'generation': 132}","{'id': 9887, 'rank': 23, 'fitness': 0.9752108173875567, 'generation': 132}","{'id': 9905, 'rank': 24, 'fitness': 0.9731057852747138, 'generation': 132}","{'id': 9865, 'rank': 25, 'fitness': 0.9679410572989174, 'generation': 132}","{'id': 9914, 'rank': 26, 'fitness': 0.9661714083111841, 'generation': 132}","{'id': 9920, 'rank': 27, 'fitness': 0.9253129900050564, 'generation': 132}","{'id': 9889, 'rank': 28, 'fitness': 0.8888453718164093, 'generation': 132}","{'id': 9940, 'rank': 29, 'fitness': 0.8603406651312607, 'generation': 132}","{'id': 9936, 'rank': 30, 'fitness': 0.01798620996209155, 'generation': 132}"
"{'id': 9927, 'rank': 1, 'fitness': 0.9820137900379085, 'generation': 133}","{'id': 9985, 'rank': 2, 'fitness': 0.9746037668481895, 'generation': 133}","{'id': 9967, 'rank': 3, 'fitness': 0.9718144203209207, 'generation': 133}","{'id': 9925, 'rank': 4, 'fitness': 0.9655206469171558, 'generation': 133}","{'id': 9984, 'rank': 5, 'fitness': 0.9519271145565205, 'generation': 133}","{'id': 9984, 'rank': 6, 'fitness': 0.9519271145565205, 'generation': 133}","{'id': 9996, 'rank': 7, 'fitness': 0.9379148977996727, 'generation': 133}","{'id': 9994, 'rank': 8, 'fitness': 0.8201228843917461, 'generation': 133}","{'id': 9994, 'rank': 9, 'fitness': 0.8201228843917461, 'generation': 133}","{'id': 10023, 'rank': 10, 'fitness': 0.7738089266484585, 'generation': 133}","{'id': 10023, 'rank': 11, 'fitness': 0.7738089266484585, 'generation': 133}","{'id': 10023, 'rank': 12, 'fitness': 0.7738089266484585, 'generation': 133}","{'id': 9974, 'rank': 13, 'fitness': 0.7505117987993442, 'generation': 133}","{'id': 9987, 'rank': 14, 'fitness': 0.6708680815035553, 'generation': 133}","{'id': 9845, 'rank': 15, 'fitness': 0.650604119322548, 'generation': 133}","{'id': 9845, 'rank': 16, 'fitness': 0.650604119322548, 'generation': 133}","{'id': 9959, 'rank': 17, 'fitness': 0.5819929380671099, 'generation': 133}","{'id': 9928, 'rank': 18, 'fitness': 0.5745653807500672, 'generation': 133}","{'id': 10035, 'rank': 19, 'fitness': 0.5210039874438323, 'generation': 133}","{'id': 10008, 'rank': 20, 'fitness': 0.5031571566913001, 'generation': 133}","{'id': 10008, 'rank': 21, 'fitness': 0.5031571566913001, 'generation': 133}","{'id': 10036, 'rank': 22, 'fitness': 0.4495865956879077, 'generation': 133}","{'id': 10005, 'rank': 23, 'fitness': 0.4241796961611062, 'generation': 133}","{'id': 9715, 'rank': 24, 'fitness': 0.416832493281726, 'generation': 133}","{'id': 9715, 'rank': 25, 'fitness': 0.416832493281726, 'generation': 133}","{'id': 10034, 'rank': 26, 'fitness': 0.37308944343349937, 'generation': 133}","{'id': 10027, 'rank': 27, 'fitness': 0.30228967819026686, 'generation': 133}","{'id': 9951, 'rank': 28, 'fitness': 0.1875913597496527, 'generation': 133}","{'id': 9951, 'rank': 29, 'fitness': 0.1875913597496527, 'generation': 133}","{'id': 9858, 'rank': 30, 'fitness': 0.01798620996209155, 'generation': 133}"
"{'id': 10049, 'rank': 1, 'fitness': 0.9820137900379085, 'generation': 134}","{'id': 10049, 'rank': 2, 'fitness': 0.9820137900379085, 'generation': 134}","{'id': 10041, 'rank': 3, 'fitness': 0.9814478642936981, 'generation': 134}","{'id': 10074, 'rank': 4, 'fitness': 0.9810035778722765, 'generation': 134}","{'id': 10050, 'rank': 5, 'fitness': 0.9808879527491383, 'generation': 134}","{'id': 10043, 'rank': 6, 'fitness': 0.9808717838250676, 'generation': 134}","{'id': 10043, 'rank': 7, 'fitness': 0.9808717838250676, 'generation': 134}","{'id': 10043, 'rank': 8, 'fitness': 0.9808717838250676, 'generation': 134}","{'id': 9985, 'rank': 9, 'fitness': 0.9806619768146291, 'generation': 134}","{'id': 9985, 'rank': 10, 'fitness': 0.9806619768146291, 'generation': 134}","{'id': 9967, 'rank': 11, 'fitness': 0.9806044415838124, 'generation': 134}","{'id': 9925, 'rank': 12, 'fitness': 0.9804921708328849, 'generation': 134}","{'id': 10067, 'rank': 13, 'fitness': 0.9801823257160479, 'generation': 134}","{'id': 10067, 'rank': 14, 'fitness': 0.9801823257160479, 'generation': 134}","{'id': 9994, 'rank': 15, 'fitness': 0.9794852579555989, 'generation': 134}","{'id': 10044, 'rank': 16, 'fitness': 0.9793288462980573, 'generation': 134}","{'id': 10044, 'rank': 17, 'fitness': 0.9793288462980573, 'generation': 134}","{'id': 10069, 'rank': 18, 'fitness': 0.9788666133599577, 'generation': 134}","{'id': 10083, 'rank': 19, 'fitness': 0.9788545339009254, 'generation': 134}","{'id': 10083, 'rank': 20, 'fitness': 0.9788545339009254, 'generation': 134}","{'id': 9959, 'rank': 21, 'fitness': 0.978799908166955, 'generation': 134}","{'id': 9928, 'rank': 22, 'fitness': 0.9787820193334145, 'generation': 134}","{'id': 10035, 'rank': 23, 'fitness': 0.9786544710890435, 'generation': 134}","{'id': 9858, 'rank': 24, 'fitness': 0.9761023179333832, 'generation': 134}","{'id': 9858, 'rank': 25, 'fitness': 0.9761023179333832, 'generation': 134}","{'id': 10079, 'rank': 26, 'fitness': 0.9264989507593002, 'generation': 134}","{'id': 10087, 'rank': 27, 'fitness': 0.9254187299346693, 'generation': 134}","{'id': 10054, 'rank': 28, 'fitness': 0.6406479292514287, 'generation': 134}","{'id': 10038, 'rank': 29, 'fitness': 0.5175266909247082, 'generation': 134}","{'id': 10061, 'rank': 30, 'fitness': 0.01798620996209155, 'generation': 134}"
"{'id': 10125, 'rank': 1, 'fitness': 0.9820137900379085, 'generation': 135}","{'id': 10156, 'rank': 2, 'fitness': 0.9819891656244301, 'generation': 135}","{'id': 10049, 'rank': 3, 'fitness': 0.9818967472777893, 'generation': 135}","{'id': 10049, 'rank': 4, 'fitness': 0.9818967472777893, 'generation': 135}","{'id': 10132, 'rank': 5, 'fitness': 0.9818821180603352, 'generation': 135}","{'id': 10133, 'rank': 6, 'fitness': 0.9817824585178399, 'generation': 135}","{'id': 10041, 'rank': 7, 'fitness': 0.9815038807251868, 'generation': 135}","{'id': 10123, 'rank': 8, 'fitness': 0.9813183854551926, 'generation': 135}","{'id': 10102, 'rank': 9, 'fitness': 0.9812600148266778, 'generation': 135}","{'id': 10074, 'rank': 10, 'fitness': 0.9811979808418767, 'generation': 135}","{'id': 10043, 'rank': 11, 'fitness': 0.9811076534959107, 'generation': 135}","{'id': 10100, 'rank': 12, 'fitness': 0.9811042063460464, 'generation': 135}","{'id': 10100, 'rank': 13, 'fitness': 0.9811042063460464, 'generation': 135}","{'id': 9925, 'rank': 14, 'fitness': 0.9808485176591897, 'generation': 135}","{'id': 10139, 'rank': 15, 'fitness': 0.980657914283324, 'generation': 135}","{'id': 10103, 'rank': 16, 'fitness': 0.9806036411975039, 'generation': 135}","{'id': 10171, 'rank': 17, 'fitness': 0.980468794883796, 'generation': 135}","{'id': 10112, 'rank': 18, 'fitness': 0.9804170606294975, 'generation': 135}","{'id': 10131, 'rank': 19, 'fitness': 0.980189994306315, 'generation': 135}","{'id': 10044, 'rank': 20, 'fitness': 0.980063636752356, 'generation': 135}","{'id': 10083, 'rank': 21, 'fitness': 0.979747446273602, 'generation': 135}","{'id': 10137, 'rank': 22, 'fitness': 0.9796759637032096, 'generation': 135}","{'id': 10115, 'rank': 23, 'fitness': 0.9796323030800114, 'generation': 135}","{'id': 10115, 'rank': 24, 'fitness': 0.9796323030800114, 'generation': 135}","{'id': 10035, 'rank': 25, 'fitness': 0.9796147162222791, 'generation': 135}","{'id': 10129, 'rank': 26, 'fitness': 0.9795955425369431, 'generation': 135}","{'id': 10116, 'rank': 27, 'fitness': 0.9787910153920232, 'generation': 135}","{'id': 10098, 'rank': 28, 'fitness': 0.9787155333054998, 'generation': 135}","{'id': 10079, 'rank': 29, 'fitness': 0.951546329085631, 'generation': 135}","{'id': 10121, 'rank': 30, 'fitness': 0.01798620996209155, 'generation': 135}"
"{'id': 10233, 'rank': 1, 'fitness': 0.9820137900379085, 'generation': 136}","{'id': 10231, 'rank': 2, 'fitness': 0.9402007203602762, 'generation': 136}","{'id': 10243, 'rank': 3, 'fitness': 0.9362791008674635, 'generation': 136}","{'id': 10242, 'rank': 4, 'fitness': 0.9173074732273545, 'generation': 136}","{'id': 10241, 'rank': 5, 'fitness': 0.9124486825418952, 'generation': 136}","{'id': 10156, 'rank': 6, 'fitness': 0.8631135433387702, 'generation': 136}","{'id': 10237, 'rank': 7, 'fitness': 0.8405882401964486, 'generation': 136}","{'id': 10133, 'rank': 8, 'fitness': 0.8075513816763891, 'generation': 136}","{'id': 10229, 'rank': 9, 'fitness': 0.7780537318579137, 'generation': 136}","{'id': 10189, 'rank': 10, 'fitness': 0.7518820587569632, 'generation': 136}","{'id': 10189, 'rank': 11, 'fitness': 0.7518820587569632, 'generation': 136}","{'id': 10041, 'rank': 12, 'fitness': 0.7094036983736556, 'generation': 136}","{'id': 10246, 'rank': 13, 'fitness': 0.669285747686246, 'generation': 136}","{'id': 10102, 'rank': 14, 'fitness': 0.6046383006465577, 'generation': 136}","{'id': 10235, 'rank': 15, 'fitness': 0.5967873373134788, 'generation': 136}","{'id': 10100, 'rank': 16, 'fitness': 0.5322430980594516, 'generation': 136}","{'id': 10100, 'rank': 17, 'fitness': 0.5322430980594516, 'generation': 136}","{'id': 10173, 'rank': 18, 'fitness': 0.5234168638472654, 'generation': 136}","{'id': 10173, 'rank': 19, 'fitness': 0.5234168638472654, 'generation': 136}","{'id': 10206, 'rank': 20, 'fitness': 0.39689587142384947, 'generation': 136}","{'id': 10214, 'rank': 21, 'fitness': 0.374555778994201, 'generation': 136}","{'id': 10177, 'rank': 22, 'fitness': 0.36455505409863187, 'generation': 136}","{'id': 10240, 'rank': 23, 'fitness': 0.358946165261274, 'generation': 136}","{'id': 10216, 'rank': 24, 'fitness': 0.29933545298212877, 'generation': 136}","{'id': 10203, 'rank': 25, 'fitness': 0.23810236563801868, 'generation': 136}","{'id': 10239, 'rank': 26, 'fitness': 0.23507959175334475, 'generation': 136}","{'id': 10131, 'rank': 27, 'fitness': 0.1737892957448784, 'generation': 136}","{'id': 10207, 'rank': 28, 'fitness': 0.05459851050209341, 'generation': 136}","{'id': 10185, 'rank': 29, 'fitness': 0.02780714708940396, 'generation': 136}","{'id': 10116, 'rank': 30, 'fitness': 0.01798620996209155, 'generation': 136}"
"{'id': 10262, 'rank': 1, 'fitness': 0.9820137900379085, 'generation': 137}","{'id': 10262, 'rank': 2, 'fitness': 0.9820137900379085, 'generation': 137}","{'id': 10264, 'rank': 3, 'fitness': 0.9815644734208456, 'generation': 137}","{'id': 10156, 'rank': 4, 'fitness': 0.9810122376144197, 'generation': 137}","{'id': 10237, 'rank': 5, 'fitness': 0.9809449183598106, 'generation': 137}","{'id': 10237, 'rank': 6, 'fitness': 0.9809449183598106, 'generation': 137}","{'id': 10237, 'rank': 7, 'fitness': 0.9809449183598106, 'generation': 137}","{'id': 10237, 'rank': 8, 'fitness': 0.9809449183598106, 'generation': 137}","{'id': 10189, 'rank': 9, 'fitness': 0.9807348490769352, 'generation': 137}","{'id': 10189, 'rank': 10, 'fitness': 0.9807348490769352, 'generation': 137}","{'id': 10100, 'rank': 11, 'fitness': 0.9803578136946443, 'generation': 137}","{'id': 10100, 'rank': 12, 'fitness': 0.9803578136946443, 'generation': 137}","{'id': 10100, 'rank': 13, 'fitness': 0.9803578136946443, 'generation': 137}","{'id': 10100, 'rank': 14, 'fitness': 0.9803578136946443, 'generation': 137}","{'id': 10173, 'rank': 15, 'fitness': 0.9803440470261264, 'generation': 137}","{'id': 10214, 'rank': 16, 'fitness': 0.9801068338036466, 'generation': 137}","{'id': 10240, 'rank': 17, 'fitness': 0.9800803691018787, 'generation': 137}","{'id': 10216, 'rank': 18, 'fitness': 0.9799735135176157, 'generation': 137}","{'id': 10293, 'rank': 19, 'fitness': 0.979862086617878, 'generation': 137}","{'id': 10239, 'rank': 20, 'fitness': 0.9798426502859222, 'generation': 137}","{'id': 10131, 'rank': 21, 'fitness': 0.9796909743118012, 'generation': 137}","{'id': 10116, 'rank': 22, 'fitness': 0.9786873970810851, 'generation': 137}","{'id': 10116, 'rank': 23, 'fitness': 0.9786873970810851, 'generation': 137}","{'id': 10292, 'rank': 24, 'fitness': 0.9784562508163155, 'generation': 137}","{'id': 10282, 'rank': 25, 'fitness': 0.9781527159210587, 'generation': 137}","{'id': 10278, 'rank': 26, 'fitness': 0.9773427397113053, 'generation': 137}","{'id': 10277, 'rank': 27, 'fitness': 0.9742812398408632, 'generation': 137}","{'id': 10298, 'rank': 28, 'fitness': 0.9119929185114294, 'generation': 137}","{'id': 10283, 'rank': 29, 'fitness': 0.3741072418174264, 'generation': 137}","{'id': 10258, 'rank': 30, 'fitness': 0.01798620996209155, 'generation': 137}"
"{'id': 10262, 'rank': 1, 'fitness': 0.9820137900379085, 'generation': 138}","{'id': 10309, 'rank': 2, 'fitness': 0.9768063943553719, 'generation': 138}","{'id': 10308, 'rank': 3, 'fitness': 0.9766481092964607, 'generation': 138}","{'id': 10310, 'rank': 4, 'fitness': 0.9739877408703109, 'generation': 138}","{'id': 10366, 'rank': 5, 'fitness': 0.9719047457007962, 'generation': 138}","{'id': 10366, 'rank': 6, 'fitness': 0.9719047457007962, 'generation': 138}","{'id': 10366, 'rank': 7, 'fitness': 0.9719047457007962, 'generation': 138}","{'id': 10369, 'rank': 8, 'fitness': 0.9491295613009662, 'generation': 138}","{'id': 10156, 'rank': 9, 'fitness': 0.9422227702480805, 'generation': 138}","{'id': 10349, 'rank': 10, 'fitness': 0.9422095299922744, 'generation': 138}","{'id': 10327, 'rank': 11, 'fitness': 0.9374630818649512, 'generation': 138}","{'id': 10367, 'rank': 12, 'fitness': 0.9334922250335698, 'generation': 138}","{'id': 10335, 'rank': 13, 'fitness': 0.9331108858526769, 'generation': 138}","{'id': 10336, 'rank': 14, 'fitness': 0.9320886143583473, 'generation': 138}","{'id': 10323, 'rank': 15, 'fitness': 0.9239220086965118, 'generation': 138}","{'id': 10348, 'rank': 16, 'fitness': 0.9229446680742797, 'generation': 138}","{'id': 10189, 'rank': 17, 'fitness': 0.921870251855207, 'generation': 138}","{'id': 10319, 'rank': 18, 'fitness': 0.9158539896871205, 'generation': 138}","{'id': 10347, 'rank': 19, 'fitness': 0.8998736162992252, 'generation': 138}","{'id': 10347, 'rank': 20, 'fitness': 0.8998736162992252, 'generation': 138}","{'id': 10347, 'rank': 21, 'fitness': 0.8998736162992252, 'generation': 138}","{'id': 10326, 'rank': 22, 'fitness': 0.8964183445171675, 'generation': 138}","{'id': 10325, 'rank': 23, 'fitness': 0.8609707082684734, 'generation': 138}","{'id': 10214, 'rank': 24, 'fitness': 0.8521955827531101, 'generation': 138}","{'id': 10356, 'rank': 25, 'fitness': 0.8345149332336809, 'generation': 138}","{'id': 10216, 'rank': 26, 'fitness': 0.8324035453153469, 'generation': 138}","{'id': 10293, 'rank': 27, 'fitness': 0.8143958943233965, 'generation': 138}","{'id': 10362, 'rank': 28, 'fitness': 0.7125255536307258, 'generation': 138}","{'id': 10305, 'rank': 29, 'fitness': 0.18318941155514545, 'generation': 138}","{'id': 10277, 'rank': 30, 'fitness': 0.01798620996209155, 'generation': 138}"
"{'id': 10433, 'rank': 1, 'fitness': 0.9820137900379085, 'generation': 139}","{'id': 10434, 'rank': 2, 'fitness': 0.9798823866357091, 'generation': 139}","{'id': 10262, 'rank': 3, 'fitness': 0.9778243474449195, 'generation': 139}","{'id': 10262, 'rank': 4, 'fitness': 0.9778243474449195, 'generation': 139}","{'id': 10262, 'rank': 5, 'fitness': 0.9778243474449195, 'generation': 139}","{'id': 10396, 'rank': 6, 'fitness': 0.9759576762048106, 'generation': 139}","{'id': 10395, 'rank': 7, 'fitness': 0.9750539863155532, 'generation': 139}","{'id': 10308, 'rank': 8, 'fitness': 0.9736765640884848, 'generation': 139}","{'id': 10431, 'rank': 9, 'fitness': 0.9718774745005467, 'generation': 139}","{'id': 10310, 'rank': 10, 'fitness': 0.9717415784407701, 'generation': 139}","{'id': 10310, 'rank': 11, 'fitness': 0.9717415784407701, 'generation': 139}","{'id': 10366, 'rank': 12, 'fitness': 0.9702725365834499, 'generation': 139}","{'id': 10366, 'rank': 13, 'fitness': 0.9702725365834499, 'generation': 139}","{'id': 10156, 'rank': 14, 'fitness': 0.9521096921383118, 'generation': 139}","{'id': 10327, 'rank': 15, 'fitness': 0.9495134806376331, 'generation': 139}","{'id': 10367, 'rank': 16, 'fitness': 0.9473928861180829, 'generation': 139}","{'id': 10348, 'rank': 17, 'fitness': 0.9419327188179776, 'generation': 139}","{'id': 10348, 'rank': 18, 'fitness': 0.9419327188179776, 'generation': 139}","{'id': 10189, 'rank': 19, 'fitness': 0.9413890723933396, 'generation': 139}","{'id': 10401, 'rank': 20, 'fitness': 0.9385218611458384, 'generation': 139}","{'id': 10319, 'rank': 21, 'fitness': 0.9383827813137074, 'generation': 139}","{'id': 10388, 'rank': 22, 'fitness': 0.9246816051685693, 'generation': 139}","{'id': 10444, 'rank': 23, 'fitness': 0.9207605173698248, 'generation': 139}","{'id': 10216, 'rank': 24, 'fitness': 0.9007897346400945, 'generation': 139}","{'id': 10293, 'rank': 25, 'fitness': 0.8932460133677156, 'generation': 139}","{'id': 10443, 'rank': 26, 'fitness': 0.8877411037408088, 'generation': 139}","{'id': 10443, 'rank': 27, 'fitness': 0.8877411037408088, 'generation': 139}","{'id': 10453, 'rank': 28, 'fitness': 0.5148994309183601, 'generation': 139}","{'id': 10448, 'rank': 29, 'fitness': 0.4271851487926576, 'generation': 139}","{'id': 10384, 'rank': 30, 'fitness': 0.01798620996209155, 'generation': 139}"
"{'id': 10487, 'rank': 1, 'fitness': 0.9820137900379085, 'generation': 140}","{'id': 10456, 'rank': 2, 'fitness': 0.9811745715089508, 'generation': 140}","{'id': 10516, 'rank': 3, 'fitness': 0.9777064700298924, 'generation': 140}","{'id': 10477, 'rank': 4, 'fitness': 0.9731315554970436, 'generation': 140}","{'id': 10459, 'rank': 5, 'fitness': 0.9715972061342311, 'generation': 140}","{'id': 10459, 'rank': 6, 'fitness': 0.9715972061342311, 'generation': 140}","{'id': 10486, 'rank': 7, 'fitness': 0.9709414924610089, 'generation': 140}","{'id': 10262, 'rank': 8, 'fitness': 0.96990985822425, 'generation': 140}","{'id': 10262, 'rank': 9, 'fitness': 0.96990985822425, 'generation': 140}","{'id': 10458, 'rank': 10, 'fitness': 0.9687101434461423, 'generation': 140}","{'id': 10308, 'rank': 11, 'fitness': 0.9634383436975064, 'generation': 140}","{'id': 10468, 'rank': 12, 'fitness': 0.9612942208414368, 'generation': 140}","{'id': 10310, 'rank': 13, 'fitness': 0.9603759311820703, 'generation': 140}","{'id': 10507, 'rank': 14, 'fitness': 0.9586567172743266, 'generation': 140}","{'id': 10471, 'rank': 15, 'fitness': 0.9486172512830446, 'generation': 140}","{'id': 10518, 'rank': 16, 'fitness': 0.9447709485150957, 'generation': 140}","{'id': 10478, 'rank': 17, 'fitness': 0.9396229603150226, 'generation': 140}","{'id': 10478, 'rank': 18, 'fitness': 0.9396229603150226, 'generation': 140}","{'id': 10474, 'rank': 19, 'fitness': 0.9362480408864939, 'generation': 140}","{'id': 10327, 'rank': 20, 'fitness': 0.9238533502350728, 'generation': 140}","{'id': 10327, 'rank': 21, 'fitness': 0.9238533502350728, 'generation': 140}","{'id': 10348, 'rank': 22, 'fitness': 0.911030137705103, 'generation': 140}","{'id': 10319, 'rank': 23, 'fitness': 0.9049866669469512, 'generation': 140}","{'id': 10522, 'rank': 24, 'fitness': 0.9009122159403196, 'generation': 140}","{'id': 10444, 'rank': 25, 'fitness': 0.8747607320225179, 'generation': 140}","{'id': 10526, 'rank': 26, 'fitness': 0.8662238515696978, 'generation': 140}","{'id': 10216, 'rank': 27, 'fitness': 0.840349870797698, 'generation': 140}","{'id': 10525, 'rank': 28, 'fitness': 0.8354183614318765, 'generation': 140}","{'id': 10503, 'rank': 29, 'fitness': 0.41346982210490807, 'generation': 140}","{'id': 10492, 'rank': 30, 'fitness': 0.01798620996209155, 'generation': 140}"
"{'id': 10576, 'rank': 1, 'fitness': 0.9820137900379085, 'generation': 141}","{'id': 10555, 'rank': 2, 'fitness': 0.981575596557051, 'generation': 141}","{'id': 10456, 'rank': 3, 'fitness': 0.9815726471955782, 'generation': 141}","{'id': 10552, 'rank': 4, 'fitness': 0.981254018544202, 'generation': 141}","{'id': 10552, 'rank': 5, 'fitness': 0.981254018544202, 'generation': 141}","{'id': 10584, 'rank': 6, 'fitness': 0.9810373655892464, 'generation': 141}","{'id': 10598, 'rank': 7, 'fitness': 0.9809966340654457, 'generation': 141}","{'id': 10458, 'rank': 8, 'fitness': 0.9807562155676692, 'generation': 141}","{'id': 10542, 'rank': 9, 'fitness': 0.980653235150861, 'generation': 141}","{'id': 10542, 'rank': 10, 'fitness': 0.980653235150861, 'generation': 141}","{'id': 10542, 'rank': 11, 'fitness': 0.980653235150861, 'generation': 141}","{'id': 10544, 'rank': 12, 'fitness': 0.9806308184058108, 'generation': 141}","{'id': 10308, 'rank': 13, 'fitness': 0.9804964926461688, 'generation': 141}","{'id': 10543, 'rank': 14, 'fitness': 0.9804907297682253, 'generation': 141}","{'id': 10568, 'rank': 15, 'fitness': 0.9803765296467026, 'generation': 141}","{'id': 10537, 'rank': 16, 'fitness': 0.9803535648049511, 'generation': 141}","{'id': 10587, 'rank': 17, 'fitness': 0.9803269342807406, 'generation': 141}","{'id': 10507, 'rank': 18, 'fitness': 0.9802879565136, 'generation': 141}","{'id': 10589, 'rank': 19, 'fitness': 0.9802687721222256, 'generation': 141}","{'id': 10471, 'rank': 20, 'fitness': 0.9799108687738469, 'generation': 141}","{'id': 10574, 'rank': 21, 'fitness': 0.9798624081762997, 'generation': 141}","{'id': 10574, 'rank': 22, 'fitness': 0.9798624081762997, 'generation': 141}","{'id': 10518, 'rank': 23, 'fitness': 0.9797831455795671, 'generation': 141}","{'id': 10575, 'rank': 24, 'fitness': 0.9797434517366308, 'generation': 141}","{'id': 10595, 'rank': 25, 'fitness': 0.9794929624030488, 'generation': 141}","{'id': 10601, 'rank': 26, 'fitness': 0.9790547955442138, 'generation': 141}","{'id': 10535, 'rank': 27, 'fitness': 0.9780527246220203, 'generation': 141}","{'id': 10563, 'rank': 28, 'fitness': 0.9753724508908926, 'generation': 141}","{'id': 10538, 'rank': 29, 'fitness': 0.9696553825856864, 'generation': 141}","{'id': 10529, 'rank': 30, 'fitness': 0.01798620996209155, 'generation': 141}"
"{'id': 10645, 'rank': 1, 'fitness': 0.9820137900379085, 'generation': 142}","{'id': 10555, 'rank': 2, 'fitness': 0.9513120050287676, 'generation': 142}","{'id': 10456, 'rank': 3, 'fitness': 0.9509033776686973, 'generation': 142}","{'id': 10456, 'rank': 4, 'fitness': 0.9509033776686973, 'generation': 142}","{'id': 10609, 'rank': 5, 'fitness': 0.9403970113561378, 'generation': 142}","{'id': 10674, 'rank': 6, 'fitness': 0.9193452430628579, 'generation': 142}","{'id': 10552, 'rank': 7, 'fitness': 0.8831216718864761, 'generation': 142}","{'id': 10666, 'rank': 8, 'fitness': 0.8289220962629884, 'generation': 142}","{'id': 10584, 'rank': 9, 'fitness': 0.8007861554513718, 'generation': 142}","{'id': 10584, 'rank': 10, 'fitness': 0.8007861554513718, 'generation': 142}","{'id': 10660, 'rank': 11, 'fitness': 0.7799992853820956, 'generation': 142}","{'id': 10660, 'rank': 12, 'fitness': 0.7799992853820956, 'generation': 142}","{'id': 10668, 'rank': 13, 'fitness': 0.7223485015979147, 'generation': 142}","{'id': 10650, 'rank': 14, 'fitness': 0.7170649324191187, 'generation': 142}","{'id': 10621, 'rank': 15, 'fitness': 0.6850572257917098, 'generation': 142}","{'id': 10621, 'rank': 16, 'fitness': 0.6850572257917098, 'generation': 142}","{'id': 10621, 'rank': 17, 'fitness': 0.6850572257917098, 'generation': 142}","{'id': 10458, 'rank': 18, 'fitness': 0.641683762386359, 'generation': 142}","{'id': 10458, 'rank': 19, 'fitness': 0.641683762386359, 'generation': 142}","{'id': 10544, 'rank': 20, 'fitness': 0.5562085649084184, 'generation': 142}","{'id': 10649, 'rank': 21, 'fitness': 0.5382059855634618, 'generation': 142}","{'id': 10649, 'rank': 22, 'fitness': 0.5382059855634618, 'generation': 142}","{'id': 10543, 'rank': 23, 'fitness': 0.45754077386634673, 'generation': 142}","{'id': 10543, 'rank': 24, 'fitness': 0.45754077386634673, 'generation': 142}","{'id': 10675, 'rank': 25, 'fitness': 0.4562425966976012, 'generation': 142}","{'id': 10537, 'rank': 26, 'fitness': 0.3646296756058853, 'generation': 142}","{'id': 10665, 'rank': 27, 'fitness': 0.16159980940500523, 'generation': 142}","{'id': 10630, 'rank': 28, 'fitness': 0.15854243132918316, 'generation': 142}","{'id': 10628, 'rank': 29, 'fitness': 0.03266093677258458, 'generation': 142}","{'id': 10613, 'rank': 30, 'fitness': 0.01798620996209155, 'generation': 142}"
"{'id': 10645, 'rank': 1, 'fitness': 0.9820137900379085, 'generation': 143}","{'id': 10685, 'rank': 2, 'fitness': 0.9819989380515175, 'generation': 143}","{'id': 10735, 'rank': 3, 'fitness': 0.9818480523866702, 'generation': 143}","{'id': 10684, 'rank': 4, 'fitness': 0.9818263039772543, 'generation': 143}","{'id': 10456, 'rank': 5, 'fitness': 0.9817271653538033, 'generation': 143}","{'id': 10674, 'rank': 6, 'fitness': 0.9815788200228528, 'generation': 143}","{'id': 10674, 'rank': 7, 'fitness': 0.9815788200228528, 'generation': 143}","{'id': 10674, 'rank': 8, 'fitness': 0.9815788200228528, 'generation': 143}","{'id': 10552, 'rank': 9, 'fitness': 0.9814629561557972, 'generation': 143}","{'id': 10683, 'rank': 10, 'fitness': 0.9814362009454967, 'generation': 143}","{'id': 10666, 'rank': 11, 'fitness': 0.9813369416517044, 'generation': 143}","{'id': 10584, 'rank': 12, 'fitness': 0.9812837149003542, 'generation': 143}","{'id': 10584, 'rank': 13, 'fitness': 0.9812837149003542, 'generation': 143}","{'id': 10584, 'rank': 14, 'fitness': 0.9812837149003542, 'generation': 143}","{'id': 10668, 'rank': 15, 'fitness': 0.9811591617135048, 'generation': 143}","{'id': 10621, 'rank': 16, 'fitness': 0.9811076732880849, 'generation': 143}","{'id': 10649, 'rank': 17, 'fitness': 0.9809271347792494, 'generation': 143}","{'id': 10543, 'rank': 18, 'fitness': 0.9808329100138086, 'generation': 143}","{'id': 10543, 'rank': 19, 'fitness': 0.9808329100138086, 'generation': 143}","{'id': 10730, 'rank': 20, 'fitness': 0.9806446665218282, 'generation': 143}","{'id': 10630, 'rank': 21, 'fitness': 0.9803901702343294, 'generation': 143}","{'id': 10628, 'rank': 22, 'fitness': 0.979869982684372, 'generation': 143}","{'id': 10704, 'rank': 23, 'fitness': 0.9707731501784059, 'generation': 143}","{'id': 10704, 'rank': 24, 'fitness': 0.9707731501784059, 'generation': 143}","{'id': 10717, 'rank': 25, 'fitness': 0.9373299050576493, 'generation': 143}","{'id': 10717, 'rank': 26, 'fitness': 0.9373299050576493, 'generation': 143}","{'id': 10722, 'rank': 27, 'fitness': 0.8786721165005398, 'generation': 143}","{'id': 10693, 'rank': 28, 'fitness': 0.8336120961436756, 'generation': 143}","{'id': 10697, 'rank': 29, 'fitness': 0.027604549703083847, 'generation': 143}","{'id': 10727, 'rank': 30, 'fitness': 0.01798620996209155, 'generation': 143}"
"{'id': 10800, 'rank': 1, 'fitness': 0.9820137900379085, 'generation': 144}","{'id': 10811, 'rank': 2, 'fitness': 0.9780913832322995, 'generation': 144}","{'id': 10801, 'rank': 3, 'fitness': 0.9741323603291349, 'generation': 144}","{'id': 10779, 'rank': 4, 'fitness': 0.9732016002889754, 'generation': 144}","{'id': 10819, 'rank': 5, 'fitness': 0.9728990055665933, 'generation': 144}","{'id': 10684, 'rank': 6, 'fitness': 0.9724436582525224, 'generation': 144}","{'id': 10684, 'rank': 7, 'fitness': 0.9724436582525224, 'generation': 144}","{'id': 10768, 'rank': 8, 'fitness': 0.9687446290226693, 'generation': 144}","{'id': 10674, 'rank': 9, 'fitness': 0.9660834226492279, 'generation': 144}","{'id': 10674, 'rank': 10, 'fitness': 0.9660834226492279, 'generation': 144}","{'id': 10674, 'rank': 11, 'fitness': 0.9660834226492279, 'generation': 144}","{'id': 10803, 'rank': 12, 'fitness': 0.9634679628912658, 'generation': 144}","{'id': 10809, 'rank': 13, 'fitness': 0.9616492315203932, 'generation': 144}","{'id': 10809, 'rank': 14, 'fitness': 0.9616492315203932, 'generation': 144}","{'id': 10802, 'rank': 15, 'fitness': 0.9610757859169354, 'generation': 144}","{'id': 10802, 'rank': 16, 'fitness': 0.9610757859169354, 'generation': 144}","{'id': 10820, 'rank': 17, 'fitness': 0.9584140617550883, 'generation': 144}","{'id': 10584, 'rank': 18, 'fitness': 0.9567916295963574, 'generation': 144}","{'id': 10816, 'rank': 19, 'fitness': 0.9528698030470955, 'generation': 144}","{'id': 10775, 'rank': 20, 'fitness': 0.9523100614760329, 'generation': 144}","{'id': 10792, 'rank': 21, 'fitness': 0.9518457159035798, 'generation': 144}","{'id': 10621, 'rank': 22, 'fitness': 0.9502253866580708, 'generation': 144}","{'id': 10765, 'rank': 23, 'fitness': 0.9477877796404963, 'generation': 144}","{'id': 10783, 'rank': 24, 'fitness': 0.9469467211292375, 'generation': 144}","{'id': 10649, 'rank': 25, 'fitness': 0.9425919381354315, 'generation': 144}","{'id': 10543, 'rank': 26, 'fitness': 0.9382155520386544, 'generation': 144}","{'id': 10786, 'rank': 27, 'fitness': 0.9318635983870689, 'generation': 144}","{'id': 10752, 'rank': 28, 'fitness': 0.8724098537102896, 'generation': 144}","{'id': 10785, 'rank': 29, 'fitness': 0.7831691758061845, 'generation': 144}","{'id': 10704, 'rank': 30, 'fitness': 0.01798620996209155, 'generation': 144}"
"{'id': 10831, 'rank': 1, 'fitness': 0.9820137900379085, 'generation': 145}","{'id': 10869, 'rank': 2, 'fitness': 0.9815566635204784, 'generation': 145}","{'id': 10869, 'rank': 3, 'fitness': 0.9815566635204784, 'generation': 145}","{'id': 10885, 'rank': 4, 'fitness': 0.9815340088185521, 'generation': 145}","{'id': 10811, 'rank': 5, 'fitness': 0.9811978262555376, 'generation': 145}","{'id': 10811, 'rank': 6, 'fitness': 0.9811978262555376, 'generation': 145}","{'id': 10895, 'rank': 7, 'fitness': 0.9811289928149165, 'generation': 145}","{'id': 10918, 'rank': 8, 'fitness': 0.9810786519040358, 'generation': 145}","{'id': 10801, 'rank': 9, 'fitness': 0.9810767017614044, 'generation': 145}","{'id': 10674, 'rank': 10, 'fitness': 0.98087630415352, 'generation': 145}","{'id': 10674, 'rank': 11, 'fitness': 0.98087630415352, 'generation': 145}","{'id': 10803, 'rank': 12, 'fitness': 0.9808206758346211, 'generation': 145}","{'id': 10803, 'rank': 13, 'fitness': 0.9808206758346211, 'generation': 145}","{'id': 10802, 'rank': 14, 'fitness': 0.980772929266665, 'generation': 145}","{'id': 10893, 'rank': 15, 'fitness': 0.9807365713161609, 'generation': 145}","{'id': 10820, 'rank': 16, 'fitness': 0.9807228805335368, 'generation': 145}","{'id': 10584, 'rank': 17, 'fitness': 0.9806937985517735, 'generation': 145}","{'id': 10775, 'rank': 18, 'fitness': 0.980618372495192, 'generation': 145}","{'id': 10792, 'rank': 19, 'fitness': 0.9806109315599978, 'generation': 145}","{'id': 10847, 'rank': 20, 'fitness': 0.9805974844973522, 'generation': 145}","{'id': 10765, 'rank': 21, 'fitness': 0.9805485453490583, 'generation': 145}","{'id': 10783, 'rank': 22, 'fitness': 0.9805361677459621, 'generation': 145}","{'id': 10868, 'rank': 23, 'fitness': 0.980479685303682, 'generation': 145}","{'id': 10786, 'rank': 24, 'fitness': 0.9803397528225211, 'generation': 145}","{'id': 10863, 'rank': 25, 'fitness': 0.9799195375127713, 'generation': 145}","{'id': 10752, 'rank': 26, 'fitness': 0.9798192300849365, 'generation': 145}","{'id': 10899, 'rank': 27, 'fitness': 0.9797664715927197, 'generation': 145}","{'id': 10908, 'rank': 28, 'fitness': 0.9797517028644835, 'generation': 145}","{'id': 10872, 'rank': 29, 'fitness': 0.9791720227545531, 'generation': 145}","{'id': 10900, 'rank': 30, 'fitness': 0.01798620996209155, 'generation': 145}"
"{'id': 10831, 'rank': 1, 'fitness': 0.9820137900379085, 'generation': 146}","{'id': 10930, 'rank': 2, 'fitness': 0.9771576075628077, 'generation': 146}","{'id': 10994, 'rank': 3, 'fitness': 0.9732856058161093, 'generation': 146}","{'id': 10966, 'rank': 4, 'fitness': 0.9665850772429059, 'generation': 146}","{'id': 10965, 'rank': 5, 'fitness': 0.966435054524585, 'generation': 146}","{'id': 10929, 'rank': 6, 'fitness': 0.9445061420931274, 'generation': 146}","{'id': 10951, 'rank': 7, 'fitness': 0.8794958988835775, 'generation': 146}","{'id': 10980, 'rank': 8, 'fitness': 0.8378260365807916, 'generation': 146}","{'id': 10811, 'rank': 9, 'fitness': 0.7891276566426926, 'generation': 146}","{'id': 10968, 'rank': 10, 'fitness': 0.7621142163000643, 'generation': 146}","{'id': 10968, 'rank': 11, 'fitness': 0.7621142163000643, 'generation': 146}","{'id': 10895, 'rank': 12, 'fitness': 0.750037683537842, 'generation': 146}","{'id': 10895, 'rank': 13, 'fitness': 0.750037683537842, 'generation': 146}","{'id': 10985, 'rank': 14, 'fitness': 0.6772005758348139, 'generation': 146}","{'id': 11007, 'rank': 15, 'fitness': 0.6707319430952953, 'generation': 146}","{'id': 10941, 'rank': 16, 'fitness': 0.6369622544088598, 'generation': 146}","{'id': 11014, 'rank': 17, 'fitness': 0.6268290727160082, 'generation': 146}","{'id': 11011, 'rank': 18, 'fitness': 0.6261599733723351, 'generation': 146}","{'id': 11011, 'rank': 19, 'fitness': 0.6261599733723351, 'generation': 146}","{'id': 10986, 'rank': 20, 'fitness': 0.6143762710629173, 'generation': 146}","{'id': 10986, 'rank': 21, 'fitness': 0.6143762710629173, 'generation': 146}","{'id': 10674, 'rank': 22, 'fitness': 0.5731572405821677, 'generation': 146}","{'id': 10803, 'rank': 23, 'fitness': 0.5297477673163412, 'generation': 146}","{'id': 10802, 'rank': 24, 'fitness': 0.49220033096671184, 'generation': 146}","{'id': 10893, 'rank': 25, 'fitness': 0.46370615538611526, 'generation': 146}","{'id': 10982, 'rank': 26, 'fitness': 0.45411495886681885, 'generation': 146}","{'id': 10962, 'rank': 27, 'fitness': 0.43626786141838764, 'generation': 146}","{'id': 10584, 'rank': 28, 'fitness': 0.4305653300959923, 'generation': 146}","{'id': 10775, 'rank': 29, 'fitness': 0.3739437226631479, 'generation': 146}","{'id': 10992, 'rank': 30, 'fitness': 0.01798620996209155, 'generation': 146}"
"{'id': 11042, 'rank': 1, 'fitness': 0.9820137900379085, 'generation': 147}","{'id': 11082, 'rank': 2, 'fitness': 0.9818228637035451, 'generation': 147}","{'id': 11046, 'rank': 3, 'fitness': 0.9816319876725256, 'generation': 147}","{'id': 10930, 'rank': 4, 'fitness': 0.9815075685911621, 'generation': 147}","{'id': 10965, 'rank': 5, 'fitness': 0.9812997283783634, 'generation': 147}","{'id': 11084, 'rank': 6, 'fitness': 0.9812700771824414, 'generation': 147}","{'id': 11084, 'rank': 7, 'fitness': 0.9812700771824414, 'generation': 147}","{'id': 11022, 'rank': 8, 'fitness': 0.9812643816991138, 'generation': 147}","{'id': 11043, 'rank': 9, 'fitness': 0.9810725623716222, 'generation': 147}","{'id': 11043, 'rank': 10, 'fitness': 0.9810725623716222, 'generation': 147}","{'id': 11045, 'rank': 11, 'fitness': 0.9803347828380815, 'generation': 147}","{'id': 11039, 'rank': 12, 'fitness': 0.9802703722475756, 'generation': 147}","{'id': 11039, 'rank': 13, 'fitness': 0.9802703722475756, 'generation': 147}","{'id': 10895, 'rank': 14, 'fitness': 0.9800679209013823, 'generation': 147}","{'id': 11038, 'rank': 15, 'fitness': 0.9799379551564753, 'generation': 147}","{'id': 10941, 'rank': 16, 'fitness': 0.9797641374066098, 'generation': 147}","{'id': 11011, 'rank': 17, 'fitness': 0.979737642947668, 'generation': 147}","{'id': 10775, 'rank': 18, 'fitness': 0.9791403696169096, 'generation': 147}","{'id': 10775, 'rank': 19, 'fitness': 0.9791403696169096, 'generation': 147}","{'id': 11037, 'rank': 20, 'fitness': 0.9781450004617125, 'generation': 147}","{'id': 11060, 'rank': 21, 'fitness': 0.9208870663506196, 'generation': 147}","{'id': 11059, 'rank': 22, 'fitness': 0.9185770972850035, 'generation': 147}","{'id': 11091, 'rank': 23, 'fitness': 0.9140309119013841, 'generation': 147}","{'id': 11032, 'rank': 24, 'fitness': 0.8319559877595237, 'generation': 147}","{'id': 11078, 'rank': 25, 'fitness': 0.6778095126827127, 'generation': 147}","{'id': 11076, 'rank': 26, 'fitness': 0.6462966315737381, 'generation': 147}","{'id': 11075, 'rank': 27, 'fitness': 0.5494227393940817, 'generation': 147}","{'id': 11029, 'rank': 28, 'fitness': 0.430276349141677, 'generation': 147}","{'id': 11090, 'rank': 29, 'fitness': 0.0643934539689876, 'generation': 147}","{'id': 11089, 'rank': 30, 'fitness': 0.01798620996209155, 'generation': 147}"
"{'id': 11042, 'rank': 1, 'fitness': 0.9820137900379085, 'generation': 148}","{'id': 11082, 'rank': 2, 'fitness': 0.9818021379845443, 'generation': 148}","{'id': 11160, 'rank': 3, 'fitness': 0.981768432747208, 'generation': 148}","{'id': 11177, 'rank': 4, 'fitness': 0.9816527282360508, 'generation': 148}","{'id': 11138, 'rank': 5, 'fitness': 0.9816259883840571, 'generation': 148}","{'id': 11084, 'rank': 6, 'fitness': 0.9811880246841215, 'generation': 148}","{'id': 11154, 'rank': 7, 'fitness': 0.981184977995156, 'generation': 148}","{'id': 11093, 'rank': 8, 'fitness': 0.9810645126200936, 'generation': 148}","{'id': 11111, 'rank': 9, 'fitness': 0.980718694002858, 'generation': 148}","{'id': 11133, 'rank': 10, 'fitness': 0.9805369880893806, 'generation': 148}","{'id': 11133, 'rank': 11, 'fitness': 0.9805369880893806, 'generation': 148}","{'id': 11143, 'rank': 12, 'fitness': 0.9804881705774509, 'generation': 148}","{'id': 11045, 'rank': 13, 'fitness': 0.9801446258052957, 'generation': 148}","{'id': 11039, 'rank': 14, 'fitness': 0.9800725747239343, 'generation': 148}","{'id': 11113, 'rank': 15, 'fitness': 0.980001619953199, 'generation': 148}","{'id': 11174, 'rank': 16, 'fitness': 0.979823363843634, 'generation': 148}","{'id': 11131, 'rank': 17, 'fitness': 0.9798099475582525, 'generation': 148}","{'id': 11150, 'rank': 18, 'fitness': 0.9795483845052522, 'generation': 148}","{'id': 11150, 'rank': 19, 'fitness': 0.9795483845052522, 'generation': 148}","{'id': 10941, 'rank': 20, 'fitness': 0.9795054330155102, 'generation': 148}","{'id': 11146, 'rank': 21, 'fitness': 0.9781447678078127, 'generation': 148}","{'id': 11117, 'rank': 22, 'fitness': 0.9763131035720298, 'generation': 148}","{'id': 11060, 'rank': 23, 'fitness': 0.9078487993856202, 'generation': 148}","{'id': 11126, 'rank': 24, 'fitness': 0.8861794489286456, 'generation': 148}","{'id': 11126, 'rank': 25, 'fitness': 0.8861794489286456, 'generation': 148}","{'id': 11158, 'rank': 26, 'fitness': 0.8656327531661483, 'generation': 148}","{'id': 11158, 'rank': 27, 'fitness': 0.8656327531661483, 'generation': 148}","{'id': 11075, 'rank': 28, 'fitness': 0.44720150305805606, 'generation': 148}","{'id': 11121, 'rank': 29, 'fitness': 0.09526387970767902, 'generation': 148}","{'id': 11103, 'rank': 30, 'fitness': 0.01798620996209155, 'generation': 148}"
"{'id': 11217, 'rank': 1, 'fitness': 0.9820137900379085, 'generation': 149}","{'id': 11270, 'rank': 2, 'fitness': 0.9818167250771053, 'generation': 149}","{'id': 11270, 'rank': 3, 'fitness': 0.9818167250771053, 'generation': 149}","{'id': 11260, 'rank': 4, 'fitness': 0.9811542762729992, 'generation': 149}","{'id': 11230, 'rank': 5, 'fitness': 0.9809418291646537, 'generation': 149}","{'id': 11230, 'rank': 6, 'fitness': 0.9809418291646537, 'generation': 149}","{'id': 11182, 'rank': 7, 'fitness': 0.9809297227547142, 'generation': 149}","{'id': 11232, 'rank': 8, 'fitness': 0.9807569655488099, 'generation': 149}","{'id': 11180, 'rank': 9, 'fitness': 0.9801878649965823, 'generation': 149}","{'id': 11249, 'rank': 10, 'fitness': 0.9797080996028982, 'generation': 149}","{'id': 11251, 'rank': 11, 'fitness': 0.9795640225457214, 'generation': 149}","{'id': 11272, 'rank': 12, 'fitness': 0.9770741238268936, 'generation': 149}","{'id': 11252, 'rank': 13, 'fitness': 0.976914550505614, 'generation': 149}","{'id': 11252, 'rank': 14, 'fitness': 0.976914550505614, 'generation': 149}","{'id': 11213, 'rank': 15, 'fitness': 0.9768997815016178, 'generation': 149}","{'id': 11213, 'rank': 16, 'fitness': 0.9768997815016178, 'generation': 149}","{'id': 11174, 'rank': 17, 'fitness': 0.9726843649402472, 'generation': 149}","{'id': 11220, 'rank': 18, 'fitness': 0.9726541716982429, 'generation': 149}","{'id': 11207, 'rank': 19, 'fitness': 0.9724780068740064, 'generation': 149}","{'id': 11150, 'rank': 20, 'fitness': 0.9712738658063949, 'generation': 149}","{'id': 11150, 'rank': 21, 'fitness': 0.9712738658063949, 'generation': 149}","{'id': 11221, 'rank': 22, 'fitness': 0.9710223899627259, 'generation': 149}","{'id': 11188, 'rank': 23, 'fitness': 0.9701566463924567, 'generation': 149}","{'id': 11195, 'rank': 24, 'fitness': 0.9699705533517043, 'generation': 149}","{'id': 11183, 'rank': 25, 'fitness': 0.9685702667090468, 'generation': 149}","{'id': 11208, 'rank': 26, 'fitness': 0.9684109318665716, 'generation': 149}","{'id': 11243, 'rank': 27, 'fitness': 0.9653700155557187, 'generation': 149}","{'id': 11236, 'rank': 28, 'fitness': 0.9454703625176999, 'generation': 149}","{'id': 11126, 'rank': 29, 'fitness': 0.03591876282346124, 'generation': 149}","{'id': 11158, 'rank': 30, 'fitness': 0.01798620996209155, 'generation': 149}"
"{'id': 11277, 'rank': 1, 'fitness': 0.9820137900379085, 'generation': 150}","{'id': 11301, 'rank': 2, 'fitness': 0.9785486242844357, 'generation': 150}","{'id': 11270, 'rank': 3, 'fitness': 0.9716357049499815, 'generation': 150}","{'id': 11270, 'rank': 4, 'fitness': 0.9716357049499815, 'generation': 150}","{'id': 11303, 'rank': 5, 'fitness': 0.9681461068350998, 'generation': 150}","{'id': 11279, 'rank': 6, 'fitness': 0.9648758987812251, 'generation': 150}","{'id': 11230, 'rank': 7, 'fitness': 0.9541307008916378, 'generation': 150}","{'id': 11182, 'rank': 8, 'fitness': 0.9538346403513558, 'generation': 150}","{'id': 11323, 'rank': 9, 'fitness': 0.9404716683645604, 'generation': 150}","{'id': 11282, 'rank': 10, 'fitness': 0.9399678644798812, 'generation': 150}","{'id': 11320, 'rank': 11, 'fitness': 0.9119518528851552, 'generation': 150}","{'id': 11283, 'rank': 12, 'fitness': 0.9008843367166199, 'generation': 150}","{'id': 11294, 'rank': 13, 'fitness': 0.8365691625675307, 'generation': 150}","{'id': 11329, 'rank': 14, 'fitness': 0.759764538824812, 'generation': 150}","{'id': 11272, 'rank': 15, 'fitness': 0.7444067287822815, 'generation': 150}","{'id': 11213, 'rank': 16, 'fitness': 0.7287361369157679, 'generation': 150}","{'id': 11296, 'rank': 17, 'fitness': 0.6492651213360996, 'generation': 150}","{'id': 11334, 'rank': 18, 'fitness': 0.553018386357767, 'generation': 150}","{'id': 11295, 'rank': 19, 'fitness': 0.521659906972719, 'generation': 150}","{'id': 11295, 'rank': 20, 'fitness': 0.521659906972719, 'generation': 150}","{'id': 11340, 'rank': 21, 'fitness': 0.47747077749137634, 'generation': 150}","{'id': 11340, 'rank': 22, 'fitness': 0.47747077749137634, 'generation': 150}","{'id': 11325, 'rank': 23, 'fitness': 0.41063614358118905, 'generation': 150}","{'id': 11307, 'rank': 24, 'fitness': 0.4095493458242361, 'generation': 150}","{'id': 11275, 'rank': 25, 'fitness': 0.15651215596406598, 'generation': 150}","{'id': 11275, 'rank': 26, 'fitness': 0.15651215596406598, 'generation': 150}","{'id': 11275, 'rank': 27, 'fitness': 0.15651215596406598, 'generation': 150}","{'id': 11208, 'rank': 28, 'fitness': 0.08603317681857287, 'generation': 150}","{'id': 11352, 'rank': 29, 'fitness': 0.08103607371425359, 'generation': 150}","{'id': 11308, 'rank': 30, 'fitness': 0.01798620996209155, 'generation': 150}"
"{'id': 11374, 'rank': 1, 'fitness': 0.9820137900379085, 'generation': 151}","{'id': 11359, 'rank': 2, 'fitness': 0.9818750983724751, 'generation': 151}","{'id': 11359, 'rank': 3, 'fitness': 0.9818750983724751, 'generation': 151}","{'id': 11386, 'rank': 4, 'fitness': 0.9814951344150805, 'generation': 151}","{'id': 11270, 'rank': 5, 'fitness': 0.9814933204525799, 'generation': 151}","{'id': 11230, 'rank': 6, 'fitness': 0.9812716969205044, 'generation': 151}","{'id': 11182, 'rank': 7, 'fitness': 0.9812686829590219, 'generation': 151}","{'id': 11379, 'rank': 8, 'fitness': 0.9812140268181497, 'generation': 151}","{'id': 11379, 'rank': 9, 'fitness': 0.9812140268181497, 'generation': 151}","{'id': 11323, 'rank': 10, 'fitness': 0.9811483768088326, 'generation': 151}","{'id': 11364, 'rank': 11, 'fitness': 0.9810773515898084, 'generation': 151}","{'id': 11410, 'rank': 12, 'fitness': 0.9810707909735403, 'generation': 151}","{'id': 11283, 'rank': 13, 'fitness': 0.9808981176612221, 'generation': 151}","{'id': 11375, 'rank': 14, 'fitness': 0.9808254349470409, 'generation': 151}","{'id': 11375, 'rank': 15, 'fitness': 0.9808254349470409, 'generation': 151}","{'id': 11361, 'rank': 16, 'fitness': 0.980521531484251, 'generation': 151}","{'id': 11295, 'rank': 17, 'fitness': 0.9799077006787976, 'generation': 151}","{'id': 11340, 'rank': 18, 'fitness': 0.9798228479527322, 'generation': 151}","{'id': 11340, 'rank': 19, 'fitness': 0.9798228479527322, 'generation': 151}","{'id': 11275, 'rank': 20, 'fitness': 0.9790420225260028, 'generation': 151}","{'id': 11208, 'rank': 21, 'fitness': 0.9787007284262477, 'generation': 151}","{'id': 11352, 'rank': 22, 'fitness': 0.9786676080721901, 'generation': 151}","{'id': 11401, 'rank': 23, 'fitness': 0.9785528002214985, 'generation': 151}","{'id': 11407, 'rank': 24, 'fitness': 0.978057598808907, 'generation': 151}","{'id': 11308, 'rank': 25, 'fitness': 0.9778549836709307, 'generation': 151}","{'id': 11416, 'rank': 26, 'fitness': 0.968265701219727, 'generation': 151}","{'id': 11389, 'rank': 27, 'fitness': 0.9545201512065034, 'generation': 151}","{'id': 11395, 'rank': 28, 'fitness': 0.843589317068447, 'generation': 151}","{'id': 11366, 'rank': 29, 'fitness': 0.09908683128767665, 'generation': 151}","{'id': 11398, 'rank': 30, 'fitness': 0.01798620996209155, 'generation': 151}"
"{'id': 11374, 'rank': 1, 'fitness': 0.9820137900379085, 'generation': 152}","{'id': 11440, 'rank': 2, 'fitness': 0.9810363687372718, 'generation': 152}","{'id': 11359, 'rank': 3, 'fitness': 0.9808385436241801, 'generation': 152}","{'id': 11438, 'rank': 4, 'fitness': 0.9783975585994369, 'generation': 152}","{'id': 11386, 'rank': 5, 'fitness': 0.9772742964658967, 'generation': 152}","{'id': 11432, 'rank': 6, 'fitness': 0.9771727994600584, 'generation': 152}","{'id': 11478, 'rank': 7, 'fitness': 0.9754547988796642, 'generation': 152}","{'id': 11478, 'rank': 8, 'fitness': 0.9754547988796642, 'generation': 152}","{'id': 11486, 'rank': 9, 'fitness': 0.9752501062612597, 'generation': 152}","{'id': 11456, 'rank': 10, 'fitness': 0.9748917160766564, 'generation': 152}","{'id': 11379, 'rank': 11, 'fitness': 0.9742845304689903, 'generation': 152}","{'id': 11379, 'rank': 12, 'fitness': 0.9742845304689903, 'generation': 152}","{'id': 11379, 'rank': 13, 'fitness': 0.9742845304689903, 'generation': 152}","{'id': 11364, 'rank': 14, 'fitness': 0.9727135226582133, 'generation': 152}","{'id': 11410, 'rank': 15, 'fitness': 0.9726360990236852, 'generation': 152}","{'id': 11479, 'rank': 16, 'fitness': 0.9716350185351247, 'generation': 152}","{'id': 11283, 'rank': 17, 'fitness': 0.9705300003817343, 'generation': 152}","{'id': 11445, 'rank': 18, 'fitness': 0.9691709044933292, 'generation': 152}","{'id': 11452, 'rank': 19, 'fitness': 0.9680588852624858, 'generation': 152}","{'id': 11480, 'rank': 20, 'fitness': 0.9664217180427092, 'generation': 152}","{'id': 11488, 'rank': 21, 'fitness': 0.9633535574800818, 'generation': 152}","{'id': 11340, 'rank': 22, 'fitness': 0.9540837560807767, 'generation': 152}","{'id': 11462, 'rank': 23, 'fitness': 0.9397775026731392, 'generation': 152}","{'id': 11275, 'rank': 24, 'fitness': 0.9378671682174863, 'generation': 152}","{'id': 11465, 'rank': 25, 'fitness': 0.929606070716045, 'generation': 152}","{'id': 11446, 'rank': 26, 'fitness': 0.9263538546933432, 'generation': 152}","{'id': 11464, 'rank': 27, 'fitness': 0.9259832504652978, 'generation': 152}","{'id': 11426, 'rank': 28, 'fitness': 0.9038845219779452, 'generation': 152}","{'id': 11447, 'rank': 29, 'fitness': 0.8756249407221608, 'generation': 152}","{'id': 11483, 'rank': 30, 'fitness': 0.01798620996209155, 'generation': 152}"
"{'id': 11582, 'rank': 1, 'fitness': 0.9820137900379085, 'generation': 153}","{'id': 11565, 'rank': 2, 'fitness': 0.9817935163211975, 'generation': 153}","{'id': 11518, 'rank': 3, 'fitness': 0.9816242239564543, 'generation': 153}","{'id': 11549, 'rank': 4, 'fitness': 0.9785561423885383, 'generation': 153}","{'id': 11538, 'rank': 5, 'fitness': 0.9769573153806621, 'generation': 153}","{'id': 11517, 'rank': 6, 'fitness': 0.9736540152491191, 'generation': 153}","{'id': 11520, 'rank': 7, 'fitness': 0.9724005050381594, 'generation': 153}","{'id': 11486, 'rank': 8, 'fitness': 0.9677279573121438, 'generation': 153}","{'id': 11456, 'rank': 9, 'fitness': 0.9667225129762311, 'generation': 153}","{'id': 11561, 'rank': 10, 'fitness': 0.965510059596798, 'generation': 153}","{'id': 11364, 'rank': 11, 'fitness': 0.9602751735979256, 'generation': 153}","{'id': 11410, 'rank': 12, 'fitness': 0.9600354246177374, 'generation': 153}","{'id': 11410, 'rank': 13, 'fitness': 0.9600354246177374, 'generation': 153}","{'id': 11534, 'rank': 14, 'fitness': 0.9591141730997959, 'generation': 153}","{'id': 11534, 'rank': 15, 'fitness': 0.9591141730997959, 'generation': 153}","{'id': 11509, 'rank': 16, 'fitness': 0.9587968761260199, 'generation': 153}","{'id': 11479, 'rank': 17, 'fitness': 0.9568706035668929, 'generation': 153}","{'id': 11283, 'rank': 18, 'fitness': 0.9532381806602266, 'generation': 153}","{'id': 11577, 'rank': 19, 'fitness': 0.9482640104546203, 'generation': 153}","{'id': 11574, 'rank': 20, 'fitness': 0.9450176623883876, 'generation': 153}","{'id': 11564, 'rank': 21, 'fitness': 0.9428217973399434, 'generation': 153}","{'id': 11530, 'rank': 22, 'fitness': 0.9416495940747986, 'generation': 153}","{'id': 11524, 'rank': 23, 'fitness': 0.9414818830279974, 'generation': 153}","{'id': 11569, 'rank': 24, 'fitness': 0.9013210500646599, 'generation': 153}","{'id': 11511, 'rank': 25, 'fitness': 0.8875757925004961, 'generation': 153}","{'id': 11545, 'rank': 26, 'fitness': 0.8459982391595757, 'generation': 153}","{'id': 11584, 'rank': 27, 'fitness': 0.7485934430824204, 'generation': 153}","{'id': 11465, 'rank': 28, 'fitness': 0.7405630545555735, 'generation': 153}","{'id': 11583, 'rank': 29, 'fitness': 0.7207592113774229, 'generation': 153}","{'id': 11506, 'rank': 30, 'fitness': 0.01798620996209155, 'generation': 153}"
"{'id': 11602, 'rank': 1, 'fitness': 0.9820137900379085, 'generation': 154}","{'id': 11582, 'rank': 2, 'fitness': 0.9726361970940781, 'generation': 154}","{'id': 11595, 'rank': 3, 'fitness': 0.9677577965334843, 'generation': 154}","{'id': 11595, 'rank': 4, 'fitness': 0.9677577965334843, 'generation': 154}","{'id': 11655, 'rank': 5, 'fitness': 0.9638790699063428, 'generation': 154}","{'id': 11650, 'rank': 6, 'fitness': 0.9630066890526566, 'generation': 154}","{'id': 11538, 'rank': 7, 'fitness': 0.948464057949883, 'generation': 154}","{'id': 11517, 'rank': 8, 'fitness': 0.9279139585051467, 'generation': 154}","{'id': 11667, 'rank': 9, 'fitness': 0.9208809559724822, 'generation': 154}","{'id': 11665, 'rank': 10, 'fitness': 0.917605284112325, 'generation': 154}","{'id': 11673, 'rank': 11, 'fitness': 0.905668523020588, 'generation': 154}","{'id': 11486, 'rank': 12, 'fitness': 0.8819627230013568, 'generation': 154}","{'id': 11561, 'rank': 13, 'fitness': 0.8620222544939835, 'generation': 154}","{'id': 11597, 'rank': 14, 'fitness': 0.8542676103932956, 'generation': 154}","{'id': 11604, 'rank': 15, 'fitness': 0.8223378119056706, 'generation': 154}","{'id': 11656, 'rank': 16, 'fitness': 0.81876289601943, 'generation': 154}","{'id': 11534, 'rank': 17, 'fitness': 0.7977254134536074, 'generation': 154}","{'id': 11479, 'rank': 18, 'fitness': 0.7732941079440725, 'generation': 154}","{'id': 11598, 'rank': 19, 'fitness': 0.7688755881110065, 'generation': 154}","{'id': 11524, 'rank': 20, 'fitness': 0.5964410277898028, 'generation': 154}","{'id': 11524, 'rank': 21, 'fitness': 0.5964410277898028, 'generation': 154}","{'id': 11524, 'rank': 22, 'fitness': 0.5964410277898028, 'generation': 154}","{'id': 11609, 'rank': 23, 'fitness': 0.5060528215991283, 'generation': 154}","{'id': 11657, 'rank': 24, 'fitness': 0.34770525150295883, 'generation': 154}","{'id': 11591, 'rank': 25, 'fitness': 0.2746163626171415, 'generation': 154}","{'id': 11589, 'rank': 26, 'fitness': 0.16079975946966396, 'generation': 154}","{'id': 11611, 'rank': 27, 'fitness': 0.0471841358701619, 'generation': 154}","{'id': 11635, 'rank': 28, 'fitness': 0.03175619370354871, 'generation': 154}","{'id': 11610, 'rank': 29, 'fitness': 0.028378348190909397, 'generation': 154}","{'id': 11584, 'rank': 30, 'fitness': 0.01798620996209155, 'generation': 154}"
"{'id': 11686, 'rank': 1, 'fitness': 0.9820137900379085, 'generation': 155}","{'id': 11688, 'rank': 2, 'fitness': 0.9819760245910518, 'generation': 155}","{'id': 11688, 'rank': 3, 'fitness': 0.9819760245910518, 'generation': 155}","{'id': 11688, 'rank': 4, 'fitness': 0.9819760245910518, 'generation': 155}","{'id': 11709, 'rank': 5, 'fitness': 0.9817764488187326, 'generation': 155}","{'id': 11709, 'rank': 6, 'fitness': 0.9817764488187326, 'generation': 155}","{'id': 11689, 'rank': 7, 'fitness': 0.9782307720213042, 'generation': 155}","{'id': 11715, 'rank': 8, 'fitness': 0.97816469524987, 'generation': 155}","{'id': 11538, 'rank': 9, 'fitness': 0.9734923357346986, 'generation': 155}","{'id': 11667, 'rank': 10, 'fitness': 0.970519272856585, 'generation': 155}","{'id': 11712, 'rank': 11, 'fitness': 0.9694052980450103, 'generation': 155}","{'id': 11710, 'rank': 12, 'fitness': 0.969234618610348, 'generation': 155}","{'id': 11710, 'rank': 13, 'fitness': 0.969234618610348, 'generation': 155}","{'id': 11673, 'rank': 14, 'fitness': 0.9691757299433086, 'generation': 155}","{'id': 11716, 'rank': 15, 'fitness': 0.9663028569792784, 'generation': 155}","{'id': 11561, 'rank': 16, 'fitness': 0.9659600849874136, 'generation': 155}","{'id': 11597, 'rank': 17, 'fitness': 0.9654564697508667, 'generation': 155}","{'id': 11604, 'rank': 18, 'fitness': 0.963526097875167, 'generation': 155}","{'id': 11604, 'rank': 19, 'fitness': 0.963526097875167, 'generation': 155}","{'id': 11534, 'rank': 20, 'fitness': 0.9621588528004807, 'generation': 155}","{'id': 11720, 'rank': 21, 'fitness': 0.9602956821534676, 'generation': 155}","{'id': 11719, 'rank': 22, 'fitness': 0.9346469146361612, 'generation': 155}","{'id': 11678, 'rank': 23, 'fitness': 0.9316757542708475, 'generation': 155}","{'id': 11722, 'rank': 24, 'fitness': 0.929776660862579, 'generation': 155}","{'id': 11690, 'rank': 25, 'fitness': 0.9123564625242653, 'generation': 155}","{'id': 11696, 'rank': 26, 'fitness': 0.8971226126266532, 'generation': 155}","{'id': 11610, 'rank': 27, 'fitness': 0.8874473576585559, 'generation': 155}","{'id': 11743, 'rank': 28, 'fitness': 0.7702019519892674, 'generation': 155}","{'id': 11705, 'rank': 29, 'fitness': 0.1163540201104803, 'generation': 155}","{'id': 11702, 'rank': 30, 'fitness': 0.01798620996209155, 'generation': 155}"
"{'id': 11795, 'rank': 1, 'fitness': 0.9820137900379085, 'generation': 156}","{'id': 11797, 'rank': 2, 'fitness': 0.9625497567012167, 'generation': 156}","{'id': 11783, 'rank': 3, 'fitness': 0.9623544307317042, 'generation': 156}","{'id': 11823, 'rank': 4, 'fitness': 0.9621891555506266, 'generation': 156}","{'id': 11688, 'rank': 5, 'fitness': 0.9598303260217241, 'generation': 156}","{'id': 11688, 'rank': 6, 'fitness': 0.9598303260217241, 'generation': 156}","{'id': 11688, 'rank': 7, 'fitness': 0.9598303260217241, 'generation': 156}","{'id': 11688, 'rank': 8, 'fitness': 0.9598303260217241, 'generation': 156}","{'id': 11688, 'rank': 9, 'fitness': 0.9598303260217241, 'generation': 156}","{'id': 11760, 'rank': 10, 'fitness': 0.953050533635489, 'generation': 156}","{'id': 11757, 'rank': 11, 'fitness': 0.9461559142953478, 'generation': 156}","{'id': 11809, 'rank': 12, 'fitness': 0.9359775694586884, 'generation': 156}","{'id': 11689, 'rank': 13, 'fitness': 0.9212022382796488, 'generation': 156}","{'id': 11786, 'rank': 14, 'fitness': 0.859761458764414, 'generation': 156}","{'id': 11786, 'rank': 15, 'fitness': 0.859761458764414, 'generation': 156}","{'id': 11786, 'rank': 16, 'fitness': 0.859761458764414, 'generation': 156}","{'id': 11749, 'rank': 17, 'fitness': 0.8434554065066796, 'generation': 156}","{'id': 11769, 'rank': 18, 'fitness': 0.831676749378603, 'generation': 156}","{'id': 11769, 'rank': 19, 'fitness': 0.831676749378603, 'generation': 156}","{'id': 11792, 'rank': 20, 'fitness': 0.8211320882848554, 'generation': 156}","{'id': 11667, 'rank': 21, 'fitness': 0.7865107977497607, 'generation': 156}","{'id': 11712, 'rank': 22, 'fitness': 0.7617152661067064, 'generation': 156}","{'id': 11710, 'rank': 23, 'fitness': 0.7578276649346702, 'generation': 156}","{'id': 11780, 'rank': 24, 'fitness': 0.7321614229112803, 'generation': 156}","{'id': 11780, 'rank': 25, 'fitness': 0.7321614229112803, 'generation': 156}","{'id': 11597, 'rank': 26, 'fitness': 0.6673967505656262, 'generation': 156}","{'id': 11604, 'rank': 27, 'fitness': 0.6194465709685094, 'generation': 156}","{'id': 11604, 'rank': 28, 'fitness': 0.6194465709685094, 'generation': 156}","{'id': 11772, 'rank': 29, 'fitness': 0.17186611689386566, 'generation': 156}","{'id': 11610, 'rank': 30, 'fitness': 0.01798620996209155, 'generation': 156}"
"{'id': 11852, 'rank': 1, 'fitness': 0.9820137900379085, 'generation': 157}","{'id': 11885, 'rank': 2, 'fitness': 0.9716766051893742, 'generation': 157}","{'id': 11869, 'rank': 3, 'fitness': 0.9693170752152347, 'generation': 157}","{'id': 11869, 'rank': 4, 'fitness': 0.9693170752152347, 'generation': 157}","{'id': 11869, 'rank': 5, 'fitness': 0.9693170752152347, 'generation': 157}","{'id': 11893, 'rank': 6, 'fitness': 0.9679483488874611, 'generation': 157}","{'id': 11797, 'rank': 7, 'fitness': 0.9667084118773209, 'generation': 157}","{'id': 11783, 'rank': 8, 'fitness': 0.9666704948717211, 'generation': 157}","{'id': 11823, 'rank': 9, 'fitness': 0.9666385263916466, 'generation': 157}","{'id': 11688, 'rank': 10, 'fitness': 0.9661932795493189, 'generation': 157}","{'id': 11688, 'rank': 11, 'fitness': 0.9661932795493189, 'generation': 157}","{'id': 11688, 'rank': 12, 'fitness': 0.9661932795493189, 'generation': 157}","{'id': 11760, 'rank': 13, 'fitness': 0.9650136175019931, 'generation': 157}","{'id': 11760, 'rank': 14, 'fitness': 0.9650136175019931, 'generation': 157}","{'id': 11894, 'rank': 15, 'fitness': 0.9620532883466796, 'generation': 157}","{'id': 11842, 'rank': 16, 'fitness': 0.9568247508090497, 'generation': 157}","{'id': 11786, 'rank': 17, 'fitness': 0.9550557779327954, 'generation': 157}","{'id': 11712, 'rank': 18, 'fitness': 0.9485575620688346, 'generation': 157}","{'id': 11780, 'rank': 19, 'fitness': 0.946868323690476, 'generation': 157}","{'id': 11844, 'rank': 20, 'fitness': 0.9461986751047908, 'generation': 157}","{'id': 11597, 'rank': 21, 'fitness': 0.9433758712364702, 'generation': 157}","{'id': 11604, 'rank': 22, 'fitness': 0.9408911408980444, 'generation': 157}","{'id': 11898, 'rank': 23, 'fitness': 0.9379298101052287, 'generation': 157}","{'id': 11848, 'rank': 24, 'fitness': 0.9007474758978318, 'generation': 157}","{'id': 11610, 'rank': 25, 'fitness': 0.8569130334738616, 'generation': 157}","{'id': 11901, 'rank': 26, 'fitness': 0.6270673493731498, 'generation': 157}","{'id': 11833, 'rank': 27, 'fitness': 0.5343081985676016, 'generation': 157}","{'id': 11876, 'rank': 28, 'fitness': 0.4563513734302016, 'generation': 157}","{'id': 11904, 'rank': 29, 'fitness': 0.45375324518164956, 'generation': 157}","{'id': 11849, 'rank': 30, 'fitness': 0.01798620996209155, 'generation': 157}"
"{'id': 11988, 'rank': 1, 'fitness': 0.9820137900379085, 'generation': 158}","{'id': 11952, 'rank': 2, 'fitness': 0.9401864876335913, 'generation': 158}","{'id': 11963, 'rank': 3, 'fitness': 0.932936754877145, 'generation': 158}","{'id': 11945, 'rank': 4, 'fitness': 0.9264736909004696, 'generation': 158}","{'id': 11945, 'rank': 5, 'fitness': 0.9264736909004696, 'generation': 158}","{'id': 11925, 'rank': 6, 'fitness': 0.9239556841069904, 'generation': 158}","{'id': 11869, 'rank': 7, 'fitness': 0.9144966680843932, 'generation': 158}","{'id': 11869, 'rank': 8, 'fitness': 0.9144966680843932, 'generation': 158}","{'id': 11869, 'rank': 9, 'fitness': 0.9144966680843932, 'generation': 158}","{'id': 11935, 'rank': 10, 'fitness': 0.9104797119745467, 'generation': 158}","{'id': 11823, 'rank': 11, 'fitness': 0.8946190365823371, 'generation': 158}","{'id': 11688, 'rank': 12, 'fitness': 0.8911133270395669, 'generation': 158}","{'id': 11688, 'rank': 13, 'fitness': 0.8911133270395669, 'generation': 158}","{'id': 11688, 'rank': 14, 'fitness': 0.8911133270395669, 'generation': 158}","{'id': 11973, 'rank': 15, 'fitness': 0.8882011389749869, 'generation': 158}","{'id': 11956, 'rank': 16, 'fitness': 0.8695433829257062, 'generation': 158}","{'id': 11894, 'rank': 17, 'fitness': 0.8559495181935295, 'generation': 158}","{'id': 11786, 'rank': 18, 'fitness': 0.7875778020394726, 'generation': 158}","{'id': 11958, 'rank': 19, 'fitness': 0.7744761246397964, 'generation': 158}","{'id': 11950, 'rank': 20, 'fitness': 0.7323819705722312, 'generation': 158}","{'id': 11712, 'rank': 21, 'fitness': 0.7173502275969772, 'generation': 158}","{'id': 11929, 'rank': 22, 'fitness': 0.7136308402428111, 'generation': 158}","{'id': 11844, 'rank': 23, 'fitness': 0.6910256008498373, 'generation': 158}","{'id': 11954, 'rank': 24, 'fitness': 0.6818536272266242, 'generation': 158}","{'id': 11919, 'rank': 25, 'fitness': 0.6563484204622367, 'generation': 158}","{'id': 11919, 'rank': 26, 'fitness': 0.6563484204622367, 'generation': 158}","{'id': 11947, 'rank': 27, 'fitness': 0.6135035314225354, 'generation': 158}","{'id': 11989, 'rank': 28, 'fitness': 0.4086232460144731, 'generation': 158}","{'id': 11957, 'rank': 29, 'fitness': 0.3786772717168368, 'generation': 158}","{'id': 11930, 'rank': 30, 'fitness': 0.01798620996209155, 'generation': 158}"
"{'id': 12005, 'rank': 1, 'fitness': 0.9820137900379085, 'generation': 159}","{'id': 12003, 'rank': 2, 'fitness': 0.9814897912874997, 'generation': 159}","{'id': 12001, 'rank': 3, 'fitness': 0.9809934520540327, 'generation': 159}","{'id': 12001, 'rank': 4, 'fitness': 0.9809934520540327, 'generation': 159}","{'id': 12025, 'rank': 5, 'fitness': 0.9805233771854248, 'generation': 159}","{'id': 11945, 'rank': 6, 'fitness': 0.9790670972212139, 'generation': 159}","{'id': 11869, 'rank': 7, 'fitness': 0.9786951348650499, 'generation': 159}","{'id': 11935, 'rank': 8, 'fitness': 0.9785796794232816, 'generation': 159}","{'id': 11935, 'rank': 9, 'fitness': 0.9785796794232816, 'generation': 159}","{'id': 11935, 'rank': 10, 'fitness': 0.9785796794232816, 'generation': 159}","{'id': 12032, 'rank': 11, 'fitness': 0.9782129705929106, 'generation': 159}","{'id': 11823, 'rank': 12, 'fitness': 0.9781599671827649, 'generation': 159}","{'id': 11688, 'rank': 13, 'fitness': 0.9780738552533779, 'generation': 159}","{'id': 11688, 'rank': 14, 'fitness': 0.9780738552533779, 'generation': 159}","{'id': 11786, 'rank': 15, 'fitness': 0.9761305135564478, 'generation': 159}","{'id': 11786, 'rank': 16, 'fitness': 0.9761305135564478, 'generation': 159}","{'id': 11712, 'rank': 17, 'fitness': 0.975141692414459, 'generation': 159}","{'id': 11954, 'rank': 18, 'fitness': 0.9746878967464543, 'generation': 159}","{'id': 12035, 'rank': 19, 'fitness': 0.9745739107789251, 'generation': 159}","{'id': 12008, 'rank': 20, 'fitness': 0.9744723020209425, 'generation': 159}","{'id': 11919, 'rank': 21, 'fitness': 0.9743739373318849, 'generation': 159}","{'id': 12030, 'rank': 22, 'fitness': 0.9737489265741375, 'generation': 159}","{'id': 12043, 'rank': 23, 'fitness': 0.9680954035760194, 'generation': 159}","{'id': 11998, 'rank': 24, 'fitness': 0.9605927755906656, 'generation': 159}","{'id': 12041, 'rank': 25, 'fitness': 0.9494948347904923, 'generation': 159}","{'id': 11993, 'rank': 26, 'fitness': 0.9452053542424743, 'generation': 159}","{'id': 11990, 'rank': 27, 'fitness': 0.9053953274184472, 'generation': 159}","{'id': 12055, 'rank': 28, 'fitness': 0.5708774305297104, 'generation': 159}","{'id': 12057, 'rank': 29, 'fitness': 0.4882326671930597, 'generation': 159}","{'id': 12049, 'rank': 30, 'fitness': 0.01798620996209155, 'generation': 159}"
"{'id': 12130, 'rank': 1, 'fitness': 0.9820137900379085, 'generation': 160}","{'id': 12090, 'rank': 2, 'fitness': 0.9818568627746914, 'generation': 160}","{'id': 12005, 'rank': 3, 'fitness': 0.9816939502739521, 'generation': 160}","{'id': 12093, 'rank': 4, 'fitness': 0.9761519584070212, 'generation': 160}","{'id': 12001, 'rank': 5, 'fitness': 0.975432488140592, 'generation': 160}","{'id': 12126, 'rank': 6, 'fitness': 0.9738818867575487, 'generation': 160}","{'id': 12025, 'rank': 7, 'fitness': 0.9720301767968809, 'generation': 160}","{'id': 12087, 'rank': 8, 'fitness': 0.9711093686046699, 'generation': 160}","{'id': 12115, 'rank': 9, 'fitness': 0.9697968568293227, 'generation': 160}","{'id': 12079, 'rank': 10, 'fitness': 0.9567424699422502, 'generation': 160}","{'id': 12107, 'rank': 11, 'fitness': 0.9560930949575488, 'generation': 160}","{'id': 12077, 'rank': 12, 'fitness': 0.9552202977279513, 'generation': 160}","{'id': 11869, 'rank': 13, 'fitness': 0.9551503519598084, 'generation': 160}","{'id': 11935, 'rank': 14, 'fitness': 0.9538682612367698, 'generation': 160}","{'id': 12128, 'rank': 15, 'fitness': 0.9532281813118368, 'generation': 160}","{'id': 12128, 'rank': 16, 'fitness': 0.9532281813118368, 'generation': 160}","{'id': 12118, 'rank': 17, 'fitness': 0.9507586033421356, 'generation': 160}","{'id': 12032, 'rank': 18, 'fitness': 0.9496099460887735, 'generation': 160}","{'id': 11688, 'rank': 19, 'fitness': 0.9479187712767781, 'generation': 160}","{'id': 11688, 'rank': 20, 'fitness': 0.9479187712767781, 'generation': 160}","{'id': 11688, 'rank': 21, 'fitness': 0.9479187712767781, 'generation': 160}","{'id': 12112, 'rank': 22, 'fitness': 0.9478495144443894, 'generation': 160}","{'id': 12068, 'rank': 23, 'fitness': 0.9314194338533739, 'generation': 160}","{'id': 11954, 'rank': 24, 'fitness': 0.8923610492783027, 'generation': 160}","{'id': 11954, 'rank': 25, 'fitness': 0.8923610492783027, 'generation': 160}","{'id': 12098, 'rank': 26, 'fitness': 0.8323102723164251, 'generation': 160}","{'id': 12097, 'rank': 27, 'fitness': 0.8003615323188684, 'generation': 160}","{'id': 12131, 'rank': 28, 'fitness': 0.6219408890260035, 'generation': 160}","{'id': 12070, 'rank': 29, 'fitness': 0.026345275052164052, 'generation': 160}","{'id': 12073, 'rank': 30, 'fitness': 0.01798620996209155, 'generation': 160}"
"{'id': 12167, 'rank': 1, 'fitness': 0.9820137900379085, 'generation': 161}","{'id': 12158, 'rank': 2, 'fitness': 0.9808307001479104, 'generation': 161}","{'id': 12158, 'rank': 3, 'fitness': 0.9808307001479104, 'generation': 161}","{'id': 12153, 'rank': 4, 'fitness': 0.9794946287397227, 'generation': 161}","{'id': 12090, 'rank': 5, 'fitness': 0.9787837033274003, 'generation': 161}","{'id': 12154, 'rank': 6, 'fitness': 0.9783070020028297, 'generation': 161}","{'id': 12154, 'rank': 7, 'fitness': 0.9783070020028297, 'generation': 161}","{'id': 12154, 'rank': 8, 'fitness': 0.9783070020028297, 'generation': 161}","{'id': 12175, 'rank': 9, 'fitness': 0.9779019506972261, 'generation': 161}","{'id': 12184, 'rank': 10, 'fitness': 0.9748077977081984, 'generation': 161}","{'id': 12177, 'rank': 11, 'fitness': 0.9730759394060824, 'generation': 161}","{'id': 12177, 'rank': 12, 'fitness': 0.9730759394060824, 'generation': 161}","{'id': 12177, 'rank': 13, 'fitness': 0.9730759394060824, 'generation': 161}","{'id': 12220, 'rank': 14, 'fitness': 0.9720506558907697, 'generation': 161}","{'id': 12126, 'rank': 15, 'fitness': 0.9697190883468823, 'generation': 161}","{'id': 12152, 'rank': 16, 'fitness': 0.9670775728448939, 'generation': 161}","{'id': 12087, 'rank': 17, 'fitness': 0.9665868527541698, 'generation': 161}","{'id': 12115, 'rank': 18, 'fitness': 0.9651070766793224, 'generation': 161}","{'id': 12222, 'rank': 19, 'fitness': 0.9637120882333532, 'generation': 161}","{'id': 12208, 'rank': 20, 'fitness': 0.9478023994987593, 'generation': 161}","{'id': 12150, 'rank': 21, 'fitness': 0.9405209540035181, 'generation': 161}","{'id': 12221, 'rank': 22, 'fitness': 0.9396269357591698, 'generation': 161}","{'id': 12200, 'rank': 23, 'fitness': 0.9308296260936468, 'generation': 161}","{'id': 12169, 'rank': 24, 'fitness': 0.9114807652531058, 'generation': 161}","{'id': 12172, 'rank': 25, 'fitness': 0.876314302186401, 'generation': 161}","{'id': 12172, 'rank': 26, 'fitness': 0.876314302186401, 'generation': 161}","{'id': 12212, 'rank': 27, 'fitness': 0.8659118360867266, 'generation': 161}","{'id': 12151, 'rank': 28, 'fitness': 0.7388120393952037, 'generation': 161}","{'id': 12151, 'rank': 29, 'fitness': 0.7388120393952037, 'generation': 161}","{'id': 12073, 'rank': 30, 'fitness': 0.01798620996209155, 'generation': 161}"
"{'id': 12231, 'rank': 1, 'fitness': 0.9820137900379085, 'generation': 162}","{'id': 12307, 'rank': 2, 'fitness': 0.9820014499692727, 'generation': 162}","{'id': 12302, 'rank': 3, 'fitness': 0.9781554158382346, 'generation': 162}","{'id': 12262, 'rank': 4, 'fitness': 0.9751312333662465, 'generation': 162}","{'id': 12158, 'rank': 5, 'fitness': 0.9686169493427574, 'generation': 162}","{'id': 12158, 'rank': 6, 'fitness': 0.9686169493427574, 'generation': 162}","{'id': 12228, 'rank': 7, 'fitness': 0.9680073915684069, 'generation': 162}","{'id': 12226, 'rank': 8, 'fitness': 0.9646374808770655, 'generation': 162}","{'id': 12230, 'rank': 9, 'fitness': 0.9639263053321587, 'generation': 162}","{'id': 12153, 'rank': 10, 'fitness': 0.9621465283715156, 'generation': 162}","{'id': 12274, 'rank': 11, 'fitness': 0.9600849099039713, 'generation': 162}","{'id': 12309, 'rank': 12, 'fitness': 0.9556235785029439, 'generation': 162}","{'id': 12232, 'rank': 13, 'fitness': 0.95374417250116, 'generation': 162}","{'id': 12232, 'rank': 14, 'fitness': 0.95374417250116, 'generation': 162}","{'id': 12175, 'rank': 15, 'fitness': 0.953450296510854, 'generation': 162}","{'id': 12261, 'rank': 16, 'fitness': 0.9499828149722046, 'generation': 162}","{'id': 12306, 'rank': 17, 'fitness': 0.9352514914257082, 'generation': 162}","{'id': 12177, 'rank': 18, 'fitness': 0.9203903904722007, 'generation': 162}","{'id': 12227, 'rank': 19, 'fitness': 0.9043869654551913, 'generation': 162}","{'id': 12255, 'rank': 20, 'fitness': 0.8939454324692832, 'generation': 162}","{'id': 12255, 'rank': 21, 'fitness': 0.8939454324692832, 'generation': 162}","{'id': 12229, 'rank': 22, 'fitness': 0.8647050537081887, 'generation': 162}","{'id': 12257, 'rank': 23, 'fitness': 0.8387219609896566, 'generation': 162}","{'id': 12266, 'rank': 24, 'fitness': 0.832819128847812, 'generation': 162}","{'id': 12241, 'rank': 25, 'fitness': 0.6260009667000691, 'generation': 162}","{'id': 12169, 'rank': 26, 'fitness': 0.24996915340567416, 'generation': 162}","{'id': 12280, 'rank': 27, 'fitness': 0.13417605544241562, 'generation': 162}","{'id': 12290, 'rank': 28, 'fitness': 0.057679464751350995, 'generation': 162}","{'id': 12291, 'rank': 29, 'fitness': 0.018442933267903472, 'generation': 162}","{'id': 12288, 'rank': 30, 'fitness': 0.01798620996209155, 'generation': 162}"
"{'id': 12355, 'rank': 1, 'fitness': 0.9820137900379085, 'generation': 163}","{'id': 12341, 'rank': 2, 'fitness': 0.9783438508643604, 'generation': 163}","{'id': 12231, 'rank': 3, 'fitness': 0.9758251436076744, 'generation': 163}","{'id': 12307, 'rank': 4, 'fitness': 0.9758129121113535, 'generation': 163}","{'id': 12307, 'rank': 5, 'fitness': 0.9758129121113535, 'generation': 163}","{'id': 12334, 'rank': 6, 'fitness': 0.9722233644818767, 'generation': 163}","{'id': 12302, 'rank': 7, 'fitness': 0.9720992159976923, 'generation': 163}","{'id': 12350, 'rank': 8, 'fitness': 0.9638844861407131, 'generation': 163}","{'id': 12158, 'rank': 9, 'fitness': 0.9635477522056787, 'generation': 163}","{'id': 12158, 'rank': 10, 'fitness': 0.9635477522056787, 'generation': 163}","{'id': 12153, 'rank': 11, 'fitness': 0.9581340540063894, 'generation': 163}","{'id': 12347, 'rank': 12, 'fitness': 0.9567578482608872, 'generation': 163}","{'id': 12347, 'rank': 13, 'fitness': 0.9567578482608872, 'generation': 163}","{'id': 12274, 'rank': 14, 'fitness': 0.9564601535510027, 'generation': 163}","{'id': 12175, 'rank': 15, 'fitness': 0.9512137455600911, 'generation': 163}","{'id': 12349, 'rank': 16, 'fitness': 0.9344988547558597, 'generation': 163}","{'id': 12255, 'rank': 17, 'fitness': 0.9098091282988238, 'generation': 163}","{'id': 12255, 'rank': 18, 'fitness': 0.9098091282988238, 'generation': 163}","{'id': 12314, 'rank': 19, 'fitness': 0.9095648906202829, 'generation': 163}","{'id': 12374, 'rank': 20, 'fitness': 0.8840484240599267, 'generation': 163}","{'id': 12374, 'rank': 21, 'fitness': 0.8840484240599267, 'generation': 163}","{'id': 12371, 'rank': 22, 'fitness': 0.7743205078488182, 'generation': 163}","{'id': 12241, 'rank': 23, 'fitness': 0.7524026346474458, 'generation': 163}","{'id': 12342, 'rank': 24, 'fitness': 0.42534537103730763, 'generation': 163}","{'id': 12290, 'rank': 25, 'fitness': 0.20682984476936372, 'generation': 163}","{'id': 12375, 'rank': 26, 'fitness': 0.18886120539768042, 'generation': 163}","{'id': 12291, 'rank': 27, 'fitness': 0.09790754797441381, 'generation': 163}","{'id': 12327, 'rank': 28, 'fitness': 0.01798620996209155, 'generation': 163}","{'id': 12327, 'rank': 29, 'fitness': 0.01798620996209155, 'generation': 163}","{'id': 12327, 'rank': 30, 'fitness': 0.01798620996209155, 'generation': 163}"
"{'id': 12406, 'rank': 1, 'fitness': 0.9820137900379085, 'generation': 164}","{'id': 12391, 'rank': 2, 'fitness': 0.9804854277108082, 'generation': 164}","{'id': 12401, 'rank': 3, 'fitness': 0.979674848694093, 'generation': 164}","{'id': 12401, 'rank': 4, 'fitness': 0.979674848694093, 'generation': 164}","{'id': 12307, 'rank': 5, 'fitness': 0.9795048625633063, 'generation': 164}","{'id': 12307, 'rank': 6, 'fitness': 0.9795048625633063, 'generation': 164}","{'id': 12307, 'rank': 7, 'fitness': 0.9795048625633063, 'generation': 164}","{'id': 12307, 'rank': 8, 'fitness': 0.9795048625633063, 'generation': 164}","{'id': 12334, 'rank': 9, 'fitness': 0.9791511951019088, 'generation': 164}","{'id': 12302, 'rank': 10, 'fitness': 0.9791396759170106, 'generation': 164}","{'id': 12425, 'rank': 11, 'fitness': 0.9790519749554254, 'generation': 164}","{'id': 12385, 'rank': 12, 'fitness': 0.9788498674195363, 'generation': 164}","{'id': 12350, 'rank': 13, 'fitness': 0.9784595245960299, 'generation': 164}","{'id': 12350, 'rank': 14, 'fitness': 0.9784595245960299, 'generation': 164}","{'id': 12158, 'rank': 15, 'fitness': 0.9784345504860288, 'generation': 164}","{'id': 12441, 'rank': 16, 'fitness': 0.9780168805376435, 'generation': 164}","{'id': 12175, 'rank': 17, 'fitness': 0.9776305671342979, 'generation': 164}","{'id': 12417, 'rank': 18, 'fitness': 0.9768462819701251, 'generation': 164}","{'id': 12426, 'rank': 19, 'fitness': 0.9764805392999546, 'generation': 164}","{'id': 12445, 'rank': 20, 'fitness': 0.9764253103229543, 'generation': 164}","{'id': 12255, 'rank': 21, 'fitness': 0.9757880141432408, 'generation': 164}","{'id': 12255, 'rank': 22, 'fitness': 0.9757880141432408, 'generation': 164}","{'id': 12404, 'rank': 23, 'fitness': 0.9755509446454401, 'generation': 164}","{'id': 12395, 'rank': 24, 'fitness': 0.9720805935672339, 'generation': 164}","{'id': 12432, 'rank': 25, 'fitness': 0.9643861888031414, 'generation': 164}","{'id': 12327, 'rank': 26, 'fitness': 0.9488389817395817, 'generation': 164}","{'id': 12458, 'rank': 27, 'fitness': 0.9426892365427681, 'generation': 164}","{'id': 12434, 'rank': 28, 'fitness': 0.9196029506980549, 'generation': 164}","{'id': 12428, 'rank': 29, 'fitness': 0.8827386747350789, 'generation': 164}","{'id': 12452, 'rank': 30, 'fitness': 0.01798620996209155, 'generation': 164}"
"{'id': 12514, 'rank': 1, 'fitness': 0.9820137900379085, 'generation': 165}","{'id': 12515, 'rank': 2, 'fitness': 0.9764639132680681, 'generation': 165}","{'id': 12492, 'rank': 3, 'fitness': 0.9447540137321457, 'generation': 165}","{'id': 12550, 'rank': 4, 'fitness': 0.9445829878733241, 'generation': 165}","{'id': 12550, 'rank': 5, 'fitness': 0.9445829878733241, 'generation': 165}","{'id': 12480, 'rank': 6, 'fitness': 0.9413720647703769, 'generation': 165}","{'id': 12509, 'rank': 7, 'fitness': 0.9242447913618181, 'generation': 165}","{'id': 12508, 'rank': 8, 'fitness': 0.9222673344422267, 'generation': 165}","{'id': 12508, 'rank': 9, 'fitness': 0.9222673344422267, 'generation': 165}","{'id': 12497, 'rank': 10, 'fitness': 0.9131343399886179, 'generation': 165}","{'id': 12552, 'rank': 11, 'fitness': 0.9054660007678, 'generation': 165}","{'id': 12478, 'rank': 12, 'fitness': 0.9021167833055097, 'generation': 165}","{'id': 12401, 'rank': 13, 'fitness': 0.8865267434426429, 'generation': 165}","{'id': 12307, 'rank': 14, 'fitness': 0.8772294482077396, 'generation': 165}","{'id': 12495, 'rank': 15, 'fitness': 0.8710600844387328, 'generation': 165}","{'id': 12496, 'rank': 16, 'fitness': 0.8146711716478856, 'generation': 165}","{'id': 12350, 'rank': 17, 'fitness': 0.8073343599933176, 'generation': 165}","{'id': 12468, 'rank': 18, 'fitness': 0.7640934386149802, 'generation': 165}","{'id': 12546, 'rank': 19, 'fitness': 0.7471164894113688, 'generation': 165}","{'id': 12175, 'rank': 20, 'fitness': 0.7363902090643792, 'generation': 165}","{'id': 12510, 'rank': 21, 'fitness': 0.7144979591516751, 'generation': 165}","{'id': 12477, 'rank': 22, 'fitness': 0.6841863865254459, 'generation': 165}","{'id': 12477, 'rank': 23, 'fitness': 0.6841863865254459, 'generation': 165}","{'id': 12417, 'rank': 24, 'fitness': 0.6585744075779209, 'generation': 165}","{'id': 12503, 'rank': 25, 'fitness': 0.5635111020701459, 'generation': 165}","{'id': 12255, 'rank': 26, 'fitness': 0.5439324404368836, 'generation': 165}","{'id': 12547, 'rank': 27, 'fitness': 0.53925090402536, 'generation': 165}","{'id': 12523, 'rank': 28, 'fitness': 0.4861671374679241, 'generation': 165}","{'id': 12473, 'rank': 29, 'fitness': 0.3668377892868029, 'generation': 165}","{'id': 12432, 'rank': 30, 'fitness': 0.01798620996209155, 'generation': 165}"
"{'id': 12514, 'rank': 1, 'fitness': 0.9820137900379085, 'generation': 166}","{'id': 12515, 'rank': 2, 'fitness': 0.9815518149595193, 'generation': 166}","{'id': 12583, 'rank': 3, 'fitness': 0.9814289884219265, 'generation': 166}","{'id': 12582, 'rank': 4, 'fitness': 0.9808955338019707, 'generation': 166}","{'id': 12606, 'rank': 5, 'fitness': 0.9804954719862673, 'generation': 166}","{'id': 12492, 'rank': 6, 'fitness': 0.9799799435237802, 'generation': 166}","{'id': 12569, 'rank': 7, 'fitness': 0.9797166791061431, 'generation': 166}","{'id': 12509, 'rank': 8, 'fitness': 0.979347175368743, 'generation': 166}","{'id': 12508, 'rank': 9, 'fitness': 0.9792940044307925, 'generation': 166}","{'id': 12497, 'rank': 10, 'fitness': 0.979061861150034, 'generation': 166}","{'id': 12497, 'rank': 11, 'fitness': 0.979061861150034, 'generation': 166}","{'id': 12623, 'rank': 12, 'fitness': 0.9786514663521491, 'generation': 166}","{'id': 12307, 'rank': 13, 'fitness': 0.9783042692002952, 'generation': 166}","{'id': 12570, 'rank': 14, 'fitness': 0.9781186228308749, 'generation': 166}","{'id': 12559, 'rank': 15, 'fitness': 0.9775845873064635, 'generation': 166}","{'id': 12559, 'rank': 16, 'fitness': 0.9775845873064635, 'generation': 166}","{'id': 12559, 'rank': 17, 'fitness': 0.9775845873064635, 'generation': 166}","{'id': 12559, 'rank': 18, 'fitness': 0.9775845873064635, 'generation': 166}","{'id': 12510, 'rank': 19, 'fitness': 0.9761076618979994, 'generation': 166}","{'id': 12477, 'rank': 20, 'fitness': 0.9757891414000055, 'generation': 166}","{'id': 12417, 'rank': 21, 'fitness': 0.9755297117558333, 'generation': 166}","{'id': 12573, 'rank': 22, 'fitness': 0.9701718554299823, 'generation': 166}","{'id': 12567, 'rank': 23, 'fitness': 0.968197585383235, 'generation': 166}","{'id': 12593, 'rank': 24, 'fitness': 0.9452209382871921, 'generation': 166}","{'id': 12588, 'rank': 25, 'fitness': 0.941151989332665, 'generation': 166}","{'id': 12598, 'rank': 26, 'fitness': 0.9405857443508299, 'generation': 166}","{'id': 12592, 'rank': 27, 'fitness': 0.8467638653642506, 'generation': 166}","{'id': 12602, 'rank': 28, 'fitness': 0.14937823794811128, 'generation': 166}","{'id': 12585, 'rank': 29, 'fitness': 0.03371017258870229, 'generation': 166}","{'id': 12618, 'rank': 30, 'fitness': 0.01798620996209155, 'generation': 166}"
"{'id': 12624, 'rank': 1, 'fitness': 0.9820137900379085, 'generation': 167}","{'id': 12515, 'rank': 2, 'fitness': 0.9797800476718521, 'generation': 167}","{'id': 12583, 'rank': 3, 'fitness': 0.9792931620794647, 'generation': 167}","{'id': 12648, 'rank': 4, 'fitness': 0.9766265080702308, 'generation': 167}","{'id': 12606, 'rank': 5, 'fitness': 0.9753191684956468, 'generation': 167}","{'id': 12492, 'rank': 6, 'fitness': 0.9729097776341467, 'generation': 167}","{'id': 12687, 'rank': 7, 'fitness': 0.9727513575047558, 'generation': 167}","{'id': 12687, 'rank': 8, 'fitness': 0.9727513575047558, 'generation': 167}","{'id': 12569, 'rank': 9, 'fitness': 0.9716182085181455, 'generation': 167}","{'id': 12569, 'rank': 10, 'fitness': 0.9716182085181455, 'generation': 167}","{'id': 12642, 'rank': 11, 'fitness': 0.9702817592125323, 'generation': 167}","{'id': 12508, 'rank': 12, 'fitness': 0.969455935855235, 'generation': 167}","{'id': 12658, 'rank': 13, 'fitness': 0.968973009012251, 'generation': 167}","{'id': 12649, 'rank': 14, 'fitness': 0.9671055386163677, 'generation': 167}","{'id': 12719, 'rank': 15, 'fitness': 0.9670323457918961, 'generation': 167}","{'id': 12719, 'rank': 16, 'fitness': 0.9670323457918961, 'generation': 167}","{'id': 12680, 'rank': 17, 'fitness': 0.966559884626381, 'generation': 167}","{'id': 12718, 'rank': 18, 'fitness': 0.9653798391160423, 'generation': 167}","{'id': 12627, 'rank': 19, 'fitness': 0.9643768654885192, 'generation': 167}","{'id': 12629, 'rank': 20, 'fitness': 0.9633855881167588, 'generation': 167}","{'id': 12694, 'rank': 21, 'fitness': 0.9616505837249676, 'generation': 167}","{'id': 12559, 'rank': 22, 'fitness': 0.9595455773424647, 'generation': 167}","{'id': 12559, 'rank': 23, 'fitness': 0.9595455773424647, 'generation': 167}","{'id': 12655, 'rank': 24, 'fitness': 0.9562599684651951, 'generation': 167}","{'id': 12635, 'rank': 25, 'fitness': 0.9550346656198518, 'generation': 167}","{'id': 12704, 'rank': 26, 'fitness': 0.9538477118214032, 'generation': 167}","{'id': 12640, 'rank': 27, 'fitness': 0.8929270272185379, 'generation': 167}","{'id': 12573, 'rank': 28, 'fitness': 0.8921072963594148, 'generation': 167}","{'id': 12651, 'rank': 29, 'fitness': 0.12834445286155938, 'generation': 167}","{'id': 12652, 'rank': 30, 'fitness': 0.01798620996209155, 'generation': 167}"
"{'id': 12624, 'rank': 1, 'fitness': 0.9820137900379085, 'generation': 168}","{'id': 12765, 'rank': 2, 'fitness': 0.9762497128194398, 'generation': 168}","{'id': 12765, 'rank': 3, 'fitness': 0.9762497128194398, 'generation': 168}","{'id': 12730, 'rank': 4, 'fitness': 0.9648912358108347, 'generation': 168}","{'id': 12730, 'rank': 5, 'fitness': 0.9648912358108347, 'generation': 168}","{'id': 12771, 'rank': 6, 'fitness': 0.9599455629767738, 'generation': 168}","{'id': 12774, 'rank': 7, 'fitness': 0.9417337052683015, 'generation': 168}","{'id': 12761, 'rank': 8, 'fitness': 0.9295024561097589, 'generation': 168}","{'id': 12787, 'rank': 9, 'fitness': 0.9290299491096454, 'generation': 168}","{'id': 12733, 'rank': 10, 'fitness': 0.92417904359424, 'generation': 168}","{'id': 12764, 'rank': 11, 'fitness': 0.7747709834425357, 'generation': 168}","{'id': 12764, 'rank': 12, 'fitness': 0.7747709834425357, 'generation': 168}","{'id': 12788, 'rank': 13, 'fitness': 0.7671723860102011, 'generation': 168}","{'id': 12724, 'rank': 14, 'fitness': 0.7602246847796442, 'generation': 168}","{'id': 12724, 'rank': 15, 'fitness': 0.7602246847796442, 'generation': 168}","{'id': 12724, 'rank': 16, 'fitness': 0.7602246847796442, 'generation': 168}","{'id': 12649, 'rank': 17, 'fitness': 0.7068012002001414, 'generation': 168}","{'id': 12742, 'rank': 18, 'fitness': 0.6998141745200546, 'generation': 168}","{'id': 12718, 'rank': 19, 'fitness': 0.6486617063938365, 'generation': 168}","{'id': 12740, 'rank': 20, 'fitness': 0.6184967911557356, 'generation': 168}","{'id': 12796, 'rank': 21, 'fitness': 0.5952260482489176, 'generation': 168}","{'id': 12694, 'rank': 22, 'fitness': 0.5194864905200919, 'generation': 168}","{'id': 12748, 'rank': 23, 'fitness': 0.4375681656250315, 'generation': 168}","{'id': 12727, 'rank': 24, 'fitness': 0.3545167633320329, 'generation': 168}","{'id': 12655, 'rank': 25, 'fitness': 0.3513048153026888, 'generation': 168}","{'id': 12766, 'rank': 26, 'fitness': 0.30756440476113406, 'generation': 168}","{'id': 12704, 'rank': 27, 'fitness': 0.28974301519702494, 'generation': 168}","{'id': 12767, 'rank': 28, 'fitness': 0.09373793630702398, 'generation': 168}","{'id': 12797, 'rank': 29, 'fitness': 0.04122163971970788, 'generation': 168}","{'id': 12799, 'rank': 30, 'fitness': 0.01798620996209155, 'generation': 168}"
"{'id': 12851, 'rank': 1, 'fitness': 0.9820137900379085, 'generation': 169}","{'id': 12840, 'rank': 2, 'fitness': 0.9817090620645639, 'generation': 169}","{'id': 12624, 'rank': 3, 'fitness': 0.9805963570623981, 'generation': 169}","{'id': 12730, 'rank': 4, 'fitness': 0.980355549950316, 'generation': 169}","{'id': 12771, 'rank': 5, 'fitness': 0.9803071654899098, 'generation': 169}","{'id': 12761, 'rank': 6, 'fitness': 0.9800946404065802, 'generation': 169}","{'id': 12841, 'rank': 7, 'fitness': 0.9797875360949989, 'generation': 169}","{'id': 12764, 'rank': 8, 'fitness': 0.9796085402779309, 'generation': 169}","{'id': 12764, 'rank': 9, 'fitness': 0.9796085402779309, 'generation': 169}","{'id': 12788, 'rank': 10, 'fitness': 0.9795927797497261, 'generation': 169}","{'id': 12788, 'rank': 11, 'fitness': 0.9795927797497261, 'generation': 169}","{'id': 12724, 'rank': 12, 'fitness': 0.9795786699121771, 'generation': 169}","{'id': 12724, 'rank': 13, 'fitness': 0.9795786699121771, 'generation': 169}","{'id': 12724, 'rank': 14, 'fitness': 0.9795786699121771, 'generation': 169}","{'id': 12649, 'rank': 15, 'fitness': 0.9794779745980788, 'generation': 169}","{'id': 12718, 'rank': 16, 'fitness': 0.979379486375674, 'generation': 169}","{'id': 12740, 'rank': 17, 'fitness': 0.9793313224969948, 'generation': 169}","{'id': 12740, 'rank': 18, 'fitness': 0.9793313224969948, 'generation': 169}","{'id': 12796, 'rank': 19, 'fitness': 0.9792951018854376, 'generation': 169}","{'id': 12748, 'rank': 20, 'fitness': 0.9790572064633373, 'generation': 169}","{'id': 12835, 'rank': 21, 'fitness': 0.9757987151204082, 'generation': 169}","{'id': 12836, 'rank': 22, 'fitness': 0.9756354928406348, 'generation': 169}","{'id': 12821, 'rank': 23, 'fitness': 0.9736263552883306, 'generation': 169}","{'id': 12822, 'rank': 24, 'fitness': 0.8994109169648404, 'generation': 169}","{'id': 12828, 'rank': 25, 'fitness': 0.8954852668883819, 'generation': 169}","{'id': 12828, 'rank': 26, 'fitness': 0.8954852668883819, 'generation': 169}","{'id': 12806, 'rank': 27, 'fitness': 0.6295577056383739, 'generation': 169}","{'id': 12815, 'rank': 28, 'fitness': 0.45580627269552104, 'generation': 169}","{'id': 12816, 'rank': 29, 'fitness': 0.3307907403548518, 'generation': 169}","{'id': 12829, 'rank': 30, 'fitness': 0.01798620996209155, 'generation': 169}"
"{'id': 12840, 'rank': 1, 'fitness': 0.9820137900379085, 'generation': 170}","{'id': 12868, 'rank': 2, 'fitness': 0.9818222843122171, 'generation': 170}","{'id': 12923, 'rank': 3, 'fitness': 0.98181211316275, 'generation': 170}","{'id': 12900, 'rank': 4, 'fitness': 0.9810634985542269, 'generation': 170}","{'id': 12761, 'rank': 5, 'fitness': 0.9809329138585171, 'generation': 170}","{'id': 12884, 'rank': 6, 'fitness': 0.980741880011833, 'generation': 170}","{'id': 12884, 'rank': 7, 'fitness': 0.980741880011833, 'generation': 170}","{'id': 12841, 'rank': 8, 'fitness': 0.9807303649666592, 'generation': 170}","{'id': 12861, 'rank': 9, 'fitness': 0.9807093830970458, 'generation': 170}","{'id': 12903, 'rank': 10, 'fitness': 0.980660248492727, 'generation': 170}","{'id': 12885, 'rank': 11, 'fitness': 0.9806417188072982, 'generation': 170}","{'id': 12788, 'rank': 12, 'fitness': 0.9806023973812619, 'generation': 170}","{'id': 12788, 'rank': 13, 'fitness': 0.9806023973812619, 'generation': 170}","{'id': 12788, 'rank': 14, 'fitness': 0.9806023973812619, 'generation': 170}","{'id': 12724, 'rank': 15, 'fitness': 0.9805931406919504, 'generation': 170}","{'id': 12649, 'rank': 16, 'fitness': 0.9805271360948179, 'generation': 170}","{'id': 12913, 'rank': 17, 'fitness': 0.9805057949602232, 'generation': 170}","{'id': 12866, 'rank': 18, 'fitness': 0.9804992544236614, 'generation': 170}","{'id': 12914, 'rank': 19, 'fitness': 0.9804850234472888, 'generation': 170}","{'id': 12875, 'rank': 20, 'fitness': 0.9804435583157294, 'generation': 170}","{'id': 12740, 'rank': 21, 'fitness': 0.9804311822781666, 'generation': 170}","{'id': 12880, 'rank': 22, 'fitness': 0.9804111605222288, 'generation': 170}","{'id': 12796, 'rank': 23, 'fitness': 0.980407515034827, 'generation': 170}","{'id': 12939, 'rank': 24, 'fitness': 0.9803253804083927, 'generation': 170}","{'id': 12896, 'rank': 25, 'fitness': 0.9802662166917238, 'generation': 170}","{'id': 12891, 'rank': 26, 'fitness': 0.9797653731218585, 'generation': 170}","{'id': 12835, 'rank': 27, 'fitness': 0.9781777489119776, 'generation': 170}","{'id': 12932, 'rank': 28, 'fitness': 0.9780840753581894, 'generation': 170}","{'id': 12932, 'rank': 29, 'fitness': 0.9780840753581894, 'generation': 170}","{'id': 12907, 'rank': 30, 'fitness': 0.01798620996209155, 'generation': 170}"
"{'id': 13004, 'rank': 1, 'fitness': 0.9820137900379085, 'generation': 171}","{'id': 12980, 'rank': 2, 'fitness': 0.9753552938489269, 'generation': 171}","{'id': 13005, 'rank': 3, 'fitness': 0.9276270799462248, 'generation': 171}","{'id': 13005, 'rank': 4, 'fitness': 0.9276270799462248, 'generation': 171}","{'id': 13006, 'rank': 5, 'fitness': 0.8105636633409727, 'generation': 171}","{'id': 12970, 'rank': 6, 'fitness': 0.6347088697786489, 'generation': 171}","{'id': 12761, 'rank': 7, 'fitness': 0.55897678072349, 'generation': 171}","{'id': 13001, 'rank': 8, 'fitness': 0.4712242163038998, 'generation': 171}","{'id': 13000, 'rank': 9, 'fitness': 0.4397548180406044, 'generation': 171}","{'id': 12979, 'rank': 10, 'fitness': 0.4185510029742963, 'generation': 171}","{'id': 12979, 'rank': 11, 'fitness': 0.4185510029742963, 'generation': 171}","{'id': 12884, 'rank': 12, 'fitness': 0.3954574111412079, 'generation': 171}","{'id': 12884, 'rank': 13, 'fitness': 0.3954574111412079, 'generation': 171}","{'id': 12884, 'rank': 14, 'fitness': 0.3954574111412079, 'generation': 171}","{'id': 12884, 'rank': 15, 'fitness': 0.3954574111412079, 'generation': 171}","{'id': 12884, 'rank': 16, 'fitness': 0.3954574111412079, 'generation': 171}","{'id': 12884, 'rank': 17, 'fitness': 0.3954574111412079, 'generation': 171}","{'id': 12884, 'rank': 18, 'fitness': 0.3954574111412079, 'generation': 171}","{'id': 12841, 'rank': 19, 'fitness': 0.3860152732348963, 'generation': 171}","{'id': 12861, 'rank': 20, 'fitness': 0.36904722369934023, 'generation': 171}","{'id': 12724, 'rank': 21, 'fitness': 0.2819138171526004, 'generation': 171}","{'id': 12875, 'rank': 22, 'fitness': 0.19083595979464757, 'generation': 171}","{'id': 12875, 'rank': 23, 'fitness': 0.19083595979464757, 'generation': 171}","{'id': 12955, 'rank': 24, 'fitness': 0.18678607209547093, 'generation': 171}","{'id': 12997, 'rank': 25, 'fitness': 0.184706804445812, 'generation': 171}","{'id': 13012, 'rank': 26, 'fitness': 0.11905185587799832, 'generation': 171}","{'id': 13012, 'rank': 27, 'fitness': 0.11905185587799832, 'generation': 171}","{'id': 13017, 'rank': 28, 'fitness': 0.06617492062618419, 'generation': 171}","{'id': 12958, 'rank': 29, 'fitness': 0.018375425469551232, 'generation': 171}","{'id': 13003, 'rank': 30, 'fitness': 0.01798620996209155, 'generation': 171}"
"{'id': 13046, 'rank': 1, 'fitness': 0.9820137900379085, 'generation': 172}","{'id': 13041, 'rank': 2, 'fitness': 0.9819542172302571, 'generation': 172}","{'id': 13041, 'rank': 3, 'fitness': 0.9819542172302571, 'generation': 172}","{'id': 13004, 'rank': 4, 'fitness': 0.981948843798601, 'generation': 172}","{'id': 13004, 'rank': 5, 'fitness': 0.981948843798601, 'generation': 172}","{'id': 12980, 'rank': 6, 'fitness': 0.9818512643016543, 'generation': 172}","{'id': 13048, 'rank': 7, 'fitness': 0.981320680075638, 'generation': 172}","{'id': 12970, 'rank': 8, 'fitness': 0.9808759748466919, 'generation': 172}","{'id': 12761, 'rank': 9, 'fitness': 0.9807747360995259, 'generation': 172}","{'id': 12761, 'rank': 10, 'fitness': 0.9807747360995259, 'generation': 172}","{'id': 12761, 'rank': 11, 'fitness': 0.9807747360995259, 'generation': 172}","{'id': 13001, 'rank': 12, 'fitness': 0.9806610730167115, 'generation': 172}","{'id': 13001, 'rank': 13, 'fitness': 0.9806610730167115, 'generation': 172}","{'id': 13000, 'rank': 14, 'fitness': 0.9806199543446468, 'generation': 172}","{'id': 12979, 'rank': 15, 'fitness': 0.9805918611907124, 'generation': 172}","{'id': 12979, 'rank': 16, 'fitness': 0.9805918611907124, 'generation': 172}","{'id': 12884, 'rank': 17, 'fitness': 0.9805607563425894, 'generation': 172}","{'id': 12884, 'rank': 18, 'fitness': 0.9805607563425894, 'generation': 172}","{'id': 12724, 'rank': 19, 'fitness': 0.9803939925127371, 'generation': 172}","{'id': 12724, 'rank': 20, 'fitness': 0.9803939925127371, 'generation': 172}","{'id': 13042, 'rank': 21, 'fitness': 0.9801453471538412, 'generation': 172}","{'id': 13012, 'rank': 22, 'fitness': 0.980041122498891, 'generation': 172}","{'id': 13012, 'rank': 23, 'fitness': 0.980041122498891, 'generation': 172}","{'id': 13031, 'rank': 24, 'fitness': 0.9796322041644456, 'generation': 172}","{'id': 13040, 'rank': 25, 'fitness': 0.9762658580701693, 'generation': 172}","{'id': 13040, 'rank': 26, 'fitness': 0.9762658580701693, 'generation': 172}","{'id': 13058, 'rank': 27, 'fitness': 0.9604645199443149, 'generation': 172}","{'id': 13059, 'rank': 28, 'fitness': 0.9510209855697181, 'generation': 172}","{'id': 13062, 'rank': 29, 'fitness': 0.07379788007557808, 'generation': 172}","{'id': 13053, 'rank': 30, 'fitness': 0.01798620996209155, 'generation': 172}"
"{'id': 13129, 'rank': 1, 'fitness': 0.9820137900379085, 'generation': 173}","{'id': 13046, 'rank': 2, 'fitness': 0.9681017470125997, 'generation': 173}","{'id': 13041, 'rank': 3, 'fitness': 0.9599981753527647, 'generation': 173}","{'id': 13112, 'rank': 4, 'fitness': 0.9473899639657832, 'generation': 173}","{'id': 13112, 'rank': 5, 'fitness': 0.9473899639657832, 'generation': 173}","{'id': 13130, 'rank': 6, 'fitness': 0.9431870258673047, 'generation': 173}","{'id': 13130, 'rank': 7, 'fitness': 0.9431870258673047, 'generation': 173}","{'id': 13130, 'rank': 8, 'fitness': 0.9431870258673047, 'generation': 173}","{'id': 13105, 'rank': 9, 'fitness': 0.9094990313357518, 'generation': 173}","{'id': 13115, 'rank': 10, 'fitness': 0.8465436082054755, 'generation': 173}","{'id': 13138, 'rank': 11, 'fitness': 0.771060213408955, 'generation': 173}","{'id': 13140, 'rank': 12, 'fitness': 0.4831514863625281, 'generation': 173}","{'id': 13140, 'rank': 13, 'fitness': 0.4831514863625281, 'generation': 173}","{'id': 12970, 'rank': 14, 'fitness': 0.27992283914176996, 'generation': 173}","{'id': 13072, 'rank': 15, 'fitness': 0.27907426615036274, 'generation': 173}","{'id': 12761, 'rank': 16, 'fitness': 0.210790700912727, 'generation': 173}","{'id': 13122, 'rank': 17, 'fitness': 0.2069149073177347, 'generation': 173}","{'id': 13084, 'rank': 18, 'fitness': 0.20682091753706755, 'generation': 173}","{'id': 13084, 'rank': 19, 'fitness': 0.20682091753706755, 'generation': 173}","{'id': 13150, 'rank': 20, 'fitness': 0.16671460222805812, 'generation': 173}","{'id': 13150, 'rank': 21, 'fitness': 0.16671460222805812, 'generation': 173}","{'id': 13001, 'rank': 22, 'fitness': 0.14940874287117384, 'generation': 173}","{'id': 13149, 'rank': 23, 'fitness': 0.12144290231099558, 'generation': 173}","{'id': 12979, 'rank': 24, 'fitness': 0.11991331130224914, 'generation': 173}","{'id': 12724, 'rank': 25, 'fitness': 0.062119879288031254, 'generation': 173}","{'id': 13126, 'rank': 26, 'fitness': 0.058655521126945165, 'generation': 173}","{'id': 13126, 'rank': 27, 'fitness': 0.058655521126945165, 'generation': 173}","{'id': 13127, 'rank': 28, 'fitness': 0.019570597302683346, 'generation': 173}","{'id': 13012, 'rank': 29, 'fitness': 0.018282287308547862, 'generation': 173}","{'id': 13139, 'rank': 30, 'fitness': 0.01798620996209155, 'generation': 173}"
"{'id': 13179, 'rank': 1, 'fitness': 0.9820137900379085, 'generation': 174}","{'id': 13214, 'rank': 2, 'fitness': 0.9819125932253552, 'generation': 174}","{'id': 13041, 'rank': 3, 'fitness': 0.9817149053313244, 'generation': 174}","{'id': 13176, 'rank': 4, 'fitness': 0.9817043474188297, 'generation': 174}","{'id': 13176, 'rank': 5, 'fitness': 0.9817043474188297, 'generation': 174}","{'id': 13130, 'rank': 6, 'fitness': 0.9816550517089773, 'generation': 174}","{'id': 13130, 'rank': 7, 'fitness': 0.9816550517089773, 'generation': 174}","{'id': 13130, 'rank': 8, 'fitness': 0.9816550517089773, 'generation': 174}","{'id': 13130, 'rank': 9, 'fitness': 0.9816550517089773, 'generation': 174}","{'id': 13138, 'rank': 10, 'fitness': 0.9813937321156314, 'generation': 174}","{'id': 13161, 'rank': 11, 'fitness': 0.9813143807595048, 'generation': 174}","{'id': 13206, 'rank': 12, 'fitness': 0.9813054534887643, 'generation': 174}","{'id': 13162, 'rank': 13, 'fitness': 0.9813028852124785, 'generation': 174}","{'id': 13183, 'rank': 14, 'fitness': 0.981266442664513, 'generation': 174}","{'id': 12970, 'rank': 15, 'fitness': 0.9810342021158918, 'generation': 174}","{'id': 13072, 'rank': 16, 'fitness': 0.9810334938368059, 'generation': 174}","{'id': 13160, 'rank': 17, 'fitness': 0.9809998886724955, 'generation': 174}","{'id': 13160, 'rank': 18, 'fitness': 0.9809998886724955, 'generation': 174}","{'id': 13122, 'rank': 19, 'fitness': 0.9809670583123878, 'generation': 174}","{'id': 13122, 'rank': 20, 'fitness': 0.9809670583123878, 'generation': 174}","{'id': 13213, 'rank': 21, 'fitness': 0.9808845792878778, 'generation': 174}","{'id': 13213, 'rank': 22, 'fitness': 0.9808845792878778, 'generation': 174}","{'id': 13190, 'rank': 23, 'fitness': 0.9805821556541074, 'generation': 174}","{'id': 13012, 'rank': 24, 'fitness': 0.9805166793342404, 'generation': 174}","{'id': 13139, 'rank': 25, 'fitness': 0.9805138093570238, 'generation': 174}","{'id': 13171, 'rank': 26, 'fitness': 0.9800621414100947, 'generation': 174}","{'id': 13204, 'rank': 27, 'fitness': 0.9648727328562008, 'generation': 174}","{'id': 13209, 'rank': 28, 'fitness': 0.1608637785635295, 'generation': 174}","{'id': 13189, 'rank': 29, 'fitness': 0.08785498286662963, 'generation': 174}","{'id': 13172, 'rank': 30, 'fitness': 0.01798620996209155, 'generation': 174}"
"{'id': 13179, 'rank': 1, 'fitness': 0.9820137900379085, 'generation': 175}","{'id': 13286, 'rank': 2, 'fitness': 0.9693798947631274, 'generation': 175}","{'id': 13214, 'rank': 3, 'fitness': 0.9682950678488044, 'generation': 175}","{'id': 13249, 'rank': 4, 'fitness': 0.9657184028693007, 'generation': 175}","{'id': 13287, 'rank': 5, 'fitness': 0.9361849405629867, 'generation': 175}","{'id': 13284, 'rank': 6, 'fitness': 0.9112624840825747, 'generation': 175}","{'id': 13041, 'rank': 7, 'fitness': 0.9083251187477395, 'generation': 175}","{'id': 13176, 'rank': 8, 'fitness': 0.903223833061782, 'generation': 175}","{'id': 13292, 'rank': 9, 'fitness': 0.8992655855588756, 'generation': 175}","{'id': 13130, 'rank': 10, 'fitness': 0.8759777169122593, 'generation': 175}","{'id': 13250, 'rank': 11, 'fitness': 0.851410058695001, 'generation': 175}","{'id': 13252, 'rank': 12, 'fitness': 0.8448644332420305, 'generation': 175}","{'id': 13295, 'rank': 13, 'fitness': 0.8216521017301417, 'generation': 175}","{'id': 13295, 'rank': 14, 'fitness': 0.8216521017301417, 'generation': 175}","{'id': 13285, 'rank': 15, 'fitness': 0.818102129689251, 'generation': 175}","{'id': 13235, 'rank': 16, 'fitness': 0.5815360739162665, 'generation': 175}","{'id': 13235, 'rank': 17, 'fitness': 0.5815360739162665, 'generation': 175}","{'id': 13161, 'rank': 18, 'fitness': 0.512189892393499, 'generation': 175}","{'id': 13161, 'rank': 19, 'fitness': 0.512189892393499, 'generation': 175}","{'id': 13162, 'rank': 20, 'fitness': 0.49626157146139394, 'generation': 175}","{'id': 13162, 'rank': 21, 'fitness': 0.49626157146139394, 'generation': 175}","{'id': 13251, 'rank': 22, 'fitness': 0.4589805891554813, 'generation': 175}","{'id': 13251, 'rank': 23, 'fitness': 0.4589805891554813, 'generation': 175}","{'id': 13237, 'rank': 24, 'fitness': 0.25506610823001075, 'generation': 175}","{'id': 13274, 'rank': 25, 'fitness': 0.23850411767564555, 'generation': 175}","{'id': 13256, 'rank': 26, 'fitness': 0.21666169061310736, 'generation': 175}","{'id': 13278, 'rank': 27, 'fitness': 0.21252192836469852, 'generation': 175}","{'id': 12970, 'rank': 28, 'fitness': 0.18339698167589713, 'generation': 175}","{'id': 13273, 'rank': 29, 'fitness': 0.12532644194233122, 'generation': 175}","{'id': 13268, 'rank': 30, 'fitness': 0.01798620996209155, 'generation': 175}"
"{'id': 13319, 'rank': 1, 'fitness': 0.9820137900379085, 'generation': 176}","{'id': 13324, 'rank': 2, 'fitness': 0.9811802456124745, 'generation': 176}","{'id': 13179, 'rank': 3, 'fitness': 0.9810225303096387, 'generation': 176}","{'id': 13179, 'rank': 4, 'fitness': 0.9810225303096387, 'generation': 176}","{'id': 13286, 'rank': 5, 'fitness': 0.9808282211293129, 'generation': 176}","{'id': 13287, 'rank': 6, 'fitness': 0.9805506636045814, 'generation': 176}","{'id': 13284, 'rank': 7, 'fitness': 0.9804206239976885, 'generation': 176}","{'id': 13284, 'rank': 8, 'fitness': 0.9804206239976885, 'generation': 176}","{'id': 13322, 'rank': 9, 'fitness': 0.9801579308224603, 'generation': 176}","{'id': 13322, 'rank': 10, 'fitness': 0.9801579308224603, 'generation': 176}","{'id': 13317, 'rank': 11, 'fitness': 0.9801504156897055, 'generation': 176}","{'id': 13235, 'rank': 12, 'fitness': 0.9796754876180297, 'generation': 176}","{'id': 13235, 'rank': 13, 'fitness': 0.9796754876180297, 'generation': 176}","{'id': 13161, 'rank': 14, 'fitness': 0.9795688606158829, 'generation': 176}","{'id': 13162, 'rank': 15, 'fitness': 0.979544544927167, 'generation': 176}","{'id': 13162, 'rank': 16, 'fitness': 0.979544544927167, 'generation': 176}","{'id': 13251, 'rank': 17, 'fitness': 0.979487389612494, 'generation': 176}","{'id': 13251, 'rank': 18, 'fitness': 0.979487389612494, 'generation': 176}","{'id': 13237, 'rank': 19, 'fitness': 0.9791371255476391, 'generation': 176}","{'id': 13320, 'rank': 20, 'fitness': 0.9790708400600993, 'generation': 176}","{'id': 13256, 'rank': 21, 'fitness': 0.9790538766261718, 'generation': 176}","{'id': 13321, 'rank': 22, 'fitness': 0.979050161991224, 'generation': 176}","{'id': 13321, 'rank': 23, 'fitness': 0.979050161991224, 'generation': 176}","{'id': 13273, 'rank': 24, 'fitness': 0.9787953193118417, 'generation': 176}","{'id': 13338, 'rank': 25, 'fitness': 0.9760604376727563, 'generation': 176}","{'id': 13336, 'rank': 26, 'fitness': 0.9754266242623566, 'generation': 176}","{'id': 13349, 'rank': 27, 'fitness': 0.9553747359887544, 'generation': 176}","{'id': 13334, 'rank': 28, 'fitness': 0.13236854453423158, 'generation': 176}","{'id': 13328, 'rank': 29, 'fitness': 0.04229624062822174, 'generation': 176}","{'id': 13316, 'rank': 30, 'fitness': 0.01798620996209155, 'generation': 176}"
"{'id': 13370, 'rank': 1, 'fitness': 0.9820137900379085, 'generation': 177}","{'id': 13372, 'rank': 2, 'fitness': 0.9761517385967367, 'generation': 177}","{'id': 13368, 'rank': 3, 'fitness': 0.974062001859336, 'generation': 177}","{'id': 13324, 'rank': 4, 'fitness': 0.9334443364920464, 'generation': 177}","{'id': 13324, 'rank': 5, 'fitness': 0.9334443364920464, 'generation': 177}","{'id': 13420, 'rank': 6, 'fitness': 0.9225434912029378, 'generation': 177}","{'id': 13415, 'rank': 7, 'fitness': 0.9110372157162154, 'generation': 177}","{'id': 13413, 'rank': 8, 'fitness': 0.8999965517592439, 'generation': 177}","{'id': 13385, 'rank': 9, 'fitness': 0.8806104931830032, 'generation': 177}","{'id': 13385, 'rank': 10, 'fitness': 0.8806104931830032, 'generation': 177}","{'id': 13421, 'rank': 11, 'fitness': 0.8597707640093663, 'generation': 177}","{'id': 13447, 'rank': 12, 'fitness': 0.8549181679353798, 'generation': 177}","{'id': 13433, 'rank': 13, 'fitness': 0.8048185267333297, 'generation': 177}","{'id': 13322, 'rank': 14, 'fitness': 0.7903424702794741, 'generation': 177}","{'id': 13382, 'rank': 15, 'fitness': 0.7609247863606737, 'generation': 177}","{'id': 13401, 'rank': 16, 'fitness': 0.7553235590717808, 'generation': 177}","{'id': 13401, 'rank': 17, 'fitness': 0.7553235590717808, 'generation': 177}","{'id': 13437, 'rank': 18, 'fitness': 0.7352913964927933, 'generation': 177}","{'id': 13448, 'rank': 19, 'fitness': 0.728555590452445, 'generation': 177}","{'id': 13400, 'rank': 20, 'fitness': 0.7104967754082591, 'generation': 177}","{'id': 13432, 'rank': 21, 'fitness': 0.6824810423305148, 'generation': 177}","{'id': 13235, 'rank': 22, 'fitness': 0.674771452442096, 'generation': 177}","{'id': 13235, 'rank': 23, 'fitness': 0.674771452442096, 'generation': 177}","{'id': 13161, 'rank': 24, 'fitness': 0.6455973676602845, 'generation': 177}","{'id': 13162, 'rank': 25, 'fitness': 0.6388015072968196, 'generation': 177}","{'id': 13390, 'rank': 26, 'fitness': 0.5203825091631994, 'generation': 177}","{'id': 13321, 'rank': 27, 'fitness': 0.4940438542117653, 'generation': 177}","{'id': 13436, 'rank': 28, 'fitness': 0.45852905547231815, 'generation': 177}","{'id': 13407, 'rank': 29, 'fitness': 0.4325265228462164, 'generation': 177}","{'id': 13336, 'rank': 30, 'fitness': 0.01798620996209155, 'generation': 177}"
"{'id': 13505, 'rank': 1, 'fitness': 0.9820137900379085, 'generation': 178}","{'id': 13503, 'rank': 2, 'fitness': 0.9805581425322281, 'generation': 178}","{'id': 13368, 'rank': 3, 'fitness': 0.9797640841953229, 'generation': 178}","{'id': 13463, 'rank': 4, 'fitness': 0.9797383242202711, 'generation': 178}","{'id': 13463, 'rank': 5, 'fitness': 0.9797383242202711, 'generation': 178}","{'id': 13504, 'rank': 6, 'fitness': 0.9793645304629658, 'generation': 178}","{'id': 13420, 'rank': 7, 'fitness': 0.9769923675693766, 'generation': 178}","{'id': 13420, 'rank': 8, 'fitness': 0.9769923675693766, 'generation': 178}","{'id': 13413, 'rank': 9, 'fitness': 0.9762615881090466, 'generation': 178}","{'id': 13512, 'rank': 10, 'fitness': 0.9761205315898192, 'generation': 178}","{'id': 13385, 'rank': 11, 'fitness': 0.9757290422969039, 'generation': 178}","{'id': 13385, 'rank': 12, 'fitness': 0.9757290422969039, 'generation': 178}","{'id': 13421, 'rank': 13, 'fitness': 0.97522387703284, 'generation': 178}","{'id': 13447, 'rank': 14, 'fitness': 0.9751141029209675, 'generation': 178}","{'id': 13322, 'rank': 15, 'fitness': 0.9738450916356101, 'generation': 178}","{'id': 13401, 'rank': 16, 'fitness': 0.9732573830478704, 'generation': 178}","{'id': 13401, 'rank': 17, 'fitness': 0.9732573830478704, 'generation': 178}","{'id': 13401, 'rank': 18, 'fitness': 0.9732573830478704, 'generation': 178}","{'id': 13400, 'rank': 19, 'fitness': 0.9725666620730564, 'generation': 178}","{'id': 13498, 'rank': 20, 'fitness': 0.9721843258343827, 'generation': 178}","{'id': 13498, 'rank': 21, 'fitness': 0.9721843258343827, 'generation': 178}","{'id': 13235, 'rank': 22, 'fitness': 0.9720500242210786, 'generation': 178}","{'id': 13509, 'rank': 23, 'fitness': 0.9716392962333623, 'generation': 178}","{'id': 13509, 'rank': 24, 'fitness': 0.9716392962333623, 'generation': 178}","{'id': 13162, 'rank': 25, 'fitness': 0.9715500769863601, 'generation': 178}","{'id': 13162, 'rank': 26, 'fitness': 0.9715500769863601, 'generation': 178}","{'id': 13321, 'rank': 27, 'fitness': 0.9696130307674893, 'generation': 178}","{'id': 13471, 'rank': 28, 'fitness': 0.8008566102971331, 'generation': 178}","{'id': 13481, 'rank': 29, 'fitness': 0.03960075337895208, 'generation': 178}","{'id': 13517, 'rank': 30, 'fitness': 0.01798620996209155, 'generation': 178}"
"{'id': 13530, 'rank': 1, 'fitness': 0.9820137900379085, 'generation': 179}","{'id': 13591, 'rank': 2, 'fitness': 0.9030312602505975, 'generation': 179}","{'id': 13554, 'rank': 3, 'fitness': 0.8710479053050811, 'generation': 179}","{'id': 13531, 'rank': 4, 'fitness': 0.7523467174005634, 'generation': 179}","{'id': 13538, 'rank': 5, 'fitness': 0.7448721942239668, 'generation': 179}","{'id': 13538, 'rank': 6, 'fitness': 0.7448721942239668, 'generation': 179}","{'id': 13368, 'rank': 7, 'fitness': 0.7305680467503075, 'generation': 179}","{'id': 13504, 'rank': 8, 'fitness': 0.6842409255296074, 'generation': 179}","{'id': 13504, 'rank': 9, 'fitness': 0.6842409255296074, 'generation': 179}","{'id': 13557, 'rank': 10, 'fitness': 0.5901037566774643, 'generation': 179}","{'id': 13557, 'rank': 11, 'fitness': 0.5901037566774643, 'generation': 179}","{'id': 13592, 'rank': 12, 'fitness': 0.5731665113709368, 'generation': 179}","{'id': 13559, 'rank': 13, 'fitness': 0.5461212647036554, 'generation': 179}","{'id': 13420, 'rank': 14, 'fitness': 0.3831938007082808, 'generation': 179}","{'id': 13539, 'rank': 15, 'fitness': 0.35496790932056677, 'generation': 179}","{'id': 13413, 'rank': 16, 'fitness': 0.30246279426157074, 'generation': 179}","{'id': 13546, 'rank': 17, 'fitness': 0.24617057903147338, 'generation': 179}","{'id': 13585, 'rank': 18, 'fitness': 0.21676372670807548, 'generation': 179}","{'id': 13562, 'rank': 19, 'fitness': 0.2156441420977887, 'generation': 179}","{'id': 13562, 'rank': 20, 'fitness': 0.2156441420977887, 'generation': 179}","{'id': 13536, 'rank': 21, 'fitness': 0.21507360138046439, 'generation': 179}","{'id': 13573, 'rank': 22, 'fitness': 0.2025066731638172, 'generation': 179}","{'id': 13596, 'rank': 23, 'fitness': 0.18806492615829196, 'generation': 179}","{'id': 13561, 'rank': 24, 'fitness': 0.15808361845001562, 'generation': 179}","{'id': 13400, 'rank': 25, 'fitness': 0.07565319014324484, 'generation': 179}","{'id': 13526, 'rank': 26, 'fitness': 0.07141850626813057, 'generation': 179}","{'id': 13574, 'rank': 27, 'fitness': 0.054763095997322264, 'generation': 179}","{'id': 13574, 'rank': 28, 'fitness': 0.054763095997322264, 'generation': 179}","{'id': 13533, 'rank': 29, 'fitness': 0.01999938464978035, 'generation': 179}","{'id': 13535, 'rank': 30, 'fitness': 0.01798620996209155, 'generation': 179}"
"{'id': 13618, 'rank': 1, 'fitness': 0.9820137900379085, 'generation': 180}","{'id': 13591, 'rank': 2, 'fitness': 0.981699167087322, 'generation': 180}","{'id': 13591, 'rank': 3, 'fitness': 0.981699167087322, 'generation': 180}","{'id': 13531, 'rank': 4, 'fitness': 0.9812391938964322, 'generation': 180}","{'id': 13538, 'rank': 5, 'fitness': 0.9812226778875959, 'generation': 180}","{'id': 13504, 'rank': 6, 'fitness': 0.9810982599050784, 'generation': 180}","{'id': 13557, 'rank': 7, 'fitness': 0.9809262761508377, 'generation': 180}","{'id': 13557, 'rank': 8, 'fitness': 0.9809262761508377, 'generation': 180}","{'id': 13592, 'rank': 9, 'fitness': 0.9808968474134012, 'generation': 180}","{'id': 13420, 'rank': 10, 'fitness': 0.9805680002700057, 'generation': 180}","{'id': 13539, 'rank': 11, 'fitness': 0.9805157646552463, 'generation': 180}","{'id': 13539, 'rank': 12, 'fitness': 0.9805157646552463, 'generation': 180}","{'id': 13539, 'rank': 13, 'fitness': 0.9805157646552463, 'generation': 180}","{'id': 13539, 'rank': 14, 'fitness': 0.9805157646552463, 'generation': 180}","{'id': 13413, 'rank': 15, 'fitness': 0.9804126980754364, 'generation': 180}","{'id': 13533, 'rank': 16, 'fitness': 0.9790426899082032, 'generation': 180}","{'id': 13644, 'rank': 17, 'fitness': 0.9774183196657774, 'generation': 180}","{'id': 13609, 'rank': 18, 'fitness': 0.9752749498027282, 'generation': 180}","{'id': 13645, 'rank': 19, 'fitness': 0.9748878605521138, 'generation': 180}","{'id': 13645, 'rank': 20, 'fitness': 0.9748878605521138, 'generation': 180}","{'id': 13643, 'rank': 21, 'fitness': 0.9736941858656742, 'generation': 180}","{'id': 13608, 'rank': 22, 'fitness': 0.9736054517930626, 'generation': 180}","{'id': 13640, 'rank': 23, 'fitness': 0.9348459741360391, 'generation': 180}","{'id': 13624, 'rank': 24, 'fitness': 0.9165521804476082, 'generation': 180}","{'id': 13607, 'rank': 25, 'fitness': 0.9148912172523682, 'generation': 180}","{'id': 13639, 'rank': 26, 'fitness': 0.8358582296904201, 'generation': 180}","{'id': 13639, 'rank': 27, 'fitness': 0.8358582296904201, 'generation': 180}","{'id': 13616, 'rank': 28, 'fitness': 0.6236407875469031, 'generation': 180}","{'id': 13619, 'rank': 29, 'fitness': 0.43606123072824177, 'generation': 180}","{'id': 13627, 'rank': 30, 'fitness': 0.01798620996209155, 'generation': 180}"
"{'id': 13618, 'rank': 1, 'fitness': 0.9820137900379085, 'generation': 181}","{'id': 13700, 'rank': 2, 'fitness': 0.9805546501687135, 'generation': 181}","{'id': 13700, 'rank': 3, 'fitness': 0.9805546501687135, 'generation': 181}","{'id': 13679, 'rank': 4, 'fitness': 0.978196301982448, 'generation': 181}","{'id': 13690, 'rank': 5, 'fitness': 0.9773514039122744, 'generation': 181}","{'id': 13690, 'rank': 6, 'fitness': 0.9773514039122744, 'generation': 181}","{'id': 13693, 'rank': 7, 'fitness': 0.9757593325578297, 'generation': 181}","{'id': 13693, 'rank': 8, 'fitness': 0.9757593325578297, 'generation': 181}","{'id': 13557, 'rank': 9, 'fitness': 0.9752551975767514, 'generation': 181}","{'id': 13557, 'rank': 10, 'fitness': 0.9752551975767514, 'generation': 181}","{'id': 13681, 'rank': 11, 'fitness': 0.9751271142048856, 'generation': 181}","{'id': 13699, 'rank': 12, 'fitness': 0.9743464718399779, 'generation': 181}","{'id': 13699, 'rank': 13, 'fitness': 0.9743464718399779, 'generation': 181}","{'id': 13699, 'rank': 14, 'fitness': 0.9743464718399779, 'generation': 181}","{'id': 13675, 'rank': 15, 'fitness': 0.97429865381805, 'generation': 181}","{'id': 13711, 'rank': 16, 'fitness': 0.9735182871080147, 'generation': 181}","{'id': 13680, 'rank': 17, 'fitness': 0.9727670166385952, 'generation': 181}","{'id': 13420, 'rank': 18, 'fitness': 0.9726336629659804, 'generation': 181}","{'id': 13703, 'rank': 19, 'fitness': 0.9714491488227923, 'generation': 181}","{'id': 13413, 'rank': 20, 'fitness': 0.9714312387984818, 'generation': 181}","{'id': 13413, 'rank': 21, 'fitness': 0.9714312387984818, 'generation': 181}","{'id': 13704, 'rank': 22, 'fitness': 0.9711646982402051, 'generation': 181}","{'id': 13688, 'rank': 23, 'fitness': 0.9652381353555342, 'generation': 181}","{'id': 13671, 'rank': 24, 'fitness': 0.9617589063493945, 'generation': 181}","{'id': 13533, 'rank': 25, 'fitness': 0.9589270742359447, 'generation': 181}","{'id': 13673, 'rank': 26, 'fitness': 0.9560848429567901, 'generation': 181}","{'id': 13644, 'rank': 27, 'fitness': 0.939040991071587, 'generation': 181}","{'id': 13684, 'rank': 28, 'fitness': 0.932712993845223, 'generation': 181}","{'id': 13652, 'rank': 29, 'fitness': 0.02427340681523671, 'generation': 181}","{'id': 13651, 'rank': 30, 'fitness': 0.01798620996209155, 'generation': 181}"
"{'id': 13618, 'rank': 1, 'fitness': 0.9820137900379085, 'generation': 182}","{'id': 13618, 'rank': 2, 'fitness': 0.9820137900379085, 'generation': 182}","{'id': 13803, 'rank': 3, 'fitness': 0.9740055656308022, 'generation': 182}","{'id': 13803, 'rank': 4, 'fitness': 0.9740055656308022, 'generation': 182}","{'id': 13700, 'rank': 5, 'fitness': 0.9691346529246316, 'generation': 182}","{'id': 13799, 'rank': 6, 'fitness': 0.9521613598308719, 'generation': 182}","{'id': 13754, 'rank': 7, 'fitness': 0.9501214129474866, 'generation': 182}","{'id': 13755, 'rank': 8, 'fitness': 0.941087788053407, 'generation': 182}","{'id': 13679, 'rank': 9, 'fitness': 0.9329749558002809, 'generation': 182}","{'id': 13734, 'rank': 10, 'fitness': 0.9184195495054833, 'generation': 182}","{'id': 13690, 'rank': 11, 'fitness': 0.9139383260123732, 'generation': 182}","{'id': 13717, 'rank': 12, 'fitness': 0.9123914568206686, 'generation': 182}","{'id': 13797, 'rank': 13, 'fitness': 0.8960863345495251, 'generation': 182}","{'id': 13693, 'rank': 14, 'fitness': 0.8674441924476471, 'generation': 182}","{'id': 13693, 'rank': 15, 'fitness': 0.8674441924476471, 'generation': 182}","{'id': 13557, 'rank': 16, 'fitness': 0.8496287201493012, 'generation': 182}","{'id': 13557, 'rank': 17, 'fitness': 0.8496287201493012, 'generation': 182}","{'id': 13798, 'rank': 18, 'fitness': 0.8400519674501543, 'generation': 182}","{'id': 13814, 'rank': 19, 'fitness': 0.8219066346697921, 'generation': 182}","{'id': 13699, 'rank': 20, 'fitness': 0.8136941305407834, 'generation': 182}","{'id': 13699, 'rank': 21, 'fitness': 0.8136941305407834, 'generation': 182}","{'id': 13726, 'rank': 22, 'fitness': 0.8129693209432909, 'generation': 182}","{'id': 13768, 'rank': 23, 'fitness': 0.7907816289556501, 'generation': 182}","{'id': 13812, 'rank': 24, 'fitness': 0.7128711673352024, 'generation': 182}","{'id': 13791, 'rank': 25, 'fitness': 0.6991417994562872, 'generation': 182}","{'id': 13744, 'rank': 26, 'fitness': 0.6773957454380248, 'generation': 182}","{'id': 13792, 'rank': 27, 'fitness': 0.34310286464550327, 'generation': 182}","{'id': 13783, 'rank': 28, 'fitness': 0.29421763804903756, 'generation': 182}","{'id': 13762, 'rank': 29, 'fitness': 0.1574703094528258, 'generation': 182}","{'id': 13808, 'rank': 30, 'fitness': 0.01798620996209155, 'generation': 182}"
"{'id': 13618, 'rank': 1, 'fitness': 0.9820137900379085, 'generation': 183}","{'id': 13881, 'rank': 2, 'fitness': 0.9820065043761121, 'generation': 183}","{'id': 13865, 'rank': 3, 'fitness': 0.9808020801259208, 'generation': 183}","{'id': 13864, 'rank': 4, 'fitness': 0.9800533005710209, 'generation': 183}","{'id': 13883, 'rank': 5, 'fitness': 0.9796252850231848, 'generation': 183}","{'id': 13873, 'rank': 6, 'fitness': 0.9794213099495042, 'generation': 183}","{'id': 13826, 'rank': 7, 'fitness': 0.977970583728166, 'generation': 183}","{'id': 13754, 'rank': 8, 'fitness': 0.977580369404293, 'generation': 183}","{'id': 13882, 'rank': 9, 'fitness': 0.976925457384196, 'generation': 183}","{'id': 13882, 'rank': 10, 'fitness': 0.976925457384196, 'generation': 183}","{'id': 13734, 'rank': 11, 'fitness': 0.9749823202081739, 'generation': 183}","{'id': 13838, 'rank': 12, 'fitness': 0.9748960844349348, 'generation': 183}","{'id': 13838, 'rank': 13, 'fitness': 0.9748960844349348, 'generation': 183}","{'id': 13874, 'rank': 14, 'fitness': 0.9738051732061519, 'generation': 183}","{'id': 13693, 'rank': 15, 'fitness': 0.9719955629608212, 'generation': 183}","{'id': 13693, 'rank': 16, 'fitness': 0.9719955629608212, 'generation': 183}","{'id': 13847, 'rank': 17, 'fitness': 0.9719738081309571, 'generation': 183}","{'id': 13861, 'rank': 18, 'fitness': 0.9710231160611428, 'generation': 183}","{'id': 13699, 'rank': 19, 'fitness': 0.9695469700355098, 'generation': 183}","{'id': 13699, 'rank': 20, 'fitness': 0.9695469700355098, 'generation': 183}","{'id': 13726, 'rank': 21, 'fitness': 0.9695168559599402, 'generation': 183}","{'id': 13837, 'rank': 22, 'fitness': 0.9690421616010456, 'generation': 183}","{'id': 13832, 'rank': 23, 'fitness': 0.9032246110936464, 'generation': 183}","{'id': 13870, 'rank': 24, 'fitness': 0.8768551070948253, 'generation': 183}","{'id': 13884, 'rank': 25, 'fitness': 0.846529152325147, 'generation': 183}","{'id': 13844, 'rank': 26, 'fitness': 0.7070609192589041, 'generation': 183}","{'id': 13892, 'rank': 27, 'fitness': 0.42208840019933913, 'generation': 183}","{'id': 13879, 'rank': 28, 'fitness': 0.17366304057263382, 'generation': 183}","{'id': 13835, 'rank': 29, 'fitness': 0.10368160355514688, 'generation': 183}","{'id': 13891, 'rank': 30, 'fitness': 0.01798620996209155, 'generation': 183}"
"{'id': 13964, 'rank': 1, 'fitness': 0.9820137900379085, 'generation': 184}","{'id': 13915, 'rank': 2, 'fitness': 0.9814283268357484, 'generation': 184}","{'id': 13881, 'rank': 3, 'fitness': 0.9797479504692443, 'generation': 184}","{'id': 13881, 'rank': 4, 'fitness': 0.9797479504692443, 'generation': 184}","{'id': 13881, 'rank': 5, 'fitness': 0.9797479504692443, 'generation': 184}","{'id': 13881, 'rank': 6, 'fitness': 0.9797479504692443, 'generation': 184}","{'id': 13883, 'rank': 7, 'fitness': 0.9762671411988942, 'generation': 184}","{'id': 13883, 'rank': 8, 'fitness': 0.9762671411988942, 'generation': 184}","{'id': 13941, 'rank': 9, 'fitness': 0.97618928911966, 'generation': 184}","{'id': 13914, 'rank': 10, 'fitness': 0.9741512299464656, 'generation': 184}","{'id': 13826, 'rank': 11, 'fitness': 0.9737830370316393, 'generation': 184}","{'id': 13910, 'rank': 12, 'fitness': 0.9730227023826482, 'generation': 184}","{'id': 13882, 'rank': 13, 'fitness': 0.9721883357995564, 'generation': 184}","{'id': 13882, 'rank': 14, 'fitness': 0.9721883357995564, 'generation': 184}","{'id': 13970, 'rank': 15, 'fitness': 0.9700056601279619, 'generation': 184}","{'id': 13970, 'rank': 16, 'fitness': 0.9700056601279619, 'generation': 184}","{'id': 13909, 'rank': 17, 'fitness': 0.9685394347345531, 'generation': 184}","{'id': 13909, 'rank': 18, 'fitness': 0.9685394347345531, 'generation': 184}","{'id': 13909, 'rank': 19, 'fitness': 0.9685394347345531, 'generation': 184}","{'id': 13909, 'rank': 20, 'fitness': 0.9685394347345531, 'generation': 184}","{'id': 13874, 'rank': 21, 'fitness': 0.9673173697970602, 'generation': 184}","{'id': 13960, 'rank': 22, 'fitness': 0.9652647683925859, 'generation': 184}","{'id': 13693, 'rank': 23, 'fitness': 0.9644223565601123, 'generation': 184}","{'id': 13847, 'rank': 24, 'fitness': 0.9643872582084969, 'generation': 184}","{'id': 13925, 'rank': 25, 'fitness': 0.961942433338107, 'generation': 184}","{'id': 13958, 'rank': 26, 'fitness': 0.9606538931390142, 'generation': 184}","{'id': 13837, 'rank': 27, 'fitness': 0.9595967322619094, 'generation': 184}","{'id': 13895, 'rank': 28, 'fitness': 0.947877368165314, 'generation': 184}","{'id': 13896, 'rank': 29, 'fitness': 0.9162024309212226, 'generation': 184}","{'id': 13835, 'rank': 30, 'fitness': 0.01798620996209155, 'generation': 184}"
"{'id': 13983, 'rank': 1, 'fitness': 0.9820137900379085, 'generation': 185}","{'id': 13980, 'rank': 2, 'fitness': 0.9748523610766822, 'generation': 185}","{'id': 13980, 'rank': 3, 'fitness': 0.9748523610766822, 'generation': 185}","{'id': 13915, 'rank': 4, 'fitness': 0.9652936400733925, 'generation': 185}","{'id': 13881, 'rank': 5, 'fitness': 0.9326348333223686, 'generation': 185}","{'id': 13881, 'rank': 6, 'fitness': 0.9326348333223686, 'generation': 185}","{'id': 13881, 'rank': 7, 'fitness': 0.9326348333223686, 'generation': 185}","{'id': 14054, 'rank': 8, 'fitness': 0.9210832681082184, 'generation': 185}","{'id': 14054, 'rank': 9, 'fitness': 0.9210832681082184, 'generation': 185}","{'id': 14000, 'rank': 10, 'fitness': 0.9011081845401898, 'generation': 185}","{'id': 14045, 'rank': 11, 'fitness': 0.8587241558656942, 'generation': 185}","{'id': 14045, 'rank': 12, 'fitness': 0.8587241558656942, 'generation': 185}","{'id': 14005, 'rank': 13, 'fitness': 0.7123813396483791, 'generation': 185}","{'id': 13826, 'rank': 14, 'fitness': 0.6320104222718939, 'generation': 185}","{'id': 13910, 'rank': 15, 'fitness': 0.5766152070806467, 'generation': 185}","{'id': 14039, 'rank': 16, 'fitness': 0.4801496722043938, 'generation': 185}","{'id': 14039, 'rank': 17, 'fitness': 0.4801496722043938, 'generation': 185}","{'id': 14021, 'rank': 18, 'fitness': 0.4136188473547092, 'generation': 185}","{'id': 14040, 'rank': 19, 'fitness': 0.38223848961082546, 'generation': 185}","{'id': 14040, 'rank': 20, 'fitness': 0.38223848961082546, 'generation': 185}","{'id': 13970, 'rank': 21, 'fitness': 0.36519300990054915, 'generation': 185}","{'id': 14020, 'rank': 22, 'fitness': 0.3262099094274942, 'generation': 185}","{'id': 14051, 'rank': 23, 'fitness': 0.25838790146023727, 'generation': 185}","{'id': 13976, 'rank': 24, 'fitness': 0.1980952193598733, 'generation': 185}","{'id': 14004, 'rank': 25, 'fitness': 0.1494923056592964, 'generation': 185}","{'id': 13960, 'rank': 26, 'fitness': 0.14797802134032495, 'generation': 185}","{'id': 13925, 'rank': 27, 'fitness': 0.07591426466226969, 'generation': 185}","{'id': 14049, 'rank': 28, 'fitness': 0.02442180736884253, 'generation': 185}","{'id': 14035, 'rank': 29, 'fitness': 0.019002941116314176, 'generation': 185}","{'id': 14033, 'rank': 30, 'fitness': 0.01798620996209155, 'generation': 185}"
"{'id': 13983, 'rank': 1, 'fitness': 0.9820137900379085, 'generation': 186}","{'id': 13980, 'rank': 2, 'fitness': 0.9819009843504842, 'generation': 186}","{'id': 13915, 'rank': 3, 'fitness': 0.9817909629191184, 'generation': 186}","{'id': 13881, 'rank': 4, 'fitness': 0.9815576434018736, 'generation': 186}","{'id': 14118, 'rank': 5, 'fitness': 0.9815225228366637, 'generation': 186}","{'id': 14054, 'rank': 6, 'fitness': 0.9815000981029383, 'generation': 186}","{'id': 14000, 'rank': 7, 'fitness': 0.981416343688866, 'generation': 186}","{'id': 14045, 'rank': 8, 'fitness': 0.9812785665057597, 'generation': 186}","{'id': 14081, 'rank': 9, 'fitness': 0.9810683318411322, 'generation': 186}","{'id': 14069, 'rank': 10, 'fitness': 0.9809353628738706, 'generation': 186}","{'id': 14039, 'rank': 11, 'fitness': 0.9806240816816234, 'generation': 186}","{'id': 14040, 'rank': 12, 'fitness': 0.9804820599620379, 'generation': 186}","{'id': 14078, 'rank': 13, 'fitness': 0.9804805548288795, 'generation': 186}","{'id': 13970, 'rank': 14, 'fitness': 0.9804561290727957, 'generation': 186}","{'id': 14020, 'rank': 15, 'fitness': 0.9803945885957159, 'generation': 186}","{'id': 13976, 'rank': 16, 'fitness': 0.9801526951045522, 'generation': 186}","{'id': 14085, 'rank': 17, 'fitness': 0.9800999370022903, 'generation': 186}","{'id': 13960, 'rank': 18, 'fitness': 0.98002487769081, 'generation': 186}","{'id': 14077, 'rank': 19, 'fitness': 0.9799988560907618, 'generation': 186}","{'id': 14035, 'rank': 20, 'fitness': 0.9792107706194824, 'generation': 186}","{'id': 14107, 'rank': 21, 'fitness': 0.977826287540597, 'generation': 186}","{'id': 14107, 'rank': 22, 'fitness': 0.977826287540597, 'generation': 186}","{'id': 14059, 'rank': 23, 'fitness': 0.9775210390181377, 'generation': 186}","{'id': 14100, 'rank': 24, 'fitness': 0.9759168118594679, 'generation': 186}","{'id': 14113, 'rank': 25, 'fitness': 0.9732230418295813, 'generation': 186}","{'id': 14111, 'rank': 26, 'fitness': 0.9725187312390589, 'generation': 186}","{'id': 14073, 'rank': 27, 'fitness': 0.9684164493422215, 'generation': 186}","{'id': 14075, 'rank': 28, 'fitness': 0.31752801341422887, 'generation': 186}","{'id': 14083, 'rank': 29, 'fitness': 0.019665538689997764, 'generation': 186}","{'id': 14076, 'rank': 30, 'fitness': 0.01798620996209155, 'generation': 186}"
"{'id': 13983, 'rank': 1, 'fitness': 0.9820137900379085, 'generation': 187}","{'id': 14159, 'rank': 2, 'fitness': 0.98097063433057, 'generation': 187}","{'id': 14159, 'rank': 3, 'fitness': 0.98097063433057, 'generation': 187}","{'id': 14126, 'rank': 4, 'fitness': 0.9791448596912593, 'generation': 187}","{'id': 13915, 'rank': 5, 'fitness': 0.9771005821469472, 'generation': 187}","{'id': 13915, 'rank': 6, 'fitness': 0.9771005821469472, 'generation': 187}","{'id': 14123, 'rank': 7, 'fitness': 0.9754487884135961, 'generation': 187}","{'id': 14054, 'rank': 8, 'fitness': 0.968813930559941, 'generation': 187}","{'id': 14187, 'rank': 9, 'fitness': 0.9658431527210722, 'generation': 187}","{'id': 14134, 'rank': 10, 'fitness': 0.9596227185628299, 'generation': 187}","{'id': 14154, 'rank': 11, 'fitness': 0.955254840485105, 'generation': 187}","{'id': 14128, 'rank': 12, 'fitness': 0.9542405424496238, 'generation': 187}","{'id': 14128, 'rank': 13, 'fitness': 0.9542405424496238, 'generation': 187}","{'id': 14081, 'rank': 14, 'fitness': 0.9513807085736857, 'generation': 187}","{'id': 14153, 'rank': 15, 'fitness': 0.9394019629090553, 'generation': 187}","{'id': 14185, 'rank': 16, 'fitness': 0.9374261375754356, 'generation': 187}","{'id': 14137, 'rank': 17, 'fitness': 0.9223068389082643, 'generation': 187}","{'id': 14078, 'rank': 18, 'fitness': 0.9138063459166998, 'generation': 187}","{'id': 14176, 'rank': 19, 'fitness': 0.8966529954777858, 'generation': 187}","{'id': 14186, 'rank': 20, 'fitness': 0.8912244734806157, 'generation': 187}","{'id': 14163, 'rank': 21, 'fitness': 0.8722619719421134, 'generation': 187}","{'id': 14077, 'rank': 22, 'fitness': 0.8667006715519185, 'generation': 187}","{'id': 14147, 'rank': 23, 'fitness': 0.8521864677672828, 'generation': 187}","{'id': 14182, 'rank': 24, 'fitness': 0.8272288680102604, 'generation': 187}","{'id': 14131, 'rank': 25, 'fitness': 0.7714715216663615, 'generation': 187}","{'id': 14107, 'rank': 26, 'fitness': 0.45046777597435633, 'generation': 187}","{'id': 14100, 'rank': 27, 'fitness': 0.13456204475343492, 'generation': 187}","{'id': 14100, 'rank': 28, 'fitness': 0.13456204475343492, 'generation': 187}","{'id': 14139, 'rank': 29, 'fitness': 0.04520822156159959, 'generation': 187}","{'id': 14113, 'rank': 30, 'fitness': 0.01798620996209155, 'generation': 187}"
"{'id': 14251, 'rank': 1, 'fitness': 0.9820137900379085, 'generation': 188}","{'id': 14251, 'rank': 2, 'fitness': 0.9820137900379085, 'generation': 188}","{'id': 14251, 'rank': 3, 'fitness': 0.9820137900379085, 'generation': 188}","{'id': 14253, 'rank': 4, 'fitness': 0.9818734158949607, 'generation': 188}","{'id': 14234, 'rank': 5, 'fitness': 0.9817740372419062, 'generation': 188}","{'id': 14234, 'rank': 6, 'fitness': 0.9817740372419062, 'generation': 188}","{'id': 14159, 'rank': 7, 'fitness': 0.9815297722680845, 'generation': 188}","{'id': 14239, 'rank': 8, 'fitness': 0.9814971465828435, 'generation': 188}","{'id': 13915, 'rank': 9, 'fitness': 0.9813748175360253, 'generation': 188}","{'id': 13915, 'rank': 10, 'fitness': 0.9813748175360253, 'generation': 188}","{'id': 14194, 'rank': 11, 'fitness': 0.9813649919576222, 'generation': 188}","{'id': 14123, 'rank': 12, 'fitness': 0.9813160212231429, 'generation': 188}","{'id': 14252, 'rank': 13, 'fitness': 0.9812857407679214, 'generation': 188}","{'id': 14250, 'rank': 14, 'fitness': 0.9812639975609945, 'generation': 188}","{'id': 14250, 'rank': 15, 'fitness': 0.9812639975609945, 'generation': 188}","{'id': 14195, 'rank': 16, 'fitness': 0.9812264207355403, 'generation': 188}","{'id': 14243, 'rank': 17, 'fitness': 0.9811985346889531, 'generation': 188}","{'id': 14242, 'rank': 18, 'fitness': 0.9811122491738062, 'generation': 188}","{'id': 14258, 'rank': 19, 'fitness': 0.9811113753692375, 'generation': 188}","{'id': 14187, 'rank': 20, 'fitness': 0.9810332168412323, 'generation': 188}","{'id': 14261, 'rank': 21, 'fitness': 0.9805319476131953, 'generation': 188}","{'id': 14153, 'rank': 22, 'fitness': 0.980523115499013, 'generation': 188}","{'id': 14224, 'rank': 23, 'fitness': 0.9800207985387723, 'generation': 188}","{'id': 14163, 'rank': 24, 'fitness': 0.9798055768496355, 'generation': 188}","{'id': 14147, 'rank': 25, 'fitness': 0.979654255556489, 'generation': 188}","{'id': 14147, 'rank': 26, 'fitness': 0.979654255556489, 'generation': 188}","{'id': 14207, 'rank': 27, 'fitness': 0.9783451969128927, 'generation': 188}","{'id': 14189, 'rank': 28, 'fitness': 0.977135588765055, 'generation': 188}","{'id': 14188, 'rank': 29, 'fitness': 0.9755381069347786, 'generation': 188}","{'id': 14237, 'rank': 30, 'fitness': 0.01798620996209155, 'generation': 188}"
"{'id': 14270, 'rank': 1, 'fitness': 0.9820137900379085, 'generation': 189}","{'id': 14251, 'rank': 2, 'fitness': 0.9735567882430353, 'generation': 189}","{'id': 14251, 'rank': 3, 'fitness': 0.9735567882430353, 'generation': 189}","{'id': 14312, 'rank': 4, 'fitness': 0.9650623941980017, 'generation': 189}","{'id': 14234, 'rank': 5, 'fitness': 0.9438601421564883, 'generation': 189}","{'id': 14352, 'rank': 6, 'fitness': 0.937616540630338, 'generation': 189}","{'id': 14272, 'rank': 7, 'fitness': 0.9279665399718628, 'generation': 189}","{'id': 14269, 'rank': 8, 'fitness': 0.9002302329493076, 'generation': 189}","{'id': 14305, 'rank': 9, 'fitness': 0.8919007903608913, 'generation': 189}","{'id': 14239, 'rank': 10, 'fitness': 0.8731815684441893, 'generation': 189}","{'id': 14314, 'rank': 11, 'fitness': 0.8596348425887923, 'generation': 189}","{'id': 14332, 'rank': 12, 'fitness': 0.8511342887013662, 'generation': 189}","{'id': 14307, 'rank': 13, 'fitness': 0.835872723332866, 'generation': 189}","{'id': 14310, 'rank': 14, 'fitness': 0.8047243311265051, 'generation': 189}","{'id': 14123, 'rank': 15, 'fitness': 0.7945333140841915, 'generation': 189}","{'id': 14317, 'rank': 16, 'fitness': 0.7674541046593908, 'generation': 189}","{'id': 14280, 'rank': 17, 'fitness': 0.7609103205261857, 'generation': 189}","{'id': 14195, 'rank': 18, 'fitness': 0.7444262889951319, 'generation': 189}","{'id': 14358, 'rank': 19, 'fitness': 0.7132905871403499, 'generation': 189}","{'id': 14282, 'rank': 20, 'fitness': 0.6315467147761914, 'generation': 189}","{'id': 14347, 'rank': 21, 'fitness': 0.4078464947503762, 'generation': 189}","{'id': 14350, 'rank': 22, 'fitness': 0.3972050017259625, 'generation': 189}","{'id': 14274, 'rank': 23, 'fitness': 0.3710495907530794, 'generation': 189}","{'id': 14273, 'rank': 24, 'fitness': 0.26945750106145466, 'generation': 189}","{'id': 14290, 'rank': 25, 'fitness': 0.25206097898650875, 'generation': 189}","{'id': 14334, 'rank': 26, 'fitness': 0.19669237797839967, 'generation': 189}","{'id': 14298, 'rank': 27, 'fitness': 0.11124820054330559, 'generation': 189}","{'id': 14224, 'rank': 28, 'fitness': 0.06786718818958198, 'generation': 189}","{'id': 14345, 'rank': 29, 'fitness': 0.01798620996209155, 'generation': 189}","{'id': 14345, 'rank': 30, 'fitness': 0.01798620996209155, 'generation': 189}"
"{'id': 14270, 'rank': 1, 'fitness': 0.9820137900379085, 'generation': 190}","{'id': 14270, 'rank': 2, 'fitness': 0.9820137900379085, 'generation': 190}","{'id': 14419, 'rank': 3, 'fitness': 0.9819331017540401, 'generation': 190}","{'id': 14419, 'rank': 4, 'fitness': 0.9819331017540401, 'generation': 190}","{'id': 14251, 'rank': 5, 'fitness': 0.9819001587767194, 'generation': 190}","{'id': 14312, 'rank': 6, 'fitness': 0.9818168574168451, 'generation': 190}","{'id': 14312, 'rank': 7, 'fitness': 0.9818168574168451, 'generation': 190}","{'id': 14312, 'rank': 8, 'fitness': 0.9818168574168451, 'generation': 190}","{'id': 14420, 'rank': 9, 'fitness': 0.9817309416963921, 'generation': 190}","{'id': 14417, 'rank': 10, 'fitness': 0.9816779324693337, 'generation': 190}","{'id': 14234, 'rank': 11, 'fitness': 0.9816720264569408, 'generation': 190}","{'id': 14423, 'rank': 12, 'fitness': 0.9816519310635883, 'generation': 190}","{'id': 14269, 'rank': 13, 'fitness': 0.9814888848391221, 'generation': 190}","{'id': 14390, 'rank': 14, 'fitness': 0.9813823877521084, 'generation': 190}","{'id': 14332, 'rank': 15, 'fitness': 0.981353478962326, 'generation': 190}","{'id': 14280, 'rank': 16, 'fitness': 0.9811781891473975, 'generation': 190}","{'id': 14195, 'rank': 17, 'fitness': 0.9811515469887055, 'generation': 190}","{'id': 14358, 'rank': 18, 'fitness': 0.9811040258002309, 'generation': 190}","{'id': 14282, 'rank': 19, 'fitness': 0.9809912791849553, 'generation': 190}","{'id': 14347, 'rank': 20, 'fitness': 0.9807125758845212, 'generation': 190}","{'id': 14274, 'rank': 21, 'fitness': 0.9806648467607593, 'generation': 190}","{'id': 14373, 'rank': 22, 'fitness': 0.9805508863757464, 'generation': 190}","{'id': 14334, 'rank': 23, 'fitness': 0.9803915786361941, 'generation': 190}","{'id': 14359, 'rank': 24, 'fitness': 0.9721603938650321, 'generation': 190}","{'id': 14405, 'rank': 25, 'fitness': 0.970902793300418, 'generation': 190}","{'id': 14396, 'rank': 26, 'fitness': 0.9707088026452206, 'generation': 190}","{'id': 14381, 'rank': 27, 'fitness': 0.9669605756963535, 'generation': 190}","{'id': 14365, 'rank': 28, 'fitness': 0.9598089984833009, 'generation': 190}","{'id': 14397, 'rank': 29, 'fitness': 0.9272149451293934, 'generation': 190}","{'id': 14368, 'rank': 30, 'fitness': 0.01798620996209155, 'generation': 190}"
"{'id': 14497, 'rank': 1, 'fitness': 0.9820137900379085, 'generation': 191}","{'id': 14475, 'rank': 2, 'fitness': 0.9780246804806099, 'generation': 191}","{'id': 14433, 'rank': 3, 'fitness': 0.9719727637682056, 'generation': 191}","{'id': 14483, 'rank': 4, 'fitness': 0.964904229545745, 'generation': 191}","{'id': 14491, 'rank': 5, 'fitness': 0.9400036865909203, 'generation': 191}","{'id': 14491, 'rank': 6, 'fitness': 0.9400036865909203, 'generation': 191}","{'id': 14491, 'rank': 7, 'fitness': 0.9400036865909203, 'generation': 191}","{'id': 14465, 'rank': 8, 'fitness': 0.9272519306827279, 'generation': 191}","{'id': 14270, 'rank': 9, 'fitness': 0.9107091544472781, 'generation': 191}","{'id': 14419, 'rank': 10, 'fitness': 0.8823749235140953, 'generation': 191}","{'id': 14419, 'rank': 11, 'fitness': 0.8823749235140953, 'generation': 191}","{'id': 14494, 'rank': 12, 'fitness': 0.8703267320717565, 'generation': 191}","{'id': 14503, 'rank': 13, 'fitness': 0.8683721477416264, 'generation': 191}","{'id': 14312, 'rank': 14, 'fitness': 0.8284795386310679, 'generation': 191}","{'id': 14504, 'rank': 15, 'fitness': 0.8207270975136699, 'generation': 191}","{'id': 14504, 'rank': 16, 'fitness': 0.8207270975136699, 'generation': 191}","{'id': 14423, 'rank': 17, 'fitness': 0.7221233592747683, 'generation': 191}","{'id': 14490, 'rank': 18, 'fitness': 0.7156884328542644, 'generation': 191}","{'id': 14490, 'rank': 19, 'fitness': 0.7156884328542644, 'generation': 191}","{'id': 14490, 'rank': 20, 'fitness': 0.7156884328542644, 'generation': 191}","{'id': 14484, 'rank': 21, 'fitness': 0.67543710005713, 'generation': 191}","{'id': 14425, 'rank': 22, 'fitness': 0.6537542145833196, 'generation': 191}","{'id': 14507, 'rank': 23, 'fitness': 0.6080871801624665, 'generation': 191}","{'id': 14448, 'rank': 24, 'fitness': 0.5889603346185318, 'generation': 191}","{'id': 14472, 'rank': 25, 'fitness': 0.4848421452277191, 'generation': 191}","{'id': 14506, 'rank': 26, 'fitness': 0.3068442114578668, 'generation': 191}","{'id': 14426, 'rank': 27, 'fitness': 0.27156127689434484, 'generation': 191}","{'id': 14470, 'rank': 28, 'fitness': 0.18513424725903033, 'generation': 191}","{'id': 14274, 'rank': 29, 'fitness': 0.06633573886396688, 'generation': 191}","{'id': 14460, 'rank': 30, 'fitness': 0.01798620996209155, 'generation': 191}"
"{'id': 14512, 'rank': 1, 'fitness': 0.9820137900379085, 'generation': 192}","{'id': 14551, 'rank': 2, 'fitness': 0.9819347097162391, 'generation': 192}","{'id': 14551, 'rank': 3, 'fitness': 0.9819347097162391, 'generation': 192}","{'id': 14591, 'rank': 4, 'fitness': 0.9816256895762225, 'generation': 192}","{'id': 14433, 'rank': 5, 'fitness': 0.981554493304327, 'generation': 192}","{'id': 14483, 'rank': 6, 'fitness': 0.981473777655308, 'generation': 192}","{'id': 14491, 'rank': 7, 'fitness': 0.9812768623640078, 'generation': 192}","{'id': 14491, 'rank': 8, 'fitness': 0.9812768623640078, 'generation': 192}","{'id': 14465, 'rank': 9, 'fitness': 0.9812040819794097, 'generation': 192}","{'id': 14419, 'rank': 10, 'fitness': 0.9810158619282616, 'generation': 192}","{'id': 14503, 'rank': 11, 'fitness': 0.9809699687694866, 'generation': 192}","{'id': 14423, 'rank': 12, 'fitness': 0.9806339042012051, 'generation': 192}","{'id': 14490, 'rank': 13, 'fitness': 0.980622314686754, 'generation': 192}","{'id': 14448, 'rank': 14, 'fitness': 0.9804161039779317, 'generation': 192}","{'id': 14470, 'rank': 15, 'fitness': 0.9797270698607007, 'generation': 192}","{'id': 14460, 'rank': 16, 'fitness': 0.9787463958495104, 'generation': 192}","{'id': 14460, 'rank': 17, 'fitness': 0.9787463958495104, 'generation': 192}","{'id': 14460, 'rank': 18, 'fitness': 0.9787463958495104, 'generation': 192}","{'id': 14574, 'rank': 19, 'fitness': 0.9780381619413524, 'generation': 192}","{'id': 14575, 'rank': 20, 'fitness': 0.9779026981606473, 'generation': 192}","{'id': 14530, 'rank': 21, 'fitness': 0.9760299544975171, 'generation': 192}","{'id': 14538, 'rank': 22, 'fitness': 0.9744125574351472, 'generation': 192}","{'id': 14547, 'rank': 23, 'fitness': 0.9644945419128659, 'generation': 192}","{'id': 14547, 'rank': 24, 'fitness': 0.9644945419128659, 'generation': 192}","{'id': 14532, 'rank': 25, 'fitness': 0.9629930715394346, 'generation': 192}","{'id': 14571, 'rank': 26, 'fitness': 0.9604207002125063, 'generation': 192}","{'id': 14525, 'rank': 27, 'fitness': 0.9283012486689168, 'generation': 192}","{'id': 14522, 'rank': 28, 'fitness': 0.9134169427524683, 'generation': 192}","{'id': 14581, 'rank': 29, 'fitness': 0.6485235897784661, 'generation': 192}","{'id': 14566, 'rank': 30, 'fitness': 0.01798620996209155, 'generation': 192}"
"{'id': 14551, 'rank': 1, 'fitness': 0.9820137900379085, 'generation': 193}","{'id': 14551, 'rank': 2, 'fitness': 0.9820137900379085, 'generation': 193}","{'id': 14596, 'rank': 3, 'fitness': 0.9810049929875863, 'generation': 193}","{'id': 14591, 'rank': 4, 'fitness': 0.9809341653095964, 'generation': 193}","{'id': 14595, 'rank': 5, 'fitness': 0.9806388304340374, 'generation': 193}","{'id': 14491, 'rank': 6, 'fitness': 0.9796622761175824, 'generation': 193}","{'id': 14491, 'rank': 7, 'fitness': 0.9796622761175824, 'generation': 193}","{'id': 14491, 'rank': 8, 'fitness': 0.9796622761175824, 'generation': 193}","{'id': 14610, 'rank': 9, 'fitness': 0.9796601959490793, 'generation': 193}","{'id': 14664, 'rank': 10, 'fitness': 0.9788444226622192, 'generation': 193}","{'id': 14664, 'rank': 11, 'fitness': 0.9788444226622192, 'generation': 193}","{'id': 14640, 'rank': 12, 'fitness': 0.9781101829764541, 'generation': 193}","{'id': 14645, 'rank': 13, 'fitness': 0.9776426810053842, 'generation': 193}","{'id': 14645, 'rank': 14, 'fitness': 0.9776426810053842, 'generation': 193}","{'id': 14648, 'rank': 15, 'fitness': 0.9752356687125845, 'generation': 193}","{'id': 14620, 'rank': 16, 'fitness': 0.9743357756030526, 'generation': 193}","{'id': 14622, 'rank': 17, 'fitness': 0.9742148746048275, 'generation': 193}","{'id': 14460, 'rank': 18, 'fitness': 0.9686303753348489, 'generation': 193}","{'id': 14629, 'rank': 19, 'fitness': 0.9684565935005185, 'generation': 193}","{'id': 14574, 'rank': 20, 'fitness': 0.9649351135707849, 'generation': 193}","{'id': 14574, 'rank': 21, 'fitness': 0.9649351135707849, 'generation': 193}","{'id': 14669, 'rank': 22, 'fitness': 0.9647876863729583, 'generation': 193}","{'id': 14669, 'rank': 23, 'fitness': 0.9647876863729583, 'generation': 193}","{'id': 14651, 'rank': 24, 'fitness': 0.9624962336354967, 'generation': 193}","{'id': 14607, 'rank': 25, 'fitness': 0.9592061953609288, 'generation': 193}","{'id': 14650, 'rank': 26, 'fitness': 0.9573226359548859, 'generation': 193}","{'id': 14530, 'rank': 27, 'fitness': 0.9528885843715693, 'generation': 193}","{'id': 14637, 'rank': 28, 'fitness': 0.8644955006492417, 'generation': 193}","{'id': 14634, 'rank': 29, 'fitness': 0.7817649647835706, 'generation': 193}","{'id': 14604, 'rank': 30, 'fitness': 0.01798620996209155, 'generation': 193}"
"{'id': 14684, 'rank': 1, 'fitness': 0.9820137900379085, 'generation': 194}","{'id': 14551, 'rank': 2, 'fitness': 0.9685375226641473, 'generation': 194}","{'id': 14683, 'rank': 3, 'fitness': 0.9567349968974795, 'generation': 194}","{'id': 14595, 'rank': 4, 'fitness': 0.9357810892428116, 'generation': 194}","{'id': 14737, 'rank': 5, 'fitness': 0.9290373145312623, 'generation': 194}","{'id': 14737, 'rank': 6, 'fitness': 0.9290373145312623, 'generation': 194}","{'id': 14491, 'rank': 7, 'fitness': 0.8983365067638036, 'generation': 194}","{'id': 14491, 'rank': 8, 'fitness': 0.8983365067638036, 'generation': 194}","{'id': 14491, 'rank': 9, 'fitness': 0.8983365067638036, 'generation': 194}","{'id': 14703, 'rank': 10, 'fitness': 0.8979872408553521, 'generation': 194}","{'id': 14747, 'rank': 11, 'fitness': 0.88726331950935, 'generation': 194}","{'id': 14730, 'rank': 12, 'fitness': 0.8768166681654481, 'generation': 194}","{'id': 14763, 'rank': 13, 'fitness': 0.8703447216740385, 'generation': 194}","{'id': 14664, 'rank': 14, 'fitness': 0.8554170748658929, 'generation': 194}","{'id': 14741, 'rank': 15, 'fitness': 0.8534490677083786, 'generation': 194}","{'id': 14741, 'rank': 16, 'fitness': 0.8534490677083786, 'generation': 194}","{'id': 14731, 'rank': 17, 'fitness': 0.8533904367269136, 'generation': 194}","{'id': 14714, 'rank': 18, 'fitness': 0.8377903013745904, 'generation': 194}","{'id': 14713, 'rank': 19, 'fitness': 0.8115996498479354, 'generation': 194}","{'id': 14713, 'rank': 20, 'fitness': 0.8115996498479354, 'generation': 194}","{'id': 14640, 'rank': 21, 'fitness': 0.8069523052361743, 'generation': 194}","{'id': 14709, 'rank': 22, 'fitness': 0.7290612720934793, 'generation': 194}","{'id': 14739, 'rank': 23, 'fitness': 0.49997857695953685, 'generation': 194}","{'id': 14707, 'rank': 24, 'fitness': 0.4892750826721575, 'generation': 194}","{'id': 14620, 'rank': 25, 'fitness': 0.4518640305971381, 'generation': 194}","{'id': 14696, 'rank': 26, 'fitness': 0.4047628840001455, 'generation': 194}","{'id': 14698, 'rank': 27, 'fitness': 0.19129268914320946, 'generation': 194}","{'id': 14697, 'rank': 28, 'fitness': 0.130757913686119, 'generation': 194}","{'id': 14759, 'rank': 29, 'fitness': 0.040445882380204246, 'generation': 194}","{'id': 14761, 'rank': 30, 'fitness': 0.01798620996209155, 'generation': 194}"
"{'id': 14785, 'rank': 1, 'fitness': 0.9820137900379085, 'generation': 195}","{'id': 14684, 'rank': 2, 'fitness': 0.9819143679113682, 'generation': 195}","{'id': 14786, 'rank': 3, 'fitness': 0.9818675709905225, 'generation': 195}","{'id': 14818, 'rank': 4, 'fitness': 0.9816394798061927, 'generation': 195}","{'id': 14551, 'rank': 5, 'fitness': 0.9804847266788065, 'generation': 195}","{'id': 14551, 'rank': 6, 'fitness': 0.9804847266788065, 'generation': 195}","{'id': 14782, 'rank': 7, 'fitness': 0.9803293705437557, 'generation': 195}","{'id': 14782, 'rank': 8, 'fitness': 0.9803293705437557, 'generation': 195}","{'id': 14683, 'rank': 9, 'fitness': 0.9796095260184883, 'generation': 195}","{'id': 14800, 'rank': 10, 'fitness': 0.979527174688015, 'generation': 195}","{'id': 14595, 'rank': 11, 'fitness': 0.9784511104916291, 'generation': 195}","{'id': 14491, 'rank': 12, 'fitness': 0.9769768107977088, 'generation': 195}","{'id': 14703, 'rank': 13, 'fitness': 0.976965185763718, 'generation': 195}","{'id': 14730, 'rank': 14, 'fitness': 0.9763093447132425, 'generation': 195}","{'id': 14730, 'rank': 15, 'fitness': 0.9763093447132425, 'generation': 195}","{'id': 14741, 'rank': 16, 'fitness': 0.9756729741859147, 'generation': 195}","{'id': 14741, 'rank': 17, 'fitness': 0.9756729741859147, 'generation': 195}","{'id': 14714, 'rank': 18, 'fitness': 0.975284461071404, 'generation': 195}","{'id': 14713, 'rank': 19, 'fitness': 0.9746856970774764, 'generation': 195}","{'id': 14709, 'rank': 20, 'fitness': 0.9730661951027888, 'generation': 195}","{'id': 14698, 'rank': 21, 'fitness': 0.9629613702769702, 'generation': 195}","{'id': 14697, 'rank': 22, 'fitness': 0.9607137791808953, 'generation': 195}","{'id': 14824, 'rank': 23, 'fitness': 0.9583394013162392, 'generation': 195}","{'id': 14787, 'rank': 24, 'fitness': 0.869746828470795, 'generation': 195}","{'id': 14814, 'rank': 25, 'fitness': 0.8025868106115782, 'generation': 195}","{'id': 14776, 'rank': 26, 'fitness': 0.8025285936113102, 'generation': 195}","{'id': 14815, 'rank': 27, 'fitness': 0.7321485642467946, 'generation': 195}","{'id': 14793, 'rank': 28, 'fitness': 0.30837704947051015, 'generation': 195}","{'id': 14779, 'rank': 29, 'fitness': 0.05941809040879481, 'generation': 195}","{'id': 14778, 'rank': 30, 'fitness': 0.01798620996209155, 'generation': 195}"
"{'id': 14890, 'rank': 1, 'fitness': 0.9820137900379085, 'generation': 196}","{'id': 14890, 'rank': 2, 'fitness': 0.9820137900379085, 'generation': 196}","{'id': 14873, 'rank': 3, 'fitness': 0.9760261856304531, 'generation': 196}","{'id': 14873, 'rank': 4, 'fitness': 0.9760261856304531, 'generation': 196}","{'id': 14786, 'rank': 5, 'fitness': 0.9700357572562297, 'generation': 196}","{'id': 14818, 'rank': 6, 'fitness': 0.9678910425568663, 'generation': 196}","{'id': 14924, 'rank': 7, 'fitness': 0.9659606473882896, 'generation': 196}","{'id': 14782, 'rank': 8, 'fitness': 0.9531275586102782, 'generation': 196}","{'id': 14908, 'rank': 9, 'fitness': 0.9467690170023577, 'generation': 196}","{'id': 14800, 'rank': 10, 'fitness': 0.9417924019104298, 'generation': 196}","{'id': 14923, 'rank': 11, 'fitness': 0.940894881254754, 'generation': 196}","{'id': 14923, 'rank': 12, 'fitness': 0.940894881254754, 'generation': 196}","{'id': 14857, 'rank': 13, 'fitness': 0.9240928550040348, 'generation': 196}","{'id': 14857, 'rank': 14, 'fitness': 0.9240928550040348, 'generation': 196}","{'id': 14595, 'rank': 15, 'fitness': 0.9234795235647147, 'generation': 196}","{'id': 14869, 'rank': 16, 'fitness': 0.9076966465227834, 'generation': 196}","{'id': 14897, 'rank': 17, 'fitness': 0.9051924000640512, 'generation': 196}","{'id': 14903, 'rank': 18, 'fitness': 0.8994224605205036, 'generation': 196}","{'id': 14854, 'rank': 19, 'fitness': 0.8991601394874643, 'generation': 196}","{'id': 14907, 'rank': 20, 'fitness': 0.8738190125996439, 'generation': 196}","{'id': 14741, 'rank': 21, 'fitness': 0.8575654760861777, 'generation': 196}","{'id': 14862, 'rank': 22, 'fitness': 0.8093063437080776, 'generation': 196}","{'id': 14862, 'rank': 23, 'fitness': 0.8093063437080776, 'generation': 196}","{'id': 14876, 'rank': 24, 'fitness': 0.8091144908251096, 'generation': 196}","{'id': 14876, 'rank': 25, 'fitness': 0.8091144908251096, 'generation': 196}","{'id': 14844, 'rank': 26, 'fitness': 0.7759752554604782, 'generation': 196}","{'id': 14841, 'rank': 27, 'fitness': 0.7203564882219949, 'generation': 196}","{'id': 14894, 'rank': 28, 'fitness': 0.1814629528616612, 'generation': 196}","{'id': 14926, 'rank': 29, 'fitness': 0.01798620996209155, 'generation': 196}","{'id': 14926, 'rank': 30, 'fitness': 0.01798620996209155, 'generation': 196}"
"{'id': 14973, 'rank': 1, 'fitness': 0.9820137900379085, 'generation': 197}","{'id': 14938, 'rank': 2, 'fitness': 0.9819584392043745, 'generation': 197}","{'id': 14937, 'rank': 3, 'fitness': 0.9813790561400737, 'generation': 197}","{'id': 14786, 'rank': 4, 'fitness': 0.9812526170981224, 'generation': 197}","{'id': 14990, 'rank': 5, 'fitness': 0.9811326974634635, 'generation': 197}","{'id': 14818, 'rank': 6, 'fitness': 0.9810309631891213, 'generation': 197}","{'id': 14924, 'rank': 7, 'fitness': 0.9808413696534479, 'generation': 197}","{'id': 14958, 'rank': 8, 'fitness': 0.9795221859659633, 'generation': 197}","{'id': 14974, 'rank': 9, 'fitness': 0.9794503369732697, 'generation': 197}","{'id': 14908, 'rank': 10, 'fitness': 0.9793102176857003, 'generation': 197}","{'id': 14800, 'rank': 11, 'fitness': 0.9789857431280484, 'generation': 197}","{'id': 14986, 'rank': 12, 'fitness': 0.9784045361860806, 'generation': 197}","{'id': 14857, 'rank': 13, 'fitness': 0.9779802420467245, 'generation': 197}","{'id': 14981, 'rank': 14, 'fitness': 0.9776012262762228, 'generation': 197}","{'id': 14996, 'rank': 15, 'fitness': 0.9771379758342309, 'generation': 197}","{'id': 14897, 'rank': 16, 'fitness': 0.9770841745141868, 'generation': 197}","{'id': 14876, 'rank': 17, 'fitness': 0.9738241083322519, 'generation': 197}","{'id': 14952, 'rank': 18, 'fitness': 0.9721352564464546, 'generation': 197}","{'id': 14841, 'rank': 19, 'fitness': 0.9716057535098963, 'generation': 197}","{'id': 14980, 'rank': 20, 'fitness': 0.9688250188833042, 'generation': 197}","{'id': 14953, 'rank': 21, 'fitness': 0.9654461576296618, 'generation': 197}","{'id': 14999, 'rank': 22, 'fitness': 0.9532966595568373, 'generation': 197}","{'id': 14995, 'rank': 23, 'fitness': 0.944849602125798, 'generation': 197}","{'id': 14985, 'rank': 24, 'fitness': 0.943432614087667, 'generation': 197}","{'id': 14926, 'rank': 25, 'fitness': 0.9371570151132866, 'generation': 197}","{'id': 14969, 'rank': 26, 'fitness': 0.916986984625501, 'generation': 197}","{'id': 14963, 'rank': 27, 'fitness': 0.9059858780470796, 'generation': 197}","{'id': 14931, 'rank': 28, 'fitness': 0.7884630576595076, 'generation': 197}","{'id': 14936, 'rank': 29, 'fitness': 0.03847310004773613, 'generation': 197}","{'id': 14962, 'rank': 30, 'fitness': 0.01798620996209155, 'generation': 197}"
"{'id': 15022, 'rank': 1, 'fitness': 0.9820137900379085, 'generation': 198}","{'id': 14937, 'rank': 2, 'fitness': 0.9799919067008369, 'generation': 198}","{'id': 14786, 'rank': 3, 'fitness': 0.9795783670730975, 'generation': 198}","{'id': 15020, 'rank': 4, 'fitness': 0.9790970698017261, 'generation': 198}","{'id': 15020, 'rank': 5, 'fitness': 0.9790970698017261, 'generation': 198}","{'id': 15076, 'rank': 6, 'fitness': 0.9745945349013159, 'generation': 198}","{'id': 15026, 'rank': 7, 'fitness': 0.9737613628288906, 'generation': 198}","{'id': 15026, 'rank': 8, 'fitness': 0.9737613628288906, 'generation': 198}","{'id': 14958, 'rank': 9, 'fitness': 0.9733476352931414, 'generation': 198}","{'id': 15078, 'rank': 10, 'fitness': 0.9725132127976271, 'generation': 198}","{'id': 14800, 'rank': 11, 'fitness': 0.971193040078231, 'generation': 198}","{'id': 15030, 'rank': 12, 'fitness': 0.9697355247365099, 'generation': 198}","{'id': 14986, 'rank': 13, 'fitness': 0.9687353874266887, 'generation': 198}","{'id': 15012, 'rank': 14, 'fitness': 0.9685797097187328, 'generation': 198}","{'id': 15011, 'rank': 15, 'fitness': 0.9670454732685918, 'generation': 198}","{'id': 14857, 'rank': 16, 'fitness': 0.966858935009726, 'generation': 198}","{'id': 15075, 'rank': 17, 'fitness': 0.956365649784763, 'generation': 198}","{'id': 15072, 'rank': 18, 'fitness': 0.9560262540364739, 'generation': 198}","{'id': 15051, 'rank': 19, 'fitness': 0.9536383735014332, 'generation': 198}","{'id': 15010, 'rank': 20, 'fitness': 0.9418782101512846, 'generation': 198}","{'id': 15079, 'rank': 21, 'fitness': 0.9390143935991986, 'generation': 198}","{'id': 15016, 'rank': 22, 'fitness': 0.9197036368649618, 'generation': 198}","{'id': 15007, 'rank': 23, 'fitness': 0.895441705446119, 'generation': 198}","{'id': 15007, 'rank': 24, 'fitness': 0.895441705446119, 'generation': 198}","{'id': 15007, 'rank': 25, 'fitness': 0.895441705446119, 'generation': 198}","{'id': 15086, 'rank': 26, 'fitness': 0.6561198102321838, 'generation': 198}","{'id': 15087, 'rank': 27, 'fitness': 0.26148969854613624, 'generation': 198}","{'id': 15041, 'rank': 28, 'fitness': 0.1740518057338164, 'generation': 198}","{'id': 15040, 'rank': 29, 'fitness': 0.03514653221710923, 'generation': 198}","{'id': 15038, 'rank': 30, 'fitness': 0.01798620996209155, 'generation': 198}"
"{'id': 15111, 'rank': 1, 'fitness': 0.9820137900379085, 'generation': 199}","{'id': 15110, 'rank': 2, 'fitness': 0.9759121317813455, 'generation': 199}","{'id': 15109, 'rank': 3, 'fitness': 0.9692143086398844, 'generation': 199}","{'id': 15022, 'rank': 4, 'fitness': 0.9683353254093275, 'generation': 199}","{'id': 15020, 'rank': 5, 'fitness': 0.9606326699961645, 'generation': 199}","{'id': 15182, 'rank': 6, 'fitness': 0.9593019574948194, 'generation': 199}","{'id': 15147, 'rank': 7, 'fitness': 0.9536310007840656, 'generation': 199}","{'id': 15147, 'rank': 8, 'fitness': 0.9536310007840656, 'generation': 199}","{'id': 15142, 'rank': 9, 'fitness': 0.9527770042425048, 'generation': 199}","{'id': 15076, 'rank': 10, 'fitness': 0.9478740454332548, 'generation': 199}","{'id': 15076, 'rank': 11, 'fitness': 0.9478740454332548, 'generation': 199}","{'id': 15076, 'rank': 12, 'fitness': 0.9478740454332548, 'generation': 199}","{'id': 14958, 'rank': 13, 'fitness': 0.9441758295743934, 'generation': 199}","{'id': 14800, 'rank': 14, 'fitness': 0.9376344177404222, 'generation': 199}","{'id': 15030, 'rank': 15, 'fitness': 0.9331079149787456, 'generation': 199}","{'id': 15128, 'rank': 16, 'fitness': 0.933078066837816, 'generation': 199}","{'id': 15128, 'rank': 17, 'fitness': 0.933078066837816, 'generation': 199}","{'id': 15130, 'rank': 18, 'fitness': 0.9242933139473432, 'generation': 199}","{'id': 15130, 'rank': 19, 'fitness': 0.9242933139473432, 'generation': 199}","{'id': 15130, 'rank': 20, 'fitness': 0.9242933139473432, 'generation': 199}","{'id': 15157, 'rank': 21, 'fitness': 0.8705466018454657, 'generation': 199}","{'id': 15180, 'rank': 22, 'fitness': 0.8463235446488857, 'generation': 199}","{'id': 15105, 'rank': 23, 'fitness': 0.7890507448849264, 'generation': 199}","{'id': 15016, 'rank': 24, 'fitness': 0.75404944527402, 'generation': 199}","{'id': 15119, 'rank': 25, 'fitness': 0.7014263000850092, 'generation': 199}","{'id': 15007, 'rank': 26, 'fitness': 0.6664340301969061, 'generation': 199}","{'id': 15155, 'rank': 27, 'fitness': 0.6293899581202971, 'generation': 199}","{'id': 15155, 'rank': 28, 'fitness': 0.6293899581202971, 'generation': 199}","{'id': 15152, 'rank': 29, 'fitness': 0.3668009462400297, 'generation': 199}","{'id': 15087, 'rank': 30, 'fitness': 0.01798620996209155, 'generation': 199}"
"{'id': 15204, 'rank': 1, 'fitness': 0.9820137900379085, 'generation': 200}","{'id': 15205, 'rank': 2, 'fitness': 0.981724647512559, 'generation': 200}","{'id': 15111, 'rank': 3, 'fitness': 0.9798304747124685, 'generation': 200}","{'id': 15110, 'rank': 4, 'fitness': 0.9764326728209742, 'generation': 200}","{'id': 15254, 'rank': 5, 'fitness': 0.971711865020032, 'generation': 200}","{'id': 15255, 'rank': 6, 'fitness': 0.9691658096189042, 'generation': 200}","{'id': 15251, 'rank': 7, 'fitness': 0.9690212191346844, 'generation': 200}","{'id': 15182, 'rank': 8, 'fitness': 0.9687830715498122, 'generation': 200}","{'id': 15147, 'rank': 9, 'fitness': 0.9665060032941689, 'generation': 200}","{'id': 15147, 'rank': 10, 'fitness': 0.9665060032941689, 'generation': 200}","{'id': 15206, 'rank': 11, 'fitness': 0.9643735639246013, 'generation': 200}","{'id': 15206, 'rank': 12, 'fitness': 0.9643735639246013, 'generation': 200}","{'id': 15076, 'rank': 13, 'fitness': 0.9643138547546394, 'generation': 200}","{'id': 15249, 'rank': 14, 'fitness': 0.9632529220568122, 'generation': 200}","{'id': 14958, 'rank': 15, 'fitness': 0.9629595374276791, 'generation': 200}","{'id': 15250, 'rank': 16, 'fitness': 0.9611572115403322, 'generation': 200}","{'id': 15231, 'rank': 17, 'fitness': 0.9596653340530237, 'generation': 200}","{'id': 15128, 'rank': 18, 'fitness': 0.9591036535269799, 'generation': 200}","{'id': 15198, 'rank': 19, 'fitness': 0.9567196298634625, 'generation': 200}","{'id': 15130, 'rank': 20, 'fitness': 0.9562325200126209, 'generation': 200}","{'id': 15130, 'rank': 21, 'fitness': 0.9562325200126209, 'generation': 200}","{'id': 15190, 'rank': 22, 'fitness': 0.9549878890841276, 'generation': 200}","{'id': 15207, 'rank': 23, 'fitness': 0.9497464265682999, 'generation': 200}","{'id': 15196, 'rank': 24, 'fitness': 0.927490716851548, 'generation': 200}","{'id': 15227, 'rank': 25, 'fitness': 0.9160800934533183, 'generation': 200}","{'id': 15227, 'rank': 26, 'fitness': 0.9160800934533183, 'generation': 200}","{'id': 15192, 'rank': 27, 'fitness': 0.8914953361733748, 'generation': 200}","{'id': 15244, 'rank': 28, 'fitness': 0.7560693451374261, 'generation': 200}","{'id': 15208, 'rank': 29, 'fitness': 0.7451322484697177, 'generation': 200}","{'id': 15221, 'rank': 30, 'fitness': 0.01798620996209155, 'generation': 200}"
"{'id': 15302, 'rank': 1, 'fitness': 0.9820137900379085, 'generation': 201}","{'id': 15334, 'rank': 2, 'fitness': 0.9574417696023558, 'generation': 201}","{'id': 15303, 'rank': 3, 'fitness': 0.9478866273727171, 'generation': 201}","{'id': 15254, 'rank': 4, 'fitness': 0.9084442369566443, 'generation': 201}","{'id': 15254, 'rank': 5, 'fitness': 0.9084442369566443, 'generation': 201}","{'id': 15353, 'rank': 6, 'fitness': 0.9035036195986683, 'generation': 201}","{'id': 15353, 'rank': 7, 'fitness': 0.9035036195986683, 'generation': 201}","{'id': 15291, 'rank': 8, 'fitness': 0.9005516611833162, 'generation': 201}","{'id': 15332, 'rank': 9, 'fitness': 0.8777005324761512, 'generation': 201}","{'id': 15351, 'rank': 10, 'fitness': 0.8693362081885804, 'generation': 201}","{'id': 15206, 'rank': 11, 'fitness': 0.8609814588742029, 'generation': 201}","{'id': 15076, 'rank': 12, 'fitness': 0.8605697365883244, 'generation': 201}","{'id': 15249, 'rank': 13, 'fitness': 0.8531960091098355, 'generation': 201}","{'id': 15294, 'rank': 14, 'fitness': 0.8505027705423112, 'generation': 201}","{'id': 15299, 'rank': 15, 'fitness': 0.835233975188067, 'generation': 201}","{'id': 15340, 'rank': 16, 'fitness': 0.8315839987541707, 'generation': 201}","{'id': 15322, 'rank': 17, 'fitness': 0.8304183765840581, 'generation': 201}","{'id': 15306, 'rank': 18, 'fitness': 0.8211577997285282, 'generation': 201}","{'id': 15306, 'rank': 19, 'fitness': 0.8211577997285282, 'generation': 201}","{'id': 15281, 'rank': 20, 'fitness': 0.8187042304531287, 'generation': 201}","{'id': 15130, 'rank': 21, 'fitness': 0.8021078325475588, 'generation': 201}","{'id': 15320, 'rank': 22, 'fitness': 0.6662693214420371, 'generation': 201}","{'id': 15324, 'rank': 23, 'fitness': 0.6252615453431648, 'generation': 201}","{'id': 15355, 'rank': 24, 'fitness': 0.5814700032656864, 'generation': 201}","{'id': 15276, 'rank': 25, 'fitness': 0.48994324265815786, 'generation': 201}","{'id': 15271, 'rank': 26, 'fitness': 0.21266915135234066, 'generation': 201}","{'id': 15336, 'rank': 27, 'fitness': 0.1926865730027592, 'generation': 201}","{'id': 15270, 'rank': 28, 'fitness': 0.10945555562751552, 'generation': 201}","{'id': 15347, 'rank': 29, 'fitness': 0.06564490293805658, 'generation': 201}","{'id': 15345, 'rank': 30, 'fitness': 0.01798620996209155, 'generation': 201}"
"{'id': 15302, 'rank': 1, 'fitness': 0.9820137900379085, 'generation': 202}","{'id': 15412, 'rank': 2, 'fitness': 0.9818628951281705, 'generation': 202}","{'id': 15334, 'rank': 3, 'fitness': 0.9810792777789508, 'generation': 202}","{'id': 15334, 'rank': 4, 'fitness': 0.9810792777789508, 'generation': 202}","{'id': 15254, 'rank': 5, 'fitness': 0.9801742561671897, 'generation': 202}","{'id': 15254, 'rank': 6, 'fitness': 0.9801742561671897, 'generation': 202}","{'id': 15353, 'rank': 7, 'fitness': 0.9801085357352902, 'generation': 202}","{'id': 15353, 'rank': 8, 'fitness': 0.9801085357352902, 'generation': 202}","{'id': 15291, 'rank': 9, 'fitness': 0.980070593898437, 'generation': 202}","{'id': 15358, 'rank': 10, 'fitness': 0.9800384383846574, 'generation': 202}","{'id': 15332, 'rank': 11, 'fitness': 0.9798045075215185, 'generation': 202}","{'id': 15401, 'rank': 12, 'fitness': 0.9795522755170422, 'generation': 202}","{'id': 15320, 'rank': 13, 'fitness': 0.9782770313837243, 'generation': 202}","{'id': 15320, 'rank': 14, 'fitness': 0.9782770313837243, 'generation': 202}","{'id': 15320, 'rank': 15, 'fitness': 0.9782770313837243, 'generation': 202}","{'id': 15418, 'rank': 16, 'fitness': 0.9774655731295686, 'generation': 202}","{'id': 15418, 'rank': 17, 'fitness': 0.9774655731295686, 'generation': 202}","{'id': 15407, 'rank': 18, 'fitness': 0.9760804199721567, 'generation': 202}","{'id': 15360, 'rank': 19, 'fitness': 0.9758817827283525, 'generation': 202}","{'id': 15429, 'rank': 20, 'fitness': 0.9757609909409395, 'generation': 202}","{'id': 15429, 'rank': 21, 'fitness': 0.9757609909409395, 'generation': 202}","{'id': 15336, 'rank': 22, 'fitness': 0.9754885075850765, 'generation': 202}","{'id': 15430, 'rank': 23, 'fitness': 0.9703911519565336, 'generation': 202}","{'id': 15430, 'rank': 24, 'fitness': 0.9703911519565336, 'generation': 202}","{'id': 15383, 'rank': 25, 'fitness': 0.9604073121461226, 'generation': 202}","{'id': 15369, 'rank': 26, 'fitness': 0.9561431637782468, 'generation': 202}","{'id': 15371, 'rank': 27, 'fitness': 0.9561067258056548, 'generation': 202}","{'id': 15387, 'rank': 28, 'fitness': 0.9398765901422246, 'generation': 202}","{'id': 15425, 'rank': 29, 'fitness': 0.8623860803245018, 'generation': 202}","{'id': 15365, 'rank': 30, 'fitness': 0.01798620996209155, 'generation': 202}"
"{'id': 15452, 'rank': 1, 'fitness': 0.9820137900379085, 'generation': 203}","{'id': 15515, 'rank': 2, 'fitness': 0.9795277100252435, 'generation': 203}","{'id': 15505, 'rank': 3, 'fitness': 0.9783902964194768, 'generation': 203}","{'id': 15469, 'rank': 4, 'fitness': 0.9756141389711566, 'generation': 203}","{'id': 15470, 'rank': 5, 'fitness': 0.974409176492613, 'generation': 203}","{'id': 15470, 'rank': 6, 'fitness': 0.974409176492613, 'generation': 203}","{'id': 15254, 'rank': 7, 'fitness': 0.9732911771948534, 'generation': 203}","{'id': 15254, 'rank': 8, 'fitness': 0.9732911771948534, 'generation': 203}","{'id': 15477, 'rank': 9, 'fitness': 0.9725118516660325, 'generation': 203}","{'id': 15477, 'rank': 10, 'fitness': 0.9725118516660325, 'generation': 203}","{'id': 15291, 'rank': 11, 'fitness': 0.9719790241384803, 'generation': 203}","{'id': 15358, 'rank': 12, 'fitness': 0.9715608355847025, 'generation': 203}","{'id': 15358, 'rank': 13, 'fitness': 0.9715608355847025, 'generation': 203}","{'id': 15481, 'rank': 14, 'fitness': 0.968908074672836, 'generation': 203}","{'id': 15471, 'rank': 15, 'fitness': 0.9684501572924835, 'generation': 203}","{'id': 15332, 'rank': 16, 'fitness': 0.9683530230965594, 'generation': 203}","{'id': 15466, 'rank': 17, 'fitness': 0.9619444302101409, 'generation': 203}","{'id': 15503, 'rank': 18, 'fitness': 0.9587126346200732, 'generation': 203}","{'id': 15506, 'rank': 19, 'fitness': 0.9558475707277462, 'generation': 203}","{'id': 15506, 'rank': 20, 'fitness': 0.9558475707277462, 'generation': 203}","{'id': 15506, 'rank': 21, 'fitness': 0.9558475707277462, 'generation': 203}","{'id': 15509, 'rank': 22, 'fitness': 0.9511330697155518, 'generation': 203}","{'id': 15320, 'rank': 23, 'fitness': 0.938821238459225, 'generation': 203}","{'id': 15498, 'rank': 24, 'fitness': 0.9301729057203534, 'generation': 203}","{'id': 15418, 'rank': 25, 'fitness': 0.915542851223957, 'generation': 203}","{'id': 15490, 'rank': 26, 'fitness': 0.9054927824495027, 'generation': 203}","{'id': 15439, 'rank': 27, 'fitness': 0.8636730290731577, 'generation': 203}","{'id': 15432, 'rank': 28, 'fitness': 0.8308646080138516, 'generation': 203}","{'id': 15493, 'rank': 29, 'fitness': 0.39451052302727835, 'generation': 203}","{'id': 15371, 'rank': 30, 'fitness': 0.01798620996209155, 'generation': 203}"
"{'id': 15579, 'rank': 1, 'fitness': 0.9820137900379085, 'generation': 204}","{'id': 15552, 'rank': 2, 'fitness': 0.9780593569341475, 'generation': 204}","{'id': 15505, 'rank': 3, 'fitness': 0.9761024251343817, 'generation': 204}","{'id': 15588, 'rank': 4, 'fitness': 0.9740381634268738, 'generation': 204}","{'id': 15574, 'rank': 5, 'fitness': 0.9731025452662123, 'generation': 204}","{'id': 15574, 'rank': 6, 'fitness': 0.9731025452662123, 'generation': 204}","{'id': 15573, 'rank': 7, 'fitness': 0.9667035385513552, 'generation': 204}","{'id': 15522, 'rank': 8, 'fitness': 0.9622965473351979, 'generation': 204}","{'id': 15576, 'rank': 9, 'fitness': 0.9547419195814099, 'generation': 204}","{'id': 15589, 'rank': 10, 'fitness': 0.953261411134575, 'generation': 204}","{'id': 15291, 'rank': 11, 'fitness': 0.9464972979625479, 'generation': 204}","{'id': 15358, 'rank': 12, 'fitness': 0.9440199415375309, 'generation': 204}","{'id': 15542, 'rank': 13, 'fitness': 0.9404365295220684, 'generation': 204}","{'id': 15471, 'rank': 14, 'fitness': 0.9233687362110552, 'generation': 204}","{'id': 15570, 'rank': 15, 'fitness': 0.9150816188801174, 'generation': 204}","{'id': 15555, 'rank': 16, 'fitness': 0.8524742460816512, 'generation': 204}","{'id': 15523, 'rank': 17, 'fitness': 0.8503828732073564, 'generation': 204}","{'id': 15506, 'rank': 18, 'fitness': 0.8009441313021963, 'generation': 204}","{'id': 15509, 'rank': 19, 'fitness': 0.7423074126641613, 'generation': 204}","{'id': 15545, 'rank': 20, 'fitness': 0.7130140331898167, 'generation': 204}","{'id': 15545, 'rank': 21, 'fitness': 0.7130140331898167, 'generation': 204}","{'id': 15541, 'rank': 22, 'fitness': 0.5388554577489961, 'generation': 204}","{'id': 15535, 'rank': 23, 'fitness': 0.4700689132466843, 'generation': 204}","{'id': 15498, 'rank': 24, 'fitness': 0.4667640313288629, 'generation': 204}","{'id': 15532, 'rank': 25, 'fitness': 0.04782040136978233, 'generation': 204}","{'id': 15532, 'rank': 26, 'fitness': 0.04782040136978233, 'generation': 204}","{'id': 15532, 'rank': 27, 'fitness': 0.04782040136978233, 'generation': 204}","{'id': 15531, 'rank': 28, 'fitness': 0.03180297633936546, 'generation': 204}","{'id': 15524, 'rank': 29, 'fitness': 0.01964662595867378, 'generation': 204}","{'id': 15566, 'rank': 30, 'fitness': 0.01798620996209155, 'generation': 204}"
"{'id': 15660, 'rank': 1, 'fitness': 0.9820137900379085, 'generation': 205}","{'id': 15505, 'rank': 2, 'fitness': 0.9787014254867843, 'generation': 205}","{'id': 15505, 'rank': 3, 'fitness': 0.9787014254867843, 'generation': 205}","{'id': 15588, 'rank': 4, 'fitness': 0.978046350589586, 'generation': 205}","{'id': 15588, 'rank': 5, 'fitness': 0.978046350589586, 'generation': 205}","{'id': 15618, 'rank': 6, 'fitness': 0.977773462762173, 'generation': 205}","{'id': 15599, 'rank': 7, 'fitness': 0.9775968943299158, 'generation': 205}","{'id': 15573, 'rank': 8, 'fitness': 0.9759481213620986, 'generation': 205}","{'id': 15522, 'rank': 9, 'fitness': 0.9748207981142936, 'generation': 205}","{'id': 15619, 'rank': 10, 'fitness': 0.9733120054056204, 'generation': 205}","{'id': 15589, 'rank': 11, 'fitness': 0.972735226762719, 'generation': 205}","{'id': 15627, 'rank': 12, 'fitness': 0.970332133985202, 'generation': 205}","{'id': 15542, 'rank': 13, 'fitness': 0.9701487293452368, 'generation': 205}","{'id': 15636, 'rank': 14, 'fitness': 0.9643819905192178, 'generation': 205}","{'id': 15661, 'rank': 15, 'fitness': 0.963980778766858, 'generation': 205}","{'id': 15661, 'rank': 16, 'fitness': 0.963980778766858, 'generation': 205}","{'id': 15642, 'rank': 17, 'fitness': 0.9620235572133418, 'generation': 205}","{'id': 15642, 'rank': 18, 'fitness': 0.9620235572133418, 'generation': 205}","{'id': 15654, 'rank': 19, 'fitness': 0.95082491068117, 'generation': 205}","{'id': 15654, 'rank': 20, 'fitness': 0.95082491068117, 'generation': 205}","{'id': 15509, 'rank': 21, 'fitness': 0.9458975535679812, 'generation': 205}","{'id': 15634, 'rank': 22, 'fitness': 0.9430766075458548, 'generation': 205}","{'id': 15602, 'rank': 23, 'fitness': 0.9302622120118165, 'generation': 205}","{'id': 15643, 'rank': 24, 'fitness': 0.9291338921605408, 'generation': 205}","{'id': 15541, 'rank': 25, 'fitness': 0.9263866425511148, 'generation': 205}","{'id': 15656, 'rank': 26, 'fitness': 0.7553103180956497, 'generation': 205}","{'id': 15613, 'rank': 27, 'fitness': 0.5417291874688754, 'generation': 205}","{'id': 15598, 'rank': 28, 'fitness': 0.4671967332365725, 'generation': 205}","{'id': 15611, 'rank': 29, 'fitness': 0.3512151918410537, 'generation': 205}","{'id': 15652, 'rank': 30, 'fitness': 0.01798620996209155, 'generation': 205}"
"{'id': 15738, 'rank': 1, 'fitness': 0.9820137900379085, 'generation': 206}","{'id': 15505, 'rank': 2, 'fitness': 0.9817231579721337, 'generation': 206}","{'id': 15588, 'rank': 3, 'fitness': 0.9800056688460814, 'generation': 206}","{'id': 15674, 'rank': 4, 'fitness': 0.976971966563741, 'generation': 206}","{'id': 15707, 'rank': 5, 'fitness': 0.9751516979258233, 'generation': 206}","{'id': 15686, 'rank': 6, 'fitness': 0.9738329366115227, 'generation': 206}","{'id': 15686, 'rank': 7, 'fitness': 0.9738329366115227, 'generation': 206}","{'id': 15573, 'rank': 8, 'fitness': 0.9738095450991621, 'generation': 206}","{'id': 15619, 'rank': 9, 'fitness': 0.964437903934233, 'generation': 206}","{'id': 15720, 'rank': 10, 'fitness': 0.9585421645097396, 'generation': 206}","{'id': 15627, 'rank': 11, 'fitness': 0.9515780955269645, 'generation': 206}","{'id': 15716, 'rank': 12, 'fitness': 0.9354167574657577, 'generation': 206}","{'id': 15721, 'rank': 13, 'fitness': 0.9272746993753365, 'generation': 206}","{'id': 15636, 'rank': 14, 'fitness': 0.9182970966215558, 'generation': 206}","{'id': 15661, 'rank': 15, 'fitness': 0.9156821450195225, 'generation': 206}","{'id': 15726, 'rank': 16, 'fitness': 0.9147414536675208, 'generation': 206}","{'id': 15740, 'rank': 17, 'fitness': 0.9134440794704589, 'generation': 206}","{'id': 15695, 'rank': 18, 'fitness': 0.9134257655349242, 'generation': 206}","{'id': 15673, 'rank': 19, 'fitness': 0.9118593170792366, 'generation': 206}","{'id': 15673, 'rank': 20, 'fitness': 0.9118593170792366, 'generation': 206}","{'id': 15642, 'rank': 21, 'fitness': 0.9022595642900332, 'generation': 206}","{'id': 15642, 'rank': 22, 'fitness': 0.9022595642900332, 'generation': 206}","{'id': 15687, 'rank': 23, 'fitness': 0.8216228645197228, 'generation': 206}","{'id': 15733, 'rank': 24, 'fitness': 0.6890930605218938, 'generation': 206}","{'id': 15733, 'rank': 25, 'fitness': 0.6890930605218938, 'generation': 206}","{'id': 15541, 'rank': 26, 'fitness': 0.5383410732981633, 'generation': 206}","{'id': 15734, 'rank': 27, 'fitness': 0.3647722881139508, 'generation': 206}","{'id': 15703, 'rank': 28, 'fitness': 0.16478026585775607, 'generation': 206}","{'id': 15699, 'rank': 29, 'fitness': 0.09210878420440155, 'generation': 206}","{'id': 15666, 'rank': 30, 'fitness': 0.01798620996209155, 'generation': 206}"
"{'id': 15775, 'rank': 1, 'fitness': 0.9820137900379085, 'generation': 207}","{'id': 15505, 'rank': 2, 'fitness': 0.981932720038979, 'generation': 207}","{'id': 15588, 'rank': 3, 'fitness': 0.9819093879779734, 'generation': 207}","{'id': 15686, 'rank': 4, 'fitness': 0.9818390410967288, 'generation': 207}","{'id': 15686, 'rank': 5, 'fitness': 0.9818390410967288, 'generation': 207}","{'id': 15686, 'rank': 6, 'fitness': 0.9818390410967288, 'generation': 207}","{'id': 15573, 'rank': 7, 'fitness': 0.9818388062492611, 'generation': 207}","{'id': 15752, 'rank': 8, 'fitness': 0.9818352313293972, 'generation': 207}","{'id': 15754, 'rank': 9, 'fitness': 0.9817375113536524, 'generation': 207}","{'id': 15627, 'rank': 10, 'fitness': 0.9816748762875089, 'generation': 207}","{'id': 15751, 'rank': 11, 'fitness': 0.9816043421384786, 'generation': 207}","{'id': 15751, 'rank': 12, 'fitness': 0.9816043421384786, 'generation': 207}","{'id': 15716, 'rank': 13, 'fitness': 0.9815959188077296, 'generation': 207}","{'id': 15636, 'rank': 14, 'fitness': 0.9815300406307165, 'generation': 207}","{'id': 15642, 'rank': 15, 'fitness': 0.9814787476503185, 'generation': 207}","{'id': 15768, 'rank': 16, 'fitness': 0.9814187428712086, 'generation': 207}","{'id': 15733, 'rank': 17, 'fitness': 0.9811027826989276, 'generation': 207}","{'id': 15767, 'rank': 18, 'fitness': 0.9809801290637215, 'generation': 207}","{'id': 15748, 'rank': 19, 'fitness': 0.980902038715831, 'generation': 207}","{'id': 15703, 'rank': 20, 'fitness': 0.980448165175803, 'generation': 207}","{'id': 15809, 'rank': 21, 'fitness': 0.9803373522473244, 'generation': 207}","{'id': 15798, 'rank': 22, 'fitness': 0.9800666834687255, 'generation': 207}","{'id': 15807, 'rank': 23, 'fitness': 0.9790269129871106, 'generation': 207}","{'id': 15819, 'rank': 24, 'fitness': 0.9787727009021665, 'generation': 207}","{'id': 15819, 'rank': 25, 'fitness': 0.9787727009021665, 'generation': 207}","{'id': 15803, 'rank': 26, 'fitness': 0.9782627739458909, 'generation': 207}","{'id': 15806, 'rank': 27, 'fitness': 0.977844624928168, 'generation': 207}","{'id': 15781, 'rank': 28, 'fitness': 0.8913945904263606, 'generation': 207}","{'id': 15800, 'rank': 29, 'fitness': 0.31724365401282567, 'generation': 207}","{'id': 15795, 'rank': 30, 'fitness': 0.01798620996209155, 'generation': 207}"
"{'id': 15824, 'rank': 1, 'fitness': 0.9820137900379085, 'generation': 208}","{'id': 15845, 'rank': 2, 'fitness': 0.974209084958214, 'generation': 208}","{'id': 15886, 'rank': 3, 'fitness': 0.9702784773798674, 'generation': 208}","{'id': 15888, 'rank': 4, 'fitness': 0.965509841120143, 'generation': 208}","{'id': 15888, 'rank': 5, 'fitness': 0.965509841120143, 'generation': 208}","{'id': 15505, 'rank': 6, 'fitness': 0.9653731147634981, 'generation': 208}","{'id': 15505, 'rank': 7, 'fitness': 0.9653731147634981, 'generation': 208}","{'id': 15686, 'rank': 8, 'fitness': 0.9586105743396913, 'generation': 208}","{'id': 15686, 'rank': 9, 'fitness': 0.9586105743396913, 'generation': 208}","{'id': 15892, 'rank': 10, 'fitness': 0.9538199457995109, 'generation': 208}","{'id': 15901, 'rank': 11, 'fitness': 0.9518387879955028, 'generation': 208}","{'id': 15829, 'rank': 12, 'fitness': 0.9395559189627992, 'generation': 208}","{'id': 15751, 'rank': 13, 'fitness': 0.9359558406467504, 'generation': 208}","{'id': 15716, 'rank': 14, 'fitness': 0.9349645924216825, 'generation': 208}","{'id': 15716, 'rank': 15, 'fitness': 0.9349645924216825, 'generation': 208}","{'id': 15840, 'rank': 16, 'fitness': 0.911401557978107, 'generation': 208}","{'id': 15841, 'rank': 17, 'fitness': 0.9094230007597679, 'generation': 208}","{'id': 15900, 'rank': 18, 'fitness': 0.8986898594712207, 'generation': 208}","{'id': 15836, 'rank': 19, 'fitness': 0.8982973178380473, 'generation': 208}","{'id': 15836, 'rank': 20, 'fitness': 0.8982973178380473, 'generation': 208}","{'id': 15843, 'rank': 21, 'fitness': 0.8969992923588197, 'generation': 208}","{'id': 15879, 'rank': 22, 'fitness': 0.8693104119841126, 'generation': 208}","{'id': 15902, 'rank': 23, 'fitness': 0.8522110871780506, 'generation': 208}","{'id': 15902, 'rank': 24, 'fitness': 0.8522110871780506, 'generation': 208}","{'id': 15880, 'rank': 25, 'fitness': 0.8136746320311384, 'generation': 208}","{'id': 15880, 'rank': 26, 'fitness': 0.8136746320311384, 'generation': 208}","{'id': 15865, 'rank': 27, 'fitness': 0.8046127634611857, 'generation': 208}","{'id': 15826, 'rank': 28, 'fitness': 0.8038442288480048, 'generation': 208}","{'id': 15862, 'rank': 29, 'fitness': 0.7695780982910285, 'generation': 208}","{'id': 15806, 'rank': 30, 'fitness': 0.01798620996209155, 'generation': 208}"
"{'id': 15919, 'rank': 1, 'fitness': 0.9820137900379085, 'generation': 209}","{'id': 15931, 'rank': 2, 'fitness': 0.9819052747170599, 'generation': 209}","{'id': 15886, 'rank': 3, 'fitness': 0.9801070040420461, 'generation': 209}","{'id': 15886, 'rank': 4, 'fitness': 0.9801070040420461, 'generation': 209}","{'id': 15888, 'rank': 5, 'fitness': 0.9794053992251546, 'generation': 209}","{'id': 15888, 'rank': 6, 'fitness': 0.9794053992251546, 'generation': 209}","{'id': 15505, 'rank': 7, 'fitness': 0.9793863686425186, 'generation': 209}","{'id': 15971, 'rank': 8, 'fitness': 0.97914265054453, 'generation': 209}","{'id': 15971, 'rank': 9, 'fitness': 0.97914265054453, 'generation': 209}","{'id': 15686, 'rank': 10, 'fitness': 0.9785070357805845, 'generation': 209}","{'id': 15892, 'rank': 11, 'fitness': 0.9779456723944047, 'generation': 209}","{'id': 15940, 'rank': 12, 'fitness': 0.9768008774015431, 'generation': 209}","{'id': 15932, 'rank': 13, 'fitness': 0.9763357467185887, 'generation': 209}","{'id': 15716, 'rank': 14, 'fitness': 0.9760736716078021, 'generation': 209}","{'id': 15841, 'rank': 15, 'fitness': 0.9740666651359061, 'generation': 209}","{'id': 15921, 'rank': 16, 'fitness': 0.9733258014899562, 'generation': 209}","{'id': 15921, 'rank': 17, 'fitness': 0.9733258014899562, 'generation': 209}","{'id': 15836, 'rank': 18, 'fitness': 0.9733111211493817, 'generation': 209}","{'id': 15836, 'rank': 19, 'fitness': 0.9733111211493817, 'generation': 209}","{'id': 15836, 'rank': 20, 'fitness': 0.9733111211493817, 'generation': 209}","{'id': 15937, 'rank': 21, 'fitness': 0.9724858567563869, 'generation': 209}","{'id': 15879, 'rank': 22, 'fitness': 0.971562561765733, 'generation': 209}","{'id': 15879, 'rank': 23, 'fitness': 0.971562561765733, 'generation': 209}","{'id': 15908, 'rank': 24, 'fitness': 0.9710058698979521, 'generation': 209}","{'id': 15918, 'rank': 25, 'fitness': 0.9641841865709717, 'generation': 209}","{'id': 15942, 'rank': 26, 'fitness': 0.9615671347257215, 'generation': 209}","{'id': 15974, 'rank': 27, 'fitness': 0.8598479795792909, 'generation': 209}","{'id': 15966, 'rank': 28, 'fitness': 0.32576173436270617, 'generation': 209}","{'id': 15979, 'rank': 29, 'fitness': 0.11226198499165063, 'generation': 209}","{'id': 15916, 'rank': 30, 'fitness': 0.01798620996209155, 'generation': 209}"
"{'id': 16029, 'rank': 1, 'fitness': 0.9820137900379085, 'generation': 210}","{'id': 16029, 'rank': 2, 'fitness': 0.9820137900379085, 'generation': 210}","{'id': 16029, 'rank': 3, 'fitness': 0.9820137900379085, 'generation': 210}","{'id': 15919, 'rank': 4, 'fitness': 0.9816487408242897, 'generation': 210}","{'id': 16031, 'rank': 5, 'fitness': 0.978648217381572, 'generation': 210}","{'id': 15505, 'rank': 6, 'fitness': 0.978282729884429, 'generation': 210}","{'id': 15971, 'rank': 7, 'fitness': 0.9779652830850821, 'generation': 210}","{'id': 15971, 'rank': 8, 'fitness': 0.9779652830850821, 'generation': 210}","{'id': 15971, 'rank': 9, 'fitness': 0.9779652830850821, 'generation': 210}","{'id': 16060, 'rank': 10, 'fitness': 0.9779052035302112, 'generation': 210}","{'id': 16027, 'rank': 11, 'fitness': 0.9779020558330689, 'generation': 210}","{'id': 15686, 'rank': 12, 'fitness': 0.9771334204266866, 'generation': 210}","{'id': 16042, 'rank': 13, 'fitness': 0.9767478379573458, 'generation': 210}","{'id': 16026, 'rank': 14, 'fitness': 0.9767169237181967, 'generation': 210}","{'id': 16026, 'rank': 15, 'fitness': 0.9767169237181967, 'generation': 210}","{'id': 15990, 'rank': 16, 'fitness': 0.9760584015083162, 'generation': 210}","{'id': 16047, 'rank': 17, 'fitness': 0.9756872284860543, 'generation': 210}","{'id': 16040, 'rank': 18, 'fitness': 0.9754176793801728, 'generation': 210}","{'id': 15716, 'rank': 19, 'fitness': 0.973898067787891, 'generation': 210}","{'id': 16049, 'rank': 20, 'fitness': 0.9725923543122459, 'generation': 210}","{'id': 16046, 'rank': 21, 'fitness': 0.9705854775846767, 'generation': 210}","{'id': 16043, 'rank': 22, 'fitness': 0.9702173214442775, 'generation': 210}","{'id': 15836, 'rank': 23, 'fitness': 0.9701345697441479, 'generation': 210}","{'id': 15836, 'rank': 24, 'fitness': 0.9701345697441479, 'generation': 210}","{'id': 15836, 'rank': 25, 'fitness': 0.9701345697441479, 'generation': 210}","{'id': 16023, 'rank': 26, 'fitness': 0.9647334185121941, 'generation': 210}","{'id': 16011, 'rank': 27, 'fitness': 0.9643107977216095, 'generation': 210}","{'id': 16007, 'rank': 28, 'fitness': 0.9632209193969623, 'generation': 210}","{'id': 16019, 'rank': 29, 'fitness': 0.9594664554834216, 'generation': 210}","{'id': 15997, 'rank': 30, 'fitness': 0.01798620996209155, 'generation': 210}"
"{'id': 16131, 'rank': 1, 'fitness': 0.9820137900379085, 'generation': 211}","{'id': 16029, 'rank': 2, 'fitness': 0.9739695370705803, 'generation': 211}","{'id': 15919, 'rank': 3, 'fitness': 0.9668098838236439, 'generation': 211}","{'id': 16122, 'rank': 4, 'fitness': 0.9293187039973281, 'generation': 211}","{'id': 16121, 'rank': 5, 'fitness': 0.9275551269734528, 'generation': 211}","{'id': 16097, 'rank': 6, 'fitness': 0.9244081416297716, 'generation': 211}","{'id': 16119, 'rank': 7, 'fitness': 0.8888639244017372, 'generation': 211}","{'id': 16145, 'rank': 8, 'fitness': 0.8832454205716558, 'generation': 211}","{'id': 16132, 'rank': 9, 'fitness': 0.8633719176671099, 'generation': 211}","{'id': 16112, 'rank': 10, 'fitness': 0.8530558867493816, 'generation': 211}","{'id': 16124, 'rank': 11, 'fitness': 0.8286561185755584, 'generation': 211}","{'id': 16115, 'rank': 12, 'fitness': 0.8143884085232873, 'generation': 211}","{'id': 16103, 'rank': 13, 'fitness': 0.7501883405320067, 'generation': 211}","{'id': 15971, 'rank': 14, 'fitness': 0.7479892333512963, 'generation': 211}","{'id': 16110, 'rank': 15, 'fitness': 0.6875044426098904, 'generation': 211}","{'id': 16105, 'rank': 16, 'fitness': 0.6488717279604966, 'generation': 211}","{'id': 16042, 'rank': 17, 'fitness': 0.6022266183012308, 'generation': 211}","{'id': 16142, 'rank': 18, 'fitness': 0.5774514455439468, 'generation': 211}","{'id': 16069, 'rank': 19, 'fitness': 0.559100005495913, 'generation': 211}","{'id': 15990, 'rank': 20, 'fitness': 0.5121590805496248, 'generation': 211}","{'id': 16126, 'rank': 21, 'fitness': 0.4263180059711364, 'generation': 211}","{'id': 15716, 'rank': 22, 'fitness': 0.2620438100278707, 'generation': 211}","{'id': 16114, 'rank': 23, 'fitness': 0.18354560282952975, 'generation': 211}","{'id': 16104, 'rank': 24, 'fitness': 0.1455277067522459, 'generation': 211}","{'id': 16073, 'rank': 25, 'fitness': 0.10267233734315034, 'generation': 211}","{'id': 16083, 'rank': 26, 'fitness': 0.10129410040249243, 'generation': 211}","{'id': 15836, 'rank': 27, 'fitness': 0.061194271202277495, 'generation': 211}","{'id': 15836, 'rank': 28, 'fitness': 0.061194271202277495, 'generation': 211}","{'id': 16129, 'rank': 29, 'fitness': 0.02090406630365088, 'generation': 211}","{'id': 16079, 'rank': 30, 'fitness': 0.01798620996209155, 'generation': 211}"
"{'id': 16212, 'rank': 1, 'fitness': 0.9820137900379085, 'generation': 212}","{'id': 15919, 'rank': 2, 'fitness': 0.981823133482619, 'generation': 212}","{'id': 16122, 'rank': 3, 'fitness': 0.9817220876998107, 'generation': 212}","{'id': 16119, 'rank': 4, 'fitness': 0.9816586661721802, 'generation': 212}","{'id': 16112, 'rank': 5, 'fitness': 0.9816176706202702, 'generation': 212}","{'id': 15971, 'rank': 6, 'fitness': 0.9815315467120684, 'generation': 212}","{'id': 16210, 'rank': 7, 'fitness': 0.9814823647645967, 'generation': 212}","{'id': 16210, 'rank': 8, 'fitness': 0.9814823647645967, 'generation': 212}","{'id': 16216, 'rank': 9, 'fitness': 0.9814520620056779, 'generation': 212}","{'id': 16142, 'rank': 10, 'fitness': 0.9814314827420849, 'generation': 212}","{'id': 16069, 'rank': 11, 'fitness': 0.9814218030515818, 'generation': 212}","{'id': 16069, 'rank': 12, 'fitness': 0.9814218030515818, 'generation': 212}","{'id': 15990, 'rank': 13, 'fitness': 0.9813973437081086, 'generation': 212}","{'id': 16179, 'rank': 14, 'fitness': 0.9813654398294972, 'generation': 212}","{'id': 16179, 'rank': 15, 'fitness': 0.9813654398294972, 'generation': 212}","{'id': 16104, 'rank': 16, 'fitness': 0.9811601775529819, 'generation': 212}","{'id': 15836, 'rank': 17, 'fitness': 0.9810337428642728, 'generation': 212}","{'id': 15836, 'rank': 18, 'fitness': 0.9810337428642728, 'generation': 212}","{'id': 16129, 'rank': 19, 'fitness': 0.9808857666476448, 'generation': 212}","{'id': 16129, 'rank': 20, 'fitness': 0.9808857666476448, 'generation': 212}","{'id': 16176, 'rank': 21, 'fitness': 0.9808669680560617, 'generation': 212}","{'id': 16150, 'rank': 22, 'fitness': 0.9801898658386579, 'generation': 212}","{'id': 16169, 'rank': 23, 'fitness': 0.9759502505437531, 'generation': 212}","{'id': 16166, 'rank': 24, 'fitness': 0.9746185615856059, 'generation': 212}","{'id': 16158, 'rank': 25, 'fitness': 0.9494533386514139, 'generation': 212}","{'id': 16195, 'rank': 26, 'fitness': 0.8852580740166969, 'generation': 212}","{'id': 16195, 'rank': 27, 'fitness': 0.8852580740166969, 'generation': 212}","{'id': 16162, 'rank': 28, 'fitness': 0.7539006083078674, 'generation': 212}","{'id': 16155, 'rank': 29, 'fitness': 0.07716573397878451, 'generation': 212}","{'id': 16207, 'rank': 30, 'fitness': 0.01798620996209155, 'generation': 212}"
"{'id': 16294, 'rank': 1, 'fitness': 0.9820137900379085, 'generation': 213}","{'id': 16266, 'rank': 2, 'fitness': 0.9818745395779662, 'generation': 213}","{'id': 16222, 'rank': 3, 'fitness': 0.9818288362992883, 'generation': 213}","{'id': 16222, 'rank': 4, 'fitness': 0.9818288362992883, 'generation': 213}","{'id': 16227, 'rank': 5, 'fitness': 0.9818206572942796, 'generation': 213}","{'id': 16227, 'rank': 6, 'fitness': 0.9818206572942796, 'generation': 213}","{'id': 16219, 'rank': 7, 'fitness': 0.9817249022625318, 'generation': 213}","{'id': 16243, 'rank': 8, 'fitness': 0.981648049921146, 'generation': 213}","{'id': 16220, 'rank': 9, 'fitness': 0.9815622324351849, 'generation': 213}","{'id': 16142, 'rank': 10, 'fitness': 0.9815251534121479, 'generation': 213}","{'id': 16248, 'rank': 11, 'fitness': 0.9815005715065279, 'generation': 213}","{'id': 15990, 'rank': 12, 'fitness': 0.9814915559462205, 'generation': 213}","{'id': 15990, 'rank': 13, 'fitness': 0.9814915559462205, 'generation': 213}","{'id': 16276, 'rank': 14, 'fitness': 0.981472335577622, 'generation': 213}","{'id': 16179, 'rank': 15, 'fitness': 0.9814601587666719, 'generation': 213}","{'id': 16291, 'rank': 16, 'fitness': 0.9813986532789106, 'generation': 213}","{'id': 16291, 'rank': 17, 'fitness': 0.9813986532789106, 'generation': 213}","{'id': 16298, 'rank': 18, 'fitness': 0.9813564246541557, 'generation': 213}","{'id': 16242, 'rank': 19, 'fitness': 0.9813535156807898, 'generation': 213}","{'id': 16218, 'rank': 20, 'fitness': 0.9813532940618664, 'generation': 213}","{'id': 16218, 'rank': 21, 'fitness': 0.9813532940618664, 'generation': 213}","{'id': 16288, 'rank': 22, 'fitness': 0.9813160298828663, 'generation': 213}","{'id': 16104, 'rank': 23, 'fitness': 0.981258170004736, 'generation': 213}","{'id': 16239, 'rank': 24, 'fitness': 0.98120730133027, 'generation': 213}","{'id': 16231, 'rank': 25, 'fitness': 0.9811841197713325, 'generation': 213}","{'id': 15836, 'rank': 26, 'fitness': 0.9811337632642385, 'generation': 213}","{'id': 16289, 'rank': 27, 'fitness': 0.9811318561203934, 'generation': 213}","{'id': 16268, 'rank': 28, 'fitness': 0.9808769485798736, 'generation': 213}","{'id': 16262, 'rank': 29, 'fitness': 0.9808392298157559, 'generation': 213}","{'id': 16281, 'rank': 30, 'fitness': 0.01798620996209155, 'generation': 213}"
"{'id': 16222, 'rank': 1, 'fitness': 0.9820137900379085, 'generation': 214}","{'id': 16227, 'rank': 2, 'fitness': 0.9802398271124825, 'generation': 214}","{'id': 16324, 'rank': 3, 'fitness': 0.9706820497193571, 'generation': 214}","{'id': 16353, 'rank': 4, 'fitness': 0.9620725701367177, 'generation': 214}","{'id': 16337, 'rank': 5, 'fitness': 0.9547140179580367, 'generation': 214}","{'id': 16337, 'rank': 6, 'fitness': 0.9547140179580367, 'generation': 214}","{'id': 16361, 'rank': 7, 'fitness': 0.9537774270035223, 'generation': 214}","{'id': 16219, 'rank': 8, 'fitness': 0.9418523548973353, 'generation': 214}","{'id': 16356, 'rank': 9, 'fitness': 0.9277925001171031, 'generation': 214}","{'id': 16356, 'rank': 10, 'fitness': 0.9277925001171031, 'generation': 214}","{'id': 16311, 'rank': 11, 'fitness': 0.924534365982977, 'generation': 214}","{'id': 16378, 'rank': 12, 'fitness': 0.8980473855640237, 'generation': 214}","{'id': 16243, 'rank': 13, 'fitness': 0.8688357309134773, 'generation': 214}","{'id': 16310, 'rank': 14, 'fitness': 0.7864102356342317, 'generation': 214}","{'id': 16310, 'rank': 15, 'fitness': 0.7864102356342317, 'generation': 214}","{'id': 16310, 'rank': 16, 'fitness': 0.7864102356342317, 'generation': 214}","{'id': 16373, 'rank': 17, 'fitness': 0.785740356704778, 'generation': 214}","{'id': 16331, 'rank': 18, 'fitness': 0.7797469003265509, 'generation': 214}","{'id': 16349, 'rank': 19, 'fitness': 0.6288578274520338, 'generation': 214}","{'id': 16349, 'rank': 20, 'fitness': 0.6288578274520338, 'generation': 214}","{'id': 16142, 'rank': 21, 'fitness': 0.6150140716034884, 'generation': 214}","{'id': 16248, 'rank': 22, 'fitness': 0.5461357939058711, 'generation': 214}","{'id': 16367, 'rank': 23, 'fitness': 0.28772677495382637, 'generation': 214}","{'id': 16323, 'rank': 24, 'fitness': 0.25191590870356984, 'generation': 214}","{'id': 16298, 'rank': 25, 'fitness': 0.18706577583231793, 'generation': 214}","{'id': 16218, 'rank': 26, 'fitness': 0.18168426819018818, 'generation': 214}","{'id': 16388, 'rank': 27, 'fitness': 0.066021119847611, 'generation': 214}","{'id': 16377, 'rank': 28, 'fitness': 0.04933405832997528, 'generation': 214}","{'id': 16313, 'rank': 29, 'fitness': 0.018023660847911294, 'generation': 214}","{'id': 15836, 'rank': 30, 'fitness': 0.01798620996209155, 'generation': 214}"
"{'id': 16421, 'rank': 1, 'fitness': 0.9820137900379085, 'generation': 215}","{'id': 16356, 'rank': 2, 'fitness': 0.9813419254869618, 'generation': 215}","{'id': 16441, 'rank': 3, 'fitness': 0.9812836658161501, 'generation': 215}","{'id': 16243, 'rank': 4, 'fitness': 0.981207803936924, 'generation': 215}","{'id': 16420, 'rank': 5, 'fitness': 0.9811698203308865, 'generation': 215}","{'id': 16420, 'rank': 6, 'fitness': 0.9811698203308865, 'generation': 215}","{'id': 16419, 'rank': 7, 'fitness': 0.9811648771489986, 'generation': 215}","{'id': 16419, 'rank': 8, 'fitness': 0.9811648771489986, 'generation': 215}","{'id': 16310, 'rank': 9, 'fitness': 0.981088130651924, 'generation': 215}","{'id': 16349, 'rank': 10, 'fitness': 0.9809288336739093, 'generation': 215}","{'id': 16349, 'rank': 11, 'fitness': 0.9809288336739093, 'generation': 215}","{'id': 16349, 'rank': 12, 'fitness': 0.9809288336739093, 'generation': 215}","{'id': 16142, 'rank': 13, 'fitness': 0.9809166944972622, 'generation': 215}","{'id': 16142, 'rank': 14, 'fitness': 0.9809166944972622, 'generation': 215}","{'id': 16323, 'rank': 15, 'fitness': 0.9805929663933566, 'generation': 215}","{'id': 16218, 'rank': 16, 'fitness': 0.9805054397108107, 'generation': 215}","{'id': 16218, 'rank': 17, 'fitness': 0.9805054397108107, 'generation': 215}","{'id': 16388, 'rank': 18, 'fitness': 0.980262961730845, 'generation': 215}","{'id': 16388, 'rank': 19, 'fitness': 0.980262961730845, 'generation': 215}","{'id': 16377, 'rank': 20, 'fitness': 0.9801969760979554, 'generation': 215}","{'id': 16414, 'rank': 21, 'fitness': 0.9800369124132072, 'generation': 215}","{'id': 16414, 'rank': 22, 'fitness': 0.9800369124132072, 'generation': 215}","{'id': 16393, 'rank': 23, 'fitness': 0.9789568015609748, 'generation': 215}","{'id': 16431, 'rank': 24, 'fitness': 0.9657941008943587, 'generation': 215}","{'id': 16438, 'rank': 25, 'fitness': 0.9218169347273583, 'generation': 215}","{'id': 16400, 'rank': 26, 'fitness': 0.9082850036136458, 'generation': 215}","{'id': 16453, 'rank': 27, 'fitness': 0.7860130080065812, 'generation': 215}","{'id': 16425, 'rank': 28, 'fitness': 0.215458741792371, 'generation': 215}","{'id': 16426, 'rank': 29, 'fitness': 0.07169463707484097, 'generation': 215}","{'id': 16451, 'rank': 30, 'fitness': 0.01798620996209155, 'generation': 215}"
"{'id': 16472, 'rank': 1, 'fitness': 0.9820137900379085, 'generation': 216}","{'id': 16472, 'rank': 2, 'fitness': 0.9820137900379085, 'generation': 216}","{'id': 16467, 'rank': 3, 'fitness': 0.9812386341743048, 'generation': 216}","{'id': 16466, 'rank': 4, 'fitness': 0.9799786939360968, 'generation': 216}","{'id': 16243, 'rank': 5, 'fitness': 0.9796034959908859, 'generation': 216}","{'id': 16461, 'rank': 6, 'fitness': 0.9795168593867544, 'generation': 216}","{'id': 16461, 'rank': 7, 'fitness': 0.9795168593867544, 'generation': 216}","{'id': 16519, 'rank': 8, 'fitness': 0.9795113185394722, 'generation': 216}","{'id': 16420, 'rank': 9, 'fitness': 0.979481194699215, 'generation': 216}","{'id': 16419, 'rank': 10, 'fitness': 0.9794652435801953, 'generation': 216}","{'id': 16419, 'rank': 11, 'fitness': 0.9794652435801953, 'generation': 216}","{'id': 16504, 'rank': 12, 'fitness': 0.9793230715947693, 'generation': 216}","{'id': 16496, 'rank': 13, 'fitness': 0.979150350033473, 'generation': 216}","{'id': 16457, 'rank': 14, 'fitness': 0.978858066059098, 'generation': 216}","{'id': 16349, 'rank': 15, 'fitness': 0.978694180749373, 'generation': 216}","{'id': 16349, 'rank': 16, 'fitness': 0.978694180749373, 'generation': 216}","{'id': 16349, 'rank': 17, 'fitness': 0.978694180749373, 'generation': 216}","{'id': 16349, 'rank': 18, 'fitness': 0.978694180749373, 'generation': 216}","{'id': 16142, 'rank': 19, 'fitness': 0.9786540284934053, 'generation': 216}","{'id': 16479, 'rank': 20, 'fitness': 0.9783522266130591, 'generation': 216}","{'id': 16475, 'rank': 21, 'fitness': 0.9777901972683203, 'generation': 216}","{'id': 16520, 'rank': 22, 'fitness': 0.9774604326509422, 'generation': 216}","{'id': 16501, 'rank': 23, 'fitness': 0.9770153352552661, 'generation': 216}","{'id': 16501, 'rank': 24, 'fitness': 0.9770153352552661, 'generation': 216}","{'id': 16388, 'rank': 25, 'fitness': 0.9764188599236576, 'generation': 216}","{'id': 16505, 'rank': 26, 'fitness': 0.9762965961465966, 'generation': 216}","{'id': 16476, 'rank': 27, 'fitness': 0.9755532482522669, 'generation': 216}","{'id': 16393, 'rank': 28, 'fitness': 0.9715141262973702, 'generation': 216}","{'id': 16438, 'rank': 29, 'fitness': 0.3678835087295219, 'generation': 216}","{'id': 16453, 'rank': 30, 'fitness': 0.01798620996209155, 'generation': 216}"
"{'id': 16467, 'rank': 1, 'fitness': 0.9820137900379085, 'generation': 217}","{'id': 16605, 'rank': 2, 'fitness': 0.9601006432701915, 'generation': 217}","{'id': 16573, 'rank': 3, 'fitness': 0.9358057049413301, 'generation': 217}","{'id': 16566, 'rank': 4, 'fitness': 0.8754776141515639, 'generation': 217}","{'id': 16536, 'rank': 5, 'fitness': 0.8565679586101616, 'generation': 217}","{'id': 16620, 'rank': 6, 'fitness': 0.8492632776555543, 'generation': 217}","{'id': 16620, 'rank': 7, 'fitness': 0.8492632776555543, 'generation': 217}","{'id': 16419, 'rank': 8, 'fitness': 0.8380856476282174, 'generation': 217}","{'id': 16585, 'rank': 9, 'fitness': 0.8235164752941772, 'generation': 217}","{'id': 16585, 'rank': 10, 'fitness': 0.8235164752941772, 'generation': 217}","{'id': 16585, 'rank': 11, 'fitness': 0.8235164752941772, 'generation': 217}","{'id': 16610, 'rank': 12, 'fitness': 0.794064046704317, 'generation': 217}","{'id': 16583, 'rank': 13, 'fitness': 0.7878115746794659, 'generation': 217}","{'id': 16547, 'rank': 14, 'fitness': 0.7402008856407537, 'generation': 217}","{'id': 16621, 'rank': 15, 'fitness': 0.7257171214190774, 'generation': 217}","{'id': 16457, 'rank': 16, 'fitness': 0.7074482481071026, 'generation': 217}","{'id': 16349, 'rank': 17, 'fitness': 0.6640233489384725, 'generation': 217}","{'id': 16584, 'rank': 18, 'fitness': 0.654616139665863, 'generation': 217}","{'id': 16142, 'rank': 19, 'fitness': 0.6529606482947202, 'generation': 217}","{'id': 16479, 'rank': 20, 'fitness': 0.5659053121095264, 'generation': 217}","{'id': 16537, 'rank': 21, 'fitness': 0.5361557745303643, 'generation': 217}","{'id': 16534, 'rank': 22, 'fitness': 0.4787442700309421, 'generation': 217}","{'id': 16534, 'rank': 23, 'fitness': 0.4787442700309421, 'generation': 217}","{'id': 16571, 'rank': 24, 'fitness': 0.446922337604303, 'generation': 217}","{'id': 16613, 'rank': 25, 'fitness': 0.39975840444665506, 'generation': 217}","{'id': 16613, 'rank': 26, 'fitness': 0.39975840444665506, 'generation': 217}","{'id': 16548, 'rank': 27, 'fitness': 0.13655107376593656, 'generation': 217}","{'id': 16545, 'rank': 28, 'fitness': 0.12984144947034404, 'generation': 217}","{'id': 16505, 'rank': 29, 'fitness': 0.10827710928226447, 'generation': 217}","{'id': 16555, 'rank': 30, 'fitness': 0.01798620996209155, 'generation': 217}"
"{'id': 16566, 'rank': 1, 'fitness': 0.9820137900379085, 'generation': 218}","{'id': 16630, 'rank': 2, 'fitness': 0.9819756046479206, 'generation': 218}","{'id': 16630, 'rank': 3, 'fitness': 0.9819756046479206, 'generation': 218}","{'id': 16419, 'rank': 4, 'fitness': 0.9819431696012462, 'generation': 218}","{'id': 16419, 'rank': 5, 'fitness': 0.9819431696012462, 'generation': 218}","{'id': 16585, 'rank': 6, 'fitness': 0.9819191943072485, 'generation': 218}","{'id': 16629, 'rank': 7, 'fitness': 0.9819169807457051, 'generation': 218}","{'id': 16610, 'rank': 8, 'fitness': 0.9818750085154196, 'generation': 218}","{'id': 16349, 'rank': 9, 'fitness': 0.9817193645528551, 'generation': 218}","{'id': 16584, 'rank': 10, 'fitness': 0.9817095669620601, 'generation': 218}","{'id': 16613, 'rank': 11, 'fitness': 0.981463233010357, 'generation': 218}","{'id': 16505, 'rank': 12, 'fitness': 0.9810553857860012, 'generation': 218}","{'id': 16505, 'rank': 13, 'fitness': 0.9810553857860012, 'generation': 218}","{'id': 16644, 'rank': 14, 'fitness': 0.9796152237597688, 'generation': 218}","{'id': 16691, 'rank': 15, 'fitness': 0.9684954948783073, 'generation': 218}","{'id': 16691, 'rank': 16, 'fitness': 0.9684954948783073, 'generation': 218}","{'id': 16693, 'rank': 17, 'fitness': 0.9672922947126225, 'generation': 218}","{'id': 16693, 'rank': 18, 'fitness': 0.9672922947126225, 'generation': 218}","{'id': 16639, 'rank': 19, 'fitness': 0.9637686761306173, 'generation': 218}","{'id': 16692, 'rank': 20, 'fitness': 0.9528947289226541, 'generation': 218}","{'id': 16692, 'rank': 21, 'fitness': 0.9528947289226541, 'generation': 218}","{'id': 16663, 'rank': 22, 'fitness': 0.9481205788172371, 'generation': 218}","{'id': 16654, 'rank': 23, 'fitness': 0.941756485674238, 'generation': 218}","{'id': 16676, 'rank': 24, 'fitness': 0.9415578082304823, 'generation': 218}","{'id': 16638, 'rank': 25, 'fitness': 0.9396754714785187, 'generation': 218}","{'id': 16681, 'rank': 26, 'fitness': 0.8087634252548358, 'generation': 218}","{'id': 16681, 'rank': 27, 'fitness': 0.8087634252548358, 'generation': 218}","{'id': 16657, 'rank': 28, 'fitness': 0.15401864788507463, 'generation': 218}","{'id': 16657, 'rank': 29, 'fitness': 0.15401864788507463, 'generation': 218}","{'id': 16665, 'rank': 30, 'fitness': 0.01798620996209155, 'generation': 218}"
"{'id': 16695, 'rank': 1, 'fitness': 0.9820137900379085, 'generation': 219}","{'id': 16695, 'rank': 2, 'fitness': 0.9820137900379085, 'generation': 219}","{'id': 16715, 'rank': 3, 'fitness': 0.9799342840588083, 'generation': 219}","{'id': 16718, 'rank': 4, 'fitness': 0.9760770810450511, 'generation': 219}","{'id': 16718, 'rank': 5, 'fitness': 0.9760770810450511, 'generation': 219}","{'id': 16713, 'rank': 6, 'fitness': 0.9757188164168478, 'generation': 219}","{'id': 16566, 'rank': 7, 'fitness': 0.9739140283995757, 'generation': 219}","{'id': 16566, 'rank': 8, 'fitness': 0.9739140283995757, 'generation': 219}","{'id': 16585, 'rank': 9, 'fitness': 0.972173203955374, 'generation': 219}","{'id': 16585, 'rank': 10, 'fitness': 0.972173203955374, 'generation': 219}","{'id': 16717, 'rank': 11, 'fitness': 0.9691331873750313, 'generation': 219}","{'id': 16763, 'rank': 12, 'fitness': 0.9682629276987589, 'generation': 219}","{'id': 16584, 'rank': 13, 'fitness': 0.9679417390098646, 'generation': 219}","{'id': 16694, 'rank': 14, 'fitness': 0.9658537797843874, 'generation': 219}","{'id': 16694, 'rank': 15, 'fitness': 0.9658537797843874, 'generation': 219}","{'id': 16705, 'rank': 16, 'fitness': 0.9639408563338359, 'generation': 219}","{'id': 16767, 'rank': 17, 'fitness': 0.9636671602749485, 'generation': 219}","{'id': 16714, 'rank': 18, 'fitness': 0.9585140703620182, 'generation': 219}","{'id': 16757, 'rank': 19, 'fitness': 0.9563485466779358, 'generation': 219}","{'id': 16757, 'rank': 20, 'fitness': 0.9563485466779358, 'generation': 219}","{'id': 16759, 'rank': 21, 'fitness': 0.9511444853984636, 'generation': 219}","{'id': 16748, 'rank': 22, 'fitness': 0.9438832095260019, 'generation': 219}","{'id': 16720, 'rank': 23, 'fitness': 0.9424689875042482, 'generation': 219}","{'id': 16721, 'rank': 24, 'fitness': 0.9409067654934744, 'generation': 219}","{'id': 16721, 'rank': 25, 'fitness': 0.9409067654934744, 'generation': 219}","{'id': 16737, 'rank': 26, 'fitness': 0.9063236735695647, 'generation': 219}","{'id': 16760, 'rank': 27, 'fitness': 0.10181416372069457, 'generation': 219}","{'id': 16691, 'rank': 28, 'fitness': 0.028783831399080417, 'generation': 219}","{'id': 16693, 'rank': 29, 'fitness': 0.01798620996209155, 'generation': 219}","{'id': 16693, 'rank': 30, 'fitness': 0.01798620996209155, 'generation': 219}"
"{'id': 16834, 'rank': 1, 'fitness': 0.9820137900379085, 'generation': 220}","{'id': 16838, 'rank': 2, 'fitness': 0.9650709898800967, 'generation': 220}","{'id': 16837, 'rank': 3, 'fitness': 0.9585731517455807, 'generation': 220}","{'id': 16847, 'rank': 4, 'fitness': 0.9534341324841853, 'generation': 220}","{'id': 16847, 'rank': 5, 'fitness': 0.9534341324841853, 'generation': 220}","{'id': 16718, 'rank': 6, 'fitness': 0.9412696532079263, 'generation': 220}","{'id': 16802, 'rank': 7, 'fitness': 0.9356159858459896, 'generation': 220}","{'id': 16833, 'rank': 8, 'fitness': 0.9313149653981398, 'generation': 220}","{'id': 16804, 'rank': 9, 'fitness': 0.929678416792141, 'generation': 220}","{'id': 16813, 'rank': 10, 'fitness': 0.9242524559515144, 'generation': 220}","{'id': 16717, 'rank': 11, 'fitness': 0.8969162575195633, 'generation': 220}","{'id': 16763, 'rank': 12, 'fitness': 0.8905622872958161, 'generation': 220}","{'id': 16584, 'rank': 13, 'fitness': 0.888176191858587, 'generation': 220}","{'id': 16792, 'rank': 14, 'fitness': 0.876224333202202, 'generation': 220}","{'id': 16705, 'rank': 15, 'fitness': 0.8567278629190916, 'generation': 220}","{'id': 16801, 'rank': 16, 'fitness': 0.8345191102572185, 'generation': 220}","{'id': 16801, 'rank': 17, 'fitness': 0.8345191102572185, 'generation': 220}","{'id': 16801, 'rank': 18, 'fitness': 0.8345191102572185, 'generation': 220}","{'id': 16714, 'rank': 19, 'fitness': 0.8097411849731876, 'generation': 220}","{'id': 16835, 'rank': 20, 'fitness': 0.8059072150895288, 'generation': 220}","{'id': 16757, 'rank': 21, 'fitness': 0.7899155777045642, 'generation': 220}","{'id': 16776, 'rank': 22, 'fitness': 0.7892842128449463, 'generation': 220}","{'id': 16776, 'rank': 23, 'fitness': 0.7892842128449463, 'generation': 220}","{'id': 16789, 'rank': 24, 'fitness': 0.7844437972872196, 'generation': 220}","{'id': 16817, 'rank': 25, 'fitness': 0.6834730669530497, 'generation': 220}","{'id': 16721, 'rank': 26, 'fitness': 0.6411260784540773, 'generation': 220}","{'id': 16775, 'rank': 27, 'fitness': 0.5795398292737062, 'generation': 220}","{'id': 16786, 'rank': 28, 'fitness': 0.04254063350515147, 'generation': 220}","{'id': 16823, 'rank': 29, 'fitness': 0.02487692305221134, 'generation': 220}","{'id': 16842, 'rank': 30, 'fitness': 0.01798620996209155, 'generation': 220}"
"{'id': 16867, 'rank': 1, 'fitness': 0.9820137900379085, 'generation': 221}","{'id': 16867, 'rank': 2, 'fitness': 0.9820137900379085, 'generation': 221}","{'id': 16834, 'rank': 3, 'fitness': 0.9810320157746228, 'generation': 221}","{'id': 16891, 'rank': 4, 'fitness': 0.9803357657722827, 'generation': 221}","{'id': 16870, 'rank': 5, 'fitness': 0.9798601934993727, 'generation': 221}","{'id': 16847, 'rank': 6, 'fitness': 0.9782384225645799, 'generation': 221}","{'id': 16847, 'rank': 7, 'fitness': 0.9782384225645799, 'generation': 221}","{'id': 16904, 'rank': 8, 'fitness': 0.9775702908280328, 'generation': 221}","{'id': 16833, 'rank': 9, 'fitness': 0.976947885072274, 'generation': 221}","{'id': 16813, 'rank': 10, 'fitness': 0.9766057350671835, 'generation': 221}","{'id': 16717, 'rank': 11, 'fitness': 0.9754751682622916, 'generation': 221}","{'id': 16717, 'rank': 12, 'fitness': 0.9754751682622916, 'generation': 221}","{'id': 16763, 'rank': 13, 'fitness': 0.9752451908559981, 'generation': 221}","{'id': 16584, 'rank': 14, 'fitness': 0.9751613332712947, 'generation': 221}","{'id': 16757, 'rank': 15, 'fitness': 0.9724353284899359, 'generation': 221}","{'id': 16757, 'rank': 16, 'fitness': 0.9724353284899359, 'generation': 221}","{'id': 16757, 'rank': 17, 'fitness': 0.9724353284899359, 'generation': 221}","{'id': 16924, 'rank': 18, 'fitness': 0.9719404937529981, 'generation': 221}","{'id': 16923, 'rank': 19, 'fitness': 0.9638057151494791, 'generation': 221}","{'id': 16887, 'rank': 20, 'fitness': 0.9463456221142229, 'generation': 221}","{'id': 16842, 'rank': 21, 'fitness': 0.9427798012536599, 'generation': 221}","{'id': 16861, 'rank': 22, 'fitness': 0.897620221212307, 'generation': 221}","{'id': 16872, 'rank': 23, 'fitness': 0.8579232764668016, 'generation': 221}","{'id': 16877, 'rank': 24, 'fitness': 0.7810987472487296, 'generation': 221}","{'id': 16919, 'rank': 25, 'fitness': 0.26185995331413914, 'generation': 221}","{'id': 16898, 'rank': 26, 'fitness': 0.09491741552270466, 'generation': 221}","{'id': 16884, 'rank': 27, 'fitness': 0.08805050933726044, 'generation': 221}","{'id': 16927, 'rank': 28, 'fitness': 0.06145006954200122, 'generation': 221}","{'id': 16901, 'rank': 29, 'fitness': 0.028092031731424605, 'generation': 221}","{'id': 16880, 'rank': 30, 'fitness': 0.01798620996209155, 'generation': 221}"
"{'id': 16977, 'rank': 1, 'fitness': 0.9820137900379085, 'generation': 222}","{'id': 17002, 'rank': 2, 'fitness': 0.980638609592065, 'generation': 222}","{'id': 16974, 'rank': 3, 'fitness': 0.9790546654395588, 'generation': 222}","{'id': 17004, 'rank': 4, 'fitness': 0.9789833544508304, 'generation': 222}","{'id': 16891, 'rank': 5, 'fitness': 0.9770854208630899, 'generation': 222}","{'id': 16870, 'rank': 6, 'fitness': 0.9764065567876326, 'generation': 222}","{'id': 16930, 'rank': 7, 'fitness': 0.9760329636187142, 'generation': 222}","{'id': 16993, 'rank': 8, 'fitness': 0.9752671754210364, 'generation': 222}","{'id': 16993, 'rank': 9, 'fitness': 0.9752671754210364, 'generation': 222}","{'id': 16944, 'rank': 10, 'fitness': 0.9750918945761666, 'generation': 222}","{'id': 16929, 'rank': 11, 'fitness': 0.9743989176274501, 'generation': 222}","{'id': 16847, 'rank': 12, 'fitness': 0.9740662632769583, 'generation': 222}","{'id': 16904, 'rank': 13, 'fitness': 0.9730912029710712, 'generation': 222}","{'id': 16995, 'rank': 14, 'fitness': 0.9727619044208541, 'generation': 222}","{'id': 16989, 'rank': 15, 'fitness': 0.9725323513673971, 'generation': 222}","{'id': 16813, 'rank': 16, 'fitness': 0.9716728216473591, 'generation': 222}","{'id': 16717, 'rank': 17, 'fitness': 0.9699947902450514, 'generation': 222}","{'id': 16763, 'rank': 18, 'fitness': 0.9696514606355657, 'generation': 222}","{'id': 17008, 'rank': 19, 'fitness': 0.9695578570242989, 'generation': 222}","{'id': 17011, 'rank': 20, 'fitness': 0.968219919548049, 'generation': 222}","{'id': 16982, 'rank': 21, 'fitness': 0.9672754053252428, 'generation': 222}","{'id': 17012, 'rank': 22, 'fitness': 0.9665959636367148, 'generation': 222}","{'id': 16934, 'rank': 23, 'fitness': 0.9661742535363447, 'generation': 222}","{'id': 17009, 'rank': 24, 'fitness': 0.9657832966069679, 'generation': 222}","{'id': 16983, 'rank': 25, 'fitness': 0.965562095600965, 'generation': 222}","{'id': 16924, 'rank': 26, 'fitness': 0.9646480397967587, 'generation': 222}","{'id': 16956, 'rank': 27, 'fitness': 0.9624775255615103, 'generation': 222}","{'id': 17005, 'rank': 28, 'fitness': 0.9623501514446589, 'generation': 222}","{'id': 16937, 'rank': 29, 'fitness': 0.3329035368769227, 'generation': 222}","{'id': 16960, 'rank': 30, 'fitness': 0.01798620996209155, 'generation': 222}"
"{'id': 17033, 'rank': 1, 'fitness': 0.9820137900379085, 'generation': 223}","{'id': 17060, 'rank': 2, 'fitness': 0.9462775675477397, 'generation': 223}","{'id': 17061, 'rank': 3, 'fitness': 0.9306885639896618, 'generation': 223}","{'id': 17038, 'rank': 4, 'fitness': 0.9153167807301914, 'generation': 223}","{'id': 17062, 'rank': 5, 'fitness': 0.8782237937813544, 'generation': 223}","{'id': 17032, 'rank': 6, 'fitness': 0.8654186154143212, 'generation': 223}","{'id': 17032, 'rank': 7, 'fitness': 0.8654186154143212, 'generation': 223}","{'id': 17037, 'rank': 8, 'fitness': 0.7934394738292656, 'generation': 223}","{'id': 16891, 'rank': 9, 'fitness': 0.7443415307047607, 'generation': 223}","{'id': 16891, 'rank': 10, 'fitness': 0.7443415307047607, 'generation': 223}","{'id': 16891, 'rank': 11, 'fitness': 0.7443415307047607, 'generation': 223}","{'id': 17059, 'rank': 12, 'fitness': 0.7206696315135339, 'generation': 223}","{'id': 17026, 'rank': 13, 'fitness': 0.6257743732437291, 'generation': 223}","{'id': 16993, 'rank': 14, 'fitness': 0.5913822127601008, 'generation': 223}","{'id': 17019, 'rank': 15, 'fitness': 0.5102765238194468, 'generation': 223}","{'id': 17070, 'rank': 16, 'fitness': 0.49568709354749196, 'generation': 223}","{'id': 17041, 'rank': 17, 'fitness': 0.37842527897047473, 'generation': 223}","{'id': 17041, 'rank': 18, 'fitness': 0.37842527897047473, 'generation': 223}","{'id': 17022, 'rank': 19, 'fitness': 0.3267575060398155, 'generation': 223}","{'id': 17046, 'rank': 20, 'fitness': 0.28566356866993853, 'generation': 223}","{'id': 17094, 'rank': 21, 'fitness': 0.2769716274004179, 'generation': 223}","{'id': 17015, 'rank': 22, 'fitness': 0.23823878607727011, 'generation': 223}","{'id': 17056, 'rank': 23, 'fitness': 0.2282744482430844, 'generation': 223}","{'id': 17008, 'rank': 24, 'fitness': 0.17671695804108545, 'generation': 223}","{'id': 17011, 'rank': 25, 'fitness': 0.12614951957523246, 'generation': 223}","{'id': 17088, 'rank': 26, 'fitness': 0.086112414179215, 'generation': 223}","{'id': 17088, 'rank': 27, 'fitness': 0.086112414179215, 'generation': 223}","{'id': 17012, 'rank': 28, 'fitness': 0.08349479788909742, 'generation': 223}","{'id': 17029, 'rank': 29, 'fitness': 0.050662420349112336, 'generation': 223}","{'id': 17083, 'rank': 30, 'fitness': 0.01798620996209155, 'generation': 223}"
"{'id': 17033, 'rank': 1, 'fitness': 0.9820137900379085, 'generation': 224}","{'id': 17112, 'rank': 2, 'fitness': 0.9818965067102576, 'generation': 224}","{'id': 17060, 'rank': 3, 'fitness': 0.9817680833985067, 'generation': 224}","{'id': 17060, 'rank': 4, 'fitness': 0.9817680833985067, 'generation': 224}","{'id': 17061, 'rank': 5, 'fitness': 0.9817086517110146, 'generation': 224}","{'id': 17114, 'rank': 6, 'fitness': 0.981694033043989, 'generation': 224}","{'id': 17062, 'rank': 7, 'fitness': 0.98157181083224, 'generation': 224}","{'id': 17037, 'rank': 8, 'fitness': 0.9814321105049977, 'generation': 224}","{'id': 17131, 'rank': 9, 'fitness': 0.981372724504393, 'generation': 224}","{'id': 16891, 'rank': 10, 'fitness': 0.981370323542659, 'generation': 224}","{'id': 16891, 'rank': 11, 'fitness': 0.981370323542659, 'generation': 224}","{'id': 17059, 'rank': 12, 'fitness': 0.9813433112956054, 'generation': 224}","{'id': 17041, 'rank': 13, 'fitness': 0.9810176173045018, 'generation': 224}","{'id': 17022, 'rank': 14, 'fitness': 0.9809659935360506, 'generation': 224}","{'id': 17022, 'rank': 15, 'fitness': 0.9809659935360506, 'generation': 224}","{'id': 17022, 'rank': 16, 'fitness': 0.9809659935360506, 'generation': 224}","{'id': 17094, 'rank': 17, 'fitness': 0.9809119459970375, 'generation': 224}","{'id': 17015, 'rank': 18, 'fitness': 0.9808655028265915, 'generation': 224}","{'id': 17088, 'rank': 19, 'fitness': 0.9805885225243671, 'generation': 224}","{'id': 17088, 'rank': 20, 'fitness': 0.9805885225243671, 'generation': 224}","{'id': 17012, 'rank': 21, 'fitness': 0.9805806786833748, 'generation': 224}","{'id': 17132, 'rank': 22, 'fitness': 0.9792713015832231, 'generation': 224}","{'id': 17147, 'rank': 23, 'fitness': 0.9773147300001803, 'generation': 224}","{'id': 17139, 'rank': 24, 'fitness': 0.9769752016545796, 'generation': 224}","{'id': 17104, 'rank': 25, 'fitness': 0.9611609980033027, 'generation': 224}","{'id': 17150, 'rank': 26, 'fitness': 0.9413967932287074, 'generation': 224}","{'id': 17115, 'rank': 27, 'fitness': 0.9302205803965109, 'generation': 224}","{'id': 17118, 'rank': 28, 'fitness': 0.9080623223836854, 'generation': 224}","{'id': 17107, 'rank': 29, 'fitness': 0.7311030154148571, 'generation': 224}","{'id': 17111, 'rank': 30, 'fitness': 0.01798620996209155, 'generation': 224}"
"{'id': 17033, 'rank': 1, 'fitness': 0.9820137900379085, 'generation': 225}","{'id': 17172, 'rank': 2, 'fitness': 0.9763736663805028, 'generation': 225}","{'id': 17198, 'rank': 3, 'fitness': 0.9566764278157208, 'generation': 225}","{'id': 17162, 'rank': 4, 'fitness': 0.9551478668719452, 'generation': 225}","{'id': 17060, 'rank': 5, 'fitness': 0.9515338637796714, 'generation': 225}","{'id': 17061, 'rank': 6, 'fitness': 0.938880028788268, 'generation': 225}","{'id': 17230, 'rank': 7, 'fitness': 0.9300220222230082, 'generation': 225}","{'id': 17234, 'rank': 8, 'fitness': 0.9255473320254229, 'generation': 225}","{'id': 17231, 'rank': 9, 'fitness': 0.9172445325980617, 'generation': 225}","{'id': 17228, 'rank': 10, 'fitness': 0.8820155739203899, 'generation': 225}","{'id': 17197, 'rank': 11, 'fitness': 0.8388505097421869, 'generation': 225}","{'id': 17218, 'rank': 12, 'fitness': 0.8117228783656745, 'generation': 225}","{'id': 17131, 'rank': 13, 'fitness': 0.7956831238620075, 'generation': 225}","{'id': 17131, 'rank': 14, 'fitness': 0.7956831238620075, 'generation': 225}","{'id': 16891, 'rank': 15, 'fitness': 0.7940982752522501, 'generation': 225}","{'id': 17059, 'rank': 16, 'fitness': 0.7756561490798248, 'generation': 225}","{'id': 17059, 'rank': 17, 'fitness': 0.7756561490798248, 'generation': 225}","{'id': 17237, 'rank': 18, 'fitness': 0.6587413305742207, 'generation': 225}","{'id': 17206, 'rank': 19, 'fitness': 0.6239794556009879, 'generation': 225}","{'id': 17222, 'rank': 20, 'fitness': 0.4339263899273802, 'generation': 225}","{'id': 17222, 'rank': 21, 'fitness': 0.4339263899273802, 'generation': 225}","{'id': 17022, 'rank': 22, 'fitness': 0.43293016337722706, 'generation': 225}","{'id': 17022, 'rank': 23, 'fitness': 0.43293016337722706, 'generation': 225}","{'id': 17235, 'rank': 24, 'fitness': 0.40455583177207277, 'generation': 225}","{'id': 17094, 'rank': 25, 'fitness': 0.3813422416753766, 'generation': 225}","{'id': 17207, 'rank': 26, 'fitness': 0.3598010393711323, 'generation': 225}","{'id': 17165, 'rank': 27, 'fitness': 0.24759761818598008, 'generation': 225}","{'id': 17221, 'rank': 28, 'fitness': 0.19875502580236937, 'generation': 225}","{'id': 17183, 'rank': 29, 'fitness': 0.10011754539327822, 'generation': 225}","{'id': 17213, 'rank': 30, 'fitness': 0.01798620996209155, 'generation': 225}"
"{'id': 17033, 'rank': 1, 'fitness': 0.9820137900379085, 'generation': 226}","{'id': 17294, 'rank': 2, 'fitness': 0.9817214727061808, 'generation': 226}","{'id': 17060, 'rank': 3, 'fitness': 0.9816959591768095, 'generation': 226}","{'id': 17275, 'rank': 4, 'fitness': 0.9816862181621522, 'generation': 226}","{'id': 17295, 'rank': 5, 'fitness': 0.9816561707913077, 'generation': 226}","{'id': 17295, 'rank': 6, 'fitness': 0.9816561707913077, 'generation': 226}","{'id': 17061, 'rank': 7, 'fitness': 0.9816188975581345, 'generation': 226}","{'id': 17234, 'rank': 8, 'fitness': 0.9815521751433748, 'generation': 226}","{'id': 17228, 'rank': 9, 'fitness': 0.9813908603575952, 'generation': 226}","{'id': 17249, 'rank': 10, 'fitness': 0.9813713977608634, 'generation': 226}","{'id': 17197, 'rank': 11, 'fitness': 0.9812752068015418, 'generation': 226}","{'id': 17270, 'rank': 12, 'fitness': 0.9812698737082484, 'generation': 226}","{'id': 17270, 'rank': 13, 'fitness': 0.9812698737082484, 'generation': 226}","{'id': 17218, 'rank': 14, 'fitness': 0.9812147119744714, 'generation': 226}","{'id': 17218, 'rank': 15, 'fitness': 0.9812147119744714, 'generation': 226}","{'id': 17131, 'rank': 16, 'fitness': 0.9811819815536282, 'generation': 226}","{'id': 17059, 'rank': 17, 'fitness': 0.9811436182758508, 'generation': 226}","{'id': 17222, 'rank': 18, 'fitness': 0.9806513085617845, 'generation': 226}","{'id': 17235, 'rank': 19, 'fitness': 0.9806113312735343, 'generation': 226}","{'id': 17252, 'rank': 20, 'fitness': 0.9803941836826044, 'generation': 226}","{'id': 17252, 'rank': 21, 'fitness': 0.9803941836826044, 'generation': 226}","{'id': 17240, 'rank': 22, 'fitness': 0.9797153123121567, 'generation': 226}","{'id': 17213, 'rank': 23, 'fitness': 0.9793759672291912, 'generation': 226}","{'id': 17310, 'rank': 24, 'fitness': 0.9640602338912474, 'generation': 226}","{'id': 17290, 'rank': 25, 'fitness': 0.9448270955558661, 'generation': 226}","{'id': 17289, 'rank': 26, 'fitness': 0.9377336121619892, 'generation': 226}","{'id': 17248, 'rank': 27, 'fitness': 0.9216579351404074, 'generation': 226}","{'id': 17245, 'rank': 28, 'fitness': 0.912952927104155, 'generation': 226}","{'id': 17314, 'rank': 29, 'fitness': 0.6598761266095298, 'generation': 226}","{'id': 17285, 'rank': 30, 'fitness': 0.01798620996209155, 'generation': 226}"
"{'id': 17410, 'rank': 1, 'fitness': 0.9820137900379085, 'generation': 227}","{'id': 17415, 'rank': 2, 'fitness': 0.9817442652606614, 'generation': 227}","{'id': 17337, 'rank': 3, 'fitness': 0.9817049016264205, 'generation': 227}","{'id': 17294, 'rank': 4, 'fitness': 0.9816774938726908, 'generation': 227}","{'id': 17275, 'rank': 5, 'fitness': 0.9816381356992323, 'generation': 227}","{'id': 17275, 'rank': 6, 'fitness': 0.9816381356992323, 'generation': 227}","{'id': 17275, 'rank': 7, 'fitness': 0.9816381356992323, 'generation': 227}","{'id': 17061, 'rank': 8, 'fitness': 0.9815629555349281, 'generation': 227}","{'id': 17317, 'rank': 9, 'fitness': 0.9814899349374997, 'generation': 227}","{'id': 17353, 'rank': 10, 'fitness': 0.9813461007217777, 'generation': 227}","{'id': 17338, 'rank': 11, 'fitness': 0.9813085508120127, 'generation': 227}","{'id': 17249, 'rank': 12, 'fitness': 0.9812862976700538, 'generation': 227}","{'id': 17368, 'rank': 13, 'fitness': 0.9812707471550843, 'generation': 227}","{'id': 17397, 'rank': 14, 'fitness': 0.9811694081831608, 'generation': 227}","{'id': 17360, 'rank': 15, 'fitness': 0.9811362938821657, 'generation': 227}","{'id': 17059, 'rank': 16, 'fitness': 0.9810313214703583, 'generation': 227}","{'id': 17059, 'rank': 17, 'fitness': 0.9810313214703583, 'generation': 227}","{'id': 17370, 'rank': 18, 'fitness': 0.9809724479499413, 'generation': 227}","{'id': 17363, 'rank': 19, 'fitness': 0.9809402770706819, 'generation': 227}","{'id': 17327, 'rank': 20, 'fitness': 0.9809119867097172, 'generation': 227}","{'id': 17379, 'rank': 21, 'fitness': 0.9807872566670952, 'generation': 227}","{'id': 17362, 'rank': 22, 'fitness': 0.9806645570551458, 'generation': 227}","{'id': 17404, 'rank': 23, 'fitness': 0.9804536405013133, 'generation': 227}","{'id': 17401, 'rank': 24, 'fitness': 0.9803259425683999, 'generation': 227}","{'id': 17328, 'rank': 25, 'fitness': 0.980154887151236, 'generation': 227}","{'id': 17326, 'rank': 26, 'fitness': 0.9798836786218573, 'generation': 227}","{'id': 17375, 'rank': 27, 'fitness': 0.9798059143283026, 'generation': 227}","{'id': 17344, 'rank': 28, 'fitness': 0.960648678541748, 'generation': 227}","{'id': 17357, 'rank': 29, 'fitness': 0.9228520467205235, 'generation': 227}","{'id': 17411, 'rank': 30, 'fitness': 0.01798620996209155, 'generation': 227}"
"{'id': 17448, 'rank': 1, 'fitness': 0.9820137900379085, 'generation': 228}","{'id': 17448, 'rank': 2, 'fitness': 0.9820137900379085, 'generation': 228}","{'id': 17410, 'rank': 3, 'fitness': 0.9804637566684947, 'generation': 228}","{'id': 17446, 'rank': 4, 'fitness': 0.977804184483693, 'generation': 228}","{'id': 17478, 'rank': 5, 'fitness': 0.9758515998818166, 'generation': 228}","{'id': 17482, 'rank': 6, 'fitness': 0.962304534283902, 'generation': 228}","{'id': 17482, 'rank': 7, 'fitness': 0.962304534283902, 'generation': 228}","{'id': 17458, 'rank': 8, 'fitness': 0.9523275214631911, 'generation': 228}","{'id': 17415, 'rank': 9, 'fitness': 0.9444799231057797, 'generation': 228}","{'id': 17477, 'rank': 10, 'fitness': 0.9436045016932052, 'generation': 228}","{'id': 17275, 'rank': 11, 'fitness': 0.9177517527875987, 'generation': 228}","{'id': 17275, 'rank': 12, 'fitness': 0.9177517527875987, 'generation': 228}","{'id': 17061, 'rank': 13, 'fitness': 0.8923431532761146, 'generation': 228}","{'id': 17317, 'rank': 14, 'fitness': 0.8614391744558179, 'generation': 228}","{'id': 17432, 'rank': 15, 'fitness': 0.8539813569167513, 'generation': 228}","{'id': 17433, 'rank': 16, 'fitness': 0.8417067139155533, 'generation': 228}","{'id': 17463, 'rank': 17, 'fitness': 0.8067476507476463, 'generation': 228}","{'id': 17463, 'rank': 18, 'fitness': 0.8067476507476463, 'generation': 228}","{'id': 17469, 'rank': 19, 'fitness': 0.8058588788361887, 'generation': 228}","{'id': 17469, 'rank': 20, 'fitness': 0.8058588788361887, 'generation': 228}","{'id': 17428, 'rank': 21, 'fitness': 0.7926898212010458, 'generation': 228}","{'id': 17353, 'rank': 22, 'fitness': 0.7797165532547867, 'generation': 228}","{'id': 17454, 'rank': 23, 'fitness': 0.6335113034542044, 'generation': 228}","{'id': 17059, 'rank': 24, 'fitness': 0.511499366637549, 'generation': 228}","{'id': 17059, 'rank': 25, 'fitness': 0.511499366637549, 'generation': 228}","{'id': 17486, 'rank': 26, 'fitness': 0.4633487253592752, 'generation': 228}","{'id': 17327, 'rank': 27, 'fitness': 0.3987744419144773, 'generation': 228}","{'id': 17442, 'rank': 28, 'fitness': 0.09750051947595945, 'generation': 228}","{'id': 17473, 'rank': 29, 'fitness': 0.01861691982592878, 'generation': 228}","{'id': 17465, 'rank': 30, 'fitness': 0.01798620996209155, 'generation': 228}"
"{'id': 17555, 'rank': 1, 'fitness': 0.9820137900379085, 'generation': 229}","{'id': 17532, 'rank': 2, 'fitness': 0.9788041083171029, 'generation': 229}","{'id': 17532, 'rank': 3, 'fitness': 0.9788041083171029, 'generation': 229}","{'id': 17532, 'rank': 4, 'fitness': 0.9788041083171029, 'generation': 229}","{'id': 17448, 'rank': 5, 'fitness': 0.9769209388233009, 'generation': 229}","{'id': 17448, 'rank': 6, 'fitness': 0.9769209388233009, 'generation': 229}","{'id': 17446, 'rank': 7, 'fitness': 0.9766082805841265, 'generation': 229}","{'id': 17482, 'rank': 8, 'fitness': 0.9757946021579716, 'generation': 229}","{'id': 17477, 'rank': 9, 'fitness': 0.9751456661329196, 'generation': 229}","{'id': 17477, 'rank': 10, 'fitness': 0.9751456661329196, 'generation': 229}","{'id': 17477, 'rank': 11, 'fitness': 0.9751456661329196, 'generation': 229}","{'id': 17530, 'rank': 12, 'fitness': 0.9744210993740416, 'generation': 229}","{'id': 17550, 'rank': 13, 'fitness': 0.9736237772436431, 'generation': 229}","{'id': 17432, 'rank': 14, 'fitness': 0.9734566484764482, 'generation': 229}","{'id': 17469, 'rank': 15, 'fitness': 0.9728819651427891, 'generation': 229}","{'id': 17497, 'rank': 16, 'fitness': 0.9713428626719448, 'generation': 229}","{'id': 17059, 'rank': 17, 'fitness': 0.9704490615198389, 'generation': 229}","{'id': 17556, 'rank': 18, 'fitness': 0.9661255316525866, 'generation': 229}","{'id': 17442, 'rank': 19, 'fitness': 0.9659680380871102, 'generation': 229}","{'id': 17442, 'rank': 20, 'fitness': 0.9659680380871102, 'generation': 229}","{'id': 17517, 'rank': 21, 'fitness': 0.9623713994085396, 'generation': 229}","{'id': 17517, 'rank': 22, 'fitness': 0.9623713994085396, 'generation': 229}","{'id': 17473, 'rank': 23, 'fitness': 0.9620995090049258, 'generation': 229}","{'id': 17559, 'rank': 24, 'fitness': 0.9583256316499433, 'generation': 229}","{'id': 17531, 'rank': 25, 'fitness': 0.9451655251904747, 'generation': 229}","{'id': 17501, 'rank': 26, 'fitness': 0.9043418109940136, 'generation': 229}","{'id': 17503, 'rank': 27, 'fitness': 0.8997773674967089, 'generation': 229}","{'id': 17507, 'rank': 28, 'fitness': 0.09767295159373524, 'generation': 229}","{'id': 17537, 'rank': 29, 'fitness': 0.05794035475220499, 'generation': 229}","{'id': 17506, 'rank': 30, 'fitness': 0.01798620996209155, 'generation': 229}"
"{'id': 17648, 'rank': 1, 'fitness': 0.9820137900379085, 'generation': 230}","{'id': 17623, 'rank': 2, 'fitness': 0.975489718637294, 'generation': 230}","{'id': 17532, 'rank': 3, 'fitness': 0.9743376976518023, 'generation': 230}","{'id': 17595, 'rank': 4, 'fitness': 0.9733477951002563, 'generation': 230}","{'id': 17595, 'rank': 5, 'fitness': 0.9733477951002563, 'generation': 230}","{'id': 17595, 'rank': 6, 'fitness': 0.9733477951002563, 'generation': 230}","{'id': 17448, 'rank': 7, 'fitness': 0.9714454327601182, 'generation': 230}","{'id': 17638, 'rank': 8, 'fitness': 0.9709833795536666, 'generation': 230}","{'id': 17592, 'rank': 9, 'fitness': 0.9700231314474215, 'generation': 230}","{'id': 17593, 'rank': 10, 'fitness': 0.9696859256084982, 'generation': 230}","{'id': 17594, 'rank': 11, 'fitness': 0.9693403015962548, 'generation': 230}","{'id': 17477, 'rank': 12, 'fitness': 0.9686662104972359, 'generation': 230}","{'id': 17620, 'rank': 13, 'fitness': 0.9680852830655791, 'generation': 230}","{'id': 17619, 'rank': 14, 'fitness': 0.9674735348370833, 'generation': 230}","{'id': 17605, 'rank': 15, 'fitness': 0.966653654799002, 'generation': 230}","{'id': 17469, 'rank': 16, 'fitness': 0.965053690813069, 'generation': 230}","{'id': 17497, 'rank': 17, 'fitness': 0.9625565189151728, 'generation': 230}","{'id': 17582, 'rank': 18, 'fitness': 0.9622684658845249, 'generation': 230}","{'id': 17582, 'rank': 19, 'fitness': 0.9622684658845249, 'generation': 230}","{'id': 17568, 'rank': 20, 'fitness': 0.9595981422530953, 'generation': 230}","{'id': 17632, 'rank': 21, 'fitness': 0.957652279291517, 'generation': 230}","{'id': 17442, 'rank': 22, 'fitness': 0.9536020976244199, 'generation': 230}","{'id': 17629, 'rank': 23, 'fitness': 0.950070076044709, 'generation': 230}","{'id': 17642, 'rank': 24, 'fitness': 0.9375165875453506, 'generation': 230}","{'id': 17650, 'rank': 25, 'fitness': 0.936089040048725, 'generation': 230}","{'id': 17650, 'rank': 26, 'fitness': 0.936089040048725, 'generation': 230}","{'id': 17596, 'rank': 27, 'fitness': 0.9311679938126509, 'generation': 230}","{'id': 17597, 'rank': 28, 'fitness': 0.9153063630848952, 'generation': 230}","{'id': 17501, 'rank': 29, 'fitness': 0.8370708543332226, 'generation': 230}","{'id': 17507, 'rank': 30, 'fitness': 0.01798620996209155, 'generation': 230}"
"{'id': 17648, 'rank': 1, 'fitness': 0.9820137900379085, 'generation': 231}","{'id': 17648, 'rank': 2, 'fitness': 0.9820137900379085, 'generation': 231}","{'id': 17595, 'rank': 3, 'fitness': 0.8856269060694372, 'generation': 231}","{'id': 17595, 'rank': 4, 'fitness': 0.8856269060694372, 'generation': 231}","{'id': 17638, 'rank': 5, 'fitness': 0.8350958692130955, 'generation': 231}","{'id': 17593, 'rank': 6, 'fitness': 0.8026949914575082, 'generation': 231}","{'id': 17593, 'rank': 7, 'fitness': 0.8026949914575082, 'generation': 231}","{'id': 17729, 'rank': 8, 'fitness': 0.8015498181967077, 'generation': 231}","{'id': 17721, 'rank': 9, 'fitness': 0.7802813507257207, 'generation': 231}","{'id': 17723, 'rank': 10, 'fitness': 0.7762725069643164, 'generation': 231}","{'id': 17723, 'rank': 11, 'fitness': 0.7762725069643164, 'generation': 231}","{'id': 17723, 'rank': 12, 'fitness': 0.7762725069643164, 'generation': 231}","{'id': 17697, 'rank': 13, 'fitness': 0.7528058932558349, 'generation': 231}","{'id': 17697, 'rank': 14, 'fitness': 0.7528058932558349, 'generation': 231}","{'id': 17727, 'rank': 15, 'fitness': 0.7406736332339505, 'generation': 231}","{'id': 17727, 'rank': 16, 'fitness': 0.7406736332339505, 'generation': 231}","{'id': 17691, 'rank': 17, 'fitness': 0.7307935112676507, 'generation': 231}","{'id': 17737, 'rank': 18, 'fitness': 0.6677548458031524, 'generation': 231}","{'id': 17718, 'rank': 19, 'fitness': 0.6484227175348799, 'generation': 231}","{'id': 17582, 'rank': 20, 'fitness': 0.5751257691579353, 'generation': 231}","{'id': 17713, 'rank': 21, 'fitness': 0.572720996267559, 'generation': 231}","{'id': 17695, 'rank': 22, 'fitness': 0.5559250548252871, 'generation': 231}","{'id': 17715, 'rank': 23, 'fitness': 0.49699961176589796, 'generation': 231}","{'id': 17632, 'rank': 24, 'fitness': 0.43017076998645104, 'generation': 231}","{'id': 17681, 'rank': 25, 'fitness': 0.4026801938302943, 'generation': 231}","{'id': 17734, 'rank': 26, 'fitness': 0.3761944173703142, 'generation': 231}","{'id': 17734, 'rank': 27, 'fitness': 0.3761944173703142, 'generation': 231}","{'id': 17629, 'rank': 28, 'fitness': 0.2460578369875639, 'generation': 231}","{'id': 17642, 'rank': 29, 'fitness': 0.09332485227459453, 'generation': 231}","{'id': 17683, 'rank': 30, 'fitness': 0.01798620996209155, 'generation': 231}"
"{'id': 17648, 'rank': 1, 'fitness': 0.9820137900379085, 'generation': 232}","{'id': 17593, 'rank': 2, 'fitness': 0.9797367925744528, 'generation': 232}","{'id': 17593, 'rank': 3, 'fitness': 0.9797367925744528, 'generation': 232}","{'id': 17593, 'rank': 4, 'fitness': 0.9797367925744528, 'generation': 232}","{'id': 17593, 'rank': 5, 'fitness': 0.9797367925744528, 'generation': 232}","{'id': 17593, 'rank': 6, 'fitness': 0.9797367925744528, 'generation': 232}","{'id': 17593, 'rank': 7, 'fitness': 0.9797367925744528, 'generation': 232}","{'id': 17721, 'rank': 8, 'fitness': 0.9796101319647621, 'generation': 232}","{'id': 17723, 'rank': 9, 'fitness': 0.979588404898118, 'generation': 232}","{'id': 17723, 'rank': 10, 'fitness': 0.979588404898118, 'generation': 232}","{'id': 17697, 'rank': 11, 'fitness': 0.9794659908713508, 'generation': 232}","{'id': 17727, 'rank': 12, 'fitness': 0.9794055150506631, 'generation': 232}","{'id': 17727, 'rank': 13, 'fitness': 0.9794055150506631, 'generation': 232}","{'id': 17727, 'rank': 14, 'fitness': 0.9794055150506631, 'generation': 232}","{'id': 17691, 'rank': 15, 'fitness': 0.9793574896669455, 'generation': 232}","{'id': 17737, 'rank': 16, 'fitness': 0.9790711683844149, 'generation': 232}","{'id': 17737, 'rank': 17, 'fitness': 0.9790711683844149, 'generation': 232}","{'id': 17718, 'rank': 18, 'fitness': 0.9789886048471006, 'generation': 232}","{'id': 17582, 'rank': 19, 'fitness': 0.9786887750387261, 'generation': 232}","{'id': 17582, 'rank': 20, 'fitness': 0.9786887750387261, 'generation': 232}","{'id': 17629, 'rank': 21, 'fitness': 0.9772551296685219, 'generation': 232}","{'id': 17779, 'rank': 22, 'fitness': 0.9655969180207906, 'generation': 232}","{'id': 17744, 'rank': 23, 'fitness': 0.9374946909330445, 'generation': 232}","{'id': 17774, 'rank': 24, 'fitness': 0.9363557614680007, 'generation': 232}","{'id': 17756, 'rank': 25, 'fitness': 0.8933046331960495, 'generation': 232}","{'id': 17755, 'rank': 26, 'fitness': 0.8835444682195734, 'generation': 232}","{'id': 17794, 'rank': 27, 'fitness': 0.8620364102405754, 'generation': 232}","{'id': 17739, 'rank': 28, 'fitness': 0.8208070582585355, 'generation': 232}","{'id': 17771, 'rank': 29, 'fitness': 0.8085954613394073, 'generation': 232}","{'id': 17751, 'rank': 30, 'fitness': 0.01798620996209155, 'generation': 232}"
"{'id': 17807, 'rank': 1, 'fitness': 0.9820137900379085, 'generation': 233}","{'id': 17648, 'rank': 2, 'fitness': 0.9814261313659163, 'generation': 233}","{'id': 17860, 'rank': 3, 'fitness': 0.9700956800407079, 'generation': 233}","{'id': 17859, 'rank': 4, 'fitness': 0.9697049045436952, 'generation': 233}","{'id': 17874, 'rank': 5, 'fitness': 0.9694758452592251, 'generation': 233}","{'id': 17593, 'rank': 6, 'fitness': 0.9692576690796764, 'generation': 233}","{'id': 17868, 'rank': 7, 'fitness': 0.969180519357802, 'generation': 233}","{'id': 17697, 'rank': 8, 'fitness': 0.9674946664282122, 'generation': 233}","{'id': 17827, 'rank': 9, 'fitness': 0.967072969128866, 'generation': 233}","{'id': 17845, 'rank': 10, 'fitness': 0.9669522436304339, 'generation': 233}","{'id': 17834, 'rank': 11, 'fitness': 0.9667909699116387, 'generation': 233}","{'id': 17691, 'rank': 12, 'fitness': 0.9667678958720047, 'generation': 233}","{'id': 17691, 'rank': 13, 'fitness': 0.9667678958720047, 'generation': 233}","{'id': 17691, 'rank': 14, 'fitness': 0.9667678958720047, 'generation': 233}","{'id': 17814, 'rank': 15, 'fitness': 0.9650805597556913, 'generation': 233}","{'id': 17737, 'rank': 16, 'fitness': 0.9647929708256223, 'generation': 233}","{'id': 17737, 'rank': 17, 'fitness': 0.9647929708256223, 'generation': 233}","{'id': 17718, 'rank': 18, 'fitness': 0.9642079064174645, 'generation': 233}","{'id': 17718, 'rank': 19, 'fitness': 0.9642079064174645, 'generation': 233}","{'id': 17812, 'rank': 20, 'fitness': 0.9640757446082733, 'generation': 233}","{'id': 17867, 'rank': 21, 'fitness': 0.963866650322174, 'generation': 233}","{'id': 17867, 'rank': 22, 'fitness': 0.963866650322174, 'generation': 233}","{'id': 17878, 'rank': 23, 'fitness': 0.9638647207591766, 'generation': 233}","{'id': 17847, 'rank': 24, 'fitness': 0.9630256589448679, 'generation': 233}","{'id': 17877, 'rank': 25, 'fitness': 0.9627993451975191, 'generation': 233}","{'id': 17582, 'rank': 26, 'fitness': 0.9620235616090157, 'generation': 233}","{'id': 17850, 'rank': 27, 'fitness': 0.9532104547220773, 'generation': 233}","{'id': 17823, 'rank': 28, 'fitness': 0.9458230151684784, 'generation': 233}","{'id': 17820, 'rank': 29, 'fitness': 0.9315334088784779, 'generation': 233}","{'id': 17756, 'rank': 30, 'fitness': 0.01798620996209155, 'generation': 233}"
"{'id': 17948, 'rank': 1, 'fitness': 0.9820137900379085, 'generation': 234}","{'id': 17648, 'rank': 2, 'fitness': 0.9769991670274869, 'generation': 234}","{'id': 17930, 'rank': 3, 'fitness': 0.9644513952095884, 'generation': 234}","{'id': 17899, 'rank': 4, 'fitness': 0.8382382300547503, 'generation': 234}","{'id': 17899, 'rank': 5, 'fitness': 0.8382382300547503, 'generation': 234}","{'id': 17859, 'rank': 6, 'fitness': 0.8346888733579427, 'generation': 234}","{'id': 17868, 'rank': 7, 'fitness': 0.8240477713322459, 'generation': 234}","{'id': 17962, 'rank': 8, 'fitness': 0.7927521019470337, 'generation': 234}","{'id': 17962, 'rank': 9, 'fitness': 0.7927521019470337, 'generation': 234}","{'id': 17944, 'rank': 10, 'fitness': 0.7923542611046577, 'generation': 234}","{'id': 17958, 'rank': 11, 'fitness': 0.7758997190884587, 'generation': 234}","{'id': 17834, 'rank': 12, 'fitness': 0.7714018004211051, 'generation': 234}","{'id': 17834, 'rank': 13, 'fitness': 0.7714018004211051, 'generation': 234}","{'id': 17920, 'rank': 14, 'fitness': 0.7588060763558733, 'generation': 234}","{'id': 17883, 'rank': 15, 'fitness': 0.7333668373313675, 'generation': 234}","{'id': 17867, 'rank': 16, 'fitness': 0.6994733333409114, 'generation': 234}","{'id': 17895, 'rank': 17, 'fitness': 0.676956279352808, 'generation': 234}","{'id': 17895, 'rank': 18, 'fitness': 0.676956279352808, 'generation': 234}","{'id': 17957, 'rank': 19, 'fitness': 0.5857999578244247, 'generation': 234}","{'id': 17957, 'rank': 20, 'fitness': 0.5857999578244247, 'generation': 234}","{'id': 17931, 'rank': 21, 'fitness': 0.5781846596783128, 'generation': 234}","{'id': 17928, 'rank': 22, 'fitness': 0.5138260722417117, 'generation': 234}","{'id': 17897, 'rank': 23, 'fitness': 0.4974087521046525, 'generation': 234}","{'id': 17934, 'rank': 24, 'fitness': 0.45801025637170456, 'generation': 234}","{'id': 17934, 'rank': 25, 'fitness': 0.45801025637170456, 'generation': 234}","{'id': 17893, 'rank': 26, 'fitness': 0.38560948807639217, 'generation': 234}","{'id': 17951, 'rank': 27, 'fitness': 0.36067032392612614, 'generation': 234}","{'id': 17900, 'rank': 28, 'fitness': 0.3022448809865555, 'generation': 234}","{'id': 17955, 'rank': 29, 'fitness': 0.2386650824149395, 'generation': 234}","{'id': 17913, 'rank': 30, 'fitness': 0.01798620996209155, 'generation': 234}"
"{'id': 17987, 'rank': 1, 'fitness': 0.9820137900379085, 'generation': 235}","{'id': 17989, 'rank': 2, 'fitness': 0.9819352308210045, 'generation': 235}","{'id': 17998, 'rank': 3, 'fitness': 0.9818439285978631, 'generation': 235}","{'id': 17988, 'rank': 4, 'fitness': 0.9817950348526218, 'generation': 235}","{'id': 17948, 'rank': 5, 'fitness': 0.9817206390555991, 'generation': 235}","{'id': 17990, 'rank': 6, 'fitness': 0.9816080383097393, 'generation': 235}","{'id': 17648, 'rank': 7, 'fitness': 0.9815720816379992, 'generation': 235}","{'id': 17999, 'rank': 8, 'fitness': 0.9814590285530875, 'generation': 235}","{'id': 17997, 'rank': 9, 'fitness': 0.9813190133325929, 'generation': 235}","{'id': 17997, 'rank': 10, 'fitness': 0.9813190133325929, 'generation': 235}","{'id': 17899, 'rank': 11, 'fitness': 0.9802797155621286, 'generation': 235}","{'id': 17962, 'rank': 12, 'fitness': 0.9800860332684976, 'generation': 235}","{'id': 17962, 'rank': 13, 'fitness': 0.9800860332684976, 'generation': 235}","{'id': 17834, 'rank': 14, 'fitness': 0.9800055179858247, 'generation': 235}","{'id': 17834, 'rank': 15, 'fitness': 0.9800055179858247, 'generation': 235}","{'id': 17920, 'rank': 16, 'fitness': 0.9799603536010679, 'generation': 235}","{'id': 17867, 'rank': 17, 'fitness': 0.9797650509162039, 'generation': 235}","{'id': 17957, 'rank': 18, 'fitness': 0.9794381050200803, 'generation': 235}","{'id': 17928, 'rank': 19, 'fitness': 0.9792445257432423, 'generation': 235}","{'id': 17897, 'rank': 20, 'fitness': 0.9792006325181353, 'generation': 235}","{'id': 17934, 'rank': 21, 'fitness': 0.9790946824268314, 'generation': 235}","{'id': 17893, 'rank': 22, 'fitness': 0.9788937740354879, 'generation': 235}","{'id': 17951, 'rank': 23, 'fitness': 0.9788212794331146, 'generation': 235}","{'id': 18018, 'rank': 24, 'fitness': 0.9609234461071625, 'generation': 235}","{'id': 18022, 'rank': 25, 'fitness': 0.9507947545903004, 'generation': 235}","{'id': 17993, 'rank': 26, 'fitness': 0.946428361597476, 'generation': 235}","{'id': 17975, 'rank': 27, 'fitness': 0.7491326095902026, 'generation': 235}","{'id': 17977, 'rank': 28, 'fitness': 0.7106793449130182, 'generation': 235}","{'id': 17976, 'rank': 29, 'fitness': 0.6568894457042532, 'generation': 235}","{'id': 18006, 'rank': 30, 'fitness': 0.01798620996209155, 'generation': 235}"
"{'id': 17987, 'rank': 1, 'fitness': 0.9820137900379085, 'generation': 236}","{'id': 17987, 'rank': 2, 'fitness': 0.9820137900379085, 'generation': 236}","{'id': 18060, 'rank': 3, 'fitness': 0.9808835642633937, 'generation': 236}","{'id': 18060, 'rank': 4, 'fitness': 0.9808835642633937, 'generation': 236}","{'id': 18066, 'rank': 5, 'fitness': 0.9804874569367037, 'generation': 236}","{'id': 18066, 'rank': 6, 'fitness': 0.9804874569367037, 'generation': 236}","{'id': 17988, 'rank': 7, 'fitness': 0.9804751663179969, 'generation': 236}","{'id': 17988, 'rank': 8, 'fitness': 0.9804751663179969, 'generation': 236}","{'id': 18059, 'rank': 9, 'fitness': 0.979847798545336, 'generation': 236}","{'id': 18067, 'rank': 10, 'fitness': 0.9791414782347159, 'generation': 236}","{'id': 18025, 'rank': 11, 'fitness': 0.9784183161523796, 'generation': 236}","{'id': 18039, 'rank': 12, 'fitness': 0.9782309878397139, 'generation': 236}","{'id': 18075, 'rank': 13, 'fitness': 0.9781251747587507, 'generation': 236}","{'id': 18093, 'rank': 14, 'fitness': 0.9779414516258766, 'generation': 236}","{'id': 18064, 'rank': 15, 'fitness': 0.9770093367919698, 'generation': 236}","{'id': 17997, 'rank': 16, 'fitness': 0.9767444656981461, 'generation': 236}","{'id': 17997, 'rank': 17, 'fitness': 0.9767444656981461, 'generation': 236}","{'id': 18096, 'rank': 18, 'fitness': 0.9759638749834031, 'generation': 236}","{'id': 18098, 'rank': 19, 'fitness': 0.9752294142327158, 'generation': 236}","{'id': 18027, 'rank': 20, 'fitness': 0.9752208557253033, 'generation': 236}","{'id': 18097, 'rank': 21, 'fitness': 0.9710589518332903, 'generation': 236}","{'id': 18056, 'rank': 22, 'fitness': 0.9692890887353869, 'generation': 236}","{'id': 18084, 'rank': 23, 'fitness': 0.9641005951426951, 'generation': 236}","{'id': 18058, 'rank': 24, 'fitness': 0.963319060653537, 'generation': 236}","{'id': 17834, 'rank': 25, 'fitness': 0.9632760059602397, 'generation': 236}","{'id': 17834, 'rank': 26, 'fitness': 0.9632760059602397, 'generation': 236}","{'id': 17920, 'rank': 27, 'fitness': 0.962718600149382, 'generation': 236}","{'id': 18046, 'rank': 28, 'fitness': 0.9543207384422234, 'generation': 236}","{'id': 18110, 'rank': 29, 'fitness': 0.9461649035745909, 'generation': 236}","{'id': 18052, 'rank': 30, 'fitness': 0.01798620996209155, 'generation': 236}"
"{'id': 18157, 'rank': 1, 'fitness': 0.9820137900379085, 'generation': 237}","{'id': 18160, 'rank': 2, 'fitness': 0.9728343404225255, 'generation': 237}","{'id': 18165, 'rank': 3, 'fitness': 0.9701881575775598, 'generation': 237}","{'id': 18165, 'rank': 4, 'fitness': 0.9701881575775598, 'generation': 237}","{'id': 17987, 'rank': 5, 'fitness': 0.9619317924930947, 'generation': 237}","{'id': 18150, 'rank': 6, 'fitness': 0.9581670798986234, 'generation': 237}","{'id': 18149, 'rank': 7, 'fitness': 0.9552044967414839, 'generation': 237}","{'id': 18060, 'rank': 8, 'fitness': 0.9356250010654047, 'generation': 237}","{'id': 18173, 'rank': 9, 'fitness': 0.9311431705896487, 'generation': 237}","{'id': 17988, 'rank': 10, 'fitness': 0.923047954888902, 'generation': 237}","{'id': 17988, 'rank': 11, 'fitness': 0.923047954888902, 'generation': 237}","{'id': 18176, 'rank': 12, 'fitness': 0.9090984322121811, 'generation': 237}","{'id': 18139, 'rank': 13, 'fitness': 0.8995112887730187, 'generation': 237}","{'id': 18139, 'rank': 14, 'fitness': 0.8995112887730187, 'generation': 237}","{'id': 18139, 'rank': 15, 'fitness': 0.8995112887730187, 'generation': 237}","{'id': 18141, 'rank': 16, 'fitness': 0.8499743994944807, 'generation': 237}","{'id': 18124, 'rank': 17, 'fitness': 0.8245694077738843, 'generation': 237}","{'id': 18039, 'rank': 18, 'fitness': 0.8168289479580066, 'generation': 237}","{'id': 18039, 'rank': 19, 'fitness': 0.8168289479580066, 'generation': 237}","{'id': 18039, 'rank': 20, 'fitness': 0.8168289479580066, 'generation': 237}","{'id': 18075, 'rank': 21, 'fitness': 0.8101302088483082, 'generation': 237}","{'id': 18075, 'rank': 22, 'fitness': 0.8101302088483082, 'generation': 237}","{'id': 18171, 'rank': 23, 'fitness': 0.6672519136763156, 'generation': 237}","{'id': 18096, 'rank': 24, 'fitness': 0.6438072766669378, 'generation': 237}","{'id': 18027, 'rank': 25, 'fitness': 0.5778556402711513, 'generation': 237}","{'id': 18119, 'rank': 26, 'fitness': 0.3833536800193298, 'generation': 237}","{'id': 18151, 'rank': 27, 'fitness': 0.3101065537773669, 'generation': 237}","{'id': 18153, 'rank': 28, 'fitness': 0.20832507677700746, 'generation': 237}","{'id': 18126, 'rank': 29, 'fitness': 0.01798620996209155, 'generation': 237}","{'id': 18126, 'rank': 30, 'fitness': 0.01798620996209155, 'generation': 237}"
"{'id': 18236, 'rank': 1, 'fitness': 0.9820137900379085, 'generation': 238}","{'id': 18157, 'rank': 2, 'fitness': 0.981837225881482, 'generation': 238}","{'id': 18157, 'rank': 3, 'fitness': 0.981837225881482, 'generation': 238}","{'id': 18165, 'rank': 4, 'fitness': 0.9808315549901717, 'generation': 238}","{'id': 18246, 'rank': 5, 'fitness': 0.9800051794657862, 'generation': 238}","{'id': 18206, 'rank': 6, 'fitness': 0.9800018729345346, 'generation': 238}","{'id': 18214, 'rank': 7, 'fitness': 0.9790483795957657, 'generation': 238}","{'id': 18226, 'rank': 8, 'fitness': 0.9784208357146671, 'generation': 238}","{'id': 18176, 'rank': 9, 'fitness': 0.9783297256708534, 'generation': 238}","{'id': 18139, 'rank': 10, 'fitness': 0.978078843411085, 'generation': 238}","{'id': 18207, 'rank': 11, 'fitness': 0.9769851980846347, 'generation': 238}","{'id': 18124, 'rank': 12, 'fitness': 0.9765639974273082, 'generation': 238}","{'id': 18171, 'rank': 13, 'fitness': 0.9744031775740347, 'generation': 238}","{'id': 18027, 'rank': 14, 'fitness': 0.9733727997057584, 'generation': 238}","{'id': 18027, 'rank': 15, 'fitness': 0.9733727997057584, 'generation': 238}","{'id': 18208, 'rank': 16, 'fitness': 0.9732294495778795, 'generation': 238}","{'id': 18209, 'rank': 17, 'fitness': 0.9714636041700895, 'generation': 238}","{'id': 18119, 'rank': 18, 'fitness': 0.971113239394857, 'generation': 238}","{'id': 18213, 'rank': 19, 'fitness': 0.9689491505900771, 'generation': 238}","{'id': 18126, 'rank': 20, 'fitness': 0.958551368216018, 'generation': 238}","{'id': 18212, 'rank': 21, 'fitness': 0.9507696670359521, 'generation': 238}","{'id': 18245, 'rank': 22, 'fitness': 0.9498564767369087, 'generation': 238}","{'id': 18244, 'rank': 23, 'fitness': 0.9405822779934123, 'generation': 238}","{'id': 18200, 'rank': 24, 'fitness': 0.9228298043366351, 'generation': 238}","{'id': 18241, 'rank': 25, 'fitness': 0.91879556449916, 'generation': 238}","{'id': 18241, 'rank': 26, 'fitness': 0.91879556449916, 'generation': 238}","{'id': 18254, 'rank': 27, 'fitness': 0.5620671070683609, 'generation': 238}","{'id': 18203, 'rank': 28, 'fitness': 0.10939440971192205, 'generation': 238}","{'id': 18257, 'rank': 29, 'fitness': 0.07118292954884708, 'generation': 238}","{'id': 18197, 'rank': 30, 'fitness': 0.01798620996209155, 'generation': 238}"
"{'id': 18157, 'rank': 1, 'fitness': 0.9820137900379085, 'generation': 239}","{'id': 18307, 'rank': 2, 'fitness': 0.9751259610191965, 'generation': 239}","{'id': 18267, 'rank': 3, 'fitness': 0.970854212602834, 'generation': 239}","{'id': 18321, 'rank': 4, 'fitness': 0.9685481464326758, 'generation': 239}","{'id': 18322, 'rank': 5, 'fitness': 0.9675852911658338, 'generation': 239}","{'id': 18282, 'rank': 6, 'fitness': 0.9663933855151989, 'generation': 239}","{'id': 18206, 'rank': 7, 'fitness': 0.9622124643829536, 'generation': 239}","{'id': 18319, 'rank': 8, 'fitness': 0.9436774534486022, 'generation': 239}","{'id': 18326, 'rank': 9, 'fitness': 0.9324954163084087, 'generation': 239}","{'id': 18176, 'rank': 10, 'fitness': 0.9308513421456781, 'generation': 239}","{'id': 18324, 'rank': 11, 'fitness': 0.9264434776210246, 'generation': 239}","{'id': 18285, 'rank': 12, 'fitness': 0.9147458038485873, 'generation': 239}","{'id': 18271, 'rank': 13, 'fitness': 0.8979515648321466, 'generation': 239}","{'id': 18284, 'rank': 14, 'fitness': 0.875239547828394, 'generation': 239}","{'id': 18275, 'rank': 15, 'fitness': 0.8185974178805803, 'generation': 239}","{'id': 18283, 'rank': 16, 'fitness': 0.812251129663386, 'generation': 239}","{'id': 18171, 'rank': 17, 'fitness': 0.7814744113565119, 'generation': 239}","{'id': 18027, 'rank': 18, 'fitness': 0.7229856247579978, 'generation': 239}","{'id': 18208, 'rank': 19, 'fitness': 0.7143170388323515, 'generation': 239}","{'id': 18331, 'rank': 20, 'fitness': 0.6540364930024691, 'generation': 239}","{'id': 18209, 'rank': 21, 'fitness': 0.6000918016149139, 'generation': 239}","{'id': 18119, 'rank': 22, 'fitness': 0.5764452305504236, 'generation': 239}","{'id': 18213, 'rank': 23, 'fitness': 0.43275034507010995, 'generation': 239}","{'id': 18334, 'rank': 24, 'fitness': 0.34032166565099203, 'generation': 239}","{'id': 18333, 'rank': 25, 'fitness': 0.3064156935342093, 'generation': 239}","{'id': 18314, 'rank': 26, 'fitness': 0.20949569919147087, 'generation': 239}","{'id': 18260, 'rank': 27, 'fitness': 0.20822209587685603, 'generation': 239}","{'id': 18261, 'rank': 28, 'fitness': 0.15594621119378416, 'generation': 239}","{'id': 18315, 'rank': 29, 'fitness': 0.10839528193255532, 'generation': 239}","{'id': 18212, 'rank': 30, 'fitness': 0.01798620996209155, 'generation': 239}"
"{'id': 18389, 'rank': 1, 'fitness': 0.9820137900379085, 'generation': 240}","{'id': 18344, 'rank': 2, 'fitness': 0.9812706697701923, 'generation': 240}","{'id': 18344, 'rank': 3, 'fitness': 0.9812706697701923, 'generation': 240}","{'id': 18390, 'rank': 4, 'fitness': 0.9776904820053043, 'generation': 240}","{'id': 18267, 'rank': 5, 'fitness': 0.9711724053346338, 'generation': 240}","{'id': 18321, 'rank': 6, 'fitness': 0.9703078108657401, 'generation': 240}","{'id': 18397, 'rank': 7, 'fitness': 0.9701786512491877, 'generation': 240}","{'id': 18397, 'rank': 8, 'fitness': 0.9701786512491877, 'generation': 240}","{'id': 18345, 'rank': 9, 'fitness': 0.9699828673642782, 'generation': 240}","{'id': 18206, 'rank': 10, 'fitness': 0.9681096044515146, 'generation': 240}","{'id': 18403, 'rank': 11, 'fitness': 0.9633171355843275, 'generation': 240}","{'id': 18406, 'rank': 12, 'fitness': 0.9611225532874801, 'generation': 240}","{'id': 18324, 'rank': 13, 'fitness': 0.9585185012873766, 'generation': 240}","{'id': 18369, 'rank': 14, 'fitness': 0.9433715370867788, 'generation': 240}","{'id': 18387, 'rank': 15, 'fitness': 0.9401299810791861, 'generation': 240}","{'id': 18341, 'rank': 16, 'fitness': 0.9398711868392358, 'generation': 240}","{'id': 18283, 'rank': 17, 'fitness': 0.9385369063294673, 'generation': 240}","{'id': 18342, 'rank': 18, 'fitness': 0.937099384606106, 'generation': 240}","{'id': 18388, 'rank': 19, 'fitness': 0.929976058803, 'generation': 240}","{'id': 18213, 'rank': 20, 'fitness': 0.8862659964063546, 'generation': 240}","{'id': 18213, 'rank': 21, 'fitness': 0.8862659964063546, 'generation': 240}","{'id': 18213, 'rank': 22, 'fitness': 0.8862659964063546, 'generation': 240}","{'id': 18361, 'rank': 23, 'fitness': 0.8720511304466001, 'generation': 240}","{'id': 18333, 'rank': 24, 'fitness': 0.8631114707648055, 'generation': 240}","{'id': 18333, 'rank': 25, 'fitness': 0.8631114707648055, 'generation': 240}","{'id': 18366, 'rank': 26, 'fitness': 0.8046577317655353, 'generation': 240}","{'id': 18212, 'rank': 27, 'fitness': 0.6473507060451377, 'generation': 240}","{'id': 18212, 'rank': 28, 'fitness': 0.6473507060451377, 'generation': 240}","{'id': 18352, 'rank': 29, 'fitness': 0.05159043255205353, 'generation': 240}","{'id': 18401, 'rank': 30, 'fitness': 0.01798620996209155, 'generation': 240}"
"{'id': 18444, 'rank': 1, 'fitness': 0.9820137900379085, 'generation': 241}","{'id': 18424, 'rank': 2, 'fitness': 0.9803618506911309, 'generation': 241}","{'id': 18424, 'rank': 3, 'fitness': 0.9803618506911309, 'generation': 241}","{'id': 18344, 'rank': 4, 'fitness': 0.9803487856629864, 'generation': 241}","{'id': 18420, 'rank': 5, 'fitness': 0.9797967868070876, 'generation': 241}","{'id': 18420, 'rank': 6, 'fitness': 0.9797967868070876, 'generation': 241}","{'id': 18423, 'rank': 7, 'fitness': 0.9728143942025747, 'generation': 241}","{'id': 18267, 'rank': 8, 'fitness': 0.9707478714745329, 'generation': 241}","{'id': 18321, 'rank': 9, 'fitness': 0.9699392174243398, 'generation': 241}","{'id': 18321, 'rank': 10, 'fitness': 0.9699392174243398, 'generation': 241}","{'id': 18403, 'rank': 11, 'fitness': 0.9634611925858887, 'generation': 241}","{'id': 18406, 'rank': 12, 'fitness': 0.9614472409435061, 'generation': 241}","{'id': 18482, 'rank': 13, 'fitness': 0.9556118366992272, 'generation': 241}","{'id': 18482, 'rank': 14, 'fitness': 0.9556118366992272, 'generation': 241}","{'id': 18446, 'rank': 15, 'fitness': 0.9551746570036335, 'generation': 241}","{'id': 18283, 'rank': 16, 'fitness': 0.941123463956696, 'generation': 241}","{'id': 18342, 'rank': 17, 'fitness': 0.9398497299826232, 'generation': 241}","{'id': 18432, 'rank': 18, 'fitness': 0.9380651772238326, 'generation': 241}","{'id': 18411, 'rank': 19, 'fitness': 0.9305056198799229, 'generation': 241}","{'id': 18456, 'rank': 20, 'fitness': 0.9212714788682392, 'generation': 241}","{'id': 18438, 'rank': 21, 'fitness': 0.91786233114454, 'generation': 241}","{'id': 18442, 'rank': 22, 'fitness': 0.9030369611540338, 'generation': 241}","{'id': 18213, 'rank': 23, 'fitness': 0.8957242864530346, 'generation': 241}","{'id': 18333, 'rank': 24, 'fitness': 0.8760005417412802, 'generation': 241}","{'id': 18366, 'rank': 25, 'fitness': 0.8266528268519828, 'generation': 241}","{'id': 18454, 'rank': 26, 'fitness': 0.7129545034208139, 'generation': 241}","{'id': 18212, 'rank': 27, 'fitness': 0.6933749493307428, 'generation': 241}","{'id': 18212, 'rank': 28, 'fitness': 0.6933749493307428, 'generation': 241}","{'id': 18430, 'rank': 29, 'fitness': 0.027061176590263414, 'generation': 241}","{'id': 18452, 'rank': 30, 'fitness': 0.01798620996209155, 'generation': 241}"
"{'id': 18533, 'rank': 1, 'fitness': 0.9820137900379085, 'generation': 242}","{'id': 18533, 'rank': 2, 'fitness': 0.9820137900379085, 'generation': 242}","{'id': 18531, 'rank': 3, 'fitness': 0.9812839343741382, 'generation': 242}","{'id': 18544, 'rank': 4, 'fitness': 0.979659536496799, 'generation': 242}","{'id': 18532, 'rank': 5, 'fitness': 0.9796409792883215, 'generation': 242}","{'id': 18532, 'rank': 6, 'fitness': 0.9796409792883215, 'generation': 242}","{'id': 18547, 'rank': 7, 'fitness': 0.9789572629640475, 'generation': 242}","{'id': 18508, 'rank': 8, 'fitness': 0.9759669496738111, 'generation': 242}","{'id': 18423, 'rank': 9, 'fitness': 0.9753363815263676, 'generation': 242}","{'id': 18423, 'rank': 10, 'fitness': 0.9753363815263676, 'generation': 242}","{'id': 18534, 'rank': 11, 'fitness': 0.9750391139543035, 'generation': 242}","{'id': 18535, 'rank': 12, 'fitness': 0.9715832936808055, 'generation': 242}","{'id': 18490, 'rank': 13, 'fitness': 0.97012266693399, 'generation': 242}","{'id': 18406, 'rank': 14, 'fitness': 0.9648245104952682, 'generation': 242}","{'id': 18446, 'rank': 15, 'fitness': 0.9589965216775387, 'generation': 242}","{'id': 18538, 'rank': 16, 'fitness': 0.9522916780623122, 'generation': 242}","{'id': 18542, 'rank': 17, 'fitness': 0.9514637935568528, 'generation': 242}","{'id': 18542, 'rank': 18, 'fitness': 0.9514637935568528, 'generation': 242}","{'id': 18499, 'rank': 19, 'fitness': 0.9480605954952805, 'generation': 242}","{'id': 18283, 'rank': 20, 'fitness': 0.9458819354110164, 'generation': 242}","{'id': 18496, 'rank': 21, 'fitness': 0.9442724507002953, 'generation': 242}","{'id': 18521, 'rank': 22, 'fitness': 0.939509372967043, 'generation': 242}","{'id': 18456, 'rank': 23, 'fitness': 0.9272337571657526, 'generation': 242}","{'id': 18543, 'rank': 24, 'fitness': 0.9025935763553458, 'generation': 242}","{'id': 18333, 'rank': 25, 'fitness': 0.8842837906837727, 'generation': 242}","{'id': 18498, 'rank': 26, 'fitness': 0.8834577683651976, 'generation': 242}","{'id': 18512, 'rank': 27, 'fitness': 0.7508346396508376, 'generation': 242}","{'id': 18527, 'rank': 28, 'fitness': 0.16347932487505257, 'generation': 242}","{'id': 18504, 'rank': 29, 'fitness': 0.07926248168646799, 'generation': 242}","{'id': 18452, 'rank': 30, 'fitness': 0.01798620996209155, 'generation': 242}"
"{'id': 18567, 'rank': 1, 'fitness': 0.9820137900379085, 'generation': 243}","{'id': 18614, 'rank': 2, 'fitness': 0.9682718027134497, 'generation': 243}","{'id': 18569, 'rank': 3, 'fitness': 0.967032950974429, 'generation': 243}","{'id': 18633, 'rank': 4, 'fitness': 0.9660065164310491, 'generation': 243}","{'id': 18533, 'rank': 5, 'fitness': 0.9653678441808443, 'generation': 243}","{'id': 18533, 'rank': 6, 'fitness': 0.9653678441808443, 'generation': 243}","{'id': 18533, 'rank': 7, 'fitness': 0.9653678441808443, 'generation': 243}","{'id': 18586, 'rank': 8, 'fitness': 0.960158385027674, 'generation': 243}","{'id': 18572, 'rank': 9, 'fitness': 0.9594281277445099, 'generation': 243}","{'id': 18570, 'rank': 10, 'fitness': 0.9536835499188769, 'generation': 243}","{'id': 18423, 'rank': 11, 'fitness': 0.950800648482467, 'generation': 243}","{'id': 18423, 'rank': 12, 'fitness': 0.950800648482467, 'generation': 243}","{'id': 18632, 'rank': 13, 'fitness': 0.9505123955262631, 'generation': 243}","{'id': 18632, 'rank': 14, 'fitness': 0.9505123955262631, 'generation': 243}","{'id': 18597, 'rank': 15, 'fitness': 0.9455235520302563, 'generation': 243}","{'id': 18490, 'rank': 16, 'fitness': 0.9392064131344076, 'generation': 243}","{'id': 18591, 'rank': 17, 'fitness': 0.9384313294041724, 'generation': 243}","{'id': 18594, 'rank': 18, 'fitness': 0.9313728709125502, 'generation': 243}","{'id': 18499, 'rank': 19, 'fitness': 0.8892825056470626, 'generation': 243}","{'id': 18609, 'rank': 20, 'fitness': 0.8511292593630864, 'generation': 243}","{'id': 18609, 'rank': 21, 'fitness': 0.8511292593630864, 'generation': 243}","{'id': 18634, 'rank': 22, 'fitness': 0.8144341803578872, 'generation': 243}","{'id': 18543, 'rank': 23, 'fitness': 0.7880986359484716, 'generation': 243}","{'id': 18498, 'rank': 24, 'fitness': 0.7475283439847258, 'generation': 243}","{'id': 18608, 'rank': 25, 'fitness': 0.7398494756244531, 'generation': 243}","{'id': 18577, 'rank': 26, 'fitness': 0.6298871306983174, 'generation': 243}","{'id': 18583, 'rank': 27, 'fitness': 0.5686904486543254, 'generation': 243}","{'id': 18629, 'rank': 28, 'fitness': 0.15047074640357383, 'generation': 243}","{'id': 18629, 'rank': 29, 'fitness': 0.15047074640357383, 'generation': 243}","{'id': 18504, 'rank': 30, 'fitness': 0.01798620996209155, 'generation': 243}"
"{'id': 18680, 'rank': 1, 'fitness': 0.9820137900379085, 'generation': 244}","{'id': 18567, 'rank': 2, 'fitness': 0.9806901653397915, 'generation': 244}","{'id': 18683, 'rank': 3, 'fitness': 0.973267691922719, 'generation': 244}","{'id': 18614, 'rank': 4, 'fitness': 0.9659423951739086, 'generation': 244}","{'id': 18633, 'rank': 5, 'fitness': 0.9635131927080763, 'generation': 244}","{'id': 18670, 'rank': 6, 'fitness': 0.9597391454842872, 'generation': 244}","{'id': 18423, 'rank': 7, 'fitness': 0.9472231606704412, 'generation': 244}","{'id': 18632, 'rank': 8, 'fitness': 0.9469146409077066, 'generation': 244}","{'id': 18678, 'rank': 9, 'fitness': 0.9386406814098426, 'generation': 244}","{'id': 18663, 'rank': 10, 'fitness': 0.9349326028415049, 'generation': 244}","{'id': 18703, 'rank': 11, 'fitness': 0.9335386533871093, 'generation': 244}","{'id': 18703, 'rank': 12, 'fitness': 0.9335386533871093, 'generation': 244}","{'id': 18703, 'rank': 13, 'fitness': 0.9335386533871093, 'generation': 244}","{'id': 18702, 'rank': 14, 'fitness': 0.9300054378848062, 'generation': 244}","{'id': 18677, 'rank': 15, 'fitness': 0.929013841997125, 'generation': 244}","{'id': 18704, 'rank': 16, 'fitness': 0.9219180512149868, 'generation': 244}","{'id': 18639, 'rank': 17, 'fitness': 0.9069325898388145, 'generation': 244}","{'id': 18499, 'rank': 18, 'fitness': 0.881646536780898, 'generation': 244}","{'id': 18636, 'rank': 19, 'fitness': 0.8675093632194717, 'generation': 244}","{'id': 18691, 'rank': 20, 'fitness': 0.8091645401419489, 'generation': 244}","{'id': 18634, 'rank': 21, 'fitness': 0.802633101430053, 'generation': 244}","{'id': 18692, 'rank': 22, 'fitness': 0.7781429422348851, 'generation': 244}","{'id': 18543, 'rank': 23, 'fitness': 0.775040685810282, 'generation': 244}","{'id': 18684, 'rank': 24, 'fitness': 0.734443074926927, 'generation': 244}","{'id': 18641, 'rank': 25, 'fitness': 0.7255823733580973, 'generation': 244}","{'id': 18577, 'rank': 26, 'fitness': 0.6115943749350934, 'generation': 244}","{'id': 18660, 'rank': 27, 'fitness': 0.6023232777765548, 'generation': 244}","{'id': 18660, 'rank': 28, 'fitness': 0.6023232777765548, 'generation': 244}","{'id': 18694, 'rank': 29, 'fitness': 0.59504542833464, 'generation': 244}","{'id': 18658, 'rank': 30, 'fitness': 0.01798620996209155, 'generation': 244}"
"{'id': 18755, 'rank': 1, 'fitness': 0.9820137900379085, 'generation': 245}","{'id': 18755, 'rank': 2, 'fitness': 0.9820137900379085, 'generation': 245}","{'id': 18755, 'rank': 3, 'fitness': 0.9820137900379085, 'generation': 245}","{'id': 18724, 'rank': 4, 'fitness': 0.9817419871660006, 'generation': 245}","{'id': 18680, 'rank': 5, 'fitness': 0.9813819276894292, 'generation': 245}","{'id': 18753, 'rank': 6, 'fitness': 0.9805083053137894, 'generation': 245}","{'id': 18725, 'rank': 7, 'fitness': 0.9777323546091983, 'generation': 245}","{'id': 18733, 'rank': 8, 'fitness': 0.9729866442666377, 'generation': 245}","{'id': 18423, 'rank': 9, 'fitness': 0.9716854814169671, 'generation': 245}","{'id': 18423, 'rank': 10, 'fitness': 0.9716854814169671, 'generation': 245}","{'id': 18735, 'rank': 11, 'fitness': 0.9700979049510796, 'generation': 245}","{'id': 18677, 'rank': 12, 'fitness': 0.9681338394145392, 'generation': 245}","{'id': 18704, 'rank': 13, 'fitness': 0.9668857025253006, 'generation': 245}","{'id': 18780, 'rank': 14, 'fitness': 0.9662418162341353, 'generation': 245}","{'id': 18639, 'rank': 15, 'fitness': 0.9644311228490439, 'generation': 245}","{'id': 18718, 'rank': 16, 'fitness': 0.9606404974818054, 'generation': 245}","{'id': 18636, 'rank': 17, 'fitness': 0.958777631359052, 'generation': 245}","{'id': 18717, 'rank': 18, 'fitness': 0.9565188889565804, 'generation': 245}","{'id': 18714, 'rank': 19, 'fitness': 0.9554247906453076, 'generation': 245}","{'id': 18760, 'rank': 20, 'fitness': 0.9535679801759434, 'generation': 245}","{'id': 18776, 'rank': 21, 'fitness': 0.9485572238686257, 'generation': 245}","{'id': 18776, 'rank': 22, 'fitness': 0.9485572238686257, 'generation': 245}","{'id': 18543, 'rank': 23, 'fitness': 0.9477957525621182, 'generation': 245}","{'id': 18752, 'rank': 24, 'fitness': 0.9394710586720854, 'generation': 245}","{'id': 18711, 'rank': 25, 'fitness': 0.9342159212405701, 'generation': 245}","{'id': 18743, 'rank': 26, 'fitness': 0.9337943065268277, 'generation': 245}","{'id': 18759, 'rank': 27, 'fitness': 0.9062217758199433, 'generation': 245}","{'id': 18761, 'rank': 28, 'fitness': 0.854767737316932, 'generation': 245}","{'id': 18658, 'rank': 29, 'fitness': 0.7065644912346973, 'generation': 245}","{'id': 18777, 'rank': 30, 'fitness': 0.01798620996209155, 'generation': 245}"
"{'id': 18806, 'rank': 1, 'fitness': 0.9820137900379085, 'generation': 246}","{'id': 18799, 'rank': 2, 'fitness': 0.9745329497393732, 'generation': 246}","{'id': 18804, 'rank': 3, 'fitness': 0.9725821355209101, 'generation': 246}","{'id': 18826, 'rank': 4, 'fitness': 0.9620174473233014, 'generation': 246}","{'id': 18826, 'rank': 5, 'fitness': 0.9620174473233014, 'generation': 246}","{'id': 18796, 'rank': 6, 'fitness': 0.9436043060497427, 'generation': 246}","{'id': 18423, 'rank': 7, 'fitness': 0.884870760444386, 'generation': 246}","{'id': 18423, 'rank': 8, 'fitness': 0.884870760444386, 'generation': 246}","{'id': 18423, 'rank': 9, 'fitness': 0.884870760444386, 'generation': 246}","{'id': 18812, 'rank': 10, 'fitness': 0.8661934510410157, 'generation': 246}","{'id': 18786, 'rank': 11, 'fitness': 0.8580675427880877, 'generation': 246}","{'id': 18794, 'rank': 12, 'fitness': 0.8421762308890772, 'generation': 246}","{'id': 18784, 'rank': 13, 'fitness': 0.8393230120133515, 'generation': 246}","{'id': 18784, 'rank': 14, 'fitness': 0.8393230120133515, 'generation': 246}","{'id': 18677, 'rank': 15, 'fitness': 0.8329616101872113, 'generation': 246}","{'id': 18809, 'rank': 16, 'fitness': 0.8309627645294205, 'generation': 246}","{'id': 18809, 'rank': 17, 'fitness': 0.8309627645294205, 'generation': 246}","{'id': 18704, 'rank': 18, 'fitness': 0.8124109299689766, 'generation': 246}","{'id': 18846, 'rank': 19, 'fitness': 0.8017877481069746, 'generation': 246}","{'id': 18639, 'rank': 20, 'fitness': 0.769024346278347, 'generation': 246}","{'id': 18717, 'rank': 21, 'fitness': 0.6130908655316435, 'generation': 246}","{'id': 18717, 'rank': 22, 'fitness': 0.6130908655316435, 'generation': 246}","{'id': 18717, 'rank': 23, 'fitness': 0.6130908655316435, 'generation': 246}","{'id': 18760, 'rank': 24, 'fitness': 0.5538365926160717, 'generation': 246}","{'id': 18815, 'rank': 25, 'fitness': 0.5143062051789895, 'generation': 246}","{'id': 18827, 'rank': 26, 'fitness': 0.45463925861444565, 'generation': 246}","{'id': 18808, 'rank': 27, 'fitness': 0.43461353628990557, 'generation': 246}","{'id': 18840, 'rank': 28, 'fitness': 0.20766727727315526, 'generation': 246}","{'id': 18839, 'rank': 29, 'fitness': 0.1710019518767385, 'generation': 246}","{'id': 18837, 'rank': 30, 'fitness': 0.01798620996209155, 'generation': 246}"
"{'id': 18927, 'rank': 1, 'fitness': 0.9820137900379085, 'generation': 247}","{'id': 18927, 'rank': 2, 'fitness': 0.9820137900379085, 'generation': 247}","{'id': 18901, 'rank': 3, 'fitness': 0.981773852484667, 'generation': 247}","{'id': 18799, 'rank': 4, 'fitness': 0.9815472990978039, 'generation': 247}","{'id': 18865, 'rank': 5, 'fitness': 0.9742237373748652, 'generation': 247}","{'id': 18870, 'rank': 6, 'fitness': 0.9726672151888328, 'generation': 247}","{'id': 18423, 'rank': 7, 'fitness': 0.9721353091480889, 'generation': 247}","{'id': 18809, 'rank': 8, 'fitness': 0.9687715787069263, 'generation': 247}","{'id': 18704, 'rank': 9, 'fitness': 0.967748401773648, 'generation': 247}","{'id': 18846, 'rank': 10, 'fitness': 0.9671839727500766, 'generation': 247}","{'id': 18846, 'rank': 11, 'fitness': 0.9671839727500766, 'generation': 247}","{'id': 18872, 'rank': 12, 'fitness': 0.9670410510228356, 'generation': 247}","{'id': 18717, 'rank': 13, 'fitness': 0.9584019602085246, 'generation': 247}","{'id': 18717, 'rank': 14, 'fitness': 0.9584019602085246, 'generation': 247}","{'id': 18760, 'rank': 15, 'fitness': 0.9557678602927342, 'generation': 247}","{'id': 18815, 'rank': 16, 'fitness': 0.9539682355449958, 'generation': 247}","{'id': 18910, 'rank': 17, 'fitness': 0.9536660897858265, 'generation': 247}","{'id': 18827, 'rank': 18, 'fitness': 0.9511282735564714, 'generation': 247}","{'id': 18827, 'rank': 19, 'fitness': 0.9511282735564714, 'generation': 247}","{'id': 18827, 'rank': 20, 'fitness': 0.9511282735564714, 'generation': 247}","{'id': 18808, 'rank': 21, 'fitness': 0.9501280184355558, 'generation': 247}","{'id': 18878, 'rank': 22, 'fitness': 0.8590890814909361, 'generation': 247}","{'id': 18875, 'rank': 23, 'fitness': 0.5672303303040062, 'generation': 247}","{'id': 18918, 'rank': 24, 'fitness': 0.5081394669855516, 'generation': 247}","{'id': 18882, 'rank': 25, 'fitness': 0.3513151018965086, 'generation': 247}","{'id': 18885, 'rank': 26, 'fitness': 0.32197689023666437, 'generation': 247}","{'id': 18931, 'rank': 27, 'fitness': 0.25490805563191893, 'generation': 247}","{'id': 18935, 'rank': 28, 'fitness': 0.10720537718692236, 'generation': 247}","{'id': 18912, 'rank': 29, 'fitness': 0.03468528336593879, 'generation': 247}","{'id': 18929, 'rank': 30, 'fitness': 0.01798620996209155, 'generation': 247}"
"{'id': 18947, 'rank': 1, 'fitness': 0.9820137900379085, 'generation': 248}","{'id': 19005, 'rank': 2, 'fitness': 0.9802254846054329, 'generation': 248}","{'id': 18948, 'rank': 3, 'fitness': 0.9774957180711328, 'generation': 248}","{'id': 18943, 'rank': 4, 'fitness': 0.9767345032849448, 'generation': 248}","{'id': 18943, 'rank': 5, 'fitness': 0.9767345032849448, 'generation': 248}","{'id': 18943, 'rank': 6, 'fitness': 0.9767345032849448, 'generation': 248}","{'id': 18976, 'rank': 7, 'fitness': 0.9743210281088288, 'generation': 248}","{'id': 18865, 'rank': 8, 'fitness': 0.9654105728563471, 'generation': 248}","{'id': 18972, 'rank': 9, 'fitness': 0.9637886739897221, 'generation': 248}","{'id': 18972, 'rank': 10, 'fitness': 0.9637886739897221, 'generation': 248}","{'id': 19014, 'rank': 11, 'fitness': 0.9626995484404353, 'generation': 248}","{'id': 18423, 'rank': 12, 'fitness': 0.9606441557308381, 'generation': 248}","{'id': 18941, 'rank': 13, 'fitness': 0.9587699502960525, 'generation': 248}","{'id': 19017, 'rank': 14, 'fitness': 0.952890651994999, 'generation': 248}","{'id': 18809, 'rank': 15, 'fitness': 0.9524980880637975, 'generation': 248}","{'id': 19016, 'rank': 16, 'fitness': 0.9496802437055845, 'generation': 248}","{'id': 18983, 'rank': 17, 'fitness': 0.9484623609068179, 'generation': 248}","{'id': 18983, 'rank': 18, 'fitness': 0.9484623609068179, 'generation': 248}","{'id': 18872, 'rank': 19, 'fitness': 0.9480936757468749, 'generation': 248}","{'id': 18951, 'rank': 20, 'fitness': 0.932498703996411, 'generation': 248}","{'id': 18991, 'rank': 21, 'fitness': 0.9305217257650462, 'generation': 248}","{'id': 18717, 'rank': 22, 'fitness': 0.924154734772782, 'generation': 248}","{'id': 18981, 'rank': 23, 'fitness': 0.9204148268407111, 'generation': 248}","{'id': 18760, 'rank': 24, 'fitness': 0.9162739360574648, 'generation': 248}","{'id': 18965, 'rank': 25, 'fitness': 0.9109999418628144, 'generation': 248}","{'id': 18827, 'rank': 26, 'fitness': 0.9018181936702864, 'generation': 248}","{'id': 19013, 'rank': 27, 'fitness': 0.8706061479407547, 'generation': 248}","{'id': 18955, 'rank': 28, 'fitness': 0.8692708326701089, 'generation': 248}","{'id': 18967, 'rank': 29, 'fitness': 0.7359997190934439, 'generation': 248}","{'id': 18885, 'rank': 30, 'fitness': 0.01798620996209155, 'generation': 248}"
"{'id': 19022, 'rank': 1, 'fitness': 0.9820137900379085, 'generation': 249}","{'id': 19085, 'rank': 2, 'fitness': 0.943218898675549, 'generation': 249}","{'id': 18943, 'rank': 3, 'fitness': 0.9391588179405359, 'generation': 249}","{'id': 18943, 'rank': 4, 'fitness': 0.9391588179405359, 'generation': 249}","{'id': 19047, 'rank': 5, 'fitness': 0.9350176867910345, 'generation': 249}","{'id': 19090, 'rank': 6, 'fitness': 0.9288658160256256, 'generation': 249}","{'id': 18976, 'rank': 7, 'fitness': 0.921073668014806, 'generation': 249}","{'id': 19078, 'rank': 8, 'fitness': 0.9196629580014322, 'generation': 249}","{'id': 19088, 'rank': 9, 'fitness': 0.9149849108837158, 'generation': 249}","{'id': 19088, 'rank': 10, 'fitness': 0.9149849108837158, 'generation': 249}","{'id': 19087, 'rank': 11, 'fitness': 0.8798892333754267, 'generation': 249}","{'id': 19087, 'rank': 12, 'fitness': 0.8798892333754267, 'generation': 249}","{'id': 19077, 'rank': 13, 'fitness': 0.8582936386010939, 'generation': 249}","{'id': 19077, 'rank': 14, 'fitness': 0.8582936386010939, 'generation': 249}","{'id': 18865, 'rank': 15, 'fitness': 0.8331567411382419, 'generation': 249}","{'id': 19072, 'rank': 16, 'fitness': 0.8167772507781215, 'generation': 249}","{'id': 18972, 'rank': 17, 'fitness': 0.8140950012487755, 'generation': 249}","{'id': 19058, 'rank': 18, 'fitness': 0.6481800540710895, 'generation': 249}","{'id': 19063, 'rank': 19, 'fitness': 0.6461034612646954, 'generation': 249}","{'id': 19061, 'rank': 20, 'fitness': 0.6193107631204359, 'generation': 249}","{'id': 19061, 'rank': 21, 'fitness': 0.6193107631204359, 'generation': 249}","{'id': 19054, 'rank': 22, 'fitness': 0.4741758992853493, 'generation': 249}","{'id': 18951, 'rank': 23, 'fitness': 0.41677591974331096, 'generation': 249}","{'id': 19062, 'rank': 24, 'fitness': 0.34387833411412994, 'generation': 249}","{'id': 19062, 'rank': 25, 'fitness': 0.34387833411412994, 'generation': 249}","{'id': 19042, 'rank': 26, 'fitness': 0.28328905182379804, 'generation': 249}","{'id': 19021, 'rank': 27, 'fitness': 0.22852226051202512, 'generation': 249}","{'id': 19093, 'rank': 28, 'fitness': 0.06410032290093609, 'generation': 249}","{'id': 19043, 'rank': 29, 'fitness': 0.06378497355363566, 'generation': 249}","{'id': 19045, 'rank': 30, 'fitness': 0.01798620996209155, 'generation': 249}"
"{'id': 19022, 'rank': 1, 'fitness': 0.9820137900379085, 'generation': 250}","{'id': 19138, 'rank': 2, 'fitness': 0.9816874696462722, 'generation': 250}","{'id': 19085, 'rank': 3, 'fitness': 0.9806412650407246, 'generation': 250}","{'id': 19047, 'rank': 4, 'fitness': 0.9804687806531169, 'generation': 250}","{'id': 18976, 'rank': 5, 'fitness': 0.9802146068987772, 'generation': 250}","{'id': 18976, 'rank': 6, 'fitness': 0.9802146068987772, 'generation': 250}","{'id': 18976, 'rank': 7, 'fitness': 0.9802146068987772, 'generation': 250}","{'id': 19078, 'rank': 8, 'fitness': 0.9801910833177547, 'generation': 250}","{'id': 19088, 'rank': 9, 'fitness': 0.9801154984992313, 'generation': 250}","{'id': 19130, 'rank': 10, 'fitness': 0.9796696032752183, 'generation': 250}","{'id': 19077, 'rank': 11, 'fitness': 0.9793974929908744, 'generation': 250}","{'id': 19077, 'rank': 12, 'fitness': 0.9793974929908744, 'generation': 250}","{'id': 19142, 'rank': 13, 'fitness': 0.9784308092925793, 'generation': 250}","{'id': 19142, 'rank': 14, 'fitness': 0.9784308092925793, 'generation': 250}","{'id': 19058, 'rank': 15, 'fitness': 0.9778295051293504, 'generation': 250}","{'id': 19061, 'rank': 16, 'fitness': 0.9776589919717356, 'generation': 250}","{'id': 19061, 'rank': 17, 'fitness': 0.9776589919717356, 'generation': 250}","{'id': 19061, 'rank': 18, 'fitness': 0.9776589919717356, 'generation': 250}","{'id': 19140, 'rank': 19, 'fitness': 0.9772057741019271, 'generation': 250}","{'id': 19140, 'rank': 20, 'fitness': 0.9772057741019271, 'generation': 250}","{'id': 19054, 'rank': 21, 'fitness': 0.9768328366202084, 'generation': 250}","{'id': 19054, 'rank': 22, 'fitness': 0.9768328366202084, 'generation': 250}","{'id': 19107, 'rank': 23, 'fitness': 0.9764281488240203, 'generation': 250}","{'id': 19062, 'rank': 24, 'fitness': 0.9760466861980561, 'generation': 250}","{'id': 19093, 'rank': 25, 'fitness': 0.9728603523973114, 'generation': 250}","{'id': 19115, 'rank': 26, 'fitness': 0.9678451549266287, 'generation': 250}","{'id': 19120, 'rank': 27, 'fitness': 0.9660729586977657, 'generation': 250}","{'id': 19145, 'rank': 28, 'fitness': 0.9639342933516575, 'generation': 250}","{'id': 19102, 'rank': 29, 'fitness': 0.9415025452579309, 'generation': 250}","{'id': 19161, 'rank': 30, 'fitness': 0.01798620996209155, 'generation': 250}"
"{'id': 19195, 'rank': 1, 'fitness': 0.9820137900379085, 'generation': 251}","{'id': 19138, 'rank': 2, 'fitness': 0.9427078127427084, 'generation': 251}","{'id': 19225, 'rank': 3, 'fitness': 0.9042090680953878, 'generation': 251}","{'id': 19239, 'rank': 4, 'fitness': 0.8973255895955169, 'generation': 251}","{'id': 19227, 'rank': 5, 'fitness': 0.8826562471478944, 'generation': 251}","{'id': 19227, 'rank': 6, 'fitness': 0.8826562471478944, 'generation': 251}","{'id': 19209, 'rank': 7, 'fitness': 0.8614457467720668, 'generation': 251}","{'id': 19209, 'rank': 8, 'fitness': 0.8614457467720668, 'generation': 251}","{'id': 19226, 'rank': 9, 'fitness': 0.858749641599197, 'generation': 251}","{'id': 19238, 'rank': 10, 'fitness': 0.8402847592424084, 'generation': 251}","{'id': 19088, 'rank': 11, 'fitness': 0.7471854952180293, 'generation': 251}","{'id': 19210, 'rank': 12, 'fitness': 0.7416165519699305, 'generation': 251}","{'id': 19208, 'rank': 13, 'fitness': 0.6901231902753142, 'generation': 251}","{'id': 19130, 'rank': 14, 'fitness': 0.6504098970340388, 'generation': 251}","{'id': 19175, 'rank': 15, 'fitness': 0.4866349597321677, 'generation': 251}","{'id': 19199, 'rank': 16, 'fitness': 0.41994553250009603, 'generation': 251}","{'id': 19142, 'rank': 17, 'fitness': 0.35100431586994363, 'generation': 251}","{'id': 19058, 'rank': 18, 'fitness': 0.2333482065766848, 'generation': 251}","{'id': 19187, 'rank': 19, 'fitness': 0.20684636064707862, 'generation': 251}","{'id': 19189, 'rank': 20, 'fitness': 0.14065151503160428, 'generation': 251}","{'id': 19189, 'rank': 21, 'fitness': 0.14065151503160428, 'generation': 251}","{'id': 19181, 'rank': 22, 'fitness': 0.11335612135862216, 'generation': 251}","{'id': 19177, 'rank': 23, 'fitness': 0.10744991721656666, 'generation': 251}","{'id': 19214, 'rank': 24, 'fitness': 0.09766974559785935, 'generation': 251}","{'id': 19190, 'rank': 25, 'fitness': 0.09271277847000559, 'generation': 251}","{'id': 19107, 'rank': 26, 'fitness': 0.07782809452272171, 'generation': 251}","{'id': 19062, 'rank': 27, 'fitness': 0.05686589713711676, 'generation': 251}","{'id': 19250, 'rank': 28, 'fitness': 0.047618249705917715, 'generation': 251}","{'id': 19203, 'rank': 29, 'fitness': 0.04520441428697669, 'generation': 251}","{'id': 19205, 'rank': 30, 'fitness': 0.01798620996209155, 'generation': 251}"
"{'id': 19278, 'rank': 1, 'fitness': 0.9820137900379085, 'generation': 252}","{'id': 19195, 'rank': 2, 'fitness': 0.981998003288465, 'generation': 252}","{'id': 19195, 'rank': 3, 'fitness': 0.981998003288465, 'generation': 252}","{'id': 19239, 'rank': 4, 'fitness': 0.9811667032088621, 'generation': 252}","{'id': 19209, 'rank': 5, 'fitness': 0.9810081078589259, 'generation': 252}","{'id': 19297, 'rank': 6, 'fitness': 0.9808001692688473, 'generation': 252}","{'id': 19088, 'rank': 7, 'fitness': 0.9806571550748777, 'generation': 252}","{'id': 19210, 'rank': 8, 'fitness': 0.9806432132169965, 'generation': 252}","{'id': 19299, 'rank': 9, 'fitness': 0.9805758244260104, 'generation': 252}","{'id': 19130, 'rank': 10, 'fitness': 0.9804355485039371, 'generation': 252}","{'id': 19142, 'rank': 11, 'fitness': 0.9798317215865155, 'generation': 252}","{'id': 19296, 'rank': 12, 'fitness': 0.9796117842130245, 'generation': 252}","{'id': 19298, 'rank': 13, 'fitness': 0.9795881524204619, 'generation': 252}","{'id': 19298, 'rank': 14, 'fitness': 0.9795881524204619, 'generation': 252}","{'id': 19058, 'rank': 15, 'fitness': 0.9795445693296926, 'generation': 252}","{'id': 19187, 'rank': 16, 'fitness': 0.9794666956377003, 'generation': 252}","{'id': 19187, 'rank': 17, 'fitness': 0.9794666956377003, 'generation': 252}","{'id': 19189, 'rank': 18, 'fitness': 0.9792301909011857, 'generation': 252}","{'id': 19177, 'rank': 19, 'fitness': 0.9790727892311697, 'generation': 252}","{'id': 19214, 'rank': 20, 'fitness': 0.9790180307710856, 'generation': 252}","{'id': 19190, 'rank': 21, 'fitness': 0.9789883279050007, 'generation': 252}","{'id': 19250, 'rank': 22, 'fitness': 0.9786160497939028, 'generation': 252}","{'id': 19286, 'rank': 23, 'fitness': 0.9760406732073664, 'generation': 252}","{'id': 19273, 'rank': 24, 'fitness': 0.9679101923774579, 'generation': 252}","{'id': 19252, 'rank': 25, 'fitness': 0.9676823496683027, 'generation': 252}","{'id': 19256, 'rank': 26, 'fitness': 0.9638812852302068, 'generation': 252}","{'id': 19268, 'rank': 27, 'fitness': 0.9283349870582681, 'generation': 252}","{'id': 19263, 'rank': 28, 'fitness': 0.9013595906466576, 'generation': 252}","{'id': 19295, 'rank': 29, 'fitness': 0.8466162544074256, 'generation': 252}","{'id': 19290, 'rank': 30, 'fitness': 0.01798620996209155, 'generation': 252}"
"{'id': 19368, 'rank': 1, 'fitness': 0.9820137900379085, 'generation': 253}","{'id': 19278, 'rank': 2, 'fitness': 0.9790047511642292, 'generation': 253}","{'id': 19278, 'rank': 3, 'fitness': 0.9790047511642292, 'generation': 253}","{'id': 19195, 'rank': 4, 'fitness': 0.9787985047853079, 'generation': 253}","{'id': 19337, 'rank': 5, 'fitness': 0.9608848434814722, 'generation': 253}","{'id': 19379, 'rank': 6, 'fitness': 0.9602173217861808, 'generation': 253}","{'id': 19379, 'rank': 7, 'fitness': 0.9602173217861808, 'generation': 253}","{'id': 19380, 'rank': 8, 'fitness': 0.9577893463860501, 'generation': 253}","{'id': 19348, 'rank': 9, 'fitness': 0.9534823324309958, 'generation': 253}","{'id': 19318, 'rank': 10, 'fitness': 0.9531001665178555, 'generation': 253}","{'id': 19334, 'rank': 11, 'fitness': 0.9530492627191667, 'generation': 253}","{'id': 19345, 'rank': 12, 'fitness': 0.9462211128184312, 'generation': 253}","{'id': 19338, 'rank': 13, 'fitness': 0.9450546363076724, 'generation': 253}","{'id': 19336, 'rank': 14, 'fitness': 0.9450135218064069, 'generation': 253}","{'id': 19332, 'rank': 15, 'fitness': 0.9384775725136373, 'generation': 253}","{'id': 19384, 'rank': 16, 'fitness': 0.9259440856481473, 'generation': 253}","{'id': 19384, 'rank': 17, 'fitness': 0.9259440856481473, 'generation': 253}","{'id': 19298, 'rank': 18, 'fitness': 0.9168655233751838, 'generation': 253}","{'id': 19298, 'rank': 19, 'fitness': 0.9168655233751838, 'generation': 253}","{'id': 19187, 'rank': 20, 'fitness': 0.9115574589903428, 'generation': 253}","{'id': 19372, 'rank': 21, 'fitness': 0.9073713188260887, 'generation': 253}","{'id': 19323, 'rank': 22, 'fitness': 0.9049667212453221, 'generation': 253}","{'id': 19385, 'rank': 23, 'fitness': 0.9010555109123551, 'generation': 253}","{'id': 19189, 'rank': 24, 'fitness': 0.9004372038728833, 'generation': 253}","{'id': 19350, 'rank': 25, 'fitness': 0.8958702261572071, 'generation': 253}","{'id': 19350, 'rank': 26, 'fitness': 0.8958702261572071, 'generation': 253}","{'id': 19304, 'rank': 27, 'fitness': 0.8884420822791451, 'generation': 253}","{'id': 19306, 'rank': 28, 'fitness': 0.8695474308667653, 'generation': 253}","{'id': 19359, 'rank': 29, 'fitness': 0.8671991060046752, 'generation': 253}","{'id': 19310, 'rank': 30, 'fitness': 0.01798620996209155, 'generation': 253}"
"{'id': 19368, 'rank': 1, 'fitness': 0.9820137900379085, 'generation': 254}","{'id': 19368, 'rank': 2, 'fitness': 0.9820137900379085, 'generation': 254}","{'id': 19453, 'rank': 3, 'fitness': 0.9792861100703756, 'generation': 254}","{'id': 19278, 'rank': 4, 'fitness': 0.9775894185108855, 'generation': 254}","{'id': 19278, 'rank': 5, 'fitness': 0.9775894185108855, 'generation': 254}","{'id': 19437, 'rank': 6, 'fitness': 0.9744613188759008, 'generation': 254}","{'id': 19437, 'rank': 7, 'fitness': 0.9744613188759008, 'generation': 254}","{'id': 19379, 'rank': 8, 'fitness': 0.9447314227647314, 'generation': 254}","{'id': 19379, 'rank': 9, 'fitness': 0.9447314227647314, 'generation': 254}","{'id': 19380, 'rank': 10, 'fitness': 0.9399592170352324, 'generation': 254}","{'id': 19380, 'rank': 11, 'fitness': 0.9399592170352324, 'generation': 254}","{'id': 19411, 'rank': 12, 'fitness': 0.9315193022341088, 'generation': 254}","{'id': 19348, 'rank': 13, 'fitness': 0.9312577618782654, 'generation': 254}","{'id': 19387, 'rank': 14, 'fitness': 0.917862358253231, 'generation': 254}","{'id': 19345, 'rank': 15, 'fitness': 0.915979761238664, 'generation': 254}","{'id': 19338, 'rank': 16, 'fitness': 0.9134615926219746, 'generation': 254}","{'id': 19410, 'rank': 17, 'fitness': 0.9066244742753122, 'generation': 254}","{'id': 19410, 'rank': 18, 'fitness': 0.9066244742753122, 'generation': 254}","{'id': 19434, 'rank': 19, 'fitness': 0.8877732154026283, 'generation': 254}","{'id': 19423, 'rank': 20, 'fitness': 0.8674997943835299, 'generation': 254}","{'id': 19455, 'rank': 21, 'fitness': 0.8112443718715852, 'generation': 254}","{'id': 19455, 'rank': 22, 'fitness': 0.8112443718715852, 'generation': 254}","{'id': 19385, 'rank': 23, 'fitness': 0.8103013246503442, 'generation': 254}","{'id': 19350, 'rank': 24, 'fitness': 0.7975560162657813, 'generation': 254}","{'id': 19388, 'rank': 25, 'fitness': 0.7855393929436935, 'generation': 254}","{'id': 19306, 'rank': 26, 'fitness': 0.7326335929325744, 'generation': 254}","{'id': 19428, 'rank': 27, 'fitness': 0.3272438724453814, 'generation': 254}","{'id': 19402, 'rank': 28, 'fitness': 0.32168506133026165, 'generation': 254}","{'id': 19441, 'rank': 29, 'fitness': 0.18505660326575152, 'generation': 254}","{'id': 19403, 'rank': 30, 'fitness': 0.01798620996209155, 'generation': 254}"
"{'id': 19476, 'rank': 1, 'fitness': 0.9820137900379085, 'generation': 255}","{'id': 19368, 'rank': 2, 'fitness': 0.9701861032124892, 'generation': 255}","{'id': 19477, 'rank': 3, 'fitness': 0.96991851352349, 'generation': 255}","{'id': 19531, 'rank': 4, 'fitness': 0.9690982125101189, 'generation': 255}","{'id': 19507, 'rank': 5, 'fitness': 0.9670594314785774, 'generation': 255}","{'id': 19453, 'rank': 6, 'fitness': 0.963521014226079, 'generation': 255}","{'id': 19470, 'rank': 7, 'fitness': 0.962036748154618, 'generation': 255}","{'id': 19473, 'rank': 8, 'fitness': 0.9605379589848251, 'generation': 255}","{'id': 19278, 'rank': 9, 'fitness': 0.9591935207219531, 'generation': 255}","{'id': 19437, 'rank': 10, 'fitness': 0.9508862206616575, 'generation': 255}","{'id': 19437, 'rank': 11, 'fitness': 0.9508862206616575, 'generation': 255}","{'id': 19501, 'rank': 12, 'fitness': 0.926822712696054, 'generation': 255}","{'id': 19501, 'rank': 13, 'fitness': 0.926822712696054, 'generation': 255}","{'id': 19506, 'rank': 14, 'fitness': 0.9205752236000151, 'generation': 255}","{'id': 19379, 'rank': 15, 'fitness': 0.8580957232412987, 'generation': 255}","{'id': 19380, 'rank': 16, 'fitness': 0.8418692777394162, 'generation': 255}","{'id': 19498, 'rank': 17, 'fitness': 0.5727056296256131, 'generation': 255}","{'id': 19513, 'rank': 18, 'fitness': 0.48700772261789255, 'generation': 255}","{'id': 19468, 'rank': 19, 'fitness': 0.4817664590803105, 'generation': 255}","{'id': 19491, 'rank': 20, 'fitness': 0.4537466076342188, 'generation': 255}","{'id': 19385, 'rank': 21, 'fitness': 0.4476752045447182, 'generation': 255}","{'id': 19503, 'rank': 22, 'fitness': 0.41032370268765966, 'generation': 255}","{'id': 19492, 'rank': 23, 'fitness': 0.31391975674514294, 'generation': 255}","{'id': 19492, 'rank': 24, 'fitness': 0.31391975674514294, 'generation': 255}","{'id': 19306, 'rank': 25, 'fitness': 0.29871443834413614, 'generation': 255}","{'id': 19529, 'rank': 26, 'fitness': 0.2231959782247293, 'generation': 255}","{'id': 19529, 'rank': 27, 'fitness': 0.2231959782247293, 'generation': 255}","{'id': 19545, 'rank': 28, 'fitness': 0.21397180054203407, 'generation': 255}","{'id': 19546, 'rank': 29, 'fitness': 0.09779230391759863, 'generation': 255}","{'id': 19541, 'rank': 30, 'fitness': 0.01798620996209155, 'generation': 255}"
"{'id': 19476, 'rank': 1, 'fitness': 0.9820137900379085, 'generation': 256}","{'id': 19562, 'rank': 2, 'fitness': 0.982012585451405, 'generation': 256}","{'id': 19561, 'rank': 3, 'fitness': 0.9819843865757558, 'generation': 256}","{'id': 19564, 'rank': 4, 'fitness': 0.9819826191701234, 'generation': 256}","{'id': 19584, 'rank': 5, 'fitness': 0.9818380633633099, 'generation': 256}","{'id': 19563, 'rank': 6, 'fitness': 0.9817339869174585, 'generation': 256}","{'id': 19552, 'rank': 7, 'fitness': 0.9815292573144077, 'generation': 256}","{'id': 19609, 'rank': 8, 'fitness': 0.9814922628078573, 'generation': 256}","{'id': 19585, 'rank': 9, 'fitness': 0.9814835124457406, 'generation': 256}","{'id': 19473, 'rank': 10, 'fitness': 0.9814556570401184, 'generation': 256}","{'id': 19473, 'rank': 11, 'fitness': 0.9814556570401184, 'generation': 256}","{'id': 19598, 'rank': 12, 'fitness': 0.9813398618167131, 'generation': 256}","{'id': 19574, 'rank': 13, 'fitness': 0.9813252891618478, 'generation': 256}","{'id': 19567, 'rank': 14, 'fitness': 0.9812614202332683, 'generation': 256}","{'id': 19611, 'rank': 15, 'fitness': 0.9811360917117108, 'generation': 256}","{'id': 19607, 'rank': 16, 'fitness': 0.9810137009820726, 'generation': 256}","{'id': 19596, 'rank': 17, 'fitness': 0.9810003299400811, 'generation': 256}","{'id': 19610, 'rank': 18, 'fitness': 0.9809998920247858, 'generation': 256}","{'id': 19610, 'rank': 19, 'fitness': 0.9809998920247858, 'generation': 256}","{'id': 19549, 'rank': 20, 'fitness': 0.9806240160012241, 'generation': 256}","{'id': 19612, 'rank': 21, 'fitness': 0.9799357410876374, 'generation': 256}","{'id': 19612, 'rank': 22, 'fitness': 0.9799357410876374, 'generation': 256}","{'id': 19566, 'rank': 23, 'fitness': 0.9799340523526492, 'generation': 256}","{'id': 19498, 'rank': 24, 'fitness': 0.97930919069494, 'generation': 256}","{'id': 19554, 'rank': 25, 'fitness': 0.979009908562505, 'generation': 256}","{'id': 19554, 'rank': 26, 'fitness': 0.979009908562505, 'generation': 256}","{'id': 19492, 'rank': 27, 'fitness': 0.9784531920843876, 'generation': 256}","{'id': 19591, 'rank': 28, 'fitness': 0.9767356113250207, 'generation': 256}","{'id': 19603, 'rank': 29, 'fitness': 0.9667032738397976, 'generation': 256}","{'id': 19572, 'rank': 30, 'fitness': 0.01798620996209155, 'generation': 256}"
"{'id': 19616, 'rank': 1, 'fitness': 0.9820137900379085, 'generation': 257}","{'id': 19476, 'rank': 2, 'fitness': 0.9802139768123097, 'generation': 257}","{'id': 19664, 'rank': 3, 'fitness': 0.9779146634383901, 'generation': 257}","{'id': 19675, 'rank': 4, 'fitness': 0.9714304394282779, 'generation': 257}","{'id': 19642, 'rank': 5, 'fitness': 0.9707602999515026, 'generation': 257}","{'id': 19563, 'rank': 6, 'fitness': 0.9701691560520053, 'generation': 257}","{'id': 19585, 'rank': 7, 'fitness': 0.9573241009302087, 'generation': 257}","{'id': 19585, 'rank': 8, 'fitness': 0.9573241009302087, 'generation': 257}","{'id': 19647, 'rank': 9, 'fitness': 0.954000340858779, 'generation': 257}","{'id': 19647, 'rank': 10, 'fitness': 0.954000340858779, 'generation': 257}","{'id': 19700, 'rank': 11, 'fitness': 0.9430621617765267, 'generation': 257}","{'id': 19678, 'rank': 12, 'fitness': 0.9396253287011944, 'generation': 257}","{'id': 19657, 'rank': 13, 'fitness': 0.935001908150924, 'generation': 257}","{'id': 19685, 'rank': 14, 'fitness': 0.933650711066093, 'generation': 257}","{'id': 19685, 'rank': 15, 'fitness': 0.933650711066093, 'generation': 257}","{'id': 19676, 'rank': 16, 'fitness': 0.9319348267630564, 'generation': 257}","{'id': 19694, 'rank': 17, 'fitness': 0.9233913076572856, 'generation': 257}","{'id': 19694, 'rank': 18, 'fitness': 0.9233913076572856, 'generation': 257}","{'id': 19696, 'rank': 19, 'fitness': 0.920679969644269, 'generation': 257}","{'id': 19607, 'rank': 20, 'fitness': 0.9188590810066714, 'generation': 257}","{'id': 19607, 'rank': 21, 'fitness': 0.9188590810066714, 'generation': 257}","{'id': 19610, 'rank': 22, 'fitness': 0.9173675441123609, 'generation': 257}","{'id': 19674, 'rank': 23, 'fitness': 0.91731189190863, 'generation': 257}","{'id': 19654, 'rank': 24, 'fitness': 0.9164173375907481, 'generation': 257}","{'id': 19659, 'rank': 25, 'fitness': 0.9130166692580881, 'generation': 257}","{'id': 19636, 'rank': 26, 'fitness': 0.8720223711728272, 'generation': 257}","{'id': 19660, 'rank': 27, 'fitness': 0.8621290584683219, 'generation': 257}","{'id': 19634, 'rank': 28, 'fitness': 0.7538525668224523, 'generation': 257}","{'id': 19682, 'rank': 29, 'fitness': 0.2952434601470794, 'generation': 257}","{'id': 19628, 'rank': 30, 'fitness': 0.01798620996209155, 'generation': 257}"
"{'id': 19717, 'rank': 1, 'fitness': 0.9820137900379085, 'generation': 258}","{'id': 19763, 'rank': 2, 'fitness': 0.9792763191650532, 'generation': 258}","{'id': 19763, 'rank': 3, 'fitness': 0.9792763191650532, 'generation': 258}","{'id': 19476, 'rank': 4, 'fitness': 0.9792690229208052, 'generation': 258}","{'id': 19642, 'rank': 5, 'fitness': 0.9678090873201541, 'generation': 258}","{'id': 19790, 'rank': 6, 'fitness': 0.9555515767019378, 'generation': 258}","{'id': 19585, 'rank': 7, 'fitness': 0.9507704651606584, 'generation': 258}","{'id': 19647, 'rank': 8, 'fitness': 0.9464542911400042, 'generation': 258}","{'id': 19727, 'rank': 9, 'fitness': 0.9309759240052181, 'generation': 258}","{'id': 19748, 'rank': 10, 'fitness': 0.9290065279451939, 'generation': 258}","{'id': 19657, 'rank': 11, 'fitness': 0.9212314719972194, 'generation': 258}","{'id': 19657, 'rank': 12, 'fitness': 0.9212314719972194, 'generation': 258}","{'id': 19657, 'rank': 13, 'fitness': 0.9212314719972194, 'generation': 258}","{'id': 19696, 'rank': 14, 'fitness': 0.9017635538589516, 'generation': 258}","{'id': 19607, 'rank': 15, 'fitness': 0.8992680669992402, 'generation': 258}","{'id': 19654, 'rank': 16, 'fitness': 0.8959156444831062, 'generation': 258}","{'id': 19728, 'rank': 17, 'fitness': 0.8923602316627456, 'generation': 258}","{'id': 19636, 'rank': 18, 'fitness': 0.8341960948133977, 'generation': 258}","{'id': 19636, 'rank': 19, 'fitness': 0.8341960948133977, 'generation': 258}","{'id': 19766, 'rank': 20, 'fitness': 0.8258584906890776, 'generation': 258}","{'id': 19777, 'rank': 21, 'fitness': 0.7618470152022147, 'generation': 258}","{'id': 19776, 'rank': 22, 'fitness': 0.7493924110612602, 'generation': 258}","{'id': 19776, 'rank': 23, 'fitness': 0.7493924110612602, 'generation': 258}","{'id': 19773, 'rank': 24, 'fitness': 0.514254853271946, 'generation': 258}","{'id': 19785, 'rank': 25, 'fitness': 0.405831630270024, 'generation': 258}","{'id': 19785, 'rank': 26, 'fitness': 0.405831630270024, 'generation': 258}","{'id': 19725, 'rank': 27, 'fitness': 0.2446450871207635, 'generation': 258}","{'id': 19682, 'rank': 28, 'fitness': 0.1775843474821644, 'generation': 258}","{'id': 19752, 'rank': 29, 'fitness': 0.12909004271489688, 'generation': 258}","{'id': 19786, 'rank': 30, 'fitness': 0.01798620996209155, 'generation': 258}"
"{'id': 19476, 'rank': 1, 'fitness': 0.9820137900379085, 'generation': 259}","{'id': 19798, 'rank': 2, 'fitness': 0.9817643788772714, 'generation': 259}","{'id': 19794, 'rank': 3, 'fitness': 0.9806820529970806, 'generation': 259}","{'id': 19794, 'rank': 4, 'fitness': 0.9806820529970806, 'generation': 259}","{'id': 19794, 'rank': 5, 'fitness': 0.9806820529970806, 'generation': 259}","{'id': 19797, 'rank': 6, 'fitness': 0.9803458500758538, 'generation': 259}","{'id': 19796, 'rank': 7, 'fitness': 0.9798357091542711, 'generation': 259}","{'id': 19796, 'rank': 8, 'fitness': 0.9798357091542711, 'generation': 259}","{'id': 19793, 'rank': 9, 'fitness': 0.9793250719890934, 'generation': 259}","{'id': 19793, 'rank': 10, 'fitness': 0.9793250719890934, 'generation': 259}","{'id': 19642, 'rank': 11, 'fitness': 0.9793108937183406, 'generation': 259}","{'id': 19585, 'rank': 12, 'fitness': 0.9762794683763008, 'generation': 259}","{'id': 19647, 'rank': 13, 'fitness': 0.9756225344115788, 'generation': 259}","{'id': 19830, 'rank': 14, 'fitness': 0.9739775764870314, 'generation': 259}","{'id': 19727, 'rank': 15, 'fitness': 0.9735058219541387, 'generation': 259}","{'id': 19657, 'rank': 16, 'fitness': 0.9723187787536922, 'generation': 259}","{'id': 19657, 'rank': 17, 'fitness': 0.9723187787536922, 'generation': 259}","{'id': 19657, 'rank': 18, 'fitness': 0.9723187787536922, 'generation': 259}","{'id': 19696, 'rank': 19, 'fitness': 0.9701827483025626, 'generation': 259}","{'id': 19819, 'rank': 20, 'fitness': 0.9679244125322586, 'generation': 259}","{'id': 19636, 'rank': 21, 'fitness': 0.964167440823531, 'generation': 259}","{'id': 19766, 'rank': 22, 'fitness': 0.9635166067310166, 'generation': 259}","{'id': 19776, 'rank': 23, 'fitness': 0.9580338155504641, 'generation': 259}","{'id': 19855, 'rank': 24, 'fitness': 0.95771515548534, 'generation': 259}","{'id': 19801, 'rank': 25, 'fitness': 0.9497092913862196, 'generation': 259}","{'id': 19773, 'rank': 26, 'fitness': 0.9426729866016716, 'generation': 259}","{'id': 19799, 'rank': 27, 'fitness': 0.9273120414619876, 'generation': 259}","{'id': 19799, 'rank': 28, 'fitness': 0.9273120414619876, 'generation': 259}","{'id': 19864, 'rank': 29, 'fitness': 0.9194835951503669, 'generation': 259}","{'id': 19844, 'rank': 30, 'fitness': 0.01798620996209155, 'generation': 259}"
"{'id': 19936, 'rank': 1, 'fitness': 0.9820137900379085, 'generation': 260}","{'id': 19953, 'rank': 2, 'fitness': 0.9806519850310327, 'generation': 260}","{'id': 19798, 'rank': 3, 'fitness': 0.9781191330695906, 'generation': 260}","{'id': 19798, 'rank': 4, 'fitness': 0.9781191330695906, 'generation': 260}","{'id': 19891, 'rank': 5, 'fitness': 0.9672870904916737, 'generation': 260}","{'id': 19938, 'rank': 6, 'fitness': 0.9572169269584321, 'generation': 260}","{'id': 19931, 'rank': 7, 'fitness': 0.9529973853192697, 'generation': 260}","{'id': 19931, 'rank': 8, 'fitness': 0.9529973853192697, 'generation': 260}","{'id': 19901, 'rank': 9, 'fitness': 0.9261102897087907, 'generation': 260}","{'id': 19793, 'rank': 10, 'fitness': 0.9198019746191888, 'generation': 260}","{'id': 19924, 'rank': 11, 'fitness': 0.9151304298157759, 'generation': 260}","{'id': 19881, 'rank': 12, 'fitness': 0.9035522508056246, 'generation': 260}","{'id': 19881, 'rank': 13, 'fitness': 0.9035522508056246, 'generation': 260}","{'id': 19907, 'rank': 14, 'fitness': 0.8899927154587943, 'generation': 260}","{'id': 19930, 'rank': 15, 'fitness': 0.8839233855406987, 'generation': 260}","{'id': 19882, 'rank': 16, 'fitness': 0.8826221234877367, 'generation': 260}","{'id': 19964, 'rank': 17, 'fitness': 0.8824549973202428, 'generation': 260}","{'id': 19965, 'rank': 18, 'fitness': 0.8812535448030386, 'generation': 260}","{'id': 19914, 'rank': 19, 'fitness': 0.8298383111582619, 'generation': 260}","{'id': 19923, 'rank': 20, 'fitness': 0.7946428526273949, 'generation': 260}","{'id': 19585, 'rank': 21, 'fitness': 0.7204050241271692, 'generation': 260}","{'id': 19880, 'rank': 22, 'fitness': 0.6360920164934506, 'generation': 260}","{'id': 19880, 'rank': 23, 'fitness': 0.6360920164934506, 'generation': 260}","{'id': 19657, 'rank': 24, 'fitness': 0.3235777271033691, 'generation': 260}","{'id': 19929, 'rank': 25, 'fitness': 0.2620137105379816, 'generation': 260}","{'id': 19866, 'rank': 26, 'fitness': 0.08857509480647907, 'generation': 260}","{'id': 19959, 'rank': 27, 'fitness': 0.07600534071652137, 'generation': 260}","{'id': 19960, 'rank': 28, 'fitness': 0.06020642249972552, 'generation': 260}","{'id': 19887, 'rank': 29, 'fitness': 0.021664603071813837, 'generation': 260}","{'id': 19873, 'rank': 30, 'fitness': 0.01798620996209155, 'generation': 260}"
"{'id': 20040, 'rank': 1, 'fitness': 0.9820137900379085, 'generation': 261}","{'id': 19798, 'rank': 2, 'fitness': 0.9818664665716762, 'generation': 261}","{'id': 19891, 'rank': 3, 'fitness': 0.9815588478959153, 'generation': 261}","{'id': 20015, 'rank': 4, 'fitness': 0.9813511792604996, 'generation': 261}","{'id': 19931, 'rank': 5, 'fitness': 0.9812735393191503, 'generation': 261}","{'id': 19931, 'rank': 6, 'fitness': 0.9812735393191503, 'generation': 261}","{'id': 20038, 'rank': 7, 'fitness': 0.9811556779979441, 'generation': 261}","{'id': 19793, 'rank': 8, 'fitness': 0.9808344992042213, 'generation': 261}","{'id': 19793, 'rank': 9, 'fitness': 0.9808344992042213, 'generation': 261}","{'id': 19930, 'rank': 10, 'fitness': 0.9805126956097909, 'generation': 261}","{'id': 19964, 'rank': 11, 'fitness': 0.9805014167112827, 'generation': 261}","{'id': 19964, 'rank': 12, 'fitness': 0.9805014167112827, 'generation': 261}","{'id': 19914, 'rank': 13, 'fitness': 0.9801565093442486, 'generation': 261}","{'id': 19923, 'rank': 14, 'fitness': 0.9799690986803528, 'generation': 261}","{'id': 19880, 'rank': 15, 'fitness': 0.979312003346884, 'generation': 261}","{'id': 19880, 'rank': 16, 'fitness': 0.979312003346884, 'generation': 261}","{'id': 20032, 'rank': 17, 'fitness': 0.9791906566867199, 'generation': 261}","{'id': 19929, 'rank': 18, 'fitness': 0.977929821361756, 'generation': 261}","{'id': 19959, 'rank': 19, 'fitness': 0.9765826125834132, 'generation': 261}","{'id': 20021, 'rank': 20, 'fitness': 0.9761866902918097, 'generation': 261}","{'id': 19987, 'rank': 21, 'fitness': 0.9743585906640582, 'generation': 261}","{'id': 20016, 'rank': 22, 'fitness': 0.9711403158255172, 'generation': 261}","{'id': 19997, 'rank': 23, 'fitness': 0.9654978446073879, 'generation': 261}","{'id': 19999, 'rank': 24, 'fitness': 0.9594893405355008, 'generation': 261}","{'id': 20020, 'rank': 25, 'fitness': 0.9547482272314407, 'generation': 261}","{'id': 20011, 'rank': 26, 'fitness': 0.9505195832316398, 'generation': 261}","{'id': 19975, 'rank': 27, 'fitness': 0.9410039169448793, 'generation': 261}","{'id': 20000, 'rank': 28, 'fitness': 0.9386372570282402, 'generation': 261}","{'id': 19977, 'rank': 29, 'fitness': 0.9097073406062388, 'generation': 261}","{'id': 20028, 'rank': 30, 'fitness': 0.01798620996209155, 'generation': 261}"
"{'id': 19798, 'rank': 1, 'fitness': 0.9820137900379085, 'generation': 262}","{'id': 19931, 'rank': 2, 'fitness': 0.9784209270632476, 'generation': 262}","{'id': 19931, 'rank': 3, 'fitness': 0.9784209270632476, 'generation': 262}","{'id': 20038, 'rank': 4, 'fitness': 0.9776423323465341, 'generation': 262}","{'id': 20056, 'rank': 5, 'fitness': 0.9763128699725723, 'generation': 262}","{'id': 20077, 'rank': 6, 'fitness': 0.976257630581151, 'generation': 262}","{'id': 19930, 'rank': 7, 'fitness': 0.9729881066989492, 'generation': 262}","{'id': 19930, 'rank': 8, 'fitness': 0.9729881066989492, 'generation': 262}","{'id': 19964, 'rank': 9, 'fitness': 0.9729000616330302, 'generation': 262}","{'id': 20086, 'rank': 10, 'fitness': 0.9727232185298751, 'generation': 262}","{'id': 20107, 'rank': 11, 'fitness': 0.9720408367900217, 'generation': 262}","{'id': 20107, 'rank': 12, 'fitness': 0.9720408367900217, 'generation': 262}","{'id': 20094, 'rank': 13, 'fitness': 0.9713041132805089, 'generation': 262}","{'id': 20083, 'rank': 14, 'fitness': 0.9704681397370625, 'generation': 262}","{'id': 20073, 'rank': 15, 'fitness': 0.9692638946647506, 'generation': 262}","{'id': 20096, 'rank': 16, 'fitness': 0.968852152115326, 'generation': 262}","{'id': 20095, 'rank': 17, 'fitness': 0.9644960236780484, 'generation': 262}","{'id': 19880, 'rank': 18, 'fitness': 0.962249231369313, 'generation': 262}","{'id': 19880, 'rank': 19, 'fitness': 0.962249231369313, 'generation': 262}","{'id': 20097, 'rank': 20, 'fitness': 0.9611888032646247, 'generation': 262}","{'id': 20032, 'rank': 21, 'fitness': 0.9610001756419282, 'generation': 262}","{'id': 20032, 'rank': 22, 'fitness': 0.9610001756419282, 'generation': 262}","{'id': 20116, 'rank': 23, 'fitness': 0.9597482546401426, 'generation': 262}","{'id': 20076, 'rank': 24, 'fitness': 0.9434122860337999, 'generation': 262}","{'id': 20067, 'rank': 25, 'fitness': 0.9372560055124051, 'generation': 262}","{'id': 20075, 'rank': 26, 'fitness': 0.9355784810308603, 'generation': 262}","{'id': 20118, 'rank': 27, 'fitness': 0.9218803473079316, 'generation': 262}","{'id': 20050, 'rank': 28, 'fitness': 0.9116067107888549, 'generation': 262}","{'id': 20049, 'rank': 29, 'fitness': 0.025709780236840785, 'generation': 262}","{'id': 20085, 'rank': 30, 'fitness': 0.01798620996209155, 'generation': 262}"
"{'id': 20122, 'rank': 1, 'fitness': 0.9820137900379085, 'generation': 263}","{'id': 20122, 'rank': 2, 'fitness': 0.9820137900379085, 'generation': 263}","{'id': 19931, 'rank': 3, 'fitness': 0.980030050838875, 'generation': 263}","{'id': 20123, 'rank': 4, 'fitness': 0.9789251386382912, 'generation': 263}","{'id': 20038, 'rank': 5, 'fitness': 0.9784438646674936, 'generation': 263}","{'id': 20152, 'rank': 6, 'fitness': 0.9722777344010655, 'generation': 263}","{'id': 20152, 'rank': 7, 'fitness': 0.9722777344010655, 'generation': 263}","{'id': 20182, 'rank': 8, 'fitness': 0.9696288604684665, 'generation': 263}","{'id': 20182, 'rank': 9, 'fitness': 0.9696288604684665, 'generation': 263}","{'id': 20182, 'rank': 10, 'fitness': 0.9696288604684665, 'generation': 263}","{'id': 20182, 'rank': 11, 'fitness': 0.9696288604684665, 'generation': 263}","{'id': 20094, 'rank': 12, 'fitness': 0.9631649501778494, 'generation': 263}","{'id': 20188, 'rank': 13, 'fitness': 0.9595655083374077, 'generation': 263}","{'id': 20096, 'rank': 14, 'fitness': 0.9561336315432547, 'generation': 263}","{'id': 20164, 'rank': 15, 'fitness': 0.9532734670078467, 'generation': 263}","{'id': 20164, 'rank': 16, 'fitness': 0.9532734670078467, 'generation': 263}","{'id': 20126, 'rank': 17, 'fitness': 0.945321646706, 'generation': 263}","{'id': 20159, 'rank': 18, 'fitness': 0.9310079399061268, 'generation': 263}","{'id': 20180, 'rank': 19, 'fitness': 0.9280138702367224, 'generation': 263}","{'id': 20116, 'rank': 20, 'fitness': 0.9247843252611737, 'generation': 263}","{'id': 20116, 'rank': 21, 'fitness': 0.9247843252611737, 'generation': 263}","{'id': 20163, 'rank': 22, 'fitness': 0.8908585854324602, 'generation': 263}","{'id': 20176, 'rank': 23, 'fitness': 0.8703180527564659, 'generation': 263}","{'id': 20196, 'rank': 24, 'fitness': 0.858884388461034, 'generation': 263}","{'id': 20194, 'rank': 25, 'fitness': 0.8483977859378327, 'generation': 263}","{'id': 20143, 'rank': 26, 'fitness': 0.8419774193308736, 'generation': 263}","{'id': 20148, 'rank': 27, 'fitness': 0.8269154708419402, 'generation': 263}","{'id': 20118, 'rank': 28, 'fitness': 0.7299634752618407, 'generation': 263}","{'id': 20134, 'rank': 29, 'fitness': 0.5765932080974149, 'generation': 263}","{'id': 20149, 'rank': 30, 'fitness': 0.01798620996209155, 'generation': 263}"
"{'id': 20263, 'rank': 1, 'fitness': 0.9820137900379085, 'generation': 264}","{'id': 20122, 'rank': 2, 'fitness': 0.9797036414094809, 'generation': 264}","{'id': 20122, 'rank': 3, 'fitness': 0.9797036414094809, 'generation': 264}","{'id': 19931, 'rank': 4, 'fitness': 0.9790292389743527, 'generation': 264}","{'id': 20038, 'rank': 5, 'fitness': 0.9785218070110124, 'generation': 264}","{'id': 20226, 'rank': 6, 'fitness': 0.9770664346622115, 'generation': 264}","{'id': 20152, 'rank': 7, 'fitness': 0.9767583218878899, 'generation': 264}","{'id': 20228, 'rank': 8, 'fitness': 0.9754449928067906, 'generation': 264}","{'id': 20235, 'rank': 9, 'fitness': 0.9741781312895412, 'generation': 264}","{'id': 20235, 'rank': 10, 'fitness': 0.9741781312895412, 'generation': 264}","{'id': 20235, 'rank': 11, 'fitness': 0.9741781312895412, 'generation': 264}","{'id': 20188, 'rank': 12, 'fitness': 0.9738152765790764, 'generation': 264}","{'id': 20188, 'rank': 13, 'fitness': 0.9738152765790764, 'generation': 264}","{'id': 20283, 'rank': 14, 'fitness': 0.9736068333495622, 'generation': 264}","{'id': 20281, 'rank': 15, 'fitness': 0.9733994995374498, 'generation': 264}","{'id': 20164, 'rank': 16, 'fitness': 0.9725811489895677, 'generation': 264}","{'id': 20164, 'rank': 17, 'fitness': 0.9725811489895677, 'generation': 264}","{'id': 20284, 'rank': 18, 'fitness': 0.9717690007694846, 'generation': 264}","{'id': 20230, 'rank': 19, 'fitness': 0.9709526736129432, 'generation': 264}","{'id': 20116, 'rank': 20, 'fitness': 0.968023058424863, 'generation': 264}","{'id': 20272, 'rank': 21, 'fitness': 0.9626314881640615, 'generation': 264}","{'id': 20224, 'rank': 22, 'fitness': 0.9616904096625685, 'generation': 264}","{'id': 20245, 'rank': 23, 'fitness': 0.9616672895698227, 'generation': 264}","{'id': 20229, 'rank': 24, 'fitness': 0.9547182719638969, 'generation': 264}","{'id': 20273, 'rank': 25, 'fitness': 0.9506074388836887, 'generation': 264}","{'id': 20118, 'rank': 26, 'fitness': 0.9496059021557051, 'generation': 264}","{'id': 20278, 'rank': 27, 'fitness': 0.8840585371906605, 'generation': 264}","{'id': 20233, 'rank': 28, 'fitness': 0.7536486574715329, 'generation': 264}","{'id': 20256, 'rank': 29, 'fitness': 0.06918985383592524, 'generation': 264}","{'id': 20261, 'rank': 30, 'fitness': 0.01798620996209155, 'generation': 264}"
"{'id': 20348, 'rank': 1, 'fitness': 0.9820137900379085, 'generation': 265}","{'id': 20313, 'rank': 2, 'fitness': 0.9819824831151878, 'generation': 265}","{'id': 20313, 'rank': 3, 'fitness': 0.9819824831151878, 'generation': 265}","{'id': 20300, 'rank': 4, 'fitness': 0.9817532266206717, 'generation': 265}","{'id': 20350, 'rank': 5, 'fitness': 0.9817518718921374, 'generation': 265}","{'id': 20303, 'rank': 6, 'fitness': 0.981721648569483, 'generation': 265}","{'id': 20308, 'rank': 7, 'fitness': 0.9817095283881985, 'generation': 265}","{'id': 20299, 'rank': 8, 'fitness': 0.9816607197535618, 'generation': 265}","{'id': 20329, 'rank': 9, 'fitness': 0.9816569895053717, 'generation': 265}","{'id': 20152, 'rank': 10, 'fitness': 0.9816563252549391, 'generation': 265}","{'id': 20152, 'rank': 11, 'fitness': 0.9816563252549391, 'generation': 265}","{'id': 20228, 'rank': 12, 'fitness': 0.981610612885192, 'generation': 265}","{'id': 20228, 'rank': 13, 'fitness': 0.981610612885192, 'generation': 265}","{'id': 20345, 'rank': 14, 'fitness': 0.9815935415807471, 'generation': 265}","{'id': 20286, 'rank': 15, 'fitness': 0.9815867196928046, 'generation': 265}","{'id': 20316, 'rank': 16, 'fitness': 0.981581378562351, 'generation': 265}","{'id': 20294, 'rank': 17, 'fitness': 0.9815778990339552, 'generation': 265}","{'id': 20235, 'rank': 18, 'fitness': 0.9815686245093613, 'generation': 265}","{'id': 20235, 'rank': 19, 'fitness': 0.9815686245093613, 'generation': 265}","{'id': 20188, 'rank': 20, 'fitness': 0.9815569508482023, 'generation': 265}","{'id': 20188, 'rank': 21, 'fitness': 0.9815569508482023, 'generation': 265}","{'id': 20164, 'rank': 22, 'fitness': 0.9815183405103256, 'generation': 265}","{'id': 20346, 'rank': 23, 'fitness': 0.98151557337811, 'generation': 265}","{'id': 20327, 'rank': 24, 'fitness': 0.9812856517272712, 'generation': 265}","{'id': 20317, 'rank': 25, 'fitness': 0.9812571153047196, 'generation': 265}","{'id': 20319, 'rank': 26, 'fitness': 0.9811029988855917, 'generation': 265}","{'id': 20363, 'rank': 27, 'fitness': 0.9803237511125111, 'generation': 265}","{'id': 20356, 'rank': 28, 'fitness': 0.9802284705327062, 'generation': 265}","{'id': 20362, 'rank': 29, 'fitness': 0.9797969412008876, 'generation': 265}","{'id': 20304, 'rank': 30, 'fitness': 0.01798620996209155, 'generation': 265}"
"{'id': 20313, 'rank': 1, 'fitness': 0.9820137900379085, 'generation': 266}","{'id': 20313, 'rank': 2, 'fitness': 0.9820137900379085, 'generation': 266}","{'id': 20313, 'rank': 3, 'fitness': 0.9820137900379085, 'generation': 266}","{'id': 20313, 'rank': 4, 'fitness': 0.9820137900379085, 'generation': 266}","{'id': 20404, 'rank': 5, 'fitness': 0.9672419775964936, 'generation': 266}","{'id': 20408, 'rank': 6, 'fitness': 0.9605004841244593, 'generation': 266}","{'id': 20408, 'rank': 7, 'fitness': 0.9605004841244593, 'generation': 266}","{'id': 20418, 'rank': 8, 'fitness': 0.9010975616905248, 'generation': 266}","{'id': 20393, 'rank': 9, 'fitness': 0.8795317077243355, 'generation': 266}","{'id': 20300, 'rank': 10, 'fitness': 0.8119443631500958, 'generation': 266}","{'id': 20303, 'rank': 11, 'fitness': 0.7531821885061054, 'generation': 266}","{'id': 20413, 'rank': 12, 'fitness': 0.7303610267831244, 'generation': 266}","{'id': 20308, 'rank': 13, 'fitness': 0.7276266319453335, 'generation': 266}","{'id': 20392, 'rank': 14, 'fitness': 0.5561117753568399, 'generation': 266}","{'id': 20392, 'rank': 15, 'fitness': 0.5561117753568399, 'generation': 266}","{'id': 20433, 'rank': 16, 'fitness': 0.5167815858625212, 'generation': 266}","{'id': 20433, 'rank': 17, 'fitness': 0.5167815858625212, 'generation': 266}","{'id': 20364, 'rank': 18, 'fitness': 0.4750415172005763, 'generation': 266}","{'id': 20286, 'rank': 19, 'fitness': 0.41081667618772305, 'generation': 266}","{'id': 20421, 'rank': 20, 'fitness': 0.3691138422209277, 'generation': 266}","{'id': 20421, 'rank': 21, 'fitness': 0.3691138422209277, 'generation': 266}","{'id': 20235, 'rank': 22, 'fitness': 0.3640657589433785, 'generation': 266}","{'id': 20188, 'rank': 23, 'fitness': 0.3351775830457846, 'generation': 266}","{'id': 20365, 'rank': 24, 'fitness': 0.21675670864805607, 'generation': 266}","{'id': 20397, 'rank': 25, 'fitness': 0.21577039991093294, 'generation': 266}","{'id': 20429, 'rank': 26, 'fitness': 0.21429289791623152, 'generation': 266}","{'id': 20375, 'rank': 27, 'fitness': 0.13586077322449558, 'generation': 266}","{'id': 20375, 'rank': 28, 'fitness': 0.13586077322449558, 'generation': 266}","{'id': 20412, 'rank': 29, 'fitness': 0.08706046176287335, 'generation': 266}","{'id': 20454, 'rank': 30, 'fitness': 0.01798620996209155, 'generation': 266}"
"{'id': 20313, 'rank': 1, 'fitness': 0.9820137900379085, 'generation': 267}","{'id': 20479, 'rank': 2, 'fitness': 0.9819926917459637, 'generation': 267}","{'id': 20404, 'rank': 3, 'fitness': 0.9819449852564988, 'generation': 267}","{'id': 20404, 'rank': 4, 'fitness': 0.9819449852564988, 'generation': 267}","{'id': 20408, 'rank': 5, 'fitness': 0.9819232016451506, 'generation': 267}","{'id': 20408, 'rank': 6, 'fitness': 0.9819232016451506, 'generation': 267}","{'id': 20486, 'rank': 7, 'fitness': 0.9818776034621275, 'generation': 267}","{'id': 20418, 'rank': 8, 'fitness': 0.9818126521965317, 'generation': 267}","{'id': 20488, 'rank': 9, 'fitness': 0.9817182394915646, 'generation': 267}","{'id': 20498, 'rank': 10, 'fitness': 0.9816823048932453, 'generation': 267}","{'id': 20498, 'rank': 11, 'fitness': 0.9816823048932453, 'generation': 267}","{'id': 20413, 'rank': 12, 'fitness': 0.9816751345142535, 'generation': 267}","{'id': 20308, 'rank': 13, 'fitness': 0.981673559543487, 'generation': 267}","{'id': 20474, 'rank': 14, 'fitness': 0.9816399138401769, 'generation': 267}","{'id': 20433, 'rank': 15, 'fitness': 0.981569091792965, 'generation': 267}","{'id': 20286, 'rank': 16, 'fitness': 0.9815200800752379, 'generation': 267}","{'id': 20286, 'rank': 17, 'fitness': 0.9815200800752379, 'generation': 267}","{'id': 20235, 'rank': 18, 'fitness': 0.9814974447736773, 'generation': 267}","{'id': 20188, 'rank': 19, 'fitness': 0.9814828393185788, 'generation': 267}","{'id': 20365, 'rank': 20, 'fitness': 0.9814137600511101, 'generation': 267}","{'id': 20375, 'rank': 21, 'fitness': 0.981348407994258, 'generation': 267}","{'id': 20476, 'rank': 22, 'fitness': 0.9813270631593558, 'generation': 267}","{'id': 20477, 'rank': 23, 'fitness': 0.98114076111144, 'generation': 267}","{'id': 20477, 'rank': 24, 'fitness': 0.98114076111144, 'generation': 267}","{'id': 20454, 'rank': 25, 'fitness': 0.9810978624315905, 'generation': 267}","{'id': 20499, 'rank': 26, 'fitness': 0.9771455403761377, 'generation': 267}","{'id': 20493, 'rank': 27, 'fitness': 0.9734306343920152, 'generation': 267}","{'id': 20492, 'rank': 28, 'fitness': 0.9733550980325951, 'generation': 267}","{'id': 20494, 'rank': 29, 'fitness': 0.3081539097680561, 'generation': 267}","{'id': 20458, 'rank': 30, 'fitness': 0.01798620996209155, 'generation': 267}"
"{'id': 20313, 'rank': 1, 'fitness': 0.9820137900379085, 'generation': 268}","{'id': 20479, 'rank': 2, 'fitness': 0.9791456523260209, 'generation': 268}","{'id': 20561, 'rank': 3, 'fitness': 0.9772661249910664, 'generation': 268}","{'id': 20404, 'rank': 4, 'fitness': 0.9709311740342559, 'generation': 268}","{'id': 20404, 'rank': 5, 'fitness': 0.9709311740342559, 'generation': 268}","{'id': 20408, 'rank': 6, 'fitness': 0.9662157215871923, 'generation': 268}","{'id': 20408, 'rank': 7, 'fitness': 0.9662157215871923, 'generation': 268}","{'id': 20512, 'rank': 8, 'fitness': 0.9371491672824963, 'generation': 268}","{'id': 20418, 'rank': 9, 'fitness': 0.9288131288440878, 'generation': 268}","{'id': 20418, 'rank': 10, 'fitness': 0.9288131288440878, 'generation': 268}","{'id': 20526, 'rank': 11, 'fitness': 0.9118145338427668, 'generation': 268}","{'id': 20526, 'rank': 12, 'fitness': 0.9118145338427668, 'generation': 268}","{'id': 20550, 'rank': 13, 'fitness': 0.8743383136791489, 'generation': 268}","{'id': 20562, 'rank': 14, 'fitness': 0.8286698950445952, 'generation': 268}","{'id': 20524, 'rank': 15, 'fitness': 0.824549290277801, 'generation': 268}","{'id': 20474, 'rank': 16, 'fitness': 0.7943994186928514, 'generation': 268}","{'id': 20511, 'rank': 17, 'fitness': 0.7940206312978447, 'generation': 268}","{'id': 20569, 'rank': 18, 'fitness': 0.7759030124537232, 'generation': 268}","{'id': 20569, 'rank': 19, 'fitness': 0.7759030124537232, 'generation': 268}","{'id': 20569, 'rank': 20, 'fitness': 0.7759030124537232, 'generation': 268}","{'id': 20505, 'rank': 21, 'fitness': 0.7411948029052324, 'generation': 268}","{'id': 20433, 'rank': 22, 'fitness': 0.7018141471898806, 'generation': 268}","{'id': 20509, 'rank': 23, 'fitness': 0.6557627882289505, 'generation': 268}","{'id': 20286, 'rank': 24, 'fitness': 0.6257438729365712, 'generation': 268}","{'id': 20559, 'rank': 25, 'fitness': 0.4854764740454061, 'generation': 268}","{'id': 20510, 'rank': 26, 'fitness': 0.30150488601939057, 'generation': 268}","{'id': 20521, 'rank': 27, 'fitness': 0.22227992273481734, 'generation': 268}","{'id': 20529, 'rank': 28, 'fitness': 0.0673414817693177, 'generation': 268}","{'id': 20519, 'rank': 29, 'fitness': 0.03466536135644133, 'generation': 268}","{'id': 20537, 'rank': 30, 'fitness': 0.01798620996209155, 'generation': 268}"
"{'id': 20623, 'rank': 1, 'fitness': 0.9820137900379085, 'generation': 269}","{'id': 20561, 'rank': 2, 'fitness': 0.9812788037353553, 'generation': 269}","{'id': 20404, 'rank': 3, 'fitness': 0.9811044851623819, 'generation': 269}","{'id': 20631, 'rank': 4, 'fitness': 0.9810652785102886, 'generation': 269}","{'id': 20408, 'rank': 5, 'fitness': 0.9809964724161734, 'generation': 269}","{'id': 20621, 'rank': 6, 'fitness': 0.9806149231458938, 'generation': 269}","{'id': 20418, 'rank': 7, 'fitness': 0.9804409427776906, 'generation': 269}","{'id': 20418, 'rank': 8, 'fitness': 0.9804409427776906, 'generation': 269}","{'id': 20418, 'rank': 9, 'fitness': 0.9804409427776906, 'generation': 269}","{'id': 20526, 'rank': 10, 'fitness': 0.9802732527668926, 'generation': 269}","{'id': 20526, 'rank': 11, 'fitness': 0.9802732527668926, 'generation': 269}","{'id': 20562, 'rank': 12, 'fitness': 0.9797156473666342, 'generation': 269}","{'id': 20562, 'rank': 13, 'fitness': 0.9797156473666342, 'generation': 269}","{'id': 20524, 'rank': 14, 'fitness': 0.9796942461102213, 'generation': 269}","{'id': 20569, 'rank': 15, 'fitness': 0.9794654493881843, 'generation': 269}","{'id': 20569, 'rank': 16, 'fitness': 0.9794654493881843, 'generation': 269}","{'id': 20569, 'rank': 17, 'fitness': 0.9794654493881843, 'generation': 269}","{'id': 20569, 'rank': 18, 'fitness': 0.9794654493881843, 'generation': 269}","{'id': 20605, 'rank': 19, 'fitness': 0.9781847369417546, 'generation': 269}","{'id': 20605, 'rank': 20, 'fitness': 0.9781847369417546, 'generation': 269}","{'id': 20605, 'rank': 21, 'fitness': 0.9781847369417546, 'generation': 269}","{'id': 20510, 'rank': 22, 'fitness': 0.9778376950036229, 'generation': 269}","{'id': 20529, 'rank': 23, 'fitness': 0.9763396276659271, 'generation': 269}","{'id': 20537, 'rank': 24, 'fitness': 0.9751238542138949, 'generation': 269}","{'id': 20598, 'rank': 25, 'fitness': 0.9330292475126682, 'generation': 269}","{'id': 20598, 'rank': 26, 'fitness': 0.9330292475126682, 'generation': 269}","{'id': 20636, 'rank': 27, 'fitness': 0.6303159758414011, 'generation': 269}","{'id': 20583, 'rank': 28, 'fitness': 0.23276545603165688, 'generation': 269}","{'id': 20644, 'rank': 29, 'fitness': 0.049783585762658844, 'generation': 269}","{'id': 20638, 'rank': 30, 'fitness': 0.01798620996209155, 'generation': 269}"
"{'id': 20654, 'rank': 1, 'fitness': 0.9820137900379085, 'generation': 270}","{'id': 20653, 'rank': 2, 'fitness': 0.9819140886741997, 'generation': 270}","{'id': 20653, 'rank': 3, 'fitness': 0.9819140886741997, 'generation': 270}","{'id': 20561, 'rank': 4, 'fitness': 0.9818307648246377, 'generation': 270}","{'id': 20631, 'rank': 5, 'fitness': 0.9817459981071279, 'generation': 270}","{'id': 20651, 'rank': 6, 'fitness': 0.9816536286200177, 'generation': 270}","{'id': 20647, 'rank': 7, 'fitness': 0.9816405658248548, 'generation': 270}","{'id': 20655, 'rank': 8, 'fitness': 0.9815504082293748, 'generation': 270}","{'id': 20669, 'rank': 9, 'fitness': 0.9814936415181956, 'generation': 270}","{'id': 20739, 'rank': 10, 'fitness': 0.9814848697620957, 'generation': 270}","{'id': 20739, 'rank': 11, 'fitness': 0.9814848697620957, 'generation': 270}","{'id': 20526, 'rank': 12, 'fitness': 0.9814363064463231, 'generation': 270}","{'id': 20526, 'rank': 13, 'fitness': 0.9814363064463231, 'generation': 270}","{'id': 20526, 'rank': 14, 'fitness': 0.9814363064463231, 'generation': 270}","{'id': 20668, 'rank': 15, 'fitness': 0.9812846873872871, 'generation': 270}","{'id': 20668, 'rank': 16, 'fitness': 0.9812846873872871, 'generation': 270}","{'id': 20702, 'rank': 17, 'fitness': 0.9812616677515351, 'generation': 270}","{'id': 20696, 'rank': 18, 'fitness': 0.9812597680874685, 'generation': 270}","{'id': 20524, 'rank': 19, 'fitness': 0.9812144223716012, 'generation': 270}","{'id': 20524, 'rank': 20, 'fitness': 0.9812144223716012, 'generation': 270}","{'id': 20524, 'rank': 21, 'fitness': 0.9812144223716012, 'generation': 270}","{'id': 20569, 'rank': 22, 'fitness': 0.9811277503280665, 'generation': 270}","{'id': 20726, 'rank': 23, 'fitness': 0.9810985786998261, 'generation': 270}","{'id': 20660, 'rank': 24, 'fitness': 0.9810706900592134, 'generation': 270}","{'id': 20705, 'rank': 25, 'fitness': 0.9808486081445271, 'generation': 270}","{'id': 20662, 'rank': 26, 'fitness': 0.9807765653051532, 'generation': 270}","{'id': 20712, 'rank': 27, 'fitness': 0.9804706426799619, 'generation': 270}","{'id': 20740, 'rank': 28, 'fitness': 0.980417667131456, 'generation': 270}","{'id': 20687, 'rank': 29, 'fitness': 0.9804016321614124, 'generation': 270}","{'id': 20724, 'rank': 30, 'fitness': 0.01798620996209155, 'generation': 270}"
"{'id': 20808, 'rank': 1, 'fitness': 0.9820137900379085, 'generation': 271}","{'id': 20764, 'rank': 2, 'fitness': 0.9129063388144929, 'generation': 271}","{'id': 20764, 'rank': 3, 'fitness': 0.9129063388144929, 'generation': 271}","{'id': 20654, 'rank': 4, 'fitness': 0.8778618686068272, 'generation': 271}","{'id': 20819, 'rank': 5, 'fitness': 0.8214036995107039, 'generation': 271}","{'id': 20819, 'rank': 6, 'fitness': 0.8214036995107039, 'generation': 271}","{'id': 20561, 'rank': 7, 'fitness': 0.7772106176633049, 'generation': 271}","{'id': 20763, 'rank': 8, 'fitness': 0.7735649319867177, 'generation': 271}","{'id': 20631, 'rank': 9, 'fitness': 0.7144548056095203, 'generation': 271}","{'id': 20779, 'rank': 10, 'fitness': 0.67884074728059, 'generation': 271}","{'id': 20809, 'rank': 11, 'fitness': 0.6291297086690215, 'generation': 271}","{'id': 20753, 'rank': 12, 'fitness': 0.5937362814944109, 'generation': 271}","{'id': 20753, 'rank': 13, 'fitness': 0.5937362814944109, 'generation': 271}","{'id': 20753, 'rank': 14, 'fitness': 0.5937362814944109, 'generation': 271}","{'id': 20786, 'rank': 15, 'fitness': 0.5593860242478301, 'generation': 271}","{'id': 20739, 'rank': 16, 'fitness': 0.47569150614012395, 'generation': 271}","{'id': 20526, 'rank': 17, 'fitness': 0.4293704807104401, 'generation': 271}","{'id': 20526, 'rank': 18, 'fitness': 0.4293704807104401, 'generation': 271}","{'id': 20526, 'rank': 19, 'fitness': 0.4293704807104401, 'generation': 271}","{'id': 20815, 'rank': 20, 'fitness': 0.4138201446830799, 'generation': 271}","{'id': 20774, 'rank': 21, 'fitness': 0.3208608879871119, 'generation': 271}","{'id': 20769, 'rank': 22, 'fitness': 0.292725573990836, 'generation': 271}","{'id': 20524, 'rank': 23, 'fitness': 0.24356146492200237, 'generation': 271}","{'id': 20750, 'rank': 24, 'fitness': 0.18206649801460756, 'generation': 271}","{'id': 20793, 'rank': 25, 'fitness': 0.17506992771114455, 'generation': 271}","{'id': 20793, 'rank': 26, 'fitness': 0.17506992771114455, 'generation': 271}","{'id': 20780, 'rank': 27, 'fitness': 0.17493272132727833, 'generation': 271}","{'id': 20751, 'rank': 28, 'fitness': 0.07153586008668977, 'generation': 271}","{'id': 20812, 'rank': 29, 'fitness': 0.02763047069531427, 'generation': 271}","{'id': 20765, 'rank': 30, 'fitness': 0.01798620996209155, 'generation': 271}"
"{'id': 20764, 'rank': 1, 'fitness': 0.9820137900379085, 'generation': 272}","{'id': 20819, 'rank': 2, 'fitness': 0.9818183567306857, 'generation': 272}","{'id': 20819, 'rank': 3, 'fitness': 0.9818183567306857, 'generation': 272}","{'id': 20819, 'rank': 4, 'fitness': 0.9818183567306857, 'generation': 272}","{'id': 20819, 'rank': 5, 'fitness': 0.9818183567306857, 'generation': 272}","{'id': 20819, 'rank': 6, 'fitness': 0.9818183567306857, 'generation': 272}","{'id': 20561, 'rank': 7, 'fitness': 0.9817523159182046, 'generation': 272}","{'id': 20561, 'rank': 8, 'fitness': 0.9817523159182046, 'generation': 272}","{'id': 20631, 'rank': 9, 'fitness': 0.9816725920951606, 'generation': 272}","{'id': 20809, 'rank': 10, 'fitness': 0.9815789374903329, 'generation': 272}","{'id': 20786, 'rank': 11, 'fitness': 0.9815087913771896, 'generation': 272}","{'id': 20526, 'rank': 12, 'fitness': 0.9813815195414686, 'generation': 272}","{'id': 20526, 'rank': 13, 'fitness': 0.9813815195414686, 'generation': 272}","{'id': 20815, 'rank': 14, 'fitness': 0.9813659439117013, 'generation': 272}","{'id': 20774, 'rank': 15, 'fitness': 0.9812675625301247, 'generation': 272}","{'id': 20774, 'rank': 16, 'fitness': 0.9812675625301247, 'generation': 272}","{'id': 20774, 'rank': 17, 'fitness': 0.9812675625301247, 'generation': 272}","{'id': 20769, 'rank': 18, 'fitness': 0.9812350270096799, 'generation': 272}","{'id': 20780, 'rank': 19, 'fitness': 0.9810697654181337, 'generation': 272}","{'id': 20812, 'rank': 20, 'fitness': 0.9805645780743284, 'generation': 272}","{'id': 20864, 'rank': 21, 'fitness': 0.9739887185491236, 'generation': 272}","{'id': 20857, 'rank': 22, 'fitness': 0.9675521090554211, 'generation': 272}","{'id': 20855, 'rank': 23, 'fitness': 0.9605819787986587, 'generation': 272}","{'id': 20853, 'rank': 24, 'fitness': 0.9210558986516307, 'generation': 272}","{'id': 20860, 'rank': 25, 'fitness': 0.6594484419664912, 'generation': 272}","{'id': 20860, 'rank': 26, 'fitness': 0.6594484419664912, 'generation': 272}","{'id': 20835, 'rank': 27, 'fitness': 0.5314806859695362, 'generation': 272}","{'id': 20868, 'rank': 28, 'fitness': 0.12573905206105251, 'generation': 272}","{'id': 20867, 'rank': 29, 'fitness': 0.08327849661098607, 'generation': 272}","{'id': 20830, 'rank': 30, 'fitness': 0.01798620996209155, 'generation': 272}"
"{'id': 20883, 'rank': 1, 'fitness': 0.9820137900379085, 'generation': 273}","{'id': 20927, 'rank': 2, 'fitness': 0.9782844391966762, 'generation': 273}","{'id': 20947, 'rank': 3, 'fitness': 0.9781068658614591, 'generation': 273}","{'id': 20886, 'rank': 4, 'fitness': 0.9776623704860392, 'generation': 273}","{'id': 20819, 'rank': 5, 'fitness': 0.9756217273443708, 'generation': 273}","{'id': 20819, 'rank': 6, 'fitness': 0.9756217273443708, 'generation': 273}","{'id': 20819, 'rank': 7, 'fitness': 0.9756217273443708, 'generation': 273}","{'id': 20925, 'rank': 8, 'fitness': 0.9754197549952748, 'generation': 273}","{'id': 20631, 'rank': 9, 'fitness': 0.972987385246687, 'generation': 273}","{'id': 20631, 'rank': 10, 'fitness': 0.972987385246687, 'generation': 273}","{'id': 20879, 'rank': 11, 'fitness': 0.9725242340554221, 'generation': 273}","{'id': 20956, 'rank': 12, 'fitness': 0.9714902317660528, 'generation': 273}","{'id': 20809, 'rank': 13, 'fitness': 0.9711629761873384, 'generation': 273}","{'id': 20809, 'rank': 14, 'fitness': 0.9711629761873384, 'generation': 273}","{'id': 20915, 'rank': 15, 'fitness': 0.970568485411812, 'generation': 273}","{'id': 20915, 'rank': 16, 'fitness': 0.970568485411812, 'generation': 273}","{'id': 20888, 'rank': 17, 'fitness': 0.9704390817912836, 'generation': 273}","{'id': 20885, 'rank': 18, 'fitness': 0.9700862803174262, 'generation': 273}","{'id': 20885, 'rank': 19, 'fitness': 0.9700862803174262, 'generation': 273}","{'id': 20786, 'rank': 20, 'fitness': 0.9697251949393969, 'generation': 273}","{'id': 20786, 'rank': 21, 'fitness': 0.9697251949393969, 'generation': 273}","{'id': 20939, 'rank': 22, 'fitness': 0.9659125320700795, 'generation': 273}","{'id': 20774, 'rank': 23, 'fitness': 0.9642806656820382, 'generation': 273}","{'id': 20774, 'rank': 24, 'fitness': 0.9642806656820382, 'generation': 273}","{'id': 20923, 'rank': 25, 'fitness': 0.9546656624014391, 'generation': 273}","{'id': 20923, 'rank': 26, 'fitness': 0.9546656624014391, 'generation': 273}","{'id': 20933, 'rank': 27, 'fitness': 0.9542928798915726, 'generation': 273}","{'id': 20953, 'rank': 28, 'fitness': 0.9529952343569552, 'generation': 273}","{'id': 20914, 'rank': 29, 'fitness': 0.11557629125588115, 'generation': 273}","{'id': 20857, 'rank': 30, 'fitness': 0.01798620996209155, 'generation': 273}"
"{'id': 20886, 'rank': 1, 'fitness': 0.9820137900379085, 'generation': 274}","{'id': 20967, 'rank': 2, 'fitness': 0.9776947816765842, 'generation': 274}","{'id': 20967, 'rank': 3, 'fitness': 0.9776947816765842, 'generation': 274}","{'id': 20819, 'rank': 4, 'fitness': 0.9770461431252627, 'generation': 274}","{'id': 20819, 'rank': 5, 'fitness': 0.9770461431252627, 'generation': 274}","{'id': 20631, 'rank': 6, 'fitness': 0.9694727648835693, 'generation': 274}","{'id': 20879, 'rank': 7, 'fitness': 0.9680009096361435, 'generation': 274}","{'id': 20961, 'rank': 8, 'fitness': 0.9647624435407249, 'generation': 274}","{'id': 21034, 'rank': 9, 'fitness': 0.9639834014568255, 'generation': 274}","{'id': 21034, 'rank': 10, 'fitness': 0.9639834014568255, 'generation': 274}","{'id': 20915, 'rank': 11, 'fitness': 0.9613086500314589, 'generation': 274}","{'id': 20888, 'rank': 12, 'fitness': 0.9608382908335611, 'generation': 274}","{'id': 21040, 'rank': 13, 'fitness': 0.9607421978391009, 'generation': 274}","{'id': 20786, 'rank': 14, 'fitness': 0.9581811805975944, 'generation': 274}","{'id': 20786, 'rank': 15, 'fitness': 0.9581811805975944, 'generation': 274}","{'id': 20979, 'rank': 16, 'fitness': 0.9534408725620157, 'generation': 274}","{'id': 20973, 'rank': 17, 'fitness': 0.944011990356753, 'generation': 274}","{'id': 20939, 'rank': 18, 'fitness': 0.9421783777943984, 'generation': 274}","{'id': 21001, 'rank': 19, 'fitness': 0.9412204539025965, 'generation': 274}","{'id': 21029, 'rank': 20, 'fitness': 0.9264901811096751, 'generation': 274}","{'id': 20972, 'rank': 21, 'fitness': 0.9171728295263023, 'generation': 274}","{'id': 20980, 'rank': 22, 'fitness': 0.9105110729627979, 'generation': 274}","{'id': 21033, 'rank': 23, 'fitness': 0.9029664255788596, 'generation': 274}","{'id': 21023, 'rank': 24, 'fitness': 0.8701951216300677, 'generation': 274}","{'id': 21036, 'rank': 25, 'fitness': 0.7117676292958295, 'generation': 274}","{'id': 20974, 'rank': 26, 'fitness': 0.7086847651343974, 'generation': 274}","{'id': 21007, 'rank': 27, 'fitness': 0.6916062336421995, 'generation': 274}","{'id': 20987, 'rank': 28, 'fitness': 0.6446479468148226, 'generation': 274}","{'id': 20970, 'rank': 29, 'fitness': 0.5950958835493302, 'generation': 274}","{'id': 20962, 'rank': 30, 'fitness': 0.01798620996209155, 'generation': 274}"
"{'id': 21051, 'rank': 1, 'fitness': 0.9820137900379085, 'generation': 275}","{'id': 21051, 'rank': 2, 'fitness': 0.9820137900379085, 'generation': 275}","{'id': 21070, 'rank': 3, 'fitness': 0.9803733444283071, 'generation': 275}","{'id': 20886, 'rank': 4, 'fitness': 0.9798328983008588, 'generation': 275}","{'id': 21072, 'rank': 5, 'fitness': 0.9788666355905932, 'generation': 275}","{'id': 21072, 'rank': 6, 'fitness': 0.9788666355905932, 'generation': 275}","{'id': 21123, 'rank': 7, 'fitness': 0.9724985159034154, 'generation': 275}","{'id': 21098, 'rank': 8, 'fitness': 0.9722624151661772, 'generation': 275}","{'id': 20961, 'rank': 9, 'fitness': 0.9688267999079406, 'generation': 275}","{'id': 21034, 'rank': 10, 'fitness': 0.9683804327397485, 'generation': 275}","{'id': 21040, 'rank': 11, 'fitness': 0.9665567056015869, 'generation': 275}","{'id': 21040, 'rank': 12, 'fitness': 0.9665567056015869, 'generation': 275}","{'id': 20786, 'rank': 13, 'fitness': 0.9651507405394737, 'generation': 275}","{'id': 20973, 'rank': 14, 'fitness': 0.957820473600675, 'generation': 275}","{'id': 21080, 'rank': 15, 'fitness': 0.9565735195029705, 'generation': 275}","{'id': 21078, 'rank': 16, 'fitness': 0.9531439808060114, 'generation': 275}","{'id': 21063, 'rank': 17, 'fitness': 0.9503951733482869, 'generation': 275}","{'id': 21082, 'rank': 18, 'fitness': 0.9467897563197987, 'generation': 275}","{'id': 21082, 'rank': 19, 'fitness': 0.9467897563197987, 'generation': 275}","{'id': 20980, 'rank': 20, 'fitness': 0.9424460478067205, 'generation': 275}","{'id': 21076, 'rank': 21, 'fitness': 0.942116133597079, 'generation': 275}","{'id': 21086, 'rank': 22, 'fitness': 0.9272105263349958, 'generation': 275}","{'id': 21089, 'rank': 23, 'fitness': 0.9262734969108664, 'generation': 275}","{'id': 21089, 'rank': 24, 'fitness': 0.9262734969108664, 'generation': 275}","{'id': 21067, 'rank': 25, 'fitness': 0.856007185561261, 'generation': 275}","{'id': 21094, 'rank': 26, 'fitness': 0.8071701732610244, 'generation': 275}","{'id': 21081, 'rank': 27, 'fitness': 0.7349811567345368, 'generation': 275}","{'id': 21056, 'rank': 28, 'fitness': 0.35155658479298113, 'generation': 275}","{'id': 21055, 'rank': 29, 'fitness': 0.025130929681952352, 'generation': 275}","{'id': 21058, 'rank': 30, 'fitness': 0.01798620996209155, 'generation': 275}"
"{'id': 21206, 'rank': 1, 'fitness': 0.9820137900379085, 'generation': 276}","{'id': 20886, 'rank': 2, 'fitness': 0.962399054900851, 'generation': 276}","{'id': 21212, 'rank': 3, 'fitness': 0.960952510046612, 'generation': 276}","{'id': 21072, 'rank': 4, 'fitness': 0.9595118012415161, 'generation': 276}","{'id': 21072, 'rank': 5, 'fitness': 0.9595118012415161, 'generation': 276}","{'id': 21138, 'rank': 6, 'fitness': 0.9458806096885004, 'generation': 276}","{'id': 21138, 'rank': 7, 'fitness': 0.9458806096885004, 'generation': 276}","{'id': 21182, 'rank': 8, 'fitness': 0.9318094362218852, 'generation': 276}","{'id': 21182, 'rank': 9, 'fitness': 0.9318094362218852, 'generation': 276}","{'id': 21178, 'rank': 10, 'fitness': 0.9290915243264191, 'generation': 276}","{'id': 21140, 'rank': 11, 'fitness': 0.9245869671372258, 'generation': 276}","{'id': 21140, 'rank': 12, 'fitness': 0.9245869671372258, 'generation': 276}","{'id': 21168, 'rank': 13, 'fitness': 0.9211837449602847, 'generation': 276}","{'id': 21040, 'rank': 14, 'fitness': 0.9172510541529291, 'generation': 276}","{'id': 21166, 'rank': 15, 'fitness': 0.9001728127516355, 'generation': 276}","{'id': 21186, 'rank': 16, 'fitness': 0.8971324143869954, 'generation': 276}","{'id': 21186, 'rank': 17, 'fitness': 0.8971324143869954, 'generation': 276}","{'id': 21080, 'rank': 18, 'fitness': 0.8773978393990591, 'generation': 276}","{'id': 21078, 'rank': 19, 'fitness': 0.862922185965052, 'generation': 276}","{'id': 21082, 'rank': 20, 'fitness': 0.8353630776347232, 'generation': 276}","{'id': 21161, 'rank': 21, 'fitness': 0.8192622798580103, 'generation': 276}","{'id': 21089, 'rank': 22, 'fitness': 0.7433508153188091, 'generation': 276}","{'id': 21156, 'rank': 23, 'fitness': 0.7378868100235286, 'generation': 276}","{'id': 21136, 'rank': 24, 'fitness': 0.7202167986551227, 'generation': 276}","{'id': 21147, 'rank': 25, 'fitness': 0.5290079155408198, 'generation': 276}","{'id': 21147, 'rank': 26, 'fitness': 0.5290079155408198, 'generation': 276}","{'id': 21209, 'rank': 27, 'fitness': 0.09180950978887825, 'generation': 276}","{'id': 21151, 'rank': 28, 'fitness': 0.07603297525969277, 'generation': 276}","{'id': 21190, 'rank': 29, 'fitness': 0.03245937480300409, 'generation': 276}","{'id': 21056, 'rank': 30, 'fitness': 0.01798620996209155, 'generation': 276}"
"{'id': 21283, 'rank': 1, 'fitness': 0.9820137900379085, 'generation': 277}","{'id': 21206, 'rank': 2, 'fitness': 0.9820087653848886, 'generation': 277}","{'id': 21206, 'rank': 3, 'fitness': 0.9820087653848886, 'generation': 277}","{'id': 21206, 'rank': 4, 'fitness': 0.9820087653848886, 'generation': 277}","{'id': 21281, 'rank': 5, 'fitness': 0.9819132439447975, 'generation': 277}","{'id': 21284, 'rank': 6, 'fitness': 0.9818496990509131, 'generation': 277}","{'id': 21212, 'rank': 7, 'fitness': 0.9818441688755648, 'generation': 277}","{'id': 21138, 'rank': 8, 'fitness': 0.9817730271949683, 'generation': 277}","{'id': 21138, 'rank': 9, 'fitness': 0.9817730271949683, 'generation': 277}","{'id': 21182, 'rank': 10, 'fitness': 0.9817216982093704, 'generation': 277}","{'id': 21182, 'rank': 11, 'fitness': 0.9817216982093704, 'generation': 277}","{'id': 21178, 'rank': 12, 'fitness': 0.9817129231723647, 'generation': 277}","{'id': 21178, 'rank': 13, 'fitness': 0.9817129231723647, 'generation': 277}","{'id': 21140, 'rank': 14, 'fitness': 0.9816990329112212, 'generation': 277}","{'id': 21040, 'rank': 15, 'fitness': 0.9816779432907827, 'generation': 277}","{'id': 21166, 'rank': 16, 'fitness': 0.9816346790993074, 'generation': 277}","{'id': 21082, 'rank': 17, 'fitness': 0.9815136313554969, 'generation': 277}","{'id': 21257, 'rank': 18, 'fitness': 0.9813962644828562, 'generation': 277}","{'id': 21136, 'rank': 19, 'fitness': 0.981369775087729, 'generation': 277}","{'id': 21250, 'rank': 20, 'fitness': 0.9810873235781878, 'generation': 277}","{'id': 21209, 'rank': 21, 'fitness': 0.9806682381863814, 'generation': 277}","{'id': 21209, 'rank': 22, 'fitness': 0.9806682381863814, 'generation': 277}","{'id': 21247, 'rank': 23, 'fitness': 0.9806009325555318, 'generation': 277}","{'id': 21277, 'rank': 24, 'fitness': 0.9804556867688425, 'generation': 277}","{'id': 21290, 'rank': 25, 'fitness': 0.980429149216511, 'generation': 277}","{'id': 21236, 'rank': 26, 'fitness': 0.9803523676321455, 'generation': 277}","{'id': 21231, 'rank': 27, 'fitness': 0.9772234478272765, 'generation': 277}","{'id': 21228, 'rank': 28, 'fitness': 0.9767317225387714, 'generation': 277}","{'id': 21241, 'rank': 29, 'fitness': 0.968347239774313, 'generation': 277}","{'id': 21227, 'rank': 30, 'fitness': 0.01798620996209155, 'generation': 277}"
"{'id': 21304, 'rank': 1, 'fitness': 0.9820137900379085, 'generation': 278}","{'id': 21312, 'rank': 2, 'fitness': 0.9816109932645898, 'generation': 278}","{'id': 21206, 'rank': 3, 'fitness': 0.9771489895542234, 'generation': 278}","{'id': 21310, 'rank': 4, 'fitness': 0.971790587586242, 'generation': 278}","{'id': 21310, 'rank': 5, 'fitness': 0.971790587586242, 'generation': 278}","{'id': 21343, 'rank': 6, 'fitness': 0.9697229973396808, 'generation': 278}","{'id': 21343, 'rank': 7, 'fitness': 0.9697229973396808, 'generation': 278}","{'id': 21344, 'rank': 8, 'fitness': 0.9682720219775458, 'generation': 278}","{'id': 21342, 'rank': 9, 'fitness': 0.9650387337754408, 'generation': 278}","{'id': 21340, 'rank': 10, 'fitness': 0.9640425022314046, 'generation': 278}","{'id': 21182, 'rank': 11, 'fitness': 0.9621751676022541, 'generation': 278}","{'id': 21182, 'rank': 12, 'fitness': 0.9621751676022541, 'generation': 278}","{'id': 21182, 'rank': 13, 'fitness': 0.9621751676022541, 'generation': 278}","{'id': 21378, 'rank': 14, 'fitness': 0.962125745939836, 'generation': 278}","{'id': 21178, 'rank': 15, 'fitness': 0.9615977340697586, 'generation': 278}","{'id': 21317, 'rank': 16, 'fitness': 0.9598491036726391, 'generation': 278}","{'id': 21341, 'rank': 17, 'fitness': 0.9592970121307507, 'generation': 278}","{'id': 21357, 'rank': 18, 'fitness': 0.959004943745777, 'generation': 278}","{'id': 21339, 'rank': 19, 'fitness': 0.9584872589166822, 'generation': 278}","{'id': 21375, 'rank': 20, 'fitness': 0.9565868113479112, 'generation': 278}","{'id': 21322, 'rank': 21, 'fitness': 0.9499019370319989, 'generation': 278}","{'id': 21322, 'rank': 22, 'fitness': 0.9499019370319989, 'generation': 278}","{'id': 21295, 'rank': 23, 'fitness': 0.9354032689471559, 'generation': 278}","{'id': 21295, 'rank': 24, 'fitness': 0.9354032689471559, 'generation': 278}","{'id': 21296, 'rank': 25, 'fitness': 0.9347807750823709, 'generation': 278}","{'id': 21257, 'rank': 26, 'fitness': 0.9344407062310509, 'generation': 278}","{'id': 21358, 'rank': 27, 'fitness': 0.8291594680842779, 'generation': 278}","{'id': 21348, 'rank': 28, 'fitness': 0.7984331522089461, 'generation': 278}","{'id': 21299, 'rank': 29, 'fitness': 0.782149302089704, 'generation': 278}","{'id': 21231, 'rank': 30, 'fitness': 0.01798620996209155, 'generation': 278}"
"{'id': 21455, 'rank': 1, 'fitness': 0.9820137900379085, 'generation': 279}","{'id': 21447, 'rank': 2, 'fitness': 0.9752067256904589, 'generation': 279}","{'id': 21206, 'rank': 3, 'fitness': 0.969110996088292, 'generation': 279}","{'id': 21446, 'rank': 4, 'fitness': 0.9677221660048605, 'generation': 279}","{'id': 21343, 'rank': 5, 'fitness': 0.9481664754076431, 'generation': 279}","{'id': 21344, 'rank': 6, 'fitness': 0.9435514823221259, 'generation': 279}","{'id': 21344, 'rank': 7, 'fitness': 0.9435514823221259, 'generation': 279}","{'id': 21342, 'rank': 8, 'fitness': 0.932701093688036, 'generation': 279}","{'id': 21182, 'rank': 9, 'fitness': 0.9224740256350115, 'generation': 279}","{'id': 21378, 'rank': 10, 'fitness': 0.9222926706442867, 'generation': 279}","{'id': 21178, 'rank': 11, 'fitness': 0.9203451308102305, 'generation': 279}","{'id': 21178, 'rank': 12, 'fitness': 0.9203451308102305, 'generation': 279}","{'id': 21460, 'rank': 13, 'fitness': 0.9063519012213015, 'generation': 279}","{'id': 21375, 'rank': 14, 'fitness': 0.9009978773090618, 'generation': 279}","{'id': 21375, 'rank': 15, 'fitness': 0.9009978773090618, 'generation': 279}","{'id': 21322, 'rank': 16, 'fitness': 0.8730212264140247, 'generation': 279}","{'id': 21322, 'rank': 17, 'fitness': 0.8730212264140247, 'generation': 279}","{'id': 21322, 'rank': 18, 'fitness': 0.8730212264140247, 'generation': 279}","{'id': 21440, 'rank': 19, 'fitness': 0.8552295910374603, 'generation': 279}","{'id': 21418, 'rank': 20, 'fitness': 0.8506924530103208, 'generation': 279}","{'id': 21420, 'rank': 21, 'fitness': 0.8153893174614375, 'generation': 279}","{'id': 21408, 'rank': 22, 'fitness': 0.8123847700528908, 'generation': 279}","{'id': 21442, 'rank': 23, 'fitness': 0.6444153348773383, 'generation': 279}","{'id': 21454, 'rank': 24, 'fitness': 0.6269577402941753, 'generation': 279}","{'id': 21441, 'rank': 25, 'fitness': 0.5644231526134694, 'generation': 279}","{'id': 21405, 'rank': 26, 'fitness': 0.48260944068805395, 'generation': 279}","{'id': 21348, 'rank': 27, 'fitness': 0.2699537577427886, 'generation': 279}","{'id': 21391, 'rank': 28, 'fitness': 0.1457378045279089, 'generation': 279}","{'id': 21399, 'rank': 29, 'fitness': 0.12047427599128241, 'generation': 279}","{'id': 21437, 'rank': 30, 'fitness': 0.01798620996209155, 'generation': 279}"
"{'id': 21455, 'rank': 1, 'fitness': 0.9820137900379085, 'generation': 280}","{'id': 21517, 'rank': 2, 'fitness': 0.9812788663287602, 'generation': 280}","{'id': 21515, 'rank': 3, 'fitness': 0.981233754167093, 'generation': 280}","{'id': 21515, 'rank': 4, 'fitness': 0.981233754167093, 'generation': 280}","{'id': 21447, 'rank': 5, 'fitness': 0.9808744568846227, 'generation': 280}","{'id': 21494, 'rank': 6, 'fitness': 0.9796992967767854, 'generation': 280}","{'id': 21344, 'rank': 7, 'fitness': 0.9775576775942405, 'generation': 280}","{'id': 21342, 'rank': 8, 'fitness': 0.9767596179519229, 'generation': 280}","{'id': 21178, 'rank': 9, 'fitness': 0.9759584542490796, 'generation': 280}","{'id': 21488, 'rank': 10, 'fitness': 0.9754301094743644, 'generation': 280}","{'id': 21460, 'rank': 11, 'fitness': 0.9751522711798999, 'generation': 280}","{'id': 21460, 'rank': 12, 'fitness': 0.9751522711798999, 'generation': 280}","{'id': 21375, 'rank': 13, 'fitness': 0.9748661965865627, 'generation': 280}","{'id': 21375, 'rank': 14, 'fitness': 0.9748661965865627, 'generation': 280}","{'id': 21529, 'rank': 15, 'fitness': 0.9700400316392206, 'generation': 280}","{'id': 21442, 'rank': 16, 'fitness': 0.9661086013826661, 'generation': 280}","{'id': 21533, 'rank': 17, 'fitness': 0.9576578443563026, 'generation': 280}","{'id': 21399, 'rank': 18, 'fitness': 0.945693246683462, 'generation': 280}","{'id': 21399, 'rank': 19, 'fitness': 0.945693246683462, 'generation': 280}","{'id': 21484, 'rank': 20, 'fitness': 0.9440465154231141, 'generation': 280}","{'id': 21484, 'rank': 21, 'fitness': 0.9440465154231141, 'generation': 280}","{'id': 21496, 'rank': 22, 'fitness': 0.9438301394481197, 'generation': 280}","{'id': 21496, 'rank': 23, 'fitness': 0.9438301394481197, 'generation': 280}","{'id': 21480, 'rank': 24, 'fitness': 0.8960035385699339, 'generation': 280}","{'id': 21518, 'rank': 25, 'fitness': 0.8651828155589194, 'generation': 280}","{'id': 21512, 'rank': 26, 'fitness': 0.7526787131931907, 'generation': 280}","{'id': 21509, 'rank': 27, 'fitness': 0.714277358441814, 'generation': 280}","{'id': 21541, 'rank': 28, 'fitness': 0.3328782326199352, 'generation': 280}","{'id': 21539, 'rank': 29, 'fitness': 0.20483760061479422, 'generation': 280}","{'id': 21504, 'rank': 30, 'fitness': 0.01798620996209155, 'generation': 280}"
"{'id': 21586, 'rank': 1, 'fitness': 0.9820137900379085, 'generation': 281}","{'id': 21517, 'rank': 2, 'fitness': 0.9818540461910183, 'generation': 281}","{'id': 21515, 'rank': 3, 'fitness': 0.9817882336082886, 'generation': 281}","{'id': 21598, 'rank': 4, 'fitness': 0.9794229147969347, 'generation': 281}","{'id': 21598, 'rank': 5, 'fitness': 0.9794229147969347, 'generation': 281}","{'id': 21613, 'rank': 6, 'fitness': 0.9784306795408874, 'generation': 281}","{'id': 21344, 'rank': 7, 'fitness': 0.9761710466529128, 'generation': 281}","{'id': 21344, 'rank': 8, 'fitness': 0.9761710466529128, 'generation': 281}","{'id': 21344, 'rank': 9, 'fitness': 0.9761710466529128, 'generation': 281}","{'id': 21342, 'rank': 10, 'fitness': 0.9748880332641815, 'generation': 281}","{'id': 21342, 'rank': 11, 'fitness': 0.9748880332641815, 'generation': 281}","{'id': 21585, 'rank': 12, 'fitness': 0.9746888236290956, 'generation': 281}","{'id': 21460, 'rank': 13, 'fitness': 0.9722389357247522, 'generation': 281}","{'id': 21558, 'rank': 14, 'fitness': 0.97209824044275, 'generation': 281}","{'id': 21612, 'rank': 15, 'fitness': 0.9711801228871104, 'generation': 281}","{'id': 21615, 'rank': 16, 'fitness': 0.9692341406136105, 'generation': 281}","{'id': 21610, 'rank': 17, 'fitness': 0.9682442285982535, 'generation': 281}","{'id': 21616, 'rank': 18, 'fitness': 0.9681112591539363, 'generation': 281}","{'id': 21559, 'rank': 19, 'fitness': 0.9677793187048245, 'generation': 281}","{'id': 21576, 'rank': 20, 'fitness': 0.9610283865020897, 'generation': 281}","{'id': 21442, 'rank': 21, 'fitness': 0.9558637660387564, 'generation': 281}","{'id': 21564, 'rank': 22, 'fitness': 0.9487481954991159, 'generation': 281}","{'id': 21399, 'rank': 23, 'fitness': 0.9116883006638502, 'generation': 281}","{'id': 21560, 'rank': 24, 'fitness': 0.8825074262408646, 'generation': 281}","{'id': 21609, 'rank': 25, 'fitness': 0.8750936901552562, 'generation': 281}","{'id': 21609, 'rank': 26, 'fitness': 0.8750936901552562, 'generation': 281}","{'id': 21609, 'rank': 27, 'fitness': 0.8750936901552562, 'generation': 281}","{'id': 21580, 'rank': 28, 'fitness': 0.7694199032038713, 'generation': 281}","{'id': 21608, 'rank': 29, 'fitness': 0.7111020621743489, 'generation': 281}","{'id': 21539, 'rank': 30, 'fitness': 0.01798620996209155, 'generation': 281}"
"{'id': 21689, 'rank': 1, 'fitness': 0.9820137900379085, 'generation': 282}","{'id': 21586, 'rank': 2, 'fitness': 0.979181341225597, 'generation': 282}","{'id': 21517, 'rank': 3, 'fitness': 0.9789654705634834, 'generation': 282}","{'id': 21517, 'rank': 4, 'fitness': 0.9789654705634834, 'generation': 282}","{'id': 21517, 'rank': 5, 'fitness': 0.9789654705634834, 'generation': 282}","{'id': 21517, 'rank': 6, 'fitness': 0.9789654705634834, 'generation': 282}","{'id': 21660, 'rank': 7, 'fitness': 0.9775704628390023, 'generation': 282}","{'id': 21660, 'rank': 8, 'fitness': 0.9775704628390023, 'generation': 282}","{'id': 21647, 'rank': 9, 'fitness': 0.9764555887081943, 'generation': 282}","{'id': 21662, 'rank': 10, 'fitness': 0.9763809573906781, 'generation': 282}","{'id': 21598, 'rank': 11, 'fitness': 0.9756440082674765, 'generation': 282}","{'id': 21649, 'rank': 12, 'fitness': 0.9750012254917493, 'generation': 282}","{'id': 21613, 'rank': 13, 'fitness': 0.9742700275873879, 'generation': 282}","{'id': 21613, 'rank': 14, 'fitness': 0.9742700275873879, 'generation': 282}","{'id': 21682, 'rank': 15, 'fitness': 0.9728540744059011, 'generation': 282}","{'id': 21674, 'rank': 16, 'fitness': 0.9724956158561225, 'generation': 282}","{'id': 21344, 'rank': 17, 'fitness': 0.9711047094944416, 'generation': 282}","{'id': 21342, 'rank': 18, 'fitness': 0.9692864414105515, 'generation': 282}","{'id': 21646, 'rank': 19, 'fitness': 0.9690280795050978, 'generation': 282}","{'id': 21646, 'rank': 20, 'fitness': 0.9690280795050978, 'generation': 282}","{'id': 21663, 'rank': 21, 'fitness': 0.9661460131034771, 'generation': 282}","{'id': 21559, 'rank': 22, 'fitness': 0.9589733952010931, 'generation': 282}","{'id': 21699, 'rank': 23, 'fitness': 0.9585547275478568, 'generation': 282}","{'id': 21679, 'rank': 24, 'fitness': 0.9549595634910122, 'generation': 282}","{'id': 21636, 'rank': 25, 'fitness': 0.9546346821085179, 'generation': 282}","{'id': 21654, 'rank': 26, 'fitness': 0.9497363131885714, 'generation': 282}","{'id': 21564, 'rank': 27, 'fitness': 0.929911903677138, 'generation': 282}","{'id': 21634, 'rank': 28, 'fitness': 0.8872265325748355, 'generation': 282}","{'id': 21623, 'rank': 29, 'fitness': 0.028655210784720275, 'generation': 282}","{'id': 21621, 'rank': 30, 'fitness': 0.01798620996209155, 'generation': 282}"
"{'id': 21745, 'rank': 1, 'fitness': 0.9820137900379085, 'generation': 283}","{'id': 21745, 'rank': 2, 'fitness': 0.9820137900379085, 'generation': 283}","{'id': 21745, 'rank': 3, 'fitness': 0.9820137900379085, 'generation': 283}","{'id': 21745, 'rank': 4, 'fitness': 0.9820137900379085, 'generation': 283}","{'id': 21743, 'rank': 5, 'fitness': 0.9629267432334003, 'generation': 283}","{'id': 21743, 'rank': 6, 'fitness': 0.9629267432334003, 'generation': 283}","{'id': 21586, 'rank': 7, 'fitness': 0.961538069789831, 'generation': 283}","{'id': 21517, 'rank': 8, 'fitness': 0.9595721256868537, 'generation': 283}","{'id': 21517, 'rank': 9, 'fitness': 0.9595721256868537, 'generation': 283}","{'id': 21517, 'rank': 10, 'fitness': 0.9595721256868537, 'generation': 283}","{'id': 21517, 'rank': 11, 'fitness': 0.9595721256868537, 'generation': 283}","{'id': 21775, 'rank': 12, 'fitness': 0.9532046543431472, 'generation': 283}","{'id': 21730, 'rank': 13, 'fitness': 0.9523719536491029, 'generation': 283}","{'id': 21757, 'rank': 14, 'fitness': 0.9483356114492223, 'generation': 283}","{'id': 21755, 'rank': 15, 'fitness': 0.9422308716231561, 'generation': 283}","{'id': 21755, 'rank': 16, 'fitness': 0.9422308716231561, 'generation': 283}","{'id': 21755, 'rank': 17, 'fitness': 0.9422308716231561, 'generation': 283}","{'id': 21777, 'rank': 18, 'fitness': 0.9339149592622537, 'generation': 283}","{'id': 21662, 'rank': 19, 'fitness': 0.9297677462840139, 'generation': 283}","{'id': 21662, 'rank': 20, 'fitness': 0.9297677462840139, 'generation': 283}","{'id': 21758, 'rank': 21, 'fitness': 0.928244533346186, 'generation': 283}","{'id': 21728, 'rank': 22, 'fitness': 0.8734202833383122, 'generation': 283}","{'id': 21707, 'rank': 23, 'fitness': 0.8561680006352899, 'generation': 283}","{'id': 21709, 'rank': 24, 'fitness': 0.8239835055173379, 'generation': 283}","{'id': 21744, 'rank': 25, 'fitness': 0.8211108631422868, 'generation': 283}","{'id': 21724, 'rank': 26, 'fitness': 0.7130410895636534, 'generation': 283}","{'id': 21721, 'rank': 27, 'fitness': 0.6372066965716368, 'generation': 283}","{'id': 21722, 'rank': 28, 'fitness': 0.5541464863463952, 'generation': 283}","{'id': 21559, 'rank': 29, 'fitness': 0.44392470080293406, 'generation': 283}","{'id': 21741, 'rank': 30, 'fitness': 0.01798620996209155, 'generation': 283}"
"{'id': 21745, 'rank': 1, 'fitness': 0.9820137900379085, 'generation': 284}","{'id': 21745, 'rank': 2, 'fitness': 0.9820137900379085, 'generation': 284}","{'id': 21745, 'rank': 3, 'fitness': 0.9820137900379085, 'generation': 284}","{'id': 21841, 'rank': 4, 'fitness': 0.9810731125018008, 'generation': 284}","{'id': 21853, 'rank': 5, 'fitness': 0.9805925933251449, 'generation': 284}","{'id': 21785, 'rank': 6, 'fitness': 0.9803069392123178, 'generation': 284}","{'id': 21852, 'rank': 7, 'fitness': 0.9791715038348574, 'generation': 284}","{'id': 21852, 'rank': 8, 'fitness': 0.9791715038348574, 'generation': 284}","{'id': 21517, 'rank': 9, 'fitness': 0.9791239570335137, 'generation': 284}","{'id': 21517, 'rank': 10, 'fitness': 0.9791239570335137, 'generation': 284}","{'id': 21795, 'rank': 11, 'fitness': 0.9790722047732181, 'generation': 284}","{'id': 21842, 'rank': 12, 'fitness': 0.977211766199162, 'generation': 284}","{'id': 21801, 'rank': 13, 'fitness': 0.9760450132366885, 'generation': 284}","{'id': 21728, 'rank': 14, 'fitness': 0.9739848417442155, 'generation': 284}","{'id': 21788, 'rank': 15, 'fitness': 0.9735800238349306, 'generation': 284}","{'id': 21709, 'rank': 16, 'fitness': 0.9721303279470963, 'generation': 284}","{'id': 21709, 'rank': 17, 'fitness': 0.9721303279470963, 'generation': 284}","{'id': 21796, 'rank': 18, 'fitness': 0.9682313408889905, 'generation': 284}","{'id': 21797, 'rank': 19, 'fitness': 0.9681068494246499, 'generation': 284}","{'id': 21797, 'rank': 20, 'fitness': 0.9681068494246499, 'generation': 284}","{'id': 21851, 'rank': 21, 'fitness': 0.966480776969272, 'generation': 284}","{'id': 21799, 'rank': 22, 'fitness': 0.963124509033183, 'generation': 284}","{'id': 21849, 'rank': 23, 'fitness': 0.9618640494819566, 'generation': 284}","{'id': 21791, 'rank': 24, 'fitness': 0.9607060552984944, 'generation': 284}","{'id': 21820, 'rank': 25, 'fitness': 0.9543458126860124, 'generation': 284}","{'id': 21802, 'rank': 26, 'fitness': 0.9540029052600103, 'generation': 284}","{'id': 21829, 'rank': 27, 'fitness': 0.9122587561994485, 'generation': 284}","{'id': 21821, 'rank': 28, 'fitness': 0.8851577945164999, 'generation': 284}","{'id': 21819, 'rank': 29, 'fitness': 0.8747400947445987, 'generation': 284}","{'id': 21836, 'rank': 30, 'fitness': 0.01798620996209155, 'generation': 284}"
"{'id': 21949, 'rank': 1, 'fitness': 0.9820137900379085, 'generation': 285}","{'id': 21949, 'rank': 2, 'fitness': 0.9820137900379085, 'generation': 285}","{'id': 21745, 'rank': 3, 'fitness': 0.9532596328057873, 'generation': 285}","{'id': 21745, 'rank': 4, 'fitness': 0.9532596328057873, 'generation': 285}","{'id': 21919, 'rank': 5, 'fitness': 0.9464120822879117, 'generation': 285}","{'id': 21952, 'rank': 6, 'fitness': 0.9453124844326664, 'generation': 285}","{'id': 21841, 'rank': 7, 'fitness': 0.9331288654335917, 'generation': 285}","{'id': 21942, 'rank': 8, 'fitness': 0.9207562841028158, 'generation': 285}","{'id': 21943, 'rank': 9, 'fitness': 0.9044784314253176, 'generation': 285}","{'id': 21943, 'rank': 10, 'fitness': 0.9044784314253176, 'generation': 285}","{'id': 21517, 'rank': 11, 'fitness': 0.8704581881095883, 'generation': 285}","{'id': 21517, 'rank': 12, 'fitness': 0.8704581881095883, 'generation': 285}","{'id': 21795, 'rank': 13, 'fitness': 0.8683602717946817, 'generation': 285}","{'id': 21879, 'rank': 14, 'fitness': 0.8252537767694289, 'generation': 285}","{'id': 21868, 'rank': 15, 'fitness': 0.8138983641342505, 'generation': 285}","{'id': 21951, 'rank': 16, 'fitness': 0.7501636011396752, 'generation': 285}","{'id': 21885, 'rank': 17, 'fitness': 0.6810114145094285, 'generation': 285}","{'id': 21885, 'rank': 18, 'fitness': 0.6810114145094285, 'generation': 285}","{'id': 21927, 'rank': 19, 'fitness': 0.6757631165971534, 'generation': 285}","{'id': 21889, 'rank': 20, 'fitness': 0.6692181930935996, 'generation': 285}","{'id': 21877, 'rank': 21, 'fitness': 0.6286326493778965, 'generation': 285}","{'id': 21788, 'rank': 22, 'fitness': 0.5355848916349548, 'generation': 285}","{'id': 21906, 'rank': 23, 'fitness': 0.45164424206682985, 'generation': 285}","{'id': 21906, 'rank': 24, 'fitness': 0.45164424206682985, 'generation': 285}","{'id': 21867, 'rank': 25, 'fitness': 0.4480287849595005, 'generation': 285}","{'id': 21891, 'rank': 26, 'fitness': 0.3730566140746113, 'generation': 285}","{'id': 21907, 'rank': 27, 'fitness': 0.34212055136583075, 'generation': 285}","{'id': 21939, 'rank': 28, 'fitness': 0.2461773889211018, 'generation': 285}","{'id': 21876, 'rank': 29, 'fitness': 0.21304308952172424, 'generation': 285}","{'id': 21820, 'rank': 30, 'fitness': 0.01798620996209155, 'generation': 285}"
"{'id': 22000, 'rank': 1, 'fitness': 0.9820137900379085, 'generation': 286}","{'id': 22000, 'rank': 2, 'fitness': 0.9820137900379085, 'generation': 286}","{'id': 21949, 'rank': 3, 'fitness': 0.9819915563144874, 'generation': 286}","{'id': 21985, 'rank': 4, 'fitness': 0.9819744140789459, 'generation': 286}","{'id': 21985, 'rank': 5, 'fitness': 0.9819744140789459, 'generation': 286}","{'id': 21919, 'rank': 6, 'fitness': 0.9818126130997261, 'generation': 286}","{'id': 21841, 'rank': 7, 'fitness': 0.9817750432965182, 'generation': 286}","{'id': 21943, 'rank': 8, 'fitness': 0.9817130363112883, 'generation': 286}","{'id': 21951, 'rank': 9, 'fitness': 0.9815281627131913, 'generation': 286}","{'id': 21885, 'rank': 10, 'fitness': 0.9814729109476393, 'generation': 286}","{'id': 21927, 'rank': 11, 'fitness': 0.9814690078485284, 'generation': 286}","{'id': 21877, 'rank': 12, 'fitness': 0.9814352233056107, 'generation': 286}","{'id': 21867, 'rank': 13, 'fitness': 0.9813153641740975, 'generation': 286}","{'id': 21939, 'rank': 14, 'fitness': 0.9811658368849708, 'generation': 286}","{'id': 21939, 'rank': 15, 'fitness': 0.9811658368849708, 'generation': 286}","{'id': 21876, 'rank': 16, 'fitness': 0.9811348857668161, 'generation': 286}","{'id': 21991, 'rank': 17, 'fitness': 0.9809821853509735, 'generation': 286}","{'id': 21992, 'rank': 18, 'fitness': 0.9803126394159745, 'generation': 286}","{'id': 21987, 'rank': 19, 'fitness': 0.979596704088203, 'generation': 286}","{'id': 21989, 'rank': 20, 'fitness': 0.9795710230359076, 'generation': 286}","{'id': 21989, 'rank': 21, 'fitness': 0.9795710230359076, 'generation': 286}","{'id': 21982, 'rank': 22, 'fitness': 0.9740489906127252, 'generation': 286}","{'id': 21982, 'rank': 23, 'fitness': 0.9740489906127252, 'generation': 286}","{'id': 22017, 'rank': 24, 'fitness': 0.9738828714149985, 'generation': 286}","{'id': 21959, 'rank': 25, 'fitness': 0.969778916083824, 'generation': 286}","{'id': 22019, 'rank': 26, 'fitness': 0.9663333066172244, 'generation': 286}","{'id': 21957, 'rank': 27, 'fitness': 0.9615788504353431, 'generation': 286}","{'id': 22020, 'rank': 28, 'fitness': 0.9594967856948659, 'generation': 286}","{'id': 21973, 'rank': 29, 'fitness': 0.08330219435416475, 'generation': 286}","{'id': 22006, 'rank': 30, 'fitness': 0.01798620996209155, 'generation': 286}"
"{'id': 22062, 'rank': 1, 'fitness': 0.9820137900379085, 'generation': 287}","{'id': 22058, 'rank': 2, 'fitness': 0.9814516149580995, 'generation': 287}","{'id': 22058, 'rank': 3, 'fitness': 0.9814516149580995, 'generation': 287}","{'id': 22000, 'rank': 4, 'fitness': 0.9811232050588868, 'generation': 287}","{'id': 22000, 'rank': 5, 'fitness': 0.9811232050588868, 'generation': 287}","{'id': 21985, 'rank': 6, 'fitness': 0.9806405360997321, 'generation': 287}","{'id': 22063, 'rank': 7, 'fitness': 0.9797142181457204, 'generation': 287}","{'id': 22105, 'rank': 8, 'fitness': 0.9795956317355305, 'generation': 287}","{'id': 22065, 'rank': 9, 'fitness': 0.9795795160788898, 'generation': 287}","{'id': 22065, 'rank': 10, 'fitness': 0.9795795160788898, 'generation': 287}","{'id': 22039, 'rank': 11, 'fitness': 0.9795540018397317, 'generation': 287}","{'id': 22038, 'rank': 12, 'fitness': 0.978123478533984, 'generation': 287}","{'id': 22041, 'rank': 13, 'fitness': 0.9778959433828927, 'generation': 287}","{'id': 22084, 'rank': 14, 'fitness': 0.976820160412697, 'generation': 287}","{'id': 22087, 'rank': 15, 'fitness': 0.9764461882500006, 'generation': 287}","{'id': 21951, 'rank': 16, 'fitness': 0.9743469808763765, 'generation': 287}","{'id': 22117, 'rank': 17, 'fitness': 0.9735089404216819, 'generation': 287}","{'id': 21927, 'rank': 18, 'fitness': 0.9733888492276959, 'generation': 287}","{'id': 22094, 'rank': 19, 'fitness': 0.9722867015340821, 'generation': 287}","{'id': 22116, 'rank': 20, 'fitness': 0.9721221807199307, 'generation': 287}","{'id': 21867, 'rank': 21, 'fitness': 0.97075044737353, 'generation': 287}","{'id': 22045, 'rank': 22, 'fitness': 0.9704841246170565, 'generation': 287}","{'id': 21939, 'rank': 23, 'fitness': 0.9679633211213732, 'generation': 287}","{'id': 22060, 'rank': 24, 'fitness': 0.9645763117044717, 'generation': 287}","{'id': 22079, 'rank': 25, 'fitness': 0.9643150699335972, 'generation': 287}","{'id': 22107, 'rank': 26, 'fitness': 0.9637730127011512, 'generation': 287}","{'id': 22080, 'rank': 27, 'fitness': 0.9611365209260985, 'generation': 287}","{'id': 22050, 'rank': 28, 'fitness': 0.9277357224278624, 'generation': 287}","{'id': 21982, 'rank': 29, 'fitness': 0.40593921571679437, 'generation': 287}","{'id': 22027, 'rank': 30, 'fitness': 0.01798620996209155, 'generation': 287}"
"{'id': 22128, 'rank': 1, 'fitness': 0.9820137900379085, 'generation': 288}","{'id': 22128, 'rank': 2, 'fitness': 0.9820137900379085, 'generation': 288}","{'id': 22062, 'rank': 3, 'fitness': 0.9765896077942711, 'generation': 288}","{'id': 22058, 'rank': 4, 'fitness': 0.9699403236519056, 'generation': 288}","{'id': 22105, 'rank': 5, 'fitness': 0.9356707702058904, 'generation': 288}","{'id': 22039, 'rank': 6, 'fitness': 0.9346371067995869, 'generation': 288}","{'id': 22039, 'rank': 7, 'fitness': 0.9346371067995869, 'generation': 288}","{'id': 22184, 'rank': 8, 'fitness': 0.933286905440887, 'generation': 288}","{'id': 22194, 'rank': 9, 'fitness': 0.906503374824946, 'generation': 288}","{'id': 22041, 'rank': 10, 'fitness': 0.8815842540191898, 'generation': 288}","{'id': 22149, 'rank': 11, 'fitness': 0.8643436691667298, 'generation': 288}","{'id': 22087, 'rank': 12, 'fitness': 0.8138040504396321, 'generation': 288}","{'id': 22186, 'rank': 13, 'fitness': 0.8097745917615233, 'generation': 288}","{'id': 22151, 'rank': 14, 'fitness': 0.7964971094037084, 'generation': 288}","{'id': 22181, 'rank': 15, 'fitness': 0.7371044546323026, 'generation': 288}","{'id': 21951, 'rank': 16, 'fitness': 0.6808891008726239, 'generation': 288}","{'id': 22168, 'rank': 17, 'fitness': 0.660753387009893, 'generation': 288}","{'id': 22147, 'rank': 18, 'fitness': 0.6461242019340699, 'generation': 288}","{'id': 22180, 'rank': 19, 'fitness': 0.6379404615810884, 'generation': 288}","{'id': 22183, 'rank': 20, 'fitness': 0.6303311105401902, 'generation': 288}","{'id': 22117, 'rank': 21, 'fitness': 0.6195063058301785, 'generation': 288}","{'id': 21927, 'rank': 22, 'fitness': 0.6104935846403314, 'generation': 288}","{'id': 21927, 'rank': 23, 'fitness': 0.6104935846403314, 'generation': 288}","{'id': 21867, 'rank': 24, 'fitness': 0.4140317279940558, 'generation': 288}","{'id': 22158, 'rank': 25, 'fitness': 0.3890689056914091, 'generation': 288}","{'id': 22166, 'rank': 26, 'fitness': 0.20920425554340016, 'generation': 288}","{'id': 22178, 'rank': 27, 'fitness': 0.0855286142015857, 'generation': 288}","{'id': 22189, 'rank': 28, 'fitness': 0.06965632303600944, 'generation': 288}","{'id': 22139, 'rank': 29, 'fitness': 0.05872828144249159, 'generation': 288}","{'id': 22188, 'rank': 30, 'fitness': 0.01798620996209155, 'generation': 288}"
"{'id': 22128, 'rank': 1, 'fitness': 0.9820137900379085, 'generation': 289}","{'id': 22062, 'rank': 2, 'fitness': 0.9819447252016318, 'generation': 289}","{'id': 22058, 'rank': 3, 'fitness': 0.9818785683579623, 'generation': 289}","{'id': 22223, 'rank': 4, 'fitness': 0.9818000108752222, 'generation': 289}","{'id': 22105, 'rank': 5, 'fitness': 0.9816718081078564, 'generation': 289}","{'id': 22039, 'rank': 6, 'fitness': 0.9816673596889137, 'generation': 289}","{'id': 22039, 'rank': 7, 'fitness': 0.9816673596889137, 'generation': 289}","{'id': 22039, 'rank': 8, 'fitness': 0.9816673596889137, 'generation': 289}","{'id': 22220, 'rank': 9, 'fitness': 0.981664298136163, 'generation': 289}","{'id': 22220, 'rank': 10, 'fitness': 0.981664298136163, 'generation': 289}","{'id': 22184, 'rank': 11, 'fitness': 0.9816616450029174, 'generation': 289}","{'id': 22184, 'rank': 12, 'fitness': 0.9816616450029174, 'generation': 289}","{'id': 22186, 'rank': 13, 'fitness': 0.981348428908901, 'generation': 289}","{'id': 22151, 'rank': 14, 'fitness': 0.9813261171062972, 'generation': 289}","{'id': 21951, 'rank': 15, 'fitness': 0.9811641984922106, 'generation': 289}","{'id': 22180, 'rank': 16, 'fitness': 0.9811128236535165, 'generation': 289}","{'id': 21927, 'rank': 17, 'fitness': 0.9810813421966518, 'generation': 289}","{'id': 21927, 'rank': 18, 'fitness': 0.9810813421966518, 'generation': 289}","{'id': 22189, 'rank': 19, 'fitness': 0.9802450576804909, 'generation': 289}","{'id': 22139, 'rank': 20, 'fitness': 0.9801937872661053, 'generation': 289}","{'id': 22233, 'rank': 21, 'fitness': 0.980074595145539, 'generation': 289}","{'id': 22211, 'rank': 22, 'fitness': 0.9796101185509409, 'generation': 289}","{'id': 22226, 'rank': 23, 'fitness': 0.9735255043214379, 'generation': 289}","{'id': 22252, 'rank': 24, 'fitness': 0.9693903649364146, 'generation': 289}","{'id': 22239, 'rank': 25, 'fitness': 0.9585846523388082, 'generation': 289}","{'id': 22259, 'rank': 26, 'fitness': 0.8760221325999212, 'generation': 289}","{'id': 22230, 'rank': 27, 'fitness': 0.5571881103281023, 'generation': 289}","{'id': 22230, 'rank': 28, 'fitness': 0.5571881103281023, 'generation': 289}","{'id': 22206, 'rank': 29, 'fitness': 0.37110191105174867, 'generation': 289}","{'id': 22204, 'rank': 30, 'fitness': 0.01798620996209155, 'generation': 289}"
"{'id': 22128, 'rank': 1, 'fitness': 0.9820137900379085, 'generation': 290}","{'id': 22128, 'rank': 2, 'fitness': 0.9820137900379085, 'generation': 290}","{'id': 22128, 'rank': 3, 'fitness': 0.9820137900379085, 'generation': 290}","{'id': 22062, 'rank': 4, 'fitness': 0.9809727643547406, 'generation': 290}","{'id': 22223, 'rank': 5, 'fitness': 0.9786108258605344, 'generation': 290}","{'id': 22276, 'rank': 6, 'fitness': 0.9770825590554943, 'generation': 290}","{'id': 22276, 'rank': 7, 'fitness': 0.9770825590554943, 'generation': 290}","{'id': 22275, 'rank': 8, 'fitness': 0.9768268568947085, 'generation': 290}","{'id': 22335, 'rank': 9, 'fitness': 0.9765599497454245, 'generation': 290}","{'id': 22308, 'rank': 10, 'fitness': 0.9763053221461996, 'generation': 290}","{'id': 22105, 'rank': 11, 'fitness': 0.9762984289165626, 'generation': 290}","{'id': 22105, 'rank': 12, 'fitness': 0.9762984289165626, 'generation': 290}","{'id': 22105, 'rank': 13, 'fitness': 0.9762984289165626, 'generation': 290}","{'id': 22277, 'rank': 14, 'fitness': 0.9762018177098007, 'generation': 290}","{'id': 22220, 'rank': 15, 'fitness': 0.9761561738504944, 'generation': 290}","{'id': 22311, 'rank': 16, 'fitness': 0.9742858855039688, 'generation': 290}","{'id': 22338, 'rank': 17, 'fitness': 0.9737258855321866, 'generation': 290}","{'id': 22338, 'rank': 18, 'fitness': 0.9737258855321866, 'generation': 290}","{'id': 22336, 'rank': 19, 'fitness': 0.9732176087541737, 'generation': 290}","{'id': 22298, 'rank': 20, 'fitness': 0.9726357963926182, 'generation': 290}","{'id': 22331, 'rank': 21, 'fitness': 0.9662018402494007, 'generation': 290}","{'id': 22314, 'rank': 22, 'fitness': 0.9635899025877691, 'generation': 290}","{'id': 22334, 'rank': 23, 'fitness': 0.960669643679061, 'generation': 290}","{'id': 22334, 'rank': 24, 'fitness': 0.960669643679061, 'generation': 290}","{'id': 22299, 'rank': 25, 'fitness': 0.9595507991945162, 'generation': 290}","{'id': 22284, 'rank': 26, 'fitness': 0.9492004158440945, 'generation': 290}","{'id': 22286, 'rank': 27, 'fitness': 0.9212939548221029, 'generation': 290}","{'id': 22270, 'rank': 28, 'fitness': 0.8699542114216103, 'generation': 290}","{'id': 22340, 'rank': 29, 'fitness': 0.025639464196814454, 'generation': 290}","{'id': 22252, 'rank': 30, 'fitness': 0.01798620996209155, 'generation': 290}"
"{'id': 22403, 'rank': 1, 'fitness': 0.9820137900379085, 'generation': 291}","{'id': 22128, 'rank': 2, 'fitness': 0.9594812986306297, 'generation': 291}","{'id': 22128, 'rank': 3, 'fitness': 0.9594812986306297, 'generation': 291}","{'id': 22368, 'rank': 4, 'fitness': 0.9122463268039063, 'generation': 291}","{'id': 22393, 'rank': 5, 'fitness': 0.8993416208535717, 'generation': 291}","{'id': 22223, 'rank': 6, 'fitness': 0.8382760368337676, 'generation': 291}","{'id': 22366, 'rank': 7, 'fitness': 0.8294908018595604, 'generation': 291}","{'id': 22391, 'rank': 8, 'fitness': 0.7236759971595906, 'generation': 291}","{'id': 22275, 'rank': 9, 'fitness': 0.7193494315616653, 'generation': 291}","{'id': 22308, 'rank': 10, 'fitness': 0.6781651751240971, 'generation': 291}","{'id': 22378, 'rank': 11, 'fitness': 0.4650807643525593, 'generation': 291}","{'id': 22338, 'rank': 12, 'fitness': 0.45870951379970093, 'generation': 291}","{'id': 22409, 'rank': 13, 'fitness': 0.4047955524581484, 'generation': 291}","{'id': 22399, 'rank': 14, 'fitness': 0.3954715799325069, 'generation': 291}","{'id': 22405, 'rank': 15, 'fitness': 0.3488710683298273, 'generation': 291}","{'id': 22414, 'rank': 16, 'fitness': 0.30309951358160936, 'generation': 291}","{'id': 22376, 'rank': 17, 'fitness': 0.29392326308644073, 'generation': 291}","{'id': 22374, 'rank': 18, 'fitness': 0.17527022138577397, 'generation': 291}","{'id': 22389, 'rank': 19, 'fitness': 0.17456604854170915, 'generation': 291}","{'id': 22410, 'rank': 20, 'fitness': 0.15484433938810654, 'generation': 291}","{'id': 22352, 'rank': 21, 'fitness': 0.10782548318430901, 'generation': 291}","{'id': 22352, 'rank': 22, 'fitness': 0.10782548318430901, 'generation': 291}","{'id': 22380, 'rank': 23, 'fitness': 0.0887206983272456, 'generation': 291}","{'id': 22360, 'rank': 24, 'fitness': 0.07519694795118503, 'generation': 291}","{'id': 22314, 'rank': 25, 'fitness': 0.044800683974956235, 'generation': 291}","{'id': 22415, 'rank': 26, 'fitness': 0.03575839264278263, 'generation': 291}","{'id': 22365, 'rank': 27, 'fitness': 0.03195112267695671, 'generation': 291}","{'id': 22347, 'rank': 28, 'fitness': 0.0198284471203643, 'generation': 291}","{'id': 22299, 'rank': 29, 'fitness': 0.01798620996209155, 'generation': 291}","{'id': 22299, 'rank': 30, 'fitness': 0.01798620996209155, 'generation': 291}"
"{'id': 22403, 'rank': 1, 'fitness': 0.9820137900379085, 'generation': 292}","{'id': 22450, 'rank': 2, 'fitness': 0.9819474720599637, 'generation': 292}","{'id': 22128, 'rank': 3, 'fitness': 0.9819253765128075, 'generation': 292}","{'id': 22128, 'rank': 4, 'fitness': 0.9819253765128075, 'generation': 292}","{'id': 22128, 'rank': 5, 'fitness': 0.9819253765128075, 'generation': 292}","{'id': 22393, 'rank': 6, 'fitness': 0.9818216775245016, 'generation': 292}","{'id': 22393, 'rank': 7, 'fitness': 0.9818216775245016, 'generation': 292}","{'id': 22223, 'rank': 8, 'fitness': 0.9817634965089279, 'generation': 292}","{'id': 22366, 'rank': 9, 'fitness': 0.9817567062798707, 'generation': 292}","{'id': 22275, 'rank': 10, 'fitness': 0.9816879744070571, 'generation': 292}","{'id': 22338, 'rank': 11, 'fitness': 0.9815686606187719, 'generation': 292}","{'id': 22338, 'rank': 12, 'fitness': 0.9815686606187719, 'generation': 292}","{'id': 22409, 'rank': 13, 'fitness': 0.9815448549727477, 'generation': 292}","{'id': 22376, 'rank': 14, 'fitness': 0.9814916251141046, 'generation': 292}","{'id': 22424, 'rank': 15, 'fitness': 0.9814255796490046, 'generation': 292}","{'id': 22389, 'rank': 16, 'fitness': 0.9814179440995221, 'generation': 292}","{'id': 22410, 'rank': 17, 'fitness': 0.9814022946698528, 'generation': 292}","{'id': 22352, 'rank': 18, 'fitness': 0.9813568476283112, 'generation': 292}","{'id': 22314, 'rank': 19, 'fitness': 0.9812530448143, 'generation': 292}","{'id': 22415, 'rank': 20, 'fitness': 0.9812272013194265, 'generation': 292}","{'id': 22365, 'rank': 21, 'fitness': 0.9812143669351917, 'generation': 292}","{'id': 22299, 'rank': 22, 'fitness': 0.9811493656556559, 'generation': 292}","{'id': 22299, 'rank': 23, 'fitness': 0.9811493656556559, 'generation': 292}","{'id': 22458, 'rank': 24, 'fitness': 0.9644306729270009, 'generation': 292}","{'id': 22448, 'rank': 25, 'fitness': 0.9103078344288451, 'generation': 292}","{'id': 22442, 'rank': 26, 'fitness': 0.882645464939108, 'generation': 292}","{'id': 22444, 'rank': 27, 'fitness': 0.8581751903638384, 'generation': 292}","{'id': 22443, 'rank': 28, 'fitness': 0.8237323566514925, 'generation': 292}","{'id': 22436, 'rank': 29, 'fitness': 0.030288979382516956, 'generation': 292}","{'id': 22454, 'rank': 30, 'fitness': 0.01798620996209155, 'generation': 292}"
"{'id': 22403, 'rank': 1, 'fitness': 0.9820137900379085, 'generation': 293}","{'id': 22128, 'rank': 2, 'fitness': 0.9631409737893899, 'generation': 293}","{'id': 22128, 'rank': 3, 'fitness': 0.9631409737893899, 'generation': 293}","{'id': 22513, 'rank': 4, 'fitness': 0.9294190140345181, 'generation': 293}","{'id': 22466, 'rank': 5, 'fitness': 0.92630018921674, 'generation': 293}","{'id': 22466, 'rank': 6, 'fitness': 0.92630018921674, 'generation': 293}","{'id': 22502, 'rank': 7, 'fitness': 0.9198455405975499, 'generation': 293}","{'id': 22510, 'rank': 8, 'fitness': 0.9182622997656438, 'generation': 293}","{'id': 22393, 'rank': 9, 'fitness': 0.9170781489084838, 'generation': 293}","{'id': 22543, 'rank': 10, 'fitness': 0.9064455294822633, 'generation': 293}","{'id': 22462, 'rank': 11, 'fitness': 0.8757100022339035, 'generation': 293}","{'id': 22463, 'rank': 12, 'fitness': 0.8742360082535148, 'generation': 293}","{'id': 22223, 'rank': 13, 'fitness': 0.8724726401539502, 'generation': 293}","{'id': 22366, 'rank': 14, 'fitness': 0.8661158676853272, 'generation': 293}","{'id': 22366, 'rank': 15, 'fitness': 0.8661158676853272, 'generation': 293}","{'id': 22512, 'rank': 16, 'fitness': 0.8423522181997749, 'generation': 293}","{'id': 22488, 'rank': 17, 'fitness': 0.7872792751100554, 'generation': 293}","{'id': 22467, 'rank': 18, 'fitness': 0.7863007448780773, 'generation': 293}","{'id': 22506, 'rank': 19, 'fitness': 0.7659038080188194, 'generation': 293}","{'id': 22470, 'rank': 20, 'fitness': 0.7058114979412645, 'generation': 293}","{'id': 22487, 'rank': 21, 'fitness': 0.600652445559348, 'generation': 293}","{'id': 22338, 'rank': 22, 'fitness': 0.5806586031925673, 'generation': 293}","{'id': 22338, 'rank': 23, 'fitness': 0.5806586031925673, 'generation': 293}","{'id': 22486, 'rank': 24, 'fitness': 0.3521957917569321, 'generation': 293}","{'id': 22486, 'rank': 25, 'fitness': 0.3521957917569321, 'generation': 293}","{'id': 22537, 'rank': 26, 'fitness': 0.20486545080212598, 'generation': 293}","{'id': 22352, 'rank': 27, 'fitness': 0.19900016168251733, 'generation': 293}","{'id': 22539, 'rank': 28, 'fitness': 0.1297157706586975, 'generation': 293}","{'id': 22531, 'rank': 29, 'fitness': 0.03512408821591967, 'generation': 293}","{'id': 22541, 'rank': 30, 'fitness': 0.01798620996209155, 'generation': 293}"
"{'id': 22606, 'rank': 1, 'fitness': 0.9820137900379085, 'generation': 294}","{'id': 22128, 'rank': 2, 'fitness': 0.979807403853094, 'generation': 294}","{'id': 22128, 'rank': 3, 'fitness': 0.979807403853094, 'generation': 294}","{'id': 22605, 'rank': 4, 'fitness': 0.9780924213250062, 'generation': 294}","{'id': 22513, 'rank': 5, 'fitness': 0.9754158837030156, 'generation': 294}","{'id': 22513, 'rank': 6, 'fitness': 0.9754158837030156, 'generation': 294}","{'id': 22510, 'rank': 7, 'fitness': 0.9742720782320293, 'generation': 294}","{'id': 22462, 'rank': 8, 'fitness': 0.9706047223658348, 'generation': 294}","{'id': 22463, 'rank': 9, 'fitness': 0.9704916014087905, 'generation': 294}","{'id': 22463, 'rank': 10, 'fitness': 0.9704916014087905, 'generation': 294}","{'id': 22223, 'rank': 11, 'fitness': 0.9703572088649868, 'generation': 294}","{'id': 22488, 'rank': 12, 'fitness': 0.9647020101718995, 'generation': 294}","{'id': 22488, 'rank': 13, 'fitness': 0.9647020101718995, 'generation': 294}","{'id': 22610, 'rank': 14, 'fitness': 0.9590349755073194, 'generation': 294}","{'id': 22338, 'rank': 15, 'fitness': 0.9534359609465867, 'generation': 294}","{'id': 22486, 'rank': 16, 'fitness': 0.9396113089892592, 'generation': 294}","{'id': 22486, 'rank': 17, 'fitness': 0.9396113089892592, 'generation': 294}","{'id': 22565, 'rank': 18, 'fitness': 0.9366851333859515, 'generation': 294}","{'id': 22537, 'rank': 19, 'fitness': 0.9258991095983957, 'generation': 294}","{'id': 22537, 'rank': 20, 'fitness': 0.9258991095983957, 'generation': 294}","{'id': 22352, 'rank': 21, 'fitness': 0.9251623174099475, 'generation': 294}","{'id': 22563, 'rank': 22, 'fitness': 0.9112338386581154, 'generation': 294}","{'id': 22569, 'rank': 23, 'fitness': 0.3556958463907226, 'generation': 294}","{'id': 22549, 'rank': 24, 'fitness': 0.1708596010582466, 'generation': 294}","{'id': 22558, 'rank': 25, 'fitness': 0.1591535271188267, 'generation': 294}","{'id': 22577, 'rank': 26, 'fitness': 0.04002898026176854, 'generation': 294}","{'id': 22577, 'rank': 27, 'fitness': 0.04002898026176854, 'generation': 294}","{'id': 22600, 'rank': 28, 'fitness': 0.03828868883068792, 'generation': 294}","{'id': 22579, 'rank': 29, 'fitness': 0.021343983119802235, 'generation': 294}","{'id': 22580, 'rank': 30, 'fitness': 0.01798620996209155, 'generation': 294}"
"{'id': 22655, 'rank': 1, 'fitness': 0.9820137900379085, 'generation': 295}","{'id': 22128, 'rank': 2, 'fitness': 0.9809930570457998, 'generation': 295}","{'id': 22513, 'rank': 3, 'fitness': 0.9769990674229115, 'generation': 295}","{'id': 22462, 'rank': 4, 'fitness': 0.9726464399771053, 'generation': 295}","{'id': 22463, 'rank': 5, 'fitness': 0.9725443489695955, 'generation': 295}","{'id': 22223, 'rank': 6, 'fitness': 0.9724230742364706, 'generation': 295}","{'id': 22670, 'rank': 7, 'fitness': 0.9718087888767345, 'generation': 295}","{'id': 22670, 'rank': 8, 'fitness': 0.9718087888767345, 'generation': 295}","{'id': 22656, 'rank': 9, 'fitness': 0.9704740562893635, 'generation': 295}","{'id': 22656, 'rank': 10, 'fitness': 0.9704740562893635, 'generation': 295}","{'id': 22668, 'rank': 11, 'fitness': 0.970235602409758, 'generation': 295}","{'id': 22488, 'rank': 12, 'fitness': 0.9673323551287138, 'generation': 295}","{'id': 22647, 'rank': 13, 'fitness': 0.9670926904162135, 'generation': 295}","{'id': 22631, 'rank': 14, 'fitness': 0.9657915913104972, 'generation': 295}","{'id': 22610, 'rank': 15, 'fitness': 0.9622520592339214, 'generation': 295}","{'id': 22650, 'rank': 16, 'fitness': 0.959957225499507, 'generation': 295}","{'id': 22650, 'rank': 17, 'fitness': 0.959957225499507, 'generation': 295}","{'id': 22338, 'rank': 18, 'fitness': 0.9572495455796998, 'generation': 295}","{'id': 22642, 'rank': 19, 'fitness': 0.9564830240154798, 'generation': 295}","{'id': 22622, 'rank': 20, 'fitness': 0.9535265953214769, 'generation': 295}","{'id': 22486, 'rank': 21, 'fitness': 0.9449518948131158, 'generation': 295}","{'id': 22669, 'rank': 22, 'fitness': 0.9343680928846017, 'generation': 295}","{'id': 22666, 'rank': 23, 'fitness': 0.9302853458081455, 'generation': 295}","{'id': 22652, 'rank': 24, 'fitness': 0.9228477292939519, 'generation': 295}","{'id': 22652, 'rank': 25, 'fitness': 0.9228477292939519, 'generation': 295}","{'id': 22665, 'rank': 26, 'fitness': 0.9076991551573919, 'generation': 295}","{'id': 22674, 'rank': 27, 'fitness': 0.699417773753975, 'generation': 295}","{'id': 22661, 'rank': 28, 'fitness': 0.5953580641815924, 'generation': 295}","{'id': 22558, 'rank': 29, 'fitness': 0.19393823480406058, 'generation': 295}","{'id': 22639, 'rank': 30, 'fitness': 0.01798620996209155, 'generation': 295}"
"{'id': 22743, 'rank': 1, 'fitness': 0.9820137900379085, 'generation': 296}","{'id': 22743, 'rank': 2, 'fitness': 0.9820137900379085, 'generation': 296}","{'id': 22655, 'rank': 3, 'fitness': 0.9803577332432563, 'generation': 296}","{'id': 22715, 'rank': 4, 'fitness': 0.9778960683133231, 'generation': 296}","{'id': 22709, 'rank': 5, 'fitness': 0.9713623118485765, 'generation': 296}","{'id': 22728, 'rank': 6, 'fitness': 0.9607389703088235, 'generation': 296}","{'id': 22463, 'rank': 7, 'fitness': 0.9604754920690979, 'generation': 296}","{'id': 22463, 'rank': 8, 'fitness': 0.9604754920690979, 'generation': 296}","{'id': 22740, 'rank': 9, 'fitness': 0.9562651282469495, 'generation': 296}","{'id': 22668, 'rank': 10, 'fitness': 0.9548791680260116, 'generation': 296}","{'id': 22668, 'rank': 11, 'fitness': 0.9548791680260116, 'generation': 296}","{'id': 22742, 'rank': 12, 'fitness': 0.9502686064029051, 'generation': 296}","{'id': 22488, 'rank': 13, 'fitness': 0.9474709281172333, 'generation': 296}","{'id': 22693, 'rank': 14, 'fitness': 0.9321733165127278, 'generation': 296}","{'id': 22755, 'rank': 15, 'fitness': 0.9271762183007759, 'generation': 296}","{'id': 22650, 'rank': 16, 'fitness': 0.926971266761836, 'generation': 296}","{'id': 22338, 'rank': 17, 'fitness': 0.9189022873188731, 'generation': 296}","{'id': 22736, 'rank': 18, 'fitness': 0.9183177811851986, 'generation': 296}","{'id': 22642, 'rank': 19, 'fitness': 0.9165699476221003, 'generation': 296}","{'id': 22737, 'rank': 20, 'fitness': 0.8987898722396513, 'generation': 296}","{'id': 22760, 'rank': 21, 'fitness': 0.8714595041268335, 'generation': 296}","{'id': 22739, 'rank': 22, 'fitness': 0.8370253009044233, 'generation': 296}","{'id': 22725, 'rank': 23, 'fitness': 0.8317077764615436, 'generation': 296}","{'id': 22758, 'rank': 24, 'fitness': 0.8179027805381054, 'generation': 296}","{'id': 22695, 'rank': 25, 'fitness': 0.7530906110969613, 'generation': 296}","{'id': 22665, 'rank': 26, 'fitness': 0.7424519048820531, 'generation': 296}","{'id': 22690, 'rank': 27, 'fitness': 0.6328153066634605, 'generation': 296}","{'id': 22733, 'rank': 28, 'fitness': 0.6187902318976413, 'generation': 296}","{'id': 22732, 'rank': 29, 'fitness': 0.40151483282593625, 'generation': 296}","{'id': 22726, 'rank': 30, 'fitness': 0.01798620996209155, 'generation': 296}"
"{'id': 22743, 'rank': 1, 'fitness': 0.9820137900379085, 'generation': 297}","{'id': 22772, 'rank': 2, 'fitness': 0.980705499492555, 'generation': 297}","{'id': 22782, 'rank': 3, 'fitness': 0.9806926820561053, 'generation': 297}","{'id': 22715, 'rank': 4, 'fitness': 0.980364960662898, 'generation': 297}","{'id': 22715, 'rank': 5, 'fitness': 0.980364960662898, 'generation': 297}","{'id': 22769, 'rank': 6, 'fitness': 0.9777701937455303, 'generation': 297}","{'id': 22463, 'rank': 7, 'fitness': 0.974815016675433, 'generation': 297}","{'id': 22463, 'rank': 8, 'fitness': 0.974815016675433, 'generation': 297}","{'id': 22668, 'rank': 9, 'fitness': 0.9733315162974643, 'generation': 297}","{'id': 22755, 'rank': 10, 'fitness': 0.9671151117180002, 'generation': 297}","{'id': 22650, 'rank': 11, 'fitness': 0.9670741163289116, 'generation': 297}","{'id': 22838, 'rank': 12, 'fitness': 0.9668790589383601, 'generation': 297}","{'id': 22771, 'rank': 13, 'fitness': 0.9650498358854123, 'generation': 297}","{'id': 22771, 'rank': 14, 'fitness': 0.9650498358854123, 'generation': 297}","{'id': 22777, 'rank': 15, 'fitness': 0.9611057399476144, 'generation': 297}","{'id': 22739, 'rank': 16, 'fitness': 0.9523708623879119, 'generation': 297}","{'id': 22695, 'rank': 17, 'fitness': 0.9412582213763474, 'generation': 297}","{'id': 22665, 'rank': 18, 'fitness': 0.9399186225644994, 'generation': 297}","{'id': 22665, 'rank': 19, 'fitness': 0.9399186225644994, 'generation': 297}","{'id': 22665, 'rank': 20, 'fitness': 0.9399186225644994, 'generation': 297}","{'id': 22776, 'rank': 21, 'fitness': 0.9028392814023601, 'generation': 297}","{'id': 22732, 'rank': 22, 'fitness': 0.8938365955948023, 'generation': 297}","{'id': 22815, 'rank': 23, 'fitness': 0.872367665015372, 'generation': 297}","{'id': 22815, 'rank': 24, 'fitness': 0.872367665015372, 'generation': 297}","{'id': 22815, 'rank': 25, 'fitness': 0.872367665015372, 'generation': 297}","{'id': 22786, 'rank': 26, 'fitness': 0.861521051064663, 'generation': 297}","{'id': 22833, 'rank': 27, 'fitness': 0.8575453549206964, 'generation': 297}","{'id': 22813, 'rank': 28, 'fitness': 0.7857000235202074, 'generation': 297}","{'id': 22835, 'rank': 29, 'fitness': 0.7048713210617308, 'generation': 297}","{'id': 22810, 'rank': 30, 'fitness': 0.01798620996209155, 'generation': 297}"
"{'id': 22883, 'rank': 1, 'fitness': 0.9820137900379085, 'generation': 298}","{'id': 22743, 'rank': 2, 'fitness': 0.9768085095382112, 'generation': 298}","{'id': 22743, 'rank': 3, 'fitness': 0.9768085095382112, 'generation': 298}","{'id': 22852, 'rank': 4, 'fitness': 0.9760934444585772, 'generation': 298}","{'id': 22782, 'rank': 5, 'fitness': 0.9755589451633322, 'generation': 298}","{'id': 22895, 'rank': 6, 'fitness': 0.97538904915237, 'generation': 298}","{'id': 22867, 'rank': 7, 'fitness': 0.9740795862834732, 'generation': 298}","{'id': 22893, 'rank': 8, 'fitness': 0.9739424749510794, 'generation': 298}","{'id': 22769, 'rank': 9, 'fitness': 0.972870053695954, 'generation': 298}","{'id': 22882, 'rank': 10, 'fitness': 0.971661558988995, 'generation': 298}","{'id': 22865, 'rank': 11, 'fitness': 0.9703882972161373, 'generation': 298}","{'id': 22463, 'rank': 12, 'fitness': 0.970242279906874, 'generation': 298}","{'id': 22463, 'rank': 13, 'fitness': 0.970242279906874, 'generation': 298}","{'id': 22463, 'rank': 14, 'fitness': 0.970242279906874, 'generation': 298}","{'id': 22906, 'rank': 15, 'fitness': 0.966139067361484, 'generation': 298}","{'id': 22894, 'rank': 16, 'fitness': 0.9655932201269078, 'generation': 298}","{'id': 22853, 'rank': 17, 'fitness': 0.9653737059864027, 'generation': 298}","{'id': 22905, 'rank': 18, 'fitness': 0.962978175309471, 'generation': 298}","{'id': 22771, 'rank': 19, 'fitness': 0.9620598385747772, 'generation': 298}","{'id': 22899, 'rank': 20, 'fitness': 0.9484478245515797, 'generation': 298}","{'id': 22899, 'rank': 21, 'fitness': 0.9484478245515797, 'generation': 298}","{'id': 22881, 'rank': 22, 'fitness': 0.9299924713725054, 'generation': 298}","{'id': 22859, 'rank': 23, 'fitness': 0.924409899064516, 'generation': 298}","{'id': 22845, 'rank': 24, 'fitness': 0.9037555476598051, 'generation': 298}","{'id': 22815, 'rank': 25, 'fitness': 0.8996949861912693, 'generation': 298}","{'id': 22815, 'rank': 26, 'fitness': 0.8996949861912693, 'generation': 298}","{'id': 22885, 'rank': 27, 'fitness': 0.857411401467074, 'generation': 298}","{'id': 22909, 'rank': 28, 'fitness': 0.826707239499916, 'generation': 298}","{'id': 22843, 'rank': 29, 'fitness': 0.4632917891340223, 'generation': 298}","{'id': 22880, 'rank': 30, 'fitness': 0.01798620996209155, 'generation': 298}"
"{'id': 22988, 'rank': 1, 'fitness': 0.9820137900379085, 'generation': 299}","{'id': 22989, 'rank': 2, 'fitness': 0.9817941772917874, 'generation': 299}","{'id': 22743, 'rank': 3, 'fitness': 0.9737185932970426, 'generation': 299}","{'id': 22934, 'rank': 4, 'fitness': 0.9728683136744414, 'generation': 299}","{'id': 22782, 'rank': 5, 'fitness': 0.9721722164898361, 'generation': 299}","{'id': 22865, 'rank': 6, 'fitness': 0.9657070917204835, 'generation': 299}","{'id': 22980, 'rank': 7, 'fitness': 0.965533231515367, 'generation': 299}","{'id': 22463, 'rank': 8, 'fitness': 0.9655231074730741, 'generation': 299}","{'id': 22927, 'rank': 9, 'fitness': 0.965001661908605, 'generation': 299}","{'id': 22932, 'rank': 10, 'fitness': 0.9618817066206061, 'generation': 299}","{'id': 22981, 'rank': 11, 'fitness': 0.9603369620382542, 'generation': 299}","{'id': 22906, 'rank': 12, 'fitness': 0.9603250562541661, 'generation': 299}","{'id': 22906, 'rank': 13, 'fitness': 0.9603250562541661, 'generation': 299}","{'id': 22906, 'rank': 14, 'fitness': 0.9603250562541661, 'generation': 299}","{'id': 22894, 'rank': 15, 'fitness': 0.9596297374969991, 'generation': 299}","{'id': 22947, 'rank': 16, 'fitness': 0.959224815490771, 'generation': 299}","{'id': 22948, 'rank': 17, 'fitness': 0.9573427849052025, 'generation': 299}","{'id': 22931, 'rank': 18, 'fitness': 0.9545644628206027, 'generation': 299}","{'id': 22911, 'rank': 19, 'fitness': 0.9542051092719845, 'generation': 299}","{'id': 22949, 'rank': 20, 'fitness': 0.9496841317855904, 'generation': 299}","{'id': 22973, 'rank': 21, 'fitness': 0.9404626705382728, 'generation': 299}","{'id': 22925, 'rank': 22, 'fitness': 0.9058643761130998, 'generation': 299}","{'id': 22976, 'rank': 23, 'fitness': 0.8802324243813333, 'generation': 299}","{'id': 22958, 'rank': 24, 'fitness': 0.8797565767475395, 'generation': 299}","{'id': 22959, 'rank': 25, 'fitness': 0.8534596371848386, 'generation': 299}","{'id': 22977, 'rank': 26, 'fitness': 0.8521341600480179, 'generation': 299}","{'id': 22940, 'rank': 27, 'fitness': 0.7620580084083293, 'generation': 299}","{'id': 22843, 'rank': 28, 'fitness': 0.3458832875720362, 'generation': 299}","{'id': 22974, 'rank': 29, 'fitness': 0.11401462124343864, 'generation': 299}","{'id': 22975, 'rank': 30, 'fitness': 0.01798620996209155, 'generation': 299}"
"{'id': 23038, 'rank': 1, 'fitness': 0.9820137900379085, 'generation': 300}","{'id': 23038, 'rank': 2, 'fitness': 0.9820137900379085, 'generation': 300}","{'id': 23044, 'rank': 3, 'fitness': 0.9817902940022267, 'generation': 300}","{'id': 23044, 'rank': 4, 'fitness': 0.9817902940022267, 'generation': 300}","{'id': 23044, 'rank': 5, 'fitness': 0.9817902940022267, 'generation': 300}","{'id': 23036, 'rank': 6, 'fitness': 0.9792808956849155, 'generation': 300}","{'id': 23036, 'rank': 7, 'fitness': 0.9792808956849155, 'generation': 300}","{'id': 23043, 'rank': 8, 'fitness': 0.9785997314920422, 'generation': 300}","{'id': 22934, 'rank': 9, 'fitness': 0.9734839798044017, 'generation': 300}","{'id': 23027, 'rank': 10, 'fitness': 0.9721404022619796, 'generation': 300}","{'id': 23039, 'rank': 11, 'fitness': 0.9720739922841128, 'generation': 300}","{'id': 22865, 'rank': 12, 'fitness': 0.9636250413785434, 'generation': 300}","{'id': 23009, 'rank': 13, 'fitness': 0.9623581243473089, 'generation': 300}","{'id': 22932, 'rank': 14, 'fitness': 0.9580587693974851, 'generation': 300}","{'id': 22906, 'rank': 15, 'fitness': 0.9557397421889768, 'generation': 300}","{'id': 23054, 'rank': 16, 'fitness': 0.9523133426070901, 'generation': 300}","{'id': 22911, 'rank': 17, 'fitness': 0.9463450561841766, 'generation': 300}","{'id': 23028, 'rank': 18, 'fitness': 0.9381496647175074, 'generation': 300}","{'id': 23031, 'rank': 19, 'fitness': 0.9357838461763843, 'generation': 300}","{'id': 23004, 'rank': 20, 'fitness': 0.9299743780598129, 'generation': 300}","{'id': 23005, 'rank': 21, 'fitness': 0.9294740626979779, 'generation': 300}","{'id': 23032, 'rank': 22, 'fitness': 0.9160203880375158, 'generation': 300}","{'id': 23032, 'rank': 23, 'fitness': 0.9160203880375158, 'generation': 300}","{'id': 23021, 'rank': 24, 'fitness': 0.8780445536611399, 'generation': 300}","{'id': 23040, 'rank': 25, 'fitness': 0.8632843704451576, 'generation': 300}","{'id': 23020, 'rank': 26, 'fitness': 0.8531907767162117, 'generation': 300}","{'id': 22958, 'rank': 27, 'fitness': 0.8110186203263874, 'generation': 300}","{'id': 23069, 'rank': 28, 'fitness': 0.7614987821076038, 'generation': 300}","{'id': 23068, 'rank': 29, 'fitness': 0.7044777560421722, 'generation': 300}","{'id': 22974, 'rank': 30, 'fitness': 0.01798620996209155, 'generation': 300}"
"{'id': 23151, 'rank': 1, 'fitness': 0.9820137900379085, 'generation': 301}","{'id': 23126, 'rank': 2, 'fitness': 0.9795214878299796, 'generation': 301}","{'id': 23137, 'rank': 3, 'fitness': 0.9789410152156389, 'generation': 301}","{'id': 23139, 'rank': 4, 'fitness': 0.97619667330881, 'generation': 301}","{'id': 23038, 'rank': 5, 'fitness': 0.9736192808810464, 'generation': 301}","{'id': 23038, 'rank': 6, 'fitness': 0.9736192808810464, 'generation': 301}","{'id': 23044, 'rank': 7, 'fitness': 0.9730600739331645, 'generation': 301}","{'id': 23044, 'rank': 8, 'fitness': 0.9730600739331645, 'generation': 301}","{'id': 23044, 'rank': 9, 'fitness': 0.9730600739331645, 'generation': 301}","{'id': 23044, 'rank': 10, 'fitness': 0.9730600739331645, 'generation': 301}","{'id': 23143, 'rank': 11, 'fitness': 0.9722243609069683, 'generation': 301}","{'id': 23143, 'rank': 12, 'fitness': 0.9722243609069683, 'generation': 301}","{'id': 23153, 'rank': 13, 'fitness': 0.966878955543564, 'generation': 301}","{'id': 23036, 'rank': 14, 'fitness': 0.9664709049194617, 'generation': 301}","{'id': 23141, 'rank': 15, 'fitness': 0.9643709894599066, 'generation': 301}","{'id': 23101, 'rank': 16, 'fitness': 0.9632854565785186, 'generation': 301}","{'id': 23135, 'rank': 17, 'fitness': 0.9631709050021466, 'generation': 301}","{'id': 23092, 'rank': 18, 'fitness': 0.9554751118186049, 'generation': 301}","{'id': 23027, 'rank': 19, 'fitness': 0.9448671120468219, 'generation': 301}","{'id': 23027, 'rank': 20, 'fitness': 0.9448671120468219, 'generation': 301}","{'id': 23027, 'rank': 21, 'fitness': 0.9448671120468219, 'generation': 301}","{'id': 23009, 'rank': 22, 'fitness': 0.9095631298036735, 'generation': 301}","{'id': 23009, 'rank': 23, 'fitness': 0.9095631298036735, 'generation': 301}","{'id': 23165, 'rank': 24, 'fitness': 0.7764597736143805, 'generation': 301}","{'id': 23165, 'rank': 25, 'fitness': 0.7764597736143805, 'generation': 301}","{'id': 23004, 'rank': 26, 'fitness': 0.7660291552222219, 'generation': 301}","{'id': 23020, 'rank': 27, 'fitness': 0.4427320380738818, 'generation': 301}","{'id': 23162, 'rank': 28, 'fitness': 0.4131832043766013, 'generation': 301}","{'id': 23110, 'rank': 29, 'fitness': 0.06617433188973731, 'generation': 301}","{'id': 23085, 'rank': 30, 'fitness': 0.01798620996209155, 'generation': 301}"
"{'id': 23209, 'rank': 1, 'fitness': 0.9820137900379085, 'generation': 302}","{'id': 23209, 'rank': 2, 'fitness': 0.9820137900379085, 'generation': 302}","{'id': 23227, 'rank': 3, 'fitness': 0.9808522665704449, 'generation': 302}","{'id': 23227, 'rank': 4, 'fitness': 0.9808522665704449, 'generation': 302}","{'id': 23245, 'rank': 5, 'fitness': 0.9807060945202635, 'generation': 302}","{'id': 23229, 'rank': 6, 'fitness': 0.9803475223286456, 'generation': 302}","{'id': 23044, 'rank': 7, 'fitness': 0.9802365554756542, 'generation': 302}","{'id': 23044, 'rank': 8, 'fitness': 0.9802365554756542, 'generation': 302}","{'id': 23143, 'rank': 9, 'fitness': 0.9801544514076832, 'generation': 302}","{'id': 23199, 'rank': 10, 'fitness': 0.9800371310445689, 'generation': 302}","{'id': 23202, 'rank': 11, 'fitness': 0.9799079587452715, 'generation': 302}","{'id': 23153, 'rank': 12, 'fitness': 0.9796733606350672, 'generation': 302}","{'id': 23175, 'rank': 13, 'fitness': 0.9795732349883632, 'generation': 302}","{'id': 23141, 'rank': 14, 'fitness': 0.9794696762541012, 'generation': 302}","{'id': 23101, 'rank': 15, 'fitness': 0.9793851877051694, 'generation': 302}","{'id': 23101, 'rank': 16, 'fitness': 0.9793851877051694, 'generation': 302}","{'id': 23135, 'rank': 17, 'fitness': 0.979376393158488, 'generation': 302}","{'id': 23235, 'rank': 18, 'fitness': 0.9790794836568036, 'generation': 302}","{'id': 23226, 'rank': 19, 'fitness': 0.9788707432930122, 'generation': 302}","{'id': 23195, 'rank': 20, 'fitness': 0.9787415458264881, 'generation': 302}","{'id': 23203, 'rank': 21, 'fitness': 0.9784072432977702, 'generation': 302}","{'id': 23027, 'rank': 22, 'fitness': 0.978194943079633, 'generation': 302}","{'id': 23027, 'rank': 23, 'fitness': 0.978194943079633, 'generation': 302}","{'id': 23204, 'rank': 24, 'fitness': 0.9777439925233957, 'generation': 302}","{'id': 23009, 'rank': 25, 'fitness': 0.9766103973259191, 'generation': 302}","{'id': 23196, 'rank': 26, 'fitness': 0.9758018407821948, 'generation': 302}","{'id': 23186, 'rank': 27, 'fitness': 0.9752124094959094, 'generation': 302}","{'id': 23165, 'rank': 28, 'fitness': 0.9731071344808706, 'generation': 302}","{'id': 23191, 'rank': 29, 'fitness': 0.9676144345246953, 'generation': 302}","{'id': 23185, 'rank': 30, 'fitness': 0.01798620996209155, 'generation': 302}"
"{'id': 23209, 'rank': 1, 'fitness': 0.9820137900379085, 'generation': 303}","{'id': 23300, 'rank': 2, 'fitness': 0.9799606507190035, 'generation': 303}","{'id': 23258, 'rank': 3, 'fitness': 0.9582120083021872, 'generation': 303}","{'id': 23227, 'rank': 4, 'fitness': 0.9513206604592557, 'generation': 303}","{'id': 23296, 'rank': 5, 'fitness': 0.9411008177173298, 'generation': 303}","{'id': 23298, 'rank': 6, 'fitness': 0.9254114244990783, 'generation': 303}","{'id': 23175, 'rank': 7, 'fitness': 0.8709830888975024, 'generation': 303}","{'id': 23101, 'rank': 8, 'fitness': 0.8530755187353021, 'generation': 303}","{'id': 23314, 'rank': 9, 'fitness': 0.8474299427752426, 'generation': 303}","{'id': 23321, 'rank': 10, 'fitness': 0.8379785222733647, 'generation': 303}","{'id': 23324, 'rank': 11, 'fitness': 0.8283741165731754, 'generation': 303}","{'id': 23292, 'rank': 12, 'fitness': 0.8233678273745763, 'generation': 303}","{'id': 23254, 'rank': 13, 'fitness': 0.8152618682951207, 'generation': 303}","{'id': 23280, 'rank': 14, 'fitness': 0.8135910325155209, 'generation': 303}","{'id': 23311, 'rank': 15, 'fitness': 0.8063295303011206, 'generation': 303}","{'id': 23257, 'rank': 16, 'fitness': 0.7862803934095977, 'generation': 303}","{'id': 23306, 'rank': 17, 'fitness': 0.785598729794938, 'generation': 303}","{'id': 23327, 'rank': 18, 'fitness': 0.7553503902652474, 'generation': 303}","{'id': 23282, 'rank': 19, 'fitness': 0.6942132626346625, 'generation': 303}","{'id': 23275, 'rank': 20, 'fitness': 0.6088213026879971, 'generation': 303}","{'id': 23275, 'rank': 21, 'fitness': 0.6088213026879971, 'generation': 303}","{'id': 23273, 'rank': 22, 'fitness': 0.5950038944208336, 'generation': 303}","{'id': 23318, 'rank': 23, 'fitness': 0.5212754125677255, 'generation': 303}","{'id': 23268, 'rank': 24, 'fitness': 0.4567945257881505, 'generation': 303}","{'id': 23260, 'rank': 25, 'fitness': 0.4406931278985729, 'generation': 303}","{'id': 23293, 'rank': 26, 'fitness': 0.17711317649595865, 'generation': 303}","{'id': 23309, 'rank': 27, 'fitness': 0.16898620686584592, 'generation': 303}","{'id': 23309, 'rank': 28, 'fitness': 0.16898620686584592, 'generation': 303}","{'id': 23287, 'rank': 29, 'fitness': 0.10769101313908447, 'generation': 303}","{'id': 23305, 'rank': 30, 'fitness': 0.01798620996209155, 'generation': 303}"
"{'id': 23300, 'rank': 1, 'fitness': 0.9820137900379085, 'generation': 304}","{'id': 23227, 'rank': 2, 'fitness': 0.9810013359492367, 'generation': 304}","{'id': 23227, 'rank': 3, 'fitness': 0.9810013359492367, 'generation': 304}","{'id': 23296, 'rank': 4, 'fitness': 0.9807716802392168, 'generation': 304}","{'id': 23330, 'rank': 5, 'fitness': 0.9802447809971089, 'generation': 304}","{'id': 23343, 'rank': 6, 'fitness': 0.9801633652986163, 'generation': 304}","{'id': 23175, 'rank': 7, 'fitness': 0.9797580278755578, 'generation': 304}","{'id': 23175, 'rank': 8, 'fitness': 0.9797580278755578, 'generation': 304}","{'id': 23101, 'rank': 9, 'fitness': 0.9795753603249782, 'generation': 304}","{'id': 23257, 'rank': 10, 'fitness': 0.9790125820450848, 'generation': 304}","{'id': 23306, 'rank': 11, 'fitness': 0.9790075172155751, 'generation': 304}","{'id': 23327, 'rank': 12, 'fitness': 0.9787923628250146, 'generation': 304}","{'id': 23275, 'rank': 13, 'fitness': 0.9779099349530713, 'generation': 304}","{'id': 23275, 'rank': 14, 'fitness': 0.9779099349530713, 'generation': 304}","{'id': 23273, 'rank': 15, 'fitness': 0.9778340258042373, 'generation': 304}","{'id': 23386, 'rank': 16, 'fitness': 0.9777442932935609, 'generation': 304}","{'id': 23268, 'rank': 17, 'fitness': 0.9770863333409707, 'generation': 304}","{'id': 23260, 'rank': 18, 'fitness': 0.9769975112914643, 'generation': 304}","{'id': 23309, 'rank': 19, 'fitness': 0.975071230811652, 'generation': 304}","{'id': 23287, 'rank': 20, 'fitness': 0.9742880638842174, 'generation': 304}","{'id': 23389, 'rank': 21, 'fitness': 0.9729607669779057, 'generation': 304}","{'id': 23387, 'rank': 22, 'fitness': 0.9722916671620004, 'generation': 304}","{'id': 23387, 'rank': 23, 'fitness': 0.9722916671620004, 'generation': 304}","{'id': 23372, 'rank': 24, 'fitness': 0.7718307179461423, 'generation': 304}","{'id': 23367, 'rank': 25, 'fitness': 0.6047686529548847, 'generation': 304}","{'id': 23369, 'rank': 26, 'fitness': 0.45164138161913464, 'generation': 304}","{'id': 23391, 'rank': 27, 'fitness': 0.4361498519057716, 'generation': 304}","{'id': 23393, 'rank': 28, 'fitness': 0.35001147112602404, 'generation': 304}","{'id': 23390, 'rank': 29, 'fitness': 0.3276752421673147, 'generation': 304}","{'id': 23401, 'rank': 30, 'fitness': 0.01798620996209155, 'generation': 304}"
"{'id': 23463, 'rank': 1, 'fitness': 0.9820137900379085, 'generation': 305}","{'id': 23462, 'rank': 2, 'fitness': 0.9818066600497205, 'generation': 305}","{'id': 23227, 'rank': 3, 'fitness': 0.981734017480381, 'generation': 305}","{'id': 23330, 'rank': 4, 'fitness': 0.9816150142337738, 'generation': 305}","{'id': 23464, 'rank': 5, 'fitness': 0.9815865746502639, 'generation': 305}","{'id': 23175, 'rank': 6, 'fitness': 0.9815404034878401, 'generation': 305}","{'id': 23448, 'rank': 7, 'fitness': 0.9815185974264724, 'generation': 305}","{'id': 23101, 'rank': 8, 'fitness': 0.9815127813679649, 'generation': 305}","{'id': 23449, 'rank': 9, 'fitness': 0.9814405613608074, 'generation': 305}","{'id': 23442, 'rank': 10, 'fitness': 0.9814319837212462, 'generation': 305}","{'id': 23419, 'rank': 11, 'fitness': 0.9814202140313238, 'generation': 305}","{'id': 23477, 'rank': 12, 'fitness': 0.9813978988904392, 'generation': 305}","{'id': 23481, 'rank': 13, 'fitness': 0.9813454782359408, 'generation': 305}","{'id': 23481, 'rank': 14, 'fitness': 0.9813454782359408, 'generation': 305}","{'id': 23433, 'rank': 15, 'fitness': 0.9813129454709736, 'generation': 305}","{'id': 23426, 'rank': 16, 'fitness': 0.9812894449199921, 'generation': 305}","{'id': 23275, 'rank': 17, 'fitness': 0.9812698143246048, 'generation': 305}","{'id': 23454, 'rank': 18, 'fitness': 0.9812229534028328, 'generation': 305}","{'id': 23459, 'rank': 19, 'fitness': 0.9812187921443987, 'generation': 305}","{'id': 23466, 'rank': 20, 'fitness': 0.981166861367305, 'generation': 305}","{'id': 23268, 'rank': 21, 'fitness': 0.9811551333089755, 'generation': 305}","{'id': 23268, 'rank': 22, 'fitness': 0.9811551333089755, 'generation': 305}","{'id': 23458, 'rank': 23, 'fitness': 0.9810932259807037, 'generation': 305}","{'id': 23431, 'rank': 24, 'fitness': 0.9810714271037787, 'generation': 305}","{'id': 23467, 'rank': 25, 'fitness': 0.9808881714885527, 'generation': 305}","{'id': 23439, 'rank': 26, 'fitness': 0.9806749889259987, 'generation': 305}","{'id': 23408, 'rank': 27, 'fitness': 0.9806208919947739, 'generation': 305}","{'id': 23408, 'rank': 28, 'fitness': 0.9806208919947739, 'generation': 305}","{'id': 23367, 'rank': 29, 'fitness': 0.9676958108815669, 'generation': 305}","{'id': 23476, 'rank': 30, 'fitness': 0.01798620996209155, 'generation': 305}"
"{'id': 23463, 'rank': 1, 'fitness': 0.9820137900379085, 'generation': 306}","{'id': 23546, 'rank': 2, 'fitness': 0.9528657049237012, 'generation': 306}","{'id': 23506, 'rank': 3, 'fitness': 0.9525253728507254, 'generation': 306}","{'id': 23539, 'rank': 4, 'fitness': 0.9514557102675438, 'generation': 306}","{'id': 23462, 'rank': 5, 'fitness': 0.9411805590224076, 'generation': 306}","{'id': 23517, 'rank': 6, 'fitness': 0.9130119048523977, 'generation': 306}","{'id': 23227, 'rank': 7, 'fitness': 0.9125734182691769, 'generation': 306}","{'id': 23508, 'rank': 8, 'fitness': 0.8744038250482048, 'generation': 306}","{'id': 23538, 'rank': 9, 'fitness': 0.8691695403809279, 'generation': 306}","{'id': 23494, 'rank': 10, 'fitness': 0.8396944743389302, 'generation': 306}","{'id': 23547, 'rank': 11, 'fitness': 0.8342757203240333, 'generation': 306}","{'id': 23448, 'rank': 12, 'fitness': 0.7480745882132139, 'generation': 306}","{'id': 23500, 'rank': 13, 'fitness': 0.6969006013713707, 'generation': 306}","{'id': 23504, 'rank': 14, 'fitness': 0.6896333746270773, 'generation': 306}","{'id': 23504, 'rank': 15, 'fitness': 0.6896333746270773, 'generation': 306}","{'id': 23442, 'rank': 16, 'fitness': 0.6426712400974411, 'generation': 306}","{'id': 23516, 'rank': 17, 'fitness': 0.6029604683226435, 'generation': 306}","{'id': 23502, 'rank': 18, 'fitness': 0.5671660814999507, 'generation': 306}","{'id': 23537, 'rank': 19, 'fitness': 0.5551919062101168, 'generation': 306}","{'id': 23535, 'rank': 20, 'fitness': 0.5491009954685513, 'generation': 306}","{'id': 23481, 'rank': 21, 'fitness': 0.5221095741999643, 'generation': 306}","{'id': 23553, 'rank': 22, 'fitness': 0.4683686403178608, 'generation': 306}","{'id': 23275, 'rank': 23, 'fitness': 0.41443630492882516, 'generation': 306}","{'id': 23545, 'rank': 24, 'fitness': 0.38045106593694994, 'generation': 306}","{'id': 23484, 'rank': 25, 'fitness': 0.30562136157912034, 'generation': 306}","{'id': 23513, 'rank': 26, 'fitness': 0.17804077187631046, 'generation': 306}","{'id': 23520, 'rank': 27, 'fitness': 0.04036752789823733, 'generation': 306}","{'id': 23557, 'rank': 28, 'fitness': 0.02704038453068519, 'generation': 306}","{'id': 23485, 'rank': 29, 'fitness': 0.017992557487162164, 'generation': 306}","{'id': 23408, 'rank': 30, 'fitness': 0.01798620996209155, 'generation': 306}"
"{'id': 23599, 'rank': 1, 'fitness': 0.9820137900379085, 'generation': 307}","{'id': 23463, 'rank': 2, 'fitness': 0.9816806954947209, 'generation': 307}","{'id': 23463, 'rank': 3, 'fitness': 0.9816806954947209, 'generation': 307}","{'id': 23539, 'rank': 4, 'fitness': 0.9812442806441788, 'generation': 307}","{'id': 23539, 'rank': 5, 'fitness': 0.9812442806441788, 'generation': 307}","{'id': 23517, 'rank': 6, 'fitness': 0.9809732497362399, 'generation': 307}","{'id': 23517, 'rank': 7, 'fitness': 0.9809732497362399, 'generation': 307}","{'id': 23227, 'rank': 8, 'fitness': 0.9809708422167158, 'generation': 307}","{'id': 23598, 'rank': 9, 'fitness': 0.980905134723527, 'generation': 307}","{'id': 23508, 'rank': 10, 'fitness': 0.9807930140914053, 'generation': 307}","{'id': 23538, 'rank': 11, 'fitness': 0.9807723449978254, 'generation': 307}","{'id': 23538, 'rank': 12, 'fitness': 0.9807723449978254, 'generation': 307}","{'id': 23494, 'rank': 13, 'fitness': 0.9806671154934767, 'generation': 307}","{'id': 23504, 'rank': 14, 'fitness': 0.9802827322834815, 'generation': 307}","{'id': 23502, 'rank': 15, 'fitness': 0.9800423009103427, 'generation': 307}","{'id': 23535, 'rank': 16, 'fitness': 0.9800087222423012, 'generation': 307}","{'id': 23535, 'rank': 17, 'fitness': 0.9800087222423012, 'generation': 307}","{'id': 23275, 'rank': 18, 'fitness': 0.9797582460884262, 'generation': 307}","{'id': 23275, 'rank': 19, 'fitness': 0.9797582460884262, 'generation': 307}","{'id': 23484, 'rank': 20, 'fitness': 0.9795364864925798, 'generation': 307}","{'id': 23484, 'rank': 21, 'fitness': 0.9795364864925798, 'generation': 307}","{'id': 23557, 'rank': 22, 'fitness': 0.9781989845227945, 'generation': 307}","{'id': 23577, 'rank': 23, 'fitness': 0.9774102240076795, 'generation': 307}","{'id': 23623, 'rank': 24, 'fitness': 0.976977961156617, 'generation': 307}","{'id': 23581, 'rank': 25, 'fitness': 0.9763505705577276, 'generation': 307}","{'id': 23581, 'rank': 26, 'fitness': 0.9763505705577276, 'generation': 307}","{'id': 23603, 'rank': 27, 'fitness': 0.9683708703893734, 'generation': 307}","{'id': 23579, 'rank': 28, 'fitness': 0.8888114042818764, 'generation': 307}","{'id': 23586, 'rank': 29, 'fitness': 0.13058792182531398, 'generation': 307}","{'id': 23624, 'rank': 30, 'fitness': 0.01798620996209155, 'generation': 307}"
"{'id': 23665, 'rank': 1, 'fitness': 0.9820137900379085, 'generation': 308}","{'id': 23687, 'rank': 2, 'fitness': 0.9810615091952926, 'generation': 308}","{'id': 23599, 'rank': 3, 'fitness': 0.9806346207503203, 'generation': 308}","{'id': 23599, 'rank': 4, 'fitness': 0.9806346207503203, 'generation': 308}","{'id': 23643, 'rank': 5, 'fitness': 0.9790695374907444, 'generation': 308}","{'id': 23643, 'rank': 6, 'fitness': 0.9790695374907444, 'generation': 308}","{'id': 23642, 'rank': 7, 'fitness': 0.978195178537985, 'generation': 308}","{'id': 23666, 'rank': 8, 'fitness': 0.978133639188304, 'generation': 308}","{'id': 23696, 'rank': 9, 'fitness': 0.9771519426107339, 'generation': 308}","{'id': 23539, 'rank': 10, 'fitness': 0.9769931473895874, 'generation': 308}","{'id': 23539, 'rank': 11, 'fitness': 0.9769931473895874, 'generation': 308}","{'id': 23539, 'rank': 12, 'fitness': 0.9769931473895874, 'generation': 308}","{'id': 23539, 'rank': 13, 'fitness': 0.9769931473895874, 'generation': 308}","{'id': 23674, 'rank': 14, 'fitness': 0.9753998729843404, 'generation': 308}","{'id': 23688, 'rank': 15, 'fitness': 0.9743409450747116, 'generation': 308}","{'id': 23629, 'rank': 16, 'fitness': 0.9735626652661659, 'generation': 308}","{'id': 23676, 'rank': 17, 'fitness': 0.9715949154941588, 'generation': 308}","{'id': 23689, 'rank': 18, 'fitness': 0.9715371723152766, 'generation': 308}","{'id': 23683, 'rank': 19, 'fitness': 0.9701332280591124, 'generation': 308}","{'id': 23535, 'rank': 20, 'fitness': 0.9701235862444901, 'generation': 308}","{'id': 23678, 'rank': 21, 'fitness': 0.9694624802286025, 'generation': 308}","{'id': 23690, 'rank': 22, 'fitness': 0.967988596909981, 'generation': 308}","{'id': 23484, 'rank': 23, 'fitness': 0.9671393961014838, 'generation': 308}","{'id': 23656, 'rank': 24, 'fitness': 0.9667136541768961, 'generation': 308}","{'id': 23679, 'rank': 25, 'fitness': 0.9660902768041595, 'generation': 308}","{'id': 23650, 'rank': 26, 'fitness': 0.963150410618251, 'generation': 308}","{'id': 23664, 'rank': 27, 'fitness': 0.9622880102747664, 'generation': 308}","{'id': 23626, 'rank': 28, 'fitness': 0.9516607817357843, 'generation': 308}","{'id': 23693, 'rank': 29, 'fitness': 0.9507420783033368, 'generation': 308}","{'id': 23579, 'rank': 30, 'fitness': 0.01798620996209155, 'generation': 308}"
"{'id': 23699, 'rank': 1, 'fitness': 0.9820137900379085, 'generation': 309}","{'id': 23699, 'rank': 2, 'fitness': 0.9820137900379085, 'generation': 309}","{'id': 23599, 'rank': 3, 'fitness': 0.9730666288030094, 'generation': 309}","{'id': 23599, 'rank': 4, 'fitness': 0.9730666288030094, 'generation': 309}","{'id': 23700, 'rank': 5, 'fitness': 0.9644953399506471, 'generation': 309}","{'id': 23710, 'rank': 6, 'fitness': 0.9548435685424008, 'generation': 309}","{'id': 23643, 'rank': 7, 'fitness': 0.9502689183168296, 'generation': 309}","{'id': 23697, 'rank': 8, 'fitness': 0.906667686131356, 'generation': 309}","{'id': 23741, 'rank': 9, 'fitness': 0.9049565317360336, 'generation': 309}","{'id': 23696, 'rank': 10, 'fitness': 0.9029451972537242, 'generation': 309}","{'id': 23539, 'rank': 11, 'fitness': 0.897840709840588, 'generation': 309}","{'id': 23539, 'rank': 12, 'fitness': 0.897840709840588, 'generation': 309}","{'id': 23539, 'rank': 13, 'fitness': 0.897840709840588, 'generation': 309}","{'id': 23742, 'rank': 14, 'fitness': 0.8939514050792339, 'generation': 309}","{'id': 23745, 'rank': 15, 'fitness': 0.8925905631764229, 'generation': 309}","{'id': 23744, 'rank': 16, 'fitness': 0.8771434238489773, 'generation': 309}","{'id': 23744, 'rank': 17, 'fitness': 0.8771434238489773, 'generation': 309}","{'id': 23718, 'rank': 18, 'fitness': 0.85781066123754, 'generation': 309}","{'id': 23726, 'rank': 19, 'fitness': 0.8346343028956724, 'generation': 309}","{'id': 23629, 'rank': 20, 'fitness': 0.7367314606003432, 'generation': 309}","{'id': 23734, 'rank': 21, 'fitness': 0.6469641746470957, 'generation': 309}","{'id': 23676, 'rank': 22, 'fitness': 0.6073678225301088, 'generation': 309}","{'id': 23676, 'rank': 23, 'fitness': 0.6073678225301088, 'generation': 309}","{'id': 23752, 'rank': 24, 'fitness': 0.5087784625919566, 'generation': 309}","{'id': 23678, 'rank': 25, 'fitness': 0.45941017252847427, 'generation': 309}","{'id': 23678, 'rank': 26, 'fitness': 0.45941017252847427, 'generation': 309}","{'id': 23656, 'rank': 27, 'fitness': 0.29365352204702655, 'generation': 309}","{'id': 23768, 'rank': 28, 'fitness': 0.185005041445356, 'generation': 309}","{'id': 23730, 'rank': 29, 'fitness': 0.13344975994273772, 'generation': 309}","{'id': 23626, 'rank': 30, 'fitness': 0.01798620996209155, 'generation': 309}"
"{'id': 23829, 'rank': 1, 'fitness': 0.9820137900379085, 'generation': 310}","{'id': 23599, 'rank': 2, 'fitness': 0.9819028413640476, 'generation': 310}","{'id': 23599, 'rank': 3, 'fitness': 0.9819028413640476, 'generation': 310}","{'id': 23823, 'rank': 4, 'fitness': 0.9817819692172925, 'generation': 310}","{'id': 23823, 'rank': 5, 'fitness': 0.9817819692172925, 'generation': 310}","{'id': 23643, 'rank': 6, 'fitness': 0.9817144490339424, 'generation': 310}","{'id': 23800, 'rank': 7, 'fitness': 0.9815761001314254, 'generation': 310}","{'id': 23800, 'rank': 8, 'fitness': 0.9815761001314254, 'generation': 310}","{'id': 23797, 'rank': 9, 'fitness': 0.9815128672718689, 'generation': 310}","{'id': 23741, 'rank': 10, 'fitness': 0.9815062285957605, 'generation': 310}","{'id': 23741, 'rank': 11, 'fitness': 0.9815062285957605, 'generation': 310}","{'id': 23822, 'rank': 12, 'fitness': 0.9814962558061717, 'generation': 310}","{'id': 23539, 'rank': 13, 'fitness': 0.9814821380622925, 'generation': 310}","{'id': 23539, 'rank': 14, 'fitness': 0.9814821380622925, 'generation': 310}","{'id': 23744, 'rank': 15, 'fitness': 0.9814194900604172, 'generation': 310}","{'id': 23744, 'rank': 16, 'fitness': 0.9814194900604172, 'generation': 310}","{'id': 23718, 'rank': 17, 'fitness': 0.9813685607738243, 'generation': 310}","{'id': 23676, 'rank': 18, 'fitness': 0.98095198070208, 'generation': 310}","{'id': 23807, 'rank': 19, 'fitness': 0.9808827142797025, 'generation': 310}","{'id': 23752, 'rank': 20, 'fitness': 0.980827460172095, 'generation': 310}","{'id': 23678, 'rank': 21, 'fitness': 0.98076575601976, 'generation': 310}","{'id': 23656, 'rank': 22, 'fitness': 0.9805411257462312, 'generation': 310}","{'id': 23795, 'rank': 23, 'fitness': 0.9798847783177359, 'generation': 310}","{'id': 23626, 'rank': 24, 'fitness': 0.979529685661559, 'generation': 310}","{'id': 23779, 'rank': 25, 'fitness': 0.9766956827664617, 'generation': 310}","{'id': 23848, 'rank': 26, 'fitness': 0.9764259453026203, 'generation': 310}","{'id': 23842, 'rank': 27, 'fitness': 0.9763176989640477, 'generation': 310}","{'id': 23846, 'rank': 28, 'fitness': 0.9734919961155477, 'generation': 310}","{'id': 23778, 'rank': 29, 'fitness': 0.9698493041878133, 'generation': 310}","{'id': 23784, 'rank': 30, 'fitness': 0.01798620996209155, 'generation': 310}"
"{'id': 23947, 'rank': 1, 'fitness': 0.9820137900379085, 'generation': 311}","{'id': 23886, 'rank': 2, 'fitness': 0.9777198420082567, 'generation': 311}","{'id': 23643, 'rank': 3, 'fitness': 0.9768297957743353, 'generation': 311}","{'id': 23878, 'rank': 4, 'fitness': 0.9766264852649151, 'generation': 311}","{'id': 23878, 'rank': 5, 'fitness': 0.9766264852649151, 'generation': 311}","{'id': 23887, 'rank': 6, 'fitness': 0.9759240297764458, 'generation': 311}","{'id': 23870, 'rank': 7, 'fitness': 0.9717142199308199, 'generation': 311}","{'id': 23800, 'rank': 8, 'fitness': 0.9716157617234492, 'generation': 311}","{'id': 23873, 'rank': 9, 'fitness': 0.9714506728831076, 'generation': 311}","{'id': 23741, 'rank': 10, 'fitness': 0.9685834560034854, 'generation': 311}","{'id': 23849, 'rank': 11, 'fitness': 0.9660274466552663, 'generation': 311}","{'id': 23744, 'rank': 12, 'fitness': 0.9643998123033437, 'generation': 311}","{'id': 23744, 'rank': 13, 'fitness': 0.9643998123033437, 'generation': 311}","{'id': 23868, 'rank': 14, 'fitness': 0.9629033024544414, 'generation': 311}","{'id': 23860, 'rank': 15, 'fitness': 0.9627238858397577, 'generation': 311}","{'id': 23860, 'rank': 16, 'fitness': 0.9627238858397577, 'generation': 311}","{'id': 23718, 'rank': 17, 'fitness': 0.9617085482724488, 'generation': 311}","{'id': 23931, 'rank': 18, 'fitness': 0.960682327160191, 'generation': 311}","{'id': 23904, 'rank': 19, 'fitness': 0.9581161483657022, 'generation': 311}","{'id': 23906, 'rank': 20, 'fitness': 0.9511285684890465, 'generation': 311}","{'id': 23889, 'rank': 21, 'fitness': 0.9511227267957448, 'generation': 311}","{'id': 23891, 'rank': 22, 'fitness': 0.950185792690863, 'generation': 311}","{'id': 23915, 'rank': 23, 'fitness': 0.9485408670855541, 'generation': 311}","{'id': 23915, 'rank': 24, 'fitness': 0.9485408670855541, 'generation': 311}","{'id': 23856, 'rank': 25, 'fitness': 0.9460105223508175, 'generation': 311}","{'id': 23752, 'rank': 26, 'fitness': 0.9192218842902103, 'generation': 311}","{'id': 23937, 'rank': 27, 'fitness': 0.9170688660830285, 'generation': 311}","{'id': 23911, 'rank': 28, 'fitness': 0.7763953007513573, 'generation': 311}","{'id': 23909, 'rank': 29, 'fitness': 0.637430812810803, 'generation': 311}","{'id': 23926, 'rank': 30, 'fitness': 0.01798620996209155, 'generation': 311}"
"{'id': 24038, 'rank': 1, 'fitness': 0.9820137900379085, 'generation': 312}","{'id': 24038, 'rank': 2, 'fitness': 0.9820137900379085, 'generation': 312}","{'id': 23886, 'rank': 3, 'fitness': 0.9698144027951794, 'generation': 312}","{'id': 23643, 'rank': 4, 'fitness': 0.967488551071773, 'generation': 312}","{'id': 23878, 'rank': 5, 'fitness': 0.9669463470239839, 'generation': 312}","{'id': 23878, 'rank': 6, 'fitness': 0.9669463470239839, 'generation': 312}","{'id': 23887, 'rank': 7, 'fitness': 0.9650420189579965, 'generation': 312}","{'id': 24040, 'rank': 8, 'fitness': 0.9548132932227701, 'generation': 312}","{'id': 23873, 'rank': 9, 'fitness': 0.9518199219342861, 'generation': 312}","{'id': 23952, 'rank': 10, 'fitness': 0.9513302143575034, 'generation': 312}","{'id': 23952, 'rank': 11, 'fitness': 0.9513302143575034, 'generation': 312}","{'id': 23979, 'rank': 12, 'fitness': 0.9388984700057346, 'generation': 312}","{'id': 23849, 'rank': 13, 'fitness': 0.9334058835398085, 'generation': 312}","{'id': 23868, 'rank': 14, 'fitness': 0.9217119923063748, 'generation': 312}","{'id': 23973, 'rank': 15, 'fitness': 0.9046419656558662, 'generation': 312}","{'id': 24023, 'rank': 16, 'fitness': 0.8826179702413475, 'generation': 312}","{'id': 23889, 'rank': 17, 'fitness': 0.8715857277981565, 'generation': 312}","{'id': 23982, 'rank': 18, 'fitness': 0.8629732702279511, 'generation': 312}","{'id': 23915, 'rank': 19, 'fitness': 0.8595363035509558, 'generation': 312}","{'id': 23968, 'rank': 20, 'fitness': 0.8558838355535914, 'generation': 312}","{'id': 23963, 'rank': 21, 'fitness': 0.8053578349808801, 'generation': 312}","{'id': 23958, 'rank': 22, 'fitness': 0.7979833994222976, 'generation': 312}","{'id': 23966, 'rank': 23, 'fitness': 0.7024450066632831, 'generation': 312}","{'id': 23966, 'rank': 24, 'fitness': 0.7024450066632831, 'generation': 312}","{'id': 23977, 'rank': 25, 'fitness': 0.6751940675323587, 'generation': 312}","{'id': 23960, 'rank': 26, 'fitness': 0.6329592814369148, 'generation': 312}","{'id': 24018, 'rank': 27, 'fitness': 0.46416047165942137, 'generation': 312}","{'id': 23993, 'rank': 28, 'fitness': 0.3022265427366603, 'generation': 312}","{'id': 24019, 'rank': 29, 'fitness': 0.02502447610466968, 'generation': 312}","{'id': 24008, 'rank': 30, 'fitness': 0.01798620996209155, 'generation': 312}"
"{'id': 24061, 'rank': 1, 'fitness': 0.9820137900379085, 'generation': 313}","{'id': 24061, 'rank': 2, 'fitness': 0.9820137900379085, 'generation': 313}","{'id': 24061, 'rank': 3, 'fitness': 0.9820137900379085, 'generation': 313}","{'id': 24052, 'rank': 4, 'fitness': 0.9819731976733886, 'generation': 313}","{'id': 24058, 'rank': 5, 'fitness': 0.9817538228114846, 'generation': 313}","{'id': 24059, 'rank': 6, 'fitness': 0.9816544391029454, 'generation': 313}","{'id': 24060, 'rank': 7, 'fitness': 0.9815643315980753, 'generation': 313}","{'id': 23643, 'rank': 8, 'fitness': 0.9809050160621477, 'generation': 313}","{'id': 23643, 'rank': 9, 'fitness': 0.9809050160621477, 'generation': 313}","{'id': 23643, 'rank': 10, 'fitness': 0.9809050160621477, 'generation': 313}","{'id': 23878, 'rank': 11, 'fitness': 0.9808897149150397, 'generation': 313}","{'id': 23873, 'rank': 12, 'fitness': 0.9805351153795618, 'generation': 313}","{'id': 23952, 'rank': 13, 'fitness': 0.98052542700575, 'generation': 313}","{'id': 24053, 'rank': 14, 'fitness': 0.9804691229364724, 'generation': 313}","{'id': 24053, 'rank': 15, 'fitness': 0.9804691229364724, 'generation': 313}","{'id': 23979, 'rank': 16, 'fitness': 0.9803047879206803, 'generation': 313}","{'id': 23973, 'rank': 17, 'fitness': 0.9798551894769867, 'generation': 313}","{'id': 24082, 'rank': 18, 'fitness': 0.9798299026015486, 'generation': 313}","{'id': 24103, 'rank': 19, 'fitness': 0.9795959882103129, 'generation': 313}","{'id': 23889, 'rank': 20, 'fitness': 0.9795371285718786, 'generation': 313}","{'id': 23982, 'rank': 21, 'fitness': 0.979465366260408, 'generation': 313}","{'id': 24128, 'rank': 22, 'fitness': 0.9789704042686025, 'generation': 313}","{'id': 24129, 'rank': 23, 'fitness': 0.9785903976260361, 'generation': 313}","{'id': 23960, 'rank': 24, 'fitness': 0.9781837104642562, 'generation': 313}","{'id': 24116, 'rank': 25, 'fitness': 0.9757552324999469, 'generation': 313}","{'id': 24077, 'rank': 26, 'fitness': 0.9711320830436374, 'generation': 313}","{'id': 24077, 'rank': 27, 'fitness': 0.9711320830436374, 'generation': 313}","{'id': 24048, 'rank': 28, 'fitness': 0.9630000437818215, 'generation': 313}","{'id': 24069, 'rank': 29, 'fitness': 0.9609928366482758, 'generation': 313}","{'id': 24118, 'rank': 30, 'fitness': 0.01798620996209155, 'generation': 313}"
"{'id': 24061, 'rank': 1, 'fitness': 0.9820137900379085, 'generation': 314}","{'id': 24061, 'rank': 2, 'fitness': 0.9820137900379085, 'generation': 314}","{'id': 24061, 'rank': 3, 'fitness': 0.9820137900379085, 'generation': 314}","{'id': 24059, 'rank': 4, 'fitness': 0.9750874413060993, 'generation': 314}","{'id': 24059, 'rank': 5, 'fitness': 0.9750874413060993, 'generation': 314}","{'id': 24060, 'rank': 6, 'fitness': 0.9730039476604883, 'generation': 314}","{'id': 24136, 'rank': 7, 'fitness': 0.9674725976140599, 'generation': 314}","{'id': 24155, 'rank': 8, 'fitness': 0.9596438618419851, 'generation': 314}","{'id': 23643, 'rank': 9, 'fitness': 0.9522623166852041, 'generation': 314}","{'id': 23643, 'rank': 10, 'fitness': 0.9522623166852041, 'generation': 314}","{'id': 23643, 'rank': 11, 'fitness': 0.9522623166852041, 'generation': 314}","{'id': 23878, 'rank': 12, 'fitness': 0.9516453238247036, 'generation': 314}","{'id': 24170, 'rank': 13, 'fitness': 0.9418237398288105, 'generation': 314}","{'id': 24170, 'rank': 14, 'fitness': 0.9418237398288105, 'generation': 314}","{'id': 24146, 'rank': 15, 'fitness': 0.940974119509114, 'generation': 314}","{'id': 23873, 'rank': 16, 'fitness': 0.9352290474351406, 'generation': 314}","{'id': 24053, 'rank': 17, 'fitness': 0.9316878116229468, 'generation': 314}","{'id': 24175, 'rank': 18, 'fitness': 0.9271381628586315, 'generation': 314}","{'id': 24196, 'rank': 19, 'fitness': 0.9250938903383692, 'generation': 314}","{'id': 24196, 'rank': 20, 'fitness': 0.9250938903383692, 'generation': 314}","{'id': 24192, 'rank': 21, 'fitness': 0.8904125824943562, 'generation': 314}","{'id': 23973, 'rank': 22, 'fitness': 0.8900522107844181, 'generation': 314}","{'id': 24082, 'rank': 23, 'fitness': 0.8879653647573427, 'generation': 314}","{'id': 24082, 'rank': 24, 'fitness': 0.8879653647573427, 'generation': 314}","{'id': 24128, 'rank': 25, 'fitness': 0.796775927581501, 'generation': 314}","{'id': 24182, 'rank': 26, 'fitness': 0.6764225675020906, 'generation': 314}","{'id': 24182, 'rank': 27, 'fitness': 0.6764225675020906, 'generation': 314}","{'id': 24160, 'rank': 28, 'fitness': 0.5349620060621328, 'generation': 314}","{'id': 24158, 'rank': 29, 'fitness': 0.3047084461080746, 'generation': 314}","{'id': 24077, 'rank': 30, 'fitness': 0.01798620996209155, 'generation': 314}"
"{'id': 24229, 'rank': 1, 'fitness': 0.9820137900379085, 'generation': 315}","{'id': 24061, 'rank': 2, 'fitness': 0.9623403328474083, 'generation': 315}","{'id': 24267, 'rank': 3, 'fitness': 0.9598081599080568, 'generation': 315}","{'id': 24250, 'rank': 4, 'fitness': 0.9425988732854851, 'generation': 315}","{'id': 24155, 'rank': 5, 'fitness': 0.9234380632676858, 'generation': 315}","{'id': 23643, 'rank': 6, 'fitness': 0.911436420022983, 'generation': 315}","{'id': 23643, 'rank': 7, 'fitness': 0.911436420022983, 'generation': 315}","{'id': 24170, 'rank': 8, 'fitness': 0.8949864509826021, 'generation': 315}","{'id': 24170, 'rank': 9, 'fitness': 0.8949864509826021, 'generation': 315}","{'id': 24273, 'rank': 10, 'fitness': 0.8876487977777339, 'generation': 315}","{'id': 24175, 'rank': 11, 'fitness': 0.8727183726818544, 'generation': 315}","{'id': 24175, 'rank': 12, 'fitness': 0.8727183726818544, 'generation': 315}","{'id': 24175, 'rank': 13, 'fitness': 0.8727183726818544, 'generation': 315}","{'id': 24272, 'rank': 14, 'fitness': 0.8708931960807293, 'generation': 315}","{'id': 24259, 'rank': 15, 'fitness': 0.8125855659627411, 'generation': 315}","{'id': 24128, 'rank': 16, 'fitness': 0.703041609014568, 'generation': 315}","{'id': 24255, 'rank': 17, 'fitness': 0.5911869783587352, 'generation': 315}","{'id': 24262, 'rank': 18, 'fitness': 0.582439557143184, 'generation': 315}","{'id': 24182, 'rank': 19, 'fitness': 0.5729203234938006, 'generation': 315}","{'id': 24266, 'rank': 20, 'fitness': 0.5346450101231688, 'generation': 315}","{'id': 24160, 'rank': 21, 'fitness': 0.43887102375555814, 'generation': 315}","{'id': 24261, 'rank': 22, 'fitness': 0.42880740690015506, 'generation': 315}","{'id': 24261, 'rank': 23, 'fitness': 0.42880740690015506, 'generation': 315}","{'id': 24258, 'rank': 24, 'fitness': 0.3111567328160275, 'generation': 315}","{'id': 24234, 'rank': 25, 'fitness': 0.26104519322198183, 'generation': 315}","{'id': 24257, 'rank': 26, 'fitness': 0.15069774524741963, 'generation': 315}","{'id': 24204, 'rank': 27, 'fitness': 0.12288617550015912, 'generation': 315}","{'id': 24217, 'rank': 28, 'fitness': 0.05410864110351887, 'generation': 315}","{'id': 24205, 'rank': 29, 'fitness': 0.04530515277548408, 'generation': 315}","{'id': 24237, 'rank': 30, 'fitness': 0.01798620996209155, 'generation': 315}"
"{'id': 24229, 'rank': 1, 'fitness': 0.9820137900379085, 'generation': 316}","{'id': 24229, 'rank': 2, 'fitness': 0.9820137900379085, 'generation': 316}","{'id': 24288, 'rank': 3, 'fitness': 0.9789228244987751, 'generation': 316}","{'id': 24288, 'rank': 4, 'fitness': 0.9789228244987751, 'generation': 316}","{'id': 24061, 'rank': 5, 'fitness': 0.9772705575088682, 'generation': 316}","{'id': 24267, 'rank': 6, 'fitness': 0.976792460981412, 'generation': 316}","{'id': 24250, 'rank': 7, 'fitness': 0.9739656378746557, 'generation': 316}","{'id': 24170, 'rank': 8, 'fitness': 0.9681880940012463, 'generation': 316}","{'id': 24170, 'rank': 9, 'fitness': 0.9681880940012463, 'generation': 316}","{'id': 24273, 'rank': 10, 'fitness': 0.9674454853017588, 'generation': 316}","{'id': 24175, 'rank': 11, 'fitness': 0.9660111970599958, 'generation': 316}","{'id': 24175, 'rank': 12, 'fitness': 0.9660111970599958, 'generation': 316}","{'id': 24332, 'rank': 13, 'fitness': 0.9658078143916426, 'generation': 316}","{'id': 24332, 'rank': 14, 'fitness': 0.9658078143916426, 'generation': 316}","{'id': 24128, 'rank': 15, 'fitness': 0.9531373362883321, 'generation': 316}","{'id': 24262, 'rank': 16, 'fitness': 0.9451153436502087, 'generation': 316}","{'id': 24266, 'rank': 17, 'fitness': 0.9418615400866277, 'generation': 316}","{'id': 24343, 'rank': 18, 'fitness': 0.9362636959829307, 'generation': 316}","{'id': 24261, 'rank': 19, 'fitness': 0.9340809671846033, 'generation': 316}","{'id': 24333, 'rank': 20, 'fitness': 0.9198214474106005, 'generation': 316}","{'id': 24234, 'rank': 21, 'fitness': 0.917883878226077, 'generation': 316}","{'id': 24345, 'rank': 22, 'fitness': 0.8618503453856505, 'generation': 316}","{'id': 24205, 'rank': 23, 'fitness': 0.8559777836910591, 'generation': 316}","{'id': 24296, 'rank': 24, 'fitness': 0.7235432473740284, 'generation': 316}","{'id': 24305, 'rank': 25, 'fitness': 0.3405934168516185, 'generation': 316}","{'id': 24316, 'rank': 26, 'fitness': 0.2558904376645693, 'generation': 316}","{'id': 24309, 'rank': 27, 'fitness': 0.20384348891138337, 'generation': 316}","{'id': 24321, 'rank': 28, 'fitness': 0.1408205551790387, 'generation': 316}","{'id': 24300, 'rank': 29, 'fitness': 0.13943957615866764, 'generation': 316}","{'id': 24301, 'rank': 30, 'fitness': 0.01798620996209155, 'generation': 316}"
"{'id': 24229, 'rank': 1, 'fitness': 0.9820137900379085, 'generation': 317}","{'id': 24369, 'rank': 2, 'fitness': 0.9811943025671317, 'generation': 317}","{'id': 24369, 'rank': 3, 'fitness': 0.9811943025671317, 'generation': 317}","{'id': 24369, 'rank': 4, 'fitness': 0.9811943025671317, 'generation': 317}","{'id': 24288, 'rank': 5, 'fitness': 0.9793386629963861, 'generation': 317}","{'id': 24288, 'rank': 6, 'fitness': 0.9793386629963861, 'generation': 317}","{'id': 24354, 'rank': 7, 'fitness': 0.9792784401906409, 'generation': 317}","{'id': 24353, 'rank': 8, 'fitness': 0.9780076695004511, 'generation': 317}","{'id': 24061, 'rank': 9, 'fitness': 0.9779287847910764, 'generation': 317}","{'id': 24267, 'rank': 10, 'fitness': 0.9775231918767571, 'generation': 317}","{'id': 24399, 'rank': 11, 'fitness': 0.9732158104303716, 'generation': 317}","{'id': 24399, 'rank': 12, 'fitness': 0.9732158104303716, 'generation': 317}","{'id': 24170, 'rank': 13, 'fitness': 0.9703766607188049, 'generation': 317}","{'id': 24346, 'rank': 14, 'fitness': 0.9698209978749944, 'generation': 317}","{'id': 24346, 'rank': 15, 'fitness': 0.9698209978749944, 'generation': 317}","{'id': 24175, 'rank': 16, 'fitness': 0.9686075522813845, 'generation': 317}","{'id': 24332, 'rank': 17, 'fitness': 0.9684429581811276, 'generation': 317}","{'id': 24332, 'rank': 18, 'fitness': 0.9684429581811276, 'generation': 317}","{'id': 24403, 'rank': 19, 'fitness': 0.9594887950707454, 'generation': 317}","{'id': 24403, 'rank': 20, 'fitness': 0.9594887950707454, 'generation': 317}","{'id': 24128, 'rank': 21, 'fitness': 0.9583849918454426, 'generation': 317}","{'id': 24392, 'rank': 22, 'fitness': 0.9576603938893349, 'generation': 317}","{'id': 24392, 'rank': 23, 'fitness': 0.9576603938893349, 'generation': 317}","{'id': 24367, 'rank': 24, 'fitness': 0.9573787777906009, 'generation': 317}","{'id': 24394, 'rank': 25, 'fitness': 0.956070569132401, 'generation': 317}","{'id': 24395, 'rank': 26, 'fitness': 0.946692779722953, 'generation': 317}","{'id': 24395, 'rank': 27, 'fitness': 0.946692779722953, 'generation': 317}","{'id': 24389, 'rank': 28, 'fitness': 0.6961855288455532, 'generation': 317}","{'id': 24305, 'rank': 29, 'fitness': 0.48145654846462493, 'generation': 317}","{'id': 24384, 'rank': 30, 'fitness': 0.01798620996209155, 'generation': 317}"
"{'id': 24466, 'rank': 1, 'fitness': 0.9820137900379085, 'generation': 318}","{'id': 24481, 'rank': 2, 'fitness': 0.9786669108263557, 'generation': 318}","{'id': 24467, 'rank': 3, 'fitness': 0.978302341272174, 'generation': 318}","{'id': 24467, 'rank': 4, 'fitness': 0.978302341272174, 'generation': 318}","{'id': 24454, 'rank': 5, 'fitness': 0.9741353644407512, 'generation': 318}","{'id': 24473, 'rank': 6, 'fitness': 0.9689382833504814, 'generation': 318}","{'id': 24473, 'rank': 7, 'fitness': 0.9689382833504814, 'generation': 318}","{'id': 24457, 'rank': 8, 'fitness': 0.967841448910437, 'generation': 318}","{'id': 24457, 'rank': 9, 'fitness': 0.967841448910437, 'generation': 318}","{'id': 24434, 'rank': 10, 'fitness': 0.9674002707067346, 'generation': 318}","{'id': 24497, 'rank': 11, 'fitness': 0.9620983015201119, 'generation': 318}","{'id': 24399, 'rank': 12, 'fitness': 0.9617977766344105, 'generation': 318}","{'id': 24399, 'rank': 13, 'fitness': 0.9617977766344105, 'generation': 318}","{'id': 24462, 'rank': 14, 'fitness': 0.9563478570687726, 'generation': 318}","{'id': 24170, 'rank': 15, 'fitness': 0.9535414263471649, 'generation': 318}","{'id': 24170, 'rank': 16, 'fitness': 0.9535414263471649, 'generation': 318}","{'id': 24450, 'rank': 17, 'fitness': 0.9494400813656345, 'generation': 318}","{'id': 24332, 'rank': 18, 'fitness': 0.9475036295361079, 'generation': 318}","{'id': 24425, 'rank': 19, 'fitness': 0.9460232794305399, 'generation': 318}","{'id': 24461, 'rank': 20, 'fitness': 0.9337426754448038, 'generation': 318}","{'id': 24461, 'rank': 21, 'fitness': 0.9337426754448038, 'generation': 318}","{'id': 24483, 'rank': 22, 'fitness': 0.9111906980198211, 'generation': 318}","{'id': 24128, 'rank': 23, 'fitness': 0.9111162798034907, 'generation': 318}","{'id': 24367, 'rank': 24, 'fitness': 0.9070548153200766, 'generation': 318}","{'id': 24367, 'rank': 25, 'fitness': 0.9070548153200766, 'generation': 318}","{'id': 24394, 'rank': 26, 'fitness': 0.9016705188967695, 'generation': 318}","{'id': 24486, 'rank': 27, 'fitness': 0.8913754259553761, 'generation': 318}","{'id': 24426, 'rank': 28, 'fitness': 0.8687639173720894, 'generation': 318}","{'id': 24432, 'rank': 29, 'fitness': 0.49498223599887026, 'generation': 318}","{'id': 24305, 'rank': 30, 'fitness': 0.01798620996209155, 'generation': 318}"
"{'id': 24544, 'rank': 1, 'fitness': 0.9820137900379085, 'generation': 319}","{'id': 24466, 'rank': 2, 'fitness': 0.9762364850011457, 'generation': 319}","{'id': 24546, 'rank': 3, 'fitness': 0.9748935504608327, 'generation': 319}","{'id': 24467, 'rank': 4, 'fitness': 0.9654199650909514, 'generation': 319}","{'id': 24586, 'rank': 5, 'fitness': 0.9639759155489889, 'generation': 319}","{'id': 24583, 'rank': 6, 'fitness': 0.9407422762087909, 'generation': 319}","{'id': 24583, 'rank': 7, 'fitness': 0.9407422762087909, 'generation': 319}","{'id': 24588, 'rank': 8, 'fitness': 0.935151389245452, 'generation': 319}","{'id': 24587, 'rank': 9, 'fitness': 0.9325695770434645, 'generation': 319}","{'id': 24473, 'rank': 10, 'fitness': 0.9299407258845359, 'generation': 319}","{'id': 24457, 'rank': 11, 'fitness': 0.9250796855712795, 'generation': 319}","{'id': 24399, 'rank': 12, 'fitness': 0.8959708022945831, 'generation': 319}","{'id': 24573, 'rank': 13, 'fitness': 0.8875596717189745, 'generation': 319}","{'id': 24170, 'rank': 14, 'fitness': 0.8508048641271246, 'generation': 319}","{'id': 24170, 'rank': 15, 'fitness': 0.8508048641271246, 'generation': 319}","{'id': 24170, 'rank': 16, 'fitness': 0.8508048641271246, 'generation': 319}","{'id': 24574, 'rank': 17, 'fitness': 0.8493956827779854, 'generation': 319}","{'id': 24574, 'rank': 18, 'fitness': 0.8493956827779854, 'generation': 319}","{'id': 24515, 'rank': 19, 'fitness': 0.8454947762312254, 'generation': 319}","{'id': 24450, 'rank': 20, 'fitness': 0.8265665864202819, 'generation': 319}","{'id': 24536, 'rank': 21, 'fitness': 0.6987047637641416, 'generation': 319}","{'id': 24565, 'rank': 22, 'fitness': 0.6429609441013066, 'generation': 319}","{'id': 24509, 'rank': 23, 'fitness': 0.5783711418502806, 'generation': 319}","{'id': 24521, 'rank': 24, 'fitness': 0.5697362710969167, 'generation': 319}","{'id': 24367, 'rank': 25, 'fitness': 0.5598348316899058, 'generation': 319}","{'id': 24367, 'rank': 26, 'fitness': 0.5598348316899058, 'generation': 319}","{'id': 24553, 'rank': 27, 'fitness': 0.48418680157455735, 'generation': 319}","{'id': 24486, 'rank': 28, 'fitness': 0.4726962389613653, 'generation': 319}","{'id': 24562, 'rank': 29, 'fitness': 0.2006215075883911, 'generation': 319}","{'id': 24563, 'rank': 30, 'fitness': 0.01798620996209155, 'generation': 319}"
"{'id': 24622, 'rank': 1, 'fitness': 0.9820137900379085, 'generation': 320}","{'id': 24622, 'rank': 2, 'fitness': 0.9820137900379085, 'generation': 320}","{'id': 24620, 'rank': 3, 'fitness': 0.9819489676838491, 'generation': 320}","{'id': 24637, 'rank': 4, 'fitness': 0.9818739715808282, 'generation': 320}","{'id': 24467, 'rank': 5, 'fitness': 0.981824445364892, 'generation': 320}","{'id': 24586, 'rank': 6, 'fitness': 0.9818088631116939, 'generation': 320}","{'id': 24641, 'rank': 7, 'fitness': 0.9816629399394661, 'generation': 320}","{'id': 24583, 'rank': 8, 'fitness': 0.9816159453729145, 'generation': 320}","{'id': 24587, 'rank': 9, 'fitness': 0.9815646475793318, 'generation': 320}","{'id': 24457, 'rank': 10, 'fitness': 0.9815223689957728, 'generation': 320}","{'id': 24623, 'rank': 11, 'fitness': 0.9814334490942691, 'generation': 320}","{'id': 24629, 'rank': 12, 'fitness': 0.9812773264109362, 'generation': 320}","{'id': 24170, 'rank': 13, 'fitness': 0.9812317889794884, 'generation': 320}","{'id': 24170, 'rank': 14, 'fitness': 0.9812317889794884, 'generation': 320}","{'id': 24170, 'rank': 15, 'fitness': 0.9812317889794884, 'generation': 320}","{'id': 24170, 'rank': 16, 'fitness': 0.9812317889794884, 'generation': 320}","{'id': 24574, 'rank': 17, 'fitness': 0.981227597014553, 'generation': 320}","{'id': 24450, 'rank': 18, 'fitness': 0.9811636547847633, 'generation': 320}","{'id': 24450, 'rank': 19, 'fitness': 0.9811636547847633, 'generation': 320}","{'id': 24659, 'rank': 20, 'fitness': 0.9810859530645251, 'generation': 320}","{'id': 24553, 'rank': 21, 'fitness': 0.980535584872217, 'generation': 320}","{'id': 24562, 'rank': 22, 'fitness': 0.9800105972947017, 'generation': 320}","{'id': 24608, 'rank': 23, 'fitness': 0.978955007376835, 'generation': 320}","{'id': 24563, 'rank': 24, 'fitness': 0.978927470622302, 'generation': 320}","{'id': 24627, 'rank': 25, 'fitness': 0.9751227182379071, 'generation': 320}","{'id': 24612, 'rank': 26, 'fitness': 0.9623290042517686, 'generation': 320}","{'id': 24606, 'rank': 27, 'fitness': 0.9564468348673414, 'generation': 320}","{'id': 24616, 'rank': 28, 'fitness': 0.9550521000775036, 'generation': 320}","{'id': 24663, 'rank': 29, 'fitness': 0.7408922139415989, 'generation': 320}","{'id': 24624, 'rank': 30, 'fitness': 0.01798620996209155, 'generation': 320}"
"{'id': 24706, 'rank': 1, 'fitness': 0.9820137900379085, 'generation': 321}","{'id': 24712, 'rank': 2, 'fitness': 0.9818616455612809, 'generation': 321}","{'id': 24622, 'rank': 3, 'fitness': 0.9790628474246977, 'generation': 321}","{'id': 24751, 'rank': 4, 'fitness': 0.9700544601968661, 'generation': 321}","{'id': 24704, 'rank': 5, 'fitness': 0.969698061310316, 'generation': 321}","{'id': 24637, 'rank': 6, 'fitness': 0.9696968421824421, 'generation': 321}","{'id': 24586, 'rank': 7, 'fitness': 0.9640864391123051, 'generation': 321}","{'id': 24586, 'rank': 8, 'fitness': 0.9640864391123051, 'generation': 321}","{'id': 24586, 'rank': 9, 'fitness': 0.9640864391123051, 'generation': 321}","{'id': 24689, 'rank': 10, 'fitness': 0.9568401699184799, 'generation': 321}","{'id': 24685, 'rank': 11, 'fitness': 0.9517267218352015, 'generation': 321}","{'id': 24686, 'rank': 12, 'fitness': 0.9495312517319066, 'generation': 321}","{'id': 24730, 'rank': 13, 'fitness': 0.9370199107112227, 'generation': 321}","{'id': 24724, 'rank': 14, 'fitness': 0.9322769138411371, 'generation': 321}","{'id': 24716, 'rank': 15, 'fitness': 0.9318887611577773, 'generation': 321}","{'id': 24754, 'rank': 16, 'fitness': 0.9142027496770104, 'generation': 321}","{'id': 24623, 'rank': 17, 'fitness': 0.9079672129034575, 'generation': 321}","{'id': 24742, 'rank': 18, 'fitness': 0.8759751768985267, 'generation': 321}","{'id': 24729, 'rank': 19, 'fitness': 0.8592086451474593, 'generation': 321}","{'id': 24574, 'rank': 20, 'fitness': 0.851773328512905, 'generation': 321}","{'id': 24731, 'rank': 21, 'fitness': 0.8495830356062769, 'generation': 321}","{'id': 24450, 'rank': 22, 'fitness': 0.829469744172082, 'generation': 321}","{'id': 24745, 'rank': 23, 'fitness': 0.7566153126370623, 'generation': 321}","{'id': 24718, 'rank': 24, 'fitness': 0.7529486605348568, 'generation': 321}","{'id': 24755, 'rank': 25, 'fitness': 0.6186227889529273, 'generation': 321}","{'id': 24697, 'rank': 26, 'fitness': 0.5689689750321267, 'generation': 321}","{'id': 24553, 'rank': 27, 'fitness': 0.49332786331237094, 'generation': 321}","{'id': 24709, 'rank': 28, 'fitness': 0.4390945184276663, 'generation': 321}","{'id': 24682, 'rank': 29, 'fitness': 0.18840156740311542, 'generation': 321}","{'id': 24677, 'rank': 30, 'fitness': 0.01798620996209155, 'generation': 321}"
"{'id': 24706, 'rank': 1, 'fitness': 0.9820137900379085, 'generation': 322}","{'id': 24706, 'rank': 2, 'fitness': 0.9820137900379085, 'generation': 322}","{'id': 24792, 'rank': 3, 'fitness': 0.9819298715547041, 'generation': 322}","{'id': 24751, 'rank': 4, 'fitness': 0.9819007039519523, 'generation': 322}","{'id': 24637, 'rank': 5, 'fitness': 0.9818980440083533, 'generation': 322}","{'id': 24586, 'rank': 6, 'fitness': 0.9818598276435855, 'generation': 322}","{'id': 24782, 'rank': 7, 'fitness': 0.9818016644653114, 'generation': 322}","{'id': 24782, 'rank': 8, 'fitness': 0.9818016644653114, 'generation': 322}","{'id': 24685, 'rank': 9, 'fitness': 0.9817924848328901, 'generation': 322}","{'id': 24686, 'rank': 10, 'fitness': 0.9817822560533893, 'generation': 322}","{'id': 24768, 'rank': 11, 'fitness': 0.9817324659902009, 'generation': 322}","{'id': 24730, 'rank': 12, 'fitness': 0.9817308520437075, 'generation': 322}","{'id': 24716, 'rank': 13, 'fitness': 0.9817124626895095, 'generation': 322}","{'id': 24793, 'rank': 14, 'fitness': 0.9816959634945553, 'generation': 322}","{'id': 24834, 'rank': 15, 'fitness': 0.9816944173123563, 'generation': 322}","{'id': 24767, 'rank': 16, 'fitness': 0.981654595939404, 'generation': 322}","{'id': 24763, 'rank': 17, 'fitness': 0.9816251572527728, 'generation': 322}","{'id': 24729, 'rank': 18, 'fitness': 0.981534395895567, 'generation': 322}","{'id': 24729, 'rank': 19, 'fitness': 0.981534395895567, 'generation': 322}","{'id': 24682, 'rank': 20, 'fitness': 0.9807957969960336, 'generation': 322}","{'id': 24760, 'rank': 21, 'fitness': 0.9807167164382535, 'generation': 322}","{'id': 24760, 'rank': 22, 'fitness': 0.9807167164382535, 'generation': 322}","{'id': 24819, 'rank': 23, 'fitness': 0.9806799929785288, 'generation': 322}","{'id': 24825, 'rank': 24, 'fitness': 0.9806066430019601, 'generation': 322}","{'id': 24761, 'rank': 25, 'fitness': 0.9804942424942993, 'generation': 322}","{'id': 24798, 'rank': 26, 'fitness': 0.9799118411289212, 'generation': 322}","{'id': 24798, 'rank': 27, 'fitness': 0.9799118411289212, 'generation': 322}","{'id': 24758, 'rank': 28, 'fitness': 0.9735885893943332, 'generation': 322}","{'id': 24832, 'rank': 29, 'fitness': 0.5999017078812513, 'generation': 322}","{'id': 24765, 'rank': 30, 'fitness': 0.01798620996209155, 'generation': 322}"
"{'id': 24706, 'rank': 1, 'fitness': 0.9820137900379085, 'generation': 323}","{'id': 24706, 'rank': 2, 'fitness': 0.9820137900379085, 'generation': 323}","{'id': 24878, 'rank': 3, 'fitness': 0.9803185150397753, 'generation': 323}","{'id': 24792, 'rank': 4, 'fitness': 0.9753143398323619, 'generation': 323}","{'id': 24792, 'rank': 5, 'fitness': 0.9753143398323619, 'generation': 323}","{'id': 24895, 'rank': 6, 'fitness': 0.9726425733330476, 'generation': 323}","{'id': 24637, 'rank': 7, 'fitness': 0.972192389592357, 'generation': 323}","{'id': 24637, 'rank': 8, 'fitness': 0.972192389592357, 'generation': 323}","{'id': 24586, 'rank': 9, 'fitness': 0.9679437243016757, 'generation': 323}","{'id': 24586, 'rank': 10, 'fitness': 0.9679437243016757, 'generation': 323}","{'id': 24911, 'rank': 11, 'fitness': 0.9638434849709496, 'generation': 323}","{'id': 24911, 'rank': 12, 'fitness': 0.9638434849709496, 'generation': 323}","{'id': 24894, 'rank': 13, 'fitness': 0.9638080071948507, 'generation': 323}","{'id': 24894, 'rank': 14, 'fitness': 0.9638080071948507, 'generation': 323}","{'id': 24916, 'rank': 15, 'fitness': 0.9634837464708852, 'generation': 323}","{'id': 24896, 'rank': 16, 'fitness': 0.9567368580689719, 'generation': 323}","{'id': 24890, 'rank': 17, 'fitness': 0.9489047969049211, 'generation': 323}","{'id': 24768, 'rank': 18, 'fitness': 0.9488950498194725, 'generation': 323}","{'id': 24843, 'rank': 19, 'fitness': 0.947966699460762, 'generation': 323}","{'id': 24834, 'rank': 20, 'fitness': 0.9414088095925498, 'generation': 323}","{'id': 24863, 'rank': 21, 'fitness': 0.9325103570788111, 'generation': 323}","{'id': 24887, 'rank': 22, 'fitness': 0.9184307957566178, 'generation': 323}","{'id': 24922, 'rank': 23, 'fitness': 0.9124363236174786, 'generation': 323}","{'id': 24906, 'rank': 24, 'fitness': 0.8600306555270258, 'generation': 323}","{'id': 24892, 'rank': 25, 'fitness': 0.8493242791267027, 'generation': 323}","{'id': 24760, 'rank': 26, 'fitness': 0.30117405063319436, 'generation': 323}","{'id': 24872, 'rank': 27, 'fitness': 0.2469903290474707, 'generation': 323}","{'id': 24825, 'rank': 28, 'fitness': 0.22482360962045, 'generation': 323}","{'id': 24852, 'rank': 29, 'fitness': 0.140800248214363, 'generation': 323}","{'id': 24913, 'rank': 30, 'fitness': 0.01798620996209155, 'generation': 323}"
"{'id': 24930, 'rank': 1, 'fitness': 0.9820137900379085, 'generation': 324}","{'id': 24792, 'rank': 2, 'fitness': 0.9693986413117914, 'generation': 324}","{'id': 24792, 'rank': 3, 'fitness': 0.9693986413117914, 'generation': 324}","{'id': 24998, 'rank': 4, 'fitness': 0.9687023678800422, 'generation': 324}","{'id': 24928, 'rank': 5, 'fitness': 0.9560303420548897, 'generation': 324}","{'id': 24928, 'rank': 6, 'fitness': 0.9560303420548897, 'generation': 324}","{'id': 24894, 'rank': 7, 'fitness': 0.9485630820459148, 'generation': 324}","{'id': 24896, 'rank': 8, 'fitness': 0.9346080351723034, 'generation': 324}","{'id': 24978, 'rank': 9, 'fitness': 0.9185893768640059, 'generation': 324}","{'id': 24978, 'rank': 10, 'fitness': 0.9185893768640059, 'generation': 324}","{'id': 24978, 'rank': 11, 'fitness': 0.9185893768640059, 'generation': 324}","{'id': 24768, 'rank': 12, 'fitness': 0.9183376937789277, 'generation': 324}","{'id': 24843, 'rank': 13, 'fitness': 0.9163639851925358, 'generation': 324}","{'id': 24986, 'rank': 14, 'fitness': 0.8963187442662018, 'generation': 324}","{'id': 24951, 'rank': 15, 'fitness': 0.8889435973406394, 'generation': 324}","{'id': 24988, 'rank': 16, 'fitness': 0.8884636833611026, 'generation': 324}","{'id': 24984, 'rank': 17, 'fitness': 0.8816142752474427, 'generation': 324}","{'id': 24984, 'rank': 18, 'fitness': 0.8816142752474427, 'generation': 324}","{'id': 24984, 'rank': 19, 'fitness': 0.8816142752474427, 'generation': 324}","{'id': 24887, 'rank': 20, 'fitness': 0.8499154578781316, 'generation': 324}","{'id': 24956, 'rank': 21, 'fitness': 0.824699322445035, 'generation': 324}","{'id': 24949, 'rank': 22, 'fitness': 0.7827426884352487, 'generation': 324}","{'id': 24961, 'rank': 23, 'fitness': 0.7824514495102306, 'generation': 324}","{'id': 24935, 'rank': 24, 'fitness': 0.7791102543336748, 'generation': 324}","{'id': 24991, 'rank': 25, 'fitness': 0.7500563000146196, 'generation': 324}","{'id': 24940, 'rank': 26, 'fitness': 0.6792271578357247, 'generation': 324}","{'id': 24958, 'rank': 27, 'fitness': 0.6161759341123735, 'generation': 324}","{'id': 24948, 'rank': 28, 'fitness': 0.6100405207438273, 'generation': 324}","{'id': 24994, 'rank': 29, 'fitness': 0.20964545771090548, 'generation': 324}","{'id': 24963, 'rank': 30, 'fitness': 0.01798620996209155, 'generation': 324}"
"{'id': 24792, 'rank': 1, 'fitness': 0.9820137900379085, 'generation': 325}","{'id': 25040, 'rank': 2, 'fitness': 0.981488160395454, 'generation': 325}","{'id': 25040, 'rank': 3, 'fitness': 0.981488160395454, 'generation': 325}","{'id': 25040, 'rank': 4, 'fitness': 0.981488160395454, 'generation': 325}","{'id': 25040, 'rank': 5, 'fitness': 0.981488160395454, 'generation': 325}","{'id': 25040, 'rank': 6, 'fitness': 0.981488160395454, 'generation': 325}","{'id': 24928, 'rank': 7, 'fitness': 0.9813060464292925, 'generation': 325}","{'id': 24768, 'rank': 8, 'fitness': 0.979999730543457, 'generation': 325}","{'id': 24768, 'rank': 9, 'fitness': 0.979999730543457, 'generation': 325}","{'id': 25058, 'rank': 10, 'fitness': 0.9796744465553071, 'generation': 325}","{'id': 25058, 'rank': 11, 'fitness': 0.9796744465553071, 'generation': 325}","{'id': 24951, 'rank': 12, 'fitness': 0.9792915940995846, 'generation': 325}","{'id': 24951, 'rank': 13, 'fitness': 0.9792915940995846, 'generation': 325}","{'id': 24887, 'rank': 14, 'fitness': 0.9785456021427825, 'generation': 325}","{'id': 24940, 'rank': 15, 'fitness': 0.9762786067665727, 'generation': 325}","{'id': 24948, 'rank': 16, 'fitness': 0.9755350354010863, 'generation': 325}","{'id': 25072, 'rank': 17, 'fitness': 0.9720554557886133, 'generation': 325}","{'id': 25055, 'rank': 18, 'fitness': 0.9718757723098554, 'generation': 325}","{'id': 25005, 'rank': 19, 'fitness': 0.9650620133580127, 'generation': 325}","{'id': 24963, 'rank': 20, 'fitness': 0.9616214942636168, 'generation': 325}","{'id': 25032, 'rank': 21, 'fitness': 0.9591741374751802, 'generation': 325}","{'id': 25054, 'rank': 22, 'fitness': 0.9590432400426592, 'generation': 325}","{'id': 25033, 'rank': 23, 'fitness': 0.9557321144357462, 'generation': 325}","{'id': 25084, 'rank': 24, 'fitness': 0.8803167866983054, 'generation': 325}","{'id': 25036, 'rank': 25, 'fitness': 0.8798211778483354, 'generation': 325}","{'id': 25014, 'rank': 26, 'fitness': 0.8639107061133694, 'generation': 325}","{'id': 25024, 'rank': 27, 'fitness': 0.8559319474066885, 'generation': 325}","{'id': 25027, 'rank': 28, 'fitness': 0.8386098402564666, 'generation': 325}","{'id': 25083, 'rank': 29, 'fitness': 0.8267598699083314, 'generation': 325}","{'id': 25000, 'rank': 30, 'fitness': 0.01798620996209155, 'generation': 325}"
"{'id': 25133, 'rank': 1, 'fitness': 0.9820137900379085, 'generation': 326}","{'id': 25040, 'rank': 2, 'fitness': 0.9809826120029738, 'generation': 326}","{'id': 24928, 'rank': 3, 'fitness': 0.9807365237410988, 'generation': 326}","{'id': 25094, 'rank': 4, 'fitness': 0.9796189039389829, 'generation': 326}","{'id': 24768, 'rank': 5, 'fitness': 0.9789500653371734, 'generation': 326}","{'id': 25166, 'rank': 6, 'fitness': 0.9780262287400494, 'generation': 326}","{'id': 24951, 'rank': 7, 'fitness': 0.977966508489178, 'generation': 326}","{'id': 24951, 'rank': 8, 'fitness': 0.977966508489178, 'generation': 326}","{'id': 24951, 'rank': 9, 'fitness': 0.977966508489178, 'generation': 326}","{'id': 25096, 'rank': 10, 'fitness': 0.9776934473176009, 'generation': 326}","{'id': 25099, 'rank': 11, 'fitness': 0.9768493462381812, 'generation': 326}","{'id': 25090, 'rank': 12, 'fitness': 0.976449055508021, 'generation': 326}","{'id': 25137, 'rank': 13, 'fitness': 0.9763750627084438, 'generation': 326}","{'id': 25088, 'rank': 14, 'fitness': 0.9757062890877042, 'generation': 326}","{'id': 25110, 'rank': 15, 'fitness': 0.974998442588134, 'generation': 326}","{'id': 25091, 'rank': 16, 'fitness': 0.9740041262288217, 'generation': 326}","{'id': 25098, 'rank': 17, 'fitness': 0.9724503376127668, 'generation': 326}","{'id': 25138, 'rank': 18, 'fitness': 0.9720536598956913, 'generation': 326}","{'id': 25141, 'rank': 19, 'fitness': 0.9695055890556987, 'generation': 326}","{'id': 25140, 'rank': 20, 'fitness': 0.9651476743149285, 'generation': 326}","{'id': 25117, 'rank': 21, 'fitness': 0.9623322212930989, 'generation': 326}","{'id': 25108, 'rank': 22, 'fitness': 0.9599530222671729, 'generation': 326}","{'id': 25054, 'rank': 23, 'fitness': 0.9463075000559363, 'generation': 326}","{'id': 25139, 'rank': 24, 'fitness': 0.9420739926789495, 'generation': 326}","{'id': 25159, 'rank': 25, 'fitness': 0.9392045713355547, 'generation': 326}","{'id': 25143, 'rank': 26, 'fitness': 0.9119819252738761, 'generation': 326}","{'id': 25153, 'rank': 27, 'fitness': 0.9099227922116827, 'generation': 326}","{'id': 25131, 'rank': 28, 'fitness': 0.1922687154199753, 'generation': 326}","{'id': 25129, 'rank': 29, 'fitness': 0.05824921643608366, 'generation': 326}","{'id': 25125, 'rank': 30, 'fitness': 0.01798620996209155, 'generation': 326}"
"{'id': 25133, 'rank': 1, 'fitness': 0.9820137900379085, 'generation': 327}","{'id': 25174, 'rank': 2, 'fitness': 0.981266987479424, 'generation': 327}","{'id': 25193, 'rank': 3, 'fitness': 0.9785414302548909, 'generation': 327}","{'id': 25193, 'rank': 4, 'fitness': 0.9785414302548909, 'generation': 327}","{'id': 25193, 'rank': 5, 'fitness': 0.9785414302548909, 'generation': 327}","{'id': 25173, 'rank': 6, 'fitness': 0.9725045971794366, 'generation': 327}","{'id': 25171, 'rank': 7, 'fitness': 0.9720186150020516, 'generation': 327}","{'id': 25171, 'rank': 8, 'fitness': 0.9720186150020516, 'generation': 327}","{'id': 25166, 'rank': 9, 'fitness': 0.9708656101730968, 'generation': 327}","{'id': 25219, 'rank': 10, 'fitness': 0.9678880263670103, 'generation': 327}","{'id': 25110, 'rank': 11, 'fitness': 0.960335568491459, 'generation': 327}","{'id': 25170, 'rank': 12, 'fitness': 0.9587133788580666, 'generation': 327}","{'id': 25204, 'rank': 13, 'fitness': 0.9584468458087227, 'generation': 327}","{'id': 25194, 'rank': 14, 'fitness': 0.9560896391869931, 'generation': 327}","{'id': 25217, 'rank': 15, 'fitness': 0.9560173392084215, 'generation': 327}","{'id': 25177, 'rank': 16, 'fitness': 0.9555828382125153, 'generation': 327}","{'id': 25251, 'rank': 17, 'fitness': 0.9536872696462235, 'generation': 327}","{'id': 25251, 'rank': 18, 'fitness': 0.9536872696462235, 'generation': 327}","{'id': 25138, 'rank': 19, 'fitness': 0.948360150693395, 'generation': 327}","{'id': 25250, 'rank': 20, 'fitness': 0.9467864564815001, 'generation': 327}","{'id': 25192, 'rank': 21, 'fitness': 0.9384297750715146, 'generation': 327}","{'id': 25244, 'rank': 22, 'fitness': 0.9379328659561303, 'generation': 327}","{'id': 25140, 'rank': 23, 'fitness': 0.9136908853374373, 'generation': 327}","{'id': 25117, 'rank': 24, 'fitness': 0.8970407381835765, 'generation': 327}","{'id': 25185, 'rank': 25, 'fitness': 0.8875498960297357, 'generation': 327}","{'id': 25185, 'rank': 26, 'fitness': 0.8875498960297357, 'generation': 327}","{'id': 25185, 'rank': 27, 'fitness': 0.8875498960297357, 'generation': 327}","{'id': 25187, 'rank': 28, 'fitness': 0.8200262064053033, 'generation': 327}","{'id': 25233, 'rank': 29, 'fitness': 0.3454999896608848, 'generation': 327}","{'id': 25213, 'rank': 30, 'fitness': 0.01798620996209155, 'generation': 327}"
"{'id': 25304, 'rank': 1, 'fitness': 0.9820137900379085, 'generation': 328}","{'id': 25304, 'rank': 2, 'fitness': 0.9820137900379085, 'generation': 328}","{'id': 25193, 'rank': 3, 'fitness': 0.9809577646068296, 'generation': 328}","{'id': 25296, 'rank': 4, 'fitness': 0.9795032539312243, 'generation': 328}","{'id': 25171, 'rank': 5, 'fitness': 0.9791629491690986, 'generation': 328}","{'id': 25171, 'rank': 6, 'fitness': 0.9791629491690986, 'generation': 328}","{'id': 25291, 'rank': 7, 'fitness': 0.9785398404179273, 'generation': 328}","{'id': 25291, 'rank': 8, 'fitness': 0.9785398404179273, 'generation': 328}","{'id': 25260, 'rank': 9, 'fitness': 0.977905841202761, 'generation': 328}","{'id': 25272, 'rank': 10, 'fitness': 0.9775685898466906, 'generation': 328}","{'id': 25321, 'rank': 11, 'fitness': 0.9775615261460234, 'generation': 328}","{'id': 25170, 'rank': 12, 'fitness': 0.9761986410726082, 'generation': 328}","{'id': 25170, 'rank': 13, 'fitness': 0.9761986410726082, 'generation': 328}","{'id': 25194, 'rank': 14, 'fitness': 0.9756883615299041, 'generation': 328}","{'id': 25194, 'rank': 15, 'fitness': 0.9756883615299041, 'generation': 328}","{'id': 25177, 'rank': 16, 'fitness': 0.975591987777874, 'generation': 328}","{'id': 25315, 'rank': 17, 'fitness': 0.9743873651175553, 'generation': 328}","{'id': 25138, 'rank': 18, 'fitness': 0.9742863052244214, 'generation': 328}","{'id': 25313, 'rank': 19, 'fitness': 0.9718281797451953, 'generation': 328}","{'id': 25313, 'rank': 20, 'fitness': 0.9718281797451953, 'generation': 328}","{'id': 25277, 'rank': 21, 'fitness': 0.9706677288613766, 'generation': 328}","{'id': 25277, 'rank': 22, 'fitness': 0.9706677288613766, 'generation': 328}","{'id': 25277, 'rank': 23, 'fitness': 0.9706677288613766, 'generation': 328}","{'id': 25140, 'rank': 24, 'fitness': 0.9691898780259269, 'generation': 328}","{'id': 25312, 'rank': 25, 'fitness': 0.9678100768511456, 'generation': 328}","{'id': 25117, 'rank': 26, 'fitness': 0.967163474383703, 'generation': 328}","{'id': 25187, 'rank': 27, 'fitness': 0.9594520910514538, 'generation': 328}","{'id': 25328, 'rank': 28, 'fitness': 0.9324250194216338, 'generation': 328}","{'id': 25300, 'rank': 29, 'fitness': 0.8551163031797633, 'generation': 328}","{'id': 25314, 'rank': 30, 'fitness': 0.01798620996209155, 'generation': 328}"
"{'id': 25354, 'rank': 1, 'fitness': 0.9820137900379085, 'generation': 329}","{'id': 25304, 'rank': 2, 'fitness': 0.9782625470086471, 'generation': 329}","{'id': 25357, 'rank': 3, 'fitness': 0.9764992093929741, 'generation': 329}","{'id': 25393, 'rank': 4, 'fitness': 0.9749696352063519, 'generation': 329}","{'id': 25353, 'rank': 5, 'fitness': 0.9728411402866313, 'generation': 329}","{'id': 25395, 'rank': 6, 'fitness': 0.9674260288332028, 'generation': 329}","{'id': 25403, 'rank': 7, 'fitness': 0.9607896714846831, 'generation': 329}","{'id': 25403, 'rank': 8, 'fitness': 0.9607896714846831, 'generation': 329}","{'id': 25382, 'rank': 9, 'fitness': 0.9578054605005595, 'generation': 329}","{'id': 25366, 'rank': 10, 'fitness': 0.9444865326900427, 'generation': 329}","{'id': 25366, 'rank': 11, 'fitness': 0.9444865326900427, 'generation': 329}","{'id': 25291, 'rank': 12, 'fitness': 0.9441762165074461, 'generation': 329}","{'id': 25420, 'rank': 13, 'fitness': 0.9354561256735463, 'generation': 329}","{'id': 25321, 'rank': 14, 'fitness': 0.9295956640719707, 'generation': 329}","{'id': 25170, 'rank': 15, 'fitness': 0.904872246420507, 'generation': 329}","{'id': 25170, 'rank': 16, 'fitness': 0.904872246420507, 'generation': 329}","{'id': 25368, 'rank': 17, 'fitness': 0.8980767033368475, 'generation': 329}","{'id': 25396, 'rank': 18, 'fitness': 0.8309051721573573, 'generation': 329}","{'id': 25396, 'rank': 19, 'fitness': 0.8309051721573573, 'generation': 329}","{'id': 25277, 'rank': 20, 'fitness': 0.7477345333246344, 'generation': 329}","{'id': 25361, 'rank': 21, 'fitness': 0.7376973302574892, 'generation': 329}","{'id': 25312, 'rank': 22, 'fitness': 0.6377234321800216, 'generation': 329}","{'id': 25408, 'rank': 23, 'fitness': 0.6264258968015927, 'generation': 329}","{'id': 25362, 'rank': 24, 'fitness': 0.5894953261162548, 'generation': 329}","{'id': 25362, 'rank': 25, 'fitness': 0.5894953261162548, 'generation': 329}","{'id': 25402, 'rank': 26, 'fitness': 0.5607887266498772, 'generation': 329}","{'id': 25398, 'rank': 27, 'fitness': 0.553783984029863, 'generation': 329}","{'id': 25364, 'rank': 28, 'fitness': 0.5196151463532482, 'generation': 329}","{'id': 25410, 'rank': 29, 'fitness': 0.09133750005008323, 'generation': 329}","{'id': 25414, 'rank': 30, 'fitness': 0.01798620996209155, 'generation': 329}"
"{'id': 25354, 'rank': 1, 'fitness': 0.9820137900379085, 'generation': 330}","{'id': 25357, 'rank': 2, 'fitness': 0.9805715070375871, 'generation': 330}","{'id': 25393, 'rank': 3, 'fitness': 0.9802139156424503, 'generation': 330}","{'id': 25353, 'rank': 4, 'fitness': 0.979740598733051, 'generation': 330}","{'id': 25487, 'rank': 5, 'fitness': 0.9785377567363021, 'generation': 330}","{'id': 25463, 'rank': 6, 'fitness': 0.978217947779801, 'generation': 330}","{'id': 25463, 'rank': 7, 'fitness': 0.978217947779801, 'generation': 330}","{'id': 25463, 'rank': 8, 'fitness': 0.978217947779801, 'generation': 330}","{'id': 25483, 'rank': 9, 'fitness': 0.9780842019624741, 'generation': 330}","{'id': 25488, 'rank': 10, 'fitness': 0.9778292942946978, 'generation': 330}","{'id': 25485, 'rank': 11, 'fitness': 0.9777522353985966, 'generation': 330}","{'id': 25382, 'rank': 12, 'fitness': 0.9769631591429808, 'generation': 330}","{'id': 25482, 'rank': 13, 'fitness': 0.9765586297949709, 'generation': 330}","{'id': 25491, 'rank': 14, 'fitness': 0.9764561024670387, 'generation': 330}","{'id': 25491, 'rank': 15, 'fitness': 0.9764561024670387, 'generation': 330}","{'id': 25366, 'rank': 16, 'fitness': 0.9750192351620843, 'generation': 330}","{'id': 25504, 'rank': 17, 'fitness': 0.973286741715441, 'generation': 330}","{'id': 25504, 'rank': 18, 'fitness': 0.973286741715441, 'generation': 330}","{'id': 25505, 'rank': 19, 'fitness': 0.9719759394538581, 'generation': 330}","{'id': 25502, 'rank': 20, 'fitness': 0.9644712988342762, 'generation': 330}","{'id': 25479, 'rank': 21, 'fitness': 0.9612793061544357, 'generation': 330}","{'id': 25361, 'rank': 22, 'fitness': 0.9587585337196591, 'generation': 330}","{'id': 25425, 'rank': 23, 'fitness': 0.9499695744894268, 'generation': 330}","{'id': 25425, 'rank': 24, 'fitness': 0.9499695744894268, 'generation': 330}","{'id': 25402, 'rank': 25, 'fitness': 0.9487716221289576, 'generation': 330}","{'id': 25398, 'rank': 26, 'fitness': 0.9483729124582813, 'generation': 330}","{'id': 25506, 'rank': 27, 'fitness': 0.9457158893040551, 'generation': 330}","{'id': 25431, 'rank': 28, 'fitness': 0.8667519369278807, 'generation': 330}","{'id': 25447, 'rank': 29, 'fitness': 0.028878867933507302, 'generation': 330}","{'id': 25497, 'rank': 30, 'fitness': 0.01798620996209155, 'generation': 330}"
"{'id': 25562, 'rank': 1, 'fitness': 0.9820137900379085, 'generation': 331}","{'id': 25354, 'rank': 2, 'fitness': 0.9778623904541364, 'generation': 331}","{'id': 25559, 'rank': 3, 'fitness': 0.9753737987612148, 'generation': 331}","{'id': 25522, 'rank': 4, 'fitness': 0.9718542587208334, 'generation': 331}","{'id': 25573, 'rank': 5, 'fitness': 0.9646776112084574, 'generation': 331}","{'id': 25353, 'rank': 6, 'fitness': 0.9644412666751505, 'generation': 331}","{'id': 25353, 'rank': 7, 'fitness': 0.9644412666751505, 'generation': 331}","{'id': 25353, 'rank': 8, 'fitness': 0.9644412666751505, 'generation': 331}","{'id': 25556, 'rank': 9, 'fitness': 0.9641278988694675, 'generation': 331}","{'id': 25463, 'rank': 10, 'fitness': 0.952700726405826, 'generation': 331}","{'id': 25485, 'rank': 11, 'fitness': 0.9486245086297223, 'generation': 331}","{'id': 25592, 'rank': 12, 'fitness': 0.9468772432536462, 'generation': 331}","{'id': 25491, 'rank': 13, 'fitness': 0.9360098805279304, 'generation': 331}","{'id': 25557, 'rank': 14, 'fitness': 0.9337121280375633, 'generation': 331}","{'id': 25596, 'rank': 15, 'fitness': 0.9335662704809047, 'generation': 331}","{'id': 25574, 'rank': 16, 'fitness': 0.9270951393116085, 'generation': 331}","{'id': 25574, 'rank': 17, 'fitness': 0.9270951393116085, 'generation': 331}","{'id': 25531, 'rank': 18, 'fitness': 0.9171880056977685, 'generation': 331}","{'id': 25531, 'rank': 19, 'fitness': 0.9171880056977685, 'generation': 331}","{'id': 25598, 'rank': 20, 'fitness': 0.9082473429962721, 'generation': 331}","{'id': 25504, 'rank': 21, 'fitness': 0.8967990341378904, 'generation': 331}","{'id': 25564, 'rank': 22, 'fitness': 0.8964359289614735, 'generation': 331}","{'id': 25508, 'rank': 23, 'fitness': 0.888743849766687, 'generation': 331}","{'id': 25507, 'rank': 24, 'fitness': 0.8743440355263563, 'generation': 331}","{'id': 25588, 'rank': 25, 'fitness': 0.8307142953076594, 'generation': 331}","{'id': 25547, 'rank': 26, 'fitness': 0.784321699434233, 'generation': 331}","{'id': 25575, 'rank': 27, 'fitness': 0.7523511874701145, 'generation': 331}","{'id': 25479, 'rank': 28, 'fitness': 0.6502282615823025, 'generation': 331}","{'id': 25543, 'rank': 29, 'fitness': 0.03873519625680594, 'generation': 331}","{'id': 25569, 'rank': 30, 'fitness': 0.01798620996209155, 'generation': 331}"
"{'id': 25655, 'rank': 1, 'fitness': 0.9820137900379085, 'generation': 332}","{'id': 25654, 'rank': 2, 'fitness': 0.9802550055177879, 'generation': 332}","{'id': 25654, 'rank': 3, 'fitness': 0.9802550055177879, 'generation': 332}","{'id': 25657, 'rank': 4, 'fitness': 0.9796619797499978, 'generation': 332}","{'id': 25522, 'rank': 5, 'fitness': 0.9793540921653076, 'generation': 332}","{'id': 25615, 'rank': 6, 'fitness': 0.9749804307914427, 'generation': 332}","{'id': 25485, 'rank': 7, 'fitness': 0.9694590728242278, 'generation': 332}","{'id': 25592, 'rank': 8, 'fitness': 0.9687813979072543, 'generation': 332}","{'id': 25592, 'rank': 9, 'fitness': 0.9687813979072543, 'generation': 332}","{'id': 25609, 'rank': 10, 'fitness': 0.9674408078214747, 'generation': 332}","{'id': 25491, 'rank': 11, 'fitness': 0.9647081373046829, 'generation': 332}","{'id': 25491, 'rank': 12, 'fitness': 0.9647081373046829, 'generation': 332}","{'id': 25531, 'rank': 13, 'fitness': 0.9581000175917849, 'generation': 332}","{'id': 25531, 'rank': 14, 'fitness': 0.9581000175917849, 'generation': 332}","{'id': 25564, 'rank': 15, 'fitness': 0.9512686761207501, 'generation': 332}","{'id': 25608, 'rank': 16, 'fitness': 0.944708444654916, 'generation': 332}","{'id': 25605, 'rank': 17, 'fitness': 0.9406275143126009, 'generation': 332}","{'id': 25674, 'rank': 18, 'fitness': 0.9372800698822418, 'generation': 332}","{'id': 25612, 'rank': 19, 'fitness': 0.936500165075779, 'generation': 332}","{'id': 25671, 'rank': 20, 'fitness': 0.9346565107391496, 'generation': 332}","{'id': 25673, 'rank': 21, 'fitness': 0.9305510680218085, 'generation': 332}","{'id': 25673, 'rank': 22, 'fitness': 0.9305510680218085, 'generation': 332}","{'id': 25645, 'rank': 23, 'fitness': 0.8375425557860506, 'generation': 332}","{'id': 25645, 'rank': 24, 'fitness': 0.8375425557860506, 'generation': 332}","{'id': 25661, 'rank': 25, 'fitness': 0.8141087930815958, 'generation': 332}","{'id': 25662, 'rank': 26, 'fitness': 0.8126347009174135, 'generation': 332}","{'id': 25647, 'rank': 27, 'fitness': 0.6401451404872596, 'generation': 332}","{'id': 25619, 'rank': 28, 'fitness': 0.4837990076340071, 'generation': 332}","{'id': 25601, 'rank': 29, 'fitness': 0.3893610898754095, 'generation': 332}","{'id': 25630, 'rank': 30, 'fitness': 0.01798620996209155, 'generation': 332}"
"{'id': 25655, 'rank': 1, 'fitness': 0.9820137900379085, 'generation': 333}","{'id': 25714, 'rank': 2, 'fitness': 0.9817252370065014, 'generation': 333}","{'id': 25654, 'rank': 3, 'fitness': 0.9815289896937504, 'generation': 333}","{'id': 25654, 'rank': 4, 'fitness': 0.9815289896937504, 'generation': 333}","{'id': 25753, 'rank': 5, 'fitness': 0.9814642203633627, 'generation': 333}","{'id': 25753, 'rank': 6, 'fitness': 0.9814642203633627, 'generation': 333}","{'id': 25522, 'rank': 7, 'fitness': 0.9812923042033155, 'generation': 333}","{'id': 25522, 'rank': 8, 'fitness': 0.9812923042033155, 'generation': 333}","{'id': 25711, 'rank': 9, 'fitness': 0.9811678296958771, 'generation': 333}","{'id': 25709, 'rank': 10, 'fitness': 0.9809129846189042, 'generation': 333}","{'id': 25697, 'rank': 11, 'fitness': 0.9804567720111238, 'generation': 333}","{'id': 25697, 'rank': 12, 'fitness': 0.9804567720111238, 'generation': 333}","{'id': 25592, 'rank': 13, 'fitness': 0.9789387688310389, 'generation': 333}","{'id': 25592, 'rank': 14, 'fitness': 0.9789387688310389, 'generation': 333}","{'id': 25531, 'rank': 15, 'fitness': 0.9770683094860788, 'generation': 333}","{'id': 25608, 'rank': 16, 'fitness': 0.9751325111261779, 'generation': 333}","{'id': 25681, 'rank': 17, 'fitness': 0.9749742596816027, 'generation': 333}","{'id': 25679, 'rank': 18, 'fitness': 0.9749722694494384, 'generation': 333}","{'id': 25759, 'rank': 19, 'fitness': 0.9733159880056956, 'generation': 333}","{'id': 25760, 'rank': 20, 'fitness': 0.9722133098305974, 'generation': 333}","{'id': 25760, 'rank': 21, 'fitness': 0.9722133098305974, 'generation': 333}","{'id': 25684, 'rank': 22, 'fitness': 0.9688434296059107, 'generation': 333}","{'id': 25662, 'rank': 23, 'fitness': 0.9636801822172314, 'generation': 333}","{'id': 25751, 'rank': 24, 'fitness': 0.9573723195798947, 'generation': 333}","{'id': 25724, 'rank': 25, 'fitness': 0.9432185386101427, 'generation': 333}","{'id': 25737, 'rank': 26, 'fitness': 0.934585904774432, 'generation': 333}","{'id': 25742, 'rank': 27, 'fitness': 0.8959967617619891, 'generation': 333}","{'id': 25630, 'rank': 28, 'fitness': 0.8482255643060195, 'generation': 333}","{'id': 25703, 'rank': 29, 'fitness': 0.08945747291951628, 'generation': 333}","{'id': 25726, 'rank': 30, 'fitness': 0.01798620996209155, 'generation': 333}"
"{'id': 25655, 'rank': 1, 'fitness': 0.9820137900379085, 'generation': 334}","{'id': 25825, 'rank': 2, 'fitness': 0.9811620442763693, 'generation': 334}","{'id': 25714, 'rank': 3, 'fitness': 0.97825283211066, 'generation': 334}","{'id': 25522, 'rank': 4, 'fitness': 0.9712850116228571, 'generation': 334}","{'id': 25770, 'rank': 5, 'fitness': 0.970748430912791, 'generation': 334}","{'id': 25786, 'rank': 6, 'fitness': 0.966285509655211, 'generation': 334}","{'id': 25807, 'rank': 7, 'fitness': 0.9502165473222915, 'generation': 334}","{'id': 25839, 'rank': 8, 'fitness': 0.947658843723142, 'generation': 334}","{'id': 25839, 'rank': 9, 'fitness': 0.947658843723142, 'generation': 334}","{'id': 25773, 'rank': 10, 'fitness': 0.9465726949114008, 'generation': 334}","{'id': 25773, 'rank': 11, 'fitness': 0.9465726949114008, 'generation': 334}","{'id': 25762, 'rank': 12, 'fitness': 0.9374112060944528, 'generation': 334}","{'id': 25815, 'rank': 13, 'fitness': 0.9130831495437838, 'generation': 334}","{'id': 25769, 'rank': 14, 'fitness': 0.8424233173462109, 'generation': 334}","{'id': 25817, 'rank': 15, 'fitness': 0.8241824859802993, 'generation': 334}","{'id': 25816, 'rank': 16, 'fitness': 0.8166783088976712, 'generation': 334}","{'id': 25799, 'rank': 17, 'fitness': 0.8092040925471562, 'generation': 334}","{'id': 25768, 'rank': 18, 'fitness': 0.7334582004731482, 'generation': 334}","{'id': 25775, 'rank': 19, 'fitness': 0.6936714569206027, 'generation': 334}","{'id': 25608, 'rank': 20, 'fitness': 0.5111153362645305, 'generation': 334}","{'id': 25608, 'rank': 21, 'fitness': 0.5111153362645305, 'generation': 334}","{'id': 25804, 'rank': 22, 'fitness': 0.3190401861650964, 'generation': 334}","{'id': 25843, 'rank': 23, 'fitness': 0.23113284192182415, 'generation': 334}","{'id': 25760, 'rank': 24, 'fitness': 0.21117834420944187, 'generation': 334}","{'id': 25790, 'rank': 25, 'fitness': 0.15029650587091037, 'generation': 334}","{'id': 25821, 'rank': 26, 'fitness': 0.05976847066383023, 'generation': 334}","{'id': 25821, 'rank': 27, 'fitness': 0.05976847066383023, 'generation': 334}","{'id': 25842, 'rank': 28, 'fitness': 0.044358841536013494, 'generation': 334}","{'id': 25764, 'rank': 29, 'fitness': 0.02059219754699071, 'generation': 334}","{'id': 25836, 'rank': 30, 'fitness': 0.01798620996209155, 'generation': 334}"
"{'id': 25864, 'rank': 1, 'fitness': 0.9820137900379085, 'generation': 335}","{'id': 25864, 'rank': 2, 'fitness': 0.9820137900379085, 'generation': 335}","{'id': 25714, 'rank': 3, 'fitness': 0.9807645103602154, 'generation': 335}","{'id': 25899, 'rank': 4, 'fitness': 0.9800180268721815, 'generation': 335}","{'id': 25869, 'rank': 5, 'fitness': 0.9796449533591967, 'generation': 335}","{'id': 25807, 'rank': 6, 'fitness': 0.979170811882891, 'generation': 335}","{'id': 25807, 'rank': 7, 'fitness': 0.979170811882891, 'generation': 335}","{'id': 25807, 'rank': 8, 'fitness': 0.979170811882891, 'generation': 335}","{'id': 25773, 'rank': 9, 'fitness': 0.9790263963080794, 'generation': 335}","{'id': 25773, 'rank': 10, 'fitness': 0.9790263963080794, 'generation': 335}","{'id': 25762, 'rank': 11, 'fitness': 0.9786970659869672, 'generation': 335}","{'id': 25815, 'rank': 12, 'fitness': 0.9779850855355109, 'generation': 335}","{'id': 25815, 'rank': 13, 'fitness': 0.9779850855355109, 'generation': 335}","{'id': 25769, 'rank': 14, 'fitness': 0.9765641181522657, 'generation': 335}","{'id': 25775, 'rank': 15, 'fitness': 0.9746273040435616, 'generation': 335}","{'id': 25775, 'rank': 16, 'fitness': 0.9746273040435616, 'generation': 335}","{'id': 25894, 'rank': 17, 'fitness': 0.9745638239655036, 'generation': 335}","{'id': 25866, 'rank': 18, 'fitness': 0.9693935413378796, 'generation': 335}","{'id': 25821, 'rank': 19, 'fitness': 0.9647652219626484, 'generation': 335}","{'id': 25821, 'rank': 20, 'fitness': 0.9647652219626484, 'generation': 335}","{'id': 25871, 'rank': 21, 'fitness': 0.9637847168181781, 'generation': 335}","{'id': 25902, 'rank': 22, 'fitness': 0.960772374864954, 'generation': 335}","{'id': 25836, 'rank': 23, 'fitness': 0.9605303056942712, 'generation': 335}","{'id': 25836, 'rank': 24, 'fitness': 0.9605303056942712, 'generation': 335}","{'id': 25836, 'rank': 25, 'fitness': 0.9605303056942712, 'generation': 335}","{'id': 25851, 'rank': 26, 'fitness': 0.9571084112244763, 'generation': 335}","{'id': 25852, 'rank': 27, 'fitness': 0.9523282666650641, 'generation': 335}","{'id': 25901, 'rank': 28, 'fitness': 0.9407798184376084, 'generation': 335}","{'id': 25878, 'rank': 29, 'fitness': 0.23781148334414698, 'generation': 335}","{'id': 25860, 'rank': 30, 'fitness': 0.01798620996209155, 'generation': 335}"
"{'id': 25984, 'rank': 1, 'fitness': 0.9820137900379085, 'generation': 336}","{'id': 25864, 'rank': 2, 'fitness': 0.9785712301468301, 'generation': 336}","{'id': 25899, 'rank': 3, 'fitness': 0.9592756312616505, 'generation': 336}","{'id': 25899, 'rank': 4, 'fitness': 0.9592756312616505, 'generation': 336}","{'id': 25982, 'rank': 5, 'fitness': 0.9585278259859391, 'generation': 336}","{'id': 25993, 'rank': 6, 'fitness': 0.9540974116832237, 'generation': 336}","{'id': 25807, 'rank': 7, 'fitness': 0.9477337383419002, 'generation': 336}","{'id': 25807, 'rank': 8, 'fitness': 0.9477337383419002, 'generation': 336}","{'id': 25773, 'rank': 9, 'fitness': 0.9455336935768196, 'generation': 336}","{'id': 25773, 'rank': 10, 'fitness': 0.9455336935768196, 'generation': 336}","{'id': 25916, 'rank': 11, 'fitness': 0.9338915066457321, 'generation': 336}","{'id': 25968, 'rank': 12, 'fitness': 0.929260564072709, 'generation': 336}","{'id': 25974, 'rank': 13, 'fitness': 0.9003029067991426, 'generation': 336}","{'id': 25991, 'rank': 14, 'fitness': 0.8911842094876699, 'generation': 336}","{'id': 25941, 'rank': 15, 'fitness': 0.8887593373130116, 'generation': 336}","{'id': 25953, 'rank': 16, 'fitness': 0.8886174718509046, 'generation': 336}","{'id': 25950, 'rank': 17, 'fitness': 0.8764722831254321, 'generation': 336}","{'id': 25964, 'rank': 18, 'fitness': 0.8700255915145998, 'generation': 336}","{'id': 25924, 'rank': 19, 'fitness': 0.8567866679434012, 'generation': 336}","{'id': 25775, 'rank': 20, 'fitness': 0.8390484823204265, 'generation': 336}","{'id': 25775, 'rank': 21, 'fitness': 0.8390484823204265, 'generation': 336}","{'id': 25921, 'rank': 22, 'fitness': 0.7879158063476668, 'generation': 336}","{'id': 25911, 'rank': 23, 'fitness': 0.710098946367377, 'generation': 336}","{'id': 25942, 'rank': 24, 'fitness': 0.7006201657836281, 'generation': 336}","{'id': 25913, 'rank': 25, 'fitness': 0.6794723198439305, 'generation': 336}","{'id': 25910, 'rank': 26, 'fitness': 0.4685292672573721, 'generation': 336}","{'id': 25936, 'rank': 27, 'fitness': 0.13843140018384337, 'generation': 336}","{'id': 25936, 'rank': 28, 'fitness': 0.13843140018384337, 'generation': 336}","{'id': 25852, 'rank': 29, 'fitness': 0.08438852756913684, 'generation': 336}","{'id': 25925, 'rank': 30, 'fitness': 0.01798620996209155, 'generation': 336}"
"{'id': 25864, 'rank': 1, 'fitness': 0.9820137900379085, 'generation': 337}","{'id': 26026, 'rank': 2, 'fitness': 0.9801732100464343, 'generation': 337}","{'id': 26028, 'rank': 3, 'fitness': 0.9760338383078515, 'generation': 337}","{'id': 25993, 'rank': 4, 'fitness': 0.9742063917064183, 'generation': 337}","{'id': 26029, 'rank': 5, 'fitness': 0.9728634330712183, 'generation': 337}","{'id': 26029, 'rank': 6, 'fitness': 0.9728634330712183, 'generation': 337}","{'id': 25807, 'rank': 7, 'fitness': 0.9725506878300872, 'generation': 337}","{'id': 25807, 'rank': 8, 'fitness': 0.9725506878300872, 'generation': 337}","{'id': 25807, 'rank': 9, 'fitness': 0.9725506878300872, 'generation': 337}","{'id': 25807, 'rank': 10, 'fitness': 0.9725506878300872, 'generation': 337}","{'id': 25773, 'rank': 11, 'fitness': 0.972001048260352, 'generation': 337}","{'id': 25916, 'rank': 12, 'fitness': 0.9692519502410345, 'generation': 337}","{'id': 25968, 'rank': 13, 'fitness': 0.9682215576950403, 'generation': 337}","{'id': 25974, 'rank': 14, 'fitness': 0.9623558532758774, 'generation': 337}","{'id': 25950, 'rank': 15, 'fitness': 0.9580453236966533, 'generation': 337}","{'id': 25964, 'rank': 16, 'fitness': 0.9569353020702361, 'generation': 337}","{'id': 26045, 'rank': 17, 'fitness': 0.9537371567952366, 'generation': 337}","{'id': 26045, 'rank': 18, 'fitness': 0.9537371567952366, 'generation': 337}","{'id': 25775, 'rank': 19, 'fitness': 0.9518451482079564, 'generation': 337}","{'id': 25775, 'rank': 20, 'fitness': 0.9518451482079564, 'generation': 337}","{'id': 25775, 'rank': 21, 'fitness': 0.9518451482079564, 'generation': 337}","{'id': 25921, 'rank': 22, 'fitness': 0.9440322360786808, 'generation': 337}","{'id': 26067, 'rank': 23, 'fitness': 0.9353027443419913, 'generation': 337}","{'id': 26067, 'rank': 24, 'fitness': 0.9353027443419913, 'generation': 337}","{'id': 26046, 'rank': 25, 'fitness': 0.7979594353781259, 'generation': 337}","{'id': 26021, 'rank': 26, 'fitness': 0.6426513177923907, 'generation': 337}","{'id': 25925, 'rank': 27, 'fitness': 0.583771376355924, 'generation': 337}","{'id': 26015, 'rank': 28, 'fitness': 0.5085766123513832, 'generation': 337}","{'id': 26001, 'rank': 29, 'fitness': 0.1008477676727208, 'generation': 337}","{'id': 26013, 'rank': 30, 'fitness': 0.01798620996209155, 'generation': 337}"
"{'id': 26028, 'rank': 1, 'fitness': 0.9820137900379085, 'generation': 338}","{'id': 26104, 'rank': 2, 'fitness': 0.9792876348563093, 'generation': 338}","{'id': 26029, 'rank': 3, 'fitness': 0.9783254551311634, 'generation': 338}","{'id': 26029, 'rank': 4, 'fitness': 0.9783254551311634, 'generation': 338}","{'id': 26114, 'rank': 5, 'fitness': 0.9782928737476873, 'generation': 338}","{'id': 25807, 'rank': 6, 'fitness': 0.9779494467574296, 'generation': 338}","{'id': 25807, 'rank': 7, 'fitness': 0.9779494467574296, 'generation': 338}","{'id': 25807, 'rank': 8, 'fitness': 0.9779494467574296, 'generation': 338}","{'id': 25807, 'rank': 9, 'fitness': 0.9779494467574296, 'generation': 338}","{'id': 26108, 'rank': 10, 'fitness': 0.968613787322284, 'generation': 338}","{'id': 26108, 'rank': 11, 'fitness': 0.968613787322284, 'generation': 338}","{'id': 26108, 'rank': 12, 'fitness': 0.968613787322284, 'generation': 338}","{'id': 25974, 'rank': 13, 'fitness': 0.9645990212242175, 'generation': 338}","{'id': 25974, 'rank': 14, 'fitness': 0.9645990212242175, 'generation': 338}","{'id': 26117, 'rank': 15, 'fitness': 0.962557283826198, 'generation': 338}","{'id': 25950, 'rank': 16, 'fitness': 0.9583717089787038, 'generation': 338}","{'id': 26086, 'rank': 17, 'fitness': 0.9579318951166977, 'generation': 338}","{'id': 26146, 'rank': 18, 'fitness': 0.9569490496219584, 'generation': 338}","{'id': 26084, 'rank': 19, 'fitness': 0.9515453301424779, 'generation': 338}","{'id': 26084, 'rank': 20, 'fitness': 0.9515453301424779, 'generation': 338}","{'id': 25775, 'rank': 21, 'fitness': 0.948876586572263, 'generation': 338}","{'id': 26116, 'rank': 22, 'fitness': 0.9347291412070422, 'generation': 338}","{'id': 26067, 'rank': 23, 'fitness': 0.9208612433801732, 'generation': 338}","{'id': 26082, 'rank': 24, 'fitness': 0.8984884970352706, 'generation': 338}","{'id': 26144, 'rank': 25, 'fitness': 0.8796107422427926, 'generation': 338}","{'id': 26134, 'rank': 26, 'fitness': 0.8659793089809161, 'generation': 338}","{'id': 26141, 'rank': 27, 'fitness': 0.8045126457133088, 'generation': 338}","{'id': 26094, 'rank': 28, 'fitness': 0.7843527119533501, 'generation': 338}","{'id': 26133, 'rank': 29, 'fitness': 0.4614987228909141, 'generation': 338}","{'id': 26127, 'rank': 30, 'fitness': 0.01798620996209155, 'generation': 338}"
"{'id': 26162, 'rank': 1, 'fitness': 0.9820137900379085, 'generation': 339}","{'id': 26028, 'rank': 2, 'fitness': 0.9809208689428047, 'generation': 339}","{'id': 26104, 'rank': 3, 'fitness': 0.9797966496346996, 'generation': 339}","{'id': 26029, 'rank': 4, 'fitness': 0.979420592514727, 'generation': 339}","{'id': 25807, 'rank': 5, 'fitness': 0.9792762707205332, 'generation': 339}","{'id': 25807, 'rank': 6, 'fitness': 0.9792762707205332, 'generation': 339}","{'id': 25807, 'rank': 7, 'fitness': 0.9792762707205332, 'generation': 339}","{'id': 26176, 'rank': 8, 'fitness': 0.9790204904775658, 'generation': 339}","{'id': 26176, 'rank': 9, 'fitness': 0.9790204904775658, 'generation': 339}","{'id': 26205, 'rank': 10, 'fitness': 0.9787607771832157, 'generation': 339}","{'id': 26218, 'rank': 11, 'fitness': 0.9778966314953994, 'generation': 339}","{'id': 26211, 'rank': 12, 'fitness': 0.9751466052461597, 'generation': 339}","{'id': 25974, 'rank': 13, 'fitness': 0.9748601335156173, 'generation': 339}","{'id': 26117, 'rank': 14, 'fitness': 0.9742748325339811, 'generation': 339}","{'id': 26210, 'rank': 15, 'fitness': 0.9733617778831676, 'generation': 339}","{'id': 26086, 'rank': 16, 'fitness': 0.9730118817585517, 'generation': 339}","{'id': 26146, 'rank': 17, 'fitness': 0.9727536354944739, 'generation': 339}","{'id': 26146, 'rank': 18, 'fitness': 0.9727536354944739, 'generation': 339}","{'id': 26155, 'rank': 19, 'fitness': 0.9712863966500891, 'generation': 339}","{'id': 26116, 'rank': 20, 'fitness': 0.9676040325782194, 'generation': 339}","{'id': 26157, 'rank': 21, 'fitness': 0.964559872864938, 'generation': 339}","{'id': 26082, 'rank': 22, 'fitness': 0.9608914249547302, 'generation': 339}","{'id': 26153, 'rank': 23, 'fitness': 0.959915098367299, 'generation': 339}","{'id': 26144, 'rank': 24, 'fitness': 0.9578592611358681, 'generation': 339}","{'id': 26185, 'rank': 25, 'fitness': 0.9453290649240143, 'generation': 339}","{'id': 26171, 'rank': 26, 'fitness': 0.9431857871993932, 'generation': 339}","{'id': 26208, 'rank': 27, 'fitness': 0.9354835245303131, 'generation': 339}","{'id': 26192, 'rank': 28, 'fitness': 0.9243452320451309, 'generation': 339}","{'id': 26191, 'rank': 29, 'fitness': 0.01798620996209155, 'generation': 339}","{'id': 26191, 'rank': 30, 'fitness': 0.01798620996209155, 'generation': 339}"
"{'id': 26266, 'rank': 1, 'fitness': 0.9820137900379085, 'generation': 340}","{'id': 26263, 'rank': 2, 'fitness': 0.9582172874392395, 'generation': 340}","{'id': 26028, 'rank': 3, 'fitness': 0.9196914916535872, 'generation': 340}","{'id': 26264, 'rank': 4, 'fitness': 0.9050380680570107, 'generation': 340}","{'id': 26104, 'rank': 5, 'fitness': 0.8902328969145538, 'generation': 340}","{'id': 26265, 'rank': 6, 'fitness': 0.8871996503611481, 'generation': 340}","{'id': 26029, 'rank': 7, 'fitness': 0.8788826923026735, 'generation': 340}","{'id': 26267, 'rank': 8, 'fitness': 0.8657722787111144, 'generation': 340}","{'id': 26267, 'rank': 9, 'fitness': 0.8657722787111144, 'generation': 340}","{'id': 26205, 'rank': 10, 'fitness': 0.8571055391573071, 'generation': 340}","{'id': 26218, 'rank': 11, 'fitness': 0.8250023691008417, 'generation': 340}","{'id': 26262, 'rank': 12, 'fitness': 0.8144191100529091, 'generation': 340}","{'id': 26211, 'rank': 13, 'fitness': 0.698707763839274, 'generation': 340}","{'id': 25974, 'rank': 14, 'fitness': 0.6838895131997367, 'generation': 340}","{'id': 26253, 'rank': 15, 'fitness': 0.6450744128155569, 'generation': 340}","{'id': 26242, 'rank': 16, 'fitness': 0.6137708962643647, 'generation': 340}","{'id': 26210, 'rank': 17, 'fitness': 0.6036212508532257, 'generation': 340}","{'id': 26146, 'rank': 18, 'fitness': 0.570408497228795, 'generation': 340}","{'id': 26261, 'rank': 19, 'fitness': 0.5554403485448808, 'generation': 340}","{'id': 26257, 'rank': 20, 'fitness': 0.5382423442216011, 'generation': 340}","{'id': 26268, 'rank': 21, 'fitness': 0.5039976196625147, 'generation': 340}","{'id': 26226, 'rank': 22, 'fitness': 0.48983116377951386, 'generation': 340}","{'id': 26272, 'rank': 23, 'fitness': 0.4647864410791504, 'generation': 340}","{'id': 26298, 'rank': 24, 'fitness': 0.39796806036322985, 'generation': 340}","{'id': 26298, 'rank': 25, 'fitness': 0.39796806036322985, 'generation': 340}","{'id': 26116, 'rank': 26, 'fitness': 0.31634132364964385, 'generation': 340}","{'id': 26295, 'rank': 27, 'fitness': 0.1291741611928955, 'generation': 340}","{'id': 26294, 'rank': 28, 'fitness': 0.10879653290559477, 'generation': 340}","{'id': 26286, 'rank': 29, 'fitness': 0.08399886993529615, 'generation': 340}","{'id': 26185, 'rank': 30, 'fitness': 0.01798620996209155, 'generation': 340}"
"{'id': 26263, 'rank': 1, 'fitness': 0.9820137900379085, 'generation': 341}","{'id': 26263, 'rank': 2, 'fitness': 0.9820137900379085, 'generation': 341}","{'id': 26264, 'rank': 3, 'fitness': 0.9816751250988913, 'generation': 341}","{'id': 26265, 'rank': 4, 'fitness': 0.9816002246402447, 'generation': 341}","{'id': 26267, 'rank': 5, 'fitness': 0.9815225454779922, 'generation': 341}","{'id': 25974, 'rank': 6, 'fitness': 0.9810889769349098, 'generation': 341}","{'id': 26253, 'rank': 7, 'fitness': 0.9810189011542797, 'generation': 341}","{'id': 26242, 'rank': 8, 'fitness': 0.980964730429402, 'generation': 341}","{'id': 26261, 'rank': 9, 'fitness': 0.9808673141866215, 'generation': 341}","{'id': 26261, 'rank': 10, 'fitness': 0.9808673141866215, 'generation': 341}","{'id': 26261, 'rank': 11, 'fitness': 0.9808673141866215, 'generation': 341}","{'id': 26257, 'rank': 12, 'fitness': 0.9808391107395402, 'generation': 341}","{'id': 26272, 'rank': 13, 'fitness': 0.9807190478400298, 'generation': 341}","{'id': 26298, 'rank': 14, 'fitness': 0.980607098197873, 'generation': 341}","{'id': 26309, 'rank': 15, 'fitness': 0.9802095962430339, 'generation': 341}","{'id': 26309, 'rank': 16, 'fitness': 0.9802095962430339, 'generation': 341}","{'id': 26295, 'rank': 17, 'fitness': 0.9799825843248089, 'generation': 341}","{'id': 26294, 'rank': 18, 'fitness': 0.9798997302100261, 'generation': 341}","{'id': 26286, 'rank': 19, 'fitness': 0.9797774333938531, 'generation': 341}","{'id': 26307, 'rank': 20, 'fitness': 0.9794952872629326, 'generation': 341}","{'id': 26311, 'rank': 21, 'fitness': 0.9646564576685324, 'generation': 341}","{'id': 26326, 'rank': 22, 'fitness': 0.9618895864464831, 'generation': 341}","{'id': 26325, 'rank': 23, 'fitness': 0.9574672067567054, 'generation': 341}","{'id': 26354, 'rank': 24, 'fitness': 0.9502620286666407, 'generation': 341}","{'id': 26316, 'rank': 25, 'fitness': 0.9483650551420758, 'generation': 341}","{'id': 26314, 'rank': 26, 'fitness': 0.9433724759449248, 'generation': 341}","{'id': 26349, 'rank': 27, 'fitness': 0.3745772181620568, 'generation': 341}","{'id': 26347, 'rank': 28, 'fitness': 0.08778255047623384, 'generation': 341}","{'id': 26334, 'rank': 29, 'fitness': 0.01834676040370925, 'generation': 341}","{'id': 26361, 'rank': 30, 'fitness': 0.01798620996209155, 'generation': 341}"
"{'id': 26443, 'rank': 1, 'fitness': 0.9820137900379085, 'generation': 342}","{'id': 26264, 'rank': 2, 'fitness': 0.9785290008234868, 'generation': 342}","{'id': 26409, 'rank': 3, 'fitness': 0.9782654513763094, 'generation': 342}","{'id': 26408, 'rank': 4, 'fitness': 0.9777264546500466, 'generation': 342}","{'id': 26412, 'rank': 5, 'fitness': 0.9759107510660072, 'generation': 342}","{'id': 26412, 'rank': 6, 'fitness': 0.9759107510660072, 'generation': 342}","{'id': 26415, 'rank': 7, 'fitness': 0.9747226773550933, 'generation': 342}","{'id': 25974, 'rank': 8, 'fitness': 0.9725545395542126, 'generation': 342}","{'id': 26253, 'rank': 9, 'fitness': 0.9717541601711717, 'generation': 342}","{'id': 26242, 'rank': 10, 'fitness': 0.9711220105188203, 'generation': 342}","{'id': 26403, 'rank': 11, 'fitness': 0.9708708270354685, 'generation': 342}","{'id': 26372, 'rank': 12, 'fitness': 0.968259088060397, 'generation': 342}","{'id': 26372, 'rank': 13, 'fitness': 0.968259088060397, 'generation': 342}","{'id': 26431, 'rank': 14, 'fitness': 0.967269157197454, 'generation': 342}","{'id': 26431, 'rank': 15, 'fitness': 0.967269157197454, 'generation': 342}","{'id': 26434, 'rank': 16, 'fitness': 0.9672690054908364, 'generation': 342}","{'id': 26434, 'rank': 17, 'fitness': 0.9672690054908364, 'generation': 342}","{'id': 26374, 'rank': 18, 'fitness': 0.9667822611783173, 'generation': 342}","{'id': 26374, 'rank': 19, 'fitness': 0.9667822611783173, 'generation': 342}","{'id': 26392, 'rank': 20, 'fitness': 0.9652899924276648, 'generation': 342}","{'id': 26378, 'rank': 21, 'fitness': 0.9637184733827218, 'generation': 342}","{'id': 26378, 'rank': 22, 'fitness': 0.9637184733827218, 'generation': 342}","{'id': 26433, 'rank': 23, 'fitness': 0.9622727233604693, 'generation': 342}","{'id': 26376, 'rank': 24, 'fitness': 0.9617454622193644, 'generation': 342}","{'id': 26401, 'rank': 25, 'fitness': 0.9579165779061102, 'generation': 342}","{'id': 26294, 'rank': 26, 'fitness': 0.9560555182887094, 'generation': 342}","{'id': 26421, 'rank': 27, 'fitness': 0.08789608140576094, 'generation': 342}","{'id': 26421, 'rank': 28, 'fitness': 0.08789608140576094, 'generation': 342}","{'id': 26440, 'rank': 29, 'fitness': 0.023567172638117306, 'generation': 342}","{'id': 26438, 'rank': 30, 'fitness': 0.01798620996209155, 'generation': 342}"
"{'id': 26516, 'rank': 1, 'fitness': 0.9820137900379085, 'generation': 343}","{'id': 26516, 'rank': 2, 'fitness': 0.9820137900379085, 'generation': 343}","{'id': 26443, 'rank': 3, 'fitness': 0.9782406293647314, 'generation': 343}","{'id': 26264, 'rank': 4, 'fitness': 0.9315983382859662, 'generation': 343}","{'id': 26408, 'rank': 5, 'fitness': 0.9140011640418882, 'generation': 343}","{'id': 26412, 'rank': 6, 'fitness': 0.8621391111381524, 'generation': 343}","{'id': 26488, 'rank': 7, 'fitness': 0.8248684186552604, 'generation': 343}","{'id': 26415, 'rank': 8, 'fitness': 0.818597726857158, 'generation': 343}","{'id': 26415, 'rank': 9, 'fitness': 0.818597726857158, 'generation': 343}","{'id': 26476, 'rank': 10, 'fitness': 0.8130514828752875, 'generation': 343}","{'id': 26253, 'rank': 11, 'fitness': 0.679764870483426, 'generation': 343}","{'id': 26471, 'rank': 12, 'fitness': 0.6494705717578008, 'generation': 343}","{'id': 26514, 'rank': 13, 'fitness': 0.5339321123974935, 'generation': 343}","{'id': 26493, 'rank': 14, 'fitness': 0.5287175105683031, 'generation': 343}","{'id': 26434, 'rank': 15, 'fitness': 0.43730114936759423, 'generation': 343}","{'id': 26477, 'rank': 16, 'fitness': 0.3582548091441431, 'generation': 343}","{'id': 26477, 'rank': 17, 'fitness': 0.3582548091441431, 'generation': 343}","{'id': 26378, 'rank': 18, 'fitness': 0.2774344138017261, 'generation': 343}","{'id': 26463, 'rank': 19, 'fitness': 0.22879637723138108, 'generation': 343}","{'id': 26433, 'rank': 20, 'fitness': 0.22697853605315482, 'generation': 343}","{'id': 26511, 'rank': 21, 'fitness': 0.15761703276345895, 'generation': 343}","{'id': 26474, 'rank': 22, 'fitness': 0.12179229856485363, 'generation': 343}","{'id': 26478, 'rank': 23, 'fitness': 0.12155443230698504, 'generation': 343}","{'id': 26456, 'rank': 24, 'fitness': 0.06925246437425303, 'generation': 343}","{'id': 26451, 'rank': 25, 'fitness': 0.057159236518137424, 'generation': 343}","{'id': 26513, 'rank': 26, 'fitness': 0.0458308456930262, 'generation': 343}","{'id': 26449, 'rank': 27, 'fitness': 0.040127254204041396, 'generation': 343}","{'id': 26467, 'rank': 28, 'fitness': 0.03578268747872004, 'generation': 343}","{'id': 26460, 'rank': 29, 'fitness': 0.028782087484172436, 'generation': 343}","{'id': 26482, 'rank': 30, 'fitness': 0.01798620996209155, 'generation': 343}"
"{'id': 26516, 'rank': 1, 'fitness': 0.9820137900379085, 'generation': 344}","{'id': 26516, 'rank': 2, 'fitness': 0.9820137900379085, 'generation': 344}","{'id': 26547, 'rank': 3, 'fitness': 0.9819940726753935, 'generation': 344}","{'id': 26578, 'rank': 4, 'fitness': 0.981977019967955, 'generation': 344}","{'id': 26546, 'rank': 5, 'fitness': 0.98193102449862, 'generation': 344}","{'id': 26546, 'rank': 6, 'fitness': 0.98193102449862, 'generation': 344}","{'id': 26264, 'rank': 7, 'fitness': 0.9818625487210263, 'generation': 344}","{'id': 26488, 'rank': 8, 'fitness': 0.9817460489448004, 'generation': 344}","{'id': 26415, 'rank': 9, 'fitness': 0.9817413365166224, 'generation': 344}","{'id': 26253, 'rank': 10, 'fitness': 0.9816581226866676, 'generation': 344}","{'id': 26253, 'rank': 11, 'fitness': 0.9816581226866676, 'generation': 344}","{'id': 26471, 'rank': 12, 'fitness': 0.9816430797754856, 'generation': 344}","{'id': 26477, 'rank': 13, 'fitness': 0.9815098393416526, 'generation': 344}","{'id': 26477, 'rank': 14, 'fitness': 0.9815098393416526, 'generation': 344}","{'id': 26477, 'rank': 15, 'fitness': 0.9815098393416526, 'generation': 344}","{'id': 26378, 'rank': 16, 'fitness': 0.981468076348808, 'generation': 344}","{'id': 26474, 'rank': 17, 'fitness': 0.9813539774616646, 'generation': 344}","{'id': 26478, 'rank': 18, 'fitness': 0.9813537273242027, 'generation': 344}","{'id': 26513, 'rank': 19, 'fitness': 0.9812344431986583, 'generation': 344}","{'id': 26449, 'rank': 20, 'fitness': 0.9812187331888333, 'generation': 344}","{'id': 26565, 'rank': 21, 'fitness': 0.981135014816829, 'generation': 344}","{'id': 26568, 'rank': 22, 'fitness': 0.9800621057670418, 'generation': 344}","{'id': 26536, 'rank': 23, 'fitness': 0.9793090499771993, 'generation': 344}","{'id': 26536, 'rank': 24, 'fitness': 0.9793090499771993, 'generation': 344}","{'id': 26526, 'rank': 25, 'fitness': 0.9700573318930875, 'generation': 344}","{'id': 26541, 'rank': 26, 'fitness': 0.9684039957822768, 'generation': 344}","{'id': 26540, 'rank': 27, 'fitness': 0.963453111200709, 'generation': 344}","{'id': 26571, 'rank': 28, 'fitness': 0.886227168786133, 'generation': 344}","{'id': 26550, 'rank': 29, 'fitness': 0.6761585432178027, 'generation': 344}","{'id': 26537, 'rank': 30, 'fitness': 0.01798620996209155, 'generation': 344}"
"{'id': 26516, 'rank': 1, 'fitness': 0.9820137900379085, 'generation': 345}","{'id': 26516, 'rank': 2, 'fitness': 0.9820137900379085, 'generation': 345}","{'id': 26578, 'rank': 3, 'fitness': 0.9815819798951883, 'generation': 345}","{'id': 26646, 'rank': 4, 'fitness': 0.9810801447593545, 'generation': 345}","{'id': 26645, 'rank': 5, 'fitness': 0.9807019457562093, 'generation': 345}","{'id': 26614, 'rank': 6, 'fitness': 0.9802854272125947, 'generation': 345}","{'id': 26264, 'rank': 7, 'fitness': 0.9801775412374447, 'generation': 345}","{'id': 26264, 'rank': 8, 'fitness': 0.9801775412374447, 'generation': 345}","{'id': 26602, 'rank': 9, 'fitness': 0.9796540058698049, 'generation': 345}","{'id': 26488, 'rank': 10, 'fitness': 0.9786505297257372, 'generation': 345}","{'id': 26253, 'rank': 11, 'fitness': 0.9774293319645029, 'generation': 345}","{'id': 26626, 'rank': 12, 'fitness': 0.9772903650196543, 'generation': 345}","{'id': 26626, 'rank': 13, 'fitness': 0.9772903650196543, 'generation': 345}","{'id': 26471, 'rank': 14, 'fitness': 0.9772142702002978, 'generation': 345}","{'id': 26471, 'rank': 15, 'fitness': 0.9772142702002978, 'generation': 345}","{'id': 26599, 'rank': 16, 'fitness': 0.9760754070900073, 'generation': 345}","{'id': 26606, 'rank': 17, 'fitness': 0.9760719905456097, 'generation': 345}","{'id': 26647, 'rank': 18, 'fitness': 0.9750598049985795, 'generation': 345}","{'id': 26636, 'rank': 19, 'fitness': 0.9744304197326257, 'generation': 345}","{'id': 26596, 'rank': 20, 'fitness': 0.9714767681708512, 'generation': 345}","{'id': 26565, 'rank': 21, 'fitness': 0.9687911677155652, 'generation': 345}","{'id': 26639, 'rank': 22, 'fitness': 0.9682038019021659, 'generation': 345}","{'id': 26586, 'rank': 23, 'fitness': 0.9618502554172685, 'generation': 345}","{'id': 26536, 'rank': 24, 'fitness': 0.9121554948040025, 'generation': 345}","{'id': 26594, 'rank': 25, 'fitness': 0.9099913108093467, 'generation': 345}","{'id': 26593, 'rank': 26, 'fitness': 0.8954631312453323, 'generation': 345}","{'id': 26541, 'rank': 27, 'fitness': 0.06246967081913357, 'generation': 345}","{'id': 26631, 'rank': 28, 'fitness': 0.06127397998149409, 'generation': 345}","{'id': 26632, 'rank': 29, 'fitness': 0.04358423542302825, 'generation': 345}","{'id': 26616, 'rank': 30, 'fitness': 0.01798620996209155, 'generation': 345}"
"{'id': 26662, 'rank': 1, 'fitness': 0.9820137900379085, 'generation': 346}","{'id': 26729, 'rank': 2, 'fitness': 0.9810990512095512, 'generation': 346}","{'id': 26578, 'rank': 3, 'fitness': 0.9808291131901083, 'generation': 346}","{'id': 26724, 'rank': 4, 'fitness': 0.9807136360603211, 'generation': 346}","{'id': 26724, 'rank': 5, 'fitness': 0.9807136360603211, 'generation': 346}","{'id': 26702, 'rank': 6, 'fitness': 0.9805577478722889, 'generation': 346}","{'id': 26723, 'rank': 7, 'fitness': 0.9770601633547911, 'generation': 346}","{'id': 26665, 'rank': 8, 'fitness': 0.9751329097593002, 'generation': 346}","{'id': 26725, 'rank': 9, 'fitness': 0.9741760739240352, 'generation': 346}","{'id': 26705, 'rank': 10, 'fitness': 0.9731221830637329, 'generation': 346}","{'id': 26731, 'rank': 11, 'fitness': 0.9723113000093961, 'generation': 346}","{'id': 26700, 'rank': 12, 'fitness': 0.9722604455529937, 'generation': 346}","{'id': 26700, 'rank': 13, 'fitness': 0.9722604455529937, 'generation': 346}","{'id': 26686, 'rank': 14, 'fitness': 0.9711033300288558, 'generation': 346}","{'id': 26686, 'rank': 15, 'fitness': 0.9711033300288558, 'generation': 346}","{'id': 26701, 'rank': 16, 'fitness': 0.9700880508903743, 'generation': 346}","{'id': 26716, 'rank': 17, 'fitness': 0.9669508394419493, 'generation': 346}","{'id': 26659, 'rank': 18, 'fitness': 0.9618729140653736, 'generation': 346}","{'id': 26680, 'rank': 19, 'fitness': 0.9548861279490921, 'generation': 346}","{'id': 26679, 'rank': 20, 'fitness': 0.9546774457487214, 'generation': 346}","{'id': 26626, 'rank': 21, 'fitness': 0.9528793667593459, 'generation': 346}","{'id': 26626, 'rank': 22, 'fitness': 0.9528793667593459, 'generation': 346}","{'id': 26626, 'rank': 23, 'fitness': 0.9528793667593459, 'generation': 346}","{'id': 26471, 'rank': 24, 'fitness': 0.9522077095464021, 'generation': 346}","{'id': 26656, 'rank': 25, 'fitness': 0.9515374277098901, 'generation': 346}","{'id': 26713, 'rank': 26, 'fitness': 0.9399395050635234, 'generation': 346}","{'id': 26687, 'rank': 27, 'fitness': 0.9344688792059797, 'generation': 346}","{'id': 26639, 'rank': 28, 'fitness': 0.818367291563302, 'generation': 346}","{'id': 26699, 'rank': 29, 'fitness': 0.5976873011968067, 'generation': 346}","{'id': 26593, 'rank': 30, 'fitness': 0.01798620996209155, 'generation': 346}"
"{'id': 26788, 'rank': 1, 'fitness': 0.9820137900379085, 'generation': 347}","{'id': 26724, 'rank': 2, 'fitness': 0.974339599779209, 'generation': 347}","{'id': 26724, 'rank': 3, 'fitness': 0.974339599779209, 'generation': 347}","{'id': 26789, 'rank': 4, 'fitness': 0.9741666132657483, 'generation': 347}","{'id': 26741, 'rank': 5, 'fitness': 0.9724907581909666, 'generation': 347}","{'id': 26741, 'rank': 6, 'fitness': 0.9724907581909666, 'generation': 347}","{'id': 26785, 'rank': 7, 'fitness': 0.9593419086570292, 'generation': 347}","{'id': 26785, 'rank': 8, 'fitness': 0.9593419086570292, 'generation': 347}","{'id': 26802, 'rank': 9, 'fitness': 0.9533094875137386, 'generation': 347}","{'id': 26781, 'rank': 10, 'fitness': 0.940415864539272, 'generation': 347}","{'id': 26760, 'rank': 11, 'fitness': 0.9331605299354206, 'generation': 347}","{'id': 26716, 'rank': 12, 'fitness': 0.9306704901796498, 'generation': 347}","{'id': 26747, 'rank': 13, 'fitness': 0.9235871407852907, 'generation': 347}","{'id': 26790, 'rank': 14, 'fitness': 0.9195302980639808, 'generation': 347}","{'id': 26786, 'rank': 15, 'fitness': 0.9057475555410156, 'generation': 347}","{'id': 26786, 'rank': 16, 'fitness': 0.9057475555410156, 'generation': 347}","{'id': 26797, 'rank': 17, 'fitness': 0.9021710510281927, 'generation': 347}","{'id': 26745, 'rank': 18, 'fitness': 0.9018759743230833, 'generation': 347}","{'id': 26735, 'rank': 19, 'fitness': 0.8938065770308221, 'generation': 347}","{'id': 26735, 'rank': 20, 'fitness': 0.8938065770308221, 'generation': 347}","{'id': 26738, 'rank': 21, 'fitness': 0.8835593452122834, 'generation': 347}","{'id': 26679, 'rank': 22, 'fitness': 0.8785656730165178, 'generation': 347}","{'id': 26679, 'rank': 23, 'fitness': 0.8785656730165178, 'generation': 347}","{'id': 26626, 'rank': 24, 'fitness': 0.8701382638764975, 'generation': 347}","{'id': 26800, 'rank': 25, 'fitness': 0.8647506539491301, 'generation': 347}","{'id': 26755, 'rank': 26, 'fitness': 0.8470729175260199, 'generation': 347}","{'id': 26765, 'rank': 27, 'fitness': 0.7839186149578432, 'generation': 347}","{'id': 26768, 'rank': 28, 'fitness': 0.2572531994648142, 'generation': 347}","{'id': 26777, 'rank': 29, 'fitness': 0.06313081832320161, 'generation': 347}","{'id': 26811, 'rank': 30, 'fitness': 0.01798620996209155, 'generation': 347}"
"{'id': 26849, 'rank': 1, 'fitness': 0.9820137900379085, 'generation': 348}","{'id': 26788, 'rank': 2, 'fitness': 0.9795440282565506, 'generation': 348}","{'id': 26788, 'rank': 3, 'fitness': 0.9795440282565506, 'generation': 348}","{'id': 26789, 'rank': 4, 'fitness': 0.9760638291390709, 'generation': 348}","{'id': 26853, 'rank': 5, 'fitness': 0.9671792161549695, 'generation': 348}","{'id': 26851, 'rank': 6, 'fitness': 0.9656510575796218, 'generation': 348}","{'id': 26851, 'rank': 7, 'fitness': 0.9656510575796218, 'generation': 348}","{'id': 26716, 'rank': 8, 'fitness': 0.9630202988448875, 'generation': 348}","{'id': 26857, 'rank': 9, 'fitness': 0.9616988772695181, 'generation': 348}","{'id': 26786, 'rank': 10, 'fitness': 0.9574904948451237, 'generation': 348}","{'id': 26797, 'rank': 11, 'fitness': 0.9567564474707326, 'generation': 348}","{'id': 26797, 'rank': 12, 'fitness': 0.9567564474707326, 'generation': 348}","{'id': 26745, 'rank': 13, 'fitness': 0.9566964334865236, 'generation': 348}","{'id': 26745, 'rank': 14, 'fitness': 0.9566964334865236, 'generation': 348}","{'id': 26735, 'rank': 15, 'fitness': 0.9550853942705269, 'generation': 348}","{'id': 26735, 'rank': 16, 'fitness': 0.9550853942705269, 'generation': 348}","{'id': 26735, 'rank': 17, 'fitness': 0.9550853942705269, 'generation': 348}","{'id': 26819, 'rank': 18, 'fitness': 0.9550181744619193, 'generation': 348}","{'id': 26626, 'rank': 19, 'fitness': 0.9506416509363825, 'generation': 348}","{'id': 26800, 'rank': 20, 'fitness': 0.9496782264076487, 'generation': 348}","{'id': 26755, 'rank': 21, 'fitness': 0.9466161686606882, 'generation': 348}","{'id': 26765, 'rank': 22, 'fitness': 0.93653279739011, 'generation': 348}","{'id': 26861, 'rank': 23, 'fitness': 0.8734793974047039, 'generation': 348}","{'id': 26814, 'rank': 24, 'fitness': 0.6541439099766645, 'generation': 348}","{'id': 26840, 'rank': 25, 'fitness': 0.6419798379718726, 'generation': 348}","{'id': 26863, 'rank': 26, 'fitness': 0.5259255394423691, 'generation': 348}","{'id': 26815, 'rank': 27, 'fitness': 0.39305453577887856, 'generation': 348}","{'id': 26870, 'rank': 28, 'fitness': 0.10075449234791523, 'generation': 348}","{'id': 26864, 'rank': 29, 'fitness': 0.08586378850579146, 'generation': 348}","{'id': 26847, 'rank': 30, 'fitness': 0.01798620996209155, 'generation': 348}"
"{'id': 26910, 'rank': 1, 'fitness': 0.9820137900379085, 'generation': 349}","{'id': 26911, 'rank': 2, 'fitness': 0.9666517478121599, 'generation': 349}","{'id': 26930, 'rank': 3, 'fitness': 0.9517419641349185, 'generation': 349}","{'id': 26909, 'rank': 4, 'fitness': 0.9509955910811587, 'generation': 349}","{'id': 26942, 'rank': 5, 'fitness': 0.9290298358038745, 'generation': 349}","{'id': 26942, 'rank': 6, 'fitness': 0.9290298358038745, 'generation': 349}","{'id': 26716, 'rank': 7, 'fitness': 0.9237988509357635, 'generation': 349}","{'id': 26857, 'rank': 8, 'fitness': 0.9191588821253531, 'generation': 349}","{'id': 26857, 'rank': 9, 'fitness': 0.9191588821253531, 'generation': 349}","{'id': 26932, 'rank': 10, 'fitness': 0.9081356215320582, 'generation': 349}","{'id': 26786, 'rank': 11, 'fitness': 0.9037821401931103, 'generation': 349}","{'id': 26797, 'rank': 12, 'fitness': 0.9010123474541568, 'generation': 349}","{'id': 26819, 'rank': 13, 'fitness': 0.8943566114807536, 'generation': 349}","{'id': 26626, 'rank': 14, 'fitness': 0.8770422188578257, 'generation': 349}","{'id': 26914, 'rank': 15, 'fitness': 0.8621356049974587, 'generation': 349}","{'id': 26956, 'rank': 16, 'fitness': 0.8611652338046702, 'generation': 349}","{'id': 26964, 'rank': 17, 'fitness': 0.7846273593511631, 'generation': 349}","{'id': 26964, 'rank': 18, 'fitness': 0.7846273593511631, 'generation': 349}","{'id': 26960, 'rank': 19, 'fitness': 0.7175156119205864, 'generation': 349}","{'id': 26960, 'rank': 20, 'fitness': 0.7175156119205864, 'generation': 349}","{'id': 26922, 'rank': 21, 'fitness': 0.6470599121884965, 'generation': 349}","{'id': 26941, 'rank': 22, 'fitness': 0.6351882914229139, 'generation': 349}","{'id': 26946, 'rank': 23, 'fitness': 0.5715127399232179, 'generation': 349}","{'id': 26944, 'rank': 24, 'fitness': 0.557285401251745, 'generation': 349}","{'id': 26908, 'rank': 25, 'fitness': 0.5511587607395065, 'generation': 349}","{'id': 26927, 'rank': 26, 'fitness': 0.32116217820542975, 'generation': 349}","{'id': 26903, 'rank': 27, 'fitness': 0.2956931021183998, 'generation': 349}","{'id': 26953, 'rank': 28, 'fitness': 0.2292093375554798, 'generation': 349}","{'id': 26957, 'rank': 29, 'fitness': 0.1789880137794631, 'generation': 349}","{'id': 26815, 'rank': 30, 'fitness': 0.01798620996209155, 'generation': 349}"
"{'id': 27030, 'rank': 1, 'fitness': 0.9820137900379085, 'generation': 350}","{'id': 27030, 'rank': 2, 'fitness': 0.9820137900379085, 'generation': 350}","{'id': 27030, 'rank': 3, 'fitness': 0.9820137900379085, 'generation': 350}","{'id': 26909, 'rank': 4, 'fitness': 0.9812511078981117, 'generation': 350}","{'id': 26942, 'rank': 5, 'fitness': 0.9808871083302878, 'generation': 350}","{'id': 26716, 'rank': 6, 'fitness': 0.9808153360856978, 'generation': 350}","{'id': 26857, 'rank': 7, 'fitness': 0.9807551596791195, 'generation': 350}","{'id': 26857, 'rank': 8, 'fitness': 0.9807551596791195, 'generation': 350}","{'id': 26797, 'rank': 9, 'fitness': 0.9805450344606561, 'generation': 350}","{'id': 26626, 'rank': 10, 'fitness': 0.9803121490354398, 'generation': 350}","{'id': 26914, 'rank': 11, 'fitness': 0.9801853396433182, 'generation': 350}","{'id': 26956, 'rank': 12, 'fitness': 0.9801774679525677, 'generation': 350}","{'id': 26964, 'rank': 13, 'fitness': 0.9796561524241048, 'generation': 350}","{'id': 26964, 'rank': 14, 'fitness': 0.9796561524241048, 'generation': 350}","{'id': 27001, 'rank': 15, 'fitness': 0.9794500736428305, 'generation': 350}","{'id': 26960, 'rank': 16, 'fitness': 0.9792952275920321, 'generation': 350}","{'id': 26960, 'rank': 17, 'fitness': 0.9792952275920321, 'generation': 350}","{'id': 27023, 'rank': 18, 'fitness': 0.978758474328362, 'generation': 350}","{'id': 26946, 'rank': 19, 'fitness': 0.978634967458127, 'generation': 350}","{'id': 26908, 'rank': 20, 'fitness': 0.9785487496072525, 'generation': 350}","{'id': 26815, 'rank': 21, 'fitness': 0.9736848679745729, 'generation': 350}","{'id': 26989, 'rank': 22, 'fitness': 0.9701303945336011, 'generation': 350}","{'id': 26987, 'rank': 23, 'fitness': 0.969395073453907, 'generation': 350}","{'id': 26979, 'rank': 24, 'fitness': 0.9655104783745385, 'generation': 350}","{'id': 26991, 'rank': 25, 'fitness': 0.961407137392162, 'generation': 350}","{'id': 27028, 'rank': 26, 'fitness': 0.7035384497425066, 'generation': 350}","{'id': 26999, 'rank': 27, 'fitness': 0.3649991446047498, 'generation': 350}","{'id': 26996, 'rank': 28, 'fitness': 0.0992184391097074, 'generation': 350}","{'id': 27017, 'rank': 29, 'fitness': 0.01798620996209155, 'generation': 350}","{'id': 27017, 'rank': 30, 'fitness': 0.01798620996209155, 'generation': 350}"
"{'id': 27098, 'rank': 1, 'fitness': 0.9820137900379085, 'generation': 351}","{'id': 27030, 'rank': 2, 'fitness': 0.9792922912637045, 'generation': 351}","{'id': 27093, 'rank': 3, 'fitness': 0.9770524696957341, 'generation': 351}","{'id': 27099, 'rank': 4, 'fitness': 0.9734630094909612, 'generation': 351}","{'id': 27097, 'rank': 5, 'fitness': 0.9723772693250142, 'generation': 351}","{'id': 26942, 'rank': 6, 'fitness': 0.9552046421716227, 'generation': 351}","{'id': 26716, 'rank': 7, 'fitness': 0.9530531490745795, 'generation': 351}","{'id': 27106, 'rank': 8, 'fitness': 0.9486326641221388, 'generation': 351}","{'id': 27106, 'rank': 9, 'fitness': 0.9486326641221388, 'generation': 351}","{'id': 27106, 'rank': 10, 'fitness': 0.9486326641221388, 'generation': 351}","{'id': 27085, 'rank': 11, 'fitness': 0.9474582516675685, 'generation': 351}","{'id': 26797, 'rank': 12, 'fitness': 0.9441224309514847, 'generation': 351}","{'id': 26626, 'rank': 13, 'fitness': 0.9352895906419565, 'generation': 351}","{'id': 26956, 'rank': 14, 'fitness': 0.9296581046844303, 'generation': 351}","{'id': 26956, 'rank': 15, 'fitness': 0.9296581046844303, 'generation': 351}","{'id': 27083, 'rank': 16, 'fitness': 0.9130894556796305, 'generation': 351}","{'id': 27083, 'rank': 17, 'fitness': 0.9130894556796305, 'generation': 351}","{'id': 27083, 'rank': 18, 'fitness': 0.9130894556796305, 'generation': 351}","{'id': 27064, 'rank': 19, 'fitness': 0.9043092694933723, 'generation': 351}","{'id': 26964, 'rank': 20, 'fitness': 0.9038368180795557, 'generation': 351}","{'id': 27104, 'rank': 21, 'fitness': 0.8989993117608215, 'generation': 351}","{'id': 27104, 'rank': 22, 'fitness': 0.8989993117608215, 'generation': 351}","{'id': 27107, 'rank': 23, 'fitness': 0.8932837832112515, 'generation': 351}","{'id': 27107, 'rank': 24, 'fitness': 0.8932837832112515, 'generation': 351}","{'id': 27086, 'rank': 25, 'fitness': 0.8426196993827596, 'generation': 351}","{'id': 26815, 'rank': 26, 'fitness': 0.2405933044500671, 'generation': 351}","{'id': 27065, 'rank': 27, 'fitness': 0.09905798414015399, 'generation': 351}","{'id': 26989, 'rank': 28, 'fitness': 0.055902411556425946, 'generation': 351}","{'id': 27062, 'rank': 29, 'fitness': 0.024726870926042532, 'generation': 351}","{'id': 27079, 'rank': 30, 'fitness': 0.01798620996209155, 'generation': 351}"
"{'id': 27093, 'rank': 1, 'fitness': 0.9820137900379085, 'generation': 352}","{'id': 27099, 'rank': 2, 'fitness': 0.9800218560199715, 'generation': 352}","{'id': 27144, 'rank': 3, 'fitness': 0.9794666565820087, 'generation': 352}","{'id': 27144, 'rank': 4, 'fitness': 0.9794666565820087, 'generation': 352}","{'id': 27097, 'rank': 5, 'fitness': 0.9794337387228584, 'generation': 352}","{'id': 27146, 'rank': 6, 'fitness': 0.9789276861276807, 'generation': 352}","{'id': 27146, 'rank': 7, 'fitness': 0.9789276861276807, 'generation': 352}","{'id': 27120, 'rank': 8, 'fitness': 0.9733723804702653, 'generation': 352}","{'id': 26942, 'rank': 9, 'fitness': 0.9707772298010009, 'generation': 352}","{'id': 26797, 'rank': 10, 'fitness': 0.9656411572415894, 'generation': 352}","{'id': 27083, 'rank': 11, 'fitness': 0.9523270609659783, 'generation': 352}","{'id': 27158, 'rank': 12, 'fitness': 0.9498200582191259, 'generation': 352}","{'id': 27064, 'rank': 13, 'fitness': 0.9487510792341673, 'generation': 352}","{'id': 26964, 'rank': 14, 'fitness': 0.948560426845372, 'generation': 352}","{'id': 27104, 'rank': 15, 'fitness': 0.9466177535255218, 'generation': 352}","{'id': 27104, 'rank': 16, 'fitness': 0.9466177535255218, 'generation': 352}","{'id': 27127, 'rank': 17, 'fitness': 0.9296117842051266, 'generation': 352}","{'id': 27086, 'rank': 18, 'fitness': 0.9248537199133142, 'generation': 352}","{'id': 27172, 'rank': 19, 'fitness': 0.9156472342668796, 'generation': 352}","{'id': 27172, 'rank': 20, 'fitness': 0.9156472342668796, 'generation': 352}","{'id': 27179, 'rank': 21, 'fitness': 0.8964011159959773, 'generation': 352}","{'id': 27126, 'rank': 22, 'fitness': 0.8142234183095057, 'generation': 352}","{'id': 27167, 'rank': 23, 'fitness': 0.8002529066007857, 'generation': 352}","{'id': 27164, 'rank': 24, 'fitness': 0.6921344461870214, 'generation': 352}","{'id': 27174, 'rank': 25, 'fitness': 0.6562165964927018, 'generation': 352}","{'id': 27176, 'rank': 26, 'fitness': 0.6334252236694526, 'generation': 352}","{'id': 26815, 'rank': 27, 'fitness': 0.6174621205111754, 'generation': 352}","{'id': 27159, 'rank': 28, 'fitness': 0.561765991501453, 'generation': 352}","{'id': 27175, 'rank': 29, 'fitness': 0.5202500505687354, 'generation': 352}","{'id': 27141, 'rank': 30, 'fitness': 0.01798620996209155, 'generation': 352}"
"{'id': 27227, 'rank': 1, 'fitness': 0.9820137900379085, 'generation': 353}","{'id': 27186, 'rank': 2, 'fitness': 0.9814719916514537, 'generation': 353}","{'id': 27186, 'rank': 3, 'fitness': 0.9814719916514537, 'generation': 353}","{'id': 27099, 'rank': 4, 'fitness': 0.9813273269434292, 'generation': 353}","{'id': 27097, 'rank': 5, 'fitness': 0.9811669532007213, 'generation': 353}","{'id': 27146, 'rank': 6, 'fitness': 0.9810314712602967, 'generation': 353}","{'id': 27211, 'rank': 7, 'fitness': 0.9798533173109963, 'generation': 353}","{'id': 27233, 'rank': 8, 'fitness': 0.979691606438178, 'generation': 353}","{'id': 27120, 'rank': 9, 'fitness': 0.9796732928374094, 'generation': 353}","{'id': 26942, 'rank': 10, 'fitness': 0.9791049662343307, 'generation': 353}","{'id': 26942, 'rank': 11, 'fitness': 0.9791049662343307, 'generation': 353}","{'id': 27217, 'rank': 12, 'fitness': 0.9785223852214725, 'generation': 353}","{'id': 27246, 'rank': 13, 'fitness': 0.9774050178091342, 'generation': 353}","{'id': 27199, 'rank': 14, 'fitness': 0.9766022819490512, 'generation': 353}","{'id': 27199, 'rank': 15, 'fitness': 0.9766022819490512, 'generation': 353}","{'id': 27199, 'rank': 16, 'fitness': 0.9766022819490512, 'generation': 353}","{'id': 27172, 'rank': 17, 'fitness': 0.9711938190598597, 'generation': 353}","{'id': 27194, 'rank': 18, 'fitness': 0.9642819232051149, 'generation': 353}","{'id': 27194, 'rank': 19, 'fitness': 0.9642819232051149, 'generation': 353}","{'id': 27126, 'rank': 20, 'fitness': 0.9627096757170783, 'generation': 353}","{'id': 27228, 'rank': 21, 'fitness': 0.9619340724738309, 'generation': 353}","{'id': 27195, 'rank': 22, 'fitness': 0.9579744693737215, 'generation': 353}","{'id': 27222, 'rank': 23, 'fitness': 0.9571312836332537, 'generation': 353}","{'id': 27231, 'rank': 24, 'fitness': 0.9552534172766605, 'generation': 353}","{'id': 27230, 'rank': 25, 'fitness': 0.9551660359447494, 'generation': 353}","{'id': 27189, 'rank': 26, 'fitness': 0.9547388536770708, 'generation': 353}","{'id': 27189, 'rank': 27, 'fitness': 0.9547388536770708, 'generation': 353}","{'id': 27221, 'rank': 28, 'fitness': 0.9540239852983242, 'generation': 353}","{'id': 27245, 'rank': 29, 'fitness': 0.01798620996209155, 'generation': 353}","{'id': 27245, 'rank': 30, 'fitness': 0.01798620996209155, 'generation': 353}"
"{'id': 27227, 'rank': 1, 'fitness': 0.9820137900379085, 'generation': 354}","{'id': 27262, 'rank': 2, 'fitness': 0.9820127430073161, 'generation': 354}","{'id': 27268, 'rank': 3, 'fitness': 0.9819439361493807, 'generation': 354}","{'id': 27331, 'rank': 4, 'fitness': 0.9819410625199778, 'generation': 354}","{'id': 27097, 'rank': 5, 'fitness': 0.9819375484240789, 'generation': 354}","{'id': 27315, 'rank': 6, 'fitness': 0.981849417251907, 'generation': 354}","{'id': 27315, 'rank': 7, 'fitness': 0.981849417251907, 'generation': 354}","{'id': 27211, 'rank': 8, 'fitness': 0.9818251157589466, 'generation': 354}","{'id': 27335, 'rank': 9, 'fitness': 0.981716318006892, 'generation': 354}","{'id': 27344, 'rank': 10, 'fitness': 0.9816813145461065, 'generation': 354}","{'id': 27269, 'rank': 11, 'fitness': 0.9816498178319341, 'generation': 354}","{'id': 27246, 'rank': 12, 'fitness': 0.9816319256732151, 'generation': 354}","{'id': 27336, 'rank': 13, 'fitness': 0.9816169657263889, 'generation': 354}","{'id': 27343, 'rank': 14, 'fitness': 0.9814319440679673, 'generation': 354}","{'id': 27343, 'rank': 15, 'fitness': 0.9814319440679673, 'generation': 354}","{'id': 27275, 'rank': 16, 'fitness': 0.981374564817654, 'generation': 354}","{'id': 27277, 'rank': 17, 'fitness': 0.9812782925910826, 'generation': 354}","{'id': 27172, 'rank': 18, 'fitness': 0.9812143290211132, 'generation': 354}","{'id': 27195, 'rank': 19, 'fitness': 0.9805396897345253, 'generation': 354}","{'id': 27340, 'rank': 20, 'fitness': 0.980530518679741, 'generation': 354}","{'id': 27222, 'rank': 21, 'fitness': 0.9805032754308142, 'generation': 354}","{'id': 27189, 'rank': 22, 'fitness': 0.980403217022646, 'generation': 354}","{'id': 27189, 'rank': 23, 'fitness': 0.980403217022646, 'generation': 354}","{'id': 27303, 'rank': 24, 'fitness': 0.9803754373727758, 'generation': 354}","{'id': 27221, 'rank': 25, 'fitness': 0.9803742029672544, 'generation': 354}","{'id': 27339, 'rank': 26, 'fitness': 0.9803278055696747, 'generation': 354}","{'id': 27257, 'rank': 27, 'fitness': 0.9799441274721571, 'generation': 354}","{'id': 27311, 'rank': 28, 'fitness': 0.9798393842833377, 'generation': 354}","{'id': 27309, 'rank': 29, 'fitness': 0.9798216667518542, 'generation': 354}","{'id': 27317, 'rank': 30, 'fitness': 0.01798620996209155, 'generation': 354}"
"{'id': 27385, 'rank': 1, 'fitness': 0.9820137900379085, 'generation': 355}","{'id': 27262, 'rank': 2, 'fitness': 0.9806345393910444, 'generation': 355}","{'id': 27345, 'rank': 3, 'fitness': 0.9800318551502738, 'generation': 355}","{'id': 27268, 'rank': 4, 'fitness': 0.9743937022500724, 'generation': 355}","{'id': 27408, 'rank': 5, 'fitness': 0.9727090469741362, 'generation': 355}","{'id': 27412, 'rank': 6, 'fitness': 0.9709704014888, 'generation': 355}","{'id': 27426, 'rank': 7, 'fitness': 0.9647504763365876, 'generation': 355}","{'id': 27406, 'rank': 8, 'fitness': 0.9576325397298662, 'generation': 355}","{'id': 27406, 'rank': 9, 'fitness': 0.9576325397298662, 'generation': 355}","{'id': 27414, 'rank': 10, 'fitness': 0.9515077681232286, 'generation': 355}","{'id': 27375, 'rank': 11, 'fitness': 0.951502135900634, 'generation': 355}","{'id': 27413, 'rank': 12, 'fitness': 0.9434305012556485, 'generation': 355}","{'id': 27366, 'rank': 13, 'fitness': 0.9364798799773525, 'generation': 355}","{'id': 27344, 'rank': 14, 'fitness': 0.9281181693352012, 'generation': 355}","{'id': 27370, 'rank': 15, 'fitness': 0.9264590917680069, 'generation': 355}","{'id': 27336, 'rank': 16, 'fitness': 0.9085138340870278, 'generation': 355}","{'id': 27383, 'rank': 17, 'fitness': 0.8778965059301068, 'generation': 355}","{'id': 27353, 'rank': 18, 'fitness': 0.869193778009136, 'generation': 355}","{'id': 27343, 'rank': 19, 'fitness': 0.8243082494025169, 'generation': 355}","{'id': 27439, 'rank': 20, 'fitness': 0.8021370621391885, 'generation': 355}","{'id': 27277, 'rank': 21, 'fitness': 0.7168082716662183, 'generation': 355}","{'id': 27410, 'rank': 22, 'fitness': 0.6790009904571441, 'generation': 355}","{'id': 27432, 'rank': 23, 'fitness': 0.6394523533523635, 'generation': 355}","{'id': 27195, 'rank': 24, 'fitness': 0.1223685031768818, 'generation': 355}","{'id': 27195, 'rank': 25, 'fitness': 0.1223685031768818, 'generation': 355}","{'id': 27340, 'rank': 26, 'fitness': 0.11862643994249189, 'generation': 355}","{'id': 27339, 'rank': 27, 'fitness': 0.0583102866246869, 'generation': 355}","{'id': 27393, 'rank': 28, 'fitness': 0.05262472790169059, 'generation': 355}","{'id': 27430, 'rank': 29, 'fitness': 0.01798620996209155, 'generation': 355}","{'id': 27430, 'rank': 30, 'fitness': 0.01798620996209155, 'generation': 355}"
"{'id': 27486, 'rank': 1, 'fitness': 0.9820137900379085, 'generation': 356}","{'id': 27505, 'rank': 2, 'fitness': 0.9802374572668404, 'generation': 356}","{'id': 27505, 'rank': 3, 'fitness': 0.9802374572668404, 'generation': 356}","{'id': 27505, 'rank': 4, 'fitness': 0.9802374572668404, 'generation': 356}","{'id': 27408, 'rank': 5, 'fitness': 0.9735994621878226, 'generation': 356}","{'id': 27408, 'rank': 6, 'fitness': 0.9735994621878226, 'generation': 356}","{'id': 27426, 'rank': 7, 'fitness': 0.96585226578521, 'generation': 356}","{'id': 27426, 'rank': 8, 'fitness': 0.96585226578521, 'generation': 356}","{'id': 27406, 'rank': 9, 'fitness': 0.9589134325111847, 'generation': 356}","{'id': 27406, 'rank': 10, 'fitness': 0.9589134325111847, 'generation': 356}","{'id': 27406, 'rank': 11, 'fitness': 0.9589134325111847, 'generation': 356}","{'id': 27487, 'rank': 12, 'fitness': 0.956449040210863, 'generation': 356}","{'id': 27414, 'rank': 13, 'fitness': 0.9529361947516131, 'generation': 356}","{'id': 27473, 'rank': 14, 'fitness': 0.9520424832291049, 'generation': 356}","{'id': 27484, 'rank': 15, 'fitness': 0.9511973169567054, 'generation': 356}","{'id': 27484, 'rank': 16, 'fitness': 0.9511973169567054, 'generation': 356}","{'id': 27413, 'rank': 17, 'fitness': 0.9450451342263365, 'generation': 356}","{'id': 27366, 'rank': 18, 'fitness': 0.9382477826873623, 'generation': 356}","{'id': 27459, 'rank': 19, 'fitness': 0.9131511114462232, 'generation': 356}","{'id': 27474, 'rank': 20, 'fitness': 0.8910063080687725, 'generation': 356}","{'id': 27353, 'rank': 21, 'fitness': 0.8721802754843545, 'generation': 356}","{'id': 27353, 'rank': 22, 'fitness': 0.8721802754843545, 'generation': 356}","{'id': 27483, 'rank': 23, 'fitness': 0.8662105181082393, 'generation': 356}","{'id': 27483, 'rank': 24, 'fitness': 0.8662105181082393, 'generation': 356}","{'id': 27482, 'rank': 25, 'fitness': 0.8650808317245178, 'generation': 356}","{'id': 27439, 'rank': 26, 'fitness': 0.8059658427328489, 'generation': 356}","{'id': 27468, 'rank': 27, 'fitness': 0.7428985088822762, 'generation': 356}","{'id': 27500, 'rank': 28, 'fitness': 0.24448722392006378, 'generation': 356}","{'id': 27393, 'rank': 29, 'fitness': 0.0528742343810939, 'generation': 356}","{'id': 27430, 'rank': 30, 'fitness': 0.01798620996209155, 'generation': 356}"
"{'id': 27553, 'rank': 1, 'fitness': 0.9820137900379085, 'generation': 357}","{'id': 27553, 'rank': 2, 'fitness': 0.9820137900379085, 'generation': 357}","{'id': 27535, 'rank': 3, 'fitness': 0.9791968365564524, 'generation': 357}","{'id': 27505, 'rank': 4, 'fitness': 0.9760968153148051, 'generation': 357}","{'id': 27528, 'rank': 5, 'fitness': 0.95953235211963, 'generation': 357}","{'id': 27426, 'rank': 6, 'fitness': 0.9518000999276741, 'generation': 357}","{'id': 27571, 'rank': 7, 'fitness': 0.950386637360357, 'generation': 357}","{'id': 27536, 'rank': 8, 'fitness': 0.9440004888768374, 'generation': 357}","{'id': 27527, 'rank': 9, 'fitness': 0.9391812987389566, 'generation': 357}","{'id': 27406, 'rank': 10, 'fitness': 0.9390258209353486, 'generation': 357}","{'id': 27534, 'rank': 11, 'fitness': 0.9371687216293121, 'generation': 357}","{'id': 27487, 'rank': 12, 'fitness': 0.9343624529116472, 'generation': 357}","{'id': 27473, 'rank': 13, 'fitness': 0.925880754796537, 'generation': 357}","{'id': 27413, 'rank': 14, 'fitness': 0.9120845229616668, 'generation': 357}","{'id': 27366, 'rank': 15, 'fitness': 0.8983636585821435, 'generation': 357}","{'id': 27569, 'rank': 16, 'fitness': 0.8557611619651463, 'generation': 357}","{'id': 27569, 'rank': 17, 'fitness': 0.8557611619651463, 'generation': 357}","{'id': 27483, 'rank': 18, 'fitness': 0.7456949511482394, 'generation': 357}","{'id': 27483, 'rank': 19, 'fitness': 0.7456949511482394, 'generation': 357}","{'id': 27483, 'rank': 20, 'fitness': 0.7456949511482394, 'generation': 357}","{'id': 27543, 'rank': 21, 'fitness': 0.6795395989416458, 'generation': 357}","{'id': 27521, 'rank': 22, 'fitness': 0.6636410212907732, 'generation': 357}","{'id': 27539, 'rank': 23, 'fitness': 0.6585269962206579, 'generation': 357}","{'id': 27562, 'rank': 24, 'fitness': 0.5709070727321095, 'generation': 357}","{'id': 27562, 'rank': 25, 'fitness': 0.5709070727321095, 'generation': 357}","{'id': 27560, 'rank': 26, 'fitness': 0.23747563533961813, 'generation': 357}","{'id': 27560, 'rank': 27, 'fitness': 0.23747563533961813, 'generation': 357}","{'id': 27533, 'rank': 28, 'fitness': 0.13721191165124846, 'generation': 357}","{'id': 27549, 'rank': 29, 'fitness': 0.08836985808555448, 'generation': 357}","{'id': 27546, 'rank': 30, 'fitness': 0.01798620996209155, 'generation': 357}"
"{'id': 27553, 'rank': 1, 'fitness': 0.9820137900379085, 'generation': 358}","{'id': 27633, 'rank': 2, 'fitness': 0.9819956759738744, 'generation': 358}","{'id': 27505, 'rank': 3, 'fitness': 0.9819274257788232, 'generation': 358}","{'id': 27505, 'rank': 4, 'fitness': 0.9819274257788232, 'generation': 358}","{'id': 27628, 'rank': 5, 'fitness': 0.9819079133759643, 'generation': 358}","{'id': 27536, 'rank': 6, 'fitness': 0.9816618274695407, 'generation': 358}","{'id': 27536, 'rank': 7, 'fitness': 0.9816618274695407, 'generation': 358}","{'id': 27536, 'rank': 8, 'fitness': 0.9816618274695407, 'generation': 358}","{'id': 27536, 'rank': 9, 'fitness': 0.9816618274695407, 'generation': 358}","{'id': 27627, 'rank': 10, 'fitness': 0.9816545026435834, 'generation': 358}","{'id': 27527, 'rank': 11, 'fitness': 0.9816353013637824, 'generation': 358}","{'id': 27534, 'rank': 12, 'fitness': 0.9816247919008204, 'generation': 358}","{'id': 27626, 'rank': 13, 'fitness': 0.9815419766419322, 'generation': 358}","{'id': 27617, 'rank': 14, 'fitness': 0.9814924541415715, 'generation': 358}","{'id': 27631, 'rank': 15, 'fitness': 0.9814915032156792, 'generation': 358}","{'id': 27616, 'rank': 16, 'fitness': 0.9814848295633718, 'generation': 358}","{'id': 27366, 'rank': 17, 'fitness': 0.9814656080192499, 'generation': 358}","{'id': 27569, 'rank': 18, 'fitness': 0.9813434187348409, 'generation': 358}","{'id': 27521, 'rank': 19, 'fitness': 0.9810018499013409, 'generation': 358}","{'id': 27599, 'rank': 20, 'fitness': 0.9805948533824104, 'generation': 358}","{'id': 27587, 'rank': 21, 'fitness': 0.9803893186795204, 'generation': 358}","{'id': 27619, 'rank': 22, 'fitness': 0.98024412889927, 'generation': 358}","{'id': 27597, 'rank': 23, 'fitness': 0.9802114069685539, 'generation': 358}","{'id': 27637, 'rank': 24, 'fitness': 0.9800850382768964, 'generation': 358}","{'id': 27549, 'rank': 25, 'fitness': 0.9800353310875638, 'generation': 358}","{'id': 27636, 'rank': 26, 'fitness': 0.979628544252998, 'generation': 358}","{'id': 27646, 'rank': 27, 'fitness': 0.9774464174221835, 'generation': 358}","{'id': 27613, 'rank': 28, 'fitness': 0.9167932063202677, 'generation': 358}","{'id': 27612, 'rank': 29, 'fitness': 0.9052589037511245, 'generation': 358}","{'id': 27620, 'rank': 30, 'fitness': 0.01798620996209155, 'generation': 358}"
"{'id': 27553, 'rank': 1, 'fitness': 0.9820137900379085, 'generation': 359}","{'id': 27689, 'rank': 2, 'fitness': 0.9769256212810372, 'generation': 359}","{'id': 27743, 'rank': 3, 'fitness': 0.9761737014445597, 'generation': 359}","{'id': 27505, 'rank': 4, 'fitness': 0.9751848973606212, 'generation': 359}","{'id': 27628, 'rank': 5, 'fitness': 0.9733277271929374, 'generation': 359}","{'id': 27628, 'rank': 6, 'fitness': 0.9733277271929374, 'generation': 359}","{'id': 27628, 'rank': 7, 'fitness': 0.9733277271929374, 'generation': 359}","{'id': 27687, 'rank': 8, 'fitness': 0.9652299094937425, 'generation': 359}","{'id': 27739, 'rank': 9, 'fitness': 0.9625154471837228, 'generation': 359}","{'id': 27739, 'rank': 10, 'fitness': 0.9625154471837228, 'generation': 359}","{'id': 27732, 'rank': 11, 'fitness': 0.9604801023385285, 'generation': 359}","{'id': 27733, 'rank': 12, 'fitness': 0.9500778054700978, 'generation': 359}","{'id': 27722, 'rank': 13, 'fitness': 0.9480535926167983, 'generation': 359}","{'id': 27536, 'rank': 14, 'fitness': 0.9352033050275725, 'generation': 359}","{'id': 27536, 'rank': 15, 'fitness': 0.9352033050275725, 'generation': 359}","{'id': 27534, 'rank': 16, 'fitness': 0.9262844408296385, 'generation': 359}","{'id': 27731, 'rank': 17, 'fitness': 0.9119161754323263, 'generation': 359}","{'id': 27706, 'rank': 18, 'fitness': 0.8882138517987443, 'generation': 359}","{'id': 27617, 'rank': 19, 'fitness': 0.8847447634161765, 'generation': 359}","{'id': 27631, 'rank': 20, 'fitness': 0.8843844518875614, 'generation': 359}","{'id': 27721, 'rank': 21, 'fitness': 0.8419867390607861, 'generation': 359}","{'id': 27720, 'rank': 22, 'fitness': 0.8357589337556626, 'generation': 359}","{'id': 27726, 'rank': 23, 'fitness': 0.8340234779509502, 'generation': 359}","{'id': 27661, 'rank': 24, 'fitness': 0.8166702086020297, 'generation': 359}","{'id': 27730, 'rank': 25, 'fitness': 0.8054834204658374, 'generation': 359}","{'id': 27713, 'rank': 26, 'fitness': 0.801771514367507, 'generation': 359}","{'id': 27729, 'rank': 27, 'fitness': 0.7014658592735724, 'generation': 359}","{'id': 27597, 'rank': 28, 'fitness': 0.07167118685375579, 'generation': 359}","{'id': 27652, 'rank': 29, 'fitness': 0.02051371636517496, 'generation': 359}","{'id': 27671, 'rank': 30, 'fitness': 0.01798620996209155, 'generation': 359}"
"{'id': 27628, 'rank': 1, 'fitness': 0.9820137900379085, 'generation': 360}","{'id': 27821, 'rank': 2, 'fitness': 0.9815930571740674, 'generation': 360}","{'id': 27750, 'rank': 3, 'fitness': 0.9812809932669846, 'generation': 360}","{'id': 27687, 'rank': 4, 'fitness': 0.9811522220379534, 'generation': 360}","{'id': 27739, 'rank': 5, 'fitness': 0.9808992054439645, 'generation': 360}","{'id': 27739, 'rank': 6, 'fitness': 0.9808992054439645, 'generation': 360}","{'id': 27732, 'rank': 7, 'fitness': 0.9807187939856989, 'generation': 360}","{'id': 27749, 'rank': 8, 'fitness': 0.9800275301779546, 'generation': 360}","{'id': 27761, 'rank': 9, 'fitness': 0.9799724817065056, 'generation': 360}","{'id': 27752, 'rank': 10, 'fitness': 0.9798964633352996, 'generation': 360}","{'id': 27722, 'rank': 11, 'fitness': 0.979751765280667, 'generation': 360}","{'id': 27722, 'rank': 12, 'fitness': 0.979751765280667, 'generation': 360}","{'id': 27536, 'rank': 13, 'fitness': 0.978924154930894, 'generation': 360}","{'id': 27536, 'rank': 14, 'fitness': 0.978924154930894, 'generation': 360}","{'id': 27760, 'rank': 15, 'fitness': 0.9783911119666437, 'generation': 360}","{'id': 27769, 'rank': 16, 'fitness': 0.9776781969453936, 'generation': 360}","{'id': 27721, 'rank': 17, 'fitness': 0.9750266414398411, 'generation': 360}","{'id': 27784, 'rank': 18, 'fitness': 0.9747864415390078, 'generation': 360}","{'id': 27815, 'rank': 19, 'fitness': 0.9720518727897951, 'generation': 360}","{'id': 27754, 'rank': 20, 'fitness': 0.9717530314240564, 'generation': 360}","{'id': 27729, 'rank': 21, 'fitness': 0.9713057125312519, 'generation': 360}","{'id': 27781, 'rank': 22, 'fitness': 0.9690389295275779, 'generation': 360}","{'id': 27787, 'rank': 23, 'fitness': 0.9644114674425478, 'generation': 360}","{'id': 27826, 'rank': 24, 'fitness': 0.9409014663063753, 'generation': 360}","{'id': 27798, 'rank': 25, 'fitness': 0.9255634918235764, 'generation': 360}","{'id': 27800, 'rank': 26, 'fitness': 0.8033471745543398, 'generation': 360}","{'id': 27799, 'rank': 27, 'fitness': 0.676810543463017, 'generation': 360}","{'id': 27806, 'rank': 28, 'fitness': 0.28018515434975994, 'generation': 360}","{'id': 27829, 'rank': 29, 'fitness': 0.02845585585255006, 'generation': 360}","{'id': 27772, 'rank': 30, 'fitness': 0.01798620996209155, 'generation': 360}"
"{'id': 27628, 'rank': 1, 'fitness': 0.9820137900379085, 'generation': 361}","{'id': 27846, 'rank': 2, 'fitness': 0.9817961119227947, 'generation': 361}","{'id': 27821, 'rank': 3, 'fitness': 0.9809643187081063, 'generation': 361}","{'id': 27750, 'rank': 4, 'fitness': 0.9801635123370384, 'generation': 361}","{'id': 27687, 'rank': 5, 'fitness': 0.9798274785213164, 'generation': 361}","{'id': 27883, 'rank': 6, 'fitness': 0.9796094944941773, 'generation': 361}","{'id': 27739, 'rank': 7, 'fitness': 0.9791576812708772, 'generation': 361}","{'id': 27884, 'rank': 8, 'fitness': 0.9791237704039308, 'generation': 361}","{'id': 27904, 'rank': 9, 'fitness': 0.9775274600424113, 'generation': 361}","{'id': 27904, 'rank': 10, 'fitness': 0.9775274600424113, 'generation': 361}","{'id': 27886, 'rank': 11, 'fitness': 0.9769105138061451, 'generation': 361}","{'id': 27749, 'rank': 12, 'fitness': 0.9767527254741855, 'generation': 361}","{'id': 27761, 'rank': 13, 'fitness': 0.9765957495345909, 'generation': 361}","{'id': 27722, 'rank': 14, 'fitness': 0.9759602440612731, 'generation': 361}","{'id': 27722, 'rank': 15, 'fitness': 0.9759602440612731, 'generation': 361}","{'id': 27871, 'rank': 16, 'fitness': 0.9758545113664447, 'generation': 361}","{'id': 27901, 'rank': 17, 'fitness': 0.9751788078491376, 'generation': 361}","{'id': 27842, 'rank': 18, 'fitness': 0.9685977196907716, 'generation': 361}","{'id': 27870, 'rank': 19, 'fitness': 0.9682948937541698, 'generation': 361}","{'id': 27854, 'rank': 20, 'fitness': 0.9647932695521947, 'generation': 361}","{'id': 27862, 'rank': 21, 'fitness': 0.9605460401943724, 'generation': 361}","{'id': 27874, 'rank': 22, 'fitness': 0.9501803498003308, 'generation': 361}","{'id': 27815, 'rank': 23, 'fitness': 0.9475333204780173, 'generation': 361}","{'id': 27815, 'rank': 24, 'fitness': 0.9475333204780173, 'generation': 361}","{'id': 27754, 'rank': 25, 'fitness': 0.9461824471976776, 'generation': 361}","{'id': 27835, 'rank': 26, 'fitness': 0.9420868070843039, 'generation': 361}","{'id': 27898, 'rank': 27, 'fitness': 0.9324670102380812, 'generation': 361}","{'id': 27861, 'rank': 28, 'fitness': 0.8739493319234101, 'generation': 361}","{'id': 27839, 'rank': 29, 'fitness': 0.7855657094753332, 'generation': 361}","{'id': 27799, 'rank': 30, 'fitness': 0.01798620996209155, 'generation': 361}"
"{'id': 27937, 'rank': 1, 'fitness': 0.9820137900379085, 'generation': 362}","{'id': 27937, 'rank': 2, 'fitness': 0.9820137900379085, 'generation': 362}","{'id': 27949, 'rank': 3, 'fitness': 0.8125278804428623, 'generation': 362}","{'id': 27943, 'rank': 4, 'fitness': 0.8113850700078157, 'generation': 362}","{'id': 27628, 'rank': 5, 'fitness': 0.8041661159206097, 'generation': 362}","{'id': 27915, 'rank': 6, 'fitness': 0.7811510766816399, 'generation': 362}","{'id': 27956, 'rank': 7, 'fitness': 0.7722197388090353, 'generation': 362}","{'id': 27956, 'rank': 8, 'fitness': 0.7722197388090353, 'generation': 362}","{'id': 27687, 'rank': 9, 'fitness': 0.6887583301929147, 'generation': 362}","{'id': 27992, 'rank': 10, 'fitness': 0.6608501041305843, 'generation': 362}","{'id': 27739, 'rank': 11, 'fitness': 0.6497703496865589, 'generation': 362}","{'id': 27884, 'rank': 12, 'fitness': 0.6477703184873982, 'generation': 362}","{'id': 27942, 'rank': 13, 'fitness': 0.61409450639443, 'generation': 362}","{'id': 27953, 'rank': 14, 'fitness': 0.5593512093235822, 'generation': 362}","{'id': 27904, 'rank': 15, 'fitness': 0.5525820569570747, 'generation': 362}","{'id': 27886, 'rank': 16, 'fitness': 0.5161439265530992, 'generation': 362}","{'id': 27749, 'rank': 17, 'fitness': 0.5069348038366435, 'generation': 362}","{'id': 27722, 'rank': 18, 'fitness': 0.46163658143078856, 'generation': 362}","{'id': 27871, 'rank': 19, 'fitness': 0.455734060497652, 'generation': 362}","{'id': 27951, 'rank': 20, 'fitness': 0.3726245070155426, 'generation': 362}","{'id': 27910, 'rank': 21, 'fitness': 0.35946375324432256, 'generation': 362}","{'id': 27950, 'rank': 22, 'fitness': 0.33092409816386015, 'generation': 362}","{'id': 27911, 'rank': 23, 'fitness': 0.289252566991409, 'generation': 362}","{'id': 27934, 'rank': 24, 'fitness': 0.25699264912020303, 'generation': 362}","{'id': 27922, 'rank': 25, 'fitness': 0.189607897172137, 'generation': 362}","{'id': 27941, 'rank': 26, 'fitness': 0.11623777169911997, 'generation': 362}","{'id': 27924, 'rank': 27, 'fitness': 0.10395510474757397, 'generation': 362}","{'id': 27854, 'rank': 28, 'fitness': 0.09695663411284272, 'generation': 362}","{'id': 27913, 'rank': 29, 'fitness': 0.08073861240938551, 'generation': 362}","{'id': 27988, 'rank': 30, 'fitness': 0.01798620996209155, 'generation': 362}"
"{'id': 27937, 'rank': 1, 'fitness': 0.9820137900379085, 'generation': 363}","{'id': 27937, 'rank': 2, 'fitness': 0.9820137900379085, 'generation': 363}","{'id': 27937, 'rank': 3, 'fitness': 0.9820137900379085, 'generation': 363}","{'id': 27943, 'rank': 4, 'fitness': 0.9817566055895752, 'generation': 363}","{'id': 27943, 'rank': 5, 'fitness': 0.9817566055895752, 'generation': 363}","{'id': 27956, 'rank': 6, 'fitness': 0.9817323172437467, 'generation': 363}","{'id': 27956, 'rank': 7, 'fitness': 0.9817323172437467, 'generation': 363}","{'id': 27687, 'rank': 8, 'fitness': 0.9816887328884374, 'generation': 363}","{'id': 27992, 'rank': 9, 'fitness': 0.9816757128493381, 'generation': 363}","{'id': 27953, 'rank': 10, 'fitness': 0.9816317919389397, 'generation': 363}","{'id': 28043, 'rank': 11, 'fitness': 0.9816092244804631, 'generation': 363}","{'id': 28043, 'rank': 12, 'fitness': 0.9816092244804631, 'generation': 363}","{'id': 27722, 'rank': 13, 'fitness': 0.981591497666315, 'generation': 363}","{'id': 27871, 'rank': 14, 'fitness': 0.9815890530283047, 'generation': 363}","{'id': 27951, 'rank': 15, 'fitness': 0.9815536996154732, 'generation': 363}","{'id': 27951, 'rank': 16, 'fitness': 0.9815536996154732, 'generation': 363}","{'id': 27910, 'rank': 17, 'fitness': 0.9815478547648182, 'generation': 363}","{'id': 27911, 'rank': 18, 'fitness': 0.9815147078130673, 'generation': 363}","{'id': 27934, 'rank': 19, 'fitness': 0.9814979078963557, 'generation': 363}","{'id': 27913, 'rank': 20, 'fitness': 0.9813557267703278, 'generation': 363}","{'id': 27988, 'rank': 21, 'fitness': 0.9811918018507062, 'generation': 363}","{'id': 28029, 'rank': 22, 'fitness': 0.9618764361046073, 'generation': 363}","{'id': 28004, 'rank': 23, 'fitness': 0.9570425636849517, 'generation': 363}","{'id': 28004, 'rank': 24, 'fitness': 0.9570425636849517, 'generation': 363}","{'id': 28026, 'rank': 25, 'fitness': 0.856305884693413, 'generation': 363}","{'id': 28025, 'rank': 26, 'fitness': 0.8258161710235479, 'generation': 363}","{'id': 28025, 'rank': 27, 'fitness': 0.8258161710235479, 'generation': 363}","{'id': 28025, 'rank': 28, 'fitness': 0.8258161710235479, 'generation': 363}","{'id': 28044, 'rank': 29, 'fitness': 0.4606423703411795, 'generation': 363}","{'id': 28009, 'rank': 30, 'fitness': 0.01798620996209155, 'generation': 363}"
"{'id': 28121, 'rank': 1, 'fitness': 0.9820137900379085, 'generation': 364}","{'id': 27937, 'rank': 2, 'fitness': 0.9807331251072289, 'generation': 364}","{'id': 28127, 'rank': 3, 'fitness': 0.9791812381006916, 'generation': 364}","{'id': 28130, 'rank': 4, 'fitness': 0.978460392242848, 'generation': 364}","{'id': 27943, 'rank': 5, 'fitness': 0.9784118596187665, 'generation': 364}","{'id': 28079, 'rank': 6, 'fitness': 0.977326175766596, 'generation': 364}","{'id': 28079, 'rank': 7, 'fitness': 0.977326175766596, 'generation': 364}","{'id': 28079, 'rank': 8, 'fitness': 0.977326175766596, 'generation': 364}","{'id': 28058, 'rank': 9, 'fitness': 0.9772096784433103, 'generation': 364}","{'id': 27953, 'rank': 10, 'fitness': 0.977201705864839, 'generation': 364}","{'id': 28043, 'rank': 11, 'fitness': 0.9769768267395649, 'generation': 364}","{'id': 27722, 'rank': 12, 'fitness': 0.9767988580758098, 'generation': 364}","{'id': 28104, 'rank': 13, 'fitness': 0.9767026010803365, 'generation': 364}","{'id': 28100, 'rank': 14, 'fitness': 0.9763257594229974, 'generation': 364}","{'id': 28100, 'rank': 15, 'fitness': 0.9763257594229974, 'generation': 364}","{'id': 28056, 'rank': 16, 'fitness': 0.975928968923599, 'generation': 364}","{'id': 28085, 'rank': 17, 'fitness': 0.9758301280992709, 'generation': 364}","{'id': 28052, 'rank': 18, 'fitness': 0.9758262170653319, 'generation': 364}","{'id': 28055, 'rank': 19, 'fitness': 0.9756467697260989, 'generation': 364}","{'id': 28055, 'rank': 20, 'fitness': 0.9756467697260989, 'generation': 364}","{'id': 28118, 'rank': 21, 'fitness': 0.9755630670448706, 'generation': 364}","{'id': 28083, 'rank': 22, 'fitness': 0.9754226609415424, 'generation': 364}","{'id': 28084, 'rank': 23, 'fitness': 0.9751600692865254, 'generation': 364}","{'id': 28062, 'rank': 24, 'fitness': 0.9750853000083793, 'generation': 364}","{'id': 28062, 'rank': 25, 'fitness': 0.9750853000083793, 'generation': 364}","{'id': 28086, 'rank': 26, 'fitness': 0.9746962512782218, 'generation': 364}","{'id': 28108, 'rank': 27, 'fitness': 0.9745205700122241, 'generation': 364}","{'id': 28060, 'rank': 28, 'fitness': 0.972814706771377, 'generation': 364}","{'id': 28109, 'rank': 29, 'fitness': 0.9727043507871385, 'generation': 364}","{'id': 28072, 'rank': 30, 'fitness': 0.01798620996209155, 'generation': 364}"
"{'id': 28121, 'rank': 1, 'fitness': 0.9820137900379085, 'generation': 365}","{'id': 28212, 'rank': 2, 'fitness': 0.9639844841154799, 'generation': 365}","{'id': 28212, 'rank': 3, 'fitness': 0.9639844841154799, 'generation': 365}","{'id': 28213, 'rank': 4, 'fitness': 0.9606011874753608, 'generation': 365}","{'id': 27937, 'rank': 5, 'fitness': 0.9540783238052324, 'generation': 365}","{'id': 28146, 'rank': 6, 'fitness': 0.8022756986404963, 'generation': 365}","{'id': 28146, 'rank': 7, 'fitness': 0.8022756986404963, 'generation': 365}","{'id': 28174, 'rank': 8, 'fitness': 0.7807599949290172, 'generation': 365}","{'id': 28181, 'rank': 9, 'fitness': 0.7756654544172397, 'generation': 365}","{'id': 28166, 'rank': 10, 'fitness': 0.7646068153301339, 'generation': 365}","{'id': 28179, 'rank': 11, 'fitness': 0.7513286649184251, 'generation': 365}","{'id': 28184, 'rank': 12, 'fitness': 0.7457745672716452, 'generation': 365}","{'id': 28079, 'rank': 13, 'fitness': 0.6772599792160852, 'generation': 365}","{'id': 27722, 'rank': 14, 'fitness': 0.6027248702320671, 'generation': 365}","{'id': 27722, 'rank': 15, 'fitness': 0.6027248702320671, 'generation': 365}","{'id': 28136, 'rank': 16, 'fitness': 0.5546816797239982, 'generation': 365}","{'id': 28169, 'rank': 17, 'fitness': 0.5102515406467784, 'generation': 365}","{'id': 28052, 'rank': 18, 'fitness': 0.4593303640479187, 'generation': 365}","{'id': 28182, 'rank': 19, 'fitness': 0.447338362850193, 'generation': 365}","{'id': 28182, 'rank': 20, 'fitness': 0.447338362850193, 'generation': 365}","{'id': 28170, 'rank': 21, 'fitness': 0.44040316900515153, 'generation': 365}","{'id': 28055, 'rank': 22, 'fitness': 0.43351362809875416, 'generation': 365}","{'id': 28118, 'rank': 23, 'fitness': 0.4216477593172474, 'generation': 365}","{'id': 28207, 'rank': 24, 'fitness': 0.37526637912776356, 'generation': 365}","{'id': 28144, 'rank': 25, 'fitness': 0.3661671188186612, 'generation': 365}","{'id': 28137, 'rank': 26, 'fitness': 0.3539214800132771, 'generation': 365}","{'id': 28203, 'rank': 27, 'fitness': 0.28592707733995787, 'generation': 365}","{'id': 28151, 'rank': 28, 'fitness': 0.2424751310059175, 'generation': 365}","{'id': 28199, 'rank': 29, 'fitness': 0.22293570941300295, 'generation': 365}","{'id': 28189, 'rank': 30, 'fitness': 0.01798620996209155, 'generation': 365}"
"{'id': 28213, 'rank': 1, 'fitness': 0.9820137900379085, 'generation': 366}","{'id': 28213, 'rank': 2, 'fitness': 0.9820137900379085, 'generation': 366}","{'id': 28146, 'rank': 3, 'fitness': 0.9816752863557019, 'generation': 366}","{'id': 28174, 'rank': 4, 'fitness': 0.9816504139821718, 'generation': 366}","{'id': 28174, 'rank': 5, 'fitness': 0.9816504139821718, 'generation': 366}","{'id': 28232, 'rank': 6, 'fitness': 0.9816412118711477, 'generation': 366}","{'id': 28220, 'rank': 7, 'fitness': 0.9816170033737708, 'generation': 366}","{'id': 27722, 'rank': 8, 'fitness': 0.9814869408215334, 'generation': 366}","{'id': 27722, 'rank': 9, 'fitness': 0.9814869408215334, 'generation': 366}","{'id': 27722, 'rank': 10, 'fitness': 0.9814869408215334, 'generation': 366}","{'id': 28231, 'rank': 11, 'fitness': 0.9814625747180765, 'generation': 366}","{'id': 28219, 'rank': 12, 'fitness': 0.9814022149936481, 'generation': 366}","{'id': 28182, 'rank': 13, 'fitness': 0.9813656628977109, 'generation': 366}","{'id': 28182, 'rank': 14, 'fitness': 0.9813656628977109, 'generation': 366}","{'id': 28170, 'rank': 15, 'fitness': 0.981360221294731, 'generation': 366}","{'id': 28241, 'rank': 16, 'fitness': 0.9813205313385168, 'generation': 366}","{'id': 28207, 'rank': 17, 'fitness': 0.98130781544267, 'generation': 366}","{'id': 28137, 'rank': 18, 'fitness': 0.9812899059831643, 'generation': 366}","{'id': 28203, 'rank': 19, 'fitness': 0.9812288742817732, 'generation': 366}","{'id': 28203, 'rank': 20, 'fitness': 0.9812288742817732, 'generation': 366}","{'id': 28203, 'rank': 21, 'fitness': 0.9812288742817732, 'generation': 366}","{'id': 28151, 'rank': 22, 'fitness': 0.9811851508959994, 'generation': 366}","{'id': 28221, 'rank': 23, 'fitness': 0.9809422160776256, 'generation': 366}","{'id': 28189, 'rank': 24, 'fitness': 0.9806176379760967, 'generation': 366}","{'id': 28247, 'rank': 25, 'fitness': 0.6830811418709792, 'generation': 366}","{'id': 28226, 'rank': 26, 'fitness': 0.2579332989767537, 'generation': 366}","{'id': 28242, 'rank': 27, 'fitness': 0.09777899613073215, 'generation': 366}","{'id': 28242, 'rank': 28, 'fitness': 0.09777899613073215, 'generation': 366}","{'id': 28252, 'rank': 29, 'fitness': 0.06293320868530627, 'generation': 366}","{'id': 28234, 'rank': 30, 'fitness': 0.01798620996209155, 'generation': 366}"
"{'id': 28213, 'rank': 1, 'fitness': 0.9820137900379085, 'generation': 367}","{'id': 28213, 'rank': 2, 'fitness': 0.9820137900379085, 'generation': 367}","{'id': 28174, 'rank': 3, 'fitness': 0.7124531902394283, 'generation': 367}","{'id': 28232, 'rank': 4, 'fitness': 0.6963110904534673, 'generation': 367}","{'id': 28267, 'rank': 5, 'fitness': 0.4739852898607543, 'generation': 367}","{'id': 28326, 'rank': 6, 'fitness': 0.46060829157556366, 'generation': 367}","{'id': 28301, 'rank': 7, 'fitness': 0.40521922799693183, 'generation': 367}","{'id': 28298, 'rank': 8, 'fitness': 0.34791244779807573, 'generation': 367}","{'id': 28298, 'rank': 9, 'fitness': 0.34791244779807573, 'generation': 367}","{'id': 28337, 'rank': 10, 'fitness': 0.34073963440755195, 'generation': 367}","{'id': 28231, 'rank': 11, 'fitness': 0.33897300492940213, 'generation': 367}","{'id': 28231, 'rank': 12, 'fitness': 0.33897300492940213, 'generation': 367}","{'id': 28270, 'rank': 13, 'fitness': 0.32019252409350446, 'generation': 367}","{'id': 28278, 'rank': 14, 'fitness': 0.2681225253053565, 'generation': 367}","{'id': 28219, 'rank': 15, 'fitness': 0.2367245110181289, 'generation': 367}","{'id': 28333, 'rank': 16, 'fitness': 0.20526241741724338, 'generation': 367}","{'id': 28333, 'rank': 17, 'fitness': 0.20526241741724338, 'generation': 367}","{'id': 28335, 'rank': 18, 'fitness': 0.18834694387366935, 'generation': 367}","{'id': 28335, 'rank': 19, 'fitness': 0.18834694387366935, 'generation': 367}","{'id': 28182, 'rank': 20, 'fitness': 0.18626654510122387, 'generation': 367}","{'id': 28182, 'rank': 21, 'fitness': 0.18626654510122387, 'generation': 367}","{'id': 28315, 'rank': 22, 'fitness': 0.1603670749659124, 'generation': 367}","{'id': 28308, 'rank': 23, 'fitness': 0.15754337780960892, 'generation': 367}","{'id': 28283, 'rank': 24, 'fitness': 0.14725307370533003, 'generation': 367}","{'id': 28207, 'rank': 25, 'fitness': 0.12412336626851111, 'generation': 367}","{'id': 28309, 'rank': 26, 'fitness': 0.08979406611653618, 'generation': 367}","{'id': 28203, 'rank': 27, 'fitness': 0.06875672801560523, 'generation': 367}","{'id': 28331, 'rank': 28, 'fitness': 0.040007101271518186, 'generation': 367}","{'id': 28280, 'rank': 29, 'fitness': 0.03539475393850561, 'generation': 367}","{'id': 28317, 'rank': 30, 'fitness': 0.01798620996209155, 'generation': 367}"
"{'id': 28355, 'rank': 1, 'fitness': 0.9820137900379085, 'generation': 368}","{'id': 28359, 'rank': 2, 'fitness': 0.9818804987785383, 'generation': 368}","{'id': 28357, 'rank': 3, 'fitness': 0.9817973753876104, 'generation': 368}","{'id': 28353, 'rank': 4, 'fitness': 0.9817588367977069, 'generation': 368}","{'id': 28353, 'rank': 5, 'fitness': 0.9817588367977069, 'generation': 368}","{'id': 28298, 'rank': 6, 'fitness': 0.9815019983480413, 'generation': 368}","{'id': 28337, 'rank': 7, 'fitness': 0.9814993185904266, 'generation': 368}","{'id': 28337, 'rank': 8, 'fitness': 0.9814993185904266, 'generation': 368}","{'id': 28231, 'rank': 9, 'fitness': 0.9814986543842744, 'generation': 368}","{'id': 28270, 'rank': 10, 'fitness': 0.9814914819602643, 'generation': 368}","{'id': 28219, 'rank': 11, 'fitness': 0.9814561901593922, 'generation': 368}","{'id': 28333, 'rank': 12, 'fitness': 0.9814407124858183, 'generation': 368}","{'id': 28333, 'rank': 13, 'fitness': 0.9814407124858183, 'generation': 368}","{'id': 28333, 'rank': 14, 'fitness': 0.9814407124858183, 'generation': 368}","{'id': 28335, 'rank': 15, 'fitness': 0.9814316514020234, 'generation': 368}","{'id': 28335, 'rank': 16, 'fitness': 0.9814316514020234, 'generation': 368}","{'id': 28308, 'rank': 17, 'fitness': 0.9814133717421469, 'generation': 368}","{'id': 28280, 'rank': 18, 'fitness': 0.9812748758219495, 'generation': 368}","{'id': 28317, 'rank': 19, 'fitness': 0.9812154762887662, 'generation': 368}","{'id': 28372, 'rank': 20, 'fitness': 0.9288708042938367, 'generation': 368}","{'id': 28368, 'rank': 21, 'fitness': 0.9257184837516552, 'generation': 368}","{'id': 28370, 'rank': 22, 'fitness': 0.9057200888174942, 'generation': 368}","{'id': 28362, 'rank': 23, 'fitness': 0.35196266497291373, 'generation': 368}","{'id': 28380, 'rank': 24, 'fitness': 0.18740088332929533, 'generation': 368}","{'id': 28349, 'rank': 25, 'fitness': 0.1304788018826647, 'generation': 368}","{'id': 28382, 'rank': 26, 'fitness': 0.12388743553533105, 'generation': 368}","{'id': 28382, 'rank': 27, 'fitness': 0.12388743553533105, 'generation': 368}","{'id': 28363, 'rank': 28, 'fitness': 0.0390838364718582, 'generation': 368}","{'id': 28373, 'rank': 29, 'fitness': 0.03609931566150626, 'generation': 368}","{'id': 28354, 'rank': 30, 'fitness': 0.01798620996209155, 'generation': 368}"
"{'id': 28422, 'rank': 1, 'fitness': 0.9820137900379085, 'generation': 369}","{'id': 28422, 'rank': 2, 'fitness': 0.9820137900379085, 'generation': 369}","{'id': 28420, 'rank': 3, 'fitness': 0.9820016399558535, 'generation': 369}","{'id': 28359, 'rank': 4, 'fitness': 0.9819106452694786, 'generation': 369}","{'id': 28447, 'rank': 5, 'fitness': 0.9818005563015737, 'generation': 369}","{'id': 28447, 'rank': 6, 'fitness': 0.9818005563015737, 'generation': 369}","{'id': 28357, 'rank': 7, 'fitness': 0.981789001414535, 'generation': 369}","{'id': 28418, 'rank': 8, 'fitness': 0.9815984915052922, 'generation': 369}","{'id': 28418, 'rank': 9, 'fitness': 0.9815984915052922, 'generation': 369}","{'id': 28450, 'rank': 10, 'fitness': 0.981388068875515, 'generation': 369}","{'id': 28298, 'rank': 11, 'fitness': 0.9813546978407939, 'generation': 369}","{'id': 28337, 'rank': 12, 'fitness': 0.9813507431491644, 'generation': 369}","{'id': 28337, 'rank': 13, 'fitness': 0.9813507431491644, 'generation': 369}","{'id': 28403, 'rank': 14, 'fitness': 0.9813170997916187, 'generation': 369}","{'id': 28401, 'rank': 15, 'fitness': 0.9812944516356956, 'generation': 369}","{'id': 28392, 'rank': 16, 'fitness': 0.9812728313899846, 'generation': 369}","{'id': 28333, 'rank': 17, 'fitness': 0.9812641891770393, 'generation': 369}","{'id': 28333, 'rank': 18, 'fitness': 0.9812641891770393, 'generation': 369}","{'id': 28333, 'rank': 19, 'fitness': 0.9812641891770393, 'generation': 369}","{'id': 28335, 'rank': 20, 'fitness': 0.9812507959628971, 'generation': 369}","{'id': 28335, 'rank': 21, 'fitness': 0.9812507959628971, 'generation': 369}","{'id': 28391, 'rank': 22, 'fitness': 0.9811609291401212, 'generation': 369}","{'id': 28391, 'rank': 23, 'fitness': 0.9811609291401212, 'generation': 369}","{'id': 28430, 'rank': 24, 'fitness': 0.9811331185631779, 'generation': 369}","{'id': 28399, 'rank': 25, 'fitness': 0.981086430543684, 'generation': 369}","{'id': 28387, 'rank': 26, 'fitness': 0.9810344396226717, 'generation': 369}","{'id': 28458, 'rank': 27, 'fitness': 0.9810286831216517, 'generation': 369}","{'id': 28456, 'rank': 28, 'fitness': 0.9809586764811422, 'generation': 369}","{'id': 28411, 'rank': 29, 'fitness': 0.9806721569485706, 'generation': 369}","{'id': 28380, 'rank': 30, 'fitness': 0.01798620996209155, 'generation': 369}"
"{'id': 28544, 'rank': 1, 'fitness': 0.9820137900379085, 'generation': 370}","{'id': 28359, 'rank': 2, 'fitness': 0.9594881959795839, 'generation': 370}","{'id': 28484, 'rank': 3, 'fitness': 0.9540295978133513, 'generation': 370}","{'id': 28486, 'rank': 4, 'fitness': 0.951714030785636, 'generation': 370}","{'id': 28540, 'rank': 5, 'fitness': 0.9227623951235211, 'generation': 370}","{'id': 28357, 'rank': 6, 'fitness': 0.8956697599829696, 'generation': 370}","{'id': 28534, 'rank': 7, 'fitness': 0.7726666627847021, 'generation': 370}","{'id': 28467, 'rank': 8, 'fitness': 0.7606299938992792, 'generation': 370}","{'id': 28530, 'rank': 9, 'fitness': 0.6933634762802929, 'generation': 370}","{'id': 28543, 'rank': 10, 'fitness': 0.6751365391472886, 'generation': 370}","{'id': 28488, 'rank': 11, 'fitness': 0.6469715573602579, 'generation': 370}","{'id': 28488, 'rank': 12, 'fitness': 0.6469715573602579, 'generation': 370}","{'id': 28488, 'rank': 13, 'fitness': 0.6469715573602579, 'generation': 370}","{'id': 28488, 'rank': 14, 'fitness': 0.6469715573602579, 'generation': 370}","{'id': 28418, 'rank': 15, 'fitness': 0.639685849072452, 'generation': 370}","{'id': 28535, 'rank': 16, 'fitness': 0.3793290897627485, 'generation': 370}","{'id': 28521, 'rank': 17, 'fitness': 0.25635117187226353, 'generation': 370}","{'id': 28298, 'rank': 18, 'fitness': 0.19472249013326148, 'generation': 370}","{'id': 28392, 'rank': 19, 'fitness': 0.11072674625371859, 'generation': 370}","{'id': 28333, 'rank': 20, 'fitness': 0.10402891710710427, 'generation': 370}","{'id': 28505, 'rank': 21, 'fitness': 0.10358039535278968, 'generation': 370}","{'id': 28502, 'rank': 22, 'fitness': 0.09836955865470054, 'generation': 370}","{'id': 28545, 'rank': 23, 'fitness': 0.0972148109511014, 'generation': 370}","{'id': 28545, 'rank': 24, 'fitness': 0.0972148109511014, 'generation': 370}","{'id': 28518, 'rank': 25, 'fitness': 0.08235590341716525, 'generation': 370}","{'id': 28520, 'rank': 26, 'fitness': 0.06343461073803985, 'generation': 370}","{'id': 28481, 'rank': 27, 'fitness': 0.04457904688422781, 'generation': 370}","{'id': 28399, 'rank': 28, 'fitness': 0.027013917175595037, 'generation': 370}","{'id': 28513, 'rank': 29, 'fitness': 0.023855815417964277, 'generation': 370}","{'id': 28387, 'rank': 30, 'fitness': 0.01798620996209155, 'generation': 370}"
"{'id': 28544, 'rank': 1, 'fitness': 0.9820137900379085, 'generation': 371}","{'id': 28544, 'rank': 2, 'fitness': 0.9820137900379085, 'generation': 371}","{'id': 28359, 'rank': 3, 'fitness': 0.9819438597595012, 'generation': 371}","{'id': 28359, 'rank': 4, 'fitness': 0.9819438597595012, 'generation': 371}","{'id': 28486, 'rank': 5, 'fitness': 0.9819284443135365, 'generation': 371}","{'id': 28579, 'rank': 6, 'fitness': 0.9819246197579441, 'generation': 371}","{'id': 28540, 'rank': 7, 'fitness': 0.9818863630487051, 'generation': 371}","{'id': 28540, 'rank': 8, 'fitness': 0.9818863630487051, 'generation': 371}","{'id': 28357, 'rank': 9, 'fitness': 0.9818585322265583, 'generation': 371}","{'id': 28467, 'rank': 10, 'fitness': 0.9817745803173401, 'generation': 371}","{'id': 28543, 'rank': 11, 'fitness': 0.9817385962361831, 'generation': 371}","{'id': 28488, 'rank': 12, 'fitness': 0.9817279259101102, 'generation': 371}","{'id': 28488, 'rank': 13, 'fitness': 0.9817279259101102, 'generation': 371}","{'id': 28488, 'rank': 14, 'fitness': 0.9817279259101102, 'generation': 371}","{'id': 28571, 'rank': 15, 'fitness': 0.9816609940023557, 'generation': 371}","{'id': 28571, 'rank': 16, 'fitness': 0.9816609940023557, 'generation': 371}","{'id': 28521, 'rank': 17, 'fitness': 0.9815855799793417, 'generation': 371}","{'id': 28505, 'rank': 18, 'fitness': 0.981491867424792, 'generation': 371}","{'id': 28502, 'rank': 19, 'fitness': 0.9814869321839488, 'generation': 371}","{'id': 28545, 'rank': 20, 'fitness': 0.9814858069305924, 'generation': 371}","{'id': 28399, 'rank': 21, 'fitness': 0.9813689083048998, 'generation': 371}","{'id': 28387, 'rank': 22, 'fitness': 0.9813328877333696, 'generation': 371}","{'id': 28387, 'rank': 23, 'fitness': 0.9813328877333696, 'generation': 371}","{'id': 28567, 'rank': 24, 'fitness': 0.9813044402593083, 'generation': 371}","{'id': 28566, 'rank': 25, 'fitness': 0.9812173727846687, 'generation': 371}","{'id': 28566, 'rank': 26, 'fitness': 0.9812173727846687, 'generation': 371}","{'id': 28569, 'rank': 27, 'fitness': 0.9810373311728215, 'generation': 371}","{'id': 28581, 'rank': 28, 'fitness': 0.9786640331034138, 'generation': 371}","{'id': 28581, 'rank': 29, 'fitness': 0.9786640331034138, 'generation': 371}","{'id': 28564, 'rank': 30, 'fitness': 0.01798620996209155, 'generation': 371}"
"{'id': 28359, 'rank': 1, 'fitness': 0.9820137900379085, 'generation': 372}","{'id': 28638, 'rank': 2, 'fitness': 0.9812831464049651, 'generation': 372}","{'id': 28638, 'rank': 3, 'fitness': 0.9812831464049651, 'generation': 372}","{'id': 28638, 'rank': 4, 'fitness': 0.9812831464049651, 'generation': 372}","{'id': 28486, 'rank': 5, 'fitness': 0.981264073162602, 'generation': 372}","{'id': 28665, 'rank': 6, 'fitness': 0.9799471024971689, 'generation': 372}","{'id': 28651, 'rank': 7, 'fitness': 0.9781914658519515, 'generation': 372}","{'id': 28357, 'rank': 8, 'fitness': 0.9774709902385608, 'generation': 372}","{'id': 28357, 'rank': 9, 'fitness': 0.9774709902385608, 'generation': 372}","{'id': 28649, 'rank': 10, 'fitness': 0.9749789413992591, 'generation': 372}","{'id': 28655, 'rank': 11, 'fitness': 0.9726342830181064, 'generation': 372}","{'id': 28601, 'rank': 12, 'fitness': 0.9721898579284671, 'generation': 372}","{'id': 28601, 'rank': 13, 'fitness': 0.9721898579284671, 'generation': 372}","{'id': 28467, 'rank': 14, 'fitness': 0.9719432494021425, 'generation': 372}","{'id': 28640, 'rank': 15, 'fitness': 0.970978732642402, 'generation': 372}","{'id': 28654, 'rank': 16, 'fitness': 0.9706733121205277, 'generation': 372}","{'id': 28604, 'rank': 17, 'fitness': 0.9694260623553947, 'generation': 372}","{'id': 28604, 'rank': 18, 'fitness': 0.9694260623553947, 'generation': 372}","{'id': 28659, 'rank': 19, 'fitness': 0.9654284213683522, 'generation': 372}","{'id': 28652, 'rank': 20, 'fitness': 0.9639439828422887, 'generation': 372}","{'id': 28652, 'rank': 21, 'fitness': 0.9639439828422887, 'generation': 372}","{'id': 28628, 'rank': 22, 'fitness': 0.9580964870327702, 'generation': 372}","{'id': 28631, 'rank': 23, 'fitness': 0.9509554913022648, 'generation': 372}","{'id': 28631, 'rank': 24, 'fitness': 0.9509554913022648, 'generation': 372}","{'id': 28599, 'rank': 25, 'fitness': 0.9421831897079563, 'generation': 372}","{'id': 28599, 'rank': 26, 'fitness': 0.9421831897079563, 'generation': 372}","{'id': 28619, 'rank': 27, 'fitness': 0.9420765368082273, 'generation': 372}","{'id': 28609, 'rank': 28, 'fitness': 0.9220727006689156, 'generation': 372}","{'id': 28643, 'rank': 29, 'fitness': 0.9134655341789565, 'generation': 372}","{'id': 28617, 'rank': 30, 'fitness': 0.01798620996209155, 'generation': 372}"
"{'id': 28674, 'rank': 1, 'fitness': 0.9820137900379085, 'generation': 373}","{'id': 28694, 'rank': 2, 'fitness': 0.9805530011122342, 'generation': 373}","{'id': 28638, 'rank': 3, 'fitness': 0.9773126890387234, 'generation': 373}","{'id': 28638, 'rank': 4, 'fitness': 0.9773126890387234, 'generation': 373}","{'id': 28486, 'rank': 5, 'fitness': 0.9772576418138534, 'generation': 373}","{'id': 28692, 'rank': 6, 'fitness': 0.9711611054475832, 'generation': 373}","{'id': 28696, 'rank': 7, 'fitness': 0.9706847952754349, 'generation': 373}","{'id': 28673, 'rank': 8, 'fitness': 0.9694411982600091, 'generation': 373}","{'id': 28730, 'rank': 9, 'fitness': 0.9661365322447868, 'generation': 373}","{'id': 28357, 'rank': 10, 'fitness': 0.9647982033699705, 'generation': 373}","{'id': 28693, 'rank': 11, 'fitness': 0.9623473052254479, 'generation': 373}","{'id': 28690, 'rank': 12, 'fitness': 0.9359792819381404, 'generation': 373}","{'id': 28690, 'rank': 13, 'fitness': 0.9359792819381404, 'generation': 373}","{'id': 28690, 'rank': 14, 'fitness': 0.9359792819381404, 'generation': 373}","{'id': 28654, 'rank': 15, 'fitness': 0.9348791370916038, 'generation': 373}","{'id': 28695, 'rank': 16, 'fitness': 0.922097016161042, 'generation': 373}","{'id': 28697, 'rank': 17, 'fitness': 0.9160960907706279, 'generation': 373}","{'id': 28659, 'rank': 18, 'fitness': 0.9053511655176805, 'generation': 373}","{'id': 28652, 'rank': 19, 'fitness': 0.8960450681776928, 'generation': 373}","{'id': 28652, 'rank': 20, 'fitness': 0.8960450681776928, 'generation': 373}","{'id': 28678, 'rank': 21, 'fitness': 0.8795450041644612, 'generation': 373}","{'id': 28672, 'rank': 22, 'fitness': 0.8765636582645551, 'generation': 373}","{'id': 28712, 'rank': 23, 'fitness': 0.8727830213423409, 'generation': 373}","{'id': 28712, 'rank': 24, 'fitness': 0.8727830213423409, 'generation': 373}","{'id': 28729, 'rank': 25, 'fitness': 0.8700445188348245, 'generation': 373}","{'id': 28744, 'rank': 26, 'fitness': 0.8668150699565276, 'generation': 373}","{'id': 28628, 'rank': 27, 'fitness': 0.8557503156568441, 'generation': 373}","{'id': 28682, 'rank': 28, 'fitness': 0.7855223939174885, 'generation': 373}","{'id': 28715, 'rank': 29, 'fitness': 0.7796386623183185, 'generation': 373}","{'id': 28735, 'rank': 30, 'fitness': 0.01798620996209155, 'generation': 373}"
"{'id': 28831, 'rank': 1, 'fitness': 0.9820137900379085, 'generation': 374}","{'id': 28674, 'rank': 2, 'fitness': 0.9806011714358813, 'generation': 374}","{'id': 28694, 'rank': 3, 'fitness': 0.9803221653641819, 'generation': 374}","{'id': 28694, 'rank': 4, 'fitness': 0.9803221653641819, 'generation': 374}","{'id': 28692, 'rank': 5, 'fitness': 0.9788452163442924, 'generation': 374}","{'id': 28357, 'rank': 6, 'fitness': 0.9780504243665993, 'generation': 374}","{'id': 28357, 'rank': 7, 'fitness': 0.9780504243665993, 'generation': 374}","{'id': 28693, 'rank': 8, 'fitness': 0.9777742797365093, 'generation': 374}","{'id': 28693, 'rank': 9, 'fitness': 0.9777742797365093, 'generation': 374}","{'id': 28693, 'rank': 10, 'fitness': 0.9777742797365093, 'generation': 374}","{'id': 28693, 'rank': 11, 'fitness': 0.9777742797365093, 'generation': 374}","{'id': 28792, 'rank': 12, 'fitness': 0.9769627693083924, 'generation': 374}","{'id': 28690, 'rank': 13, 'fitness': 0.9754405240997481, 'generation': 374}","{'id': 28820, 'rank': 14, 'fitness': 0.9747554223954997, 'generation': 374}","{'id': 28816, 'rank': 15, 'fitness': 0.9746263583179169, 'generation': 374}","{'id': 28695, 'rank': 16, 'fitness': 0.9744972544260098, 'generation': 374}","{'id': 28768, 'rank': 17, 'fitness': 0.9722234065257678, 'generation': 374}","{'id': 28672, 'rank': 18, 'fitness': 0.972067260131841, 'generation': 374}","{'id': 28744, 'rank': 19, 'fitness': 0.9716306383353683, 'generation': 374}","{'id': 28830, 'rank': 20, 'fitness': 0.9712521247539183, 'generation': 374}","{'id': 28628, 'rank': 21, 'fitness': 0.9711594301426362, 'generation': 374}","{'id': 28833, 'rank': 22, 'fitness': 0.9642865005787167, 'generation': 374}","{'id': 28778, 'rank': 23, 'fitness': 0.9612471441349433, 'generation': 374}","{'id': 28807, 'rank': 24, 'fitness': 0.8980196688588359, 'generation': 374}","{'id': 28807, 'rank': 25, 'fitness': 0.8980196688588359, 'generation': 374}","{'id': 28758, 'rank': 26, 'fitness': 0.8178176629629307, 'generation': 374}","{'id': 28789, 'rank': 27, 'fitness': 0.8063933954276905, 'generation': 374}","{'id': 28772, 'rank': 28, 'fitness': 0.5000441788310765, 'generation': 374}","{'id': 28798, 'rank': 29, 'fitness': 0.07904296771653713, 'generation': 374}","{'id': 28799, 'rank': 30, 'fitness': 0.01798620996209155, 'generation': 374}"
"{'id': 28879, 'rank': 1, 'fitness': 0.9820137900379085, 'generation': 375}","{'id': 28879, 'rank': 2, 'fitness': 0.9820137900379085, 'generation': 375}","{'id': 28674, 'rank': 3, 'fitness': 0.9818477089895461, 'generation': 375}","{'id': 28900, 'rank': 4, 'fitness': 0.9817199498491727, 'generation': 375}","{'id': 28694, 'rank': 5, 'fitness': 0.981679667887793, 'generation': 375}","{'id': 28887, 'rank': 6, 'fitness': 0.9811840167362635, 'generation': 375}","{'id': 28847, 'rank': 7, 'fitness': 0.9809792452663906, 'generation': 375}","{'id': 28886, 'rank': 8, 'fitness': 0.9804011026573467, 'generation': 375}","{'id': 28357, 'rank': 9, 'fitness': 0.9803407443772316, 'generation': 375}","{'id': 28357, 'rank': 10, 'fitness': 0.9803407443772316, 'generation': 375}","{'id': 28357, 'rank': 11, 'fitness': 0.9803407443772316, 'generation': 375}","{'id': 28844, 'rank': 12, 'fitness': 0.9800272141089463, 'generation': 375}","{'id': 28889, 'rank': 13, 'fitness': 0.9797450419585165, 'generation': 375}","{'id': 28889, 'rank': 14, 'fitness': 0.9797450419585165, 'generation': 375}","{'id': 28905, 'rank': 15, 'fitness': 0.9795177312659946, 'generation': 375}","{'id': 28690, 'rank': 16, 'fitness': 0.9788601523596718, 'generation': 375}","{'id': 28885, 'rank': 17, 'fitness': 0.978033065728311, 'generation': 375}","{'id': 28867, 'rank': 18, 'fitness': 0.9774093278667435, 'generation': 375}","{'id': 28926, 'rank': 19, 'fitness': 0.9769492722814266, 'generation': 375}","{'id': 28628, 'rank': 20, 'fitness': 0.9765428894470832, 'generation': 375}","{'id': 28892, 'rank': 21, 'fitness': 0.9763264612136613, 'generation': 375}","{'id': 28924, 'rank': 22, 'fitness': 0.9759914084298253, 'generation': 375}","{'id': 28848, 'rank': 23, 'fitness': 0.9736156790791239, 'generation': 375}","{'id': 28873, 'rank': 24, 'fitness': 0.9730528379235484, 'generation': 375}","{'id': 28858, 'rank': 25, 'fitness': 0.9692105380430083, 'generation': 375}","{'id': 28920, 'rank': 26, 'fitness': 0.9671515070613507, 'generation': 375}","{'id': 28921, 'rank': 27, 'fitness': 0.9662254348995216, 'generation': 375}","{'id': 28871, 'rank': 28, 'fitness': 0.9646061244551376, 'generation': 375}","{'id': 28840, 'rank': 29, 'fitness': 0.65979930692822, 'generation': 375}","{'id': 28916, 'rank': 30, 'fitness': 0.01798620996209155, 'generation': 375}"
"{'id': 28879, 'rank': 1, 'fitness': 0.9820137900379085, 'generation': 376}","{'id': 28674, 'rank': 2, 'fitness': 0.9804305846929068, 'generation': 376}","{'id': 28674, 'rank': 3, 'fitness': 0.9804305846929068, 'generation': 376}","{'id': 28900, 'rank': 4, 'fitness': 0.9791311910506897, 'generation': 376}","{'id': 29016, 'rank': 5, 'fitness': 0.9781354310274541, 'generation': 376}","{'id': 28847, 'rank': 6, 'fitness': 0.9700159916878669, 'generation': 376}","{'id': 28972, 'rank': 7, 'fitness': 0.967097189188405, 'generation': 376}","{'id': 29013, 'rank': 8, 'fitness': 0.9651462601527616, 'generation': 376}","{'id': 29013, 'rank': 9, 'fitness': 0.9651462601527616, 'generation': 376}","{'id': 29013, 'rank': 10, 'fitness': 0.9651462601527616, 'generation': 376}","{'id': 28886, 'rank': 11, 'fitness': 0.9606915348095086, 'generation': 376}","{'id': 28969, 'rank': 12, 'fitness': 0.9591172456224979, 'generation': 376}","{'id': 28889, 'rank': 13, 'fitness': 0.9472320265872285, 'generation': 376}","{'id': 28945, 'rank': 14, 'fitness': 0.9434075390232366, 'generation': 376}","{'id': 28945, 'rank': 15, 'fitness': 0.9434075390232366, 'generation': 376}","{'id': 28945, 'rank': 16, 'fitness': 0.9434075390232366, 'generation': 376}","{'id': 28984, 'rank': 17, 'fitness': 0.9223562546214215, 'generation': 376}","{'id': 28949, 'rank': 18, 'fitness': 0.9218257568021834, 'generation': 376}","{'id': 28949, 'rank': 19, 'fitness': 0.9218257568021834, 'generation': 376}","{'id': 28946, 'rank': 20, 'fitness': 0.8944769410388317, 'generation': 376}","{'id': 28885, 'rank': 21, 'fitness': 0.8934354606517185, 'generation': 376}","{'id': 28988, 'rank': 22, 'fitness': 0.870983030533876, 'generation': 376}","{'id': 29008, 'rank': 23, 'fitness': 0.8658603934377063, 'generation': 376}","{'id': 29010, 'rank': 24, 'fitness': 0.8630082604479412, 'generation': 376}","{'id': 29011, 'rank': 25, 'fitness': 0.7671005335915706, 'generation': 376}","{'id': 28979, 'rank': 26, 'fitness': 0.7527461460892724, 'generation': 376}","{'id': 28967, 'rank': 27, 'fitness': 0.7369768438232683, 'generation': 376}","{'id': 28977, 'rank': 28, 'fitness': 0.43514828038418363, 'generation': 376}","{'id': 28995, 'rank': 29, 'fitness': 0.22200292640737318, 'generation': 376}","{'id': 28944, 'rank': 30, 'fitness': 0.01798620996209155, 'generation': 376}"
"{'id': 29016, 'rank': 1, 'fitness': 0.9820137900379085, 'generation': 377}","{'id': 28972, 'rank': 2, 'fitness': 0.9815204618744194, 'generation': 377}","{'id': 29013, 'rank': 3, 'fitness': 0.9814493698255515, 'generation': 377}","{'id': 29013, 'rank': 4, 'fitness': 0.9814493698255515, 'generation': 377}","{'id': 29013, 'rank': 5, 'fitness': 0.9814493698255515, 'generation': 377}","{'id': 29029, 'rank': 6, 'fitness': 0.9813536073663518, 'generation': 377}","{'id': 28969, 'rank': 7, 'fitness': 0.981250241614348, 'generation': 377}","{'id': 29045, 'rank': 8, 'fitness': 0.9811711649068982, 'generation': 377}","{'id': 29038, 'rank': 9, 'fitness': 0.9809955602902842, 'generation': 377}","{'id': 28945, 'rank': 10, 'fitness': 0.9808332772996577, 'generation': 377}","{'id': 29028, 'rank': 11, 'fitness': 0.9807574676862907, 'generation': 377}","{'id': 29058, 'rank': 12, 'fitness': 0.9806447241795588, 'generation': 377}","{'id': 28984, 'rank': 13, 'fitness': 0.9804108304362675, 'generation': 377}","{'id': 29088, 'rank': 14, 'fitness': 0.979997329913702, 'generation': 377}","{'id': 28885, 'rank': 15, 'fitness': 0.9799668289780044, 'generation': 377}","{'id': 29008, 'rank': 16, 'fitness': 0.9796272122544967, 'generation': 377}","{'id': 29008, 'rank': 17, 'fitness': 0.9796272122544967, 'generation': 377}","{'id': 29048, 'rank': 18, 'fitness': 0.9795232779871983, 'generation': 377}","{'id': 29049, 'rank': 19, 'fitness': 0.9792209892972099, 'generation': 377}","{'id': 29080, 'rank': 20, 'fitness': 0.9789741624867276, 'generation': 377}","{'id': 29059, 'rank': 21, 'fitness': 0.9789373745638805, 'generation': 377}","{'id': 28979, 'rank': 22, 'fitness': 0.9786194210056061, 'generation': 377}","{'id': 29019, 'rank': 23, 'fitness': 0.9785586791665704, 'generation': 377}","{'id': 29019, 'rank': 24, 'fitness': 0.9785586791665704, 'generation': 377}","{'id': 29021, 'rank': 25, 'fitness': 0.9772633458656401, 'generation': 377}","{'id': 29021, 'rank': 26, 'fitness': 0.9772633458656401, 'generation': 377}","{'id': 29024, 'rank': 27, 'fitness': 0.9753588084847968, 'generation': 377}","{'id': 28944, 'rank': 28, 'fitness': 0.9703486030465382, 'generation': 377}","{'id': 29054, 'rank': 29, 'fitness': 0.9702675389592145, 'generation': 377}","{'id': 29044, 'rank': 30, 'fitness': 0.01798620996209155, 'generation': 377}"
"{'id': 29104, 'rank': 1, 'fitness': 0.9820137900379085, 'generation': 378}","{'id': 29104, 'rank': 2, 'fitness': 0.9820137900379085, 'generation': 378}","{'id': 29156, 'rank': 3, 'fitness': 0.9804038079576499, 'generation': 378}","{'id': 29102, 'rank': 4, 'fitness': 0.9620053353045922, 'generation': 378}","{'id': 29102, 'rank': 5, 'fitness': 0.9620053353045922, 'generation': 378}","{'id': 29139, 'rank': 6, 'fitness': 0.9595031936298115, 'generation': 378}","{'id': 29172, 'rank': 7, 'fitness': 0.9505625861391043, 'generation': 378}","{'id': 29029, 'rank': 8, 'fitness': 0.9403326730331534, 'generation': 378}","{'id': 29038, 'rank': 9, 'fitness': 0.9207879351849055, 'generation': 378}","{'id': 29115, 'rank': 10, 'fitness': 0.9065630638021138, 'generation': 378}","{'id': 29179, 'rank': 11, 'fitness': 0.8915560587813829, 'generation': 378}","{'id': 29191, 'rank': 12, 'fitness': 0.869283119499404, 'generation': 378}","{'id': 29162, 'rank': 13, 'fitness': 0.8684690433983224, 'generation': 378}","{'id': 29192, 'rank': 14, 'fitness': 0.8561559179774354, 'generation': 378}","{'id': 29192, 'rank': 15, 'fitness': 0.8561559179774354, 'generation': 378}","{'id': 29190, 'rank': 16, 'fitness': 0.8493972561588123, 'generation': 378}","{'id': 29190, 'rank': 17, 'fitness': 0.8493972561588123, 'generation': 378}","{'id': 29187, 'rank': 18, 'fitness': 0.8274684848030562, 'generation': 378}","{'id': 29112, 'rank': 19, 'fitness': 0.7984290848489743, 'generation': 378}","{'id': 29184, 'rank': 20, 'fitness': 0.792801393634443, 'generation': 378}","{'id': 29008, 'rank': 21, 'fitness': 0.7924213965874044, 'generation': 378}","{'id': 29167, 'rank': 22, 'fitness': 0.6921544330550117, 'generation': 378}","{'id': 29164, 'rank': 23, 'fitness': 0.63405744259343, 'generation': 378}","{'id': 29019, 'rank': 24, 'fitness': 0.6271128662337848, 'generation': 378}","{'id': 29176, 'rank': 25, 'fitness': 0.6162927325200478, 'generation': 378}","{'id': 29130, 'rank': 26, 'fitness': 0.5555660068786271, 'generation': 378}","{'id': 29130, 'rank': 27, 'fitness': 0.5555660068786271, 'generation': 378}","{'id': 29147, 'rank': 28, 'fitness': 0.46399826093297913, 'generation': 378}","{'id': 29126, 'rank': 29, 'fitness': 0.06345666160386537, 'generation': 378}","{'id': 29122, 'rank': 30, 'fitness': 0.01798620996209155, 'generation': 378}"
"{'id': 29104, 'rank': 1, 'fitness': 0.9820137900379085, 'generation': 379}","{'id': 29238, 'rank': 2, 'fitness': 0.9819987200930685, 'generation': 379}","{'id': 29239, 'rank': 3, 'fitness': 0.9813133608220255, 'generation': 379}","{'id': 29243, 'rank': 4, 'fitness': 0.981171614967995, 'generation': 379}","{'id': 29222, 'rank': 5, 'fitness': 0.9811481168571259, 'generation': 379}","{'id': 29245, 'rank': 6, 'fitness': 0.9811003250782904, 'generation': 379}","{'id': 29245, 'rank': 7, 'fitness': 0.9811003250782904, 'generation': 379}","{'id': 29102, 'rank': 8, 'fitness': 0.9803698243011311, 'generation': 379}","{'id': 29139, 'rank': 9, 'fitness': 0.9802210830891133, 'generation': 379}","{'id': 29139, 'rank': 10, 'fitness': 0.9802210830891133, 'generation': 379}","{'id': 29029, 'rank': 11, 'fitness': 0.9792829374473859, 'generation': 379}","{'id': 29115, 'rank': 12, 'fitness': 0.9781100335983465, 'generation': 379}","{'id': 29115, 'rank': 13, 'fitness': 0.9781100335983465, 'generation': 379}","{'id': 29191, 'rank': 14, 'fitness': 0.9771519357788538, 'generation': 379}","{'id': 29192, 'rank': 15, 'fitness': 0.9768629197602119, 'generation': 379}","{'id': 29192, 'rank': 16, 'fitness': 0.9768629197602119, 'generation': 379}","{'id': 29008, 'rank': 17, 'fitness': 0.9756694059715246, 'generation': 379}","{'id': 29167, 'rank': 18, 'fitness': 0.9741682973142454, 'generation': 379}","{'id': 29267, 'rank': 19, 'fitness': 0.9740322825096046, 'generation': 379}","{'id': 29267, 'rank': 20, 'fitness': 0.9740322825096046, 'generation': 379}","{'id': 29019, 'rank': 21, 'fitness': 0.973307034459673, 'generation': 379}","{'id': 29228, 'rank': 22, 'fitness': 0.9677126740882722, 'generation': 379}","{'id': 29228, 'rank': 23, 'fitness': 0.9677126740882722, 'generation': 379}","{'id': 29213, 'rank': 24, 'fitness': 0.8981112208569885, 'generation': 379}","{'id': 29213, 'rank': 25, 'fitness': 0.8981112208569885, 'generation': 379}","{'id': 29215, 'rank': 26, 'fitness': 0.6222091381637709, 'generation': 379}","{'id': 29219, 'rank': 27, 'fitness': 0.34546653513150694, 'generation': 379}","{'id': 29260, 'rank': 28, 'fitness': 0.32701267188779215, 'generation': 379}","{'id': 29233, 'rank': 29, 'fitness': 0.09374820103348314, 'generation': 379}","{'id': 29201, 'rank': 30, 'fitness': 0.01798620996209155, 'generation': 379}"
"{'id': 29334, 'rank': 1, 'fitness': 0.9820137900379085, 'generation': 380}","{'id': 29290, 'rank': 2, 'fitness': 0.9811947853365036, 'generation': 380}","{'id': 29239, 'rank': 3, 'fitness': 0.9806774968106433, 'generation': 380}","{'id': 29222, 'rank': 4, 'fitness': 0.9802843489741975, 'generation': 380}","{'id': 29245, 'rank': 5, 'fitness': 0.9801698286712812, 'generation': 380}","{'id': 29245, 'rank': 6, 'fitness': 0.9801698286712812, 'generation': 380}","{'id': 29245, 'rank': 7, 'fitness': 0.9801698286712812, 'generation': 380}","{'id': 29344, 'rank': 8, 'fitness': 0.9797732381679805, 'generation': 380}","{'id': 29320, 'rank': 9, 'fitness': 0.9789643185028867, 'generation': 380}","{'id': 29102, 'rank': 10, 'fitness': 0.9783738022052202, 'generation': 380}","{'id': 29139, 'rank': 11, 'fitness': 0.9779975978738223, 'generation': 380}","{'id': 29139, 'rank': 12, 'fitness': 0.9779975978738223, 'generation': 380}","{'id': 29345, 'rank': 13, 'fitness': 0.9775997804953778, 'generation': 380}","{'id': 29313, 'rank': 14, 'fitness': 0.9768523287645496, 'generation': 380}","{'id': 29339, 'rank': 15, 'fitness': 0.9761198051706121, 'generation': 380}","{'id': 29297, 'rank': 16, 'fitness': 0.9760463334902145, 'generation': 380}","{'id': 29297, 'rank': 17, 'fitness': 0.9760463334902145, 'generation': 380}","{'id': 29285, 'rank': 18, 'fitness': 0.9757562579874555, 'generation': 380}","{'id': 29291, 'rank': 19, 'fitness': 0.9751615140293901, 'generation': 380}","{'id': 29286, 'rank': 20, 'fitness': 0.9751364370108517, 'generation': 380}","{'id': 29347, 'rank': 21, 'fitness': 0.9728196983774287, 'generation': 380}","{'id': 29191, 'rank': 22, 'fitness': 0.9694362276778774, 'generation': 380}","{'id': 29326, 'rank': 23, 'fitness': 0.9664903198295621, 'generation': 380}","{'id': 29008, 'rank': 24, 'fitness': 0.9647525741799987, 'generation': 380}","{'id': 29336, 'rank': 25, 'fitness': 0.9574577672171775, 'generation': 380}","{'id': 29349, 'rank': 26, 'fitness': 0.9470000377671437, 'generation': 380}","{'id': 29338, 'rank': 27, 'fitness': 0.9425878823468195, 'generation': 380}","{'id': 29277, 'rank': 28, 'fitness': 0.9151724927719158, 'generation': 380}","{'id': 29213, 'rank': 29, 'fitness': 0.46027637107155595, 'generation': 380}","{'id': 29215, 'rank': 30, 'fitness': 0.01798620996209155, 'generation': 380}"
"{'id': 29239, 'rank': 1, 'fitness': 0.9820137900379085, 'generation': 381}","{'id': 29222, 'rank': 2, 'fitness': 0.979522859052703, 'generation': 381}","{'id': 29344, 'rank': 3, 'fitness': 0.9758646107114692, 'generation': 381}","{'id': 29320, 'rank': 4, 'fitness': 0.968988627776826, 'generation': 381}","{'id': 29320, 'rank': 5, 'fitness': 0.968988627776826, 'generation': 381}","{'id': 29389, 'rank': 6, 'fitness': 0.9661828100405957, 'generation': 381}","{'id': 29139, 'rank': 7, 'fitness': 0.9587627587898249, 'generation': 381}","{'id': 29396, 'rank': 8, 'fitness': 0.9429649783931626, 'generation': 381}","{'id': 29339, 'rank': 9, 'fitness': 0.9312934883026687, 'generation': 381}","{'id': 29297, 'rank': 10, 'fitness': 0.9299857769874404, 'generation': 381}","{'id': 29401, 'rank': 11, 'fitness': 0.9254846809597116, 'generation': 381}","{'id': 29401, 'rank': 12, 'fitness': 0.9254846809597116, 'generation': 381}","{'id': 29285, 'rank': 13, 'fitness': 0.9246360446954687, 'generation': 381}","{'id': 29420, 'rank': 14, 'fitness': 0.9190788846303479, 'generation': 381}","{'id': 29437, 'rank': 15, 'fitness': 0.9141239251672775, 'generation': 381}","{'id': 29291, 'rank': 16, 'fitness': 0.9127061171328725, 'generation': 381}","{'id': 29360, 'rank': 17, 'fitness': 0.8844045932489565, 'generation': 381}","{'id': 29412, 'rank': 18, 'fitness': 0.8812082961000646, 'generation': 381}","{'id': 29368, 'rank': 19, 'fitness': 0.8096905745883921, 'generation': 381}","{'id': 29415, 'rank': 20, 'fitness': 0.8082820651002687, 'generation': 381}","{'id': 29191, 'rank': 21, 'fitness': 0.7259158811000797, 'generation': 381}","{'id': 29326, 'rank': 22, 'fitness': 0.5895378828259161, 'generation': 381}","{'id': 29391, 'rank': 23, 'fitness': 0.5345264868812336, 'generation': 381}","{'id': 29390, 'rank': 24, 'fitness': 0.50727763062827, 'generation': 381}","{'id': 29382, 'rank': 25, 'fitness': 0.24678311002169995, 'generation': 381}","{'id': 29397, 'rank': 26, 'fitness': 0.24332456648689355, 'generation': 381}","{'id': 29425, 'rank': 27, 'fitness': 0.23660241234534735, 'generation': 381}","{'id': 29398, 'rank': 28, 'fitness': 0.1988867816685062, 'generation': 381}","{'id': 29399, 'rank': 29, 'fitness': 0.17280379024067855, 'generation': 381}","{'id': 29375, 'rank': 30, 'fitness': 0.01798620996209155, 'generation': 381}"
"{'id': 29508, 'rank': 1, 'fitness': 0.9820137900379085, 'generation': 382}","{'id': 29508, 'rank': 2, 'fitness': 0.9820137900379085, 'generation': 382}","{'id': 29509, 'rank': 3, 'fitness': 0.9799863393615804, 'generation': 382}","{'id': 29344, 'rank': 4, 'fitness': 0.9796070240639573, 'generation': 382}","{'id': 29320, 'rank': 5, 'fitness': 0.9786245189231663, 'generation': 382}","{'id': 29320, 'rank': 6, 'fitness': 0.9786245189231663, 'generation': 382}","{'id': 29389, 'rank': 7, 'fitness': 0.9782725773590621, 'generation': 382}","{'id': 29463, 'rank': 8, 'fitness': 0.9763560697167778, 'generation': 382}","{'id': 29463, 'rank': 9, 'fitness': 0.9763560697167778, 'generation': 382}","{'id': 29488, 'rank': 10, 'fitness': 0.9762696680534981, 'generation': 382}","{'id': 29396, 'rank': 11, 'fitness': 0.9759955697456326, 'generation': 382}","{'id': 29339, 'rank': 12, 'fitness': 0.9751124204428194, 'generation': 382}","{'id': 29462, 'rank': 13, 'fitness': 0.9750539460456789, 'generation': 382}","{'id': 29297, 'rank': 14, 'fitness': 0.9750205835555433, 'generation': 382}","{'id': 29451, 'rank': 15, 'fitness': 0.9708642926226776, 'generation': 382}","{'id': 29498, 'rank': 16, 'fitness': 0.9603361852152732, 'generation': 382}","{'id': 29498, 'rank': 17, 'fitness': 0.9603361852152732, 'generation': 382}","{'id': 29490, 'rank': 18, 'fitness': 0.9557056925782098, 'generation': 382}","{'id': 29382, 'rank': 19, 'fitness': 0.9513901955840027, 'generation': 382}","{'id': 29397, 'rank': 20, 'fitness': 0.9512287386849927, 'generation': 382}","{'id': 29468, 'rank': 21, 'fitness': 0.9510427017522607, 'generation': 382}","{'id': 29425, 'rank': 22, 'fitness': 0.9509089106812199, 'generation': 382}","{'id': 29425, 'rank': 23, 'fitness': 0.9509089106812199, 'generation': 382}","{'id': 29449, 'rank': 24, 'fitness': 0.9314982739009717, 'generation': 382}","{'id': 29449, 'rank': 25, 'fitness': 0.9314982739009717, 'generation': 382}","{'id': 29476, 'rank': 26, 'fitness': 0.7901559672266715, 'generation': 382}","{'id': 29486, 'rank': 27, 'fitness': 0.686045616518635, 'generation': 382}","{'id': 29482, 'rank': 28, 'fitness': 0.4236150396392049, 'generation': 382}","{'id': 29453, 'rank': 29, 'fitness': 0.12085154893072342, 'generation': 382}","{'id': 29492, 'rank': 30, 'fitness': 0.01798620996209155, 'generation': 382}"
"{'id': 29591, 'rank': 1, 'fitness': 0.9820137900379085, 'generation': 383}","{'id': 29516, 'rank': 2, 'fitness': 0.9389194589273671, 'generation': 383}","{'id': 29463, 'rank': 3, 'fitness': 0.9346603181287487, 'generation': 383}","{'id': 29463, 'rank': 4, 'fitness': 0.9346603181287487, 'generation': 383}","{'id': 29463, 'rank': 5, 'fitness': 0.9346603181287487, 'generation': 383}","{'id': 29575, 'rank': 6, 'fitness': 0.9326394655518726, 'generation': 383}","{'id': 29575, 'rank': 7, 'fitness': 0.9326394655518726, 'generation': 383}","{'id': 29529, 'rank': 8, 'fitness': 0.9248233731369803, 'generation': 383}","{'id': 29462, 'rank': 9, 'fitness': 0.9209055310312033, 'generation': 383}","{'id': 29573, 'rank': 10, 'fitness': 0.8796464319927175, 'generation': 383}","{'id': 29451, 'rank': 11, 'fitness': 0.864932543770863, 'generation': 383}","{'id': 29451, 'rank': 12, 'fitness': 0.864932543770863, 'generation': 383}","{'id': 29571, 'rank': 13, 'fitness': 0.8525297187422207, 'generation': 383}","{'id': 29571, 'rank': 14, 'fitness': 0.8525297187422207, 'generation': 383}","{'id': 29528, 'rank': 15, 'fitness': 0.8296498985366947, 'generation': 383}","{'id': 29522, 'rank': 16, 'fitness': 0.8182502807252067, 'generation': 383}","{'id': 29576, 'rank': 17, 'fitness': 0.7904553123239821, 'generation': 383}","{'id': 29531, 'rank': 18, 'fitness': 0.7425749509729807, 'generation': 383}","{'id': 29535, 'rank': 19, 'fitness': 0.7326297696236945, 'generation': 383}","{'id': 29535, 'rank': 20, 'fitness': 0.7326297696236945, 'generation': 383}","{'id': 29560, 'rank': 21, 'fitness': 0.700442616218546, 'generation': 383}","{'id': 29514, 'rank': 22, 'fitness': 0.6809814707759942, 'generation': 383}","{'id': 29588, 'rank': 23, 'fitness': 0.5634038760552375, 'generation': 383}","{'id': 29588, 'rank': 24, 'fitness': 0.5634038760552375, 'generation': 383}","{'id': 29490, 'rank': 25, 'fitness': 0.5568445550596748, 'generation': 383}","{'id': 29425, 'rank': 26, 'fitness': 0.45617526450133405, 'generation': 383}","{'id': 29534, 'rank': 27, 'fitness': 0.17026669780333947, 'generation': 383}","{'id': 29545, 'rank': 28, 'fitness': 0.09668259183842565, 'generation': 383}","{'id': 29559, 'rank': 29, 'fitness': 0.02952046917241341, 'generation': 383}","{'id': 29569, 'rank': 30, 'fitness': 0.01798620996209155, 'generation': 383}"
"{'id': 29516, 'rank': 1, 'fitness': 0.9820137900379085, 'generation': 384}","{'id': 29516, 'rank': 2, 'fitness': 0.9820137900379085, 'generation': 384}","{'id': 29463, 'rank': 3, 'fitness': 0.9819609355426189, 'generation': 384}","{'id': 29463, 'rank': 4, 'fitness': 0.9819609355426189, 'generation': 384}","{'id': 29575, 'rank': 5, 'fitness': 0.9819369204714558, 'generation': 384}","{'id': 29575, 'rank': 6, 'fitness': 0.9819369204714558, 'generation': 384}","{'id': 29575, 'rank': 7, 'fitness': 0.9819369204714558, 'generation': 384}","{'id': 29462, 'rank': 8, 'fitness': 0.9818088661769455, 'generation': 384}","{'id': 29571, 'rank': 9, 'fitness': 0.9812822246592974, 'generation': 384}","{'id': 29571, 'rank': 10, 'fitness': 0.9812822246592974, 'generation': 384}","{'id': 29571, 'rank': 11, 'fitness': 0.9812822246592974, 'generation': 384}","{'id': 29528, 'rank': 12, 'fitness': 0.9811510095095982, 'generation': 384}","{'id': 29522, 'rank': 13, 'fitness': 0.9810905397974528, 'generation': 384}","{'id': 29535, 'rank': 14, 'fitness': 0.9807041718480873, 'generation': 384}","{'id': 29535, 'rank': 15, 'fitness': 0.9807041718480873, 'generation': 384}","{'id': 29588, 'rank': 16, 'fitness': 0.9801034121950616, 'generation': 384}","{'id': 29559, 'rank': 17, 'fitness': 0.9768303947138042, 'generation': 384}","{'id': 29618, 'rank': 18, 'fitness': 0.9736690151694242, 'generation': 384}","{'id': 29624, 'rank': 19, 'fitness': 0.9729585298684611, 'generation': 384}","{'id': 29624, 'rank': 20, 'fitness': 0.9729585298684611, 'generation': 384}","{'id': 29656, 'rank': 21, 'fitness': 0.9720922456601315, 'generation': 384}","{'id': 29664, 'rank': 22, 'fitness': 0.9714928120439773, 'generation': 384}","{'id': 29646, 'rank': 23, 'fitness': 0.9605370277361256, 'generation': 384}","{'id': 29647, 'rank': 24, 'fitness': 0.9599760333307966, 'generation': 384}","{'id': 29606, 'rank': 25, 'fitness': 0.9217388049943189, 'generation': 384}","{'id': 29606, 'rank': 26, 'fitness': 0.9217388049943189, 'generation': 384}","{'id': 29642, 'rank': 27, 'fitness': 0.8344182783600034, 'generation': 384}","{'id': 29641, 'rank': 28, 'fitness': 0.7772507891781358, 'generation': 384}","{'id': 29593, 'rank': 29, 'fitness': 0.7358310535543554, 'generation': 384}","{'id': 29633, 'rank': 30, 'fitness': 0.01798620996209155, 'generation': 384}"
"{'id': 29726, 'rank': 1, 'fitness': 0.9820137900379085, 'generation': 385}","{'id': 29716, 'rank': 2, 'fitness': 0.9819783195533538, 'generation': 385}","{'id': 29696, 'rank': 3, 'fitness': 0.9818906927870246, 'generation': 385}","{'id': 29463, 'rank': 4, 'fitness': 0.9817163890793374, 'generation': 385}","{'id': 29463, 'rank': 5, 'fitness': 0.9817163890793374, 'generation': 385}","{'id': 29463, 'rank': 6, 'fitness': 0.9817163890793374, 'generation': 385}","{'id': 29575, 'rank': 7, 'fitness': 0.9816920962776609, 'generation': 385}","{'id': 29462, 'rank': 8, 'fitness': 0.9815625622428875, 'generation': 385}","{'id': 29695, 'rank': 9, 'fitness': 0.9815158634336052, 'generation': 385}","{'id': 29680, 'rank': 10, 'fitness': 0.9815127601981016, 'generation': 385}","{'id': 29708, 'rank': 11, 'fitness': 0.9811561377531252, 'generation': 385}","{'id': 29710, 'rank': 12, 'fitness': 0.9810048954077166, 'generation': 385}","{'id': 29746, 'rank': 13, 'fitness': 0.9809413849963675, 'generation': 385}","{'id': 29522, 'rank': 14, 'fitness': 0.9808359717920823, 'generation': 385}","{'id': 29733, 'rank': 15, 'fitness': 0.98077659226796, 'generation': 385}","{'id': 29733, 'rank': 16, 'fitness': 0.98077659226796, 'generation': 385}","{'id': 29725, 'rank': 17, 'fitness': 0.980645413898791, 'generation': 385}","{'id': 29694, 'rank': 18, 'fitness': 0.9805888022975012, 'generation': 385}","{'id': 29744, 'rank': 19, 'fitness': 0.9805822415850964, 'generation': 385}","{'id': 29588, 'rank': 20, 'fitness': 0.9798375863627984, 'generation': 385}","{'id': 29742, 'rank': 21, 'fitness': 0.9798229618492464, 'generation': 385}","{'id': 29559, 'rank': 22, 'fitness': 0.9765280063408226, 'generation': 385}","{'id': 29740, 'rank': 23, 'fitness': 0.9744359746234739, 'generation': 385}","{'id': 29618, 'rank': 24, 'fitness': 0.9733323325238272, 'generation': 385}","{'id': 29618, 'rank': 25, 'fitness': 0.9733323325238272, 'generation': 385}","{'id': 29624, 'rank': 26, 'fitness': 0.972614267679436, 'generation': 385}","{'id': 29624, 'rank': 27, 'fitness': 0.972614267679436, 'generation': 385}","{'id': 29671, 'rank': 28, 'fitness': 0.9684613079891154, 'generation': 385}","{'id': 29737, 'rank': 29, 'fitness': 0.7808001832663773, 'generation': 385}","{'id': 29633, 'rank': 30, 'fitness': 0.01798620996209155, 'generation': 385}"
"{'id': 29463, 'rank': 1, 'fitness': 0.9820137900379085, 'generation': 386}","{'id': 29463, 'rank': 2, 'fitness': 0.9820137900379085, 'generation': 386}","{'id': 29463, 'rank': 3, 'fitness': 0.9820137900379085, 'generation': 386}","{'id': 29463, 'rank': 4, 'fitness': 0.9820137900379085, 'generation': 386}","{'id': 29575, 'rank': 5, 'fitness': 0.9812134481516432, 'generation': 386}","{'id': 29575, 'rank': 6, 'fitness': 0.9812134481516432, 'generation': 386}","{'id': 29819, 'rank': 7, 'fitness': 0.9786251043797334, 'generation': 386}","{'id': 29462, 'rank': 8, 'fitness': 0.9763424158566278, 'generation': 386}","{'id': 29695, 'rank': 9, 'fitness': 0.9743097996285714, 'generation': 386}","{'id': 29680, 'rank': 10, 'fitness': 0.9741690451710068, 'generation': 386}","{'id': 29790, 'rank': 11, 'fitness': 0.9741217780787084, 'generation': 386}","{'id': 29815, 'rank': 12, 'fitness': 0.9704131749610788, 'generation': 386}","{'id': 29770, 'rank': 13, 'fitness': 0.9704107408228047, 'generation': 386}","{'id': 29811, 'rank': 14, 'fitness': 0.9473243673710338, 'generation': 386}","{'id': 29845, 'rank': 15, 'fitness': 0.9428661281097969, 'generation': 386}","{'id': 29710, 'rank': 16, 'fitness': 0.938449788887549, 'generation': 386}","{'id': 29821, 'rank': 17, 'fitness': 0.9332800068843845, 'generation': 386}","{'id': 29782, 'rank': 18, 'fitness': 0.9047270173589137, 'generation': 386}","{'id': 29782, 'rank': 19, 'fitness': 0.9047270173589137, 'generation': 386}","{'id': 29761, 'rank': 20, 'fitness': 0.8444412962530159, 'generation': 386}","{'id': 29761, 'rank': 21, 'fitness': 0.8444412962530159, 'generation': 386}","{'id': 29838, 'rank': 22, 'fitness': 0.841508493470402, 'generation': 386}","{'id': 29779, 'rank': 23, 'fitness': 0.8361346721214664, 'generation': 386}","{'id': 29762, 'rank': 24, 'fitness': 0.8304852436515631, 'generation': 386}","{'id': 29843, 'rank': 25, 'fitness': 0.7682759650208789, 'generation': 386}","{'id': 29830, 'rank': 26, 'fitness': 0.7504660044190101, 'generation': 386}","{'id': 29836, 'rank': 27, 'fitness': 0.7294620373410436, 'generation': 386}","{'id': 29836, 'rank': 28, 'fitness': 0.7294620373410436, 'generation': 386}","{'id': 29758, 'rank': 29, 'fitness': 0.6728775236756123, 'generation': 386}","{'id': 29795, 'rank': 30, 'fitness': 0.01798620996209155, 'generation': 386}"
"{'id': 29911, 'rank': 1, 'fitness': 0.9820137900379085, 'generation': 387}","{'id': 29463, 'rank': 2, 'fitness': 0.9812548941962955, 'generation': 387}","{'id': 29921, 'rank': 3, 'fitness': 0.9811335768741511, 'generation': 387}","{'id': 29680, 'rank': 4, 'fitness': 0.9810550369043585, 'generation': 387}","{'id': 29680, 'rank': 5, 'fitness': 0.9810550369043585, 'generation': 387}","{'id': 29680, 'rank': 6, 'fitness': 0.9810550369043585, 'generation': 387}","{'id': 29846, 'rank': 7, 'fitness': 0.9809808400719309, 'generation': 387}","{'id': 29898, 'rank': 8, 'fitness': 0.9809646037255888, 'generation': 387}","{'id': 29898, 'rank': 9, 'fitness': 0.9809646037255888, 'generation': 387}","{'id': 29898, 'rank': 10, 'fitness': 0.9809646037255888, 'generation': 387}","{'id': 29898, 'rank': 11, 'fitness': 0.9809646037255888, 'generation': 387}","{'id': 29900, 'rank': 12, 'fitness': 0.980797425034496, 'generation': 387}","{'id': 29900, 'rank': 13, 'fitness': 0.980797425034496, 'generation': 387}","{'id': 29872, 'rank': 14, 'fitness': 0.9806800727663367, 'generation': 387}","{'id': 29811, 'rank': 15, 'fitness': 0.980648731290617, 'generation': 387}","{'id': 29880, 'rank': 16, 'fitness': 0.9805309411063479, 'generation': 387}","{'id': 29821, 'rank': 17, 'fitness': 0.9805089243379199, 'generation': 387}","{'id': 29899, 'rank': 18, 'fitness': 0.9804255814795679, 'generation': 387}","{'id': 29926, 'rank': 19, 'fitness': 0.9804120101014011, 'generation': 387}","{'id': 29861, 'rank': 20, 'fitness': 0.9803416378342966, 'generation': 387}","{'id': 29875, 'rank': 21, 'fitness': 0.9803229164415104, 'generation': 387}","{'id': 29782, 'rank': 22, 'fitness': 0.9802914969888726, 'generation': 387}","{'id': 29891, 'rank': 23, 'fitness': 0.9801617877936679, 'generation': 387}","{'id': 29873, 'rank': 24, 'fitness': 0.979898165101303, 'generation': 387}","{'id': 29830, 'rank': 25, 'fitness': 0.9796319438841065, 'generation': 387}","{'id': 29758, 'rank': 26, 'fitness': 0.979409324774707, 'generation': 387}","{'id': 29908, 'rank': 27, 'fitness': 0.9783438350353941, 'generation': 387}","{'id': 29858, 'rank': 28, 'fitness': 0.9616156214463383, 'generation': 387}","{'id': 29918, 'rank': 29, 'fitness': 0.4281964313551405, 'generation': 387}","{'id': 29894, 'rank': 30, 'fitness': 0.01798620996209155, 'generation': 387}"
"{'id': 29971, 'rank': 1, 'fitness': 0.9820137900379085, 'generation': 388}","{'id': 29948, 'rank': 2, 'fitness': 0.9695995904663963, 'generation': 388}","{'id': 29463, 'rank': 3, 'fitness': 0.9674966901036957, 'generation': 388}","{'id': 29968, 'rank': 4, 'fitness': 0.9646504098872388, 'generation': 388}","{'id': 29968, 'rank': 5, 'fitness': 0.9646504098872388, 'generation': 388}","{'id': 29680, 'rank': 6, 'fitness': 0.9546544662262487, 'generation': 388}","{'id': 29900, 'rank': 7, 'fitness': 0.9312384572925381, 'generation': 388}","{'id': 29811, 'rank': 8, 'fitness': 0.9132407730118965, 'generation': 388}","{'id': 30005, 'rank': 9, 'fitness': 0.9056068645081168, 'generation': 388}","{'id': 30006, 'rank': 10, 'fitness': 0.9003206681168244, 'generation': 388}","{'id': 29926, 'rank': 11, 'fitness': 0.8761596281756292, 'generation': 388}","{'id': 29891, 'rank': 12, 'fitness': 0.8237074276001748, 'generation': 388}","{'id': 29891, 'rank': 13, 'fitness': 0.8237074276001748, 'generation': 388}","{'id': 29969, 'rank': 14, 'fitness': 0.7970587543282555, 'generation': 388}","{'id': 30013, 'rank': 15, 'fitness': 0.7712696533947987, 'generation': 388}","{'id': 30013, 'rank': 16, 'fitness': 0.7712696533947987, 'generation': 388}","{'id': 29953, 'rank': 17, 'fitness': 0.7118961563687806, 'generation': 388}","{'id': 29932, 'rank': 18, 'fitness': 0.6672153569931099, 'generation': 388}","{'id': 29932, 'rank': 19, 'fitness': 0.6672153569931099, 'generation': 388}","{'id': 29830, 'rank': 20, 'fitness': 0.6636984835308792, 'generation': 388}","{'id': 30014, 'rank': 21, 'fitness': 0.6237301680405722, 'generation': 388}","{'id': 29956, 'rank': 22, 'fitness': 0.5993295855833034, 'generation': 388}","{'id': 29998, 'rank': 23, 'fitness': 0.5249257772168147, 'generation': 388}","{'id': 29998, 'rank': 24, 'fitness': 0.5249257772168147, 'generation': 388}","{'id': 29992, 'rank': 25, 'fitness': 0.5005602930823394, 'generation': 388}","{'id': 29992, 'rank': 26, 'fitness': 0.5005602930823394, 'generation': 388}","{'id': 29992, 'rank': 27, 'fitness': 0.5005602930823394, 'generation': 388}","{'id': 29930, 'rank': 28, 'fitness': 0.3157805634831171, 'generation': 388}","{'id': 29967, 'rank': 29, 'fitness': 0.09673325748944672, 'generation': 388}","{'id': 29944, 'rank': 30, 'fitness': 0.01798620996209155, 'generation': 388}"
"{'id': 30076, 'rank': 1, 'fitness': 0.9820137900379085, 'generation': 389}","{'id': 29971, 'rank': 2, 'fitness': 0.9820044888712661, 'generation': 389}","{'id': 29971, 'rank': 3, 'fitness': 0.9820044888712661, 'generation': 389}","{'id': 30074, 'rank': 4, 'fitness': 0.9818977843558603, 'generation': 389}","{'id': 30036, 'rank': 5, 'fitness': 0.9818877366350514, 'generation': 389}","{'id': 30036, 'rank': 6, 'fitness': 0.9818877366350514, 'generation': 389}","{'id': 29680, 'rank': 7, 'fitness': 0.9818566457444836, 'generation': 389}","{'id': 30006, 'rank': 8, 'fitness': 0.9817243598252215, 'generation': 389}","{'id': 30018, 'rank': 9, 'fitness': 0.9817105989659358, 'generation': 389}","{'id': 30013, 'rank': 10, 'fitness': 0.9815691440257494, 'generation': 389}","{'id': 30050, 'rank': 11, 'fitness': 0.9815507197606157, 'generation': 389}","{'id': 29932, 'rank': 12, 'fitness': 0.9814867263215914, 'generation': 389}","{'id': 29998, 'rank': 13, 'fitness': 0.9813918225589007, 'generation': 389}","{'id': 29992, 'rank': 14, 'fitness': 0.9813762402934849, 'generation': 389}","{'id': 29930, 'rank': 15, 'fitness': 0.9812519062898282, 'generation': 389}","{'id': 30047, 'rank': 16, 'fitness': 0.9810734349827152, 'generation': 389}","{'id': 30017, 'rank': 17, 'fitness': 0.9810273577865798, 'generation': 389}","{'id': 30048, 'rank': 18, 'fitness': 0.9807314789341056, 'generation': 389}","{'id': 29944, 'rank': 19, 'fitness': 0.9807257483076405, 'generation': 389}","{'id': 30077, 'rank': 20, 'fitness': 0.978759674457832, 'generation': 389}","{'id': 30077, 'rank': 21, 'fitness': 0.978759674457832, 'generation': 389}","{'id': 30066, 'rank': 22, 'fitness': 0.973410538527663, 'generation': 389}","{'id': 30063, 'rank': 23, 'fitness': 0.9728338185649783, 'generation': 389}","{'id': 30054, 'rank': 24, 'fitness': 0.9579963080238476, 'generation': 389}","{'id': 30053, 'rank': 25, 'fitness': 0.9535333761306019, 'generation': 389}","{'id': 30025, 'rank': 26, 'fitness': 0.9064125806481742, 'generation': 389}","{'id': 30025, 'rank': 27, 'fitness': 0.9064125806481742, 'generation': 389}","{'id': 30037, 'rank': 28, 'fitness': 0.03320585844994889, 'generation': 389}","{'id': 30040, 'rank': 29, 'fitness': 0.02152866486348526, 'generation': 389}","{'id': 30059, 'rank': 30, 'fitness': 0.01798620996209155, 'generation': 389}"
"{'id': 30153, 'rank': 1, 'fitness': 0.9820137900379085, 'generation': 390}","{'id': 29971, 'rank': 2, 'fitness': 0.9804251329086645, 'generation': 390}","{'id': 30036, 'rank': 3, 'fitness': 0.9792760323641814, 'generation': 390}","{'id': 30091, 'rank': 4, 'fitness': 0.979022995823894, 'generation': 390}","{'id': 29680, 'rank': 5, 'fitness': 0.9789603349477249, 'generation': 390}","{'id': 30143, 'rank': 6, 'fitness': 0.9782772203940397, 'generation': 390}","{'id': 30089, 'rank': 7, 'fitness': 0.978174544476268, 'generation': 390}","{'id': 30006, 'rank': 8, 'fitness': 0.9775700331290429, 'generation': 390}","{'id': 30090, 'rank': 9, 'fitness': 0.9773291279958584, 'generation': 390}","{'id': 30146, 'rank': 10, 'fitness': 0.9772903248720441, 'generation': 390}","{'id': 30129, 'rank': 11, 'fitness': 0.9766073893001463, 'generation': 390}","{'id': 30129, 'rank': 12, 'fitness': 0.9766073893001463, 'generation': 390}","{'id': 30050, 'rank': 13, 'fitness': 0.9756249064629281, 'generation': 390}","{'id': 30081, 'rank': 14, 'fitness': 0.9749164259262578, 'generation': 390}","{'id': 29932, 'rank': 15, 'fitness': 0.9748721900253694, 'generation': 390}","{'id': 30113, 'rank': 16, 'fitness': 0.9744538797178428, 'generation': 390}","{'id': 30113, 'rank': 17, 'fitness': 0.9744538797178428, 'generation': 390}","{'id': 29998, 'rank': 18, 'fitness': 0.9737190131574913, 'generation': 390}","{'id': 30112, 'rank': 19, 'fitness': 0.9731741083977976, 'generation': 390}","{'id': 30123, 'rank': 20, 'fitness': 0.971781065764391, 'generation': 390}","{'id': 30087, 'rank': 21, 'fitness': 0.9703646298004722, 'generation': 390}","{'id': 30087, 'rank': 22, 'fitness': 0.9703646298004722, 'generation': 390}","{'id': 30117, 'rank': 23, 'fitness': 0.9692232089189345, 'generation': 390}","{'id': 30017, 'rank': 24, 'fitness': 0.96885702826913, 'generation': 390}","{'id': 30101, 'rank': 25, 'fitness': 0.9679427903797543, 'generation': 390}","{'id': 30092, 'rank': 26, 'fitness': 0.9655245594416513, 'generation': 390}","{'id': 30127, 'rank': 27, 'fitness': 0.9252002456899127, 'generation': 390}","{'id': 30137, 'rank': 28, 'fitness': 0.9085711975750921, 'generation': 390}","{'id': 30128, 'rank': 29, 'fitness': 0.8851555480655331, 'generation': 390}","{'id': 30148, 'rank': 30, 'fitness': 0.01798620996209155, 'generation': 390}"
"{'id': 30248, 'rank': 1, 'fitness': 0.9820137900379085, 'generation': 391}","{'id': 30167, 'rank': 2, 'fitness': 0.976662388098364, 'generation': 391}","{'id': 30249, 'rank': 3, 'fitness': 0.9723150159146177, 'generation': 391}","{'id': 30036, 'rank': 4, 'fitness': 0.9463506004852897, 'generation': 391}","{'id': 30036, 'rank': 5, 'fitness': 0.9463506004852897, 'generation': 391}","{'id': 30036, 'rank': 6, 'fitness': 0.9463506004852897, 'generation': 391}","{'id': 30179, 'rank': 7, 'fitness': 0.9462463254546005, 'generation': 391}","{'id': 29680, 'rank': 8, 'fitness': 0.936707194773884, 'generation': 391}","{'id': 30243, 'rank': 9, 'fitness': 0.8946560346867263, 'generation': 391}","{'id': 30243, 'rank': 10, 'fitness': 0.8946560346867263, 'generation': 391}","{'id': 30006, 'rank': 11, 'fitness': 0.8755533523703725, 'generation': 391}","{'id': 30247, 'rank': 12, 'fitness': 0.8568501109167012, 'generation': 391}","{'id': 30129, 'rank': 13, 'fitness': 0.8118445703375189, 'generation': 391}","{'id': 30216, 'rank': 14, 'fitness': 0.810607624046167, 'generation': 391}","{'id': 30170, 'rank': 15, 'fitness': 0.7966966203410067, 'generation': 391}","{'id': 30200, 'rank': 16, 'fitness': 0.7793925624850712, 'generation': 391}","{'id': 30196, 'rank': 17, 'fitness': 0.5758871010077712, 'generation': 391}","{'id': 30226, 'rank': 18, 'fitness': 0.2819932466279862, 'generation': 391}","{'id': 30226, 'rank': 19, 'fitness': 0.2819932466279862, 'generation': 391}","{'id': 30087, 'rank': 20, 'fitness': 0.2141473136852844, 'generation': 391}","{'id': 30181, 'rank': 21, 'fitness': 0.15795747294392837, 'generation': 391}","{'id': 30192, 'rank': 22, 'fitness': 0.13379818696486195, 'generation': 391}","{'id': 30017, 'rank': 23, 'fitness': 0.1321713317385952, 'generation': 391}","{'id': 30017, 'rank': 24, 'fitness': 0.1321713317385952, 'generation': 391}","{'id': 30222, 'rank': 25, 'fitness': 0.11117768142453205, 'generation': 391}","{'id': 30101, 'rank': 26, 'fitness': 0.0978307096165324, 'generation': 391}","{'id': 30201, 'rank': 27, 'fitness': 0.07492444481380084, 'generation': 391}","{'id': 30155, 'rank': 28, 'fitness': 0.05621538632881096, 'generation': 391}","{'id': 30092, 'rank': 29, 'fitness': 0.044074889099748105, 'generation': 391}","{'id': 30159, 'rank': 30, 'fitness': 0.01798620996209155, 'generation': 391}"
"{'id': 30167, 'rank': 1, 'fitness': 0.9820137900379085, 'generation': 392}","{'id': 30294, 'rank': 2, 'fitness': 0.98185877947511, 'generation': 392}","{'id': 30255, 'rank': 3, 'fitness': 0.9810777930068653, 'generation': 392}","{'id': 30179, 'rank': 4, 'fitness': 0.9807378156329256, 'generation': 392}","{'id': 30179, 'rank': 5, 'fitness': 0.9807378156329256, 'generation': 392}","{'id': 29680, 'rank': 6, 'fitness': 0.9804717140710815, 'generation': 392}","{'id': 30243, 'rank': 7, 'fitness': 0.9795954038568853, 'generation': 392}","{'id': 30247, 'rank': 8, 'fitness': 0.9790237741695402, 'generation': 392}","{'id': 30129, 'rank': 9, 'fitness': 0.9784747467737422, 'generation': 392}","{'id': 30170, 'rank': 10, 'fitness': 0.9783106233387124, 'generation': 392}","{'id': 30196, 'rank': 11, 'fitness': 0.9764208379689874, 'generation': 392}","{'id': 30302, 'rank': 12, 'fitness': 0.9763245473935549, 'generation': 392}","{'id': 30087, 'rank': 13, 'fitness': 0.9732475002081531, 'generation': 392}","{'id': 30087, 'rank': 14, 'fitness': 0.9732475002081531, 'generation': 392}","{'id': 30181, 'rank': 15, 'fitness': 0.9724521693029453, 'generation': 392}","{'id': 30192, 'rank': 16, 'fitness': 0.9720293166193934, 'generation': 392}","{'id': 30017, 'rank': 17, 'fitness': 0.971998361903984, 'generation': 392}","{'id': 30017, 'rank': 18, 'fitness': 0.971998361903984, 'generation': 392}","{'id': 30222, 'rank': 19, 'fitness': 0.9715629727535892, 'generation': 392}","{'id': 30222, 'rank': 20, 'fitness': 0.9715629727535892, 'generation': 392}","{'id': 30266, 'rank': 21, 'fitness': 0.966757470927766, 'generation': 392}","{'id': 30266, 'rank': 22, 'fitness': 0.966757470927766, 'generation': 392}","{'id': 30263, 'rank': 23, 'fitness': 0.9567160836006786, 'generation': 392}","{'id': 30277, 'rank': 24, 'fitness': 0.838786976950483, 'generation': 392}","{'id': 30277, 'rank': 25, 'fitness': 0.838786976950483, 'generation': 392}","{'id': 30270, 'rank': 26, 'fitness': 0.5486675283939875, 'generation': 392}","{'id': 30269, 'rank': 27, 'fitness': 0.12804021025357037, 'generation': 392}","{'id': 30304, 'rank': 28, 'fitness': 0.021514079540785047, 'generation': 392}","{'id': 30304, 'rank': 29, 'fitness': 0.021514079540785047, 'generation': 392}","{'id': 30305, 'rank': 30, 'fitness': 0.01798620996209155, 'generation': 392}"
"{'id': 30167, 'rank': 1, 'fitness': 0.9820137900379085, 'generation': 393}","{'id': 30349, 'rank': 2, 'fitness': 0.9810100751836306, 'generation': 393}","{'id': 30179, 'rank': 3, 'fitness': 0.9807069567798732, 'generation': 393}","{'id': 30350, 'rank': 4, 'fitness': 0.9806286712701253, 'generation': 393}","{'id': 30350, 'rank': 5, 'fitness': 0.9806286712701253, 'generation': 393}","{'id': 30322, 'rank': 6, 'fitness': 0.9804586654312506, 'generation': 393}","{'id': 30322, 'rank': 7, 'fitness': 0.9804586654312506, 'generation': 393}","{'id': 30382, 'rank': 8, 'fitness': 0.9800153143962702, 'generation': 393}","{'id': 30382, 'rank': 9, 'fitness': 0.9800153143962702, 'generation': 393}","{'id': 30321, 'rank': 10, 'fitness': 0.9796669208445536, 'generation': 393}","{'id': 30351, 'rank': 11, 'fitness': 0.9796306651665969, 'generation': 393}","{'id': 30247, 'rank': 12, 'fitness': 0.9789483678851648, 'generation': 393}","{'id': 30384, 'rank': 13, 'fitness': 0.9789446522136488, 'generation': 393}","{'id': 30384, 'rank': 14, 'fitness': 0.9789446522136488, 'generation': 393}","{'id': 30129, 'rank': 15, 'fitness': 0.9783843665111136, 'generation': 393}","{'id': 30170, 'rank': 16, 'fitness': 0.978215703098639, 'generation': 393}","{'id': 30344, 'rank': 17, 'fitness': 0.9780913171186982, 'generation': 393}","{'id': 30326, 'rank': 18, 'fitness': 0.9776452158913929, 'generation': 393}","{'id': 30371, 'rank': 19, 'fitness': 0.977486256173337, 'generation': 393}","{'id': 30370, 'rank': 20, 'fitness': 0.976172516770242, 'generation': 393}","{'id': 30328, 'rank': 21, 'fitness': 0.9758697014212248, 'generation': 393}","{'id': 30087, 'rank': 22, 'fitness': 0.9729993364210842, 'generation': 393}","{'id': 30017, 'rank': 23, 'fitness': 0.971708817192279, 'generation': 393}","{'id': 30318, 'rank': 24, 'fitness': 0.9669393521407192, 'generation': 393}","{'id': 30318, 'rank': 25, 'fitness': 0.9669393521407192, 'generation': 393}","{'id': 30266, 'rank': 26, 'fitness': 0.966281103277439, 'generation': 393}","{'id': 30266, 'rank': 27, 'fitness': 0.966281103277439, 'generation': 393}","{'id': 30331, 'rank': 28, 'fitness': 0.9565749686709053, 'generation': 393}","{'id': 30357, 'rank': 29, 'fitness': 0.030975967730572707, 'generation': 393}","{'id': 30304, 'rank': 30, 'fitness': 0.01798620996209155, 'generation': 393}"
"{'id': 30167, 'rank': 1, 'fitness': 0.9820137900379085, 'generation': 394}","{'id': 30179, 'rank': 2, 'fitness': 0.96520522622526, 'generation': 394}","{'id': 30179, 'rank': 3, 'fitness': 0.96520522622526, 'generation': 394}","{'id': 30350, 'rank': 4, 'fitness': 0.9638671716178047, 'generation': 394}","{'id': 30445, 'rank': 5, 'fitness': 0.9540263227030259, 'generation': 394}","{'id': 30382, 'rank': 6, 'fitness': 0.9517769566449621, 'generation': 394}","{'id': 30391, 'rank': 7, 'fitness': 0.9456793725411826, 'generation': 394}","{'id': 30351, 'rank': 8, 'fitness': 0.9425761028455364, 'generation': 394}","{'id': 30394, 'rank': 9, 'fitness': 0.929633243275584, 'generation': 394}","{'id': 30423, 'rank': 10, 'fitness': 0.9278769776692165, 'generation': 394}","{'id': 30384, 'rank': 11, 'fitness': 0.922563444961006, 'generation': 394}","{'id': 30384, 'rank': 12, 'fitness': 0.922563444961006, 'generation': 394}","{'id': 30443, 'rank': 13, 'fitness': 0.9178752801694479, 'generation': 394}","{'id': 30443, 'rank': 14, 'fitness': 0.9178752801694479, 'generation': 394}","{'id': 30170, 'rank': 15, 'fitness': 0.8954993968862157, 'generation': 394}","{'id': 30344, 'rank': 16, 'fitness': 0.8902249946597962, 'generation': 394}","{'id': 30415, 'rank': 17, 'fitness': 0.8720986814265, 'generation': 394}","{'id': 30326, 'rank': 18, 'fitness': 0.8696361680268179, 'generation': 394}","{'id': 30326, 'rank': 19, 'fitness': 0.8696361680268179, 'generation': 394}","{'id': 30471, 'rank': 20, 'fitness': 0.8096525845928043, 'generation': 394}","{'id': 30475, 'rank': 21, 'fitness': 0.8047552758487229, 'generation': 394}","{'id': 30440, 'rank': 22, 'fitness': 0.6670721000363873, 'generation': 394}","{'id': 30418, 'rank': 23, 'fitness': 0.6479668602932364, 'generation': 394}","{'id': 30395, 'rank': 24, 'fitness': 0.6020473330543676, 'generation': 394}","{'id': 30441, 'rank': 25, 'fitness': 0.4851458117199842, 'generation': 394}","{'id': 30017, 'rank': 26, 'fitness': 0.4034246808507515, 'generation': 394}","{'id': 30432, 'rank': 27, 'fitness': 0.3097081767181944, 'generation': 394}","{'id': 30432, 'rank': 28, 'fitness': 0.3097081767181944, 'generation': 394}","{'id': 30409, 'rank': 29, 'fitness': 0.18259781210916737, 'generation': 394}","{'id': 30400, 'rank': 30, 'fitness': 0.01798620996209155, 'generation': 394}"
"{'id': 30179, 'rank': 1, 'fitness': 0.9820137900379085, 'generation': 395}","{'id': 30350, 'rank': 2, 'fitness': 0.9819555244084031, 'generation': 395}","{'id': 30382, 'rank': 3, 'fitness': 0.9815006011649872, 'generation': 395}","{'id': 30382, 'rank': 4, 'fitness': 0.9815006011649872, 'generation': 395}","{'id': 30391, 'rank': 5, 'fitness': 0.9813077916319464, 'generation': 395}","{'id': 30351, 'rank': 6, 'fitness': 0.9812167069097413, 'generation': 395}","{'id': 30394, 'rank': 7, 'fitness': 0.9808768936204139, 'generation': 395}","{'id': 30394, 'rank': 8, 'fitness': 0.9808768936204139, 'generation': 395}","{'id': 30384, 'rank': 9, 'fitness': 0.9807129704734543, 'generation': 395}","{'id': 30443, 'rank': 10, 'fitness': 0.9806109927537712, 'generation': 395}","{'id': 30443, 'rank': 11, 'fitness': 0.9806109927537712, 'generation': 395}","{'id': 30545, 'rank': 12, 'fitness': 0.9805236887399569, 'generation': 395}","{'id': 30344, 'rank': 13, 'fitness': 0.9800908124551594, 'generation': 395}","{'id': 30415, 'rank': 14, 'fitness': 0.979803961754282, 'generation': 395}","{'id': 30544, 'rank': 15, 'fitness': 0.9797325241577979, 'generation': 395}","{'id': 30440, 'rank': 16, 'fitness': 0.9776595911744386, 'generation': 395}","{'id': 30418, 'rank': 17, 'fitness': 0.977503024317665, 'generation': 395}","{'id': 30503, 'rank': 18, 'fitness': 0.9761090025625174, 'generation': 395}","{'id': 30503, 'rank': 19, 'fitness': 0.9761090025625174, 'generation': 395}","{'id': 30491, 'rank': 20, 'fitness': 0.974815326635889, 'generation': 395}","{'id': 30409, 'rank': 21, 'fitness': 0.9732491324611608, 'generation': 395}","{'id': 30536, 'rank': 22, 'fitness': 0.9616939421372448, 'generation': 395}","{'id': 30484, 'rank': 23, 'fitness': 0.9438468153603581, 'generation': 395}","{'id': 30526, 'rank': 24, 'fitness': 0.9355437138653683, 'generation': 395}","{'id': 30526, 'rank': 25, 'fitness': 0.9355437138653683, 'generation': 395}","{'id': 30534, 'rank': 26, 'fitness': 0.9185805409493102, 'generation': 395}","{'id': 30534, 'rank': 27, 'fitness': 0.9185805409493102, 'generation': 395}","{'id': 30529, 'rank': 28, 'fitness': 0.6114743072512921, 'generation': 395}","{'id': 30518, 'rank': 29, 'fitness': 0.024714406758083507, 'generation': 395}","{'id': 30520, 'rank': 30, 'fitness': 0.01798620996209155, 'generation': 395}"
"{'id': 30569, 'rank': 1, 'fitness': 0.9820137900379085, 'generation': 396}","{'id': 30351, 'rank': 2, 'fitness': 0.9722376460227511, 'generation': 396}","{'id': 30545, 'rank': 3, 'fitness': 0.9418271455932798, 'generation': 396}","{'id': 30620, 'rank': 4, 'fitness': 0.9405994044430822, 'generation': 396}","{'id': 30620, 'rank': 5, 'fitness': 0.9405994044430822, 'generation': 396}","{'id': 30630, 'rank': 6, 'fitness': 0.9304568000116944, 'generation': 396}","{'id': 30577, 'rank': 7, 'fitness': 0.92051442674666, 'generation': 396}","{'id': 30577, 'rank': 8, 'fitness': 0.92051442674666, 'generation': 396}","{'id': 30344, 'rank': 9, 'fitness': 0.9101962685040162, 'generation': 396}","{'id': 30565, 'rank': 10, 'fitness': 0.9094193723669768, 'generation': 396}","{'id': 30566, 'rank': 11, 'fitness': 0.8961955680215203, 'generation': 396}","{'id': 30592, 'rank': 12, 'fitness': 0.8945129294797826, 'generation': 396}","{'id': 30592, 'rank': 13, 'fitness': 0.8945129294797826, 'generation': 396}","{'id': 30603, 'rank': 14, 'fitness': 0.8934395204340442, 'generation': 396}","{'id': 30603, 'rank': 15, 'fitness': 0.8934395204340442, 'generation': 396}","{'id': 30601, 'rank': 16, 'fitness': 0.8864714973705755, 'generation': 396}","{'id': 30544, 'rank': 17, 'fitness': 0.8738959435069182, 'generation': 396}","{'id': 30604, 'rank': 18, 'fitness': 0.8662849473164786, 'generation': 396}","{'id': 30558, 'rank': 19, 'fitness': 0.8548950082881974, 'generation': 396}","{'id': 30579, 'rank': 20, 'fitness': 0.8129933325302339, 'generation': 396}","{'id': 30579, 'rank': 21, 'fitness': 0.8129933325302339, 'generation': 396}","{'id': 30634, 'rank': 22, 'fitness': 0.792362054927191, 'generation': 396}","{'id': 30614, 'rank': 23, 'fitness': 0.7904718682477749, 'generation': 396}","{'id': 30582, 'rank': 24, 'fitness': 0.78156964116589, 'generation': 396}","{'id': 30588, 'rank': 25, 'fitness': 0.7706706110292303, 'generation': 396}","{'id': 30633, 'rank': 26, 'fitness': 0.7658399979046133, 'generation': 396}","{'id': 30618, 'rank': 27, 'fitness': 0.5774741003063676, 'generation': 396}","{'id': 30576, 'rank': 28, 'fitness': 0.45650771188718753, 'generation': 396}","{'id': 30622, 'rank': 29, 'fitness': 0.20398665247000375, 'generation': 396}","{'id': 30409, 'rank': 30, 'fitness': 0.01798620996209155, 'generation': 396}"
"{'id': 30569, 'rank': 1, 'fitness': 0.9820137900379085, 'generation': 397}","{'id': 30545, 'rank': 2, 'fitness': 0.9808292170453851, 'generation': 397}","{'id': 30545, 'rank': 3, 'fitness': 0.9808292170453851, 'generation': 397}","{'id': 30620, 'rank': 4, 'fitness': 0.9808068974728781, 'generation': 397}","{'id': 30577, 'rank': 5, 'fitness': 0.9804894878096992, 'generation': 397}","{'id': 30577, 'rank': 6, 'fitness': 0.9804894878096992, 'generation': 397}","{'id': 30565, 'rank': 7, 'fitness': 0.9803429136964279, 'generation': 397}","{'id': 30566, 'rank': 8, 'fitness': 0.9801868266122009, 'generation': 397}","{'id': 30592, 'rank': 9, 'fitness': 0.9801681715637245, 'generation': 397}","{'id': 30592, 'rank': 10, 'fitness': 0.9801681715637245, 'generation': 397}","{'id': 30592, 'rank': 11, 'fitness': 0.9801681715637245, 'generation': 397}","{'id': 30604, 'rank': 12, 'fitness': 0.9798864800415916, 'generation': 397}","{'id': 30558, 'rank': 13, 'fitness': 0.9797861541362825, 'generation': 397}","{'id': 30579, 'rank': 14, 'fitness': 0.9794618057974844, 'generation': 397}","{'id': 30634, 'rank': 15, 'fitness': 0.979321141605166, 'generation': 397}","{'id': 30614, 'rank': 16, 'fitness': 0.9793087407284049, 'generation': 397}","{'id': 30582, 'rank': 17, 'fitness': 0.9792513172461085, 'generation': 397}","{'id': 30633, 'rank': 18, 'fitness': 0.9791534713639432, 'generation': 397}","{'id': 30618, 'rank': 19, 'fitness': 0.9781796816044801, 'generation': 397}","{'id': 30622, 'rank': 20, 'fitness': 0.9761854699689809, 'generation': 397}","{'id': 30663, 'rank': 21, 'fitness': 0.9628461863979453, 'generation': 397}","{'id': 30673, 'rank': 22, 'fitness': 0.9599845350911365, 'generation': 397}","{'id': 30694, 'rank': 23, 'fitness': 0.9568363102738541, 'generation': 397}","{'id': 30696, 'rank': 24, 'fitness': 0.9521876156792766, 'generation': 397}","{'id': 30670, 'rank': 25, 'fitness': 0.8935128622967214, 'generation': 397}","{'id': 30670, 'rank': 26, 'fitness': 0.8935128622967214, 'generation': 397}","{'id': 30657, 'rank': 27, 'fitness': 0.8806230080959223, 'generation': 397}","{'id': 30669, 'rank': 28, 'fitness': 0.854648156937871, 'generation': 397}","{'id': 30665, 'rank': 29, 'fitness': 0.8054383117420683, 'generation': 397}","{'id': 30666, 'rank': 30, 'fitness': 0.01798620996209155, 'generation': 397}"
"{'id': 30724, 'rank': 1, 'fitness': 0.9820137900379085, 'generation': 398}","{'id': 30724, 'rank': 2, 'fitness': 0.9820137900379085, 'generation': 398}","{'id': 30720, 'rank': 3, 'fitness': 0.9811407111257613, 'generation': 398}","{'id': 30720, 'rank': 4, 'fitness': 0.9811407111257613, 'generation': 398}","{'id': 30749, 'rank': 5, 'fitness': 0.9768666697148427, 'generation': 398}","{'id': 30545, 'rank': 6, 'fitness': 0.9767898435180753, 'generation': 398}","{'id': 30722, 'rank': 7, 'fitness': 0.9743849300388083, 'generation': 398}","{'id': 30577, 'rank': 8, 'fitness': 0.9739278345437046, 'generation': 398}","{'id': 30565, 'rank': 9, 'fitness': 0.9726061956856658, 'generation': 398}","{'id': 30699, 'rank': 10, 'fitness': 0.9717371542327671, 'generation': 398}","{'id': 30566, 'rank': 11, 'fitness': 0.971138623809318, 'generation': 398}","{'id': 30782, 'rank': 12, 'fitness': 0.970465517889165, 'generation': 398}","{'id': 30710, 'rank': 13, 'fitness': 0.9690518272366913, 'generation': 398}","{'id': 30746, 'rank': 14, 'fitness': 0.9658587103204931, 'generation': 398}","{'id': 30768, 'rank': 15, 'fitness': 0.963762099288949, 'generation': 398}","{'id': 30579, 'rank': 16, 'fitness': 0.9634505119474968, 'generation': 398}","{'id': 30762, 'rank': 17, 'fitness': 0.962333110526969, 'generation': 398}","{'id': 30582, 'rank': 18, 'fitness': 0.960930611002086, 'generation': 398}","{'id': 30582, 'rank': 19, 'fitness': 0.960930611002086, 'generation': 398}","{'id': 30735, 'rank': 20, 'fitness': 0.9532814958768651, 'generation': 398}","{'id': 30735, 'rank': 21, 'fitness': 0.9532814958768651, 'generation': 398}","{'id': 30750, 'rank': 22, 'fitness': 0.9470017372339599, 'generation': 398}","{'id': 30734, 'rank': 23, 'fitness': 0.9313184802020023, 'generation': 398}","{'id': 30757, 'rank': 24, 'fitness': 0.9172056670529293, 'generation': 398}","{'id': 30769, 'rank': 25, 'fitness': 0.8934260702425888, 'generation': 398}","{'id': 30736, 'rank': 26, 'fitness': 0.8850108976901746, 'generation': 398}","{'id': 30775, 'rank': 27, 'fitness': 0.8724420242266029, 'generation': 398}","{'id': 30783, 'rank': 28, 'fitness': 0.8622244919020366, 'generation': 398}","{'id': 30713, 'rank': 29, 'fitness': 0.0826241676754651, 'generation': 398}","{'id': 30777, 'rank': 30, 'fitness': 0.01798620996209155, 'generation': 398}"
"{'id': 30720, 'rank': 1, 'fitness': 0.9820137900379085, 'generation': 399}","{'id': 30838, 'rank': 2, 'fitness': 0.9804112624846681, 'generation': 399}","{'id': 30838, 'rank': 3, 'fitness': 0.9804112624846681, 'generation': 399}","{'id': 30545, 'rank': 4, 'fitness': 0.9791188528556796, 'generation': 399}","{'id': 30545, 'rank': 5, 'fitness': 0.9791188528556796, 'generation': 399}","{'id': 30722, 'rank': 6, 'fitness': 0.9775831101827499, 'generation': 399}","{'id': 30566, 'rank': 7, 'fitness': 0.9755703134528884, 'generation': 399}","{'id': 30856, 'rank': 8, 'fitness': 0.9755124907024506, 'generation': 399}","{'id': 30856, 'rank': 9, 'fitness': 0.9755124907024506, 'generation': 399}","{'id': 30803, 'rank': 10, 'fitness': 0.9709783275604023, 'generation': 399}","{'id': 30819, 'rank': 11, 'fitness': 0.9694048352555988, 'generation': 399}","{'id': 30813, 'rank': 12, 'fitness': 0.9668592728691913, 'generation': 399}","{'id': 30813, 'rank': 13, 'fitness': 0.9668592728691913, 'generation': 399}","{'id': 30805, 'rank': 14, 'fitness': 0.966263700371998, 'generation': 399}","{'id': 30805, 'rank': 15, 'fitness': 0.966263700371998, 'generation': 399}","{'id': 30750, 'rank': 16, 'fitness': 0.9620542242723449, 'generation': 399}","{'id': 30734, 'rank': 17, 'fitness': 0.9541242623307158, 'generation': 399}","{'id': 30818, 'rank': 18, 'fitness': 0.9515546215284547, 'generation': 399}","{'id': 30830, 'rank': 19, 'fitness': 0.9384517896753227, 'generation': 399}","{'id': 30775, 'rank': 20, 'fitness': 0.9271423787538371, 'generation': 399}","{'id': 30783, 'rank': 21, 'fitness': 0.922715986510835, 'generation': 399}","{'id': 30848, 'rank': 22, 'fitness': 0.9041700214341628, 'generation': 399}","{'id': 30853, 'rank': 23, 'fitness': 0.9032080933503548, 'generation': 399}","{'id': 30828, 'rank': 24, 'fitness': 0.9016963205058997, 'generation': 399}","{'id': 30854, 'rank': 25, 'fitness': 0.885498761922376, 'generation': 399}","{'id': 30854, 'rank': 26, 'fitness': 0.885498761922376, 'generation': 399}","{'id': 30837, 'rank': 27, 'fitness': 0.873975693874929, 'generation': 399}","{'id': 30827, 'rank': 28, 'fitness': 0.4694102723948061, 'generation': 399}","{'id': 30824, 'rank': 29, 'fitness': 0.38641844804809833, 'generation': 399}","{'id': 30798, 'rank': 30, 'fitness': 0.01798620996209155, 'generation': 399}"
"{'id': 30720, 'rank': 1, 'fitness': 0.9820137900379085, 'generation': 400}","{'id': 30720, 'rank': 2, 'fitness': 0.9820137900379085, 'generation': 400}","{'id': 30838, 'rank': 3, 'fitness': 0.9761624780434486, 'generation': 400}","{'id': 30545, 'rank': 4, 'fitness': 0.9705945882547332, 'generation': 400}","{'id': 30545, 'rank': 5, 'fitness': 0.9705945882547332, 'generation': 400}","{'id': 30722, 'rank': 6, 'fitness': 0.9629189935733636, 'generation': 400}","{'id': 30856, 'rank': 7, 'fitness': 0.9506263665578549, 'generation': 400}","{'id': 30856, 'rank': 8, 'fitness': 0.9506263665578549, 'generation': 400}","{'id': 30856, 'rank': 9, 'fitness': 0.9506263665578549, 'generation': 400}","{'id': 30901, 'rank': 10, 'fitness': 0.946150883416063, 'generation': 400}","{'id': 30901, 'rank': 11, 'fitness': 0.946150883416063, 'generation': 400}","{'id': 30886, 'rank': 12, 'fitness': 0.9391124614388688, 'generation': 400}","{'id': 30872, 'rank': 13, 'fitness': 0.9352566218143243, 'generation': 400}","{'id': 30891, 'rank': 14, 'fitness': 0.923002699927219, 'generation': 400}","{'id': 30893, 'rank': 15, 'fitness': 0.9202448141627574, 'generation': 400}","{'id': 30803, 'rank': 16, 'fitness': 0.9153317037297795, 'generation': 400}","{'id': 30903, 'rank': 17, 'fitness': 0.90386107964793, 'generation': 400}","{'id': 30813, 'rank': 18, 'fitness': 0.8729849155459619, 'generation': 400}","{'id': 30805, 'rank': 19, 'fitness': 0.8660732481146947, 'generation': 400}","{'id': 30805, 'rank': 20, 'fitness': 0.8660732481146947, 'generation': 400}","{'id': 30750, 'rank': 21, 'fitness': 0.812054639344752, 'generation': 400}","{'id': 30750, 'rank': 22, 'fitness': 0.812054639344752, 'generation': 400}","{'id': 30734, 'rank': 23, 'fitness': 0.6917883061848378, 'generation': 400}","{'id': 30734, 'rank': 24, 'fitness': 0.6917883061848378, 'generation': 400}","{'id': 30871, 'rank': 25, 'fitness': 0.5844836192528309, 'generation': 400}","{'id': 30947, 'rank': 26, 'fitness': 0.40386964207681303, 'generation': 400}","{'id': 30853, 'rank': 27, 'fitness': 0.1368409987992395, 'generation': 400}","{'id': 30881, 'rank': 28, 'fitness': 0.1023084957786502, 'generation': 400}","{'id': 30940, 'rank': 29, 'fitness': 0.09313935283371555, 'generation': 400}","{'id': 30923, 'rank': 30, 'fitness': 0.01798620996209155, 'generation': 400}"
"{'id': 30720, 'rank': 1, 'fitness': 0.9820137900379085, 'generation': 401}","{'id': 30720, 'rank': 2, 'fitness': 0.9820137900379085, 'generation': 401}","{'id': 30838, 'rank': 3, 'fitness': 0.9819513538829194, 'generation': 401}","{'id': 31014, 'rank': 4, 'fitness': 0.9819230744256242, 'generation': 401}","{'id': 30722, 'rank': 5, 'fitness': 0.9818520423341182, 'generation': 401}","{'id': 30856, 'rank': 6, 'fitness': 0.9817865261770913, 'generation': 401}","{'id': 30901, 'rank': 7, 'fitness': 0.9817664438390499, 'generation': 401}","{'id': 30901, 'rank': 8, 'fitness': 0.9817664438390499, 'generation': 401}","{'id': 30901, 'rank': 9, 'fitness': 0.9817664438390499, 'generation': 401}","{'id': 30901, 'rank': 10, 'fitness': 0.9817664438390499, 'generation': 401}","{'id': 30893, 'rank': 11, 'fitness': 0.9816738530425584, 'generation': 401}","{'id': 30805, 'rank': 12, 'fitness': 0.9815456176710069, 'generation': 401}","{'id': 31007, 'rank': 13, 'fitness': 0.981052445539624, 'generation': 401}","{'id': 30853, 'rank': 14, 'fitness': 0.9807031552697137, 'generation': 401}","{'id': 30964, 'rank': 15, 'fitness': 0.9802456409599054, 'generation': 401}","{'id': 30923, 'rank': 16, 'fitness': 0.9801956267514276, 'generation': 401}","{'id': 30997, 'rank': 17, 'fitness': 0.9794402368130992, 'generation': 401}","{'id': 30974, 'rank': 18, 'fitness': 0.9791567001348018, 'generation': 401}","{'id': 30961, 'rank': 19, 'fitness': 0.9790660179289454, 'generation': 401}","{'id': 31000, 'rank': 20, 'fitness': 0.9789990057805648, 'generation': 401}","{'id': 30960, 'rank': 21, 'fitness': 0.9789730839268924, 'generation': 401}","{'id': 30999, 'rank': 22, 'fitness': 0.9785028288552243, 'generation': 401}","{'id': 30978, 'rank': 23, 'fitness': 0.9769570589638659, 'generation': 401}","{'id': 30952, 'rank': 24, 'fitness': 0.9747703583101468, 'generation': 401}","{'id': 30952, 'rank': 25, 'fitness': 0.9747703583101468, 'generation': 401}","{'id': 30977, 'rank': 26, 'fitness': 0.9736371446014276, 'generation': 401}","{'id': 30955, 'rank': 27, 'fitness': 0.9658878514999975, 'generation': 401}","{'id': 30982, 'rank': 28, 'fitness': 0.9626886125846545, 'generation': 401}","{'id': 30957, 'rank': 29, 'fitness': 0.9617617264409986, 'generation': 401}","{'id': 30966, 'rank': 30, 'fitness': 0.01798620996209155, 'generation': 401}"
"{'id': 30720, 'rank': 1, 'fitness': 0.9820137900379085, 'generation': 402}","{'id': 31094, 'rank': 2, 'fitness': 0.9817225861081178, 'generation': 402}","{'id': 31043, 'rank': 3, 'fitness': 0.9812322126039734, 'generation': 402}","{'id': 31101, 'rank': 4, 'fitness': 0.9809620911713368, 'generation': 402}","{'id': 31101, 'rank': 5, 'fitness': 0.9809620911713368, 'generation': 402}","{'id': 31014, 'rank': 6, 'fitness': 0.9808391202908829, 'generation': 402}","{'id': 31046, 'rank': 7, 'fitness': 0.9804564362804129, 'generation': 402}","{'id': 31099, 'rank': 8, 'fitness': 0.9798025107046713, 'generation': 402}","{'id': 31050, 'rank': 9, 'fitness': 0.979555824945435, 'generation': 402}","{'id': 31103, 'rank': 10, 'fitness': 0.9793466498205555, 'generation': 402}","{'id': 31091, 'rank': 11, 'fitness': 0.979047818033012, 'generation': 402}","{'id': 30856, 'rank': 12, 'fitness': 0.9789401729564204, 'generation': 402}","{'id': 30901, 'rank': 13, 'fitness': 0.9786470335425743, 'generation': 402}","{'id': 30893, 'rank': 14, 'fitness': 0.9772474543439724, 'generation': 402}","{'id': 31053, 'rank': 15, 'fitness': 0.9765367061779493, 'generation': 402}","{'id': 31065, 'rank': 16, 'fitness': 0.9752521398685566, 'generation': 402}","{'id': 31047, 'rank': 17, 'fitness': 0.9734591977593341, 'generation': 402}","{'id': 31047, 'rank': 18, 'fitness': 0.9734591977593341, 'generation': 402}","{'id': 31067, 'rank': 19, 'fitness': 0.9710875129859227, 'generation': 402}","{'id': 31069, 'rank': 20, 'fitness': 0.9707139536650389, 'generation': 402}","{'id': 31079, 'rank': 21, 'fitness': 0.9705807820550789, 'generation': 402}","{'id': 31045, 'rank': 22, 'fitness': 0.9689584904230648, 'generation': 402}","{'id': 31066, 'rank': 23, 'fitness': 0.9687890578136242, 'generation': 402}","{'id': 31097, 'rank': 24, 'fitness': 0.9686074131445153, 'generation': 402}","{'id': 31097, 'rank': 25, 'fitness': 0.9686074131445153, 'generation': 402}","{'id': 31064, 'rank': 26, 'fitness': 0.9681306739798526, 'generation': 402}","{'id': 30923, 'rank': 27, 'fitness': 0.9407581736070956, 'generation': 402}","{'id': 30997, 'rank': 28, 'fitness': 0.9075742964358373, 'generation': 402}","{'id': 31083, 'rank': 29, 'fitness': 0.8519604635200716, 'generation': 402}","{'id': 31063, 'rank': 30, 'fitness': 0.01798620996209155, 'generation': 402}"
"{'id': 31130, 'rank': 1, 'fitness': 0.9820137900379085, 'generation': 403}","{'id': 31143, 'rank': 2, 'fitness': 0.9798497855275876, 'generation': 403}","{'id': 31174, 'rank': 3, 'fitness': 0.9757571499687347, 'generation': 403}","{'id': 31046, 'rank': 4, 'fitness': 0.9534274808571288, 'generation': 403}","{'id': 31117, 'rank': 5, 'fitness': 0.934209959791747, 'generation': 403}","{'id': 31148, 'rank': 6, 'fitness': 0.9203100672464363, 'generation': 403}","{'id': 31162, 'rank': 7, 'fitness': 0.9189462712283856, 'generation': 403}","{'id': 31109, 'rank': 8, 'fitness': 0.9180302844486466, 'generation': 403}","{'id': 31195, 'rank': 9, 'fitness': 0.8956450983435782, 'generation': 403}","{'id': 31178, 'rank': 10, 'fitness': 0.8853529829956368, 'generation': 403}","{'id': 31122, 'rank': 11, 'fitness': 0.8849920795712118, 'generation': 403}","{'id': 31140, 'rank': 12, 'fitness': 0.8545244187540553, 'generation': 403}","{'id': 31140, 'rank': 13, 'fitness': 0.8545244187540553, 'generation': 403}","{'id': 31065, 'rank': 14, 'fitness': 0.8520471704793469, 'generation': 403}","{'id': 31164, 'rank': 15, 'fitness': 0.8142421914791824, 'generation': 403}","{'id': 31146, 'rank': 16, 'fitness': 0.7869371351808085, 'generation': 403}","{'id': 31146, 'rank': 17, 'fitness': 0.7869371351808085, 'generation': 403}","{'id': 31169, 'rank': 18, 'fitness': 0.7858168303255171, 'generation': 403}","{'id': 31176, 'rank': 19, 'fitness': 0.7527141531932243, 'generation': 403}","{'id': 31132, 'rank': 20, 'fitness': 0.7495168979277969, 'generation': 403}","{'id': 31132, 'rank': 21, 'fitness': 0.7495168979277969, 'generation': 403}","{'id': 31167, 'rank': 22, 'fitness': 0.7390137890732067, 'generation': 403}","{'id': 31079, 'rank': 23, 'fitness': 0.6936255866846278, 'generation': 403}","{'id': 31097, 'rank': 24, 'fitness': 0.6142820042866575, 'generation': 403}","{'id': 31189, 'rank': 25, 'fitness': 0.5579962279088673, 'generation': 403}","{'id': 31199, 'rank': 26, 'fitness': 0.3270981986658532, 'generation': 403}","{'id': 31133, 'rank': 27, 'fitness': 0.313459019912702, 'generation': 403}","{'id': 31133, 'rank': 28, 'fitness': 0.313459019912702, 'generation': 403}","{'id': 31114, 'rank': 29, 'fitness': 0.15567665126338226, 'generation': 403}","{'id': 31116, 'rank': 30, 'fitness': 0.01798620996209155, 'generation': 403}"
"{'id': 31244, 'rank': 1, 'fitness': 0.9820137900379085, 'generation': 404}","{'id': 31143, 'rank': 2, 'fitness': 0.9819353750054627, 'generation': 404}","{'id': 31229, 'rank': 3, 'fitness': 0.9814504275201743, 'generation': 404}","{'id': 31229, 'rank': 4, 'fitness': 0.9814504275201743, 'generation': 404}","{'id': 31274, 'rank': 5, 'fitness': 0.9811171300839017, 'generation': 404}","{'id': 31273, 'rank': 6, 'fitness': 0.9810406906725162, 'generation': 404}","{'id': 31117, 'rank': 7, 'fitness': 0.9810273100275724, 'generation': 404}","{'id': 31117, 'rank': 8, 'fitness': 0.9810273100275724, 'generation': 404}","{'id': 31109, 'rank': 9, 'fitness': 0.9808471380166539, 'generation': 404}","{'id': 31195, 'rank': 10, 'fitness': 0.9806431227004733, 'generation': 404}","{'id': 31178, 'rank': 11, 'fitness': 0.9805615677832289, 'generation': 404}","{'id': 31140, 'rank': 12, 'fitness': 0.9803487399800563, 'generation': 404}","{'id': 31132, 'rank': 13, 'fitness': 0.9798142434682161, 'generation': 404}","{'id': 31132, 'rank': 14, 'fitness': 0.9798142434682161, 'generation': 404}","{'id': 31132, 'rank': 15, 'fitness': 0.9798142434682161, 'generation': 404}","{'id': 31199, 'rank': 16, 'fitness': 0.978302244408503, 'generation': 404}","{'id': 31116, 'rank': 17, 'fitness': 0.9752896766827984, 'generation': 404}","{'id': 31251, 'rank': 18, 'fitness': 0.9743205349286277, 'generation': 404}","{'id': 31251, 'rank': 19, 'fitness': 0.9743205349286277, 'generation': 404}","{'id': 31252, 'rank': 20, 'fitness': 0.9742151074855745, 'generation': 404}","{'id': 31217, 'rank': 21, 'fitness': 0.9686629213379715, 'generation': 404}","{'id': 31218, 'rank': 22, 'fitness': 0.9589542779245621, 'generation': 404}","{'id': 31218, 'rank': 23, 'fitness': 0.9589542779245621, 'generation': 404}","{'id': 31218, 'rank': 24, 'fitness': 0.9589542779245621, 'generation': 404}","{'id': 31253, 'rank': 25, 'fitness': 0.9559940592283753, 'generation': 404}","{'id': 31213, 'rank': 26, 'fitness': 0.9340420988074722, 'generation': 404}","{'id': 31227, 'rank': 27, 'fitness': 0.8600301713375313, 'generation': 404}","{'id': 31240, 'rank': 28, 'fitness': 0.24556377606317653, 'generation': 404}","{'id': 31232, 'rank': 29, 'fitness': 0.05589429325046441, 'generation': 404}","{'id': 31234, 'rank': 30, 'fitness': 0.01798620996209155, 'generation': 404}"
"{'id': 31244, 'rank': 1, 'fitness': 0.9820137900379085, 'generation': 405}","{'id': 31290, 'rank': 2, 'fitness': 0.97819743206251, 'generation': 405}","{'id': 31229, 'rank': 3, 'fitness': 0.9722996899947818, 'generation': 405}","{'id': 31321, 'rank': 4, 'fitness': 0.9694674640087705, 'generation': 405}","{'id': 31319, 'rank': 5, 'fitness': 0.9681888043025147, 'generation': 405}","{'id': 31273, 'rank': 6, 'fitness': 0.9624967962315794, 'generation': 405}","{'id': 31117, 'rank': 7, 'fitness': 0.9621300357488838, 'generation': 405}","{'id': 31117, 'rank': 8, 'fitness': 0.9621300357488838, 'generation': 405}","{'id': 31345, 'rank': 9, 'fitness': 0.9555503133468072, 'generation': 405}","{'id': 31345, 'rank': 10, 'fitness': 0.9555503133468072, 'generation': 405}","{'id': 31329, 'rank': 11, 'fitness': 0.9487255928096338, 'generation': 405}","{'id': 31325, 'rank': 12, 'fitness': 0.9367930127162576, 'generation': 405}","{'id': 31286, 'rank': 13, 'fitness': 0.934301143480524, 'generation': 405}","{'id': 31315, 'rank': 14, 'fitness': 0.9274570366993307, 'generation': 405}","{'id': 31341, 'rank': 15, 'fitness': 0.9229514390994482, 'generation': 405}","{'id': 31326, 'rank': 16, 'fitness': 0.915895030346895, 'generation': 405}","{'id': 31303, 'rank': 17, 'fitness': 0.9116130910036997, 'generation': 405}","{'id': 31289, 'rank': 18, 'fitness': 0.9002644266092411, 'generation': 405}","{'id': 31346, 'rank': 19, 'fitness': 0.8907004027755087, 'generation': 405}","{'id': 31342, 'rank': 20, 'fitness': 0.8782897404456073, 'generation': 405}","{'id': 31339, 'rank': 21, 'fitness': 0.8030580388155373, 'generation': 405}","{'id': 31314, 'rank': 22, 'fitness': 0.7957163402866574, 'generation': 405}","{'id': 31317, 'rank': 23, 'fitness': 0.4160034646508218, 'generation': 405}","{'id': 31305, 'rank': 24, 'fitness': 0.41492488026810714, 'generation': 405}","{'id': 31116, 'rank': 25, 'fitness': 0.3628256312604433, 'generation': 405}","{'id': 31313, 'rank': 26, 'fitness': 0.17058690155174416, 'generation': 405}","{'id': 31281, 'rank': 27, 'fitness': 0.09591164439257871, 'generation': 405}","{'id': 31296, 'rank': 28, 'fitness': 0.0726166529771311, 'generation': 405}","{'id': 31331, 'rank': 29, 'fitness': 0.024071299402356194, 'generation': 405}","{'id': 31217, 'rank': 30, 'fitness': 0.01798620996209155, 'generation': 405}"
"{'id': 31373, 'rank': 1, 'fitness': 0.9820137900379085, 'generation': 406}","{'id': 31290, 'rank': 2, 'fitness': 0.9815290414936149, 'generation': 406}","{'id': 31374, 'rank': 3, 'fitness': 0.9810260376278463, 'generation': 406}","{'id': 31413, 'rank': 4, 'fitness': 0.9804308305414275, 'generation': 406}","{'id': 31117, 'rank': 5, 'fitness': 0.980297386751779, 'generation': 406}","{'id': 31345, 'rank': 6, 'fitness': 0.9799205159338821, 'generation': 406}","{'id': 31329, 'rank': 7, 'fitness': 0.9795761204725173, 'generation': 406}","{'id': 31286, 'rank': 8, 'fitness': 0.9789577735815556, 'generation': 406}","{'id': 31341, 'rank': 9, 'fitness': 0.97854487362946, 'generation': 406}","{'id': 31411, 'rank': 10, 'fitness': 0.9784072587615391, 'generation': 406}","{'id': 31411, 'rank': 11, 'fitness': 0.9784072587615391, 'generation': 406}","{'id': 31412, 'rank': 12, 'fitness': 0.9779902075439131, 'generation': 406}","{'id': 31412, 'rank': 13, 'fitness': 0.9779902075439131, 'generation': 406}","{'id': 31412, 'rank': 14, 'fitness': 0.9779902075439131, 'generation': 406}","{'id': 31388, 'rank': 15, 'fitness': 0.977672131600968, 'generation': 406}","{'id': 31387, 'rank': 16, 'fitness': 0.9763860524690504, 'generation': 406}","{'id': 31362, 'rank': 17, 'fitness': 0.9762726699622799, 'generation': 406}","{'id': 31314, 'rank': 18, 'fitness': 0.9756389259720639, 'generation': 406}","{'id': 31389, 'rank': 19, 'fitness': 0.9749510224435746, 'generation': 406}","{'id': 31409, 'rank': 20, 'fitness': 0.9739027284958203, 'generation': 406}","{'id': 31364, 'rank': 21, 'fitness': 0.9716371620392088, 'generation': 406}","{'id': 31317, 'rank': 22, 'fitness': 0.970502570312475, 'generation': 406}","{'id': 31317, 'rank': 23, 'fitness': 0.970502570312475, 'generation': 406}","{'id': 31390, 'rank': 24, 'fitness': 0.9645945973207459, 'generation': 406}","{'id': 31296, 'rank': 25, 'fitness': 0.9622399353047277, 'generation': 406}","{'id': 31426, 'rank': 26, 'fitness': 0.9589793660247494, 'generation': 406}","{'id': 31427, 'rank': 27, 'fitness': 0.9476248206731135, 'generation': 406}","{'id': 31359, 'rank': 28, 'fitness': 0.9457390310543188, 'generation': 406}","{'id': 31423, 'rank': 29, 'fitness': 0.9382621805350988, 'generation': 406}","{'id': 31404, 'rank': 30, 'fitness': 0.01798620996209155, 'generation': 406}"
"{'id': 31373, 'rank': 1, 'fitness': 0.9820137900379085, 'generation': 407}","{'id': 31373, 'rank': 2, 'fitness': 0.9820137900379085, 'generation': 407}","{'id': 31493, 'rank': 3, 'fitness': 0.8738351793500025, 'generation': 407}","{'id': 31493, 'rank': 4, 'fitness': 0.8738351793500025, 'generation': 407}","{'id': 31493, 'rank': 5, 'fitness': 0.8738351793500025, 'generation': 407}","{'id': 31329, 'rank': 6, 'fitness': 0.8513256421439311, 'generation': 407}","{'id': 31329, 'rank': 7, 'fitness': 0.8513256421439311, 'generation': 407}","{'id': 31497, 'rank': 8, 'fitness': 0.8137435123134015, 'generation': 407}","{'id': 31286, 'rank': 9, 'fitness': 0.7711869454056863, 'generation': 407}","{'id': 31495, 'rank': 10, 'fitness': 0.6952305662331864, 'generation': 407}","{'id': 31495, 'rank': 11, 'fitness': 0.6952305662331864, 'generation': 407}","{'id': 31411, 'rank': 12, 'fitness': 0.6804470955906279, 'generation': 407}","{'id': 31412, 'rank': 13, 'fitness': 0.6024092803015245, 'generation': 407}","{'id': 31412, 'rank': 14, 'fitness': 0.6024092803015245, 'generation': 407}","{'id': 31482, 'rank': 15, 'fitness': 0.5833896741170335, 'generation': 407}","{'id': 31482, 'rank': 16, 'fitness': 0.5833896741170335, 'generation': 407}","{'id': 31431, 'rank': 17, 'fitness': 0.569579068608736, 'generation': 407}","{'id': 31431, 'rank': 18, 'fitness': 0.569579068608736, 'generation': 407}","{'id': 31433, 'rank': 19, 'fitness': 0.5050495379428513, 'generation': 407}","{'id': 31440, 'rank': 20, 'fitness': 0.35195423177720975, 'generation': 407}","{'id': 31443, 'rank': 21, 'fitness': 0.27351851194879784, 'generation': 407}","{'id': 31459, 'rank': 22, 'fitness': 0.2580804671085718, 'generation': 407}","{'id': 31465, 'rank': 23, 'fitness': 0.25351418845600293, 'generation': 407}","{'id': 31314, 'rank': 24, 'fitness': 0.19899243063777144, 'generation': 407}","{'id': 31445, 'rank': 25, 'fitness': 0.15938042785869566, 'generation': 407}","{'id': 31447, 'rank': 26, 'fitness': 0.13924941163693938, 'generation': 407}","{'id': 31447, 'rank': 27, 'fitness': 0.13924941163693938, 'generation': 407}","{'id': 31389, 'rank': 28, 'fitness': 0.13130760423618087, 'generation': 407}","{'id': 31446, 'rank': 29, 'fitness': 0.03388215296747388, 'generation': 407}","{'id': 31460, 'rank': 30, 'fitness': 0.01798620996209155, 'generation': 407}"
"{'id': 31373, 'rank': 1, 'fitness': 0.9820137900379085, 'generation': 408}","{'id': 31518, 'rank': 2, 'fitness': 0.9816646813145098, 'generation': 408}","{'id': 31518, 'rank': 3, 'fitness': 0.9816646813145098, 'generation': 408}","{'id': 31518, 'rank': 4, 'fitness': 0.9816646813145098, 'generation': 408}","{'id': 31514, 'rank': 5, 'fitness': 0.9814679774346131, 'generation': 408}","{'id': 31519, 'rank': 6, 'fitness': 0.9814154315911203, 'generation': 408}","{'id': 31517, 'rank': 7, 'fitness': 0.981262445320783, 'generation': 408}","{'id': 31493, 'rank': 8, 'fitness': 0.9811987201608349, 'generation': 408}","{'id': 31329, 'rank': 9, 'fitness': 0.981121811233435, 'generation': 408}","{'id': 31329, 'rank': 10, 'fitness': 0.981121811233435, 'generation': 408}","{'id': 31511, 'rank': 11, 'fitness': 0.9810846356477433, 'generation': 408}","{'id': 31286, 'rank': 12, 'fitness': 0.9809059412120358, 'generation': 408}","{'id': 31286, 'rank': 13, 'fitness': 0.9809059412120358, 'generation': 408}","{'id': 31286, 'rank': 14, 'fitness': 0.9809059412120358, 'generation': 408}","{'id': 31495, 'rank': 15, 'fitness': 0.9807454133666024, 'generation': 408}","{'id': 31495, 'rank': 16, 'fitness': 0.9807454133666024, 'generation': 408}","{'id': 31411, 'rank': 17, 'fitness': 0.9807169571247274, 'generation': 408}","{'id': 31412, 'rank': 18, 'fitness': 0.9805757185554282, 'generation': 408}","{'id': 31412, 'rank': 19, 'fitness': 0.9805757185554282, 'generation': 408}","{'id': 31482, 'rank': 20, 'fitness': 0.9805428661355013, 'generation': 408}","{'id': 31431, 'rank': 21, 'fitness': 0.980519250964127, 'generation': 408}","{'id': 31433, 'rank': 22, 'fitness': 0.980410379477883, 'generation': 408}","{'id': 31459, 'rank': 23, 'fitness': 0.9799532571189217, 'generation': 408}","{'id': 31447, 'rank': 24, 'fitness': 0.9796217235335074, 'generation': 408}","{'id': 31389, 'rank': 25, 'fitness': 0.979592057563857, 'generation': 408}","{'id': 31460, 'rank': 26, 'fitness': 0.9786486841473448, 'generation': 408}","{'id': 31546, 'rank': 27, 'fitness': 0.9389395197579951, 'generation': 408}","{'id': 31532, 'rank': 28, 'fitness': 0.9108053491751129, 'generation': 408}","{'id': 31541, 'rank': 29, 'fitness': 0.9076013604428977, 'generation': 408}","{'id': 31558, 'rank': 30, 'fitness': 0.01798620996209155, 'generation': 408}"
"{'id': 31518, 'rank': 1, 'fitness': 0.9820137900379085, 'generation': 409}","{'id': 31565, 'rank': 2, 'fitness': 0.9759719838249257, 'generation': 409}","{'id': 31329, 'rank': 3, 'fitness': 0.8972984344606474, 'generation': 409}","{'id': 31637, 'rank': 4, 'fitness': 0.8893842967870695, 'generation': 409}","{'id': 31637, 'rank': 5, 'fitness': 0.8893842967870695, 'generation': 409}","{'id': 31580, 'rank': 6, 'fitness': 0.8882408970466884, 'generation': 409}","{'id': 31579, 'rank': 7, 'fitness': 0.819370125993651, 'generation': 409}","{'id': 31612, 'rank': 8, 'fitness': 0.8175473602141309, 'generation': 409}","{'id': 31606, 'rank': 9, 'fitness': 0.7834066880077122, 'generation': 409}","{'id': 31595, 'rank': 10, 'fitness': 0.7351667931870394, 'generation': 409}","{'id': 31604, 'rank': 11, 'fitness': 0.6714366464685154, 'generation': 409}","{'id': 31598, 'rank': 12, 'fitness': 0.6616896506249941, 'generation': 409}","{'id': 31598, 'rank': 13, 'fitness': 0.6616896506249941, 'generation': 409}","{'id': 31412, 'rank': 14, 'fitness': 0.5928265647919337, 'generation': 409}","{'id': 31588, 'rank': 15, 'fitness': 0.5673973565084667, 'generation': 409}","{'id': 31588, 'rank': 16, 'fitness': 0.5673973565084667, 'generation': 409}","{'id': 31482, 'rank': 17, 'fitness': 0.5669565383625297, 'generation': 409}","{'id': 31482, 'rank': 18, 'fitness': 0.5669565383625297, 'generation': 409}","{'id': 31602, 'rank': 19, 'fitness': 0.4211285784243914, 'generation': 409}","{'id': 31602, 'rank': 20, 'fitness': 0.4211285784243914, 'generation': 409}","{'id': 31610, 'rank': 21, 'fitness': 0.3052187926992038, 'generation': 409}","{'id': 31592, 'rank': 22, 'fitness': 0.2863470227716862, 'generation': 409}","{'id': 31592, 'rank': 23, 'fitness': 0.2863470227716862, 'generation': 409}","{'id': 31459, 'rank': 24, 'fitness': 0.16692662194829033, 'generation': 409}","{'id': 31632, 'rank': 25, 'fitness': 0.15398177665785184, 'generation': 409}","{'id': 31567, 'rank': 26, 'fitness': 0.14720147300550968, 'generation': 409}","{'id': 31585, 'rank': 27, 'fitness': 0.1262227687813039, 'generation': 409}","{'id': 31568, 'rank': 28, 'fitness': 0.11544851447175608, 'generation': 409}","{'id': 31636, 'rank': 29, 'fitness': 0.05083935922248917, 'generation': 409}","{'id': 31629, 'rank': 30, 'fitness': 0.01798620996209155, 'generation': 409}"
"{'id': 31518, 'rank': 1, 'fitness': 0.9820137900379085, 'generation': 410}","{'id': 31565, 'rank': 2, 'fitness': 0.9819626179868657, 'generation': 410}","{'id': 31646, 'rank': 3, 'fitness': 0.981934765569866, 'generation': 410}","{'id': 31696, 'rank': 4, 'fitness': 0.9818075174732801, 'generation': 410}","{'id': 31696, 'rank': 5, 'fitness': 0.9818075174732801, 'generation': 410}","{'id': 31329, 'rank': 6, 'fitness': 0.9816944637756296, 'generation': 410}","{'id': 31695, 'rank': 7, 'fitness': 0.9816235481978927, 'generation': 410}","{'id': 31695, 'rank': 8, 'fitness': 0.9816235481978927, 'generation': 410}","{'id': 31612, 'rank': 9, 'fitness': 0.9815767231453203, 'generation': 410}","{'id': 31693, 'rank': 10, 'fitness': 0.9815273505592339, 'generation': 410}","{'id': 31595, 'rank': 11, 'fitness': 0.9814918372601755, 'generation': 410}","{'id': 31645, 'rank': 12, 'fitness': 0.9814730569014629, 'generation': 410}","{'id': 31598, 'rank': 13, 'fitness': 0.9814295169739833, 'generation': 410}","{'id': 31412, 'rank': 14, 'fitness': 0.9813768243209943, 'generation': 410}","{'id': 31482, 'rank': 15, 'fitness': 0.9813578268135313, 'generation': 410}","{'id': 31602, 'rank': 16, 'fitness': 0.9812523907534456, 'generation': 410}","{'id': 31602, 'rank': 17, 'fitness': 0.9812523907534456, 'generation': 410}","{'id': 31602, 'rank': 18, 'fitness': 0.9812523907534456, 'generation': 410}","{'id': 31610, 'rank': 19, 'fitness': 0.9811614105535875, 'generation': 410}","{'id': 31592, 'rank': 20, 'fitness': 0.981145019386452, 'generation': 410}","{'id': 31636, 'rank': 21, 'fitness': 0.9807771702134338, 'generation': 410}","{'id': 31629, 'rank': 22, 'fitness': 0.9805782818503523, 'generation': 410}","{'id': 31629, 'rank': 23, 'fitness': 0.9805782818503523, 'generation': 410}","{'id': 31685, 'rank': 24, 'fitness': 0.9726794997308889, 'generation': 410}","{'id': 31675, 'rank': 25, 'fitness': 0.8850015337299877, 'generation': 410}","{'id': 31676, 'rank': 26, 'fitness': 0.837049232703541, 'generation': 410}","{'id': 31676, 'rank': 27, 'fitness': 0.837049232703541, 'generation': 410}","{'id': 31670, 'rank': 28, 'fitness': 0.6186739879806988, 'generation': 410}","{'id': 31688, 'rank': 29, 'fitness': 0.029569895645764455, 'generation': 410}","{'id': 31667, 'rank': 30, 'fitness': 0.01798620996209155, 'generation': 410}"
"{'id': 31753, 'rank': 1, 'fitness': 0.9820137900379085, 'generation': 411}","{'id': 31518, 'rank': 2, 'fitness': 0.9820127827455647, 'generation': 411}","{'id': 31704, 'rank': 3, 'fitness': 0.9819356293124385, 'generation': 411}","{'id': 31704, 'rank': 4, 'fitness': 0.9819356293124385, 'generation': 411}","{'id': 31565, 'rank': 5, 'fitness': 0.9818389940574518, 'generation': 411}","{'id': 31646, 'rank': 6, 'fitness': 0.981743916435152, 'generation': 411}","{'id': 31696, 'rank': 7, 'fitness': 0.981305159672982, 'generation': 411}","{'id': 31726, 'rank': 8, 'fitness': 0.9813033339800128, 'generation': 411}","{'id': 31709, 'rank': 9, 'fitness': 0.9805542263462355, 'generation': 411}","{'id': 31693, 'rank': 10, 'fitness': 0.9803135607220479, 'generation': 411}","{'id': 31693, 'rank': 11, 'fitness': 0.9803135607220479, 'generation': 411}","{'id': 31755, 'rank': 12, 'fitness': 0.980247030917894, 'generation': 411}","{'id': 31755, 'rank': 13, 'fitness': 0.980247030917894, 'generation': 411}","{'id': 31598, 'rank': 14, 'fitness': 0.9799589218299387, 'generation': 411}","{'id': 31482, 'rank': 15, 'fitness': 0.9796962722312823, 'generation': 411}","{'id': 31780, 'rank': 16, 'fitness': 0.9796878394736933, 'generation': 411}","{'id': 31721, 'rank': 17, 'fitness': 0.9796431357357522, 'generation': 411}","{'id': 31758, 'rank': 18, 'fitness': 0.9794261284710458, 'generation': 411}","{'id': 31758, 'rank': 19, 'fitness': 0.9794261284710458, 'generation': 411}","{'id': 31714, 'rank': 20, 'fitness': 0.9790671544887268, 'generation': 411}","{'id': 31610, 'rank': 21, 'fitness': 0.9789645350993006, 'generation': 411}","{'id': 31592, 'rank': 22, 'fitness': 0.9789026624978101, 'generation': 411}","{'id': 31761, 'rank': 23, 'fitness': 0.9787278726312025, 'generation': 411}","{'id': 31712, 'rank': 24, 'fitness': 0.9786132429010572, 'generation': 411}","{'id': 31743, 'rank': 25, 'fitness': 0.9784978674005249, 'generation': 411}","{'id': 31705, 'rank': 26, 'fitness': 0.9784766866838703, 'generation': 411}","{'id': 31765, 'rank': 27, 'fitness': 0.978182607798749, 'generation': 411}","{'id': 31774, 'rank': 28, 'fitness': 0.9776647407500324, 'generation': 411}","{'id': 31762, 'rank': 29, 'fitness': 0.977150231195556, 'generation': 411}","{'id': 31676, 'rank': 30, 'fitness': 0.01798620996209155, 'generation': 411}"
"{'id': 31818, 'rank': 1, 'fitness': 0.9820137900379085, 'generation': 412}","{'id': 31819, 'rank': 2, 'fitness': 0.9513363300203006, 'generation': 412}","{'id': 31819, 'rank': 3, 'fitness': 0.9513363300203006, 'generation': 412}","{'id': 31819, 'rank': 4, 'fitness': 0.9513363300203006, 'generation': 412}","{'id': 31704, 'rank': 5, 'fitness': 0.9508944933438762, 'generation': 412}","{'id': 31646, 'rank': 6, 'fitness': 0.9368852156610332, 'generation': 412}","{'id': 31646, 'rank': 7, 'fitness': 0.9368852156610332, 'generation': 412}","{'id': 31823, 'rank': 8, 'fitness': 0.9051971503217252, 'generation': 412}","{'id': 31853, 'rank': 9, 'fitness': 0.9049725303170664, 'generation': 412}","{'id': 31805, 'rank': 10, 'fitness': 0.8955933761595083, 'generation': 412}","{'id': 31840, 'rank': 11, 'fitness': 0.8765143734761551, 'generation': 412}","{'id': 31840, 'rank': 12, 'fitness': 0.8765143734761551, 'generation': 412}","{'id': 31807, 'rank': 13, 'fitness': 0.8403134323349344, 'generation': 412}","{'id': 31806, 'rank': 14, 'fitness': 0.775861170328854, 'generation': 412}","{'id': 31838, 'rank': 15, 'fitness': 0.7162378654006261, 'generation': 412}","{'id': 31838, 'rank': 16, 'fitness': 0.7162378654006261, 'generation': 412}","{'id': 31851, 'rank': 17, 'fitness': 0.7042613263163082, 'generation': 412}","{'id': 31755, 'rank': 18, 'fitness': 0.6707456324893389, 'generation': 412}","{'id': 31813, 'rank': 19, 'fitness': 0.6280453344317557, 'generation': 412}","{'id': 31844, 'rank': 20, 'fitness': 0.5397475960451179, 'generation': 412}","{'id': 31831, 'rank': 21, 'fitness': 0.47774872401324164, 'generation': 412}","{'id': 31831, 'rank': 22, 'fitness': 0.47774872401324164, 'generation': 412}","{'id': 31758, 'rank': 23, 'fitness': 0.4216912724482516, 'generation': 412}","{'id': 31758, 'rank': 24, 'fitness': 0.4216912724482516, 'generation': 412}","{'id': 31841, 'rank': 25, 'fitness': 0.41540067950315557, 'generation': 412}","{'id': 31794, 'rank': 26, 'fitness': 0.29756812465077853, 'generation': 412}","{'id': 31743, 'rank': 27, 'fitness': 0.19304931855735058, 'generation': 412}","{'id': 31803, 'rank': 28, 'fitness': 0.08887269570797329, 'generation': 412}","{'id': 31791, 'rank': 29, 'fitness': 0.08646084159346562, 'generation': 412}","{'id': 31797, 'rank': 30, 'fitness': 0.01798620996209155, 'generation': 412}"
"{'id': 31819, 'rank': 1, 'fitness': 0.9820137900379085, 'generation': 413}","{'id': 31819, 'rank': 2, 'fitness': 0.9820137900379085, 'generation': 413}","{'id': 31819, 'rank': 3, 'fitness': 0.9820137900379085, 'generation': 413}","{'id': 31907, 'rank': 4, 'fitness': 0.9819802703275119, 'generation': 413}","{'id': 31853, 'rank': 5, 'fitness': 0.9819313525514932, 'generation': 413}","{'id': 31853, 'rank': 6, 'fitness': 0.9819313525514932, 'generation': 413}","{'id': 31805, 'rank': 7, 'fitness': 0.9819193382779744, 'generation': 413}","{'id': 31840, 'rank': 8, 'fitness': 0.9818975565941164, 'generation': 413}","{'id': 31840, 'rank': 9, 'fitness': 0.9818975565941164, 'generation': 413}","{'id': 31806, 'rank': 10, 'fitness': 0.9818147206223113, 'generation': 413}","{'id': 31838, 'rank': 11, 'fitness': 0.9817781713717947, 'generation': 413}","{'id': 31755, 'rank': 12, 'fitness': 0.9817533288058118, 'generation': 413}","{'id': 31803, 'rank': 13, 'fitness': 0.9813974603579476, 'generation': 413}","{'id': 31791, 'rank': 14, 'fitness': 0.9813938951042724, 'generation': 413}","{'id': 31791, 'rank': 15, 'fitness': 0.9813938951042724, 'generation': 413}","{'id': 31917, 'rank': 16, 'fitness': 0.9812156569790923, 'generation': 413}","{'id': 31917, 'rank': 17, 'fitness': 0.9812156569790923, 'generation': 413}","{'id': 31889, 'rank': 18, 'fitness': 0.9807979503993738, 'generation': 413}","{'id': 31890, 'rank': 19, 'fitness': 0.980551044336746, 'generation': 413}","{'id': 31874, 'rank': 20, 'fitness': 0.9796907317235752, 'generation': 413}","{'id': 31888, 'rank': 21, 'fitness': 0.9796471906873974, 'generation': 413}","{'id': 31877, 'rank': 22, 'fitness': 0.976281103529516, 'generation': 413}","{'id': 31902, 'rank': 23, 'fitness': 0.9746351717693934, 'generation': 413}","{'id': 31911, 'rank': 24, 'fitness': 0.9744167245377218, 'generation': 413}","{'id': 31908, 'rank': 25, 'fitness': 0.9739950924224795, 'generation': 413}","{'id': 31916, 'rank': 26, 'fitness': 0.9697370288744908, 'generation': 413}","{'id': 31886, 'rank': 27, 'fitness': 0.9438903288181717, 'generation': 413}","{'id': 31882, 'rank': 28, 'fitness': 0.8728087854081468, 'generation': 413}","{'id': 31882, 'rank': 29, 'fitness': 0.8728087854081468, 'generation': 413}","{'id': 31895, 'rank': 30, 'fitness': 0.01798620996209155, 'generation': 413}"
"{'id': 31819, 'rank': 1, 'fitness': 0.9820137900379085, 'generation': 414}","{'id': 31938, 'rank': 2, 'fitness': 0.9819623802880968, 'generation': 414}","{'id': 31907, 'rank': 3, 'fitness': 0.9815467213053071, 'generation': 414}","{'id': 31982, 'rank': 4, 'fitness': 0.9814124638440346, 'generation': 414}","{'id': 31853, 'rank': 5, 'fitness': 0.980845272721194, 'generation': 414}","{'id': 31941, 'rank': 6, 'fitness': 0.9808082884424747, 'generation': 414}","{'id': 31805, 'rank': 7, 'fitness': 0.9806693284406132, 'generation': 414}","{'id': 31840, 'rank': 8, 'fitness': 0.9803465943463043, 'generation': 414}","{'id': 31999, 'rank': 9, 'fitness': 0.9802258575854651, 'generation': 414}","{'id': 31939, 'rank': 10, 'fitness': 0.9798509150495058, 'generation': 414}","{'id': 31947, 'rank': 11, 'fitness': 0.979791728996698, 'generation': 414}","{'id': 31935, 'rank': 12, 'fitness': 0.9792624825620742, 'generation': 414}","{'id': 32003, 'rank': 13, 'fitness': 0.9791460439907544, 'generation': 414}","{'id': 31996, 'rank': 14, 'fitness': 0.9784756810042468, 'generation': 414}","{'id': 32004, 'rank': 15, 'fitness': 0.9774641140709621, 'generation': 414}","{'id': 31984, 'rank': 16, 'fitness': 0.9773514168088424, 'generation': 414}","{'id': 31998, 'rank': 17, 'fitness': 0.9765992965422776, 'generation': 414}","{'id': 31998, 'rank': 18, 'fitness': 0.9765992965422776, 'generation': 414}","{'id': 31803, 'rank': 19, 'fitness': 0.9714555260721744, 'generation': 414}","{'id': 31791, 'rank': 20, 'fitness': 0.9713808589097603, 'generation': 414}","{'id': 31945, 'rank': 21, 'fitness': 0.9692955003997964, 'generation': 414}","{'id': 31975, 'rank': 22, 'fitness': 0.9666451126298463, 'generation': 414}","{'id': 31952, 'rank': 23, 'fitness': 0.9629878685381289, 'generation': 414}","{'id': 31952, 'rank': 24, 'fitness': 0.9629878685381289, 'generation': 414}","{'id': 31924, 'rank': 25, 'fitness': 0.9474080630970928, 'generation': 414}","{'id': 31874, 'rank': 26, 'fitness': 0.9084165322704476, 'generation': 414}","{'id': 31877, 'rank': 27, 'fitness': 0.5272414147684187, 'generation': 414}","{'id': 31877, 'rank': 28, 'fitness': 0.5272414147684187, 'generation': 414}","{'id': 31986, 'rank': 29, 'fitness': 0.37872760726443644, 'generation': 414}","{'id': 31930, 'rank': 30, 'fitness': 0.01798620996209155, 'generation': 414}"
"{'id': 31982, 'rank': 1, 'fitness': 0.9820137900379085, 'generation': 415}","{'id': 32058, 'rank': 2, 'fitness': 0.978858396310059, 'generation': 415}","{'id': 32013, 'rank': 3, 'fitness': 0.9784420461250429, 'generation': 415}","{'id': 32013, 'rank': 4, 'fitness': 0.9784420461250429, 'generation': 415}","{'id': 31941, 'rank': 5, 'fitness': 0.976932762982069, 'generation': 415}","{'id': 31999, 'rank': 6, 'fitness': 0.9709276881579358, 'generation': 415}","{'id': 31947, 'rank': 7, 'fitness': 0.9656377021246552, 'generation': 415}","{'id': 32039, 'rank': 8, 'fitness': 0.9596036711109717, 'generation': 415}","{'id': 32039, 'rank': 9, 'fitness': 0.9596036711109717, 'generation': 415}","{'id': 32047, 'rank': 10, 'fitness': 0.9594058483965898, 'generation': 415}","{'id': 31935, 'rank': 11, 'fitness': 0.9581219905713552, 'generation': 415}","{'id': 32052, 'rank': 12, 'fitness': 0.9565124926256867, 'generation': 415}","{'id': 32061, 'rank': 13, 'fitness': 0.9531832540084398, 'generation': 415}","{'id': 32061, 'rank': 14, 'fitness': 0.9531832540084398, 'generation': 415}","{'id': 32086, 'rank': 15, 'fitness': 0.9329004614623576, 'generation': 415}","{'id': 32046, 'rank': 16, 'fitness': 0.9315499340093649, 'generation': 415}","{'id': 32019, 'rank': 17, 'fitness': 0.9301388578298744, 'generation': 415}","{'id': 32023, 'rank': 18, 'fitness': 0.9247736044255048, 'generation': 415}","{'id': 32032, 'rank': 19, 'fitness': 0.8925577155887631, 'generation': 415}","{'id': 32081, 'rank': 20, 'fitness': 0.8913310369997431, 'generation': 415}","{'id': 32018, 'rank': 21, 'fitness': 0.8511237120686205, 'generation': 415}","{'id': 32010, 'rank': 22, 'fitness': 0.824057684958434, 'generation': 415}","{'id': 32029, 'rank': 23, 'fitness': 0.6961036327196733, 'generation': 415}","{'id': 32033, 'rank': 24, 'fitness': 0.5138606014140309, 'generation': 415}","{'id': 32075, 'rank': 25, 'fitness': 0.4688126126132164, 'generation': 415}","{'id': 31975, 'rank': 26, 'fitness': 0.3377475205827228, 'generation': 415}","{'id': 31975, 'rank': 27, 'fitness': 0.3377475205827228, 'generation': 415}","{'id': 32074, 'rank': 28, 'fitness': 0.2203662787297891, 'generation': 415}","{'id': 32073, 'rank': 29, 'fitness': 0.18908622373855116, 'generation': 415}","{'id': 32038, 'rank': 30, 'fitness': 0.01798620996209155, 'generation': 415}"
"{'id': 31982, 'rank': 1, 'fitness': 0.9820137900379085, 'generation': 416}","{'id': 32013, 'rank': 2, 'fitness': 0.981723887076611, 'generation': 416}","{'id': 32013, 'rank': 3, 'fitness': 0.981723887076611, 'generation': 416}","{'id': 32013, 'rank': 4, 'fitness': 0.981723887076611, 'generation': 416}","{'id': 31941, 'rank': 5, 'fitness': 0.9816141249848406, 'generation': 416}","{'id': 32100, 'rank': 6, 'fitness': 0.9809507118448608, 'generation': 416}","{'id': 32126, 'rank': 7, 'fitness': 0.9808743661948386, 'generation': 416}","{'id': 32039, 'rank': 8, 'fitness': 0.9806715070364724, 'generation': 416}","{'id': 32061, 'rank': 9, 'fitness': 0.9804122034729963, 'generation': 416}","{'id': 32127, 'rank': 10, 'fitness': 0.9800757898479289, 'generation': 416}","{'id': 32113, 'rank': 11, 'fitness': 0.9798239186953323, 'generation': 416}","{'id': 32081, 'rank': 12, 'fitness': 0.9788127980425108, 'generation': 416}","{'id': 32148, 'rank': 13, 'fitness': 0.9786401352610576, 'generation': 416}","{'id': 32010, 'rank': 14, 'fitness': 0.9777641373179435, 'generation': 416}","{'id': 32130, 'rank': 15, 'fitness': 0.975327363960939, 'generation': 416}","{'id': 32075, 'rank': 16, 'fitness': 0.974331191930843, 'generation': 416}","{'id': 32147, 'rank': 17, 'fitness': 0.973162687294699, 'generation': 416}","{'id': 32147, 'rank': 18, 'fitness': 0.973162687294699, 'generation': 416}","{'id': 32147, 'rank': 19, 'fitness': 0.973162687294699, 'generation': 416}","{'id': 32074, 'rank': 20, 'fitness': 0.9716984484400364, 'generation': 416}","{'id': 32074, 'rank': 21, 'fitness': 0.9716984484400364, 'generation': 416}","{'id': 32073, 'rank': 22, 'fitness': 0.9712283360204432, 'generation': 416}","{'id': 32140, 'rank': 23, 'fitness': 0.9654799107121187, 'generation': 416}","{'id': 32115, 'rank': 24, 'fitness': 0.9452499276388804, 'generation': 416}","{'id': 32115, 'rank': 25, 'fitness': 0.9452499276388804, 'generation': 416}","{'id': 32123, 'rank': 26, 'fitness': 0.9399471720676724, 'generation': 416}","{'id': 32116, 'rank': 27, 'fitness': 0.9164980376443527, 'generation': 416}","{'id': 32143, 'rank': 28, 'fitness': 0.7207254707444353, 'generation': 416}","{'id': 32117, 'rank': 29, 'fitness': 0.03215030575539746, 'generation': 416}","{'id': 32120, 'rank': 30, 'fitness': 0.01798620996209155, 'generation': 416}"
"{'id': 32189, 'rank': 1, 'fitness': 0.9820137900379085, 'generation': 417}","{'id': 32013, 'rank': 2, 'fitness': 0.9779158553532068, 'generation': 417}","{'id': 32013, 'rank': 3, 'fitness': 0.9779158553532068, 'generation': 417}","{'id': 32013, 'rank': 4, 'fitness': 0.9779158553532068, 'generation': 417}","{'id': 32211, 'rank': 5, 'fitness': 0.9761296925216543, 'generation': 417}","{'id': 32157, 'rank': 6, 'fitness': 0.9751884977838942, 'generation': 417}","{'id': 32100, 'rank': 7, 'fitness': 0.9745308122040877, 'generation': 417}","{'id': 32172, 'rank': 8, 'fitness': 0.9711821466867685, 'generation': 417}","{'id': 32113, 'rank': 9, 'fitness': 0.9689823313657931, 'generation': 417}","{'id': 32113, 'rank': 10, 'fitness': 0.9689823313657931, 'generation': 417}","{'id': 32113, 'rank': 11, 'fitness': 0.9689823313657931, 'generation': 417}","{'id': 32170, 'rank': 12, 'fitness': 0.9665080765426912, 'generation': 417}","{'id': 32170, 'rank': 13, 'fitness': 0.9665080765426912, 'generation': 417}","{'id': 32159, 'rank': 14, 'fitness': 0.9648131051211801, 'generation': 417}","{'id': 32230, 'rank': 15, 'fitness': 0.9630544834913861, 'generation': 417}","{'id': 32148, 'rank': 16, 'fitness': 0.9623211918932773, 'generation': 417}","{'id': 32233, 'rank': 17, 'fitness': 0.9606610153386639, 'generation': 417}","{'id': 32173, 'rank': 18, 'fitness': 0.9591350882159804, 'generation': 417}","{'id': 32181, 'rank': 19, 'fitness': 0.9542837983138214, 'generation': 417}","{'id': 32234, 'rank': 20, 'fitness': 0.953878352938599, 'generation': 417}","{'id': 32186, 'rank': 21, 'fitness': 0.941351665342905, 'generation': 417}","{'id': 32186, 'rank': 22, 'fitness': 0.941351665342905, 'generation': 417}","{'id': 32176, 'rank': 23, 'fitness': 0.8751161508724694, 'generation': 417}","{'id': 32158, 'rank': 24, 'fitness': 0.871718902421762, 'generation': 417}","{'id': 32190, 'rank': 25, 'fitness': 0.8666886074917088, 'generation': 417}","{'id': 32195, 'rank': 26, 'fitness': 0.850048703370099, 'generation': 417}","{'id': 32221, 'rank': 27, 'fitness': 0.5964662801297876, 'generation': 417}","{'id': 32228, 'rank': 28, 'fitness': 0.10651192528390319, 'generation': 417}","{'id': 32204, 'rank': 29, 'fitness': 0.03521996242720338, 'generation': 417}","{'id': 32192, 'rank': 30, 'fitness': 0.01798620996209155, 'generation': 417}"
"{'id': 32189, 'rank': 1, 'fitness': 0.9820137900379085, 'generation': 418}","{'id': 32013, 'rank': 2, 'fitness': 0.9798614366725191, 'generation': 418}","{'id': 32272, 'rank': 3, 'fitness': 0.9790085664172576, 'generation': 418}","{'id': 32239, 'rank': 4, 'fitness': 0.978296234635575, 'generation': 418}","{'id': 32271, 'rank': 5, 'fitness': 0.9768972736627054, 'generation': 418}","{'id': 32273, 'rank': 6, 'fitness': 0.9760353083419191, 'generation': 418}","{'id': 32273, 'rank': 7, 'fitness': 0.9760353083419191, 'generation': 418}","{'id': 32113, 'rank': 8, 'fitness': 0.9757036964488068, 'generation': 418}","{'id': 32170, 'rank': 9, 'fitness': 0.9746476376167869, 'generation': 418}","{'id': 32159, 'rank': 10, 'fitness': 0.9739432680196223, 'generation': 418}","{'id': 32148, 'rank': 11, 'fitness': 0.9729332450216874, 'generation': 418}","{'id': 32234, 'rank': 12, 'fitness': 0.9697025367023441, 'generation': 418}","{'id': 32285, 'rank': 13, 'fitness': 0.966298186638419, 'generation': 418}","{'id': 32285, 'rank': 14, 'fitness': 0.966298186638419, 'generation': 418}","{'id': 32186, 'rank': 15, 'fitness': 0.9653254603863529, 'generation': 418}","{'id': 32295, 'rank': 16, 'fitness': 0.9634938935794313, 'generation': 418}","{'id': 32293, 'rank': 17, 'fitness': 0.960056815948, 'generation': 418}","{'id': 32243, 'rank': 18, 'fitness': 0.9565035239071944, 'generation': 418}","{'id': 32263, 'rank': 19, 'fitness': 0.9522641352165251, 'generation': 418}","{'id': 32299, 'rank': 20, 'fitness': 0.9445092062869063, 'generation': 418}","{'id': 32190, 'rank': 21, 'fitness': 0.9442353723077359, 'generation': 418}","{'id': 32249, 'rank': 22, 'fitness': 0.9441005413889789, 'generation': 418}","{'id': 32284, 'rank': 23, 'fitness': 0.935211228543893, 'generation': 418}","{'id': 32248, 'rank': 24, 'fitness': 0.9326201963572144, 'generation': 418}","{'id': 32248, 'rank': 25, 'fitness': 0.9326201963572144, 'generation': 418}","{'id': 32246, 'rank': 26, 'fitness': 0.9248638809647725, 'generation': 418}","{'id': 32268, 'rank': 27, 'fitness': 0.9116700935183455, 'generation': 418}","{'id': 32267, 'rank': 28, 'fitness': 0.8536911638199836, 'generation': 418}","{'id': 32192, 'rank': 29, 'fitness': 0.40098729155798996, 'generation': 418}","{'id': 32254, 'rank': 30, 'fitness': 0.01798620996209155, 'generation': 418}"
"{'id': 32355, 'rank': 1, 'fitness': 0.9820137900379085, 'generation': 419}","{'id': 32334, 'rank': 2, 'fitness': 0.9749457225369189, 'generation': 419}","{'id': 32334, 'rank': 3, 'fitness': 0.9749457225369189, 'generation': 419}","{'id': 32013, 'rank': 4, 'fitness': 0.9675011578891757, 'generation': 419}","{'id': 32349, 'rank': 5, 'fitness': 0.9542767106411244, 'generation': 419}","{'id': 32368, 'rank': 6, 'fitness': 0.9472302128574444, 'generation': 419}","{'id': 32273, 'rank': 7, 'fitness': 0.946245754121722, 'generation': 419}","{'id': 32273, 'rank': 8, 'fitness': 0.946245754121722, 'generation': 419}","{'id': 32113, 'rank': 9, 'fitness': 0.9440899212514489, 'generation': 419}","{'id': 32348, 'rank': 10, 'fitness': 0.9384641761694718, 'generation': 419}","{'id': 32170, 'rank': 11, 'fitness': 0.9368837905338155, 'generation': 419}","{'id': 32361, 'rank': 12, 'fitness': 0.9273853524865285, 'generation': 419}","{'id': 32337, 'rank': 13, 'fitness': 0.9065326719385098, 'generation': 419}","{'id': 32336, 'rank': 14, 'fitness': 0.8936679110191166, 'generation': 419}","{'id': 32363, 'rank': 15, 'fitness': 0.8847562222300264, 'generation': 419}","{'id': 32341, 'rank': 16, 'fitness': 0.867530083906298, 'generation': 419}","{'id': 32285, 'rank': 17, 'fitness': 0.8618991606578368, 'generation': 419}","{'id': 32285, 'rank': 18, 'fitness': 0.8618991606578368, 'generation': 419}","{'id': 32320, 'rank': 19, 'fitness': 0.8581192568613661, 'generation': 419}","{'id': 32338, 'rank': 20, 'fitness': 0.852540500810471, 'generation': 419}","{'id': 32371, 'rank': 21, 'fitness': 0.824595416406307, 'generation': 419}","{'id': 32340, 'rank': 22, 'fitness': 0.7858225637599243, 'generation': 419}","{'id': 32370, 'rank': 23, 'fitness': 0.7568867812834764, 'generation': 419}","{'id': 32339, 'rank': 24, 'fitness': 0.7568009591503257, 'generation': 419}","{'id': 32243, 'rank': 25, 'fitness': 0.7402652603362381, 'generation': 419}","{'id': 32360, 'rank': 26, 'fitness': 0.657301898089679, 'generation': 419}","{'id': 32374, 'rank': 27, 'fitness': 0.5671215683805129, 'generation': 419}","{'id': 32353, 'rank': 28, 'fitness': 0.4533502249612105, 'generation': 419}","{'id': 32284, 'rank': 29, 'fitness': 0.45108696475574994, 'generation': 419}","{'id': 32305, 'rank': 30, 'fitness': 0.01798620996209155, 'generation': 419}"
"{'id': 32390, 'rank': 1, 'fitness': 0.9820137900379085, 'generation': 420}","{'id': 32390, 'rank': 2, 'fitness': 0.9820137900379085, 'generation': 420}","{'id': 32334, 'rank': 3, 'fitness': 0.9819112985904923, 'generation': 420}","{'id': 32334, 'rank': 4, 'fitness': 0.9819112985904923, 'generation': 420}","{'id': 32349, 'rank': 5, 'fitness': 0.9816599973051232, 'generation': 420}","{'id': 32349, 'rank': 6, 'fitness': 0.9816599973051232, 'generation': 420}","{'id': 32273, 'rank': 7, 'fitness': 0.9815907214766556, 'generation': 420}","{'id': 32273, 'rank': 8, 'fitness': 0.9815907214766556, 'generation': 420}","{'id': 32273, 'rank': 9, 'fitness': 0.9815907214766556, 'generation': 420}","{'id': 32348, 'rank': 10, 'fitness': 0.9815321552342602, 'generation': 420}","{'id': 32348, 'rank': 11, 'fitness': 0.9815321552342602, 'generation': 420}","{'id': 32348, 'rank': 12, 'fitness': 0.9815321552342602, 'generation': 420}","{'id': 32337, 'rank': 13, 'fitness': 0.9813461733678013, 'generation': 420}","{'id': 32336, 'rank': 14, 'fitness': 0.981286929495745, 'generation': 420}","{'id': 32341, 'rank': 15, 'fitness': 0.9811833128496608, 'generation': 420}","{'id': 32341, 'rank': 16, 'fitness': 0.9811833128496608, 'generation': 420}","{'id': 32320, 'rank': 17, 'fitness': 0.981150158979484, 'generation': 420}","{'id': 32448, 'rank': 18, 'fitness': 0.9810579142971967, 'generation': 420}","{'id': 32420, 'rank': 19, 'fitness': 0.9810494094208104, 'generation': 420}","{'id': 32415, 'rank': 20, 'fitness': 0.9810254257456281, 'generation': 420}","{'id': 32418, 'rank': 21, 'fitness': 0.980724747533063, 'generation': 420}","{'id': 32360, 'rank': 22, 'fitness': 0.9806650135317684, 'generation': 420}","{'id': 32424, 'rank': 23, 'fitness': 0.9803454827766744, 'generation': 420}","{'id': 32451, 'rank': 24, 'fitness': 0.9800939016437774, 'generation': 420}","{'id': 32411, 'rank': 25, 'fitness': 0.9790474077789854, 'generation': 420}","{'id': 32388, 'rank': 26, 'fitness': 0.9756233926332905, 'generation': 420}","{'id': 32428, 'rank': 27, 'fitness': 0.9681677528483967, 'generation': 420}","{'id': 32428, 'rank': 28, 'fitness': 0.9681677528483967, 'generation': 420}","{'id': 32433, 'rank': 29, 'fitness': 0.8728829758930533, 'generation': 420}","{'id': 32413, 'rank': 30, 'fitness': 0.01798620996209155, 'generation': 420}"
"{'id': 32508, 'rank': 1, 'fitness': 0.9820137900379085, 'generation': 421}","{'id': 32508, 'rank': 2, 'fitness': 0.9820137900379085, 'generation': 421}","{'id': 32508, 'rank': 3, 'fitness': 0.9820137900379085, 'generation': 421}","{'id': 32504, 'rank': 4, 'fitness': 0.9772574362847508, 'generation': 421}","{'id': 32504, 'rank': 5, 'fitness': 0.9772574362847508, 'generation': 421}","{'id': 32470, 'rank': 6, 'fitness': 0.9616514507539895, 'generation': 421}","{'id': 32471, 'rank': 7, 'fitness': 0.9556068635109495, 'generation': 421}","{'id': 32349, 'rank': 8, 'fitness': 0.9420243942655714, 'generation': 421}","{'id': 32478, 'rank': 9, 'fitness': 0.9301942268962576, 'generation': 421}","{'id': 32273, 'rank': 10, 'fitness': 0.9236975647562753, 'generation': 421}","{'id': 32536, 'rank': 11, 'fitness': 0.917231482317532, 'generation': 421}","{'id': 32493, 'rank': 12, 'fitness': 0.9087462516131098, 'generation': 421}","{'id': 32495, 'rank': 13, 'fitness': 0.8756053414068014, 'generation': 421}","{'id': 32495, 'rank': 14, 'fitness': 0.8756053414068014, 'generation': 421}","{'id': 32497, 'rank': 15, 'fitness': 0.8666804404097079, 'generation': 421}","{'id': 32484, 'rank': 16, 'fitness': 0.8591144997246726, 'generation': 421}","{'id': 32483, 'rank': 17, 'fitness': 0.811730680506075, 'generation': 421}","{'id': 32534, 'rank': 18, 'fitness': 0.8080999182699035, 'generation': 421}","{'id': 32336, 'rank': 19, 'fitness': 0.7713015061400925, 'generation': 421}","{'id': 32517, 'rank': 20, 'fitness': 0.6669333638733727, 'generation': 421}","{'id': 32533, 'rank': 21, 'fitness': 0.5733075164864236, 'generation': 421}","{'id': 32533, 'rank': 22, 'fitness': 0.5733075164864236, 'generation': 421}","{'id': 32499, 'rank': 23, 'fitness': 0.5258200787581353, 'generation': 421}","{'id': 32454, 'rank': 24, 'fitness': 0.48690305996173083, 'generation': 421}","{'id': 32511, 'rank': 25, 'fitness': 0.3779713233589578, 'generation': 421}","{'id': 32511, 'rank': 26, 'fitness': 0.3779713233589578, 'generation': 421}","{'id': 32511, 'rank': 27, 'fitness': 0.3779713233589578, 'generation': 421}","{'id': 32511, 'rank': 28, 'fitness': 0.3779713233589578, 'generation': 421}","{'id': 32509, 'rank': 29, 'fitness': 0.20931004905389228, 'generation': 421}","{'id': 32492, 'rank': 30, 'fitness': 0.01798620996209155, 'generation': 421}"
"{'id': 32553, 'rank': 1, 'fitness': 0.9820137900379085, 'generation': 422}","{'id': 32603, 'rank': 2, 'fitness': 0.9819619675791769, 'generation': 422}","{'id': 32579, 'rank': 3, 'fitness': 0.9819517013676708, 'generation': 422}","{'id': 32470, 'rank': 4, 'fitness': 0.9819184163115846, 'generation': 422}","{'id': 32471, 'rank': 5, 'fitness': 0.9818901345665504, 'generation': 422}","{'id': 32609, 'rank': 6, 'fitness': 0.9818894878440301, 'generation': 422}","{'id': 32349, 'rank': 7, 'fitness': 0.9818379206861604, 'generation': 422}","{'id': 32605, 'rank': 8, 'fitness': 0.9818279740956029, 'generation': 422}","{'id': 32605, 'rank': 9, 'fitness': 0.9818279740956029, 'generation': 422}","{'id': 32536, 'rank': 10, 'fitness': 0.9817666366406127, 'generation': 422}","{'id': 32536, 'rank': 11, 'fitness': 0.9817666366406127, 'generation': 422}","{'id': 32580, 'rank': 12, 'fitness': 0.981765066203018, 'generation': 422}","{'id': 32484, 'rank': 13, 'fitness': 0.9816548190919985, 'generation': 422}","{'id': 32538, 'rank': 14, 'fitness': 0.9813917073943147, 'generation': 422}","{'id': 32538, 'rank': 15, 'fitness': 0.9813917073943147, 'generation': 422}","{'id': 32539, 'rank': 16, 'fitness': 0.9812399788463066, 'generation': 422}","{'id': 32511, 'rank': 17, 'fitness': 0.9812167953378668, 'generation': 422}","{'id': 32511, 'rank': 18, 'fitness': 0.9812167953378668, 'generation': 422}","{'id': 32600, 'rank': 19, 'fitness': 0.9811251393844687, 'generation': 422}","{'id': 32509, 'rank': 20, 'fitness': 0.9810564696222759, 'generation': 422}","{'id': 32599, 'rank': 21, 'fitness': 0.9807850161558895, 'generation': 422}","{'id': 32564, 'rank': 22, 'fitness': 0.9797697536602011, 'generation': 422}","{'id': 32541, 'rank': 23, 'fitness': 0.9795309172794728, 'generation': 422}","{'id': 32543, 'rank': 24, 'fitness': 0.9791719753397621, 'generation': 422}","{'id': 32587, 'rank': 25, 'fitness': 0.9787193841558015, 'generation': 422}","{'id': 32559, 'rank': 26, 'fitness': 0.9771621228349354, 'generation': 422}","{'id': 32589, 'rank': 27, 'fitness': 0.9766477920723611, 'generation': 422}","{'id': 32546, 'rank': 28, 'fitness': 0.9728841547565912, 'generation': 422}","{'id': 32566, 'rank': 29, 'fitness': 0.961277708264018, 'generation': 422}","{'id': 32612, 'rank': 30, 'fitness': 0.01798620996209155, 'generation': 422}"
"{'id': 32705, 'rank': 1, 'fitness': 0.9820137900379085, 'generation': 423}","{'id': 32677, 'rank': 2, 'fitness': 0.9799306224964532, 'generation': 423}","{'id': 32677, 'rank': 3, 'fitness': 0.9799306224964532, 'generation': 423}","{'id': 32603, 'rank': 4, 'fitness': 0.9798924216253662, 'generation': 423}","{'id': 32470, 'rank': 5, 'fitness': 0.9783435220282737, 'generation': 423}","{'id': 32686, 'rank': 6, 'fitness': 0.9780285441964616, 'generation': 423}","{'id': 32471, 'rank': 7, 'fitness': 0.9772779444209396, 'generation': 423}","{'id': 32689, 'rank': 8, 'fitness': 0.9750524670631862, 'generation': 423}","{'id': 32675, 'rank': 9, 'fitness': 0.9731783098276645, 'generation': 423}","{'id': 32536, 'rank': 10, 'fitness': 0.9720180841037181, 'generation': 423}","{'id': 32536, 'rank': 11, 'fitness': 0.9720180841037181, 'generation': 423}","{'id': 32536, 'rank': 12, 'fitness': 0.9720180841037181, 'generation': 423}","{'id': 32688, 'rank': 13, 'fitness': 0.971612030420612, 'generation': 423}","{'id': 32704, 'rank': 14, 'fitness': 0.9702624869326644, 'generation': 423}","{'id': 32684, 'rank': 15, 'fitness': 0.9702445134355048, 'generation': 423}","{'id': 32664, 'rank': 16, 'fitness': 0.9687954982358524, 'generation': 423}","{'id': 32624, 'rank': 17, 'fitness': 0.9683987277140867, 'generation': 423}","{'id': 32685, 'rank': 18, 'fitness': 0.9677344068564854, 'generation': 423}","{'id': 32484, 'rank': 19, 'fitness': 0.9662884626591389, 'generation': 423}","{'id': 32666, 'rank': 20, 'fitness': 0.960607542956022, 'generation': 423}","{'id': 32665, 'rank': 21, 'fitness': 0.9604862621228557, 'generation': 423}","{'id': 32703, 'rank': 22, 'fitness': 0.9507629500708311, 'generation': 423}","{'id': 32538, 'rank': 23, 'fitness': 0.9482345410402642, 'generation': 423}","{'id': 32694, 'rank': 24, 'fitness': 0.932721009460463, 'generation': 423}","{'id': 32511, 'rank': 25, 'fitness': 0.9317349642077299, 'generation': 423}","{'id': 32509, 'rank': 26, 'fitness': 0.9126404902938277, 'generation': 423}","{'id': 32690, 'rank': 27, 'fitness': 0.9042012459965614, 'generation': 423}","{'id': 32680, 'rank': 28, 'fitness': 0.88167533338729, 'generation': 423}","{'id': 32564, 'rank': 29, 'fitness': 0.5689933742291904, 'generation': 423}","{'id': 32643, 'rank': 30, 'fitness': 0.01798620996209155, 'generation': 423}"
"{'id': 32727, 'rank': 1, 'fitness': 0.9820137900379085, 'generation': 424}","{'id': 32735, 'rank': 2, 'fitness': 0.9715410994390394, 'generation': 424}","{'id': 32705, 'rank': 3, 'fitness': 0.9714751098673818, 'generation': 424}","{'id': 32737, 'rank': 4, 'fitness': 0.9674930666885793, 'generation': 424}","{'id': 32737, 'rank': 5, 'fitness': 0.9674930666885793, 'generation': 424}","{'id': 32737, 'rank': 6, 'fitness': 0.9674930666885793, 'generation': 424}","{'id': 32742, 'rank': 7, 'fitness': 0.945723222786918, 'generation': 424}","{'id': 32741, 'rank': 8, 'fitness': 0.9432766977110886, 'generation': 424}","{'id': 32790, 'rank': 9, 'fitness': 0.9425047025530295, 'generation': 424}","{'id': 32726, 'rank': 10, 'fitness': 0.9303990586592814, 'generation': 424}","{'id': 32470, 'rank': 11, 'fitness': 0.928742857109045, 'generation': 424}","{'id': 32783, 'rank': 12, 'fitness': 0.8905384707199948, 'generation': 424}","{'id': 32732, 'rank': 13, 'fitness': 0.8118609395040062, 'generation': 424}","{'id': 32732, 'rank': 14, 'fitness': 0.8118609395040062, 'generation': 424}","{'id': 32777, 'rank': 15, 'fitness': 0.7817940301730416, 'generation': 424}","{'id': 32736, 'rank': 16, 'fitness': 0.7755896196544112, 'generation': 424}","{'id': 32536, 'rank': 17, 'fitness': 0.7747646331513275, 'generation': 424}","{'id': 32536, 'rank': 18, 'fitness': 0.7747646331513275, 'generation': 424}","{'id': 32750, 'rank': 19, 'fitness': 0.7281210632845928, 'generation': 424}","{'id': 32704, 'rank': 20, 'fitness': 0.7145786982040304, 'generation': 424}","{'id': 32763, 'rank': 21, 'fitness': 0.5285818860776078, 'generation': 424}","{'id': 32763, 'rank': 22, 'fitness': 0.5285818860776078, 'generation': 424}","{'id': 32746, 'rank': 23, 'fitness': 0.3374564776898049, 'generation': 424}","{'id': 32716, 'rank': 24, 'fitness': 0.31397219726869274, 'generation': 424}","{'id': 32725, 'rank': 25, 'fitness': 0.16576905550960763, 'generation': 424}","{'id': 32714, 'rank': 26, 'fitness': 0.10948879415661461, 'generation': 424}","{'id': 32717, 'rank': 27, 'fitness': 0.1072053043729364, 'generation': 424}","{'id': 32772, 'rank': 28, 'fitness': 0.09958328418601403, 'generation': 424}","{'id': 32694, 'rank': 29, 'fitness': 0.03162164545366497, 'generation': 424}","{'id': 32781, 'rank': 30, 'fitness': 0.01798620996209155, 'generation': 424}"
"{'id': 32824, 'rank': 1, 'fitness': 0.9820137900379085, 'generation': 425}","{'id': 32727, 'rank': 2, 'fitness': 0.9815820030321544, 'generation': 425}","{'id': 32735, 'rank': 3, 'fitness': 0.9812767391235281, 'generation': 425}","{'id': 32790, 'rank': 4, 'fitness': 0.9807898900094135, 'generation': 425}","{'id': 32867, 'rank': 5, 'fitness': 0.9806312345695716, 'generation': 425}","{'id': 32822, 'rank': 6, 'fitness': 0.980360425094722, 'generation': 425}","{'id': 32783, 'rank': 7, 'fitness': 0.9803133655203949, 'generation': 425}","{'id': 32841, 'rank': 8, 'fitness': 0.9802402378816488, 'generation': 425}","{'id': 32835, 'rank': 9, 'fitness': 0.9799492053419099, 'generation': 425}","{'id': 32732, 'rank': 10, 'fitness': 0.9798720844913741, 'generation': 425}","{'id': 32763, 'rank': 11, 'fitness': 0.9789017930449349, 'generation': 425}","{'id': 32763, 'rank': 12, 'fitness': 0.9789017930449349, 'generation': 425}","{'id': 32763, 'rank': 13, 'fitness': 0.9789017930449349, 'generation': 425}","{'id': 32839, 'rank': 14, 'fitness': 0.978148832011623, 'generation': 425}","{'id': 32865, 'rank': 15, 'fitness': 0.9781073570739844, 'generation': 425}","{'id': 32725, 'rank': 16, 'fitness': 0.9775886756480212, 'generation': 425}","{'id': 32811, 'rank': 17, 'fitness': 0.9750384557349799, 'generation': 425}","{'id': 32812, 'rank': 18, 'fitness': 0.9727543392302171, 'generation': 425}","{'id': 32812, 'rank': 19, 'fitness': 0.9727543392302171, 'generation': 425}","{'id': 32861, 'rank': 20, 'fitness': 0.9717259556289255, 'generation': 425}","{'id': 32861, 'rank': 21, 'fitness': 0.9717259556289255, 'generation': 425}","{'id': 32807, 'rank': 22, 'fitness': 0.9691813404425005, 'generation': 425}","{'id': 32860, 'rank': 23, 'fitness': 0.9678295831916813, 'generation': 425}","{'id': 32853, 'rank': 24, 'fitness': 0.9669491592340596, 'generation': 425}","{'id': 32862, 'rank': 25, 'fitness': 0.9666781020429256, 'generation': 425}","{'id': 32863, 'rank': 26, 'fitness': 0.9638354216174018, 'generation': 425}","{'id': 32844, 'rank': 27, 'fitness': 0.9336849472364706, 'generation': 425}","{'id': 32798, 'rank': 28, 'fitness': 0.2758578302597756, 'generation': 425}","{'id': 32832, 'rank': 29, 'fitness': 0.10518090377323042, 'generation': 425}","{'id': 32847, 'rank': 30, 'fitness': 0.01798620996209155, 'generation': 425}"
"{'id': 32923, 'rank': 1, 'fitness': 0.9820137900379085, 'generation': 426}","{'id': 32735, 'rank': 2, 'fitness': 0.9729326094323759, 'generation': 426}","{'id': 32790, 'rank': 3, 'fitness': 0.9636780008826576, 'generation': 426}","{'id': 32943, 'rank': 4, 'fitness': 0.957268736596814, 'generation': 426}","{'id': 32946, 'rank': 5, 'fitness': 0.9552641838685061, 'generation': 426}","{'id': 32841, 'rank': 6, 'fitness': 0.9500005006223864, 'generation': 426}","{'id': 32934, 'rank': 7, 'fitness': 0.9481972362713513, 'generation': 426}","{'id': 32835, 'rank': 8, 'fitness': 0.9411067529701644, 'generation': 426}","{'id': 32944, 'rank': 9, 'fitness': 0.9397477807765866, 'generation': 426}","{'id': 32945, 'rank': 10, 'fitness': 0.9337757994078117, 'generation': 426}","{'id': 32905, 'rank': 11, 'fitness': 0.9265734703772308, 'generation': 426}","{'id': 32952, 'rank': 12, 'fitness': 0.8993041287268235, 'generation': 426}","{'id': 32931, 'rank': 13, 'fitness': 0.8846876564121108, 'generation': 426}","{'id': 32931, 'rank': 14, 'fitness': 0.8846876564121108, 'generation': 426}","{'id': 32931, 'rank': 15, 'fitness': 0.8846876564121108, 'generation': 426}","{'id': 32879, 'rank': 16, 'fitness': 0.8557044052573566, 'generation': 426}","{'id': 32865, 'rank': 17, 'fitness': 0.8493686974541103, 'generation': 426}","{'id': 32950, 'rank': 18, 'fitness': 0.8465696997336167, 'generation': 426}","{'id': 32941, 'rank': 19, 'fitness': 0.8203885515971081, 'generation': 426}","{'id': 32918, 'rank': 20, 'fitness': 0.7734830521929441, 'generation': 426}","{'id': 32877, 'rank': 21, 'fitness': 0.7553310463798932, 'generation': 426}","{'id': 32954, 'rank': 22, 'fitness': 0.7543674945772141, 'generation': 426}","{'id': 32876, 'rank': 23, 'fitness': 0.6472671529830317, 'generation': 426}","{'id': 32896, 'rank': 24, 'fitness': 0.3880536275263821, 'generation': 426}","{'id': 32881, 'rank': 25, 'fitness': 0.3493402643411442, 'generation': 426}","{'id': 32898, 'rank': 26, 'fitness': 0.13705512554109417, 'generation': 426}","{'id': 32874, 'rank': 27, 'fitness': 0.10036690781314528, 'generation': 426}","{'id': 32880, 'rank': 28, 'fitness': 0.0945533598540853, 'generation': 426}","{'id': 32955, 'rank': 29, 'fitness': 0.01798620996209155, 'generation': 426}","{'id': 32955, 'rank': 30, 'fitness': 0.01798620996209155, 'generation': 426}"
"{'id': 32923, 'rank': 1, 'fitness': 0.9820137900379085, 'generation': 427}","{'id': 32987, 'rank': 2, 'fitness': 0.9805270994069994, 'generation': 427}","{'id': 32790, 'rank': 3, 'fitness': 0.9797666801747797, 'generation': 427}","{'id': 32946, 'rank': 4, 'fitness': 0.979038338835184, 'generation': 427}","{'id': 32962, 'rank': 5, 'fitness': 0.97807850507336, 'generation': 427}","{'id': 32977, 'rank': 6, 'fitness': 0.9772542752708595, 'generation': 427}","{'id': 32905, 'rank': 7, 'fitness': 0.9771658390671617, 'generation': 427}","{'id': 32952, 'rank': 8, 'fitness': 0.9758472697218706, 'generation': 427}","{'id': 32931, 'rank': 9, 'fitness': 0.9752445513742459, 'generation': 427}","{'id': 32865, 'rank': 10, 'fitness': 0.973977640990737, 'generation': 427}","{'id': 32865, 'rank': 11, 'fitness': 0.973977640990737, 'generation': 427}","{'id': 32950, 'rank': 12, 'fitness': 0.9738859674259119, 'generation': 427}","{'id': 32950, 'rank': 13, 'fitness': 0.9738859674259119, 'generation': 427}","{'id': 32954, 'rank': 14, 'fitness': 0.9712900995898066, 'generation': 427}","{'id': 32992, 'rank': 15, 'fitness': 0.9620387440305869, 'generation': 427}","{'id': 32881, 'rank': 16, 'fitness': 0.9619971768197717, 'generation': 427}","{'id': 32881, 'rank': 17, 'fitness': 0.9619971768197717, 'generation': 427}","{'id': 33017, 'rank': 18, 'fitness': 0.9618179393570887, 'generation': 427}","{'id': 32976, 'rank': 19, 'fitness': 0.9579577965770869, 'generation': 427}","{'id': 32995, 'rank': 20, 'fitness': 0.9577562120317666, 'generation': 427}","{'id': 32898, 'rank': 21, 'fitness': 0.9538578500887542, 'generation': 427}","{'id': 32880, 'rank': 22, 'fitness': 0.9506898050052228, 'generation': 427}","{'id': 32880, 'rank': 23, 'fitness': 0.9506898050052228, 'generation': 427}","{'id': 33014, 'rank': 24, 'fitness': 0.9299138145033332, 'generation': 427}","{'id': 33012, 'rank': 25, 'fitness': 0.9229231326334206, 'generation': 427}","{'id': 33012, 'rank': 26, 'fitness': 0.9229231326334206, 'generation': 427}","{'id': 33013, 'rank': 27, 'fitness': 0.9125889014133488, 'generation': 427}","{'id': 33002, 'rank': 28, 'fitness': 0.7359277479444116, 'generation': 427}","{'id': 32968, 'rank': 29, 'fitness': 0.1489383461400242, 'generation': 427}","{'id': 32956, 'rank': 30, 'fitness': 0.01798620996209155, 'generation': 427}"
"{'id': 33060, 'rank': 1, 'fitness': 0.9820137900379085, 'generation': 428}","{'id': 33060, 'rank': 2, 'fitness': 0.9820137900379085, 'generation': 428}","{'id': 33099, 'rank': 3, 'fitness': 0.9776335123352107, 'generation': 428}","{'id': 33045, 'rank': 4, 'fitness': 0.9771607205600046, 'generation': 428}","{'id': 32952, 'rank': 5, 'fitness': 0.9721308359184626, 'generation': 428}","{'id': 33084, 'rank': 6, 'fitness': 0.9719286365429258, 'generation': 428}","{'id': 33075, 'rank': 7, 'fitness': 0.9717834299086342, 'generation': 428}","{'id': 33082, 'rank': 8, 'fitness': 0.9706005692980273, 'generation': 428}","{'id': 33088, 'rank': 9, 'fitness': 0.9692178903771116, 'generation': 428}","{'id': 33083, 'rank': 10, 'fitness': 0.9672306394282724, 'generation': 428}","{'id': 33083, 'rank': 11, 'fitness': 0.9672306394282724, 'generation': 428}","{'id': 32950, 'rank': 12, 'fitness': 0.9663648206045599, 'generation': 428}","{'id': 33091, 'rank': 13, 'fitness': 0.9660993130677908, 'generation': 428}","{'id': 33091, 'rank': 14, 'fitness': 0.9660993130677908, 'generation': 428}","{'id': 33066, 'rank': 15, 'fitness': 0.9632485888266944, 'generation': 428}","{'id': 33089, 'rank': 16, 'fitness': 0.959216875168716, 'generation': 428}","{'id': 33080, 'rank': 17, 'fitness': 0.9557282127711209, 'generation': 428}","{'id': 33074, 'rank': 18, 'fitness': 0.9483403552179883, 'generation': 428}","{'id': 33039, 'rank': 19, 'fitness': 0.9450802214218381, 'generation': 428}","{'id': 33069, 'rank': 20, 'fitness': 0.9437746652508608, 'generation': 428}","{'id': 33057, 'rank': 21, 'fitness': 0.9331313572765005, 'generation': 428}","{'id': 33058, 'rank': 22, 'fitness': 0.9283898159116697, 'generation': 428}","{'id': 32881, 'rank': 23, 'fitness': 0.9182927784808865, 'generation': 428}","{'id': 32880, 'rank': 24, 'fitness': 0.853181843101983, 'generation': 428}","{'id': 33038, 'rank': 25, 'fitness': 0.8412045009477735, 'generation': 428}","{'id': 33094, 'rank': 26, 'fitness': 0.7440035759658413, 'generation': 428}","{'id': 33012, 'rank': 27, 'fitness': 0.6470210651871362, 'generation': 428}","{'id': 33081, 'rank': 28, 'fitness': 0.6181891512183403, 'generation': 428}","{'id': 33053, 'rank': 29, 'fitness': 0.6086372899253187, 'generation': 428}","{'id': 33023, 'rank': 30, 'fitness': 0.01798620996209155, 'generation': 428}"
"{'id': 33060, 'rank': 1, 'fitness': 0.9820137900379085, 'generation': 429}","{'id': 33099, 'rank': 2, 'fitness': 0.9685552570061242, 'generation': 429}","{'id': 33148, 'rank': 3, 'fitness': 0.968079116605447, 'generation': 429}","{'id': 33164, 'rank': 4, 'fitness': 0.9617328108100429, 'generation': 429}","{'id': 33183, 'rank': 5, 'fitness': 0.9597266036623742, 'generation': 429}","{'id': 33157, 'rank': 6, 'fitness': 0.9335341598637676, 'generation': 429}","{'id': 33088, 'rank': 7, 'fitness': 0.9297867410963954, 'generation': 429}","{'id': 33135, 'rank': 8, 'fitness': 0.9240890584238017, 'generation': 429}","{'id': 33083, 'rank': 9, 'fitness': 0.918124676196689, 'generation': 429}","{'id': 33163, 'rank': 10, 'fitness': 0.9067530657834235, 'generation': 429}","{'id': 33163, 'rank': 11, 'fitness': 0.9067530657834235, 'generation': 429}","{'id': 33153, 'rank': 12, 'fitness': 0.9064019474859444, 'generation': 429}","{'id': 33153, 'rank': 13, 'fitness': 0.9064019474859444, 'generation': 429}","{'id': 33165, 'rank': 14, 'fitness': 0.8966079331156419, 'generation': 429}","{'id': 33165, 'rank': 15, 'fitness': 0.8966079331156419, 'generation': 429}","{'id': 33089, 'rank': 16, 'fitness': 0.8620834054592132, 'generation': 429}","{'id': 33180, 'rank': 17, 'fitness': 0.8461875528202856, 'generation': 429}","{'id': 33128, 'rank': 18, 'fitness': 0.8281401070786281, 'generation': 429}","{'id': 33150, 'rank': 19, 'fitness': 0.8273288457753529, 'generation': 429}","{'id': 33131, 'rank': 20, 'fitness': 0.8252851597582914, 'generation': 429}","{'id': 33136, 'rank': 21, 'fitness': 0.7985193497081382, 'generation': 429}","{'id': 33154, 'rank': 22, 'fitness': 0.7646646175200144, 'generation': 429}","{'id': 33181, 'rank': 23, 'fitness': 0.6044265877395711, 'generation': 429}","{'id': 33123, 'rank': 24, 'fitness': 0.562440212960784, 'generation': 429}","{'id': 33147, 'rank': 25, 'fitness': 0.468760320336889, 'generation': 429}","{'id': 33120, 'rank': 26, 'fitness': 0.42945448622653815, 'generation': 429}","{'id': 33145, 'rank': 27, 'fitness': 0.4193073761446615, 'generation': 429}","{'id': 33152, 'rank': 28, 'fitness': 0.38645485555288506, 'generation': 429}","{'id': 32880, 'rank': 29, 'fitness': 0.14613186188691918, 'generation': 429}","{'id': 33137, 'rank': 30, 'fitness': 0.01798620996209155, 'generation': 429}"
"{'id': 33258, 'rank': 1, 'fitness': 0.9820137900379085, 'generation': 430}","{'id': 33258, 'rank': 2, 'fitness': 0.9820137900379085, 'generation': 430}","{'id': 33060, 'rank': 3, 'fitness': 0.9813412919318065, 'generation': 430}","{'id': 33099, 'rank': 4, 'fitness': 0.9793052767409463, 'generation': 430}","{'id': 33099, 'rank': 5, 'fitness': 0.9793052767409463, 'generation': 430}","{'id': 33183, 'rank': 6, 'fitness': 0.9783233688425852, 'generation': 430}","{'id': 33259, 'rank': 7, 'fitness': 0.9779182435219829, 'generation': 430}","{'id': 33259, 'rank': 8, 'fitness': 0.9779182435219829, 'generation': 430}","{'id': 33157, 'rank': 9, 'fitness': 0.9761548064486211, 'generation': 430}","{'id': 33242, 'rank': 10, 'fitness': 0.9757727106753331, 'generation': 430}","{'id': 33135, 'rank': 11, 'fitness': 0.9755325485083172, 'generation': 430}","{'id': 33163, 'rank': 12, 'fitness': 0.9745232978762197, 'generation': 430}","{'id': 33153, 'rank': 13, 'fitness': 0.9745042953874556, 'generation': 430}","{'id': 33153, 'rank': 14, 'fitness': 0.9745042953874556, 'generation': 430}","{'id': 33165, 'rank': 15, 'fitness': 0.973993231189165, 'generation': 430}","{'id': 33180, 'rank': 16, 'fitness': 0.9717789649021318, 'generation': 430}","{'id': 33251, 'rank': 17, 'fitness': 0.9695386790322524, 'generation': 430}","{'id': 33251, 'rank': 18, 'fitness': 0.9695386790322524, 'generation': 430}","{'id': 33221, 'rank': 19, 'fitness': 0.9685878904027831, 'generation': 430}","{'id': 33223, 'rank': 20, 'fitness': 0.967400238531576, 'generation': 430}","{'id': 33223, 'rank': 21, 'fitness': 0.967400238531576, 'generation': 430}","{'id': 33181, 'rank': 22, 'fitness': 0.9645191778086356, 'generation': 430}","{'id': 33202, 'rank': 23, 'fitness': 0.9063597603269425, 'generation': 430}","{'id': 33257, 'rank': 24, 'fitness': 0.8574215189072336, 'generation': 430}","{'id': 33256, 'rank': 25, 'fitness': 0.8437951670102706, 'generation': 430}","{'id': 33191, 'rank': 26, 'fitness': 0.8163722743014319, 'generation': 430}","{'id': 33208, 'rank': 27, 'fitness': 0.7851513741317708, 'generation': 430}","{'id': 33217, 'rank': 28, 'fitness': 0.4690906496836818, 'generation': 430}","{'id': 33237, 'rank': 29, 'fitness': 0.10560629373264852, 'generation': 430}","{'id': 33249, 'rank': 30, 'fitness': 0.01798620996209155, 'generation': 430}"
"{'id': 33262, 'rank': 1, 'fitness': 0.9820137900379085, 'generation': 431}","{'id': 33258, 'rank': 2, 'fitness': 0.981051121849732, 'generation': 431}","{'id': 33258, 'rank': 3, 'fitness': 0.981051121849732, 'generation': 431}","{'id': 33329, 'rank': 4, 'fitness': 0.9637145594031351, 'generation': 431}","{'id': 33278, 'rank': 5, 'fitness': 0.9578227641325423, 'generation': 431}","{'id': 33278, 'rank': 6, 'fitness': 0.9578227641325423, 'generation': 431}","{'id': 33099, 'rank': 7, 'fitness': 0.9241826605053142, 'generation': 431}","{'id': 33099, 'rank': 8, 'fitness': 0.9241826605053142, 'generation': 431}","{'id': 33328, 'rank': 9, 'fitness': 0.9082948203350589, 'generation': 431}","{'id': 33328, 'rank': 10, 'fitness': 0.9082948203350589, 'generation': 431}","{'id': 33284, 'rank': 11, 'fitness': 0.88666562936832, 'generation': 431}","{'id': 33259, 'rank': 12, 'fitness': 0.8617962533458203, 'generation': 431}","{'id': 33280, 'rank': 13, 'fitness': 0.8271566290001113, 'generation': 431}","{'id': 33325, 'rank': 14, 'fitness': 0.7202775447388935, 'generation': 431}","{'id': 33325, 'rank': 15, 'fitness': 0.7202775447388935, 'generation': 431}","{'id': 33302, 'rank': 16, 'fitness': 0.6954764325413378, 'generation': 431}","{'id': 33275, 'rank': 17, 'fitness': 0.6240394968303158, 'generation': 431}","{'id': 33268, 'rank': 18, 'fitness': 0.603210285499371, 'generation': 431}","{'id': 33297, 'rank': 19, 'fitness': 0.5757576589608103, 'generation': 431}","{'id': 33304, 'rank': 20, 'fitness': 0.45247991839461593, 'generation': 431}","{'id': 33311, 'rank': 21, 'fitness': 0.281787834454032, 'generation': 431}","{'id': 33335, 'rank': 22, 'fitness': 0.17311087067110026, 'generation': 431}","{'id': 33320, 'rank': 23, 'fitness': 0.10692563873451283, 'generation': 431}","{'id': 33310, 'rank': 24, 'fitness': 0.08588908551940899, 'generation': 431}","{'id': 33272, 'rank': 25, 'fitness': 0.07779551555717834, 'generation': 431}","{'id': 33272, 'rank': 26, 'fitness': 0.07779551555717834, 'generation': 431}","{'id': 33286, 'rank': 27, 'fitness': 0.04539568020847873, 'generation': 431}","{'id': 33287, 'rank': 28, 'fitness': 0.04060868300789894, 'generation': 431}","{'id': 33287, 'rank': 29, 'fitness': 0.04060868300789894, 'generation': 431}","{'id': 33282, 'rank': 30, 'fitness': 0.01798620996209155, 'generation': 431}"
"{'id': 33375, 'rank': 1, 'fitness': 0.9820137900379085, 'generation': 432}","{'id': 33375, 'rank': 2, 'fitness': 0.9820137900379085, 'generation': 432}","{'id': 33375, 'rank': 3, 'fitness': 0.9820137900379085, 'generation': 432}","{'id': 33262, 'rank': 4, 'fitness': 0.9815609205733268, 'generation': 432}","{'id': 33258, 'rank': 5, 'fitness': 0.9815301540116284, 'generation': 432}","{'id': 33258, 'rank': 6, 'fitness': 0.9815301540116284, 'generation': 432}","{'id': 33258, 'rank': 7, 'fitness': 0.9815301540116284, 'generation': 432}","{'id': 33370, 'rank': 8, 'fitness': 0.9813912585442687, 'generation': 432}","{'id': 33370, 'rank': 9, 'fitness': 0.9813912585442687, 'generation': 432}","{'id': 33278, 'rank': 10, 'fitness': 0.9810463451428355, 'generation': 432}","{'id': 33367, 'rank': 11, 'fitness': 0.980927665107586, 'generation': 432}","{'id': 33099, 'rank': 12, 'fitness': 0.9806728527276584, 'generation': 432}","{'id': 33099, 'rank': 13, 'fitness': 0.9806728527276584, 'generation': 432}","{'id': 33369, 'rank': 14, 'fitness': 0.9805855071590469, 'generation': 432}","{'id': 33328, 'rank': 15, 'fitness': 0.9805466415553417, 'generation': 432}","{'id': 33328, 'rank': 16, 'fitness': 0.9805466415553417, 'generation': 432}","{'id': 33284, 'rank': 17, 'fitness': 0.9804022611148752, 'generation': 432}","{'id': 33259, 'rank': 18, 'fitness': 0.980262417285416, 'generation': 432}","{'id': 33297, 'rank': 19, 'fitness': 0.9792966099993367, 'generation': 432}","{'id': 33310, 'rank': 20, 'fitness': 0.9774927970970801, 'generation': 432}","{'id': 33394, 'rank': 21, 'fitness': 0.9772623191315344, 'generation': 432}","{'id': 33345, 'rank': 22, 'fitness': 0.9768487244535468, 'generation': 432}","{'id': 33337, 'rank': 23, 'fitness': 0.9762999209401431, 'generation': 432}","{'id': 33346, 'rank': 24, 'fitness': 0.976125581921708, 'generation': 432}","{'id': 33389, 'rank': 25, 'fitness': 0.9707533002853332, 'generation': 432}","{'id': 33361, 'rank': 26, 'fitness': 0.9693385460015029, 'generation': 432}","{'id': 33388, 'rank': 27, 'fitness': 0.9665992292366656, 'generation': 432}","{'id': 33356, 'rank': 28, 'fitness': 0.9509749968110247, 'generation': 432}","{'id': 33378, 'rank': 29, 'fitness': 0.6757270664988566, 'generation': 432}","{'id': 33339, 'rank': 30, 'fitness': 0.01798620996209155, 'generation': 432}"
"{'id': 33375, 'rank': 1, 'fitness': 0.9820137900379085, 'generation': 433}","{'id': 33484, 'rank': 2, 'fitness': 0.9733374571945129, 'generation': 433}","{'id': 33473, 'rank': 3, 'fitness': 0.9700315756851943, 'generation': 433}","{'id': 33415, 'rank': 4, 'fitness': 0.9675645316708336, 'generation': 433}","{'id': 33258, 'rank': 5, 'fitness': 0.9645822336656142, 'generation': 433}","{'id': 33472, 'rank': 6, 'fitness': 0.9581023895862124, 'generation': 433}","{'id': 33472, 'rank': 7, 'fitness': 0.9581023895862124, 'generation': 433}","{'id': 33370, 'rank': 8, 'fitness': 0.9572230603527635, 'generation': 433}","{'id': 33414, 'rank': 9, 'fitness': 0.9513432075583004, 'generation': 433}","{'id': 33414, 'rank': 10, 'fitness': 0.9513432075583004, 'generation': 433}","{'id': 33487, 'rank': 11, 'fitness': 0.9454371766532585, 'generation': 433}","{'id': 33449, 'rank': 12, 'fitness': 0.9383379618184101, 'generation': 433}","{'id': 33278, 'rank': 13, 'fitness': 0.9325394712725017, 'generation': 433}","{'id': 33464, 'rank': 14, 'fitness': 0.9285456291233027, 'generation': 433}","{'id': 33425, 'rank': 15, 'fitness': 0.9204363486372023, 'generation': 433}","{'id': 33466, 'rank': 16, 'fitness': 0.9106667970947, 'generation': 433}","{'id': 33439, 'rank': 17, 'fitness': 0.9089632967785322, 'generation': 433}","{'id': 33430, 'rank': 18, 'fitness': 0.8974819756488688, 'generation': 433}","{'id': 33430, 'rank': 19, 'fitness': 0.8974819756488688, 'generation': 433}","{'id': 33328, 'rank': 20, 'fitness': 0.8747438847975215, 'generation': 433}","{'id': 33423, 'rank': 21, 'fitness': 0.86998921082632, 'generation': 433}","{'id': 33422, 'rank': 22, 'fitness': 0.820530111632509, 'generation': 433}","{'id': 33465, 'rank': 23, 'fitness': 0.6880068142144847, 'generation': 433}","{'id': 33465, 'rank': 24, 'fitness': 0.6880068142144847, 'generation': 433}","{'id': 33489, 'rank': 25, 'fitness': 0.5913250682147198, 'generation': 433}","{'id': 33403, 'rank': 26, 'fitness': 0.5660447868704594, 'generation': 433}","{'id': 33408, 'rank': 27, 'fitness': 0.4668705942509111, 'generation': 433}","{'id': 33402, 'rank': 28, 'fitness': 0.4579491800907506, 'generation': 433}","{'id': 33435, 'rank': 29, 'fitness': 0.021563387725280103, 'generation': 433}","{'id': 33460, 'rank': 30, 'fitness': 0.01798620996209155, 'generation': 433}"
"{'id': 33375, 'rank': 1, 'fitness': 0.9820137900379085, 'generation': 434}","{'id': 33555, 'rank': 2, 'fitness': 0.9776764555943618, 'generation': 434}","{'id': 33415, 'rank': 3, 'fitness': 0.9669621390997023, 'generation': 434}","{'id': 33370, 'rank': 4, 'fitness': 0.9560586973395957, 'generation': 434}","{'id': 33414, 'rank': 5, 'fitness': 0.9498251205811293, 'generation': 434}","{'id': 33414, 'rank': 6, 'fitness': 0.9498251205811293, 'generation': 434}","{'id': 33414, 'rank': 7, 'fitness': 0.9498251205811293, 'generation': 434}","{'id': 33449, 'rank': 8, 'fitness': 0.9359700896169625, 'generation': 434}","{'id': 33449, 'rank': 9, 'fitness': 0.9359700896169625, 'generation': 434}","{'id': 33278, 'rank': 10, 'fitness': 0.9297683630423992, 'generation': 434}","{'id': 33425, 'rank': 11, 'fitness': 0.9167856319285952, 'generation': 434}","{'id': 33524, 'rank': 12, 'fitness': 0.9038070583123274, 'generation': 434}","{'id': 33430, 'rank': 13, 'fitness': 0.8920587512522515, 'generation': 434}","{'id': 33430, 'rank': 14, 'fitness': 0.8920587512522515, 'generation': 434}","{'id': 33534, 'rank': 15, 'fitness': 0.8851336984651839, 'generation': 434}","{'id': 33509, 'rank': 16, 'fitness': 0.8128341929027836, 'generation': 434}","{'id': 33509, 'rank': 17, 'fitness': 0.8128341929027836, 'generation': 434}","{'id': 33422, 'rank': 18, 'fitness': 0.8087469256512737, 'generation': 434}","{'id': 33512, 'rank': 19, 'fitness': 0.6509637950593937, 'generation': 434}","{'id': 33522, 'rank': 20, 'fitness': 0.5818161068914846, 'generation': 434}","{'id': 33489, 'rank': 21, 'fitness': 0.5634514665926847, 'generation': 434}","{'id': 33535, 'rank': 22, 'fitness': 0.5063941779328728, 'generation': 434}","{'id': 33510, 'rank': 23, 'fitness': 0.40373636084322145, 'generation': 434}","{'id': 33542, 'rank': 24, 'fitness': 0.2246516879810902, 'generation': 434}","{'id': 33513, 'rank': 25, 'fitness': 0.19778818954710675, 'generation': 434}","{'id': 33544, 'rank': 26, 'fitness': 0.12018189160832221, 'generation': 434}","{'id': 33546, 'rank': 27, 'fitness': 0.05902208344907428, 'generation': 434}","{'id': 33501, 'rank': 28, 'fitness': 0.01798620996209155, 'generation': 434}","{'id': 33501, 'rank': 29, 'fitness': 0.01798620996209155, 'generation': 434}","{'id': 33501, 'rank': 30, 'fitness': 0.01798620996209155, 'generation': 434}"
"{'id': 33605, 'rank': 1, 'fitness': 0.9820137900379085, 'generation': 435}","{'id': 33375, 'rank': 2, 'fitness': 0.9818836671149596, 'generation': 435}","{'id': 33555, 'rank': 3, 'fitness': 0.9814467885970535, 'generation': 435}","{'id': 33640, 'rank': 4, 'fitness': 0.9797258228941446, 'generation': 435}","{'id': 33414, 'rank': 5, 'fitness': 0.9796881923920703, 'generation': 435}","{'id': 33414, 'rank': 6, 'fitness': 0.9796881923920703, 'generation': 435}","{'id': 33414, 'rank': 7, 'fitness': 0.9796881923920703, 'generation': 435}","{'id': 33639, 'rank': 8, 'fitness': 0.9784612223402704, 'generation': 435}","{'id': 33524, 'rank': 9, 'fitness': 0.9780952432360146, 'generation': 435}","{'id': 33430, 'rank': 10, 'fitness': 0.9777904964211114, 'generation': 435}","{'id': 33430, 'rank': 11, 'fitness': 0.9777904964211114, 'generation': 435}","{'id': 33534, 'rank': 12, 'fitness': 0.9776225644368436, 'generation': 435}","{'id': 33509, 'rank': 13, 'fitness': 0.9761988491280871, 'generation': 435}","{'id': 33422, 'rank': 14, 'fitness': 0.9761305925605732, 'generation': 435}","{'id': 33535, 'rank': 15, 'fitness': 0.972214341676677, 'generation': 435}","{'id': 33510, 'rank': 16, 'fitness': 0.9709514500279186, 'generation': 435}","{'id': 33645, 'rank': 17, 'fitness': 0.9698291681430615, 'generation': 435}","{'id': 33513, 'rank': 18, 'fitness': 0.9676442898243749, 'generation': 435}","{'id': 33596, 'rank': 19, 'fitness': 0.9658760642248276, 'generation': 435}","{'id': 33501, 'rank': 20, 'fitness': 0.9573777294854018, 'generation': 435}","{'id': 33501, 'rank': 21, 'fitness': 0.9573777294854018, 'generation': 435}","{'id': 33598, 'rank': 22, 'fitness': 0.9562467131935917, 'generation': 435}","{'id': 33621, 'rank': 23, 'fitness': 0.9526123218770882, 'generation': 435}","{'id': 33582, 'rank': 24, 'fitness': 0.9388359913027107, 'generation': 435}","{'id': 33603, 'rank': 25, 'fitness': 0.8296477584065101, 'generation': 435}","{'id': 33636, 'rank': 26, 'fitness': 0.7982829697561585, 'generation': 435}","{'id': 33636, 'rank': 27, 'fitness': 0.7982829697561585, 'generation': 435}","{'id': 33585, 'rank': 28, 'fitness': 0.7405889528219713, 'generation': 435}","{'id': 33579, 'rank': 29, 'fitness': 0.6966891537529349, 'generation': 435}","{'id': 33631, 'rank': 30, 'fitness': 0.01798620996209155, 'generation': 435}"
"{'id': 33605, 'rank': 1, 'fitness': 0.9820137900379085, 'generation': 436}","{'id': 33660, 'rank': 2, 'fitness': 0.9790026804969194, 'generation': 436}","{'id': 33665, 'rank': 3, 'fitness': 0.9784037203696534, 'generation': 436}","{'id': 33658, 'rank': 4, 'fitness': 0.9760319701630413, 'generation': 436}","{'id': 33674, 'rank': 5, 'fitness': 0.9746043806620405, 'generation': 436}","{'id': 33640, 'rank': 6, 'fitness': 0.9741152710779988, 'generation': 436}","{'id': 33414, 'rank': 7, 'fitness': 0.9739693897357944, 'generation': 436}","{'id': 33414, 'rank': 8, 'fitness': 0.9739693897357944, 'generation': 436}","{'id': 33414, 'rank': 9, 'fitness': 0.9739693897357944, 'generation': 436}","{'id': 33639, 'rank': 10, 'fitness': 0.9689163184642953, 'generation': 436}","{'id': 33666, 'rank': 11, 'fitness': 0.9682079618637454, 'generation': 436}","{'id': 33524, 'rank': 12, 'fitness': 0.9672955898443776, 'generation': 436}","{'id': 33524, 'rank': 13, 'fitness': 0.9672955898443776, 'generation': 436}","{'id': 33720, 'rank': 14, 'fitness': 0.9641492739303426, 'generation': 436}","{'id': 33720, 'rank': 15, 'fitness': 0.9641492739303426, 'generation': 436}","{'id': 33649, 'rank': 16, 'fitness': 0.9610726773425313, 'generation': 436}","{'id': 33702, 'rank': 17, 'fitness': 0.9573335929952393, 'generation': 436}","{'id': 33701, 'rank': 18, 'fitness': 0.954721113407945, 'generation': 436}","{'id': 33663, 'rank': 19, 'fitness': 0.953365677111266, 'generation': 436}","{'id': 33650, 'rank': 20, 'fitness': 0.9472899881397541, 'generation': 436}","{'id': 33714, 'rank': 21, 'fitness': 0.9291985141684007, 'generation': 436}","{'id': 33699, 'rank': 22, 'fitness': 0.9282303409331814, 'generation': 436}","{'id': 33700, 'rank': 23, 'fitness': 0.914153467988102, 'generation': 436}","{'id': 33692, 'rank': 24, 'fitness': 0.9129880275884319, 'generation': 436}","{'id': 33652, 'rank': 25, 'fitness': 0.8271128508391767, 'generation': 436}","{'id': 33671, 'rank': 26, 'fitness': 0.8172241804984299, 'generation': 436}","{'id': 33723, 'rank': 27, 'fitness': 0.35262775863710305, 'generation': 436}","{'id': 33709, 'rank': 28, 'fitness': 0.26417490956272716, 'generation': 436}","{'id': 33676, 'rank': 29, 'fitness': 0.04885986878338944, 'generation': 436}","{'id': 33636, 'rank': 30, 'fitness': 0.01798620996209155, 'generation': 436}"
"{'id': 33735, 'rank': 1, 'fitness': 0.9820137900379085, 'generation': 437}","{'id': 33658, 'rank': 2, 'fitness': 0.9635282420106736, 'generation': 437}","{'id': 33674, 'rank': 3, 'fitness': 0.9568409313530214, 'generation': 437}","{'id': 33640, 'rank': 4, 'fitness': 0.9543871717026193, 'generation': 437}","{'id': 33640, 'rank': 5, 'fitness': 0.9543871717026193, 'generation': 437}","{'id': 33799, 'rank': 6, 'fitness': 0.9390967375267051, 'generation': 437}","{'id': 33799, 'rank': 7, 'fitness': 0.9390967375267051, 'generation': 437}","{'id': 33755, 'rank': 8, 'fitness': 0.9353103506247953, 'generation': 437}","{'id': 33754, 'rank': 9, 'fitness': 0.8927189674424907, 'generation': 437}","{'id': 33702, 'rank': 10, 'fitness': 0.8194289424053514, 'generation': 437}","{'id': 33701, 'rank': 11, 'fitness': 0.7906362233686346, 'generation': 437}","{'id': 33768, 'rank': 12, 'fitness': 0.6213543750185744, 'generation': 437}","{'id': 33785, 'rank': 13, 'fitness': 0.6104421815299186, 'generation': 437}","{'id': 33749, 'rank': 14, 'fitness': 0.5126745088640259, 'generation': 437}","{'id': 33714, 'rank': 15, 'fitness': 0.4818717905462226, 'generation': 437}","{'id': 33714, 'rank': 16, 'fitness': 0.4818717905462226, 'generation': 437}","{'id': 33714, 'rank': 17, 'fitness': 0.4818717905462226, 'generation': 437}","{'id': 33752, 'rank': 18, 'fitness': 0.4750998673172462, 'generation': 437}","{'id': 33798, 'rank': 19, 'fitness': 0.4363727352638522, 'generation': 437}","{'id': 33798, 'rank': 20, 'fitness': 0.4363727352638522, 'generation': 437}","{'id': 33798, 'rank': 21, 'fitness': 0.4363727352638522, 'generation': 437}","{'id': 33805, 'rank': 22, 'fitness': 0.40985205485870746, 'generation': 437}","{'id': 33692, 'rank': 23, 'fitness': 0.32434313339407306, 'generation': 437}","{'id': 33781, 'rank': 24, 'fitness': 0.2557864201480624, 'generation': 437}","{'id': 33748, 'rank': 25, 'fitness': 0.2539610929361851, 'generation': 437}","{'id': 33773, 'rank': 26, 'fitness': 0.21079409690169587, 'generation': 437}","{'id': 33790, 'rank': 27, 'fitness': 0.0510861237555586, 'generation': 437}","{'id': 33772, 'rank': 28, 'fitness': 0.035965290946348205, 'generation': 437}","{'id': 33769, 'rank': 29, 'fitness': 0.030392718642428096, 'generation': 437}","{'id': 33795, 'rank': 30, 'fitness': 0.01798620996209155, 'generation': 437}"
"{'id': 33735, 'rank': 1, 'fitness': 0.9820137900379085, 'generation': 438}","{'id': 33834, 'rank': 2, 'fitness': 0.9818662163463114, 'generation': 438}","{'id': 33834, 'rank': 3, 'fitness': 0.9818662163463114, 'generation': 438}","{'id': 33658, 'rank': 4, 'fitness': 0.981863614194165, 'generation': 438}","{'id': 33674, 'rank': 5, 'fitness': 0.9818271615088984, 'generation': 438}","{'id': 33640, 'rank': 6, 'fitness': 0.9818151144949678, 'generation': 438}","{'id': 33640, 'rank': 7, 'fitness': 0.9818151144949678, 'generation': 438}","{'id': 33835, 'rank': 8, 'fitness': 0.9818062101560474, 'generation': 438}","{'id': 33799, 'rank': 9, 'fitness': 0.9817514334853562, 'generation': 438}","{'id': 33837, 'rank': 10, 'fitness': 0.9816640714286543, 'generation': 438}","{'id': 33844, 'rank': 11, 'fitness': 0.981554140721067, 'generation': 438}","{'id': 33840, 'rank': 12, 'fitness': 0.9813273338701571, 'generation': 438}","{'id': 33749, 'rank': 13, 'fitness': 0.9811817951975275, 'generation': 438}","{'id': 33749, 'rank': 14, 'fitness': 0.9811817951975275, 'generation': 438}","{'id': 33798, 'rank': 15, 'fitness': 0.9811156458614674, 'generation': 438}","{'id': 33798, 'rank': 16, 'fitness': 0.9811156458614674, 'generation': 438}","{'id': 33692, 'rank': 17, 'fitness': 0.9810120662113319, 'generation': 438}","{'id': 33748, 'rank': 18, 'fitness': 0.9809372394704525, 'generation': 438}","{'id': 33748, 'rank': 19, 'fitness': 0.9809372394704525, 'generation': 438}","{'id': 33748, 'rank': 20, 'fitness': 0.9809372394704525, 'generation': 438}","{'id': 33839, 'rank': 21, 'fitness': 0.9805361923039927, 'generation': 438}","{'id': 33823, 'rank': 22, 'fitness': 0.9785342161960086, 'generation': 438}","{'id': 33816, 'rank': 23, 'fitness': 0.9782924417127385, 'generation': 438}","{'id': 33859, 'rank': 24, 'fitness': 0.9736173026264692, 'generation': 438}","{'id': 33826, 'rank': 25, 'fitness': 0.9603448989353404, 'generation': 438}","{'id': 33826, 'rank': 26, 'fitness': 0.9603448989353404, 'generation': 438}","{'id': 33862, 'rank': 27, 'fitness': 0.38157069703904023, 'generation': 438}","{'id': 33862, 'rank': 28, 'fitness': 0.38157069703904023, 'generation': 438}","{'id': 33843, 'rank': 29, 'fitness': 0.3377920954654504, 'generation': 438}","{'id': 33851, 'rank': 30, 'fitness': 0.01798620996209155, 'generation': 438}"
"{'id': 33926, 'rank': 1, 'fitness': 0.9820137900379085, 'generation': 439}","{'id': 33924, 'rank': 2, 'fitness': 0.9764810782539479, 'generation': 439}","{'id': 33735, 'rank': 3, 'fitness': 0.9693355568370818, 'generation': 439}","{'id': 33834, 'rank': 4, 'fitness': 0.9376917743216664, 'generation': 439}","{'id': 33912, 'rank': 5, 'fitness': 0.9086279474094856, 'generation': 439}","{'id': 33799, 'rank': 6, 'fitness': 0.8945560520886575, 'generation': 439}","{'id': 33913, 'rank': 7, 'fitness': 0.8910723197068124, 'generation': 439}","{'id': 33902, 'rank': 8, 'fitness': 0.8303314370318557, 'generation': 439}","{'id': 33902, 'rank': 9, 'fitness': 0.8303314370318557, 'generation': 439}","{'id': 33931, 'rank': 10, 'fitness': 0.8261715452702679, 'generation': 439}","{'id': 33917, 'rank': 11, 'fitness': 0.8159855116684436, 'generation': 439}","{'id': 33942, 'rank': 12, 'fitness': 0.8019287313713782, 'generation': 439}","{'id': 33932, 'rank': 13, 'fitness': 0.7980467262781835, 'generation': 439}","{'id': 33876, 'rank': 14, 'fitness': 0.7438634300023008, 'generation': 439}","{'id': 33914, 'rank': 15, 'fitness': 0.6519660337178503, 'generation': 439}","{'id': 33897, 'rank': 16, 'fitness': 0.6282894853783366, 'generation': 439}","{'id': 33897, 'rank': 17, 'fitness': 0.6282894853783366, 'generation': 439}","{'id': 33933, 'rank': 18, 'fitness': 0.3786476765421133, 'generation': 439}","{'id': 33879, 'rank': 19, 'fitness': 0.34739262292692374, 'generation': 439}","{'id': 33879, 'rank': 20, 'fitness': 0.34739262292692374, 'generation': 439}","{'id': 33798, 'rank': 21, 'fitness': 0.27407885219308725, 'generation': 439}","{'id': 33943, 'rank': 22, 'fitness': 0.24413942447738435, 'generation': 439}","{'id': 33889, 'rank': 23, 'fitness': 0.17474866239136438, 'generation': 439}","{'id': 33958, 'rank': 24, 'fitness': 0.13922560538025786, 'generation': 439}","{'id': 33893, 'rank': 25, 'fitness': 0.11482057451622257, 'generation': 439}","{'id': 33880, 'rank': 26, 'fitness': 0.05972305878721784, 'generation': 439}","{'id': 33909, 'rank': 27, 'fitness': 0.047972569161410905, 'generation': 439}","{'id': 33954, 'rank': 28, 'fitness': 0.04423783870662529, 'generation': 439}","{'id': 33954, 'rank': 29, 'fitness': 0.04423783870662529, 'generation': 439}","{'id': 33928, 'rank': 30, 'fitness': 0.01798620996209155, 'generation': 439}"
"{'id': 33978, 'rank': 1, 'fitness': 0.9820137900379085, 'generation': 440}","{'id': 33978, 'rank': 2, 'fitness': 0.9820137900379085, 'generation': 440}","{'id': 33980, 'rank': 3, 'fitness': 0.9819779557757998, 'generation': 440}","{'id': 33834, 'rank': 4, 'fitness': 0.9818061076903348, 'generation': 440}","{'id': 33799, 'rank': 5, 'fitness': 0.9817118396330304, 'generation': 440}","{'id': 33902, 'rank': 6, 'fitness': 0.9816209050988802, 'generation': 440}","{'id': 33902, 'rank': 7, 'fitness': 0.9816209050988802, 'generation': 440}","{'id': 33990, 'rank': 8, 'fitness': 0.9815142802313016, 'generation': 440}","{'id': 33990, 'rank': 9, 'fitness': 0.9815142802313016, 'generation': 440}","{'id': 33990, 'rank': 10, 'fitness': 0.9815142802313016, 'generation': 440}","{'id': 33897, 'rank': 11, 'fitness': 0.9814439337840629, 'generation': 440}","{'id': 34007, 'rank': 12, 'fitness': 0.9813481448775959, 'generation': 440}","{'id': 33943, 'rank': 13, 'fitness': 0.9811650957972032, 'generation': 440}","{'id': 33889, 'rank': 14, 'fitness': 0.9810933036163436, 'generation': 440}","{'id': 33958, 'rank': 15, 'fitness': 0.9810473566313569, 'generation': 440}","{'id': 33958, 'rank': 16, 'fitness': 0.9810473566313569, 'generation': 440}","{'id': 33880, 'rank': 17, 'fitness': 0.9808870852541582, 'generation': 440}","{'id': 33909, 'rank': 18, 'fitness': 0.9808471848837126, 'generation': 440}","{'id': 33909, 'rank': 19, 'fitness': 0.9808471848837126, 'generation': 440}","{'id': 33928, 'rank': 20, 'fitness': 0.980671799928166, 'generation': 440}","{'id': 34001, 'rank': 21, 'fitness': 0.9798836376435964, 'generation': 440}","{'id': 34001, 'rank': 22, 'fitness': 0.9798836376435964, 'generation': 440}","{'id': 33974, 'rank': 23, 'fitness': 0.9774252676098709, 'generation': 440}","{'id': 33960, 'rank': 24, 'fitness': 0.9751424594521685, 'generation': 440}","{'id': 33969, 'rank': 25, 'fitness': 0.9670942788882395, 'generation': 440}","{'id': 33975, 'rank': 26, 'fitness': 0.9650279076703421, 'generation': 440}","{'id': 33985, 'rank': 27, 'fitness': 0.93348710478363, 'generation': 440}","{'id': 34003, 'rank': 28, 'fitness': 0.8396952746562684, 'generation': 440}","{'id': 33983, 'rank': 29, 'fitness': 0.6195971940838279, 'generation': 440}","{'id': 33971, 'rank': 30, 'fitness': 0.01798620996209155, 'generation': 440}"
"{'id': 34048, 'rank': 1, 'fitness': 0.9820137900379085, 'generation': 441}","{'id': 34048, 'rank': 2, 'fitness': 0.9820137900379085, 'generation': 441}","{'id': 33980, 'rank': 3, 'fitness': 0.9777268986709174, 'generation': 441}","{'id': 34049, 'rank': 4, 'fitness': 0.9757648512581987, 'generation': 441}","{'id': 34065, 'rank': 5, 'fitness': 0.9725174308583708, 'generation': 441}","{'id': 34065, 'rank': 6, 'fitness': 0.9725174308583708, 'generation': 441}","{'id': 33834, 'rank': 7, 'fitness': 0.9724398315785012, 'generation': 441}","{'id': 33834, 'rank': 8, 'fitness': 0.9724398315785012, 'generation': 441}","{'id': 33799, 'rank': 9, 'fitness': 0.9690661882115137, 'generation': 441}","{'id': 34019, 'rank': 10, 'fitness': 0.9660683881210285, 'generation': 441}","{'id': 34105, 'rank': 11, 'fitness': 0.9657673471595494, 'generation': 441}","{'id': 33902, 'rank': 12, 'fitness': 0.9654539380138333, 'generation': 441}","{'id': 33902, 'rank': 13, 'fitness': 0.9654539380138333, 'generation': 441}","{'id': 33990, 'rank': 14, 'fitness': 0.9607261157457907, 'generation': 441}","{'id': 33990, 'rank': 15, 'fitness': 0.9607261157457907, 'generation': 441}","{'id': 34035, 'rank': 16, 'fitness': 0.9583732710115714, 'generation': 441}","{'id': 34077, 'rank': 17, 'fitness': 0.9572427118141902, 'generation': 441}","{'id': 34103, 'rank': 18, 'fitness': 0.9559064666247412, 'generation': 441}","{'id': 34102, 'rank': 19, 'fitness': 0.9554067276754108, 'generation': 441}","{'id': 34046, 'rank': 20, 'fitness': 0.9523284424423033, 'generation': 441}","{'id': 34043, 'rank': 21, 'fitness': 0.9395278202365669, 'generation': 441}","{'id': 34026, 'rank': 22, 'fitness': 0.9188130600355295, 'generation': 441}","{'id': 34016, 'rank': 23, 'fitness': 0.9119629884358904, 'generation': 441}","{'id': 34024, 'rank': 24, 'fitness': 0.9064611728097898, 'generation': 441}","{'id': 34069, 'rank': 25, 'fitness': 0.9013595326853872, 'generation': 441}","{'id': 34031, 'rank': 26, 'fitness': 0.8289085463647821, 'generation': 441}","{'id': 34031, 'rank': 27, 'fitness': 0.8289085463647821, 'generation': 441}","{'id': 34028, 'rank': 28, 'fitness': 0.74276551867084, 'generation': 441}","{'id': 34081, 'rank': 29, 'fitness': 0.6572816397484669, 'generation': 441}","{'id': 34111, 'rank': 30, 'fitness': 0.01798620996209155, 'generation': 441}"
"{'id': 34156, 'rank': 1, 'fitness': 0.9820137900379085, 'generation': 442}","{'id': 34156, 'rank': 2, 'fitness': 0.9820137900379085, 'generation': 442}","{'id': 33980, 'rank': 3, 'fitness': 0.9722904956101147, 'generation': 442}","{'id': 34049, 'rank': 4, 'fitness': 0.9650358582106122, 'generation': 442}","{'id': 33834, 'rank': 5, 'fitness': 0.9503254697433003, 'generation': 442}","{'id': 33834, 'rank': 6, 'fitness': 0.9503254697433003, 'generation': 442}","{'id': 33799, 'rank': 7, 'fitness': 0.9321984814648268, 'generation': 442}","{'id': 34113, 'rank': 8, 'fitness': 0.9146534097525851, 'generation': 442}","{'id': 34112, 'rank': 9, 'fitness': 0.9146101390056023, 'generation': 442}","{'id': 34175, 'rank': 10, 'fitness': 0.9126545353873126, 'generation': 442}","{'id': 34105, 'rank': 11, 'fitness': 0.9113380404433302, 'generation': 442}","{'id': 34119, 'rank': 12, 'fitness': 0.9076046292985382, 'generation': 442}","{'id': 34166, 'rank': 13, 'fitness': 0.8975876552119908, 'generation': 442}","{'id': 33990, 'rank': 14, 'fitness': 0.8736942671297458, 'generation': 442}","{'id': 33990, 'rank': 15, 'fitness': 0.8736942671297458, 'generation': 442}","{'id': 34177, 'rank': 16, 'fitness': 0.8637202025211227, 'generation': 442}","{'id': 34177, 'rank': 17, 'fitness': 0.8637202025211227, 'generation': 442}","{'id': 34127, 'rank': 18, 'fitness': 0.8340320606911891, 'generation': 442}","{'id': 34103, 'rank': 19, 'fitness': 0.8318218350280429, 'generation': 442}","{'id': 34165, 'rank': 20, 'fitness': 0.8111765499831938, 'generation': 442}","{'id': 34158, 'rank': 21, 'fitness': 0.7404376267511376, 'generation': 442}","{'id': 34158, 'rank': 22, 'fitness': 0.7404376267511376, 'generation': 442}","{'id': 34121, 'rank': 23, 'fitness': 0.7344310518121984, 'generation': 442}","{'id': 34139, 'rank': 24, 'fitness': 0.7252094984055997, 'generation': 442}","{'id': 34132, 'rank': 25, 'fitness': 0.6069797635706269, 'generation': 442}","{'id': 34185, 'rank': 26, 'fitness': 0.46840255479988724, 'generation': 442}","{'id': 34133, 'rank': 27, 'fitness': 0.4042098934711488, 'generation': 442}","{'id': 34024, 'rank': 28, 'fitness': 0.3458135098361964, 'generation': 442}","{'id': 34138, 'rank': 29, 'fitness': 0.17351588683129793, 'generation': 442}","{'id': 34028, 'rank': 30, 'fitness': 0.01798620996209155, 'generation': 442}"
"{'id': 34156, 'rank': 1, 'fitness': 0.9820137900379085, 'generation': 443}","{'id': 34156, 'rank': 2, 'fitness': 0.9820137900379085, 'generation': 443}","{'id': 33980, 'rank': 3, 'fitness': 0.9814227482970279, 'generation': 443}","{'id': 33980, 'rank': 4, 'fitness': 0.9814227482970279, 'generation': 443}","{'id': 34230, 'rank': 5, 'fitness': 0.9812082903478097, 'generation': 443}","{'id': 34049, 'rank': 6, 'fitness': 0.9810939203291742, 'generation': 443}","{'id': 34232, 'rank': 7, 'fitness': 0.9808311606093209, 'generation': 443}","{'id': 33834, 'rank': 8, 'fitness': 0.9805807672457765, 'generation': 443}","{'id': 34198, 'rank': 9, 'fitness': 0.9797256198376352, 'generation': 443}","{'id': 34198, 'rank': 10, 'fitness': 0.9797256198376352, 'generation': 443}","{'id': 34198, 'rank': 11, 'fitness': 0.9797256198376352, 'generation': 443}","{'id': 34175, 'rank': 12, 'fitness': 0.9797039932288973, 'generation': 443}","{'id': 34105, 'rank': 13, 'fitness': 0.9796796822355593, 'generation': 443}","{'id': 34207, 'rank': 14, 'fitness': 0.979588272031593, 'generation': 443}","{'id': 34199, 'rank': 15, 'fitness': 0.9791712252846789, 'generation': 443}","{'id': 33990, 'rank': 16, 'fitness': 0.9790839631905273, 'generation': 443}","{'id': 34165, 'rank': 17, 'fitness': 0.9783448049719046, 'generation': 443}","{'id': 34158, 'rank': 18, 'fitness': 0.9776891261557885, 'generation': 443}","{'id': 34121, 'rank': 19, 'fitness': 0.9776386615146626, 'generation': 443}","{'id': 34121, 'rank': 20, 'fitness': 0.9776386615146626, 'generation': 443}","{'id': 34209, 'rank': 21, 'fitness': 0.9773845532158901, 'generation': 443}","{'id': 34209, 'rank': 22, 'fitness': 0.9773845532158901, 'generation': 443}","{'id': 34185, 'rank': 23, 'fitness': 0.9756982278420467, 'generation': 443}","{'id': 34133, 'rank': 24, 'fitness': 0.9752322237779572, 'generation': 443}","{'id': 34250, 'rank': 25, 'fitness': 0.973349943665248, 'generation': 443}","{'id': 34189, 'rank': 26, 'fitness': 0.9384139288633347, 'generation': 443}","{'id': 34249, 'rank': 27, 'fitness': 0.8463762235654383, 'generation': 443}","{'id': 34204, 'rank': 28, 'fitness': 0.7348049652494085, 'generation': 443}","{'id': 34188, 'rank': 29, 'fitness': 0.06888837325495761, 'generation': 443}","{'id': 34187, 'rank': 30, 'fitness': 0.01798620996209155, 'generation': 443}"
"{'id': 34276, 'rank': 1, 'fitness': 0.9820137900379085, 'generation': 444}","{'id': 34156, 'rank': 2, 'fitness': 0.9817817896715605, 'generation': 444}","{'id': 34156, 'rank': 3, 'fitness': 0.9817817896715605, 'generation': 444}","{'id': 33980, 'rank': 4, 'fitness': 0.9664567206575605, 'generation': 444}","{'id': 34230, 'rank': 5, 'fitness': 0.9584502720382503, 'generation': 444}","{'id': 34296, 'rank': 6, 'fitness': 0.9562949035146471, 'generation': 444}","{'id': 34049, 'rank': 7, 'fitness': 0.9535072706127725, 'generation': 444}","{'id': 34260, 'rank': 8, 'fitness': 0.9451285497053135, 'generation': 444}","{'id': 34275, 'rank': 9, 'fitness': 0.9327455816629986, 'generation': 444}","{'id': 33834, 'rank': 10, 'fitness': 0.9242649768731533, 'generation': 444}","{'id': 34303, 'rank': 11, 'fitness': 0.9185770505147989, 'generation': 444}","{'id': 34299, 'rank': 12, 'fitness': 0.9176130573230967, 'generation': 444}","{'id': 34293, 'rank': 13, 'fitness': 0.9136476179447608, 'generation': 444}","{'id': 34293, 'rank': 14, 'fitness': 0.9136476179447608, 'generation': 444}","{'id': 34305, 'rank': 15, 'fitness': 0.9119757240760616, 'generation': 444}","{'id': 34281, 'rank': 16, 'fitness': 0.9013497021961864, 'generation': 444}","{'id': 34207, 'rank': 17, 'fitness': 0.8227140027762287, 'generation': 444}","{'id': 34312, 'rank': 18, 'fitness': 0.7695499129395865, 'generation': 444}","{'id': 34199, 'rank': 19, 'fitness': 0.758086609111982, 'generation': 444}","{'id': 34314, 'rank': 20, 'fitness': 0.7438439200192571, 'generation': 444}","{'id': 34314, 'rank': 21, 'fitness': 0.7438439200192571, 'generation': 444}","{'id': 34310, 'rank': 22, 'fitness': 0.7239457152740101, 'generation': 444}","{'id': 34310, 'rank': 23, 'fitness': 0.7239457152740101, 'generation': 444}","{'id': 34302, 'rank': 24, 'fitness': 0.7165378726702889, 'generation': 444}","{'id': 34311, 'rank': 25, 'fitness': 0.6471782330678009, 'generation': 444}","{'id': 34165, 'rank': 26, 'fitness': 0.5954189116707718, 'generation': 444}","{'id': 34301, 'rank': 27, 'fitness': 0.3299498437523465, 'generation': 444}","{'id': 34308, 'rank': 28, 'fitness': 0.04558132381666691, 'generation': 444}","{'id': 34330, 'rank': 29, 'fitness': 0.01798620996209155, 'generation': 444}","{'id': 34330, 'rank': 30, 'fitness': 0.01798620996209155, 'generation': 444}"
"{'id': 34375, 'rank': 1, 'fitness': 0.9820137900379085, 'generation': 445}","{'id': 34156, 'rank': 2, 'fitness': 0.9819849812932491, 'generation': 445}","{'id': 34156, 'rank': 3, 'fitness': 0.9819849812932491, 'generation': 445}","{'id': 34296, 'rank': 4, 'fitness': 0.9812268424751709, 'generation': 445}","{'id': 34296, 'rank': 5, 'fitness': 0.9812268424751709, 'generation': 445}","{'id': 34353, 'rank': 6, 'fitness': 0.9811625033209315, 'generation': 445}","{'id': 34275, 'rank': 7, 'fitness': 0.9808314994876568, 'generation': 445}","{'id': 34275, 'rank': 8, 'fitness': 0.9808314994876568, 'generation': 445}","{'id': 34299, 'rank': 9, 'fitness': 0.9806384536963646, 'generation': 445}","{'id': 34351, 'rank': 10, 'fitness': 0.9797249208876648, 'generation': 445}","{'id': 34314, 'rank': 11, 'fitness': 0.9794127735008629, 'generation': 445}","{'id': 34370, 'rank': 12, 'fitness': 0.9783334270454214, 'generation': 445}","{'id': 34352, 'rank': 13, 'fitness': 0.9778129770227226, 'generation': 445}","{'id': 34412, 'rank': 14, 'fitness': 0.9769105116571879, 'generation': 445}","{'id': 34344, 'rank': 15, 'fitness': 0.9766247355171036, 'generation': 445}","{'id': 34341, 'rank': 16, 'fitness': 0.976193362968207, 'generation': 445}","{'id': 34341, 'rank': 17, 'fitness': 0.976193362968207, 'generation': 445}","{'id': 34374, 'rank': 18, 'fitness': 0.9748458401937496, 'generation': 445}","{'id': 34401, 'rank': 19, 'fitness': 0.9742079567782687, 'generation': 445}","{'id': 34330, 'rank': 20, 'fitness': 0.9740742333984591, 'generation': 445}","{'id': 34330, 'rank': 21, 'fitness': 0.9740742333984591, 'generation': 445}","{'id': 34369, 'rank': 22, 'fitness': 0.9708230223606231, 'generation': 445}","{'id': 34373, 'rank': 23, 'fitness': 0.967945755350652, 'generation': 445}","{'id': 34364, 'rank': 24, 'fitness': 0.8037785637061298, 'generation': 445}","{'id': 34363, 'rank': 25, 'fitness': 0.7031805133521986, 'generation': 445}","{'id': 34388, 'rank': 26, 'fitness': 0.2466341113574158, 'generation': 445}","{'id': 34357, 'rank': 27, 'fitness': 0.15597087863126585, 'generation': 445}","{'id': 34356, 'rank': 28, 'fitness': 0.04950096387727948, 'generation': 445}","{'id': 34382, 'rank': 29, 'fitness': 0.022658888960196244, 'generation': 445}","{'id': 34380, 'rank': 30, 'fitness': 0.01798620996209155, 'generation': 445}"
"{'id': 34450, 'rank': 1, 'fitness': 0.9820137900379085, 'generation': 446}","{'id': 34450, 'rank': 2, 'fitness': 0.9820137900379085, 'generation': 446}","{'id': 34420, 'rank': 3, 'fitness': 0.9741580395007672, 'generation': 446}","{'id': 34420, 'rank': 4, 'fitness': 0.9741580395007672, 'generation': 446}","{'id': 34296, 'rank': 5, 'fitness': 0.9737756179428932, 'generation': 446}","{'id': 34353, 'rank': 6, 'fitness': 0.9726901601045472, 'generation': 446}","{'id': 34468, 'rank': 7, 'fitness': 0.9692349000102816, 'generation': 446}","{'id': 34275, 'rank': 8, 'fitness': 0.9664504961431575, 'generation': 446}","{'id': 34275, 'rank': 9, 'fitness': 0.9664504961431575, 'generation': 446}","{'id': 34275, 'rank': 10, 'fitness': 0.9664504961431575, 'generation': 446}","{'id': 34299, 'rank': 11, 'fitness': 0.9622575530848807, 'generation': 446}","{'id': 34461, 'rank': 12, 'fitness': 0.9608497198417937, 'generation': 446}","{'id': 34418, 'rank': 13, 'fitness': 0.9589310161244381, 'generation': 446}","{'id': 34451, 'rank': 14, 'fitness': 0.9424202749726527, 'generation': 446}","{'id': 34351, 'rank': 15, 'fitness': 0.9356174230318464, 'generation': 446}","{'id': 34314, 'rank': 16, 'fitness': 0.9234350121240139, 'generation': 446}","{'id': 34370, 'rank': 17, 'fitness': 0.8660036003398344, 'generation': 446}","{'id': 34352, 'rank': 18, 'fitness': 0.8286417005081634, 'generation': 446}","{'id': 34433, 'rank': 19, 'fitness': 0.8003438196868431, 'generation': 446}","{'id': 34432, 'rank': 20, 'fitness': 0.7723358690207821, 'generation': 446}","{'id': 34434, 'rank': 21, 'fitness': 0.6972700397698497, 'generation': 446}","{'id': 34453, 'rank': 22, 'fitness': 0.6424011126174706, 'generation': 446}","{'id': 34457, 'rank': 23, 'fitness': 0.5455228902703512, 'generation': 446}","{'id': 34469, 'rank': 24, 'fitness': 0.5365735378950339, 'generation': 446}","{'id': 34469, 'rank': 25, 'fitness': 0.5365735378950339, 'generation': 446}","{'id': 34469, 'rank': 26, 'fitness': 0.5365735378950339, 'generation': 446}","{'id': 34401, 'rank': 27, 'fitness': 0.4335276701076832, 'generation': 446}","{'id': 34330, 'rank': 28, 'fitness': 0.4180176616630981, 'generation': 446}","{'id': 34464, 'rank': 29, 'fitness': 0.22062851336409844, 'generation': 446}","{'id': 34447, 'rank': 30, 'fitness': 0.01798620996209155, 'generation': 446}"
"{'id': 34450, 'rank': 1, 'fitness': 0.9820137900379085, 'generation': 447}","{'id': 34487, 'rank': 2, 'fitness': 0.9816572756324019, 'generation': 447}","{'id': 34545, 'rank': 3, 'fitness': 0.98119217234657, 'generation': 447}","{'id': 34545, 'rank': 4, 'fitness': 0.98119217234657, 'generation': 447}","{'id': 34545, 'rank': 5, 'fitness': 0.98119217234657, 'generation': 447}","{'id': 34478, 'rank': 6, 'fitness': 0.9808822537998398, 'generation': 447}","{'id': 34420, 'rank': 7, 'fitness': 0.9808646496394471, 'generation': 447}","{'id': 34296, 'rank': 8, 'fitness': 0.9808163649869188, 'generation': 447}","{'id': 34299, 'rank': 9, 'fitness': 0.9795733382546832, 'generation': 447}","{'id': 34299, 'rank': 10, 'fitness': 0.9795733382546832, 'generation': 447}","{'id': 34461, 'rank': 11, 'fitness': 0.9794431104983313, 'generation': 447}","{'id': 34512, 'rank': 12, 'fitness': 0.9787470611812431, 'generation': 447}","{'id': 34482, 'rank': 13, 'fitness': 0.9784611098574523, 'generation': 447}","{'id': 34482, 'rank': 14, 'fitness': 0.9784611098574523, 'generation': 447}","{'id': 34451, 'rank': 15, 'fitness': 0.9780065830013016, 'generation': 447}","{'id': 34481, 'rank': 16, 'fitness': 0.9779696913312901, 'generation': 447}","{'id': 34481, 'rank': 17, 'fitness': 0.9779696913312901, 'generation': 447}","{'id': 34473, 'rank': 18, 'fitness': 0.9765703766814553, 'generation': 447}","{'id': 34513, 'rank': 19, 'fitness': 0.9764252655318326, 'generation': 447}","{'id': 34501, 'rank': 20, 'fitness': 0.9763346586409891, 'generation': 447}","{'id': 34502, 'rank': 21, 'fitness': 0.9753033124027195, 'generation': 447}","{'id': 34540, 'rank': 22, 'fitness': 0.9736325433984101, 'generation': 447}","{'id': 34433, 'rank': 23, 'fitness': 0.9722159362215543, 'generation': 447}","{'id': 34433, 'rank': 24, 'fitness': 0.9722159362215543, 'generation': 447}","{'id': 34526, 'rank': 25, 'fitness': 0.9702427572778878, 'generation': 447}","{'id': 34457, 'rank': 26, 'fitness': 0.9660948910318947, 'generation': 447}","{'id': 34469, 'rank': 27, 'fitness': 0.9658932044834792, 'generation': 447}","{'id': 34498, 'rank': 28, 'fitness': 0.964813553803614, 'generation': 447}","{'id': 34522, 'rank': 29, 'fitness': 0.8803335984151051, 'generation': 447}","{'id': 34505, 'rank': 30, 'fitness': 0.01798620996209155, 'generation': 447}"
"{'id': 34450, 'rank': 1, 'fitness': 0.9820137900379085, 'generation': 448}","{'id': 34622, 'rank': 2, 'fitness': 0.9804153870207244, 'generation': 448}","{'id': 34545, 'rank': 3, 'fitness': 0.9727188139885972, 'generation': 448}","{'id': 34545, 'rank': 4, 'fitness': 0.9727188139885972, 'generation': 448}","{'id': 34545, 'rank': 5, 'fitness': 0.9727188139885972, 'generation': 448}","{'id': 34616, 'rank': 6, 'fitness': 0.9631009812423557, 'generation': 448}","{'id': 34630, 'rank': 7, 'fitness': 0.9542920776588455, 'generation': 448}","{'id': 34615, 'rank': 8, 'fitness': 0.9536975589691672, 'generation': 448}","{'id': 34632, 'rank': 9, 'fitness': 0.9487188926561821, 'generation': 448}","{'id': 34574, 'rank': 10, 'fitness': 0.9428041288308506, 'generation': 448}","{'id': 34461, 'rank': 11, 'fitness': 0.938458412829978, 'generation': 448}","{'id': 34618, 'rank': 12, 'fitness': 0.9321799430364786, 'generation': 448}","{'id': 34573, 'rank': 13, 'fitness': 0.9178626112976367, 'generation': 448}","{'id': 34587, 'rank': 14, 'fitness': 0.909471588928046, 'generation': 448}","{'id': 34591, 'rank': 15, 'fitness': 0.9085716023377737, 'generation': 448}","{'id': 34482, 'rank': 16, 'fitness': 0.9070533438737169, 'generation': 448}","{'id': 34559, 'rank': 17, 'fitness': 0.9057794678349935, 'generation': 448}","{'id': 34576, 'rank': 18, 'fitness': 0.8887775962946709, 'generation': 448}","{'id': 34451, 'rank': 19, 'fitness': 0.8887739328308328, 'generation': 448}","{'id': 34481, 'rank': 20, 'fitness': 0.8871776826994623, 'generation': 448}","{'id': 34481, 'rank': 21, 'fitness': 0.8871776826994623, 'generation': 448}","{'id': 34481, 'rank': 22, 'fitness': 0.8871776826994623, 'generation': 448}","{'id': 34600, 'rank': 23, 'fitness': 0.8273530511979079, 'generation': 448}","{'id': 34513, 'rank': 24, 'fitness': 0.8042336704321009, 'generation': 448}","{'id': 34513, 'rank': 25, 'fitness': 0.8042336704321009, 'generation': 448}","{'id': 34577, 'rank': 26, 'fitness': 0.5559091056041582, 'generation': 448}","{'id': 34566, 'rank': 27, 'fitness': 0.43266728805476307, 'generation': 448}","{'id': 34613, 'rank': 28, 'fitness': 0.14046070780968484, 'generation': 448}","{'id': 34606, 'rank': 29, 'fitness': 0.018000473820646345, 'generation': 448}","{'id': 34557, 'rank': 30, 'fitness': 0.01798620996209155, 'generation': 448}"
"{'id': 34622, 'rank': 1, 'fitness': 0.9820137900379085, 'generation': 449}","{'id': 34545, 'rank': 2, 'fitness': 0.9805672526607101, 'generation': 449}","{'id': 34545, 'rank': 3, 'fitness': 0.9805672526607101, 'generation': 449}","{'id': 34676, 'rank': 4, 'fitness': 0.9805446345141174, 'generation': 449}","{'id': 34711, 'rank': 5, 'fitness': 0.9801040525566599, 'generation': 449}","{'id': 34616, 'rank': 6, 'fitness': 0.9791373323124375, 'generation': 449}","{'id': 34632, 'rank': 7, 'fitness': 0.9774399404422209, 'generation': 449}","{'id': 34632, 'rank': 8, 'fitness': 0.9774399404422209, 'generation': 449}","{'id': 34618, 'rank': 9, 'fitness': 0.9758667001680765, 'generation': 449}","{'id': 34618, 'rank': 10, 'fitness': 0.9758667001680765, 'generation': 449}","{'id': 34678, 'rank': 11, 'fitness': 0.9755892503448559, 'generation': 449}","{'id': 34700, 'rank': 12, 'fitness': 0.9755384956106344, 'generation': 449}","{'id': 34700, 'rank': 13, 'fitness': 0.9755384956106344, 'generation': 449}","{'id': 34573, 'rank': 14, 'fitness': 0.9747078449863567, 'generation': 449}","{'id': 34591, 'rank': 15, 'fitness': 0.9740271092838462, 'generation': 449}","{'id': 34559, 'rank': 16, 'fitness': 0.9738315199737402, 'generation': 449}","{'id': 34576, 'rank': 17, 'fitness': 0.9727147122825248, 'generation': 449}","{'id': 34451, 'rank': 18, 'fitness': 0.9727144837905315, 'generation': 449}","{'id': 34714, 'rank': 19, 'fitness': 0.9598182533090495, 'generation': 449}","{'id': 34566, 'rank': 20, 'fitness': 0.9538229640093917, 'generation': 449}","{'id': 34682, 'rank': 21, 'fitness': 0.9510977474638652, 'generation': 449}","{'id': 34717, 'rank': 22, 'fitness': 0.9390086868734925, 'generation': 449}","{'id': 34654, 'rank': 23, 'fitness': 0.9313184272664161, 'generation': 449}","{'id': 34668, 'rank': 24, 'fitness': 0.9023594259689145, 'generation': 449}","{'id': 34666, 'rank': 25, 'fitness': 0.8755809358068816, 'generation': 449}","{'id': 34709, 'rank': 26, 'fitness': 0.6722762065715743, 'generation': 449}","{'id': 34709, 'rank': 27, 'fitness': 0.6722762065715743, 'generation': 449}","{'id': 34697, 'rank': 28, 'fitness': 0.5379862238187917, 'generation': 449}","{'id': 34664, 'rank': 29, 'fitness': 0.08196352982400479, 'generation': 449}","{'id': 34648, 'rank': 30, 'fitness': 0.01798620996209155, 'generation': 449}"
"{'id': 34622, 'rank': 1, 'fitness': 0.9820137900379085, 'generation': 450}","{'id': 34545, 'rank': 2, 'fitness': 0.9803808221750656, 'generation': 450}","{'id': 34545, 'rank': 3, 'fitness': 0.9803808221750656, 'generation': 450}","{'id': 34745, 'rank': 4, 'fitness': 0.9796359600761009, 'generation': 450}","{'id': 34632, 'rank': 5, 'fitness': 0.97680134747964, 'generation': 450}","{'id': 34763, 'rank': 6, 'fitness': 0.975691781898409, 'generation': 450}","{'id': 34763, 'rank': 7, 'fitness': 0.975691781898409, 'generation': 450}","{'id': 34770, 'rank': 8, 'fitness': 0.9739154112096202, 'generation': 450}","{'id': 34733, 'rank': 9, 'fitness': 0.9728174077176477, 'generation': 450}","{'id': 34733, 'rank': 10, 'fitness': 0.9728174077176477, 'generation': 450}","{'id': 34721, 'rank': 11, 'fitness': 0.9723304176801661, 'generation': 450}","{'id': 34755, 'rank': 12, 'fitness': 0.9721954914668562, 'generation': 450}","{'id': 34769, 'rank': 13, 'fitness': 0.970394007920091, 'generation': 450}","{'id': 34789, 'rank': 14, 'fitness': 0.9691444321625432, 'generation': 450}","{'id': 34722, 'rank': 15, 'fitness': 0.9683234992556293, 'generation': 450}","{'id': 34778, 'rank': 16, 'fitness': 0.9680816564140632, 'generation': 450}","{'id': 34754, 'rank': 17, 'fitness': 0.9674459951870562, 'generation': 450}","{'id': 34774, 'rank': 18, 'fitness': 0.9668715760690723, 'generation': 450}","{'id': 34781, 'rank': 19, 'fitness': 0.9652336734559162, 'generation': 450}","{'id': 34775, 'rank': 20, 'fitness': 0.9650991581420021, 'generation': 450}","{'id': 34767, 'rank': 21, 'fitness': 0.9650631572181161, 'generation': 450}","{'id': 34718, 'rank': 22, 'fitness': 0.964967967192524, 'generation': 450}","{'id': 34753, 'rank': 23, 'fitness': 0.9542024905989455, 'generation': 450}","{'id': 34724, 'rank': 24, 'fitness': 0.9519759548267452, 'generation': 450}","{'id': 34786, 'rank': 25, 'fitness': 0.9504723717781283, 'generation': 450}","{'id': 34786, 'rank': 26, 'fitness': 0.9504723717781283, 'generation': 450}","{'id': 34784, 'rank': 27, 'fitness': 0.8892736091914468, 'generation': 450}","{'id': 34743, 'rank': 28, 'fitness': 0.7763625670807406, 'generation': 450}","{'id': 34738, 'rank': 29, 'fitness': 0.5527024937882804, 'generation': 450}","{'id': 34747, 'rank': 30, 'fitness': 0.01798620996209155, 'generation': 450}"
"{'id': 34622, 'rank': 1, 'fitness': 0.9820137900379085, 'generation': 451}","{'id': 34817, 'rank': 2, 'fitness': 0.9619598174874013, 'generation': 451}","{'id': 34817, 'rank': 3, 'fitness': 0.9619598174874013, 'generation': 451}","{'id': 34632, 'rank': 4, 'fitness': 0.9335500013003419, 'generation': 451}","{'id': 34862, 'rank': 5, 'fitness': 0.9331003747648186, 'generation': 451}","{'id': 34810, 'rank': 6, 'fitness': 0.9031557867257743, 'generation': 451}","{'id': 34821, 'rank': 7, 'fitness': 0.8679043285335158, 'generation': 451}","{'id': 34721, 'rank': 8, 'fitness': 0.8452422776548578, 'generation': 451}","{'id': 34721, 'rank': 9, 'fitness': 0.8452422776548578, 'generation': 451}","{'id': 34755, 'rank': 10, 'fitness': 0.8417918950106001, 'generation': 451}","{'id': 34847, 'rank': 11, 'fitness': 0.7578324168866696, 'generation': 451}","{'id': 34847, 'rank': 12, 'fitness': 0.7578324168866696, 'generation': 451}","{'id': 34722, 'rank': 13, 'fitness': 0.725035801870064, 'generation': 451}","{'id': 34858, 'rank': 14, 'fitness': 0.7203197858220096, 'generation': 451}","{'id': 34879, 'rank': 15, 'fitness': 0.71448056103127, 'generation': 451}","{'id': 34879, 'rank': 16, 'fitness': 0.71448056103127, 'generation': 451}","{'id': 34857, 'rank': 17, 'fitness': 0.6438878705728202, 'generation': 451}","{'id': 34857, 'rank': 18, 'fitness': 0.6438878705728202, 'generation': 451}","{'id': 34781, 'rank': 19, 'fitness': 0.6145761947206815, 'generation': 451}","{'id': 34861, 'rank': 20, 'fitness': 0.5912847392760673, 'generation': 451}","{'id': 34873, 'rank': 21, 'fitness': 0.4556941867154729, 'generation': 451}","{'id': 34849, 'rank': 22, 'fitness': 0.4429247332046598, 'generation': 451}","{'id': 34849, 'rank': 23, 'fitness': 0.4429247332046598, 'generation': 451}","{'id': 34804, 'rank': 24, 'fitness': 0.31057157534768454, 'generation': 451}","{'id': 34850, 'rank': 25, 'fitness': 0.266806925544306, 'generation': 451}","{'id': 34753, 'rank': 26, 'fitness': 0.2624422214618936, 'generation': 451}","{'id': 34882, 'rank': 27, 'fitness': 0.1949182203043648, 'generation': 451}","{'id': 34883, 'rank': 28, 'fitness': 0.0411717511719355, 'generation': 451}","{'id': 34825, 'rank': 29, 'fitness': 0.022087403147284523, 'generation': 451}","{'id': 34807, 'rank': 30, 'fitness': 0.01798620996209155, 'generation': 451}"
"{'id': 34898, 'rank': 1, 'fitness': 0.9820137900379085, 'generation': 452}","{'id': 34898, 'rank': 2, 'fitness': 0.9820137900379085, 'generation': 452}","{'id': 34817, 'rank': 3, 'fitness': 0.9818961977058235, 'generation': 452}","{'id': 34817, 'rank': 4, 'fitness': 0.9818961977058235, 'generation': 452}","{'id': 34632, 'rank': 5, 'fitness': 0.9817811570371358, 'generation': 452}","{'id': 34862, 'rank': 6, 'fitness': 0.9817797384449518, 'generation': 452}","{'id': 34810, 'rank': 7, 'fitness': 0.9817005364230256, 'generation': 452}","{'id': 34810, 'rank': 8, 'fitness': 0.9817005364230256, 'generation': 452}","{'id': 34755, 'rank': 9, 'fitness': 0.9815895556791272, 'generation': 452}","{'id': 34755, 'rank': 10, 'fitness': 0.9815895556791272, 'generation': 452}","{'id': 34722, 'rank': 11, 'fitness': 0.9814497849543087, 'generation': 452}","{'id': 34858, 'rank': 12, 'fitness': 0.9814450819893008, 'generation': 452}","{'id': 34879, 'rank': 13, 'fitness': 0.9814393239909748, 'generation': 452}","{'id': 34857, 'rank': 14, 'fitness': 0.9813742377923269, 'generation': 452}","{'id': 34939, 'rank': 15, 'fitness': 0.9813604663203856, 'generation': 452}","{'id': 34781, 'rank': 16, 'fitness': 0.9813490039653585, 'generation': 452}","{'id': 34891, 'rank': 17, 'fitness': 0.9812458874720453, 'generation': 452}","{'id': 34849, 'rank': 18, 'fitness': 0.9812086869290981, 'generation': 452}","{'id': 34849, 'rank': 19, 'fitness': 0.9812086869290981, 'generation': 452}","{'id': 34804, 'rank': 20, 'fitness': 0.981093360040201, 'generation': 452}","{'id': 34804, 'rank': 21, 'fitness': 0.981093360040201, 'generation': 452}","{'id': 34882, 'rank': 22, 'fitness': 0.9809665281587314, 'generation': 452}","{'id': 34883, 'rank': 23, 'fitness': 0.980608815661087, 'generation': 452}","{'id': 34825, 'rank': 24, 'fitness': 0.9804742726929646, 'generation': 452}","{'id': 34945, 'rank': 25, 'fitness': 0.9797536855231536, 'generation': 452}","{'id': 34936, 'rank': 26, 'fitness': 0.977483449538213, 'generation': 452}","{'id': 34921, 'rank': 27, 'fitness': 0.9625232061621374, 'generation': 452}","{'id': 34925, 'rank': 28, 'fitness': 0.9123950456082179, 'generation': 452}","{'id': 34888, 'rank': 29, 'fitness': 0.6373794020779224, 'generation': 452}","{'id': 34895, 'rank': 30, 'fitness': 0.01798620996209155, 'generation': 452}"
"{'id': 35039, 'rank': 1, 'fitness': 0.9820137900379085, 'generation': 453}","{'id': 35039, 'rank': 2, 'fitness': 0.9820137900379085, 'generation': 453}","{'id': 35042, 'rank': 3, 'fitness': 0.9792189880723072, 'generation': 453}","{'id': 34817, 'rank': 4, 'fitness': 0.978940025580044, 'generation': 453}","{'id': 34948, 'rank': 5, 'fitness': 0.9779084818370869, 'generation': 453}","{'id': 34948, 'rank': 6, 'fitness': 0.9779084818370869, 'generation': 453}","{'id': 34963, 'rank': 7, 'fitness': 0.9772180015503527, 'generation': 453}","{'id': 34632, 'rank': 8, 'fitness': 0.9742111525944963, 'generation': 453}","{'id': 35018, 'rank': 9, 'fitness': 0.9705996021064153, 'generation': 453}","{'id': 35018, 'rank': 10, 'fitness': 0.9705996021064153, 'generation': 453}","{'id': 34810, 'rank': 11, 'fitness': 0.9703184112881904, 'generation': 453}","{'id': 34810, 'rank': 12, 'fitness': 0.9703184112881904, 'generation': 453}","{'id': 34965, 'rank': 13, 'fitness': 0.9682471384715293, 'generation': 453}","{'id': 34962, 'rank': 14, 'fitness': 0.9682123332727532, 'generation': 453}","{'id': 34995, 'rank': 15, 'fitness': 0.960618052221345, 'generation': 453}","{'id': 34996, 'rank': 16, 'fitness': 0.9599881924748297, 'generation': 453}","{'id': 35020, 'rank': 17, 'fitness': 0.9560412691215314, 'generation': 453}","{'id': 35022, 'rank': 18, 'fitness': 0.9499561897337525, 'generation': 453}","{'id': 35032, 'rank': 19, 'fitness': 0.9487408984469706, 'generation': 453}","{'id': 34966, 'rank': 20, 'fitness': 0.942321480413977, 'generation': 453}","{'id': 34891, 'rank': 21, 'fitness': 0.9360298680428266, 'generation': 453}","{'id': 34849, 'rank': 22, 'fitness': 0.9320304239822698, 'generation': 453}","{'id': 34950, 'rank': 23, 'fitness': 0.9303163252917471, 'generation': 453}","{'id': 35013, 'rank': 24, 'fitness': 0.9246160927418727, 'generation': 453}","{'id': 35021, 'rank': 25, 'fitness': 0.922235246408222, 'generation': 453}","{'id': 34970, 'rank': 26, 'fitness': 0.9205905752052184, 'generation': 453}","{'id': 35034, 'rank': 27, 'fitness': 0.9192804507300993, 'generation': 453}","{'id': 34804, 'rank': 28, 'fitness': 0.9181764392353415, 'generation': 453}","{'id': 34984, 'rank': 29, 'fitness': 0.8776093423344807, 'generation': 453}","{'id': 34956, 'rank': 30, 'fitness': 0.01798620996209155, 'generation': 453}"
"{'id': 35039, 'rank': 1, 'fitness': 0.9820137900379085, 'generation': 454}","{'id': 35063, 'rank': 2, 'fitness': 0.9792554804434145, 'generation': 454}","{'id': 35053, 'rank': 3, 'fitness': 0.9784421074868508, 'generation': 454}","{'id': 35042, 'rank': 4, 'fitness': 0.9779018611526373, 'generation': 454}","{'id': 34948, 'rank': 5, 'fitness': 0.9758912550819315, 'generation': 454}","{'id': 35052, 'rank': 6, 'fitness': 0.9724268792274424, 'generation': 454}","{'id': 35064, 'rank': 7, 'fitness': 0.9703832267370265, 'generation': 454}","{'id': 35136, 'rank': 8, 'fitness': 0.9678099015732391, 'generation': 454}","{'id': 35096, 'rank': 9, 'fitness': 0.9646320797221315, 'generation': 454}","{'id': 35018, 'rank': 10, 'fitness': 0.9638198768368127, 'generation': 454}","{'id': 34965, 'rank': 11, 'fitness': 0.9596562166818149, 'generation': 454}","{'id': 35107, 'rank': 12, 'fitness': 0.9525814574627287, 'generation': 454}","{'id': 35132, 'rank': 13, 'fitness': 0.9489537491618183, 'generation': 454}","{'id': 35132, 'rank': 14, 'fitness': 0.9489537491618183, 'generation': 454}","{'id': 34996, 'rank': 15, 'fitness': 0.9441254819748244, 'generation': 454}","{'id': 35128, 'rank': 16, 'fitness': 0.9429451558308815, 'generation': 454}","{'id': 35128, 'rank': 17, 'fitness': 0.9429451558308815, 'generation': 454}","{'id': 35073, 'rank': 18, 'fitness': 0.9249509181365231, 'generation': 454}","{'id': 35074, 'rank': 19, 'fitness': 0.880614834533981, 'generation': 454}","{'id': 35131, 'rank': 20, 'fitness': 0.8783853050676357, 'generation': 454}","{'id': 35072, 'rank': 21, 'fitness': 0.8693372697732938, 'generation': 454}","{'id': 35104, 'rank': 22, 'fitness': 0.8505301410528392, 'generation': 454}","{'id': 35068, 'rank': 23, 'fitness': 0.7978828203189985, 'generation': 454}","{'id': 35068, 'rank': 24, 'fitness': 0.7978828203189985, 'generation': 454}","{'id': 34984, 'rank': 25, 'fitness': 0.7510868217046434, 'generation': 454}","{'id': 35113, 'rank': 26, 'fitness': 0.6563619920705619, 'generation': 454}","{'id': 35079, 'rank': 27, 'fitness': 0.33371164201841197, 'generation': 454}","{'id': 35055, 'rank': 28, 'fitness': 0.044705376180200984, 'generation': 454}","{'id': 35119, 'rank': 29, 'fitness': 0.023429885073855183, 'generation': 454}","{'id': 35116, 'rank': 30, 'fitness': 0.01798620996209155, 'generation': 454}"
"{'id': 35039, 'rank': 1, 'fitness': 0.9820137900379085, 'generation': 455}","{'id': 35063, 'rank': 2, 'fitness': 0.9784091124315396, 'generation': 455}","{'id': 35063, 'rank': 3, 'fitness': 0.9784091124315396, 'generation': 455}","{'id': 35053, 'rank': 4, 'fitness': 0.9773200453999598, 'generation': 455}","{'id': 35053, 'rank': 5, 'fitness': 0.9773200453999598, 'generation': 455}","{'id': 34948, 'rank': 6, 'fitness': 0.9738333273935944, 'generation': 455}","{'id': 35206, 'rank': 7, 'fitness': 0.969073831121269, 'generation': 455}","{'id': 35206, 'rank': 8, 'fitness': 0.969073831121269, 'generation': 455}","{'id': 35064, 'rank': 9, 'fitness': 0.9659722285963349, 'generation': 455}","{'id': 35136, 'rank': 10, 'fitness': 0.9621610570185183, 'generation': 455}","{'id': 35136, 'rank': 11, 'fitness': 0.9621610570185183, 'generation': 455}","{'id': 35137, 'rank': 12, 'fitness': 0.9601560701892123, 'generation': 455}","{'id': 35200, 'rank': 13, 'fitness': 0.9377748779786506, 'generation': 455}","{'id': 35203, 'rank': 14, 'fitness': 0.932332338488043, 'generation': 455}","{'id': 35170, 'rank': 15, 'fitness': 0.9280838094864616, 'generation': 455}","{'id': 35168, 'rank': 16, 'fitness': 0.926658260588584, 'generation': 455}","{'id': 34996, 'rank': 17, 'fitness': 0.9239882030075008, 'generation': 455}","{'id': 34996, 'rank': 18, 'fitness': 0.9239882030075008, 'generation': 455}","{'id': 35128, 'rank': 19, 'fitness': 0.9219710486053431, 'generation': 455}","{'id': 35158, 'rank': 20, 'fitness': 0.9033364268091639, 'generation': 455}","{'id': 35151, 'rank': 21, 'fitness': 0.8803437567384997, 'generation': 455}","{'id': 35147, 'rank': 22, 'fitness': 0.8791864292309699, 'generation': 455}","{'id': 35162, 'rank': 23, 'fitness': 0.8620621293056382, 'generation': 455}","{'id': 35169, 'rank': 24, 'fitness': 0.8239369377317487, 'generation': 455}","{'id': 35131, 'rank': 25, 'fitness': 0.8036439068212741, 'generation': 455}","{'id': 35179, 'rank': 26, 'fitness': 0.1863584574422893, 'generation': 455}","{'id': 35179, 'rank': 27, 'fitness': 0.1863584574422893, 'generation': 455}","{'id': 35185, 'rank': 28, 'fitness': 0.08829838473493234, 'generation': 455}","{'id': 35178, 'rank': 29, 'fitness': 0.07832618143786169, 'generation': 455}","{'id': 35156, 'rank': 30, 'fitness': 0.01798620996209155, 'generation': 455}"
"{'id': 35039, 'rank': 1, 'fitness': 0.9820137900379085, 'generation': 456}","{'id': 35063, 'rank': 2, 'fitness': 0.9785451078644508, 'generation': 456}","{'id': 35053, 'rank': 3, 'fitness': 0.9775011286596018, 'generation': 456}","{'id': 34948, 'rank': 4, 'fitness': 0.9741696381183486, 'generation': 456}","{'id': 35229, 'rank': 5, 'fitness': 0.9688105889057685, 'generation': 456}","{'id': 35229, 'rank': 6, 'fitness': 0.9688105889057685, 'generation': 456}","{'id': 35211, 'rank': 7, 'fitness': 0.9676339206391293, 'generation': 456}","{'id': 35221, 'rank': 8, 'fitness': 0.9637164307981245, 'generation': 456}","{'id': 35259, 'rank': 9, 'fitness': 0.962324340109696, 'generation': 456}","{'id': 35137, 'rank': 10, 'fitness': 0.9612263432837375, 'generation': 456}","{'id': 35137, 'rank': 11, 'fitness': 0.9612263432837375, 'generation': 456}","{'id': 35200, 'rank': 12, 'fitness': 0.9403276799205873, 'generation': 456}","{'id': 35228, 'rank': 13, 'fitness': 0.937530318025315, 'generation': 456}","{'id': 35228, 'rank': 14, 'fitness': 0.937530318025315, 'generation': 456}","{'id': 35228, 'rank': 15, 'fitness': 0.937530318025315, 'generation': 456}","{'id': 35270, 'rank': 16, 'fitness': 0.9366281474069538, 'generation': 456}","{'id': 35203, 'rank': 17, 'fitness': 0.9352813187571901, 'generation': 456}","{'id': 34996, 'rank': 18, 'fitness': 0.9275646767487508, 'generation': 456}","{'id': 34996, 'rank': 19, 'fitness': 0.9275646767487508, 'generation': 456}","{'id': 35151, 'rank': 20, 'fitness': 0.8874693106827678, 'generation': 456}","{'id': 35162, 'rank': 21, 'fitness': 0.8707534320985632, 'generation': 456}","{'id': 35246, 'rank': 22, 'fitness': 0.858322944964745, 'generation': 456}","{'id': 35262, 'rank': 23, 'fitness': 0.8540966532032002, 'generation': 456}","{'id': 35262, 'rank': 24, 'fitness': 0.8540966532032002, 'generation': 456}","{'id': 35265, 'rank': 25, 'fitness': 0.8315513044077154, 'generation': 456}","{'id': 35263, 'rank': 26, 'fitness': 0.7849113775970917, 'generation': 456}","{'id': 35226, 'rank': 27, 'fitness': 0.31538862493378084, 'generation': 456}","{'id': 35256, 'rank': 28, 'fitness': 0.06373757826259807, 'generation': 456}","{'id': 35156, 'rank': 29, 'fitness': 0.02359682197866192, 'generation': 456}","{'id': 35281, 'rank': 30, 'fitness': 0.01798620996209155, 'generation': 456}"
"{'id': 35316, 'rank': 1, 'fitness': 0.9820137900379085, 'generation': 457}","{'id': 35039, 'rank': 2, 'fitness': 0.9817757656740753, 'generation': 457}","{'id': 35039, 'rank': 3, 'fitness': 0.9817757656740753, 'generation': 457}","{'id': 35053, 'rank': 4, 'fitness': 0.980686830007748, 'generation': 457}","{'id': 35053, 'rank': 5, 'fitness': 0.980686830007748, 'generation': 457}","{'id': 35229, 'rank': 6, 'fitness': 0.978971029333265, 'generation': 457}","{'id': 35292, 'rank': 7, 'fitness': 0.9786836062127671, 'generation': 457}","{'id': 35259, 'rank': 8, 'fitness': 0.9779026125260758, 'generation': 457}","{'id': 35259, 'rank': 9, 'fitness': 0.9779026125260758, 'generation': 457}","{'id': 35318, 'rank': 10, 'fitness': 0.9763313710737547, 'generation': 457}","{'id': 35228, 'rank': 11, 'fitness': 0.9747237100750656, 'generation': 457}","{'id': 35228, 'rank': 12, 'fitness': 0.9747237100750656, 'generation': 457}","{'id': 35228, 'rank': 13, 'fitness': 0.9747237100750656, 'generation': 457}","{'id': 35228, 'rank': 14, 'fitness': 0.9747237100750656, 'generation': 457}","{'id': 34996, 'rank': 15, 'fitness': 0.9736915272169439, 'generation': 457}","{'id': 35293, 'rank': 16, 'fitness': 0.9720703984291227, 'generation': 457}","{'id': 35329, 'rank': 17, 'fitness': 0.9711338611978549, 'generation': 457}","{'id': 35344, 'rank': 18, 'fitness': 0.9702808200463491, 'generation': 457}","{'id': 35162, 'rank': 19, 'fitness': 0.9690799977607092, 'generation': 457}","{'id': 35306, 'rank': 20, 'fitness': 0.9641692706076734, 'generation': 457}","{'id': 35263, 'rank': 21, 'fitness': 0.9639530926415296, 'generation': 457}","{'id': 35355, 'rank': 22, 'fitness': 0.9599122700719007, 'generation': 457}","{'id': 35290, 'rank': 23, 'fitness': 0.956802195268398, 'generation': 457}","{'id': 35345, 'rank': 24, 'fitness': 0.9542301195212256, 'generation': 457}","{'id': 35308, 'rank': 25, 'fitness': 0.943110651762579, 'generation': 457}","{'id': 35226, 'rank': 26, 'fitness': 0.939939116022092, 'generation': 457}","{'id': 35332, 'rank': 27, 'fitness': 0.8943624026029993, 'generation': 457}","{'id': 35332, 'rank': 28, 'fitness': 0.8943624026029993, 'generation': 457}","{'id': 35305, 'rank': 29, 'fitness': 0.7726682854957377, 'generation': 457}","{'id': 35359, 'rank': 30, 'fitness': 0.01798620996209155, 'generation': 457}"
"{'id': 35316, 'rank': 1, 'fitness': 0.9820137900379085, 'generation': 458}","{'id': 35039, 'rank': 2, 'fitness': 0.9817212152529418, 'generation': 458}","{'id': 35386, 'rank': 3, 'fitness': 0.9803930969959744, 'generation': 458}","{'id': 35053, 'rank': 4, 'fitness': 0.9803719730074181, 'generation': 458}","{'id': 35378, 'rank': 5, 'fitness': 0.9787331829201469, 'generation': 458}","{'id': 35378, 'rank': 6, 'fitness': 0.9787331829201469, 'generation': 458}","{'id': 35229, 'rank': 7, 'fitness': 0.9782118034469802, 'generation': 458}","{'id': 35229, 'rank': 8, 'fitness': 0.9782118034469802, 'generation': 458}","{'id': 35437, 'rank': 9, 'fitness': 0.9763793140088092, 'generation': 458}","{'id': 35381, 'rank': 10, 'fitness': 0.9761486672500077, 'generation': 458}","{'id': 35373, 'rank': 11, 'fitness': 0.9755118109869846, 'generation': 458}","{'id': 35393, 'rank': 12, 'fitness': 0.9752776953058442, 'generation': 458}","{'id': 35393, 'rank': 13, 'fitness': 0.9752776953058442, 'generation': 458}","{'id': 35318, 'rank': 14, 'fitness': 0.9748127534001337, 'generation': 458}","{'id': 35395, 'rank': 15, 'fitness': 0.9738738313810695, 'generation': 458}","{'id': 35436, 'rank': 16, 'fitness': 0.9728023222906365, 'generation': 458}","{'id': 35436, 'rank': 17, 'fitness': 0.9728023222906365, 'generation': 458}","{'id': 35228, 'rank': 18, 'fitness': 0.9727009942142564, 'generation': 458}","{'id': 34996, 'rank': 19, 'fitness': 0.9713296193094445, 'generation': 458}","{'id': 35440, 'rank': 20, 'fitness': 0.96705921224908, 'generation': 458}","{'id': 35439, 'rank': 21, 'fitness': 0.9665599420895521, 'generation': 458}","{'id': 35162, 'rank': 22, 'fitness': 0.9650660895511802, 'generation': 458}","{'id': 35418, 'rank': 23, 'fitness': 0.9627771059193492, 'generation': 458}","{'id': 35425, 'rank': 24, 'fitness': 0.9625350972659203, 'generation': 458}","{'id': 35425, 'rank': 25, 'fitness': 0.9625350972659203, 'generation': 458}","{'id': 35424, 'rank': 26, 'fitness': 0.9498389991278213, 'generation': 458}","{'id': 35427, 'rank': 27, 'fitness': 0.9171806179193972, 'generation': 458}","{'id': 35410, 'rank': 28, 'fitness': 0.9151934216637264, 'generation': 458}","{'id': 35405, 'rank': 29, 'fitness': 0.8139755055211328, 'generation': 458}","{'id': 35447, 'rank': 30, 'fitness': 0.01798620996209155, 'generation': 458}"
"{'id': 35316, 'rank': 1, 'fitness': 0.9820137900379085, 'generation': 459}","{'id': 35316, 'rank': 2, 'fitness': 0.9820137900379085, 'generation': 459}","{'id': 35482, 'rank': 3, 'fitness': 0.9787617657600763, 'generation': 459}","{'id': 35513, 'rank': 4, 'fitness': 0.9777873270880952, 'generation': 459}","{'id': 35386, 'rank': 5, 'fitness': 0.973352248616262, 'generation': 459}","{'id': 35463, 'rank': 6, 'fitness': 0.9678551476783468, 'generation': 459}","{'id': 35229, 'rank': 7, 'fitness': 0.9571244584896288, 'generation': 459}","{'id': 35229, 'rank': 8, 'fitness': 0.9571244584896288, 'generation': 459}","{'id': 35475, 'rank': 9, 'fitness': 0.9467563183654797, 'generation': 459}","{'id': 35465, 'rank': 10, 'fitness': 0.9408565886426268, 'generation': 459}","{'id': 35467, 'rank': 11, 'fitness': 0.9398884646541029, 'generation': 459}","{'id': 35538, 'rank': 12, 'fitness': 0.9308500037118403, 'generation': 459}","{'id': 35393, 'rank': 13, 'fitness': 0.9251419907562201, 'generation': 459}","{'id': 35318, 'rank': 14, 'fitness': 0.9188631083269146, 'generation': 459}","{'id': 35318, 'rank': 15, 'fitness': 0.9188631083269146, 'generation': 459}","{'id': 35533, 'rank': 16, 'fitness': 0.9135352075631817, 'generation': 459}","{'id': 35500, 'rank': 17, 'fitness': 0.9120155802438756, 'generation': 459}","{'id': 35479, 'rank': 18, 'fitness': 0.9062009527276531, 'generation': 459}","{'id': 35537, 'rank': 19, 'fitness': 0.8909994398929805, 'generation': 459}","{'id': 35504, 'rank': 20, 'fitness': 0.8772762338392255, 'generation': 459}","{'id': 35439, 'rank': 21, 'fitness': 0.7488536040384693, 'generation': 459}","{'id': 35520, 'rank': 22, 'fitness': 0.6360233231570369, 'generation': 459}","{'id': 35534, 'rank': 23, 'fitness': 0.630209255008986, 'generation': 459}","{'id': 35495, 'rank': 24, 'fitness': 0.5094080037350972, 'generation': 459}","{'id': 35530, 'rank': 25, 'fitness': 0.5037909594967394, 'generation': 459}","{'id': 35497, 'rank': 26, 'fitness': 0.42295511264911634, 'generation': 459}","{'id': 35532, 'rank': 27, 'fitness': 0.37121322100980436, 'generation': 459}","{'id': 35515, 'rank': 28, 'fitness': 0.24147446938679862, 'generation': 459}","{'id': 35486, 'rank': 29, 'fitness': 0.04755145055950477, 'generation': 459}","{'id': 35509, 'rank': 30, 'fitness': 0.01798620996209155, 'generation': 459}"
"{'id': 35482, 'rank': 1, 'fitness': 0.9820137900379085, 'generation': 460}","{'id': 35513, 'rank': 2, 'fitness': 0.9819612858357084, 'generation': 460}","{'id': 35229, 'rank': 3, 'fitness': 0.9811660160278087, 'generation': 460}","{'id': 35229, 'rank': 4, 'fitness': 0.9811660160278087, 'generation': 460}","{'id': 35609, 'rank': 5, 'fitness': 0.9811308505210486, 'generation': 460}","{'id': 35609, 'rank': 6, 'fitness': 0.9811308505210486, 'generation': 460}","{'id': 35538, 'rank': 7, 'fitness': 0.9805513348831412, 'generation': 460}","{'id': 35500, 'rank': 8, 'fitness': 0.980226104583675, 'generation': 460}","{'id': 35479, 'rank': 9, 'fitness': 0.980137592000728, 'generation': 460}","{'id': 35557, 'rank': 10, 'fitness': 0.9798356064805707, 'generation': 460}","{'id': 35504, 'rank': 11, 'fitness': 0.979754420008948, 'generation': 460}","{'id': 35594, 'rank': 12, 'fitness': 0.9795092389840128, 'generation': 460}","{'id': 35570, 'rank': 13, 'fitness': 0.9781717182624006, 'generation': 460}","{'id': 35616, 'rank': 14, 'fitness': 0.9781183975247896, 'generation': 460}","{'id': 35495, 'rank': 15, 'fitness': 0.9771230164520993, 'generation': 460}","{'id': 35566, 'rank': 16, 'fitness': 0.977096004186487, 'generation': 460}","{'id': 35497, 'rank': 17, 'fitness': 0.9766135833503824, 'generation': 460}","{'id': 35559, 'rank': 18, 'fitness': 0.9757632573741314, 'generation': 460}","{'id': 35550, 'rank': 19, 'fitness': 0.9740025809431205, 'generation': 460}","{'id': 35606, 'rank': 20, 'fitness': 0.9736700993932799, 'generation': 460}","{'id': 35565, 'rank': 21, 'fitness': 0.9729871034641355, 'generation': 460}","{'id': 35546, 'rank': 22, 'fitness': 0.9722469810219074, 'generation': 460}","{'id': 35546, 'rank': 23, 'fitness': 0.9722469810219074, 'generation': 460}","{'id': 35551, 'rank': 24, 'fitness': 0.9671516734608777, 'generation': 460}","{'id': 35605, 'rank': 25, 'fitness': 0.9636276262187049, 'generation': 460}","{'id': 35605, 'rank': 26, 'fitness': 0.9636276262187049, 'generation': 460}","{'id': 35578, 'rank': 27, 'fitness': 0.9509949247164706, 'generation': 460}","{'id': 35601, 'rank': 28, 'fitness': 0.9348473754003115, 'generation': 460}","{'id': 35602, 'rank': 29, 'fitness': 0.8601170729960735, 'generation': 460}","{'id': 35587, 'rank': 30, 'fitness': 0.01798620996209155, 'generation': 460}"
"{'id': 35482, 'rank': 1, 'fitness': 0.9820137900379085, 'generation': 461}","{'id': 35672, 'rank': 2, 'fitness': 0.980930825420921, 'generation': 461}","{'id': 35649, 'rank': 3, 'fitness': 0.9734555135916338, 'generation': 461}","{'id': 35609, 'rank': 4, 'fitness': 0.9672035793134013, 'generation': 461}","{'id': 35609, 'rank': 5, 'fitness': 0.9672035793134013, 'generation': 461}","{'id': 35650, 'rank': 6, 'fitness': 0.9611126890269515, 'generation': 461}","{'id': 35650, 'rank': 7, 'fitness': 0.9611126890269515, 'generation': 461}","{'id': 35651, 'rank': 8, 'fitness': 0.9602297888440373, 'generation': 461}","{'id': 35668, 'rank': 9, 'fitness': 0.9535017603312778, 'generation': 461}","{'id': 35538, 'rank': 10, 'fitness': 0.952348684382121, 'generation': 461}","{'id': 35671, 'rank': 11, 'fitness': 0.9405058021877971, 'generation': 461}","{'id': 35619, 'rank': 12, 'fitness': 0.9339449562657917, 'generation': 461}","{'id': 35619, 'rank': 13, 'fitness': 0.9339449562657917, 'generation': 461}","{'id': 35667, 'rank': 14, 'fitness': 0.915488443363489, 'generation': 461}","{'id': 35670, 'rank': 15, 'fitness': 0.8870944291190053, 'generation': 461}","{'id': 35570, 'rank': 16, 'fitness': 0.8187955412141592, 'generation': 461}","{'id': 35570, 'rank': 17, 'fitness': 0.8187955412141592, 'generation': 461}","{'id': 35616, 'rank': 18, 'fitness': 0.8140800380167064, 'generation': 461}","{'id': 35566, 'rank': 19, 'fitness': 0.7083675560719555, 'generation': 461}","{'id': 35497, 'rank': 20, 'fitness': 0.6498284962980265, 'generation': 461}","{'id': 35687, 'rank': 21, 'fitness': 0.5579555901212764, 'generation': 461}","{'id': 35635, 'rank': 22, 'fitness': 0.531934859547303, 'generation': 461}","{'id': 35684, 'rank': 23, 'fitness': 0.5304584160224324, 'generation': 461}","{'id': 35645, 'rank': 24, 'fitness': 0.24640004199658605, 'generation': 461}","{'id': 35633, 'rank': 25, 'fitness': 0.11531546207933568, 'generation': 461}","{'id': 35663, 'rank': 26, 'fitness': 0.10661022744311205, 'generation': 461}","{'id': 35656, 'rank': 27, 'fitness': 0.06084098905858526, 'generation': 461}","{'id': 35656, 'rank': 28, 'fitness': 0.06084098905858526, 'generation': 461}","{'id': 35656, 'rank': 29, 'fitness': 0.06084098905858526, 'generation': 461}","{'id': 35627, 'rank': 30, 'fitness': 0.01798620996209155, 'generation': 461}"
"{'id': 35482, 'rank': 1, 'fitness': 0.9820137900379085, 'generation': 462}","{'id': 35714, 'rank': 2, 'fitness': 0.9819968470546158, 'generation': 462}","{'id': 35672, 'rank': 3, 'fitness': 0.9819632285029916, 'generation': 462}","{'id': 35712, 'rank': 4, 'fitness': 0.9816294480712768, 'generation': 462}","{'id': 35712, 'rank': 5, 'fitness': 0.9816294480712768, 'generation': 462}","{'id': 35609, 'rank': 6, 'fitness': 0.9814842454878546, 'generation': 462}","{'id': 35650, 'rank': 7, 'fitness': 0.9813295493232925, 'generation': 462}","{'id': 35650, 'rank': 8, 'fitness': 0.9813295493232925, 'generation': 462}","{'id': 35650, 'rank': 9, 'fitness': 0.9813295493232925, 'generation': 462}","{'id': 35651, 'rank': 10, 'fitness': 0.9813089915360409, 'generation': 462}","{'id': 35667, 'rank': 11, 'fitness': 0.9805903332470126, 'generation': 462}","{'id': 35704, 'rank': 12, 'fitness': 0.9805681300468871, 'generation': 462}","{'id': 35744, 'rank': 13, 'fitness': 0.9805228795053529, 'generation': 462}","{'id': 35616, 'rank': 14, 'fitness': 0.9797454863175163, 'generation': 462}","{'id': 35747, 'rank': 15, 'fitness': 0.9794417803237938, 'generation': 462}","{'id': 35743, 'rank': 16, 'fitness': 0.9788770948931713, 'generation': 462}","{'id': 35687, 'rank': 17, 'fitness': 0.9785264270910699, 'generation': 462}","{'id': 35635, 'rank': 18, 'fitness': 0.9784203413252792, 'generation': 462}","{'id': 35684, 'rank': 19, 'fitness': 0.9784143333455493, 'generation': 462}","{'id': 35702, 'rank': 20, 'fitness': 0.9782675563299512, 'generation': 462}","{'id': 35726, 'rank': 21, 'fitness': 0.9770560821234938, 'generation': 462}","{'id': 35633, 'rank': 22, 'fitness': 0.9761136667468266, 'generation': 462}","{'id': 35656, 'rank': 23, 'fitness': 0.9753187756820845, 'generation': 462}","{'id': 35656, 'rank': 24, 'fitness': 0.9753187756820845, 'generation': 462}","{'id': 35705, 'rank': 25, 'fitness': 0.9749509255853228, 'generation': 462}","{'id': 35736, 'rank': 26, 'fitness': 0.9732924059861761, 'generation': 462}","{'id': 35720, 'rank': 27, 'fitness': 0.9711558976695187, 'generation': 462}","{'id': 35749, 'rank': 28, 'fitness': 0.6592121854528668, 'generation': 462}","{'id': 35741, 'rank': 29, 'fitness': 0.6495484566996472, 'generation': 462}","{'id': 35755, 'rank': 30, 'fitness': 0.01798620996209155, 'generation': 462}"
"{'id': 35482, 'rank': 1, 'fitness': 0.9820137900379085, 'generation': 463}","{'id': 35714, 'rank': 2, 'fitness': 0.9816967560009122, 'generation': 463}","{'id': 35712, 'rank': 3, 'fitness': 0.9734108039381292, 'generation': 463}","{'id': 35712, 'rank': 4, 'fitness': 0.9734108039381292, 'generation': 463}","{'id': 35777, 'rank': 5, 'fitness': 0.9699031398488844, 'generation': 463}","{'id': 35650, 'rank': 6, 'fitness': 0.9642251212135413, 'generation': 463}","{'id': 35792, 'rank': 7, 'fitness': 0.9629355241091035, 'generation': 463}","{'id': 35822, 'rank': 8, 'fitness': 0.9615872193241018, 'generation': 463}","{'id': 35822, 'rank': 9, 'fitness': 0.9615872193241018, 'generation': 463}","{'id': 35798, 'rank': 10, 'fitness': 0.9565520103509321, 'generation': 463}","{'id': 35785, 'rank': 11, 'fitness': 0.9517823965397088, 'generation': 463}","{'id': 35776, 'rank': 12, 'fitness': 0.9438032566740486, 'generation': 463}","{'id': 35824, 'rank': 13, 'fitness': 0.9391055932443308, 'generation': 463}","{'id': 35840, 'rank': 14, 'fitness': 0.9316807706573045, 'generation': 463}","{'id': 35840, 'rank': 15, 'fitness': 0.9316807706573045, 'generation': 463}","{'id': 35704, 'rank': 16, 'fitness': 0.9267475216984079, 'generation': 463}","{'id': 35767, 'rank': 17, 'fitness': 0.8620646439044302, 'generation': 463}","{'id': 35811, 'rank': 18, 'fitness': 0.8366015066104556, 'generation': 463}","{'id': 35842, 'rank': 19, 'fitness': 0.7860289964335092, 'generation': 463}","{'id': 35756, 'rank': 20, 'fitness': 0.7215393726179598, 'generation': 463}","{'id': 35684, 'rank': 21, 'fitness': 0.6332028678224205, 'generation': 463}","{'id': 35702, 'rank': 22, 'fitness': 0.6028653982764955, 'generation': 463}","{'id': 35768, 'rank': 23, 'fitness': 0.5872187187035187, 'generation': 463}","{'id': 35808, 'rank': 24, 'fitness': 0.5145179898146388, 'generation': 463}","{'id': 35843, 'rank': 25, 'fitness': 0.5094549659647178, 'generation': 463}","{'id': 35778, 'rank': 26, 'fitness': 0.4592636849817908, 'generation': 463}","{'id': 35800, 'rank': 27, 'fitness': 0.44853310851079375, 'generation': 463}","{'id': 35771, 'rank': 28, 'fitness': 0.2802137610028217, 'generation': 463}","{'id': 35833, 'rank': 29, 'fitness': 0.047439525393459525, 'generation': 463}","{'id': 35831, 'rank': 30, 'fitness': 0.01798620996209155, 'generation': 463}"
"{'id': 35714, 'rank': 1, 'fitness': 0.9820137900379085, 'generation': 464}","{'id': 35889, 'rank': 2, 'fitness': 0.9815736406975792, 'generation': 464}","{'id': 35856, 'rank': 3, 'fitness': 0.9814501546416572, 'generation': 464}","{'id': 35856, 'rank': 4, 'fitness': 0.9814501546416572, 'generation': 464}","{'id': 35792, 'rank': 5, 'fitness': 0.9811266190575301, 'generation': 464}","{'id': 35890, 'rank': 6, 'fitness': 0.9810511705965765, 'generation': 464}","{'id': 35798, 'rank': 7, 'fitness': 0.9809180507592805, 'generation': 464}","{'id': 35798, 'rank': 8, 'fitness': 0.9809180507592805, 'generation': 464}","{'id': 35857, 'rank': 9, 'fitness': 0.9809156289137264, 'generation': 464}","{'id': 35857, 'rank': 10, 'fitness': 0.9809156289137264, 'generation': 464}","{'id': 35785, 'rank': 11, 'fitness': 0.9807792986882964, 'generation': 464}","{'id': 35785, 'rank': 12, 'fitness': 0.9807792986882964, 'generation': 464}","{'id': 35840, 'rank': 13, 'fitness': 0.9803018347585291, 'generation': 464}","{'id': 35871, 'rank': 14, 'fitness': 0.980212916633719, 'generation': 464}","{'id': 35704, 'rank': 15, 'fitness': 0.9802035552663165, 'generation': 464}","{'id': 35882, 'rank': 16, 'fitness': 0.9795057452813545, 'generation': 464}","{'id': 35872, 'rank': 17, 'fitness': 0.9791961283804484, 'generation': 464}","{'id': 35883, 'rank': 18, 'fitness': 0.9780191295356495, 'generation': 464}","{'id': 35756, 'rank': 19, 'fitness': 0.9780105885649977, 'generation': 464}","{'id': 35756, 'rank': 20, 'fitness': 0.9780105885649977, 'generation': 464}","{'id': 35684, 'rank': 21, 'fitness': 0.9774117367173472, 'generation': 464}","{'id': 35684, 'rank': 22, 'fitness': 0.9774117367173472, 'generation': 464}","{'id': 35702, 'rank': 23, 'fitness': 0.9772188662790995, 'generation': 464}","{'id': 35808, 'rank': 24, 'fitness': 0.9766712302478641, 'generation': 464}","{'id': 35851, 'rank': 25, 'fitness': 0.9753461302907844, 'generation': 464}","{'id': 35906, 'rank': 26, 'fitness': 0.9753011341189024, 'generation': 464}","{'id': 35873, 'rank': 27, 'fitness': 0.9690203748268496, 'generation': 464}","{'id': 35863, 'rank': 28, 'fitness': 0.9678049518424612, 'generation': 464}","{'id': 35903, 'rank': 29, 'fitness': 0.8500223858999927, 'generation': 464}","{'id': 35893, 'rank': 30, 'fitness': 0.01798620996209155, 'generation': 464}"
"{'id': 35714, 'rank': 1, 'fitness': 0.9820137900379085, 'generation': 465}","{'id': 35856, 'rank': 2, 'fitness': 0.9728451872253142, 'generation': 465}","{'id': 35856, 'rank': 3, 'fitness': 0.9728451872253142, 'generation': 465}","{'id': 35995, 'rank': 4, 'fitness': 0.9712069742007619, 'generation': 465}","{'id': 35989, 'rank': 5, 'fitness': 0.9651046004864422, 'generation': 465}","{'id': 35989, 'rank': 6, 'fitness': 0.9651046004864422, 'generation': 465}","{'id': 35857, 'rank': 7, 'fitness': 0.9604770409709833, 'generation': 465}","{'id': 35857, 'rank': 8, 'fitness': 0.9604770409709833, 'generation': 465}","{'id': 35971, 'rank': 9, 'fitness': 0.9596894863609163, 'generation': 465}","{'id': 35971, 'rank': 10, 'fitness': 0.9596894863609163, 'generation': 465}","{'id': 35957, 'rank': 11, 'fitness': 0.9559856439002672, 'generation': 465}","{'id': 35946, 'rank': 12, 'fitness': 0.9505112474638737, 'generation': 465}","{'id': 35991, 'rank': 13, 'fitness': 0.9372072306363533, 'generation': 465}","{'id': 35991, 'rank': 14, 'fitness': 0.9372072306363533, 'generation': 465}","{'id': 35871, 'rank': 15, 'fitness': 0.9368028361772506, 'generation': 465}","{'id': 35704, 'rank': 16, 'fitness': 0.9364187897230116, 'generation': 465}","{'id': 35922, 'rank': 17, 'fitness': 0.9352491511759273, 'generation': 465}","{'id': 35958, 'rank': 18, 'fitness': 0.9228539670930225, 'generation': 465}","{'id': 35937, 'rank': 19, 'fitness': 0.9210958297211538, 'generation': 465}","{'id': 35937, 'rank': 20, 'fitness': 0.9210958297211538, 'generation': 465}","{'id': 35965, 'rank': 21, 'fitness': 0.9146508993309423, 'generation': 465}","{'id': 35970, 'rank': 22, 'fitness': 0.8964368190674135, 'generation': 465}","{'id': 35970, 'rank': 23, 'fitness': 0.8964368190674135, 'generation': 465}","{'id': 35920, 'rank': 24, 'fitness': 0.8602270504076693, 'generation': 465}","{'id': 35883, 'rank': 25, 'fitness': 0.7784591633182025, 'generation': 465}","{'id': 35684, 'rank': 26, 'fitness': 0.7074400836704485, 'generation': 465}","{'id': 35997, 'rank': 27, 'fitness': 0.6787081232918415, 'generation': 465}","{'id': 35977, 'rank': 28, 'fitness': 0.6094332338991909, 'generation': 465}","{'id': 35952, 'rank': 29, 'fitness': 0.5165250996764312, 'generation': 465}","{'id': 35863, 'rank': 30, 'fitness': 0.01798620996209155, 'generation': 465}"
"{'id': 36013, 'rank': 1, 'fitness': 0.9820137900379085, 'generation': 466}","{'id': 35856, 'rank': 2, 'fitness': 0.9804009279004671, 'generation': 466}","{'id': 36066, 'rank': 3, 'fitness': 0.9793856008555605, 'generation': 466}","{'id': 35989, 'rank': 4, 'fitness': 0.9766139546620817, 'generation': 466}","{'id': 35989, 'rank': 5, 'fitness': 0.9766139546620817, 'generation': 466}","{'id': 35989, 'rank': 6, 'fitness': 0.9766139546620817, 'generation': 466}","{'id': 36011, 'rank': 7, 'fitness': 0.9750593523758949, 'generation': 466}","{'id': 35857, 'rank': 8, 'fitness': 0.9744623261733655, 'generation': 466}","{'id': 35971, 'rank': 9, 'fitness': 0.9741031310967319, 'generation': 466}","{'id': 36059, 'rank': 10, 'fitness': 0.9719942858177997, 'generation': 466}","{'id': 36067, 'rank': 11, 'fitness': 0.9647474399199982, 'generation': 466}","{'id': 35991, 'rank': 12, 'fitness': 0.9644860474121686, 'generation': 466}","{'id': 35991, 'rank': 13, 'fitness': 0.9644860474121686, 'generation': 466}","{'id': 35922, 'rank': 14, 'fitness': 0.9636939752060969, 'generation': 466}","{'id': 35958, 'rank': 15, 'fitness': 0.9588021474021652, 'generation': 466}","{'id': 35937, 'rank': 16, 'fitness': 0.9581233862976752, 'generation': 466}","{'id': 36093, 'rank': 17, 'fitness': 0.9580597187212769, 'generation': 466}","{'id': 36094, 'rank': 18, 'fitness': 0.956147819710832, 'generation': 466}","{'id': 36010, 'rank': 19, 'fitness': 0.9519734044547812, 'generation': 466}","{'id': 35970, 'rank': 20, 'fitness': 0.9489045380361042, 'generation': 466}","{'id': 36060, 'rank': 21, 'fitness': 0.922387804917583, 'generation': 466}","{'id': 36028, 'rank': 22, 'fitness': 0.9161093687745134, 'generation': 466}","{'id': 36081, 'rank': 23, 'fitness': 0.9005119394204175, 'generation': 466}","{'id': 35997, 'rank': 24, 'fitness': 0.8741031458123594, 'generation': 466}","{'id': 36083, 'rank': 25, 'fitness': 0.8588747145627869, 'generation': 466}","{'id': 36030, 'rank': 26, 'fitness': 0.8443803787685296, 'generation': 466}","{'id': 36007, 'rank': 27, 'fitness': 0.7837552923989215, 'generation': 466}","{'id': 36072, 'rank': 28, 'fitness': 0.6732251047396038, 'generation': 466}","{'id': 36072, 'rank': 29, 'fitness': 0.6732251047396038, 'generation': 466}","{'id': 36049, 'rank': 30, 'fitness': 0.01798620996209155, 'generation': 466}"
"{'id': 36104, 'rank': 1, 'fitness': 0.9820137900379085, 'generation': 467}","{'id': 36157, 'rank': 2, 'fitness': 0.9813472834885795, 'generation': 467}","{'id': 35989, 'rank': 3, 'fitness': 0.9810356112086451, 'generation': 467}","{'id': 36011, 'rank': 4, 'fitness': 0.9801134212183011, 'generation': 467}","{'id': 35971, 'rank': 5, 'fitness': 0.979553392905627, 'generation': 467}","{'id': 36109, 'rank': 6, 'fitness': 0.9787769824746212, 'generation': 467}","{'id': 36109, 'rank': 7, 'fitness': 0.9787769824746212, 'generation': 467}","{'id': 36106, 'rank': 8, 'fitness': 0.9787275239194663, 'generation': 467}","{'id': 36111, 'rank': 9, 'fitness': 0.9786247723700559, 'generation': 467}","{'id': 36059, 'rank': 10, 'fitness': 0.9783361921846072, 'generation': 467}","{'id': 36107, 'rank': 11, 'fitness': 0.9774431108865823, 'generation': 467}","{'id': 35991, 'rank': 12, 'fitness': 0.9741720571456396, 'generation': 467}","{'id': 35937, 'rank': 13, 'fitness': 0.9708091124229821, 'generation': 467}","{'id': 36108, 'rank': 14, 'fitness': 0.9699795281506505, 'generation': 467}","{'id': 36115, 'rank': 15, 'fitness': 0.9686793071630078, 'generation': 467}","{'id': 36129, 'rank': 16, 'fitness': 0.9586819245671432, 'generation': 467}","{'id': 36141, 'rank': 17, 'fitness': 0.9409421312897519, 'generation': 467}","{'id': 36128, 'rank': 18, 'fitness': 0.9393166314936384, 'generation': 467}","{'id': 36128, 'rank': 19, 'fitness': 0.9393166314936384, 'generation': 467}","{'id': 35997, 'rank': 20, 'fitness': 0.9326875648196443, 'generation': 467}","{'id': 36150, 'rank': 21, 'fitness': 0.9254523094970368, 'generation': 467}","{'id': 36150, 'rank': 22, 'fitness': 0.9254523094970368, 'generation': 467}","{'id': 36140, 'rank': 23, 'fitness': 0.9050292431744631, 'generation': 467}","{'id': 36122, 'rank': 24, 'fitness': 0.901827812672275, 'generation': 467}","{'id': 36148, 'rank': 25, 'fitness': 0.8785286282910122, 'generation': 467}","{'id': 36162, 'rank': 26, 'fitness': 0.866120450344411, 'generation': 467}","{'id': 36072, 'rank': 27, 'fitness': 0.850270110019442, 'generation': 467}","{'id': 36161, 'rank': 28, 'fitness': 0.8464002263514928, 'generation': 467}","{'id': 36154, 'rank': 29, 'fitness': 0.06445302485427418, 'generation': 467}","{'id': 36164, 'rank': 30, 'fitness': 0.01798620996209155, 'generation': 467}"
"{'id': 36104, 'rank': 1, 'fitness': 0.9820137900379085, 'generation': 468}","{'id': 36195, 'rank': 2, 'fitness': 0.981187902350617, 'generation': 468}","{'id': 35971, 'rank': 3, 'fitness': 0.9800907661040165, 'generation': 468}","{'id': 35971, 'rank': 4, 'fitness': 0.9800907661040165, 'generation': 468}","{'id': 36109, 'rank': 5, 'fitness': 0.9794939051372785, 'generation': 468}","{'id': 36106, 'rank': 6, 'fitness': 0.9794560354332673, 'generation': 468}","{'id': 36183, 'rank': 7, 'fitness': 0.9784016139218167, 'generation': 468}","{'id': 36181, 'rank': 8, 'fitness': 0.9773682861326555, 'generation': 468}","{'id': 36227, 'rank': 9, 'fitness': 0.9762382443600287, 'generation': 468}","{'id': 35991, 'rank': 10, 'fitness': 0.9760382031751433, 'generation': 468}","{'id': 36235, 'rank': 11, 'fitness': 0.9745796220478533, 'generation': 468}","{'id': 36212, 'rank': 12, 'fitness': 0.9742892531877426, 'generation': 468}","{'id': 35937, 'rank': 13, 'fitness': 0.9735927348971816, 'generation': 468}","{'id': 36115, 'rank': 14, 'fitness': 0.9720729599919646, 'generation': 468}","{'id': 36203, 'rank': 15, 'fitness': 0.9717717106720267, 'generation': 468}","{'id': 36231, 'rank': 16, 'fitness': 0.9712687358677733, 'generation': 468}","{'id': 36229, 'rank': 17, 'fitness': 0.9701921119151464, 'generation': 468}","{'id': 36193, 'rank': 18, 'fitness': 0.969552484194024, 'generation': 468}","{'id': 36226, 'rank': 19, 'fitness': 0.9694648644066981, 'generation': 468}","{'id': 36205, 'rank': 20, 'fitness': 0.9677911547294995, 'generation': 468}","{'id': 36184, 'rank': 21, 'fitness': 0.9625379576159463, 'generation': 468}","{'id': 36128, 'rank': 22, 'fitness': 0.9526460373008994, 'generation': 468}","{'id': 36072, 'rank': 23, 'fitness': 0.9009070528312568, 'generation': 468}","{'id': 36161, 'rank': 24, 'fitness': 0.8987597432973641, 'generation': 468}","{'id': 36161, 'rank': 25, 'fitness': 0.8987597432973641, 'generation': 468}","{'id': 36201, 'rank': 26, 'fitness': 0.7031288459720466, 'generation': 468}","{'id': 36219, 'rank': 27, 'fitness': 0.5746611741052885, 'generation': 468}","{'id': 36191, 'rank': 28, 'fitness': 0.5132625404487943, 'generation': 468}","{'id': 36191, 'rank': 29, 'fitness': 0.5132625404487943, 'generation': 468}","{'id': 36217, 'rank': 30, 'fitness': 0.01798620996209155, 'generation': 468}"
"{'id': 36299, 'rank': 1, 'fitness': 0.9820137900379085, 'generation': 469}","{'id': 36299, 'rank': 2, 'fitness': 0.9820137900379085, 'generation': 469}","{'id': 36109, 'rank': 3, 'fitness': 0.9815453777912707, 'generation': 469}","{'id': 36109, 'rank': 4, 'fitness': 0.9815453777912707, 'generation': 469}","{'id': 36106, 'rank': 5, 'fitness': 0.9815428337741312, 'generation': 469}","{'id': 36278, 'rank': 6, 'fitness': 0.9814469309424079, 'generation': 469}","{'id': 36181, 'rank': 7, 'fitness': 0.9814087561234528, 'generation': 469}","{'id': 36280, 'rank': 8, 'fitness': 0.9813311170069294, 'generation': 469}","{'id': 35991, 'rank': 9, 'fitness': 0.9813290546840301, 'generation': 469}","{'id': 36255, 'rank': 10, 'fitness': 0.9813256009615293, 'generation': 469}","{'id': 36265, 'rank': 11, 'fitness': 0.9811421497397438, 'generation': 469}","{'id': 36262, 'rank': 12, 'fitness': 0.9811092548811766, 'generation': 469}","{'id': 36251, 'rank': 13, 'fitness': 0.9810883568793914, 'generation': 469}","{'id': 36229, 'rank': 14, 'fitness': 0.9810201611361475, 'generation': 469}","{'id': 36229, 'rank': 15, 'fitness': 0.9810201611361475, 'generation': 469}","{'id': 36269, 'rank': 16, 'fitness': 0.9810062943988671, 'generation': 469}","{'id': 36269, 'rank': 17, 'fitness': 0.9810062943988671, 'generation': 469}","{'id': 36205, 'rank': 18, 'fitness': 0.9809088670288202, 'generation': 469}","{'id': 36205, 'rank': 19, 'fitness': 0.9809088670288202, 'generation': 469}","{'id': 36314, 'rank': 20, 'fitness': 0.9809042705284408, 'generation': 469}","{'id': 36306, 'rank': 21, 'fitness': 0.9808077401518138, 'generation': 469}","{'id': 36270, 'rank': 22, 'fitness': 0.9804648382157091, 'generation': 469}","{'id': 36327, 'rank': 23, 'fitness': 0.9804207480500258, 'generation': 469}","{'id': 36316, 'rank': 24, 'fitness': 0.9803982115944638, 'generation': 469}","{'id': 36337, 'rank': 25, 'fitness': 0.9803979861022085, 'generation': 469}","{'id': 36275, 'rank': 26, 'fitness': 0.9796480649302592, 'generation': 469}","{'id': 36072, 'rank': 27, 'fitness': 0.9791663806621574, 'generation': 469}","{'id': 36161, 'rank': 28, 'fitness': 0.9791301166627056, 'generation': 469}","{'id': 36290, 'rank': 29, 'fitness': 0.9789024545506958, 'generation': 469}","{'id': 36320, 'rank': 30, 'fitness': 0.01798620996209155, 'generation': 469}"
"{'id': 36415, 'rank': 1, 'fitness': 0.9820137900379085, 'generation': 470}","{'id': 36299, 'rank': 2, 'fitness': 0.9806123625855787, 'generation': 470}","{'id': 36299, 'rank': 3, 'fitness': 0.9806123625855787, 'generation': 470}","{'id': 36299, 'rank': 4, 'fitness': 0.9806123625855787, 'generation': 470}","{'id': 36109, 'rank': 5, 'fitness': 0.9141680099491023, 'generation': 470}","{'id': 36386, 'rank': 6, 'fitness': 0.9128565646270742, 'generation': 470}","{'id': 36278, 'rank': 7, 'fitness': 0.8852517571156631, 'generation': 470}","{'id': 36181, 'rank': 8, 'fitness': 0.8719744691734017, 'generation': 470}","{'id': 36396, 'rank': 9, 'fitness': 0.8254934515382977, 'generation': 470}","{'id': 36405, 'rank': 10, 'fitness': 0.7631347739934737, 'generation': 470}","{'id': 36265, 'rank': 11, 'fitness': 0.7417859452721769, 'generation': 470}","{'id': 36262, 'rank': 12, 'fitness': 0.7210328196414701, 'generation': 470}","{'id': 36377, 'rank': 13, 'fitness': 0.7160575183839074, 'generation': 470}","{'id': 36400, 'rank': 14, 'fitness': 0.679767811270519, 'generation': 470}","{'id': 36400, 'rank': 15, 'fitness': 0.679767811270519, 'generation': 470}","{'id': 36403, 'rank': 16, 'fitness': 0.6472445840623606, 'generation': 470}","{'id': 36354, 'rank': 17, 'fitness': 0.6347931714054978, 'generation': 470}","{'id': 36354, 'rank': 18, 'fitness': 0.6347931714054978, 'generation': 470}","{'id': 36360, 'rank': 19, 'fitness': 0.630434810176748, 'generation': 470}","{'id': 36346, 'rank': 20, 'fitness': 0.6195069618116595, 'generation': 470}","{'id': 36345, 'rank': 21, 'fitness': 0.5433015969662682, 'generation': 470}","{'id': 36339, 'rank': 22, 'fitness': 0.49470590464385333, 'generation': 470}","{'id': 36344, 'rank': 23, 'fitness': 0.48417415045521117, 'generation': 470}","{'id': 36367, 'rank': 24, 'fitness': 0.41797308055901766, 'generation': 470}","{'id': 36393, 'rank': 25, 'fitness': 0.404523533385655, 'generation': 470}","{'id': 36342, 'rank': 26, 'fitness': 0.3604185626981023, 'generation': 470}","{'id': 36351, 'rank': 27, 'fitness': 0.24846930300861275, 'generation': 470}","{'id': 36327, 'rank': 28, 'fitness': 0.22759863095275185, 'generation': 470}","{'id': 36381, 'rank': 29, 'fitness': 0.08291553794636969, 'generation': 470}","{'id': 36388, 'rank': 30, 'fitness': 0.01798620996209155, 'generation': 470}"
"{'id': 36466, 'rank': 1, 'fitness': 0.9820137900379085, 'generation': 471}","{'id': 36466, 'rank': 2, 'fitness': 0.9820137900379085, 'generation': 471}","{'id': 36415, 'rank': 3, 'fitness': 0.9817528902714951, 'generation': 471}","{'id': 36299, 'rank': 4, 'fitness': 0.9817411998935723, 'generation': 471}","{'id': 36474, 'rank': 5, 'fitness': 0.9815909722905581, 'generation': 471}","{'id': 36474, 'rank': 6, 'fitness': 0.9815909722905581, 'generation': 471}","{'id': 36467, 'rank': 7, 'fitness': 0.9815626146541767, 'generation': 471}","{'id': 36467, 'rank': 8, 'fitness': 0.9815626146541767, 'generation': 471}","{'id': 36109, 'rank': 9, 'fitness': 0.9815013892740816, 'generation': 471}","{'id': 36109, 'rank': 10, 'fitness': 0.9815013892740816, 'generation': 471}","{'id': 36109, 'rank': 11, 'fitness': 0.9815013892740816, 'generation': 471}","{'id': 36109, 'rank': 12, 'fitness': 0.9815013892740816, 'generation': 471}","{'id': 36386, 'rank': 13, 'fitness': 0.9814988175798477, 'generation': 471}","{'id': 36481, 'rank': 14, 'fitness': 0.9814575873232945, 'generation': 471}","{'id': 36345, 'rank': 15, 'fitness': 0.9811587370872327, 'generation': 471}","{'id': 36339, 'rank': 16, 'fitness': 0.9811279833670223, 'generation': 471}","{'id': 36367, 'rank': 17, 'fitness': 0.9810789580499721, 'generation': 471}","{'id': 36393, 'rank': 18, 'fitness': 0.9810701572800973, 'generation': 471}","{'id': 36342, 'rank': 19, 'fitness': 0.9810405191426854, 'generation': 471}","{'id': 36342, 'rank': 20, 'fitness': 0.9810405191426854, 'generation': 471}","{'id': 36472, 'rank': 21, 'fitness': 0.9800215799842947, 'generation': 471}","{'id': 36457, 'rank': 22, 'fitness': 0.9787183524679441, 'generation': 471}","{'id': 36470, 'rank': 23, 'fitness': 0.9760319583402755, 'generation': 471}","{'id': 36421, 'rank': 24, 'fitness': 0.9456105629805881, 'generation': 471}","{'id': 36455, 'rank': 25, 'fitness': 0.9110788421438258, 'generation': 471}","{'id': 36460, 'rank': 26, 'fitness': 0.8718025188290751, 'generation': 471}","{'id': 36477, 'rank': 27, 'fitness': 0.780642690566909, 'generation': 471}","{'id': 36477, 'rank': 28, 'fitness': 0.780642690566909, 'generation': 471}","{'id': 36445, 'rank': 29, 'fitness': 0.7470094388905897, 'generation': 471}","{'id': 36435, 'rank': 30, 'fitness': 0.01798620996209155, 'generation': 471}"
"{'id': 36494, 'rank': 1, 'fitness': 0.9820137900379085, 'generation': 472}","{'id': 36493, 'rank': 2, 'fitness': 0.9798738254665764, 'generation': 472}","{'id': 36552, 'rank': 3, 'fitness': 0.9543122355201701, 'generation': 472}","{'id': 36299, 'rank': 4, 'fitness': 0.9192808368935511, 'generation': 472}","{'id': 36515, 'rank': 5, 'fitness': 0.874894867403704, 'generation': 472}","{'id': 36532, 'rank': 6, 'fitness': 0.8362492897562591, 'generation': 472}","{'id': 36532, 'rank': 7, 'fitness': 0.8362492897562591, 'generation': 472}","{'id': 36561, 'rank': 8, 'fitness': 0.8146556740175759, 'generation': 472}","{'id': 36561, 'rank': 9, 'fitness': 0.8146556740175759, 'generation': 472}","{'id': 36562, 'rank': 10, 'fitness': 0.747501588177981, 'generation': 472}","{'id': 36562, 'rank': 11, 'fitness': 0.747501588177981, 'generation': 472}","{'id': 36467, 'rank': 12, 'fitness': 0.7461361642324511, 'generation': 472}","{'id': 36467, 'rank': 13, 'fitness': 0.7461361642324511, 'generation': 472}","{'id': 36467, 'rank': 14, 'fitness': 0.7461361642324511, 'generation': 472}","{'id': 36548, 'rank': 15, 'fitness': 0.6871108541145947, 'generation': 472}","{'id': 36109, 'rank': 16, 'fitness': 0.6494674380820483, 'generation': 472}","{'id': 36481, 'rank': 17, 'fitness': 0.5713874858497053, 'generation': 472}","{'id': 36559, 'rank': 18, 'fitness': 0.559472793519465, 'generation': 472}","{'id': 36519, 'rank': 19, 'fitness': 0.34122634040181055, 'generation': 472}","{'id': 36522, 'rank': 20, 'fitness': 0.23053233270061713, 'generation': 472}","{'id': 36520, 'rank': 21, 'fitness': 0.1938571492594629, 'generation': 472}","{'id': 36345, 'rank': 22, 'fitness': 0.12583662432117348, 'generation': 472}","{'id': 36339, 'rank': 23, 'fitness': 0.10290420775976611, 'generation': 472}","{'id': 36540, 'rank': 24, 'fitness': 0.06652922197961342, 'generation': 472}","{'id': 36342, 'rank': 25, 'fitness': 0.05682852832676688, 'generation': 472}","{'id': 36342, 'rank': 26, 'fitness': 0.05682852832676688, 'generation': 472}","{'id': 36527, 'rank': 27, 'fitness': 0.02148274556743468, 'generation': 472}","{'id': 36527, 'rank': 28, 'fitness': 0.02148274556743468, 'generation': 472}","{'id': 36513, 'rank': 29, 'fitness': 0.01826387896176329, 'generation': 472}","{'id': 36503, 'rank': 30, 'fitness': 0.01798620996209155, 'generation': 472}"
"{'id': 36595, 'rank': 1, 'fitness': 0.9820137900379085, 'generation': 473}","{'id': 36493, 'rank': 2, 'fitness': 0.9811474675357205, 'generation': 473}","{'id': 36493, 'rank': 3, 'fitness': 0.9811474675357205, 'generation': 473}","{'id': 36596, 'rank': 4, 'fitness': 0.9809238831802813, 'generation': 473}","{'id': 36597, 'rank': 5, 'fitness': 0.9806529546178696, 'generation': 473}","{'id': 36552, 'rank': 6, 'fitness': 0.980265106173859, 'generation': 473}","{'id': 36598, 'rank': 7, 'fitness': 0.9796411259817388, 'generation': 473}","{'id': 36299, 'rank': 8, 'fitness': 0.9796079016040824, 'generation': 473}","{'id': 36532, 'rank': 9, 'fitness': 0.978705889424091, 'generation': 473}","{'id': 36561, 'rank': 10, 'fitness': 0.9785328739433046, 'generation': 473}","{'id': 36569, 'rank': 11, 'fitness': 0.9781860530129781, 'generation': 473}","{'id': 36569, 'rank': 12, 'fitness': 0.9781860530129781, 'generation': 473}","{'id': 36562, 'rank': 13, 'fitness': 0.9780705020038514, 'generation': 473}","{'id': 36562, 'rank': 14, 'fitness': 0.9780705020038514, 'generation': 473}","{'id': 36562, 'rank': 15, 'fitness': 0.9780705020038514, 'generation': 473}","{'id': 36548, 'rank': 16, 'fitness': 0.9777146210362861, 'generation': 473}","{'id': 36481, 'rank': 17, 'fitness': 0.9771072744078162, 'generation': 473}","{'id': 36559, 'rank': 18, 'fitness': 0.9770474151232561, 'generation': 473}","{'id': 36559, 'rank': 19, 'fitness': 0.9770474151232561, 'generation': 473}","{'id': 36345, 'rank': 20, 'fitness': 0.9741964783927775, 'generation': 473}","{'id': 36345, 'rank': 21, 'fitness': 0.9741964783927775, 'generation': 473}","{'id': 36345, 'rank': 22, 'fitness': 0.9741964783927775, 'generation': 473}","{'id': 36342, 'rank': 23, 'fitness': 0.9729619735624694, 'generation': 473}","{'id': 36527, 'rank': 24, 'fitness': 0.9714590057751016, 'generation': 473}","{'id': 36503, 'rank': 25, 'fitness': 0.9711807801429206, 'generation': 473}","{'id': 36603, 'rank': 26, 'fitness': 0.9390078695401762, 'generation': 473}","{'id': 36573, 'rank': 27, 'fitness': 0.09625844980089004, 'generation': 473}","{'id': 36573, 'rank': 28, 'fitness': 0.09625844980089004, 'generation': 473}","{'id': 36577, 'rank': 29, 'fitness': 0.03544813257249102, 'generation': 473}","{'id': 36571, 'rank': 30, 'fitness': 0.01798620996209155, 'generation': 473}"
"{'id': 36595, 'rank': 1, 'fitness': 0.9820137900379085, 'generation': 474}","{'id': 36595, 'rank': 2, 'fitness': 0.9820137900379085, 'generation': 474}","{'id': 36595, 'rank': 3, 'fitness': 0.9820137900379085, 'generation': 474}","{'id': 36678, 'rank': 4, 'fitness': 0.9647727666779653, 'generation': 474}","{'id': 36493, 'rank': 5, 'fitness': 0.9612844609555717, 'generation': 474}","{'id': 36596, 'rank': 6, 'fitness': 0.953221960780928, 'generation': 474}","{'id': 36597, 'rank': 7, 'fitness': 0.9414763555209658, 'generation': 474}","{'id': 36677, 'rank': 8, 'fitness': 0.9403136024629484, 'generation': 474}","{'id': 36662, 'rank': 9, 'fitness': 0.9342159754314219, 'generation': 474}","{'id': 36552, 'rank': 10, 'fitness': 0.9202071493731474, 'generation': 474}","{'id': 36552, 'rank': 11, 'fitness': 0.9202071493731474, 'generation': 474}","{'id': 36663, 'rank': 12, 'fitness': 0.8924265468112247, 'generation': 474}","{'id': 36663, 'rank': 13, 'fitness': 0.8924265468112247, 'generation': 474}","{'id': 36299, 'rank': 14, 'fitness': 0.869382987880311, 'generation': 474}","{'id': 36626, 'rank': 15, 'fitness': 0.7467811354146703, 'generation': 474}","{'id': 36632, 'rank': 16, 'fitness': 0.7460393522398949, 'generation': 474}","{'id': 36561, 'rank': 17, 'fitness': 0.7374492582191747, 'generation': 474}","{'id': 36562, 'rank': 18, 'fitness': 0.6625337121734862, 'generation': 474}","{'id': 36562, 'rank': 19, 'fitness': 0.6625337121734862, 'generation': 474}","{'id': 36562, 'rank': 20, 'fitness': 0.6625337121734862, 'generation': 474}","{'id': 36657, 'rank': 21, 'fitness': 0.6008017574770443, 'generation': 474}","{'id': 36658, 'rank': 22, 'fitness': 0.5972918100872082, 'generation': 474}","{'id': 36658, 'rank': 23, 'fitness': 0.5972918100872082, 'generation': 474}","{'id': 36559, 'rank': 24, 'fitness': 0.4769366553222028, 'generation': 474}","{'id': 36623, 'rank': 25, 'fitness': 0.3968666948185899, 'generation': 474}","{'id': 36684, 'rank': 26, 'fitness': 0.3777053072470623, 'generation': 474}","{'id': 36624, 'rank': 27, 'fitness': 0.22926534307628071, 'generation': 474}","{'id': 36646, 'rank': 28, 'fitness': 0.20007664086542754, 'generation': 474}","{'id': 36503, 'rank': 29, 'fitness': 0.019195076617155027, 'generation': 474}","{'id': 36636, 'rank': 30, 'fitness': 0.01798620996209155, 'generation': 474}"
"{'id': 36696, 'rank': 1, 'fitness': 0.9820137900379085, 'generation': 475}","{'id': 36493, 'rank': 2, 'fitness': 0.9818454320393417, 'generation': 475}","{'id': 36718, 'rank': 3, 'fitness': 0.9817871612152302, 'generation': 475}","{'id': 36718, 'rank': 4, 'fitness': 0.9817871612152302, 'generation': 475}","{'id': 36596, 'rank': 5, 'fitness': 0.9817777849214437, 'generation': 475}","{'id': 36597, 'rank': 6, 'fitness': 0.9816965225355361, 'generation': 475}","{'id': 36597, 'rank': 7, 'fitness': 0.9816965225355361, 'generation': 475}","{'id': 36677, 'rank': 8, 'fitness': 0.9816893184244688, 'generation': 475}","{'id': 36677, 'rank': 9, 'fitness': 0.9816893184244688, 'generation': 475}","{'id': 36697, 'rank': 10, 'fitness': 0.9816469517598623, 'generation': 475}","{'id': 36697, 'rank': 11, 'fitness': 0.9816469517598623, 'generation': 475}","{'id': 36697, 'rank': 12, 'fitness': 0.9816469517598623, 'generation': 475}","{'id': 36552, 'rank': 13, 'fitness': 0.9815815087180373, 'generation': 475}","{'id': 36552, 'rank': 14, 'fitness': 0.9815815087180373, 'generation': 475}","{'id': 36766, 'rank': 15, 'fitness': 0.9814140414516196, 'generation': 475}","{'id': 36561, 'rank': 16, 'fitness': 0.981085526662441, 'generation': 475}","{'id': 36561, 'rank': 17, 'fitness': 0.981085526662441, 'generation': 475}","{'id': 36561, 'rank': 18, 'fitness': 0.981085526662441, 'generation': 475}","{'id': 36562, 'rank': 19, 'fitness': 0.9809576920949028, 'generation': 475}","{'id': 36713, 'rank': 20, 'fitness': 0.9799382987488632, 'generation': 475}","{'id': 36714, 'rank': 21, 'fitness': 0.9798563504527751, 'generation': 475}","{'id': 36748, 'rank': 22, 'fitness': 0.9798290088962802, 'generation': 475}","{'id': 36503, 'rank': 23, 'fitness': 0.9792353240290679, 'generation': 475}","{'id': 36759, 'rank': 24, 'fitness': 0.9786255448995769, 'generation': 475}","{'id': 36759, 'rank': 25, 'fitness': 0.9786255448995769, 'generation': 475}","{'id': 36756, 'rank': 26, 'fitness': 0.9717137692199345, 'generation': 475}","{'id': 36703, 'rank': 27, 'fitness': 0.9706983957885168, 'generation': 475}","{'id': 36744, 'rank': 28, 'fitness': 0.6002942428817185, 'generation': 475}","{'id': 36725, 'rank': 29, 'fitness': 0.5172585530925329, 'generation': 475}","{'id': 36764, 'rank': 30, 'fitness': 0.01798620996209155, 'generation': 475}"
"{'id': 36696, 'rank': 1, 'fitness': 0.9820137900379085, 'generation': 476}","{'id': 36493, 'rank': 2, 'fitness': 0.9793447156714102, 'generation': 476}","{'id': 36842, 'rank': 3, 'fitness': 0.9790630982545048, 'generation': 476}","{'id': 36836, 'rank': 4, 'fitness': 0.9788055192186991, 'generation': 476}","{'id': 36775, 'rank': 5, 'fitness': 0.9776159637601316, 'generation': 476}","{'id': 36597, 'rank': 6, 'fitness': 0.9766877816072331, 'generation': 476}","{'id': 36697, 'rank': 7, 'fitness': 0.9757365628046886, 'generation': 476}","{'id': 36697, 'rank': 8, 'fitness': 0.9757365628046886, 'generation': 476}","{'id': 36697, 'rank': 9, 'fitness': 0.9757365628046886, 'generation': 476}","{'id': 36697, 'rank': 10, 'fitness': 0.9757365628046886, 'generation': 476}","{'id': 36697, 'rank': 11, 'fitness': 0.9757365628046886, 'generation': 476}","{'id': 36805, 'rank': 12, 'fitness': 0.9752550821252048, 'generation': 476}","{'id': 36552, 'rank': 13, 'fitness': 0.97442676795206, 'generation': 476}","{'id': 36552, 'rank': 14, 'fitness': 0.97442676795206, 'generation': 476}","{'id': 36820, 'rank': 15, 'fitness': 0.9724852222274747, 'generation': 476}","{'id': 36831, 'rank': 16, 'fitness': 0.9721300663170744, 'generation': 476}","{'id': 36822, 'rank': 17, 'fitness': 0.971097021008896, 'generation': 476}","{'id': 36766, 'rank': 18, 'fitness': 0.970778040998155, 'generation': 476}","{'id': 36790, 'rank': 19, 'fitness': 0.9686536681641561, 'generation': 476}","{'id': 36808, 'rank': 20, 'fitness': 0.9658156082347533, 'generation': 476}","{'id': 36781, 'rank': 21, 'fitness': 0.9654428300872951, 'generation': 476}","{'id': 36817, 'rank': 22, 'fitness': 0.9649900338189951, 'generation': 476}","{'id': 36841, 'rank': 23, 'fitness': 0.9597653250643805, 'generation': 476}","{'id': 36798, 'rank': 24, 'fitness': 0.9321150146353996, 'generation': 476}","{'id': 36811, 'rank': 25, 'fitness': 0.9052857446116024, 'generation': 476}","{'id': 36813, 'rank': 26, 'fitness': 0.8609678125362781, 'generation': 476}","{'id': 36783, 'rank': 27, 'fitness': 0.8092620719540097, 'generation': 476}","{'id': 36793, 'rank': 28, 'fitness': 0.7259825097372898, 'generation': 476}","{'id': 36703, 'rank': 29, 'fitness': 0.03139373079326291, 'generation': 476}","{'id': 36815, 'rank': 30, 'fitness': 0.01798620996209155, 'generation': 476}"
"{'id': 36696, 'rank': 1, 'fitness': 0.9820137900379085, 'generation': 477}","{'id': 36902, 'rank': 2, 'fitness': 0.9817000613664264, 'generation': 477}","{'id': 36493, 'rank': 3, 'fitness': 0.9791243143045706, 'generation': 477}","{'id': 36836, 'rank': 4, 'fitness': 0.97853706357264, 'generation': 477}","{'id': 36836, 'rank': 5, 'fitness': 0.97853706357264, 'generation': 477}","{'id': 36775, 'rank': 6, 'fitness': 0.9772375877584127, 'generation': 477}","{'id': 36775, 'rank': 7, 'fitness': 0.9772375877584127, 'generation': 477}","{'id': 36597, 'rank': 8, 'fitness': 0.9762200542630401, 'generation': 477}","{'id': 36854, 'rank': 9, 'fitness': 0.9760651659404156, 'generation': 477}","{'id': 36697, 'rank': 10, 'fitness': 0.9751741532723539, 'generation': 477}","{'id': 36865, 'rank': 11, 'fitness': 0.9747538797598956, 'generation': 477}","{'id': 36862, 'rank': 12, 'fitness': 0.9735277722042589, 'generation': 477}","{'id': 36864, 'rank': 13, 'fitness': 0.971932210962303, 'generation': 477}","{'id': 36864, 'rank': 14, 'fitness': 0.971932210962303, 'generation': 477}","{'id': 36831, 'rank': 15, 'fitness': 0.9711821527655703, 'generation': 477}","{'id': 36926, 'rank': 16, 'fitness': 0.9705020455108189, 'generation': 477}","{'id': 36863, 'rank': 17, 'fitness': 0.9647294465133773, 'generation': 477}","{'id': 36781, 'rank': 18, 'fitness': 0.9636837231176607, 'generation': 477}","{'id': 36867, 'rank': 19, 'fitness': 0.9632467790438455, 'generation': 477}","{'id': 36817, 'rank': 20, 'fitness': 0.9631720206040111, 'generation': 477}","{'id': 36892, 'rank': 21, 'fitness': 0.9615425888415496, 'generation': 477}","{'id': 36933, 'rank': 22, 'fitness': 0.9608397038203627, 'generation': 477}","{'id': 36933, 'rank': 23, 'fitness': 0.9608397038203627, 'generation': 477}","{'id': 36841, 'rank': 24, 'fitness': 0.9572356853147802, 'generation': 477}","{'id': 36886, 'rank': 25, 'fitness': 0.9553213715594708, 'generation': 477}","{'id': 36905, 'rank': 26, 'fitness': 0.944280692960926, 'generation': 477}","{'id': 36905, 'rank': 27, 'fitness': 0.944280692960926, 'generation': 477}","{'id': 36940, 'rank': 28, 'fitness': 0.9384963851463819, 'generation': 477}","{'id': 36917, 'rank': 29, 'fitness': 0.937797764267502, 'generation': 477}","{'id': 36703, 'rank': 30, 'fitness': 0.01798620996209155, 'generation': 477}"
"{'id': 36696, 'rank': 1, 'fitness': 0.9820137900379085, 'generation': 478}","{'id': 36775, 'rank': 2, 'fitness': 0.9680188980488442, 'generation': 478}","{'id': 36963, 'rank': 3, 'fitness': 0.9671343068787991, 'generation': 478}","{'id': 36597, 'rank': 4, 'fitness': 0.9644367590642072, 'generation': 478}","{'id': 36854, 'rank': 5, 'fitness': 0.9638726957598824, 'generation': 478}","{'id': 37000, 'rank': 6, 'fitness': 0.9621321446413302, 'generation': 478}","{'id': 36697, 'rank': 7, 'fitness': 0.96053114405163, 'generation': 478}","{'id': 36865, 'rank': 8, 'fitness': 0.95889772738488, 'generation': 478}","{'id': 37028, 'rank': 9, 'fitness': 0.9570104543515596, 'generation': 478}","{'id': 36864, 'rank': 10, 'fitness': 0.9469798494641326, 'generation': 478}","{'id': 36962, 'rank': 11, 'fitness': 0.9385278109654298, 'generation': 478}","{'id': 36961, 'rank': 12, 'fitness': 0.937407568000032, 'generation': 478}","{'id': 36944, 'rank': 13, 'fitness': 0.9358827679179527, 'generation': 478}","{'id': 36867, 'rank': 14, 'fitness': 0.9001571860995194, 'generation': 478}","{'id': 36997, 'rank': 15, 'fitness': 0.889821694152242, 'generation': 478}","{'id': 36999, 'rank': 16, 'fitness': 0.8677190818462923, 'generation': 478}","{'id': 36943, 'rank': 17, 'fitness': 0.8653180020647637, 'generation': 478}","{'id': 37023, 'rank': 18, 'fitness': 0.861298255866109, 'generation': 478}","{'id': 36955, 'rank': 19, 'fitness': 0.8387697496406384, 'generation': 478}","{'id': 37027, 'rank': 20, 'fitness': 0.8167824354754742, 'generation': 478}","{'id': 36958, 'rank': 21, 'fitness': 0.8145805057416067, 'generation': 478}","{'id': 37021, 'rank': 22, 'fitness': 0.7777287235703518, 'generation': 478}","{'id': 36947, 'rank': 23, 'fitness': 0.7647429170797158, 'generation': 478}","{'id': 37009, 'rank': 24, 'fitness': 0.7633640857981518, 'generation': 478}","{'id': 36995, 'rank': 25, 'fitness': 0.7291383064855677, 'generation': 478}","{'id': 36977, 'rank': 26, 'fitness': 0.5487579437867618, 'generation': 478}","{'id': 36978, 'rank': 27, 'fitness': 0.34564871334510994, 'generation': 478}","{'id': 36985, 'rank': 28, 'fitness': 0.22153963552260258, 'generation': 478}","{'id': 37014, 'rank': 29, 'fitness': 0.028103986310624496, 'generation': 478}","{'id': 36952, 'rank': 30, 'fitness': 0.01798620996209155, 'generation': 478}"
"{'id': 36696, 'rank': 1, 'fitness': 0.9820137900379085, 'generation': 479}","{'id': 36696, 'rank': 2, 'fitness': 0.9820137900379085, 'generation': 479}","{'id': 36775, 'rank': 3, 'fitness': 0.981397866280983, 'generation': 479}","{'id': 36775, 'rank': 4, 'fitness': 0.981397866280983, 'generation': 479}","{'id': 36854, 'rank': 5, 'fitness': 0.9812634387509229, 'generation': 479}","{'id': 37000, 'rank': 6, 'fitness': 0.9812111350871273, 'generation': 479}","{'id': 36697, 'rank': 7, 'fitness': 0.9811649067602801, 'generation': 479}","{'id': 37110, 'rank': 8, 'fitness': 0.9810276441561794, 'generation': 479}","{'id': 37098, 'rank': 9, 'fitness': 0.9805489598172112, 'generation': 479}","{'id': 36997, 'rank': 10, 'fitness': 0.979942359918226, 'generation': 479}","{'id': 36999, 'rank': 11, 'fitness': 0.9797032895066302, 'generation': 479}","{'id': 37023, 'rank': 12, 'fitness': 0.9796398054722659, 'generation': 479}","{'id': 36955, 'rank': 13, 'fitness': 0.9794335068578396, 'generation': 479}","{'id': 36958, 'rank': 14, 'fitness': 0.9792345776754947, 'generation': 479}","{'id': 36958, 'rank': 15, 'fitness': 0.9792345776754947, 'generation': 479}","{'id': 37045, 'rank': 16, 'fitness': 0.9790958245771485, 'generation': 479}","{'id': 37021, 'rank': 17, 'fitness': 0.9789638051573952, 'generation': 479}","{'id': 36947, 'rank': 18, 'fitness': 0.9788754748106093, 'generation': 479}","{'id': 36995, 'rank': 19, 'fitness': 0.9786475187960466, 'generation': 479}","{'id': 37079, 'rank': 20, 'fitness': 0.9777970410904494, 'generation': 479}","{'id': 36977, 'rank': 21, 'fitness': 0.9776604299413458, 'generation': 479}","{'id': 37049, 'rank': 22, 'fitness': 0.9740733371534392, 'generation': 479}","{'id': 37014, 'rank': 23, 'fitness': 0.9723853484806786, 'generation': 479}","{'id': 36952, 'rank': 24, 'fitness': 0.9716633625583682, 'generation': 479}","{'id': 37038, 'rank': 25, 'fitness': 0.9674047199608182, 'generation': 479}","{'id': 37058, 'rank': 26, 'fitness': 0.963941974426808, 'generation': 479}","{'id': 37078, 'rank': 27, 'fitness': 0.9268613275158307, 'generation': 479}","{'id': 37075, 'rank': 28, 'fitness': 0.9196886936268913, 'generation': 479}","{'id': 37077, 'rank': 29, 'fitness': 0.879178381952927, 'generation': 479}","{'id': 37089, 'rank': 30, 'fitness': 0.01798620996209155, 'generation': 479}"
"{'id': 36696, 'rank': 1, 'fitness': 0.9820137900379085, 'generation': 480}","{'id': 36775, 'rank': 2, 'fitness': 0.980865184075965, 'generation': 480}","{'id': 36775, 'rank': 3, 'fitness': 0.980865184075965, 'generation': 480}","{'id': 37135, 'rank': 4, 'fitness': 0.9806070270709351, 'generation': 480}","{'id': 37000, 'rank': 5, 'fitness': 0.9805106911052301, 'generation': 480}","{'id': 37150, 'rank': 6, 'fitness': 0.9795785740167571, 'generation': 480}","{'id': 37133, 'rank': 7, 'fitness': 0.9790383052688696, 'generation': 480}","{'id': 37136, 'rank': 8, 'fitness': 0.9780345117113645, 'generation': 480}","{'id': 36997, 'rank': 9, 'fitness': 0.9780255963934432, 'generation': 480}","{'id': 37183, 'rank': 10, 'fitness': 0.9778163411535481, 'generation': 480}","{'id': 37183, 'rank': 11, 'fitness': 0.9778163411535481, 'generation': 480}","{'id': 37176, 'rank': 12, 'fitness': 0.9772898551597721, 'generation': 480}","{'id': 37134, 'rank': 13, 'fitness': 0.977170883170458, 'generation': 480}","{'id': 37134, 'rank': 14, 'fitness': 0.977170883170458, 'generation': 480}","{'id': 36955, 'rank': 15, 'fitness': 0.9769918516909694, 'generation': 480}","{'id': 37191, 'rank': 16, 'fitness': 0.9766291099361836, 'generation': 480}","{'id': 37187, 'rank': 17, 'fitness': 0.9760083942365807, 'generation': 480}","{'id': 37151, 'rank': 18, 'fitness': 0.9759884152397633, 'generation': 480}","{'id': 37142, 'rank': 19, 'fitness': 0.9757533461269106, 'generation': 480}","{'id': 37162, 'rank': 20, 'fitness': 0.9755765177199394, 'generation': 480}","{'id': 37162, 'rank': 21, 'fitness': 0.9755765177199394, 'generation': 480}","{'id': 37143, 'rank': 22, 'fitness': 0.9750009917295023, 'generation': 480}","{'id': 37132, 'rank': 23, 'fitness': 0.9747684742899677, 'generation': 480}","{'id': 37132, 'rank': 24, 'fitness': 0.9747684742899677, 'generation': 480}","{'id': 37164, 'rank': 25, 'fitness': 0.9745366222402123, 'generation': 480}","{'id': 37127, 'rank': 26, 'fitness': 0.973827155525141, 'generation': 480}","{'id': 37079, 'rank': 27, 'fitness': 0.9735258830615212, 'generation': 480}","{'id': 37131, 'rank': 28, 'fitness': 0.9728335204404204, 'generation': 480}","{'id': 37160, 'rank': 29, 'fitness': 0.9616705698665511, 'generation': 480}","{'id': 37146, 'rank': 30, 'fitness': 0.01798620996209155, 'generation': 480}"
"{'id': 37278, 'rank': 1, 'fitness': 0.9820137900379085, 'generation': 481}","{'id': 37274, 'rank': 2, 'fitness': 0.9678585100136503, 'generation': 481}","{'id': 37000, 'rank': 3, 'fitness': 0.9614340816077234, 'generation': 481}","{'id': 37150, 'rank': 4, 'fitness': 0.9121014881177442, 'generation': 481}","{'id': 37287, 'rank': 5, 'fitness': 0.8911323489594157, 'generation': 481}","{'id': 37268, 'rank': 6, 'fitness': 0.8782802818539511, 'generation': 481}","{'id': 37226, 'rank': 7, 'fitness': 0.7870177573041228, 'generation': 481}","{'id': 36997, 'rank': 8, 'fitness': 0.7236753811261265, 'generation': 481}","{'id': 37183, 'rank': 9, 'fitness': 0.6866641844768431, 'generation': 481}","{'id': 37205, 'rank': 10, 'fitness': 0.6706347033550215, 'generation': 481}","{'id': 37134, 'rank': 11, 'fitness': 0.560965738721821, 'generation': 481}","{'id': 37134, 'rank': 12, 'fitness': 0.560965738721821, 'generation': 481}","{'id': 37227, 'rank': 13, 'fitness': 0.4248524627479237, 'generation': 481}","{'id': 37242, 'rank': 14, 'fitness': 0.34441483811838264, 'generation': 481}","{'id': 37270, 'rank': 15, 'fitness': 0.3346216586491946, 'generation': 481}","{'id': 37270, 'rank': 16, 'fitness': 0.3346216586491946, 'generation': 481}","{'id': 37151, 'rank': 17, 'fitness': 0.3305490397761621, 'generation': 481}","{'id': 37283, 'rank': 18, 'fitness': 0.2505545074601689, 'generation': 481}","{'id': 37296, 'rank': 19, 'fitness': 0.21497762105271295, 'generation': 481}","{'id': 37243, 'rank': 20, 'fitness': 0.1739495124172778, 'generation': 481}","{'id': 37295, 'rank': 21, 'fitness': 0.14639979100680323, 'generation': 481}","{'id': 37269, 'rank': 22, 'fitness': 0.14481150036824048, 'generation': 481}","{'id': 37282, 'rank': 23, 'fitness': 0.10526808111095542, 'generation': 481}","{'id': 37127, 'rank': 24, 'fitness': 0.08857651290386082, 'generation': 481}","{'id': 37248, 'rank': 25, 'fitness': 0.0868372309791865, 'generation': 481}","{'id': 37249, 'rank': 26, 'fitness': 0.0749579584863257, 'generation': 481}","{'id': 37249, 'rank': 27, 'fitness': 0.0749579584863257, 'generation': 481}","{'id': 37215, 'rank': 28, 'fitness': 0.030578939076756795, 'generation': 481}","{'id': 37252, 'rank': 29, 'fitness': 0.01812643391835933, 'generation': 481}","{'id': 37245, 'rank': 30, 'fitness': 0.01798620996209155, 'generation': 481}"
"{'id': 37333, 'rank': 1, 'fitness': 0.9820137900379085, 'generation': 482}","{'id': 37333, 'rank': 2, 'fitness': 0.9820137900379085, 'generation': 482}","{'id': 37333, 'rank': 3, 'fitness': 0.9820137900379085, 'generation': 482}","{'id': 37278, 'rank': 4, 'fitness': 0.9819402953279392, 'generation': 482}","{'id': 37320, 'rank': 5, 'fitness': 0.9819009432978612, 'generation': 482}","{'id': 37320, 'rank': 6, 'fitness': 0.9819009432978612, 'generation': 482}","{'id': 37320, 'rank': 7, 'fitness': 0.9819009432978612, 'generation': 482}","{'id': 37320, 'rank': 8, 'fitness': 0.9819009432978612, 'generation': 482}","{'id': 37274, 'rank': 9, 'fitness': 0.9818976266037589, 'generation': 482}","{'id': 37000, 'rank': 10, 'fitness': 0.9818840622625029, 'generation': 482}","{'id': 37000, 'rank': 11, 'fitness': 0.9818840622625029, 'generation': 482}","{'id': 37150, 'rank': 12, 'fitness': 0.9818209872858669, 'generation': 482}","{'id': 37287, 'rank': 13, 'fitness': 0.9818038799713956, 'generation': 482}","{'id': 37226, 'rank': 14, 'fitness': 0.9817464067737044, 'generation': 482}","{'id': 37205, 'rank': 15, 'fitness': 0.9817032215304092, 'generation': 482}","{'id': 37205, 'rank': 16, 'fitness': 0.9817032215304092, 'generation': 482}","{'id': 37134, 'rank': 17, 'fitness': 0.981669387032853, 'generation': 482}","{'id': 37227, 'rank': 18, 'fitness': 0.9816295205045589, 'generation': 482}","{'id': 37242, 'rank': 19, 'fitness': 0.981604683444359, 'generation': 482}","{'id': 37321, 'rank': 20, 'fitness': 0.9815517777664682, 'generation': 482}","{'id': 37321, 'rank': 21, 'fitness': 0.9815517777664682, 'generation': 482}","{'id': 37127, 'rank': 22, 'fitness': 0.9814812160926472, 'generation': 482}","{'id': 37245, 'rank': 23, 'fitness': 0.9813583101435057, 'generation': 482}","{'id': 37347, 'rank': 24, 'fitness': 0.9775018583903837, 'generation': 482}","{'id': 37347, 'rank': 25, 'fitness': 0.9775018583903837, 'generation': 482}","{'id': 37323, 'rank': 26, 'fitness': 0.9769780126752483, 'generation': 482}","{'id': 37316, 'rank': 27, 'fitness': 0.9434501061577083, 'generation': 482}","{'id': 37326, 'rank': 28, 'fitness': 0.8703826990389711, 'generation': 482}","{'id': 37306, 'rank': 29, 'fitness': 0.03992376818093146, 'generation': 482}","{'id': 37319, 'rank': 30, 'fitness': 0.01798620996209155, 'generation': 482}"
"{'id': 37333, 'rank': 1, 'fitness': 0.9820137900379085, 'generation': 483}","{'id': 37367, 'rank': 2, 'fitness': 0.9755411275543432, 'generation': 483}","{'id': 37367, 'rank': 3, 'fitness': 0.9755411275543432, 'generation': 483}","{'id': 37367, 'rank': 4, 'fitness': 0.9755411275543432, 'generation': 483}","{'id': 37366, 'rank': 5, 'fitness': 0.9583495997936466, 'generation': 483}","{'id': 37406, 'rank': 6, 'fitness': 0.9532170485870937, 'generation': 483}","{'id': 37406, 'rank': 7, 'fitness': 0.9532170485870937, 'generation': 483}","{'id': 37320, 'rank': 8, 'fitness': 0.9258697422091584, 'generation': 483}","{'id': 37320, 'rank': 9, 'fitness': 0.9258697422091584, 'generation': 483}","{'id': 37320, 'rank': 10, 'fitness': 0.9258697422091584, 'generation': 483}","{'id': 37000, 'rank': 11, 'fitness': 0.9092922561957932, 'generation': 483}","{'id': 37377, 'rank': 12, 'fitness': 0.9017328738261599, 'generation': 483}","{'id': 37431, 'rank': 13, 'fitness': 0.9015535864086637, 'generation': 483}","{'id': 37382, 'rank': 14, 'fitness': 0.8578329153978899, 'generation': 483}","{'id': 37357, 'rank': 15, 'fitness': 0.8369670538845622, 'generation': 483}","{'id': 37360, 'rank': 16, 'fitness': 0.8190032444233899, 'generation': 483}","{'id': 37407, 'rank': 17, 'fitness': 0.811710762625651, 'generation': 483}","{'id': 37407, 'rank': 18, 'fitness': 0.811710762625651, 'generation': 483}","{'id': 37427, 'rank': 19, 'fitness': 0.7893679237638274, 'generation': 483}","{'id': 37365, 'rank': 20, 'fitness': 0.7034926512797843, 'generation': 483}","{'id': 37359, 'rank': 21, 'fitness': 0.6403210407491375, 'generation': 483}","{'id': 37424, 'rank': 22, 'fitness': 0.6220535325922063, 'generation': 483}","{'id': 37420, 'rank': 23, 'fitness': 0.5928593942322412, 'generation': 483}","{'id': 37420, 'rank': 24, 'fitness': 0.5928593942322412, 'generation': 483}","{'id': 37422, 'rank': 25, 'fitness': 0.5556028438053002, 'generation': 483}","{'id': 37422, 'rank': 26, 'fitness': 0.5556028438053002, 'generation': 483}","{'id': 37205, 'rank': 27, 'fitness': 0.49050047443299305, 'generation': 483}","{'id': 37369, 'rank': 28, 'fitness': 0.321269856137787, 'generation': 483}","{'id': 37403, 'rank': 29, 'fitness': 0.04112693114707877, 'generation': 483}","{'id': 37418, 'rank': 30, 'fitness': 0.01798620996209155, 'generation': 483}"
"{'id': 37480, 'rank': 1, 'fitness': 0.9820137900379085, 'generation': 484}","{'id': 37481, 'rank': 2, 'fitness': 0.9819269039624942, 'generation': 484}","{'id': 37333, 'rank': 3, 'fitness': 0.9819100621080984, 'generation': 484}","{'id': 37367, 'rank': 4, 'fitness': 0.9818428439648865, 'generation': 484}","{'id': 37367, 'rank': 5, 'fitness': 0.9818428439648865, 'generation': 484}","{'id': 37482, 'rank': 6, 'fitness': 0.9817817519929195, 'generation': 484}","{'id': 37406, 'rank': 7, 'fitness': 0.9816982342656471, 'generation': 484}","{'id': 37483, 'rank': 8, 'fitness': 0.9816738271675716, 'generation': 484}","{'id': 37500, 'rank': 9, 'fitness': 0.9816238619381868, 'generation': 484}","{'id': 37500, 'rank': 10, 'fitness': 0.9816238619381868, 'generation': 484}","{'id': 37320, 'rank': 11, 'fitness': 0.9815921536872692, 'generation': 484}","{'id': 37320, 'rank': 12, 'fitness': 0.9815921536872692, 'generation': 484}","{'id': 37320, 'rank': 13, 'fitness': 0.9815921536872692, 'generation': 484}","{'id': 37431, 'rank': 14, 'fitness': 0.9815245832352011, 'generation': 484}","{'id': 37484, 'rank': 15, 'fitness': 0.9814821717455147, 'generation': 484}","{'id': 37467, 'rank': 16, 'fitness': 0.9814012832001919, 'generation': 484}","{'id': 37357, 'rank': 17, 'fitness': 0.9813979003337152, 'generation': 484}","{'id': 37360, 'rank': 18, 'fitness': 0.9813701594045708, 'generation': 484}","{'id': 37424, 'rank': 19, 'fitness': 0.9811464217965761, 'generation': 484}","{'id': 37422, 'rank': 20, 'fitness': 0.981085142919434, 'generation': 484}","{'id': 37205, 'rank': 21, 'fitness': 0.9810267143549383, 'generation': 484}","{'id': 37369, 'rank': 22, 'fitness': 0.9808670947552768, 'generation': 484}","{'id': 37418, 'rank': 23, 'fitness': 0.9801189302755334, 'generation': 484}","{'id': 37446, 'rank': 24, 'fitness': 0.978975525346625, 'generation': 484}","{'id': 37470, 'rank': 25, 'fitness': 0.9760360598698472, 'generation': 484}","{'id': 37493, 'rank': 26, 'fitness': 0.9748258741492566, 'generation': 484}","{'id': 37493, 'rank': 27, 'fitness': 0.9748258741492566, 'generation': 484}","{'id': 37462, 'rank': 28, 'fitness': 0.9742268109525976, 'generation': 484}","{'id': 37474, 'rank': 29, 'fitness': 0.9725745500676692, 'generation': 484}","{'id': 37486, 'rank': 30, 'fitness': 0.01798620996209155, 'generation': 484}"
"{'id': 37535, 'rank': 1, 'fitness': 0.9820137900379085, 'generation': 485}","{'id': 37480, 'rank': 2, 'fitness': 0.9679915208410326, 'generation': 485}","{'id': 37333, 'rank': 3, 'fitness': 0.9502056616854483, 'generation': 485}","{'id': 37333, 'rank': 4, 'fitness': 0.9502056616854483, 'generation': 485}","{'id': 37367, 'rank': 5, 'fitness': 0.9341205873023195, 'generation': 485}","{'id': 37531, 'rank': 6, 'fitness': 0.9156632291208283, 'generation': 485}","{'id': 37531, 'rank': 7, 'fitness': 0.9156632291208283, 'generation': 485}","{'id': 37559, 'rank': 8, 'fitness': 0.8404238985871127, 'generation': 485}","{'id': 37320, 'rank': 9, 'fitness': 0.825427728411557, 'generation': 485}","{'id': 37518, 'rank': 10, 'fitness': 0.7956837132499768, 'generation': 485}","{'id': 37431, 'rank': 11, 'fitness': 0.7790369662432218, 'generation': 485}","{'id': 37540, 'rank': 12, 'fitness': 0.7731346638138731, 'generation': 485}","{'id': 37540, 'rank': 13, 'fitness': 0.7731346638138731, 'generation': 485}","{'id': 37544, 'rank': 14, 'fitness': 0.7584556024769815, 'generation': 485}","{'id': 37484, 'rank': 15, 'fitness': 0.7458086152091838, 'generation': 485}","{'id': 37538, 'rank': 16, 'fitness': 0.7176399733199424, 'generation': 485}","{'id': 37536, 'rank': 17, 'fitness': 0.7172948789719638, 'generation': 485}","{'id': 37357, 'rank': 18, 'fitness': 0.6709818029067689, 'generation': 485}","{'id': 37560, 'rank': 19, 'fitness': 0.6346326753606539, 'generation': 485}","{'id': 37546, 'rank': 20, 'fitness': 0.5350077134484995, 'generation': 485}","{'id': 37516, 'rank': 21, 'fitness': 0.516973703198845, 'generation': 485}","{'id': 37534, 'rank': 22, 'fitness': 0.5038360882696487, 'generation': 485}","{'id': 37514, 'rank': 23, 'fitness': 0.4775112379227805, 'generation': 485}","{'id': 37524, 'rank': 24, 'fitness': 0.44610180061955673, 'generation': 485}","{'id': 37578, 'rank': 25, 'fitness': 0.29947931597520844, 'generation': 485}","{'id': 37369, 'rank': 26, 'fitness': 0.17623535645212868, 'generation': 485}","{'id': 37520, 'rank': 27, 'fitness': 0.12943031221286416, 'generation': 485}","{'id': 37520, 'rank': 28, 'fitness': 0.12943031221286416, 'generation': 485}","{'id': 37577, 'rank': 29, 'fitness': 0.01798620996209155, 'generation': 485}","{'id': 37577, 'rank': 30, 'fitness': 0.01798620996209155, 'generation': 485}"
"{'id': 37535, 'rank': 1, 'fitness': 0.9820137900379085, 'generation': 486}","{'id': 37480, 'rank': 2, 'fitness': 0.9819428593368922, 'generation': 486}","{'id': 37333, 'rank': 3, 'fitness': 0.9818873864163793, 'generation': 486}","{'id': 37367, 'rank': 4, 'fitness': 0.981851516423373, 'generation': 486}","{'id': 37531, 'rank': 5, 'fitness': 0.9818192160853649, 'generation': 486}","{'id': 37531, 'rank': 6, 'fitness': 0.9818192160853649, 'generation': 486}","{'id': 37320, 'rank': 7, 'fitness': 0.9817182723355438, 'generation': 486}","{'id': 37431, 'rank': 8, 'fitness': 0.9816825004067664, 'generation': 486}","{'id': 37540, 'rank': 9, 'fitness': 0.9816783561245419, 'generation': 486}","{'id': 37540, 'rank': 10, 'fitness': 0.9816783561245419, 'generation': 486}","{'id': 37540, 'rank': 11, 'fitness': 0.9816783561245419, 'generation': 486}","{'id': 37540, 'rank': 12, 'fitness': 0.9816783561245419, 'generation': 486}","{'id': 37484, 'rank': 13, 'fitness': 0.9816600782587934, 'generation': 486}","{'id': 37514, 'rank': 14, 'fitness': 0.9815170653863711, 'generation': 486}","{'id': 37589, 'rank': 15, 'fitness': 0.9813294887959413, 'generation': 486}","{'id': 37520, 'rank': 16, 'fitness': 0.9812922249162401, 'generation': 486}","{'id': 37599, 'rank': 17, 'fitness': 0.9810769991148693, 'generation': 486}","{'id': 37577, 'rank': 18, 'fitness': 0.9810296324769375, 'generation': 486}","{'id': 37601, 'rank': 19, 'fitness': 0.9807482269046746, 'generation': 486}","{'id': 37628, 'rank': 20, 'fitness': 0.979677557264939, 'generation': 486}","{'id': 37640, 'rank': 21, 'fitness': 0.9795392145548039, 'generation': 486}","{'id': 37626, 'rank': 22, 'fitness': 0.9788230286534101, 'generation': 486}","{'id': 37580, 'rank': 23, 'fitness': 0.9784772879202637, 'generation': 486}","{'id': 37588, 'rank': 24, 'fitness': 0.9599780549428483, 'generation': 486}","{'id': 37593, 'rank': 25, 'fitness': 0.957852921609244, 'generation': 486}","{'id': 37621, 'rank': 26, 'fitness': 0.9478700811920728, 'generation': 486}","{'id': 37617, 'rank': 27, 'fitness': 0.940685221467032, 'generation': 486}","{'id': 37616, 'rank': 28, 'fitness': 0.9401017886306187, 'generation': 486}","{'id': 37583, 'rank': 29, 'fitness': 0.8441505772433298, 'generation': 486}","{'id': 37614, 'rank': 30, 'fitness': 0.01798620996209155, 'generation': 486}"
"{'id': 37700, 'rank': 1, 'fitness': 0.9820137900379085, 'generation': 487}","{'id': 37674, 'rank': 2, 'fitness': 0.9819707736696681, 'generation': 487}","{'id': 37673, 'rank': 3, 'fitness': 0.9813077894264969, 'generation': 487}","{'id': 37673, 'rank': 4, 'fitness': 0.9813077894264969, 'generation': 487}","{'id': 37333, 'rank': 5, 'fitness': 0.9810998816620254, 'generation': 487}","{'id': 37367, 'rank': 6, 'fitness': 0.9807551747904595, 'generation': 487}","{'id': 37531, 'rank': 7, 'fitness': 0.9804400888822704, 'generation': 487}","{'id': 37667, 'rank': 8, 'fitness': 0.9804180464267629, 'generation': 487}","{'id': 37687, 'rank': 9, 'fitness': 0.9802580183608196, 'generation': 487}","{'id': 37699, 'rank': 10, 'fitness': 0.9799650763123698, 'generation': 487}","{'id': 37654, 'rank': 11, 'fitness': 0.9792669284267408, 'generation': 487}","{'id': 37654, 'rank': 12, 'fitness': 0.9792669284267408, 'generation': 487}","{'id': 37654, 'rank': 13, 'fitness': 0.9792669284267408, 'generation': 487}","{'id': 37654, 'rank': 14, 'fitness': 0.9792669284267408, 'generation': 487}","{'id': 37723, 'rank': 15, 'fitness': 0.9791121878071112, 'generation': 487}","{'id': 37723, 'rank': 16, 'fitness': 0.9791121878071112, 'generation': 487}","{'id': 37540, 'rank': 17, 'fitness': 0.9790128153713742, 'generation': 487}","{'id': 37726, 'rank': 18, 'fitness': 0.9782250856672966, 'generation': 487}","{'id': 37682, 'rank': 19, 'fitness': 0.9776387973981633, 'generation': 487}","{'id': 37668, 'rank': 20, 'fitness': 0.97706559667224, 'generation': 487}","{'id': 37722, 'rank': 21, 'fitness': 0.9767467625180397, 'generation': 487}","{'id': 37685, 'rank': 22, 'fitness': 0.9761590150519768, 'generation': 487}","{'id': 37702, 'rank': 23, 'fitness': 0.9758742501424564, 'generation': 487}","{'id': 37731, 'rank': 24, 'fitness': 0.9751433263317828, 'generation': 487}","{'id': 37717, 'rank': 25, 'fitness': 0.9692033547759924, 'generation': 487}","{'id': 37601, 'rank': 26, 'fitness': 0.9671098094710201, 'generation': 487}","{'id': 37655, 'rank': 27, 'fitness': 0.9635005393806282, 'generation': 487}","{'id': 37707, 'rank': 28, 'fitness': 0.9139910188537395, 'generation': 487}","{'id': 37580, 'rank': 29, 'fitness': 0.9121599394204771, 'generation': 487}","{'id': 37593, 'rank': 30, 'fitness': 0.01798620996209155, 'generation': 487}"
"{'id': 37700, 'rank': 1, 'fitness': 0.9820137900379085, 'generation': 488}","{'id': 37674, 'rank': 2, 'fitness': 0.9814012397157521, 'generation': 488}","{'id': 37674, 'rank': 3, 'fitness': 0.9814012397157521, 'generation': 488}","{'id': 37776, 'rank': 4, 'fitness': 0.9803617190131664, 'generation': 488}","{'id': 37784, 'rank': 5, 'fitness': 0.959684559697251, 'generation': 488}","{'id': 37769, 'rank': 6, 'fitness': 0.9594496651231383, 'generation': 488}","{'id': 37788, 'rank': 7, 'fitness': 0.9559722093590024, 'generation': 488}","{'id': 37788, 'rank': 8, 'fitness': 0.9559722093590024, 'generation': 488}","{'id': 37788, 'rank': 9, 'fitness': 0.9559722093590024, 'generation': 488}","{'id': 37687, 'rank': 10, 'fitness': 0.9351552742024465, 'generation': 488}","{'id': 37687, 'rank': 11, 'fitness': 0.9351552742024465, 'generation': 488}","{'id': 37654, 'rank': 12, 'fitness': 0.8773550062447256, 'generation': 488}","{'id': 37654, 'rank': 13, 'fitness': 0.8773550062447256, 'generation': 488}","{'id': 37654, 'rank': 14, 'fitness': 0.8773550062447256, 'generation': 488}","{'id': 37723, 'rank': 15, 'fitness': 0.865428085942251, 'generation': 488}","{'id': 37540, 'rank': 16, 'fitness': 0.8573123061868865, 'generation': 488}","{'id': 37790, 'rank': 17, 'fitness': 0.854547706701468, 'generation': 488}","{'id': 37755, 'rank': 18, 'fitness': 0.8401508351248443, 'generation': 488}","{'id': 37783, 'rank': 19, 'fitness': 0.82758585765414, 'generation': 488}","{'id': 37751, 'rank': 20, 'fitness': 0.7536440542247574, 'generation': 488}","{'id': 37770, 'rank': 21, 'fitness': 0.7482743932813818, 'generation': 488}","{'id': 37792, 'rank': 22, 'fitness': 0.7043830128571554, 'generation': 488}","{'id': 37668, 'rank': 23, 'fitness': 0.6273731498986248, 'generation': 488}","{'id': 37813, 'rank': 24, 'fitness': 0.6085669517077911, 'generation': 488}","{'id': 37813, 'rank': 25, 'fitness': 0.6085669517077911, 'generation': 488}","{'id': 37808, 'rank': 26, 'fitness': 0.3153671640341489, 'generation': 488}","{'id': 37801, 'rank': 27, 'fitness': 0.24131516893824162, 'generation': 488}","{'id': 37801, 'rank': 28, 'fitness': 0.24131516893824162, 'generation': 488}","{'id': 37757, 'rank': 29, 'fitness': 0.22364175042070228, 'generation': 488}","{'id': 37803, 'rank': 30, 'fitness': 0.01798620996209155, 'generation': 488}"
"{'id': 37859, 'rank': 1, 'fitness': 0.9820137900379085, 'generation': 489}","{'id': 37674, 'rank': 2, 'fitness': 0.981695625622892, 'generation': 489}","{'id': 37674, 'rank': 3, 'fitness': 0.981695625622892, 'generation': 489}","{'id': 37860, 'rank': 4, 'fitness': 0.9800211746154497, 'generation': 489}","{'id': 37769, 'rank': 5, 'fitness': 0.9798980654817805, 'generation': 489}","{'id': 37788, 'rank': 6, 'fitness': 0.9796955694921572, 'generation': 489}","{'id': 37872, 'rank': 7, 'fitness': 0.9792048999926279, 'generation': 489}","{'id': 37869, 'rank': 8, 'fitness': 0.9788505949485014, 'generation': 489}","{'id': 37687, 'rank': 9, 'fitness': 0.9787033178967774, 'generation': 489}","{'id': 37858, 'rank': 10, 'fitness': 0.9785100060857428, 'generation': 489}","{'id': 37654, 'rank': 11, 'fitness': 0.9768918811483494, 'generation': 489}","{'id': 37654, 'rank': 12, 'fitness': 0.9768918811483494, 'generation': 489}","{'id': 37783, 'rank': 13, 'fitness': 0.975794672658503, 'generation': 489}","{'id': 37783, 'rank': 14, 'fitness': 0.975794672658503, 'generation': 489}","{'id': 37783, 'rank': 15, 'fitness': 0.975794672658503, 'generation': 489}","{'id': 37783, 'rank': 16, 'fitness': 0.975794672658503, 'generation': 489}","{'id': 37751, 'rank': 17, 'fitness': 0.9744948394231229, 'generation': 489}","{'id': 37813, 'rank': 18, 'fitness': 0.9724131250505039, 'generation': 489}","{'id': 37838, 'rank': 19, 'fitness': 0.9704230611607044, 'generation': 489}","{'id': 37801, 'rank': 20, 'fitness': 0.9668657150231462, 'generation': 489}","{'id': 37843, 'rank': 21, 'fitness': 0.9639122231219626, 'generation': 489}","{'id': 37844, 'rank': 22, 'fitness': 0.9632505233845361, 'generation': 489}","{'id': 37827, 'rank': 23, 'fitness': 0.9590974291576013, 'generation': 489}","{'id': 37853, 'rank': 24, 'fitness': 0.9588128355861733, 'generation': 489}","{'id': 37826, 'rank': 25, 'fitness': 0.9530998482982551, 'generation': 489}","{'id': 37837, 'rank': 26, 'fitness': 0.9445293076362108, 'generation': 489}","{'id': 37862, 'rank': 27, 'fitness': 0.8999644127259185, 'generation': 489}","{'id': 37874, 'rank': 28, 'fitness': 0.1337270193596406, 'generation': 489}","{'id': 37865, 'rank': 29, 'fitness': 0.09992388603571001, 'generation': 489}","{'id': 37841, 'rank': 30, 'fitness': 0.01798620996209155, 'generation': 489}"
"{'id': 37916, 'rank': 1, 'fitness': 0.9820137900379085, 'generation': 490}","{'id': 37859, 'rank': 2, 'fitness': 0.9808986084077007, 'generation': 490}","{'id': 37893, 'rank': 3, 'fitness': 0.9793010398603539, 'generation': 490}","{'id': 37893, 'rank': 4, 'fitness': 0.9793010398603539, 'generation': 490}","{'id': 37674, 'rank': 5, 'fitness': 0.9791785613192585, 'generation': 490}","{'id': 37674, 'rank': 6, 'fitness': 0.9791785613192585, 'generation': 490}","{'id': 37940, 'rank': 7, 'fitness': 0.9695668649237026, 'generation': 490}","{'id': 37769, 'rank': 8, 'fitness': 0.9670809013054198, 'generation': 490}","{'id': 37769, 'rank': 9, 'fitness': 0.9670809013054198, 'generation': 490}","{'id': 37938, 'rank': 10, 'fitness': 0.9630337860863455, 'generation': 490}","{'id': 37872, 'rank': 11, 'fitness': 0.9611990251053606, 'generation': 490}","{'id': 37687, 'rank': 12, 'fitness': 0.9564700320580318, 'generation': 490}","{'id': 37858, 'rank': 13, 'fitness': 0.95453633524351, 'generation': 490}","{'id': 37858, 'rank': 14, 'fitness': 0.95453633524351, 'generation': 490}","{'id': 37913, 'rank': 15, 'fitness': 0.9539176067589902, 'generation': 490}","{'id': 37913, 'rank': 16, 'fitness': 0.9539176067589902, 'generation': 490}","{'id': 37654, 'rank': 17, 'fitness': 0.9357477288134595, 'generation': 490}","{'id': 37654, 'rank': 18, 'fitness': 0.9357477288134595, 'generation': 490}","{'id': 37925, 'rank': 19, 'fitness': 0.9284274072243259, 'generation': 490}","{'id': 37783, 'rank': 20, 'fitness': 0.9201560685512907, 'generation': 490}","{'id': 37955, 'rank': 21, 'fitness': 0.9106778522209866, 'generation': 490}","{'id': 37937, 'rank': 22, 'fitness': 0.9022371162487215, 'generation': 490}","{'id': 37936, 'rank': 23, 'fitness': 0.8927101130246555, 'generation': 490}","{'id': 37898, 'rank': 24, 'fitness': 0.8622697579559768, 'generation': 490}","{'id': 37957, 'rank': 25, 'fitness': 0.8319489339023756, 'generation': 490}","{'id': 37801, 'rank': 26, 'fitness': 0.7010612958317815, 'generation': 490}","{'id': 37844, 'rank': 27, 'fitness': 0.5802404752690358, 'generation': 490}","{'id': 37887, 'rank': 28, 'fitness': 0.5726649102392549, 'generation': 490}","{'id': 37951, 'rank': 29, 'fitness': 0.5712825491366404, 'generation': 490}","{'id': 37943, 'rank': 30, 'fitness': 0.01798620996209155, 'generation': 490}"
"{'id': 37976, 'rank': 1, 'fitness': 0.9820137900379085, 'generation': 491}","{'id': 37893, 'rank': 2, 'fitness': 0.9808562976793748, 'generation': 491}","{'id': 37674, 'rank': 3, 'fitness': 0.9808171141894351, 'generation': 491}","{'id': 38046, 'rank': 4, 'fitness': 0.9785423633968834, 'generation': 491}","{'id': 38024, 'rank': 5, 'fitness': 0.9767142921208962, 'generation': 491}","{'id': 37687, 'rank': 6, 'fitness': 0.9751824487188057, 'generation': 491}","{'id': 37687, 'rank': 7, 'fitness': 0.9751824487188057, 'generation': 491}","{'id': 37858, 'rank': 8, 'fitness': 0.9747986668399332, 'generation': 491}","{'id': 37913, 'rank': 9, 'fitness': 0.974677971559939, 'generation': 491}","{'id': 37913, 'rank': 10, 'fitness': 0.974677971559939, 'generation': 491}","{'id': 38054, 'rank': 11, 'fitness': 0.9745181277763074, 'generation': 491}","{'id': 38014, 'rank': 12, 'fitness': 0.974261970281803, 'generation': 491}","{'id': 38057, 'rank': 13, 'fitness': 0.9727627211560086, 'generation': 491}","{'id': 37783, 'rank': 14, 'fitness': 0.9691648380547788, 'generation': 491}","{'id': 37955, 'rank': 15, 'fitness': 0.9678723090799219, 'generation': 491}","{'id': 38012, 'rank': 16, 'fitness': 0.9650525451381493, 'generation': 491}","{'id': 37990, 'rank': 17, 'fitness': 0.9638720383435924, 'generation': 491}","{'id': 37974, 'rank': 18, 'fitness': 0.9615132385302654, 'generation': 491}","{'id': 38015, 'rank': 19, 'fitness': 0.9489682140836502, 'generation': 491}","{'id': 38015, 'rank': 20, 'fitness': 0.9489682140836502, 'generation': 491}","{'id': 37801, 'rank': 21, 'fitness': 0.9476921457947605, 'generation': 491}","{'id': 37999, 'rank': 22, 'fitness': 0.945884163048707, 'generation': 491}","{'id': 37951, 'rank': 23, 'fitness': 0.937102755740498, 'generation': 491}","{'id': 38043, 'rank': 24, 'fitness': 0.9346068436316194, 'generation': 491}","{'id': 37997, 'rank': 25, 'fitness': 0.8957737517652069, 'generation': 491}","{'id': 37992, 'rank': 26, 'fitness': 0.8313880428573612, 'generation': 491}","{'id': 38050, 'rank': 27, 'fitness': 0.0388293027065178, 'generation': 491}","{'id': 38020, 'rank': 28, 'fitness': 0.01972886098220883, 'generation': 491}","{'id': 38020, 'rank': 29, 'fitness': 0.01972886098220883, 'generation': 491}","{'id': 38052, 'rank': 30, 'fitness': 0.01798620996209155, 'generation': 491}"
"{'id': 37976, 'rank': 1, 'fitness': 0.9820137900379085, 'generation': 492}","{'id': 37893, 'rank': 2, 'fitness': 0.9780105871534123, 'generation': 492}","{'id': 38046, 'rank': 3, 'fitness': 0.968298203620741, 'generation': 492}","{'id': 38075, 'rank': 4, 'fitness': 0.9661919166658415, 'generation': 492}","{'id': 38086, 'rank': 5, 'fitness': 0.9538122313082784, 'generation': 492}","{'id': 37687, 'rank': 6, 'fitness': 0.9497267109584887, 'generation': 492}","{'id': 37858, 'rank': 7, 'fitness': 0.9472458537879533, 'generation': 492}","{'id': 38054, 'rank': 8, 'fitness': 0.9453842059975187, 'generation': 492}","{'id': 38014, 'rank': 9, 'fitness': 0.9436486096425605, 'generation': 492}","{'id': 38057, 'rank': 10, 'fitness': 0.932798916102012, 'generation': 492}","{'id': 38119, 'rank': 11, 'fitness': 0.9261660210426503, 'generation': 492}","{'id': 38103, 'rank': 12, 'fitness': 0.917628593825969, 'generation': 492}","{'id': 38105, 'rank': 13, 'fitness': 0.9142369907214568, 'generation': 492}","{'id': 38114, 'rank': 14, 'fitness': 0.892054449102611, 'generation': 492}","{'id': 38076, 'rank': 15, 'fitness': 0.8785989953869885, 'generation': 492}","{'id': 38098, 'rank': 16, 'fitness': 0.8752387765416824, 'generation': 492}","{'id': 38098, 'rank': 17, 'fitness': 0.8752387765416824, 'generation': 492}","{'id': 38091, 'rank': 18, 'fitness': 0.8591988135484786, 'generation': 492}","{'id': 38099, 'rank': 19, 'fitness': 0.85194528616479, 'generation': 492}","{'id': 37990, 'rank': 20, 'fitness': 0.8441499889345222, 'generation': 492}","{'id': 38108, 'rank': 21, 'fitness': 0.82972156484344, 'generation': 492}","{'id': 38090, 'rank': 22, 'fitness': 0.8005760792177614, 'generation': 492}","{'id': 38088, 'rank': 23, 'fitness': 0.7891752728913495, 'generation': 492}","{'id': 37801, 'rank': 24, 'fitness': 0.6084335890503995, 'generation': 492}","{'id': 37999, 'rank': 25, 'fitness': 0.5805256888936178, 'generation': 492}","{'id': 38146, 'rank': 26, 'fitness': 0.4200203494419112, 'generation': 492}","{'id': 38149, 'rank': 27, 'fitness': 0.28670875024497133, 'generation': 492}","{'id': 38149, 'rank': 28, 'fitness': 0.28670875024497133, 'generation': 492}","{'id': 38117, 'rank': 29, 'fitness': 0.07763709782499945, 'generation': 492}","{'id': 38123, 'rank': 30, 'fitness': 0.01798620996209155, 'generation': 492}"
"{'id': 37976, 'rank': 1, 'fitness': 0.9820137900379085, 'generation': 493}","{'id': 38180, 'rank': 2, 'fitness': 0.9813137079970675, 'generation': 493}","{'id': 38180, 'rank': 3, 'fitness': 0.9813137079970675, 'generation': 493}","{'id': 38086, 'rank': 4, 'fitness': 0.9803479294900158, 'generation': 493}","{'id': 38086, 'rank': 5, 'fitness': 0.9803479294900158, 'generation': 493}","{'id': 38054, 'rank': 6, 'fitness': 0.9800297251837041, 'generation': 493}","{'id': 38014, 'rank': 7, 'fitness': 0.979969446492837, 'generation': 493}","{'id': 38057, 'rank': 8, 'fitness': 0.9796245620932682, 'generation': 493}","{'id': 38119, 'rank': 9, 'fitness': 0.9794360321185962, 'generation': 493}","{'id': 38164, 'rank': 10, 'fitness': 0.9784458283362791, 'generation': 493}","{'id': 38076, 'rank': 11, 'fitness': 0.978381864166924, 'generation': 493}","{'id': 38098, 'rank': 12, 'fitness': 0.9783206349168684, 'generation': 493}","{'id': 38091, 'rank': 13, 'fitness': 0.9780443168475492, 'generation': 493}","{'id': 38167, 'rank': 14, 'fitness': 0.9764943028791617, 'generation': 493}","{'id': 38158, 'rank': 15, 'fitness': 0.9762306326028656, 'generation': 493}","{'id': 38184, 'rank': 16, 'fitness': 0.9761548052011204, 'generation': 493}","{'id': 37999, 'rank': 17, 'fitness': 0.9748827576665051, 'generation': 493}","{'id': 38187, 'rank': 18, 'fitness': 0.974185245851917, 'generation': 493}","{'id': 38156, 'rank': 19, 'fitness': 0.9724002394106899, 'generation': 493}","{'id': 38156, 'rank': 20, 'fitness': 0.9724002394106899, 'generation': 493}","{'id': 38185, 'rank': 21, 'fitness': 0.9693511918864811, 'generation': 493}","{'id': 38203, 'rank': 22, 'fitness': 0.9586350220834781, 'generation': 493}","{'id': 38204, 'rank': 23, 'fitness': 0.9527996764933485, 'generation': 493}","{'id': 38194, 'rank': 24, 'fitness': 0.9412773196300859, 'generation': 493}","{'id': 38177, 'rank': 25, 'fitness': 0.9385603882741571, 'generation': 493}","{'id': 38212, 'rank': 26, 'fitness': 0.9250999832890257, 'generation': 493}","{'id': 38176, 'rank': 27, 'fitness': 0.9099905254232822, 'generation': 493}","{'id': 38160, 'rank': 28, 'fitness': 0.6858098096192877, 'generation': 493}","{'id': 38169, 'rank': 29, 'fitness': 0.5638783322388161, 'generation': 493}","{'id': 38208, 'rank': 30, 'fitness': 0.01798620996209155, 'generation': 493}"
"{'id': 38304, 'rank': 1, 'fitness': 0.9820137900379085, 'generation': 494}","{'id': 38289, 'rank': 2, 'fitness': 0.9815056109715314, 'generation': 494}","{'id': 38054, 'rank': 3, 'fitness': 0.9806054521491261, 'generation': 494}","{'id': 38054, 'rank': 4, 'fitness': 0.9806054521491261, 'generation': 494}","{'id': 38014, 'rank': 5, 'fitness': 0.9803144815319795, 'generation': 494}","{'id': 38268, 'rank': 6, 'fitness': 0.9799705448091438, 'generation': 494}","{'id': 38261, 'rank': 7, 'fitness': 0.977344885607385, 'generation': 494}","{'id': 38260, 'rank': 8, 'fitness': 0.9767003870320442, 'generation': 494}","{'id': 38233, 'rank': 9, 'fitness': 0.9722530297381543, 'generation': 494}","{'id': 38233, 'rank': 10, 'fitness': 0.9722530297381543, 'generation': 494}","{'id': 38164, 'rank': 11, 'fitness': 0.9717568648513768, 'generation': 494}","{'id': 38098, 'rank': 12, 'fitness': 0.9709433681068796, 'generation': 494}","{'id': 38091, 'rank': 13, 'fitness': 0.9690840319069491, 'generation': 494}","{'id': 38228, 'rank': 14, 'fitness': 0.9690010079233753, 'generation': 494}","{'id': 38295, 'rank': 15, 'fitness': 0.9591473250477978, 'generation': 494}","{'id': 38184, 'rank': 16, 'fitness': 0.9538150126120932, 'generation': 494}","{'id': 38277, 'rank': 17, 'fitness': 0.9511373003707375, 'generation': 494}","{'id': 38277, 'rank': 18, 'fitness': 0.9511373003707375, 'generation': 494}","{'id': 38244, 'rank': 19, 'fitness': 0.9486516237673557, 'generation': 494}","{'id': 38294, 'rank': 20, 'fitness': 0.939697349045594, 'generation': 494}","{'id': 38249, 'rank': 21, 'fitness': 0.9327167510844012, 'generation': 494}","{'id': 38275, 'rank': 22, 'fitness': 0.9283380268937559, 'generation': 494}","{'id': 38226, 'rank': 23, 'fitness': 0.9090719019960951, 'generation': 494}","{'id': 38286, 'rank': 24, 'fitness': 0.8778172609561514, 'generation': 494}","{'id': 38224, 'rank': 25, 'fitness': 0.8707443759237452, 'generation': 494}","{'id': 38287, 'rank': 26, 'fitness': 0.8543191625340619, 'generation': 494}","{'id': 38185, 'rank': 27, 'fitness': 0.8524105505224187, 'generation': 494}","{'id': 38301, 'rank': 28, 'fitness': 0.8011423977969503, 'generation': 494}","{'id': 38227, 'rank': 29, 'fitness': 0.7582414031675866, 'generation': 494}","{'id': 38279, 'rank': 30, 'fitness': 0.01798620996209155, 'generation': 494}"
"{'id': 38289, 'rank': 1, 'fitness': 0.9820137900379085, 'generation': 495}","{'id': 38054, 'rank': 2, 'fitness': 0.979573801269711, 'generation': 495}","{'id': 38054, 'rank': 3, 'fitness': 0.979573801269711, 'generation': 495}","{'id': 38014, 'rank': 4, 'fitness': 0.9787440690989349, 'generation': 495}","{'id': 38014, 'rank': 5, 'fitness': 0.9787440690989349, 'generation': 495}","{'id': 38268, 'rank': 6, 'fitness': 0.977737110032795, 'generation': 495}","{'id': 38260, 'rank': 7, 'fitness': 0.966703962726297, 'generation': 495}","{'id': 38351, 'rank': 8, 'fitness': 0.9478455250846132, 'generation': 495}","{'id': 38233, 'rank': 9, 'fitness': 0.9472756827255937, 'generation': 495}","{'id': 38091, 'rank': 10, 'fitness': 0.9302293489279825, 'generation': 495}","{'id': 38228, 'rank': 11, 'fitness': 0.9297468880480515, 'generation': 495}","{'id': 38228, 'rank': 12, 'fitness': 0.9297468880480515, 'generation': 495}","{'id': 38387, 'rank': 13, 'fitness': 0.9258408519724739, 'generation': 495}","{'id': 38333, 'rank': 14, 'fitness': 0.9215206427096528, 'generation': 495}","{'id': 38310, 'rank': 15, 'fitness': 0.9082231582021485, 'generation': 495}","{'id': 38306, 'rank': 16, 'fitness': 0.833249189195393, 'generation': 495}","{'id': 38308, 'rank': 17, 'fitness': 0.8180228604811846, 'generation': 495}","{'id': 38184, 'rank': 18, 'fitness': 0.8135161363162662, 'generation': 495}","{'id': 38277, 'rank': 19, 'fitness': 0.7882810313855854, 'generation': 495}","{'id': 38360, 'rank': 20, 'fitness': 0.7653269609732497, 'generation': 495}","{'id': 38332, 'rank': 21, 'fitness': 0.7093167565901025, 'generation': 495}","{'id': 38371, 'rank': 22, 'fitness': 0.6685218943211155, 'generation': 495}","{'id': 38371, 'rank': 23, 'fitness': 0.6685218943211155, 'generation': 495}","{'id': 38362, 'rank': 24, 'fitness': 0.2543511844020125, 'generation': 495}","{'id': 38362, 'rank': 25, 'fitness': 0.2543511844020125, 'generation': 495}","{'id': 38341, 'rank': 26, 'fitness': 0.17489289190027885, 'generation': 495}","{'id': 38349, 'rank': 27, 'fitness': 0.16220125703762, 'generation': 495}","{'id': 38287, 'rank': 28, 'fitness': 0.13037134438744602, 'generation': 495}","{'id': 38227, 'rank': 29, 'fitness': 0.027297454305764524, 'generation': 495}","{'id': 38364, 'rank': 30, 'fitness': 0.01798620996209155, 'generation': 495}"
"{'id': 38464, 'rank': 1, 'fitness': 0.9820137900379085, 'generation': 496}","{'id': 38455, 'rank': 2, 'fitness': 0.9815532897630893, 'generation': 496}","{'id': 38408, 'rank': 3, 'fitness': 0.9809932815923728, 'generation': 496}","{'id': 38408, 'rank': 4, 'fitness': 0.9809932815923728, 'generation': 496}","{'id': 38408, 'rank': 5, 'fitness': 0.9809932815923728, 'generation': 496}","{'id': 38456, 'rank': 6, 'fitness': 0.9806870030749931, 'generation': 496}","{'id': 38410, 'rank': 7, 'fitness': 0.9804882550575825, 'generation': 496}","{'id': 38394, 'rank': 8, 'fitness': 0.9804753193507956, 'generation': 496}","{'id': 38411, 'rank': 9, 'fitness': 0.9803883441092254, 'generation': 496}","{'id': 38411, 'rank': 10, 'fitness': 0.9803883441092254, 'generation': 496}","{'id': 38333, 'rank': 11, 'fitness': 0.9803710110942621, 'generation': 496}","{'id': 38409, 'rank': 12, 'fitness': 0.9801737437475109, 'generation': 496}","{'id': 38306, 'rank': 13, 'fitness': 0.9795775149072061, 'generation': 496}","{'id': 38306, 'rank': 14, 'fitness': 0.9795775149072061, 'generation': 496}","{'id': 38452, 'rank': 15, 'fitness': 0.9793614518474306, 'generation': 496}","{'id': 38371, 'rank': 16, 'fitness': 0.9787004375732923, 'generation': 496}","{'id': 38371, 'rank': 17, 'fitness': 0.9787004375732923, 'generation': 496}","{'id': 38371, 'rank': 18, 'fitness': 0.9787004375732923, 'generation': 496}","{'id': 38362, 'rank': 19, 'fitness': 0.9768746146209063, 'generation': 496}","{'id': 38349, 'rank': 20, 'fitness': 0.9762611754665607, 'generation': 496}","{'id': 38447, 'rank': 21, 'fitness': 0.9753079577517176, 'generation': 496}","{'id': 38227, 'rank': 22, 'fitness': 0.9740477809536779, 'generation': 496}","{'id': 38412, 'rank': 23, 'fitness': 0.9726193645231456, 'generation': 496}","{'id': 38459, 'rank': 24, 'fitness': 0.9680749949515477, 'generation': 496}","{'id': 38459, 'rank': 25, 'fitness': 0.9680749949515477, 'generation': 496}","{'id': 38436, 'rank': 26, 'fitness': 0.9680578921832719, 'generation': 496}","{'id': 38436, 'rank': 27, 'fitness': 0.9680578921832719, 'generation': 496}","{'id': 38431, 'rank': 28, 'fitness': 0.9397591976079023, 'generation': 496}","{'id': 38422, 'rank': 29, 'fitness': 0.07556029841121253, 'generation': 496}","{'id': 38405, 'rank': 30, 'fitness': 0.01798620996209155, 'generation': 496}"
"{'id': 38528, 'rank': 1, 'fitness': 0.9820137900379085, 'generation': 497}","{'id': 38530, 'rank': 2, 'fitness': 0.9703132831686045, 'generation': 497}","{'id': 38503, 'rank': 3, 'fitness': 0.9691071526412615, 'generation': 497}","{'id': 38408, 'rank': 4, 'fitness': 0.9664559998667626, 'generation': 497}","{'id': 38408, 'rank': 5, 'fitness': 0.9664559998667626, 'generation': 497}","{'id': 38408, 'rank': 6, 'fitness': 0.9664559998667626, 'generation': 497}","{'id': 38408, 'rank': 7, 'fitness': 0.9664559998667626, 'generation': 497}","{'id': 38408, 'rank': 8, 'fitness': 0.9664559998667626, 'generation': 497}","{'id': 38498, 'rank': 9, 'fitness': 0.9496639223854307, 'generation': 497}","{'id': 38504, 'rank': 10, 'fitness': 0.9391718786271701, 'generation': 497}","{'id': 38477, 'rank': 11, 'fitness': 0.9282108057853959, 'generation': 497}","{'id': 38529, 'rank': 12, 'fitness': 0.9171078655530787, 'generation': 497}","{'id': 38511, 'rank': 13, 'fitness': 0.9142845415434363, 'generation': 497}","{'id': 38306, 'rank': 14, 'fitness': 0.912737874561111, 'generation': 497}","{'id': 38517, 'rank': 15, 'fitness': 0.9034235356036291, 'generation': 497}","{'id': 38517, 'rank': 16, 'fitness': 0.9034235356036291, 'generation': 497}","{'id': 38452, 'rank': 17, 'fitness': 0.9001580299050873, 'generation': 497}","{'id': 38485, 'rank': 18, 'fitness': 0.8883081011094709, 'generation': 497}","{'id': 38475, 'rank': 19, 'fitness': 0.8712381653912751, 'generation': 497}","{'id': 38371, 'rank': 20, 'fitness': 0.8524296528415112, 'generation': 497}","{'id': 38520, 'rank': 21, 'fitness': 0.8303136171341432, 'generation': 497}","{'id': 38522, 'rank': 22, 'fitness': 0.7988563936276035, 'generation': 497}","{'id': 38523, 'rank': 23, 'fitness': 0.6605831099751992, 'generation': 497}","{'id': 38537, 'rank': 24, 'fitness': 0.4707144183637198, 'generation': 497}","{'id': 38495, 'rank': 25, 'fitness': 0.41971528352948395, 'generation': 497}","{'id': 38447, 'rank': 26, 'fitness': 0.41640425021647176, 'generation': 497}","{'id': 38494, 'rank': 27, 'fitness': 0.3202455108011274, 'generation': 497}","{'id': 38227, 'rank': 28, 'fitness': 0.2604547872585474, 'generation': 497}","{'id': 38459, 'rank': 29, 'fitness': 0.018121808094750613, 'generation': 497}","{'id': 38436, 'rank': 30, 'fitness': 0.01798620996209155, 'generation': 497}"
"{'id': 38408, 'rank': 1, 'fitness': 0.9820137900379085, 'generation': 498}","{'id': 38408, 'rank': 2, 'fitness': 0.9820137900379085, 'generation': 498}","{'id': 38557, 'rank': 3, 'fitness': 0.9816050709098794, 'generation': 498}","{'id': 38511, 'rank': 4, 'fitness': 0.9813633353288874, 'generation': 498}","{'id': 38306, 'rank': 5, 'fitness': 0.9813502915118084, 'generation': 498}","{'id': 38517, 'rank': 6, 'fitness': 0.9812757102722198, 'generation': 498}","{'id': 38597, 'rank': 7, 'fitness': 0.9811190930234135, 'generation': 498}","{'id': 38551, 'rank': 8, 'fitness': 0.9808405990040845, 'generation': 498}","{'id': 38520, 'rank': 9, 'fitness': 0.9808371401001126, 'generation': 498}","{'id': 38520, 'rank': 10, 'fitness': 0.9808371401001126, 'generation': 498}","{'id': 38599, 'rank': 11, 'fitness': 0.9808224283061577, 'generation': 498}","{'id': 38596, 'rank': 12, 'fitness': 0.9807674930185379, 'generation': 498}","{'id': 38590, 'rank': 13, 'fitness': 0.9807079386818147, 'generation': 498}","{'id': 38559, 'rank': 14, 'fitness': 0.9805781054431272, 'generation': 498}","{'id': 38598, 'rank': 15, 'fitness': 0.9805016024849402, 'generation': 498}","{'id': 38594, 'rank': 16, 'fitness': 0.9801335622242838, 'generation': 498}","{'id': 38594, 'rank': 17, 'fitness': 0.9801335622242838, 'generation': 498}","{'id': 38581, 'rank': 18, 'fitness': 0.9799904090831466, 'generation': 498}","{'id': 38581, 'rank': 19, 'fitness': 0.9799904090831466, 'generation': 498}","{'id': 38537, 'rank': 20, 'fitness': 0.9796344337148915, 'generation': 498}","{'id': 38560, 'rank': 21, 'fitness': 0.9796225608419804, 'generation': 498}","{'id': 38560, 'rank': 22, 'fitness': 0.9796225608419804, 'generation': 498}","{'id': 38436, 'rank': 23, 'fitness': 0.9766134613251278, 'generation': 498}","{'id': 38606, 'rank': 24, 'fitness': 0.9755670252564536, 'generation': 498}","{'id': 38615, 'rank': 25, 'fitness': 0.9737132896914041, 'generation': 498}","{'id': 38607, 'rank': 26, 'fitness': 0.9711380635446543, 'generation': 498}","{'id': 38577, 'rank': 27, 'fitness': 0.9696263184979738, 'generation': 498}","{'id': 38617, 'rank': 28, 'fitness': 0.9683490105514407, 'generation': 498}","{'id': 38608, 'rank': 29, 'fitness': 0.9674519603836111, 'generation': 498}","{'id': 38613, 'rank': 30, 'fitness': 0.01798620996209155, 'generation': 498}"
"{'id': 38408, 'rank': 1, 'fitness': 0.9820137900379085, 'generation': 499}","{'id': 38666, 'rank': 2, 'fitness': 0.9806918179973763, 'generation': 499}","{'id': 38667, 'rank': 3, 'fitness': 0.979811563904361, 'generation': 499}","{'id': 38707, 'rank': 4, 'fitness': 0.9770586801946932, 'generation': 499}","{'id': 38660, 'rank': 5, 'fitness': 0.9750345102642048, 'generation': 499}","{'id': 38623, 'rank': 6, 'fitness': 0.9740081595992364, 'generation': 499}","{'id': 38713, 'rank': 7, 'fitness': 0.9647089446948025, 'generation': 499}","{'id': 38713, 'rank': 8, 'fitness': 0.9647089446948025, 'generation': 499}","{'id': 38713, 'rank': 9, 'fitness': 0.9647089446948025, 'generation': 499}","{'id': 38621, 'rank': 10, 'fitness': 0.9640186478951271, 'generation': 499}","{'id': 38599, 'rank': 11, 'fitness': 0.9630742891888864, 'generation': 499}","{'id': 38599, 'rank': 12, 'fitness': 0.9630742891888864, 'generation': 499}","{'id': 38648, 'rank': 13, 'fitness': 0.9616042230538718, 'generation': 499}","{'id': 38648, 'rank': 14, 'fitness': 0.9616042230538718, 'generation': 499}","{'id': 38714, 'rank': 15, 'fitness': 0.9612298559316489, 'generation': 499}","{'id': 38714, 'rank': 16, 'fitness': 0.9612298559316489, 'generation': 499}","{'id': 38559, 'rank': 17, 'fitness': 0.9575190798308588, 'generation': 499}","{'id': 38559, 'rank': 18, 'fitness': 0.9575190798308588, 'generation': 499}","{'id': 38642, 'rank': 19, 'fitness': 0.95535673415666, 'generation': 499}","{'id': 38647, 'rank': 20, 'fitness': 0.9547016145244314, 'generation': 499}","{'id': 38704, 'rank': 21, 'fitness': 0.9500672672675556, 'generation': 499}","{'id': 38704, 'rank': 22, 'fitness': 0.9500672672675556, 'generation': 499}","{'id': 38594, 'rank': 23, 'fitness': 0.9455418336523567, 'generation': 499}","{'id': 38706, 'rank': 24, 'fitness': 0.9408035975583408, 'generation': 499}","{'id': 38639, 'rank': 25, 'fitness': 0.9355419783627739, 'generation': 499}","{'id': 38664, 'rank': 26, 'fitness': 0.9303810984335628, 'generation': 499}","{'id': 38631, 'rank': 27, 'fitness': 0.9059906554883759, 'generation': 499}","{'id': 38679, 'rank': 28, 'fitness': 0.8991913941345608, 'generation': 499}","{'id': 38699, 'rank': 29, 'fitness': 0.8806821737083588, 'generation': 499}","{'id': 38715, 'rank': 30, 'fitness': 0.01798620996209155, 'generation': 499}"
"{'id': 38799, 'rank': 1, 'fitness': 0.9820137900379085, 'generation': 500}","{'id': 38786, 'rank': 2, 'fitness': 0.9732619617251448, 'generation': 500}","{'id': 38798, 'rank': 3, 'fitness': 0.9450591584654485, 'generation': 500}","{'id': 38798, 'rank': 4, 'fitness': 0.9450591584654485, 'generation': 500}","{'id': 38660, 'rank': 5, 'fitness': 0.9403692731044229, 'generation': 500}","{'id': 38623, 'rank': 6, 'fitness': 0.9350653994711047, 'generation': 500}","{'id': 38735, 'rank': 7, 'fitness': 0.9179319643978923, 'generation': 500}","{'id': 38728, 'rank': 8, 'fitness': 0.9128870744292573, 'generation': 500}","{'id': 38728, 'rank': 9, 'fitness': 0.9128870744292573, 'generation': 500}","{'id': 38797, 'rank': 10, 'fitness': 0.9081829140367507, 'generation': 500}","{'id': 38723, 'rank': 11, 'fitness': 0.9033698169211992, 'generation': 500}","{'id': 38777, 'rank': 12, 'fitness': 0.8890786304440832, 'generation': 500}","{'id': 38713, 'rank': 13, 'fitness': 0.8780313263125513, 'generation': 500}","{'id': 38621, 'rank': 14, 'fitness': 0.8732237272417981, 'generation': 500}","{'id': 38621, 'rank': 15, 'fitness': 0.8732237272417981, 'generation': 500}","{'id': 38648, 'rank': 16, 'fitness': 0.8558829005215158, 'generation': 500}","{'id': 38750, 'rank': 17, 'fitness': 0.8446106497844724, 'generation': 500}","{'id': 38726, 'rank': 18, 'fitness': 0.7213177764124529, 'generation': 500}","{'id': 38756, 'rank': 19, 'fitness': 0.6751532245664392, 'generation': 500}","{'id': 38756, 'rank': 20, 'fitness': 0.6751532245664392, 'generation': 500}","{'id': 38729, 'rank': 21, 'fitness': 0.6298508479596755, 'generation': 500}","{'id': 38664, 'rank': 22, 'fitness': 0.5989251351223804, 'generation': 500}","{'id': 38774, 'rank': 23, 'fitness': 0.4954677763028328, 'generation': 500}","{'id': 38733, 'rank': 24, 'fitness': 0.3138324834416353, 'generation': 500}","{'id': 38736, 'rank': 25, 'fitness': 0.2625320777800839, 'generation': 500}","{'id': 38730, 'rank': 26, 'fitness': 0.2254382485182097, 'generation': 500}","{'id': 38803, 'rank': 27, 'fitness': 0.17893338654296675, 'generation': 500}","{'id': 38768, 'rank': 28, 'fitness': 0.15127754665444593, 'generation': 500}","{'id': 38769, 'rank': 29, 'fitness': 0.132644482150149, 'generation': 500}","{'id': 38753, 'rank': 30, 'fitness': 0.01798620996209155, 'generation': 500}"
"{'id': 38819, 'rank': 1, 'fitness': 0.9820137900379085, 'generation': 501}","{'id': 38786, 'rank': 2, 'fitness': 0.9818625615662863, 'generation': 501}","{'id': 38822, 'rank': 3, 'fitness': 0.9818129765355794, 'generation': 501}","{'id': 38820, 'rank': 4, 'fitness': 0.9814647458520601, 'generation': 501}","{'id': 38820, 'rank': 5, 'fitness': 0.9814647458520601, 'generation': 501}","{'id': 38798, 'rank': 6, 'fitness': 0.9810612340988103, 'generation': 501}","{'id': 38660, 'rank': 7, 'fitness': 0.980966129521434, 'generation': 501}","{'id': 38660, 'rank': 8, 'fitness': 0.980966129521434, 'generation': 501}","{'id': 38623, 'rank': 9, 'fitness': 0.9808661710485451, 'generation': 501}","{'id': 38623, 'rank': 10, 'fitness': 0.9808661710485451, 'generation': 501}","{'id': 38623, 'rank': 11, 'fitness': 0.9808661710485451, 'generation': 501}","{'id': 38850, 'rank': 12, 'fitness': 0.9807577637097158, 'generation': 501}","{'id': 38735, 'rank': 13, 'fitness': 0.9805855137640942, 'generation': 501}","{'id': 38728, 'rank': 14, 'fitness': 0.9805124728956391, 'generation': 501}","{'id': 38728, 'rank': 15, 'fitness': 0.9805124728956391, 'generation': 501}","{'id': 38777, 'rank': 16, 'fitness': 0.9802092046987547, 'generation': 501}","{'id': 38713, 'rank': 17, 'fitness': 0.9800863442041676, 'generation': 501}","{'id': 38621, 'rank': 18, 'fitness': 0.9800356438807859, 'generation': 501}","{'id': 38750, 'rank': 19, 'fitness': 0.9797615161133535, 'generation': 501}","{'id': 38664, 'rank': 20, 'fitness': 0.9781999321692136, 'generation': 501}","{'id': 38842, 'rank': 21, 'fitness': 0.9760419613543462, 'generation': 501}","{'id': 38828, 'rank': 22, 'fitness': 0.9752358478320109, 'generation': 501}","{'id': 38844, 'rank': 23, 'fitness': 0.9734732920069996, 'generation': 501}","{'id': 38843, 'rank': 24, 'fitness': 0.9729886187721611, 'generation': 501}","{'id': 38829, 'rank': 25, 'fitness': 0.9697592084658548, 'generation': 501}","{'id': 38858, 'rank': 26, 'fitness': 0.9679026875514424, 'generation': 501}","{'id': 38854, 'rank': 27, 'fitness': 0.8961047593517186, 'generation': 501}","{'id': 38840, 'rank': 28, 'fitness': 0.8789388984165205, 'generation': 501}","{'id': 38830, 'rank': 29, 'fitness': 0.06159111531218914, 'generation': 501}","{'id': 38831, 'rank': 30, 'fitness': 0.01798620996209155, 'generation': 501}"
"{'id': 38916, 'rank': 1, 'fitness': 0.9820137900379085, 'generation': 502}","{'id': 38907, 'rank': 2, 'fitness': 0.9807652472077075, 'generation': 502}","{'id': 38822, 'rank': 3, 'fitness': 0.97688887780892, 'generation': 502}","{'id': 38822, 'rank': 4, 'fitness': 0.97688887780892, 'generation': 502}","{'id': 38822, 'rank': 5, 'fitness': 0.97688887780892, 'generation': 502}","{'id': 38908, 'rank': 6, 'fitness': 0.9761765388218291, 'generation': 502}","{'id': 38919, 'rank': 7, 'fitness': 0.9739974958918379, 'generation': 502}","{'id': 38919, 'rank': 8, 'fitness': 0.9739974958918379, 'generation': 502}","{'id': 38938, 'rank': 9, 'fitness': 0.9636927355984566, 'generation': 502}","{'id': 38906, 'rank': 10, 'fitness': 0.958015580571727, 'generation': 502}","{'id': 38929, 'rank': 11, 'fitness': 0.9571158387431802, 'generation': 502}","{'id': 38947, 'rank': 12, 'fitness': 0.9543408958301367, 'generation': 502}","{'id': 38917, 'rank': 13, 'fitness': 0.9517947828284701, 'generation': 502}","{'id': 38900, 'rank': 14, 'fitness': 0.9475740079369974, 'generation': 502}","{'id': 38900, 'rank': 15, 'fitness': 0.9475740079369974, 'generation': 502}","{'id': 38850, 'rank': 16, 'fitness': 0.9473247670455749, 'generation': 502}","{'id': 38850, 'rank': 17, 'fitness': 0.9473247670455749, 'generation': 502}","{'id': 38735, 'rank': 18, 'fitness': 0.9401602068763744, 'generation': 502}","{'id': 38895, 'rank': 19, 'fitness': 0.9385418741830158, 'generation': 502}","{'id': 38728, 'rank': 20, 'fitness': 0.9368753427041268, 'generation': 502}","{'id': 38728, 'rank': 21, 'fitness': 0.9368753427041268, 'generation': 502}","{'id': 38939, 'rank': 22, 'fitness': 0.9333197054978994, 'generation': 502}","{'id': 38879, 'rank': 23, 'fitness': 0.921563774113481, 'generation': 502}","{'id': 38948, 'rank': 24, 'fitness': 0.9191880822592077, 'generation': 502}","{'id': 38877, 'rank': 25, 'fitness': 0.8928453090125639, 'generation': 502}","{'id': 38898, 'rank': 26, 'fitness': 0.8792061042297182, 'generation': 502}","{'id': 38842, 'rank': 27, 'fitness': 0.39143390406410666, 'generation': 502}","{'id': 38844, 'rank': 28, 'fitness': 0.11974995838100677, 'generation': 502}","{'id': 38942, 'rank': 29, 'fitness': 0.045945511322735555, 'generation': 502}","{'id': 38829, 'rank': 30, 'fitness': 0.01798620996209155, 'generation': 502}"
"{'id': 38961, 'rank': 1, 'fitness': 0.9820137900379085, 'generation': 503}","{'id': 38961, 'rank': 2, 'fitness': 0.9820137900379085, 'generation': 503}","{'id': 38961, 'rank': 3, 'fitness': 0.9820137900379085, 'generation': 503}","{'id': 38916, 'rank': 4, 'fitness': 0.9783237539460157, 'generation': 503}","{'id': 38822, 'rank': 5, 'fitness': 0.9714278612011256, 'generation': 503}","{'id': 38908, 'rank': 6, 'fitness': 0.9704571926947736, 'generation': 503}","{'id': 38978, 'rank': 7, 'fitness': 0.969341855506926, 'generation': 503}","{'id': 38978, 'rank': 8, 'fitness': 0.969341855506926, 'generation': 503}","{'id': 38986, 'rank': 9, 'fitness': 0.9691419219493591, 'generation': 503}","{'id': 38919, 'rank': 10, 'fitness': 0.9674718249239047, 'generation': 503}","{'id': 39015, 'rank': 11, 'fitness': 0.9664677938690545, 'generation': 503}","{'id': 39007, 'rank': 12, 'fitness': 0.9644331711845833, 'generation': 503}","{'id': 38938, 'rank': 13, 'fitness': 0.9530825709018916, 'generation': 503}","{'id': 38947, 'rank': 14, 'fitness': 0.9397349125927144, 'generation': 503}","{'id': 38900, 'rank': 15, 'fitness': 0.9299552642157811, 'generation': 503}","{'id': 38939, 'rank': 16, 'fitness': 0.9091268537787126, 'generation': 503}","{'id': 38987, 'rank': 17, 'fitness': 0.9022111471466141, 'generation': 503}","{'id': 38987, 'rank': 18, 'fitness': 0.9022111471466141, 'generation': 503}","{'id': 38966, 'rank': 19, 'fitness': 0.723264273855172, 'generation': 503}","{'id': 38966, 'rank': 20, 'fitness': 0.723264273855172, 'generation': 503}","{'id': 38967, 'rank': 21, 'fitness': 0.6923709337018299, 'generation': 503}","{'id': 38962, 'rank': 22, 'fitness': 0.5651557809857228, 'generation': 503}","{'id': 38997, 'rank': 23, 'fitness': 0.5420229934753602, 'generation': 503}","{'id': 38965, 'rank': 24, 'fitness': 0.5015232779328197, 'generation': 503}","{'id': 38970, 'rank': 25, 'fitness': 0.21770134140791952, 'generation': 503}","{'id': 38996, 'rank': 26, 'fitness': 0.0659981616746147, 'generation': 503}","{'id': 39003, 'rank': 27, 'fitness': 0.062255979470056566, 'generation': 503}","{'id': 38998, 'rank': 28, 'fitness': 0.019706261965981575, 'generation': 503}","{'id': 38942, 'rank': 29, 'fitness': 0.018430347525423774, 'generation': 503}","{'id': 38984, 'rank': 30, 'fitness': 0.01798620996209155, 'generation': 503}"
"{'id': 39039, 'rank': 1, 'fitness': 0.9820137900379085, 'generation': 504}","{'id': 38961, 'rank': 2, 'fitness': 0.9740094987297747, 'generation': 504}","{'id': 38961, 'rank': 3, 'fitness': 0.9740094987297747, 'generation': 504}","{'id': 39050, 'rank': 4, 'fitness': 0.9714537516180533, 'generation': 504}","{'id': 38822, 'rank': 5, 'fitness': 0.9597786784773088, 'generation': 504}","{'id': 38822, 'rank': 6, 'fitness': 0.9597786784773088, 'generation': 504}","{'id': 38978, 'rank': 7, 'fitness': 0.9570206536763834, 'generation': 504}","{'id': 38986, 'rank': 8, 'fitness': 0.9567570080539877, 'generation': 504}","{'id': 39015, 'rank': 9, 'fitness': 0.9532419645932286, 'generation': 504}","{'id': 39029, 'rank': 10, 'fitness': 0.9461035220662454, 'generation': 504}","{'id': 39053, 'rank': 11, 'fitness': 0.9428637684413844, 'generation': 504}","{'id': 39075, 'rank': 12, 'fitness': 0.9242616781996542, 'generation': 504}","{'id': 39055, 'rank': 13, 'fitness': 0.9197457994783875, 'generation': 504}","{'id': 38947, 'rank': 14, 'fitness': 0.9190479770487018, 'generation': 504}","{'id': 38947, 'rank': 15, 'fitness': 0.9190479770487018, 'generation': 504}","{'id': 38947, 'rank': 16, 'fitness': 0.9190479770487018, 'generation': 504}","{'id': 38900, 'rank': 17, 'fitness': 0.9068870786030977, 'generation': 504}","{'id': 39052, 'rank': 18, 'fitness': 0.9003038758348182, 'generation': 504}","{'id': 39052, 'rank': 19, 'fitness': 0.9003038758348182, 'generation': 504}","{'id': 38987, 'rank': 20, 'fitness': 0.8731786795271336, 'generation': 504}","{'id': 39030, 'rank': 21, 'fitness': 0.871986176098549, 'generation': 504}","{'id': 39031, 'rank': 22, 'fitness': 0.8492720678215325, 'generation': 504}","{'id': 39083, 'rank': 23, 'fitness': 0.8334120956581897, 'generation': 504}","{'id': 39027, 'rank': 24, 'fitness': 0.8243849754746877, 'generation': 504}","{'id': 39065, 'rank': 25, 'fitness': 0.8028418525127841, 'generation': 504}","{'id': 39065, 'rank': 26, 'fitness': 0.8028418525127841, 'generation': 504}","{'id': 39081, 'rank': 27, 'fitness': 0.6821737089129276, 'generation': 504}","{'id': 38965, 'rank': 28, 'fitness': 0.4545387688322321, 'generation': 504}","{'id': 39074, 'rank': 29, 'fitness': 0.3649659944295283, 'generation': 504}","{'id': 38984, 'rank': 30, 'fitness': 0.01798620996209155, 'generation': 504}"
"{'id': 39144, 'rank': 1, 'fitness': 0.9820137900379085, 'generation': 505}","{'id': 39144, 'rank': 2, 'fitness': 0.9820137900379085, 'generation': 505}","{'id': 39050, 'rank': 3, 'fitness': 0.9781850965539621, 'generation': 505}","{'id': 39143, 'rank': 4, 'fitness': 0.9758360329108888, 'generation': 505}","{'id': 38822, 'rank': 5, 'fitness': 0.9749949092094417, 'generation': 505}","{'id': 39106, 'rank': 6, 'fitness': 0.9746231099018097, 'generation': 505}","{'id': 39106, 'rank': 7, 'fitness': 0.9746231099018097, 'generation': 505}","{'id': 38978, 'rank': 8, 'fitness': 0.9743220172170098, 'generation': 505}","{'id': 38978, 'rank': 9, 'fitness': 0.9743220172170098, 'generation': 505}","{'id': 38986, 'rank': 10, 'fitness': 0.9742589897305549, 'generation': 505}","{'id': 39107, 'rank': 11, 'fitness': 0.972736628726923, 'generation': 505}","{'id': 39107, 'rank': 12, 'fitness': 0.972736628726923, 'generation': 505}","{'id': 39055, 'rank': 13, 'fitness': 0.9669012959372532, 'generation': 505}","{'id': 38947, 'rank': 14, 'fitness': 0.9667824415512771, 'generation': 505}","{'id': 38947, 'rank': 15, 'fitness': 0.9667824415512771, 'generation': 505}","{'id': 38900, 'rank': 16, 'fitness': 0.9647889073166181, 'generation': 505}","{'id': 39052, 'rank': 17, 'fitness': 0.9637636675452946, 'generation': 505}","{'id': 39145, 'rank': 18, 'fitness': 0.9618463553804018, 'generation': 505}","{'id': 39141, 'rank': 19, 'fitness': 0.9573589128216102, 'generation': 505}","{'id': 39093, 'rank': 20, 'fitness': 0.9495164472148949, 'generation': 505}","{'id': 39153, 'rank': 21, 'fitness': 0.9390182297136154, 'generation': 505}","{'id': 39153, 'rank': 22, 'fitness': 0.9390182297136154, 'generation': 505}","{'id': 39088, 'rank': 23, 'fitness': 0.8538607776271006, 'generation': 505}","{'id': 39131, 'rank': 24, 'fitness': 0.8180448653857908, 'generation': 505}","{'id': 39104, 'rank': 25, 'fitness': 0.62527995071431, 'generation': 505}","{'id': 39121, 'rank': 26, 'fitness': 0.4124093615176624, 'generation': 505}","{'id': 39121, 'rank': 27, 'fitness': 0.4124093615176624, 'generation': 505}","{'id': 39166, 'rank': 28, 'fitness': 0.3011059852923642, 'generation': 505}","{'id': 39140, 'rank': 29, 'fitness': 0.08364423353342826, 'generation': 505}","{'id': 39130, 'rank': 30, 'fitness': 0.01798620996209155, 'generation': 505}"
"{'id': 39144, 'rank': 1, 'fitness': 0.9820137900379085, 'generation': 506}","{'id': 39144, 'rank': 2, 'fitness': 0.9820137900379085, 'generation': 506}","{'id': 39216, 'rank': 3, 'fitness': 0.9753808630616327, 'generation': 506}","{'id': 39216, 'rank': 4, 'fitness': 0.9753808630616327, 'generation': 506}","{'id': 39216, 'rank': 5, 'fitness': 0.9753808630616327, 'generation': 506}","{'id': 39217, 'rank': 6, 'fitness': 0.9675379378671796, 'generation': 506}","{'id': 39215, 'rank': 7, 'fitness': 0.962513319791122, 'generation': 506}","{'id': 39173, 'rank': 8, 'fitness': 0.9612250226972994, 'generation': 506}","{'id': 39106, 'rank': 9, 'fitness': 0.9605753783671598, 'generation': 506}","{'id': 38986, 'rank': 10, 'fitness': 0.9592856841913833, 'generation': 506}","{'id': 39206, 'rank': 11, 'fitness': 0.9573008096883792, 'generation': 506}","{'id': 39213, 'rank': 12, 'fitness': 0.9556067810635404, 'generation': 506}","{'id': 39207, 'rank': 13, 'fitness': 0.9302817631892142, 'generation': 506}","{'id': 39055, 'rank': 14, 'fitness': 0.9286141237883323, 'generation': 506}","{'id': 39244, 'rank': 15, 'fitness': 0.9280984595291559, 'generation': 506}","{'id': 38947, 'rank': 16, 'fitness': 0.9280483837906506, 'generation': 506}","{'id': 39229, 'rank': 17, 'fitness': 0.9193830824322227, 'generation': 506}","{'id': 39254, 'rank': 18, 'fitness': 0.9188158741720139, 'generation': 506}","{'id': 39242, 'rank': 19, 'fitness': 0.9161093408693116, 'generation': 506}","{'id': 39195, 'rank': 20, 'fitness': 0.9092227036317851, 'generation': 506}","{'id': 39175, 'rank': 21, 'fitness': 0.8951656774646678, 'generation': 506}","{'id': 39230, 'rank': 22, 'fitness': 0.8940256269778133, 'generation': 506}","{'id': 39211, 'rank': 23, 'fitness': 0.885392999077698, 'generation': 506}","{'id': 39190, 'rank': 24, 'fitness': 0.8806219097503032, 'generation': 506}","{'id': 39212, 'rank': 25, 'fitness': 0.8687139880835502, 'generation': 506}","{'id': 39194, 'rank': 26, 'fitness': 0.753091684986121, 'generation': 506}","{'id': 39226, 'rank': 27, 'fitness': 0.701925552122175, 'generation': 506}","{'id': 39184, 'rank': 28, 'fitness': 0.3149286187735574, 'generation': 506}","{'id': 39088, 'rank': 29, 'fitness': 0.24495579125515554, 'generation': 506}","{'id': 39104, 'rank': 30, 'fitness': 0.01798620996209155, 'generation': 506}"
"{'id': 39144, 'rank': 1, 'fitness': 0.9820137900379085, 'generation': 507}","{'id': 39265, 'rank': 2, 'fitness': 0.9814236758970651, 'generation': 507}","{'id': 39266, 'rank': 3, 'fitness': 0.9810065435844157, 'generation': 507}","{'id': 39216, 'rank': 4, 'fitness': 0.9794815341800849, 'generation': 507}","{'id': 39264, 'rank': 5, 'fitness': 0.9772831540438638, 'generation': 507}","{'id': 39173, 'rank': 6, 'fitness': 0.9751405435363752, 'generation': 507}","{'id': 39327, 'rank': 7, 'fitness': 0.9750680506227265, 'generation': 507}","{'id': 39327, 'rank': 8, 'fitness': 0.9750680506227265, 'generation': 507}","{'id': 39326, 'rank': 9, 'fitness': 0.9750646424477963, 'generation': 507}","{'id': 39207, 'rank': 10, 'fitness': 0.9680139388776903, 'generation': 507}","{'id': 39055, 'rank': 11, 'fitness': 0.9676825155175869, 'generation': 507}","{'id': 39254, 'rank': 12, 'fitness': 0.9658085408273431, 'generation': 507}","{'id': 39254, 'rank': 13, 'fitness': 0.9658085408273431, 'generation': 507}","{'id': 39274, 'rank': 14, 'fitness': 0.9654424052700721, 'generation': 507}","{'id': 39288, 'rank': 15, 'fitness': 0.9651382225449388, 'generation': 507}","{'id': 39311, 'rank': 16, 'fitness': 0.9628356880130824, 'generation': 507}","{'id': 39175, 'rank': 17, 'fitness': 0.9616907898856298, 'generation': 507}","{'id': 39230, 'rank': 18, 'fitness': 0.9615038141846461, 'generation': 507}","{'id': 39324, 'rank': 19, 'fitness': 0.9608227995613591, 'generation': 507}","{'id': 39211, 'rank': 20, 'fitness': 0.9601160614083869, 'generation': 507}","{'id': 39325, 'rank': 21, 'fitness': 0.9590490078103369, 'generation': 507}","{'id': 39292, 'rank': 22, 'fitness': 0.9570662370870555, 'generation': 507}","{'id': 39194, 'rank': 23, 'fitness': 0.9422356632901552, 'generation': 507}","{'id': 39277, 'rank': 24, 'fitness': 0.9410757805565981, 'generation': 507}","{'id': 39226, 'rank': 25, 'fitness': 0.9360490058885375, 'generation': 507}","{'id': 39289, 'rank': 26, 'fitness': 0.9271040490166766, 'generation': 507}","{'id': 39313, 'rank': 27, 'fitness': 0.5939103891345551, 'generation': 507}","{'id': 39334, 'rank': 28, 'fitness': 0.31589965069242887, 'generation': 507}","{'id': 39300, 'rank': 29, 'fitness': 0.018162884141268043, 'generation': 507}","{'id': 39301, 'rank': 30, 'fitness': 0.01798620996209155, 'generation': 507}"
"{'id': 39411, 'rank': 1, 'fitness': 0.9820137900379085, 'generation': 508}","{'id': 39411, 'rank': 2, 'fitness': 0.9820137900379085, 'generation': 508}","{'id': 39347, 'rank': 3, 'fitness': 0.9655376803343876, 'generation': 508}","{'id': 39343, 'rank': 4, 'fitness': 0.9589576107274118, 'generation': 508}","{'id': 39343, 'rank': 5, 'fitness': 0.9589576107274118, 'generation': 508}","{'id': 39394, 'rank': 6, 'fitness': 0.9583757135235338, 'generation': 508}","{'id': 39394, 'rank': 7, 'fitness': 0.9583757135235338, 'generation': 508}","{'id': 39348, 'rank': 8, 'fitness': 0.9566497033235797, 'generation': 508}","{'id': 39348, 'rank': 9, 'fitness': 0.9566497033235797, 'generation': 508}","{'id': 39348, 'rank': 10, 'fitness': 0.9566497033235797, 'generation': 508}","{'id': 39348, 'rank': 11, 'fitness': 0.9566497033235797, 'generation': 508}","{'id': 39349, 'rank': 12, 'fitness': 0.9509854708874877, 'generation': 508}","{'id': 39327, 'rank': 13, 'fitness': 0.9444892463493245, 'generation': 508}","{'id': 39395, 'rank': 14, 'fitness': 0.9381845881943577, 'generation': 508}","{'id': 39345, 'rank': 15, 'fitness': 0.9176240281991987, 'generation': 508}","{'id': 39408, 'rank': 16, 'fitness': 0.9040314872808695, 'generation': 508}","{'id': 39254, 'rank': 17, 'fitness': 0.8833920844343504, 'generation': 508}","{'id': 39274, 'rank': 18, 'fitness': 0.8805365826007405, 'generation': 508}","{'id': 39420, 'rank': 19, 'fitness': 0.8784669007736092, 'generation': 508}","{'id': 39420, 'rank': 20, 'fitness': 0.8784669007736092, 'generation': 508}","{'id': 39366, 'rank': 21, 'fitness': 0.8538653000336068, 'generation': 508}","{'id': 39369, 'rank': 22, 'fitness': 0.8354951948824865, 'generation': 508}","{'id': 39368, 'rank': 23, 'fitness': 0.7904757619281895, 'generation': 508}","{'id': 39421, 'rank': 24, 'fitness': 0.6878154067734756, 'generation': 508}","{'id': 39377, 'rank': 25, 'fitness': 0.666694085963263, 'generation': 508}","{'id': 39406, 'rank': 26, 'fitness': 0.6430326584279558, 'generation': 508}","{'id': 39289, 'rank': 27, 'fitness': 0.5101517367327594, 'generation': 508}","{'id': 39397, 'rank': 28, 'fitness': 0.2794707350123494, 'generation': 508}","{'id': 39402, 'rank': 29, 'fitness': 0.1506249437573513, 'generation': 508}","{'id': 39378, 'rank': 30, 'fitness': 0.01798620996209155, 'generation': 508}"
"{'id': 39461, 'rank': 1, 'fitness': 0.9820137900379085, 'generation': 509}","{'id': 39411, 'rank': 2, 'fitness': 0.9814870450747998, 'generation': 509}","{'id': 39411, 'rank': 3, 'fitness': 0.9814870450747998, 'generation': 509}","{'id': 39411, 'rank': 4, 'fitness': 0.9814870450747998, 'generation': 509}","{'id': 39411, 'rank': 5, 'fitness': 0.9814870450747998, 'generation': 509}","{'id': 39456, 'rank': 6, 'fitness': 0.9808665937014491, 'generation': 509}","{'id': 39347, 'rank': 7, 'fitness': 0.9796842039010054, 'generation': 509}","{'id': 39343, 'rank': 8, 'fitness': 0.9791644783509825, 'generation': 509}","{'id': 39394, 'rank': 9, 'fitness': 0.9791218802633631, 'generation': 509}","{'id': 39394, 'rank': 10, 'fitness': 0.9791218802633631, 'generation': 509}","{'id': 39394, 'rank': 11, 'fitness': 0.9791218802633631, 'generation': 509}","{'id': 39460, 'rank': 12, 'fitness': 0.9790539212460541, 'generation': 509}","{'id': 39348, 'rank': 13, 'fitness': 0.9789983166450702, 'generation': 509}","{'id': 39348, 'rank': 14, 'fitness': 0.9789983166450702, 'generation': 509}","{'id': 39395, 'rank': 15, 'fitness': 0.9778768139617828, 'generation': 509}","{'id': 39345, 'rank': 16, 'fitness': 0.976906155939502, 'generation': 509}","{'id': 39420, 'rank': 17, 'fitness': 0.9754788347909361, 'generation': 509}","{'id': 39432, 'rank': 18, 'fitness': 0.9747964686302338, 'generation': 509}","{'id': 39473, 'rank': 19, 'fitness': 0.9740631484226445, 'generation': 509}","{'id': 39368, 'rank': 20, 'fitness': 0.973169995329374, 'generation': 509}","{'id': 39474, 'rank': 21, 'fitness': 0.9728102599295825, 'generation': 509}","{'id': 39437, 'rank': 22, 'fitness': 0.9724111935616688, 'generation': 509}","{'id': 39406, 'rank': 23, 'fitness': 0.9702878180095952, 'generation': 509}","{'id': 39490, 'rank': 24, 'fitness': 0.9655547582095627, 'generation': 509}","{'id': 39448, 'rank': 25, 'fitness': 0.9638667497398063, 'generation': 509}","{'id': 39422, 'rank': 26, 'fitness': 0.9616452540511323, 'generation': 509}","{'id': 39444, 'rank': 27, 'fitness': 0.9593940800865748, 'generation': 509}","{'id': 39446, 'rank': 28, 'fitness': 0.9551636834654429, 'generation': 509}","{'id': 39478, 'rank': 29, 'fitness': 0.9211517170410791, 'generation': 509}","{'id': 39450, 'rank': 30, 'fitness': 0.01798620996209155, 'generation': 509}"
"{'id': 39539, 'rank': 1, 'fitness': 0.9820137900379085, 'generation': 510}","{'id': 39539, 'rank': 2, 'fitness': 0.9820137900379085, 'generation': 510}","{'id': 39411, 'rank': 3, 'fitness': 0.9769328074095358, 'generation': 510}","{'id': 39534, 'rank': 4, 'fitness': 0.976333934878844, 'generation': 510}","{'id': 39509, 'rank': 5, 'fitness': 0.9749332411675903, 'generation': 510}","{'id': 39538, 'rank': 6, 'fitness': 0.9738012129303166, 'generation': 510}","{'id': 39456, 'rank': 7, 'fitness': 0.9711148609707432, 'generation': 510}","{'id': 39526, 'rank': 8, 'fitness': 0.9682908647766368, 'generation': 510}","{'id': 39535, 'rank': 9, 'fitness': 0.9625683099805553, 'generation': 510}","{'id': 39537, 'rank': 10, 'fitness': 0.9609323757827025, 'generation': 510}","{'id': 39528, 'rank': 11, 'fitness': 0.9500898483153404, 'generation': 510}","{'id': 39394, 'rank': 12, 'fitness': 0.9480030267937246, 'generation': 510}","{'id': 39394, 'rank': 13, 'fitness': 0.9480030267937246, 'generation': 510}","{'id': 39348, 'rank': 14, 'fitness': 0.9459230232241151, 'generation': 510}","{'id': 39548, 'rank': 15, 'fitness': 0.9434966588652969, 'generation': 510}","{'id': 39536, 'rank': 16, 'fitness': 0.9287063973173435, 'generation': 510}","{'id': 39501, 'rank': 17, 'fitness': 0.9276518129436203, 'generation': 510}","{'id': 39507, 'rank': 18, 'fitness': 0.9274468158216868, 'generation': 510}","{'id': 39550, 'rank': 19, 'fitness': 0.9264304803179515, 'generation': 510}","{'id': 39533, 'rank': 20, 'fitness': 0.9248149029104396, 'generation': 510}","{'id': 39533, 'rank': 21, 'fitness': 0.9248149029104396, 'generation': 510}","{'id': 39532, 'rank': 22, 'fitness': 0.8956013195465321, 'generation': 510}","{'id': 39524, 'rank': 23, 'fitness': 0.8954628948716357, 'generation': 510}","{'id': 39513, 'rank': 24, 'fitness': 0.7996370401491211, 'generation': 510}","{'id': 39474, 'rank': 25, 'fitness': 0.7395274911246225, 'generation': 510}","{'id': 39504, 'rank': 26, 'fitness': 0.5614048781650626, 'generation': 510}","{'id': 39541, 'rank': 27, 'fitness': 0.5130375628136267, 'generation': 510}","{'id': 39503, 'rank': 28, 'fitness': 0.4729850972720287, 'generation': 510}","{'id': 39522, 'rank': 29, 'fitness': 0.01798620996209155, 'generation': 510}","{'id': 39522, 'rank': 30, 'fitness': 0.01798620996209155, 'generation': 510}"
"{'id': 39610, 'rank': 1, 'fitness': 0.9820137900379085, 'generation': 511}","{'id': 39411, 'rank': 2, 'fitness': 0.9797047431886396, 'generation': 511}","{'id': 39534, 'rank': 3, 'fitness': 0.9795132172595484, 'generation': 511}","{'id': 39509, 'rank': 4, 'fitness': 0.9790766359837337, 'generation': 511}","{'id': 39607, 'rank': 5, 'fitness': 0.9789982111463037, 'generation': 511}","{'id': 39456, 'rank': 6, 'fitness': 0.9779578225160579, 'generation': 511}","{'id': 39526, 'rank': 7, 'fitness': 0.9771874088981324, 'generation': 511}","{'id': 39638, 'rank': 8, 'fitness': 0.9765727320716784, 'generation': 511}","{'id': 39537, 'rank': 9, 'fitness': 0.9753575643232459, 'generation': 511}","{'id': 39394, 'rank': 10, 'fitness': 0.9725867978076392, 'generation': 511}","{'id': 39394, 'rank': 11, 'fitness': 0.9725867978076392, 'generation': 511}","{'id': 39586, 'rank': 12, 'fitness': 0.9724363465133375, 'generation': 511}","{'id': 39581, 'rank': 13, 'fitness': 0.9715619163459397, 'generation': 511}","{'id': 39581, 'rank': 14, 'fitness': 0.9715619163459397, 'generation': 511}","{'id': 39580, 'rank': 15, 'fitness': 0.965013381052769, 'generation': 511}","{'id': 39580, 'rank': 16, 'fitness': 0.965013381052769, 'generation': 511}","{'id': 39598, 'rank': 17, 'fitness': 0.9629915074431101, 'generation': 511}","{'id': 39629, 'rank': 18, 'fitness': 0.9610038598282111, 'generation': 511}","{'id': 39588, 'rank': 19, 'fitness': 0.9504580119456005, 'generation': 511}","{'id': 39474, 'rank': 20, 'fitness': 0.9473253702879596, 'generation': 511}","{'id': 39626, 'rank': 21, 'fitness': 0.9422874429512976, 'generation': 511}","{'id': 39587, 'rank': 22, 'fitness': 0.9351519901342533, 'generation': 511}","{'id': 39587, 'rank': 23, 'fitness': 0.9351519901342533, 'generation': 511}","{'id': 39587, 'rank': 24, 'fitness': 0.9351519901342533, 'generation': 511}","{'id': 39541, 'rank': 25, 'fitness': 0.9260348816477205, 'generation': 511}","{'id': 39503, 'rank': 26, 'fitness': 0.9219213188410877, 'generation': 511}","{'id': 39649, 'rank': 27, 'fitness': 0.8753010972105439, 'generation': 511}","{'id': 39618, 'rank': 28, 'fitness': 0.8408711910428583, 'generation': 511}","{'id': 39522, 'rank': 29, 'fitness': 0.7401717132904279, 'generation': 511}","{'id': 39653, 'rank': 30, 'fitness': 0.01798620996209155, 'generation': 511}"
"{'id': 39610, 'rank': 1, 'fitness': 0.9820137900379085, 'generation': 512}","{'id': 39742, 'rank': 2, 'fitness': 0.9782826699592793, 'generation': 512}","{'id': 39742, 'rank': 3, 'fitness': 0.9782826699592793, 'generation': 512}","{'id': 39411, 'rank': 4, 'fitness': 0.972261187035978, 'generation': 512}","{'id': 39411, 'rank': 5, 'fitness': 0.972261187035978, 'generation': 512}","{'id': 39663, 'rank': 6, 'fitness': 0.9632934873081518, 'generation': 512}","{'id': 39727, 'rank': 7, 'fitness': 0.9604764405705635, 'generation': 512}","{'id': 39744, 'rank': 8, 'fitness': 0.9536264683366581, 'generation': 512}","{'id': 39729, 'rank': 9, 'fitness': 0.9489496532787236, 'generation': 512}","{'id': 39743, 'rank': 10, 'fitness': 0.9388221069279402, 'generation': 512}","{'id': 39586, 'rank': 11, 'fitness': 0.9189519910464312, 'generation': 512}","{'id': 39586, 'rank': 12, 'fitness': 0.9189519910464312, 'generation': 512}","{'id': 39586, 'rank': 13, 'fitness': 0.9189519910464312, 'generation': 512}","{'id': 39716, 'rank': 14, 'fitness': 0.9155499958230702, 'generation': 512}","{'id': 39666, 'rank': 15, 'fitness': 0.9153784277821337, 'generation': 512}","{'id': 39581, 'rank': 16, 'fitness': 0.9099104814915611, 'generation': 512}","{'id': 39581, 'rank': 17, 'fitness': 0.9099104814915611, 'generation': 512}","{'id': 39723, 'rank': 18, 'fitness': 0.9097938988561494, 'generation': 512}","{'id': 39730, 'rank': 19, 'fitness': 0.908354172155785, 'generation': 512}","{'id': 39694, 'rank': 20, 'fitness': 0.8748115248503954, 'generation': 512}","{'id': 39667, 'rank': 21, 'fitness': 0.8685736716086567, 'generation': 512}","{'id': 39667, 'rank': 22, 'fitness': 0.8685736716086567, 'generation': 512}","{'id': 39733, 'rank': 23, 'fitness': 0.8533630240949834, 'generation': 512}","{'id': 39735, 'rank': 24, 'fitness': 0.8493049765025771, 'generation': 512}","{'id': 39736, 'rank': 25, 'fitness': 0.8184295974309013, 'generation': 512}","{'id': 39684, 'rank': 26, 'fitness': 0.6484225429046461, 'generation': 512}","{'id': 39738, 'rank': 27, 'fitness': 0.573711714315517, 'generation': 512}","{'id': 39683, 'rank': 28, 'fitness': 0.5646915498990526, 'generation': 512}","{'id': 39683, 'rank': 29, 'fitness': 0.5646915498990526, 'generation': 512}","{'id': 39671, 'rank': 30, 'fitness': 0.01798620996209155, 'generation': 512}"
"{'id': 39610, 'rank': 1, 'fitness': 0.9820137900379085, 'generation': 513}","{'id': 39610, 'rank': 2, 'fitness': 0.9820137900379085, 'generation': 513}","{'id': 39742, 'rank': 3, 'fitness': 0.9811204164723193, 'generation': 513}","{'id': 39819, 'rank': 4, 'fitness': 0.9804370590009948, 'generation': 513}","{'id': 39818, 'rank': 5, 'fitness': 0.9799143598547133, 'generation': 513}","{'id': 39411, 'rank': 6, 'fitness': 0.9798892228458366, 'generation': 513}","{'id': 39663, 'rank': 7, 'fitness': 0.9783713093009259, 'generation': 513}","{'id': 39663, 'rank': 8, 'fitness': 0.9783713093009259, 'generation': 513}","{'id': 39773, 'rank': 9, 'fitness': 0.9779054558441649, 'generation': 513}","{'id': 39744, 'rank': 10, 'fitness': 0.9770056714771704, 'generation': 513}","{'id': 39792, 'rank': 11, 'fitness': 0.9766470857941205, 'generation': 513}","{'id': 39729, 'rank': 12, 'fitness': 0.9764157189763126, 'generation': 513}","{'id': 39743, 'rank': 13, 'fitness': 0.9752550692347929, 'generation': 513}","{'id': 39817, 'rank': 14, 'fitness': 0.9747783190245403, 'generation': 513}","{'id': 39761, 'rank': 15, 'fitness': 0.9726626695697951, 'generation': 513}","{'id': 39581, 'rank': 16, 'fitness': 0.9725260639067497, 'generation': 513}","{'id': 39730, 'rank': 17, 'fitness': 0.9723965008633544, 'generation': 513}","{'id': 39730, 'rank': 18, 'fitness': 0.9723965008633544, 'generation': 513}","{'id': 39694, 'rank': 19, 'fitness': 0.9698824060387089, 'generation': 513}","{'id': 39694, 'rank': 20, 'fitness': 0.9698824060387089, 'generation': 513}","{'id': 39803, 'rank': 21, 'fitness': 0.9600919436771247, 'generation': 513}","{'id': 39683, 'rank': 22, 'fitness': 0.9543323477043401, 'generation': 513}","{'id': 39683, 'rank': 23, 'fitness': 0.9543323477043401, 'generation': 513}","{'id': 39758, 'rank': 24, 'fitness': 0.9537616278847474, 'generation': 513}","{'id': 39807, 'rank': 25, 'fitness': 0.8441864319516198, 'generation': 513}","{'id': 39801, 'rank': 26, 'fitness': 0.6931362154301706, 'generation': 513}","{'id': 39796, 'rank': 27, 'fitness': 0.6770251641213769, 'generation': 513}","{'id': 39767, 'rank': 28, 'fitness': 0.2686844769821367, 'generation': 513}","{'id': 39754, 'rank': 29, 'fitness': 0.025892310087554105, 'generation': 513}","{'id': 39756, 'rank': 30, 'fitness': 0.01798620996209155, 'generation': 513}"
"{'id': 39839, 'rank': 1, 'fitness': 0.9820137900379085, 'generation': 514}","{'id': 39610, 'rank': 2, 'fitness': 0.9789360700488741, 'generation': 514}","{'id': 39893, 'rank': 3, 'fitness': 0.9782884096220896, 'generation': 514}","{'id': 39874, 'rank': 4, 'fitness': 0.9737076080587188, 'generation': 514}","{'id': 39819, 'rank': 5, 'fitness': 0.9720320309712509, 'generation': 514}","{'id': 39818, 'rank': 6, 'fitness': 0.9694407294703813, 'generation': 514}","{'id': 39854, 'rank': 7, 'fitness': 0.9691722742633799, 'generation': 514}","{'id': 39854, 'rank': 8, 'fitness': 0.9691722742633799, 'generation': 514}","{'id': 39872, 'rank': 9, 'fitness': 0.9657664657329292, 'generation': 514}","{'id': 39872, 'rank': 10, 'fitness': 0.9657664657329292, 'generation': 514}","{'id': 39855, 'rank': 11, 'fitness': 0.9615244011352846, 'generation': 514}","{'id': 39663, 'rank': 12, 'fitness': 0.9608555721375555, 'generation': 514}","{'id': 39773, 'rank': 13, 'fitness': 0.9579785131952973, 'generation': 514}","{'id': 39773, 'rank': 14, 'fitness': 0.9579785131952973, 'generation': 514}","{'id': 39851, 'rank': 15, 'fitness': 0.9390854929339556, 'generation': 514}","{'id': 39743, 'rank': 16, 'fitness': 0.9389482212275766, 'generation': 514}","{'id': 39817, 'rank': 17, 'fitness': 0.9350285026455014, 'generation': 514}","{'id': 39870, 'rank': 18, 'fitness': 0.9186707155071332, 'generation': 514}","{'id': 39730, 'rank': 19, 'fitness': 0.9131045000963947, 'generation': 514}","{'id': 39730, 'rank': 20, 'fitness': 0.9131045000963947, 'generation': 514}","{'id': 39887, 'rank': 21, 'fitness': 0.9091782024609478, 'generation': 514}","{'id': 39859, 'rank': 22, 'fitness': 0.9049618191440307, 'generation': 514}","{'id': 39840, 'rank': 23, 'fitness': 0.8561687780779923, 'generation': 514}","{'id': 39866, 'rank': 24, 'fitness': 0.8413569536621706, 'generation': 514}","{'id': 39866, 'rank': 25, 'fitness': 0.8413569536621706, 'generation': 514}","{'id': 39868, 'rank': 26, 'fitness': 0.8341201921957342, 'generation': 514}","{'id': 39869, 'rank': 27, 'fitness': 0.7968018365562352, 'generation': 514}","{'id': 39876, 'rank': 28, 'fitness': 0.7736908579542674, 'generation': 514}","{'id': 39847, 'rank': 29, 'fitness': 0.4292978346021258, 'generation': 514}","{'id': 39807, 'rank': 30, 'fitness': 0.01798620996209155, 'generation': 514}"
"{'id': 39964, 'rank': 1, 'fitness': 0.9820137900379085, 'generation': 515}","{'id': 39839, 'rank': 2, 'fitness': 0.9813012958152871, 'generation': 515}","{'id': 39874, 'rank': 3, 'fitness': 0.9805661714360263, 'generation': 515}","{'id': 39819, 'rank': 4, 'fitness': 0.9804432415889974, 'generation': 515}","{'id': 39901, 'rank': 5, 'fitness': 0.9804329139859254, 'generation': 515}","{'id': 39854, 'rank': 6, 'fitness': 0.9802475224951739, 'generation': 515}","{'id': 39966, 'rank': 7, 'fitness': 0.9799562851235519, 'generation': 515}","{'id': 39773, 'rank': 8, 'fitness': 0.9796073868724193, 'generation': 515}","{'id': 39912, 'rank': 9, 'fitness': 0.9792222768279055, 'generation': 515}","{'id': 39743, 'rank': 10, 'fitness': 0.9787956797450803, 'generation': 515}","{'id': 39743, 'rank': 11, 'fitness': 0.9787956797450803, 'generation': 515}","{'id': 39967, 'rank': 12, 'fitness': 0.9784292977455293, 'generation': 515}","{'id': 39859, 'rank': 13, 'fitness': 0.9777642212323296, 'generation': 515}","{'id': 39977, 'rank': 14, 'fitness': 0.9776168593479626, 'generation': 515}","{'id': 39920, 'rank': 15, 'fitness': 0.9775660250552298, 'generation': 515}","{'id': 39923, 'rank': 16, 'fitness': 0.9772700595587487, 'generation': 515}","{'id': 39980, 'rank': 17, 'fitness': 0.9771894616847395, 'generation': 515}","{'id': 39952, 'rank': 18, 'fitness': 0.9771115137971355, 'generation': 515}","{'id': 39919, 'rank': 19, 'fitness': 0.9769809310370293, 'generation': 515}","{'id': 39938, 'rank': 20, 'fitness': 0.9769268435938907, 'generation': 515}","{'id': 39979, 'rank': 21, 'fitness': 0.976381678078833, 'generation': 515}","{'id': 39968, 'rank': 22, 'fitness': 0.9739532149013785, 'generation': 515}","{'id': 39968, 'rank': 23, 'fitness': 0.9739532149013785, 'generation': 515}","{'id': 39904, 'rank': 24, 'fitness': 0.9730430828456944, 'generation': 515}","{'id': 39904, 'rank': 25, 'fitness': 0.9730430828456944, 'generation': 515}","{'id': 39807, 'rank': 26, 'fitness': 0.9589186513771875, 'generation': 515}","{'id': 39807, 'rank': 27, 'fitness': 0.9589186513771875, 'generation': 515}","{'id': 39897, 'rank': 28, 'fitness': 0.9526522720307884, 'generation': 515}","{'id': 39896, 'rank': 29, 'fitness': 0.9474867272544261, 'generation': 515}","{'id': 39950, 'rank': 30, 'fitness': 0.01798620996209155, 'generation': 515}"
"{'id': 39964, 'rank': 1, 'fitness': 0.9820137900379085, 'generation': 516}","{'id': 40009, 'rank': 2, 'fitness': 0.9706728132216029, 'generation': 516}","{'id': 40009, 'rank': 3, 'fitness': 0.9706728132216029, 'generation': 516}","{'id': 40018, 'rank': 4, 'fitness': 0.9128296193594139, 'generation': 516}","{'id': 39901, 'rank': 5, 'fitness': 0.9029913576991383, 'generation': 516}","{'id': 39966, 'rank': 6, 'fitness': 0.8487695651274867, 'generation': 516}","{'id': 40008, 'rank': 7, 'fitness': 0.8313962344503056, 'generation': 516}","{'id': 40028, 'rank': 8, 'fitness': 0.7142517157206869, 'generation': 516}","{'id': 40061, 'rank': 9, 'fitness': 0.6696164094486177, 'generation': 516}","{'id': 39743, 'rank': 10, 'fitness': 0.6319726655904918, 'generation': 516}","{'id': 39743, 'rank': 11, 'fitness': 0.6319726655904918, 'generation': 516}","{'id': 40044, 'rank': 12, 'fitness': 0.627357920220819, 'generation': 516}","{'id': 40044, 'rank': 13, 'fitness': 0.627357920220819, 'generation': 516}","{'id': 40017, 'rank': 14, 'fitness': 0.5904143448434424, 'generation': 516}","{'id': 40025, 'rank': 15, 'fitness': 0.5890220458344128, 'generation': 516}","{'id': 40062, 'rank': 16, 'fitness': 0.5227972561441009, 'generation': 516}","{'id': 39999, 'rank': 17, 'fitness': 0.4515598847787306, 'generation': 516}","{'id': 39859, 'rank': 18, 'fitness': 0.3870437707682544, 'generation': 516}","{'id': 40027, 'rank': 19, 'fitness': 0.3869609107640933, 'generation': 516}","{'id': 39923, 'rank': 20, 'fitness': 0.28432844035375837, 'generation': 516}","{'id': 40079, 'rank': 21, 'fitness': 0.2673850629691834, 'generation': 516}","{'id': 40042, 'rank': 22, 'fitness': 0.23565263495537936, 'generation': 516}","{'id': 39919, 'rank': 23, 'fitness': 0.23332295721435414, 'generation': 516}","{'id': 39919, 'rank': 24, 'fitness': 0.23332295721435414, 'generation': 516}","{'id': 39919, 'rank': 25, 'fitness': 0.23332295721435414, 'generation': 516}","{'id': 40047, 'rank': 26, 'fitness': 0.12032053597827408, 'generation': 516}","{'id': 40030, 'rank': 27, 'fitness': 0.06644169539283123, 'generation': 516}","{'id': 40004, 'rank': 28, 'fitness': 0.028301550665510822, 'generation': 516}","{'id': 40032, 'rank': 29, 'fitness': 0.01798620996209155, 'generation': 516}","{'id': 40032, 'rank': 30, 'fitness': 0.01798620996209155, 'generation': 516}"
"{'id': 39964, 'rank': 1, 'fitness': 0.9820137900379085, 'generation': 517}","{'id': 39964, 'rank': 2, 'fitness': 0.9820137900379085, 'generation': 517}","{'id': 40009, 'rank': 3, 'fitness': 0.9819584011076694, 'generation': 517}","{'id': 40009, 'rank': 4, 'fitness': 0.9819584011076694, 'generation': 517}","{'id': 40107, 'rank': 5, 'fitness': 0.9818739391981912, 'generation': 517}","{'id': 40107, 'rank': 6, 'fitness': 0.9818739391981912, 'generation': 517}","{'id': 40108, 'rank': 7, 'fitness': 0.9818597326933021, 'generation': 517}","{'id': 40108, 'rank': 8, 'fitness': 0.9818597326933021, 'generation': 517}","{'id': 40106, 'rank': 9, 'fitness': 0.9818381688018893, 'generation': 517}","{'id': 39966, 'rank': 10, 'fitness': 0.9817606808162987, 'generation': 517}","{'id': 40028, 'rank': 11, 'fitness': 0.9816698506795201, 'generation': 517}","{'id': 40061, 'rank': 12, 'fitness': 0.9816462332132387, 'generation': 517}","{'id': 39743, 'rank': 13, 'fitness': 0.9816275408035198, 'generation': 517}","{'id': 39743, 'rank': 14, 'fitness': 0.9816275408035198, 'generation': 517}","{'id': 39743, 'rank': 15, 'fitness': 0.9816275408035198, 'generation': 517}","{'id': 40044, 'rank': 16, 'fitness': 0.9816253078912673, 'generation': 517}","{'id': 40017, 'rank': 17, 'fitness': 0.9816077851757152, 'generation': 517}","{'id': 40017, 'rank': 18, 'fitness': 0.9816077851757152, 'generation': 517}","{'id': 40102, 'rank': 19, 'fitness': 0.9815700043740463, 'generation': 517}","{'id': 40102, 'rank': 20, 'fitness': 0.9815700043740463, 'generation': 517}","{'id': 39999, 'rank': 21, 'fitness': 0.981544425253795, 'generation': 517}","{'id': 40027, 'rank': 22, 'fitness': 0.9815142870217728, 'generation': 517}","{'id': 40109, 'rank': 23, 'fitness': 0.9815102221487133, 'generation': 517}","{'id': 40109, 'rank': 24, 'fitness': 0.9815102221487133, 'generation': 517}","{'id': 40004, 'rank': 25, 'fitness': 0.9811618871359893, 'generation': 517}","{'id': 40126, 'rank': 26, 'fitness': 0.9791764274827794, 'generation': 517}","{'id': 40125, 'rank': 27, 'fitness': 0.9788705771889857, 'generation': 517}","{'id': 40096, 'rank': 28, 'fitness': 0.9753121174291715, 'generation': 517}","{'id': 40090, 'rank': 29, 'fitness': 0.8297662785425147, 'generation': 517}","{'id': 40114, 'rank': 30, 'fitness': 0.01798620996209155, 'generation': 517}"
"{'id': 39964, 'rank': 1, 'fitness': 0.9820137900379085, 'generation': 518}","{'id': 39964, 'rank': 2, 'fitness': 0.9820137900379085, 'generation': 518}","{'id': 40134, 'rank': 3, 'fitness': 0.9816664236541301, 'generation': 518}","{'id': 40175, 'rank': 4, 'fitness': 0.9815712109150316, 'generation': 518}","{'id': 40198, 'rank': 5, 'fitness': 0.9815300170662753, 'generation': 518}","{'id': 40185, 'rank': 6, 'fitness': 0.9813648207384755, 'generation': 518}","{'id': 40199, 'rank': 7, 'fitness': 0.9813123346330959, 'generation': 518}","{'id': 40190, 'rank': 8, 'fitness': 0.9812365837904752, 'generation': 518}","{'id': 40136, 'rank': 9, 'fitness': 0.9811492063931063, 'generation': 518}","{'id': 40191, 'rank': 10, 'fitness': 0.9811205477663827, 'generation': 518}","{'id': 40191, 'rank': 11, 'fitness': 0.9811205477663827, 'generation': 518}","{'id': 40138, 'rank': 12, 'fitness': 0.980989598322731, 'generation': 518}","{'id': 40155, 'rank': 13, 'fitness': 0.9808774546603107, 'generation': 518}","{'id': 40155, 'rank': 14, 'fitness': 0.9808774546603107, 'generation': 518}","{'id': 40201, 'rank': 15, 'fitness': 0.9808738225170517, 'generation': 518}","{'id': 40148, 'rank': 16, 'fitness': 0.980873779960074, 'generation': 518}","{'id': 40148, 'rank': 17, 'fitness': 0.980873779960074, 'generation': 518}","{'id': 40202, 'rank': 18, 'fitness': 0.9808117110553023, 'generation': 518}","{'id': 40061, 'rank': 19, 'fitness': 0.9807682979485506, 'generation': 518}","{'id': 40146, 'rank': 20, 'fitness': 0.9807183800918728, 'generation': 518}","{'id': 40044, 'rank': 21, 'fitness': 0.9806956666250812, 'generation': 518}","{'id': 40158, 'rank': 22, 'fitness': 0.9806722564394679, 'generation': 518}","{'id': 40162, 'rank': 23, 'fitness': 0.9806567177258638, 'generation': 518}","{'id': 40153, 'rank': 24, 'fitness': 0.9805969783934603, 'generation': 518}","{'id': 40189, 'rank': 25, 'fitness': 0.9804053419278698, 'generation': 518}","{'id': 40189, 'rank': 26, 'fitness': 0.9804053419278698, 'generation': 518}","{'id': 40200, 'rank': 27, 'fitness': 0.9802228347425628, 'generation': 518}","{'id': 40168, 'rank': 28, 'fitness': 0.9800986606599303, 'generation': 518}","{'id': 40173, 'rank': 29, 'fitness': 0.9796984903238861, 'generation': 518}","{'id': 40090, 'rank': 30, 'fitness': 0.01798620996209155, 'generation': 518}"
"{'id': 39964, 'rank': 1, 'fitness': 0.9820137900379085, 'generation': 519}","{'id': 39964, 'rank': 2, 'fitness': 0.9820137900379085, 'generation': 519}","{'id': 40253, 'rank': 3, 'fitness': 0.9576014003732366, 'generation': 519}","{'id': 40134, 'rank': 4, 'fitness': 0.925989865265918, 'generation': 519}","{'id': 40252, 'rank': 5, 'fitness': 0.8962360519345588, 'generation': 519}","{'id': 40175, 'rank': 6, 'fitness': 0.8935573019286522, 'generation': 519}","{'id': 40235, 'rank': 7, 'fitness': 0.8459830604864373, 'generation': 519}","{'id': 40235, 'rank': 8, 'fitness': 0.8459830604864373, 'generation': 519}","{'id': 40277, 'rank': 9, 'fitness': 0.8280987523221306, 'generation': 519}","{'id': 40199, 'rank': 10, 'fitness': 0.7413004022700218, 'generation': 519}","{'id': 40243, 'rank': 11, 'fitness': 0.7004878531788941, 'generation': 519}","{'id': 40243, 'rank': 12, 'fitness': 0.7004878531788941, 'generation': 519}","{'id': 40259, 'rank': 13, 'fitness': 0.6518259152533354, 'generation': 519}","{'id': 40136, 'rank': 14, 'fitness': 0.5945723339162287, 'generation': 519}","{'id': 40214, 'rank': 15, 'fitness': 0.5450944674217594, 'generation': 519}","{'id': 40155, 'rank': 16, 'fitness': 0.3272947289992686, 'generation': 519}","{'id': 40155, 'rank': 17, 'fitness': 0.3272947289992686, 'generation': 519}","{'id': 40219, 'rank': 18, 'fitness': 0.32110443832702656, 'generation': 519}","{'id': 40297, 'rank': 19, 'fitness': 0.30851686305559023, 'generation': 519}","{'id': 40202, 'rank': 20, 'fitness': 0.2718882542723021, 'generation': 519}","{'id': 40212, 'rank': 21, 'fitness': 0.2129887847978213, 'generation': 519}","{'id': 40044, 'rank': 22, 'fitness': 0.19000481766431027, 'generation': 519}","{'id': 40227, 'rank': 23, 'fitness': 0.18090634123931115, 'generation': 519}","{'id': 40158, 'rank': 24, 'fitness': 0.17603629834508805, 'generation': 519}","{'id': 40273, 'rank': 25, 'fitness': 0.06812661056460001, 'generation': 519}","{'id': 40245, 'rank': 26, 'fitness': 0.060089672047598186, 'generation': 519}","{'id': 40295, 'rank': 27, 'fitness': 0.05897369670262875, 'generation': 519}","{'id': 40240, 'rank': 28, 'fitness': 0.03665735180330448, 'generation': 519}","{'id': 40200, 'rank': 29, 'fitness': 0.03501240168546699, 'generation': 519}","{'id': 40290, 'rank': 30, 'fitness': 0.01798620996209155, 'generation': 519}"
"{'id': 40307, 'rank': 1, 'fitness': 0.9820137900379085, 'generation': 520}","{'id': 40307, 'rank': 2, 'fitness': 0.9820137900379085, 'generation': 520}","{'id': 40337, 'rank': 3, 'fitness': 0.9820112009648128, 'generation': 520}","{'id': 40252, 'rank': 4, 'fitness': 0.9820093821848779, 'generation': 520}","{'id': 40175, 'rank': 5, 'fitness': 0.9820077137609027, 'generation': 520}","{'id': 40235, 'rank': 6, 'fitness': 0.9819828484723088, 'generation': 520}","{'id': 40199, 'rank': 7, 'fitness': 0.9819446379987835, 'generation': 520}","{'id': 40199, 'rank': 8, 'fitness': 0.9819446379987835, 'generation': 520}","{'id': 40243, 'rank': 9, 'fitness': 0.9819326942656363, 'generation': 520}","{'id': 40243, 'rank': 10, 'fitness': 0.9819326942656363, 'generation': 520}","{'id': 40136, 'rank': 11, 'fitness': 0.9819052204825436, 'generation': 520}","{'id': 40155, 'rank': 12, 'fitness': 0.9818401084153905, 'generation': 520}","{'id': 40155, 'rank': 13, 'fitness': 0.9818401084153905, 'generation': 520}","{'id': 40202, 'rank': 14, 'fitness': 0.9818244583321447, 'generation': 520}","{'id': 40044, 'rank': 15, 'fitness': 0.9817969300670955, 'generation': 520}","{'id': 40295, 'rank': 16, 'fitness': 0.9817185538037616, 'generation': 520}","{'id': 40290, 'rank': 17, 'fitness': 0.9816452106282868, 'generation': 520}","{'id': 40312, 'rank': 18, 'fitness': 0.9790309956610621, 'generation': 520}","{'id': 40342, 'rank': 19, 'fitness': 0.9782366808866485, 'generation': 520}","{'id': 40316, 'rank': 20, 'fitness': 0.9760183361735335, 'generation': 520}","{'id': 40316, 'rank': 21, 'fitness': 0.9760183361735335, 'generation': 520}","{'id': 40315, 'rank': 22, 'fitness': 0.9738673901359093, 'generation': 520}","{'id': 40323, 'rank': 23, 'fitness': 0.9702112620783683, 'generation': 520}","{'id': 40326, 'rank': 24, 'fitness': 0.9571994387578014, 'generation': 520}","{'id': 40324, 'rank': 25, 'fitness': 0.9536362377019623, 'generation': 520}","{'id': 40346, 'rank': 26, 'fitness': 0.9435874401869139, 'generation': 520}","{'id': 40331, 'rank': 27, 'fitness': 0.9070064167664691, 'generation': 520}","{'id': 40328, 'rank': 28, 'fitness': 0.6574949122718461, 'generation': 520}","{'id': 40321, 'rank': 29, 'fitness': 0.17332608945753736, 'generation': 520}","{'id': 40335, 'rank': 30, 'fitness': 0.01798620996209155, 'generation': 520}"
"{'id': 40384, 'rank': 1, 'fitness': 0.9820137900379085, 'generation': 521}","{'id': 40384, 'rank': 2, 'fitness': 0.9820137900379085, 'generation': 521}","{'id': 40307, 'rank': 3, 'fitness': 0.9796486384876992, 'generation': 521}","{'id': 40252, 'rank': 4, 'fitness': 0.979514883748082, 'generation': 521}","{'id': 40252, 'rank': 5, 'fitness': 0.979514883748082, 'generation': 521}","{'id': 40235, 'rank': 6, 'fitness': 0.9786920654666194, 'generation': 521}","{'id': 40235, 'rank': 7, 'fitness': 0.9786920654666194, 'generation': 521}","{'id': 40405, 'rank': 8, 'fitness': 0.9780815931425936, 'generation': 521}","{'id': 40405, 'rank': 9, 'fitness': 0.9780815931425936, 'generation': 521}","{'id': 40199, 'rank': 10, 'fitness': 0.9774523340181714, 'generation': 521}","{'id': 40243, 'rank': 11, 'fitness': 0.9770511127243453, 'generation': 521}","{'id': 40389, 'rank': 12, 'fitness': 0.9767411724490835, 'generation': 521}","{'id': 40385, 'rank': 13, 'fitness': 0.9765238971856568, 'generation': 521}","{'id': 40422, 'rank': 14, 'fitness': 0.9755067486127056, 'generation': 521}","{'id': 40422, 'rank': 15, 'fitness': 0.9755067486127056, 'generation': 521}","{'id': 40372, 'rank': 16, 'fitness': 0.9738861146465638, 'generation': 521}","{'id': 40350, 'rank': 17, 'fitness': 0.9732941439657934, 'generation': 521}","{'id': 40202, 'rank': 18, 'fitness': 0.9730969371905185, 'generation': 521}","{'id': 40044, 'rank': 19, 'fitness': 0.9719940375497809, 'generation': 521}","{'id': 40370, 'rank': 20, 'fitness': 0.9703087313222784, 'generation': 521}","{'id': 40382, 'rank': 21, 'fitness': 0.9700735356210358, 'generation': 521}","{'id': 40382, 'rank': 22, 'fitness': 0.9700735356210358, 'generation': 521}","{'id': 40404, 'rank': 23, 'fitness': 0.969898502064781, 'generation': 521}","{'id': 40404, 'rank': 24, 'fitness': 0.969898502064781, 'generation': 521}","{'id': 40373, 'rank': 25, 'fitness': 0.9696890520548752, 'generation': 521}","{'id': 40411, 'rank': 26, 'fitness': 0.9686886426232995, 'generation': 521}","{'id': 40295, 'rank': 27, 'fitness': 0.968618396631211, 'generation': 521}","{'id': 40354, 'rank': 28, 'fitness': 0.967739692103911, 'generation': 521}","{'id': 40359, 'rank': 29, 'fitness': 0.9655680467533068, 'generation': 521}","{'id': 40316, 'rank': 30, 'fitness': 0.01798620996209155, 'generation': 521}"
"{'id': 40384, 'rank': 1, 'fitness': 0.9820137900379085, 'generation': 522}","{'id': 40444, 'rank': 2, 'fitness': 0.9766500425374016, 'generation': 522}","{'id': 40488, 'rank': 3, 'fitness': 0.9707528926030345, 'generation': 522}","{'id': 40307, 'rank': 4, 'fitness': 0.962804282477558, 'generation': 522}","{'id': 40475, 'rank': 5, 'fitness': 0.9619648269260842, 'generation': 522}","{'id': 40475, 'rank': 6, 'fitness': 0.9619648269260842, 'generation': 522}","{'id': 40252, 'rank': 7, 'fitness': 0.961358873953275, 'generation': 522}","{'id': 40443, 'rank': 8, 'fitness': 0.952760651405804, 'generation': 522}","{'id': 40435, 'rank': 9, 'fitness': 0.9440152358148997, 'generation': 522}","{'id': 40405, 'rank': 10, 'fitness': 0.9429250044461053, 'generation': 522}","{'id': 40498, 'rank': 11, 'fitness': 0.942296899462612, 'generation': 522}","{'id': 40489, 'rank': 12, 'fitness': 0.9355402181186893, 'generation': 522}","{'id': 40243, 'rank': 13, 'fitness': 0.9259541076682912, 'generation': 522}","{'id': 40432, 'rank': 14, 'fitness': 0.9229317439477248, 'generation': 522}","{'id': 40434, 'rank': 15, 'fitness': 0.9156485087101851, 'generation': 522}","{'id': 40476, 'rank': 16, 'fitness': 0.8821313711647985, 'generation': 522}","{'id': 40499, 'rank': 17, 'fitness': 0.8720324502562515, 'generation': 522}","{'id': 40372, 'rank': 18, 'fitness': 0.8508582571242174, 'generation': 522}","{'id': 40436, 'rank': 19, 'fitness': 0.8500927630950106, 'generation': 522}","{'id': 40436, 'rank': 20, 'fitness': 0.8500927630950106, 'generation': 522}","{'id': 40456, 'rank': 21, 'fitness': 0.8307292289008686, 'generation': 522}","{'id': 40426, 'rank': 22, 'fitness': 0.8145694936894494, 'generation': 522}","{'id': 40424, 'rank': 23, 'fitness': 0.7960087623452872, 'generation': 522}","{'id': 40504, 'rank': 24, 'fitness': 0.7185785445268094, 'generation': 522}","{'id': 40404, 'rank': 25, 'fitness': 0.7057792666570295, 'generation': 522}","{'id': 40463, 'rank': 26, 'fitness': 0.6615830669150727, 'generation': 522}","{'id': 40497, 'rank': 27, 'fitness': 0.6415203580414135, 'generation': 522}","{'id': 40459, 'rank': 28, 'fitness': 0.39527728838353726, 'generation': 522}","{'id': 40464, 'rank': 29, 'fitness': 0.11083892578952148, 'generation': 522}","{'id': 40502, 'rank': 30, 'fitness': 0.01798620996209155, 'generation': 522}"
"{'id': 40540, 'rank': 1, 'fitness': 0.9820137900379085, 'generation': 523}","{'id': 40540, 'rank': 2, 'fitness': 0.9820137900379085, 'generation': 523}","{'id': 40537, 'rank': 3, 'fitness': 0.9813142586158508, 'generation': 523}","{'id': 40444, 'rank': 4, 'fitness': 0.980805058338371, 'generation': 523}","{'id': 40488, 'rank': 5, 'fitness': 0.9803294402107869, 'generation': 523}","{'id': 40475, 'rank': 6, 'fitness': 0.9797555723583602, 'generation': 523}","{'id': 40475, 'rank': 7, 'fitness': 0.9797555723583602, 'generation': 523}","{'id': 40252, 'rank': 8, 'fitness': 0.9797203524367744, 'generation': 523}","{'id': 40252, 'rank': 9, 'fitness': 0.9797203524367744, 'generation': 523}","{'id': 40498, 'rank': 10, 'fitness': 0.978797431411887, 'generation': 523}","{'id': 40498, 'rank': 11, 'fitness': 0.978797431411887, 'generation': 523}","{'id': 40489, 'rank': 12, 'fitness': 0.9785316377963416, 'generation': 523}","{'id': 40583, 'rank': 13, 'fitness': 0.9783698194359107, 'generation': 523}","{'id': 40583, 'rank': 14, 'fitness': 0.9783698194359107, 'generation': 523}","{'id': 40584, 'rank': 15, 'fitness': 0.9780501827953396, 'generation': 523}","{'id': 40434, 'rank': 16, 'fitness': 0.9778630409908258, 'generation': 523}","{'id': 40372, 'rank': 17, 'fitness': 0.9763089356472664, 'generation': 523}","{'id': 40456, 'rank': 18, 'fitness': 0.9759301425924163, 'generation': 523}","{'id': 40426, 'rank': 19, 'fitness': 0.9756475213856448, 'generation': 523}","{'id': 40582, 'rank': 20, 'fitness': 0.9750575278667779, 'generation': 523}","{'id': 40463, 'rank': 21, 'fitness': 0.973482456107339, 'generation': 523}","{'id': 40572, 'rank': 22, 'fitness': 0.9729145653119933, 'generation': 523}","{'id': 40542, 'rank': 23, 'fitness': 0.9726382951293613, 'generation': 523}","{'id': 40502, 'rank': 24, 'fitness': 0.9568487085387211, 'generation': 523}","{'id': 40588, 'rank': 25, 'fitness': 0.9521065930135715, 'generation': 523}","{'id': 40524, 'rank': 26, 'fitness': 0.9332859536793159, 'generation': 523}","{'id': 40579, 'rank': 27, 'fitness': 0.8616713798030675, 'generation': 523}","{'id': 40514, 'rank': 28, 'fitness': 0.5374811746845304, 'generation': 523}","{'id': 40544, 'rank': 29, 'fitness': 0.023845913466162938, 'generation': 523}","{'id': 40549, 'rank': 30, 'fitness': 0.01798620996209155, 'generation': 523}"
"{'id': 40624, 'rank': 1, 'fitness': 0.9820137900379085, 'generation': 524}","{'id': 40624, 'rank': 2, 'fitness': 0.9820137900379085, 'generation': 524}","{'id': 40540, 'rank': 3, 'fitness': 0.9792432980885121, 'generation': 524}","{'id': 40660, 'rank': 4, 'fitness': 0.9703088285572299, 'generation': 524}","{'id': 40537, 'rank': 5, 'fitness': 0.964794493016319, 'generation': 524}","{'id': 40488, 'rank': 6, 'fitness': 0.9294890645457143, 'generation': 524}","{'id': 40654, 'rank': 7, 'fitness': 0.9169856695617498, 'generation': 524}","{'id': 40498, 'rank': 8, 'fitness': 0.8188922549277265, 'generation': 524}","{'id': 40498, 'rank': 9, 'fitness': 0.8188922549277265, 'generation': 524}","{'id': 40498, 'rank': 10, 'fitness': 0.8188922549277265, 'generation': 524}","{'id': 40652, 'rank': 11, 'fitness': 0.8122114451568223, 'generation': 524}","{'id': 40652, 'rank': 12, 'fitness': 0.8122114451568223, 'generation': 524}","{'id': 40652, 'rank': 13, 'fitness': 0.8122114451568223, 'generation': 524}","{'id': 40620, 'rank': 14, 'fitness': 0.7741300709313106, 'generation': 524}","{'id': 40583, 'rank': 15, 'fitness': 0.7727143386124701, 'generation': 524}","{'id': 40583, 'rank': 16, 'fitness': 0.7727143386124701, 'generation': 524}","{'id': 40434, 'rank': 17, 'fitness': 0.7094683337756217, 'generation': 524}","{'id': 40647, 'rank': 18, 'fitness': 0.649970556442571, 'generation': 524}","{'id': 40650, 'rank': 19, 'fitness': 0.6179934585306311, 'generation': 524}","{'id': 40651, 'rank': 20, 'fitness': 0.6095057554302049, 'generation': 524}","{'id': 40628, 'rank': 21, 'fitness': 0.5782554487332138, 'generation': 524}","{'id': 40372, 'rank': 22, 'fitness': 0.48059666325540423, 'generation': 524}","{'id': 40456, 'rank': 23, 'fitness': 0.424394300750643, 'generation': 524}","{'id': 40591, 'rank': 24, 'fitness': 0.40002080119116007, 'generation': 524}","{'id': 40644, 'rank': 25, 'fitness': 0.31744266887134065, 'generation': 524}","{'id': 40645, 'rank': 26, 'fitness': 0.24450463261782573, 'generation': 524}","{'id': 40542, 'rank': 27, 'fitness': 0.10494845921557844, 'generation': 524}","{'id': 40601, 'rank': 28, 'fitness': 0.0612679933900207, 'generation': 524}","{'id': 40603, 'rank': 29, 'fitness': 0.04432859082666918, 'generation': 524}","{'id': 40631, 'rank': 30, 'fitness': 0.01798620996209155, 'generation': 524}"
"{'id': 40688, 'rank': 1, 'fitness': 0.9820137900379085, 'generation': 525}","{'id': 40688, 'rank': 2, 'fitness': 0.9820137900379085, 'generation': 525}","{'id': 40688, 'rank': 3, 'fitness': 0.9820137900379085, 'generation': 525}","{'id': 40540, 'rank': 4, 'fitness': 0.981780388258969, 'generation': 525}","{'id': 40660, 'rank': 5, 'fitness': 0.9816177988464527, 'generation': 525}","{'id': 40660, 'rank': 6, 'fitness': 0.9816177988464527, 'generation': 525}","{'id': 40711, 'rank': 7, 'fitness': 0.9814870596691421, 'generation': 525}","{'id': 40488, 'rank': 8, 'fitness': 0.9812096020164481, 'generation': 525}","{'id': 40488, 'rank': 9, 'fitness': 0.9812096020164481, 'generation': 525}","{'id': 40654, 'rank': 10, 'fitness': 0.9811290886450513, 'generation': 525}","{'id': 40654, 'rank': 11, 'fitness': 0.9811290886450513, 'generation': 525}","{'id': 40654, 'rank': 12, 'fitness': 0.9811290886450513, 'generation': 525}","{'id': 40685, 'rank': 13, 'fitness': 0.9808052148560287, 'generation': 525}","{'id': 40685, 'rank': 14, 'fitness': 0.9808052148560287, 'generation': 525}","{'id': 40710, 'rank': 15, 'fitness': 0.980734513565992, 'generation': 525}","{'id': 40687, 'rank': 16, 'fitness': 0.9806550199645818, 'generation': 525}","{'id': 40620, 'rank': 17, 'fitness': 0.980587512243621, 'generation': 525}","{'id': 40647, 'rank': 18, 'fitness': 0.9802978461539552, 'generation': 525}","{'id': 40628, 'rank': 19, 'fitness': 0.9801529354361996, 'generation': 525}","{'id': 40673, 'rank': 20, 'fitness': 0.9800807311204309, 'generation': 525}","{'id': 40591, 'rank': 21, 'fitness': 0.9798042472328939, 'generation': 525}","{'id': 40645, 'rank': 22, 'fitness': 0.9794486849479611, 'generation': 525}","{'id': 40603, 'rank': 23, 'fitness': 0.9784623563048724, 'generation': 525}","{'id': 40603, 'rank': 24, 'fitness': 0.9784623563048724, 'generation': 525}","{'id': 40677, 'rank': 25, 'fitness': 0.9758966564660577, 'generation': 525}","{'id': 40696, 'rank': 26, 'fitness': 0.6451704763809604, 'generation': 525}","{'id': 40697, 'rank': 27, 'fitness': 0.5921113053978706, 'generation': 525}","{'id': 40667, 'rank': 28, 'fitness': 0.5511256485442207, 'generation': 525}","{'id': 40690, 'rank': 29, 'fitness': 0.3588071775554261, 'generation': 525}","{'id': 40681, 'rank': 30, 'fitness': 0.01798620996209155, 'generation': 525}"
"{'id': 40688, 'rank': 1, 'fitness': 0.9820137900379085, 'generation': 526}","{'id': 40688, 'rank': 2, 'fitness': 0.9820137900379085, 'generation': 526}","{'id': 40540, 'rank': 3, 'fitness': 0.9638964569795105, 'generation': 526}","{'id': 40540, 'rank': 4, 'fitness': 0.9638964569795105, 'generation': 526}","{'id': 40767, 'rank': 5, 'fitness': 0.956661257269064, 'generation': 526}","{'id': 40767, 'rank': 6, 'fitness': 0.956661257269064, 'generation': 526}","{'id': 40733, 'rank': 7, 'fitness': 0.9455366343400126, 'generation': 526}","{'id': 40660, 'rank': 8, 'fitness': 0.9422164415837249, 'generation': 526}","{'id': 40773, 'rank': 9, 'fitness': 0.9290505977256042, 'generation': 526}","{'id': 40711, 'rank': 10, 'fitness': 0.9166861690713324, 'generation': 526}","{'id': 40763, 'rank': 11, 'fitness': 0.9166228135420837, 'generation': 526}","{'id': 40725, 'rank': 12, 'fitness': 0.8395646323369572, 'generation': 526}","{'id': 40488, 'rank': 13, 'fitness': 0.8281058947137172, 'generation': 526}","{'id': 40488, 'rank': 14, 'fitness': 0.8281058947137172, 'generation': 526}","{'id': 40736, 'rank': 15, 'fitness': 0.7991701217055664, 'generation': 526}","{'id': 40654, 'rank': 16, 'fitness': 0.7916405401283717, 'generation': 526}","{'id': 40759, 'rank': 17, 'fitness': 0.7806228510499982, 'generation': 526}","{'id': 40751, 'rank': 18, 'fitness': 0.6831394596560835, 'generation': 526}","{'id': 40774, 'rank': 19, 'fitness': 0.6739010752254873, 'generation': 526}","{'id': 40774, 'rank': 20, 'fitness': 0.6739010752254873, 'generation': 526}","{'id': 40685, 'rank': 21, 'fitness': 0.596216742992311, 'generation': 526}","{'id': 40792, 'rank': 22, 'fitness': 0.49034086296247137, 'generation': 526}","{'id': 40778, 'rank': 23, 'fitness': 0.41048604399925775, 'generation': 526}","{'id': 40806, 'rank': 24, 'fitness': 0.1902446857967015, 'generation': 526}","{'id': 40803, 'rank': 25, 'fitness': 0.09059771236511227, 'generation': 526}","{'id': 40746, 'rank': 26, 'fitness': 0.019566056988824576, 'generation': 526}","{'id': 40746, 'rank': 27, 'fitness': 0.019566056988824576, 'generation': 526}","{'id': 40765, 'rank': 28, 'fitness': 0.01798620996209155, 'generation': 526}","{'id': 40765, 'rank': 29, 'fitness': 0.01798620996209155, 'generation': 526}","{'id': 40765, 'rank': 30, 'fitness': 0.01798620996209155, 'generation': 526}"
"{'id': 40833, 'rank': 1, 'fitness': 0.9820137900379085, 'generation': 527}","{'id': 40833, 'rank': 2, 'fitness': 0.9820137900379085, 'generation': 527}","{'id': 40688, 'rank': 3, 'fitness': 0.9817278895785954, 'generation': 527}","{'id': 40818, 'rank': 4, 'fitness': 0.9816282820112212, 'generation': 527}","{'id': 40540, 'rank': 5, 'fitness': 0.9813843488230095, 'generation': 527}","{'id': 40767, 'rank': 6, 'fitness': 0.9812919575119419, 'generation': 527}","{'id': 40733, 'rank': 7, 'fitness': 0.9811746402285664, 'generation': 527}","{'id': 40773, 'rank': 8, 'fitness': 0.9810359595302769, 'generation': 527}","{'id': 40711, 'rank': 9, 'fitness': 0.980949877288811, 'generation': 527}","{'id': 40763, 'rank': 10, 'fitness': 0.9809494662188445, 'generation': 527}","{'id': 40830, 'rank': 11, 'fitness': 0.9808299744102876, 'generation': 527}","{'id': 40831, 'rank': 12, 'fitness': 0.9806157045607409, 'generation': 527}","{'id': 40725, 'rank': 13, 'fitness': 0.980577983622049, 'generation': 527}","{'id': 40488, 'rank': 14, 'fitness': 0.9805361460182744, 'generation': 527}","{'id': 40759, 'rank': 15, 'fitness': 0.9803821783585944, 'generation': 527}","{'id': 40751, 'rank': 16, 'fitness': 0.9801249118300535, 'generation': 527}","{'id': 40774, 'rank': 17, 'fitness': 0.9801030142204155, 'generation': 527}","{'id': 40832, 'rank': 18, 'fitness': 0.9798568358235482, 'generation': 527}","{'id': 40809, 'rank': 19, 'fitness': 0.9789555212428542, 'generation': 527}","{'id': 40765, 'rank': 20, 'fitness': 0.9775054588541898, 'generation': 527}","{'id': 40765, 'rank': 21, 'fitness': 0.9775054588541898, 'generation': 527}","{'id': 40765, 'rank': 22, 'fitness': 0.9775054588541898, 'generation': 527}","{'id': 40853, 'rank': 23, 'fitness': 0.9718783702586737, 'generation': 527}","{'id': 40858, 'rank': 24, 'fitness': 0.9584662730296989, 'generation': 527}","{'id': 40834, 'rank': 25, 'fitness': 0.9552517722283019, 'generation': 527}","{'id': 40827, 'rank': 26, 'fitness': 0.9439817112104738, 'generation': 527}","{'id': 40839, 'rank': 27, 'fitness': 0.16162482299540282, 'generation': 527}","{'id': 40840, 'rank': 28, 'fitness': 0.08907095989863784, 'generation': 527}","{'id': 40838, 'rank': 29, 'fitness': 0.07326172909907369, 'generation': 527}","{'id': 40851, 'rank': 30, 'fitness': 0.01798620996209155, 'generation': 527}"
"{'id': 40875, 'rank': 1, 'fitness': 0.9820137900379085, 'generation': 528}","{'id': 40688, 'rank': 2, 'fitness': 0.9569835560610882, 'generation': 528}","{'id': 40876, 'rank': 3, 'fitness': 0.9506525068030786, 'generation': 528}","{'id': 40818, 'rank': 4, 'fitness': 0.9464242984680733, 'generation': 528}","{'id': 40916, 'rank': 5, 'fitness': 0.9037115631278678, 'generation': 528}","{'id': 40868, 'rank': 6, 'fitness': 0.8918920056052294, 'generation': 528}","{'id': 40767, 'rank': 7, 'fitness': 0.8910888427442969, 'generation': 528}","{'id': 40926, 'rank': 8, 'fitness': 0.863064208322106, 'generation': 528}","{'id': 40733, 'rank': 9, 'fitness': 0.8625483791825197, 'generation': 528}","{'id': 40733, 'rank': 10, 'fitness': 0.8625483791825197, 'generation': 528}","{'id': 40773, 'rank': 11, 'fitness': 0.8212883470286838, 'generation': 528}","{'id': 40902, 'rank': 12, 'fitness': 0.8092503508350359, 'generation': 528}","{'id': 40763, 'rank': 13, 'fitness': 0.7911613231014909, 'generation': 528}","{'id': 40890, 'rank': 14, 'fitness': 0.7469453585648866, 'generation': 528}","{'id': 40887, 'rank': 15, 'fitness': 0.72875631638412, 'generation': 528}","{'id': 40887, 'rank': 16, 'fitness': 0.72875631638412, 'generation': 528}","{'id': 40919, 'rank': 17, 'fitness': 0.6994415150829181, 'generation': 528}","{'id': 40725, 'rank': 18, 'fitness': 0.6252725350310506, 'generation': 528}","{'id': 40751, 'rank': 19, 'fitness': 0.3852103605813585, 'generation': 528}","{'id': 40936, 'rank': 20, 'fitness': 0.34842169748285984, 'generation': 528}","{'id': 40936, 'rank': 21, 'fitness': 0.34842169748285984, 'generation': 528}","{'id': 40918, 'rank': 22, 'fitness': 0.3405088840349674, 'generation': 528}","{'id': 40918, 'rank': 23, 'fitness': 0.3405088840349674, 'generation': 528}","{'id': 40914, 'rank': 24, 'fitness': 0.25280666758555775, 'generation': 528}","{'id': 40914, 'rank': 25, 'fitness': 0.25280666758555775, 'generation': 528}","{'id': 40942, 'rank': 26, 'fitness': 0.19276993391902048, 'generation': 528}","{'id': 40924, 'rank': 27, 'fitness': 0.11560857176119299, 'generation': 528}","{'id': 40927, 'rank': 28, 'fitness': 0.10001899533196129, 'generation': 528}","{'id': 40911, 'rank': 29, 'fitness': 0.031418721169017116, 'generation': 528}","{'id': 40910, 'rank': 30, 'fitness': 0.01798620996209155, 'generation': 528}"
"{'id': 40958, 'rank': 1, 'fitness': 0.9820137900379085, 'generation': 529}","{'id': 40688, 'rank': 2, 'fitness': 0.9819081083865224, 'generation': 529}","{'id': 40868, 'rank': 3, 'fitness': 0.9818416223075763, 'generation': 529}","{'id': 40960, 'rank': 4, 'fitness': 0.9818337414604337, 'generation': 529}","{'id': 40926, 'rank': 5, 'fitness': 0.9818235358748131, 'generation': 529}","{'id': 40733, 'rank': 6, 'fitness': 0.9818232429933433, 'generation': 529}","{'id': 40773, 'rank': 7, 'fitness': 0.9818022938627354, 'generation': 529}","{'id': 40773, 'rank': 8, 'fitness': 0.9818022938627354, 'generation': 529}","{'id': 40773, 'rank': 9, 'fitness': 0.9818022938627354, 'generation': 529}","{'id': 40751, 'rank': 10, 'fitness': 0.9816677336361387, 'generation': 529}","{'id': 40751, 'rank': 11, 'fitness': 0.9816677336361387, 'generation': 529}","{'id': 40936, 'rank': 12, 'fitness': 0.9816569887028801, 'generation': 529}","{'id': 40936, 'rank': 13, 'fitness': 0.9816569887028801, 'generation': 529}","{'id': 40936, 'rank': 14, 'fitness': 0.9816569887028801, 'generation': 529}","{'id': 40918, 'rank': 15, 'fitness': 0.9816546121422213, 'generation': 529}","{'id': 40918, 'rank': 16, 'fitness': 0.9816546121422213, 'generation': 529}","{'id': 40918, 'rank': 17, 'fitness': 0.9816546121422213, 'generation': 529}","{'id': 40914, 'rank': 18, 'fitness': 0.9816259235969659, 'generation': 529}","{'id': 40924, 'rank': 19, 'fitness': 0.981561214710323, 'generation': 529}","{'id': 40911, 'rank': 20, 'fitness': 0.9814659754462747, 'generation': 529}","{'id': 40989, 'rank': 21, 'fitness': 0.9814083258366236, 'generation': 529}","{'id': 40980, 'rank': 22, 'fitness': 0.9811512622292158, 'generation': 529}","{'id': 40979, 'rank': 23, 'fitness': 0.9811092646713182, 'generation': 529}","{'id': 41002, 'rank': 24, 'fitness': 0.978084432137803, 'generation': 529}","{'id': 41003, 'rank': 25, 'fitness': 0.9779203025139052, 'generation': 529}","{'id': 40966, 'rank': 26, 'fitness': 0.9740390893921174, 'generation': 529}","{'id': 40998, 'rank': 27, 'fitness': 0.9735305864127817, 'generation': 529}","{'id': 40956, 'rank': 28, 'fitness': 0.9643631914647596, 'generation': 529}","{'id': 40944, 'rank': 29, 'fitness': 0.9628667007929085, 'generation': 529}","{'id': 40999, 'rank': 30, 'fitness': 0.01798620996209155, 'generation': 529}"
"{'id': 40868, 'rank': 1, 'fitness': 0.9820137900379085, 'generation': 530}","{'id': 41048, 'rank': 2, 'fitness': 0.9819805315166669, 'generation': 530}","{'id': 40773, 'rank': 3, 'fitness': 0.9816201796981712, 'generation': 530}","{'id': 40773, 'rank': 4, 'fitness': 0.9816201796981712, 'generation': 530}","{'id': 40773, 'rank': 5, 'fitness': 0.9816201796981712, 'generation': 530}","{'id': 40773, 'rank': 6, 'fitness': 0.9816201796981712, 'generation': 530}","{'id': 41093, 'rank': 7, 'fitness': 0.981558192819663, 'generation': 530}","{'id': 41042, 'rank': 8, 'fitness': 0.9808980043992261, 'generation': 530}","{'id': 41042, 'rank': 9, 'fitness': 0.9808980043992261, 'generation': 530}","{'id': 41052, 'rank': 10, 'fitness': 0.9808274244231656, 'generation': 530}","{'id': 41051, 'rank': 11, 'fitness': 0.9801156008262712, 'generation': 530}","{'id': 40918, 'rank': 12, 'fitness': 0.9800733830260547, 'generation': 530}","{'id': 40918, 'rank': 13, 'fitness': 0.9800733830260547, 'generation': 530}","{'id': 41060, 'rank': 14, 'fitness': 0.9800188791083217, 'generation': 530}","{'id': 41047, 'rank': 15, 'fitness': 0.9799436015289498, 'generation': 530}","{'id': 40914, 'rank': 16, 'fitness': 0.9797599346781098, 'generation': 530}","{'id': 41078, 'rank': 17, 'fitness': 0.9796400045093414, 'generation': 530}","{'id': 41078, 'rank': 18, 'fitness': 0.9796400045093414, 'generation': 530}","{'id': 41073, 'rank': 19, 'fitness': 0.9788526623891994, 'generation': 530}","{'id': 41041, 'rank': 20, 'fitness': 0.9787394099666541, 'generation': 530}","{'id': 41041, 'rank': 21, 'fitness': 0.9787394099666541, 'generation': 530}","{'id': 41058, 'rank': 22, 'fitness': 0.9787299454696164, 'generation': 530}","{'id': 41028, 'rank': 23, 'fitness': 0.9787014902050066, 'generation': 530}","{'id': 41059, 'rank': 24, 'fitness': 0.9776452706950565, 'generation': 530}","{'id': 41044, 'rank': 25, 'fitness': 0.9760215725805131, 'generation': 530}","{'id': 41026, 'rank': 26, 'fitness': 0.9758590488835612, 'generation': 530}","{'id': 41026, 'rank': 27, 'fitness': 0.9758590488835612, 'generation': 530}","{'id': 41009, 'rank': 28, 'fitness': 0.9702367562087789, 'generation': 530}","{'id': 41019, 'rank': 29, 'fitness': 0.8899708454120674, 'generation': 530}","{'id': 41033, 'rank': 30, 'fitness': 0.01798620996209155, 'generation': 530}"
"{'id': 41048, 'rank': 1, 'fitness': 0.9820137900379085, 'generation': 531}","{'id': 40773, 'rank': 2, 'fitness': 0.9695362990794978, 'generation': 531}","{'id': 40773, 'rank': 3, 'fitness': 0.9695362990794978, 'generation': 531}","{'id': 41109, 'rank': 4, 'fitness': 0.9651579205517068, 'generation': 531}","{'id': 41144, 'rank': 5, 'fitness': 0.9573392363396398, 'generation': 531}","{'id': 41144, 'rank': 6, 'fitness': 0.9573392363396398, 'generation': 531}","{'id': 41165, 'rank': 7, 'fitness': 0.918621499640038, 'generation': 531}","{'id': 41042, 'rank': 8, 'fitness': 0.9175267682909862, 'generation': 531}","{'id': 41099, 'rank': 9, 'fitness': 0.9156178623717118, 'generation': 531}","{'id': 41052, 'rank': 10, 'fitness': 0.9095853908598583, 'generation': 531}","{'id': 41145, 'rank': 11, 'fitness': 0.8576843562907698, 'generation': 531}","{'id': 41149, 'rank': 12, 'fitness': 0.8531751587075684, 'generation': 531}","{'id': 41051, 'rank': 13, 'fitness': 0.7881101371758109, 'generation': 531}","{'id': 41060, 'rank': 14, 'fitness': 0.7651404714479646, 'generation': 531}","{'id': 41161, 'rank': 15, 'fitness': 0.7633237183613012, 'generation': 531}","{'id': 41161, 'rank': 16, 'fitness': 0.7633237183613012, 'generation': 531}","{'id': 41047, 'rank': 17, 'fitness': 0.7461878507346917, 'generation': 531}","{'id': 41047, 'rank': 18, 'fitness': 0.7461878507346917, 'generation': 531}","{'id': 41078, 'rank': 19, 'fitness': 0.6610621454487815, 'generation': 531}","{'id': 41104, 'rank': 20, 'fitness': 0.4818367142840158, 'generation': 531}","{'id': 41155, 'rank': 21, 'fitness': 0.42620949281274634, 'generation': 531}","{'id': 41041, 'rank': 22, 'fitness': 0.3740433210578913, 'generation': 531}","{'id': 41095, 'rank': 23, 'fitness': 0.3611851028047364, 'generation': 531}","{'id': 41121, 'rank': 24, 'fitness': 0.2907097301582767, 'generation': 531}","{'id': 41134, 'rank': 25, 'fitness': 0.20825200536980537, 'generation': 531}","{'id': 41059, 'rank': 26, 'fitness': 0.1314937739845225, 'generation': 531}","{'id': 41167, 'rank': 27, 'fitness': 0.11713901772662527, 'generation': 531}","{'id': 41097, 'rank': 28, 'fitness': 0.032418046923921584, 'generation': 531}","{'id': 41026, 'rank': 29, 'fitness': 0.018093093162688256, 'generation': 531}","{'id': 41116, 'rank': 30, 'fitness': 0.01798620996209155, 'generation': 531}"
"{'id': 41203, 'rank': 1, 'fitness': 0.9820137900379085, 'generation': 532}","{'id': 41203, 'rank': 2, 'fitness': 0.9820137900379085, 'generation': 532}","{'id': 41203, 'rank': 3, 'fitness': 0.9820137900379085, 'generation': 532}","{'id': 41109, 'rank': 4, 'fitness': 0.9817852055390162, 'generation': 532}","{'id': 41042, 'rank': 5, 'fitness': 0.981734016026897, 'generation': 532}","{'id': 41042, 'rank': 6, 'fitness': 0.981734016026897, 'generation': 532}","{'id': 41099, 'rank': 7, 'fitness': 0.9817326132047277, 'generation': 532}","{'id': 41145, 'rank': 8, 'fitness': 0.9816995384033125, 'generation': 532}","{'id': 41161, 'rank': 9, 'fitness': 0.98166430993856, 'generation': 532}","{'id': 41161, 'rank': 10, 'fitness': 0.98166430993856, 'generation': 532}","{'id': 41078, 'rank': 11, 'fitness': 0.9816359212126693, 'generation': 532}","{'id': 41078, 'rank': 12, 'fitness': 0.9816359212126693, 'generation': 532}","{'id': 41228, 'rank': 13, 'fitness': 0.9815868228558058, 'generation': 532}","{'id': 41228, 'rank': 14, 'fitness': 0.9815868228558058, 'generation': 532}","{'id': 41228, 'rank': 15, 'fitness': 0.9815868228558058, 'generation': 532}","{'id': 41095, 'rank': 16, 'fitness': 0.981565845756408, 'generation': 532}","{'id': 41206, 'rank': 17, 'fitness': 0.9814947027654145, 'generation': 532}","{'id': 41167, 'rank': 18, 'fitness': 0.9814834774538859, 'generation': 532}","{'id': 41200, 'rank': 19, 'fitness': 0.9814678424646743, 'generation': 532}","{'id': 41199, 'rank': 20, 'fitness': 0.9814223443269929, 'generation': 532}","{'id': 41196, 'rank': 21, 'fitness': 0.9814146774098882, 'generation': 532}","{'id': 41097, 'rank': 22, 'fitness': 0.9814049403012826, 'generation': 532}","{'id': 41202, 'rank': 23, 'fitness': 0.9813838902088896, 'generation': 532}","{'id': 41116, 'rank': 24, 'fitness': 0.9813703748853364, 'generation': 532}","{'id': 41185, 'rank': 25, 'fitness': 0.9791448527638454, 'generation': 532}","{'id': 41186, 'rank': 26, 'fitness': 0.9789177132384768, 'generation': 532}","{'id': 41251, 'rank': 27, 'fitness': 0.9786963431013387, 'generation': 532}","{'id': 41242, 'rank': 28, 'fitness': 0.09056108751058412, 'generation': 532}","{'id': 41242, 'rank': 29, 'fitness': 0.09056108751058412, 'generation': 532}","{'id': 41241, 'rank': 30, 'fitness': 0.01798620996209155, 'generation': 532}"
"{'id': 41203, 'rank': 1, 'fitness': 0.9820137900379085, 'generation': 533}","{'id': 41259, 'rank': 2, 'fitness': 0.9738782946008555, 'generation': 533}","{'id': 41287, 'rank': 3, 'fitness': 0.9333672398231017, 'generation': 533}","{'id': 41109, 'rank': 4, 'fitness': 0.8486128159110822, 'generation': 533}","{'id': 41042, 'rank': 5, 'fitness': 0.7716871125561963, 'generation': 533}","{'id': 41042, 'rank': 6, 'fitness': 0.7716871125561963, 'generation': 533}","{'id': 41099, 'rank': 7, 'fitness': 0.7692387626758412, 'generation': 533}","{'id': 41271, 'rank': 8, 'fitness': 0.6319266036365099, 'generation': 533}","{'id': 41161, 'rank': 9, 'fitness': 0.6297623767810142, 'generation': 533}","{'id': 41303, 'rank': 10, 'fitness': 0.6217976709534104, 'generation': 533}","{'id': 41257, 'rank': 11, 'fitness': 0.5665398221449862, 'generation': 533}","{'id': 41078, 'rank': 12, 'fitness': 0.5627371452094133, 'generation': 533}","{'id': 41272, 'rank': 13, 'fitness': 0.497308988786317, 'generation': 533}","{'id': 41228, 'rank': 14, 'fitness': 0.4429701659225367, 'generation': 533}","{'id': 41228, 'rank': 15, 'fitness': 0.4429701659225367, 'generation': 533}","{'id': 41281, 'rank': 16, 'fitness': 0.37822870933151265, 'generation': 533}","{'id': 41264, 'rank': 17, 'fitness': 0.3539493072603286, 'generation': 533}","{'id': 41317, 'rank': 18, 'fitness': 0.3271700766397406, 'generation': 533}","{'id': 41206, 'rank': 19, 'fitness': 0.24435731568042052, 'generation': 533}","{'id': 41167, 'rank': 20, 'fitness': 0.22473476156563177, 'generation': 533}","{'id': 41273, 'rank': 21, 'fitness': 0.2077370698629506, 'generation': 533}","{'id': 41319, 'rank': 22, 'fitness': 0.20263750628041427, 'generation': 533}","{'id': 41279, 'rank': 23, 'fitness': 0.16786513569127087, 'generation': 533}","{'id': 41322, 'rank': 24, 'fitness': 0.16343245957962027, 'generation': 533}","{'id': 41199, 'rank': 25, 'fitness': 0.1379227411566375, 'generation': 533}","{'id': 41199, 'rank': 26, 'fitness': 0.1379227411566375, 'generation': 533}","{'id': 41255, 'rank': 27, 'fitness': 0.12896217834617874, 'generation': 533}","{'id': 41298, 'rank': 28, 'fitness': 0.12488415521857099, 'generation': 533}","{'id': 41202, 'rank': 29, 'fitness': 0.09925418019512766, 'generation': 533}","{'id': 41267, 'rank': 30, 'fitness': 0.01798620996209155, 'generation': 533}"
"{'id': 41358, 'rank': 1, 'fitness': 0.9820137900379085, 'generation': 534}","{'id': 41358, 'rank': 2, 'fitness': 0.9820137900379085, 'generation': 534}","{'id': 41259, 'rank': 3, 'fitness': 0.9819921919937313, 'generation': 534}","{'id': 41259, 'rank': 4, 'fitness': 0.9819921919937313, 'generation': 534}","{'id': 41259, 'rank': 5, 'fitness': 0.9819921919937313, 'generation': 534}","{'id': 41359, 'rank': 6, 'fitness': 0.981935641702786, 'generation': 534}","{'id': 41359, 'rank': 7, 'fitness': 0.981935641702786, 'generation': 534}","{'id': 41361, 'rank': 8, 'fitness': 0.9819164781360255, 'generation': 534}","{'id': 41362, 'rank': 9, 'fitness': 0.981890083718134, 'generation': 534}","{'id': 41369, 'rank': 10, 'fitness': 0.9818773415259738, 'generation': 534}","{'id': 41360, 'rank': 11, 'fitness': 0.9818615134886652, 'generation': 534}","{'id': 41042, 'rank': 12, 'fitness': 0.9817538745847141, 'generation': 534}","{'id': 41271, 'rank': 13, 'fitness': 0.9816860726697197, 'generation': 534}","{'id': 41303, 'rank': 14, 'fitness': 0.9816817295836098, 'generation': 534}","{'id': 41272, 'rank': 15, 'fitness': 0.9816307120103414, 'generation': 534}","{'id': 41228, 'rank': 16, 'fitness': 0.981608738265273, 'generation': 534}","{'id': 41228, 'rank': 17, 'fitness': 0.981608738265273, 'generation': 534}","{'id': 41281, 'rank': 18, 'fitness': 0.981581737335612, 'generation': 534}","{'id': 41281, 'rank': 19, 'fitness': 0.981581737335612, 'generation': 534}","{'id': 41317, 'rank': 20, 'fitness': 0.9815591420576941, 'generation': 534}","{'id': 41206, 'rank': 21, 'fitness': 0.9815179128812223, 'generation': 534}","{'id': 41273, 'rank': 22, 'fitness': 0.9814966849136744, 'generation': 534}","{'id': 41319, 'rank': 23, 'fitness': 0.9814935170833821, 'generation': 534}","{'id': 41322, 'rank': 24, 'fitness': 0.9814668513981364, 'generation': 534}","{'id': 41365, 'rank': 25, 'fitness': 0.9801397122261166, 'generation': 534}","{'id': 41349, 'rank': 26, 'fitness': 0.9605088782986335, 'generation': 534}","{'id': 41349, 'rank': 27, 'fitness': 0.9605088782986335, 'generation': 534}","{'id': 41373, 'rank': 28, 'fitness': 0.9532656695475669, 'generation': 534}","{'id': 41354, 'rank': 29, 'fitness': 0.660762263508735, 'generation': 534}","{'id': 41363, 'rank': 30, 'fitness': 0.01798620996209155, 'generation': 534}"
"{'id': 41430, 'rank': 1, 'fitness': 0.9820137900379085, 'generation': 535}","{'id': 41358, 'rank': 2, 'fitness': 0.9793829837100171, 'generation': 535}","{'id': 41358, 'rank': 3, 'fitness': 0.9793829837100171, 'generation': 535}","{'id': 41259, 'rank': 4, 'fitness': 0.9730464340539522, 'generation': 535}","{'id': 41429, 'rank': 5, 'fitness': 0.9582603259466965, 'generation': 535}","{'id': 41359, 'rank': 6, 'fitness': 0.9462999609187296, 'generation': 535}","{'id': 41359, 'rank': 7, 'fitness': 0.9462999609187296, 'generation': 535}","{'id': 41431, 'rank': 8, 'fitness': 0.9430708170122044, 'generation': 535}","{'id': 41416, 'rank': 9, 'fitness': 0.9288272476004841, 'generation': 535}","{'id': 41441, 'rank': 10, 'fitness': 0.9194216579044481, 'generation': 535}","{'id': 41362, 'rank': 11, 'fitness': 0.9082940528210124, 'generation': 535}","{'id': 41422, 'rank': 12, 'fitness': 0.8981538206765622, 'generation': 535}","{'id': 41439, 'rank': 13, 'fitness': 0.8738207392956528, 'generation': 535}","{'id': 41385, 'rank': 14, 'fitness': 0.8699166502769968, 'generation': 535}","{'id': 41474, 'rank': 15, 'fitness': 0.837906795048289, 'generation': 535}","{'id': 41419, 'rank': 16, 'fitness': 0.8364713267252578, 'generation': 535}","{'id': 41421, 'rank': 17, 'fitness': 0.7700466943383598, 'generation': 535}","{'id': 41446, 'rank': 18, 'fitness': 0.7479419323024432, 'generation': 535}","{'id': 41412, 'rank': 19, 'fitness': 0.684707560845107, 'generation': 535}","{'id': 41432, 'rank': 20, 'fitness': 0.5295483187414869, 'generation': 535}","{'id': 41397, 'rank': 21, 'fitness': 0.4470213319241245, 'generation': 535}","{'id': 41271, 'rank': 22, 'fitness': 0.43295908374965364, 'generation': 535}","{'id': 41303, 'rank': 23, 'fitness': 0.41969133964460764, 'generation': 535}","{'id': 41228, 'rank': 24, 'fitness': 0.22549263221654925, 'generation': 535}","{'id': 41435, 'rank': 25, 'fitness': 0.14101195039972164, 'generation': 535}","{'id': 41466, 'rank': 26, 'fitness': 0.04362376122747691, 'generation': 535}","{'id': 41471, 'rank': 27, 'fitness': 0.02329685136673154, 'generation': 535}","{'id': 41461, 'rank': 28, 'fitness': 0.02020377926478334, 'generation': 535}","{'id': 41468, 'rank': 29, 'fitness': 0.019538820318022232, 'generation': 535}","{'id': 41463, 'rank': 30, 'fitness': 0.01798620996209155, 'generation': 535}"
"{'id': 41516, 'rank': 1, 'fitness': 0.9820137900379085, 'generation': 536}","{'id': 41517, 'rank': 2, 'fitness': 0.9820079611572778, 'generation': 536}","{'id': 41510, 'rank': 3, 'fitness': 0.9818775161272703, 'generation': 536}","{'id': 41259, 'rank': 4, 'fitness': 0.9817367608888173, 'generation': 536}","{'id': 41530, 'rank': 5, 'fitness': 0.981460537523356, 'generation': 536}","{'id': 41530, 'rank': 6, 'fitness': 0.981460537523356, 'generation': 536}","{'id': 41518, 'rank': 7, 'fitness': 0.9811463801756442, 'generation': 536}","{'id': 41385, 'rank': 8, 'fitness': 0.9809036570824909, 'generation': 536}","{'id': 41489, 'rank': 9, 'fitness': 0.9808202765264484, 'generation': 536}","{'id': 41474, 'rank': 10, 'fitness': 0.9807731942178239, 'generation': 536}","{'id': 41446, 'rank': 11, 'fitness': 0.9804889733956437, 'generation': 536}","{'id': 41412, 'rank': 12, 'fitness': 0.9803273207636821, 'generation': 536}","{'id': 41271, 'rank': 13, 'fitness': 0.9797764348787488, 'generation': 536}","{'id': 41303, 'rank': 14, 'fitness': 0.9797474338536567, 'generation': 536}","{'id': 41435, 'rank': 15, 'fitness': 0.9789387969173688, 'generation': 536}","{'id': 41461, 'rank': 16, 'fitness': 0.977754266187321, 'generation': 536}","{'id': 41463, 'rank': 17, 'fitness': 0.9776846588569625, 'generation': 536}","{'id': 41524, 'rank': 18, 'fitness': 0.9763283129289162, 'generation': 536}","{'id': 41526, 'rank': 19, 'fitness': 0.9748651751317281, 'generation': 536}","{'id': 41532, 'rank': 20, 'fitness': 0.9747771679357214, 'generation': 536}","{'id': 41507, 'rank': 21, 'fitness': 0.9707757862573678, 'generation': 536}","{'id': 41506, 'rank': 22, 'fitness': 0.9643770383889416, 'generation': 536}","{'id': 41512, 'rank': 23, 'fitness': 0.9402102307870922, 'generation': 536}","{'id': 41505, 'rank': 24, 'fitness': 0.9397189305437668, 'generation': 536}","{'id': 41505, 'rank': 25, 'fitness': 0.9397189305437668, 'generation': 536}","{'id': 41522, 'rank': 26, 'fitness': 0.9254814769648247, 'generation': 536}","{'id': 41509, 'rank': 27, 'fitness': 0.7715160880688449, 'generation': 536}","{'id': 41481, 'rank': 28, 'fitness': 0.77010296553784, 'generation': 536}","{'id': 41534, 'rank': 29, 'fitness': 0.3591881692775971, 'generation': 536}","{'id': 41497, 'rank': 30, 'fitness': 0.01798620996209155, 'generation': 536}"
"{'id': 41516, 'rank': 1, 'fitness': 0.9820137900379085, 'generation': 537}","{'id': 41259, 'rank': 2, 'fitness': 0.9817479902968094, 'generation': 537}","{'id': 41597, 'rank': 3, 'fitness': 0.9815530590730437, 'generation': 537}","{'id': 41581, 'rank': 4, 'fitness': 0.9812888428881372, 'generation': 537}","{'id': 41518, 'rank': 5, 'fitness': 0.9811820683162236, 'generation': 537}","{'id': 41518, 'rank': 6, 'fitness': 0.9811820683162236, 'generation': 537}","{'id': 41549, 'rank': 7, 'fitness': 0.981016027958125, 'generation': 537}","{'id': 41606, 'rank': 8, 'fitness': 0.980934560727041, 'generation': 537}","{'id': 41489, 'rank': 9, 'fitness': 0.980869775482863, 'generation': 537}","{'id': 41474, 'rank': 10, 'fitness': 0.9808247045098369, 'generation': 537}","{'id': 41446, 'rank': 11, 'fitness': 0.980552717311479, 'generation': 537}","{'id': 41557, 'rank': 12, 'fitness': 0.9799430395477244, 'generation': 537}","{'id': 41303, 'rank': 13, 'fitness': 0.9798438226766277, 'generation': 537}","{'id': 41552, 'rank': 14, 'fitness': 0.9798186083072177, 'generation': 537}","{'id': 41555, 'rank': 15, 'fitness': 0.979275887714433, 'generation': 537}","{'id': 41542, 'rank': 16, 'fitness': 0.9779361326715676, 'generation': 537}","{'id': 41546, 'rank': 17, 'fitness': 0.9770215623790324, 'generation': 537}","{'id': 41543, 'rank': 18, 'fitness': 0.9769355551787897, 'generation': 537}","{'id': 41579, 'rank': 19, 'fitness': 0.9765307697369399, 'generation': 537}","{'id': 41540, 'rank': 20, 'fitness': 0.9734556216764468, 'generation': 537}","{'id': 41563, 'rank': 21, 'fitness': 0.973131102260759, 'generation': 537}","{'id': 41507, 'rank': 22, 'fitness': 0.9713378140215789, 'generation': 537}","{'id': 41506, 'rank': 23, 'fitness': 0.9653343060797865, 'generation': 537}","{'id': 41599, 'rank': 24, 'fitness': 0.9579501412988889, 'generation': 537}","{'id': 41599, 'rank': 25, 'fitness': 0.9579501412988889, 'generation': 537}","{'id': 41505, 'rank': 26, 'fitness': 0.9425138710357459, 'generation': 537}","{'id': 41591, 'rank': 27, 'fitness': 0.9335757212014784, 'generation': 537}","{'id': 41481, 'rank': 28, 'fitness': 0.7893846210852946, 'generation': 537}","{'id': 41481, 'rank': 29, 'fitness': 0.7893846210852946, 'generation': 537}","{'id': 41604, 'rank': 30, 'fitness': 0.01798620996209155, 'generation': 537}"
"{'id': 41655, 'rank': 1, 'fitness': 0.9820137900379085, 'generation': 538}","{'id': 41655, 'rank': 2, 'fitness': 0.9820137900379085, 'generation': 538}","{'id': 41581, 'rank': 3, 'fitness': 0.9772398199491072, 'generation': 538}","{'id': 41621, 'rank': 4, 'fitness': 0.9767589711233711, 'generation': 538}","{'id': 41651, 'rank': 5, 'fitness': 0.9757351327017125, 'generation': 538}","{'id': 41651, 'rank': 6, 'fitness': 0.9757351327017125, 'generation': 538}","{'id': 41633, 'rank': 7, 'fitness': 0.9747588223164515, 'generation': 538}","{'id': 41618, 'rank': 8, 'fitness': 0.972688241522207, 'generation': 538}","{'id': 41632, 'rank': 9, 'fitness': 0.9696960294317156, 'generation': 538}","{'id': 41698, 'rank': 10, 'fitness': 0.9695439726183028, 'generation': 538}","{'id': 41446, 'rank': 11, 'fitness': 0.9694697990777325, 'generation': 538}","{'id': 41446, 'rank': 12, 'fitness': 0.9694697990777325, 'generation': 538}","{'id': 41686, 'rank': 13, 'fitness': 0.9691131321844414, 'generation': 538}","{'id': 41642, 'rank': 14, 'fitness': 0.9665721376490344, 'generation': 538}","{'id': 41684, 'rank': 15, 'fitness': 0.9620404318390228, 'generation': 538}","{'id': 41663, 'rank': 16, 'fitness': 0.9616284948976059, 'generation': 538}","{'id': 41557, 'rank': 17, 'fitness': 0.9614514501023472, 'generation': 538}","{'id': 41303, 'rank': 18, 'fitness': 0.9599942962610952, 'generation': 538}","{'id': 41552, 'rank': 19, 'fitness': 0.9596168029078734, 'generation': 538}","{'id': 41552, 'rank': 20, 'fitness': 0.9596168029078734, 'generation': 538}","{'id': 41658, 'rank': 21, 'fitness': 0.9588002837467051, 'generation': 538}","{'id': 41690, 'rank': 22, 'fitness': 0.9551302551528701, 'generation': 538}","{'id': 41656, 'rank': 23, 'fitness': 0.9533722560324294, 'generation': 538}","{'id': 41688, 'rank': 24, 'fitness': 0.9467206663692052, 'generation': 538}","{'id': 41546, 'rank': 25, 'fitness': 0.8957416169414932, 'generation': 538}","{'id': 41579, 'rank': 26, 'fitness': 0.8791969617568234, 'generation': 538}","{'id': 41540, 'rank': 27, 'fitness': 0.7342661953437624, 'generation': 538}","{'id': 41638, 'rank': 28, 'fitness': 0.6878288041174581, 'generation': 538}","{'id': 41599, 'rank': 29, 'fitness': 0.06692878859792939, 'generation': 538}","{'id': 41711, 'rank': 30, 'fitness': 0.01798620996209155, 'generation': 538}"
"{'id': 41655, 'rank': 1, 'fitness': 0.9820137900379085, 'generation': 539}","{'id': 41581, 'rank': 2, 'fitness': 0.9815868179902529, 'generation': 539}","{'id': 41581, 'rank': 3, 'fitness': 0.9815868179902529, 'generation': 539}","{'id': 41798, 'rank': 4, 'fitness': 0.9814419890602126, 'generation': 539}","{'id': 41633, 'rank': 5, 'fitness': 0.9813953004228159, 'generation': 539}","{'id': 41618, 'rank': 6, 'fitness': 0.9812477050192228, 'generation': 539}","{'id': 41618, 'rank': 7, 'fitness': 0.9812477050192228, 'generation': 539}","{'id': 41786, 'rank': 8, 'fitness': 0.9810471966715872, 'generation': 539}","{'id': 41446, 'rank': 9, 'fitness': 0.9810366252388472, 'generation': 539}","{'id': 41446, 'rank': 10, 'fitness': 0.9810366252388472, 'generation': 539}","{'id': 41741, 'rank': 11, 'fitness': 0.9808536778064222, 'generation': 539}","{'id': 41741, 'rank': 12, 'fitness': 0.9808536778064222, 'generation': 539}","{'id': 41712, 'rank': 13, 'fitness': 0.9807287105418794, 'generation': 539}","{'id': 41762, 'rank': 14, 'fitness': 0.9807021401840469, 'generation': 539}","{'id': 41663, 'rank': 15, 'fitness': 0.9805936546585661, 'generation': 539}","{'id': 41751, 'rank': 16, 'fitness': 0.9805488637198274, 'generation': 539}","{'id': 41552, 'rank': 17, 'fitness': 0.9804927285300987, 'generation': 539}","{'id': 41658, 'rank': 18, 'fitness': 0.9804529924154243, 'generation': 539}","{'id': 41757, 'rank': 19, 'fitness': 0.9803360581992611, 'generation': 539}","{'id': 41656, 'rank': 20, 'fitness': 0.9802047459762291, 'generation': 539}","{'id': 41797, 'rank': 21, 'fitness': 0.9801662209089078, 'generation': 539}","{'id': 41759, 'rank': 22, 'fitness': 0.9801219862498493, 'generation': 539}","{'id': 41725, 'rank': 23, 'fitness': 0.9798353747264303, 'generation': 539}","{'id': 41722, 'rank': 24, 'fitness': 0.9795660423635638, 'generation': 539}","{'id': 41729, 'rank': 25, 'fitness': 0.9795638466043987, 'generation': 539}","{'id': 41730, 'rank': 26, 'fitness': 0.9792422751306717, 'generation': 539}","{'id': 41747, 'rank': 27, 'fitness': 0.9792083484035896, 'generation': 539}","{'id': 41777, 'rank': 28, 'fitness': 0.9757456225519149, 'generation': 539}","{'id': 41744, 'rank': 29, 'fitness': 0.9740361518631193, 'generation': 539}","{'id': 41790, 'rank': 30, 'fitness': 0.01798620996209155, 'generation': 539}"
"{'id': 41851, 'rank': 1, 'fitness': 0.9820137900379085, 'generation': 540}","{'id': 41828, 'rank': 2, 'fitness': 0.9666939770548281, 'generation': 540}","{'id': 41830, 'rank': 3, 'fitness': 0.9587007530299367, 'generation': 540}","{'id': 41815, 'rank': 4, 'fitness': 0.9451816022458617, 'generation': 540}","{'id': 41581, 'rank': 5, 'fitness': 0.9426916187062878, 'generation': 540}","{'id': 41581, 'rank': 6, 'fitness': 0.9426916187062878, 'generation': 540}","{'id': 41798, 'rank': 7, 'fitness': 0.9138452441752414, 'generation': 540}","{'id': 41831, 'rank': 8, 'fitness': 0.9036870443163245, 'generation': 540}","{'id': 41831, 'rank': 9, 'fitness': 0.9036870443163245, 'generation': 540}","{'id': 41831, 'rank': 10, 'fitness': 0.9036870443163245, 'generation': 540}","{'id': 41850, 'rank': 11, 'fitness': 0.8943702723030172, 'generation': 540}","{'id': 41829, 'rank': 12, 'fitness': 0.8796478190740847, 'generation': 540}","{'id': 41618, 'rank': 13, 'fitness': 0.8554690910167787, 'generation': 540}","{'id': 41825, 'rank': 14, 'fitness': 0.7865794863569103, 'generation': 540}","{'id': 41881, 'rank': 15, 'fitness': 0.7498439114111842, 'generation': 540}","{'id': 41826, 'rank': 16, 'fitness': 0.7077675734312032, 'generation': 540}","{'id': 41741, 'rank': 17, 'fitness': 0.6486320430199441, 'generation': 540}","{'id': 41863, 'rank': 18, 'fitness': 0.6195882595529391, 'generation': 540}","{'id': 41867, 'rank': 19, 'fitness': 0.6074847795056797, 'generation': 540}","{'id': 41857, 'rank': 20, 'fitness': 0.5971020098135051, 'generation': 540}","{'id': 41864, 'rank': 21, 'fitness': 0.41502652649756244, 'generation': 540}","{'id': 41833, 'rank': 22, 'fitness': 0.3844049196950583, 'generation': 540}","{'id': 41658, 'rank': 23, 'fitness': 0.3663478950826399, 'generation': 540}","{'id': 41835, 'rank': 24, 'fitness': 0.31959633855167585, 'generation': 540}","{'id': 41808, 'rank': 25, 'fitness': 0.24005638618319486, 'generation': 540}","{'id': 41797, 'rank': 26, 'fitness': 0.20349737743419316, 'generation': 540}","{'id': 41872, 'rank': 27, 'fitness': 0.05226056527311734, 'generation': 540}","{'id': 41878, 'rank': 28, 'fitness': 0.032628009441564854, 'generation': 540}","{'id': 41873, 'rank': 29, 'fitness': 0.021428387044096553, 'generation': 540}","{'id': 41858, 'rank': 30, 'fitness': 0.01798620996209155, 'generation': 540}"
"{'id': 41851, 'rank': 1, 'fitness': 0.9820137900379085, 'generation': 541}","{'id': 41815, 'rank': 2, 'fitness': 0.9818856066121933, 'generation': 541}","{'id': 41815, 'rank': 3, 'fitness': 0.9818856066121933, 'generation': 541}","{'id': 41831, 'rank': 4, 'fitness': 0.9818175787721702, 'generation': 541}","{'id': 41831, 'rank': 5, 'fitness': 0.9818175787721702, 'generation': 541}","{'id': 41831, 'rank': 6, 'fitness': 0.9818175787721702, 'generation': 541}","{'id': 41829, 'rank': 7, 'fitness': 0.9817895804032177, 'generation': 541}","{'id': 41618, 'rank': 8, 'fitness': 0.9817659025176981, 'generation': 541}","{'id': 41881, 'rank': 9, 'fitness': 0.9816893255849175, 'generation': 541}","{'id': 41881, 'rank': 10, 'fitness': 0.9816893255849175, 'generation': 541}","{'id': 41952, 'rank': 11, 'fitness': 0.9813913556215008, 'generation': 541}","{'id': 41952, 'rank': 12, 'fitness': 0.9813913556215008, 'generation': 541}","{'id': 41953, 'rank': 13, 'fitness': 0.9811822150817757, 'generation': 541}","{'id': 41878, 'rank': 14, 'fitness': 0.9811763261467121, 'generation': 541}","{'id': 41893, 'rank': 15, 'fitness': 0.9807271962602321, 'generation': 541}","{'id': 41910, 'rank': 16, 'fitness': 0.9803044237509174, 'generation': 541}","{'id': 41910, 'rank': 17, 'fitness': 0.9803044237509174, 'generation': 541}","{'id': 41939, 'rank': 18, 'fitness': 0.9779550432297661, 'generation': 541}","{'id': 41917, 'rank': 19, 'fitness': 0.9777852538358807, 'generation': 541}","{'id': 41922, 'rank': 20, 'fitness': 0.9776593818996795, 'generation': 541}","{'id': 41899, 'rank': 21, 'fitness': 0.9775963062198554, 'generation': 541}","{'id': 41920, 'rank': 22, 'fitness': 0.9775165971681075, 'generation': 541}","{'id': 41906, 'rank': 23, 'fitness': 0.9771857844046101, 'generation': 541}","{'id': 41923, 'rank': 24, 'fitness': 0.9761288065571456, 'generation': 541}","{'id': 41904, 'rank': 25, 'fitness': 0.9760372526731014, 'generation': 541}","{'id': 41904, 'rank': 26, 'fitness': 0.9760372526731014, 'generation': 541}","{'id': 41896, 'rank': 27, 'fitness': 0.9728619791556011, 'generation': 541}","{'id': 41884, 'rank': 28, 'fitness': 0.9379972679272282, 'generation': 541}","{'id': 41933, 'rank': 29, 'fitness': 0.9049234467640868, 'generation': 541}","{'id': 41931, 'rank': 30, 'fitness': 0.01798620996209155, 'generation': 541}"
"{'id': 41996, 'rank': 1, 'fitness': 0.9820137900379085, 'generation': 542}","{'id': 41996, 'rank': 2, 'fitness': 0.9820137900379085, 'generation': 542}","{'id': 41996, 'rank': 3, 'fitness': 0.9820137900379085, 'generation': 542}","{'id': 42031, 'rank': 4, 'fitness': 0.9811790605163356, 'generation': 542}","{'id': 42031, 'rank': 5, 'fitness': 0.9811790605163356, 'generation': 542}","{'id': 42031, 'rank': 6, 'fitness': 0.9811790605163356, 'generation': 542}","{'id': 41969, 'rank': 7, 'fitness': 0.9770152118562567, 'generation': 542}","{'id': 41967, 'rank': 8, 'fitness': 0.9756586763634847, 'generation': 542}","{'id': 41968, 'rank': 9, 'fitness': 0.9744438377713661, 'generation': 542}","{'id': 41881, 'rank': 10, 'fitness': 0.9726362984157453, 'generation': 542}","{'id': 41881, 'rank': 11, 'fitness': 0.9726362984157453, 'generation': 542}","{'id': 41994, 'rank': 12, 'fitness': 0.967921529075402, 'generation': 542}","{'id': 42036, 'rank': 13, 'fitness': 0.9653333799403612, 'generation': 542}","{'id': 42034, 'rank': 14, 'fitness': 0.9584790937967076, 'generation': 542}","{'id': 42030, 'rank': 15, 'fitness': 0.9509457864959376, 'generation': 542}","{'id': 41983, 'rank': 16, 'fitness': 0.9400399633360372, 'generation': 542}","{'id': 41995, 'rank': 17, 'fitness': 0.9384049948117209, 'generation': 542}","{'id': 41984, 'rank': 18, 'fitness': 0.9376862726176755, 'generation': 542}","{'id': 41985, 'rank': 19, 'fitness': 0.9227104389051757, 'generation': 542}","{'id': 41974, 'rank': 20, 'fitness': 0.9196264796053653, 'generation': 542}","{'id': 41974, 'rank': 21, 'fitness': 0.9196264796053653, 'generation': 542}","{'id': 42001, 'rank': 22, 'fitness': 0.87091805310703, 'generation': 542}","{'id': 41989, 'rank': 23, 'fitness': 0.6327671525414567, 'generation': 542}","{'id': 42037, 'rank': 24, 'fitness': 0.6002962967866966, 'generation': 542}","{'id': 42037, 'rank': 25, 'fitness': 0.6002962967866966, 'generation': 542}","{'id': 41922, 'rank': 26, 'fitness': 0.02650732829571234, 'generation': 542}","{'id': 41899, 'rank': 27, 'fitness': 0.024000868350860793, 'generation': 542}","{'id': 42006, 'rank': 28, 'fitness': 0.01860562671233107, 'generation': 542}","{'id': 41978, 'rank': 29, 'fitness': 0.01798620996209155, 'generation': 542}","{'id': 41978, 'rank': 30, 'fitness': 0.01798620996209155, 'generation': 542}"
"{'id': 42115, 'rank': 1, 'fitness': 0.9820137900379085, 'generation': 543}","{'id': 42114, 'rank': 2, 'fitness': 0.9763725757026995, 'generation': 543}","{'id': 41996, 'rank': 3, 'fitness': 0.9746161469930021, 'generation': 543}","{'id': 41996, 'rank': 4, 'fitness': 0.9746161469930021, 'generation': 543}","{'id': 42117, 'rank': 5, 'fitness': 0.9737299210125328, 'generation': 543}","{'id': 42031, 'rank': 6, 'fitness': 0.9720656680843773, 'generation': 543}","{'id': 42031, 'rank': 7, 'fitness': 0.9720656680843773, 'generation': 543}","{'id': 42031, 'rank': 8, 'fitness': 0.9720656680843773, 'generation': 543}","{'id': 42088, 'rank': 9, 'fitness': 0.9711379361101697, 'generation': 543}","{'id': 42069, 'rank': 10, 'fitness': 0.9683562800889758, 'generation': 543}","{'id': 42094, 'rank': 11, 'fitness': 0.9668755771577924, 'generation': 543}","{'id': 42113, 'rank': 12, 'fitness': 0.9558951947014884, 'generation': 543}","{'id': 42070, 'rank': 13, 'fitness': 0.954442467235177, 'generation': 543}","{'id': 42070, 'rank': 14, 'fitness': 0.954442467235177, 'generation': 543}","{'id': 41881, 'rank': 15, 'fitness': 0.939026929107093, 'generation': 543}","{'id': 42092, 'rank': 16, 'fitness': 0.933174544398883, 'generation': 543}","{'id': 42092, 'rank': 17, 'fitness': 0.933174544398883, 'generation': 543}","{'id': 42090, 'rank': 18, 'fitness': 0.921502354427251, 'generation': 543}","{'id': 42102, 'rank': 19, 'fitness': 0.8964340133700163, 'generation': 543}","{'id': 42102, 'rank': 20, 'fitness': 0.8964340133700163, 'generation': 543}","{'id': 42109, 'rank': 21, 'fitness': 0.8667631596685079, 'generation': 543}","{'id': 42101, 'rank': 22, 'fitness': 0.8379952939473609, 'generation': 543}","{'id': 42098, 'rank': 23, 'fitness': 0.8373970049847624, 'generation': 543}","{'id': 42076, 'rank': 24, 'fitness': 0.7722062246935568, 'generation': 543}","{'id': 42097, 'rank': 25, 'fitness': 0.7542294848009985, 'generation': 543}","{'id': 41995, 'rank': 26, 'fitness': 0.7173308608736899, 'generation': 543}","{'id': 41974, 'rank': 27, 'fitness': 0.5797786425280211, 'generation': 543}","{'id': 42054, 'rank': 28, 'fitness': 0.3076605417842504, 'generation': 543}","{'id': 41989, 'rank': 29, 'fitness': 0.023949993713461848, 'generation': 543}","{'id': 42037, 'rank': 30, 'fitness': 0.01798620996209155, 'generation': 543}"
"{'id': 42114, 'rank': 1, 'fitness': 0.9820137900379085, 'generation': 544}","{'id': 42114, 'rank': 2, 'fitness': 0.9820137900379085, 'generation': 544}","{'id': 42179, 'rank': 3, 'fitness': 0.9819593036157527, 'generation': 544}","{'id': 42117, 'rank': 4, 'fitness': 0.981752143921938, 'generation': 544}","{'id': 42031, 'rank': 5, 'fitness': 0.9815985067577139, 'generation': 544}","{'id': 42069, 'rank': 6, 'fitness': 0.9812818661517344, 'generation': 544}","{'id': 42132, 'rank': 7, 'fitness': 0.9811988247401766, 'generation': 544}","{'id': 42094, 'rank': 8, 'fitness': 0.9811640745743417, 'generation': 544}","{'id': 42094, 'rank': 9, 'fitness': 0.9811640745743417, 'generation': 544}","{'id': 42151, 'rank': 10, 'fitness': 0.980772308111524, 'generation': 544}","{'id': 42150, 'rank': 11, 'fitness': 0.980418135277298, 'generation': 544}","{'id': 42133, 'rank': 12, 'fitness': 0.9798542355071578, 'generation': 544}","{'id': 42092, 'rank': 13, 'fitness': 0.9792296042661353, 'generation': 544}","{'id': 42092, 'rank': 14, 'fitness': 0.9792296042661353, 'generation': 544}","{'id': 42092, 'rank': 15, 'fitness': 0.9792296042661353, 'generation': 544}","{'id': 42092, 'rank': 16, 'fitness': 0.9792296042661353, 'generation': 544}","{'id': 42102, 'rank': 17, 'fitness': 0.9778720413978598, 'generation': 544}","{'id': 42172, 'rank': 18, 'fitness': 0.9771960524146278, 'generation': 544}","{'id': 42101, 'rank': 19, 'fitness': 0.97631385880461, 'generation': 544}","{'id': 42164, 'rank': 20, 'fitness': 0.97497495223247, 'generation': 544}","{'id': 42165, 'rank': 21, 'fitness': 0.9746114109774517, 'generation': 544}","{'id': 41974, 'rank': 22, 'fitness': 0.9718081747813835, 'generation': 544}","{'id': 42190, 'rank': 23, 'fitness': 0.9694472953418727, 'generation': 544}","{'id': 42124, 'rank': 24, 'fitness': 0.9456230638616838, 'generation': 544}","{'id': 42134, 'rank': 25, 'fitness': 0.8377530381337306, 'generation': 544}","{'id': 42187, 'rank': 26, 'fitness': 0.8322024580141361, 'generation': 544}","{'id': 42129, 'rank': 27, 'fitness': 0.6885607725220033, 'generation': 544}","{'id': 42186, 'rank': 28, 'fitness': 0.6799588864969134, 'generation': 544}","{'id': 42186, 'rank': 29, 'fitness': 0.6799588864969134, 'generation': 544}","{'id': 42127, 'rank': 30, 'fitness': 0.01798620996209155, 'generation': 544}"
"{'id': 42225, 'rank': 1, 'fitness': 0.9820137900379085, 'generation': 545}","{'id': 42207, 'rank': 2, 'fitness': 0.9620604058213758, 'generation': 545}","{'id': 42206, 'rank': 3, 'fitness': 0.9505856354878703, 'generation': 545}","{'id': 42202, 'rank': 4, 'fitness': 0.9492837395126104, 'generation': 545}","{'id': 42069, 'rank': 5, 'fitness': 0.9463318000054814, 'generation': 545}","{'id': 42094, 'rank': 6, 'fitness': 0.9424539502040052, 'generation': 545}","{'id': 42210, 'rank': 7, 'fitness': 0.9156360343731865, 'generation': 545}","{'id': 42150, 'rank': 8, 'fitness': 0.9120045001455502, 'generation': 545}","{'id': 42214, 'rank': 9, 'fitness': 0.9039063974931492, 'generation': 545}","{'id': 42254, 'rank': 10, 'fitness': 0.8870538206465857, 'generation': 545}","{'id': 42133, 'rank': 11, 'fitness': 0.8811824461034495, 'generation': 545}","{'id': 42247, 'rank': 12, 'fitness': 0.8750349202448241, 'generation': 545}","{'id': 42208, 'rank': 13, 'fitness': 0.8722807696645914, 'generation': 545}","{'id': 42215, 'rank': 14, 'fitness': 0.8699632842531351, 'generation': 545}","{'id': 42092, 'rank': 15, 'fitness': 0.838009744328456, 'generation': 545}","{'id': 42092, 'rank': 16, 'fitness': 0.838009744328456, 'generation': 545}","{'id': 42212, 'rank': 17, 'fitness': 0.8122641596632723, 'generation': 545}","{'id': 42242, 'rank': 18, 'fitness': 0.7804885417642333, 'generation': 545}","{'id': 42242, 'rank': 19, 'fitness': 0.7804885417642333, 'generation': 545}","{'id': 42257, 'rank': 20, 'fitness': 0.7263019170559495, 'generation': 545}","{'id': 42246, 'rank': 21, 'fitness': 0.716863177206444, 'generation': 545}","{'id': 42209, 'rank': 22, 'fitness': 0.6429828703521324, 'generation': 545}","{'id': 42172, 'rank': 23, 'fitness': 0.6318637705237155, 'generation': 545}","{'id': 42196, 'rank': 24, 'fitness': 0.5955953221084956, 'generation': 545}","{'id': 42196, 'rank': 25, 'fitness': 0.5955953221084956, 'generation': 545}","{'id': 42236, 'rank': 26, 'fitness': 0.553698702115027, 'generation': 545}","{'id': 42211, 'rank': 27, 'fitness': 0.44076484377879466, 'generation': 545}","{'id': 42230, 'rank': 28, 'fitness': 0.23340408442735122, 'generation': 545}","{'id': 42198, 'rank': 29, 'fitness': 0.031047309246666432, 'generation': 545}","{'id': 42199, 'rank': 30, 'fitness': 0.01798620996209155, 'generation': 545}"
"{'id': 42294, 'rank': 1, 'fitness': 0.9820137900379085, 'generation': 546}","{'id': 42206, 'rank': 2, 'fitness': 0.981203339485161, 'generation': 546}","{'id': 42202, 'rank': 3, 'fitness': 0.981149127301169, 'generation': 546}","{'id': 42069, 'rank': 4, 'fitness': 0.9810303946205846, 'generation': 546}","{'id': 42254, 'rank': 5, 'fitness': 0.9793474654450334, 'generation': 546}","{'id': 42254, 'rank': 6, 'fitness': 0.9793474654450334, 'generation': 546}","{'id': 42133, 'rank': 7, 'fitness': 0.9792227956567149, 'generation': 546}","{'id': 42212, 'rank': 8, 'fitness': 0.9780141172355914, 'generation': 546}","{'id': 42242, 'rank': 9, 'fitness': 0.9775570273855176, 'generation': 546}","{'id': 42246, 'rank': 10, 'fitness': 0.9767442277850339, 'generation': 546}","{'id': 42172, 'rank': 11, 'fitness': 0.9757784184590447, 'generation': 546}","{'id': 42236, 'rank': 12, 'fitness': 0.974942091006159, 'generation': 546}","{'id': 42287, 'rank': 13, 'fitness': 0.9726550854172732, 'generation': 546}","{'id': 42198, 'rank': 14, 'fitness': 0.9633554513992415, 'generation': 546}","{'id': 42265, 'rank': 15, 'fitness': 0.962445929234464, 'generation': 546}","{'id': 42288, 'rank': 16, 'fitness': 0.9615799806053865, 'generation': 546}","{'id': 42325, 'rank': 17, 'fitness': 0.9587589642313452, 'generation': 546}","{'id': 42325, 'rank': 18, 'fitness': 0.9587589642313452, 'generation': 546}","{'id': 42279, 'rank': 19, 'fitness': 0.9541113112694866, 'generation': 546}","{'id': 42322, 'rank': 20, 'fitness': 0.9514900862885947, 'generation': 546}","{'id': 42331, 'rank': 21, 'fitness': 0.948928360662332, 'generation': 546}","{'id': 42331, 'rank': 22, 'fitness': 0.948928360662332, 'generation': 546}","{'id': 42324, 'rank': 23, 'fitness': 0.9435719505895175, 'generation': 546}","{'id': 42330, 'rank': 24, 'fitness': 0.9307502683496707, 'generation': 546}","{'id': 42269, 'rank': 25, 'fitness': 0.8645075366759756, 'generation': 546}","{'id': 42306, 'rank': 26, 'fitness': 0.8286769612170521, 'generation': 546}","{'id': 42281, 'rank': 27, 'fitness': 0.15665985715750663, 'generation': 546}","{'id': 42274, 'rank': 28, 'fitness': 0.1508247545709177, 'generation': 546}","{'id': 42272, 'rank': 29, 'fitness': 0.13249014459037523, 'generation': 546}","{'id': 42283, 'rank': 30, 'fitness': 0.01798620996209155, 'generation': 546}"
"{'id': 42294, 'rank': 1, 'fitness': 0.9820137900379085, 'generation': 547}","{'id': 42294, 'rank': 2, 'fitness': 0.9820137900379085, 'generation': 547}","{'id': 42358, 'rank': 3, 'fitness': 0.979402504798966, 'generation': 547}","{'id': 42206, 'rank': 4, 'fitness': 0.9778682160869745, 'generation': 547}","{'id': 42069, 'rank': 5, 'fitness': 0.9768956340157292, 'generation': 547}","{'id': 42254, 'rank': 6, 'fitness': 0.9656303083170492, 'generation': 547}","{'id': 42373, 'rank': 7, 'fitness': 0.940589721324526, 'generation': 547}","{'id': 42373, 'rank': 8, 'fitness': 0.940589721324526, 'generation': 547}","{'id': 42172, 'rank': 9, 'fitness': 0.9287083211316297, 'generation': 547}","{'id': 42172, 'rank': 10, 'fitness': 0.9287083211316297, 'generation': 547}","{'id': 42236, 'rank': 11, 'fitness': 0.9170532603183074, 'generation': 547}","{'id': 42356, 'rank': 12, 'fitness': 0.9019740769140423, 'generation': 547}","{'id': 42342, 'rank': 13, 'fitness': 0.8973991493451575, 'generation': 547}","{'id': 42395, 'rank': 14, 'fitness': 0.883865967436986, 'generation': 547}","{'id': 42395, 'rank': 15, 'fitness': 0.883865967436986, 'generation': 547}","{'id': 42407, 'rank': 16, 'fitness': 0.8813190218356999, 'generation': 547}","{'id': 42394, 'rank': 17, 'fitness': 0.8761447167070098, 'generation': 547}","{'id': 42394, 'rank': 18, 'fitness': 0.8761447167070098, 'generation': 547}","{'id': 42406, 'rank': 19, 'fitness': 0.8548190641019654, 'generation': 547}","{'id': 42377, 'rank': 20, 'fitness': 0.827877874335076, 'generation': 547}","{'id': 42398, 'rank': 21, 'fitness': 0.8073468435918634, 'generation': 547}","{'id': 42398, 'rank': 22, 'fitness': 0.8073468435918634, 'generation': 547}","{'id': 42397, 'rank': 23, 'fitness': 0.7182015219659474, 'generation': 547}","{'id': 42344, 'rank': 24, 'fitness': 0.3486963983270531, 'generation': 547}","{'id': 42344, 'rank': 25, 'fitness': 0.3486963983270531, 'generation': 547}","{'id': 42331, 'rank': 26, 'fitness': 0.25335320704607966, 'generation': 547}","{'id': 42324, 'rank': 27, 'fitness': 0.1711336768441723, 'generation': 547}","{'id': 42346, 'rank': 28, 'fitness': 0.1566928449845622, 'generation': 547}","{'id': 42381, 'rank': 29, 'fitness': 0.045786209519873, 'generation': 547}","{'id': 42347, 'rank': 30, 'fitness': 0.01798620996209155, 'generation': 547}"
"{'id': 42294, 'rank': 1, 'fitness': 0.9820137900379085, 'generation': 548}","{'id': 42294, 'rank': 2, 'fitness': 0.9820137900379085, 'generation': 548}","{'id': 42459, 'rank': 3, 'fitness': 0.9815113213229992, 'generation': 548}","{'id': 42069, 'rank': 4, 'fitness': 0.981216915057936, 'generation': 548}","{'id': 42069, 'rank': 5, 'fitness': 0.981216915057936, 'generation': 548}","{'id': 42460, 'rank': 6, 'fitness': 0.9808990620098763, 'generation': 548}","{'id': 42478, 'rank': 7, 'fitness': 0.9803752836031312, 'generation': 548}","{'id': 42435, 'rank': 8, 'fitness': 0.9802782721523056, 'generation': 548}","{'id': 42456, 'rank': 9, 'fitness': 0.9799337522982927, 'generation': 548}","{'id': 42373, 'rank': 10, 'fitness': 0.9778200569070836, 'generation': 548}","{'id': 42448, 'rank': 11, 'fitness': 0.9770565287203028, 'generation': 548}","{'id': 42449, 'rank': 12, 'fitness': 0.9765959948492067, 'generation': 548}","{'id': 42449, 'rank': 13, 'fitness': 0.9765959948492067, 'generation': 548}","{'id': 42395, 'rank': 14, 'fitness': 0.9749032139690903, 'generation': 548}","{'id': 42395, 'rank': 15, 'fitness': 0.9749032139690903, 'generation': 548}","{'id': 42395, 'rank': 16, 'fitness': 0.9749032139690903, 'generation': 548}","{'id': 42407, 'rank': 17, 'fitness': 0.9747991110903871, 'generation': 548}","{'id': 42406, 'rank': 18, 'fitness': 0.9737952611313608, 'generation': 548}","{'id': 42475, 'rank': 19, 'fitness': 0.9737820388697862, 'generation': 548}","{'id': 42344, 'rank': 20, 'fitness': 0.9608738124045256, 'generation': 548}","{'id': 42344, 'rank': 21, 'fitness': 0.9608738124045256, 'generation': 548}","{'id': 42346, 'rank': 22, 'fitness': 0.9533909646311344, 'generation': 548}","{'id': 42465, 'rank': 23, 'fitness': 0.9420536677803608, 'generation': 548}","{'id': 42468, 'rank': 24, 'fitness': 0.9052537260869571, 'generation': 548}","{'id': 42426, 'rank': 25, 'fitness': 0.6341366415624885, 'generation': 548}","{'id': 42414, 'rank': 26, 'fitness': 0.4708509151626116, 'generation': 548}","{'id': 42422, 'rank': 27, 'fitness': 0.4590672498231503, 'generation': 548}","{'id': 42476, 'rank': 28, 'fitness': 0.4431006795370912, 'generation': 548}","{'id': 42421, 'rank': 29, 'fitness': 0.35435094480604445, 'generation': 548}","{'id': 42428, 'rank': 30, 'fitness': 0.01798620996209155, 'generation': 548}"
"{'id': 42523, 'rank': 1, 'fitness': 0.9820137900379085, 'generation': 549}","{'id': 42512, 'rank': 2, 'fitness': 0.9781882591084439, 'generation': 549}","{'id': 42294, 'rank': 3, 'fitness': 0.9738088466416568, 'generation': 549}","{'id': 42513, 'rank': 4, 'fitness': 0.969515639119475, 'generation': 549}","{'id': 42513, 'rank': 5, 'fitness': 0.969515639119475, 'generation': 549}","{'id': 42552, 'rank': 6, 'fitness': 0.9686203291854147, 'generation': 549}","{'id': 42487, 'rank': 7, 'fitness': 0.9681796384880315, 'generation': 549}","{'id': 42502, 'rank': 8, 'fitness': 0.9631734133814505, 'generation': 549}","{'id': 42522, 'rank': 9, 'fitness': 0.9590613815960052, 'generation': 549}","{'id': 42547, 'rank': 10, 'fitness': 0.9567964088068772, 'generation': 549}","{'id': 42547, 'rank': 11, 'fitness': 0.9567964088068772, 'generation': 549}","{'id': 42553, 'rank': 12, 'fitness': 0.9546170860426973, 'generation': 549}","{'id': 42553, 'rank': 13, 'fitness': 0.9546170860426973, 'generation': 549}","{'id': 42514, 'rank': 14, 'fitness': 0.952827427409545, 'generation': 549}","{'id': 42514, 'rank': 15, 'fitness': 0.952827427409545, 'generation': 549}","{'id': 42531, 'rank': 16, 'fitness': 0.9507660495191346, 'generation': 549}","{'id': 42556, 'rank': 17, 'fitness': 0.9487207394142697, 'generation': 549}","{'id': 42503, 'rank': 18, 'fitness': 0.9442971380420543, 'generation': 549}","{'id': 42486, 'rank': 19, 'fitness': 0.9430966383831494, 'generation': 549}","{'id': 42554, 'rank': 20, 'fitness': 0.9336182447018224, 'generation': 549}","{'id': 42500, 'rank': 21, 'fitness': 0.9313834796371185, 'generation': 549}","{'id': 42448, 'rank': 22, 'fitness': 0.9228613511539133, 'generation': 549}","{'id': 42395, 'rank': 23, 'fitness': 0.8871999279798878, 'generation': 549}","{'id': 42407, 'rank': 24, 'fitness': 0.8852461739218545, 'generation': 549}","{'id': 42532, 'rank': 25, 'fitness': 0.880548666021893, 'generation': 549}","{'id': 42559, 'rank': 26, 'fitness': 0.819254031124816, 'generation': 549}","{'id': 42492, 'rank': 27, 'fitness': 0.7613377383159413, 'generation': 549}","{'id': 42535, 'rank': 28, 'fitness': 0.6924557576903021, 'generation': 549}","{'id': 42528, 'rank': 29, 'fitness': 0.1305154026895401, 'generation': 549}","{'id': 42538, 'rank': 30, 'fitness': 0.01798620996209155, 'generation': 549}"
"{'id': 42602, 'rank': 1, 'fitness': 0.9820137900379085, 'generation': 550}","{'id': 42601, 'rank': 2, 'fitness': 0.980409643133015, 'generation': 550}","{'id': 42523, 'rank': 3, 'fitness': 0.9800947197310695, 'generation': 550}","{'id': 42523, 'rank': 4, 'fitness': 0.9800947197310695, 'generation': 550}","{'id': 42523, 'rank': 5, 'fitness': 0.9800947197310695, 'generation': 550}","{'id': 42603, 'rank': 6, 'fitness': 0.9791100165416743, 'generation': 550}","{'id': 42512, 'rank': 7, 'fitness': 0.9787491808009217, 'generation': 550}","{'id': 42294, 'rank': 8, 'fitness': 0.9773845696066736, 'generation': 550}","{'id': 42624, 'rank': 9, 'fitness': 0.9770873117730072, 'generation': 550}","{'id': 42622, 'rank': 10, 'fitness': 0.9763555104596826, 'generation': 550}","{'id': 42622, 'rank': 11, 'fitness': 0.9763555104596826, 'generation': 550}","{'id': 42513, 'rank': 12, 'fitness': 0.9761823646861872, 'generation': 550}","{'id': 42625, 'rank': 13, 'fitness': 0.9760877836653619, 'generation': 550}","{'id': 42552, 'rank': 14, 'fitness': 0.9759454808244674, 'generation': 550}","{'id': 42487, 'rank': 15, 'fitness': 0.9758304540402141, 'generation': 550}","{'id': 42502, 'rank': 16, 'fitness': 0.9745891164216098, 'generation': 550}","{'id': 42502, 'rank': 17, 'fitness': 0.9745891164216098, 'generation': 550}","{'id': 42514, 'rank': 18, 'fitness': 0.9723241446576145, 'generation': 550}","{'id': 42514, 'rank': 19, 'fitness': 0.9723241446576145, 'generation': 550}","{'id': 42531, 'rank': 20, 'fitness': 0.9719107058525527, 'generation': 550}","{'id': 42629, 'rank': 21, 'fitness': 0.9672048434501515, 'generation': 550}","{'id': 42582, 'rank': 22, 'fitness': 0.9623405995940756, 'generation': 550}","{'id': 42395, 'rank': 23, 'fitness': 0.962274981516844, 'generation': 550}","{'id': 42573, 'rank': 24, 'fitness': 0.9565171890594178, 'generation': 550}","{'id': 42573, 'rank': 25, 'fitness': 0.9565171890594178, 'generation': 550}","{'id': 42575, 'rank': 26, 'fitness': 0.9560637863149685, 'generation': 550}","{'id': 42571, 'rank': 27, 'fitness': 0.943842696912436, 'generation': 550}","{'id': 42616, 'rank': 28, 'fitness': 0.8971498461497741, 'generation': 550}","{'id': 42589, 'rank': 29, 'fitness': 0.7899087621311198, 'generation': 550}","{'id': 42611, 'rank': 30, 'fitness': 0.01798620996209155, 'generation': 550}"
"{'id': 42523, 'rank': 1, 'fitness': 0.9820137900379085, 'generation': 551}","{'id': 42523, 'rank': 2, 'fitness': 0.9820137900379085, 'generation': 551}","{'id': 42523, 'rank': 3, 'fitness': 0.9820137900379085, 'generation': 551}","{'id': 42523, 'rank': 4, 'fitness': 0.9820137900379085, 'generation': 551}","{'id': 42523, 'rank': 5, 'fitness': 0.9820137900379085, 'generation': 551}","{'id': 42523, 'rank': 6, 'fitness': 0.9820137900379085, 'generation': 551}","{'id': 42603, 'rank': 7, 'fitness': 0.9790963188718107, 'generation': 551}","{'id': 42665, 'rank': 8, 'fitness': 0.974781825386761, 'generation': 551}","{'id': 42667, 'rank': 9, 'fitness': 0.9736638612430879, 'generation': 551}","{'id': 42294, 'rank': 10, 'fitness': 0.9732575275353239, 'generation': 551}","{'id': 42663, 'rank': 11, 'fitness': 0.9725332767369945, 'generation': 551}","{'id': 42663, 'rank': 12, 'fitness': 0.9725332767369945, 'generation': 551}","{'id': 42700, 'rank': 13, 'fitness': 0.9704754685612209, 'generation': 551}","{'id': 42622, 'rank': 14, 'fitness': 0.9693124094655052, 'generation': 551}","{'id': 42655, 'rank': 15, 'fitness': 0.9623197722077381, 'generation': 551}","{'id': 42502, 'rank': 16, 'fitness': 0.96169158016768, 'generation': 551}","{'id': 42647, 'rank': 17, 'fitness': 0.9598025835619854, 'generation': 551}","{'id': 42688, 'rank': 18, 'fitness': 0.9597156543371652, 'generation': 551}","{'id': 42681, 'rank': 19, 'fitness': 0.9567296637447442, 'generation': 551}","{'id': 42664, 'rank': 20, 'fitness': 0.95313262384405, 'generation': 551}","{'id': 42531, 'rank': 21, 'fitness': 0.9479847732985676, 'generation': 551}","{'id': 42712, 'rank': 22, 'fitness': 0.9328686687725216, 'generation': 551}","{'id': 42638, 'rank': 23, 'fitness': 0.9204079243489537, 'generation': 551}","{'id': 42676, 'rank': 24, 'fitness': 0.9176509978877924, 'generation': 551}","{'id': 42674, 'rank': 25, 'fitness': 0.9147847646192208, 'generation': 551}","{'id': 42651, 'rank': 26, 'fitness': 0.9050350306500716, 'generation': 551}","{'id': 42660, 'rank': 27, 'fitness': 0.8777002524729616, 'generation': 551}","{'id': 42703, 'rank': 28, 'fitness': 0.4188507147995323, 'generation': 551}","{'id': 42694, 'rank': 29, 'fitness': 0.23961827980249373, 'generation': 551}","{'id': 42589, 'rank': 30, 'fitness': 0.01798620996209155, 'generation': 551}"
"{'id': 42789, 'rank': 1, 'fitness': 0.9820137900379085, 'generation': 552}","{'id': 42523, 'rank': 2, 'fitness': 0.9736768595693724, 'generation': 552}","{'id': 42523, 'rank': 3, 'fitness': 0.9736768595693724, 'generation': 552}","{'id': 42756, 'rank': 4, 'fitness': 0.9716023042147727, 'generation': 552}","{'id': 42603, 'rank': 5, 'fitness': 0.970764756011143, 'generation': 552}","{'id': 42663, 'rank': 6, 'fitness': 0.964625320832976, 'generation': 552}","{'id': 42755, 'rank': 7, 'fitness': 0.9643222305105005, 'generation': 552}","{'id': 42700, 'rank': 8, 'fitness': 0.9627947339314771, 'generation': 552}","{'id': 42700, 'rank': 9, 'fitness': 0.9627947339314771, 'generation': 552}","{'id': 42700, 'rank': 10, 'fitness': 0.9627947339314771, 'generation': 552}","{'id': 42716, 'rank': 11, 'fitness': 0.9578831686410179, 'generation': 552}","{'id': 42715, 'rank': 12, 'fitness': 0.9566896194449802, 'generation': 552}","{'id': 42715, 'rank': 13, 'fitness': 0.9566896194449802, 'generation': 552}","{'id': 42761, 'rank': 14, 'fitness': 0.9548988512253034, 'generation': 552}","{'id': 42746, 'rank': 15, 'fitness': 0.9506987616113745, 'generation': 552}","{'id': 42746, 'rank': 16, 'fitness': 0.9506987616113745, 'generation': 552}","{'id': 42664, 'rank': 17, 'fitness': 0.9486010426849857, 'generation': 552}","{'id': 42664, 'rank': 18, 'fitness': 0.9486010426849857, 'generation': 552}","{'id': 42719, 'rank': 19, 'fitness': 0.9308632703829784, 'generation': 552}","{'id': 42718, 'rank': 20, 'fitness': 0.9214362357608893, 'generation': 552}","{'id': 42751, 'rank': 21, 'fitness': 0.9197272819888636, 'generation': 552}","{'id': 42751, 'rank': 22, 'fitness': 0.9197272819888636, 'generation': 552}","{'id': 42759, 'rank': 23, 'fitness': 0.9105383143186908, 'generation': 552}","{'id': 42734, 'rank': 24, 'fitness': 0.9097179847838336, 'generation': 552}","{'id': 42776, 'rank': 25, 'fitness': 0.7921855833917657, 'generation': 552}","{'id': 42763, 'rank': 26, 'fitness': 0.673585947126779, 'generation': 552}","{'id': 42793, 'rank': 27, 'fitness': 0.6178958997400764, 'generation': 552}","{'id': 42748, 'rank': 28, 'fitness': 0.6140744040274847, 'generation': 552}","{'id': 42782, 'rank': 29, 'fitness': 0.24096129470676608, 'generation': 552}","{'id': 42770, 'rank': 30, 'fitness': 0.01798620996209155, 'generation': 552}"
"{'id': 42867, 'rank': 1, 'fitness': 0.9820137900379085, 'generation': 553}","{'id': 42867, 'rank': 2, 'fitness': 0.9820137900379085, 'generation': 553}","{'id': 42867, 'rank': 3, 'fitness': 0.9820137900379085, 'generation': 553}","{'id': 42523, 'rank': 4, 'fitness': 0.9759246421848992, 'generation': 553}","{'id': 42523, 'rank': 5, 'fitness': 0.9759246421848992, 'generation': 553}","{'id': 42523, 'rank': 6, 'fitness': 0.9759246421848992, 'generation': 553}","{'id': 42523, 'rank': 7, 'fitness': 0.9759246421848992, 'generation': 553}","{'id': 42663, 'rank': 8, 'fitness': 0.9613467728839177, 'generation': 553}","{'id': 42663, 'rank': 9, 'fitness': 0.9613467728839177, 'generation': 553}","{'id': 42700, 'rank': 10, 'fitness': 0.9581063269099994, 'generation': 553}","{'id': 42853, 'rank': 11, 'fitness': 0.9480139125429373, 'generation': 553}","{'id': 42715, 'rank': 12, 'fitness': 0.9466567992075541, 'generation': 553}","{'id': 42715, 'rank': 13, 'fitness': 0.9466567992075541, 'generation': 553}","{'id': 42761, 'rank': 14, 'fitness': 0.9431213221315551, 'generation': 553}","{'id': 42761, 'rank': 15, 'fitness': 0.9431213221315551, 'generation': 553}","{'id': 42761, 'rank': 16, 'fitness': 0.9431213221315551, 'generation': 553}","{'id': 42852, 'rank': 17, 'fitness': 0.9425242639743742, 'generation': 553}","{'id': 42848, 'rank': 18, 'fitness': 0.9405854193444214, 'generation': 553}","{'id': 42873, 'rank': 19, 'fitness': 0.9402334814986011, 'generation': 553}","{'id': 42746, 'rank': 20, 'fitness': 0.934535960957013, 'generation': 553}","{'id': 42825, 'rank': 21, 'fitness': 0.8973512917758186, 'generation': 553}","{'id': 42751, 'rank': 22, 'fitness': 0.8610982191179459, 'generation': 553}","{'id': 42734, 'rank': 23, 'fitness': 0.8346070680873949, 'generation': 553}","{'id': 42815, 'rank': 24, 'fitness': 0.7132613029729654, 'generation': 553}","{'id': 42815, 'rank': 25, 'fitness': 0.7132613029729654, 'generation': 553}","{'id': 42875, 'rank': 26, 'fitness': 0.5587313140362198, 'generation': 553}","{'id': 42824, 'rank': 27, 'fitness': 0.5552575820526453, 'generation': 553}","{'id': 42823, 'rank': 28, 'fitness': 0.36663418169875783, 'generation': 553}","{'id': 42868, 'rank': 29, 'fitness': 0.07615353867006824, 'generation': 553}","{'id': 42803, 'rank': 30, 'fitness': 0.01798620996209155, 'generation': 553}"
"{'id': 42867, 'rank': 1, 'fitness': 0.9820137900379085, 'generation': 554}","{'id': 42867, 'rank': 2, 'fitness': 0.9820137900379085, 'generation': 554}","{'id': 42910, 'rank': 3, 'fitness': 0.9819997968918084, 'generation': 554}","{'id': 42885, 'rank': 4, 'fitness': 0.9819302458811067, 'generation': 554}","{'id': 42523, 'rank': 5, 'fitness': 0.9811039124344245, 'generation': 554}","{'id': 42523, 'rank': 6, 'fitness': 0.9811039124344245, 'generation': 554}","{'id': 42886, 'rank': 7, 'fitness': 0.980340406972473, 'generation': 554}","{'id': 42886, 'rank': 8, 'fitness': 0.980340406972473, 'generation': 554}","{'id': 42663, 'rank': 9, 'fitness': 0.979512782576988, 'generation': 554}","{'id': 42663, 'rank': 10, 'fitness': 0.979512782576988, 'generation': 554}","{'id': 42911, 'rank': 11, 'fitness': 0.9789236472971117, 'generation': 554}","{'id': 42884, 'rank': 12, 'fitness': 0.9788446583289163, 'generation': 554}","{'id': 42912, 'rank': 13, 'fitness': 0.9787669153785239, 'generation': 554}","{'id': 42853, 'rank': 14, 'fitness': 0.9784346447956647, 'generation': 554}","{'id': 42761, 'rank': 15, 'fitness': 0.9780931927734914, 'generation': 554}","{'id': 42761, 'rank': 16, 'fitness': 0.9780931927734914, 'generation': 554}","{'id': 42923, 'rank': 17, 'fitness': 0.9779779163521521, 'generation': 554}","{'id': 42923, 'rank': 18, 'fitness': 0.9779779163521521, 'generation': 554}","{'id': 42746, 'rank': 19, 'fitness': 0.9775449829873624, 'generation': 554}","{'id': 42915, 'rank': 20, 'fitness': 0.9731762744104638, 'generation': 554}","{'id': 42946, 'rank': 21, 'fitness': 0.9721401831487375, 'generation': 554}","{'id': 42902, 'rank': 22, 'fitness': 0.9711898712704203, 'generation': 554}","{'id': 42944, 'rank': 23, 'fitness': 0.9699466981321232, 'generation': 554}","{'id': 42929, 'rank': 24, 'fitness': 0.9681298355473837, 'generation': 554}","{'id': 42899, 'rank': 25, 'fitness': 0.9670377384731912, 'generation': 554}","{'id': 42883, 'rank': 26, 'fitness': 0.9632718294534826, 'generation': 554}","{'id': 42931, 'rank': 27, 'fitness': 0.9628832821259627, 'generation': 554}","{'id': 42897, 'rank': 28, 'fitness': 0.9604215217791203, 'generation': 554}","{'id': 42868, 'rank': 29, 'fitness': 0.9480118328343781, 'generation': 554}","{'id': 42918, 'rank': 30, 'fitness': 0.01798620996209155, 'generation': 554}"
"{'id': 42990, 'rank': 1, 'fitness': 0.9820137900379085, 'generation': 555}","{'id': 42523, 'rank': 2, 'fitness': 0.9610133309623614, 'generation': 555}","{'id': 42964, 'rank': 3, 'fitness': 0.9599351628140578, 'generation': 555}","{'id': 43020, 'rank': 4, 'fitness': 0.9421078610218871, 'generation': 555}","{'id': 42886, 'rank': 5, 'fitness': 0.9380252449132439, 'generation': 555}","{'id': 42886, 'rank': 6, 'fitness': 0.9380252449132439, 'generation': 555}","{'id': 42978, 'rank': 7, 'fitness': 0.9168026319963472, 'generation': 555}","{'id': 42663, 'rank': 8, 'fitness': 0.9010465915814547, 'generation': 555}","{'id': 42989, 'rank': 9, 'fitness': 0.8833482931017389, 'generation': 555}","{'id': 42961, 'rank': 10, 'fitness': 0.8682441062756938, 'generation': 555}","{'id': 42884, 'rank': 11, 'fitness': 0.859742059666182, 'generation': 555}","{'id': 42991, 'rank': 12, 'fitness': 0.8296925212424584, 'generation': 555}","{'id': 42991, 'rank': 13, 'fitness': 0.8296925212424584, 'generation': 555}","{'id': 42853, 'rank': 14, 'fitness': 0.8286787785628167, 'generation': 555}","{'id': 42761, 'rank': 15, 'fitness': 0.7993728409493004, 'generation': 555}","{'id': 42761, 'rank': 16, 'fitness': 0.7993728409493004, 'generation': 555}","{'id': 42761, 'rank': 17, 'fitness': 0.7993728409493004, 'generation': 555}","{'id': 42923, 'rank': 18, 'fitness': 0.7887787293819584, 'generation': 555}","{'id': 42972, 'rank': 19, 'fitness': 0.7604197981751135, 'generation': 555}","{'id': 42972, 'rank': 20, 'fitness': 0.7604197981751135, 'generation': 555}","{'id': 42962, 'rank': 21, 'fitness': 0.7183967322868604, 'generation': 555}","{'id': 42979, 'rank': 22, 'fitness': 0.6915976000258219, 'generation': 555}","{'id': 42980, 'rank': 23, 'fitness': 0.5820511037037893, 'generation': 555}","{'id': 42981, 'rank': 24, 'fitness': 0.5359275459904126, 'generation': 555}","{'id': 42988, 'rank': 25, 'fitness': 0.41130007762241083, 'generation': 555}","{'id': 43000, 'rank': 26, 'fitness': 0.4011908888055201, 'generation': 555}","{'id': 43000, 'rank': 27, 'fitness': 0.4011908888055201, 'generation': 555}","{'id': 42982, 'rank': 28, 'fitness': 0.36473769703646874, 'generation': 555}","{'id': 43009, 'rank': 29, 'fitness': 0.20111237270880283, 'generation': 555}","{'id': 43018, 'rank': 30, 'fitness': 0.01798620996209155, 'generation': 555}"
"{'id': 43088, 'rank': 1, 'fitness': 0.9820137900379085, 'generation': 556}","{'id': 42990, 'rank': 2, 'fitness': 0.9813804976680656, 'generation': 556}","{'id': 43089, 'rank': 3, 'fitness': 0.9811001098775015, 'generation': 556}","{'id': 43090, 'rank': 4, 'fitness': 0.9810641172307495, 'generation': 556}","{'id': 42886, 'rank': 5, 'fitness': 0.9803583420636244, 'generation': 556}","{'id': 42886, 'rank': 6, 'fitness': 0.9803583420636244, 'generation': 556}","{'id': 42991, 'rank': 7, 'fitness': 0.9794095576592683, 'generation': 556}","{'id': 42761, 'rank': 8, 'fitness': 0.9792366451476362, 'generation': 556}","{'id': 42761, 'rank': 9, 'fitness': 0.9792366451476362, 'generation': 556}","{'id': 42923, 'rank': 10, 'fitness': 0.9791806178249282, 'generation': 556}","{'id': 42923, 'rank': 11, 'fitness': 0.9791806178249282, 'generation': 556}","{'id': 42980, 'rank': 12, 'fitness': 0.9783092814554563, 'generation': 556}","{'id': 43057, 'rank': 13, 'fitness': 0.9775234437256655, 'generation': 556}","{'id': 43057, 'rank': 14, 'fitness': 0.9775234437256655, 'generation': 556}","{'id': 43036, 'rank': 15, 'fitness': 0.9769221363785744, 'generation': 556}","{'id': 43036, 'rank': 16, 'fitness': 0.9769221363785744, 'generation': 556}","{'id': 43040, 'rank': 17, 'fitness': 0.9761070952189249, 'generation': 556}","{'id': 43055, 'rank': 18, 'fitness': 0.975039071803556, 'generation': 556}","{'id': 43074, 'rank': 19, 'fitness': 0.9725460541914909, 'generation': 556}","{'id': 43044, 'rank': 20, 'fitness': 0.9720395836173708, 'generation': 556}","{'id': 43044, 'rank': 21, 'fitness': 0.9720395836173708, 'generation': 556}","{'id': 43028, 'rank': 22, 'fitness': 0.9645389735251335, 'generation': 556}","{'id': 43075, 'rank': 23, 'fitness': 0.9493486057759175, 'generation': 556}","{'id': 43075, 'rank': 24, 'fitness': 0.9493486057759175, 'generation': 556}","{'id': 43054, 'rank': 25, 'fitness': 0.785780217704013, 'generation': 556}","{'id': 43069, 'rank': 26, 'fitness': 0.5188335749048283, 'generation': 556}","{'id': 43050, 'rank': 27, 'fitness': 0.41934461331344497, 'generation': 556}","{'id': 43065, 'rank': 28, 'fitness': 0.23704470063994193, 'generation': 556}","{'id': 43066, 'rank': 29, 'fitness': 0.12966893368099514, 'generation': 556}","{'id': 43031, 'rank': 30, 'fitness': 0.01798620996209155, 'generation': 556}"
"{'id': 43088, 'rank': 1, 'fitness': 0.9820137900379085, 'generation': 557}","{'id': 43110, 'rank': 2, 'fitness': 0.9819512828498076, 'generation': 557}","{'id': 42990, 'rank': 3, 'fitness': 0.980699735570584, 'generation': 557}","{'id': 43144, 'rank': 4, 'fitness': 0.97998649363646, 'generation': 557}","{'id': 43145, 'rank': 5, 'fitness': 0.9796698481392603, 'generation': 557}","{'id': 42886, 'rank': 6, 'fitness': 0.9784814042308672, 'generation': 557}","{'id': 43101, 'rank': 7, 'fitness': 0.97800817942289, 'generation': 557}","{'id': 43163, 'rank': 8, 'fitness': 0.9773614774469426, 'generation': 557}","{'id': 43142, 'rank': 9, 'fitness': 0.9768692378495576, 'generation': 557}","{'id': 43141, 'rank': 10, 'fitness': 0.9767498916494015, 'generation': 557}","{'id': 43162, 'rank': 11, 'fitness': 0.9765780435285318, 'generation': 557}","{'id': 42761, 'rank': 12, 'fitness': 0.9759092985411568, 'generation': 557}","{'id': 42761, 'rank': 13, 'fitness': 0.9759092985411568, 'generation': 557}","{'id': 43143, 'rank': 14, 'fitness': 0.974972440340526, 'generation': 557}","{'id': 43165, 'rank': 15, 'fitness': 0.974605576531411, 'generation': 557}","{'id': 43118, 'rank': 16, 'fitness': 0.9736292461950888, 'generation': 557}","{'id': 43106, 'rank': 17, 'fitness': 0.9733105891898375, 'generation': 557}","{'id': 43130, 'rank': 18, 'fitness': 0.9719983030871859, 'generation': 557}","{'id': 43136, 'rank': 19, 'fitness': 0.9719541667328133, 'generation': 557}","{'id': 43057, 'rank': 20, 'fitness': 0.9717048811155913, 'generation': 557}","{'id': 43105, 'rank': 21, 'fitness': 0.9700593207366205, 'generation': 557}","{'id': 43148, 'rank': 22, 'fitness': 0.9682197775386958, 'generation': 557}","{'id': 43172, 'rank': 23, 'fitness': 0.9649111127709401, 'generation': 557}","{'id': 43074, 'rank': 24, 'fitness': 0.957637255243711, 'generation': 557}","{'id': 43124, 'rank': 25, 'fitness': 0.9417708677209, 'generation': 557}","{'id': 43124, 'rank': 26, 'fitness': 0.9417708677209, 'generation': 557}","{'id': 43150, 'rank': 27, 'fitness': 0.9288807417782999, 'generation': 557}","{'id': 43169, 'rank': 28, 'fitness': 0.8167408202333852, 'generation': 557}","{'id': 43170, 'rank': 29, 'fitness': 0.7729210397807296, 'generation': 557}","{'id': 43069, 'rank': 30, 'fitness': 0.01798620996209155, 'generation': 557}"
"{'id': 43088, 'rank': 1, 'fitness': 0.9820137900379085, 'generation': 558}","{'id': 43197, 'rank': 2, 'fitness': 0.9439837603408789, 'generation': 558}","{'id': 43197, 'rank': 3, 'fitness': 0.9439837603408789, 'generation': 558}","{'id': 43227, 'rank': 4, 'fitness': 0.9248942296680076, 'generation': 558}","{'id': 43145, 'rank': 5, 'fitness': 0.9248793374053228, 'generation': 558}","{'id': 43145, 'rank': 6, 'fitness': 0.9248793374053228, 'generation': 558}","{'id': 43273, 'rank': 7, 'fitness': 0.8738212568160999, 'generation': 558}","{'id': 43226, 'rank': 8, 'fitness': 0.8582338258241278, 'generation': 558}","{'id': 43163, 'rank': 9, 'fitness': 0.7684922053720717, 'generation': 558}","{'id': 43163, 'rank': 10, 'fitness': 0.7684922053720717, 'generation': 558}","{'id': 43223, 'rank': 11, 'fitness': 0.6991708213115141, 'generation': 558}","{'id': 43162, 'rank': 12, 'fitness': 0.6866534570021466, 'generation': 558}","{'id': 43251, 'rank': 13, 'fitness': 0.6816893842630362, 'generation': 558}","{'id': 43242, 'rank': 14, 'fitness': 0.6104633486046328, 'generation': 558}","{'id': 43242, 'rank': 15, 'fitness': 0.6104633486046328, 'generation': 558}","{'id': 42761, 'rank': 16, 'fitness': 0.6084041560830648, 'generation': 558}","{'id': 43143, 'rank': 17, 'fitness': 0.493539819065146, 'generation': 558}","{'id': 43143, 'rank': 18, 'fitness': 0.493539819065146, 'generation': 558}","{'id': 43165, 'rank': 19, 'fitness': 0.44920638942712393, 'generation': 558}","{'id': 43209, 'rank': 20, 'fitness': 0.4088595813022604, 'generation': 558}","{'id': 43118, 'rank': 21, 'fitness': 0.3394489003836707, 'generation': 558}","{'id': 43130, 'rank': 22, 'fitness': 0.19759101197720774, 'generation': 558}","{'id': 43136, 'rank': 23, 'fitness': 0.19454502309644972, 'generation': 558}","{'id': 43057, 'rank': 24, 'fitness': 0.17809043369085764, 'generation': 558}","{'id': 43208, 'rank': 25, 'fitness': 0.13127633492392649, 'generation': 558}","{'id': 43268, 'rank': 26, 'fitness': 0.12995988452762613, 'generation': 558}","{'id': 43265, 'rank': 27, 'fitness': 0.09138015196861327, 'generation': 558}","{'id': 43253, 'rank': 28, 'fitness': 0.04531432540125563, 'generation': 558}","{'id': 43244, 'rank': 29, 'fitness': 0.02336318720402991, 'generation': 558}","{'id': 43205, 'rank': 30, 'fitness': 0.01798620996209155, 'generation': 558}"
"{'id': 43088, 'rank': 1, 'fitness': 0.9820137900379085, 'generation': 559}","{'id': 43290, 'rank': 2, 'fitness': 0.9820129015666845, 'generation': 559}","{'id': 43291, 'rank': 3, 'fitness': 0.9818613283916533, 'generation': 559}","{'id': 43289, 'rank': 4, 'fitness': 0.9817547040557217, 'generation': 559}","{'id': 43197, 'rank': 5, 'fitness': 0.9816987006263493, 'generation': 559}","{'id': 43197, 'rank': 6, 'fitness': 0.9816987006263493, 'generation': 559}","{'id': 43226, 'rank': 7, 'fitness': 0.981419881164588, 'generation': 559}","{'id': 43163, 'rank': 8, 'fitness': 0.9812542973907025, 'generation': 559}","{'id': 43223, 'rank': 9, 'fitness': 0.9811553838853068, 'generation': 559}","{'id': 43162, 'rank': 10, 'fitness': 0.9811390096058616, 'generation': 559}","{'id': 43242, 'rank': 11, 'fitness': 0.98104543337227, 'generation': 559}","{'id': 43143, 'rank': 12, 'fitness': 0.9809120446293917, 'generation': 559}","{'id': 43165, 'rank': 13, 'fitness': 0.980861823027017, 'generation': 559}","{'id': 43165, 'rank': 14, 'fitness': 0.980861823027017, 'generation': 559}","{'id': 43118, 'rank': 15, 'fitness': 0.980730929539794, 'generation': 559}","{'id': 43130, 'rank': 16, 'fitness': 0.9805206291763591, 'generation': 559}","{'id': 43136, 'rank': 17, 'fitness': 0.9805150747851838, 'generation': 559}","{'id': 43057, 'rank': 18, 'fitness': 0.9804838327404872, 'generation': 559}","{'id': 43208, 'rank': 19, 'fitness': 0.9803798013699541, 'generation': 559}","{'id': 43268, 'rank': 20, 'fitness': 0.9803764458284359, 'generation': 559}","{'id': 43265, 'rank': 21, 'fitness': 0.9802616073679493, 'generation': 559}","{'id': 43283, 'rank': 22, 'fitness': 0.9801039213766323, 'generation': 559}","{'id': 43308, 'rank': 23, 'fitness': 0.9793015235276896, 'generation': 559}","{'id': 43305, 'rank': 24, 'fitness': 0.9787622303459289, 'generation': 559}","{'id': 43309, 'rank': 25, 'fitness': 0.978147839283682, 'generation': 559}","{'id': 43309, 'rank': 26, 'fitness': 0.978147839283682, 'generation': 559}","{'id': 43317, 'rank': 27, 'fitness': 0.9775214093949897, 'generation': 559}","{'id': 43278, 'rank': 28, 'fitness': 0.7725130467671936, 'generation': 559}","{'id': 43293, 'rank': 29, 'fitness': 0.25549485465129285, 'generation': 559}","{'id': 43300, 'rank': 30, 'fitness': 0.01798620996209155, 'generation': 559}"
"{'id': 43289, 'rank': 1, 'fitness': 0.9820137900379085, 'generation': 560}","{'id': 43420, 'rank': 2, 'fitness': 0.9819919841628676, 'generation': 560}","{'id': 43420, 'rank': 3, 'fitness': 0.9819919841628676, 'generation': 560}","{'id': 43422, 'rank': 4, 'fitness': 0.9819454890874058, 'generation': 560}","{'id': 43409, 'rank': 5, 'fitness': 0.9819318441639773, 'generation': 560}","{'id': 43409, 'rank': 6, 'fitness': 0.9819318441639773, 'generation': 560}","{'id': 43163, 'rank': 7, 'fitness': 0.9818049868836125, 'generation': 560}","{'id': 43370, 'rank': 8, 'fitness': 0.9817959951792101, 'generation': 560}","{'id': 43162, 'rank': 9, 'fitness': 0.9817573267711861, 'generation': 560}","{'id': 43242, 'rank': 10, 'fitness': 0.981718762491367, 'generation': 560}","{'id': 43406, 'rank': 11, 'fitness': 0.9817107725437557, 'generation': 560}","{'id': 43357, 'rank': 12, 'fitness': 0.9816630762171217, 'generation': 560}","{'id': 43357, 'rank': 13, 'fitness': 0.9816630762171217, 'generation': 560}","{'id': 43165, 'rank': 14, 'fitness': 0.9816434033881274, 'generation': 560}","{'id': 43349, 'rank': 15, 'fitness': 0.9816238488339486, 'generation': 560}","{'id': 43346, 'rank': 16, 'fitness': 0.9816195014747464, 'generation': 560}","{'id': 43351, 'rank': 17, 'fitness': 0.9816108528545758, 'generation': 560}","{'id': 43351, 'rank': 18, 'fitness': 0.9816108528545758, 'generation': 560}","{'id': 43404, 'rank': 19, 'fitness': 0.981601798954159, 'generation': 560}","{'id': 43404, 'rank': 20, 'fitness': 0.981601798954159, 'generation': 560}","{'id': 43378, 'rank': 21, 'fitness': 0.9815893597541143, 'generation': 560}","{'id': 43403, 'rank': 22, 'fitness': 0.9815764826025203, 'generation': 560}","{'id': 43356, 'rank': 23, 'fitness': 0.9815731576563902, 'generation': 560}","{'id': 43356, 'rank': 24, 'fitness': 0.9815731576563902, 'generation': 560}","{'id': 43379, 'rank': 25, 'fitness': 0.9815087576557595, 'generation': 560}","{'id': 43354, 'rank': 26, 'fitness': 0.9814857888779496, 'generation': 560}","{'id': 43367, 'rank': 27, 'fitness': 0.9814415871947768, 'generation': 560}","{'id': 43358, 'rank': 28, 'fitness': 0.9812599408328186, 'generation': 560}","{'id': 43392, 'rank': 29, 'fitness': 0.9806669542870048, 'generation': 560}","{'id': 43401, 'rank': 30, 'fitness': 0.01798620996209155, 'generation': 560}"
"{'id': 43420, 'rank': 1, 'fitness': 0.9820137900379085, 'generation': 561}","{'id': 43420, 'rank': 2, 'fitness': 0.9820137900379085, 'generation': 561}","{'id': 43409, 'rank': 3, 'fitness': 0.9663825636817585, 'generation': 561}","{'id': 43409, 'rank': 4, 'fitness': 0.9663825636817585, 'generation': 561}","{'id': 43464, 'rank': 5, 'fitness': 0.9453515130727037, 'generation': 561}","{'id': 43463, 'rank': 6, 'fitness': 0.9264415086887776, 'generation': 561}","{'id': 43463, 'rank': 7, 'fitness': 0.9264415086887776, 'generation': 561}","{'id': 43370, 'rank': 8, 'fitness': 0.871821189866109, 'generation': 561}","{'id': 43456, 'rank': 9, 'fitness': 0.8481518949813399, 'generation': 561}","{'id': 43495, 'rank': 10, 'fitness': 0.8372369145935734, 'generation': 561}","{'id': 43462, 'rank': 11, 'fitness': 0.8274585149702827, 'generation': 561}","{'id': 43437, 'rank': 12, 'fitness': 0.8178037287141999, 'generation': 561}","{'id': 43242, 'rank': 13, 'fitness': 0.7507131987399638, 'generation': 561}","{'id': 43433, 'rank': 14, 'fitness': 0.6550910411720209, 'generation': 561}","{'id': 43357, 'rank': 15, 'fitness': 0.6264624837738093, 'generation': 561}","{'id': 43476, 'rank': 16, 'fitness': 0.6218762800348424, 'generation': 561}","{'id': 43429, 'rank': 17, 'fitness': 0.5639565708478136, 'generation': 561}","{'id': 43349, 'rank': 18, 'fitness': 0.5264193817507092, 'generation': 561}","{'id': 43349, 'rank': 19, 'fitness': 0.5264193817507092, 'generation': 561}","{'id': 43525, 'rank': 20, 'fitness': 0.493612772921816, 'generation': 561}","{'id': 43351, 'rank': 21, 'fitness': 0.4924267628622023, 'generation': 561}","{'id': 43432, 'rank': 22, 'fitness': 0.4769626954111063, 'generation': 561}","{'id': 43473, 'rank': 23, 'fitness': 0.31728515104667676, 'generation': 561}","{'id': 43447, 'rank': 24, 'fitness': 0.2631608895587427, 'generation': 561}","{'id': 43426, 'rank': 25, 'fitness': 0.2355888061394491, 'generation': 561}","{'id': 43354, 'rank': 26, 'fitness': 0.20834247991047677, 'generation': 561}","{'id': 43506, 'rank': 27, 'fitness': 0.18216189911594144, 'generation': 561}","{'id': 43499, 'rank': 28, 'fitness': 0.1478393309230548, 'generation': 561}","{'id': 43485, 'rank': 29, 'fitness': 0.020560364708790413, 'generation': 561}","{'id': 43510, 'rank': 30, 'fitness': 0.01798620996209155, 'generation': 561}"
"{'id': 43464, 'rank': 1, 'fitness': 0.9820137900379085, 'generation': 562}","{'id': 43543, 'rank': 2, 'fitness': 0.9813649384684449, 'generation': 562}","{'id': 43456, 'rank': 3, 'fitness': 0.9813610884116637, 'generation': 562}","{'id': 43437, 'rank': 4, 'fitness': 0.9812321940411233, 'generation': 562}","{'id': 43579, 'rank': 5, 'fitness': 0.9808916276122996, 'generation': 562}","{'id': 43579, 'rank': 6, 'fitness': 0.9808916276122996, 'generation': 562}","{'id': 43433, 'rank': 7, 'fitness': 0.9807166401515568, 'generation': 562}","{'id': 43476, 'rank': 8, 'fitness': 0.9806289885496304, 'generation': 562}","{'id': 43476, 'rank': 9, 'fitness': 0.9806289885496304, 'generation': 562}","{'id': 43476, 'rank': 10, 'fitness': 0.9806289885496304, 'generation': 562}","{'id': 43349, 'rank': 11, 'fitness': 0.980388512678815, 'generation': 562}","{'id': 43351, 'rank': 12, 'fitness': 0.980304301222874, 'generation': 562}","{'id': 43546, 'rank': 13, 'fitness': 0.9802758931360466, 'generation': 562}","{'id': 43447, 'rank': 14, 'fitness': 0.9796749029809305, 'generation': 562}","{'id': 43426, 'rank': 15, 'fitness': 0.9795804047575911, 'generation': 562}","{'id': 43577, 'rank': 16, 'fitness': 0.9794060535937166, 'generation': 562}","{'id': 43577, 'rank': 17, 'fitness': 0.9794060535937166, 'generation': 562}","{'id': 43580, 'rank': 18, 'fitness': 0.9791141326568417, 'generation': 562}","{'id': 43580, 'rank': 19, 'fitness': 0.9791141326568417, 'generation': 562}","{'id': 43485, 'rank': 20, 'fitness': 0.9777809184403804, 'generation': 562}","{'id': 43485, 'rank': 21, 'fitness': 0.9777809184403804, 'generation': 562}","{'id': 43548, 'rank': 22, 'fitness': 0.9774299335342955, 'generation': 562}","{'id': 43564, 'rank': 23, 'fitness': 0.9754277906645141, 'generation': 562}","{'id': 43565, 'rank': 24, 'fitness': 0.9739622777707995, 'generation': 562}","{'id': 43565, 'rank': 25, 'fitness': 0.9739622777707995, 'generation': 562}","{'id': 43575, 'rank': 26, 'fitness': 0.9657871736517291, 'generation': 562}","{'id': 43567, 'rank': 27, 'fitness': 0.8355609272933302, 'generation': 562}","{'id': 43534, 'rank': 28, 'fitness': 0.6447982096722413, 'generation': 562}","{'id': 43562, 'rank': 29, 'fitness': 0.6042224625044069, 'generation': 562}","{'id': 43574, 'rank': 30, 'fitness': 0.01798620996209155, 'generation': 562}"
"{'id': 43651, 'rank': 1, 'fitness': 0.9820137900379085, 'generation': 563}","{'id': 43649, 'rank': 2, 'fitness': 0.9807761651958384, 'generation': 563}","{'id': 43627, 'rank': 3, 'fitness': 0.9754333585872109, 'generation': 563}","{'id': 43653, 'rank': 4, 'fitness': 0.973160961717125, 'generation': 563}","{'id': 43433, 'rank': 5, 'fitness': 0.9730250140076462, 'generation': 563}","{'id': 43476, 'rank': 6, 'fitness': 0.9714161122334654, 'generation': 563}","{'id': 43659, 'rank': 7, 'fitness': 0.9675533091584838, 'generation': 563}","{'id': 43659, 'rank': 8, 'fitness': 0.9675533091584838, 'generation': 563}","{'id': 43659, 'rank': 9, 'fitness': 0.9675533091584838, 'generation': 563}","{'id': 43349, 'rank': 10, 'fitness': 0.9665530806303825, 'generation': 563}","{'id': 43349, 'rank': 11, 'fitness': 0.9665530806303825, 'generation': 563}","{'id': 43628, 'rank': 12, 'fitness': 0.9612189598222655, 'generation': 563}","{'id': 43661, 'rank': 13, 'fitness': 0.9595256018596452, 'generation': 563}","{'id': 43661, 'rank': 14, 'fitness': 0.9595256018596452, 'generation': 563}","{'id': 43652, 'rank': 15, 'fitness': 0.9576769600157562, 'generation': 563}","{'id': 43642, 'rank': 16, 'fitness': 0.9375802250980404, 'generation': 563}","{'id': 43625, 'rank': 17, 'fitness': 0.9368615806599806, 'generation': 563}","{'id': 43580, 'rank': 18, 'fitness': 0.9266136762628401, 'generation': 563}","{'id': 43580, 'rank': 19, 'fitness': 0.9266136762628401, 'generation': 563}","{'id': 43580, 'rank': 20, 'fitness': 0.9266136762628401, 'generation': 563}","{'id': 43599, 'rank': 21, 'fitness': 0.9249589285186486, 'generation': 563}","{'id': 43592, 'rank': 22, 'fitness': 0.8798902737210771, 'generation': 563}","{'id': 43592, 'rank': 23, 'fitness': 0.8798902737210771, 'generation': 563}","{'id': 43586, 'rank': 24, 'fitness': 0.8407609417686309, 'generation': 563}","{'id': 43548, 'rank': 25, 'fitness': 0.8197041637628991, 'generation': 563}","{'id': 43548, 'rank': 26, 'fitness': 0.8197041637628991, 'generation': 563}","{'id': 43629, 'rank': 27, 'fitness': 0.5672655866851055, 'generation': 563}","{'id': 43620, 'rank': 28, 'fitness': 0.1892406584812471, 'generation': 563}","{'id': 43612, 'rank': 29, 'fitness': 0.1720624356868105, 'generation': 563}","{'id': 43575, 'rank': 30, 'fitness': 0.01798620996209155, 'generation': 563}"
"{'id': 43651, 'rank': 1, 'fitness': 0.9820137900379085, 'generation': 564}","{'id': 43649, 'rank': 2, 'fitness': 0.9813904211197264, 'generation': 564}","{'id': 43627, 'rank': 3, 'fitness': 0.9788962599286135, 'generation': 564}","{'id': 43676, 'rank': 4, 'fitness': 0.977309772284946, 'generation': 564}","{'id': 43476, 'rank': 5, 'fitness': 0.97718690366972, 'generation': 564}","{'id': 43659, 'rank': 6, 'fitness': 0.9756465182325581, 'generation': 564}","{'id': 43349, 'rank': 7, 'fitness': 0.9752617692248755, 'generation': 564}","{'id': 43673, 'rank': 8, 'fitness': 0.9733154116863971, 'generation': 564}","{'id': 43673, 'rank': 9, 'fitness': 0.9733154116863971, 'generation': 564}","{'id': 43673, 'rank': 10, 'fitness': 0.9733154116863971, 'generation': 564}","{'id': 43628, 'rank': 11, 'fitness': 0.9732936854400216, 'generation': 564}","{'id': 43661, 'rank': 12, 'fitness': 0.9726952007068419, 'generation': 564}","{'id': 43677, 'rank': 13, 'fitness': 0.9710092874241337, 'generation': 564}","{'id': 43580, 'rank': 14, 'fitness': 0.9626934100701803, 'generation': 564}","{'id': 43599, 'rank': 15, 'fitness': 0.9622481238187249, 'generation': 564}","{'id': 43729, 'rank': 16, 'fitness': 0.954360675708161, 'generation': 564}","{'id': 43690, 'rank': 17, 'fitness': 0.9522486495965672, 'generation': 564}","{'id': 43592, 'rank': 18, 'fitness': 0.9512891370043443, 'generation': 564}","{'id': 43732, 'rank': 19, 'fitness': 0.9437260419312316, 'generation': 564}","{'id': 43548, 'rank': 20, 'fitness': 0.9386440823179825, 'generation': 564}","{'id': 43702, 'rank': 21, 'fitness': 0.933653065960013, 'generation': 564}","{'id': 43712, 'rank': 22, 'fitness': 0.9286370060315436, 'generation': 564}","{'id': 43696, 'rank': 23, 'fitness': 0.8941091918357129, 'generation': 564}","{'id': 43696, 'rank': 24, 'fitness': 0.8941091918357129, 'generation': 564}","{'id': 43699, 'rank': 25, 'fitness': 0.8935369402962828, 'generation': 564}","{'id': 43693, 'rank': 26, 'fitness': 0.3020193676559106, 'generation': 564}","{'id': 43688, 'rank': 27, 'fitness': 0.2940248936948624, 'generation': 564}","{'id': 43687, 'rank': 28, 'fitness': 0.23588541374615102, 'generation': 564}","{'id': 43671, 'rank': 29, 'fitness': 0.22589636857452133, 'generation': 564}","{'id': 43686, 'rank': 30, 'fitness': 0.01798620996209155, 'generation': 564}"
"{'id': 43627, 'rank': 1, 'fitness': 0.9820137900379085, 'generation': 565}","{'id': 43805, 'rank': 2, 'fitness': 0.9814492072520371, 'generation': 565}","{'id': 43754, 'rank': 3, 'fitness': 0.9796154087074416, 'generation': 565}","{'id': 43772, 'rank': 4, 'fitness': 0.9755306827252568, 'generation': 565}","{'id': 43771, 'rank': 5, 'fitness': 0.9746503025711057, 'generation': 565}","{'id': 43771, 'rank': 6, 'fitness': 0.9746503025711057, 'generation': 565}","{'id': 43349, 'rank': 7, 'fitness': 0.9731309556853995, 'generation': 565}","{'id': 43673, 'rank': 8, 'fitness': 0.9674957651553331, 'generation': 565}","{'id': 43628, 'rank': 9, 'fitness': 0.9674293280156949, 'generation': 565}","{'id': 43737, 'rank': 10, 'fitness': 0.9584648529330396, 'generation': 565}","{'id': 43816, 'rank': 11, 'fitness': 0.9517201063089, 'generation': 565}","{'id': 43816, 'rank': 12, 'fitness': 0.9517201063089, 'generation': 565}","{'id': 43800, 'rank': 13, 'fitness': 0.9409341070809814, 'generation': 565}","{'id': 43749, 'rank': 14, 'fitness': 0.938373359285914, 'generation': 565}","{'id': 43749, 'rank': 15, 'fitness': 0.938373359285914, 'generation': 565}","{'id': 43767, 'rank': 16, 'fitness': 0.9260959106801465, 'generation': 565}","{'id': 43767, 'rank': 17, 'fitness': 0.9260959106801465, 'generation': 565}","{'id': 43729, 'rank': 18, 'fitness': 0.8796474620209622, 'generation': 565}","{'id': 43758, 'rank': 19, 'fitness': 0.8756653119136977, 'generation': 565}","{'id': 43739, 'rank': 20, 'fitness': 0.8628149294742484, 'generation': 565}","{'id': 43822, 'rank': 21, 'fitness': 0.8610365577696629, 'generation': 565}","{'id': 43822, 'rank': 22, 'fitness': 0.8610365577696629, 'generation': 565}","{'id': 43822, 'rank': 23, 'fitness': 0.8610365577696629, 'generation': 565}","{'id': 43592, 'rank': 24, 'fitness': 0.8601532526833154, 'generation': 565}","{'id': 43548, 'rank': 25, 'fitness': 0.7685723982089695, 'generation': 565}","{'id': 43702, 'rank': 26, 'fitness': 0.7289727076616256, 'generation': 565}","{'id': 43712, 'rank': 27, 'fitness': 0.6882313606638183, 'generation': 565}","{'id': 43788, 'rank': 28, 'fitness': 0.5239162621320146, 'generation': 565}","{'id': 43699, 'rank': 29, 'fitness': 0.42188326086836025, 'generation': 565}","{'id': 43777, 'rank': 30, 'fitness': 0.01798620996209155, 'generation': 565}"
"{'id': 43754, 'rank': 1, 'fitness': 0.9820137900379085, 'generation': 566}","{'id': 43771, 'rank': 2, 'fitness': 0.9812185513513296, 'generation': 566}","{'id': 43856, 'rank': 3, 'fitness': 0.9800373370785814, 'generation': 566}","{'id': 43883, 'rank': 4, 'fitness': 0.9797013729712059, 'generation': 566}","{'id': 43737, 'rank': 5, 'fitness': 0.9792665639688862, 'generation': 566}","{'id': 43737, 'rank': 6, 'fitness': 0.9792665639688862, 'generation': 566}","{'id': 43871, 'rank': 7, 'fitness': 0.9783798188062749, 'generation': 566}","{'id': 43871, 'rank': 8, 'fitness': 0.9783798188062749, 'generation': 566}","{'id': 43871, 'rank': 9, 'fitness': 0.9783798188062749, 'generation': 566}","{'id': 43845, 'rank': 10, 'fitness': 0.9782338739002857, 'generation': 566}","{'id': 43828, 'rank': 11, 'fitness': 0.9781934823721843, 'generation': 566}","{'id': 43767, 'rank': 12, 'fitness': 0.9766701641321235, 'generation': 566}","{'id': 43729, 'rank': 13, 'fitness': 0.97411578300708, 'generation': 566}","{'id': 43846, 'rank': 14, 'fitness': 0.9741007243479771, 'generation': 566}","{'id': 43739, 'rank': 15, 'fitness': 0.9733567462788211, 'generation': 566}","{'id': 43822, 'rank': 16, 'fitness': 0.9732800703600568, 'generation': 566}","{'id': 43822, 'rank': 17, 'fitness': 0.9732800703600568, 'generation': 566}","{'id': 43592, 'rank': 18, 'fitness': 0.973242212663632, 'generation': 566}","{'id': 43548, 'rank': 19, 'fitness': 0.969881622082095, 'generation': 566}","{'id': 43702, 'rank': 20, 'fitness': 0.9686405557971638, 'generation': 566}","{'id': 43866, 'rank': 21, 'fitness': 0.9564088819410199, 'generation': 566}","{'id': 43848, 'rank': 22, 'fitness': 0.9393807794685711, 'generation': 566}","{'id': 43897, 'rank': 23, 'fitness': 0.9243497261338318, 'generation': 566}","{'id': 43849, 'rank': 24, 'fitness': 0.9205861869166727, 'generation': 566}","{'id': 43840, 'rank': 25, 'fitness': 0.9084320074436268, 'generation': 566}","{'id': 43851, 'rank': 26, 'fitness': 0.7933545055942128, 'generation': 566}","{'id': 43839, 'rank': 27, 'fitness': 0.7213841345787995, 'generation': 566}","{'id': 43852, 'rank': 28, 'fitness': 0.6526245538311415, 'generation': 566}","{'id': 43825, 'rank': 29, 'fitness': 0.12890690423605006, 'generation': 566}","{'id': 43873, 'rank': 30, 'fitness': 0.01798620996209155, 'generation': 566}"
"{'id': 43948, 'rank': 1, 'fitness': 0.9820137900379085, 'generation': 567}","{'id': 43883, 'rank': 2, 'fitness': 0.9756117492678185, 'generation': 567}","{'id': 43947, 'rank': 3, 'fitness': 0.9747855761825075, 'generation': 567}","{'id': 43845, 'rank': 4, 'fitness': 0.9725937769887815, 'generation': 567}","{'id': 43828, 'rank': 5, 'fitness': 0.9725087905220411, 'generation': 567}","{'id': 43930, 'rank': 6, 'fitness': 0.9719217313014439, 'generation': 567}","{'id': 43933, 'rank': 7, 'fitness': 0.9715372390403448, 'generation': 567}","{'id': 43933, 'rank': 8, 'fitness': 0.9715372390403448, 'generation': 567}","{'id': 43946, 'rank': 9, 'fitness': 0.9701172490482384, 'generation': 567}","{'id': 43767, 'rank': 10, 'fitness': 0.9692302978718108, 'generation': 567}","{'id': 43767, 'rank': 11, 'fitness': 0.9692302978718108, 'generation': 567}","{'id': 43960, 'rank': 12, 'fitness': 0.9686109809855865, 'generation': 567}","{'id': 43929, 'rank': 13, 'fitness': 0.9684385632710029, 'generation': 567}","{'id': 43956, 'rank': 14, 'fitness': 0.9683166798061817, 'generation': 567}","{'id': 43963, 'rank': 15, 'fitness': 0.965979484174712, 'generation': 567}","{'id': 43962, 'rank': 16, 'fitness': 0.9644382631889552, 'generation': 567}","{'id': 43926, 'rank': 17, 'fitness': 0.9640106079511694, 'generation': 567}","{'id': 43729, 'rank': 18, 'fitness': 0.9634220830275502, 'generation': 567}","{'id': 43953, 'rank': 19, 'fitness': 0.9628931450106984, 'generation': 567}","{'id': 43928, 'rank': 20, 'fitness': 0.9572691864944128, 'generation': 567}","{'id': 43924, 'rank': 21, 'fitness': 0.9513916255159389, 'generation': 567}","{'id': 43911, 'rank': 22, 'fitness': 0.9202016072264373, 'generation': 567}","{'id': 43866, 'rank': 23, 'fitness': 0.9140969284996338, 'generation': 567}","{'id': 43866, 'rank': 24, 'fitness': 0.9140969284996338, 'generation': 567}","{'id': 43910, 'rank': 25, 'fitness': 0.8844972930750588, 'generation': 567}","{'id': 43897, 'rank': 26, 'fitness': 0.7992251001992616, 'generation': 567}","{'id': 43839, 'rank': 27, 'fitness': 0.22707810827080155, 'generation': 567}","{'id': 43901, 'rank': 28, 'fitness': 0.03942024069148392, 'generation': 567}","{'id': 43965, 'rank': 29, 'fitness': 0.01798620996209155, 'generation': 567}","{'id': 43965, 'rank': 30, 'fitness': 0.01798620996209155, 'generation': 567}"
"{'id': 43986, 'rank': 1, 'fitness': 0.9820137900379085, 'generation': 568}","{'id': 44004, 'rank': 2, 'fitness': 0.9819968816984317, 'generation': 568}","{'id': 43883, 'rank': 3, 'fitness': 0.9819424789416106, 'generation': 568}","{'id': 43947, 'rank': 4, 'fitness': 0.9819271816834931, 'generation': 568}","{'id': 43947, 'rank': 5, 'fitness': 0.9819271816834931, 'generation': 568}","{'id': 43845, 'rank': 6, 'fitness': 0.9818887930048985, 'generation': 568}","{'id': 43930, 'rank': 7, 'fitness': 0.9818776041755612, 'generation': 568}","{'id': 43933, 'rank': 8, 'fitness': 0.9818713162294384, 'generation': 568}","{'id': 43946, 'rank': 9, 'fitness': 0.9818487695900417, 'generation': 568}","{'id': 43960, 'rank': 10, 'fitness': 0.9818259327871384, 'generation': 568}","{'id': 43956, 'rank': 11, 'fitness': 0.9818215918136812, 'generation': 568}","{'id': 44024, 'rank': 12, 'fitness': 0.9817558739392688, 'generation': 568}","{'id': 44024, 'rank': 13, 'fitness': 0.9817558739392688, 'generation': 568}","{'id': 44055, 'rank': 14, 'fitness': 0.9817497601579699, 'generation': 568}","{'id': 43987, 'rank': 15, 'fitness': 0.9817368911544159, 'generation': 568}","{'id': 43987, 'rank': 16, 'fitness': 0.9817368911544159, 'generation': 568}","{'id': 44009, 'rank': 17, 'fitness': 0.981732926900682, 'generation': 568}","{'id': 44048, 'rank': 18, 'fitness': 0.9817128105726258, 'generation': 568}","{'id': 43988, 'rank': 19, 'fitness': 0.9817029143582173, 'generation': 568}","{'id': 44013, 'rank': 20, 'fitness': 0.9816837647490975, 'generation': 568}","{'id': 44021, 'rank': 21, 'fitness': 0.9816557962749328, 'generation': 568}","{'id': 43924, 'rank': 22, 'fitness': 0.9816197207141402, 'generation': 568}","{'id': 44003, 'rank': 23, 'fitness': 0.9816148601838415, 'generation': 568}","{'id': 43990, 'rank': 24, 'fitness': 0.9815835265382538, 'generation': 568}","{'id': 43996, 'rank': 25, 'fitness': 0.9815833743808349, 'generation': 568}","{'id': 44025, 'rank': 26, 'fitness': 0.9814709685752114, 'generation': 568}","{'id': 44016, 'rank': 27, 'fitness': 0.9814029189164748, 'generation': 568}","{'id': 44036, 'rank': 28, 'fitness': 0.9812404602907044, 'generation': 568}","{'id': 44041, 'rank': 29, 'fitness': 0.9809815247537758, 'generation': 568}","{'id': 44031, 'rank': 30, 'fitness': 0.01798620996209155, 'generation': 568}"
"{'id': 43947, 'rank': 1, 'fitness': 0.9820137900379085, 'generation': 569}","{'id': 44110, 'rank': 2, 'fitness': 0.9791595823583961, 'generation': 569}","{'id': 44069, 'rank': 3, 'fitness': 0.9676468761577682, 'generation': 569}","{'id': 43946, 'rank': 4, 'fitness': 0.9668492774603843, 'generation': 569}","{'id': 44100, 'rank': 5, 'fitness': 0.9648957498790336, 'generation': 569}","{'id': 44118, 'rank': 6, 'fitness': 0.9635716432623473, 'generation': 569}","{'id': 44077, 'rank': 7, 'fitness': 0.9606828252901551, 'generation': 569}","{'id': 44092, 'rank': 8, 'fitness': 0.9583893037031906, 'generation': 569}","{'id': 44119, 'rank': 9, 'fitness': 0.9551908064640411, 'generation': 569}","{'id': 44089, 'rank': 10, 'fitness': 0.9412542104461419, 'generation': 569}","{'id': 44024, 'rank': 11, 'fitness': 0.9329910874769916, 'generation': 569}","{'id': 43987, 'rank': 12, 'fitness': 0.9229364694259078, 'generation': 569}","{'id': 43987, 'rank': 13, 'fitness': 0.9229364694259078, 'generation': 569}","{'id': 43987, 'rank': 14, 'fitness': 0.9229364694259078, 'generation': 569}","{'id': 44009, 'rank': 15, 'fitness': 0.9206704103060318, 'generation': 569}","{'id': 44127, 'rank': 16, 'fitness': 0.9201082980045493, 'generation': 569}","{'id': 44048, 'rank': 17, 'fitness': 0.9082170930181681, 'generation': 569}","{'id': 44021, 'rank': 18, 'fitness': 0.8630810468295591, 'generation': 569}","{'id': 44074, 'rank': 19, 'fitness': 0.8449025188614867, 'generation': 569}","{'id': 44003, 'rank': 20, 'fitness': 0.8202725073062247, 'generation': 569}","{'id': 43990, 'rank': 21, 'fitness': 0.7809986531067741, 'generation': 569}","{'id': 43996, 'rank': 22, 'fitness': 0.7807938537048336, 'generation': 569}","{'id': 44070, 'rank': 23, 'fitness': 0.7479783271544788, 'generation': 569}","{'id': 44114, 'rank': 24, 'fitness': 0.691388674894869, 'generation': 569}","{'id': 44129, 'rank': 25, 'fitness': 0.6605012973360579, 'generation': 569}","{'id': 44098, 'rank': 26, 'fitness': 0.6146286700711089, 'generation': 569}","{'id': 44103, 'rank': 27, 'fitness': 0.29520686068221047, 'generation': 569}","{'id': 44103, 'rank': 28, 'fitness': 0.29520686068221047, 'generation': 569}","{'id': 44108, 'rank': 29, 'fitness': 0.2513664979061462, 'generation': 569}","{'id': 44104, 'rank': 30, 'fitness': 0.01798620996209155, 'generation': 569}"
"{'id': 44100, 'rank': 1, 'fitness': 0.9820137900379085, 'generation': 570}","{'id': 44100, 'rank': 2, 'fitness': 0.9820137900379085, 'generation': 570}","{'id': 44118, 'rank': 3, 'fitness': 0.9819907917126747, 'generation': 570}","{'id': 44092, 'rank': 4, 'fitness': 0.9819076574064143, 'generation': 570}","{'id': 44089, 'rank': 5, 'fitness': 0.9816878794095005, 'generation': 570}","{'id': 44207, 'rank': 6, 'fitness': 0.981653104254832, 'generation': 570}","{'id': 43987, 'rank': 7, 'fitness': 0.9815097167176203, 'generation': 570}","{'id': 43987, 'rank': 8, 'fitness': 0.9815097167176203, 'generation': 570}","{'id': 43987, 'rank': 9, 'fitness': 0.9815097167176203, 'generation': 570}","{'id': 44178, 'rank': 10, 'fitness': 0.9811269539719902, 'generation': 570}","{'id': 44178, 'rank': 11, 'fitness': 0.9811269539719902, 'generation': 570}","{'id': 44021, 'rank': 12, 'fitness': 0.9811108275118865, 'generation': 570}","{'id': 43996, 'rank': 13, 'fitness': 0.9807489762735995, 'generation': 570}","{'id': 44070, 'rank': 14, 'fitness': 0.9806318985102689, 'generation': 570}","{'id': 44070, 'rank': 15, 'fitness': 0.9806318985102689, 'generation': 570}","{'id': 44114, 'rank': 16, 'fitness': 0.9804500490443098, 'generation': 570}","{'id': 44180, 'rank': 17, 'fitness': 0.9803875919413902, 'generation': 570}","{'id': 44180, 'rank': 18, 'fitness': 0.9803875919413902, 'generation': 570}","{'id': 44173, 'rank': 19, 'fitness': 0.9803754708930392, 'generation': 570}","{'id': 44129, 'rank': 20, 'fitness': 0.9803581905866929, 'generation': 570}","{'id': 44138, 'rank': 21, 'fitness': 0.9796660831360227, 'generation': 570}","{'id': 44171, 'rank': 22, 'fitness': 0.979550633787553, 'generation': 570}","{'id': 44159, 'rank': 23, 'fitness': 0.9794706988891855, 'generation': 570}","{'id': 44147, 'rank': 24, 'fitness': 0.9775059915101432, 'generation': 570}","{'id': 44174, 'rank': 25, 'fitness': 0.9706114869662641, 'generation': 570}","{'id': 44166, 'rank': 26, 'fitness': 0.9701276943480999, 'generation': 570}","{'id': 44133, 'rank': 27, 'fitness': 0.9678934807946707, 'generation': 570}","{'id': 44209, 'rank': 28, 'fitness': 0.9677985385406963, 'generation': 570}","{'id': 44163, 'rank': 29, 'fitness': 0.9653195615384969, 'generation': 570}","{'id': 44190, 'rank': 30, 'fitness': 0.01798620996209155, 'generation': 570}"
"{'id': 44278, 'rank': 1, 'fitness': 0.9820137900379085, 'generation': 571}","{'id': 44278, 'rank': 2, 'fitness': 0.9820137900379085, 'generation': 571}","{'id': 44289, 'rank': 3, 'fitness': 0.97924385465137, 'generation': 571}","{'id': 44089, 'rank': 4, 'fitness': 0.9745629121868623, 'generation': 571}","{'id': 44269, 'rank': 5, 'fitness': 0.971910390090509, 'generation': 571}","{'id': 44269, 'rank': 6, 'fitness': 0.971910390090509, 'generation': 571}","{'id': 43987, 'rank': 7, 'fitness': 0.9718920252018522, 'generation': 571}","{'id': 44263, 'rank': 8, 'fitness': 0.9655945827934096, 'generation': 571}","{'id': 44178, 'rank': 9, 'fitness': 0.9653110893804239, 'generation': 571}","{'id': 44178, 'rank': 10, 'fitness': 0.9653110893804239, 'generation': 571}","{'id': 44178, 'rank': 11, 'fitness': 0.9653110893804239, 'generation': 571}","{'id': 44270, 'rank': 12, 'fitness': 0.9652406686480951, 'generation': 571}","{'id': 44255, 'rank': 13, 'fitness': 0.9604461375311324, 'generation': 571}","{'id': 44265, 'rank': 14, 'fitness': 0.9585536528798233, 'generation': 571}","{'id': 44114, 'rank': 15, 'fitness': 0.9503745345170281, 'generation': 571}","{'id': 44250, 'rank': 16, 'fitness': 0.9499394614403225, 'generation': 571}","{'id': 44180, 'rank': 17, 'fitness': 0.9487541386367504, 'generation': 571}","{'id': 44180, 'rank': 18, 'fitness': 0.9487541386367504, 'generation': 571}","{'id': 44292, 'rank': 19, 'fitness': 0.948752345893378, 'generation': 571}","{'id': 44173, 'rank': 20, 'fitness': 0.9484345193539626, 'generation': 571}","{'id': 44233, 'rank': 21, 'fitness': 0.9480252660588298, 'generation': 571}","{'id': 44238, 'rank': 22, 'fitness': 0.9430928601961925, 'generation': 571}","{'id': 44220, 'rank': 23, 'fitness': 0.9423357931909135, 'generation': 571}","{'id': 44248, 'rank': 24, 'fitness': 0.9355643420995787, 'generation': 571}","{'id': 44235, 'rank': 25, 'fitness': 0.9348831229027019, 'generation': 571}","{'id': 44252, 'rank': 26, 'fitness': 0.9294031217576968, 'generation': 571}","{'id': 44282, 'rank': 27, 'fitness': 0.9267652703022329, 'generation': 571}","{'id': 44253, 'rank': 28, 'fitness': 0.920375372638023, 'generation': 571}","{'id': 44231, 'rank': 29, 'fitness': 0.9190468757922946, 'generation': 571}","{'id': 44273, 'rank': 30, 'fitness': 0.01798620996209155, 'generation': 571}"
"{'id': 44278, 'rank': 1, 'fitness': 0.9820137900379085, 'generation': 572}","{'id': 44379, 'rank': 2, 'fitness': 0.977426186050081, 'generation': 572}","{'id': 44289, 'rank': 3, 'fitness': 0.9764514334314411, 'generation': 572}","{'id': 44388, 'rank': 4, 'fitness': 0.9602479564874689, 'generation': 572}","{'id': 43987, 'rank': 5, 'fitness': 0.9584929301437835, 'generation': 572}","{'id': 44389, 'rank': 6, 'fitness': 0.9547558969792305, 'generation': 572}","{'id': 44344, 'rank': 7, 'fitness': 0.9528542102951207, 'generation': 572}","{'id': 44380, 'rank': 8, 'fitness': 0.9515053639714115, 'generation': 572}","{'id': 44372, 'rank': 9, 'fitness': 0.941452538460315, 'generation': 572}","{'id': 44178, 'rank': 10, 'fitness': 0.9387983699176181, 'generation': 572}","{'id': 44270, 'rank': 11, 'fitness': 0.938570585008998, 'generation': 572}","{'id': 44255, 'rank': 12, 'fitness': 0.9222761942302503, 'generation': 572}","{'id': 44265, 'rank': 13, 'fitness': 0.9154388983821542, 'generation': 572}","{'id': 44265, 'rank': 14, 'fitness': 0.9154388983821542, 'generation': 572}","{'id': 44392, 'rank': 15, 'fitness': 0.909861279257764, 'generation': 572}","{'id': 44392, 'rank': 16, 'fitness': 0.909861279257764, 'generation': 572}","{'id': 44322, 'rank': 17, 'fitness': 0.8894542620401755, 'generation': 572}","{'id': 44393, 'rank': 18, 'fitness': 0.8878126777168477, 'generation': 572}","{'id': 44114, 'rank': 19, 'fitness': 0.8835534982901236, 'generation': 572}","{'id': 44173, 'rank': 20, 'fitness': 0.8754938434496282, 'generation': 572}","{'id': 44304, 'rank': 21, 'fitness': 0.8704689687885038, 'generation': 572}","{'id': 44238, 'rank': 22, 'fitness': 0.8524714593082318, 'generation': 572}","{'id': 44330, 'rank': 23, 'fitness': 0.8105316972082487, 'generation': 572}","{'id': 44346, 'rank': 24, 'fitness': 0.7830740756982786, 'generation': 572}","{'id': 44328, 'rank': 25, 'fitness': 0.3453852612212591, 'generation': 572}","{'id': 44328, 'rank': 26, 'fitness': 0.3453852612212591, 'generation': 572}","{'id': 44327, 'rank': 27, 'fitness': 0.23236699900216495, 'generation': 572}","{'id': 44390, 'rank': 28, 'fitness': 0.20943854005135487, 'generation': 572}","{'id': 44353, 'rank': 29, 'fitness': 0.15799645670893447, 'generation': 572}","{'id': 44365, 'rank': 30, 'fitness': 0.01798620996209155, 'generation': 572}"
"{'id': 44278, 'rank': 1, 'fitness': 0.9820137900379085, 'generation': 573}","{'id': 44379, 'rank': 2, 'fitness': 0.9819620659879746, 'generation': 573}","{'id': 43987, 'rank': 3, 'fitness': 0.981821097445023, 'generation': 573}","{'id': 44462, 'rank': 4, 'fitness': 0.981787532641121, 'generation': 573}","{'id': 44464, 'rank': 5, 'fitness': 0.9817402224733112, 'generation': 573}","{'id': 44372, 'rank': 6, 'fitness': 0.9817394502528004, 'generation': 573}","{'id': 44178, 'rank': 7, 'fitness': 0.9817287846732532, 'generation': 573}","{'id': 44255, 'rank': 8, 'fitness': 0.9816706120004284, 'generation': 573}","{'id': 44265, 'rank': 9, 'fitness': 0.9816497784667121, 'generation': 573}","{'id': 44468, 'rank': 10, 'fitness': 0.9816458475387869, 'generation': 573}","{'id': 44468, 'rank': 11, 'fitness': 0.9816458475387869, 'generation': 573}","{'id': 44392, 'rank': 12, 'fitness': 0.9816338716948778, 'generation': 573}","{'id': 44397, 'rank': 13, 'fitness': 0.9812771847470425, 'generation': 573}","{'id': 44397, 'rank': 14, 'fitness': 0.9812771847470425, 'generation': 573}","{'id': 44477, 'rank': 15, 'fitness': 0.9811390354401004, 'generation': 573}","{'id': 44477, 'rank': 16, 'fitness': 0.9811390354401004, 'generation': 573}","{'id': 44477, 'rank': 17, 'fitness': 0.9811390354401004, 'generation': 573}","{'id': 44399, 'rank': 18, 'fitness': 0.9809898928153131, 'generation': 573}","{'id': 44431, 'rank': 19, 'fitness': 0.9809167642832481, 'generation': 573}","{'id': 44431, 'rank': 20, 'fitness': 0.9809167642832481, 'generation': 573}","{'id': 44396, 'rank': 21, 'fitness': 0.9807862293784018, 'generation': 573}","{'id': 44446, 'rank': 22, 'fitness': 0.9803850474622473, 'generation': 573}","{'id': 44446, 'rank': 23, 'fitness': 0.9803850474622473, 'generation': 573}","{'id': 44405, 'rank': 24, 'fitness': 0.9802728766361238, 'generation': 573}","{'id': 44417, 'rank': 25, 'fitness': 0.9801623653955513, 'generation': 573}","{'id': 44365, 'rank': 26, 'fitness': 0.980142268794892, 'generation': 573}","{'id': 44455, 'rank': 27, 'fitness': 0.9787186453403935, 'generation': 573}","{'id': 44437, 'rank': 28, 'fitness': 0.9772454687921733, 'generation': 573}","{'id': 44403, 'rank': 29, 'fitness': 0.9748683043755417, 'generation': 573}","{'id': 44433, 'rank': 30, 'fitness': 0.01798620996209155, 'generation': 573}"
"{'id': 44379, 'rank': 1, 'fitness': 0.9820137900379085, 'generation': 574}","{'id': 44559, 'rank': 2, 'fitness': 0.9770639474662512, 'generation': 574}","{'id': 44489, 'rank': 3, 'fitness': 0.976437092154272, 'generation': 574}","{'id': 44489, 'rank': 4, 'fitness': 0.976437092154272, 'generation': 574}","{'id': 44531, 'rank': 5, 'fitness': 0.9758963706767398, 'generation': 574}","{'id': 44372, 'rank': 6, 'fitness': 0.9728403142357422, 'generation': 574}","{'id': 44551, 'rank': 7, 'fitness': 0.9728238599968648, 'generation': 574}","{'id': 44178, 'rank': 8, 'fitness': 0.9723050148594162, 'generation': 574}","{'id': 44512, 'rank': 9, 'fitness': 0.971145804825761, 'generation': 574}","{'id': 44265, 'rank': 10, 'fitness': 0.9680193060931781, 'generation': 574}","{'id': 44468, 'rank': 11, 'fitness': 0.967790601422059, 'generation': 574}","{'id': 44468, 'rank': 12, 'fitness': 0.967790601422059, 'generation': 574}","{'id': 44492, 'rank': 13, 'fitness': 0.9659848816046059, 'generation': 574}","{'id': 44490, 'rank': 14, 'fitness': 0.9657710252345335, 'generation': 574}","{'id': 44508, 'rank': 15, 'fitness': 0.965464665643943, 'generation': 574}","{'id': 44483, 'rank': 16, 'fitness': 0.9652130478714995, 'generation': 574}","{'id': 44491, 'rank': 17, 'fitness': 0.9562082504316317, 'generation': 574}","{'id': 44520, 'rank': 18, 'fitness': 0.9520177144764844, 'generation': 574}","{'id': 44518, 'rank': 19, 'fitness': 0.9512727646408754, 'generation': 574}","{'id': 44553, 'rank': 20, 'fitness': 0.9448049511473717, 'generation': 574}","{'id': 44397, 'rank': 21, 'fitness': 0.9381432445977083, 'generation': 574}","{'id': 44484, 'rank': 22, 'fitness': 0.9123978635700515, 'generation': 574}","{'id': 44561, 'rank': 23, 'fitness': 0.9096028636807938, 'generation': 574}","{'id': 44527, 'rank': 24, 'fitness': 0.8904584515651288, 'generation': 574}","{'id': 44431, 'rank': 25, 'fitness': 0.8872884650027753, 'generation': 574}","{'id': 44545, 'rank': 26, 'fitness': 0.8707772358325249, 'generation': 574}","{'id': 44485, 'rank': 27, 'fitness': 0.812815975848824, 'generation': 574}","{'id': 44501, 'rank': 28, 'fitness': 0.60909017606023, 'generation': 574}","{'id': 44524, 'rank': 29, 'fitness': 0.6073754750855893, 'generation': 574}","{'id': 44437, 'rank': 30, 'fitness': 0.01798620996209155, 'generation': 574}"
"{'id': 44379, 'rank': 1, 'fitness': 0.9820137900379085, 'generation': 575}","{'id': 44489, 'rank': 2, 'fitness': 0.9770724319812895, 'generation': 575}","{'id': 44372, 'rank': 3, 'fitness': 0.9739479403792446, 'generation': 575}","{'id': 44551, 'rank': 4, 'fitness': 0.9739337431098809, 'generation': 575}","{'id': 44588, 'rank': 5, 'fitness': 0.9713860751200412, 'generation': 575}","{'id': 44265, 'rank': 6, 'fitness': 0.9698214363057701, 'generation': 575}","{'id': 44468, 'rank': 7, 'fitness': 0.9696272248153777, 'generation': 575}","{'id': 44468, 'rank': 8, 'fitness': 0.9696272248153777, 'generation': 575}","{'id': 44468, 'rank': 9, 'fitness': 0.9696272248153777, 'generation': 575}","{'id': 44573, 'rank': 10, 'fitness': 0.9691242538287308, 'generation': 575}","{'id': 44600, 'rank': 11, 'fitness': 0.9688232729160353, 'generation': 575}","{'id': 44492, 'rank': 12, 'fitness': 0.9680983379242447, 'generation': 575}","{'id': 44604, 'rank': 13, 'fitness': 0.9665923533394409, 'generation': 575}","{'id': 44644, 'rank': 14, 'fitness': 0.9653829080779204, 'generation': 575}","{'id': 44633, 'rank': 15, 'fitness': 0.9620327851214496, 'generation': 575}","{'id': 44643, 'rank': 16, 'fitness': 0.9616029087849862, 'generation': 575}","{'id': 44640, 'rank': 17, 'fitness': 0.9584752177544802, 'generation': 575}","{'id': 44569, 'rank': 18, 'fitness': 0.9575924088737131, 'generation': 575}","{'id': 44634, 'rank': 19, 'fitness': 0.9496560986325833, 'generation': 575}","{'id': 44626, 'rank': 20, 'fitness': 0.9476968251921478, 'generation': 575}","{'id': 44593, 'rank': 21, 'fitness': 0.9464897543504331, 'generation': 575}","{'id': 44619, 'rank': 22, 'fitness': 0.9366047377428415, 'generation': 575}","{'id': 44618, 'rank': 23, 'fitness': 0.9271023395474105, 'generation': 575}","{'id': 44561, 'rank': 24, 'fitness': 0.9227575447606788, 'generation': 575}","{'id': 44431, 'rank': 25, 'fitness': 0.9054984130233288, 'generation': 575}","{'id': 44645, 'rank': 26, 'fitness': 0.8113392994815694, 'generation': 575}","{'id': 44595, 'rank': 27, 'fitness': 0.7788021379551433, 'generation': 575}","{'id': 44582, 'rank': 28, 'fitness': 0.1548831658999767, 'generation': 575}","{'id': 44630, 'rank': 29, 'fitness': 0.13647457684908226, 'generation': 575}","{'id': 44576, 'rank': 30, 'fitness': 0.01798620996209155, 'generation': 575}"
"{'id': 44662, 'rank': 1, 'fitness': 0.9820137900379085, 'generation': 576}","{'id': 44666, 'rank': 2, 'fitness': 0.9813360102912912, 'generation': 576}","{'id': 44551, 'rank': 3, 'fitness': 0.9802358662907252, 'generation': 576}","{'id': 44551, 'rank': 4, 'fitness': 0.9802358662907252, 'generation': 576}","{'id': 44652, 'rank': 5, 'fitness': 0.979846171987782, 'generation': 576}","{'id': 44652, 'rank': 6, 'fitness': 0.979846171987782, 'generation': 576}","{'id': 44265, 'rank': 7, 'fitness': 0.9795430261047676, 'generation': 576}","{'id': 44651, 'rank': 8, 'fitness': 0.9795199104221182, 'generation': 576}","{'id': 44468, 'rank': 9, 'fitness': 0.97951207904305, 'generation': 576}","{'id': 44468, 'rank': 10, 'fitness': 0.97951207904305, 'generation': 576}","{'id': 44600, 'rank': 11, 'fitness': 0.979385503072757, 'generation': 576}","{'id': 44600, 'rank': 12, 'fitness': 0.979385503072757, 'generation': 576}","{'id': 44712, 'rank': 13, 'fitness': 0.9792768444808094, 'generation': 576}","{'id': 44712, 'rank': 14, 'fitness': 0.9792768444808094, 'generation': 576}","{'id': 44712, 'rank': 15, 'fitness': 0.9792768444808094, 'generation': 576}","{'id': 44492, 'rank': 16, 'fitness': 0.979273413986971, 'generation': 576}","{'id': 44741, 'rank': 17, 'fitness': 0.9786593823630518, 'generation': 576}","{'id': 44713, 'rank': 18, 'fitness': 0.9782976655909126, 'generation': 576}","{'id': 44705, 'rank': 19, 'fitness': 0.9774890059721958, 'generation': 576}","{'id': 44732, 'rank': 20, 'fitness': 0.9753714493946136, 'generation': 576}","{'id': 44668, 'rank': 21, 'fitness': 0.9753561427914043, 'generation': 576}","{'id': 44738, 'rank': 22, 'fitness': 0.9745307358054189, 'generation': 576}","{'id': 44655, 'rank': 23, 'fitness': 0.9744372574315401, 'generation': 576}","{'id': 44669, 'rank': 24, 'fitness': 0.9723937195582149, 'generation': 576}","{'id': 44704, 'rank': 25, 'fitness': 0.9695765969127771, 'generation': 576}","{'id': 44660, 'rank': 26, 'fitness': 0.9666133151466727, 'generation': 576}","{'id': 44679, 'rank': 27, 'fitness': 0.9660960397665964, 'generation': 576}","{'id': 44691, 'rank': 28, 'fitness': 0.9599630450963949, 'generation': 576}","{'id': 44710, 'rank': 29, 'fitness': 0.9394966554035474, 'generation': 576}","{'id': 44697, 'rank': 30, 'fitness': 0.01798620996209155, 'generation': 576}"
"{'id': 44662, 'rank': 1, 'fitness': 0.9820137900379085, 'generation': 577}","{'id': 44666, 'rank': 2, 'fitness': 0.9746609942817354, 'generation': 577}","{'id': 44785, 'rank': 3, 'fitness': 0.9430723643554253, 'generation': 577}","{'id': 44265, 'rank': 4, 'fitness': 0.9415915956755121, 'generation': 577}","{'id': 44651, 'rank': 5, 'fitness': 0.9409994111819315, 'generation': 577}","{'id': 44468, 'rank': 6, 'fitness': 0.9407976609998083, 'generation': 577}","{'id': 44756, 'rank': 7, 'fitness': 0.926818555199466, 'generation': 577}","{'id': 44756, 'rank': 8, 'fitness': 0.926818555199466, 'generation': 577}","{'id': 44789, 'rank': 9, 'fitness': 0.9266433538242304, 'generation': 577}","{'id': 44793, 'rank': 10, 'fitness': 0.919726030847988, 'generation': 577}","{'id': 44820, 'rank': 11, 'fitness': 0.915021543140579, 'generation': 577}","{'id': 44767, 'rank': 12, 'fitness': 0.9146435264155933, 'generation': 577}","{'id': 44786, 'rank': 13, 'fitness': 0.914275859696281, 'generation': 577}","{'id': 44805, 'rank': 14, 'fitness': 0.9064160289935373, 'generation': 577}","{'id': 44754, 'rank': 15, 'fitness': 0.8996298029960947, 'generation': 577}","{'id': 44772, 'rank': 16, 'fitness': 0.8964279320010238, 'generation': 577}","{'id': 44784, 'rank': 17, 'fitness': 0.8951981035496034, 'generation': 577}","{'id': 44774, 'rank': 18, 'fitness': 0.8711651509133991, 'generation': 577}","{'id': 44824, 'rank': 19, 'fitness': 0.854634545533637, 'generation': 577}","{'id': 44824, 'rank': 20, 'fitness': 0.854634545533637, 'generation': 577}","{'id': 44777, 'rank': 21, 'fitness': 0.8482220406604489, 'generation': 577}","{'id': 44818, 'rank': 22, 'fitness': 0.8430273522412391, 'generation': 577}","{'id': 44794, 'rank': 23, 'fitness': 0.8387204076577119, 'generation': 577}","{'id': 44783, 'rank': 24, 'fitness': 0.8288288708266155, 'generation': 577}","{'id': 44750, 'rank': 25, 'fitness': 0.7732639609309971, 'generation': 577}","{'id': 44655, 'rank': 26, 'fitness': 0.6593589380621987, 'generation': 577}","{'id': 44655, 'rank': 27, 'fitness': 0.6593589380621987, 'generation': 577}","{'id': 44753, 'rank': 28, 'fitness': 0.21242482226706016, 'generation': 577}","{'id': 44749, 'rank': 29, 'fitness': 0.036880036575618336, 'generation': 577}","{'id': 44800, 'rank': 30, 'fitness': 0.01798620996209155, 'generation': 577}"
"{'id': 44826, 'rank': 1, 'fitness': 0.9820137900379085, 'generation': 578}","{'id': 44662, 'rank': 2, 'fitness': 0.9816627386538936, 'generation': 578}","{'id': 44825, 'rank': 3, 'fitness': 0.9814973342039937, 'generation': 578}","{'id': 44666, 'rank': 4, 'fitness': 0.9813263695910661, 'generation': 578}","{'id': 44666, 'rank': 5, 'fitness': 0.9813263695910661, 'generation': 578}","{'id': 44666, 'rank': 6, 'fitness': 0.9813263695910661, 'generation': 578}","{'id': 44785, 'rank': 7, 'fitness': 0.9804924079020186, 'generation': 578}","{'id': 44265, 'rank': 8, 'fitness': 0.9804648291214204, 'generation': 578}","{'id': 44651, 'rank': 9, 'fitness': 0.980453972708898, 'generation': 578}","{'id': 44468, 'rank': 10, 'fitness': 0.9804502960380328, 'generation': 578}","{'id': 44756, 'rank': 11, 'fitness': 0.9802189512317964, 'generation': 578}","{'id': 44756, 'rank': 12, 'fitness': 0.9802189512317964, 'generation': 578}","{'id': 44793, 'rank': 13, 'fitness': 0.9801159747436794, 'generation': 578}","{'id': 44774, 'rank': 14, 'fitness': 0.9795652370469787, 'generation': 578}","{'id': 44774, 'rank': 15, 'fitness': 0.9795652370469787, 'generation': 578}","{'id': 44750, 'rank': 16, 'fitness': 0.9788280691830984, 'generation': 578}","{'id': 44655, 'rank': 17, 'fitness': 0.9781984438614313, 'generation': 578}","{'id': 44872, 'rank': 18, 'fitness': 0.9766865779751565, 'generation': 578}","{'id': 44864, 'rank': 19, 'fitness': 0.9753252579361292, 'generation': 578}","{'id': 44873, 'rank': 20, 'fitness': 0.9752617151819958, 'generation': 578}","{'id': 44880, 'rank': 21, 'fitness': 0.9741973839553195, 'generation': 578}","{'id': 44840, 'rank': 22, 'fitness': 0.9718708601614341, 'generation': 578}","{'id': 44879, 'rank': 23, 'fitness': 0.9713377895238715, 'generation': 578}","{'id': 44835, 'rank': 24, 'fitness': 0.9706246425116883, 'generation': 578}","{'id': 44867, 'rank': 25, 'fitness': 0.9700805560232628, 'generation': 578}","{'id': 44836, 'rank': 26, 'fitness': 0.9683369194638223, 'generation': 578}","{'id': 44832, 'rank': 27, 'fitness': 0.9117515659681498, 'generation': 578}","{'id': 44830, 'rank': 28, 'fitness': 0.9003851378715069, 'generation': 578}","{'id': 44852, 'rank': 29, 'fitness': 0.886952561878452, 'generation': 578}","{'id': 44865, 'rank': 30, 'fitness': 0.01798620996209155, 'generation': 578}"
"{'id': 44901, 'rank': 1, 'fitness': 0.9820137900379085, 'generation': 579}","{'id': 44902, 'rank': 2, 'fitness': 0.9813080655508972, 'generation': 579}","{'id': 44900, 'rank': 3, 'fitness': 0.9798949951717022, 'generation': 579}","{'id': 44666, 'rank': 4, 'fitness': 0.9792792866177749, 'generation': 579}","{'id': 44666, 'rank': 5, 'fitness': 0.9792792866177749, 'generation': 579}","{'id': 44967, 'rank': 6, 'fitness': 0.9790043392826258, 'generation': 579}","{'id': 44967, 'rank': 7, 'fitness': 0.9790043392826258, 'generation': 579}","{'id': 44957, 'rank': 8, 'fitness': 0.9707711801600685, 'generation': 579}","{'id': 44265, 'rank': 9, 'fitness': 0.9652991460858057, 'generation': 579}","{'id': 44651, 'rank': 10, 'fitness': 0.9650796973702283, 'generation': 579}","{'id': 44651, 'rank': 11, 'fitness': 0.9650796973702283, 'generation': 579}","{'id': 44910, 'rank': 12, 'fitness': 0.9629777291230763, 'generation': 579}","{'id': 44942, 'rank': 13, 'fitness': 0.9604708160877438, 'generation': 579}","{'id': 44756, 'rank': 14, 'fitness': 0.9600214574583773, 'generation': 579}","{'id': 44960, 'rank': 15, 'fitness': 0.9466900094031732, 'generation': 579}","{'id': 44955, 'rank': 16, 'fitness': 0.9430707648306695, 'generation': 579}","{'id': 44923, 'rank': 17, 'fitness': 0.942387244759932, 'generation': 579}","{'id': 44923, 'rank': 18, 'fitness': 0.942387244759932, 'generation': 579}","{'id': 44948, 'rank': 19, 'fitness': 0.9409425894673543, 'generation': 579}","{'id': 44941, 'rank': 20, 'fitness': 0.9378068116866861, 'generation': 579}","{'id': 44918, 'rank': 21, 'fitness': 0.9374225008275342, 'generation': 579}","{'id': 44919, 'rank': 22, 'fitness': 0.9356963556395876, 'generation': 579}","{'id': 44922, 'rank': 23, 'fitness': 0.9283635602964854, 'generation': 579}","{'id': 44750, 'rank': 24, 'fitness': 0.9152124901810931, 'generation': 579}","{'id': 44949, 'rank': 25, 'fitness': 0.8928596415022163, 'generation': 579}","{'id': 44928, 'rank': 26, 'fitness': 0.81913436388095, 'generation': 579}","{'id': 44925, 'rank': 27, 'fitness': 0.6382209369170506, 'generation': 579}","{'id': 44980, 'rank': 28, 'fitness': 0.5196647089835966, 'generation': 579}","{'id': 44840, 'rank': 29, 'fitness': 0.27325124738657236, 'generation': 579}","{'id': 44916, 'rank': 30, 'fitness': 0.01798620996209155, 'generation': 579}"
"{'id': 44902, 'rank': 1, 'fitness': 0.9820137900379085, 'generation': 580}","{'id': 44900, 'rank': 2, 'fitness': 0.9801397720080183, 'generation': 580}","{'id': 44900, 'rank': 3, 'fitness': 0.9801397720080183, 'generation': 580}","{'id': 44666, 'rank': 4, 'fitness': 0.9793083572133475, 'generation': 580}","{'id': 44666, 'rank': 5, 'fitness': 0.9793083572133475, 'generation': 580}","{'id': 44967, 'rank': 6, 'fitness': 0.9789342516428722, 'generation': 580}","{'id': 45039, 'rank': 7, 'fitness': 0.9785596577764002, 'generation': 580}","{'id': 45048, 'rank': 8, 'fitness': 0.970290055870268, 'generation': 580}","{'id': 45048, 'rank': 9, 'fitness': 0.970290055870268, 'generation': 580}","{'id': 45031, 'rank': 10, 'fitness': 0.970264601610598, 'generation': 580}","{'id': 44957, 'rank': 11, 'fitness': 0.9669973680065532, 'generation': 580}","{'id': 45022, 'rank': 12, 'fitness': 0.961777947613498, 'generation': 580}","{'id': 44265, 'rank': 13, 'fitness': 0.9583793443840698, 'generation': 580}","{'id': 44942, 'rank': 14, 'fitness': 0.9503928806070059, 'generation': 580}","{'id': 44942, 'rank': 15, 'fitness': 0.9503928806070059, 'generation': 580}","{'id': 44756, 'rank': 16, 'fitness': 0.949632997186477, 'generation': 580}","{'id': 45012, 'rank': 17, 'fitness': 0.9476431845735365, 'generation': 580}","{'id': 44960, 'rank': 18, 'fitness': 0.9259811783657756, 'generation': 580}","{'id': 44923, 'rank': 19, 'fitness': 0.9179511065341598, 'generation': 580}","{'id': 44918, 'rank': 20, 'fitness': 0.9084855343066258, 'generation': 580}","{'id': 44750, 'rank': 21, 'fitness': 0.864102965404268, 'generation': 580}","{'id': 45050, 'rank': 22, 'fitness': 0.8056628653021315, 'generation': 580}","{'id': 45035, 'rank': 23, 'fitness': 0.7921251917085574, 'generation': 580}","{'id': 45051, 'rank': 24, 'fitness': 0.7818105921146481, 'generation': 580}","{'id': 44928, 'rank': 25, 'fitness': 0.6613188761951856, 'generation': 580}","{'id': 45004, 'rank': 26, 'fitness': 0.5680814259729399, 'generation': 580}","{'id': 44925, 'rank': 27, 'fitness': 0.35149391630695925, 'generation': 580}","{'id': 44989, 'rank': 28, 'fitness': 0.29883684668780036, 'generation': 580}","{'id': 45017, 'rank': 29, 'fitness': 0.2862007393474081, 'generation': 580}","{'id': 44997, 'rank': 30, 'fitness': 0.01798620996209155, 'generation': 580}"
"{'id': 44902, 'rank': 1, 'fitness': 0.9820137900379085, 'generation': 581}","{'id': 44900, 'rank': 2, 'fitness': 0.9817804988160334, 'generation': 581}","{'id': 44900, 'rank': 3, 'fitness': 0.9817804988160334, 'generation': 581}","{'id': 45077, 'rank': 4, 'fitness': 0.9817338323203717, 'generation': 581}","{'id': 45077, 'rank': 5, 'fitness': 0.9817338323203717, 'generation': 581}","{'id': 44666, 'rank': 6, 'fitness': 0.9816829664546513, 'generation': 581}","{'id': 45039, 'rank': 7, 'fitness': 0.9815979511147066, 'generation': 581}","{'id': 45153, 'rank': 8, 'fitness': 0.9815880529849508, 'generation': 581}","{'id': 45071, 'rank': 9, 'fitness': 0.9809095235889371, 'generation': 581}","{'id': 45104, 'rank': 10, 'fitness': 0.9806708858882123, 'generation': 581}","{'id': 44957, 'rank': 11, 'fitness': 0.9805285141447014, 'generation': 581}","{'id': 45078, 'rank': 12, 'fitness': 0.9805066054625053, 'generation': 581}","{'id': 45105, 'rank': 13, 'fitness': 0.9804382203040951, 'generation': 581}","{'id': 45103, 'rank': 14, 'fitness': 0.9803951346813399, 'generation': 581}","{'id': 45074, 'rank': 15, 'fitness': 0.980157839243444, 'generation': 581}","{'id': 45074, 'rank': 16, 'fitness': 0.980157839243444, 'generation': 581}","{'id': 45073, 'rank': 17, 'fitness': 0.9796993204641931, 'generation': 581}","{'id': 45099, 'rank': 18, 'fitness': 0.9796708705040353, 'generation': 581}","{'id': 45085, 'rank': 19, 'fitness': 0.9792898222514302, 'generation': 581}","{'id': 45085, 'rank': 20, 'fitness': 0.9792898222514302, 'generation': 581}","{'id': 45143, 'rank': 21, 'fitness': 0.9781611704657901, 'generation': 581}","{'id': 45143, 'rank': 22, 'fitness': 0.9781611704657901, 'generation': 581}","{'id': 45102, 'rank': 23, 'fitness': 0.9770483567242918, 'generation': 581}","{'id': 45141, 'rank': 24, 'fitness': 0.9768065918706565, 'generation': 581}","{'id': 45050, 'rank': 25, 'fitness': 0.9750370443177849, 'generation': 581}","{'id': 45100, 'rank': 26, 'fitness': 0.972843865333563, 'generation': 581}","{'id': 45123, 'rank': 27, 'fitness': 0.9686817516463309, 'generation': 581}","{'id': 45116, 'rank': 28, 'fitness': 0.9644569647738886, 'generation': 581}","{'id': 45079, 'rank': 29, 'fitness': 0.9632644976023594, 'generation': 581}","{'id': 45147, 'rank': 30, 'fitness': 0.01798620996209155, 'generation': 581}"
"{'id': 45197, 'rank': 1, 'fitness': 0.9820137900379085, 'generation': 582}","{'id': 45197, 'rank': 2, 'fitness': 0.9820137900379085, 'generation': 582}","{'id': 45197, 'rank': 3, 'fitness': 0.9820137900379085, 'generation': 582}","{'id': 45187, 'rank': 4, 'fitness': 0.9111434540445411, 'generation': 582}","{'id': 45168, 'rank': 5, 'fitness': 0.886567850175009, 'generation': 582}","{'id': 45195, 'rank': 6, 'fitness': 0.8365234571922194, 'generation': 582}","{'id': 45185, 'rank': 7, 'fitness': 0.7815765346231278, 'generation': 582}","{'id': 45185, 'rank': 8, 'fitness': 0.7815765346231278, 'generation': 582}","{'id': 45196, 'rank': 9, 'fitness': 0.7779013951938588, 'generation': 582}","{'id': 45220, 'rank': 10, 'fitness': 0.7150349191262018, 'generation': 582}","{'id': 45220, 'rank': 11, 'fitness': 0.7150349191262018, 'generation': 582}","{'id': 45201, 'rank': 12, 'fitness': 0.6962675284449517, 'generation': 582}","{'id': 45194, 'rank': 13, 'fitness': 0.6631420051014376, 'generation': 582}","{'id': 45202, 'rank': 14, 'fitness': 0.6554528336559018, 'generation': 582}","{'id': 45167, 'rank': 15, 'fitness': 0.6546808900517328, 'generation': 582}","{'id': 45104, 'rank': 16, 'fitness': 0.5593796177970524, 'generation': 582}","{'id': 45104, 'rank': 17, 'fitness': 0.5593796177970524, 'generation': 582}","{'id': 44957, 'rank': 18, 'fitness': 0.4978074727108851, 'generation': 582}","{'id': 45078, 'rank': 19, 'fitness': 0.4883306817863012, 'generation': 582}","{'id': 45203, 'rank': 20, 'fitness': 0.47194508196385687, 'generation': 582}","{'id': 45203, 'rank': 21, 'fitness': 0.47194508196385687, 'generation': 582}","{'id': 45165, 'rank': 22, 'fitness': 0.4632037121312861, 'generation': 582}","{'id': 45165, 'rank': 23, 'fitness': 0.4632037121312861, 'generation': 582}","{'id': 45103, 'rank': 24, 'fitness': 0.44054396828356135, 'generation': 582}","{'id': 45244, 'rank': 25, 'fitness': 0.4103516045470158, 'generation': 582}","{'id': 45239, 'rank': 26, 'fitness': 0.33458788904582887, 'generation': 582}","{'id': 45241, 'rank': 27, 'fitness': 0.2578326837907321, 'generation': 582}","{'id': 45085, 'rank': 28, 'fitness': 0.11012206994084789, 'generation': 582}","{'id': 45216, 'rank': 29, 'fitness': 0.07850752223856206, 'generation': 582}","{'id': 45190, 'rank': 30, 'fitness': 0.01798620996209155, 'generation': 582}"
"{'id': 45258, 'rank': 1, 'fitness': 0.9820137900379085, 'generation': 583}","{'id': 45197, 'rank': 2, 'fitness': 0.9820100262516973, 'generation': 583}","{'id': 45284, 'rank': 3, 'fitness': 0.981979207497753, 'generation': 583}","{'id': 45187, 'rank': 4, 'fitness': 0.9818646854647017, 'generation': 583}","{'id': 45187, 'rank': 5, 'fitness': 0.9818646854647017, 'generation': 583}","{'id': 45259, 'rank': 6, 'fitness': 0.9818590221025428, 'generation': 583}","{'id': 45285, 'rank': 7, 'fitness': 0.9818539916281082, 'generation': 583}","{'id': 45168, 'rank': 8, 'fitness': 0.9818409789063687, 'generation': 583}","{'id': 45168, 'rank': 9, 'fitness': 0.9818409789063687, 'generation': 583}","{'id': 45195, 'rank': 10, 'fitness': 0.981803936820834, 'generation': 583}","{'id': 45195, 'rank': 11, 'fitness': 0.981803936820834, 'generation': 583}","{'id': 45185, 'rank': 12, 'fitness': 0.9817725966170148, 'generation': 583}","{'id': 45185, 'rank': 13, 'fitness': 0.9817725966170148, 'generation': 583}","{'id': 45196, 'rank': 14, 'fitness': 0.9817707200798849, 'generation': 583}","{'id': 45167, 'rank': 15, 'fitness': 0.9817168137199502, 'generation': 583}","{'id': 45104, 'rank': 16, 'fitness': 0.981681508785984, 'generation': 583}","{'id': 45104, 'rank': 17, 'fitness': 0.981681508785984, 'generation': 583}","{'id': 44957, 'rank': 18, 'fitness': 0.9816596943383368, 'generation': 583}","{'id': 45203, 'rank': 19, 'fitness': 0.9816505552738186, 'generation': 583}","{'id': 45244, 'rank': 20, 'fitness': 0.981628460797323, 'generation': 583}","{'id': 45244, 'rank': 21, 'fitness': 0.981628460797323, 'generation': 583}","{'id': 45241, 'rank': 22, 'fitness': 0.9815669658858659, 'generation': 583}","{'id': 45190, 'rank': 23, 'fitness': 0.9813042469606674, 'generation': 583}","{'id': 45281, 'rank': 24, 'fitness': 0.9790118604071456, 'generation': 583}","{'id': 45277, 'rank': 25, 'fitness': 0.9475556120431123, 'generation': 583}","{'id': 45252, 'rank': 26, 'fitness': 0.942576349562725, 'generation': 583}","{'id': 45279, 'rank': 27, 'fitness': 0.9421377285819196, 'generation': 583}","{'id': 45278, 'rank': 28, 'fitness': 0.9383662837997508, 'generation': 583}","{'id': 45265, 'rank': 29, 'fitness': 0.8716714811266707, 'generation': 583}","{'id': 45298, 'rank': 30, 'fitness': 0.01798620996209155, 'generation': 583}"
"{'id': 45258, 'rank': 1, 'fitness': 0.9820137900379085, 'generation': 584}","{'id': 45316, 'rank': 2, 'fitness': 0.9471403747336322, 'generation': 584}","{'id': 45316, 'rank': 3, 'fitness': 0.9471403747336322, 'generation': 584}","{'id': 45392, 'rank': 4, 'fitness': 0.9104927444580913, 'generation': 584}","{'id': 45318, 'rank': 5, 'fitness': 0.9098522769631957, 'generation': 584}","{'id': 45168, 'rank': 6, 'fitness': 0.8792994673547277, 'generation': 584}","{'id': 45377, 'rank': 7, 'fitness': 0.8512422806144124, 'generation': 584}","{'id': 45359, 'rank': 8, 'fitness': 0.8374635280149787, 'generation': 584}","{'id': 45370, 'rank': 9, 'fitness': 0.830295221433275, 'generation': 584}","{'id': 45388, 'rank': 10, 'fitness': 0.7780241014984813, 'generation': 584}","{'id': 45396, 'rank': 11, 'fitness': 0.7070047675645368, 'generation': 584}","{'id': 45396, 'rank': 12, 'fitness': 0.7070047675645368, 'generation': 584}","{'id': 45104, 'rank': 13, 'fitness': 0.5358739813202181, 'generation': 584}","{'id': 45352, 'rank': 14, 'fitness': 0.4497978739456448, 'generation': 584}","{'id': 45354, 'rank': 15, 'fitness': 0.4381120181951701, 'generation': 584}","{'id': 45372, 'rank': 16, 'fitness': 0.40050594999136135, 'generation': 584}","{'id': 45372, 'rank': 17, 'fitness': 0.40050594999136135, 'generation': 584}","{'id': 45366, 'rank': 18, 'fitness': 0.35748966789646197, 'generation': 584}","{'id': 45366, 'rank': 19, 'fitness': 0.35748966789646197, 'generation': 584}","{'id': 45324, 'rank': 20, 'fitness': 0.31304249950714763, 'generation': 584}","{'id': 45349, 'rank': 21, 'fitness': 0.302586344751466, 'generation': 584}","{'id': 45381, 'rank': 22, 'fitness': 0.3001321643044812, 'generation': 584}","{'id': 45356, 'rank': 23, 'fitness': 0.2669727396720448, 'generation': 584}","{'id': 45241, 'rank': 24, 'fitness': 0.23691308823020601, 'generation': 584}","{'id': 45300, 'rank': 25, 'fitness': 0.21757895882635242, 'generation': 584}","{'id': 45311, 'rank': 26, 'fitness': 0.19586925122194437, 'generation': 584}","{'id': 45326, 'rank': 27, 'fitness': 0.09819180354423535, 'generation': 584}","{'id': 45375, 'rank': 28, 'fitness': 0.07792388322148702, 'generation': 584}","{'id': 45307, 'rank': 29, 'fitness': 0.01798620996209155, 'generation': 584}","{'id': 45307, 'rank': 30, 'fitness': 0.01798620996209155, 'generation': 584}"
"{'id': 45316, 'rank': 1, 'fitness': 0.9820137900379085, 'generation': 585}","{'id': 45416, 'rank': 2, 'fitness': 0.9819735990063945, 'generation': 585}","{'id': 45318, 'rank': 3, 'fitness': 0.9819630838020754, 'generation': 585}","{'id': 45168, 'rank': 4, 'fitness': 0.9819342200389237, 'generation': 585}","{'id': 45377, 'rank': 5, 'fitness': 0.9819128156438773, 'generation': 585}","{'id': 45359, 'rank': 6, 'fitness': 0.9819035077680431, 'generation': 585}","{'id': 45370, 'rank': 7, 'fitness': 0.9818989139403888, 'generation': 585}","{'id': 45415, 'rank': 8, 'fitness': 0.9818970010412085, 'generation': 585}","{'id': 45396, 'rank': 9, 'fitness': 0.9818360585555359, 'generation': 585}","{'id': 45396, 'rank': 10, 'fitness': 0.9818360585555359, 'generation': 585}","{'id': 45372, 'rank': 11, 'fitness': 0.9817213096470355, 'generation': 585}","{'id': 45366, 'rank': 12, 'fitness': 0.9817049077440323, 'generation': 585}","{'id': 45366, 'rank': 13, 'fitness': 0.9817049077440323, 'generation': 585}","{'id': 45366, 'rank': 14, 'fitness': 0.9817049077440323, 'generation': 585}","{'id': 45366, 'rank': 15, 'fitness': 0.9817049077440323, 'generation': 585}","{'id': 45324, 'rank': 16, 'fitness': 0.9816869884970006, 'generation': 585}","{'id': 45307, 'rank': 17, 'fitness': 0.9813961442117108, 'generation': 585}","{'id': 45405, 'rank': 18, 'fitness': 0.9809450538664485, 'generation': 585}","{'id': 45405, 'rank': 19, 'fitness': 0.9809450538664485, 'generation': 585}","{'id': 45407, 'rank': 20, 'fitness': 0.9808353938992811, 'generation': 585}","{'id': 45438, 'rank': 21, 'fitness': 0.9807619487391999, 'generation': 585}","{'id': 45439, 'rank': 22, 'fitness': 0.9802615744523587, 'generation': 585}","{'id': 45439, 'rank': 23, 'fitness': 0.9802615744523587, 'generation': 585}","{'id': 45443, 'rank': 24, 'fitness': 0.977844535166319, 'generation': 585}","{'id': 45443, 'rank': 25, 'fitness': 0.977844535166319, 'generation': 585}","{'id': 45397, 'rank': 26, 'fitness': 0.9768035900651222, 'generation': 585}","{'id': 45402, 'rank': 27, 'fitness': 0.9724038588110444, 'generation': 585}","{'id': 45428, 'rank': 28, 'fitness': 0.904397788800976, 'generation': 585}","{'id': 45428, 'rank': 29, 'fitness': 0.904397788800976, 'generation': 585}","{'id': 45421, 'rank': 30, 'fitness': 0.01798620996209155, 'generation': 585}"
"{'id': 45481, 'rank': 1, 'fitness': 0.9820137900379085, 'generation': 586}","{'id': 45415, 'rank': 2, 'fitness': 0.9800125698446875, 'generation': 586}","{'id': 45475, 'rank': 3, 'fitness': 0.9798780237342744, 'generation': 586}","{'id': 45484, 'rank': 4, 'fitness': 0.979305638211167, 'generation': 586}","{'id': 45519, 'rank': 5, 'fitness': 0.9777772503217839, 'generation': 586}","{'id': 45396, 'rank': 6, 'fitness': 0.977442695343892, 'generation': 586}","{'id': 45396, 'rank': 7, 'fitness': 0.977442695343892, 'generation': 586}","{'id': 45457, 'rank': 8, 'fitness': 0.97699620160229, 'generation': 586}","{'id': 45462, 'rank': 9, 'fitness': 0.9769236933168023, 'generation': 586}","{'id': 45468, 'rank': 10, 'fitness': 0.9769213738919186, 'generation': 586}","{'id': 45518, 'rank': 11, 'fitness': 0.9758746584520839, 'generation': 586}","{'id': 45518, 'rank': 12, 'fitness': 0.9758746584520839, 'generation': 586}","{'id': 45456, 'rank': 13, 'fitness': 0.9735117770509849, 'generation': 586}","{'id': 45465, 'rank': 14, 'fitness': 0.9724662258172612, 'generation': 586}","{'id': 45469, 'rank': 15, 'fitness': 0.9718518410081655, 'generation': 586}","{'id': 45372, 'rank': 16, 'fitness': 0.9717303573941752, 'generation': 586}","{'id': 45372, 'rank': 17, 'fitness': 0.9717303573941752, 'generation': 586}","{'id': 45455, 'rank': 18, 'fitness': 0.9712459792904782, 'generation': 586}","{'id': 45324, 'rank': 19, 'fitness': 0.969772184767272, 'generation': 586}","{'id': 45486, 'rank': 20, 'fitness': 0.9676004814365906, 'generation': 586}","{'id': 45487, 'rank': 21, 'fitness': 0.9669893491905689, 'generation': 586}","{'id': 45464, 'rank': 22, 'fitness': 0.9606332709955321, 'generation': 586}","{'id': 45463, 'rank': 23, 'fitness': 0.9581239113932964, 'generation': 586}","{'id': 45467, 'rank': 24, 'fitness': 0.9566076100136733, 'generation': 586}","{'id': 45307, 'rank': 25, 'fitness': 0.9472847827333494, 'generation': 586}","{'id': 45513, 'rank': 26, 'fitness': 0.945372088539567, 'generation': 586}","{'id': 45513, 'rank': 27, 'fitness': 0.945372088539567, 'generation': 586}","{'id': 45514, 'rank': 28, 'fitness': 0.9072366340300294, 'generation': 586}","{'id': 45499, 'rank': 29, 'fitness': 0.8229516767226439, 'generation': 586}","{'id': 45461, 'rank': 30, 'fitness': 0.01798620996209155, 'generation': 586}"
"{'id': 45604, 'rank': 1, 'fitness': 0.9820137900379085, 'generation': 587}","{'id': 45604, 'rank': 2, 'fitness': 0.9820137900379085, 'generation': 587}","{'id': 45415, 'rank': 3, 'fitness': 0.9818111339126937, 'generation': 587}","{'id': 45415, 'rank': 4, 'fitness': 0.9818111339126937, 'generation': 587}","{'id': 45415, 'rank': 5, 'fitness': 0.9818111339126937, 'generation': 587}","{'id': 45582, 'rank': 6, 'fitness': 0.9681193127111387, 'generation': 587}","{'id': 45569, 'rank': 7, 'fitness': 0.967112958132188, 'generation': 587}","{'id': 45462, 'rank': 8, 'fitness': 0.9647821098980769, 'generation': 587}","{'id': 45465, 'rank': 9, 'fitness': 0.9222705627975146, 'generation': 587}","{'id': 45469, 'rank': 10, 'fitness': 0.9144144036585684, 'generation': 587}","{'id': 45372, 'rank': 11, 'fitness': 0.9127990465440168, 'generation': 587}","{'id': 45372, 'rank': 12, 'fitness': 0.9127990465440168, 'generation': 587}","{'id': 45566, 'rank': 13, 'fitness': 0.865656589864324, 'generation': 587}","{'id': 45566, 'rank': 14, 'fitness': 0.865656589864324, 'generation': 587}","{'id': 45487, 'rank': 15, 'fitness': 0.833367595489845, 'generation': 587}","{'id': 45487, 'rank': 16, 'fitness': 0.833367595489845, 'generation': 587}","{'id': 45556, 'rank': 17, 'fitness': 0.8307074623804914, 'generation': 587}","{'id': 45602, 'rank': 18, 'fitness': 0.8266435979992692, 'generation': 587}","{'id': 45600, 'rank': 19, 'fitness': 0.8248043744520019, 'generation': 587}","{'id': 45467, 'rank': 20, 'fitness': 0.5736951846835101, 'generation': 587}","{'id': 45467, 'rank': 21, 'fitness': 0.5736951846835101, 'generation': 587}","{'id': 45581, 'rank': 22, 'fitness': 0.2647410720093123, 'generation': 587}","{'id': 45544, 'rank': 23, 'fitness': 0.2631002939045072, 'generation': 587}","{'id': 45564, 'rank': 24, 'fitness': 0.25254315230795493, 'generation': 587}","{'id': 45563, 'rank': 25, 'fitness': 0.22237577818858323, 'generation': 587}","{'id': 45549, 'rank': 26, 'fitness': 0.16306047411080538, 'generation': 587}","{'id': 45559, 'rank': 27, 'fitness': 0.14510462239100197, 'generation': 587}","{'id': 45580, 'rank': 28, 'fitness': 0.09398579010600783, 'generation': 587}","{'id': 45514, 'rank': 29, 'fitness': 0.030572323428926462, 'generation': 587}","{'id': 45543, 'rank': 30, 'fitness': 0.01798620996209155, 'generation': 587}"
"{'id': 45680, 'rank': 1, 'fitness': 0.9820137900379085, 'generation': 588}","{'id': 45683, 'rank': 2, 'fitness': 0.981948265847193, 'generation': 588}","{'id': 45604, 'rank': 3, 'fitness': 0.9815332570732838, 'generation': 588}","{'id': 45604, 'rank': 4, 'fitness': 0.9815332570732838, 'generation': 588}","{'id': 45415, 'rank': 5, 'fitness': 0.9815198661673776, 'generation': 588}","{'id': 45679, 'rank': 6, 'fitness': 0.9814988829289897, 'generation': 588}","{'id': 45679, 'rank': 7, 'fitness': 0.9814988829289897, 'generation': 588}","{'id': 45677, 'rank': 8, 'fitness': 0.9812788902988778, 'generation': 588}","{'id': 45677, 'rank': 9, 'fitness': 0.9812788902988778, 'generation': 588}","{'id': 45582, 'rank': 10, 'fitness': 0.9808323191405215, 'generation': 588}","{'id': 45569, 'rank': 11, 'fitness': 0.9807931990565488, 'generation': 588}","{'id': 45675, 'rank': 12, 'fitness': 0.9798606788139982, 'generation': 588}","{'id': 45675, 'rank': 13, 'fitness': 0.9798606788139982, 'generation': 588}","{'id': 45647, 'rank': 14, 'fitness': 0.9797464374111302, 'generation': 588}","{'id': 45469, 'rank': 15, 'fitness': 0.9795190940053573, 'generation': 588}","{'id': 45556, 'rank': 16, 'fitness': 0.9784840046493251, 'generation': 588}","{'id': 45600, 'rank': 17, 'fitness': 0.9784275124435131, 'generation': 588}","{'id': 45633, 'rank': 18, 'fitness': 0.9743629156164345, 'generation': 588}","{'id': 45559, 'rank': 19, 'fitness': 0.9733893755374406, 'generation': 588}","{'id': 45631, 'rank': 20, 'fitness': 0.973211998401111, 'generation': 588}","{'id': 45514, 'rank': 21, 'fitness': 0.9704174542425459, 'generation': 588}","{'id': 45543, 'rank': 22, 'fitness': 0.9693909683053012, 'generation': 588}","{'id': 45662, 'rank': 23, 'fitness': 0.9246665302759765, 'generation': 588}","{'id': 45654, 'rank': 24, 'fitness': 0.8782846518035923, 'generation': 588}","{'id': 45658, 'rank': 25, 'fitness': 0.7807544998287501, 'generation': 588}","{'id': 45636, 'rank': 26, 'fitness': 0.546781270115616, 'generation': 588}","{'id': 45684, 'rank': 27, 'fitness': 0.21503256238593876, 'generation': 588}","{'id': 45643, 'rank': 28, 'fitness': 0.09774487757152367, 'generation': 588}","{'id': 45644, 'rank': 29, 'fitness': 0.02081600194175759, 'generation': 588}","{'id': 45628, 'rank': 30, 'fitness': 0.01798620996209155, 'generation': 588}"
"{'id': 45702, 'rank': 1, 'fitness': 0.9820137900379085, 'generation': 589}","{'id': 45702, 'rank': 2, 'fitness': 0.9820137900379085, 'generation': 589}","{'id': 45683, 'rank': 3, 'fitness': 0.9819779807516882, 'generation': 589}","{'id': 45683, 'rank': 4, 'fitness': 0.9819779807516882, 'generation': 589}","{'id': 45604, 'rank': 5, 'fitness': 0.9817136125989567, 'generation': 589}","{'id': 45679, 'rank': 6, 'fitness': 0.9816918100629974, 'generation': 589}","{'id': 45679, 'rank': 7, 'fitness': 0.9816918100629974, 'generation': 589}","{'id': 45679, 'rank': 8, 'fitness': 0.9816918100629974, 'generation': 589}","{'id': 45712, 'rank': 9, 'fitness': 0.9816804719758734, 'generation': 589}","{'id': 45732, 'rank': 10, 'fitness': 0.9812755342566044, 'generation': 589}","{'id': 45569, 'rank': 11, 'fitness': 0.981247316138316, 'generation': 589}","{'id': 45719, 'rank': 12, 'fitness': 0.981231334210072, 'generation': 589}","{'id': 45737, 'rank': 13, 'fitness': 0.9810528663772018, 'generation': 589}","{'id': 45721, 'rank': 14, 'fitness': 0.9808525396040239, 'generation': 589}","{'id': 45675, 'rank': 15, 'fitness': 0.980668653158976, 'generation': 589}","{'id': 45722, 'rank': 16, 'fitness': 0.9804857254292425, 'generation': 589}","{'id': 45749, 'rank': 17, 'fitness': 0.9802617653066655, 'generation': 589}","{'id': 45700, 'rank': 18, 'fitness': 0.9798875080214359, 'generation': 589}","{'id': 45713, 'rank': 19, 'fitness': 0.978582612164253, 'generation': 589}","{'id': 45713, 'rank': 20, 'fitness': 0.978582612164253, 'generation': 589}","{'id': 45750, 'rank': 21, 'fitness': 0.9781835498368667, 'generation': 589}","{'id': 45757, 'rank': 22, 'fitness': 0.9779740749917356, 'generation': 589}","{'id': 45752, 'rank': 23, 'fitness': 0.9778442292049505, 'generation': 589}","{'id': 45705, 'rank': 24, 'fitness': 0.9775602594773558, 'generation': 589}","{'id': 45633, 'rank': 25, 'fitness': 0.9774294164342221, 'generation': 589}","{'id': 45514, 'rank': 26, 'fitness': 0.9752526493023415, 'generation': 589}","{'id': 45716, 'rank': 27, 'fitness': 0.9737829036320516, 'generation': 589}","{'id': 45717, 'rank': 28, 'fitness': 0.9729802868064503, 'generation': 589}","{'id': 45636, 'rank': 29, 'fitness': 0.8260801335586299, 'generation': 589}","{'id': 45727, 'rank': 30, 'fitness': 0.01798620996209155, 'generation': 589}"
"{'id': 45683, 'rank': 1, 'fitness': 0.9820137900379085, 'generation': 590}","{'id': 45683, 'rank': 2, 'fitness': 0.9820137900379085, 'generation': 590}","{'id': 45829, 'rank': 3, 'fitness': 0.9819736609816653, 'generation': 590}","{'id': 45829, 'rank': 4, 'fitness': 0.9819736609816653, 'generation': 590}","{'id': 45604, 'rank': 5, 'fitness': 0.9816858584474799, 'generation': 590}","{'id': 45604, 'rank': 6, 'fitness': 0.9816858584474799, 'generation': 590}","{'id': 45679, 'rank': 7, 'fitness': 0.9816587635654527, 'generation': 590}","{'id': 45816, 'rank': 8, 'fitness': 0.9816570446126862, 'generation': 590}","{'id': 45766, 'rank': 9, 'fitness': 0.981239226855102, 'generation': 590}","{'id': 45796, 'rank': 10, 'fitness': 0.9807252688107322, 'generation': 590}","{'id': 45810, 'rank': 11, 'fitness': 0.980570631079867, 'generation': 590}","{'id': 45810, 'rank': 12, 'fitness': 0.980570631079867, 'generation': 590}","{'id': 45774, 'rank': 13, 'fitness': 0.9804642939072953, 'generation': 590}","{'id': 45780, 'rank': 14, 'fitness': 0.9801662365187193, 'generation': 590}","{'id': 45780, 'rank': 15, 'fitness': 0.9801662365187193, 'generation': 590}","{'id': 45722, 'rank': 16, 'fitness': 0.9801482503073002, 'generation': 590}","{'id': 45798, 'rank': 17, 'fitness': 0.9800785913955004, 'generation': 590}","{'id': 45815, 'rank': 18, 'fitness': 0.9799850183281781, 'generation': 590}","{'id': 45778, 'rank': 19, 'fitness': 0.9797310592142521, 'generation': 590}","{'id': 45823, 'rank': 20, 'fitness': 0.9794392881711438, 'generation': 590}","{'id': 45784, 'rank': 21, 'fitness': 0.9793598547580893, 'generation': 590}","{'id': 45811, 'rank': 22, 'fitness': 0.9792778061642586, 'generation': 590}","{'id': 45809, 'rank': 23, 'fitness': 0.9782960004030947, 'generation': 590}","{'id': 45772, 'rank': 24, 'fitness': 0.9775555746097476, 'generation': 590}","{'id': 45757, 'rank': 25, 'fitness': 0.9769329049946112, 'generation': 590}","{'id': 45705, 'rank': 26, 'fitness': 0.9763946120169947, 'generation': 590}","{'id': 45791, 'rank': 27, 'fitness': 0.9760919680185227, 'generation': 590}","{'id': 45808, 'rank': 28, 'fitness': 0.9748649955438444, 'generation': 590}","{'id': 45514, 'rank': 29, 'fitness': 0.9733514909434702, 'generation': 590}","{'id': 45771, 'rank': 30, 'fitness': 0.01798620996209155, 'generation': 590}"
"{'id': 45935, 'rank': 1, 'fitness': 0.9820137900379085, 'generation': 591}","{'id': 45935, 'rank': 2, 'fitness': 0.9820137900379085, 'generation': 591}","{'id': 45928, 'rank': 3, 'fitness': 0.9687828016441854, 'generation': 591}","{'id': 45829, 'rank': 4, 'fitness': 0.9647733126610313, 'generation': 591}","{'id': 45766, 'rank': 5, 'fitness': 0.8951131733422778, 'generation': 591}","{'id': 45909, 'rank': 6, 'fitness': 0.8668166517072775, 'generation': 591}","{'id': 45932, 'rank': 7, 'fitness': 0.8628243561534791, 'generation': 591}","{'id': 45874, 'rank': 8, 'fitness': 0.8428456573504496, 'generation': 591}","{'id': 45930, 'rank': 9, 'fitness': 0.8039744989194574, 'generation': 591}","{'id': 45930, 'rank': 10, 'fitness': 0.8039744989194574, 'generation': 591}","{'id': 45930, 'rank': 11, 'fitness': 0.8039744989194574, 'generation': 591}","{'id': 45893, 'rank': 12, 'fitness': 0.7611950695443251, 'generation': 591}","{'id': 45851, 'rank': 13, 'fitness': 0.729708078320457, 'generation': 591}","{'id': 45936, 'rank': 14, 'fitness': 0.7175808442168533, 'generation': 591}","{'id': 45856, 'rank': 15, 'fitness': 0.7164364065774611, 'generation': 591}","{'id': 45925, 'rank': 16, 'fitness': 0.6949637976849603, 'generation': 591}","{'id': 45859, 'rank': 17, 'fitness': 0.6662792755911265, 'generation': 591}","{'id': 45780, 'rank': 18, 'fitness': 0.626825733388654, 'generation': 591}","{'id': 45780, 'rank': 19, 'fitness': 0.626825733388654, 'generation': 591}","{'id': 45722, 'rank': 20, 'fitness': 0.6206050611535138, 'generation': 591}","{'id': 45926, 'rank': 21, 'fitness': 0.5697411683479765, 'generation': 591}","{'id': 45924, 'rank': 22, 'fitness': 0.4397856318422489, 'generation': 591}","{'id': 45823, 'rank': 23, 'fitness': 0.3695020045863787, 'generation': 591}","{'id': 45811, 'rank': 24, 'fitness': 0.3179289865698657, 'generation': 591}","{'id': 45858, 'rank': 25, 'fitness': 0.29173387584718347, 'generation': 591}","{'id': 45879, 'rank': 26, 'fitness': 0.18728050704246357, 'generation': 591}","{'id': 45879, 'rank': 27, 'fitness': 0.18728050704246357, 'generation': 591}","{'id': 45854, 'rank': 28, 'fitness': 0.14453312941985164, 'generation': 591}","{'id': 45919, 'rank': 29, 'fitness': 0.06080108161250919, 'generation': 591}","{'id': 45913, 'rank': 30, 'fitness': 0.01798620996209155, 'generation': 591}"
"{'id': 45966, 'rank': 1, 'fitness': 0.9820137900379085, 'generation': 592}","{'id': 45966, 'rank': 2, 'fitness': 0.9820137900379085, 'generation': 592}","{'id': 45829, 'rank': 3, 'fitness': 0.9819674262360834, 'generation': 592}","{'id': 45829, 'rank': 4, 'fitness': 0.9819674262360834, 'generation': 592}","{'id': 45972, 'rank': 5, 'fitness': 0.9819492443323401, 'generation': 592}","{'id': 45766, 'rank': 6, 'fitness': 0.9818787368978632, 'generation': 592}","{'id': 45766, 'rank': 7, 'fitness': 0.9818787368978632, 'generation': 592}","{'id': 45874, 'rank': 8, 'fitness': 0.981843286211539, 'generation': 592}","{'id': 45893, 'rank': 9, 'fitness': 0.9818034961474899, 'generation': 592}","{'id': 45851, 'rank': 10, 'fitness': 0.9817907758636906, 'generation': 592}","{'id': 45967, 'rank': 11, 'fitness': 0.981789513098952, 'generation': 592}","{'id': 45856, 'rank': 12, 'fitness': 0.9817856969034203, 'generation': 592}","{'id': 45925, 'rank': 13, 'fitness': 0.9817777699471393, 'generation': 592}","{'id': 45970, 'rank': 14, 'fitness': 0.9817700208915541, 'generation': 592}","{'id': 45859, 'rank': 15, 'fitness': 0.9817676459302719, 'generation': 592}","{'id': 45722, 'rank': 16, 'fitness': 0.9817523535998125, 'generation': 592}","{'id': 45971, 'rank': 17, 'fitness': 0.9817200726372457, 'generation': 592}","{'id': 45858, 'rank': 18, 'fitness': 0.981646183071617, 'generation': 592}","{'id': 45879, 'rank': 19, 'fitness': 0.9816012885700389, 'generation': 592}","{'id': 45854, 'rank': 20, 'fitness': 0.981577254314457, 'generation': 592}","{'id': 45955, 'rank': 21, 'fitness': 0.9812555941958434, 'generation': 592}","{'id': 45955, 'rank': 22, 'fitness': 0.9812555941958434, 'generation': 592}","{'id': 45957, 'rank': 23, 'fitness': 0.9812467247346092, 'generation': 592}","{'id': 45962, 'rank': 24, 'fitness': 0.9766284965487497, 'generation': 592}","{'id': 45984, 'rank': 25, 'fitness': 0.9650260811446765, 'generation': 592}","{'id': 45945, 'rank': 26, 'fitness': 0.9554048505985495, 'generation': 592}","{'id': 46008, 'rank': 27, 'fitness': 0.7885857128848525, 'generation': 592}","{'id': 46007, 'rank': 28, 'fitness': 0.7166016240711487, 'generation': 592}","{'id': 45958, 'rank': 29, 'fitness': 0.5786995916150605, 'generation': 592}","{'id': 45996, 'rank': 30, 'fitness': 0.01798620996209155, 'generation': 592}"
"{'id': 46054, 'rank': 1, 'fitness': 0.9820137900379085, 'generation': 593}","{'id': 46054, 'rank': 2, 'fitness': 0.9820137900379085, 'generation': 593}","{'id': 45829, 'rank': 3, 'fitness': 0.9747130489263223, 'generation': 593}","{'id': 46089, 'rank': 4, 'fitness': 0.9628887235280585, 'generation': 593}","{'id': 46024, 'rank': 5, 'fitness': 0.9540867060000262, 'generation': 593}","{'id': 46012, 'rank': 6, 'fitness': 0.9400465526526485, 'generation': 593}","{'id': 45874, 'rank': 7, 'fitness': 0.9085705450167066, 'generation': 593}","{'id': 46032, 'rank': 8, 'fitness': 0.8821863014576701, 'generation': 593}","{'id': 46032, 'rank': 9, 'fitness': 0.8821863014576701, 'generation': 593}","{'id': 46055, 'rank': 10, 'fitness': 0.8772726234916208, 'generation': 593}","{'id': 46020, 'rank': 11, 'fitness': 0.8725631737425275, 'generation': 593}","{'id': 45851, 'rank': 12, 'fitness': 0.8488555048243575, 'generation': 593}","{'id': 45967, 'rank': 13, 'fitness': 0.8470889819210656, 'generation': 593}","{'id': 46082, 'rank': 14, 'fitness': 0.8401047271610593, 'generation': 593}","{'id': 46082, 'rank': 15, 'fitness': 0.8401047271610593, 'generation': 593}","{'id': 45925, 'rank': 16, 'fitness': 0.8298495594432195, 'generation': 593}","{'id': 46059, 'rank': 17, 'fitness': 0.794702278813751, 'generation': 593}","{'id': 46047, 'rank': 18, 'fitness': 0.7341728216332228, 'generation': 593}","{'id': 46049, 'rank': 19, 'fitness': 0.726537635449201, 'generation': 593}","{'id': 46031, 'rank': 20, 'fitness': 0.7090446958587325, 'generation': 593}","{'id': 46031, 'rank': 21, 'fitness': 0.7090446958587325, 'generation': 593}","{'id': 46083, 'rank': 22, 'fitness': 0.6500607023020721, 'generation': 593}","{'id': 46056, 'rank': 23, 'fitness': 0.6134347785640765, 'generation': 593}","{'id': 46060, 'rank': 24, 'fitness': 0.5835708050023241, 'generation': 593}","{'id': 46084, 'rank': 25, 'fitness': 0.505596875167497, 'generation': 593}","{'id': 45854, 'rank': 26, 'fitness': 0.3593328609318218, 'generation': 593}","{'id': 46026, 'rank': 27, 'fitness': 0.32561353747794486, 'generation': 593}","{'id': 46026, 'rank': 28, 'fitness': 0.32561353747794486, 'generation': 593}","{'id': 46045, 'rank': 29, 'fitness': 0.01908874547995093, 'generation': 593}","{'id': 45955, 'rank': 30, 'fitness': 0.01798620996209155, 'generation': 593}"
"{'id': 46054, 'rank': 1, 'fitness': 0.9820137900379085, 'generation': 594}","{'id': 46054, 'rank': 2, 'fitness': 0.9820137900379085, 'generation': 594}","{'id': 46054, 'rank': 3, 'fitness': 0.9820137900379085, 'generation': 594}","{'id': 46095, 'rank': 4, 'fitness': 0.9819622236371985, 'generation': 594}","{'id': 46139, 'rank': 5, 'fitness': 0.9816343848190341, 'generation': 594}","{'id': 46139, 'rank': 6, 'fitness': 0.9816343848190341, 'generation': 594}","{'id': 46024, 'rank': 7, 'fitness': 0.9808974126231316, 'generation': 594}","{'id': 46024, 'rank': 8, 'fitness': 0.9808974126231316, 'generation': 594}","{'id': 46098, 'rank': 9, 'fitness': 0.9808583002351161, 'generation': 594}","{'id': 46012, 'rank': 10, 'fitness': 0.9805593259661507, 'generation': 594}","{'id': 46097, 'rank': 11, 'fitness': 0.9799619320826753, 'generation': 594}","{'id': 45925, 'rank': 12, 'fitness': 0.9790938144770773, 'generation': 594}","{'id': 45925, 'rank': 13, 'fitness': 0.9790938144770773, 'generation': 594}","{'id': 46059, 'rank': 14, 'fitness': 0.9787912970835762, 'generation': 594}","{'id': 46031, 'rank': 15, 'fitness': 0.9781724829356377, 'generation': 594}","{'id': 46031, 'rank': 16, 'fitness': 0.9781724829356377, 'generation': 594}","{'id': 46146, 'rank': 17, 'fitness': 0.9776290413519263, 'generation': 594}","{'id': 46056, 'rank': 18, 'fitness': 0.9775830970490689, 'generation': 594}","{'id': 46026, 'rank': 19, 'fitness': 0.9758657543245239, 'generation': 594}","{'id': 46138, 'rank': 20, 'fitness': 0.9745360900946699, 'generation': 594}","{'id': 45955, 'rank': 21, 'fitness': 0.9704557479095373, 'generation': 594}","{'id': 46153, 'rank': 22, 'fitness': 0.9464241296599477, 'generation': 594}","{'id': 46149, 'rank': 23, 'fitness': 0.7166260498776184, 'generation': 594}","{'id': 46140, 'rank': 24, 'fitness': 0.3520579055316534, 'generation': 594}","{'id': 46130, 'rank': 25, 'fitness': 0.27997273376725906, 'generation': 594}","{'id': 46127, 'rank': 26, 'fitness': 0.2749372166894313, 'generation': 594}","{'id': 46093, 'rank': 27, 'fitness': 0.22809801820856446, 'generation': 594}","{'id': 46106, 'rank': 28, 'fitness': 0.20114268336645463, 'generation': 594}","{'id': 46142, 'rank': 29, 'fitness': 0.06221999391956834, 'generation': 594}","{'id': 46119, 'rank': 30, 'fitness': 0.01798620996209155, 'generation': 594}"
"{'id': 46200, 'rank': 1, 'fitness': 0.9820137900379085, 'generation': 595}","{'id': 46139, 'rank': 2, 'fitness': 0.9789911034540132, 'generation': 595}","{'id': 46212, 'rank': 3, 'fitness': 0.9788247348750688, 'generation': 595}","{'id': 46225, 'rank': 4, 'fitness': 0.9787120858493181, 'generation': 595}","{'id': 46217, 'rank': 5, 'fitness': 0.9781264594411201, 'generation': 595}","{'id': 46203, 'rank': 6, 'fitness': 0.9770149111119637, 'generation': 595}","{'id': 46164, 'rank': 7, 'fitness': 0.9769997903038943, 'generation': 595}","{'id': 46164, 'rank': 8, 'fitness': 0.9769997903038943, 'generation': 595}","{'id': 46207, 'rank': 9, 'fitness': 0.9765874631289506, 'generation': 595}","{'id': 46178, 'rank': 10, 'fitness': 0.9765803796015666, 'generation': 595}","{'id': 46201, 'rank': 11, 'fitness': 0.9752473809846565, 'generation': 595}","{'id': 46059, 'rank': 12, 'fitness': 0.9751445932261252, 'generation': 595}","{'id': 46159, 'rank': 13, 'fitness': 0.9745300265900533, 'generation': 595}","{'id': 46161, 'rank': 14, 'fitness': 0.9735900843380341, 'generation': 595}","{'id': 46198, 'rank': 15, 'fitness': 0.9735843569868674, 'generation': 595}","{'id': 46169, 'rank': 16, 'fitness': 0.9731009744676804, 'generation': 595}","{'id': 46186, 'rank': 17, 'fitness': 0.9722290844223329, 'generation': 595}","{'id': 46173, 'rank': 18, 'fitness': 0.9706079944388232, 'generation': 595}","{'id': 46193, 'rank': 19, 'fitness': 0.970316239298256, 'generation': 595}","{'id': 46197, 'rank': 20, 'fitness': 0.9699697233729272, 'generation': 595}","{'id': 46175, 'rank': 21, 'fitness': 0.9692061044619972, 'generation': 595}","{'id': 46209, 'rank': 22, 'fitness': 0.9691410116382283, 'generation': 595}","{'id': 46165, 'rank': 23, 'fitness': 0.9677204913929415, 'generation': 595}","{'id': 46176, 'rank': 24, 'fitness': 0.9674899815165384, 'generation': 595}","{'id': 46168, 'rank': 25, 'fitness': 0.9673784552875953, 'generation': 595}","{'id': 46196, 'rank': 26, 'fitness': 0.9641170211640069, 'generation': 595}","{'id': 46174, 'rank': 27, 'fitness': 0.9609910917479925, 'generation': 595}","{'id': 46220, 'rank': 28, 'fitness': 0.9599027889194202, 'generation': 595}","{'id': 46130, 'rank': 29, 'fitness': 0.12698631214191675, 'generation': 595}","{'id': 46142, 'rank': 30, 'fitness': 0.01798620996209155, 'generation': 595}"
"{'id': 46278, 'rank': 1, 'fitness': 0.9820137900379085, 'generation': 596}","{'id': 46139, 'rank': 2, 'fitness': 0.9580504193888448, 'generation': 596}","{'id': 46139, 'rank': 3, 'fitness': 0.9580504193888448, 'generation': 596}","{'id': 46225, 'rank': 4, 'fitness': 0.952395551597639, 'generation': 596}","{'id': 46308, 'rank': 5, 'fitness': 0.9329840579846742, 'generation': 596}","{'id': 46309, 'rank': 6, 'fitness': 0.9143064942114137, 'generation': 596}","{'id': 46207, 'rank': 7, 'fitness': 0.8849723049280098, 'generation': 596}","{'id': 46207, 'rank': 8, 'fitness': 0.8849723049280098, 'generation': 596}","{'id': 46279, 'rank': 9, 'fitness': 0.7761195354120346, 'generation': 596}","{'id': 46242, 'rank': 10, 'fitness': 0.7122061419690393, 'generation': 596}","{'id': 46169, 'rank': 11, 'fitness': 0.6551764967988553, 'generation': 596}","{'id': 46240, 'rank': 12, 'fitness': 0.5822518537453157, 'generation': 596}","{'id': 46240, 'rank': 13, 'fitness': 0.5822518537453157, 'generation': 596}","{'id': 46248, 'rank': 14, 'fitness': 0.5712913925508337, 'generation': 596}","{'id': 46249, 'rank': 15, 'fitness': 0.5525254251093213, 'generation': 596}","{'id': 46295, 'rank': 16, 'fitness': 0.4969791481723966, 'generation': 596}","{'id': 46173, 'rank': 17, 'fitness': 0.4368847478337454, 'generation': 596}","{'id': 46193, 'rank': 18, 'fitness': 0.41246679531555336, 'generation': 596}","{'id': 46193, 'rank': 19, 'fitness': 0.41246679531555336, 'generation': 596}","{'id': 46234, 'rank': 20, 'fitness': 0.3888563414427988, 'generation': 596}","{'id': 46175, 'rank': 21, 'fitness': 0.3261556048710601, 'generation': 596}","{'id': 46251, 'rank': 22, 'fitness': 0.2763783119067665, 'generation': 596}","{'id': 46165, 'rank': 23, 'fitness': 0.23086468093013174, 'generation': 596}","{'id': 46312, 'rank': 24, 'fitness': 0.17765410288955813, 'generation': 596}","{'id': 46259, 'rank': 25, 'fitness': 0.08844524866406761, 'generation': 596}","{'id': 46286, 'rank': 26, 'fitness': 0.08402552631504445, 'generation': 596}","{'id': 46303, 'rank': 27, 'fitness': 0.05007957538936747, 'generation': 596}","{'id': 46174, 'rank': 28, 'fitness': 0.04181772752654134, 'generation': 596}","{'id': 46256, 'rank': 29, 'fitness': 0.019832962048953184, 'generation': 596}","{'id': 46298, 'rank': 30, 'fitness': 0.01798620996209155, 'generation': 596}"
"{'id': 46225, 'rank': 1, 'fitness': 0.9820137900379085, 'generation': 597}","{'id': 46339, 'rank': 2, 'fitness': 0.9818979057028971, 'generation': 597}","{'id': 46207, 'rank': 3, 'fitness': 0.981895692149154, 'generation': 597}","{'id': 46279, 'rank': 4, 'fitness': 0.9817965967757724, 'generation': 597}","{'id': 46240, 'rank': 5, 'fitness': 0.9816826808545683, 'generation': 597}","{'id': 46240, 'rank': 6, 'fitness': 0.9816826808545683, 'generation': 597}","{'id': 46240, 'rank': 7, 'fitness': 0.9816826808545683, 'generation': 597}","{'id': 46240, 'rank': 8, 'fitness': 0.9816826808545683, 'generation': 597}","{'id': 46248, 'rank': 9, 'fitness': 0.9816770490316026, 'generation': 597}","{'id': 46249, 'rank': 10, 'fitness': 0.9816674825651123, 'generation': 597}","{'id': 46234, 'rank': 11, 'fitness': 0.9815840857434881, 'generation': 597}","{'id': 46234, 'rank': 12, 'fitness': 0.9815840857434881, 'generation': 597}","{'id': 46175, 'rank': 13, 'fitness': 0.9815495743965177, 'generation': 597}","{'id': 46259, 'rank': 14, 'fitness': 0.9813454947106826, 'generation': 597}","{'id': 46259, 'rank': 15, 'fitness': 0.9813454947106826, 'generation': 597}","{'id': 46259, 'rank': 16, 'fitness': 0.9813454947106826, 'generation': 597}","{'id': 46338, 'rank': 17, 'fitness': 0.9812260926485076, 'generation': 597}","{'id': 46336, 'rank': 18, 'fitness': 0.9811651620218023, 'generation': 597}","{'id': 46256, 'rank': 19, 'fitness': 0.9811443023699018, 'generation': 597}","{'id': 46319, 'rank': 20, 'fitness': 0.980771878609833, 'generation': 597}","{'id': 46355, 'rank': 21, 'fitness': 0.9803422720815326, 'generation': 597}","{'id': 46356, 'rank': 22, 'fitness': 0.9799566299315188, 'generation': 597}","{'id': 46342, 'rank': 23, 'fitness': 0.9783234320961802, 'generation': 597}","{'id': 46333, 'rank': 24, 'fitness': 0.9720240749669402, 'generation': 597}","{'id': 46329, 'rank': 25, 'fitness': 0.7277150766458772, 'generation': 597}","{'id': 46328, 'rank': 26, 'fitness': 0.7120509041986911, 'generation': 597}","{'id': 46361, 'rank': 27, 'fitness': 0.10838131403366758, 'generation': 597}","{'id': 46340, 'rank': 28, 'fitness': 0.04341485514707938, 'generation': 597}","{'id': 46340, 'rank': 29, 'fitness': 0.04341485514707938, 'generation': 597}","{'id': 46331, 'rank': 30, 'fitness': 0.01798620996209155, 'generation': 597}"
"{'id': 46390, 'rank': 1, 'fitness': 0.9820137900379085, 'generation': 598}","{'id': 46207, 'rank': 2, 'fitness': 0.9820050060202319, 'generation': 598}","{'id': 46427, 'rank': 3, 'fitness': 0.9819479461938845, 'generation': 598}","{'id': 46420, 'rank': 4, 'fitness': 0.9819045195124063, 'generation': 598}","{'id': 46240, 'rank': 5, 'fitness': 0.9818605831618963, 'generation': 598}","{'id': 46240, 'rank': 6, 'fitness': 0.9818605831618963, 'generation': 598}","{'id': 46248, 'rank': 7, 'fitness': 0.9818567718549545, 'generation': 598}","{'id': 46249, 'rank': 8, 'fitness': 0.9818502986321456, 'generation': 598}","{'id': 46175, 'rank': 9, 'fitness': 0.9817706010701717, 'generation': 598}","{'id': 46368, 'rank': 10, 'fitness': 0.9817581043853343, 'generation': 598}","{'id': 46416, 'rank': 11, 'fitness': 0.9817379850770358, 'generation': 598}","{'id': 46426, 'rank': 12, 'fitness': 0.9817319955758173, 'generation': 598}","{'id': 46412, 'rank': 13, 'fitness': 0.9817205092864099, 'generation': 598}","{'id': 46435, 'rank': 14, 'fitness': 0.9816455021217025, 'generation': 598}","{'id': 46259, 'rank': 15, 'fitness': 0.9816330301956789, 'generation': 598}","{'id': 46370, 'rank': 16, 'fitness': 0.9815948443139229, 'generation': 598}","{'id': 46376, 'rank': 17, 'fitness': 0.9815595226767777, 'generation': 598}","{'id': 46338, 'rank': 18, 'fitness': 0.9815527574434004, 'generation': 598}","{'id': 46378, 'rank': 19, 'fitness': 0.9815421268132334, 'generation': 598}","{'id': 46446, 'rank': 20, 'fitness': 0.9815158236810861, 'generation': 598}","{'id': 46444, 'rank': 21, 'fitness': 0.9814886720798999, 'generation': 598}","{'id': 46377, 'rank': 22, 'fitness': 0.9813211045552965, 'generation': 598}","{'id': 46432, 'rank': 23, 'fitness': 0.9813083428721227, 'generation': 598}","{'id': 46399, 'rank': 24, 'fitness': 0.9809910368739947, 'generation': 598}","{'id': 46407, 'rank': 25, 'fitness': 0.9808583214730773, 'generation': 598}","{'id': 46403, 'rank': 26, 'fitness': 0.9805291918913446, 'generation': 598}","{'id': 46374, 'rank': 27, 'fitness': 0.9792922836537304, 'generation': 598}","{'id': 46388, 'rank': 28, 'fitness': 0.7231826198691506, 'generation': 598}","{'id': 46385, 'rank': 29, 'fitness': 0.6509106014645938, 'generation': 598}","{'id': 46380, 'rank': 30, 'fitness': 0.01798620996209155, 'generation': 598}"
"{'id': 46427, 'rank': 1, 'fitness': 0.9820137900379085, 'generation': 599}","{'id': 46529, 'rank': 2, 'fitness': 0.9807215426577442, 'generation': 599}","{'id': 46420, 'rank': 3, 'fitness': 0.9716650903369128, 'generation': 599}","{'id': 46468, 'rank': 4, 'fitness': 0.9651822179831142, 'generation': 599}","{'id': 46507, 'rank': 5, 'fitness': 0.9392748893593291, 'generation': 599}","{'id': 46507, 'rank': 6, 'fitness': 0.9392748893593291, 'generation': 599}","{'id': 46469, 'rank': 7, 'fitness': 0.9378646192048291, 'generation': 599}","{'id': 46534, 'rank': 8, 'fitness': 0.9113649303554845, 'generation': 599}","{'id': 46515, 'rank': 9, 'fitness': 0.8903686027528519, 'generation': 599}","{'id': 46515, 'rank': 10, 'fitness': 0.8903686027528519, 'generation': 599}","{'id': 46486, 'rank': 11, 'fitness': 0.877102002472574, 'generation': 599}","{'id': 46477, 'rank': 12, 'fitness': 0.8768866298558721, 'generation': 599}","{'id': 46465, 'rank': 13, 'fitness': 0.8560521286855372, 'generation': 599}","{'id': 46412, 'rank': 14, 'fitness': 0.82868211626881, 'generation': 599}","{'id': 46505, 'rank': 15, 'fitness': 0.8017736922994976, 'generation': 599}","{'id': 46517, 'rank': 16, 'fitness': 0.7224024437635204, 'generation': 599}","{'id': 46487, 'rank': 17, 'fitness': 0.6936590847218869, 'generation': 599}","{'id': 46259, 'rank': 18, 'fitness': 0.6574535028043333, 'generation': 599}","{'id': 46370, 'rank': 19, 'fitness': 0.5621343317635029, 'generation': 599}","{'id': 46533, 'rank': 20, 'fitness': 0.5073941400721486, 'generation': 599}","{'id': 46533, 'rank': 21, 'fitness': 0.5073941400721486, 'generation': 599}","{'id': 46533, 'rank': 22, 'fitness': 0.5073941400721486, 'generation': 599}","{'id': 46376, 'rank': 23, 'fitness': 0.46968285383404496, 'generation': 599}","{'id': 46501, 'rank': 24, 'fitness': 0.3416330340542343, 'generation': 599}","{'id': 46466, 'rank': 25, 'fitness': 0.32675990232764046, 'generation': 599}","{'id': 46444, 'rank': 26, 'fitness': 0.2965063564076339, 'generation': 599}","{'id': 46478, 'rank': 27, 'fitness': 0.20760572139375355, 'generation': 599}","{'id': 46497, 'rank': 28, 'fitness': 0.07411275172852072, 'generation': 599}","{'id': 46496, 'rank': 29, 'fitness': 0.049303595975646375, 'generation': 599}","{'id': 46460, 'rank': 30, 'fitness': 0.01798620996209155, 'generation': 599}"
"{'id': 46529, 'rank': 1, 'fitness': 0.9820137900379085, 'generation': 600}","{'id': 46545, 'rank': 2, 'fitness': 0.9819935188316453, 'generation': 600}","{'id': 46420, 'rank': 3, 'fitness': 0.9819727071403985, 'generation': 600}","{'id': 46468, 'rank': 4, 'fitness': 0.9819505090734177, 'generation': 600}","{'id': 46579, 'rank': 5, 'fitness': 0.9819220893609371, 'generation': 600}","{'id': 46579, 'rank': 6, 'fitness': 0.9819220893609371, 'generation': 600}","{'id': 46507, 'rank': 7, 'fitness': 0.9818894897892338, 'generation': 600}","{'id': 46507, 'rank': 8, 'fitness': 0.9818894897892338, 'generation': 600}","{'id': 46515, 'rank': 9, 'fitness': 0.9818218763050162, 'generation': 600}","{'id': 46515, 'rank': 10, 'fitness': 0.9818218763050162, 'generation': 600}","{'id': 46544, 'rank': 11, 'fitness': 0.9818177514769004, 'generation': 600}","{'id': 46544, 'rank': 12, 'fitness': 0.9818177514769004, 'generation': 600}","{'id': 46486, 'rank': 13, 'fitness': 0.9818082823109825, 'generation': 600}","{'id': 46477, 'rank': 14, 'fitness': 0.9818080722381476, 'generation': 600}","{'id': 46412, 'rank': 15, 'fitness': 0.9817673114408847, 'generation': 600}","{'id': 46487, 'rank': 16, 'fitness': 0.9816870966092915, 'generation': 600}","{'id': 46478, 'rank': 17, 'fitness': 0.981457281434866, 'generation': 600}","{'id': 46557, 'rank': 18, 'fitness': 0.9814133729146979, 'generation': 600}","{'id': 46497, 'rank': 19, 'fitness': 0.9813297267670453, 'generation': 600}","{'id': 46578, 'rank': 20, 'fitness': 0.981286215450947, 'generation': 600}","{'id': 46578, 'rank': 21, 'fitness': 0.981286215450947, 'generation': 600}","{'id': 46585, 'rank': 22, 'fitness': 0.9811756122452665, 'generation': 600}","{'id': 46585, 'rank': 23, 'fitness': 0.9811756122452665, 'generation': 600}","{'id': 46542, 'rank': 24, 'fitness': 0.9793770156886893, 'generation': 600}","{'id': 46593, 'rank': 25, 'fitness': 0.977487877523965, 'generation': 600}","{'id': 46593, 'rank': 26, 'fitness': 0.977487877523965, 'generation': 600}","{'id': 46571, 'rank': 27, 'fitness': 0.9774643047181777, 'generation': 600}","{'id': 46566, 'rank': 28, 'fitness': 0.9676184998888895, 'generation': 600}","{'id': 46599, 'rank': 29, 'fitness': 0.9116709601633184, 'generation': 600}","{'id': 46576, 'rank': 30, 'fitness': 0.01798620996209155, 'generation': 600}"
"{'id': 46624, 'rank': 1, 'fitness': 0.9820137900379085, 'generation': 601}","{'id': 46545, 'rank': 2, 'fitness': 0.9804962939846545, 'generation': 601}","{'id': 46693, 'rank': 3, 'fitness': 0.9788008786787556, 'generation': 601}","{'id': 46693, 'rank': 4, 'fitness': 0.9788008786787556, 'generation': 601}","{'id': 46686, 'rank': 5, 'fitness': 0.978740064811813, 'generation': 601}","{'id': 46690, 'rank': 6, 'fitness': 0.9779524489801257, 'generation': 601}","{'id': 46661, 'rank': 7, 'fitness': 0.9779414526292702, 'generation': 601}","{'id': 46625, 'rank': 8, 'fitness': 0.9774457048462544, 'generation': 601}","{'id': 46625, 'rank': 9, 'fitness': 0.9774457048462544, 'generation': 601}","{'id': 46662, 'rank': 10, 'fitness': 0.9760982172359364, 'generation': 601}","{'id': 46615, 'rank': 11, 'fitness': 0.9747240863184256, 'generation': 601}","{'id': 46663, 'rank': 12, 'fitness': 0.9743455794043292, 'generation': 601}","{'id': 46515, 'rank': 13, 'fitness': 0.972928293445847, 'generation': 601}","{'id': 46544, 'rank': 14, 'fitness': 0.9727160555230558, 'generation': 601}","{'id': 46664, 'rank': 15, 'fitness': 0.9711587097322731, 'generation': 601}","{'id': 46695, 'rank': 16, 'fitness': 0.9708909427217858, 'generation': 601}","{'id': 46695, 'rank': 17, 'fitness': 0.9708909427217858, 'generation': 601}","{'id': 46645, 'rank': 18, 'fitness': 0.9696082858770192, 'generation': 601}","{'id': 46645, 'rank': 19, 'fitness': 0.9696082858770192, 'generation': 601}","{'id': 46688, 'rank': 20, 'fitness': 0.9684694929690678, 'generation': 601}","{'id': 46658, 'rank': 21, 'fitness': 0.9684247408257712, 'generation': 601}","{'id': 46487, 'rank': 22, 'fitness': 0.9651235217435554, 'generation': 601}","{'id': 46620, 'rank': 23, 'fitness': 0.9649508088561383, 'generation': 601}","{'id': 46620, 'rank': 24, 'fitness': 0.9649508088561383, 'generation': 601}","{'id': 46621, 'rank': 25, 'fitness': 0.9638154541505017, 'generation': 601}","{'id': 46621, 'rank': 26, 'fitness': 0.9638154541505017, 'generation': 601}","{'id': 46674, 'rank': 27, 'fitness': 0.9604521458446651, 'generation': 601}","{'id': 46626, 'rank': 28, 'fitness': 0.9253305764932284, 'generation': 601}","{'id': 46585, 'rank': 29, 'fitness': 0.9125685433870925, 'generation': 601}","{'id': 46593, 'rank': 30, 'fitness': 0.01798620996209155, 'generation': 601}"
"{'id': 46747, 'rank': 1, 'fitness': 0.9820137900379085, 'generation': 602}","{'id': 46746, 'rank': 2, 'fitness': 0.9774521419015508, 'generation': 602}","{'id': 46690, 'rank': 3, 'fitness': 0.9724073570670171, 'generation': 602}","{'id': 46661, 'rank': 4, 'fitness': 0.972393479249782, 'generation': 602}","{'id': 46756, 'rank': 5, 'fitness': 0.9694980066567693, 'generation': 602}","{'id': 46756, 'rank': 6, 'fitness': 0.9694980066567693, 'generation': 602}","{'id': 46615, 'rank': 7, 'fitness': 0.9683325449270201, 'generation': 602}","{'id': 46709, 'rank': 8, 'fitness': 0.9661271788822609, 'generation': 602}","{'id': 46711, 'rank': 9, 'fitness': 0.965460960851322, 'generation': 602}","{'id': 46711, 'rank': 10, 'fitness': 0.965460960851322, 'generation': 602}","{'id': 46664, 'rank': 11, 'fitness': 0.9638320692802391, 'generation': 602}","{'id': 46695, 'rank': 12, 'fitness': 0.9634940956195186, 'generation': 602}","{'id': 46688, 'rank': 13, 'fitness': 0.9604380508981498, 'generation': 602}","{'id': 46658, 'rank': 14, 'fitness': 0.9603815764631349, 'generation': 602}","{'id': 46658, 'rank': 15, 'fitness': 0.9603815764631349, 'generation': 602}","{'id': 46776, 'rank': 16, 'fitness': 0.9594764753813694, 'generation': 602}","{'id': 46764, 'rank': 17, 'fitness': 0.9573280770393566, 'generation': 602}","{'id': 46487, 'rank': 18, 'fitness': 0.9562164456870599, 'generation': 602}","{'id': 46620, 'rank': 19, 'fitness': 0.9559985845086417, 'generation': 602}","{'id': 46744, 'rank': 20, 'fitness': 0.9549418824393612, 'generation': 602}","{'id': 46744, 'rank': 21, 'fitness': 0.9549418824393612, 'generation': 602}","{'id': 46621, 'rank': 22, 'fitness': 0.9545665823245116, 'generation': 602}","{'id': 46729, 'rank': 23, 'fitness': 0.9538614307782534, 'generation': 602}","{'id': 46718, 'rank': 24, 'fitness': 0.9496283432269441, 'generation': 602}","{'id': 46703, 'rank': 25, 'fitness': 0.9292283487062245, 'generation': 602}","{'id': 46788, 'rank': 26, 'fitness': 0.927328913283182, 'generation': 602}","{'id': 46738, 'rank': 27, 'fitness': 0.918772855690345, 'generation': 602}","{'id': 46766, 'rank': 28, 'fitness': 0.9148964236355523, 'generation': 602}","{'id': 46752, 'rank': 29, 'fitness': 0.8888269873278902, 'generation': 602}","{'id': 46761, 'rank': 30, 'fitness': 0.01798620996209155, 'generation': 602}"
"{'id': 46793, 'rank': 1, 'fitness': 0.9820137900379085, 'generation': 603}","{'id': 46794, 'rank': 2, 'fitness': 0.9569486099640749, 'generation': 603}","{'id': 46794, 'rank': 3, 'fitness': 0.9569486099640749, 'generation': 603}","{'id': 46690, 'rank': 4, 'fitness': 0.9482899773447054, 'generation': 603}","{'id': 46615, 'rank': 5, 'fitness': 0.9251866991251395, 'generation': 603}","{'id': 46711, 'rank': 6, 'fitness': 0.9060052575994637, 'generation': 603}","{'id': 46695, 'rank': 7, 'fitness': 0.8915242561520277, 'generation': 603}","{'id': 46860, 'rank': 8, 'fitness': 0.8610525549583934, 'generation': 603}","{'id': 46860, 'rank': 9, 'fitness': 0.8610525549583934, 'generation': 603}","{'id': 46776, 'rank': 10, 'fitness': 0.858754033503499, 'generation': 603}","{'id': 46764, 'rank': 11, 'fitness': 0.8396139870203816, 'generation': 603}","{'id': 46729, 'rank': 12, 'fitness': 0.8066626521066287, 'generation': 603}","{'id': 46847, 'rank': 13, 'fitness': 0.7985249519399497, 'generation': 603}","{'id': 46847, 'rank': 14, 'fitness': 0.7985249519399497, 'generation': 603}","{'id': 46835, 'rank': 15, 'fitness': 0.7145244292078039, 'generation': 603}","{'id': 46809, 'rank': 16, 'fitness': 0.6866100444858715, 'generation': 603}","{'id': 46792, 'rank': 17, 'fitness': 0.6545169186709117, 'generation': 603}","{'id': 46867, 'rank': 18, 'fitness': 0.4978928313133775, 'generation': 603}","{'id': 46738, 'rank': 19, 'fitness': 0.43890309689929696, 'generation': 603}","{'id': 46766, 'rank': 20, 'fitness': 0.40449689931552746, 'generation': 603}","{'id': 46864, 'rank': 21, 'fitness': 0.24667140660672615, 'generation': 603}","{'id': 46813, 'rank': 22, 'fitness': 0.20419419810190642, 'generation': 603}","{'id': 46813, 'rank': 23, 'fitness': 0.20419419810190642, 'generation': 603}","{'id': 46848, 'rank': 24, 'fitness': 0.18291573011409584, 'generation': 603}","{'id': 46850, 'rank': 25, 'fitness': 0.1662109622728799, 'generation': 603}","{'id': 46790, 'rank': 26, 'fitness': 0.15889308835682903, 'generation': 603}","{'id': 46814, 'rank': 27, 'fitness': 0.09392625942716448, 'generation': 603}","{'id': 46805, 'rank': 28, 'fitness': 0.06682794509765044, 'generation': 603}","{'id': 46799, 'rank': 29, 'fitness': 0.05013099228126339, 'generation': 603}","{'id': 46865, 'rank': 30, 'fitness': 0.01798620996209155, 'generation': 603}"
"{'id': 46927, 'rank': 1, 'fitness': 0.9820137900379085, 'generation': 604}","{'id': 46794, 'rank': 2, 'fitness': 0.9818564155943021, 'generation': 604}","{'id': 46794, 'rank': 3, 'fitness': 0.9818564155943021, 'generation': 604}","{'id': 46615, 'rank': 4, 'fitness': 0.9817512405721425, 'generation': 604}","{'id': 46695, 'rank': 5, 'fitness': 0.9816775972572147, 'generation': 604}","{'id': 46695, 'rank': 6, 'fitness': 0.9816775972572147, 'generation': 604}","{'id': 46860, 'rank': 7, 'fitness': 0.9816265379752622, 'generation': 604}","{'id': 46860, 'rank': 8, 'fitness': 0.9816265379752622, 'generation': 604}","{'id': 46764, 'rank': 9, 'fitness': 0.9815959636058835, 'generation': 604}","{'id': 46764, 'rank': 10, 'fitness': 0.9815959636058835, 'generation': 604}","{'id': 46764, 'rank': 11, 'fitness': 0.9815959636058835, 'generation': 604}","{'id': 46847, 'rank': 12, 'fitness': 0.9815454246493226, 'generation': 604}","{'id': 46875, 'rank': 13, 'fitness': 0.9815375169299713, 'generation': 604}","{'id': 46809, 'rank': 14, 'fitness': 0.9814373053604031, 'generation': 604}","{'id': 46874, 'rank': 15, 'fitness': 0.981355744641575, 'generation': 604}","{'id': 46921, 'rank': 16, 'fitness': 0.9813018484000449, 'generation': 604}","{'id': 46738, 'rank': 17, 'fitness': 0.9812479731669249, 'generation': 604}","{'id': 46813, 'rank': 18, 'fitness': 0.9810409295490687, 'generation': 604}","{'id': 46888, 'rank': 19, 'fitness': 0.9809589301357727, 'generation': 604}","{'id': 46877, 'rank': 20, 'fitness': 0.9807939871669391, 'generation': 604}","{'id': 46891, 'rank': 21, 'fitness': 0.9771406079081788, 'generation': 604}","{'id': 46871, 'rank': 22, 'fitness': 0.9734244688434084, 'generation': 604}","{'id': 46872, 'rank': 23, 'fitness': 0.9733473446286542, 'generation': 604}","{'id': 46898, 'rank': 24, 'fitness': 0.9726318705940047, 'generation': 604}","{'id': 46901, 'rank': 25, 'fitness': 0.9725857573671214, 'generation': 604}","{'id': 46882, 'rank': 26, 'fitness': 0.972312120250675, 'generation': 604}","{'id': 46925, 'rank': 27, 'fitness': 0.9629257943512, 'generation': 604}","{'id': 46905, 'rank': 28, 'fitness': 0.33720288576934676, 'generation': 604}","{'id': 46879, 'rank': 29, 'fitness': 0.020677773889417272, 'generation': 604}","{'id': 46920, 'rank': 30, 'fitness': 0.01798620996209155, 'generation': 604}"
"{'id': 47012, 'rank': 1, 'fitness': 0.9820137900379085, 'generation': 605}","{'id': 47010, 'rank': 2, 'fitness': 0.9809246289136635, 'generation': 605}","{'id': 47010, 'rank': 3, 'fitness': 0.9809246289136635, 'generation': 605}","{'id': 46980, 'rank': 4, 'fitness': 0.980331397381577, 'generation': 605}","{'id': 47013, 'rank': 5, 'fitness': 0.9791035028905102, 'generation': 605}","{'id': 47011, 'rank': 6, 'fitness': 0.9776349383415914, 'generation': 605}","{'id': 46615, 'rank': 7, 'fitness': 0.9737510723826133, 'generation': 605}","{'id': 46942, 'rank': 8, 'fitness': 0.9721863549263794, 'generation': 605}","{'id': 46943, 'rank': 9, 'fitness': 0.9706720969316724, 'generation': 605}","{'id': 46695, 'rank': 10, 'fitness': 0.97004699089599, 'generation': 605}","{'id': 46951, 'rank': 11, 'fitness': 0.9679140000855202, 'generation': 605}","{'id': 46951, 'rank': 12, 'fitness': 0.9679140000855202, 'generation': 605}","{'id': 46860, 'rank': 13, 'fitness': 0.9671964006905844, 'generation': 605}","{'id': 46860, 'rank': 14, 'fitness': 0.9671964006905844, 'generation': 605}","{'id': 46764, 'rank': 15, 'fitness': 0.9653698774143696, 'generation': 605}","{'id': 46764, 'rank': 16, 'fitness': 0.9653698774143696, 'generation': 605}","{'id': 47007, 'rank': 17, 'fitness': 0.9624938311157021, 'generation': 605}","{'id': 46948, 'rank': 18, 'fitness': 0.9617059658959027, 'generation': 605}","{'id': 46993, 'rank': 19, 'fitness': 0.9573548344897265, 'generation': 605}","{'id': 47018, 'rank': 20, 'fitness': 0.9564929666619696, 'generation': 605}","{'id': 46933, 'rank': 21, 'fitness': 0.9563297599204523, 'generation': 605}","{'id': 47023, 'rank': 22, 'fitness': 0.9529518401879528, 'generation': 605}","{'id': 47009, 'rank': 23, 'fitness': 0.9507506705268939, 'generation': 605}","{'id': 46953, 'rank': 24, 'fitness': 0.9499099959404073, 'generation': 605}","{'id': 46995, 'rank': 25, 'fitness': 0.9490575643320357, 'generation': 605}","{'id': 46985, 'rank': 26, 'fitness': 0.9488431956840921, 'generation': 605}","{'id': 47019, 'rank': 27, 'fitness': 0.9463318692348175, 'generation': 605}","{'id': 46986, 'rank': 28, 'fitness': 0.9433901843349037, 'generation': 605}","{'id': 46990, 'rank': 29, 'fitness': 0.926172631769321, 'generation': 605}","{'id': 46891, 'rank': 30, 'fitness': 0.01798620996209155, 'generation': 605}"
"{'id': 47012, 'rank': 1, 'fitness': 0.9820137900379085, 'generation': 606}","{'id': 47012, 'rank': 2, 'fitness': 0.9820137900379085, 'generation': 606}","{'id': 47012, 'rank': 3, 'fitness': 0.9820137900379085, 'generation': 606}","{'id': 47010, 'rank': 4, 'fitness': 0.9793220213173794, 'generation': 606}","{'id': 46980, 'rank': 5, 'fitness': 0.9777660437445606, 'generation': 606}","{'id': 47110, 'rank': 6, 'fitness': 0.9754383371110487, 'generation': 606}","{'id': 47110, 'rank': 7, 'fitness': 0.9754383371110487, 'generation': 606}","{'id': 47013, 'rank': 8, 'fitness': 0.974342058524591, 'generation': 606}","{'id': 47038, 'rank': 9, 'fitness': 0.9699075113551022, 'generation': 606}","{'id': 47038, 'rank': 10, 'fitness': 0.9699075113551022, 'generation': 606}","{'id': 47077, 'rank': 11, 'fitness': 0.96284320863745, 'generation': 606}","{'id': 47030, 'rank': 12, 'fitness': 0.9627423238604709, 'generation': 606}","{'id': 47054, 'rank': 13, 'fitness': 0.9618413466763429, 'generation': 606}","{'id': 47039, 'rank': 14, 'fitness': 0.9530032598497651, 'generation': 606}","{'id': 47057, 'rank': 15, 'fitness': 0.9464617624510128, 'generation': 606}","{'id': 47036, 'rank': 16, 'fitness': 0.9408200233093944, 'generation': 606}","{'id': 47037, 'rank': 17, 'fitness': 0.9358403995487543, 'generation': 606}","{'id': 46951, 'rank': 18, 'fitness': 0.9303162061185496, 'generation': 606}","{'id': 46764, 'rank': 19, 'fitness': 0.9171441276821984, 'generation': 606}","{'id': 46764, 'rank': 20, 'fitness': 0.9171441276821984, 'generation': 606}","{'id': 46948, 'rank': 21, 'fitness': 0.8962634788671082, 'generation': 606}","{'id': 47112, 'rank': 22, 'fitness': 0.8891369260559772, 'generation': 606}","{'id': 47069, 'rank': 23, 'fitness': 0.7666741226246411, 'generation': 606}","{'id': 47069, 'rank': 24, 'fitness': 0.7666741226246411, 'generation': 606}","{'id': 46986, 'rank': 25, 'fitness': 0.7654435231113871, 'generation': 606}","{'id': 47078, 'rank': 26, 'fitness': 0.6910798558174533, 'generation': 606}","{'id': 47081, 'rank': 27, 'fitness': 0.562508261673381, 'generation': 606}","{'id': 47065, 'rank': 28, 'fitness': 0.4583433575404119, 'generation': 606}","{'id': 47074, 'rank': 29, 'fitness': 0.2665166626858756, 'generation': 606}","{'id': 47045, 'rank': 30, 'fitness': 0.01798620996209155, 'generation': 606}"
"{'id': 47173, 'rank': 1, 'fitness': 0.9820137900379085, 'generation': 607}","{'id': 47173, 'rank': 2, 'fitness': 0.9820137900379085, 'generation': 607}","{'id': 47012, 'rank': 3, 'fitness': 0.9819402783856299, 'generation': 607}","{'id': 47012, 'rank': 4, 'fitness': 0.9819402783856299, 'generation': 607}","{'id': 47012, 'rank': 5, 'fitness': 0.9819402783856299, 'generation': 607}","{'id': 47012, 'rank': 6, 'fitness': 0.9819402783856299, 'generation': 607}","{'id': 47152, 'rank': 7, 'fitness': 0.9733089168452074, 'generation': 607}","{'id': 47181, 'rank': 8, 'fitness': 0.9702585048335187, 'generation': 607}","{'id': 47038, 'rank': 9, 'fitness': 0.968509334817624, 'generation': 607}","{'id': 47038, 'rank': 10, 'fitness': 0.968509334817624, 'generation': 607}","{'id': 47142, 'rank': 11, 'fitness': 0.9629849720998134, 'generation': 607}","{'id': 47054, 'rank': 12, 'fitness': 0.959313491983984, 'generation': 607}","{'id': 47179, 'rank': 13, 'fitness': 0.9552339404590339, 'generation': 607}","{'id': 47039, 'rank': 14, 'fitness': 0.9490751837089448, 'generation': 607}","{'id': 47190, 'rank': 15, 'fitness': 0.9483019885895134, 'generation': 607}","{'id': 47057, 'rank': 16, 'fitness': 0.9414100373898043, 'generation': 607}","{'id': 47188, 'rank': 17, 'fitness': 0.932335684300537, 'generation': 607}","{'id': 47037, 'rank': 18, 'fitness': 0.9288379525266945, 'generation': 607}","{'id': 46951, 'rank': 19, 'fitness': 0.9222479076766437, 'generation': 607}","{'id': 47143, 'rank': 20, 'fitness': 0.9195194751222289, 'generation': 607}","{'id': 47143, 'rank': 21, 'fitness': 0.9195194751222289, 'generation': 607}","{'id': 47141, 'rank': 22, 'fitness': 0.9195162388206226, 'generation': 607}","{'id': 47178, 'rank': 23, 'fitness': 0.9117969197343652, 'generation': 607}","{'id': 46764, 'rank': 24, 'fitness': 0.9064220973560917, 'generation': 607}","{'id': 47195, 'rank': 25, 'fitness': 0.7258941253365152, 'generation': 607}","{'id': 47069, 'rank': 26, 'fitness': 0.7226752444255836, 'generation': 607}","{'id': 47130, 'rank': 27, 'fitness': 0.6964131089491756, 'generation': 607}","{'id': 47170, 'rank': 28, 'fitness': 0.6517747695915626, 'generation': 607}","{'id': 47131, 'rank': 29, 'fitness': 0.4091273308823459, 'generation': 607}","{'id': 47156, 'rank': 30, 'fitness': 0.01798620996209155, 'generation': 607}"
"{'id': 47219, 'rank': 1, 'fitness': 0.9820137900379085, 'generation': 608}","{'id': 47173, 'rank': 2, 'fitness': 0.982004375038237, 'generation': 608}","{'id': 47012, 'rank': 3, 'fitness': 0.9819693375275834, 'generation': 608}","{'id': 47012, 'rank': 4, 'fitness': 0.9819693375275834, 'generation': 608}","{'id': 47012, 'rank': 5, 'fitness': 0.9819693375275834, 'generation': 608}","{'id': 47221, 'rank': 6, 'fitness': 0.9816573171767251, 'generation': 608}","{'id': 47245, 'rank': 7, 'fitness': 0.9799008041683698, 'generation': 608}","{'id': 47245, 'rank': 8, 'fitness': 0.9799008041683698, 'generation': 608}","{'id': 47181, 'rank': 9, 'fitness': 0.9771096436155391, 'generation': 608}","{'id': 47038, 'rank': 10, 'fitness': 0.976472346877168, 'generation': 608}","{'id': 47256, 'rank': 11, 'fitness': 0.9748341105967999, 'generation': 608}","{'id': 47142, 'rank': 12, 'fitness': 0.9745674188394822, 'generation': 608}","{'id': 47179, 'rank': 13, 'fitness': 0.9721165210696975, 'generation': 608}","{'id': 46951, 'rank': 14, 'fitness': 0.9634348456227243, 'generation': 608}","{'id': 46951, 'rank': 15, 'fitness': 0.9634348456227243, 'generation': 608}","{'id': 47141, 'rank': 16, 'fitness': 0.9627996757459094, 'generation': 608}","{'id': 47254, 'rank': 17, 'fitness': 0.9622644773620331, 'generation': 608}","{'id': 47178, 'rank': 18, 'fitness': 0.9610531516470991, 'generation': 608}","{'id': 47233, 'rank': 19, 'fitness': 0.9583225774029516, 'generation': 608}","{'id': 47233, 'rank': 20, 'fitness': 0.9583225774029516, 'generation': 608}","{'id': 47228, 'rank': 21, 'fitness': 0.9439862601365115, 'generation': 608}","{'id': 47227, 'rank': 22, 'fitness': 0.9420643683087715, 'generation': 608}","{'id': 47195, 'rank': 23, 'fitness': 0.9280006929316689, 'generation': 608}","{'id': 47235, 'rank': 24, 'fitness': 0.9224461026203453, 'generation': 608}","{'id': 47216, 'rank': 25, 'fitness': 0.9169749808647052, 'generation': 608}","{'id': 47211, 'rank': 26, 'fitness': 0.8066752277705268, 'generation': 608}","{'id': 47240, 'rank': 27, 'fitness': 0.38365076214446014, 'generation': 608}","{'id': 47263, 'rank': 28, 'fitness': 0.16796118551697226, 'generation': 608}","{'id': 47203, 'rank': 29, 'fitness': 0.06892560664091874, 'generation': 608}","{'id': 47217, 'rank': 30, 'fitness': 0.01798620996209155, 'generation': 608}"
"{'id': 47331, 'rank': 1, 'fitness': 0.9820137900379085, 'generation': 609}","{'id': 47362, 'rank': 2, 'fitness': 0.9812471909296177, 'generation': 609}","{'id': 47173, 'rank': 3, 'fitness': 0.977295391537471, 'generation': 609}","{'id': 47012, 'rank': 4, 'fitness': 0.9771623105321623, 'generation': 609}","{'id': 47321, 'rank': 5, 'fitness': 0.9770320490799724, 'generation': 609}","{'id': 47340, 'rank': 6, 'fitness': 0.9743278356440149, 'generation': 609}","{'id': 47350, 'rank': 7, 'fitness': 0.9699996229067304, 'generation': 609}","{'id': 47245, 'rank': 8, 'fitness': 0.9683840168270076, 'generation': 609}","{'id': 47245, 'rank': 9, 'fitness': 0.9683840168270076, 'generation': 609}","{'id': 47038, 'rank': 10, 'fitness': 0.949591079726191, 'generation': 609}","{'id': 47316, 'rank': 11, 'fitness': 0.9361194616617254, 'generation': 609}","{'id': 47316, 'rank': 12, 'fitness': 0.9361194616617254, 'generation': 609}","{'id': 47359, 'rank': 13, 'fitness': 0.9225541094338839, 'generation': 609}","{'id': 47322, 'rank': 14, 'fitness': 0.9205002917903382, 'generation': 609}","{'id': 47318, 'rank': 15, 'fitness': 0.9146156695024867, 'generation': 609}","{'id': 47326, 'rank': 16, 'fitness': 0.9057189903565739, 'generation': 609}","{'id': 47300, 'rank': 17, 'fitness': 0.8915354351011094, 'generation': 609}","{'id': 47329, 'rank': 18, 'fitness': 0.8175719801250014, 'generation': 609}","{'id': 47178, 'rank': 19, 'fitness': 0.7967403348369394, 'generation': 609}","{'id': 47287, 'rank': 20, 'fitness': 0.7854137439329154, 'generation': 609}","{'id': 47287, 'rank': 21, 'fitness': 0.7854137439329154, 'generation': 609}","{'id': 47287, 'rank': 22, 'fitness': 0.7854137439329154, 'generation': 609}","{'id': 47233, 'rank': 23, 'fitness': 0.7600338305257022, 'generation': 609}","{'id': 47227, 'rank': 24, 'fitness': 0.5266613031979698, 'generation': 609}","{'id': 47317, 'rank': 25, 'fitness': 0.5114136189735007, 'generation': 609}","{'id': 47317, 'rank': 26, 'fitness': 0.5114136189735007, 'generation': 609}","{'id': 47235, 'rank': 27, 'fitness': 0.3020983176444585, 'generation': 609}","{'id': 47285, 'rank': 28, 'fitness': 0.200437690906746, 'generation': 609}","{'id': 47307, 'rank': 29, 'fitness': 0.05719715440057421, 'generation': 609}","{'id': 47211, 'rank': 30, 'fitness': 0.01798620996209155, 'generation': 609}"
"{'id': 47390, 'rank': 1, 'fitness': 0.9820137900379085, 'generation': 610}","{'id': 47390, 'rank': 2, 'fitness': 0.9820137900379085, 'generation': 610}","{'id': 47331, 'rank': 3, 'fitness': 0.9812672767113131, 'generation': 610}","{'id': 47405, 'rank': 4, 'fitness': 0.9811101943734125, 'generation': 610}","{'id': 47404, 'rank': 5, 'fitness': 0.9810127041830191, 'generation': 610}","{'id': 47012, 'rank': 6, 'fitness': 0.9807381318100289, 'generation': 610}","{'id': 47012, 'rank': 7, 'fitness': 0.9807381318100289, 'generation': 610}","{'id': 47350, 'rank': 8, 'fitness': 0.980111868985686, 'generation': 610}","{'id': 47350, 'rank': 9, 'fitness': 0.980111868985686, 'generation': 610}","{'id': 47245, 'rank': 10, 'fitness': 0.979988609719366, 'generation': 610}","{'id': 47245, 'rank': 11, 'fitness': 0.979988609719366, 'generation': 610}","{'id': 47371, 'rank': 12, 'fitness': 0.9796933410162357, 'generation': 610}","{'id': 47322, 'rank': 13, 'fitness': 0.9776411445052682, 'generation': 610}","{'id': 47318, 'rank': 14, 'fitness': 0.9774421252004196, 'generation': 610}","{'id': 47300, 'rank': 15, 'fitness': 0.9767518421407915, 'generation': 610}","{'id': 47374, 'rank': 16, 'fitness': 0.9760507857613928, 'generation': 610}","{'id': 47329, 'rank': 17, 'fitness': 0.9750922402634487, 'generation': 610}","{'id': 47178, 'rank': 18, 'fitness': 0.9747104827349631, 'generation': 610}","{'id': 47287, 'rank': 19, 'fitness': 0.9745129123458749, 'generation': 610}","{'id': 47402, 'rank': 20, 'fitness': 0.971047417429791, 'generation': 610}","{'id': 47227, 'rank': 21, 'fitness': 0.9708313492102583, 'generation': 610}","{'id': 47227, 'rank': 22, 'fitness': 0.9708313492102583, 'generation': 610}","{'id': 47227, 'rank': 23, 'fitness': 0.9708313492102583, 'generation': 610}","{'id': 47393, 'rank': 24, 'fitness': 0.969120713109489, 'generation': 610}","{'id': 47285, 'rank': 25, 'fitness': 0.9654923215101798, 'generation': 610}","{'id': 47211, 'rank': 26, 'fitness': 0.9537647378259103, 'generation': 610}","{'id': 47211, 'rank': 27, 'fitness': 0.9537647378259103, 'generation': 610}","{'id': 47391, 'rank': 28, 'fitness': 0.9450499047362118, 'generation': 610}","{'id': 47379, 'rank': 29, 'fitness': 0.7771877035557231, 'generation': 610}","{'id': 47399, 'rank': 30, 'fitness': 0.01798620996209155, 'generation': 610}"
"{'id': 47501, 'rank': 1, 'fitness': 0.9820137900379085, 'generation': 611}","{'id': 47512, 'rank': 2, 'fitness': 0.981038952558497, 'generation': 611}","{'id': 47499, 'rank': 3, 'fitness': 0.9780210819198201, 'generation': 611}","{'id': 47499, 'rank': 4, 'fitness': 0.9780210819198201, 'generation': 611}","{'id': 47331, 'rank': 5, 'fitness': 0.9740547074045024, 'generation': 611}","{'id': 47405, 'rank': 6, 'fitness': 0.9717046352243165, 'generation': 611}","{'id': 47012, 'rank': 7, 'fitness': 0.9653811304136715, 'generation': 611}","{'id': 47012, 'rank': 8, 'fitness': 0.9653811304136715, 'generation': 611}","{'id': 47442, 'rank': 9, 'fitness': 0.9546675388115662, 'generation': 611}","{'id': 47350, 'rank': 10, 'fitness': 0.9519547168603367, 'generation': 611}","{'id': 47245, 'rank': 11, 'fitness': 0.948843520974689, 'generation': 611}","{'id': 47245, 'rank': 12, 'fitness': 0.948843520974689, 'generation': 611}","{'id': 47245, 'rank': 13, 'fitness': 0.948843520974689, 'generation': 611}","{'id': 47371, 'rank': 14, 'fitness': 0.9406886883527978, 'generation': 611}","{'id': 47475, 'rank': 15, 'fitness': 0.932804499083116, 'generation': 611}","{'id': 47423, 'rank': 16, 'fitness': 0.8921371504280193, 'generation': 611}","{'id': 47511, 'rank': 17, 'fitness': 0.88994266145228, 'generation': 611}","{'id': 47433, 'rank': 18, 'fitness': 0.8679389938636166, 'generation': 611}","{'id': 47513, 'rank': 19, 'fitness': 0.8476558448060378, 'generation': 611}","{'id': 47474, 'rank': 20, 'fitness': 0.846611858758384, 'generation': 611}","{'id': 47508, 'rank': 21, 'fitness': 0.8287303943512281, 'generation': 611}","{'id': 47464, 'rank': 22, 'fitness': 0.8142258416625081, 'generation': 611}","{'id': 47469, 'rank': 23, 'fitness': 0.801273802458376, 'generation': 611}","{'id': 47300, 'rank': 24, 'fitness': 0.7884641712712355, 'generation': 611}","{'id': 47465, 'rank': 25, 'fitness': 0.6980802987952572, 'generation': 611}","{'id': 47329, 'rank': 26, 'fitness': 0.6401001083170501, 'generation': 611}","{'id': 47427, 'rank': 27, 'fitness': 0.541981436731805, 'generation': 611}","{'id': 47438, 'rank': 28, 'fitness': 0.5179473594835813, 'generation': 611}","{'id': 47428, 'rank': 29, 'fitness': 0.18262300865719877, 'generation': 611}","{'id': 47421, 'rank': 30, 'fitness': 0.01798620996209155, 'generation': 611}"
"{'id': 47592, 'rank': 1, 'fitness': 0.9820137900379085, 'generation': 612}","{'id': 47551, 'rank': 2, 'fitness': 0.9818582796071056, 'generation': 612}","{'id': 47501, 'rank': 3, 'fitness': 0.9818185694821198, 'generation': 612}","{'id': 47499, 'rank': 4, 'fitness': 0.981587097471966, 'generation': 612}","{'id': 47499, 'rank': 5, 'fitness': 0.981587097471966, 'generation': 612}","{'id': 47499, 'rank': 6, 'fitness': 0.981587097471966, 'generation': 612}","{'id': 47331, 'rank': 7, 'fitness': 0.9813925611776886, 'generation': 612}","{'id': 47553, 'rank': 8, 'fitness': 0.981061934157287, 'generation': 612}","{'id': 47553, 'rank': 9, 'fitness': 0.981061934157287, 'generation': 612}","{'id': 47553, 'rank': 10, 'fitness': 0.981061934157287, 'generation': 612}","{'id': 47012, 'rank': 11, 'fitness': 0.9810473706534126, 'generation': 612}","{'id': 47573, 'rank': 12, 'fitness': 0.9806462944337178, 'generation': 612}","{'id': 47573, 'rank': 13, 'fitness': 0.9806462944337178, 'generation': 612}","{'id': 47350, 'rank': 14, 'fitness': 0.9806428798268495, 'generation': 612}","{'id': 47245, 'rank': 15, 'fitness': 0.9805637713747475, 'generation': 612}","{'id': 47433, 'rank': 16, 'fitness': 0.9792781563926906, 'generation': 612}","{'id': 47508, 'rank': 17, 'fitness': 0.9788830649295783, 'generation': 612}","{'id': 47464, 'rank': 18, 'fitness': 0.9787538211935316, 'generation': 612}","{'id': 47579, 'rank': 19, 'fitness': 0.9787281103924965, 'generation': 612}","{'id': 47300, 'rank': 20, 'fitness': 0.9785405341389231, 'generation': 612}","{'id': 47329, 'rank': 21, 'fitness': 0.9775395680773777, 'generation': 612}","{'id': 47428, 'rank': 22, 'fitness': 0.9744837708540897, 'generation': 612}","{'id': 47562, 'rank': 23, 'fitness': 0.9703575578020727, 'generation': 612}","{'id': 47516, 'rank': 24, 'fitness': 0.9660451434309272, 'generation': 612}","{'id': 47542, 'rank': 25, 'fitness': 0.9379742227285663, 'generation': 612}","{'id': 47558, 'rank': 26, 'fitness': 0.8943696246955923, 'generation': 612}","{'id': 47560, 'rank': 27, 'fitness': 0.8425016816513367, 'generation': 612}","{'id': 47546, 'rank': 28, 'fitness': 0.1577132360291426, 'generation': 612}","{'id': 47556, 'rank': 29, 'fitness': 0.031618121722062575, 'generation': 612}","{'id': 47555, 'rank': 30, 'fitness': 0.01798620996209155, 'generation': 612}"
"{'id': 47592, 'rank': 1, 'fitness': 0.9820137900379085, 'generation': 613}","{'id': 47499, 'rank': 2, 'fitness': 0.9805021344233043, 'generation': 613}","{'id': 47616, 'rank': 3, 'fitness': 0.9785485768609805, 'generation': 613}","{'id': 47616, 'rank': 4, 'fitness': 0.9785485768609805, 'generation': 613}","{'id': 47553, 'rank': 5, 'fitness': 0.9785231790213719, 'generation': 613}","{'id': 47553, 'rank': 6, 'fitness': 0.9785231790213719, 'generation': 613}","{'id': 47608, 'rank': 7, 'fitness': 0.978376315309254, 'generation': 613}","{'id': 47614, 'rank': 8, 'fitness': 0.9782669066756468, 'generation': 613}","{'id': 47614, 'rank': 9, 'fitness': 0.9782669066756468, 'generation': 613}","{'id': 47624, 'rank': 10, 'fitness': 0.9772859649910652, 'generation': 613}","{'id': 47610, 'rank': 11, 'fitness': 0.9761693508725369, 'generation': 613}","{'id': 47612, 'rank': 12, 'fitness': 0.9758956256825628, 'generation': 613}","{'id': 47635, 'rank': 13, 'fitness': 0.9757882632000022, 'generation': 613}","{'id': 47643, 'rank': 14, 'fitness': 0.9749508135564349, 'generation': 613}","{'id': 47642, 'rank': 15, 'fitness': 0.9738636661931076, 'generation': 613}","{'id': 47634, 'rank': 16, 'fitness': 0.9733293577172243, 'generation': 613}","{'id': 47658, 'rank': 17, 'fitness': 0.9689637206703463, 'generation': 613}","{'id': 47508, 'rank': 18, 'fitness': 0.9688224378069729, 'generation': 613}","{'id': 47667, 'rank': 19, 'fitness': 0.9678687040047831, 'generation': 613}","{'id': 47676, 'rank': 20, 'fitness': 0.9650272033483844, 'generation': 613}","{'id': 47675, 'rank': 21, 'fitness': 0.9574773378950441, 'generation': 613}","{'id': 47654, 'rank': 22, 'fitness': 0.955445651559401, 'generation': 613}","{'id': 47627, 'rank': 23, 'fitness': 0.9478779173433762, 'generation': 613}","{'id': 47627, 'rank': 24, 'fitness': 0.9478779173433762, 'generation': 613}","{'id': 47428, 'rank': 25, 'fitness': 0.9409871919872188, 'generation': 613}","{'id': 47664, 'rank': 26, 'fitness': 0.9398157155516236, 'generation': 613}","{'id': 47645, 'rank': 27, 'fitness': 0.9311970515396931, 'generation': 613}","{'id': 47645, 'rank': 28, 'fitness': 0.9311970515396931, 'generation': 613}","{'id': 47516, 'rank': 29, 'fitness': 0.8526176220258219, 'generation': 613}","{'id': 47560, 'rank': 30, 'fitness': 0.01798620996209155, 'generation': 613}"
"{'id': 47725, 'rank': 1, 'fitness': 0.9820137900379085, 'generation': 614}","{'id': 47755, 'rank': 2, 'fitness': 0.9796082641620366, 'generation': 614}","{'id': 47553, 'rank': 3, 'fitness': 0.9777573169738755, 'generation': 614}","{'id': 47614, 'rank': 4, 'fitness': 0.9761646583858004, 'generation': 614}","{'id': 47745, 'rank': 5, 'fitness': 0.9637910621329508, 'generation': 614}","{'id': 47610, 'rank': 6, 'fitness': 0.9593781170697577, 'generation': 614}","{'id': 47612, 'rank': 7, 'fitness': 0.9566304266444904, 'generation': 614}","{'id': 47635, 'rank': 8, 'fitness': 0.9555137375651073, 'generation': 614}","{'id': 47744, 'rank': 9, 'fitness': 0.924479885643366, 'generation': 614}","{'id': 47723, 'rank': 10, 'fitness': 0.9203422921108834, 'generation': 614}","{'id': 47754, 'rank': 11, 'fitness': 0.9186519891868352, 'generation': 614}","{'id': 47754, 'rank': 12, 'fitness': 0.9186519891868352, 'generation': 614}","{'id': 47753, 'rank': 13, 'fitness': 0.9073293055131503, 'generation': 614}","{'id': 47716, 'rank': 14, 'fitness': 0.8824043475442884, 'generation': 614}","{'id': 47736, 'rank': 15, 'fitness': 0.8605796724229804, 'generation': 614}","{'id': 47713, 'rank': 16, 'fitness': 0.8522899795726642, 'generation': 614}","{'id': 47735, 'rank': 17, 'fitness': 0.8329581858613967, 'generation': 614}","{'id': 47686, 'rank': 18, 'fitness': 0.7941098838005176, 'generation': 614}","{'id': 47707, 'rank': 19, 'fitness': 0.7762476124569002, 'generation': 614}","{'id': 47695, 'rank': 20, 'fitness': 0.7373550771317295, 'generation': 614}","{'id': 47696, 'rank': 21, 'fitness': 0.5315345756074696, 'generation': 614}","{'id': 47691, 'rank': 22, 'fitness': 0.5118202044842428, 'generation': 614}","{'id': 47691, 'rank': 23, 'fitness': 0.5118202044842428, 'generation': 614}","{'id': 47691, 'rank': 24, 'fitness': 0.5118202044842428, 'generation': 614}","{'id': 47733, 'rank': 25, 'fitness': 0.4282683894672759, 'generation': 614}","{'id': 47675, 'rank': 26, 'fitness': 0.4177893070623081, 'generation': 614}","{'id': 47694, 'rank': 27, 'fitness': 0.31738812047240034, 'generation': 614}","{'id': 47694, 'rank': 28, 'fitness': 0.31738812047240034, 'generation': 614}","{'id': 47683, 'rank': 29, 'fitness': 0.21379627073019447, 'generation': 614}","{'id': 47705, 'rank': 30, 'fitness': 0.01798620996209155, 'generation': 614}"
"{'id': 47614, 'rank': 1, 'fitness': 0.9820137900379085, 'generation': 615}","{'id': 47822, 'rank': 2, 'fitness': 0.9811191681779532, 'generation': 615}","{'id': 47610, 'rank': 3, 'fitness': 0.9804184998811336, 'generation': 615}","{'id': 47612, 'rank': 4, 'fitness': 0.9802110812723732, 'generation': 615}","{'id': 47794, 'rank': 5, 'fitness': 0.9791133981240052, 'generation': 615}","{'id': 47824, 'rank': 6, 'fitness': 0.9782495929865, 'generation': 615}","{'id': 47716, 'rank': 7, 'fitness': 0.9766380313715679, 'generation': 615}","{'id': 47800, 'rank': 8, 'fitness': 0.976319078569917, 'generation': 615}","{'id': 47788, 'rank': 9, 'fitness': 0.9761229894892267, 'generation': 615}","{'id': 47735, 'rank': 10, 'fitness': 0.9751252745279957, 'generation': 615}","{'id': 47789, 'rank': 11, 'fitness': 0.97498440775834, 'generation': 615}","{'id': 47789, 'rank': 12, 'fitness': 0.97498440775834, 'generation': 615}","{'id': 47695, 'rank': 13, 'fitness': 0.9728362874495575, 'generation': 615}","{'id': 47691, 'rank': 14, 'fitness': 0.9684269975379216, 'generation': 615}","{'id': 47691, 'rank': 15, 'fitness': 0.9684269975379216, 'generation': 615}","{'id': 47694, 'rank': 16, 'fitness': 0.9642723838462887, 'generation': 615}","{'id': 47683, 'rank': 17, 'fitness': 0.9612484145544977, 'generation': 615}","{'id': 47683, 'rank': 18, 'fitness': 0.9612484145544977, 'generation': 615}","{'id': 47801, 'rank': 19, 'fitness': 0.952271105733475, 'generation': 615}","{'id': 47786, 'rank': 20, 'fitness': 0.9365262064146894, 'generation': 615}","{'id': 47828, 'rank': 21, 'fitness': 0.927405733093724, 'generation': 615}","{'id': 47818, 'rank': 22, 'fitness': 0.8990990109329113, 'generation': 615}","{'id': 47826, 'rank': 23, 'fitness': 0.8583196439343124, 'generation': 615}","{'id': 47829, 'rank': 24, 'fitness': 0.5936450018062998, 'generation': 615}","{'id': 47795, 'rank': 25, 'fitness': 0.31873159285420716, 'generation': 615}","{'id': 47758, 'rank': 26, 'fitness': 0.27569972036132445, 'generation': 615}","{'id': 47762, 'rank': 27, 'fitness': 0.23368143753181225, 'generation': 615}","{'id': 47796, 'rank': 28, 'fitness': 0.11476303629961693, 'generation': 615}","{'id': 47764, 'rank': 29, 'fitness': 0.08327824802682449, 'generation': 615}","{'id': 47769, 'rank': 30, 'fitness': 0.01798620996209155, 'generation': 615}"
"{'id': 47794, 'rank': 1, 'fitness': 0.9820137900379085, 'generation': 616}","{'id': 47824, 'rank': 2, 'fitness': 0.9819861728954613, 'generation': 616}","{'id': 47881, 'rank': 3, 'fitness': 0.981948486824111, 'generation': 616}","{'id': 47881, 'rank': 4, 'fitness': 0.981948486824111, 'generation': 616}","{'id': 47908, 'rank': 5, 'fitness': 0.9819174419963795, 'generation': 616}","{'id': 47890, 'rank': 6, 'fitness': 0.9819052469355017, 'generation': 616}","{'id': 47789, 'rank': 7, 'fitness': 0.9818903353984855, 'generation': 616}","{'id': 47789, 'rank': 8, 'fitness': 0.9818903353984855, 'generation': 616}","{'id': 47911, 'rank': 9, 'fitness': 0.9818402649253284, 'generation': 616}","{'id': 47695, 'rank': 10, 'fitness': 0.9818334932441009, 'generation': 616}","{'id': 47695, 'rank': 11, 'fitness': 0.9818334932441009, 'generation': 616}","{'id': 47912, 'rank': 12, 'fitness': 0.9818188885895895, 'generation': 616}","{'id': 47888, 'rank': 13, 'fitness': 0.9818140173123246, 'generation': 616}","{'id': 47895, 'rank': 14, 'fitness': 0.9818137801000824, 'generation': 616}","{'id': 47861, 'rank': 15, 'fitness': 0.9817689667774402, 'generation': 616}","{'id': 47861, 'rank': 16, 'fitness': 0.9817689667774402, 'generation': 616}","{'id': 47691, 'rank': 17, 'fitness': 0.9817289056309697, 'generation': 616}","{'id': 47910, 'rank': 18, 'fitness': 0.9817139262228846, 'generation': 616}","{'id': 47845, 'rank': 19, 'fitness': 0.9816994636816349, 'generation': 616}","{'id': 47879, 'rank': 20, 'fitness': 0.9816139793675328, 'generation': 616}","{'id': 47683, 'rank': 21, 'fitness': 0.9815846538991932, 'generation': 616}","{'id': 47683, 'rank': 22, 'fitness': 0.9815846538991932, 'generation': 616}","{'id': 47683, 'rank': 23, 'fitness': 0.9815846538991932, 'generation': 616}","{'id': 47683, 'rank': 24, 'fitness': 0.9815846538991932, 'generation': 616}","{'id': 47905, 'rank': 25, 'fitness': 0.9815478212150389, 'generation': 616}","{'id': 47903, 'rank': 26, 'fitness': 0.9813166318522581, 'generation': 616}","{'id': 47843, 'rank': 27, 'fitness': 0.981003644291095, 'generation': 616}","{'id': 47851, 'rank': 28, 'fitness': 0.9807142065310928, 'generation': 616}","{'id': 47874, 'rank': 29, 'fitness': 0.9751642251624525, 'generation': 616}","{'id': 47859, 'rank': 30, 'fitness': 0.01798620996209155, 'generation': 616}"
"{'id': 47950, 'rank': 1, 'fitness': 0.9820137900379085, 'generation': 617}","{'id': 47824, 'rank': 2, 'fitness': 0.9790159107511258, 'generation': 617}","{'id': 47890, 'rank': 3, 'fitness': 0.9569343183205176, 'generation': 617}","{'id': 47789, 'rank': 4, 'fitness': 0.9509528838512493, 'generation': 617}","{'id': 47789, 'rank': 5, 'fitness': 0.9509528838512493, 'generation': 617}","{'id': 48002, 'rank': 6, 'fitness': 0.9387873472723749, 'generation': 617}","{'id': 48014, 'rank': 7, 'fitness': 0.9129255004249892, 'generation': 617}","{'id': 48014, 'rank': 8, 'fitness': 0.9129255004249892, 'generation': 617}","{'id': 47912, 'rank': 9, 'fitness': 0.9099498274804472, 'generation': 617}","{'id': 47912, 'rank': 10, 'fitness': 0.9099498274804472, 'generation': 617}","{'id': 47888, 'rank': 11, 'fitness': 0.9062499978894962, 'generation': 617}","{'id': 47895, 'rank': 12, 'fitness': 0.9060664201307451, 'generation': 617}","{'id': 47985, 'rank': 13, 'fitness': 0.8974309550158202, 'generation': 617}","{'id': 47985, 'rank': 14, 'fitness': 0.8974309550158202, 'generation': 617}","{'id': 47931, 'rank': 15, 'fitness': 0.8973319909505026, 'generation': 617}","{'id': 47931, 'rank': 16, 'fitness': 0.8973319909505026, 'generation': 617}","{'id': 47965, 'rank': 17, 'fitness': 0.895885426601887, 'generation': 617}","{'id': 47930, 'rank': 18, 'fitness': 0.8526537875598816, 'generation': 617}","{'id': 47925, 'rank': 19, 'fitness': 0.824913575362645, 'generation': 617}","{'id': 47956, 'rank': 20, 'fitness': 0.811348399269063, 'generation': 617}","{'id': 47960, 'rank': 21, 'fitness': 0.7762320806161034, 'generation': 617}","{'id': 47958, 'rank': 22, 'fitness': 0.6892751162314866, 'generation': 617}","{'id': 47964, 'rank': 23, 'fitness': 0.5263293163433854, 'generation': 617}","{'id': 47986, 'rank': 24, 'fitness': 0.4958290739190204, 'generation': 617}","{'id': 47975, 'rank': 25, 'fitness': 0.43926150862507773, 'generation': 617}","{'id': 47955, 'rank': 26, 'fitness': 0.41264806195857795, 'generation': 617}","{'id': 47933, 'rank': 27, 'fitness': 0.09953098314654918, 'generation': 617}","{'id': 47968, 'rank': 28, 'fitness': 0.0696298177696737, 'generation': 617}","{'id': 47970, 'rank': 29, 'fitness': 0.029477502118410603, 'generation': 617}","{'id': 47946, 'rank': 30, 'fitness': 0.01798620996209155, 'generation': 617}"
"{'id': 47890, 'rank': 1, 'fitness': 0.9820137900379085, 'generation': 618}","{'id': 47789, 'rank': 2, 'fitness': 0.9818545758346877, 'generation': 618}","{'id': 48002, 'rank': 3, 'fitness': 0.9815775228398271, 'generation': 618}","{'id': 48014, 'rank': 4, 'fitness': 0.9811192072119803, 'generation': 618}","{'id': 48014, 'rank': 5, 'fitness': 0.9811192072119803, 'generation': 618}","{'id': 47912, 'rank': 6, 'fitness': 0.9810741914983465, 'generation': 618}","{'id': 47912, 'rank': 7, 'fitness': 0.9810741914983465, 'generation': 618}","{'id': 47912, 'rank': 8, 'fitness': 0.9810741914983465, 'generation': 618}","{'id': 47888, 'rank': 9, 'fitness': 0.9810199139475722, 'generation': 618}","{'id': 47888, 'rank': 10, 'fitness': 0.9810199139475722, 'generation': 618}","{'id': 47895, 'rank': 11, 'fitness': 0.9810172673128283, 'generation': 618}","{'id': 47965, 'rank': 12, 'fitness': 0.9808767411943853, 'generation': 618}","{'id': 47930, 'rank': 13, 'fitness': 0.9803805733941169, 'generation': 618}","{'id': 47956, 'rank': 14, 'fitness': 0.9800012100601447, 'generation': 618}","{'id': 47960, 'rank': 15, 'fitness': 0.9797219581106358, 'generation': 618}","{'id': 48054, 'rank': 16, 'fitness': 0.979069834622162, 'generation': 618}","{'id': 47975, 'rank': 17, 'fitness': 0.9776814335628727, 'generation': 618}","{'id': 47933, 'rank': 18, 'fitness': 0.9746879722548787, 'generation': 618}","{'id': 47970, 'rank': 19, 'fitness': 0.9725028964457172, 'generation': 618}","{'id': 48063, 'rank': 20, 'fitness': 0.9715980269457982, 'generation': 618}","{'id': 48083, 'rank': 21, 'fitness': 0.9711450848056593, 'generation': 618}","{'id': 48033, 'rank': 22, 'fitness': 0.9680423761546629, 'generation': 618}","{'id': 48086, 'rank': 23, 'fitness': 0.9679316008015273, 'generation': 618}","{'id': 48061, 'rank': 24, 'fitness': 0.952237595757256, 'generation': 618}","{'id': 48026, 'rank': 25, 'fitness': 0.9407076051726481, 'generation': 618}","{'id': 48043, 'rank': 26, 'fitness': 0.9140271715468116, 'generation': 618}","{'id': 48090, 'rank': 27, 'fitness': 0.8252287881352477, 'generation': 618}","{'id': 48090, 'rank': 28, 'fitness': 0.8252287881352477, 'generation': 618}","{'id': 48059, 'rank': 29, 'fitness': 0.7895026687944071, 'generation': 618}","{'id': 48096, 'rank': 30, 'fitness': 0.01798620996209155, 'generation': 618}"
"{'id': 48166, 'rank': 1, 'fitness': 0.9820137900379085, 'generation': 619}","{'id': 48166, 'rank': 2, 'fitness': 0.9820137900379085, 'generation': 619}","{'id': 48114, 'rank': 3, 'fitness': 0.9685781347293564, 'generation': 619}","{'id': 48014, 'rank': 4, 'fitness': 0.9453178182220363, 'generation': 619}","{'id': 48014, 'rank': 5, 'fitness': 0.9453178182220363, 'generation': 619}","{'id': 48014, 'rank': 6, 'fitness': 0.9453178182220363, 'generation': 619}","{'id': 47912, 'rank': 7, 'fitness': 0.9437032610202782, 'generation': 619}","{'id': 47912, 'rank': 8, 'fitness': 0.9437032610202782, 'generation': 619}","{'id': 47888, 'rank': 9, 'fitness': 0.941702149124723, 'generation': 619}","{'id': 47895, 'rank': 10, 'fitness': 0.9416030315437276, 'generation': 619}","{'id': 47930, 'rank': 11, 'fitness': 0.9131997406830445, 'generation': 619}","{'id': 48116, 'rank': 12, 'fitness': 0.9100996204390406, 'generation': 619}","{'id': 48169, 'rank': 13, 'fitness': 0.9096056149197358, 'generation': 619}","{'id': 48136, 'rank': 14, 'fitness': 0.899604809764907, 'generation': 619}","{'id': 48136, 'rank': 15, 'fitness': 0.899604809764907, 'generation': 619}","{'id': 48117, 'rank': 16, 'fitness': 0.8958419583980775, 'generation': 619}","{'id': 48117, 'rank': 17, 'fitness': 0.8958419583980775, 'generation': 619}","{'id': 48149, 'rank': 18, 'fitness': 0.8956389877631402, 'generation': 619}","{'id': 47956, 'rank': 19, 'fitness': 0.8914220838263271, 'generation': 619}","{'id': 48118, 'rank': 20, 'fitness': 0.8909365184029447, 'generation': 619}","{'id': 48161, 'rank': 21, 'fitness': 0.8907746781587439, 'generation': 619}","{'id': 48148, 'rank': 22, 'fitness': 0.8212552143495965, 'generation': 619}","{'id': 48148, 'rank': 23, 'fitness': 0.8212552143495965, 'generation': 619}","{'id': 48054, 'rank': 24, 'fitness': 0.8198776883951032, 'generation': 619}","{'id': 48168, 'rank': 25, 'fitness': 0.77446096817897, 'generation': 619}","{'id': 48162, 'rank': 26, 'fitness': 0.5720611033571865, 'generation': 619}","{'id': 48154, 'rank': 27, 'fitness': 0.5265436250278823, 'generation': 619}","{'id': 48133, 'rank': 28, 'fitness': 0.4509922594109397, 'generation': 619}","{'id': 48156, 'rank': 29, 'fitness': 0.2294982798200923, 'generation': 619}","{'id': 48033, 'rank': 30, 'fitness': 0.01798620996209155, 'generation': 619}"
"{'id': 48189, 'rank': 1, 'fitness': 0.9820137900379085, 'generation': 620}","{'id': 48232, 'rank': 2, 'fitness': 0.9811817533451175, 'generation': 620}","{'id': 48014, 'rank': 3, 'fitness': 0.9804408498524373, 'generation': 620}","{'id': 48014, 'rank': 4, 'fitness': 0.9804408498524373, 'generation': 620}","{'id': 47912, 'rank': 5, 'fitness': 0.9803919248788406, 'generation': 620}","{'id': 47912, 'rank': 6, 'fitness': 0.9803919248788406, 'generation': 620}","{'id': 47912, 'rank': 7, 'fitness': 0.9803919248788406, 'generation': 620}","{'id': 47895, 'rank': 8, 'fitness': 0.9803300493810949, 'generation': 620}","{'id': 47895, 'rank': 9, 'fitness': 0.9803300493810949, 'generation': 620}","{'id': 48117, 'rank': 10, 'fitness': 0.9793022697400544, 'generation': 620}","{'id': 47956, 'rank': 11, 'fitness': 0.9792241611152481, 'generation': 620}","{'id': 47956, 'rank': 12, 'fitness': 0.9792241611152481, 'generation': 620}","{'id': 48118, 'rank': 13, 'fitness': 0.9792157343469681, 'generation': 620}","{'id': 48168, 'rank': 14, 'fitness': 0.9777055945008933, 'generation': 620}","{'id': 48154, 'rank': 15, 'fitness': 0.975579880158589, 'generation': 620}","{'id': 48133, 'rank': 16, 'fitness': 0.9749757810045407, 'generation': 620}","{'id': 48156, 'rank': 17, 'fitness': 0.9728448976619539, 'generation': 620}","{'id': 48202, 'rank': 18, 'fitness': 0.970968114289849, 'generation': 620}","{'id': 48199, 'rank': 19, 'fitness': 0.9683639414639162, 'generation': 620}","{'id': 48210, 'rank': 20, 'fitness': 0.9668382365776778, 'generation': 620}","{'id': 48210, 'rank': 21, 'fitness': 0.9668382365776778, 'generation': 620}","{'id': 48201, 'rank': 22, 'fitness': 0.9513089281859648, 'generation': 620}","{'id': 48183, 'rank': 23, 'fitness': 0.9488728166178056, 'generation': 620}","{'id': 48182, 'rank': 24, 'fitness': 0.9477051733120143, 'generation': 620}","{'id': 48182, 'rank': 25, 'fitness': 0.9477051733120143, 'generation': 620}","{'id': 48215, 'rank': 26, 'fitness': 0.8946492238288535, 'generation': 620}","{'id': 48215, 'rank': 27, 'fitness': 0.8946492238288535, 'generation': 620}","{'id': 48194, 'rank': 28, 'fitness': 0.8937539607672846, 'generation': 620}","{'id': 48222, 'rank': 29, 'fitness': 0.83993148259972, 'generation': 620}","{'id': 48188, 'rank': 30, 'fitness': 0.01798620996209155, 'generation': 620}"
"{'id': 48267, 'rank': 1, 'fitness': 0.9820137900379085, 'generation': 621}","{'id': 48232, 'rank': 2, 'fitness': 0.9807049936549331, 'generation': 621}","{'id': 48269, 'rank': 3, 'fitness': 0.9788453750868279, 'generation': 621}","{'id': 48014, 'rank': 4, 'fitness': 0.9775020528327575, 'generation': 621}","{'id': 48014, 'rank': 5, 'fitness': 0.9775020528327575, 'generation': 621}","{'id': 48014, 'rank': 6, 'fitness': 0.9775020528327575, 'generation': 621}","{'id': 48014, 'rank': 7, 'fitness': 0.9775020528327575, 'generation': 621}","{'id': 47895, 'rank': 8, 'fitness': 0.9769916729023482, 'generation': 621}","{'id': 47895, 'rank': 9, 'fitness': 0.9769916729023482, 'generation': 621}","{'id': 48270, 'rank': 10, 'fitness': 0.975866812178178, 'generation': 621}","{'id': 48312, 'rank': 11, 'fitness': 0.9748963897496853, 'generation': 621}","{'id': 47956, 'rank': 12, 'fitness': 0.9714245791609706, 'generation': 621}","{'id': 47956, 'rank': 13, 'fitness': 0.9714245791609706, 'generation': 621}","{'id': 48118, 'rank': 14, 'fitness': 0.9713787468250519, 'generation': 621}","{'id': 48278, 'rank': 15, 'fitness': 0.9687093433001674, 'generation': 621}","{'id': 48278, 'rank': 16, 'fitness': 0.9687093433001674, 'generation': 621}","{'id': 48292, 'rank': 17, 'fitness': 0.9652782734767418, 'generation': 621}","{'id': 48292, 'rank': 18, 'fitness': 0.9652782734767418, 'generation': 621}","{'id': 48279, 'rank': 19, 'fitness': 0.9642357204578074, 'generation': 621}","{'id': 48277, 'rank': 20, 'fitness': 0.9639041057659405, 'generation': 621}","{'id': 48266, 'rank': 21, 'fitness': 0.9636336020454241, 'generation': 621}","{'id': 48272, 'rank': 22, 'fitness': 0.961401291873115, 'generation': 621}","{'id': 48295, 'rank': 23, 'fitness': 0.9457148104669167, 'generation': 621}","{'id': 48296, 'rank': 24, 'fitness': 0.9381809109874342, 'generation': 621}","{'id': 48261, 'rank': 25, 'fitness': 0.9278139025709797, 'generation': 621}","{'id': 48199, 'rank': 26, 'fitness': 0.8589466707717517, 'generation': 621}","{'id': 48210, 'rank': 27, 'fitness': 0.8337789891510866, 'generation': 621}","{'id': 48299, 'rank': 28, 'fitness': 0.48274539335602307, 'generation': 621}","{'id': 48182, 'rank': 29, 'fitness': 0.4300612907300683, 'generation': 621}","{'id': 48256, 'rank': 30, 'fitness': 0.01798620996209155, 'generation': 621}"
"{'id': 48373, 'rank': 1, 'fitness': 0.9820137900379085, 'generation': 622}","{'id': 48335, 'rank': 2, 'fitness': 0.9710546073435733, 'generation': 622}","{'id': 48014, 'rank': 3, 'fitness': 0.9554284606001413, 'generation': 622}","{'id': 48014, 'rank': 4, 'fitness': 0.9554284606001413, 'generation': 622}","{'id': 48270, 'rank': 5, 'fitness': 0.9416965170592311, 'generation': 622}","{'id': 48375, 'rank': 6, 'fitness': 0.9285456128777667, 'generation': 622}","{'id': 48326, 'rank': 7, 'fitness': 0.8981603142941414, 'generation': 622}","{'id': 47956, 'rank': 8, 'fitness': 0.8907422305860415, 'generation': 622}","{'id': 47956, 'rank': 9, 'fitness': 0.8907422305860415, 'generation': 622}","{'id': 48118, 'rank': 10, 'fitness': 0.89010801482802, 'generation': 622}","{'id': 48118, 'rank': 11, 'fitness': 0.89010801482802, 'generation': 622}","{'id': 48376, 'rank': 12, 'fitness': 0.8697712638991606, 'generation': 622}","{'id': 48336, 'rank': 13, 'fitness': 0.8582137484104595, 'generation': 622}","{'id': 48336, 'rank': 14, 'fitness': 0.8582137484104595, 'generation': 622}","{'id': 48377, 'rank': 15, 'fitness': 0.8441288618050311, 'generation': 622}","{'id': 48331, 'rank': 16, 'fitness': 0.8291487709207105, 'generation': 622}","{'id': 48364, 'rank': 17, 'fitness': 0.8102475964603567, 'generation': 622}","{'id': 48266, 'rank': 18, 'fitness': 0.7533740020593243, 'generation': 622}","{'id': 48339, 'rank': 19, 'fitness': 0.7039225007839396, 'generation': 622}","{'id': 48339, 'rank': 20, 'fitness': 0.7039225007839396, 'generation': 622}","{'id': 48333, 'rank': 21, 'fitness': 0.6656021656883323, 'generation': 622}","{'id': 48325, 'rank': 22, 'fitness': 0.6219371711351743, 'generation': 622}","{'id': 48387, 'rank': 23, 'fitness': 0.37667653920385735, 'generation': 622}","{'id': 48295, 'rank': 24, 'fitness': 0.36919826574293746, 'generation': 622}","{'id': 48295, 'rank': 25, 'fitness': 0.36919826574293746, 'generation': 622}","{'id': 48330, 'rank': 26, 'fitness': 0.2625541461723453, 'generation': 622}","{'id': 48401, 'rank': 27, 'fitness': 0.23891718584195587, 'generation': 622}","{'id': 48389, 'rank': 28, 'fitness': 0.2385055856566236, 'generation': 622}","{'id': 48261, 'rank': 29, 'fitness': 0.15009732393929504, 'generation': 622}","{'id': 48393, 'rank': 30, 'fitness': 0.01798620996209155, 'generation': 622}"
"{'id': 48335, 'rank': 1, 'fitness': 0.9820137900379085, 'generation': 623}","{'id': 48014, 'rank': 2, 'fitness': 0.9819036006621962, 'generation': 623}","{'id': 48270, 'rank': 3, 'fitness': 0.9818336280264919, 'generation': 623}","{'id': 48375, 'rank': 4, 'fitness': 0.9817796879803757, 'generation': 623}","{'id': 47956, 'rank': 5, 'fitness': 0.9816635155430227, 'generation': 623}","{'id': 48377, 'rank': 6, 'fitness': 0.9815609842547623, 'generation': 623}","{'id': 48331, 'rank': 7, 'fitness': 0.9815334007388254, 'generation': 623}","{'id': 48339, 'rank': 8, 'fitness': 0.9813529380255215, 'generation': 623}","{'id': 48438, 'rank': 9, 'fitness': 0.9813515706337912, 'generation': 623}","{'id': 48330, 'rank': 10, 'fitness': 0.9808642581601141, 'generation': 623}","{'id': 48330, 'rank': 11, 'fitness': 0.9808642581601141, 'generation': 623}","{'id': 48330, 'rank': 12, 'fitness': 0.9808642581601141, 'generation': 623}","{'id': 48389, 'rank': 13, 'fitness': 0.9808308269236832, 'generation': 623}","{'id': 48389, 'rank': 14, 'fitness': 0.9808308269236832, 'generation': 623}","{'id': 48389, 'rank': 15, 'fitness': 0.9808308269236832, 'generation': 623}","{'id': 48439, 'rank': 16, 'fitness': 0.980378694518983, 'generation': 623}","{'id': 48443, 'rank': 17, 'fitness': 0.9801842510800554, 'generation': 623}","{'id': 48393, 'rank': 18, 'fitness': 0.98007534166493, 'generation': 623}","{'id': 48407, 'rank': 19, 'fitness': 0.9782545732929089, 'generation': 623}","{'id': 48411, 'rank': 20, 'fitness': 0.9780632565159914, 'generation': 623}","{'id': 48411, 'rank': 21, 'fitness': 0.9780632565159914, 'generation': 623}","{'id': 48434, 'rank': 22, 'fitness': 0.9754999486188052, 'generation': 623}","{'id': 48420, 'rank': 23, 'fitness': 0.9706112969404768, 'generation': 623}","{'id': 48469, 'rank': 24, 'fitness': 0.9692666584471019, 'generation': 623}","{'id': 48470, 'rank': 25, 'fitness': 0.9528878346682158, 'generation': 623}","{'id': 48412, 'rank': 26, 'fitness': 0.9452944348039014, 'generation': 623}","{'id': 48449, 'rank': 27, 'fitness': 0.9228476282354521, 'generation': 623}","{'id': 48464, 'rank': 28, 'fitness': 0.47592206831971795, 'generation': 623}","{'id': 48406, 'rank': 29, 'fitness': 0.2765545337488532, 'generation': 623}","{'id': 48417, 'rank': 30, 'fitness': 0.01798620996209155, 'generation': 623}"
"{'id': 48335, 'rank': 1, 'fitness': 0.9820137900379085, 'generation': 624}","{'id': 48473, 'rank': 2, 'fitness': 0.9818541955564783, 'generation': 624}","{'id': 48014, 'rank': 3, 'fitness': 0.9814961719847477, 'generation': 624}","{'id': 48014, 'rank': 4, 'fitness': 0.9814961719847477, 'generation': 624}","{'id': 47956, 'rank': 5, 'fitness': 0.9803286883188753, 'generation': 624}","{'id': 48490, 'rank': 6, 'fitness': 0.9801556391718809, 'generation': 624}","{'id': 48490, 'rank': 7, 'fitness': 0.9801556391718809, 'generation': 624}","{'id': 48377, 'rank': 8, 'fitness': 0.9798131984044318, 'generation': 624}","{'id': 48537, 'rank': 9, 'fitness': 0.9789101988888973, 'generation': 624}","{'id': 48339, 'rank': 10, 'fitness': 0.9787353923167619, 'generation': 624}","{'id': 48438, 'rank': 11, 'fitness': 0.9787281654968198, 'generation': 624}","{'id': 48438, 'rank': 12, 'fitness': 0.9787281654968198, 'generation': 624}","{'id': 48506, 'rank': 13, 'fitness': 0.9775530527552172, 'generation': 624}","{'id': 48499, 'rank': 14, 'fitness': 0.9767891146151696, 'generation': 624}","{'id': 48389, 'rank': 15, 'fitness': 0.9758361463602132, 'generation': 624}","{'id': 48389, 'rank': 16, 'fitness': 0.9758361463602132, 'generation': 624}","{'id': 48389, 'rank': 17, 'fitness': 0.9758361463602132, 'generation': 624}","{'id': 48495, 'rank': 18, 'fitness': 0.97505282888784, 'generation': 624}","{'id': 48533, 'rank': 19, 'fitness': 0.9739836763357594, 'generation': 624}","{'id': 48533, 'rank': 20, 'fitness': 0.9739836763357594, 'generation': 624}","{'id': 48529, 'rank': 21, 'fitness': 0.9732134041831556, 'generation': 624}","{'id': 48477, 'rank': 22, 'fitness': 0.9731701310733717, 'generation': 624}","{'id': 48439, 'rank': 23, 'fitness': 0.9730899436424484, 'generation': 624}","{'id': 48484, 'rank': 24, 'fitness': 0.9728857597974008, 'generation': 624}","{'id': 48485, 'rank': 25, 'fitness': 0.9728577944521515, 'generation': 624}","{'id': 48501, 'rank': 26, 'fitness': 0.9718239002274849, 'generation': 624}","{'id': 48434, 'rank': 27, 'fitness': 0.9264254765529277, 'generation': 624}","{'id': 48510, 'rank': 28, 'fitness': 0.31300403802667864, 'generation': 624}","{'id': 48509, 'rank': 29, 'fitness': 0.27356507895880966, 'generation': 624}","{'id': 48550, 'rank': 30, 'fitness': 0.01798620996209155, 'generation': 624}"
"{'id': 48582, 'rank': 1, 'fitness': 0.9820137900379085, 'generation': 625}","{'id': 48582, 'rank': 2, 'fitness': 0.9820137900379085, 'generation': 625}","{'id': 48630, 'rank': 3, 'fitness': 0.9819989786276103, 'generation': 625}","{'id': 48335, 'rank': 4, 'fitness': 0.9819722041904193, 'generation': 625}","{'id': 48623, 'rank': 5, 'fitness': 0.9819257793204776, 'generation': 625}","{'id': 48014, 'rank': 6, 'fitness': 0.9819221338853144, 'generation': 625}","{'id': 48631, 'rank': 7, 'fitness': 0.9819121537880731, 'generation': 625}","{'id': 48581, 'rank': 8, 'fitness': 0.9818473330937798, 'generation': 625}","{'id': 48490, 'rank': 9, 'fitness': 0.981798001716014, 'generation': 625}","{'id': 48490, 'rank': 10, 'fitness': 0.981798001716014, 'generation': 625}","{'id': 48633, 'rank': 11, 'fitness': 0.9817876417049456, 'generation': 625}","{'id': 48633, 'rank': 12, 'fitness': 0.9817876417049456, 'generation': 625}","{'id': 48622, 'rank': 13, 'fitness': 0.9817596775289275, 'generation': 625}","{'id': 48577, 'rank': 14, 'fitness': 0.9817139550032128, 'generation': 625}","{'id': 48577, 'rank': 15, 'fitness': 0.9817139550032128, 'generation': 625}","{'id': 48537, 'rank': 16, 'fitness': 0.9816891467273166, 'generation': 625}","{'id': 48537, 'rank': 17, 'fitness': 0.9816891467273166, 'generation': 625}","{'id': 48438, 'rank': 18, 'fitness': 0.9816737145545491, 'generation': 625}","{'id': 48506, 'rank': 19, 'fitness': 0.9815768053659845, 'generation': 625}","{'id': 48561, 'rank': 20, 'fitness': 0.981551648828433, 'generation': 625}","{'id': 48553, 'rank': 21, 'fitness': 0.9815256421686958, 'generation': 625}","{'id': 48553, 'rank': 22, 'fitness': 0.9815256421686958, 'generation': 625}","{'id': 48603, 'rank': 23, 'fitness': 0.9813293229245474, 'generation': 625}","{'id': 48439, 'rank': 24, 'fitness': 0.981245307743758, 'generation': 625}","{'id': 48439, 'rank': 25, 'fitness': 0.981245307743758, 'generation': 625}","{'id': 48600, 'rank': 26, 'fitness': 0.9812394023085452, 'generation': 625}","{'id': 48484, 'rank': 27, 'fitness': 0.9812313292757708, 'generation': 625}","{'id': 48567, 'rank': 28, 'fitness': 0.9812225571655827, 'generation': 625}","{'id': 48562, 'rank': 29, 'fitness': 0.9811950759861497, 'generation': 625}","{'id': 48620, 'rank': 30, 'fitness': 0.01798620996209155, 'generation': 625}"
"{'id': 48715, 'rank': 1, 'fitness': 0.9820137900379085, 'generation': 626}","{'id': 48715, 'rank': 2, 'fitness': 0.9820137900379085, 'generation': 626}","{'id': 48630, 'rank': 3, 'fitness': 0.9819821580770014, 'generation': 626}","{'id': 48694, 'rank': 4, 'fitness': 0.9819481243466508, 'generation': 626}","{'id': 48731, 'rank': 5, 'fitness': 0.9819307245115144, 'generation': 626}","{'id': 48623, 'rank': 6, 'fitness': 0.9819294751113818, 'generation': 626}","{'id': 48014, 'rank': 7, 'fitness': 0.9819268529583747, 'generation': 626}","{'id': 48658, 'rank': 8, 'fitness': 0.9819006362732968, 'generation': 626}","{'id': 48581, 'rank': 9, 'fitness': 0.9818730810125708, 'generation': 626}","{'id': 48645, 'rank': 10, 'fitness': 0.9818724363305177, 'generation': 626}","{'id': 48645, 'rank': 11, 'fitness': 0.9818724363305177, 'generation': 626}","{'id': 48653, 'rank': 12, 'fitness': 0.9818523503633508, 'generation': 626}","{'id': 48490, 'rank': 13, 'fitness': 0.9818376516143882, 'generation': 626}","{'id': 48633, 'rank': 14, 'fitness': 0.9818302144982287, 'generation': 626}","{'id': 48717, 'rank': 15, 'fitness': 0.9817867278316809, 'generation': 626}","{'id': 48717, 'rank': 16, 'fitness': 0.9817867278316809, 'generation': 626}","{'id': 48640, 'rank': 17, 'fitness': 0.981785382325904, 'generation': 626}","{'id': 48641, 'rank': 18, 'fitness': 0.9817849588229344, 'generation': 626}","{'id': 48696, 'rank': 19, 'fitness': 0.9816991356168239, 'generation': 626}","{'id': 48639, 'rank': 20, 'fitness': 0.9816983647881794, 'generation': 626}","{'id': 48675, 'rank': 21, 'fitness': 0.9816674519147586, 'generation': 626}","{'id': 48553, 'rank': 22, 'fitness': 0.9816425182813768, 'generation': 626}","{'id': 48553, 'rank': 23, 'fitness': 0.9816425182813768, 'generation': 626}","{'id': 48646, 'rank': 24, 'fitness': 0.9816187573181809, 'generation': 626}","{'id': 48730, 'rank': 25, 'fitness': 0.9815805024663435, 'generation': 626}","{'id': 48698, 'rank': 26, 'fitness': 0.981562115276834, 'generation': 626}","{'id': 48703, 'rank': 27, 'fitness': 0.9815120701930102, 'generation': 626}","{'id': 48727, 'rank': 28, 'fitness': 0.9814769203715676, 'generation': 626}","{'id': 48710, 'rank': 29, 'fitness': 0.9813190681495594, 'generation': 626}","{'id': 48728, 'rank': 30, 'fitness': 0.01798620996209155, 'generation': 626}"
"{'id': 48786, 'rank': 1, 'fitness': 0.9820137900379085, 'generation': 627}","{'id': 48787, 'rank': 2, 'fitness': 0.9607524269342451, 'generation': 627}","{'id': 48788, 'rank': 3, 'fitness': 0.9199785373093614, 'generation': 627}","{'id': 48715, 'rank': 4, 'fitness': 0.8697237212988798, 'generation': 627}","{'id': 48715, 'rank': 5, 'fitness': 0.8697237212988798, 'generation': 627}","{'id': 48806, 'rank': 6, 'fitness': 0.8265703884872125, 'generation': 627}","{'id': 48737, 'rank': 7, 'fitness': 0.7592346076308703, 'generation': 627}","{'id': 48623, 'rank': 8, 'fitness': 0.7337138362310652, 'generation': 627}","{'id': 48734, 'rank': 9, 'fitness': 0.7336106080310862, 'generation': 627}","{'id': 48658, 'rank': 10, 'fitness': 0.6707954023059046, 'generation': 627}","{'id': 48645, 'rank': 11, 'fitness': 0.6028042352568908, 'generation': 627}","{'id': 48747, 'rank': 12, 'fitness': 0.5921265323462876, 'generation': 627}","{'id': 48490, 'rank': 13, 'fitness': 0.5135880901146083, 'generation': 627}","{'id': 48633, 'rank': 14, 'fitness': 0.494221918321924, 'generation': 627}","{'id': 48807, 'rank': 15, 'fitness': 0.4934807064784335, 'generation': 627}","{'id': 48717, 'rank': 16, 'fitness': 0.3833080244715664, 'generation': 627}","{'id': 48640, 'rank': 17, 'fitness': 0.38000854961362496, 'generation': 627}","{'id': 48641, 'rank': 18, 'fitness': 0.3789723511168495, 'generation': 627}","{'id': 48801, 'rank': 19, 'fitness': 0.34641061300307974, 'generation': 627}","{'id': 48793, 'rank': 20, 'fitness': 0.31602851639898744, 'generation': 627}","{'id': 48795, 'rank': 21, 'fitness': 0.2799690101218746, 'generation': 627}","{'id': 48741, 'rank': 22, 'fitness': 0.2492627354530555, 'generation': 627}","{'id': 48696, 'rank': 23, 'fitness': 0.2004322844249392, 'generation': 627}","{'id': 48553, 'rank': 24, 'fitness': 0.12257406382350611, 'generation': 627}","{'id': 48799, 'rank': 25, 'fitness': 0.11183942937738234, 'generation': 627}","{'id': 48802, 'rank': 26, 'fitness': 0.08804301779440393, 'generation': 627}","{'id': 48757, 'rank': 27, 'fitness': 0.07757745659373516, 'generation': 627}","{'id': 48778, 'rank': 28, 'fitness': 0.04923998378298916, 'generation': 627}","{'id': 48790, 'rank': 29, 'fitness': 0.0398795548924083, 'generation': 627}","{'id': 48794, 'rank': 30, 'fitness': 0.01798620996209155, 'generation': 627}"
"{'id': 48715, 'rank': 1, 'fitness': 0.9820137900379085, 'generation': 628}","{'id': 48715, 'rank': 2, 'fitness': 0.9820137900379085, 'generation': 628}","{'id': 48715, 'rank': 3, 'fitness': 0.9820137900379085, 'generation': 628}","{'id': 48837, 'rank': 4, 'fitness': 0.981942247289195, 'generation': 628}","{'id': 48837, 'rank': 5, 'fitness': 0.981942247289195, 'generation': 628}","{'id': 48623, 'rank': 6, 'fitness': 0.9819258027459603, 'generation': 628}","{'id': 48623, 'rank': 7, 'fitness': 0.9819258027459603, 'generation': 628}","{'id': 48734, 'rank': 8, 'fitness': 0.9819257500956521, 'generation': 628}","{'id': 48734, 'rank': 9, 'fitness': 0.9819257500956521, 'generation': 628}","{'id': 48645, 'rank': 10, 'fitness': 0.9818662696877503, 'generation': 628}","{'id': 48747, 'rank': 11, 'fitness': 0.9818618298554163, 'generation': 628}","{'id': 48747, 'rank': 12, 'fitness': 0.9818618298554163, 'generation': 628}","{'id': 48490, 'rank': 13, 'fitness': 0.9818299599310416, 'generation': 628}","{'id': 48490, 'rank': 14, 'fitness': 0.9818299599310416, 'generation': 628}","{'id': 48633, 'rank': 15, 'fitness': 0.9818221963700066, 'generation': 628}","{'id': 48633, 'rank': 16, 'fitness': 0.9818221963700066, 'generation': 628}","{'id': 48717, 'rank': 17, 'fitness': 0.9817767981890646, 'generation': 628}","{'id': 48717, 'rank': 18, 'fitness': 0.9817767981890646, 'generation': 628}","{'id': 48741, 'rank': 19, 'fitness': 0.9817136956012182, 'generation': 628}","{'id': 48849, 'rank': 20, 'fitness': 0.9816469079620507, 'generation': 628}","{'id': 48553, 'rank': 21, 'fitness': 0.9816262167107981, 'generation': 628}","{'id': 48802, 'rank': 22, 'fitness': 0.9815887560971405, 'generation': 628}","{'id': 48778, 'rank': 23, 'fitness': 0.981525445260307, 'generation': 628}","{'id': 48846, 'rank': 24, 'fitness': 0.9716449216296852, 'generation': 628}","{'id': 48846, 'rank': 25, 'fitness': 0.9716449216296852, 'generation': 628}","{'id': 48856, 'rank': 26, 'fitness': 0.9620867803302622, 'generation': 628}","{'id': 48855, 'rank': 27, 'fitness': 0.9529082202671351, 'generation': 628}","{'id': 48825, 'rank': 28, 'fitness': 0.9430802763183387, 'generation': 628}","{'id': 48850, 'rank': 29, 'fitness': 0.9310469803748948, 'generation': 628}","{'id': 48817, 'rank': 30, 'fitness': 0.01798620996209155, 'generation': 628}"
"{'id': 48879, 'rank': 1, 'fitness': 0.9820137900379085, 'generation': 629}","{'id': 48879, 'rank': 2, 'fitness': 0.9820137900379085, 'generation': 629}","{'id': 48715, 'rank': 3, 'fitness': 0.9782300174956531, 'generation': 629}","{'id': 48901, 'rank': 4, 'fitness': 0.972726032558533, 'generation': 629}","{'id': 48901, 'rank': 5, 'fitness': 0.972726032558533, 'generation': 629}","{'id': 48952, 'rank': 6, 'fitness': 0.9469517849732096, 'generation': 629}","{'id': 48837, 'rank': 7, 'fitness': 0.9339391148794691, 'generation': 629}","{'id': 48837, 'rank': 8, 'fitness': 0.9339391148794691, 'generation': 629}","{'id': 48623, 'rank': 9, 'fitness': 0.9155735093107684, 'generation': 629}","{'id': 48623, 'rank': 10, 'fitness': 0.9155735093107684, 'generation': 629}","{'id': 48734, 'rank': 11, 'fitness': 0.9155078908883612, 'generation': 629}","{'id': 48917, 'rank': 12, 'fitness': 0.8625557308015983, 'generation': 629}","{'id': 48747, 'rank': 13, 'fitness': 0.7948426478869621, 'generation': 629}","{'id': 48885, 'rank': 14, 'fitness': 0.7477220440265796, 'generation': 629}","{'id': 48947, 'rank': 15, 'fitness': 0.730931947448259, 'generation': 629}","{'id': 48896, 'rank': 16, 'fitness': 0.5483610396330112, 'generation': 629}","{'id': 48717, 'rank': 17, 'fitness': 0.49793443608891225, 'generation': 629}","{'id': 48717, 'rank': 18, 'fitness': 0.49793443608891225, 'generation': 629}","{'id': 48951, 'rank': 19, 'fitness': 0.40262159015677246, 'generation': 629}","{'id': 48928, 'rank': 20, 'fitness': 0.3046844033191329, 'generation': 629}","{'id': 48741, 'rank': 21, 'fitness': 0.26591441648176184, 'generation': 629}","{'id': 48922, 'rank': 22, 'fitness': 0.26295231795939134, 'generation': 629}","{'id': 48934, 'rank': 23, 'fitness': 0.13461598877917536, 'generation': 629}","{'id': 48925, 'rank': 24, 'fitness': 0.13351653516540096, 'generation': 629}","{'id': 48920, 'rank': 25, 'fitness': 0.1187207348691261, 'generation': 629}","{'id': 48886, 'rank': 26, 'fitness': 0.11480222165256398, 'generation': 629}","{'id': 48948, 'rank': 27, 'fitness': 0.10103154300595957, 'generation': 629}","{'id': 48948, 'rank': 28, 'fitness': 0.10103154300595957, 'generation': 629}","{'id': 48932, 'rank': 29, 'fitness': 0.027074072613790856, 'generation': 629}","{'id': 48778, 'rank': 30, 'fitness': 0.01798620996209155, 'generation': 629}"
"{'id': 48879, 'rank': 1, 'fitness': 0.9820137900379085, 'generation': 630}","{'id': 48715, 'rank': 2, 'fitness': 0.9819464422229665, 'generation': 630}","{'id': 48901, 'rank': 3, 'fitness': 0.9818662379767933, 'generation': 630}","{'id': 48952, 'rank': 4, 'fitness': 0.9816238757405926, 'generation': 630}","{'id': 48986, 'rank': 5, 'fitness': 0.981508348299093, 'generation': 630}","{'id': 48986, 'rank': 6, 'fitness': 0.981508348299093, 'generation': 630}","{'id': 48988, 'rank': 7, 'fitness': 0.9814239819322113, 'generation': 630}","{'id': 48988, 'rank': 8, 'fitness': 0.9814239819322113, 'generation': 630}","{'id': 48988, 'rank': 9, 'fitness': 0.9814239819322113, 'generation': 630}","{'id': 48974, 'rank': 10, 'fitness': 0.9813449317649958, 'generation': 630}","{'id': 48982, 'rank': 11, 'fitness': 0.9811491559377745, 'generation': 630}","{'id': 48982, 'rank': 12, 'fitness': 0.9811491559377745, 'generation': 630}","{'id': 48990, 'rank': 13, 'fitness': 0.9811399890382075, 'generation': 630}","{'id': 48981, 'rank': 14, 'fitness': 0.9809415653344298, 'generation': 630}","{'id': 48980, 'rank': 15, 'fitness': 0.9805982495430113, 'generation': 630}","{'id': 48992, 'rank': 16, 'fitness': 0.9804782644332837, 'generation': 630}","{'id': 48741, 'rank': 17, 'fitness': 0.9801985820216822, 'generation': 630}","{'id': 48978, 'rank': 18, 'fitness': 0.9799174137487539, 'generation': 630}","{'id': 48984, 'rank': 19, 'fitness': 0.9799007721296191, 'generation': 630}","{'id': 48934, 'rank': 20, 'fitness': 0.9798754527661873, 'generation': 630}","{'id': 48925, 'rank': 21, 'fitness': 0.9798718033847922, 'generation': 630}","{'id': 48886, 'rank': 22, 'fitness': 0.9798052640572655, 'generation': 630}","{'id': 48778, 'rank': 23, 'fitness': 0.9790344386393128, 'generation': 630}","{'id': 48961, 'rank': 24, 'fitness': 0.9725336205919102, 'generation': 630}","{'id': 48960, 'rank': 25, 'fitness': 0.9711413314446955, 'generation': 630}","{'id': 48965, 'rank': 26, 'fitness': 0.9668474986390911, 'generation': 630}","{'id': 48963, 'rank': 27, 'fitness': 0.9565858252426216, 'generation': 630}","{'id': 48987, 'rank': 28, 'fitness': 0.8940202081228614, 'generation': 630}","{'id': 48971, 'rank': 29, 'fitness': 0.40282493287393406, 'generation': 630}","{'id': 48954, 'rank': 30, 'fitness': 0.01798620996209155, 'generation': 630}"
"{'id': 49014, 'rank': 1, 'fitness': 0.9820137900379085, 'generation': 631}","{'id': 49077, 'rank': 2, 'fitness': 0.9711392671349814, 'generation': 631}","{'id': 48715, 'rank': 3, 'fitness': 0.9630411519712151, 'generation': 631}","{'id': 49044, 'rank': 4, 'fitness': 0.9616572282622562, 'generation': 631}","{'id': 49044, 'rank': 5, 'fitness': 0.9616572282622562, 'generation': 631}","{'id': 49078, 'rank': 6, 'fitness': 0.9582078809714554, 'generation': 631}","{'id': 49076, 'rank': 7, 'fitness': 0.9526767100706175, 'generation': 631}","{'id': 48986, 'rank': 8, 'fitness': 0.9514686637985366, 'generation': 631}","{'id': 48986, 'rank': 9, 'fitness': 0.9514686637985366, 'generation': 631}","{'id': 48988, 'rank': 10, 'fitness': 0.9489122032689756, 'generation': 631}","{'id': 49041, 'rank': 11, 'fitness': 0.9446249874855996, 'generation': 631}","{'id': 49065, 'rank': 12, 'fitness': 0.9400417781943623, 'generation': 631}","{'id': 49065, 'rank': 13, 'fitness': 0.9400417781943623, 'generation': 631}","{'id': 48990, 'rank': 14, 'fitness': 0.9394406166707989, 'generation': 631}","{'id': 49053, 'rank': 15, 'fitness': 0.9347558397798998, 'generation': 631}","{'id': 49081, 'rank': 16, 'fitness': 0.9322441966528603, 'generation': 631}","{'id': 49058, 'rank': 17, 'fitness': 0.9307890393276962, 'generation': 631}","{'id': 49058, 'rank': 18, 'fitness': 0.9307890393276962, 'generation': 631}","{'id': 49075, 'rank': 19, 'fitness': 0.9279595300024532, 'generation': 631}","{'id': 49034, 'rank': 20, 'fitness': 0.9240880585522019, 'generation': 631}","{'id': 48980, 'rank': 21, 'fitness': 0.9172337849103506, 'generation': 631}","{'id': 48741, 'rank': 22, 'fitness': 0.896884196457087, 'generation': 631}","{'id': 48978, 'rank': 23, 'fitness': 0.8803228696888583, 'generation': 631}","{'id': 48934, 'rank': 24, 'fitness': 0.8776840009209006, 'generation': 631}","{'id': 48925, 'rank': 25, 'fitness': 0.8774524025361956, 'generation': 631}","{'id': 48925, 'rank': 26, 'fitness': 0.8774524025361956, 'generation': 631}","{'id': 49017, 'rank': 27, 'fitness': 0.8619114672841963, 'generation': 631}","{'id': 49020, 'rank': 28, 'fitness': 0.7343024633965701, 'generation': 631}","{'id': 48960, 'rank': 29, 'fitness': 0.08845723587124577, 'generation': 631}","{'id': 48965, 'rank': 30, 'fitness': 0.01798620996209155, 'generation': 631}"
"{'id': 49149, 'rank': 1, 'fitness': 0.9820137900379085, 'generation': 632}","{'id': 49076, 'rank': 2, 'fitness': 0.9423070356533269, 'generation': 632}","{'id': 48988, 'rank': 3, 'fitness': 0.9374251409045656, 'generation': 632}","{'id': 48988, 'rank': 4, 'fitness': 0.9374251409045656, 'generation': 632}","{'id': 49081, 'rank': 5, 'fitness': 0.9156468751301884, 'generation': 632}","{'id': 49081, 'rank': 6, 'fitness': 0.9156468751301884, 'generation': 632}","{'id': 49058, 'rank': 7, 'fitness': 0.9137360618682682, 'generation': 632}","{'id': 49075, 'rank': 8, 'fitness': 0.910017301788004, 'generation': 632}","{'id': 49034, 'rank': 9, 'fitness': 0.9049229762527013, 'generation': 632}","{'id': 49162, 'rank': 10, 'fitness': 0.8954982733872964, 'generation': 632}","{'id': 49110, 'rank': 11, 'fitness': 0.889818046896097, 'generation': 632}","{'id': 49110, 'rank': 12, 'fitness': 0.889818046896097, 'generation': 632}","{'id': 49089, 'rank': 13, 'fitness': 0.8883748825879128, 'generation': 632}","{'id': 49089, 'rank': 14, 'fitness': 0.8883748825879128, 'generation': 632}","{'id': 48925, 'rank': 15, 'fitness': 0.8433573507889753, 'generation': 632}","{'id': 49161, 'rank': 16, 'fitness': 0.7980737734155001, 'generation': 632}","{'id': 49109, 'rank': 17, 'fitness': 0.7960498670411433, 'generation': 632}","{'id': 49088, 'rank': 18, 'fitness': 0.7864620858050088, 'generation': 632}","{'id': 49108, 'rank': 19, 'fitness': 0.7372523428914942, 'generation': 632}","{'id': 49167, 'rank': 20, 'fitness': 0.7249964597622014, 'generation': 632}","{'id': 49155, 'rank': 21, 'fitness': 0.7076808711077431, 'generation': 632}","{'id': 49087, 'rank': 22, 'fitness': 0.6940565145259812, 'generation': 632}","{'id': 49087, 'rank': 23, 'fitness': 0.6940565145259812, 'generation': 632}","{'id': 49122, 'rank': 24, 'fitness': 0.6380432989658853, 'generation': 632}","{'id': 49123, 'rank': 25, 'fitness': 0.539688113956419, 'generation': 632}","{'id': 49121, 'rank': 26, 'fitness': 0.5171652140962381, 'generation': 632}","{'id': 49168, 'rank': 27, 'fitness': 0.43268219309790495, 'generation': 632}","{'id': 49107, 'rank': 28, 'fitness': 0.0535998582399847, 'generation': 632}","{'id': 49132, 'rank': 29, 'fitness': 0.021495691892375268, 'generation': 632}","{'id': 49146, 'rank': 30, 'fitness': 0.01798620996209155, 'generation': 632}"
"{'id': 49232, 'rank': 1, 'fitness': 0.9820137900379085, 'generation': 633}","{'id': 49231, 'rank': 2, 'fitness': 0.9819200091964807, 'generation': 633}","{'id': 49231, 'rank': 3, 'fitness': 0.9819200091964807, 'generation': 633}","{'id': 49231, 'rank': 4, 'fitness': 0.9819200091964807, 'generation': 633}","{'id': 49234, 'rank': 5, 'fitness': 0.9816705171344677, 'generation': 633}","{'id': 49076, 'rank': 6, 'fitness': 0.9808920527949899, 'generation': 633}","{'id': 49076, 'rank': 7, 'fitness': 0.9808920527949899, 'generation': 633}","{'id': 48988, 'rank': 8, 'fitness': 0.9807867016250305, 'generation': 633}","{'id': 49058, 'rank': 9, 'fitness': 0.9803583832785298, 'generation': 633}","{'id': 49034, 'rank': 10, 'fitness': 0.9802243328805885, 'generation': 633}","{'id': 49162, 'rank': 11, 'fitness': 0.9800918945853482, 'generation': 633}","{'id': 49110, 'rank': 12, 'fitness': 0.9800167138698616, 'generation': 633}","{'id': 49089, 'rank': 13, 'fitness': 0.9799981131043737, 'generation': 633}","{'id': 48925, 'rank': 14, 'fitness': 0.9794951032699479, 'generation': 633}","{'id': 49167, 'rank': 15, 'fitness': 0.9785439233412885, 'generation': 633}","{'id': 49167, 'rank': 16, 'fitness': 0.9785439233412885, 'generation': 633}","{'id': 49087, 'rank': 17, 'fitness': 0.9783383727323363, 'generation': 633}","{'id': 49123, 'rank': 18, 'fitness': 0.9774122001818308, 'generation': 633}","{'id': 49168, 'rank': 19, 'fitness': 0.9767881459320054, 'generation': 633}","{'id': 49168, 'rank': 20, 'fitness': 0.9767881459320054, 'generation': 633}","{'id': 49202, 'rank': 21, 'fitness': 0.9760855555811873, 'generation': 633}","{'id': 49187, 'rank': 22, 'fitness': 0.9731326874165109, 'generation': 633}","{'id': 49107, 'rank': 23, 'fitness': 0.9726403856935661, 'generation': 633}","{'id': 49215, 'rank': 24, 'fitness': 0.9572693815184024, 'generation': 633}","{'id': 49220, 'rank': 25, 'fitness': 0.9571472860617604, 'generation': 633}","{'id': 49219, 'rank': 26, 'fitness': 0.8657941370790752, 'generation': 633}","{'id': 49226, 'rank': 27, 'fitness': 0.5255369098116011, 'generation': 633}","{'id': 49210, 'rank': 28, 'fitness': 0.05951193499517543, 'generation': 633}","{'id': 49216, 'rank': 29, 'fitness': 0.02178185135911892, 'generation': 633}","{'id': 49217, 'rank': 30, 'fitness': 0.01798620996209155, 'generation': 633}"
"{'id': 49264, 'rank': 1, 'fitness': 0.9820137900379085, 'generation': 634}","{'id': 49231, 'rank': 2, 'fitness': 0.9811910557462731, 'generation': 634}","{'id': 49231, 'rank': 3, 'fitness': 0.9811910557462731, 'generation': 634}","{'id': 49231, 'rank': 4, 'fitness': 0.9811910557462731, 'generation': 634}","{'id': 49258, 'rank': 5, 'fitness': 0.9786527609665424, 'generation': 634}","{'id': 49235, 'rank': 6, 'fitness': 0.9776124339191243, 'generation': 634}","{'id': 49238, 'rank': 7, 'fitness': 0.9763499479594482, 'generation': 634}","{'id': 49259, 'rank': 8, 'fitness': 0.9758940044594346, 'generation': 634}","{'id': 49263, 'rank': 9, 'fitness': 0.973042824191295, 'generation': 634}","{'id': 49263, 'rank': 10, 'fitness': 0.973042824191295, 'generation': 634}","{'id': 49076, 'rank': 11, 'fitness': 0.9719746260722983, 'generation': 634}","{'id': 49304, 'rank': 12, 'fitness': 0.9704248748688726, 'generation': 634}","{'id': 49278, 'rank': 13, 'fitness': 0.9695393088465096, 'generation': 634}","{'id': 49308, 'rank': 14, 'fitness': 0.9664884693182205, 'generation': 634}","{'id': 49283, 'rank': 15, 'fitness': 0.965045026570962, 'generation': 634}","{'id': 49307, 'rank': 16, 'fitness': 0.9639681096913286, 'generation': 634}","{'id': 49089, 'rank': 17, 'fitness': 0.9611478451402795, 'generation': 634}","{'id': 49323, 'rank': 18, 'fitness': 0.9563767846120271, 'generation': 634}","{'id': 48925, 'rank': 19, 'fitness': 0.9536778244928272, 'generation': 634}","{'id': 49300, 'rank': 20, 'fitness': 0.9440170046390666, 'generation': 634}","{'id': 49320, 'rank': 21, 'fitness': 0.9372482228000978, 'generation': 634}","{'id': 49087, 'rank': 22, 'fitness': 0.9320465059838943, 'generation': 634}","{'id': 49268, 'rank': 23, 'fitness': 0.9286024058914877, 'generation': 634}","{'id': 49268, 'rank': 24, 'fitness': 0.9286024058914877, 'generation': 634}","{'id': 49302, 'rank': 25, 'fitness': 0.9271204629178244, 'generation': 634}","{'id': 49313, 'rank': 26, 'fitness': 0.9000936967219761, 'generation': 634}","{'id': 49287, 'rank': 27, 'fitness': 0.8593471615655572, 'generation': 634}","{'id': 49275, 'rank': 28, 'fitness': 0.7843388432642784, 'generation': 634}","{'id': 49296, 'rank': 29, 'fitness': 0.5515238891150996, 'generation': 634}","{'id': 49292, 'rank': 30, 'fitness': 0.01798620996209155, 'generation': 634}"
"{'id': 49348, 'rank': 1, 'fitness': 0.9820137900379085, 'generation': 635}","{'id': 49336, 'rank': 2, 'fitness': 0.9808961104368912, 'generation': 635}","{'id': 49336, 'rank': 3, 'fitness': 0.9808961104368912, 'generation': 635}","{'id': 49396, 'rank': 4, 'fitness': 0.9795555517310974, 'generation': 635}","{'id': 49338, 'rank': 5, 'fitness': 0.9790991342136153, 'generation': 635}","{'id': 49258, 'rank': 6, 'fitness': 0.9775374807809379, 'generation': 635}","{'id': 49384, 'rank': 7, 'fitness': 0.9750277197292667, 'generation': 635}","{'id': 49349, 'rank': 8, 'fitness': 0.9746115267346032, 'generation': 635}","{'id': 49349, 'rank': 9, 'fitness': 0.9746115267346032, 'generation': 635}","{'id': 49394, 'rank': 10, 'fitness': 0.9675734102124414, 'generation': 635}","{'id': 49393, 'rank': 11, 'fitness': 0.9650311668783735, 'generation': 635}","{'id': 49395, 'rank': 12, 'fitness': 0.9622617248134557, 'generation': 635}","{'id': 49395, 'rank': 13, 'fitness': 0.9622617248134557, 'generation': 635}","{'id': 49383, 'rank': 14, 'fitness': 0.9613228680987596, 'generation': 635}","{'id': 49340, 'rank': 15, 'fitness': 0.9589174555714585, 'generation': 635}","{'id': 49340, 'rank': 16, 'fitness': 0.9589174555714585, 'generation': 635}","{'id': 49350, 'rank': 17, 'fitness': 0.9565956436705398, 'generation': 635}","{'id': 49304, 'rank': 18, 'fitness': 0.9519674168348637, 'generation': 635}","{'id': 49304, 'rank': 19, 'fitness': 0.9519674168348637, 'generation': 635}","{'id': 49337, 'rank': 20, 'fitness': 0.9261495890889918, 'generation': 635}","{'id': 49362, 'rank': 21, 'fitness': 0.9213262666540082, 'generation': 635}","{'id': 49333, 'rank': 22, 'fitness': 0.9116905248812959, 'generation': 635}","{'id': 49089, 'rank': 23, 'fitness': 0.9107190242730883, 'generation': 635}","{'id': 48925, 'rank': 24, 'fitness': 0.8688162773912192, 'generation': 635}","{'id': 49355, 'rank': 25, 'fitness': 0.8077903043443213, 'generation': 635}","{'id': 49369, 'rank': 26, 'fitness': 0.7289433164419091, 'generation': 635}","{'id': 49352, 'rank': 27, 'fitness': 0.5807106439754334, 'generation': 635}","{'id': 49366, 'rank': 28, 'fitness': 0.07931429013013952, 'generation': 635}","{'id': 49341, 'rank': 29, 'fitness': 0.031539203627134194, 'generation': 635}","{'id': 49343, 'rank': 30, 'fitness': 0.01798620996209155, 'generation': 635}"
"{'id': 49348, 'rank': 1, 'fitness': 0.9820137900379085, 'generation': 636}","{'id': 49462, 'rank': 2, 'fitness': 0.9817353778130862, 'generation': 636}","{'id': 49338, 'rank': 3, 'fitness': 0.9783335788799972, 'generation': 636}","{'id': 49401, 'rank': 4, 'fitness': 0.9776143713970895, 'generation': 636}","{'id': 49402, 'rank': 5, 'fitness': 0.9749976516971239, 'generation': 636}","{'id': 49403, 'rank': 6, 'fitness': 0.970989111794175, 'generation': 636}","{'id': 49414, 'rank': 7, 'fitness': 0.9669928620143152, 'generation': 636}","{'id': 49445, 'rank': 8, 'fitness': 0.9649915587434237, 'generation': 636}","{'id': 49435, 'rank': 9, 'fitness': 0.9558781221471522, 'generation': 636}","{'id': 49435, 'rank': 10, 'fitness': 0.9558781221471522, 'generation': 636}","{'id': 49418, 'rank': 11, 'fitness': 0.9547691274690401, 'generation': 636}","{'id': 49383, 'rank': 12, 'fitness': 0.9536559420305477, 'generation': 636}","{'id': 49421, 'rank': 13, 'fitness': 0.9443250420973979, 'generation': 636}","{'id': 49413, 'rank': 14, 'fitness': 0.9436762339172162, 'generation': 636}","{'id': 49304, 'rank': 15, 'fitness': 0.9395431890297814, 'generation': 636}","{'id': 49474, 'rank': 16, 'fitness': 0.9367063045638897, 'generation': 636}","{'id': 49444, 'rank': 17, 'fitness': 0.9325147258230662, 'generation': 636}","{'id': 49444, 'rank': 18, 'fitness': 0.9325147258230662, 'generation': 636}","{'id': 49473, 'rank': 19, 'fitness': 0.925544014609307, 'generation': 636}","{'id': 49448, 'rank': 20, 'fitness': 0.9199803783085255, 'generation': 636}","{'id': 49451, 'rank': 21, 'fitness': 0.8771768586198396, 'generation': 636}","{'id': 49451, 'rank': 22, 'fitness': 0.8771768586198396, 'generation': 636}","{'id': 49438, 'rank': 23, 'fitness': 0.8477854656742654, 'generation': 636}","{'id': 49452, 'rank': 24, 'fitness': 0.7956264615810427, 'generation': 636}","{'id': 49424, 'rank': 25, 'fitness': 0.790651867777405, 'generation': 636}","{'id': 49425, 'rank': 26, 'fitness': 0.7338086975950192, 'generation': 636}","{'id': 49456, 'rank': 27, 'fitness': 0.4675368120667266, 'generation': 636}","{'id': 49352, 'rank': 28, 'fitness': 0.3644547367474024, 'generation': 636}","{'id': 49416, 'rank': 29, 'fitness': 0.24084242544547307, 'generation': 636}","{'id': 49366, 'rank': 30, 'fitness': 0.01798620996209155, 'generation': 636}"
"{'id': 49462, 'rank': 1, 'fitness': 0.9820137900379085, 'generation': 637}","{'id': 49338, 'rank': 2, 'fitness': 0.9801015699970332, 'generation': 637}","{'id': 49401, 'rank': 3, 'fitness': 0.9797130700784087, 'generation': 637}","{'id': 49401, 'rank': 4, 'fitness': 0.9797130700784087, 'generation': 637}","{'id': 49526, 'rank': 5, 'fitness': 0.9795644919872291, 'generation': 637}","{'id': 49529, 'rank': 6, 'fitness': 0.9777195303070731, 'generation': 637}","{'id': 49403, 'rank': 7, 'fitness': 0.9763407775199695, 'generation': 637}","{'id': 49403, 'rank': 8, 'fitness': 0.9763407775199695, 'generation': 637}","{'id': 49414, 'rank': 9, 'fitness': 0.9744530275485324, 'generation': 637}","{'id': 49486, 'rank': 10, 'fitness': 0.9722932278944061, 'generation': 637}","{'id': 49512, 'rank': 11, 'fitness': 0.9662858646467056, 'generation': 637}","{'id': 49554, 'rank': 12, 'fitness': 0.9660534169418622, 'generation': 637}","{'id': 49413, 'rank': 13, 'fitness': 0.9648087575050521, 'generation': 637}","{'id': 49548, 'rank': 14, 'fitness': 0.9624769136349245, 'generation': 637}","{'id': 49552, 'rank': 15, 'fitness': 0.9612897365960058, 'generation': 637}","{'id': 49552, 'rank': 16, 'fitness': 0.9612897365960058, 'generation': 637}","{'id': 49451, 'rank': 17, 'fitness': 0.9430650131849512, 'generation': 637}","{'id': 49452, 'rank': 18, 'fitness': 0.9204623204329545, 'generation': 637}","{'id': 49452, 'rank': 19, 'fitness': 0.9204623204329545, 'generation': 637}","{'id': 49352, 'rank': 20, 'fitness': 0.7886515013340704, 'generation': 637}","{'id': 49522, 'rank': 21, 'fitness': 0.7616480783127291, 'generation': 637}","{'id': 49524, 'rank': 22, 'fitness': 0.7387591492631795, 'generation': 637}","{'id': 49530, 'rank': 23, 'fitness': 0.7200198900788517, 'generation': 637}","{'id': 49531, 'rank': 24, 'fitness': 0.7138755144183587, 'generation': 637}","{'id': 49501, 'rank': 25, 'fitness': 0.4089109239148687, 'generation': 637}","{'id': 49500, 'rank': 26, 'fitness': 0.24332246707463656, 'generation': 637}","{'id': 49518, 'rank': 27, 'fitness': 0.21596573500257615, 'generation': 637}","{'id': 49499, 'rank': 28, 'fitness': 0.2128067001664845, 'generation': 637}","{'id': 49503, 'rank': 29, 'fitness': 0.01798620996209155, 'generation': 637}","{'id': 49503, 'rank': 30, 'fitness': 0.01798620996209155, 'generation': 637}"
"{'id': 49401, 'rank': 1, 'fitness': 0.9820137900379085, 'generation': 638}","{'id': 49526, 'rank': 2, 'fitness': 0.9819973847481338, 'generation': 638}","{'id': 49591, 'rank': 3, 'fitness': 0.9819853195886632, 'generation': 638}","{'id': 49591, 'rank': 4, 'fitness': 0.9819853195886632, 'generation': 638}","{'id': 49529, 'rank': 5, 'fitness': 0.9818017414369744, 'generation': 638}","{'id': 49403, 'rank': 6, 'fitness': 0.9816643845863358, 'generation': 638}","{'id': 49620, 'rank': 7, 'fitness': 0.9814053495160524, 'generation': 638}","{'id': 49562, 'rank': 8, 'fitness': 0.9808798692214196, 'generation': 638}","{'id': 49562, 'rank': 9, 'fitness': 0.9808798692214196, 'generation': 638}","{'id': 49590, 'rank': 10, 'fitness': 0.9808399178923635, 'generation': 638}","{'id': 49554, 'rank': 11, 'fitness': 0.9808118118449352, 'generation': 638}","{'id': 49554, 'rank': 12, 'fitness': 0.9808118118449352, 'generation': 638}","{'id': 49574, 'rank': 13, 'fitness': 0.980796836169016, 'generation': 638}","{'id': 49580, 'rank': 14, 'fitness': 0.980260343451815, 'generation': 638}","{'id': 49580, 'rank': 15, 'fitness': 0.980260343451815, 'generation': 638}","{'id': 49560, 'rank': 16, 'fitness': 0.980144253363814, 'generation': 638}","{'id': 49606, 'rank': 17, 'fitness': 0.980078489833407, 'generation': 638}","{'id': 49585, 'rank': 18, 'fitness': 0.9796362150106362, 'generation': 638}","{'id': 49602, 'rank': 19, 'fitness': 0.9795242833498995, 'generation': 638}","{'id': 49605, 'rank': 20, 'fitness': 0.9791125911446237, 'generation': 638}","{'id': 49605, 'rank': 21, 'fitness': 0.9791125911446237, 'generation': 638}","{'id': 49452, 'rank': 22, 'fitness': 0.9785833967663664, 'generation': 638}","{'id': 49596, 'rank': 23, 'fitness': 0.9785678496140373, 'generation': 638}","{'id': 49598, 'rank': 24, 'fitness': 0.977958241714342, 'generation': 638}","{'id': 49598, 'rank': 25, 'fitness': 0.977958241714342, 'generation': 638}","{'id': 49603, 'rank': 26, 'fitness': 0.9774685516884641, 'generation': 638}","{'id': 49352, 'rank': 27, 'fitness': 0.9754184950790963, 'generation': 638}","{'id': 49586, 'rank': 28, 'fitness': 0.967056471680031, 'generation': 638}","{'id': 49614, 'rank': 29, 'fitness': 0.1988222235128133, 'generation': 638}","{'id': 49566, 'rank': 30, 'fitness': 0.01798620996209155, 'generation': 638}"
"{'id': 49651, 'rank': 1, 'fitness': 0.9820137900379085, 'generation': 639}","{'id': 49526, 'rank': 2, 'fitness': 0.9662092524006867, 'generation': 639}","{'id': 49526, 'rank': 3, 'fitness': 0.9662092524006867, 'generation': 639}","{'id': 49526, 'rank': 4, 'fitness': 0.9662092524006867, 'generation': 639}","{'id': 49591, 'rank': 5, 'fitness': 0.9656724933799186, 'generation': 639}","{'id': 49591, 'rank': 6, 'fitness': 0.9656724933799186, 'generation': 639}","{'id': 49670, 'rank': 7, 'fitness': 0.965303176590089, 'generation': 639}","{'id': 49670, 'rank': 8, 'fitness': 0.965303176590089, 'generation': 639}","{'id': 49670, 'rank': 9, 'fitness': 0.965303176590089, 'generation': 639}","{'id': 49529, 'rank': 10, 'fitness': 0.9564759000723275, 'generation': 639}","{'id': 49620, 'rank': 11, 'fitness': 0.9285731530846966, 'generation': 639}","{'id': 49673, 'rank': 12, 'fitness': 0.9173869774873772, 'generation': 639}","{'id': 49693, 'rank': 13, 'fitness': 0.8809149481097027, 'generation': 639}","{'id': 49652, 'rank': 14, 'fitness': 0.8781890100721897, 'generation': 639}","{'id': 49653, 'rank': 15, 'fitness': 0.8719936045460432, 'generation': 639}","{'id': 49562, 'rank': 16, 'fitness': 0.8682673174146194, 'generation': 639}","{'id': 49562, 'rank': 17, 'fitness': 0.8682673174146194, 'generation': 639}","{'id': 49654, 'rank': 18, 'fitness': 0.838805752390452, 'generation': 639}","{'id': 49689, 'rank': 19, 'fitness': 0.8017178157797514, 'generation': 639}","{'id': 49689, 'rank': 20, 'fitness': 0.8017178157797514, 'generation': 639}","{'id': 49580, 'rank': 21, 'fitness': 0.7517627293340694, 'generation': 639}","{'id': 49684, 'rank': 22, 'fitness': 0.7315937049987149, 'generation': 639}","{'id': 49606, 'rank': 23, 'fitness': 0.7077111494845061, 'generation': 639}","{'id': 49648, 'rank': 24, 'fitness': 0.6816035308640896, 'generation': 639}","{'id': 49699, 'rank': 25, 'fitness': 0.6632141657785044, 'generation': 639}","{'id': 49697, 'rank': 26, 'fitness': 0.6196088543394747, 'generation': 639}","{'id': 49605, 'rank': 27, 'fitness': 0.4325267589660767, 'generation': 639}","{'id': 49633, 'rank': 28, 'fitness': 0.1875619655560012, 'generation': 639}","{'id': 49627, 'rank': 29, 'fitness': 0.0957880280093058, 'generation': 639}","{'id': 49645, 'rank': 30, 'fitness': 0.01798620996209155, 'generation': 639}"
"{'id': 49735, 'rank': 1, 'fitness': 0.9820137900379085, 'generation': 640}","{'id': 49735, 'rank': 2, 'fitness': 0.9820137900379085, 'generation': 640}","{'id': 49526, 'rank': 3, 'fitness': 0.9807493701610535, 'generation': 640}","{'id': 49526, 'rank': 4, 'fitness': 0.9807493701610535, 'generation': 640}","{'id': 49526, 'rank': 5, 'fitness': 0.9807493701610535, 'generation': 640}","{'id': 49591, 'rank': 6, 'fitness': 0.9807183647228859, 'generation': 640}","{'id': 49591, 'rank': 7, 'fitness': 0.9807183647228859, 'generation': 640}","{'id': 49670, 'rank': 8, 'fitness': 0.9806972739143573, 'generation': 640}","{'id': 49529, 'rank': 9, 'fitness': 0.9802430774419988, 'generation': 640}","{'id': 49529, 'rank': 10, 'fitness': 0.9802430774419988, 'generation': 640}","{'id': 49734, 'rank': 11, 'fitness': 0.979057976452482, 'generation': 640}","{'id': 49714, 'rank': 12, 'fitness': 0.978059082540482, 'generation': 640}","{'id': 49778, 'rank': 13, 'fitness': 0.9778338324730081, 'generation': 640}","{'id': 49766, 'rank': 14, 'fitness': 0.9769826093690022, 'generation': 640}","{'id': 49704, 'rank': 15, 'fitness': 0.9767747641595985, 'generation': 640}","{'id': 49717, 'rank': 16, 'fitness': 0.9766695146960851, 'generation': 640}","{'id': 49689, 'rank': 17, 'fitness': 0.9766615145279236, 'generation': 640}","{'id': 49767, 'rank': 18, 'fitness': 0.9751290372052972, 'generation': 640}","{'id': 49767, 'rank': 19, 'fitness': 0.9751290372052972, 'generation': 640}","{'id': 49633, 'rank': 20, 'fitness': 0.9691143748082407, 'generation': 640}","{'id': 49769, 'rank': 21, 'fitness': 0.9655866404304303, 'generation': 640}","{'id': 49769, 'rank': 22, 'fitness': 0.9655866404304303, 'generation': 640}","{'id': 49710, 'rank': 23, 'fitness': 0.9602648811267985, 'generation': 640}","{'id': 49754, 'rank': 24, 'fitness': 0.9027072506053238, 'generation': 640}","{'id': 49709, 'rank': 25, 'fitness': 0.8820206335310115, 'generation': 640}","{'id': 49726, 'rank': 26, 'fitness': 0.35270593563162156, 'generation': 640}","{'id': 49705, 'rank': 27, 'fitness': 0.28113976693609943, 'generation': 640}","{'id': 49705, 'rank': 28, 'fitness': 0.28113976693609943, 'generation': 640}","{'id': 49775, 'rank': 29, 'fitness': 0.07614911306546662, 'generation': 640}","{'id': 49776, 'rank': 30, 'fitness': 0.01798620996209155, 'generation': 640}"
"{'id': 49735, 'rank': 1, 'fitness': 0.9820137900379085, 'generation': 641}","{'id': 49786, 'rank': 2, 'fitness': 0.9817511482348064, 'generation': 641}","{'id': 49826, 'rank': 3, 'fitness': 0.9816346975218175, 'generation': 641}","{'id': 49795, 'rank': 4, 'fitness': 0.9785233937807855, 'generation': 641}","{'id': 49795, 'rank': 5, 'fitness': 0.9785233937807855, 'generation': 641}","{'id': 49795, 'rank': 6, 'fitness': 0.9785233937807855, 'generation': 641}","{'id': 49871, 'rank': 7, 'fitness': 0.9781408953714958, 'generation': 641}","{'id': 49871, 'rank': 8, 'fitness': 0.9781408953714958, 'generation': 641}","{'id': 49526, 'rank': 9, 'fitness': 0.9711880151693133, 'generation': 641}","{'id': 49526, 'rank': 10, 'fitness': 0.9711880151693133, 'generation': 641}","{'id': 49591, 'rank': 11, 'fitness': 0.9708664073449815, 'generation': 641}","{'id': 49529, 'rank': 12, 'fitness': 0.9655529952097082, 'generation': 641}","{'id': 49823, 'rank': 13, 'fitness': 0.9611672267838478, 'generation': 641}","{'id': 49783, 'rank': 14, 'fitness': 0.9504361756841478, 'generation': 641}","{'id': 49831, 'rank': 15, 'fitness': 0.946900581848573, 'generation': 641}","{'id': 49840, 'rank': 16, 'fitness': 0.9405538401250275, 'generation': 641}","{'id': 49794, 'rank': 17, 'fitness': 0.9343292535369602, 'generation': 641}","{'id': 49868, 'rank': 18, 'fitness': 0.9304699034342891, 'generation': 641}","{'id': 49812, 'rank': 19, 'fitness': 0.926891767810881, 'generation': 641}","{'id': 49824, 'rank': 20, 'fitness': 0.9099641440445995, 'generation': 641}","{'id': 49787, 'rank': 21, 'fitness': 0.8894448060051092, 'generation': 641}","{'id': 49817, 'rank': 22, 'fitness': 0.8801139079632911, 'generation': 641}","{'id': 49799, 'rank': 23, 'fitness': 0.8731604542530261, 'generation': 641}","{'id': 49793, 'rank': 24, 'fitness': 0.832079863622076, 'generation': 641}","{'id': 49793, 'rank': 25, 'fitness': 0.832079863622076, 'generation': 641}","{'id': 49867, 'rank': 26, 'fitness': 0.8047902562733383, 'generation': 641}","{'id': 49816, 'rank': 27, 'fitness': 0.7365137952696749, 'generation': 641}","{'id': 49866, 'rank': 28, 'fitness': 0.5783453964343631, 'generation': 641}","{'id': 49865, 'rank': 29, 'fitness': 0.032047630412528894, 'generation': 641}","{'id': 49861, 'rank': 30, 'fitness': 0.01798620996209155, 'generation': 641}"
"{'id': 49927, 'rank': 1, 'fitness': 0.9820137900379085, 'generation': 642}","{'id': 49871, 'rank': 2, 'fitness': 0.9813293728429251, 'generation': 642}","{'id': 49871, 'rank': 3, 'fitness': 0.9813293728429251, 'generation': 642}","{'id': 49928, 'rank': 4, 'fitness': 0.9811234917346892, 'generation': 642}","{'id': 49526, 'rank': 5, 'fitness': 0.9806590949007827, 'generation': 642}","{'id': 49526, 'rank': 6, 'fitness': 0.9806590949007827, 'generation': 642}","{'id': 49896, 'rank': 7, 'fitness': 0.9805667428429579, 'generation': 642}","{'id': 49914, 'rank': 8, 'fitness': 0.9798662470036268, 'generation': 642}","{'id': 49914, 'rank': 9, 'fitness': 0.9798662470036268, 'generation': 642}","{'id': 49900, 'rank': 10, 'fitness': 0.9797474038968819, 'generation': 642}","{'id': 49902, 'rank': 11, 'fitness': 0.979654717478549, 'generation': 642}","{'id': 49926, 'rank': 12, 'fitness': 0.9796091096118726, 'generation': 642}","{'id': 49904, 'rank': 13, 'fitness': 0.9789201441927851, 'generation': 642}","{'id': 49840, 'rank': 14, 'fitness': 0.9787520549095012, 'generation': 642}","{'id': 49794, 'rank': 15, 'fitness': 0.9784698914943197, 'generation': 642}","{'id': 49794, 'rank': 16, 'fitness': 0.9784698914943197, 'generation': 642}","{'id': 49868, 'rank': 17, 'fitness': 0.9783055408286596, 'generation': 642}","{'id': 49881, 'rank': 18, 'fitness': 0.9780026313895835, 'generation': 642}","{'id': 49922, 'rank': 19, 'fitness': 0.977789072090747, 'generation': 642}","{'id': 49787, 'rank': 20, 'fitness': 0.9768917989181202, 'generation': 642}","{'id': 49817, 'rank': 21, 'fitness': 0.9766279962509917, 'generation': 642}","{'id': 49891, 'rank': 22, 'fitness': 0.9750796366151173, 'generation': 642}","{'id': 49891, 'rank': 23, 'fitness': 0.9750796366151173, 'generation': 642}","{'id': 49867, 'rank': 24, 'fitness': 0.9748969085269631, 'generation': 642}","{'id': 49945, 'rank': 25, 'fitness': 0.9711280643589487, 'generation': 642}","{'id': 49887, 'rank': 26, 'fitness': 0.9688570523118358, 'generation': 642}","{'id': 49919, 'rank': 27, 'fitness': 0.9631584625254347, 'generation': 642}","{'id': 49934, 'rank': 28, 'fitness': 0.9558332046165505, 'generation': 642}","{'id': 49879, 'rank': 29, 'fitness': 0.6294866593636688, 'generation': 642}","{'id': 49882, 'rank': 30, 'fitness': 0.01798620996209155, 'generation': 642}"
