rank_data
"{'id': 5, 'rank': 1, 'fitness': 0.9820137900379085, 'generation': 0}","{'id': 3, 'rank': 2, 'fitness': 0.9372880628702038, 'generation': 0}","{'id': 7, 'rank': 3, 'fitness': 0.6774637703996607, 'generation': 0}","{'id': 17, 'rank': 4, 'fitness': 0.5509184032679162, 'generation': 0}","{'id': 29, 'rank': 5, 'fitness': 0.493566086970692, 'generation': 0}","{'id': 19, 'rank': 6, 'fitness': 0.4910809464188056, 'generation': 0}","{'id': 12, 'rank': 7, 'fitness': 0.47109735538056136, 'generation': 0}","{'id': 9, 'rank': 8, 'fitness': 0.4049725169329781, 'generation': 0}","{'id': 4, 'rank': 9, 'fitness': 0.38906359377806415, 'generation': 0}","{'id': 8, 'rank': 10, 'fitness': 0.3748646901545203, 'generation': 0}","{'id': 18, 'rank': 11, 'fitness': 0.34292282892310944, 'generation': 0}","{'id': 1, 'rank': 12, 'fitness': 0.3128727851852178, 'generation': 0}","{'id': 15, 'rank': 13, 'fitness': 0.28015185092976513, 'generation': 0}","{'id': 2, 'rank': 14, 'fitness': 0.21512005331620843, 'generation': 0}","{'id': 14, 'rank': 15, 'fitness': 0.12632212306138962, 'generation': 0}","{'id': 6, 'rank': 16, 'fitness': 0.12159738926231378, 'generation': 0}","{'id': 26, 'rank': 17, 'fitness': 0.11889813497959356, 'generation': 0}","{'id': 10, 'rank': 18, 'fitness': 0.11636600794340068, 'generation': 0}","{'id': 13, 'rank': 19, 'fitness': 0.10932659204281314, 'generation': 0}","{'id': 11, 'rank': 20, 'fitness': 0.10247373547976907, 'generation': 0}","{'id': 21, 'rank': 21, 'fitness': 0.09779928439994579, 'generation': 0}","{'id': 16, 'rank': 22, 'fitness': 0.06165652946809885, 'generation': 0}","{'id': 28, 'rank': 23, 'fitness': 0.06089277206890392, 'generation': 0}","{'id': 25, 'rank': 24, 'fitness': 0.05078113576881732, 'generation': 0}","{'id': 20, 'rank': 25, 'fitness': 0.04472996943162222, 'generation': 0}","{'id': 30, 'rank': 26, 'fitness': 0.03416742698611536, 'generation': 0}","{'id': 23, 'rank': 27, 'fitness': 0.0331543162412406, 'generation': 0}","{'id': 22, 'rank': 28, 'fitness': 0.03229188636452379, 'generation': 0}","{'id': 27, 'rank': 29, 'fitness': 0.02209901235534667, 'generation': 0}","{'id': 24, 'rank': 30, 'fitness': 0.01798620996209155, 'generation': 0}"
"{'id': 5, 'rank': 1, 'fitness': 0.9820137900379085, 'generation': 1}","{'id': 3, 'rank': 2, 'fitness': 0.9372880628702038, 'generation': 1}","{'id': 7, 'rank': 3, 'fitness': 0.6774637703996607, 'generation': 1}","{'id': 17, 'rank': 4, 'fitness': 0.5509184032679162, 'generation': 1}","{'id': 29, 'rank': 5, 'fitness': 0.493566086970692, 'generation': 1}","{'id': 19, 'rank': 6, 'fitness': 0.4910809464188056, 'generation': 1}","{'id': 12, 'rank': 7, 'fitness': 0.47109735538056136, 'generation': 1}","{'id': 9, 'rank': 8, 'fitness': 0.4049725169329781, 'generation': 1}","{'id': 4, 'rank': 9, 'fitness': 0.38906359377806415, 'generation': 1}","{'id': 8, 'rank': 10, 'fitness': 0.3748646901545203, 'generation': 1}","{'id': 18, 'rank': 11, 'fitness': 0.34292282892310944, 'generation': 1}","{'id': 1, 'rank': 12, 'fitness': 0.3128727851852178, 'generation': 1}","{'id': 15, 'rank': 13, 'fitness': 0.28015185092976513, 'generation': 1}","{'id': 2, 'rank': 14, 'fitness': 0.21512005331620843, 'generation': 1}","{'id': 14, 'rank': 15, 'fitness': 0.12632212306138962, 'generation': 1}","{'id': 6, 'rank': 16, 'fitness': 0.12159738926231378, 'generation': 1}","{'id': 26, 'rank': 17, 'fitness': 0.11889813497959356, 'generation': 1}","{'id': 10, 'rank': 18, 'fitness': 0.11636600794340068, 'generation': 1}","{'id': 13, 'rank': 19, 'fitness': 0.10932659204281314, 'generation': 1}","{'id': 11, 'rank': 20, 'fitness': 0.10247373547976907, 'generation': 1}","{'id': 21, 'rank': 21, 'fitness': 0.09779928439994579, 'generation': 1}","{'id': 16, 'rank': 22, 'fitness': 0.06165652946809885, 'generation': 1}","{'id': 28, 'rank': 23, 'fitness': 0.06089277206890392, 'generation': 1}","{'id': 25, 'rank': 24, 'fitness': 0.05078113576881732, 'generation': 1}","{'id': 20, 'rank': 25, 'fitness': 0.04472996943162222, 'generation': 1}","{'id': 30, 'rank': 26, 'fitness': 0.03416742698611536, 'generation': 1}","{'id': 23, 'rank': 27, 'fitness': 0.0331543162412406, 'generation': 1}","{'id': 22, 'rank': 28, 'fitness': 0.03229188636452379, 'generation': 1}","{'id': 27, 'rank': 29, 'fitness': 0.02209901235534667, 'generation': 1}","{'id': 24, 'rank': 30, 'fitness': 0.01798620996209155, 'generation': 1}"
"{'id': 67, 'rank': 1, 'fitness': 0.9820137900379085, 'generation': 2}","{'id': 46, 'rank': 2, 'fitness': 0.8726615402538191, 'generation': 2}","{'id': 49, 'rank': 3, 'fitness': 0.7529869393151862, 'generation': 2}","{'id': 55, 'rank': 4, 'fitness': 0.638242844832474, 'generation': 2}","{'id': 66, 'rank': 5, 'fitness': 0.47725178478637137, 'generation': 2}","{'id': 54, 'rank': 6, 'fitness': 0.4380951413601831, 'generation': 2}","{'id': 64, 'rank': 7, 'fitness': 0.429210000844262, 'generation': 2}","{'id': 45, 'rank': 8, 'fitness': 0.3967563640914366, 'generation': 2}","{'id': 65, 'rank': 9, 'fitness': 0.3800123592267882, 'generation': 2}","{'id': 63, 'rank': 10, 'fitness': 0.2635782597574936, 'generation': 2}","{'id': 70, 'rank': 11, 'fitness': 0.2345465183875396, 'generation': 2}","{'id': 48, 'rank': 12, 'fitness': 0.19911225329475096, 'generation': 2}","{'id': 56, 'rank': 13, 'fitness': 0.16841390805908862, 'generation': 2}","{'id': 72, 'rank': 14, 'fitness': 0.16352511530530273, 'generation': 2}","{'id': 69, 'rank': 15, 'fitness': 0.14202070575280412, 'generation': 2}","{'id': 68, 'rank': 16, 'fitness': 0.12843376409232876, 'generation': 2}","{'id': 44, 'rank': 17, 'fitness': 0.12143951911502598, 'generation': 2}","{'id': 51, 'rank': 18, 'fitness': 0.10932984506255305, 'generation': 2}","{'id': 42, 'rank': 19, 'fitness': 0.08760374755572031, 'generation': 2}","{'id': 58, 'rank': 20, 'fitness': 0.05429143687194765, 'generation': 2}","{'id': 36, 'rank': 21, 'fitness': 0.05397572907305348, 'generation': 2}","{'id': 59, 'rank': 22, 'fitness': 0.0370286069764762, 'generation': 2}","{'id': 31, 'rank': 23, 'fitness': 0.03584194693447029, 'generation': 2}","{'id': 71, 'rank': 24, 'fitness': 0.03440372641910111, 'generation': 2}","{'id': 39, 'rank': 25, 'fitness': 0.030489474687304507, 'generation': 2}","{'id': 52, 'rank': 26, 'fitness': 0.028638328593370288, 'generation': 2}","{'id': 62, 'rank': 27, 'fitness': 0.02771604457262744, 'generation': 2}","{'id': 33, 'rank': 28, 'fitness': 0.02477991640467142, 'generation': 2}","{'id': 61, 'rank': 29, 'fitness': 0.023180195238854395, 'generation': 2}","{'id': 32, 'rank': 30, 'fitness': 0.01798620996209155, 'generation': 2}"
"{'id': 110, 'rank': 1, 'fitness': 0.9820137900379085, 'generation': 3}","{'id': 111, 'rank': 2, 'fitness': 0.9334328728671142, 'generation': 3}","{'id': 109, 'rank': 3, 'fitness': 0.8385939963032494, 'generation': 3}","{'id': 74, 'rank': 4, 'fitness': 0.7953072147057982, 'generation': 3}","{'id': 99, 'rank': 5, 'fitness': 0.522200596494671, 'generation': 3}","{'id': 114, 'rank': 6, 'fitness': 0.4730383758555913, 'generation': 3}","{'id': 86, 'rank': 7, 'fitness': 0.4446073287120613, 'generation': 3}","{'id': 96, 'rank': 8, 'fitness': 0.3964520650365787, 'generation': 3}","{'id': 108, 'rank': 9, 'fitness': 0.2838981117588624, 'generation': 3}","{'id': 91, 'rank': 10, 'fitness': 0.28219751478694344, 'generation': 3}","{'id': 113, 'rank': 11, 'fitness': 0.2416441764929177, 'generation': 3}","{'id': 105, 'rank': 12, 'fitness': 0.1454761846235626, 'generation': 3}","{'id': 90, 'rank': 13, 'fitness': 0.13891773834726917, 'generation': 3}","{'id': 88, 'rank': 14, 'fitness': 0.13024266518549843, 'generation': 3}","{'id': 104, 'rank': 15, 'fitness': 0.12206400420996139, 'generation': 3}","{'id': 80, 'rank': 16, 'fitness': 0.10100159774931594, 'generation': 3}","{'id': 107, 'rank': 17, 'fitness': 0.0891327333612873, 'generation': 3}","{'id': 101, 'rank': 18, 'fitness': 0.06893551317065938, 'generation': 3}","{'id': 93, 'rank': 19, 'fitness': 0.05136022557391279, 'generation': 3}","{'id': 103, 'rank': 20, 'fitness': 0.05067363260250485, 'generation': 3}","{'id': 94, 'rank': 21, 'fitness': 0.03605929838345484, 'generation': 3}","{'id': 85, 'rank': 22, 'fitness': 0.03469259984097872, 'generation': 3}","{'id': 98, 'rank': 23, 'fitness': 0.034166970567557686, 'generation': 3}","{'id': 102, 'rank': 24, 'fitness': 0.03147078574195622, 'generation': 3}","{'id': 75, 'rank': 25, 'fitness': 0.026500716536350388, 'generation': 3}","{'id': 76, 'rank': 26, 'fitness': 0.024332732587423245, 'generation': 3}","{'id': 83, 'rank': 27, 'fitness': 0.023786508445375387, 'generation': 3}","{'id': 87, 'rank': 28, 'fitness': 0.022854855382095696, 'generation': 3}","{'id': 100, 'rank': 29, 'fitness': 0.02063381398867159, 'generation': 3}","{'id': 112, 'rank': 30, 'fitness': 0.01798620996209155, 'generation': 3}"
"{'id': 151, 'rank': 1, 'fitness': 0.9820137900379085, 'generation': 4}","{'id': 127, 'rank': 2, 'fitness': 0.9756242227889127, 'generation': 4}","{'id': 133, 'rank': 3, 'fitness': 0.9736638056766408, 'generation': 4}","{'id': 142, 'rank': 4, 'fitness': 0.8790903915218192, 'generation': 4}","{'id': 132, 'rank': 5, 'fitness': 0.8757748116857972, 'generation': 4}","{'id': 145, 'rank': 6, 'fitness': 0.8498973277570715, 'generation': 4}","{'id': 130, 'rank': 7, 'fitness': 0.7658907825968533, 'generation': 4}","{'id': 146, 'rank': 8, 'fitness': 0.7496685448706515, 'generation': 4}","{'id': 150, 'rank': 9, 'fitness': 0.7139093693404192, 'generation': 4}","{'id': 131, 'rank': 10, 'fitness': 0.6689352062368564, 'generation': 4}","{'id': 141, 'rank': 11, 'fitness': 0.6659976535962577, 'generation': 4}","{'id': 135, 'rank': 12, 'fitness': 0.5820697532117275, 'generation': 4}","{'id': 134, 'rank': 13, 'fitness': 0.26120194304971855, 'generation': 4}","{'id': 117, 'rank': 14, 'fitness': 0.23859647378753018, 'generation': 4}","{'id': 144, 'rank': 15, 'fitness': 0.21507408243805032, 'generation': 4}","{'id': 128, 'rank': 16, 'fitness': 0.20244391279739216, 'generation': 4}","{'id': 126, 'rank': 17, 'fitness': 0.18670355301385683, 'generation': 4}","{'id': 129, 'rank': 18, 'fitness': 0.1817462591602066, 'generation': 4}","{'id': 147, 'rank': 19, 'fitness': 0.1701771202930319, 'generation': 4}","{'id': 155, 'rank': 20, 'fitness': 0.16724667075926403, 'generation': 4}","{'id': 125, 'rank': 21, 'fitness': 0.1537850440132335, 'generation': 4}","{'id': 140, 'rank': 22, 'fitness': 0.09637829749652116, 'generation': 4}","{'id': 156, 'rank': 23, 'fitness': 0.08889038881664196, 'generation': 4}","{'id': 137, 'rank': 24, 'fitness': 0.08339380340130675, 'generation': 4}","{'id': 152, 'rank': 25, 'fitness': 0.08320029687118713, 'generation': 4}","{'id': 120, 'rank': 26, 'fitness': 0.039034753570200975, 'generation': 4}","{'id': 149, 'rank': 27, 'fitness': 0.03664959634127701, 'generation': 4}","{'id': 148, 'rank': 28, 'fitness': 0.02833130669700551, 'generation': 4}","{'id': 138, 'rank': 29, 'fitness': 0.021034546281258948, 'generation': 4}","{'id': 154, 'rank': 30, 'fitness': 0.01798620996209155, 'generation': 4}"
"{'id': 201, 'rank': 1, 'fitness': 0.9820137900379085, 'generation': 5}","{'id': 199, 'rank': 2, 'fitness': 0.9451179408182033, 'generation': 5}","{'id': 204, 'rank': 3, 'fitness': 0.9223705210342261, 'generation': 5}","{'id': 205, 'rank': 4, 'fitness': 0.8600691168511816, 'generation': 5}","{'id': 190, 'rank': 5, 'fitness': 0.734627343269643, 'generation': 5}","{'id': 207, 'rank': 6, 'fitness': 0.6314868985530873, 'generation': 5}","{'id': 194, 'rank': 7, 'fitness': 0.5593945387901699, 'generation': 5}","{'id': 165, 'rank': 8, 'fitness': 0.34328260442336, 'generation': 5}","{'id': 164, 'rank': 9, 'fitness': 0.3142009303370027, 'generation': 5}","{'id': 182, 'rank': 10, 'fitness': 0.2618488630660163, 'generation': 5}","{'id': 206, 'rank': 11, 'fitness': 0.21998935164669647, 'generation': 5}","{'id': 177, 'rank': 12, 'fitness': 0.2132763565857878, 'generation': 5}","{'id': 191, 'rank': 13, 'fitness': 0.18119891435276447, 'generation': 5}","{'id': 179, 'rank': 14, 'fitness': 0.1588880279882146, 'generation': 5}","{'id': 193, 'rank': 15, 'fitness': 0.11295923341887615, 'generation': 5}","{'id': 202, 'rank': 16, 'fitness': 0.11228536912851905, 'generation': 5}","{'id': 163, 'rank': 17, 'fitness': 0.0934467459562468, 'generation': 5}","{'id': 197, 'rank': 18, 'fitness': 0.08573042186496743, 'generation': 5}","{'id': 157, 'rank': 19, 'fitness': 0.0828103986371671, 'generation': 5}","{'id': 186, 'rank': 20, 'fitness': 0.06160996545540781, 'generation': 5}","{'id': 180, 'rank': 21, 'fitness': 0.04446105065107253, 'generation': 5}","{'id': 198, 'rank': 22, 'fitness': 0.04285603755422829, 'generation': 5}","{'id': 166, 'rank': 23, 'fitness': 0.03896548128245353, 'generation': 5}","{'id': 203, 'rank': 24, 'fitness': 0.03213778924067051, 'generation': 5}","{'id': 158, 'rank': 25, 'fitness': 0.030750907253374038, 'generation': 5}","{'id': 200, 'rank': 26, 'fitness': 0.029127109729980782, 'generation': 5}","{'id': 196, 'rank': 27, 'fitness': 0.02427817266912058, 'generation': 5}","{'id': 189, 'rank': 28, 'fitness': 0.020385397259463145, 'generation': 5}","{'id': 162, 'rank': 29, 'fitness': 0.019836870932261108, 'generation': 5}","{'id': 161, 'rank': 30, 'fitness': 0.01798620996209155, 'generation': 5}"
"{'id': 222, 'rank': 1, 'fitness': 0.9820137900379085, 'generation': 6}","{'id': 236, 'rank': 2, 'fitness': 0.9785559397312488, 'generation': 6}","{'id': 246, 'rank': 3, 'fitness': 0.9646333520839969, 'generation': 6}","{'id': 242, 'rank': 4, 'fitness': 0.9278799374040863, 'generation': 6}","{'id': 243, 'rank': 5, 'fitness': 0.8802428678061652, 'generation': 6}","{'id': 240, 'rank': 6, 'fitness': 0.6868599724799888, 'generation': 6}","{'id': 237, 'rank': 7, 'fitness': 0.6338455513502904, 'generation': 6}","{'id': 234, 'rank': 8, 'fitness': 0.5908666660299621, 'generation': 6}","{'id': 250, 'rank': 9, 'fitness': 0.50187117183088, 'generation': 6}","{'id': 248, 'rank': 10, 'fitness': 0.4033773223420588, 'generation': 6}","{'id': 229, 'rank': 11, 'fitness': 0.3583761841768601, 'generation': 6}","{'id': 224, 'rank': 12, 'fitness': 0.32943504216764397, 'generation': 6}","{'id': 235, 'rank': 13, 'fitness': 0.3144098937622475, 'generation': 6}","{'id': 227, 'rank': 14, 'fitness': 0.19405913087998483, 'generation': 6}","{'id': 244, 'rank': 15, 'fitness': 0.17765580173228046, 'generation': 6}","{'id': 232, 'rank': 16, 'fitness': 0.160903661336108, 'generation': 6}","{'id': 223, 'rank': 17, 'fitness': 0.1524730035133024, 'generation': 6}","{'id': 208, 'rank': 18, 'fitness': 0.14551270616581402, 'generation': 6}","{'id': 241, 'rank': 19, 'fitness': 0.10801853660539151, 'generation': 6}","{'id': 239, 'rank': 20, 'fitness': 0.07930608598112704, 'generation': 6}","{'id': 245, 'rank': 21, 'fitness': 0.07803962117111923, 'generation': 6}","{'id': 225, 'rank': 22, 'fitness': 0.06336993237408983, 'generation': 6}","{'id': 247, 'rank': 23, 'fitness': 0.05886201297049809, 'generation': 6}","{'id': 211, 'rank': 24, 'fitness': 0.05640053966793712, 'generation': 6}","{'id': 238, 'rank': 25, 'fitness': 0.0354490321411432, 'generation': 6}","{'id': 214, 'rank': 26, 'fitness': 0.03443834271312085, 'generation': 6}","{'id': 249, 'rank': 27, 'fitness': 0.029562711894179916, 'generation': 6}","{'id': 215, 'rank': 28, 'fitness': 0.01875647835757499, 'generation': 6}","{'id': 233, 'rank': 29, 'fitness': 0.01842993137958837, 'generation': 6}","{'id': 217, 'rank': 30, 'fitness': 0.01798620996209155, 'generation': 6}"
"{'id': 287, 'rank': 1, 'fitness': 0.9820137900379085, 'generation': 7}","{'id': 262, 'rank': 2, 'fitness': 0.9664656824651898, 'generation': 7}","{'id': 282, 'rank': 3, 'fitness': 0.9546066432643783, 'generation': 7}","{'id': 279, 'rank': 4, 'fitness': 0.9538962394199413, 'generation': 7}","{'id': 270, 'rank': 5, 'fitness': 0.8416794419033752, 'generation': 7}","{'id': 294, 'rank': 6, 'fitness': 0.6542011947670587, 'generation': 7}","{'id': 268, 'rank': 7, 'fitness': 0.6061293933790415, 'generation': 7}","{'id': 290, 'rank': 8, 'fitness': 0.5978989484486946, 'generation': 7}","{'id': 283, 'rank': 9, 'fitness': 0.5168605228820722, 'generation': 7}","{'id': 292, 'rank': 10, 'fitness': 0.42875268170158076, 'generation': 7}","{'id': 269, 'rank': 11, 'fitness': 0.3529334298709568, 'generation': 7}","{'id': 293, 'rank': 12, 'fitness': 0.3239831807410891, 'generation': 7}","{'id': 273, 'rank': 13, 'fitness': 0.3055108832774619, 'generation': 7}","{'id': 263, 'rank': 14, 'fitness': 0.24029996712025536, 'generation': 7}","{'id': 284, 'rank': 15, 'fitness': 0.2360117859408533, 'generation': 7}","{'id': 286, 'rank': 16, 'fitness': 0.14930656249248597, 'generation': 7}","{'id': 264, 'rank': 17, 'fitness': 0.11895031692705077, 'generation': 7}","{'id': 291, 'rank': 18, 'fitness': 0.0964796449311548, 'generation': 7}","{'id': 285, 'rank': 19, 'fitness': 0.07855088204310556, 'generation': 7}","{'id': 278, 'rank': 20, 'fitness': 0.07256105594638962, 'generation': 7}","{'id': 288, 'rank': 21, 'fitness': 0.06642351210403519, 'generation': 7}","{'id': 276, 'rank': 22, 'fitness': 0.05694384121062912, 'generation': 7}","{'id': 274, 'rank': 23, 'fitness': 0.0501032295756631, 'generation': 7}","{'id': 275, 'rank': 24, 'fitness': 0.04989809649960397, 'generation': 7}","{'id': 257, 'rank': 25, 'fitness': 0.038544347981166904, 'generation': 7}","{'id': 261, 'rank': 26, 'fitness': 0.02402351751804871, 'generation': 7}","{'id': 265, 'rank': 27, 'fitness': 0.024000140312902152, 'generation': 7}","{'id': 251, 'rank': 28, 'fitness': 0.02200663196439606, 'generation': 7}","{'id': 256, 'rank': 29, 'fitness': 0.02050803729750733, 'generation': 7}","{'id': 253, 'rank': 30, 'fitness': 0.01798620996209155, 'generation': 7}"
"{'id': 332, 'rank': 1, 'fitness': 0.9820137900379085, 'generation': 8}","{'id': 322, 'rank': 2, 'fitness': 0.7682683845517311, 'generation': 8}","{'id': 337, 'rank': 3, 'fitness': 0.7152230612310672, 'generation': 8}","{'id': 346, 'rank': 4, 'fitness': 0.6227296726957234, 'generation': 8}","{'id': 330, 'rank': 5, 'fitness': 0.5846868302015317, 'generation': 8}","{'id': 345, 'rank': 6, 'fitness': 0.4427876103595516, 'generation': 8}","{'id': 318, 'rank': 7, 'fitness': 0.43343956053265176, 'generation': 8}","{'id': 302, 'rank': 8, 'fitness': 0.3660487820278738, 'generation': 8}","{'id': 321, 'rank': 9, 'fitness': 0.35524703357368914, 'generation': 8}","{'id': 305, 'rank': 10, 'fitness': 0.3492519705940249, 'generation': 8}","{'id': 341, 'rank': 11, 'fitness': 0.305491049953441, 'generation': 8}","{'id': 303, 'rank': 12, 'fitness': 0.2507417567743735, 'generation': 8}","{'id': 339, 'rank': 13, 'fitness': 0.2455208014120127, 'generation': 8}","{'id': 344, 'rank': 14, 'fitness': 0.1943643314985956, 'generation': 8}","{'id': 315, 'rank': 15, 'fitness': 0.17798917292801014, 'generation': 8}","{'id': 329, 'rank': 16, 'fitness': 0.17481769773502964, 'generation': 8}","{'id': 316, 'rank': 17, 'fitness': 0.16433739867942387, 'generation': 8}","{'id': 296, 'rank': 18, 'fitness': 0.15311897841674055, 'generation': 8}","{'id': 328, 'rank': 19, 'fitness': 0.11668999123544926, 'generation': 8}","{'id': 331, 'rank': 20, 'fitness': 0.05422870780637323, 'generation': 8}","{'id': 334, 'rank': 21, 'fitness': 0.053677218209712885, 'generation': 8}","{'id': 320, 'rank': 22, 'fitness': 0.04818764849048274, 'generation': 8}","{'id': 340, 'rank': 23, 'fitness': 0.04572913740021123, 'generation': 8}","{'id': 327, 'rank': 24, 'fitness': 0.03953017477444537, 'generation': 8}","{'id': 297, 'rank': 25, 'fitness': 0.03861836058069518, 'generation': 8}","{'id': 343, 'rank': 26, 'fitness': 0.03181915134428798, 'generation': 8}","{'id': 300, 'rank': 27, 'fitness': 0.027626497967916885, 'generation': 8}","{'id': 323, 'rank': 28, 'fitness': 0.025200071316238193, 'generation': 8}","{'id': 338, 'rank': 29, 'fitness': 0.019073719739102213, 'generation': 8}","{'id': 310, 'rank': 30, 'fitness': 0.01798620996209155, 'generation': 8}"
"{'id': 373, 'rank': 1, 'fitness': 0.9820137900379085, 'generation': 9}","{'id': 382, 'rank': 2, 'fitness': 0.8972825590525699, 'generation': 9}","{'id': 385, 'rank': 3, 'fitness': 0.7894314003544869, 'generation': 9}","{'id': 353, 'rank': 4, 'fitness': 0.7840055880758273, 'generation': 9}","{'id': 372, 'rank': 5, 'fitness': 0.7337891631174016, 'generation': 9}","{'id': 357, 'rank': 6, 'fitness': 0.704384419964907, 'generation': 9}","{'id': 358, 'rank': 7, 'fitness': 0.5860457947824256, 'generation': 9}","{'id': 368, 'rank': 8, 'fitness': 0.5739908552687489, 'generation': 9}","{'id': 379, 'rank': 9, 'fitness': 0.5208382878578315, 'generation': 9}","{'id': 365, 'rank': 10, 'fitness': 0.36545765730662144, 'generation': 9}","{'id': 369, 'rank': 11, 'fitness': 0.2782626949846854, 'generation': 9}","{'id': 384, 'rank': 12, 'fitness': 0.25224457098645925, 'generation': 9}","{'id': 375, 'rank': 13, 'fitness': 0.2514902583142545, 'generation': 9}","{'id': 351, 'rank': 14, 'fitness': 0.24621915309159959, 'generation': 9}","{'id': 356, 'rank': 15, 'fitness': 0.21303254513495484, 'generation': 9}","{'id': 381, 'rank': 16, 'fitness': 0.20897032028585966, 'generation': 9}","{'id': 383, 'rank': 17, 'fitness': 0.10645323662773859, 'generation': 9}","{'id': 374, 'rank': 18, 'fitness': 0.09985739660112258, 'generation': 9}","{'id': 367, 'rank': 19, 'fitness': 0.09972685728042568, 'generation': 9}","{'id': 376, 'rank': 20, 'fitness': 0.09277490886583617, 'generation': 9}","{'id': 362, 'rank': 21, 'fitness': 0.07978844530477275, 'generation': 9}","{'id': 377, 'rank': 22, 'fitness': 0.07640078320493643, 'generation': 9}","{'id': 350, 'rank': 23, 'fitness': 0.06504233888126532, 'generation': 9}","{'id': 380, 'rank': 24, 'fitness': 0.05469900492396329, 'generation': 9}","{'id': 355, 'rank': 25, 'fitness': 0.05341491279637611, 'generation': 9}","{'id': 386, 'rank': 26, 'fitness': 0.05229856378501113, 'generation': 9}","{'id': 348, 'rank': 27, 'fitness': 0.031699512976616606, 'generation': 9}","{'id': 359, 'rank': 28, 'fitness': 0.022609406890771178, 'generation': 9}","{'id': 378, 'rank': 29, 'fitness': 0.02029118384078754, 'generation': 9}","{'id': 361, 'rank': 30, 'fitness': 0.01798620996209155, 'generation': 9}"
"{'id': 427, 'rank': 1, 'fitness': 0.9820137900379085, 'generation': 10}","{'id': 411, 'rank': 2, 'fitness': 0.77875728085596, 'generation': 10}","{'id': 417, 'rank': 3, 'fitness': 0.6730858441981933, 'generation': 10}","{'id': 424, 'rank': 4, 'fitness': 0.6670379483719897, 'generation': 10}","{'id': 390, 'rank': 5, 'fitness': 0.6263153410028308, 'generation': 10}","{'id': 425, 'rank': 6, 'fitness': 0.5245963892324159, 'generation': 10}","{'id': 420, 'rank': 7, 'fitness': 0.44193466060742637, 'generation': 10}","{'id': 410, 'rank': 8, 'fitness': 0.40336268424733335, 'generation': 10}","{'id': 414, 'rank': 9, 'fitness': 0.37613857067862183, 'generation': 10}","{'id': 391, 'rank': 10, 'fitness': 0.2840128757838587, 'generation': 10}","{'id': 422, 'rank': 11, 'fitness': 0.26158187390471194, 'generation': 10}","{'id': 428, 'rank': 12, 'fitness': 0.2550669298733478, 'generation': 10}","{'id': 423, 'rank': 13, 'fitness': 0.2166279718482294, 'generation': 10}","{'id': 397, 'rank': 14, 'fitness': 0.21260911852018904, 'generation': 10}","{'id': 408, 'rank': 15, 'fitness': 0.16260043382167855, 'generation': 10}","{'id': 398, 'rank': 16, 'fitness': 0.16015928097583587, 'generation': 10}","{'id': 405, 'rank': 17, 'fitness': 0.15246874372100772, 'generation': 10}","{'id': 426, 'rank': 18, 'fitness': 0.1425600902473626, 'generation': 10}","{'id': 395, 'rank': 19, 'fitness': 0.1084283993695545, 'generation': 10}","{'id': 404, 'rank': 20, 'fitness': 0.10793981751113263, 'generation': 10}","{'id': 419, 'rank': 21, 'fitness': 0.09834704732955185, 'generation': 10}","{'id': 415, 'rank': 22, 'fitness': 0.09014539038259595, 'generation': 10}","{'id': 400, 'rank': 23, 'fitness': 0.08455016344613397, 'generation': 10}","{'id': 406, 'rank': 24, 'fitness': 0.06426058928083472, 'generation': 10}","{'id': 421, 'rank': 25, 'fitness': 0.05113616160677015, 'generation': 10}","{'id': 401, 'rank': 26, 'fitness': 0.042443959906395545, 'generation': 10}","{'id': 392, 'rank': 27, 'fitness': 0.04117254504360701, 'generation': 10}","{'id': 396, 'rank': 28, 'fitness': 0.03598767614343862, 'generation': 10}","{'id': 402, 'rank': 29, 'fitness': 0.03469408802342028, 'generation': 10}","{'id': 413, 'rank': 30, 'fitness': 0.01798620996209155, 'generation': 10}"
"{'id': 454, 'rank': 1, 'fitness': 0.9820137900379085, 'generation': 11}","{'id': 458, 'rank': 2, 'fitness': 0.9809019612386727, 'generation': 11}","{'id': 456, 'rank': 3, 'fitness': 0.9153087137027572, 'generation': 11}","{'id': 431, 'rank': 4, 'fitness': 0.9012794221936162, 'generation': 11}","{'id': 453, 'rank': 5, 'fitness': 0.7499520177151213, 'generation': 11}","{'id': 457, 'rank': 6, 'fitness': 0.734512566492393, 'generation': 11}","{'id': 467, 'rank': 7, 'fitness': 0.6972924902936033, 'generation': 11}","{'id': 446, 'rank': 8, 'fitness': 0.5203403059815308, 'generation': 11}","{'id': 449, 'rank': 9, 'fitness': 0.4734188153572607, 'generation': 11}","{'id': 451, 'rank': 10, 'fitness': 0.4656204955320755, 'generation': 11}","{'id': 469, 'rank': 11, 'fitness': 0.4003967518784268, 'generation': 11}","{'id': 450, 'rank': 12, 'fitness': 0.343787167093136, 'generation': 11}","{'id': 441, 'rank': 13, 'fitness': 0.23358574443298663, 'generation': 11}","{'id': 439, 'rank': 14, 'fitness': 0.23334137346554806, 'generation': 11}","{'id': 448, 'rank': 15, 'fitness': 0.22541332346598475, 'generation': 11}","{'id': 462, 'rank': 16, 'fitness': 0.19819001660536767, 'generation': 11}","{'id': 459, 'rank': 17, 'fitness': 0.19794538553519597, 'generation': 11}","{'id': 466, 'rank': 18, 'fitness': 0.19762664568694455, 'generation': 11}","{'id': 465, 'rank': 19, 'fitness': 0.19458932104254945, 'generation': 11}","{'id': 444, 'rank': 20, 'fitness': 0.14137920340857657, 'generation': 11}","{'id': 429, 'rank': 21, 'fitness': 0.13029337231880977, 'generation': 11}","{'id': 468, 'rank': 22, 'fitness': 0.12808317090043203, 'generation': 11}","{'id': 463, 'rank': 23, 'fitness': 0.06762259649634561, 'generation': 11}","{'id': 430, 'rank': 24, 'fitness': 0.05954919997496405, 'generation': 11}","{'id': 440, 'rank': 25, 'fitness': 0.043593658631821075, 'generation': 11}","{'id': 455, 'rank': 26, 'fitness': 0.03645928472453591, 'generation': 11}","{'id': 443, 'rank': 27, 'fitness': 0.03310335895085126, 'generation': 11}","{'id': 447, 'rank': 28, 'fitness': 0.03198107385755816, 'generation': 11}","{'id': 438, 'rank': 29, 'fitness': 0.02982923286137129, 'generation': 11}","{'id': 436, 'rank': 30, 'fitness': 0.01798620996209155, 'generation': 11}"
"{'id': 502, 'rank': 1, 'fitness': 0.9820137900379085, 'generation': 12}","{'id': 498, 'rank': 2, 'fitness': 0.9229865194554694, 'generation': 12}","{'id': 507, 'rank': 3, 'fitness': 0.8667181287010465, 'generation': 12}","{'id': 503, 'rank': 4, 'fitness': 0.7664078619275496, 'generation': 12}","{'id': 489, 'rank': 5, 'fitness': 0.7207187501542853, 'generation': 12}","{'id': 488, 'rank': 6, 'fitness': 0.6838886212364417, 'generation': 12}","{'id': 482, 'rank': 7, 'fitness': 0.4034527996239794, 'generation': 12}","{'id': 494, 'rank': 8, 'fitness': 0.3598147853246222, 'generation': 12}","{'id': 504, 'rank': 9, 'fitness': 0.34458869458226843, 'generation': 12}","{'id': 505, 'rank': 10, 'fitness': 0.3141032594200011, 'generation': 12}","{'id': 506, 'rank': 11, 'fitness': 0.3114578649685702, 'generation': 12}","{'id': 508, 'rank': 12, 'fitness': 0.26842538376638103, 'generation': 12}","{'id': 495, 'rank': 13, 'fitness': 0.20761941549340773, 'generation': 12}","{'id': 479, 'rank': 14, 'fitness': 0.1839314889307962, 'generation': 12}","{'id': 476, 'rank': 15, 'fitness': 0.16661026904227394, 'generation': 12}","{'id': 483, 'rank': 16, 'fitness': 0.16570468939682637, 'generation': 12}","{'id': 500, 'rank': 17, 'fitness': 0.1482059457032029, 'generation': 12}","{'id': 472, 'rank': 18, 'fitness': 0.14673692828235962, 'generation': 12}","{'id': 499, 'rank': 19, 'fitness': 0.14534094202600284, 'generation': 12}","{'id': 486, 'rank': 20, 'fitness': 0.13356010278107616, 'generation': 12}","{'id': 496, 'rank': 21, 'fitness': 0.133151991136173, 'generation': 12}","{'id': 492, 'rank': 22, 'fitness': 0.07357969617396343, 'generation': 12}","{'id': 490, 'rank': 23, 'fitness': 0.07098199112323728, 'generation': 12}","{'id': 497, 'rank': 24, 'fitness': 0.07087583375798406, 'generation': 12}","{'id': 481, 'rank': 25, 'fitness': 0.058969365864178, 'generation': 12}","{'id': 493, 'rank': 26, 'fitness': 0.05049108164901972, 'generation': 12}","{'id': 475, 'rank': 27, 'fitness': 0.050164348099738465, 'generation': 12}","{'id': 501, 'rank': 28, 'fitness': 0.028959468958320245, 'generation': 12}","{'id': 491, 'rank': 29, 'fitness': 0.02361231409520842, 'generation': 12}","{'id': 487, 'rank': 30, 'fitness': 0.01798620996209155, 'generation': 12}"
"{'id': 546, 'rank': 1, 'fitness': 0.9820137900379085, 'generation': 13}","{'id': 531, 'rank': 2, 'fitness': 0.9533550716262694, 'generation': 13}","{'id': 542, 'rank': 3, 'fitness': 0.9191385713616256, 'generation': 13}","{'id': 533, 'rank': 4, 'fitness': 0.7663015915350097, 'generation': 13}","{'id': 535, 'rank': 5, 'fitness': 0.7093554000408266, 'generation': 13}","{'id': 552, 'rank': 6, 'fitness': 0.600572228470801, 'generation': 13}","{'id': 534, 'rank': 7, 'fitness': 0.3887292140517223, 'generation': 13}","{'id': 541, 'rank': 8, 'fitness': 0.28446400696922725, 'generation': 13}","{'id': 544, 'rank': 9, 'fitness': 0.2831732072610129, 'generation': 13}","{'id': 521, 'rank': 10, 'fitness': 0.24506054279100054, 'generation': 13}","{'id': 545, 'rank': 11, 'fitness': 0.23329261257271172, 'generation': 13}","{'id': 553, 'rank': 12, 'fitness': 0.22697739723620125, 'generation': 13}","{'id': 550, 'rank': 13, 'fitness': 0.22673659142503055, 'generation': 13}","{'id': 551, 'rank': 14, 'fitness': 0.1688433481958721, 'generation': 13}","{'id': 518, 'rank': 15, 'fitness': 0.13055399460451417, 'generation': 13}","{'id': 549, 'rank': 16, 'fitness': 0.12014091435822982, 'generation': 13}","{'id': 529, 'rank': 17, 'fitness': 0.11885314241099665, 'generation': 13}","{'id': 511, 'rank': 18, 'fitness': 0.11791397914767149, 'generation': 13}","{'id': 513, 'rank': 19, 'fitness': 0.11024179943447554, 'generation': 13}","{'id': 517, 'rank': 20, 'fitness': 0.09563758380627885, 'generation': 13}","{'id': 548, 'rank': 21, 'fitness': 0.08259454062355243, 'generation': 13}","{'id': 532, 'rank': 22, 'fitness': 0.05713702297489892, 'generation': 13}","{'id': 520, 'rank': 23, 'fitness': 0.05304204740650348, 'generation': 13}","{'id': 516, 'rank': 24, 'fitness': 0.042444672837672504, 'generation': 13}","{'id': 512, 'rank': 25, 'fitness': 0.041961606271875174, 'generation': 13}","{'id': 543, 'rank': 26, 'fitness': 0.034711195280095586, 'generation': 13}","{'id': 523, 'rank': 27, 'fitness': 0.034529217859235184, 'generation': 13}","{'id': 537, 'rank': 28, 'fitness': 0.02841489048523682, 'generation': 13}","{'id': 524, 'rank': 29, 'fitness': 0.023592987361573947, 'generation': 13}","{'id': 530, 'rank': 30, 'fitness': 0.01798620996209155, 'generation': 13}"
"{'id': 586, 'rank': 1, 'fitness': 0.9820137900379085, 'generation': 14}","{'id': 587, 'rank': 2, 'fitness': 0.8627591451339365, 'generation': 14}","{'id': 590, 'rank': 3, 'fitness': 0.7905851650044118, 'generation': 14}","{'id': 571, 'rank': 4, 'fitness': 0.7741507523261691, 'generation': 14}","{'id': 583, 'rank': 5, 'fitness': 0.7324898874822169, 'generation': 14}","{'id': 574, 'rank': 6, 'fitness': 0.5676379210025584, 'generation': 14}","{'id': 573, 'rank': 7, 'fitness': 0.5244659283089775, 'generation': 14}","{'id': 592, 'rank': 8, 'fitness': 0.519418396889791, 'generation': 14}","{'id': 581, 'rank': 9, 'fitness': 0.43436448361072866, 'generation': 14}","{'id': 585, 'rank': 10, 'fitness': 0.4109713026308556, 'generation': 14}","{'id': 567, 'rank': 11, 'fitness': 0.3111458802411927, 'generation': 14}","{'id': 565, 'rank': 12, 'fitness': 0.30578259961838616, 'generation': 14}","{'id': 577, 'rank': 13, 'fitness': 0.30307302385631174, 'generation': 14}","{'id': 557, 'rank': 14, 'fitness': 0.2899850000565962, 'generation': 14}","{'id': 566, 'rank': 15, 'fitness': 0.2290203390903523, 'generation': 14}","{'id': 560, 'rank': 16, 'fitness': 0.20440338873282915, 'generation': 14}","{'id': 570, 'rank': 17, 'fitness': 0.20356645517945077, 'generation': 14}","{'id': 589, 'rank': 18, 'fitness': 0.1931629359259543, 'generation': 14}","{'id': 576, 'rank': 19, 'fitness': 0.18194920046164687, 'generation': 14}","{'id': 579, 'rank': 20, 'fitness': 0.15017368323047176, 'generation': 14}","{'id': 568, 'rank': 21, 'fitness': 0.1499544268452268, 'generation': 14}","{'id': 593, 'rank': 22, 'fitness': 0.09797926509461491, 'generation': 14}","{'id': 588, 'rank': 23, 'fitness': 0.09110961236315385, 'generation': 14}","{'id': 558, 'rank': 24, 'fitness': 0.08688704744853054, 'generation': 14}","{'id': 580, 'rank': 25, 'fitness': 0.08402095700714274, 'generation': 14}","{'id': 584, 'rank': 26, 'fitness': 0.07376349768310791, 'generation': 14}","{'id': 569, 'rank': 27, 'fitness': 0.04769252508817373, 'generation': 14}","{'id': 562, 'rank': 28, 'fitness': 0.04711029387117244, 'generation': 14}","{'id': 582, 'rank': 29, 'fitness': 0.02240887396805613, 'generation': 14}","{'id': 578, 'rank': 30, 'fitness': 0.01798620996209155, 'generation': 14}"
"{'id': 624, 'rank': 1, 'fitness': 0.9820137900379085, 'generation': 15}","{'id': 638, 'rank': 2, 'fitness': 0.9811819824743745, 'generation': 15}","{'id': 625, 'rank': 3, 'fitness': 0.9558274101393576, 'generation': 15}","{'id': 637, 'rank': 4, 'fitness': 0.9504644781969012, 'generation': 15}","{'id': 640, 'rank': 5, 'fitness': 0.9306122865840707, 'generation': 15}","{'id': 635, 'rank': 6, 'fitness': 0.8271767417350275, 'generation': 15}","{'id': 616, 'rank': 7, 'fitness': 0.8007825942421789, 'generation': 15}","{'id': 630, 'rank': 8, 'fitness': 0.7145453066446806, 'generation': 15}","{'id': 626, 'rank': 9, 'fitness': 0.6668220630676822, 'generation': 15}","{'id': 634, 'rank': 10, 'fitness': 0.6322215950730287, 'generation': 15}","{'id': 621, 'rank': 11, 'fitness': 0.6238779416880812, 'generation': 15}","{'id': 617, 'rank': 12, 'fitness': 0.5657789990604203, 'generation': 15}","{'id': 596, 'rank': 13, 'fitness': 0.41688795278114654, 'generation': 15}","{'id': 639, 'rank': 14, 'fitness': 0.38279864367670646, 'generation': 15}","{'id': 618, 'rank': 15, 'fitness': 0.3305188882536807, 'generation': 15}","{'id': 608, 'rank': 16, 'fitness': 0.2618675679421999, 'generation': 15}","{'id': 627, 'rank': 17, 'fitness': 0.25411938672849854, 'generation': 15}","{'id': 611, 'rank': 18, 'fitness': 0.10464290106066881, 'generation': 15}","{'id': 633, 'rank': 19, 'fitness': 0.09321035280351558, 'generation': 15}","{'id': 594, 'rank': 20, 'fitness': 0.09036732736543057, 'generation': 15}","{'id': 629, 'rank': 21, 'fitness': 0.07484632639082123, 'generation': 15}","{'id': 605, 'rank': 22, 'fitness': 0.06458491817918205, 'generation': 15}","{'id': 631, 'rank': 23, 'fitness': 0.061696410245757116, 'generation': 15}","{'id': 628, 'rank': 24, 'fitness': 0.0606678310446806, 'generation': 15}","{'id': 619, 'rank': 25, 'fitness': 0.04966445658936686, 'generation': 15}","{'id': 636, 'rank': 26, 'fitness': 0.046552645406541804, 'generation': 15}","{'id': 641, 'rank': 27, 'fitness': 0.04517217140668728, 'generation': 15}","{'id': 606, 'rank': 28, 'fitness': 0.029128116362409195, 'generation': 15}","{'id': 622, 'rank': 29, 'fitness': 0.023467088383746892, 'generation': 15}","{'id': 597, 'rank': 30, 'fitness': 0.01798620996209155, 'generation': 15}"
"{'id': 681, 'rank': 1, 'fitness': 0.9820137900379085, 'generation': 16}","{'id': 649, 'rank': 2, 'fitness': 0.9794387822165846, 'generation': 16}","{'id': 676, 'rank': 3, 'fitness': 0.9461315421042313, 'generation': 16}","{'id': 684, 'rank': 4, 'fitness': 0.9340314312312356, 'generation': 16}","{'id': 683, 'rank': 5, 'fitness': 0.8961262758838008, 'generation': 16}","{'id': 659, 'rank': 6, 'fitness': 0.8879337855242074, 'generation': 16}","{'id': 689, 'rank': 7, 'fitness': 0.8451967989920621, 'generation': 16}","{'id': 688, 'rank': 8, 'fitness': 0.8417715084548274, 'generation': 16}","{'id': 687, 'rank': 9, 'fitness': 0.8064870024730793, 'generation': 16}","{'id': 671, 'rank': 10, 'fitness': 0.7238191238638044, 'generation': 16}","{'id': 679, 'rank': 11, 'fitness': 0.7192509311693747, 'generation': 16}","{'id': 666, 'rank': 12, 'fitness': 0.6515034598742588, 'generation': 16}","{'id': 667, 'rank': 13, 'fitness': 0.6132847373219534, 'generation': 16}","{'id': 673, 'rank': 14, 'fitness': 0.58060395813846, 'generation': 16}","{'id': 653, 'rank': 15, 'fitness': 0.5231649719987452, 'generation': 16}","{'id': 662, 'rank': 16, 'fitness': 0.4457108309906476, 'generation': 16}","{'id': 654, 'rank': 17, 'fitness': 0.37173484261885614, 'generation': 16}","{'id': 672, 'rank': 18, 'fitness': 0.2974423916118595, 'generation': 16}","{'id': 650, 'rank': 19, 'fitness': 0.2095446620215633, 'generation': 16}","{'id': 660, 'rank': 20, 'fitness': 0.19605615332550402, 'generation': 16}","{'id': 648, 'rank': 21, 'fitness': 0.1564312427867205, 'generation': 16}","{'id': 680, 'rank': 22, 'fitness': 0.12702272785940127, 'generation': 16}","{'id': 674, 'rank': 23, 'fitness': 0.12294376078484714, 'generation': 16}","{'id': 675, 'rank': 24, 'fitness': 0.06658868227967918, 'generation': 16}","{'id': 646, 'rank': 25, 'fitness': 0.05859826359903858, 'generation': 16}","{'id': 664, 'rank': 26, 'fitness': 0.048618781557550395, 'generation': 16}","{'id': 677, 'rank': 27, 'fitness': 0.0450778960758329, 'generation': 16}","{'id': 658, 'rank': 28, 'fitness': 0.030692429572825586, 'generation': 16}","{'id': 655, 'rank': 29, 'fitness': 0.025580708309341615, 'generation': 16}","{'id': 657, 'rank': 30, 'fitness': 0.01798620996209155, 'generation': 16}"
"{'id': 739, 'rank': 1, 'fitness': 0.9820137900379085, 'generation': 17}","{'id': 719, 'rank': 2, 'fitness': 0.7129359278728795, 'generation': 17}","{'id': 733, 'rank': 3, 'fitness': 0.7118369496670266, 'generation': 17}","{'id': 732, 'rank': 4, 'fitness': 0.6191882877254266, 'generation': 17}","{'id': 723, 'rank': 5, 'fitness': 0.539865067169216, 'generation': 17}","{'id': 734, 'rank': 6, 'fitness': 0.37267604522710224, 'generation': 17}","{'id': 743, 'rank': 7, 'fitness': 0.278153931430845, 'generation': 17}","{'id': 692, 'rank': 8, 'fitness': 0.2724192587398439, 'generation': 17}","{'id': 724, 'rank': 9, 'fitness': 0.1790819445446421, 'generation': 17}","{'id': 729, 'rank': 10, 'fitness': 0.16101668282881026, 'generation': 17}","{'id': 697, 'rank': 11, 'fitness': 0.14609610339937606, 'generation': 17}","{'id': 701, 'rank': 12, 'fitness': 0.13091767431658025, 'generation': 17}","{'id': 717, 'rank': 13, 'fitness': 0.12456254434600217, 'generation': 17}","{'id': 740, 'rank': 14, 'fitness': 0.10925192550780871, 'generation': 17}","{'id': 731, 'rank': 15, 'fitness': 0.09933085554038235, 'generation': 17}","{'id': 744, 'rank': 16, 'fitness': 0.0751086083907585, 'generation': 17}","{'id': 741, 'rank': 17, 'fitness': 0.07263921921046329, 'generation': 17}","{'id': 694, 'rank': 18, 'fitness': 0.06994409393525453, 'generation': 17}","{'id': 737, 'rank': 19, 'fitness': 0.0589744571730636, 'generation': 17}","{'id': 742, 'rank': 20, 'fitness': 0.05398943903904374, 'generation': 17}","{'id': 709, 'rank': 21, 'fitness': 0.04164601687251346, 'generation': 17}","{'id': 715, 'rank': 22, 'fitness': 0.03167855245049861, 'generation': 17}","{'id': 712, 'rank': 23, 'fitness': 0.02936188964392661, 'generation': 17}","{'id': 705, 'rank': 24, 'fitness': 0.027052549538518877, 'generation': 17}","{'id': 735, 'rank': 25, 'fitness': 0.024832614585431956, 'generation': 17}","{'id': 691, 'rank': 26, 'fitness': 0.023665284119612384, 'generation': 17}","{'id': 722, 'rank': 27, 'fitness': 0.02351964103085441, 'generation': 17}","{'id': 690, 'rank': 28, 'fitness': 0.022755432047129265, 'generation': 17}","{'id': 693, 'rank': 29, 'fitness': 0.01826642877109924, 'generation': 17}","{'id': 730, 'rank': 30, 'fitness': 0.01798620996209155, 'generation': 17}"
"{'id': 774, 'rank': 1, 'fitness': 0.9820137900379085, 'generation': 18}","{'id': 768, 'rank': 2, 'fitness': 0.9208683421994537, 'generation': 18}","{'id': 776, 'rank': 3, 'fitness': 0.8926739217277859, 'generation': 18}","{'id': 752, 'rank': 4, 'fitness': 0.8791618277798346, 'generation': 18}","{'id': 763, 'rank': 5, 'fitness': 0.8763136795028323, 'generation': 18}","{'id': 753, 'rank': 6, 'fitness': 0.7747283342777205, 'generation': 18}","{'id': 777, 'rank': 7, 'fitness': 0.7588720895695287, 'generation': 18}","{'id': 772, 'rank': 8, 'fitness': 0.6944199518790404, 'generation': 18}","{'id': 756, 'rank': 9, 'fitness': 0.663742164550239, 'generation': 18}","{'id': 762, 'rank': 10, 'fitness': 0.6519318384808304, 'generation': 18}","{'id': 760, 'rank': 11, 'fitness': 0.6348809795696878, 'generation': 18}","{'id': 775, 'rank': 12, 'fitness': 0.5378556235869191, 'generation': 18}","{'id': 770, 'rank': 13, 'fitness': 0.517576299807515, 'generation': 18}","{'id': 769, 'rank': 14, 'fitness': 0.477449968025258, 'generation': 18}","{'id': 767, 'rank': 15, 'fitness': 0.41204429525403186, 'generation': 18}","{'id': 750, 'rank': 16, 'fitness': 0.39750686816433367, 'generation': 18}","{'id': 758, 'rank': 17, 'fitness': 0.37677829902851084, 'generation': 18}","{'id': 755, 'rank': 18, 'fitness': 0.32476757089586633, 'generation': 18}","{'id': 748, 'rank': 19, 'fitness': 0.26890199863483305, 'generation': 18}","{'id': 754, 'rank': 20, 'fitness': 0.25393155953396196, 'generation': 18}","{'id': 764, 'rank': 21, 'fitness': 0.2105747421855354, 'generation': 18}","{'id': 746, 'rank': 22, 'fitness': 0.1749471835815778, 'generation': 18}","{'id': 757, 'rank': 23, 'fitness': 0.17086960037186605, 'generation': 18}","{'id': 773, 'rank': 24, 'fitness': 0.07526665669837274, 'generation': 18}","{'id': 751, 'rank': 25, 'fitness': 0.07005421192759809, 'generation': 18}","{'id': 766, 'rank': 26, 'fitness': 0.056900607713629314, 'generation': 18}","{'id': 761, 'rank': 27, 'fitness': 0.052839772955883824, 'generation': 18}","{'id': 749, 'rank': 28, 'fitness': 0.02715328483863577, 'generation': 18}","{'id': 765, 'rank': 29, 'fitness': 0.021142367747462254, 'generation': 18}","{'id': 771, 'rank': 30, 'fitness': 0.01798620996209155, 'generation': 18}"
"{'id': 823, 'rank': 1, 'fitness': 0.9820137900379085, 'generation': 19}","{'id': 811, 'rank': 2, 'fitness': 0.9460843775018379, 'generation': 19}","{'id': 813, 'rank': 3, 'fitness': 0.8909167680627444, 'generation': 19}","{'id': 819, 'rank': 4, 'fitness': 0.8610386354678496, 'generation': 19}","{'id': 822, 'rank': 5, 'fitness': 0.8451528771000083, 'generation': 19}","{'id': 815, 'rank': 6, 'fitness': 0.7843152095251881, 'generation': 19}","{'id': 809, 'rank': 7, 'fitness': 0.6176775415890252, 'generation': 19}","{'id': 806, 'rank': 8, 'fitness': 0.531683851261501, 'generation': 19}","{'id': 791, 'rank': 9, 'fitness': 0.3538990019083795, 'generation': 19}","{'id': 817, 'rank': 10, 'fitness': 0.33960440541511594, 'generation': 19}","{'id': 780, 'rank': 11, 'fitness': 0.29215621466726405, 'generation': 19}","{'id': 814, 'rank': 12, 'fitness': 0.2891927665498554, 'generation': 19}","{'id': 821, 'rank': 13, 'fitness': 0.17745055410088523, 'generation': 19}","{'id': 808, 'rank': 14, 'fitness': 0.17667779435887215, 'generation': 19}","{'id': 810, 'rank': 15, 'fitness': 0.12742956403553574, 'generation': 19}","{'id': 789, 'rank': 16, 'fitness': 0.12658483319317154, 'generation': 19}","{'id': 818, 'rank': 17, 'fitness': 0.11464107518223066, 'generation': 19}","{'id': 812, 'rank': 18, 'fitness': 0.10186399612808938, 'generation': 19}","{'id': 797, 'rank': 19, 'fitness': 0.09685069698408322, 'generation': 19}","{'id': 790, 'rank': 20, 'fitness': 0.09269215177335416, 'generation': 19}","{'id': 805, 'rank': 21, 'fitness': 0.09225335319538552, 'generation': 19}","{'id': 796, 'rank': 22, 'fitness': 0.06553994772123589, 'generation': 19}","{'id': 785, 'rank': 23, 'fitness': 0.057422105076578966, 'generation': 19}","{'id': 783, 'rank': 24, 'fitness': 0.05211673956088103, 'generation': 19}","{'id': 807, 'rank': 25, 'fitness': 0.04713058413693577, 'generation': 19}","{'id': 801, 'rank': 26, 'fitness': 0.046263441518241744, 'generation': 19}","{'id': 800, 'rank': 27, 'fitness': 0.040609289151255, 'generation': 19}","{'id': 792, 'rank': 28, 'fitness': 0.025588829501533905, 'generation': 19}","{'id': 798, 'rank': 29, 'fitness': 0.01888783048321785, 'generation': 19}","{'id': 803, 'rank': 30, 'fitness': 0.01798620996209155, 'generation': 19}"
"{'id': 852, 'rank': 1, 'fitness': 0.9820137900379085, 'generation': 20}","{'id': 847, 'rank': 2, 'fitness': 0.8570969968878169, 'generation': 20}","{'id': 848, 'rank': 3, 'fitness': 0.651134472577527, 'generation': 20}","{'id': 842, 'rank': 4, 'fitness': 0.6474303106216117, 'generation': 20}","{'id': 854, 'rank': 5, 'fitness': 0.556079720233932, 'generation': 20}","{'id': 858, 'rank': 6, 'fitness': 0.4105819018679324, 'generation': 20}","{'id': 865, 'rank': 7, 'fitness': 0.35159988817437965, 'generation': 20}","{'id': 844, 'rank': 8, 'fitness': 0.319816721896155, 'generation': 20}","{'id': 866, 'rank': 9, 'fitness': 0.30258302992439867, 'generation': 20}","{'id': 856, 'rank': 10, 'fitness': 0.2762428672149097, 'generation': 20}","{'id': 845, 'rank': 11, 'fitness': 0.20057552185835342, 'generation': 20}","{'id': 832, 'rank': 12, 'fitness': 0.1884322763116546, 'generation': 20}","{'id': 851, 'rank': 13, 'fitness': 0.16126200283385234, 'generation': 20}","{'id': 862, 'rank': 14, 'fitness': 0.14147126114900643, 'generation': 20}","{'id': 861, 'rank': 15, 'fitness': 0.14003849935999857, 'generation': 20}","{'id': 831, 'rank': 16, 'fitness': 0.12950073993540723, 'generation': 20}","{'id': 857, 'rank': 17, 'fitness': 0.12110960487396394, 'generation': 20}","{'id': 859, 'rank': 18, 'fitness': 0.07494179690278213, 'generation': 20}","{'id': 863, 'rank': 19, 'fitness': 0.07284792223324288, 'generation': 20}","{'id': 828, 'rank': 20, 'fitness': 0.0602376326092261, 'generation': 20}","{'id': 860, 'rank': 21, 'fitness': 0.04876272699081424, 'generation': 20}","{'id': 835, 'rank': 22, 'fitness': 0.04807586734146002, 'generation': 20}","{'id': 825, 'rank': 23, 'fitness': 0.04787396440742314, 'generation': 20}","{'id': 833, 'rank': 24, 'fitness': 0.039258408134036527, 'generation': 20}","{'id': 839, 'rank': 25, 'fitness': 0.031643622556072115, 'generation': 20}","{'id': 864, 'rank': 26, 'fitness': 0.0257222249761187, 'generation': 20}","{'id': 841, 'rank': 27, 'fitness': 0.022524492319740796, 'generation': 20}","{'id': 837, 'rank': 28, 'fitness': 0.019684469049792597, 'generation': 20}","{'id': 840, 'rank': 29, 'fitness': 0.019130594713555493, 'generation': 20}","{'id': 824, 'rank': 30, 'fitness': 0.01798620996209155, 'generation': 20}"
"{'id': 879, 'rank': 1, 'fitness': 0.9820137900379085, 'generation': 21}","{'id': 881, 'rank': 2, 'fitness': 0.9807926555440694, 'generation': 21}","{'id': 889, 'rank': 3, 'fitness': 0.9216888173121349, 'generation': 21}","{'id': 895, 'rank': 4, 'fitness': 0.9104417958693358, 'generation': 21}","{'id': 878, 'rank': 5, 'fitness': 0.8937413189709628, 'generation': 21}","{'id': 887, 'rank': 6, 'fitness': 0.8755927884935524, 'generation': 21}","{'id': 874, 'rank': 7, 'fitness': 0.8338221980950811, 'generation': 21}","{'id': 891, 'rank': 8, 'fitness': 0.7712654338096935, 'generation': 21}","{'id': 897, 'rank': 9, 'fitness': 0.7461401426953629, 'generation': 21}","{'id': 896, 'rank': 10, 'fitness': 0.7251269316162932, 'generation': 21}","{'id': 886, 'rank': 11, 'fitness': 0.7195174569163632, 'generation': 21}","{'id': 900, 'rank': 12, 'fitness': 0.6889340807152545, 'generation': 21}","{'id': 894, 'rank': 13, 'fitness': 0.5879954411070513, 'generation': 21}","{'id': 875, 'rank': 14, 'fitness': 0.5688530644862836, 'generation': 21}","{'id': 899, 'rank': 15, 'fitness': 0.5172913105353619, 'generation': 21}","{'id': 885, 'rank': 16, 'fitness': 0.4916969407554106, 'generation': 21}","{'id': 872, 'rank': 17, 'fitness': 0.41591175848116846, 'generation': 21}","{'id': 873, 'rank': 18, 'fitness': 0.30638855442917445, 'generation': 21}","{'id': 888, 'rank': 19, 'fitness': 0.22852884341722796, 'generation': 21}","{'id': 883, 'rank': 20, 'fitness': 0.17751552541458832, 'generation': 21}","{'id': 902, 'rank': 21, 'fitness': 0.1416535193013067, 'generation': 21}","{'id': 892, 'rank': 22, 'fitness': 0.13711534331722558, 'generation': 21}","{'id': 876, 'rank': 23, 'fitness': 0.11109004010049506, 'generation': 21}","{'id': 877, 'rank': 24, 'fitness': 0.0973002061882266, 'generation': 21}","{'id': 890, 'rank': 25, 'fitness': 0.08150314113369828, 'generation': 21}","{'id': 882, 'rank': 26, 'fitness': 0.061535755135763204, 'generation': 21}","{'id': 893, 'rank': 27, 'fitness': 0.027407444635492162, 'generation': 21}","{'id': 870, 'rank': 28, 'fitness': 0.02295599270456311, 'generation': 21}","{'id': 901, 'rank': 29, 'fitness': 0.022315630986880497, 'generation': 21}","{'id': 871, 'rank': 30, 'fitness': 0.01798620996209155, 'generation': 21}"
"{'id': 926, 'rank': 1, 'fitness': 0.9820137900379085, 'generation': 22}","{'id': 912, 'rank': 2, 'fitness': 0.9493046294835061, 'generation': 22}","{'id': 950, 'rank': 3, 'fitness': 0.9080996033197888, 'generation': 22}","{'id': 934, 'rank': 4, 'fitness': 0.8121079014612522, 'generation': 22}","{'id': 948, 'rank': 5, 'fitness': 0.7910311957779382, 'generation': 22}","{'id': 956, 'rank': 6, 'fitness': 0.7884213149229946, 'generation': 22}","{'id': 953, 'rank': 7, 'fitness': 0.6391372728939173, 'generation': 22}","{'id': 939, 'rank': 8, 'fitness': 0.5186686823433526, 'generation': 22}","{'id': 927, 'rank': 9, 'fitness': 0.500624063075659, 'generation': 22}","{'id': 911, 'rank': 10, 'fitness': 0.4395287207394524, 'generation': 22}","{'id': 943, 'rank': 11, 'fitness': 0.4350310413715113, 'generation': 22}","{'id': 949, 'rank': 12, 'fitness': 0.36225958721163865, 'generation': 22}","{'id': 944, 'rank': 13, 'fitness': 0.36095190976219466, 'generation': 22}","{'id': 951, 'rank': 14, 'fitness': 0.27499278361773904, 'generation': 22}","{'id': 947, 'rank': 15, 'fitness': 0.24615838297039894, 'generation': 22}","{'id': 930, 'rank': 16, 'fitness': 0.16861411444683483, 'generation': 22}","{'id': 915, 'rank': 17, 'fitness': 0.14327362873481858, 'generation': 22}","{'id': 931, 'rank': 18, 'fitness': 0.1062464657160499, 'generation': 22}","{'id': 946, 'rank': 19, 'fitness': 0.09939188117027498, 'generation': 22}","{'id': 910, 'rank': 20, 'fitness': 0.09863990395451344, 'generation': 22}","{'id': 932, 'rank': 21, 'fitness': 0.0881615462542652, 'generation': 22}","{'id': 918, 'rank': 22, 'fitness': 0.07878343874382704, 'generation': 22}","{'id': 928, 'rank': 23, 'fitness': 0.06642966949600076, 'generation': 22}","{'id': 936, 'rank': 24, 'fitness': 0.0652121290883691, 'generation': 22}","{'id': 942, 'rank': 25, 'fitness': 0.059092179902862196, 'generation': 22}","{'id': 917, 'rank': 26, 'fitness': 0.04465301300654889, 'generation': 22}","{'id': 954, 'rank': 27, 'fitness': 0.037015173841153604, 'generation': 22}","{'id': 913, 'rank': 28, 'fitness': 0.03577194607417422, 'generation': 22}","{'id': 924, 'rank': 29, 'fitness': 0.021971784131654126, 'generation': 22}","{'id': 941, 'rank': 30, 'fitness': 0.01798620996209155, 'generation': 22}"
"{'id': 992, 'rank': 1, 'fitness': 0.9820137900379085, 'generation': 23}","{'id': 1000, 'rank': 2, 'fitness': 0.9518652924863085, 'generation': 23}","{'id': 988, 'rank': 3, 'fitness': 0.7858669717296841, 'generation': 23}","{'id': 991, 'rank': 4, 'fitness': 0.43276125221708656, 'generation': 23}","{'id': 1001, 'rank': 5, 'fitness': 0.42967070985602085, 'generation': 23}","{'id': 971, 'rank': 6, 'fitness': 0.40734872949724116, 'generation': 23}","{'id': 996, 'rank': 7, 'fitness': 0.4061975345763581, 'generation': 23}","{'id': 1002, 'rank': 8, 'fitness': 0.38594396915602186, 'generation': 23}","{'id': 999, 'rank': 9, 'fitness': 0.38511773922773457, 'generation': 23}","{'id': 993, 'rank': 10, 'fitness': 0.32398526546537376, 'generation': 23}","{'id': 995, 'rank': 11, 'fitness': 0.31742902547250895, 'generation': 23}","{'id': 978, 'rank': 12, 'fitness': 0.3141893214276282, 'generation': 23}","{'id': 986, 'rank': 13, 'fitness': 0.3087470879006061, 'generation': 23}","{'id': 998, 'rank': 14, 'fitness': 0.26642300310017836, 'generation': 23}","{'id': 960, 'rank': 15, 'fitness': 0.10678287263429032, 'generation': 23}","{'id': 990, 'rank': 16, 'fitness': 0.06953101841526743, 'generation': 23}","{'id': 977, 'rank': 17, 'fitness': 0.06901900287412865, 'generation': 23}","{'id': 982, 'rank': 18, 'fitness': 0.05886458638805114, 'generation': 23}","{'id': 961, 'rank': 19, 'fitness': 0.05119600076200137, 'generation': 23}","{'id': 968, 'rank': 20, 'fitness': 0.05004979278129651, 'generation': 23}","{'id': 957, 'rank': 21, 'fitness': 0.049001994854060094, 'generation': 23}","{'id': 980, 'rank': 22, 'fitness': 0.04492056754142615, 'generation': 23}","{'id': 958, 'rank': 23, 'fitness': 0.04390060236276816, 'generation': 23}","{'id': 979, 'rank': 24, 'fitness': 0.0407155271686197, 'generation': 23}","{'id': 973, 'rank': 25, 'fitness': 0.03633194261630679, 'generation': 23}","{'id': 964, 'rank': 26, 'fitness': 0.033102413218525195, 'generation': 23}","{'id': 975, 'rank': 27, 'fitness': 0.026872186277427323, 'generation': 23}","{'id': 985, 'rank': 28, 'fitness': 0.02226306703451114, 'generation': 23}","{'id': 983, 'rank': 29, 'fitness': 0.020123044622229136, 'generation': 23}","{'id': 984, 'rank': 30, 'fitness': 0.01798620996209155, 'generation': 23}"
"{'id': 1035, 'rank': 1, 'fitness': 0.9820137900379085, 'generation': 24}","{'id': 1034, 'rank': 2, 'fitness': 0.9607835238376226, 'generation': 24}","{'id': 1024, 'rank': 3, 'fitness': 0.9435976756958491, 'generation': 24}","{'id': 1018, 'rank': 4, 'fitness': 0.8622899116253577, 'generation': 24}","{'id': 1012, 'rank': 5, 'fitness': 0.42686757407805864, 'generation': 24}","{'id': 1027, 'rank': 6, 'fitness': 0.3828494217342307, 'generation': 24}","{'id': 1005, 'rank': 7, 'fitness': 0.33188610635152105, 'generation': 24}","{'id': 1031, 'rank': 8, 'fitness': 0.2750904756666436, 'generation': 24}","{'id': 1019, 'rank': 9, 'fitness': 0.23850006850088623, 'generation': 24}","{'id': 1036, 'rank': 10, 'fitness': 0.23108242556446268, 'generation': 24}","{'id': 1038, 'rank': 11, 'fitness': 0.20171074894475216, 'generation': 24}","{'id': 1013, 'rank': 12, 'fitness': 0.16177664628054184, 'generation': 24}","{'id': 1022, 'rank': 13, 'fitness': 0.12522878196461024, 'generation': 24}","{'id': 1033, 'rank': 14, 'fitness': 0.11661713408393581, 'generation': 24}","{'id': 1007, 'rank': 15, 'fitness': 0.11382493328017773, 'generation': 24}","{'id': 1006, 'rank': 16, 'fitness': 0.1040259743714082, 'generation': 24}","{'id': 1023, 'rank': 17, 'fitness': 0.09936677029803392, 'generation': 24}","{'id': 1032, 'rank': 18, 'fitness': 0.09272016095018415, 'generation': 24}","{'id': 1030, 'rank': 19, 'fitness': 0.08049878033455304, 'generation': 24}","{'id': 1020, 'rank': 20, 'fitness': 0.07840046402358436, 'generation': 24}","{'id': 1029, 'rank': 21, 'fitness': 0.05381496113149731, 'generation': 24}","{'id': 1026, 'rank': 22, 'fitness': 0.04573858593583885, 'generation': 24}","{'id': 1008, 'rank': 23, 'fitness': 0.044480477253861506, 'generation': 24}","{'id': 1011, 'rank': 24, 'fitness': 0.0381601246462932, 'generation': 24}","{'id': 1016, 'rank': 25, 'fitness': 0.028797975947726984, 'generation': 24}","{'id': 1017, 'rank': 26, 'fitness': 0.027757119344570313, 'generation': 24}","{'id': 1010, 'rank': 27, 'fitness': 0.024788520013412862, 'generation': 24}","{'id': 1025, 'rank': 28, 'fitness': 0.023939742350146842, 'generation': 24}","{'id': 1015, 'rank': 29, 'fitness': 0.0221112333932888, 'generation': 24}","{'id': 1028, 'rank': 30, 'fitness': 0.01798620996209155, 'generation': 24}"
"{'id': 1069, 'rank': 1, 'fitness': 0.9820137900379085, 'generation': 25}","{'id': 1048, 'rank': 2, 'fitness': 0.9760709822387907, 'generation': 25}","{'id': 1074, 'rank': 3, 'fitness': 0.9287942238101998, 'generation': 25}","{'id': 1067, 'rank': 4, 'fitness': 0.7681759889360874, 'generation': 25}","{'id': 1066, 'rank': 5, 'fitness': 0.7629739752389249, 'generation': 25}","{'id': 1060, 'rank': 6, 'fitness': 0.717115928966168, 'generation': 25}","{'id': 1062, 'rank': 7, 'fitness': 0.6509249352085837, 'generation': 25}","{'id': 1052, 'rank': 8, 'fitness': 0.6447847305731889, 'generation': 25}","{'id': 1063, 'rank': 9, 'fitness': 0.6074745679642048, 'generation': 25}","{'id': 1058, 'rank': 10, 'fitness': 0.575542741314412, 'generation': 25}","{'id': 1051, 'rank': 11, 'fitness': 0.5459166767561432, 'generation': 25}","{'id': 1042, 'rank': 12, 'fitness': 0.5348066970982702, 'generation': 25}","{'id': 1073, 'rank': 13, 'fitness': 0.5310063133789137, 'generation': 25}","{'id': 1071, 'rank': 14, 'fitness': 0.29203283278364944, 'generation': 25}","{'id': 1055, 'rank': 15, 'fitness': 0.277969037913624, 'generation': 25}","{'id': 1056, 'rank': 16, 'fitness': 0.2626170821375331, 'generation': 25}","{'id': 1039, 'rank': 17, 'fitness': 0.19593246800649017, 'generation': 25}","{'id': 1065, 'rank': 18, 'fitness': 0.17112364295928956, 'generation': 25}","{'id': 1045, 'rank': 19, 'fitness': 0.1530362744802612, 'generation': 25}","{'id': 1046, 'rank': 20, 'fitness': 0.10466590331646564, 'generation': 25}","{'id': 1064, 'rank': 21, 'fitness': 0.09432249846827578, 'generation': 25}","{'id': 1059, 'rank': 22, 'fitness': 0.09234743925430305, 'generation': 25}","{'id': 1075, 'rank': 23, 'fitness': 0.09080494609762801, 'generation': 25}","{'id': 1040, 'rank': 24, 'fitness': 0.07269156330203752, 'generation': 25}","{'id': 1068, 'rank': 25, 'fitness': 0.04762471275713148, 'generation': 25}","{'id': 1047, 'rank': 26, 'fitness': 0.040523957025093094, 'generation': 25}","{'id': 1061, 'rank': 27, 'fitness': 0.02900726965522915, 'generation': 25}","{'id': 1049, 'rank': 28, 'fitness': 0.022299960331097157, 'generation': 25}","{'id': 1044, 'rank': 29, 'fitness': 0.021324110152085962, 'generation': 25}","{'id': 1054, 'rank': 30, 'fitness': 0.01798620996209155, 'generation': 25}"
"{'id': 1088, 'rank': 1, 'fitness': 0.9820137900379085, 'generation': 26}","{'id': 1120, 'rank': 2, 'fitness': 0.963211186782248, 'generation': 26}","{'id': 1123, 'rank': 3, 'fitness': 0.9590683458749926, 'generation': 26}","{'id': 1112, 'rank': 4, 'fitness': 0.9207313489491438, 'generation': 26}","{'id': 1118, 'rank': 5, 'fitness': 0.9078126022545956, 'generation': 26}","{'id': 1076, 'rank': 6, 'fitness': 0.845036511546724, 'generation': 26}","{'id': 1119, 'rank': 7, 'fitness': 0.7876960423928471, 'generation': 26}","{'id': 1124, 'rank': 8, 'fitness': 0.7503974355440828, 'generation': 26}","{'id': 1113, 'rank': 9, 'fitness': 0.7067757021324979, 'generation': 26}","{'id': 1111, 'rank': 10, 'fitness': 0.6289880051548412, 'generation': 26}","{'id': 1090, 'rank': 11, 'fitness': 0.4731052895388413, 'generation': 26}","{'id': 1110, 'rank': 12, 'fitness': 0.3209104266546563, 'generation': 26}","{'id': 1079, 'rank': 13, 'fitness': 0.28511955451919935, 'generation': 26}","{'id': 1107, 'rank': 14, 'fitness': 0.26766985741021027, 'generation': 26}","{'id': 1115, 'rank': 15, 'fitness': 0.2506756447472338, 'generation': 26}","{'id': 1091, 'rank': 16, 'fitness': 0.24335776773649842, 'generation': 26}","{'id': 1092, 'rank': 17, 'fitness': 0.19078579280496555, 'generation': 26}","{'id': 1117, 'rank': 18, 'fitness': 0.13651781317182615, 'generation': 26}","{'id': 1104, 'rank': 19, 'fitness': 0.12217797848739298, 'generation': 26}","{'id': 1109, 'rank': 20, 'fitness': 0.11324141881432664, 'generation': 26}","{'id': 1108, 'rank': 21, 'fitness': 0.10183810871254545, 'generation': 26}","{'id': 1093, 'rank': 22, 'fitness': 0.09962707370901158, 'generation': 26}","{'id': 1122, 'rank': 23, 'fitness': 0.0622785897969132, 'generation': 26}","{'id': 1078, 'rank': 24, 'fitness': 0.05773897118185539, 'generation': 26}","{'id': 1116, 'rank': 25, 'fitness': 0.04733348807602977, 'generation': 26}","{'id': 1097, 'rank': 26, 'fitness': 0.03372799383874303, 'generation': 26}","{'id': 1077, 'rank': 27, 'fitness': 0.029608110707199264, 'generation': 26}","{'id': 1096, 'rank': 28, 'fitness': 0.027594544125222886, 'generation': 26}","{'id': 1103, 'rank': 29, 'fitness': 0.023335503787049183, 'generation': 26}","{'id': 1101, 'rank': 30, 'fitness': 0.01798620996209155, 'generation': 26}"
"{'id': 1158, 'rank': 1, 'fitness': 0.9820137900379085, 'generation': 27}","{'id': 1170, 'rank': 2, 'fitness': 0.8242644421483563, 'generation': 27}","{'id': 1173, 'rank': 3, 'fitness': 0.7257603302173053, 'generation': 27}","{'id': 1150, 'rank': 4, 'fitness': 0.6662265455013106, 'generation': 27}","{'id': 1179, 'rank': 5, 'fitness': 0.6067989471483869, 'generation': 27}","{'id': 1154, 'rank': 6, 'fitness': 0.46587695820103386, 'generation': 27}","{'id': 1131, 'rank': 7, 'fitness': 0.43799256772288225, 'generation': 27}","{'id': 1142, 'rank': 8, 'fitness': 0.33610575654270824, 'generation': 27}","{'id': 1166, 'rank': 9, 'fitness': 0.30424573854130377, 'generation': 27}","{'id': 1168, 'rank': 10, 'fitness': 0.28439218705223845, 'generation': 27}","{'id': 1132, 'rank': 11, 'fitness': 0.26452005538230045, 'generation': 27}","{'id': 1172, 'rank': 12, 'fitness': 0.24978363349936267, 'generation': 27}","{'id': 1169, 'rank': 13, 'fitness': 0.23507838895667427, 'generation': 27}","{'id': 1167, 'rank': 14, 'fitness': 0.22899480500365121, 'generation': 27}","{'id': 1177, 'rank': 15, 'fitness': 0.22665375802069682, 'generation': 27}","{'id': 1174, 'rank': 16, 'fitness': 0.21995581264675407, 'generation': 27}","{'id': 1178, 'rank': 17, 'fitness': 0.1984768900400904, 'generation': 27}","{'id': 1143, 'rank': 18, 'fitness': 0.17509010881746861, 'generation': 27}","{'id': 1160, 'rank': 19, 'fitness': 0.16577306105540845, 'generation': 27}","{'id': 1164, 'rank': 20, 'fitness': 0.14569936234658432, 'generation': 27}","{'id': 1176, 'rank': 21, 'fitness': 0.1167050922974689, 'generation': 27}","{'id': 1157, 'rank': 22, 'fitness': 0.06788750935198679, 'generation': 27}","{'id': 1147, 'rank': 23, 'fitness': 0.047669015554721694, 'generation': 27}","{'id': 1128, 'rank': 24, 'fitness': 0.0396759562538781, 'generation': 27}","{'id': 1159, 'rank': 25, 'fitness': 0.03831959268063023, 'generation': 27}","{'id': 1165, 'rank': 26, 'fitness': 0.0337988270656398, 'generation': 27}","{'id': 1133, 'rank': 27, 'fitness': 0.02717466457495399, 'generation': 27}","{'id': 1141, 'rank': 28, 'fitness': 0.021492826136824295, 'generation': 27}","{'id': 1153, 'rank': 29, 'fitness': 0.019908074640371254, 'generation': 27}","{'id': 1171, 'rank': 30, 'fitness': 0.01798620996209155, 'generation': 27}"
"{'id': 1209, 'rank': 1, 'fitness': 0.9820137900379085, 'generation': 28}","{'id': 1206, 'rank': 2, 'fitness': 0.976960114808624, 'generation': 28}","{'id': 1205, 'rank': 3, 'fitness': 0.957792661954787, 'generation': 28}","{'id': 1193, 'rank': 4, 'fitness': 0.9469067551517858, 'generation': 28}","{'id': 1215, 'rank': 5, 'fitness': 0.9264006389556472, 'generation': 28}","{'id': 1203, 'rank': 6, 'fitness': 0.9003199392357988, 'generation': 28}","{'id': 1219, 'rank': 7, 'fitness': 0.8191047421488894, 'generation': 28}","{'id': 1213, 'rank': 8, 'fitness': 0.6470099374303466, 'generation': 28}","{'id': 1216, 'rank': 9, 'fitness': 0.595531046963941, 'generation': 28}","{'id': 1188, 'rank': 10, 'fitness': 0.4666522088701703, 'generation': 28}","{'id': 1218, 'rank': 11, 'fitness': 0.4540401295794366, 'generation': 28}","{'id': 1210, 'rank': 12, 'fitness': 0.3505845330995069, 'generation': 28}","{'id': 1212, 'rank': 13, 'fitness': 0.24947721992575594, 'generation': 28}","{'id': 1185, 'rank': 14, 'fitness': 0.17207558385328947, 'generation': 28}","{'id': 1196, 'rank': 15, 'fitness': 0.13222418004084985, 'generation': 28}","{'id': 1217, 'rank': 16, 'fitness': 0.11689289612554848, 'generation': 28}","{'id': 1190, 'rank': 17, 'fitness': 0.07130257613742497, 'generation': 28}","{'id': 1199, 'rank': 18, 'fitness': 0.06626563270576158, 'generation': 28}","{'id': 1198, 'rank': 19, 'fitness': 0.0642536589558978, 'generation': 28}","{'id': 1183, 'rank': 20, 'fitness': 0.06317625439975494, 'generation': 28}","{'id': 1192, 'rank': 21, 'fitness': 0.056501555202039144, 'generation': 28}","{'id': 1189, 'rank': 22, 'fitness': 0.05213711186558667, 'generation': 28}","{'id': 1202, 'rank': 23, 'fitness': 0.050850395641195534, 'generation': 28}","{'id': 1181, 'rank': 24, 'fitness': 0.04968201897358504, 'generation': 28}","{'id': 1180, 'rank': 25, 'fitness': 0.04781398463366804, 'generation': 28}","{'id': 1201, 'rank': 26, 'fitness': 0.04474692846369399, 'generation': 28}","{'id': 1207, 'rank': 27, 'fitness': 0.03884988613113344, 'generation': 28}","{'id': 1214, 'rank': 28, 'fitness': 0.03208755114722672, 'generation': 28}","{'id': 1200, 'rank': 29, 'fitness': 0.02530365116304517, 'generation': 28}","{'id': 1194, 'rank': 30, 'fitness': 0.01798620996209155, 'generation': 28}"
"{'id': 1262, 'rank': 1, 'fitness': 0.9820137900379085, 'generation': 29}","{'id': 1245, 'rank': 2, 'fitness': 0.9718143451382771, 'generation': 29}","{'id': 1250, 'rank': 3, 'fitness': 0.9674109309660108, 'generation': 29}","{'id': 1257, 'rank': 4, 'fitness': 0.9384944877974646, 'generation': 29}","{'id': 1241, 'rank': 5, 'fitness': 0.8869808996217983, 'generation': 29}","{'id': 1252, 'rank': 6, 'fitness': 0.8852532112024498, 'generation': 29}","{'id': 1254, 'rank': 7, 'fitness': 0.7482236239393689, 'generation': 29}","{'id': 1248, 'rank': 8, 'fitness': 0.7466402544664877, 'generation': 29}","{'id': 1261, 'rank': 9, 'fitness': 0.6670023991904739, 'generation': 29}","{'id': 1260, 'rank': 10, 'fitness': 0.6060564095812613, 'generation': 29}","{'id': 1251, 'rank': 11, 'fitness': 0.540308638602476, 'generation': 29}","{'id': 1256, 'rank': 12, 'fitness': 0.38651070948644506, 'generation': 29}","{'id': 1255, 'rank': 13, 'fitness': 0.380871821473032, 'generation': 29}","{'id': 1247, 'rank': 14, 'fitness': 0.22127578947438564, 'generation': 29}","{'id': 1221, 'rank': 15, 'fitness': 0.15626033434926756, 'generation': 29}","{'id': 1264, 'rank': 16, 'fitness': 0.14248024145363236, 'generation': 29}","{'id': 1253, 'rank': 17, 'fitness': 0.139110007045271, 'generation': 29}","{'id': 1224, 'rank': 18, 'fitness': 0.12163228565484147, 'generation': 29}","{'id': 1233, 'rank': 19, 'fitness': 0.10893887992952433, 'generation': 29}","{'id': 1222, 'rank': 20, 'fitness': 0.08779634059059316, 'generation': 29}","{'id': 1249, 'rank': 21, 'fitness': 0.08682020738977092, 'generation': 29}","{'id': 1242, 'rank': 22, 'fitness': 0.08627498838930509, 'generation': 29}","{'id': 1237, 'rank': 23, 'fitness': 0.056894352665487646, 'generation': 29}","{'id': 1235, 'rank': 24, 'fitness': 0.0567495818569565, 'generation': 29}","{'id': 1220, 'rank': 25, 'fitness': 0.03862159162289347, 'generation': 29}","{'id': 1243, 'rank': 26, 'fitness': 0.029100823486244376, 'generation': 29}","{'id': 1230, 'rank': 27, 'fitness': 0.024212650550626824, 'generation': 29}","{'id': 1226, 'rank': 28, 'fitness': 0.020171260959623794, 'generation': 29}","{'id': 1263, 'rank': 29, 'fitness': 0.01862039566143464, 'generation': 29}","{'id': 1236, 'rank': 30, 'fitness': 0.01798620996209155, 'generation': 29}"
"{'id': 1306, 'rank': 1, 'fitness': 0.9820137900379085, 'generation': 30}","{'id': 1296, 'rank': 2, 'fitness': 0.9813840468450703, 'generation': 30}","{'id': 1294, 'rank': 3, 'fitness': 0.9157013639045883, 'generation': 30}","{'id': 1297, 'rank': 4, 'fitness': 0.9055573664969174, 'generation': 30}","{'id': 1291, 'rank': 5, 'fitness': 0.8660355320802862, 'generation': 30}","{'id': 1302, 'rank': 6, 'fitness': 0.8307763607206649, 'generation': 30}","{'id': 1284, 'rank': 7, 'fitness': 0.7872801074181335, 'generation': 30}","{'id': 1285, 'rank': 8, 'fitness': 0.7762564958452568, 'generation': 30}","{'id': 1270, 'rank': 9, 'fitness': 0.6973132163200269, 'generation': 30}","{'id': 1281, 'rank': 10, 'fitness': 0.6667258597650854, 'generation': 30}","{'id': 1265, 'rank': 11, 'fitness': 0.6050984409922784, 'generation': 30}","{'id': 1300, 'rank': 12, 'fitness': 0.48267078430235316, 'generation': 30}","{'id': 1295, 'rank': 13, 'fitness': 0.4010844620577966, 'generation': 30}","{'id': 1292, 'rank': 14, 'fitness': 0.34911977821174567, 'generation': 30}","{'id': 1298, 'rank': 15, 'fitness': 0.3423949130149323, 'generation': 30}","{'id': 1305, 'rank': 16, 'fitness': 0.2908698620456976, 'generation': 30}","{'id': 1277, 'rank': 17, 'fitness': 0.22874883115372446, 'generation': 30}","{'id': 1272, 'rank': 18, 'fitness': 0.20151993907818622, 'generation': 30}","{'id': 1303, 'rank': 19, 'fitness': 0.17557699357912032, 'generation': 30}","{'id': 1269, 'rank': 20, 'fitness': 0.158678997822419, 'generation': 30}","{'id': 1282, 'rank': 21, 'fitness': 0.1499000854226451, 'generation': 30}","{'id': 1274, 'rank': 22, 'fitness': 0.12596902689085832, 'generation': 30}","{'id': 1290, 'rank': 23, 'fitness': 0.0749730894142438, 'generation': 30}","{'id': 1293, 'rank': 24, 'fitness': 0.0679925327747054, 'generation': 30}","{'id': 1287, 'rank': 25, 'fitness': 0.06336778568624812, 'generation': 30}","{'id': 1289, 'rank': 26, 'fitness': 0.060653619970201245, 'generation': 30}","{'id': 1268, 'rank': 27, 'fitness': 0.05237645445759337, 'generation': 30}","{'id': 1288, 'rank': 28, 'fitness': 0.02201657268585433, 'generation': 30}","{'id': 1279, 'rank': 29, 'fitness': 0.018431178137479354, 'generation': 30}","{'id': 1278, 'rank': 30, 'fitness': 0.01798620996209155, 'generation': 30}"
"{'id': 1341, 'rank': 1, 'fitness': 0.9820137900379085, 'generation': 31}","{'id': 1346, 'rank': 2, 'fitness': 0.9471474029959688, 'generation': 31}","{'id': 1330, 'rank': 3, 'fitness': 0.9261497686795706, 'generation': 31}","{'id': 1327, 'rank': 4, 'fitness': 0.872281583408966, 'generation': 31}","{'id': 1336, 'rank': 5, 'fitness': 0.861177862535191, 'generation': 31}","{'id': 1349, 'rank': 6, 'fitness': 0.5835337796495532, 'generation': 31}","{'id': 1342, 'rank': 7, 'fitness': 0.5094089582796245, 'generation': 31}","{'id': 1338, 'rank': 8, 'fitness': 0.42853653915221224, 'generation': 31}","{'id': 1312, 'rank': 9, 'fitness': 0.31084841053557866, 'generation': 31}","{'id': 1334, 'rank': 10, 'fitness': 0.1834241014214636, 'generation': 31}","{'id': 1320, 'rank': 11, 'fitness': 0.15508328441265262, 'generation': 31}","{'id': 1333, 'rank': 12, 'fitness': 0.14991464753230244, 'generation': 31}","{'id': 1337, 'rank': 13, 'fitness': 0.13363985885522273, 'generation': 31}","{'id': 1343, 'rank': 14, 'fitness': 0.10830060647530582, 'generation': 31}","{'id': 1323, 'rank': 15, 'fitness': 0.1060139597121732, 'generation': 31}","{'id': 1332, 'rank': 16, 'fitness': 0.10543059260325327, 'generation': 31}","{'id': 1350, 'rank': 17, 'fitness': 0.10391153639955497, 'generation': 31}","{'id': 1339, 'rank': 18, 'fitness': 0.09805881444402165, 'generation': 31}","{'id': 1347, 'rank': 19, 'fitness': 0.08960376451565422, 'generation': 31}","{'id': 1315, 'rank': 20, 'fitness': 0.060322156604281474, 'generation': 31}","{'id': 1313, 'rank': 21, 'fitness': 0.059270311475996984, 'generation': 31}","{'id': 1348, 'rank': 22, 'fitness': 0.05364203542755097, 'generation': 31}","{'id': 1328, 'rank': 23, 'fitness': 0.04493151483055002, 'generation': 31}","{'id': 1340, 'rank': 24, 'fitness': 0.03919093756893122, 'generation': 31}","{'id': 1344, 'rank': 25, 'fitness': 0.03178403100115401, 'generation': 31}","{'id': 1309, 'rank': 26, 'fitness': 0.029579166278584423, 'generation': 31}","{'id': 1352, 'rank': 27, 'fitness': 0.0253607095314477, 'generation': 31}","{'id': 1319, 'rank': 28, 'fitness': 0.023369692404906828, 'generation': 31}","{'id': 1318, 'rank': 29, 'fitness': 0.01916455175911791, 'generation': 31}","{'id': 1314, 'rank': 30, 'fitness': 0.01798620996209155, 'generation': 31}"
"{'id': 1389, 'rank': 1, 'fitness': 0.9820137900379085, 'generation': 32}","{'id': 1386, 'rank': 2, 'fitness': 0.964604993228678, 'generation': 32}","{'id': 1392, 'rank': 3, 'fitness': 0.8987953208072417, 'generation': 32}","{'id': 1371, 'rank': 4, 'fitness': 0.876898836650104, 'generation': 32}","{'id': 1378, 'rank': 5, 'fitness': 0.8390263490568908, 'generation': 32}","{'id': 1379, 'rank': 6, 'fitness': 0.8357934907257645, 'generation': 32}","{'id': 1367, 'rank': 7, 'fitness': 0.8027111368905013, 'generation': 32}","{'id': 1387, 'rank': 8, 'fitness': 0.7791355557988315, 'generation': 32}","{'id': 1368, 'rank': 9, 'fitness': 0.7337852504970321, 'generation': 32}","{'id': 1373, 'rank': 10, 'fitness': 0.7134526011276525, 'generation': 32}","{'id': 1377, 'rank': 11, 'fitness': 0.7015548102072164, 'generation': 32}","{'id': 1362, 'rank': 12, 'fitness': 0.6333472472200025, 'generation': 32}","{'id': 1369, 'rank': 13, 'fitness': 0.5265422076558802, 'generation': 32}","{'id': 1380, 'rank': 14, 'fitness': 0.41607041201117606, 'generation': 32}","{'id': 1372, 'rank': 15, 'fitness': 0.36243345778245517, 'generation': 32}","{'id': 1388, 'rank': 16, 'fitness': 0.33488888135986405, 'generation': 32}","{'id': 1383, 'rank': 17, 'fitness': 0.2997274969620194, 'generation': 32}","{'id': 1390, 'rank': 18, 'fitness': 0.11706398232279991, 'generation': 32}","{'id': 1356, 'rank': 19, 'fitness': 0.11573697906971703, 'generation': 32}","{'id': 1370, 'rank': 20, 'fitness': 0.10762744305171468, 'generation': 32}","{'id': 1366, 'rank': 21, 'fitness': 0.10464009001791613, 'generation': 32}","{'id': 1354, 'rank': 22, 'fitness': 0.07429829722760589, 'generation': 32}","{'id': 1376, 'rank': 23, 'fitness': 0.06074345086519539, 'generation': 32}","{'id': 1385, 'rank': 24, 'fitness': 0.034610223994271605, 'generation': 32}","{'id': 1353, 'rank': 25, 'fitness': 0.03137469896189776, 'generation': 32}","{'id': 1375, 'rank': 26, 'fitness': 0.028288916868304148, 'generation': 32}","{'id': 1363, 'rank': 27, 'fitness': 0.021843111875519683, 'generation': 32}","{'id': 1384, 'rank': 28, 'fitness': 0.0193932084183992, 'generation': 32}","{'id': 1360, 'rank': 29, 'fitness': 0.018316354836440896, 'generation': 32}","{'id': 1391, 'rank': 30, 'fitness': 0.01798620996209155, 'generation': 32}"
"{'id': 1423, 'rank': 1, 'fitness': 0.9820137900379085, 'generation': 33}","{'id': 1405, 'rank': 2, 'fitness': 0.9407527628742254, 'generation': 33}","{'id': 1421, 'rank': 3, 'fitness': 0.8929461810368824, 'generation': 33}","{'id': 1409, 'rank': 4, 'fitness': 0.8430007913956368, 'generation': 33}","{'id': 1428, 'rank': 5, 'fitness': 0.8414171356688763, 'generation': 33}","{'id': 1414, 'rank': 6, 'fitness': 0.8343444055393318, 'generation': 33}","{'id': 1437, 'rank': 7, 'fitness': 0.5634879311258771, 'generation': 33}","{'id': 1425, 'rank': 8, 'fitness': 0.49365599195590604, 'generation': 33}","{'id': 1412, 'rank': 9, 'fitness': 0.4290256418339802, 'generation': 33}","{'id': 1429, 'rank': 10, 'fitness': 0.3895413284856875, 'generation': 33}","{'id': 1420, 'rank': 11, 'fitness': 0.29690227204881925, 'generation': 33}","{'id': 1424, 'rank': 12, 'fitness': 0.23914622669102803, 'generation': 33}","{'id': 1411, 'rank': 13, 'fitness': 0.1802911439773517, 'generation': 33}","{'id': 1398, 'rank': 14, 'fitness': 0.1786228589854837, 'generation': 33}","{'id': 1436, 'rank': 15, 'fitness': 0.13967751675924028, 'generation': 33}","{'id': 1413, 'rank': 16, 'fitness': 0.11825196028946405, 'generation': 33}","{'id': 1416, 'rank': 17, 'fitness': 0.1097958233316465, 'generation': 33}","{'id': 1431, 'rank': 18, 'fitness': 0.10478849787621669, 'generation': 33}","{'id': 1418, 'rank': 19, 'fitness': 0.09887755802213871, 'generation': 33}","{'id': 1400, 'rank': 20, 'fitness': 0.08566234539888418, 'generation': 33}","{'id': 1427, 'rank': 21, 'fitness': 0.08064599033719788, 'generation': 33}","{'id': 1434, 'rank': 22, 'fitness': 0.07533085049187366, 'generation': 33}","{'id': 1407, 'rank': 23, 'fitness': 0.07428203662538563, 'generation': 33}","{'id': 1433, 'rank': 24, 'fitness': 0.06862587609541565, 'generation': 33}","{'id': 1426, 'rank': 25, 'fitness': 0.049107442257538714, 'generation': 33}","{'id': 1415, 'rank': 26, 'fitness': 0.03762083938414318, 'generation': 33}","{'id': 1401, 'rank': 27, 'fitness': 0.021810024792671467, 'generation': 33}","{'id': 1394, 'rank': 28, 'fitness': 0.020574695996290804, 'generation': 33}","{'id': 1435, 'rank': 29, 'fitness': 0.01888503062571678, 'generation': 33}","{'id': 1430, 'rank': 30, 'fitness': 0.01798620996209155, 'generation': 33}"
"{'id': 1459, 'rank': 1, 'fitness': 0.9820137900379085, 'generation': 34}","{'id': 1458, 'rank': 2, 'fitness': 0.8920158150246835, 'generation': 34}","{'id': 1471, 'rank': 3, 'fitness': 0.8242865957012669, 'generation': 34}","{'id': 1463, 'rank': 4, 'fitness': 0.8239864243100017, 'generation': 34}","{'id': 1450, 'rank': 5, 'fitness': 0.6891719145163413, 'generation': 34}","{'id': 1457, 'rank': 6, 'fitness': 0.5936656912723344, 'generation': 34}","{'id': 1456, 'rank': 7, 'fitness': 0.5776220459828236, 'generation': 34}","{'id': 1439, 'rank': 8, 'fitness': 0.39359218489311265, 'generation': 34}","{'id': 1454, 'rank': 9, 'fitness': 0.39193142104489875, 'generation': 34}","{'id': 1441, 'rank': 10, 'fitness': 0.35905556615723, 'generation': 34}","{'id': 1470, 'rank': 11, 'fitness': 0.35542472698761324, 'generation': 34}","{'id': 1472, 'rank': 12, 'fitness': 0.2973366329294138, 'generation': 34}","{'id': 1443, 'rank': 13, 'fitness': 0.2565899250638387, 'generation': 34}","{'id': 1473, 'rank': 14, 'fitness': 0.1463375595354675, 'generation': 34}","{'id': 1467, 'rank': 15, 'fitness': 0.1345157020792363, 'generation': 34}","{'id': 1448, 'rank': 16, 'fitness': 0.13386316260111375, 'generation': 34}","{'id': 1445, 'rank': 17, 'fitness': 0.10925439627575317, 'generation': 34}","{'id': 1451, 'rank': 18, 'fitness': 0.09353169107141823, 'generation': 34}","{'id': 1468, 'rank': 19, 'fitness': 0.08709598624819981, 'generation': 34}","{'id': 1446, 'rank': 20, 'fitness': 0.08618644291943917, 'generation': 34}","{'id': 1475, 'rank': 21, 'fitness': 0.07726002444287877, 'generation': 34}","{'id': 1442, 'rank': 22, 'fitness': 0.07245735176085433, 'generation': 34}","{'id': 1462, 'rank': 23, 'fitness': 0.05594755895782655, 'generation': 34}","{'id': 1447, 'rank': 24, 'fitness': 0.05182579591099323, 'generation': 34}","{'id': 1444, 'rank': 25, 'fitness': 0.04304634971655463, 'generation': 34}","{'id': 1474, 'rank': 26, 'fitness': 0.037229134231732075, 'generation': 34}","{'id': 1455, 'rank': 27, 'fitness': 0.03381429502840738, 'generation': 34}","{'id': 1476, 'rank': 28, 'fitness': 0.03287890889759176, 'generation': 34}","{'id': 1453, 'rank': 29, 'fitness': 0.026517949209409974, 'generation': 34}","{'id': 1469, 'rank': 30, 'fitness': 0.01798620996209155, 'generation': 34}"
"{'id': 1514, 'rank': 1, 'fitness': 0.9820137900379085, 'generation': 35}","{'id': 1513, 'rank': 2, 'fitness': 0.9570822289090493, 'generation': 35}","{'id': 1492, 'rank': 3, 'fitness': 0.9241461813068068, 'generation': 35}","{'id': 1488, 'rank': 4, 'fitness': 0.6241168964358718, 'generation': 35}","{'id': 1493, 'rank': 5, 'fitness': 0.5053316307061408, 'generation': 35}","{'id': 1517, 'rank': 6, 'fitness': 0.5040965866777894, 'generation': 35}","{'id': 1507, 'rank': 7, 'fitness': 0.338717813938971, 'generation': 35}","{'id': 1508, 'rank': 8, 'fitness': 0.3112657663591334, 'generation': 35}","{'id': 1509, 'rank': 9, 'fitness': 0.2899543740049991, 'generation': 35}","{'id': 1499, 'rank': 10, 'fitness': 0.286063636219239, 'generation': 35}","{'id': 1506, 'rank': 11, 'fitness': 0.2126493502983795, 'generation': 35}","{'id': 1496, 'rank': 12, 'fitness': 0.19128418047626178, 'generation': 35}","{'id': 1512, 'rank': 13, 'fitness': 0.1622801212289477, 'generation': 35}","{'id': 1510, 'rank': 14, 'fitness': 0.1618944321051181, 'generation': 35}","{'id': 1486, 'rank': 15, 'fitness': 0.10943760072321546, 'generation': 35}","{'id': 1482, 'rank': 16, 'fitness': 0.10308220823210396, 'generation': 35}","{'id': 1505, 'rank': 17, 'fitness': 0.09942712915952523, 'generation': 35}","{'id': 1503, 'rank': 18, 'fitness': 0.07412531973344327, 'generation': 35}","{'id': 1500, 'rank': 19, 'fitness': 0.07185795582676541, 'generation': 35}","{'id': 1501, 'rank': 20, 'fitness': 0.06687959479788563, 'generation': 35}","{'id': 1516, 'rank': 21, 'fitness': 0.05226319138553648, 'generation': 35}","{'id': 1484, 'rank': 22, 'fitness': 0.04415630618380456, 'generation': 35}","{'id': 1511, 'rank': 23, 'fitness': 0.04305225654256711, 'generation': 35}","{'id': 1490, 'rank': 24, 'fitness': 0.042089492259386685, 'generation': 35}","{'id': 1491, 'rank': 25, 'fitness': 0.03967900755843845, 'generation': 35}","{'id': 1485, 'rank': 26, 'fitness': 0.03492710993535553, 'generation': 35}","{'id': 1479, 'rank': 27, 'fitness': 0.029367661788303523, 'generation': 35}","{'id': 1477, 'rank': 28, 'fitness': 0.02545330375871596, 'generation': 35}","{'id': 1478, 'rank': 29, 'fitness': 0.023225783085486007, 'generation': 35}","{'id': 1504, 'rank': 30, 'fitness': 0.01798620996209155, 'generation': 35}"
"{'id': 1538, 'rank': 1, 'fitness': 0.9820137900379085, 'generation': 36}","{'id': 1532, 'rank': 2, 'fitness': 0.8848245405876162, 'generation': 36}","{'id': 1540, 'rank': 3, 'fitness': 0.7821053075638958, 'generation': 36}","{'id': 1547, 'rank': 4, 'fitness': 0.7575824734376632, 'generation': 36}","{'id': 1526, 'rank': 5, 'fitness': 0.6540178504363721, 'generation': 36}","{'id': 1551, 'rank': 6, 'fitness': 0.6530706696365842, 'generation': 36}","{'id': 1528, 'rank': 7, 'fitness': 0.4602942365493847, 'generation': 36}","{'id': 1550, 'rank': 8, 'fitness': 0.40344607802815957, 'generation': 36}","{'id': 1541, 'rank': 9, 'fitness': 0.3745746877906433, 'generation': 36}","{'id': 1542, 'rank': 10, 'fitness': 0.3675939042090287, 'generation': 36}","{'id': 1552, 'rank': 11, 'fitness': 0.2802834351345434, 'generation': 36}","{'id': 1519, 'rank': 12, 'fitness': 0.2763421461013418, 'generation': 36}","{'id': 1546, 'rank': 13, 'fitness': 0.2278163850222435, 'generation': 36}","{'id': 1549, 'rank': 14, 'fitness': 0.2272074063882753, 'generation': 36}","{'id': 1524, 'rank': 15, 'fitness': 0.1833331493669807, 'generation': 36}","{'id': 1554, 'rank': 16, 'fitness': 0.16342306755416786, 'generation': 36}","{'id': 1527, 'rank': 17, 'fitness': 0.1519014738677209, 'generation': 36}","{'id': 1539, 'rank': 18, 'fitness': 0.12840749674885915, 'generation': 36}","{'id': 1530, 'rank': 19, 'fitness': 0.0950268237425545, 'generation': 36}","{'id': 1543, 'rank': 20, 'fitness': 0.084435411341719, 'generation': 36}","{'id': 1534, 'rank': 21, 'fitness': 0.08360900077573641, 'generation': 36}","{'id': 1531, 'rank': 22, 'fitness': 0.05199324994893045, 'generation': 36}","{'id': 1553, 'rank': 23, 'fitness': 0.04214533394294695, 'generation': 36}","{'id': 1518, 'rank': 24, 'fitness': 0.03659833071897911, 'generation': 36}","{'id': 1523, 'rank': 25, 'fitness': 0.035198713856004704, 'generation': 36}","{'id': 1520, 'rank': 26, 'fitness': 0.033358361315402374, 'generation': 36}","{'id': 1535, 'rank': 27, 'fitness': 0.030852586939998983, 'generation': 36}","{'id': 1537, 'rank': 28, 'fitness': 0.02494450435765766, 'generation': 36}","{'id': 1545, 'rank': 29, 'fitness': 0.019095765627776762, 'generation': 36}","{'id': 1521, 'rank': 30, 'fitness': 0.01798620996209155, 'generation': 36}"
"{'id': 1592, 'rank': 1, 'fitness': 0.9820137900379085, 'generation': 37}","{'id': 1590, 'rank': 2, 'fitness': 0.974380480446385, 'generation': 37}","{'id': 1577, 'rank': 3, 'fitness': 0.8961193534580985, 'generation': 37}","{'id': 1558, 'rank': 4, 'fitness': 0.7684195364584647, 'generation': 37}","{'id': 1555, 'rank': 5, 'fitness': 0.7674056409353031, 'generation': 37}","{'id': 1576, 'rank': 6, 'fitness': 0.7341356703585169, 'generation': 37}","{'id': 1572, 'rank': 7, 'fitness': 0.6421388987093081, 'generation': 37}","{'id': 1556, 'rank': 8, 'fitness': 0.54902926857169, 'generation': 37}","{'id': 1588, 'rank': 9, 'fitness': 0.5056442476362374, 'generation': 37}","{'id': 1559, 'rank': 10, 'fitness': 0.49398311485963536, 'generation': 37}","{'id': 1595, 'rank': 11, 'fitness': 0.4043375036341402, 'generation': 37}","{'id': 1583, 'rank': 12, 'fitness': 0.34659156620789144, 'generation': 37}","{'id': 1557, 'rank': 13, 'fitness': 0.32352025674699664, 'generation': 37}","{'id': 1584, 'rank': 14, 'fitness': 0.261667215041001, 'generation': 37}","{'id': 1589, 'rank': 15, 'fitness': 0.25571196463080187, 'generation': 37}","{'id': 1569, 'rank': 16, 'fitness': 0.19622972371560043, 'generation': 37}","{'id': 1586, 'rank': 17, 'fitness': 0.15247794119130437, 'generation': 37}","{'id': 1575, 'rank': 18, 'fitness': 0.09980212973163127, 'generation': 37}","{'id': 1579, 'rank': 19, 'fitness': 0.07809099755894838, 'generation': 37}","{'id': 1568, 'rank': 20, 'fitness': 0.0751124912263178, 'generation': 37}","{'id': 1591, 'rank': 21, 'fitness': 0.06500896637657166, 'generation': 37}","{'id': 1571, 'rank': 22, 'fitness': 0.040597188837195486, 'generation': 37}","{'id': 1570, 'rank': 23, 'fitness': 0.0389960202249493, 'generation': 37}","{'id': 1587, 'rank': 24, 'fitness': 0.038935374740895756, 'generation': 37}","{'id': 1582, 'rank': 25, 'fitness': 0.031084056219764955, 'generation': 37}","{'id': 1566, 'rank': 26, 'fitness': 0.02906292922970083, 'generation': 37}","{'id': 1574, 'rank': 27, 'fitness': 0.025408984003814195, 'generation': 37}","{'id': 1560, 'rank': 28, 'fitness': 0.024318810111137457, 'generation': 37}","{'id': 1593, 'rank': 29, 'fitness': 0.02179876817440285, 'generation': 37}","{'id': 1562, 'rank': 30, 'fitness': 0.01798620996209155, 'generation': 37}"
"{'id': 1629, 'rank': 1, 'fitness': 0.9820137900379085, 'generation': 38}","{'id': 1641, 'rank': 2, 'fitness': 0.9712295611858939, 'generation': 38}","{'id': 1639, 'rank': 3, 'fitness': 0.9111599782900985, 'generation': 38}","{'id': 1605, 'rank': 4, 'fitness': 0.8910853387380364, 'generation': 38}","{'id': 1624, 'rank': 5, 'fitness': 0.7850230317647306, 'generation': 38}","{'id': 1636, 'rank': 6, 'fitness': 0.7424732680446394, 'generation': 38}","{'id': 1621, 'rank': 7, 'fitness': 0.7263113739287905, 'generation': 38}","{'id': 1607, 'rank': 8, 'fitness': 0.6676456175033425, 'generation': 38}","{'id': 1626, 'rank': 9, 'fitness': 0.6135617837929639, 'generation': 38}","{'id': 1606, 'rank': 10, 'fitness': 0.6082679077612014, 'generation': 38}","{'id': 1633, 'rank': 11, 'fitness': 0.47778210710399993, 'generation': 38}","{'id': 1627, 'rank': 12, 'fitness': 0.35800826421246, 'generation': 38}","{'id': 1611, 'rank': 13, 'fitness': 0.333434744725605, 'generation': 38}","{'id': 1637, 'rank': 14, 'fitness': 0.31560339362937456, 'generation': 38}","{'id': 1618, 'rank': 15, 'fitness': 0.2798818407158312, 'generation': 38}","{'id': 1623, 'rank': 16, 'fitness': 0.1881519744524014, 'generation': 38}","{'id': 1628, 'rank': 17, 'fitness': 0.1760570609782458, 'generation': 38}","{'id': 1615, 'rank': 18, 'fitness': 0.16777523449822307, 'generation': 38}","{'id': 1619, 'rank': 19, 'fitness': 0.13417943756384376, 'generation': 38}","{'id': 1616, 'rank': 20, 'fitness': 0.12010652238923553, 'generation': 38}","{'id': 1625, 'rank': 21, 'fitness': 0.1031434346700355, 'generation': 38}","{'id': 1634, 'rank': 22, 'fitness': 0.07550990018340836, 'generation': 38}","{'id': 1640, 'rank': 23, 'fitness': 0.07067470124756292, 'generation': 38}","{'id': 1600, 'rank': 24, 'fitness': 0.041417480741694934, 'generation': 38}","{'id': 1630, 'rank': 25, 'fitness': 0.03520490130962295, 'generation': 38}","{'id': 1613, 'rank': 26, 'fitness': 0.03321132921499148, 'generation': 38}","{'id': 1635, 'rank': 27, 'fitness': 0.03314829093587146, 'generation': 38}","{'id': 1638, 'rank': 28, 'fitness': 0.021801660560645586, 'generation': 38}","{'id': 1604, 'rank': 29, 'fitness': 0.021389906641415435, 'generation': 38}","{'id': 1612, 'rank': 30, 'fitness': 0.01798620996209155, 'generation': 38}"
"{'id': 1678, 'rank': 1, 'fitness': 0.9820137900379085, 'generation': 39}","{'id': 1676, 'rank': 2, 'fitness': 0.9759456149487289, 'generation': 39}","{'id': 1668, 'rank': 3, 'fitness': 0.9569900257865046, 'generation': 39}","{'id': 1644, 'rank': 4, 'fitness': 0.9565239152533629, 'generation': 39}","{'id': 1685, 'rank': 5, 'fitness': 0.9564032242513625, 'generation': 39}","{'id': 1690, 'rank': 6, 'fitness': 0.903826971189919, 'generation': 39}","{'id': 1683, 'rank': 7, 'fitness': 0.8830485835874774, 'generation': 39}","{'id': 1687, 'rank': 8, 'fitness': 0.8520156672775085, 'generation': 39}","{'id': 1684, 'rank': 9, 'fitness': 0.8349725788581797, 'generation': 39}","{'id': 1675, 'rank': 10, 'fitness': 0.600437528046683, 'generation': 39}","{'id': 1650, 'rank': 11, 'fitness': 0.5880316260004922, 'generation': 39}","{'id': 1677, 'rank': 12, 'fitness': 0.5779300594617232, 'generation': 39}","{'id': 1681, 'rank': 13, 'fitness': 0.5195599564559678, 'generation': 39}","{'id': 1688, 'rank': 14, 'fitness': 0.4941406447487237, 'generation': 39}","{'id': 1651, 'rank': 15, 'fitness': 0.4205559540833593, 'generation': 39}","{'id': 1667, 'rank': 16, 'fitness': 0.2778756334259912, 'generation': 39}","{'id': 1656, 'rank': 17, 'fitness': 0.22716014752605063, 'generation': 39}","{'id': 1669, 'rank': 18, 'fitness': 0.19452157469919984, 'generation': 39}","{'id': 1682, 'rank': 19, 'fitness': 0.1603277584814103, 'generation': 39}","{'id': 1661, 'rank': 20, 'fitness': 0.10544000120713393, 'generation': 39}","{'id': 1660, 'rank': 21, 'fitness': 0.08930274944727806, 'generation': 39}","{'id': 1689, 'rank': 22, 'fitness': 0.08617912711916415, 'generation': 39}","{'id': 1665, 'rank': 23, 'fitness': 0.08395172364236303, 'generation': 39}","{'id': 1643, 'rank': 24, 'fitness': 0.06990518771004584, 'generation': 39}","{'id': 1671, 'rank': 25, 'fitness': 0.06721821757271518, 'generation': 39}","{'id': 1672, 'rank': 26, 'fitness': 0.05710504362015445, 'generation': 39}","{'id': 1673, 'rank': 27, 'fitness': 0.03532208313043195, 'generation': 39}","{'id': 1663, 'rank': 28, 'fitness': 0.023808014181801895, 'generation': 39}","{'id': 1666, 'rank': 29, 'fitness': 0.023103880979670588, 'generation': 39}","{'id': 1642, 'rank': 30, 'fitness': 0.01798620996209155, 'generation': 39}"
"{'id': 1736, 'rank': 1, 'fitness': 0.9820137900379085, 'generation': 40}","{'id': 1730, 'rank': 2, 'fitness': 0.913974639854433, 'generation': 40}","{'id': 1721, 'rank': 3, 'fitness': 0.7780573952885244, 'generation': 40}","{'id': 1737, 'rank': 4, 'fitness': 0.6997640180464733, 'generation': 40}","{'id': 1714, 'rank': 5, 'fitness': 0.66922391246044, 'generation': 40}","{'id': 1738, 'rank': 6, 'fitness': 0.5736284039132126, 'generation': 40}","{'id': 1739, 'rank': 7, 'fitness': 0.49235120279969175, 'generation': 40}","{'id': 1728, 'rank': 8, 'fitness': 0.38480586370476944, 'generation': 40}","{'id': 1723, 'rank': 9, 'fitness': 0.38425620940949545, 'generation': 40}","{'id': 1731, 'rank': 10, 'fitness': 0.351856094679318, 'generation': 40}","{'id': 1702, 'rank': 11, 'fitness': 0.21140779536954202, 'generation': 40}","{'id': 1726, 'rank': 12, 'fitness': 0.18941127628320165, 'generation': 40}","{'id': 1734, 'rank': 13, 'fitness': 0.15632648937668403, 'generation': 40}","{'id': 1713, 'rank': 14, 'fitness': 0.1561568721977064, 'generation': 40}","{'id': 1724, 'rank': 15, 'fitness': 0.14838462517285195, 'generation': 40}","{'id': 1732, 'rank': 16, 'fitness': 0.1306330307525349, 'generation': 40}","{'id': 1727, 'rank': 17, 'fitness': 0.11765229702727381, 'generation': 40}","{'id': 1740, 'rank': 18, 'fitness': 0.09460604050455257, 'generation': 40}","{'id': 1735, 'rank': 19, 'fitness': 0.08876372415446082, 'generation': 40}","{'id': 1708, 'rank': 20, 'fitness': 0.08540724721401116, 'generation': 40}","{'id': 1715, 'rank': 21, 'fitness': 0.0850391278899717, 'generation': 40}","{'id': 1707, 'rank': 22, 'fitness': 0.06272654492606367, 'generation': 40}","{'id': 1733, 'rank': 23, 'fitness': 0.05788758643883152, 'generation': 40}","{'id': 1719, 'rank': 24, 'fitness': 0.0512264291938751, 'generation': 40}","{'id': 1716, 'rank': 25, 'fitness': 0.04718541951511518, 'generation': 40}","{'id': 1698, 'rank': 26, 'fitness': 0.03810944677605044, 'generation': 40}","{'id': 1712, 'rank': 27, 'fitness': 0.02520196798573404, 'generation': 40}","{'id': 1701, 'rank': 28, 'fitness': 0.024704680893297637, 'generation': 40}","{'id': 1720, 'rank': 29, 'fitness': 0.02369629949914892, 'generation': 40}","{'id': 1725, 'rank': 30, 'fitness': 0.01798620996209155, 'generation': 40}"
"{'id': 1773, 'rank': 1, 'fitness': 0.9820137900379085, 'generation': 41}","{'id': 1777, 'rank': 2, 'fitness': 0.970440669460527, 'generation': 41}","{'id': 1775, 'rank': 3, 'fitness': 0.8832032786226132, 'generation': 41}","{'id': 1765, 'rank': 4, 'fitness': 0.7413863391233755, 'generation': 41}","{'id': 1776, 'rank': 5, 'fitness': 0.5479307400665677, 'generation': 41}","{'id': 1770, 'rank': 6, 'fitness': 0.534003309001581, 'generation': 41}","{'id': 1749, 'rank': 7, 'fitness': 0.4796375889543889, 'generation': 41}","{'id': 1761, 'rank': 8, 'fitness': 0.4230897788654788, 'generation': 41}","{'id': 1756, 'rank': 9, 'fitness': 0.36995858371414825, 'generation': 41}","{'id': 1769, 'rank': 10, 'fitness': 0.2736448328104286, 'generation': 41}","{'id': 1768, 'rank': 11, 'fitness': 0.22778485234491203, 'generation': 41}","{'id': 1766, 'rank': 12, 'fitness': 0.17189475042917757, 'generation': 41}","{'id': 1774, 'rank': 13, 'fitness': 0.16249341995019845, 'generation': 41}","{'id': 1744, 'rank': 14, 'fitness': 0.12857312169356944, 'generation': 41}","{'id': 1771, 'rank': 15, 'fitness': 0.12188963498529204, 'generation': 41}","{'id': 1742, 'rank': 16, 'fitness': 0.09112853988441316, 'generation': 41}","{'id': 1758, 'rank': 17, 'fitness': 0.07795210934844654, 'generation': 41}","{'id': 1767, 'rank': 18, 'fitness': 0.06769462311891239, 'generation': 41}","{'id': 1743, 'rank': 19, 'fitness': 0.06070941640175764, 'generation': 41}","{'id': 1751, 'rank': 20, 'fitness': 0.05900998289352549, 'generation': 41}","{'id': 1763, 'rank': 21, 'fitness': 0.055217986845085776, 'generation': 41}","{'id': 1762, 'rank': 22, 'fitness': 0.051457961171027355, 'generation': 41}","{'id': 1757, 'rank': 23, 'fitness': 0.05040677431440038, 'generation': 41}","{'id': 1748, 'rank': 24, 'fitness': 0.04310457115782318, 'generation': 41}","{'id': 1764, 'rank': 25, 'fitness': 0.036697290967942, 'generation': 41}","{'id': 1754, 'rank': 26, 'fitness': 0.027929306294282807, 'generation': 41}","{'id': 1755, 'rank': 27, 'fitness': 0.02581172637048712, 'generation': 41}","{'id': 1747, 'rank': 28, 'fitness': 0.022877386536308553, 'generation': 41}","{'id': 1772, 'rank': 29, 'fitness': 0.022156050213923528, 'generation': 41}","{'id': 1760, 'rank': 30, 'fitness': 0.01798620996209155, 'generation': 41}"
"{'id': 1796, 'rank': 1, 'fitness': 0.9820137900379085, 'generation': 42}","{'id': 1808, 'rank': 2, 'fitness': 0.8732269011193594, 'generation': 42}","{'id': 1788, 'rank': 3, 'fitness': 0.7419202105450631, 'generation': 42}","{'id': 1795, 'rank': 4, 'fitness': 0.6352982909178213, 'generation': 42}","{'id': 1799, 'rank': 5, 'fitness': 0.6173130966291294, 'generation': 42}","{'id': 1807, 'rank': 6, 'fitness': 0.5300831170519834, 'generation': 42}","{'id': 1780, 'rank': 7, 'fitness': 0.5246643626289955, 'generation': 42}","{'id': 1806, 'rank': 8, 'fitness': 0.4608760830586493, 'generation': 42}","{'id': 1817, 'rank': 9, 'fitness': 0.4236259561173057, 'generation': 42}","{'id': 1793, 'rank': 10, 'fitness': 0.33339357161716027, 'generation': 42}","{'id': 1801, 'rank': 11, 'fitness': 0.2776466343280346, 'generation': 42}","{'id': 1784, 'rank': 12, 'fitness': 0.27385237944682356, 'generation': 42}","{'id': 1813, 'rank': 13, 'fitness': 0.22916213903486693, 'generation': 42}","{'id': 1815, 'rank': 14, 'fitness': 0.1961947526207517, 'generation': 42}","{'id': 1798, 'rank': 15, 'fitness': 0.19592720690053073, 'generation': 42}","{'id': 1809, 'rank': 16, 'fitness': 0.19459249709933873, 'generation': 42}","{'id': 1816, 'rank': 17, 'fitness': 0.14529259485625318, 'generation': 42}","{'id': 1805, 'rank': 18, 'fitness': 0.14379278214836755, 'generation': 42}","{'id': 1803, 'rank': 19, 'fitness': 0.08900110470590383, 'generation': 42}","{'id': 1814, 'rank': 20, 'fitness': 0.08496335203668376, 'generation': 42}","{'id': 1786, 'rank': 21, 'fitness': 0.07810102215886833, 'generation': 42}","{'id': 1797, 'rank': 22, 'fitness': 0.07169420977777469, 'generation': 42}","{'id': 1800, 'rank': 23, 'fitness': 0.06807949502014288, 'generation': 42}","{'id': 1787, 'rank': 24, 'fitness': 0.05595233834768654, 'generation': 42}","{'id': 1804, 'rank': 25, 'fitness': 0.05055940994541974, 'generation': 42}","{'id': 1794, 'rank': 26, 'fitness': 0.03410148822453557, 'generation': 42}","{'id': 1782, 'rank': 27, 'fitness': 0.03242145394196477, 'generation': 42}","{'id': 1812, 'rank': 28, 'fitness': 0.02938504539772563, 'generation': 42}","{'id': 1783, 'rank': 29, 'fitness': 0.02271134028751365, 'generation': 42}","{'id': 1791, 'rank': 30, 'fitness': 0.01798620996209155, 'generation': 42}"
"{'id': 1826, 'rank': 1, 'fitness': 0.9820137900379085, 'generation': 43}","{'id': 1854, 'rank': 2, 'fitness': 0.9807721358280996, 'generation': 43}","{'id': 1856, 'rank': 3, 'fitness': 0.9798332792110132, 'generation': 43}","{'id': 1844, 'rank': 4, 'fitness': 0.9794424758642358, 'generation': 43}","{'id': 1852, 'rank': 5, 'fitness': 0.9431222789905176, 'generation': 43}","{'id': 1850, 'rank': 6, 'fitness': 0.9349893951552126, 'generation': 43}","{'id': 1847, 'rank': 7, 'fitness': 0.841136788608162, 'generation': 43}","{'id': 1848, 'rank': 8, 'fitness': 0.8296767235685122, 'generation': 43}","{'id': 1845, 'rank': 9, 'fitness': 0.8287376392941612, 'generation': 43}","{'id': 1819, 'rank': 10, 'fitness': 0.6181456898449288, 'generation': 43}","{'id': 1833, 'rank': 11, 'fitness': 0.5484603682322455, 'generation': 43}","{'id': 1840, 'rank': 12, 'fitness': 0.4828116869953867, 'generation': 43}","{'id': 1851, 'rank': 13, 'fitness': 0.46686446232615103, 'generation': 43}","{'id': 1818, 'rank': 14, 'fitness': 0.4068634791329182, 'generation': 43}","{'id': 1855, 'rank': 15, 'fitness': 0.3944493682066006, 'generation': 43}","{'id': 1858, 'rank': 16, 'fitness': 0.3846780922474949, 'generation': 43}","{'id': 1835, 'rank': 17, 'fitness': 0.31343345550208035, 'generation': 43}","{'id': 1836, 'rank': 18, 'fitness': 0.285081794008061, 'generation': 43}","{'id': 1841, 'rank': 19, 'fitness': 0.23340066579576546, 'generation': 43}","{'id': 1828, 'rank': 20, 'fitness': 0.22774867835398172, 'generation': 43}","{'id': 1821, 'rank': 21, 'fitness': 0.17105974982019745, 'generation': 43}","{'id': 1846, 'rank': 22, 'fitness': 0.07663593129695584, 'generation': 43}","{'id': 1834, 'rank': 23, 'fitness': 0.05619618093199008, 'generation': 43}","{'id': 1853, 'rank': 24, 'fitness': 0.05520598147680389, 'generation': 43}","{'id': 1830, 'rank': 25, 'fitness': 0.05148184604284933, 'generation': 43}","{'id': 1824, 'rank': 26, 'fitness': 0.04137594970974895, 'generation': 43}","{'id': 1822, 'rank': 27, 'fitness': 0.03228764955861124, 'generation': 43}","{'id': 1857, 'rank': 28, 'fitness': 0.026987103681545943, 'generation': 43}","{'id': 1827, 'rank': 29, 'fitness': 0.01826972897092216, 'generation': 43}","{'id': 1825, 'rank': 30, 'fitness': 0.01798620996209155, 'generation': 43}"
"{'id': 1909, 'rank': 1, 'fitness': 0.9820137900379085, 'generation': 44}","{'id': 1896, 'rank': 2, 'fitness': 0.7344679685442419, 'generation': 44}","{'id': 1911, 'rank': 3, 'fitness': 0.6305037916894514, 'generation': 44}","{'id': 1910, 'rank': 4, 'fitness': 0.40091041305364683, 'generation': 44}","{'id': 1868, 'rank': 5, 'fitness': 0.3336806793823844, 'generation': 44}","{'id': 1900, 'rank': 6, 'fitness': 0.3324808223217204, 'generation': 44}","{'id': 1886, 'rank': 7, 'fitness': 0.31149365207219615, 'generation': 44}","{'id': 1903, 'rank': 8, 'fitness': 0.17365221140228881, 'generation': 44}","{'id': 1898, 'rank': 9, 'fitness': 0.17151765229138227, 'generation': 44}","{'id': 1889, 'rank': 10, 'fitness': 0.15916846163547638, 'generation': 44}","{'id': 1881, 'rank': 11, 'fitness': 0.14463455583441404, 'generation': 44}","{'id': 1878, 'rank': 12, 'fitness': 0.14369160129799557, 'generation': 44}","{'id': 1908, 'rank': 13, 'fitness': 0.13979560407056468, 'generation': 44}","{'id': 1876, 'rank': 14, 'fitness': 0.12462535463899588, 'generation': 44}","{'id': 1890, 'rank': 15, 'fitness': 0.10626523066053933, 'generation': 44}","{'id': 1891, 'rank': 16, 'fitness': 0.08254120239326596, 'generation': 44}","{'id': 1895, 'rank': 17, 'fitness': 0.04147151707018498, 'generation': 44}","{'id': 1875, 'rank': 18, 'fitness': 0.0391686585717641, 'generation': 44}","{'id': 1899, 'rank': 19, 'fitness': 0.038044372211797906, 'generation': 44}","{'id': 1892, 'rank': 20, 'fitness': 0.03493513223410932, 'generation': 44}","{'id': 1869, 'rank': 21, 'fitness': 0.03286206706088557, 'generation': 44}","{'id': 1907, 'rank': 22, 'fitness': 0.028742391024968117, 'generation': 44}","{'id': 1867, 'rank': 23, 'fitness': 0.027036619103506243, 'generation': 44}","{'id': 1906, 'rank': 24, 'fitness': 0.0264056526213034, 'generation': 44}","{'id': 1865, 'rank': 25, 'fitness': 0.025104934917181188, 'generation': 44}","{'id': 1902, 'rank': 26, 'fitness': 0.024918976108934843, 'generation': 44}","{'id': 1877, 'rank': 27, 'fitness': 0.01987216267852976, 'generation': 44}","{'id': 1893, 'rank': 28, 'fitness': 0.019725247223005282, 'generation': 44}","{'id': 1863, 'rank': 29, 'fitness': 0.019720270860929756, 'generation': 44}","{'id': 1888, 'rank': 30, 'fitness': 0.01798620996209155, 'generation': 44}"
"{'id': 1949, 'rank': 1, 'fitness': 0.9820137900379085, 'generation': 45}","{'id': 1944, 'rank': 2, 'fitness': 0.9198505401669705, 'generation': 45}","{'id': 1912, 'rank': 3, 'fitness': 0.9101285271804427, 'generation': 45}","{'id': 1928, 'rank': 4, 'fitness': 0.8783691603805954, 'generation': 45}","{'id': 1930, 'rank': 5, 'fitness': 0.8433987763352434, 'generation': 45}","{'id': 1936, 'rank': 6, 'fitness': 0.7774770224855085, 'generation': 45}","{'id': 1948, 'rank': 7, 'fitness': 0.675930124921506, 'generation': 45}","{'id': 1938, 'rank': 8, 'fitness': 0.48906506902364566, 'generation': 45}","{'id': 1939, 'rank': 9, 'fitness': 0.4507713540114181, 'generation': 45}","{'id': 1947, 'rank': 10, 'fitness': 0.4093109813606118, 'generation': 45}","{'id': 1923, 'rank': 11, 'fitness': 0.3895381541129135, 'generation': 45}","{'id': 1943, 'rank': 12, 'fitness': 0.35197090259785113, 'generation': 45}","{'id': 1942, 'rank': 13, 'fitness': 0.2635212873001961, 'generation': 45}","{'id': 1917, 'rank': 14, 'fitness': 0.2560376155855084, 'generation': 45}","{'id': 1937, 'rank': 15, 'fitness': 0.2463269199541802, 'generation': 45}","{'id': 1926, 'rank': 16, 'fitness': 0.24043919284223597, 'generation': 45}","{'id': 1922, 'rank': 17, 'fitness': 0.23216720236614735, 'generation': 45}","{'id': 1940, 'rank': 18, 'fitness': 0.1554748535827868, 'generation': 45}","{'id': 1921, 'rank': 19, 'fitness': 0.14767712640255248, 'generation': 45}","{'id': 1916, 'rank': 20, 'fitness': 0.14104508554521866, 'generation': 45}","{'id': 1931, 'rank': 21, 'fitness': 0.13685004279257273, 'generation': 45}","{'id': 1933, 'rank': 22, 'fitness': 0.12176854827060529, 'generation': 45}","{'id': 1918, 'rank': 23, 'fitness': 0.1214395077715098, 'generation': 45}","{'id': 1934, 'rank': 24, 'fitness': 0.1025067540294885, 'generation': 45}","{'id': 1914, 'rank': 25, 'fitness': 0.07124066020327285, 'generation': 45}","{'id': 1946, 'rank': 26, 'fitness': 0.05385467921482939, 'generation': 45}","{'id': 1927, 'rank': 27, 'fitness': 0.041044552304568105, 'generation': 45}","{'id': 1925, 'rank': 28, 'fitness': 0.026941501124567946, 'generation': 45}","{'id': 1935, 'rank': 29, 'fitness': 0.01825216854101247, 'generation': 45}","{'id': 1919, 'rank': 30, 'fitness': 0.01798620996209155, 'generation': 45}"
"{'id': 1994, 'rank': 1, 'fitness': 0.9820137900379085, 'generation': 46}","{'id': 1972, 'rank': 2, 'fitness': 0.9671639514443611, 'generation': 46}","{'id': 1952, 'rank': 3, 'fitness': 0.9427307199010938, 'generation': 46}","{'id': 1980, 'rank': 4, 'fitness': 0.9413574841915486, 'generation': 46}","{'id': 1987, 'rank': 5, 'fitness': 0.9229854483852636, 'generation': 46}","{'id': 1992, 'rank': 6, 'fitness': 0.7655749406939394, 'generation': 46}","{'id': 1988, 'rank': 7, 'fitness': 0.6808326378194267, 'generation': 46}","{'id': 1990, 'rank': 8, 'fitness': 0.6033222945934775, 'generation': 46}","{'id': 1963, 'rank': 9, 'fitness': 0.5529985475617164, 'generation': 46}","{'id': 1959, 'rank': 10, 'fitness': 0.45612975465966094, 'generation': 46}","{'id': 1976, 'rank': 11, 'fitness': 0.3879342666613582, 'generation': 46}","{'id': 1984, 'rank': 12, 'fitness': 0.34742301011475096, 'generation': 46}","{'id': 1973, 'rank': 13, 'fitness': 0.3430764729377858, 'generation': 46}","{'id': 1974, 'rank': 14, 'fitness': 0.30692981885183984, 'generation': 46}","{'id': 1955, 'rank': 15, 'fitness': 0.24486100316251336, 'generation': 46}","{'id': 1978, 'rank': 16, 'fitness': 0.21857704481215756, 'generation': 46}","{'id': 1960, 'rank': 17, 'fitness': 0.21372303399413672, 'generation': 46}","{'id': 1956, 'rank': 18, 'fitness': 0.20525227134195723, 'generation': 46}","{'id': 1967, 'rank': 19, 'fitness': 0.19928725640649014, 'generation': 46}","{'id': 1989, 'rank': 20, 'fitness': 0.17419485525093859, 'generation': 46}","{'id': 1993, 'rank': 21, 'fitness': 0.1414760085776927, 'generation': 46}","{'id': 1985, 'rank': 22, 'fitness': 0.13224860639674885, 'generation': 46}","{'id': 1954, 'rank': 23, 'fitness': 0.12637636424401855, 'generation': 46}","{'id': 1966, 'rank': 24, 'fitness': 0.07930345429951052, 'generation': 46}","{'id': 1995, 'rank': 25, 'fitness': 0.05041755566456818, 'generation': 46}","{'id': 1961, 'rank': 26, 'fitness': 0.03424813805835303, 'generation': 46}","{'id': 1953, 'rank': 27, 'fitness': 0.020491370959807187, 'generation': 46}","{'id': 1957, 'rank': 28, 'fitness': 0.019279633948599773, 'generation': 46}","{'id': 1979, 'rank': 29, 'fitness': 0.018458243208526015, 'generation': 46}","{'id': 1977, 'rank': 30, 'fitness': 0.01798620996209155, 'generation': 46}"
"{'id': 2035, 'rank': 1, 'fitness': 0.9820137900379085, 'generation': 47}","{'id': 2028, 'rank': 2, 'fitness': 0.9403696250282403, 'generation': 47}","{'id': 2004, 'rank': 3, 'fitness': 0.9383797906012188, 'generation': 47}","{'id': 2029, 'rank': 4, 'fitness': 0.9240737018634168, 'generation': 47}","{'id': 2019, 'rank': 5, 'fitness': 0.9183944008915337, 'generation': 47}","{'id': 2027, 'rank': 6, 'fitness': 0.9018386727657606, 'generation': 47}","{'id': 2039, 'rank': 7, 'fitness': 0.900206510318064, 'generation': 47}","{'id': 2025, 'rank': 8, 'fitness': 0.8919700554358281, 'generation': 47}","{'id': 2032, 'rank': 9, 'fitness': 0.744869229470923, 'generation': 47}","{'id': 2014, 'rank': 10, 'fitness': 0.6850237957501562, 'generation': 47}","{'id': 2037, 'rank': 11, 'fitness': 0.6388549920113136, 'generation': 47}","{'id': 2003, 'rank': 12, 'fitness': 0.425555909636229, 'generation': 47}","{'id': 2007, 'rank': 13, 'fitness': 0.41607298907545065, 'generation': 47}","{'id': 2018, 'rank': 14, 'fitness': 0.3639271192454815, 'generation': 47}","{'id': 2017, 'rank': 15, 'fitness': 0.2781926257112066, 'generation': 47}","{'id': 2021, 'rank': 16, 'fitness': 0.18366153398428436, 'generation': 47}","{'id': 2005, 'rank': 17, 'fitness': 0.12507520597528266, 'generation': 47}","{'id': 2034, 'rank': 18, 'fitness': 0.0976893092050537, 'generation': 47}","{'id': 2040, 'rank': 19, 'fitness': 0.09585719464199938, 'generation': 47}","{'id': 2023, 'rank': 20, 'fitness': 0.08208750854516461, 'generation': 47}","{'id': 2031, 'rank': 21, 'fitness': 0.07615126634609748, 'generation': 47}","{'id': 2024, 'rank': 22, 'fitness': 0.06878358409792179, 'generation': 47}","{'id': 2038, 'rank': 23, 'fitness': 0.061843195075617696, 'generation': 47}","{'id': 2041, 'rank': 24, 'fitness': 0.058533173975630126, 'generation': 47}","{'id': 2015, 'rank': 25, 'fitness': 0.043338830608044665, 'generation': 47}","{'id': 2012, 'rank': 26, 'fitness': 0.042912284801545186, 'generation': 47}","{'id': 2036, 'rank': 27, 'fitness': 0.03408045239352159, 'generation': 47}","{'id': 1999, 'rank': 28, 'fitness': 0.02464494473095752, 'generation': 47}","{'id': 2009, 'rank': 29, 'fitness': 0.01827293535363972, 'generation': 47}","{'id': 2020, 'rank': 30, 'fitness': 0.01798620996209155, 'generation': 47}"
"{'id': 2066, 'rank': 1, 'fitness': 0.9820137900379085, 'generation': 48}","{'id': 2075, 'rank': 2, 'fitness': 0.9625413944490626, 'generation': 48}","{'id': 2090, 'rank': 3, 'fitness': 0.7439375776474484, 'generation': 48}","{'id': 2079, 'rank': 4, 'fitness': 0.7368446810015059, 'generation': 48}","{'id': 2048, 'rank': 5, 'fitness': 0.6739402900884849, 'generation': 48}","{'id': 2045, 'rank': 6, 'fitness': 0.6112290883256434, 'generation': 48}","{'id': 2084, 'rank': 7, 'fitness': 0.5785450945397129, 'generation': 48}","{'id': 2069, 'rank': 8, 'fitness': 0.542553266723297, 'generation': 48}","{'id': 2087, 'rank': 9, 'fitness': 0.5310192941058612, 'generation': 48}","{'id': 2076, 'rank': 10, 'fitness': 0.4703997144734532, 'generation': 48}","{'id': 2089, 'rank': 11, 'fitness': 0.43078949698455044, 'generation': 48}","{'id': 2083, 'rank': 12, 'fitness': 0.3774977960143917, 'generation': 48}","{'id': 2085, 'rank': 13, 'fitness': 0.28108928361900115, 'generation': 48}","{'id': 2061, 'rank': 14, 'fitness': 0.2708904467854366, 'generation': 48}","{'id': 2059, 'rank': 15, 'fitness': 0.18381161714159483, 'generation': 48}","{'id': 2071, 'rank': 16, 'fitness': 0.1680057616915578, 'generation': 48}","{'id': 2073, 'rank': 17, 'fitness': 0.11809036169502696, 'generation': 48}","{'id': 2078, 'rank': 18, 'fitness': 0.1121602296887731, 'generation': 48}","{'id': 2051, 'rank': 19, 'fitness': 0.09754041717788015, 'generation': 48}","{'id': 2044, 'rank': 20, 'fitness': 0.09541961815469552, 'generation': 48}","{'id': 2055, 'rank': 21, 'fitness': 0.0878884801203692, 'generation': 48}","{'id': 2052, 'rank': 22, 'fitness': 0.07549315962901676, 'generation': 48}","{'id': 2070, 'rank': 23, 'fitness': 0.0614485285145836, 'generation': 48}","{'id': 2050, 'rank': 24, 'fitness': 0.04781425526097083, 'generation': 48}","{'id': 2049, 'rank': 25, 'fitness': 0.04319586231249112, 'generation': 48}","{'id': 2056, 'rank': 26, 'fitness': 0.02992738666090944, 'generation': 48}","{'id': 2088, 'rank': 27, 'fitness': 0.029797147395333567, 'generation': 48}","{'id': 2080, 'rank': 28, 'fitness': 0.023286554270070092, 'generation': 48}","{'id': 2064, 'rank': 29, 'fitness': 0.021112362924309847, 'generation': 48}","{'id': 2058, 'rank': 30, 'fitness': 0.01798620996209155, 'generation': 48}"
"{'id': 2134, 'rank': 1, 'fitness': 0.9820137900379085, 'generation': 49}","{'id': 2132, 'rank': 2, 'fitness': 0.7303424496184436, 'generation': 49}","{'id': 2131, 'rank': 3, 'fitness': 0.49784044805411487, 'generation': 49}","{'id': 2100, 'rank': 4, 'fitness': 0.4076677771210218, 'generation': 49}","{'id': 2116, 'rank': 5, 'fitness': 0.4042532856345445, 'generation': 49}","{'id': 2109, 'rank': 6, 'fitness': 0.3936417595617011, 'generation': 49}","{'id': 2130, 'rank': 7, 'fitness': 0.2967151171205954, 'generation': 49}","{'id': 2106, 'rank': 8, 'fitness': 0.26510936883972347, 'generation': 49}","{'id': 2108, 'rank': 9, 'fitness': 0.23691072628287735, 'generation': 49}","{'id': 2115, 'rank': 10, 'fitness': 0.20543843951586127, 'generation': 49}","{'id': 2122, 'rank': 11, 'fitness': 0.17720250422200967, 'generation': 49}","{'id': 2127, 'rank': 12, 'fitness': 0.1687195616314791, 'generation': 49}","{'id': 2126, 'rank': 13, 'fitness': 0.1624338828562506, 'generation': 49}","{'id': 2123, 'rank': 14, 'fitness': 0.14043329135089577, 'generation': 49}","{'id': 2110, 'rank': 15, 'fitness': 0.13307074835843757, 'generation': 49}","{'id': 2113, 'rank': 16, 'fitness': 0.12870944107151566, 'generation': 49}","{'id': 2124, 'rank': 17, 'fitness': 0.106229098990275, 'generation': 49}","{'id': 2111, 'rank': 18, 'fitness': 0.07539112889943544, 'generation': 49}","{'id': 2107, 'rank': 19, 'fitness': 0.07396499355342134, 'generation': 49}","{'id': 2112, 'rank': 20, 'fitness': 0.06980890623456182, 'generation': 49}","{'id': 2117, 'rank': 21, 'fitness': 0.06777864026908098, 'generation': 49}","{'id': 2098, 'rank': 22, 'fitness': 0.04788705164079332, 'generation': 49}","{'id': 2121, 'rank': 23, 'fitness': 0.04629619469908375, 'generation': 49}","{'id': 2120, 'rank': 24, 'fitness': 0.03588184207046263, 'generation': 49}","{'id': 2125, 'rank': 25, 'fitness': 0.033911242126808294, 'generation': 49}","{'id': 2091, 'rank': 26, 'fitness': 0.026931201089559598, 'generation': 49}","{'id': 2105, 'rank': 27, 'fitness': 0.02317160894991388, 'generation': 49}","{'id': 2102, 'rank': 28, 'fitness': 0.022864446771715008, 'generation': 49}","{'id': 2114, 'rank': 29, 'fitness': 0.019197650652523546, 'generation': 49}","{'id': 2129, 'rank': 30, 'fitness': 0.01798620996209155, 'generation': 49}"
"{'id': 2149, 'rank': 1, 'fitness': 0.9820137900379085, 'generation': 50}","{'id': 2150, 'rank': 2, 'fitness': 0.9547712251737155, 'generation': 50}","{'id': 2165, 'rank': 3, 'fitness': 0.9034039754963927, 'generation': 50}","{'id': 2142, 'rank': 4, 'fitness': 0.6269885173462413, 'generation': 50}","{'id': 2155, 'rank': 5, 'fitness': 0.4955784327915071, 'generation': 50}","{'id': 2167, 'rank': 6, 'fitness': 0.46388881199326304, 'generation': 50}","{'id': 2169, 'rank': 7, 'fitness': 0.36245526178102944, 'generation': 50}","{'id': 2160, 'rank': 8, 'fitness': 0.35563846893590745, 'generation': 50}","{'id': 2161, 'rank': 9, 'fitness': 0.33320708505095253, 'generation': 50}","{'id': 2153, 'rank': 10, 'fitness': 0.29483208561238006, 'generation': 50}","{'id': 2146, 'rank': 11, 'fitness': 0.2878505825824522, 'generation': 50}","{'id': 2163, 'rank': 12, 'fitness': 0.26996597343712225, 'generation': 50}","{'id': 2141, 'rank': 13, 'fitness': 0.21157294420052103, 'generation': 50}","{'id': 2135, 'rank': 14, 'fitness': 0.2048140435000455, 'generation': 50}","{'id': 2164, 'rank': 15, 'fitness': 0.18314631489553695, 'generation': 50}","{'id': 2162, 'rank': 16, 'fitness': 0.13473855088931885, 'generation': 50}","{'id': 2143, 'rank': 17, 'fitness': 0.1330119897777, 'generation': 50}","{'id': 2166, 'rank': 18, 'fitness': 0.12768836130638916, 'generation': 50}","{'id': 2137, 'rank': 19, 'fitness': 0.086879059927579, 'generation': 50}","{'id': 2145, 'rank': 20, 'fitness': 0.08606453255401952, 'generation': 50}","{'id': 2158, 'rank': 21, 'fitness': 0.06633801303567027, 'generation': 50}","{'id': 2151, 'rank': 22, 'fitness': 0.06629065065371342, 'generation': 50}","{'id': 2138, 'rank': 23, 'fitness': 0.04550218904618958, 'generation': 50}","{'id': 2154, 'rank': 24, 'fitness': 0.043761827704072886, 'generation': 50}","{'id': 2140, 'rank': 25, 'fitness': 0.04259128225121195, 'generation': 50}","{'id': 2152, 'rank': 26, 'fitness': 0.04248800502200645, 'generation': 50}","{'id': 2159, 'rank': 27, 'fitness': 0.041115526249810797, 'generation': 50}","{'id': 2156, 'rank': 28, 'fitness': 0.040728229066564314, 'generation': 50}","{'id': 2148, 'rank': 29, 'fitness': 0.029573699740749915, 'generation': 50}","{'id': 2157, 'rank': 30, 'fitness': 0.01798620996209155, 'generation': 50}"
"{'id': 2199, 'rank': 1, 'fitness': 0.9820137900379085, 'generation': 51}","{'id': 2185, 'rank': 2, 'fitness': 0.780058845854752, 'generation': 51}","{'id': 2210, 'rank': 3, 'fitness': 0.5239672797424314, 'generation': 51}","{'id': 2201, 'rank': 4, 'fitness': 0.5081812395386712, 'generation': 51}","{'id': 2196, 'rank': 5, 'fitness': 0.4335350727262943, 'generation': 51}","{'id': 2193, 'rank': 6, 'fitness': 0.33396411472411436, 'generation': 51}","{'id': 2207, 'rank': 7, 'fitness': 0.243256831926648, 'generation': 51}","{'id': 2187, 'rank': 8, 'fitness': 0.19957747093158618, 'generation': 51}","{'id': 2184, 'rank': 9, 'fitness': 0.15261932552544832, 'generation': 51}","{'id': 2174, 'rank': 10, 'fitness': 0.14908550837778434, 'generation': 51}","{'id': 2194, 'rank': 11, 'fitness': 0.13227666098317514, 'generation': 51}","{'id': 2198, 'rank': 12, 'fitness': 0.12571208624604296, 'generation': 51}","{'id': 2203, 'rank': 13, 'fitness': 0.12166016438852023, 'generation': 51}","{'id': 2205, 'rank': 14, 'fitness': 0.1135941340699117, 'generation': 51}","{'id': 2209, 'rank': 15, 'fitness': 0.09027865311037292, 'generation': 51}","{'id': 2204, 'rank': 16, 'fitness': 0.08050762081218349, 'generation': 51}","{'id': 2188, 'rank': 17, 'fitness': 0.07571172272846166, 'generation': 51}","{'id': 2208, 'rank': 18, 'fitness': 0.07480440294415064, 'generation': 51}","{'id': 2202, 'rank': 19, 'fitness': 0.06462039350389692, 'generation': 51}","{'id': 2178, 'rank': 20, 'fitness': 0.058349906205986346, 'generation': 51}","{'id': 2181, 'rank': 21, 'fitness': 0.053490309319603135, 'generation': 51}","{'id': 2183, 'rank': 22, 'fitness': 0.03893810908711476, 'generation': 51}","{'id': 2170, 'rank': 23, 'fitness': 0.03811285696548894, 'generation': 51}","{'id': 2200, 'rank': 24, 'fitness': 0.0290977110938041, 'generation': 51}","{'id': 2175, 'rank': 25, 'fitness': 0.026553305391667392, 'generation': 51}","{'id': 2176, 'rank': 26, 'fitness': 0.02035604252904527, 'generation': 51}","{'id': 2195, 'rank': 27, 'fitness': 0.02004751801723703, 'generation': 51}","{'id': 2192, 'rank': 28, 'fitness': 0.01949139545201617, 'generation': 51}","{'id': 2190, 'rank': 29, 'fitness': 0.018228755591839896, 'generation': 51}","{'id': 2180, 'rank': 30, 'fitness': 0.01798620996209155, 'generation': 51}"
"{'id': 2244, 'rank': 1, 'fitness': 0.9820137900379085, 'generation': 52}","{'id': 2243, 'rank': 2, 'fitness': 0.9440309938210931, 'generation': 52}","{'id': 2227, 'rank': 3, 'fitness': 0.890464210212091, 'generation': 52}","{'id': 2242, 'rank': 4, 'fitness': 0.8887258328001726, 'generation': 52}","{'id': 2222, 'rank': 5, 'fitness': 0.8117219578648609, 'generation': 52}","{'id': 2220, 'rank': 6, 'fitness': 0.6303207669974218, 'generation': 52}","{'id': 2232, 'rank': 7, 'fitness': 0.6093639228085905, 'generation': 52}","{'id': 2237, 'rank': 8, 'fitness': 0.5761381512151832, 'generation': 52}","{'id': 2234, 'rank': 9, 'fitness': 0.554361347394322, 'generation': 52}","{'id': 2236, 'rank': 10, 'fitness': 0.38919839963569275, 'generation': 52}","{'id': 2228, 'rank': 11, 'fitness': 0.2757430851226331, 'generation': 52}","{'id': 2224, 'rank': 12, 'fitness': 0.23442395585511777, 'generation': 52}","{'id': 2221, 'rank': 13, 'fitness': 0.22977476383480594, 'generation': 52}","{'id': 2219, 'rank': 14, 'fitness': 0.17793836537044883, 'generation': 52}","{'id': 2235, 'rank': 15, 'fitness': 0.16348485536849822, 'generation': 52}","{'id': 2233, 'rank': 16, 'fitness': 0.13279794643880322, 'generation': 52}","{'id': 2245, 'rank': 17, 'fitness': 0.11288342748282021, 'generation': 52}","{'id': 2226, 'rank': 18, 'fitness': 0.10396796190115504, 'generation': 52}","{'id': 2211, 'rank': 19, 'fitness': 0.07885318767296579, 'generation': 52}","{'id': 2239, 'rank': 20, 'fitness': 0.06794239166870714, 'generation': 52}","{'id': 2213, 'rank': 21, 'fitness': 0.06565147010769656, 'generation': 52}","{'id': 2223, 'rank': 22, 'fitness': 0.0642863959483237, 'generation': 52}","{'id': 2238, 'rank': 23, 'fitness': 0.058716280169503976, 'generation': 52}","{'id': 2240, 'rank': 24, 'fitness': 0.051001561627957215, 'generation': 52}","{'id': 2241, 'rank': 25, 'fitness': 0.04161283765235535, 'generation': 52}","{'id': 2217, 'rank': 26, 'fitness': 0.03956035018608112, 'generation': 52}","{'id': 2218, 'rank': 27, 'fitness': 0.036222728746756194, 'generation': 52}","{'id': 2229, 'rank': 28, 'fitness': 0.02405325068654718, 'generation': 52}","{'id': 2225, 'rank': 29, 'fitness': 0.020906840414274208, 'generation': 52}","{'id': 2214, 'rank': 30, 'fitness': 0.01798620996209155, 'generation': 52}"
"{'id': 2288, 'rank': 1, 'fitness': 0.9820137900379085, 'generation': 53}","{'id': 2291, 'rank': 2, 'fitness': 0.829675026247101, 'generation': 53}","{'id': 2294, 'rank': 3, 'fitness': 0.6932756040770756, 'generation': 53}","{'id': 2257, 'rank': 4, 'fitness': 0.5656770749454566, 'generation': 53}","{'id': 2284, 'rank': 5, 'fitness': 0.5528239209111246, 'generation': 53}","{'id': 2290, 'rank': 6, 'fitness': 0.39600183447649784, 'generation': 53}","{'id': 2272, 'rank': 7, 'fitness': 0.35717514577897636, 'generation': 53}","{'id': 2292, 'rank': 8, 'fitness': 0.2996211922158485, 'generation': 53}","{'id': 2248, 'rank': 9, 'fitness': 0.2697021596478937, 'generation': 53}","{'id': 2278, 'rank': 10, 'fitness': 0.15367714944905297, 'generation': 53}","{'id': 2287, 'rank': 11, 'fitness': 0.11605703737582035, 'generation': 53}","{'id': 2281, 'rank': 12, 'fitness': 0.11384853182365173, 'generation': 53}","{'id': 2289, 'rank': 13, 'fitness': 0.10953743662139798, 'generation': 53}","{'id': 2275, 'rank': 14, 'fitness': 0.09615131456131792, 'generation': 53}","{'id': 2267, 'rank': 15, 'fitness': 0.0702442078244162, 'generation': 53}","{'id': 2283, 'rank': 16, 'fitness': 0.06789644450985965, 'generation': 53}","{'id': 2265, 'rank': 17, 'fitness': 0.06660477403277482, 'generation': 53}","{'id': 2276, 'rank': 18, 'fitness': 0.06482637593163398, 'generation': 53}","{'id': 2259, 'rank': 19, 'fitness': 0.05294653119667336, 'generation': 53}","{'id': 2250, 'rank': 20, 'fitness': 0.050409570547726434, 'generation': 53}","{'id': 2254, 'rank': 21, 'fitness': 0.044428442796072276, 'generation': 53}","{'id': 2282, 'rank': 22, 'fitness': 0.0440655806843428, 'generation': 53}","{'id': 2247, 'rank': 23, 'fitness': 0.036135372105017494, 'generation': 53}","{'id': 2262, 'rank': 24, 'fitness': 0.0359170156497961, 'generation': 53}","{'id': 2293, 'rank': 25, 'fitness': 0.03321000793694906, 'generation': 53}","{'id': 2263, 'rank': 26, 'fitness': 0.03137721763078216, 'generation': 53}","{'id': 2249, 'rank': 27, 'fitness': 0.02487988367608962, 'generation': 53}","{'id': 2269, 'rank': 28, 'fitness': 0.024050109822410903, 'generation': 53}","{'id': 2260, 'rank': 29, 'fitness': 0.0195213663640581, 'generation': 53}","{'id': 2271, 'rank': 30, 'fitness': 0.01798620996209155, 'generation': 53}"
"{'id': 2333, 'rank': 1, 'fitness': 0.9820137900379085, 'generation': 54}","{'id': 2330, 'rank': 2, 'fitness': 0.9795510618497584, 'generation': 54}","{'id': 2331, 'rank': 3, 'fitness': 0.9093756051252377, 'generation': 54}","{'id': 2321, 'rank': 4, 'fitness': 0.9015818167923968, 'generation': 54}","{'id': 2318, 'rank': 5, 'fitness': 0.840630121492568, 'generation': 54}","{'id': 2309, 'rank': 6, 'fitness': 0.7622859459678384, 'generation': 54}","{'id': 2323, 'rank': 7, 'fitness': 0.6660669513424724, 'generation': 54}","{'id': 2298, 'rank': 8, 'fitness': 0.6000044199950412, 'generation': 54}","{'id': 2304, 'rank': 9, 'fitness': 0.5424243773210177, 'generation': 54}","{'id': 2316, 'rank': 10, 'fitness': 0.49924967478265114, 'generation': 54}","{'id': 2297, 'rank': 11, 'fitness': 0.47960010949866266, 'generation': 54}","{'id': 2324, 'rank': 12, 'fitness': 0.4419599373921832, 'generation': 54}","{'id': 2311, 'rank': 13, 'fitness': 0.42137445406870955, 'generation': 54}","{'id': 2305, 'rank': 14, 'fitness': 0.2917704079241831, 'generation': 54}","{'id': 2313, 'rank': 15, 'fitness': 0.20149252312710597, 'generation': 54}","{'id': 2332, 'rank': 16, 'fitness': 0.1371036010665978, 'generation': 54}","{'id': 2300, 'rank': 17, 'fitness': 0.10748839124119491, 'generation': 54}","{'id': 2307, 'rank': 18, 'fitness': 0.08298014075251942, 'generation': 54}","{'id': 2328, 'rank': 19, 'fitness': 0.07748050178129401, 'generation': 54}","{'id': 2296, 'rank': 20, 'fitness': 0.07725994880425985, 'generation': 54}","{'id': 2303, 'rank': 21, 'fitness': 0.07460518239007541, 'generation': 54}","{'id': 2308, 'rank': 22, 'fitness': 0.0484137047050518, 'generation': 54}","{'id': 2322, 'rank': 23, 'fitness': 0.04532146220775385, 'generation': 54}","{'id': 2317, 'rank': 24, 'fitness': 0.04026836090112629, 'generation': 54}","{'id': 2306, 'rank': 25, 'fitness': 0.03428887809590464, 'generation': 54}","{'id': 2329, 'rank': 26, 'fitness': 0.03231205812557958, 'generation': 54}","{'id': 2327, 'rank': 27, 'fitness': 0.02548190062111716, 'generation': 54}","{'id': 2320, 'rank': 28, 'fitness': 0.024928539177265174, 'generation': 54}","{'id': 2312, 'rank': 29, 'fitness': 0.018890741933570043, 'generation': 54}","{'id': 2319, 'rank': 30, 'fitness': 0.01798620996209155, 'generation': 54}"
"{'id': 2348, 'rank': 1, 'fitness': 0.9820137900379085, 'generation': 55}","{'id': 2364, 'rank': 2, 'fitness': 0.9751431965766955, 'generation': 55}","{'id': 2368, 'rank': 3, 'fitness': 0.9652656883096614, 'generation': 55}","{'id': 2361, 'rank': 4, 'fitness': 0.9086628952134547, 'generation': 55}","{'id': 2350, 'rank': 5, 'fitness': 0.8169712345780793, 'generation': 55}","{'id': 2344, 'rank': 6, 'fitness': 0.7197162384821301, 'generation': 55}","{'id': 2369, 'rank': 7, 'fitness': 0.5870472041800497, 'generation': 55}","{'id': 2341, 'rank': 8, 'fitness': 0.4497193313153647, 'generation': 55}","{'id': 2376, 'rank': 9, 'fitness': 0.4085887237759098, 'generation': 55}","{'id': 2340, 'rank': 10, 'fitness': 0.38011987650174794, 'generation': 55}","{'id': 2337, 'rank': 11, 'fitness': 0.3658335598061091, 'generation': 55}","{'id': 2343, 'rank': 12, 'fitness': 0.35445090641577875, 'generation': 55}","{'id': 2352, 'rank': 13, 'fitness': 0.2383834089886125, 'generation': 55}","{'id': 2334, 'rank': 14, 'fitness': 0.23342294536806785, 'generation': 55}","{'id': 2377, 'rank': 15, 'fitness': 0.21251900413084812, 'generation': 55}","{'id': 2362, 'rank': 16, 'fitness': 0.18782912746550973, 'generation': 55}","{'id': 2375, 'rank': 17, 'fitness': 0.18108328047707217, 'generation': 55}","{'id': 2345, 'rank': 18, 'fitness': 0.14325535794613087, 'generation': 55}","{'id': 2357, 'rank': 19, 'fitness': 0.13501787286741185, 'generation': 55}","{'id': 2371, 'rank': 20, 'fitness': 0.13223277994289762, 'generation': 55}","{'id': 2358, 'rank': 21, 'fitness': 0.11253510260104693, 'generation': 55}","{'id': 2351, 'rank': 22, 'fitness': 0.11234184833183197, 'generation': 55}","{'id': 2366, 'rank': 23, 'fitness': 0.07172670344317322, 'generation': 55}","{'id': 2370, 'rank': 24, 'fitness': 0.0680736948565247, 'generation': 55}","{'id': 2372, 'rank': 25, 'fitness': 0.053843543013040784, 'generation': 55}","{'id': 2355, 'rank': 26, 'fitness': 0.047237051039569156, 'generation': 55}","{'id': 2367, 'rank': 27, 'fitness': 0.043986780858588426, 'generation': 55}","{'id': 2356, 'rank': 28, 'fitness': 0.04025530664093013, 'generation': 55}","{'id': 2374, 'rank': 29, 'fitness': 0.02440841088519108, 'generation': 55}","{'id': 2346, 'rank': 30, 'fitness': 0.01798620996209155, 'generation': 55}"
"{'id': 2400, 'rank': 1, 'fitness': 0.9820137900379085, 'generation': 56}","{'id': 2405, 'rank': 2, 'fitness': 0.7564491322579909, 'generation': 56}","{'id': 2404, 'rank': 3, 'fitness': 0.7418413123027678, 'generation': 56}","{'id': 2397, 'rank': 4, 'fitness': 0.502666977909071, 'generation': 56}","{'id': 2406, 'rank': 5, 'fitness': 0.5006596929446451, 'generation': 56}","{'id': 2407, 'rank': 6, 'fitness': 0.44464156293802026, 'generation': 56}","{'id': 2410, 'rank': 7, 'fitness': 0.36188819470391903, 'generation': 56}","{'id': 2416, 'rank': 8, 'fitness': 0.3385386802281515, 'generation': 56}","{'id': 2402, 'rank': 9, 'fitness': 0.3092997629761981, 'generation': 56}","{'id': 2409, 'rank': 10, 'fitness': 0.2514548109326564, 'generation': 56}","{'id': 2388, 'rank': 11, 'fitness': 0.2496417180283368, 'generation': 56}","{'id': 2417, 'rank': 12, 'fitness': 0.22506941281634785, 'generation': 56}","{'id': 2403, 'rank': 13, 'fitness': 0.2064932771629957, 'generation': 56}","{'id': 2401, 'rank': 14, 'fitness': 0.17316493644438463, 'generation': 56}","{'id': 2398, 'rank': 15, 'fitness': 0.14291456033427935, 'generation': 56}","{'id': 2415, 'rank': 16, 'fitness': 0.12685064734118234, 'generation': 56}","{'id': 2412, 'rank': 17, 'fitness': 0.11675892781090025, 'generation': 56}","{'id': 2414, 'rank': 18, 'fitness': 0.11631161211575969, 'generation': 56}","{'id': 2408, 'rank': 19, 'fitness': 0.09387235064362509, 'generation': 56}","{'id': 2392, 'rank': 20, 'fitness': 0.08612064102555383, 'generation': 56}","{'id': 2384, 'rank': 21, 'fitness': 0.07261302690047128, 'generation': 56}","{'id': 2394, 'rank': 22, 'fitness': 0.07114467307652239, 'generation': 56}","{'id': 2413, 'rank': 23, 'fitness': 0.06326740679792292, 'generation': 56}","{'id': 2381, 'rank': 24, 'fitness': 0.0583879715409647, 'generation': 56}","{'id': 2396, 'rank': 25, 'fitness': 0.04443651181298275, 'generation': 56}","{'id': 2378, 'rank': 26, 'fitness': 0.040660767896755545, 'generation': 56}","{'id': 2395, 'rank': 27, 'fitness': 0.03426246919854281, 'generation': 56}","{'id': 2382, 'rank': 28, 'fitness': 0.024802143190158332, 'generation': 56}","{'id': 2383, 'rank': 29, 'fitness': 0.01980850106596438, 'generation': 56}","{'id': 2380, 'rank': 30, 'fitness': 0.01798620996209155, 'generation': 56}"
"{'id': 2434, 'rank': 1, 'fitness': 0.9820137900379085, 'generation': 57}","{'id': 2449, 'rank': 2, 'fitness': 0.9648122458814226, 'generation': 57}","{'id': 2456, 'rank': 3, 'fitness': 0.9454947230031026, 'generation': 57}","{'id': 2441, 'rank': 4, 'fitness': 0.9371002356937661, 'generation': 57}","{'id': 2457, 'rank': 5, 'fitness': 0.8526935238427878, 'generation': 57}","{'id': 2459, 'rank': 6, 'fitness': 0.7048466150499587, 'generation': 57}","{'id': 2419, 'rank': 7, 'fitness': 0.7039020660805322, 'generation': 57}","{'id': 2435, 'rank': 8, 'fitness': 0.6209019412208501, 'generation': 57}","{'id': 2446, 'rank': 9, 'fitness': 0.6009562173987629, 'generation': 57}","{'id': 2450, 'rank': 10, 'fitness': 0.4243354195688597, 'generation': 57}","{'id': 2429, 'rank': 11, 'fitness': 0.33340184639003534, 'generation': 57}","{'id': 2440, 'rank': 12, 'fitness': 0.28557898757746314, 'generation': 57}","{'id': 2448, 'rank': 13, 'fitness': 0.28543578441532597, 'generation': 57}","{'id': 2460, 'rank': 14, 'fitness': 0.25930152774310483, 'generation': 57}","{'id': 2443, 'rank': 15, 'fitness': 0.2565042669061409, 'generation': 57}","{'id': 2454, 'rank': 16, 'fitness': 0.23633301136297097, 'generation': 57}","{'id': 2461, 'rank': 17, 'fitness': 0.19274961365612936, 'generation': 57}","{'id': 2458, 'rank': 18, 'fitness': 0.1691414265527657, 'generation': 57}","{'id': 2426, 'rank': 19, 'fitness': 0.12309826435459215, 'generation': 57}","{'id': 2455, 'rank': 20, 'fitness': 0.0888622331407421, 'generation': 57}","{'id': 2432, 'rank': 21, 'fitness': 0.07096201481471398, 'generation': 57}","{'id': 2423, 'rank': 22, 'fitness': 0.04269192431232266, 'generation': 57}","{'id': 2421, 'rank': 23, 'fitness': 0.04215156921608998, 'generation': 57}","{'id': 2445, 'rank': 24, 'fitness': 0.03826401287946157, 'generation': 57}","{'id': 2433, 'rank': 25, 'fitness': 0.02864625958286543, 'generation': 57}","{'id': 2436, 'rank': 26, 'fitness': 0.02750231547511145, 'generation': 57}","{'id': 2420, 'rank': 27, 'fitness': 0.02324700142971403, 'generation': 57}","{'id': 2452, 'rank': 28, 'fitness': 0.01991253299338941, 'generation': 57}","{'id': 2424, 'rank': 29, 'fitness': 0.018687200958006855, 'generation': 57}","{'id': 2430, 'rank': 30, 'fitness': 0.01798620996209155, 'generation': 57}"
"{'id': 2482, 'rank': 1, 'fitness': 0.9820137900379085, 'generation': 58}","{'id': 2507, 'rank': 2, 'fitness': 0.9810539640636258, 'generation': 58}","{'id': 2509, 'rank': 3, 'fitness': 0.9620283327623624, 'generation': 58}","{'id': 2469, 'rank': 4, 'fitness': 0.9395697313092375, 'generation': 58}","{'id': 2503, 'rank': 5, 'fitness': 0.9385549485602853, 'generation': 58}","{'id': 2486, 'rank': 6, 'fitness': 0.9337247407628321, 'generation': 58}","{'id': 2491, 'rank': 7, 'fitness': 0.9130380786720899, 'generation': 58}","{'id': 2495, 'rank': 8, 'fitness': 0.9097177821377547, 'generation': 58}","{'id': 2498, 'rank': 9, 'fitness': 0.8504434410375453, 'generation': 58}","{'id': 2487, 'rank': 10, 'fitness': 0.8068550732358688, 'generation': 58}","{'id': 2474, 'rank': 11, 'fitness': 0.7853367014424701, 'generation': 58}","{'id': 2490, 'rank': 12, 'fitness': 0.7794792247718653, 'generation': 58}","{'id': 2505, 'rank': 13, 'fitness': 0.7775884361808889, 'generation': 58}","{'id': 2477, 'rank': 14, 'fitness': 0.7194421987224365, 'generation': 58}","{'id': 2494, 'rank': 15, 'fitness': 0.6283420870137153, 'generation': 58}","{'id': 2488, 'rank': 16, 'fitness': 0.6097788179844732, 'generation': 58}","{'id': 2483, 'rank': 17, 'fitness': 0.5661662349407625, 'generation': 58}","{'id': 2466, 'rank': 18, 'fitness': 0.3321693372642198, 'generation': 58}","{'id': 2473, 'rank': 19, 'fitness': 0.2778924238256132, 'generation': 58}","{'id': 2497, 'rank': 20, 'fitness': 0.26602029360330487, 'generation': 58}","{'id': 2470, 'rank': 21, 'fitness': 0.2570916536975796, 'generation': 58}","{'id': 2502, 'rank': 22, 'fitness': 0.2467222076840211, 'generation': 58}","{'id': 2476, 'rank': 23, 'fitness': 0.204377108384866, 'generation': 58}","{'id': 2500, 'rank': 24, 'fitness': 0.1700867623988025, 'generation': 58}","{'id': 2508, 'rank': 25, 'fitness': 0.10683925018879992, 'generation': 58}","{'id': 2489, 'rank': 26, 'fitness': 0.07031841278163403, 'generation': 58}","{'id': 2506, 'rank': 27, 'fitness': 0.04735375659803165, 'generation': 58}","{'id': 2468, 'rank': 28, 'fitness': 0.02222778317210483, 'generation': 58}","{'id': 2464, 'rank': 29, 'fitness': 0.02047152093604193, 'generation': 58}","{'id': 2467, 'rank': 30, 'fitness': 0.01798620996209155, 'generation': 58}"
"{'id': 2558, 'rank': 1, 'fitness': 0.9820137900379085, 'generation': 59}","{'id': 2540, 'rank': 2, 'fitness': 0.7784069675729745, 'generation': 59}","{'id': 2561, 'rank': 3, 'fitness': 0.6950719774113702, 'generation': 59}","{'id': 2557, 'rank': 4, 'fitness': 0.639928511991951, 'generation': 59}","{'id': 2514, 'rank': 5, 'fitness': 0.5577683886298572, 'generation': 59}","{'id': 2567, 'rank': 6, 'fitness': 0.44999805963370715, 'generation': 59}","{'id': 2528, 'rank': 7, 'fitness': 0.3716761447416439, 'generation': 59}","{'id': 2553, 'rank': 8, 'fitness': 0.25758303805551486, 'generation': 59}","{'id': 2520, 'rank': 9, 'fitness': 0.24109019335131399, 'generation': 59}","{'id': 2566, 'rank': 10, 'fitness': 0.19543222604188876, 'generation': 59}","{'id': 2554, 'rank': 11, 'fitness': 0.16701962107660018, 'generation': 59}","{'id': 2564, 'rank': 12, 'fitness': 0.11140551862857939, 'generation': 59}","{'id': 2521, 'rank': 13, 'fitness': 0.09345577145567507, 'generation': 59}","{'id': 2555, 'rank': 14, 'fitness': 0.07044252246449584, 'generation': 59}","{'id': 2548, 'rank': 15, 'fitness': 0.048454349206568326, 'generation': 59}","{'id': 2562, 'rank': 16, 'fitness': 0.04840303234406407, 'generation': 59}","{'id': 2545, 'rank': 17, 'fitness': 0.046817453613942184, 'generation': 59}","{'id': 2563, 'rank': 18, 'fitness': 0.04431620522867363, 'generation': 59}","{'id': 2534, 'rank': 19, 'fitness': 0.03988052627876354, 'generation': 59}","{'id': 2532, 'rank': 20, 'fitness': 0.035739249906604764, 'generation': 59}","{'id': 2510, 'rank': 21, 'fitness': 0.030394714172268245, 'generation': 59}","{'id': 2524, 'rank': 22, 'fitness': 0.024092493821855965, 'generation': 59}","{'id': 2530, 'rank': 23, 'fitness': 0.024030448784890135, 'generation': 59}","{'id': 2538, 'rank': 24, 'fitness': 0.023498501496902302, 'generation': 59}","{'id': 2517, 'rank': 25, 'fitness': 0.02265462420020581, 'generation': 59}","{'id': 2519, 'rank': 26, 'fitness': 0.021984093353880962, 'generation': 59}","{'id': 2529, 'rank': 27, 'fitness': 0.020262924885205313, 'generation': 59}","{'id': 2511, 'rank': 28, 'fitness': 0.019172881798956376, 'generation': 59}","{'id': 2527, 'rank': 29, 'fitness': 0.01821226309076618, 'generation': 59}","{'id': 2515, 'rank': 30, 'fitness': 0.01798620996209155, 'generation': 59}"
"{'id': 2573, 'rank': 1, 'fitness': 0.9820137900379085, 'generation': 60}","{'id': 2603, 'rank': 2, 'fitness': 0.9702592278820511, 'generation': 60}","{'id': 2588, 'rank': 3, 'fitness': 0.9625137168210394, 'generation': 60}","{'id': 2601, 'rank': 4, 'fitness': 0.9539923524607814, 'generation': 60}","{'id': 2602, 'rank': 5, 'fitness': 0.9507677172189599, 'generation': 60}","{'id': 2585, 'rank': 6, 'fitness': 0.8950410644879715, 'generation': 60}","{'id': 2604, 'rank': 7, 'fitness': 0.889289903129979, 'generation': 60}","{'id': 2596, 'rank': 8, 'fitness': 0.7859301604289177, 'generation': 60}","{'id': 2592, 'rank': 9, 'fitness': 0.7621609013240274, 'generation': 60}","{'id': 2599, 'rank': 10, 'fitness': 0.7118930035076783, 'generation': 60}","{'id': 2606, 'rank': 11, 'fitness': 0.47276409420858745, 'generation': 60}","{'id': 2605, 'rank': 12, 'fitness': 0.3904835498074405, 'generation': 60}","{'id': 2590, 'rank': 13, 'fitness': 0.29160498581166205, 'generation': 60}","{'id': 2581, 'rank': 14, 'fitness': 0.27105013889102963, 'generation': 60}","{'id': 2600, 'rank': 15, 'fitness': 0.26952780167728996, 'generation': 60}","{'id': 2583, 'rank': 16, 'fitness': 0.2568152955786335, 'generation': 60}","{'id': 2594, 'rank': 17, 'fitness': 0.2110479967021049, 'generation': 60}","{'id': 2575, 'rank': 18, 'fitness': 0.17265039369743446, 'generation': 60}","{'id': 2587, 'rank': 19, 'fitness': 0.09715716416082454, 'generation': 60}","{'id': 2584, 'rank': 20, 'fitness': 0.08898478709564972, 'generation': 60}","{'id': 2570, 'rank': 21, 'fitness': 0.07499494442219212, 'generation': 60}","{'id': 2595, 'rank': 22, 'fitness': 0.07470836737683983, 'generation': 60}","{'id': 2579, 'rank': 23, 'fitness': 0.05358051940380737, 'generation': 60}","{'id': 2589, 'rank': 24, 'fitness': 0.05282222098031253, 'generation': 60}","{'id': 2591, 'rank': 25, 'fitness': 0.047220359208866414, 'generation': 60}","{'id': 2593, 'rank': 26, 'fitness': 0.02643100217494354, 'generation': 60}","{'id': 2574, 'rank': 27, 'fitness': 0.026261607307168866, 'generation': 60}","{'id': 2580, 'rank': 28, 'fitness': 0.02321175124719893, 'generation': 60}","{'id': 2569, 'rank': 29, 'fitness': 0.0190342022991431, 'generation': 60}","{'id': 2578, 'rank': 30, 'fitness': 0.01798620996209155, 'generation': 60}"
"{'id': 2641, 'rank': 1, 'fitness': 0.9820137900379085, 'generation': 61}","{'id': 2631, 'rank': 2, 'fitness': 0.9411675968732931, 'generation': 61}","{'id': 2649, 'rank': 3, 'fitness': 0.9114417788882316, 'generation': 61}","{'id': 2644, 'rank': 4, 'fitness': 0.8243930156016556, 'generation': 61}","{'id': 2657, 'rank': 5, 'fitness': 0.7546059121942663, 'generation': 61}","{'id': 2643, 'rank': 6, 'fitness': 0.7295013809850123, 'generation': 61}","{'id': 2625, 'rank': 7, 'fitness': 0.5191227403103367, 'generation': 61}","{'id': 2619, 'rank': 8, 'fitness': 0.427771768964453, 'generation': 61}","{'id': 2622, 'rank': 9, 'fitness': 0.27432131708755814, 'generation': 61}","{'id': 2615, 'rank': 10, 'fitness': 0.22187208102962752, 'generation': 61}","{'id': 2645, 'rank': 11, 'fitness': 0.1790354698873592, 'generation': 61}","{'id': 2652, 'rank': 12, 'fitness': 0.16342251850530354, 'generation': 61}","{'id': 2636, 'rank': 13, 'fitness': 0.13806116368790733, 'generation': 61}","{'id': 2659, 'rank': 14, 'fitness': 0.10012829318370486, 'generation': 61}","{'id': 2651, 'rank': 15, 'fitness': 0.06839079994870567, 'generation': 61}","{'id': 2612, 'rank': 16, 'fitness': 0.06246468912286507, 'generation': 61}","{'id': 2655, 'rank': 17, 'fitness': 0.05651613626669122, 'generation': 61}","{'id': 2626, 'rank': 18, 'fitness': 0.055878836850089986, 'generation': 61}","{'id': 2654, 'rank': 19, 'fitness': 0.047606311341205076, 'generation': 61}","{'id': 2650, 'rank': 20, 'fitness': 0.047192720431303126, 'generation': 61}","{'id': 2632, 'rank': 21, 'fitness': 0.03386736661641787, 'generation': 61}","{'id': 2621, 'rank': 22, 'fitness': 0.03302458566569999, 'generation': 61}","{'id': 2640, 'rank': 23, 'fitness': 0.032607157423135746, 'generation': 61}","{'id': 2646, 'rank': 24, 'fitness': 0.029775344723094732, 'generation': 61}","{'id': 2642, 'rank': 25, 'fitness': 0.028489929669212044, 'generation': 61}","{'id': 2634, 'rank': 26, 'fitness': 0.026851560768993643, 'generation': 61}","{'id': 2627, 'rank': 27, 'fitness': 0.026529932315873528, 'generation': 61}","{'id': 2609, 'rank': 28, 'fitness': 0.025524598602688464, 'generation': 61}","{'id': 2623, 'rank': 29, 'fitness': 0.019306470444297785, 'generation': 61}","{'id': 2656, 'rank': 30, 'fitness': 0.01798620996209155, 'generation': 61}"
"{'id': 2698, 'rank': 1, 'fitness': 0.9820137900379085, 'generation': 62}","{'id': 2691, 'rank': 2, 'fitness': 0.9453266991102243, 'generation': 62}","{'id': 2700, 'rank': 3, 'fitness': 0.927060318306173, 'generation': 62}","{'id': 2686, 'rank': 4, 'fitness': 0.7092727960302213, 'generation': 62}","{'id': 2685, 'rank': 5, 'fitness': 0.5840064399373259, 'generation': 62}","{'id': 2694, 'rank': 6, 'fitness': 0.36263076493451973, 'generation': 62}","{'id': 2664, 'rank': 7, 'fitness': 0.3569608165007636, 'generation': 62}","{'id': 2668, 'rank': 8, 'fitness': 0.3524710004000712, 'generation': 62}","{'id': 2696, 'rank': 9, 'fitness': 0.2795972821581083, 'generation': 62}","{'id': 2692, 'rank': 10, 'fitness': 0.252602796763122, 'generation': 62}","{'id': 2699, 'rank': 11, 'fitness': 0.2233178257316576, 'generation': 62}","{'id': 2680, 'rank': 12, 'fitness': 0.1183031193850243, 'generation': 62}","{'id': 2689, 'rank': 13, 'fitness': 0.11611726473682288, 'generation': 62}","{'id': 2678, 'rank': 14, 'fitness': 0.10153981662504635, 'generation': 62}","{'id': 2665, 'rank': 15, 'fitness': 0.09502170828266554, 'generation': 62}","{'id': 2690, 'rank': 16, 'fitness': 0.09353708101984537, 'generation': 62}","{'id': 2679, 'rank': 17, 'fitness': 0.09353019754603381, 'generation': 62}","{'id': 2674, 'rank': 18, 'fitness': 0.07929947131031984, 'generation': 62}","{'id': 2697, 'rank': 19, 'fitness': 0.07879180382839385, 'generation': 62}","{'id': 2693, 'rank': 20, 'fitness': 0.07104384476139586, 'generation': 62}","{'id': 2676, 'rank': 21, 'fitness': 0.06464792523114582, 'generation': 62}","{'id': 2687, 'rank': 22, 'fitness': 0.06079621612798469, 'generation': 62}","{'id': 2682, 'rank': 23, 'fitness': 0.05766015969566274, 'generation': 62}","{'id': 2681, 'rank': 24, 'fitness': 0.05407074493627528, 'generation': 62}","{'id': 2672, 'rank': 25, 'fitness': 0.033963267303178, 'generation': 62}","{'id': 2669, 'rank': 26, 'fitness': 0.03010336917684142, 'generation': 62}","{'id': 2662, 'rank': 27, 'fitness': 0.027155199190390944, 'generation': 62}","{'id': 2695, 'rank': 28, 'fitness': 0.02639363647418974, 'generation': 62}","{'id': 2673, 'rank': 29, 'fitness': 0.024045206954771026, 'generation': 62}","{'id': 2688, 'rank': 30, 'fitness': 0.01798620996209155, 'generation': 62}"
"{'id': 2710, 'rank': 1, 'fitness': 0.9820137900379085, 'generation': 63}","{'id': 2735, 'rank': 2, 'fitness': 0.976543437916275, 'generation': 63}","{'id': 2740, 'rank': 3, 'fitness': 0.973258227633393, 'generation': 63}","{'id': 2738, 'rank': 4, 'fitness': 0.8940450960751501, 'generation': 63}","{'id': 2722, 'rank': 5, 'fitness': 0.6943428661625934, 'generation': 63}","{'id': 2712, 'rank': 6, 'fitness': 0.6492070065804219, 'generation': 63}","{'id': 2739, 'rank': 7, 'fitness': 0.48199840306027125, 'generation': 63}","{'id': 2719, 'rank': 8, 'fitness': 0.46064852542329565, 'generation': 63}","{'id': 2732, 'rank': 9, 'fitness': 0.28643473226307337, 'generation': 63}","{'id': 2726, 'rank': 10, 'fitness': 0.2844081178884041, 'generation': 63}","{'id': 2725, 'rank': 11, 'fitness': 0.28145483826251694, 'generation': 63}","{'id': 2706, 'rank': 12, 'fitness': 0.2737560991101634, 'generation': 63}","{'id': 2741, 'rank': 13, 'fitness': 0.26732390721382004, 'generation': 63}","{'id': 2742, 'rank': 14, 'fitness': 0.23357839107172057, 'generation': 63}","{'id': 2727, 'rank': 15, 'fitness': 0.22479117509639635, 'generation': 63}","{'id': 2723, 'rank': 16, 'fitness': 0.20578613545577618, 'generation': 63}","{'id': 2720, 'rank': 17, 'fitness': 0.18565137725853054, 'generation': 63}","{'id': 2736, 'rank': 18, 'fitness': 0.13773260824841999, 'generation': 63}","{'id': 2743, 'rank': 19, 'fitness': 0.12597680350638235, 'generation': 63}","{'id': 2728, 'rank': 20, 'fitness': 0.11470503862014036, 'generation': 63}","{'id': 2731, 'rank': 21, 'fitness': 0.10584757713602577, 'generation': 63}","{'id': 2724, 'rank': 22, 'fitness': 0.09781613461245131, 'generation': 63}","{'id': 2704, 'rank': 23, 'fitness': 0.0903037611529699, 'generation': 63}","{'id': 2701, 'rank': 24, 'fitness': 0.06534407259183317, 'generation': 63}","{'id': 2721, 'rank': 25, 'fitness': 0.06191811981729678, 'generation': 63}","{'id': 2729, 'rank': 26, 'fitness': 0.03489605037023241, 'generation': 63}","{'id': 2715, 'rank': 27, 'fitness': 0.03421740374203752, 'generation': 63}","{'id': 2737, 'rank': 28, 'fitness': 0.03193049153391436, 'generation': 63}","{'id': 2718, 'rank': 29, 'fitness': 0.02269773359154431, 'generation': 63}","{'id': 2734, 'rank': 30, 'fitness': 0.01798620996209155, 'generation': 63}"
"{'id': 2789, 'rank': 1, 'fitness': 0.9820137900379085, 'generation': 64}","{'id': 2749, 'rank': 2, 'fitness': 0.9414358546421031, 'generation': 64}","{'id': 2786, 'rank': 3, 'fitness': 0.8096744104835183, 'generation': 64}","{'id': 2771, 'rank': 4, 'fitness': 0.7700570220064343, 'generation': 64}","{'id': 2751, 'rank': 5, 'fitness': 0.6664186686405889, 'generation': 64}","{'id': 2790, 'rank': 6, 'fitness': 0.6649839507144715, 'generation': 64}","{'id': 2781, 'rank': 7, 'fitness': 0.5689414938233126, 'generation': 64}","{'id': 2768, 'rank': 8, 'fitness': 0.4474475128129563, 'generation': 64}","{'id': 2782, 'rank': 9, 'fitness': 0.4373210418759919, 'generation': 64}","{'id': 2770, 'rank': 10, 'fitness': 0.40116631033131855, 'generation': 64}","{'id': 2755, 'rank': 11, 'fitness': 0.3583738758625949, 'generation': 64}","{'id': 2753, 'rank': 12, 'fitness': 0.2845893184446552, 'generation': 64}","{'id': 2774, 'rank': 13, 'fitness': 0.22163255643504376, 'generation': 64}","{'id': 2791, 'rank': 14, 'fitness': 0.21592607050416263, 'generation': 64}","{'id': 2784, 'rank': 15, 'fitness': 0.19175850597865884, 'generation': 64}","{'id': 2760, 'rank': 16, 'fitness': 0.16096740917529007, 'generation': 64}","{'id': 2747, 'rank': 17, 'fitness': 0.1512550432826868, 'generation': 64}","{'id': 2775, 'rank': 18, 'fitness': 0.09436036357950223, 'generation': 64}","{'id': 2772, 'rank': 19, 'fitness': 0.09185504328790889, 'generation': 64}","{'id': 2787, 'rank': 20, 'fitness': 0.08517826977277454, 'generation': 64}","{'id': 2780, 'rank': 21, 'fitness': 0.06559036085719572, 'generation': 64}","{'id': 2761, 'rank': 22, 'fitness': 0.04738230127481097, 'generation': 64}","{'id': 2778, 'rank': 23, 'fitness': 0.034126096210151446, 'generation': 64}","{'id': 2788, 'rank': 24, 'fitness': 0.03252545200082729, 'generation': 64}","{'id': 2757, 'rank': 25, 'fitness': 0.029183871715456222, 'generation': 64}","{'id': 2769, 'rank': 26, 'fitness': 0.02886543544286141, 'generation': 64}","{'id': 2744, 'rank': 27, 'fitness': 0.025181906830990752, 'generation': 64}","{'id': 2777, 'rank': 28, 'fitness': 0.024769913107395403, 'generation': 64}","{'id': 2765, 'rank': 29, 'fitness': 0.02205486550184521, 'generation': 64}","{'id': 2750, 'rank': 30, 'fitness': 0.01798620996209155, 'generation': 64}"
"{'id': 2832, 'rank': 1, 'fitness': 0.9820137900379085, 'generation': 65}","{'id': 2829, 'rank': 2, 'fitness': 0.900302032048349, 'generation': 65}","{'id': 2804, 'rank': 3, 'fitness': 0.7968985602237951, 'generation': 65}","{'id': 2801, 'rank': 4, 'fitness': 0.7499961420500227, 'generation': 65}","{'id': 2813, 'rank': 5, 'fitness': 0.6045589279459933, 'generation': 65}","{'id': 2808, 'rank': 6, 'fitness': 0.5391836517942918, 'generation': 65}","{'id': 2819, 'rank': 7, 'fitness': 0.5127454415780824, 'generation': 65}","{'id': 2814, 'rank': 8, 'fitness': 0.4139871641570398, 'generation': 65}","{'id': 2828, 'rank': 9, 'fitness': 0.3499204199022324, 'generation': 65}","{'id': 2815, 'rank': 10, 'fitness': 0.253686724174532, 'generation': 65}","{'id': 2823, 'rank': 11, 'fitness': 0.24559197319563225, 'generation': 65}","{'id': 2820, 'rank': 12, 'fitness': 0.21627358834592325, 'generation': 65}","{'id': 2830, 'rank': 13, 'fitness': 0.20157287186428258, 'generation': 65}","{'id': 2818, 'rank': 14, 'fitness': 0.16800498468431896, 'generation': 65}","{'id': 2816, 'rank': 15, 'fitness': 0.15137109601002358, 'generation': 65}","{'id': 2809, 'rank': 16, 'fitness': 0.11583420823998714, 'generation': 65}","{'id': 2833, 'rank': 17, 'fitness': 0.10676941570863469, 'generation': 65}","{'id': 2805, 'rank': 18, 'fitness': 0.09939935344149275, 'generation': 65}","{'id': 2796, 'rank': 19, 'fitness': 0.09929381892544736, 'generation': 65}","{'id': 2797, 'rank': 20, 'fitness': 0.08204155145689346, 'generation': 65}","{'id': 2817, 'rank': 21, 'fitness': 0.06775203145770359, 'generation': 65}","{'id': 2827, 'rank': 22, 'fitness': 0.060577074104221806, 'generation': 65}","{'id': 2806, 'rank': 23, 'fitness': 0.05532836205598879, 'generation': 65}","{'id': 2812, 'rank': 24, 'fitness': 0.04878441483913848, 'generation': 65}","{'id': 2800, 'rank': 25, 'fitness': 0.047721993058704615, 'generation': 65}","{'id': 2826, 'rank': 26, 'fitness': 0.046365460186848007, 'generation': 65}","{'id': 2811, 'rank': 27, 'fitness': 0.039016685223469516, 'generation': 65}","{'id': 2798, 'rank': 28, 'fitness': 0.03490847592127705, 'generation': 65}","{'id': 2834, 'rank': 29, 'fitness': 0.034401814602251224, 'generation': 65}","{'id': 2822, 'rank': 30, 'fitness': 0.01798620996209155, 'generation': 65}"
"{'id': 2868, 'rank': 1, 'fitness': 0.9820137900379085, 'generation': 66}","{'id': 2860, 'rank': 2, 'fitness': 0.9667958262291614, 'generation': 66}","{'id': 2870, 'rank': 3, 'fitness': 0.8200295363612687, 'generation': 66}","{'id': 2871, 'rank': 4, 'fitness': 0.811511046146919, 'generation': 66}","{'id': 2862, 'rank': 5, 'fitness': 0.7301551086288177, 'generation': 66}","{'id': 2867, 'rank': 6, 'fitness': 0.6943606054114744, 'generation': 66}","{'id': 2853, 'rank': 7, 'fitness': 0.5122442485526574, 'generation': 66}","{'id': 2854, 'rank': 8, 'fitness': 0.4884228516091901, 'generation': 66}","{'id': 2858, 'rank': 9, 'fitness': 0.46533743426035684, 'generation': 66}","{'id': 2852, 'rank': 10, 'fitness': 0.4361669579279251, 'generation': 66}","{'id': 2863, 'rank': 11, 'fitness': 0.39707991402798504, 'generation': 66}","{'id': 2849, 'rank': 12, 'fitness': 0.30197038453530706, 'generation': 66}","{'id': 2872, 'rank': 13, 'fitness': 0.22792247577364677, 'generation': 66}","{'id': 2847, 'rank': 14, 'fitness': 0.1663242901659348, 'generation': 66}","{'id': 2851, 'rank': 15, 'fitness': 0.16385172634949152, 'generation': 66}","{'id': 2857, 'rank': 16, 'fitness': 0.14834636916056998, 'generation': 66}","{'id': 2855, 'rank': 17, 'fitness': 0.12277659835173449, 'generation': 66}","{'id': 2845, 'rank': 18, 'fitness': 0.10660695529658498, 'generation': 66}","{'id': 2861, 'rank': 19, 'fitness': 0.10243922472060624, 'generation': 66}","{'id': 2869, 'rank': 20, 'fitness': 0.10064442840703253, 'generation': 66}","{'id': 2856, 'rank': 21, 'fitness': 0.0965731906364296, 'generation': 66}","{'id': 2859, 'rank': 22, 'fitness': 0.07015257019469628, 'generation': 66}","{'id': 2838, 'rank': 23, 'fitness': 0.05985140424559615, 'generation': 66}","{'id': 2836, 'rank': 24, 'fitness': 0.052271785905540546, 'generation': 66}","{'id': 2866, 'rank': 25, 'fitness': 0.024321601722138708, 'generation': 66}","{'id': 2865, 'rank': 26, 'fitness': 0.024314374567940722, 'generation': 66}","{'id': 2841, 'rank': 27, 'fitness': 0.02357220140272981, 'generation': 66}","{'id': 2873, 'rank': 28, 'fitness': 0.01928681498057283, 'generation': 66}","{'id': 2843, 'rank': 29, 'fitness': 0.01817654864334356, 'generation': 66}","{'id': 2837, 'rank': 30, 'fitness': 0.01798620996209155, 'generation': 66}"
"{'id': 2902, 'rank': 1, 'fitness': 0.9820137900379085, 'generation': 67}","{'id': 2886, 'rank': 2, 'fitness': 0.9799674306371249, 'generation': 67}","{'id': 2910, 'rank': 3, 'fitness': 0.9793514180403688, 'generation': 67}","{'id': 2912, 'rank': 4, 'fitness': 0.9317227115378879, 'generation': 67}","{'id': 2911, 'rank': 5, 'fitness': 0.9044538437045091, 'generation': 67}","{'id': 2914, 'rank': 6, 'fitness': 0.8537998858475256, 'generation': 67}","{'id': 2903, 'rank': 7, 'fitness': 0.8415735321115484, 'generation': 67}","{'id': 2884, 'rank': 8, 'fitness': 0.7348016707000107, 'generation': 67}","{'id': 2913, 'rank': 9, 'fitness': 0.6994859499477996, 'generation': 67}","{'id': 2909, 'rank': 10, 'fitness': 0.6469423654258755, 'generation': 67}","{'id': 2894, 'rank': 11, 'fitness': 0.4747210676699381, 'generation': 67}","{'id': 2879, 'rank': 12, 'fitness': 0.2813859869468532, 'generation': 67}","{'id': 2899, 'rank': 13, 'fitness': 0.2668932856169791, 'generation': 67}","{'id': 2908, 'rank': 14, 'fitness': 0.22019826551397004, 'generation': 67}","{'id': 2895, 'rank': 15, 'fitness': 0.16645395852858658, 'generation': 67}","{'id': 2887, 'rank': 16, 'fitness': 0.15755670891243417, 'generation': 67}","{'id': 2905, 'rank': 17, 'fitness': 0.15720650832402205, 'generation': 67}","{'id': 2898, 'rank': 18, 'fitness': 0.12113184338157224, 'generation': 67}","{'id': 2891, 'rank': 19, 'fitness': 0.10263878078252808, 'generation': 67}","{'id': 2904, 'rank': 20, 'fitness': 0.09811246831259507, 'generation': 67}","{'id': 2881, 'rank': 21, 'fitness': 0.08814077419215555, 'generation': 67}","{'id': 2915, 'rank': 22, 'fitness': 0.08495725256692171, 'generation': 67}","{'id': 2896, 'rank': 23, 'fitness': 0.06322710704717383, 'generation': 67}","{'id': 2885, 'rank': 24, 'fitness': 0.0625546023149815, 'generation': 67}","{'id': 2892, 'rank': 25, 'fitness': 0.062414792238634276, 'generation': 67}","{'id': 2907, 'rank': 26, 'fitness': 0.02776787128575392, 'generation': 67}","{'id': 2900, 'rank': 27, 'fitness': 0.027492051391109107, 'generation': 67}","{'id': 2876, 'rank': 28, 'fitness': 0.024692945027581237, 'generation': 67}","{'id': 2906, 'rank': 29, 'fitness': 0.023706928880271427, 'generation': 67}","{'id': 2889, 'rank': 30, 'fitness': 0.01798620996209155, 'generation': 67}"
"{'id': 2957, 'rank': 1, 'fitness': 0.9820137900379085, 'generation': 68}","{'id': 2958, 'rank': 2, 'fitness': 0.951470521142697, 'generation': 68}","{'id': 2948, 'rank': 3, 'fitness': 0.9412710420535253, 'generation': 68}","{'id': 2937, 'rank': 4, 'fitness': 0.9028121244833553, 'generation': 68}","{'id': 2945, 'rank': 5, 'fitness': 0.9000172352910454, 'generation': 68}","{'id': 2934, 'rank': 6, 'fitness': 0.8468391789653988, 'generation': 68}","{'id': 2942, 'rank': 7, 'fitness': 0.8311025872671395, 'generation': 68}","{'id': 2949, 'rank': 8, 'fitness': 0.825652912077022, 'generation': 68}","{'id': 2947, 'rank': 9, 'fitness': 0.672271579854514, 'generation': 68}","{'id': 2952, 'rank': 10, 'fitness': 0.6549563917252262, 'generation': 68}","{'id': 2932, 'rank': 11, 'fitness': 0.5876501672218267, 'generation': 68}","{'id': 2946, 'rank': 12, 'fitness': 0.5801168763547314, 'generation': 68}","{'id': 2954, 'rank': 13, 'fitness': 0.49798522090500613, 'generation': 68}","{'id': 2956, 'rank': 14, 'fitness': 0.40140466227148663, 'generation': 68}","{'id': 2951, 'rank': 15, 'fitness': 0.379423312687534, 'generation': 68}","{'id': 2955, 'rank': 16, 'fitness': 0.3364486447896805, 'generation': 68}","{'id': 2953, 'rank': 17, 'fitness': 0.27431134597494106, 'generation': 68}","{'id': 2959, 'rank': 18, 'fitness': 0.23165692266297422, 'generation': 68}","{'id': 2928, 'rank': 19, 'fitness': 0.231057199073596, 'generation': 68}","{'id': 2950, 'rank': 20, 'fitness': 0.22045555326646188, 'generation': 68}","{'id': 2924, 'rank': 21, 'fitness': 0.15896079521234774, 'generation': 68}","{'id': 2930, 'rank': 22, 'fitness': 0.08689587811831817, 'generation': 68}","{'id': 2939, 'rank': 23, 'fitness': 0.08453192635455697, 'generation': 68}","{'id': 2925, 'rank': 24, 'fitness': 0.07051743801785748, 'generation': 68}","{'id': 2923, 'rank': 25, 'fitness': 0.06837201799685189, 'generation': 68}","{'id': 2927, 'rank': 26, 'fitness': 0.05692518349583381, 'generation': 68}","{'id': 2944, 'rank': 27, 'fitness': 0.04510220972494294, 'generation': 68}","{'id': 2936, 'rank': 28, 'fitness': 0.03940595228939586, 'generation': 68}","{'id': 2933, 'rank': 29, 'fitness': 0.021557504994176135, 'generation': 68}","{'id': 2916, 'rank': 30, 'fitness': 0.01798620996209155, 'generation': 68}"
"{'id': 2981, 'rank': 1, 'fitness': 0.9820137900379085, 'generation': 69}","{'id': 3001, 'rank': 2, 'fitness': 0.9671215603339993, 'generation': 69}","{'id': 3012, 'rank': 3, 'fitness': 0.9488947268968007, 'generation': 69}","{'id': 3010, 'rank': 4, 'fitness': 0.9438453154132536, 'generation': 69}","{'id': 3008, 'rank': 5, 'fitness': 0.928213867427744, 'generation': 69}","{'id': 2971, 'rank': 6, 'fitness': 0.9261060975679412, 'generation': 69}","{'id': 2983, 'rank': 7, 'fitness': 0.8745217200432016, 'generation': 69}","{'id': 2997, 'rank': 8, 'fitness': 0.8740708451004003, 'generation': 69}","{'id': 3009, 'rank': 9, 'fitness': 0.8517250540145737, 'generation': 69}","{'id': 3006, 'rank': 10, 'fitness': 0.8516342350159478, 'generation': 69}","{'id': 3005, 'rank': 11, 'fitness': 0.7872991006601491, 'generation': 69}","{'id': 2996, 'rank': 12, 'fitness': 0.7339290957787133, 'generation': 69}","{'id': 2966, 'rank': 13, 'fitness': 0.7189969871727397, 'generation': 69}","{'id': 2999, 'rank': 14, 'fitness': 0.6473909183732162, 'generation': 69}","{'id': 3013, 'rank': 15, 'fitness': 0.5362386377265853, 'generation': 69}","{'id': 3002, 'rank': 16, 'fitness': 0.38665817781250217, 'generation': 69}","{'id': 2991, 'rank': 17, 'fitness': 0.33447801494140766, 'generation': 69}","{'id': 2995, 'rank': 18, 'fitness': 0.11808023776873722, 'generation': 69}","{'id': 3014, 'rank': 19, 'fitness': 0.10067468294658655, 'generation': 69}","{'id': 2963, 'rank': 20, 'fitness': 0.07697772300339473, 'generation': 69}","{'id': 3004, 'rank': 21, 'fitness': 0.06952491016673257, 'generation': 69}","{'id': 2968, 'rank': 22, 'fitness': 0.06485464438240984, 'generation': 69}","{'id': 2993, 'rank': 23, 'fitness': 0.05317595075996118, 'generation': 69}","{'id': 2998, 'rank': 24, 'fitness': 0.052802376502164905, 'generation': 69}","{'id': 2975, 'rank': 25, 'fitness': 0.050058060319771225, 'generation': 69}","{'id': 2960, 'rank': 26, 'fitness': 0.03974844636579472, 'generation': 69}","{'id': 2994, 'rank': 27, 'fitness': 0.028897806367808088, 'generation': 69}","{'id': 3011, 'rank': 28, 'fitness': 0.025841781810788944, 'generation': 69}","{'id': 2984, 'rank': 29, 'fitness': 0.020494370741198364, 'generation': 69}","{'id': 3003, 'rank': 30, 'fitness': 0.01798620996209155, 'generation': 69}"
"{'id': 3066, 'rank': 1, 'fitness': 0.9820137900379085, 'generation': 70}","{'id': 3032, 'rank': 2, 'fitness': 0.9808814414836446, 'generation': 70}","{'id': 3054, 'rank': 3, 'fitness': 0.9040353890751224, 'generation': 70}","{'id': 3059, 'rank': 4, 'fitness': 0.8289556411947434, 'generation': 70}","{'id': 3063, 'rank': 5, 'fitness': 0.6625775118880364, 'generation': 70}","{'id': 3064, 'rank': 6, 'fitness': 0.5173425913894028, 'generation': 70}","{'id': 3022, 'rank': 7, 'fitness': 0.43598955577936555, 'generation': 70}","{'id': 3037, 'rank': 8, 'fitness': 0.43396643939409996, 'generation': 70}","{'id': 3043, 'rank': 9, 'fitness': 0.39387609778965527, 'generation': 70}","{'id': 3068, 'rank': 10, 'fitness': 0.28022546646614366, 'generation': 70}","{'id': 3058, 'rank': 11, 'fitness': 0.23826657359817932, 'generation': 70}","{'id': 3015, 'rank': 12, 'fitness': 0.19314282598907656, 'generation': 70}","{'id': 3067, 'rank': 13, 'fitness': 0.16990164361903082, 'generation': 70}","{'id': 3051, 'rank': 14, 'fitness': 0.1590308166811259, 'generation': 70}","{'id': 3061, 'rank': 15, 'fitness': 0.11322221311596536, 'generation': 70}","{'id': 3053, 'rank': 16, 'fitness': 0.10135953553975963, 'generation': 70}","{'id': 3045, 'rank': 17, 'fitness': 0.09232451220214766, 'generation': 70}","{'id': 3052, 'rank': 18, 'fitness': 0.08331379820078172, 'generation': 70}","{'id': 3036, 'rank': 19, 'fitness': 0.06681282677621309, 'generation': 70}","{'id': 3034, 'rank': 20, 'fitness': 0.0407928789404865, 'generation': 70}","{'id': 3033, 'rank': 21, 'fitness': 0.036217384522874374, 'generation': 70}","{'id': 3065, 'rank': 22, 'fitness': 0.035913026336016174, 'generation': 70}","{'id': 3040, 'rank': 23, 'fitness': 0.031776604937597486, 'generation': 70}","{'id': 3055, 'rank': 24, 'fitness': 0.025147878542175428, 'generation': 70}","{'id': 3030, 'rank': 25, 'fitness': 0.023440039942302815, 'generation': 70}","{'id': 3062, 'rank': 26, 'fitness': 0.021107250004895328, 'generation': 70}","{'id': 3060, 'rank': 27, 'fitness': 0.020799911817982686, 'generation': 70}","{'id': 3038, 'rank': 28, 'fitness': 0.019648727244813147, 'generation': 70}","{'id': 3028, 'rank': 29, 'fitness': 0.01838154838284628, 'generation': 70}","{'id': 3057, 'rank': 30, 'fitness': 0.01798620996209155, 'generation': 70}"
"{'id': 3096, 'rank': 1, 'fitness': 0.9820137900379085, 'generation': 71}","{'id': 3107, 'rank': 2, 'fitness': 0.8945479620087742, 'generation': 71}","{'id': 3101, 'rank': 3, 'fitness': 0.8043114987869877, 'generation': 71}","{'id': 3087, 'rank': 4, 'fitness': 0.6573732305769817, 'generation': 71}","{'id': 3110, 'rank': 5, 'fitness': 0.6452430515931226, 'generation': 71}","{'id': 3109, 'rank': 6, 'fitness': 0.6384359988853635, 'generation': 71}","{'id': 3102, 'rank': 7, 'fitness': 0.6138778051129153, 'generation': 71}","{'id': 3070, 'rank': 8, 'fitness': 0.5567550753795886, 'generation': 71}","{'id': 3090, 'rank': 9, 'fitness': 0.46514428788586415, 'generation': 71}","{'id': 3093, 'rank': 10, 'fitness': 0.40489982149683607, 'generation': 71}","{'id': 3103, 'rank': 11, 'fitness': 0.3867098391007673, 'generation': 71}","{'id': 3094, 'rank': 12, 'fitness': 0.35499430690457223, 'generation': 71}","{'id': 3104, 'rank': 13, 'fitness': 0.33763974180877143, 'generation': 71}","{'id': 3082, 'rank': 14, 'fitness': 0.24359664156538602, 'generation': 71}","{'id': 3076, 'rank': 15, 'fitness': 0.22052928631484453, 'generation': 71}","{'id': 3069, 'rank': 16, 'fitness': 0.2070161082380202, 'generation': 71}","{'id': 3106, 'rank': 17, 'fitness': 0.1962693312187826, 'generation': 71}","{'id': 3088, 'rank': 18, 'fitness': 0.19578944209662835, 'generation': 71}","{'id': 3072, 'rank': 19, 'fitness': 0.1563843941471219, 'generation': 71}","{'id': 3081, 'rank': 20, 'fitness': 0.1155797146413099, 'generation': 71}","{'id': 3078, 'rank': 21, 'fitness': 0.09159072547845298, 'generation': 71}","{'id': 3099, 'rank': 22, 'fitness': 0.09048297889522045, 'generation': 71}","{'id': 3085, 'rank': 23, 'fitness': 0.08736484489450402, 'generation': 71}","{'id': 3092, 'rank': 24, 'fitness': 0.0741991128193556, 'generation': 71}","{'id': 3095, 'rank': 25, 'fitness': 0.06710352257857555, 'generation': 71}","{'id': 3111, 'rank': 26, 'fitness': 0.06518432360685406, 'generation': 71}","{'id': 3084, 'rank': 27, 'fitness': 0.04097395310859275, 'generation': 71}","{'id': 3108, 'rank': 28, 'fitness': 0.03787430361604238, 'generation': 71}","{'id': 3080, 'rank': 29, 'fitness': 0.03585292927116579, 'generation': 71}","{'id': 3083, 'rank': 30, 'fitness': 0.01798620996209155, 'generation': 71}"
"{'id': 3148, 'rank': 1, 'fitness': 0.9820137900379085, 'generation': 72}","{'id': 3132, 'rank': 2, 'fitness': 0.9673341753478959, 'generation': 72}","{'id': 3149, 'rank': 3, 'fitness': 0.7527496979751871, 'generation': 72}","{'id': 3143, 'rank': 4, 'fitness': 0.620137550189418, 'generation': 72}","{'id': 3133, 'rank': 5, 'fitness': 0.5737035295361097, 'generation': 72}","{'id': 3146, 'rank': 6, 'fitness': 0.5221334321457591, 'generation': 72}","{'id': 3126, 'rank': 7, 'fitness': 0.4339027229791694, 'generation': 72}","{'id': 3141, 'rank': 8, 'fitness': 0.38469631186054876, 'generation': 72}","{'id': 3144, 'rank': 9, 'fitness': 0.25176268399640805, 'generation': 72}","{'id': 3128, 'rank': 10, 'fitness': 0.2430147123869622, 'generation': 72}","{'id': 3154, 'rank': 11, 'fitness': 0.16728638025196163, 'generation': 72}","{'id': 3130, 'rank': 12, 'fitness': 0.16674619496337706, 'generation': 72}","{'id': 3131, 'rank': 13, 'fitness': 0.16281739437077247, 'generation': 72}","{'id': 3127, 'rank': 14, 'fitness': 0.15767984372035382, 'generation': 72}","{'id': 3153, 'rank': 15, 'fitness': 0.1279811786519684, 'generation': 72}","{'id': 3124, 'rank': 16, 'fitness': 0.11057567342917718, 'generation': 72}","{'id': 3139, 'rank': 17, 'fitness': 0.10562631599409611, 'generation': 72}","{'id': 3142, 'rank': 18, 'fitness': 0.09082565046226654, 'generation': 72}","{'id': 3112, 'rank': 19, 'fitness': 0.07991404803832391, 'generation': 72}","{'id': 3117, 'rank': 20, 'fitness': 0.05245625654287034, 'generation': 72}","{'id': 3135, 'rank': 21, 'fitness': 0.04373938892509449, 'generation': 72}","{'id': 3123, 'rank': 22, 'fitness': 0.040156904159122264, 'generation': 72}","{'id': 3152, 'rank': 23, 'fitness': 0.03325446306173829, 'generation': 72}","{'id': 3138, 'rank': 24, 'fitness': 0.030692914457043863, 'generation': 72}","{'id': 3151, 'rank': 25, 'fitness': 0.024549117222590955, 'generation': 72}","{'id': 3116, 'rank': 26, 'fitness': 0.02219755384812605, 'generation': 72}","{'id': 3136, 'rank': 27, 'fitness': 0.021959430908226385, 'generation': 72}","{'id': 3121, 'rank': 28, 'fitness': 0.018797705197060754, 'generation': 72}","{'id': 3115, 'rank': 29, 'fitness': 0.018105920936571207, 'generation': 72}","{'id': 3150, 'rank': 30, 'fitness': 0.01798620996209155, 'generation': 72}"
"{'id': 3189, 'rank': 1, 'fitness': 0.9820137900379085, 'generation': 73}","{'id': 3175, 'rank': 2, 'fitness': 0.966884803590984, 'generation': 73}","{'id': 3183, 'rank': 3, 'fitness': 0.952001136742639, 'generation': 73}","{'id': 3190, 'rank': 4, 'fitness': 0.9315406704355464, 'generation': 73}","{'id': 3180, 'rank': 5, 'fitness': 0.9231525029849776, 'generation': 73}","{'id': 3155, 'rank': 6, 'fitness': 0.849993898760451, 'generation': 73}","{'id': 3185, 'rank': 7, 'fitness': 0.8187301731323615, 'generation': 73}","{'id': 3171, 'rank': 8, 'fitness': 0.7454446159833639, 'generation': 73}","{'id': 3165, 'rank': 9, 'fitness': 0.6269436624900011, 'generation': 73}","{'id': 3169, 'rank': 10, 'fitness': 0.517059779609295, 'generation': 73}","{'id': 3188, 'rank': 11, 'fitness': 0.43957829309216395, 'generation': 73}","{'id': 3181, 'rank': 12, 'fitness': 0.43233806953944137, 'generation': 73}","{'id': 3172, 'rank': 13, 'fitness': 0.41105257216584, 'generation': 73}","{'id': 3178, 'rank': 14, 'fitness': 0.3703786106235879, 'generation': 73}","{'id': 3170, 'rank': 15, 'fitness': 0.36159461493751793, 'generation': 73}","{'id': 3163, 'rank': 16, 'fitness': 0.32017710392129106, 'generation': 73}","{'id': 3156, 'rank': 17, 'fitness': 0.31244208538025425, 'generation': 73}","{'id': 3184, 'rank': 18, 'fitness': 0.29937751685114067, 'generation': 73}","{'id': 3187, 'rank': 19, 'fitness': 0.29895720074827753, 'generation': 73}","{'id': 3174, 'rank': 20, 'fitness': 0.22462914779128895, 'generation': 73}","{'id': 3182, 'rank': 21, 'fitness': 0.19641681320708249, 'generation': 73}","{'id': 3166, 'rank': 22, 'fitness': 0.12295055572174363, 'generation': 73}","{'id': 3164, 'rank': 23, 'fitness': 0.08751490968427317, 'generation': 73}","{'id': 3160, 'rank': 24, 'fitness': 0.08465755319740381, 'generation': 73}","{'id': 3157, 'rank': 25, 'fitness': 0.07613468453202721, 'generation': 73}","{'id': 3179, 'rank': 26, 'fitness': 0.057970171550584815, 'generation': 73}","{'id': 3168, 'rank': 27, 'fitness': 0.04886182825908175, 'generation': 73}","{'id': 3177, 'rank': 28, 'fitness': 0.04775957223305283, 'generation': 73}","{'id': 3186, 'rank': 29, 'fitness': 0.035465018290041506, 'generation': 73}","{'id': 3161, 'rank': 30, 'fitness': 0.01798620996209155, 'generation': 73}"
"{'id': 3229, 'rank': 1, 'fitness': 0.9820137900379085, 'generation': 74}","{'id': 3228, 'rank': 2, 'fitness': 0.9814494134564402, 'generation': 74}","{'id': 3233, 'rank': 3, 'fitness': 0.9787994772767825, 'generation': 74}","{'id': 3207, 'rank': 4, 'fitness': 0.9550180552198481, 'generation': 74}","{'id': 3192, 'rank': 5, 'fitness': 0.953131498213902, 'generation': 74}","{'id': 3223, 'rank': 6, 'fitness': 0.9390003534100586, 'generation': 74}","{'id': 3222, 'rank': 7, 'fitness': 0.8619586288801895, 'generation': 74}","{'id': 3209, 'rank': 8, 'fitness': 0.8451329197465336, 'generation': 74}","{'id': 3217, 'rank': 9, 'fitness': 0.6961235395802438, 'generation': 74}","{'id': 3221, 'rank': 10, 'fitness': 0.5831685712115874, 'generation': 74}","{'id': 3231, 'rank': 11, 'fitness': 0.5250484768515705, 'generation': 74}","{'id': 3227, 'rank': 12, 'fitness': 0.4277097099389898, 'generation': 74}","{'id': 3205, 'rank': 13, 'fitness': 0.306467482211693, 'generation': 74}","{'id': 3224, 'rank': 14, 'fitness': 0.288060943002304, 'generation': 74}","{'id': 3234, 'rank': 15, 'fitness': 0.2772853300846621, 'generation': 74}","{'id': 3208, 'rank': 16, 'fitness': 0.25368412014681124, 'generation': 74}","{'id': 3197, 'rank': 17, 'fitness': 0.24209031649343715, 'generation': 74}","{'id': 3213, 'rank': 18, 'fitness': 0.2005381193870796, 'generation': 74}","{'id': 3226, 'rank': 19, 'fitness': 0.19586439560067992, 'generation': 74}","{'id': 3215, 'rank': 20, 'fitness': 0.1858682326783323, 'generation': 74}","{'id': 3204, 'rank': 21, 'fitness': 0.16705747108218266, 'generation': 74}","{'id': 3237, 'rank': 22, 'fitness': 0.1637768056552542, 'generation': 74}","{'id': 3199, 'rank': 23, 'fitness': 0.11125730719203064, 'generation': 74}","{'id': 3235, 'rank': 24, 'fitness': 0.10850588086911839, 'generation': 74}","{'id': 3230, 'rank': 25, 'fitness': 0.08418622710122764, 'generation': 74}","{'id': 3202, 'rank': 26, 'fitness': 0.033764930878103894, 'generation': 74}","{'id': 3218, 'rank': 27, 'fitness': 0.025708757629636092, 'generation': 74}","{'id': 3232, 'rank': 28, 'fitness': 0.02108979245745979, 'generation': 74}","{'id': 3210, 'rank': 29, 'fitness': 0.01890315353849431, 'generation': 74}","{'id': 3203, 'rank': 30, 'fitness': 0.01798620996209155, 'generation': 74}"
"{'id': 3279, 'rank': 1, 'fitness': 0.9820137900379085, 'generation': 75}","{'id': 3258, 'rank': 2, 'fitness': 0.9817377383171579, 'generation': 75}","{'id': 3281, 'rank': 3, 'fitness': 0.8573588185671572, 'generation': 75}","{'id': 3268, 'rank': 4, 'fitness': 0.8464073905435061, 'generation': 75}","{'id': 3266, 'rank': 5, 'fitness': 0.595482797675475, 'generation': 75}","{'id': 3275, 'rank': 6, 'fitness': 0.5826929952563132, 'generation': 75}","{'id': 3254, 'rank': 7, 'fitness': 0.46282514384145845, 'generation': 75}","{'id': 3273, 'rank': 8, 'fitness': 0.44818849879471057, 'generation': 75}","{'id': 3271, 'rank': 9, 'fitness': 0.3866784934521219, 'generation': 75}","{'id': 3253, 'rank': 10, 'fitness': 0.3592226948941856, 'generation': 75}","{'id': 3267, 'rank': 11, 'fitness': 0.3540115856744921, 'generation': 75}","{'id': 3259, 'rank': 12, 'fitness': 0.3257898323182218, 'generation': 75}","{'id': 3277, 'rank': 13, 'fitness': 0.25503257290869974, 'generation': 75}","{'id': 3278, 'rank': 14, 'fitness': 0.2548190358153001, 'generation': 75}","{'id': 3276, 'rank': 15, 'fitness': 0.22651311109797423, 'generation': 75}","{'id': 3265, 'rank': 16, 'fitness': 0.21327696169740828, 'generation': 75}","{'id': 3274, 'rank': 17, 'fitness': 0.19178237282085464, 'generation': 75}","{'id': 3282, 'rank': 18, 'fitness': 0.13785640293049523, 'generation': 75}","{'id': 3270, 'rank': 19, 'fitness': 0.12320785821550828, 'generation': 75}","{'id': 3262, 'rank': 20, 'fitness': 0.09549994278931756, 'generation': 75}","{'id': 3249, 'rank': 21, 'fitness': 0.08970284732404288, 'generation': 75}","{'id': 3280, 'rank': 22, 'fitness': 0.05884018417048914, 'generation': 75}","{'id': 3283, 'rank': 23, 'fitness': 0.05062785520096669, 'generation': 75}","{'id': 3244, 'rank': 24, 'fitness': 0.045666019217236564, 'generation': 75}","{'id': 3250, 'rank': 25, 'fitness': 0.03910554138291994, 'generation': 75}","{'id': 3248, 'rank': 26, 'fitness': 0.036524225666379584, 'generation': 75}","{'id': 3241, 'rank': 27, 'fitness': 0.03196375862939682, 'generation': 75}","{'id': 3260, 'rank': 28, 'fitness': 0.028798505429337373, 'generation': 75}","{'id': 3264, 'rank': 29, 'fitness': 0.02184196649669773, 'generation': 75}","{'id': 3251, 'rank': 30, 'fitness': 0.01798620996209155, 'generation': 75}"
"{'id': 3322, 'rank': 1, 'fitness': 0.9820137900379085, 'generation': 76}","{'id': 3314, 'rank': 2, 'fitness': 0.920089186094792, 'generation': 76}","{'id': 3306, 'rank': 3, 'fitness': 0.9111853791060098, 'generation': 76}","{'id': 3296, 'rank': 4, 'fitness': 0.894154662948492, 'generation': 76}","{'id': 3323, 'rank': 5, 'fitness': 0.8510508471668953, 'generation': 76}","{'id': 3310, 'rank': 6, 'fitness': 0.7757745693655518, 'generation': 76}","{'id': 3320, 'rank': 7, 'fitness': 0.5274938741551471, 'generation': 76}","{'id': 3294, 'rank': 8, 'fitness': 0.45375150132114006, 'generation': 76}","{'id': 3289, 'rank': 9, 'fitness': 0.2751197817377731, 'generation': 76}","{'id': 3305, 'rank': 10, 'fitness': 0.2557577521502443, 'generation': 76}","{'id': 3298, 'rank': 11, 'fitness': 0.15723707481321975, 'generation': 76}","{'id': 3319, 'rank': 12, 'fitness': 0.1501038410505206, 'generation': 76}","{'id': 3321, 'rank': 13, 'fitness': 0.14645302002317095, 'generation': 76}","{'id': 3324, 'rank': 14, 'fitness': 0.1079020578417979, 'generation': 76}","{'id': 3309, 'rank': 15, 'fitness': 0.0910502695392863, 'generation': 76}","{'id': 3317, 'rank': 16, 'fitness': 0.08497551127560632, 'generation': 76}","{'id': 3290, 'rank': 17, 'fitness': 0.08229685185878466, 'generation': 76}","{'id': 3308, 'rank': 18, 'fitness': 0.0743323525006202, 'generation': 76}","{'id': 3318, 'rank': 19, 'fitness': 0.06347195440642622, 'generation': 76}","{'id': 3301, 'rank': 20, 'fitness': 0.05275525298963735, 'generation': 76}","{'id': 3315, 'rank': 21, 'fitness': 0.041485244772074714, 'generation': 76}","{'id': 3302, 'rank': 22, 'fitness': 0.03961457055170642, 'generation': 76}","{'id': 3287, 'rank': 23, 'fitness': 0.034766215223589414, 'generation': 76}","{'id': 3311, 'rank': 24, 'fitness': 0.03372449500218894, 'generation': 76}","{'id': 3307, 'rank': 25, 'fitness': 0.033704915954029246, 'generation': 76}","{'id': 3312, 'rank': 26, 'fitness': 0.0331863849314582, 'generation': 76}","{'id': 3291, 'rank': 27, 'fitness': 0.030194131476998787, 'generation': 76}","{'id': 3304, 'rank': 28, 'fitness': 0.02287011513357884, 'generation': 76}","{'id': 3288, 'rank': 29, 'fitness': 0.0226666212513153, 'generation': 76}","{'id': 3297, 'rank': 30, 'fitness': 0.01798620996209155, 'generation': 76}"
"{'id': 3351, 'rank': 1, 'fitness': 0.9820137900379085, 'generation': 77}","{'id': 3361, 'rank': 2, 'fitness': 0.9600666132629055, 'generation': 77}","{'id': 3328, 'rank': 3, 'fitness': 0.9065325084704736, 'generation': 77}","{'id': 3354, 'rank': 4, 'fitness': 0.8983569206869471, 'generation': 77}","{'id': 3347, 'rank': 5, 'fitness': 0.7313936855110984, 'generation': 77}","{'id': 3335, 'rank': 6, 'fitness': 0.6555305111759456, 'generation': 77}","{'id': 3326, 'rank': 7, 'fitness': 0.6113596296889307, 'generation': 77}","{'id': 3358, 'rank': 8, 'fitness': 0.5946023792045841, 'generation': 77}","{'id': 3344, 'rank': 9, 'fitness': 0.505939662838817, 'generation': 77}","{'id': 3339, 'rank': 10, 'fitness': 0.3708341029662806, 'generation': 77}","{'id': 3360, 'rank': 11, 'fitness': 0.3592724163229358, 'generation': 77}","{'id': 3350, 'rank': 12, 'fitness': 0.27550227252594806, 'generation': 77}","{'id': 3353, 'rank': 13, 'fitness': 0.2592170439360604, 'generation': 77}","{'id': 3336, 'rank': 14, 'fitness': 0.22473531377500616, 'generation': 77}","{'id': 3337, 'rank': 15, 'fitness': 0.20697474687569756, 'generation': 77}","{'id': 3342, 'rank': 16, 'fitness': 0.1966959462256263, 'generation': 77}","{'id': 3349, 'rank': 17, 'fitness': 0.1963992221103802, 'generation': 77}","{'id': 3355, 'rank': 18, 'fitness': 0.1350999631770921, 'generation': 77}","{'id': 3359, 'rank': 19, 'fitness': 0.09428824510003453, 'generation': 77}","{'id': 3332, 'rank': 20, 'fitness': 0.08658011686717781, 'generation': 77}","{'id': 3330, 'rank': 21, 'fitness': 0.07533884401694801, 'generation': 77}","{'id': 3340, 'rank': 22, 'fitness': 0.06187279176909399, 'generation': 77}","{'id': 3327, 'rank': 23, 'fitness': 0.06024533161183243, 'generation': 77}","{'id': 3362, 'rank': 24, 'fitness': 0.052373036000922024, 'generation': 77}","{'id': 3345, 'rank': 25, 'fitness': 0.04071205566248087, 'generation': 77}","{'id': 3334, 'rank': 26, 'fitness': 0.038157504983238555, 'generation': 77}","{'id': 3329, 'rank': 27, 'fitness': 0.02798312919222995, 'generation': 77}","{'id': 3348, 'rank': 28, 'fitness': 0.0257984414930853, 'generation': 77}","{'id': 3343, 'rank': 29, 'fitness': 0.02485756262172556, 'generation': 77}","{'id': 3341, 'rank': 30, 'fitness': 0.01798620996209155, 'generation': 77}"
"{'id': 3402, 'rank': 1, 'fitness': 0.9820137900379085, 'generation': 78}","{'id': 3385, 'rank': 2, 'fitness': 0.8340087552661508, 'generation': 78}","{'id': 3399, 'rank': 3, 'fitness': 0.8077963044462703, 'generation': 78}","{'id': 3404, 'rank': 4, 'fitness': 0.8059346617597303, 'generation': 78}","{'id': 3401, 'rank': 5, 'fitness': 0.7635706775892716, 'generation': 78}","{'id': 3398, 'rank': 6, 'fitness': 0.7358433573278467, 'generation': 78}","{'id': 3388, 'rank': 7, 'fitness': 0.5646503778095975, 'generation': 78}","{'id': 3396, 'rank': 8, 'fitness': 0.49234859217730714, 'generation': 78}","{'id': 3397, 'rank': 9, 'fitness': 0.45132886207321266, 'generation': 78}","{'id': 3405, 'rank': 10, 'fitness': 0.44791500126638384, 'generation': 78}","{'id': 3365, 'rank': 11, 'fitness': 0.4464842774442431, 'generation': 78}","{'id': 3390, 'rank': 12, 'fitness': 0.3740350742977573, 'generation': 78}","{'id': 3403, 'rank': 13, 'fitness': 0.3161477682026268, 'generation': 78}","{'id': 3393, 'rank': 14, 'fitness': 0.309674389089046, 'generation': 78}","{'id': 3376, 'rank': 15, 'fitness': 0.18532797636717113, 'generation': 78}","{'id': 3392, 'rank': 16, 'fitness': 0.1520883950572013, 'generation': 78}","{'id': 3400, 'rank': 17, 'fitness': 0.13306405420643508, 'generation': 78}","{'id': 3370, 'rank': 18, 'fitness': 0.10192618731637731, 'generation': 78}","{'id': 3389, 'rank': 19, 'fitness': 0.06813503552522032, 'generation': 78}","{'id': 3378, 'rank': 20, 'fitness': 0.06121494796570781, 'generation': 78}","{'id': 3377, 'rank': 21, 'fitness': 0.05634303841071209, 'generation': 78}","{'id': 3375, 'rank': 22, 'fitness': 0.054208991505971416, 'generation': 78}","{'id': 3369, 'rank': 23, 'fitness': 0.050469697014270565, 'generation': 78}","{'id': 3371, 'rank': 24, 'fitness': 0.048505194630673265, 'generation': 78}","{'id': 3387, 'rank': 25, 'fitness': 0.040941035684950555, 'generation': 78}","{'id': 3383, 'rank': 26, 'fitness': 0.03150069869114708, 'generation': 78}","{'id': 3363, 'rank': 27, 'fitness': 0.023272121826190095, 'generation': 78}","{'id': 3373, 'rank': 28, 'fitness': 0.021490517831072253, 'generation': 78}","{'id': 3368, 'rank': 29, 'fitness': 0.021369123386960065, 'generation': 78}","{'id': 3372, 'rank': 30, 'fitness': 0.01798620996209155, 'generation': 78}"
"{'id': 3441, 'rank': 1, 'fitness': 0.9820137900379085, 'generation': 79}","{'id': 3436, 'rank': 2, 'fitness': 0.9494839131031232, 'generation': 79}","{'id': 3417, 'rank': 3, 'fitness': 0.8588462661720717, 'generation': 79}","{'id': 3444, 'rank': 4, 'fitness': 0.8383724454557973, 'generation': 79}","{'id': 3429, 'rank': 5, 'fitness': 0.8331322758938818, 'generation': 79}","{'id': 3434, 'rank': 6, 'fitness': 0.7703378311739022, 'generation': 79}","{'id': 3435, 'rank': 7, 'fitness': 0.7515238957525765, 'generation': 79}","{'id': 3447, 'rank': 8, 'fitness': 0.7326387336330376, 'generation': 79}","{'id': 3421, 'rank': 9, 'fitness': 0.6516925691291253, 'generation': 79}","{'id': 3442, 'rank': 10, 'fitness': 0.631068975637885, 'generation': 79}","{'id': 3415, 'rank': 11, 'fitness': 0.5374892184939201, 'generation': 79}","{'id': 3433, 'rank': 12, 'fitness': 0.47995478875703074, 'generation': 79}","{'id': 3432, 'rank': 13, 'fitness': 0.47146571798305925, 'generation': 79}","{'id': 3446, 'rank': 14, 'fitness': 0.34490086804653175, 'generation': 79}","{'id': 3423, 'rank': 15, 'fitness': 0.23523799396485717, 'generation': 79}","{'id': 3438, 'rank': 16, 'fitness': 0.2196738033263682, 'generation': 79}","{'id': 3424, 'rank': 17, 'fitness': 0.20254308391055786, 'generation': 79}","{'id': 3426, 'rank': 18, 'fitness': 0.18328104772415993, 'generation': 79}","{'id': 3420, 'rank': 19, 'fitness': 0.1735857711064741, 'generation': 79}","{'id': 3406, 'rank': 20, 'fitness': 0.1049132948999335, 'generation': 79}","{'id': 3427, 'rank': 21, 'fitness': 0.07499030461653439, 'generation': 79}","{'id': 3409, 'rank': 22, 'fitness': 0.0743372185335558, 'generation': 79}","{'id': 3430, 'rank': 23, 'fitness': 0.07347332068039258, 'generation': 79}","{'id': 3443, 'rank': 24, 'fitness': 0.04939414826963595, 'generation': 79}","{'id': 3445, 'rank': 25, 'fitness': 0.03505276462018081, 'generation': 79}","{'id': 3414, 'rank': 26, 'fitness': 0.03423651757748042, 'generation': 79}","{'id': 3431, 'rank': 27, 'fitness': 0.03169999370329635, 'generation': 79}","{'id': 3425, 'rank': 28, 'fitness': 0.024573612181883753, 'generation': 79}","{'id': 3412, 'rank': 29, 'fitness': 0.018120749376236367, 'generation': 79}","{'id': 3407, 'rank': 30, 'fitness': 0.01798620996209155, 'generation': 79}"
"{'id': 3485, 'rank': 1, 'fitness': 0.9820137900379085, 'generation': 80}","{'id': 3478, 'rank': 2, 'fitness': 0.562901416310865, 'generation': 80}","{'id': 3480, 'rank': 3, 'fitness': 0.36206476359472617, 'generation': 80}","{'id': 3469, 'rank': 4, 'fitness': 0.3040505258460302, 'generation': 80}","{'id': 3462, 'rank': 5, 'fitness': 0.29417986379714856, 'generation': 80}","{'id': 3477, 'rank': 6, 'fitness': 0.24483676374955438, 'generation': 80}","{'id': 3482, 'rank': 7, 'fitness': 0.24410423072585347, 'generation': 80}","{'id': 3471, 'rank': 8, 'fitness': 0.22438889389240396, 'generation': 80}","{'id': 3450, 'rank': 9, 'fitness': 0.21520822027325354, 'generation': 80}","{'id': 3468, 'rank': 10, 'fitness': 0.17218921842912976, 'generation': 80}","{'id': 3467, 'rank': 11, 'fitness': 0.16092710118572112, 'generation': 80}","{'id': 3476, 'rank': 12, 'fitness': 0.13211420410896457, 'generation': 80}","{'id': 3481, 'rank': 13, 'fitness': 0.12531779961233824, 'generation': 80}","{'id': 3461, 'rank': 14, 'fitness': 0.09790591533762716, 'generation': 80}","{'id': 3474, 'rank': 15, 'fitness': 0.09685285311259029, 'generation': 80}","{'id': 3460, 'rank': 16, 'fitness': 0.08669364500256072, 'generation': 80}","{'id': 3486, 'rank': 17, 'fitness': 0.07715472234675125, 'generation': 80}","{'id': 3456, 'rank': 18, 'fitness': 0.06440120462246324, 'generation': 80}","{'id': 3449, 'rank': 19, 'fitness': 0.05924750678055213, 'generation': 80}","{'id': 3475, 'rank': 20, 'fitness': 0.052402828458889994, 'generation': 80}","{'id': 3454, 'rank': 21, 'fitness': 0.04928721041424683, 'generation': 80}","{'id': 3479, 'rank': 22, 'fitness': 0.04591132894099009, 'generation': 80}","{'id': 3466, 'rank': 23, 'fitness': 0.04346938250953902, 'generation': 80}","{'id': 3458, 'rank': 24, 'fitness': 0.04058756230857896, 'generation': 80}","{'id': 3463, 'rank': 25, 'fitness': 0.03179477867089703, 'generation': 80}","{'id': 3465, 'rank': 26, 'fitness': 0.02380944597667889, 'generation': 80}","{'id': 3452, 'rank': 27, 'fitness': 0.02312512893133639, 'generation': 80}","{'id': 3453, 'rank': 28, 'fitness': 0.022507157918954745, 'generation': 80}","{'id': 3487, 'rank': 29, 'fitness': 0.021686455570566032, 'generation': 80}","{'id': 3488, 'rank': 30, 'fitness': 0.01798620996209155, 'generation': 80}"
"{'id': 3517, 'rank': 1, 'fitness': 0.9820137900379085, 'generation': 81}","{'id': 3516, 'rank': 2, 'fitness': 0.9790223929858161, 'generation': 81}","{'id': 3510, 'rank': 3, 'fitness': 0.9730418749990777, 'generation': 81}","{'id': 3520, 'rank': 4, 'fitness': 0.9715366688038161, 'generation': 81}","{'id': 3518, 'rank': 5, 'fitness': 0.9612069995410337, 'generation': 81}","{'id': 3495, 'rank': 6, 'fitness': 0.9577187285170856, 'generation': 81}","{'id': 3493, 'rank': 7, 'fitness': 0.9086019895070615, 'generation': 81}","{'id': 3506, 'rank': 8, 'fitness': 0.8948217939714646, 'generation': 81}","{'id': 3512, 'rank': 9, 'fitness': 0.8182671580249992, 'generation': 81}","{'id': 3491, 'rank': 10, 'fitness': 0.8036464253745608, 'generation': 81}","{'id': 3513, 'rank': 11, 'fitness': 0.7253088811235613, 'generation': 81}","{'id': 3500, 'rank': 12, 'fitness': 0.7248843643874754, 'generation': 81}","{'id': 3519, 'rank': 13, 'fitness': 0.6276886561329929, 'generation': 81}","{'id': 3499, 'rank': 14, 'fitness': 0.564382854794311, 'generation': 81}","{'id': 3504, 'rank': 15, 'fitness': 0.5480776410282245, 'generation': 81}","{'id': 3507, 'rank': 16, 'fitness': 0.5468009468340822, 'generation': 81}","{'id': 3497, 'rank': 17, 'fitness': 0.5229804077573954, 'generation': 81}","{'id': 3492, 'rank': 18, 'fitness': 0.47140481920562216, 'generation': 81}","{'id': 3494, 'rank': 19, 'fitness': 0.4230509980268338, 'generation': 81}","{'id': 3515, 'rank': 20, 'fitness': 0.38693044795446485, 'generation': 81}","{'id': 3505, 'rank': 21, 'fitness': 0.36064036702413826, 'generation': 81}","{'id': 3511, 'rank': 22, 'fitness': 0.34576021336781315, 'generation': 81}","{'id': 3514, 'rank': 23, 'fitness': 0.3333035545452904, 'generation': 81}","{'id': 3509, 'rank': 24, 'fitness': 0.11333506679373351, 'generation': 81}","{'id': 3501, 'rank': 25, 'fitness': 0.10136017139455189, 'generation': 81}","{'id': 3503, 'rank': 26, 'fitness': 0.0941986125261361, 'generation': 81}","{'id': 3498, 'rank': 27, 'fitness': 0.03895480133802803, 'generation': 81}","{'id': 3502, 'rank': 28, 'fitness': 0.028204738581708966, 'generation': 81}","{'id': 3489, 'rank': 29, 'fitness': 0.023268466119263698, 'generation': 81}","{'id': 3490, 'rank': 30, 'fitness': 0.01798620996209155, 'generation': 81}"
"{'id': 3525, 'rank': 1, 'fitness': 0.9820137900379085, 'generation': 82}","{'id': 3566, 'rank': 2, 'fitness': 0.9787718106294707, 'generation': 82}","{'id': 3546, 'rank': 3, 'fitness': 0.6149472639778637, 'generation': 82}","{'id': 3584, 'rank': 4, 'fitness': 0.5018648003787327, 'generation': 82}","{'id': 3578, 'rank': 5, 'fitness': 0.42249952766864024, 'generation': 82}","{'id': 3526, 'rank': 6, 'fitness': 0.35401743492073356, 'generation': 82}","{'id': 3585, 'rank': 7, 'fitness': 0.32987859571896305, 'generation': 82}","{'id': 3536, 'rank': 8, 'fitness': 0.2835239836443476, 'generation': 82}","{'id': 3562, 'rank': 9, 'fitness': 0.2697264721494434, 'generation': 82}","{'id': 3579, 'rank': 10, 'fitness': 0.26929883075291294, 'generation': 82}","{'id': 3583, 'rank': 11, 'fitness': 0.24955859403498853, 'generation': 82}","{'id': 3560, 'rank': 12, 'fitness': 0.1861436521285666, 'generation': 82}","{'id': 3565, 'rank': 13, 'fitness': 0.1687249785600855, 'generation': 82}","{'id': 3571, 'rank': 14, 'fitness': 0.09504533675108073, 'generation': 82}","{'id': 3543, 'rank': 15, 'fitness': 0.0833036103559256, 'generation': 82}","{'id': 3544, 'rank': 16, 'fitness': 0.08015953007086835, 'generation': 82}","{'id': 3570, 'rank': 17, 'fitness': 0.0797110113109103, 'generation': 82}","{'id': 3564, 'rank': 18, 'fitness': 0.06702792783313238, 'generation': 82}","{'id': 3559, 'rank': 19, 'fitness': 0.06597123391274629, 'generation': 82}","{'id': 3582, 'rank': 20, 'fitness': 0.054247748411951346, 'generation': 82}","{'id': 3529, 'rank': 21, 'fitness': 0.050186916907600965, 'generation': 82}","{'id': 3541, 'rank': 22, 'fitness': 0.047234393782597306, 'generation': 82}","{'id': 3552, 'rank': 23, 'fitness': 0.04654659819574697, 'generation': 82}","{'id': 3577, 'rank': 24, 'fitness': 0.03979587331342754, 'generation': 82}","{'id': 3524, 'rank': 25, 'fitness': 0.03732587143628735, 'generation': 82}","{'id': 3521, 'rank': 26, 'fitness': 0.03724715110039584, 'generation': 82}","{'id': 3537, 'rank': 27, 'fitness': 0.02477757143810927, 'generation': 82}","{'id': 3581, 'rank': 28, 'fitness': 0.022696202262296628, 'generation': 82}","{'id': 3528, 'rank': 29, 'fitness': 0.02133572146263768, 'generation': 82}","{'id': 3572, 'rank': 30, 'fitness': 0.01798620996209155, 'generation': 82}"
"{'id': 3608, 'rank': 1, 'fitness': 0.9820137900379085, 'generation': 83}","{'id': 3614, 'rank': 2, 'fitness': 0.9199227758211344, 'generation': 83}","{'id': 3615, 'rank': 3, 'fitness': 0.8620159936943284, 'generation': 83}","{'id': 3606, 'rank': 4, 'fitness': 0.792511414152107, 'generation': 83}","{'id': 3613, 'rank': 5, 'fitness': 0.7793076483505792, 'generation': 83}","{'id': 3602, 'rank': 6, 'fitness': 0.6652272248183316, 'generation': 83}","{'id': 3620, 'rank': 7, 'fitness': 0.5086430265267132, 'generation': 83}","{'id': 3612, 'rank': 8, 'fitness': 0.4377667176564689, 'generation': 83}","{'id': 3605, 'rank': 9, 'fitness': 0.2484120288844585, 'generation': 83}","{'id': 3610, 'rank': 10, 'fitness': 0.20480782277879694, 'generation': 83}","{'id': 3607, 'rank': 11, 'fitness': 0.19957026138505002, 'generation': 83}","{'id': 3595, 'rank': 12, 'fitness': 0.1940079354490139, 'generation': 83}","{'id': 3611, 'rank': 13, 'fitness': 0.18599481782059385, 'generation': 83}","{'id': 3604, 'rank': 14, 'fitness': 0.16915419572021934, 'generation': 83}","{'id': 3593, 'rank': 15, 'fitness': 0.13413345198715748, 'generation': 83}","{'id': 3618, 'rank': 16, 'fitness': 0.12197704685089555, 'generation': 83}","{'id': 3588, 'rank': 17, 'fitness': 0.08002839867030892, 'generation': 83}","{'id': 3594, 'rank': 18, 'fitness': 0.06790215541585415, 'generation': 83}","{'id': 3590, 'rank': 19, 'fitness': 0.06170521932514389, 'generation': 83}","{'id': 3589, 'rank': 20, 'fitness': 0.05725300698272284, 'generation': 83}","{'id': 3619, 'rank': 21, 'fitness': 0.052176061914680216, 'generation': 83}","{'id': 3586, 'rank': 22, 'fitness': 0.04413316002763418, 'generation': 83}","{'id': 3616, 'rank': 23, 'fitness': 0.0398601864503666, 'generation': 83}","{'id': 3600, 'rank': 24, 'fitness': 0.03844801899741629, 'generation': 83}","{'id': 3599, 'rank': 25, 'fitness': 0.03452268365403799, 'generation': 83}","{'id': 3597, 'rank': 26, 'fitness': 0.02691187755582558, 'generation': 83}","{'id': 3603, 'rank': 27, 'fitness': 0.025654116900048374, 'generation': 83}","{'id': 3587, 'rank': 28, 'fitness': 0.020710470676421622, 'generation': 83}","{'id': 3621, 'rank': 29, 'fitness': 0.01889313984593821, 'generation': 83}","{'id': 3591, 'rank': 30, 'fitness': 0.01798620996209155, 'generation': 83}"
"{'id': 3661, 'rank': 1, 'fitness': 0.9820137900379085, 'generation': 84}","{'id': 3648, 'rank': 2, 'fitness': 0.9507128177065263, 'generation': 84}","{'id': 3658, 'rank': 3, 'fitness': 0.9250715194442524, 'generation': 84}","{'id': 3662, 'rank': 4, 'fitness': 0.9187389820831592, 'generation': 84}","{'id': 3669, 'rank': 5, 'fitness': 0.8285391513947834, 'generation': 84}","{'id': 3649, 'rank': 6, 'fitness': 0.7809422705211275, 'generation': 84}","{'id': 3667, 'rank': 7, 'fitness': 0.7544260762683639, 'generation': 84}","{'id': 3651, 'rank': 8, 'fitness': 0.7299494702422544, 'generation': 84}","{'id': 3636, 'rank': 9, 'fitness': 0.6010976910092085, 'generation': 84}","{'id': 3629, 'rank': 10, 'fitness': 0.5707059349314924, 'generation': 84}","{'id': 3666, 'rank': 11, 'fitness': 0.48033437528845074, 'generation': 84}","{'id': 3657, 'rank': 12, 'fitness': 0.4374840673061292, 'generation': 84}","{'id': 3653, 'rank': 13, 'fitness': 0.343061313267333, 'generation': 84}","{'id': 3637, 'rank': 14, 'fitness': 0.30831550783679806, 'generation': 84}","{'id': 3660, 'rank': 15, 'fitness': 0.25741676886186626, 'generation': 84}","{'id': 3626, 'rank': 16, 'fitness': 0.12467416611611665, 'generation': 84}","{'id': 3627, 'rank': 17, 'fitness': 0.11619626483369455, 'generation': 84}","{'id': 3652, 'rank': 18, 'fitness': 0.09593997611091332, 'generation': 84}","{'id': 3645, 'rank': 19, 'fitness': 0.06591410860890773, 'generation': 84}","{'id': 3659, 'rank': 20, 'fitness': 0.05894915734362721, 'generation': 84}","{'id': 3625, 'rank': 21, 'fitness': 0.056430731454292726, 'generation': 84}","{'id': 3654, 'rank': 22, 'fitness': 0.04374925168808652, 'generation': 84}","{'id': 3624, 'rank': 23, 'fitness': 0.040315386342853976, 'generation': 84}","{'id': 3634, 'rank': 24, 'fitness': 0.03915566908521806, 'generation': 84}","{'id': 3655, 'rank': 25, 'fitness': 0.03261467150566183, 'generation': 84}","{'id': 3628, 'rank': 26, 'fitness': 0.022441541741369753, 'generation': 84}","{'id': 3639, 'rank': 27, 'fitness': 0.021267292146862904, 'generation': 84}","{'id': 3650, 'rank': 28, 'fitness': 0.02105665003931967, 'generation': 84}","{'id': 3663, 'rank': 29, 'fitness': 0.01881261502166176, 'generation': 84}","{'id': 3635, 'rank': 30, 'fitness': 0.01798620996209155, 'generation': 84}"
"{'id': 3714, 'rank': 1, 'fitness': 0.9820137900379085, 'generation': 85}","{'id': 3711, 'rank': 2, 'fitness': 0.9574902415416477, 'generation': 85}","{'id': 3703, 'rank': 3, 'fitness': 0.7194612041782198, 'generation': 85}","{'id': 3709, 'rank': 4, 'fitness': 0.6131671693134271, 'generation': 85}","{'id': 3716, 'rank': 5, 'fitness': 0.5264192567919795, 'generation': 85}","{'id': 3695, 'rank': 6, 'fitness': 0.4650494387919505, 'generation': 85}","{'id': 3706, 'rank': 7, 'fitness': 0.4322245761500082, 'generation': 85}","{'id': 3712, 'rank': 8, 'fitness': 0.4088466227940923, 'generation': 85}","{'id': 3680, 'rank': 9, 'fitness': 0.3256780610932517, 'generation': 85}","{'id': 3681, 'rank': 10, 'fitness': 0.2729375592309574, 'generation': 85}","{'id': 3701, 'rank': 11, 'fitness': 0.26513415542187957, 'generation': 85}","{'id': 3679, 'rank': 12, 'fitness': 0.2568229106948455, 'generation': 85}","{'id': 3702, 'rank': 13, 'fitness': 0.2291354839793595, 'generation': 85}","{'id': 3710, 'rank': 14, 'fitness': 0.2178216214309454, 'generation': 85}","{'id': 3708, 'rank': 15, 'fitness': 0.18085025169194657, 'generation': 85}","{'id': 3693, 'rank': 16, 'fitness': 0.1321419647877028, 'generation': 85}","{'id': 3692, 'rank': 17, 'fitness': 0.13102092172363866, 'generation': 85}","{'id': 3670, 'rank': 18, 'fitness': 0.10921927475070214, 'generation': 85}","{'id': 3697, 'rank': 19, 'fitness': 0.10544320623633613, 'generation': 85}","{'id': 3705, 'rank': 20, 'fitness': 0.08044757568512972, 'generation': 85}","{'id': 3704, 'rank': 21, 'fitness': 0.07614162592059065, 'generation': 85}","{'id': 3715, 'rank': 22, 'fitness': 0.0641788340664401, 'generation': 85}","{'id': 3698, 'rank': 23, 'fitness': 0.06143219823502383, 'generation': 85}","{'id': 3678, 'rank': 24, 'fitness': 0.053289366038902386, 'generation': 85}","{'id': 3690, 'rank': 25, 'fitness': 0.045526855838540325, 'generation': 85}","{'id': 3700, 'rank': 26, 'fitness': 0.04230884930433271, 'generation': 85}","{'id': 3696, 'rank': 27, 'fitness': 0.029262365065843732, 'generation': 85}","{'id': 3677, 'rank': 28, 'fitness': 0.027964617694313798, 'generation': 85}","{'id': 3713, 'rank': 29, 'fitness': 0.019057934164804113, 'generation': 85}","{'id': 3673, 'rank': 30, 'fitness': 0.01798620996209155, 'generation': 85}"
"{'id': 3756, 'rank': 1, 'fitness': 0.9820137900379085, 'generation': 86}","{'id': 3754, 'rank': 2, 'fitness': 0.9595738630448505, 'generation': 86}","{'id': 3744, 'rank': 3, 'fitness': 0.9496589633088082, 'generation': 86}","{'id': 3741, 'rank': 4, 'fitness': 0.9332925019619479, 'generation': 86}","{'id': 3751, 'rank': 5, 'fitness': 0.8389585928289931, 'generation': 86}","{'id': 3721, 'rank': 6, 'fitness': 0.8371537232032711, 'generation': 86}","{'id': 3732, 'rank': 7, 'fitness': 0.8097852796430729, 'generation': 86}","{'id': 3719, 'rank': 8, 'fitness': 0.7266153503431457, 'generation': 86}","{'id': 3758, 'rank': 9, 'fitness': 0.6783363308818782, 'generation': 86}","{'id': 3742, 'rank': 10, 'fitness': 0.575124299253566, 'generation': 86}","{'id': 3731, 'rank': 11, 'fitness': 0.523449395782954, 'generation': 86}","{'id': 3753, 'rank': 12, 'fitness': 0.49458109058939226, 'generation': 86}","{'id': 3735, 'rank': 13, 'fitness': 0.463472907032292, 'generation': 86}","{'id': 3736, 'rank': 14, 'fitness': 0.42583670218799213, 'generation': 86}","{'id': 3740, 'rank': 15, 'fitness': 0.31970077746012165, 'generation': 86}","{'id': 3746, 'rank': 16, 'fitness': 0.3185059478825011, 'generation': 86}","{'id': 3745, 'rank': 17, 'fitness': 0.25374232267729757, 'generation': 86}","{'id': 3757, 'rank': 18, 'fitness': 0.24736570654616657, 'generation': 86}","{'id': 3743, 'rank': 19, 'fitness': 0.2083636245758974, 'generation': 86}","{'id': 3750, 'rank': 20, 'fitness': 0.14084571540005647, 'generation': 86}","{'id': 3748, 'rank': 21, 'fitness': 0.13811740849493437, 'generation': 86}","{'id': 3727, 'rank': 22, 'fitness': 0.12907356659506575, 'generation': 86}","{'id': 3734, 'rank': 23, 'fitness': 0.12890055559764085, 'generation': 86}","{'id': 3725, 'rank': 24, 'fitness': 0.12423752078254474, 'generation': 86}","{'id': 3737, 'rank': 25, 'fitness': 0.1231962534344272, 'generation': 86}","{'id': 3726, 'rank': 26, 'fitness': 0.09059762316374992, 'generation': 86}","{'id': 3730, 'rank': 27, 'fitness': 0.05623448572260081, 'generation': 86}","{'id': 3749, 'rank': 28, 'fitness': 0.0458560387212138, 'generation': 86}","{'id': 3747, 'rank': 29, 'fitness': 0.03583953758450148, 'generation': 86}","{'id': 3752, 'rank': 30, 'fitness': 0.01798620996209155, 'generation': 86}"
"{'id': 3799, 'rank': 1, 'fitness': 0.9820137900379085, 'generation': 87}","{'id': 3807, 'rank': 2, 'fitness': 0.8795946406107822, 'generation': 87}","{'id': 3759, 'rank': 3, 'fitness': 0.7685862347857255, 'generation': 87}","{'id': 3808, 'rank': 4, 'fitness': 0.7617599676542113, 'generation': 87}","{'id': 3800, 'rank': 5, 'fitness': 0.6519084318401974, 'generation': 87}","{'id': 3796, 'rank': 6, 'fitness': 0.6188406209298423, 'generation': 87}","{'id': 3804, 'rank': 7, 'fitness': 0.478549505757712, 'generation': 87}","{'id': 3794, 'rank': 8, 'fitness': 0.364595855923054, 'generation': 87}","{'id': 3765, 'rank': 9, 'fitness': 0.35583185831303527, 'generation': 87}","{'id': 3762, 'rank': 10, 'fitness': 0.22777739595593016, 'generation': 87}","{'id': 3782, 'rank': 11, 'fitness': 0.22380374798817426, 'generation': 87}","{'id': 3806, 'rank': 12, 'fitness': 0.2097711428581729, 'generation': 87}","{'id': 3801, 'rank': 13, 'fitness': 0.15410231351625464, 'generation': 87}","{'id': 3786, 'rank': 14, 'fitness': 0.13603402158916106, 'generation': 87}","{'id': 3763, 'rank': 15, 'fitness': 0.1140028489558268, 'generation': 87}","{'id': 3797, 'rank': 16, 'fitness': 0.1124165788683607, 'generation': 87}","{'id': 3775, 'rank': 17, 'fitness': 0.0989993206140834, 'generation': 87}","{'id': 3793, 'rank': 18, 'fitness': 0.09682710158908386, 'generation': 87}","{'id': 3761, 'rank': 19, 'fitness': 0.08555373753653955, 'generation': 87}","{'id': 3780, 'rank': 20, 'fitness': 0.07272978780095957, 'generation': 87}","{'id': 3784, 'rank': 21, 'fitness': 0.06149252058473853, 'generation': 87}","{'id': 3783, 'rank': 22, 'fitness': 0.04667692125718187, 'generation': 87}","{'id': 3792, 'rank': 23, 'fitness': 0.04115719749984642, 'generation': 87}","{'id': 3789, 'rank': 24, 'fitness': 0.039522517100006094, 'generation': 87}","{'id': 3795, 'rank': 25, 'fitness': 0.03668507381501562, 'generation': 87}","{'id': 3798, 'rank': 26, 'fitness': 0.02954124016238374, 'generation': 87}","{'id': 3791, 'rank': 27, 'fitness': 0.023737485051254892, 'generation': 87}","{'id': 3790, 'rank': 28, 'fitness': 0.0208181018966489, 'generation': 87}","{'id': 3781, 'rank': 29, 'fitness': 0.020408058344119795, 'generation': 87}","{'id': 3805, 'rank': 30, 'fitness': 0.01798620996209155, 'generation': 87}"
"{'id': 3834, 'rank': 1, 'fitness': 0.9820137900379085, 'generation': 88}","{'id': 3840, 'rank': 2, 'fitness': 0.9807350466134741, 'generation': 88}","{'id': 3821, 'rank': 3, 'fitness': 0.8312185235728469, 'generation': 88}","{'id': 3816, 'rank': 4, 'fitness': 0.8080606223604584, 'generation': 88}","{'id': 3826, 'rank': 5, 'fitness': 0.7877411422273384, 'generation': 88}","{'id': 3825, 'rank': 6, 'fitness': 0.7756627178375496, 'generation': 88}","{'id': 3850, 'rank': 7, 'fitness': 0.6149085196743129, 'generation': 88}","{'id': 3818, 'rank': 8, 'fitness': 0.5647596901890254, 'generation': 88}","{'id': 3842, 'rank': 9, 'fitness': 0.49817530997115184, 'generation': 88}","{'id': 3820, 'rank': 10, 'fitness': 0.3703313702972717, 'generation': 88}","{'id': 3847, 'rank': 11, 'fitness': 0.3686141812170096, 'generation': 88}","{'id': 3810, 'rank': 12, 'fitness': 0.2908063139622208, 'generation': 88}","{'id': 3827, 'rank': 13, 'fitness': 0.24393763437868543, 'generation': 88}","{'id': 3819, 'rank': 14, 'fitness': 0.17966676420265676, 'generation': 88}","{'id': 3833, 'rank': 15, 'fitness': 0.15923528415424887, 'generation': 88}","{'id': 3839, 'rank': 16, 'fitness': 0.1557779346127815, 'generation': 88}","{'id': 3828, 'rank': 17, 'fitness': 0.11448279691845636, 'generation': 88}","{'id': 3838, 'rank': 18, 'fitness': 0.10025048191983688, 'generation': 88}","{'id': 3841, 'rank': 19, 'fitness': 0.08513712984745664, 'generation': 88}","{'id': 3843, 'rank': 20, 'fitness': 0.0739866061623769, 'generation': 88}","{'id': 3846, 'rank': 21, 'fitness': 0.06480012727129725, 'generation': 88}","{'id': 3817, 'rank': 22, 'fitness': 0.05868971624323138, 'generation': 88}","{'id': 3809, 'rank': 23, 'fitness': 0.05361465208916877, 'generation': 88}","{'id': 3832, 'rank': 24, 'fitness': 0.049825968708915036, 'generation': 88}","{'id': 3844, 'rank': 25, 'fitness': 0.04943793005777786, 'generation': 88}","{'id': 3829, 'rank': 26, 'fitness': 0.031710607132333035, 'generation': 88}","{'id': 3848, 'rank': 27, 'fitness': 0.029276870303735103, 'generation': 88}","{'id': 3815, 'rank': 28, 'fitness': 0.025986632687710676, 'generation': 88}","{'id': 3830, 'rank': 29, 'fitness': 0.019497239571205416, 'generation': 88}","{'id': 3814, 'rank': 30, 'fitness': 0.01798620996209155, 'generation': 88}"
"{'id': 3887, 'rank': 1, 'fitness': 0.9820137900379085, 'generation': 89}","{'id': 3878, 'rank': 2, 'fitness': 0.9566639630704741, 'generation': 89}","{'id': 3886, 'rank': 3, 'fitness': 0.9432041839920962, 'generation': 89}","{'id': 3888, 'rank': 4, 'fitness': 0.9383628153706116, 'generation': 89}","{'id': 3869, 'rank': 5, 'fitness': 0.8444543945372375, 'generation': 89}","{'id': 3894, 'rank': 6, 'fitness': 0.7563874609957941, 'generation': 89}","{'id': 3871, 'rank': 7, 'fitness': 0.7230644907131962, 'generation': 89}","{'id': 3877, 'rank': 8, 'fitness': 0.7130934552912643, 'generation': 89}","{'id': 3896, 'rank': 9, 'fitness': 0.6985159064936856, 'generation': 89}","{'id': 3891, 'rank': 10, 'fitness': 0.6656945862234933, 'generation': 89}","{'id': 3889, 'rank': 11, 'fitness': 0.4463312748131899, 'generation': 89}","{'id': 3879, 'rank': 12, 'fitness': 0.39589726060030656, 'generation': 89}","{'id': 3884, 'rank': 13, 'fitness': 0.3920507852384106, 'generation': 89}","{'id': 3880, 'rank': 14, 'fitness': 0.32600948136202934, 'generation': 89}","{'id': 3851, 'rank': 15, 'fitness': 0.2948357922059587, 'generation': 89}","{'id': 3852, 'rank': 16, 'fitness': 0.21051984785614286, 'generation': 89}","{'id': 3895, 'rank': 17, 'fitness': 0.20325785559246318, 'generation': 89}","{'id': 3859, 'rank': 18, 'fitness': 0.1604750245533616, 'generation': 89}","{'id': 3857, 'rank': 19, 'fitness': 0.13135375570991797, 'generation': 89}","{'id': 3874, 'rank': 20, 'fitness': 0.11690266495156387, 'generation': 89}","{'id': 3885, 'rank': 21, 'fitness': 0.1167283061605271, 'generation': 89}","{'id': 3860, 'rank': 22, 'fitness': 0.10431849204912907, 'generation': 89}","{'id': 3881, 'rank': 23, 'fitness': 0.08293291250589374, 'generation': 89}","{'id': 3865, 'rank': 24, 'fitness': 0.0748250527602895, 'generation': 89}","{'id': 3868, 'rank': 25, 'fitness': 0.04617513088327596, 'generation': 89}","{'id': 3883, 'rank': 26, 'fitness': 0.030869978931719166, 'generation': 89}","{'id': 3855, 'rank': 27, 'fitness': 0.027583493170345696, 'generation': 89}","{'id': 3858, 'rank': 28, 'fitness': 0.026208735004289718, 'generation': 89}","{'id': 3870, 'rank': 29, 'fitness': 0.018687907321630892, 'generation': 89}","{'id': 3863, 'rank': 30, 'fitness': 0.01798620996209155, 'generation': 89}"
"{'id': 3942, 'rank': 1, 'fitness': 0.9820137900379085, 'generation': 90}","{'id': 3917, 'rank': 2, 'fitness': 0.9301897436589698, 'generation': 90}","{'id': 3929, 'rank': 3, 'fitness': 0.877392209885598, 'generation': 90}","{'id': 3931, 'rank': 4, 'fitness': 0.8113366820159706, 'generation': 90}","{'id': 3935, 'rank': 5, 'fitness': 0.7938509340177509, 'generation': 90}","{'id': 3936, 'rank': 6, 'fitness': 0.7229326822441414, 'generation': 90}","{'id': 3938, 'rank': 7, 'fitness': 0.6489114440914088, 'generation': 90}","{'id': 3925, 'rank': 8, 'fitness': 0.6361041333162288, 'generation': 90}","{'id': 3939, 'rank': 9, 'fitness': 0.5680373142794565, 'generation': 90}","{'id': 3913, 'rank': 10, 'fitness': 0.5072605680222095, 'generation': 90}","{'id': 3943, 'rank': 11, 'fitness': 0.31652634655567313, 'generation': 90}","{'id': 3930, 'rank': 12, 'fitness': 0.3091876424053688, 'generation': 90}","{'id': 3941, 'rank': 13, 'fitness': 0.2353518182865345, 'generation': 90}","{'id': 3934, 'rank': 14, 'fitness': 0.1828875448726014, 'generation': 90}","{'id': 3897, 'rank': 15, 'fitness': 0.15781436287411615, 'generation': 90}","{'id': 3912, 'rank': 16, 'fitness': 0.14481820803568152, 'generation': 90}","{'id': 3898, 'rank': 17, 'fitness': 0.11874958278427411, 'generation': 90}","{'id': 3920, 'rank': 18, 'fitness': 0.07326683598533668, 'generation': 90}","{'id': 3928, 'rank': 19, 'fitness': 0.06408031363438743, 'generation': 90}","{'id': 3906, 'rank': 20, 'fitness': 0.056123317165515774, 'generation': 90}","{'id': 3910, 'rank': 21, 'fitness': 0.05266604750872789, 'generation': 90}","{'id': 3907, 'rank': 22, 'fitness': 0.03707437147285331, 'generation': 90}","{'id': 3922, 'rank': 23, 'fitness': 0.03257248313038785, 'generation': 90}","{'id': 3933, 'rank': 24, 'fitness': 0.03121353336509708, 'generation': 90}","{'id': 3899, 'rank': 25, 'fitness': 0.030830868642652443, 'generation': 90}","{'id': 3911, 'rank': 26, 'fitness': 0.026004945392203827, 'generation': 90}","{'id': 3926, 'rank': 27, 'fitness': 0.023914151912088455, 'generation': 90}","{'id': 3927, 'rank': 28, 'fitness': 0.02278439956323286, 'generation': 90}","{'id': 3916, 'rank': 29, 'fitness': 0.019017845266634248, 'generation': 90}","{'id': 3905, 'rank': 30, 'fitness': 0.01798620996209155, 'generation': 90}"
"{'id': 3964, 'rank': 1, 'fitness': 0.9820137900379085, 'generation': 91}","{'id': 3977, 'rank': 2, 'fitness': 0.909168241645151, 'generation': 91}","{'id': 3955, 'rank': 3, 'fitness': 0.8643876516444928, 'generation': 91}","{'id': 3962, 'rank': 4, 'fitness': 0.8620795268838193, 'generation': 91}","{'id': 3980, 'rank': 5, 'fitness': 0.8598642314290788, 'generation': 91}","{'id': 3959, 'rank': 6, 'fitness': 0.7978298429625482, 'generation': 91}","{'id': 3976, 'rank': 7, 'fitness': 0.7545414686072685, 'generation': 91}","{'id': 3967, 'rank': 8, 'fitness': 0.658511810870707, 'generation': 91}","{'id': 3969, 'rank': 9, 'fitness': 0.6372763788315295, 'generation': 91}","{'id': 3950, 'rank': 10, 'fitness': 0.6303517584129942, 'generation': 91}","{'id': 3946, 'rank': 11, 'fitness': 0.588777100239341, 'generation': 91}","{'id': 3978, 'rank': 12, 'fitness': 0.56305233722412, 'generation': 91}","{'id': 3984, 'rank': 13, 'fitness': 0.5428422659415587, 'generation': 91}","{'id': 3960, 'rank': 14, 'fitness': 0.5276312075492451, 'generation': 91}","{'id': 3951, 'rank': 15, 'fitness': 0.34733327694110305, 'generation': 91}","{'id': 3954, 'rank': 16, 'fitness': 0.2879879107750398, 'generation': 91}","{'id': 3973, 'rank': 17, 'fitness': 0.25061007806727464, 'generation': 91}","{'id': 3979, 'rank': 18, 'fitness': 0.2173297028100284, 'generation': 91}","{'id': 3974, 'rank': 19, 'fitness': 0.1344559639763957, 'generation': 91}","{'id': 3945, 'rank': 20, 'fitness': 0.12712838504404428, 'generation': 91}","{'id': 3981, 'rank': 21, 'fitness': 0.12080932161263813, 'generation': 91}","{'id': 3956, 'rank': 22, 'fitness': 0.1093689373292629, 'generation': 91}","{'id': 3966, 'rank': 23, 'fitness': 0.08399104975353144, 'generation': 91}","{'id': 3958, 'rank': 24, 'fitness': 0.08244334722829538, 'generation': 91}","{'id': 3982, 'rank': 25, 'fitness': 0.050772697268012035, 'generation': 91}","{'id': 3975, 'rank': 26, 'fitness': 0.03725020258945222, 'generation': 91}","{'id': 3972, 'rank': 27, 'fitness': 0.034868454871442134, 'generation': 91}","{'id': 3971, 'rank': 28, 'fitness': 0.026367863437826544, 'generation': 91}","{'id': 3986, 'rank': 29, 'fitness': 0.02172445142788626, 'generation': 91}","{'id': 3953, 'rank': 30, 'fitness': 0.01798620996209155, 'generation': 91}"
"{'id': 4021, 'rank': 1, 'fitness': 0.9820137900379085, 'generation': 92}","{'id': 4028, 'rank': 2, 'fitness': 0.9707896973027367, 'generation': 92}","{'id': 4030, 'rank': 3, 'fitness': 0.9218432631485578, 'generation': 92}","{'id': 4009, 'rank': 4, 'fitness': 0.8953515220891641, 'generation': 92}","{'id': 4035, 'rank': 5, 'fitness': 0.8716559143102507, 'generation': 92}","{'id': 4020, 'rank': 6, 'fitness': 0.8290390933144789, 'generation': 92}","{'id': 4012, 'rank': 7, 'fitness': 0.8042723842875605, 'generation': 92}","{'id': 3994, 'rank': 8, 'fitness': 0.5160383161396915, 'generation': 92}","{'id': 4016, 'rank': 9, 'fitness': 0.49739394873699705, 'generation': 92}","{'id': 4018, 'rank': 10, 'fitness': 0.4754442388863013, 'generation': 92}","{'id': 3998, 'rank': 11, 'fitness': 0.33260924861158636, 'generation': 92}","{'id': 4006, 'rank': 12, 'fitness': 0.3240839430533496, 'generation': 92}","{'id': 3989, 'rank': 13, 'fitness': 0.308183588530311, 'generation': 92}","{'id': 4027, 'rank': 14, 'fitness': 0.2522278178804388, 'generation': 92}","{'id': 4019, 'rank': 15, 'fitness': 0.23800932893259508, 'generation': 92}","{'id': 4023, 'rank': 16, 'fitness': 0.14321822309750676, 'generation': 92}","{'id': 4000, 'rank': 17, 'fitness': 0.12745490865176023, 'generation': 92}","{'id': 4025, 'rank': 18, 'fitness': 0.0897023887181847, 'generation': 92}","{'id': 4031, 'rank': 19, 'fitness': 0.07408255462985042, 'generation': 92}","{'id': 4002, 'rank': 20, 'fitness': 0.057860855818169354, 'generation': 92}","{'id': 4022, 'rank': 21, 'fitness': 0.056856213706409475, 'generation': 92}","{'id': 4003, 'rank': 22, 'fitness': 0.05510946157820179, 'generation': 92}","{'id': 3999, 'rank': 23, 'fitness': 0.039197879217052645, 'generation': 92}","{'id': 4017, 'rank': 24, 'fitness': 0.03418571777535462, 'generation': 92}","{'id': 4024, 'rank': 25, 'fitness': 0.03370220126798806, 'generation': 92}","{'id': 3990, 'rank': 26, 'fitness': 0.033342012380221164, 'generation': 92}","{'id': 4029, 'rank': 27, 'fitness': 0.02677425693476354, 'generation': 92}","{'id': 4032, 'rank': 28, 'fitness': 0.0233233899926496, 'generation': 92}","{'id': 4007, 'rank': 29, 'fitness': 0.022700527560590766, 'generation': 92}","{'id': 4001, 'rank': 30, 'fitness': 0.01798620996209155, 'generation': 92}"
"{'id': 4074, 'rank': 1, 'fitness': 0.9820137900379085, 'generation': 93}","{'id': 4081, 'rank': 2, 'fitness': 0.9593475984208779, 'generation': 93}","{'id': 4064, 'rank': 3, 'fitness': 0.9026375401374017, 'generation': 93}","{'id': 4082, 'rank': 4, 'fitness': 0.8350152837081307, 'generation': 93}","{'id': 4078, 'rank': 5, 'fitness': 0.6558796913560334, 'generation': 93}","{'id': 4067, 'rank': 6, 'fitness': 0.6479370996397876, 'generation': 93}","{'id': 4061, 'rank': 7, 'fitness': 0.627610385962507, 'generation': 93}","{'id': 4068, 'rank': 8, 'fitness': 0.5750206333182025, 'generation': 93}","{'id': 4069, 'rank': 9, 'fitness': 0.5261420116986534, 'generation': 93}","{'id': 4080, 'rank': 10, 'fitness': 0.47459120985369535, 'generation': 93}","{'id': 4070, 'rank': 11, 'fitness': 0.4092995910647784, 'generation': 93}","{'id': 4052, 'rank': 12, 'fitness': 0.34683520793614664, 'generation': 93}","{'id': 4066, 'rank': 13, 'fitness': 0.33836047778496636, 'generation': 93}","{'id': 4054, 'rank': 14, 'fitness': 0.3321536506239854, 'generation': 93}","{'id': 4079, 'rank': 15, 'fitness': 0.312541840033092, 'generation': 93}","{'id': 4065, 'rank': 16, 'fitness': 0.29825762866456296, 'generation': 93}","{'id': 4075, 'rank': 17, 'fitness': 0.27925114213146557, 'generation': 93}","{'id': 4085, 'rank': 18, 'fitness': 0.22604948087537918, 'generation': 93}","{'id': 4072, 'rank': 19, 'fitness': 0.13954739748090544, 'generation': 93}","{'id': 4084, 'rank': 20, 'fitness': 0.13840284109167034, 'generation': 93}","{'id': 4077, 'rank': 21, 'fitness': 0.13541142453659483, 'generation': 93}","{'id': 4047, 'rank': 22, 'fitness': 0.10491100364846295, 'generation': 93}","{'id': 4058, 'rank': 23, 'fitness': 0.08485520338914831, 'generation': 93}","{'id': 4073, 'rank': 24, 'fitness': 0.04975033146107799, 'generation': 93}","{'id': 4087, 'rank': 25, 'fitness': 0.04733288998680962, 'generation': 93}","{'id': 4076, 'rank': 26, 'fitness': 0.042157812793139626, 'generation': 93}","{'id': 4086, 'rank': 27, 'fitness': 0.03307379559734497, 'generation': 93}","{'id': 4060, 'rank': 28, 'fitness': 0.024329832202881763, 'generation': 93}","{'id': 4059, 'rank': 29, 'fitness': 0.020485381184561835, 'generation': 93}","{'id': 4048, 'rank': 30, 'fitness': 0.01798620996209155, 'generation': 93}"
"{'id': 4131, 'rank': 1, 'fitness': 0.9820137900379085, 'generation': 94}","{'id': 4134, 'rank': 2, 'fitness': 0.9808530159250148, 'generation': 94}","{'id': 4122, 'rank': 3, 'fitness': 0.9761288142558021, 'generation': 94}","{'id': 4118, 'rank': 4, 'fitness': 0.9560484194167874, 'generation': 94}","{'id': 4110, 'rank': 5, 'fitness': 0.9346771516045179, 'generation': 94}","{'id': 4127, 'rank': 6, 'fitness': 0.8271010378765192, 'generation': 94}","{'id': 4121, 'rank': 7, 'fitness': 0.7750522114038023, 'generation': 94}","{'id': 4108, 'rank': 8, 'fitness': 0.7613735026281401, 'generation': 94}","{'id': 4101, 'rank': 9, 'fitness': 0.716279983671315, 'generation': 94}","{'id': 4089, 'rank': 10, 'fitness': 0.7017160614356197, 'generation': 94}","{'id': 4090, 'rank': 11, 'fitness': 0.6988658896471542, 'generation': 94}","{'id': 4133, 'rank': 12, 'fitness': 0.5572988187971329, 'generation': 94}","{'id': 4109, 'rank': 13, 'fitness': 0.5488635429063543, 'generation': 94}","{'id': 4104, 'rank': 14, 'fitness': 0.5411444662842707, 'generation': 94}","{'id': 4120, 'rank': 15, 'fitness': 0.4539306066288859, 'generation': 94}","{'id': 4123, 'rank': 16, 'fitness': 0.43016824360906014, 'generation': 94}","{'id': 4103, 'rank': 17, 'fitness': 0.30205025209277403, 'generation': 94}","{'id': 4116, 'rank': 18, 'fitness': 0.3005591393466979, 'generation': 94}","{'id': 4105, 'rank': 19, 'fitness': 0.1939095631904692, 'generation': 94}","{'id': 4102, 'rank': 20, 'fitness': 0.14235999834422952, 'generation': 94}","{'id': 4106, 'rank': 21, 'fitness': 0.10000107187621382, 'generation': 94}","{'id': 4114, 'rank': 22, 'fitness': 0.058536232677840305, 'generation': 94}","{'id': 4124, 'rank': 23, 'fitness': 0.04080648752840377, 'generation': 94}","{'id': 4098, 'rank': 24, 'fitness': 0.040236950665417826, 'generation': 94}","{'id': 4126, 'rank': 25, 'fitness': 0.03740947784400295, 'generation': 94}","{'id': 4099, 'rank': 26, 'fitness': 0.027803064021964474, 'generation': 94}","{'id': 4135, 'rank': 27, 'fitness': 0.02349458785883579, 'generation': 94}","{'id': 4091, 'rank': 28, 'fitness': 0.022089742248848743, 'generation': 94}","{'id': 4128, 'rank': 29, 'fitness': 0.020689408667633358, 'generation': 94}","{'id': 4097, 'rank': 30, 'fitness': 0.01798620996209155, 'generation': 94}"
"{'id': 4178, 'rank': 1, 'fitness': 0.9820137900379085, 'generation': 95}","{'id': 4173, 'rank': 2, 'fitness': 0.8672352897427008, 'generation': 95}","{'id': 4169, 'rank': 3, 'fitness': 0.6926258097067947, 'generation': 95}","{'id': 4175, 'rank': 4, 'fitness': 0.6595146106546077, 'generation': 95}","{'id': 4183, 'rank': 5, 'fitness': 0.5657754493796632, 'generation': 95}","{'id': 4174, 'rank': 6, 'fitness': 0.371293466158203, 'generation': 95}","{'id': 4170, 'rank': 7, 'fitness': 0.2822350467822559, 'generation': 95}","{'id': 4168, 'rank': 8, 'fitness': 0.27579490865963113, 'generation': 95}","{'id': 4177, 'rank': 9, 'fitness': 0.2651364443414528, 'generation': 95}","{'id': 4180, 'rank': 10, 'fitness': 0.24810714955064955, 'generation': 95}","{'id': 4179, 'rank': 11, 'fitness': 0.24706178419366187, 'generation': 95}","{'id': 4156, 'rank': 12, 'fitness': 0.23154834277724257, 'generation': 95}","{'id': 4141, 'rank': 13, 'fitness': 0.22964607221429822, 'generation': 95}","{'id': 4164, 'rank': 14, 'fitness': 0.18666944585117762, 'generation': 95}","{'id': 4152, 'rank': 15, 'fitness': 0.16537702280957545, 'generation': 95}","{'id': 4162, 'rank': 16, 'fitness': 0.1646011462719943, 'generation': 95}","{'id': 4154, 'rank': 17, 'fitness': 0.13884517843658067, 'generation': 95}","{'id': 4181, 'rank': 18, 'fitness': 0.09285682328308137, 'generation': 95}","{'id': 4176, 'rank': 19, 'fitness': 0.07803412863310988, 'generation': 95}","{'id': 4172, 'rank': 20, 'fitness': 0.0720228773341467, 'generation': 95}","{'id': 4163, 'rank': 21, 'fitness': 0.0633771809717803, 'generation': 95}","{'id': 4159, 'rank': 22, 'fitness': 0.053188316604322994, 'generation': 95}","{'id': 4165, 'rank': 23, 'fitness': 0.05138254592377328, 'generation': 95}","{'id': 4167, 'rank': 24, 'fitness': 0.04392469681648814, 'generation': 95}","{'id': 4153, 'rank': 25, 'fitness': 0.03398022174266224, 'generation': 95}","{'id': 4155, 'rank': 26, 'fitness': 0.025598860697433945, 'generation': 95}","{'id': 4160, 'rank': 27, 'fitness': 0.025051247315196035, 'generation': 95}","{'id': 4147, 'rank': 28, 'fitness': 0.02342348907231606, 'generation': 95}","{'id': 4139, 'rank': 29, 'fitness': 0.019704331305160194, 'generation': 95}","{'id': 4137, 'rank': 30, 'fitness': 0.01798620996209155, 'generation': 95}"
"{'id': 4216, 'rank': 1, 'fitness': 0.9820137900379085, 'generation': 96}","{'id': 4220, 'rank': 2, 'fitness': 0.9329011198209942, 'generation': 96}","{'id': 4197, 'rank': 3, 'fitness': 0.8584748310513317, 'generation': 96}","{'id': 4217, 'rank': 4, 'fitness': 0.6481611563551225, 'generation': 96}","{'id': 4200, 'rank': 5, 'fitness': 0.44291240404972904, 'generation': 96}","{'id': 4192, 'rank': 6, 'fitness': 0.4005022818268779, 'generation': 96}","{'id': 4223, 'rank': 7, 'fitness': 0.38077147585863835, 'generation': 96}","{'id': 4221, 'rank': 8, 'fitness': 0.23448690354984802, 'generation': 96}","{'id': 4213, 'rank': 9, 'fitness': 0.22890022748064476, 'generation': 96}","{'id': 4211, 'rank': 10, 'fitness': 0.1429663453773844, 'generation': 96}","{'id': 4215, 'rank': 11, 'fitness': 0.09577350823887176, 'generation': 96}","{'id': 4212, 'rank': 12, 'fitness': 0.08572201343870633, 'generation': 96}","{'id': 4191, 'rank': 13, 'fitness': 0.08493301526043917, 'generation': 96}","{'id': 4201, 'rank': 14, 'fitness': 0.06149185073551483, 'generation': 96}","{'id': 4210, 'rank': 15, 'fitness': 0.05511319393616482, 'generation': 96}","{'id': 4202, 'rank': 16, 'fitness': 0.05440684840312071, 'generation': 96}","{'id': 4219, 'rank': 17, 'fitness': 0.05180247766436824, 'generation': 96}","{'id': 4186, 'rank': 18, 'fitness': 0.05138559379142671, 'generation': 96}","{'id': 4190, 'rank': 19, 'fitness': 0.0459398188909414, 'generation': 96}","{'id': 4218, 'rank': 20, 'fitness': 0.044767631610732384, 'generation': 96}","{'id': 4207, 'rank': 21, 'fitness': 0.04113262633744308, 'generation': 96}","{'id': 4185, 'rank': 22, 'fitness': 0.04086104603293056, 'generation': 96}","{'id': 4199, 'rank': 23, 'fitness': 0.037300088327131, 'generation': 96}","{'id': 4198, 'rank': 24, 'fitness': 0.035928298475454035, 'generation': 96}","{'id': 4195, 'rank': 25, 'fitness': 0.03430799227550069, 'generation': 96}","{'id': 4222, 'rank': 26, 'fitness': 0.03418545373122417, 'generation': 96}","{'id': 4206, 'rank': 27, 'fitness': 0.02759745414449133, 'generation': 96}","{'id': 4196, 'rank': 28, 'fitness': 0.02436246948365578, 'generation': 96}","{'id': 4194, 'rank': 29, 'fitness': 0.022966609278558703, 'generation': 96}","{'id': 4205, 'rank': 30, 'fitness': 0.01798620996209155, 'generation': 96}"
"{'id': 4263, 'rank': 1, 'fitness': 0.9820137900379085, 'generation': 97}","{'id': 4253, 'rank': 2, 'fitness': 0.9168226857178257, 'generation': 97}","{'id': 4239, 'rank': 3, 'fitness': 0.8781502747295862, 'generation': 97}","{'id': 4254, 'rank': 4, 'fitness': 0.8451152025871407, 'generation': 97}","{'id': 4257, 'rank': 5, 'fitness': 0.6020553482520471, 'generation': 97}","{'id': 4248, 'rank': 6, 'fitness': 0.6006247052336713, 'generation': 97}","{'id': 4261, 'rank': 7, 'fitness': 0.5823435633360229, 'generation': 97}","{'id': 4262, 'rank': 8, 'fitness': 0.45285396098424535, 'generation': 97}","{'id': 4256, 'rank': 9, 'fitness': 0.3535597347766668, 'generation': 97}","{'id': 4265, 'rank': 10, 'fitness': 0.34041600711053627, 'generation': 97}","{'id': 4226, 'rank': 11, 'fitness': 0.21644044414833002, 'generation': 97}","{'id': 4245, 'rank': 12, 'fitness': 0.2024170219363527, 'generation': 97}","{'id': 4260, 'rank': 13, 'fitness': 0.19495917163191884, 'generation': 97}","{'id': 4233, 'rank': 14, 'fitness': 0.17516525412127726, 'generation': 97}","{'id': 4230, 'rank': 15, 'fitness': 0.15634792038835355, 'generation': 97}","{'id': 4251, 'rank': 16, 'fitness': 0.15405416073599415, 'generation': 97}","{'id': 4259, 'rank': 17, 'fitness': 0.12116545447615212, 'generation': 97}","{'id': 4246, 'rank': 18, 'fitness': 0.09562420559354246, 'generation': 97}","{'id': 4264, 'rank': 19, 'fitness': 0.07791869033765525, 'generation': 97}","{'id': 4249, 'rank': 20, 'fitness': 0.06808054052340218, 'generation': 97}","{'id': 4250, 'rank': 21, 'fitness': 0.06338389635128344, 'generation': 97}","{'id': 4231, 'rank': 22, 'fitness': 0.05924036323276394, 'generation': 97}","{'id': 4243, 'rank': 23, 'fitness': 0.04263044288103701, 'generation': 97}","{'id': 4235, 'rank': 24, 'fitness': 0.04028877675936293, 'generation': 97}","{'id': 4241, 'rank': 25, 'fitness': 0.03825691356560573, 'generation': 97}","{'id': 4252, 'rank': 26, 'fitness': 0.03491884411988372, 'generation': 97}","{'id': 4236, 'rank': 27, 'fitness': 0.024818214710903286, 'generation': 97}","{'id': 4234, 'rank': 28, 'fitness': 0.02235726802086413, 'generation': 97}","{'id': 4247, 'rank': 29, 'fitness': 0.0223101932621248, 'generation': 97}","{'id': 4232, 'rank': 30, 'fitness': 0.01798620996209155, 'generation': 97}"
"{'id': 4283, 'rank': 1, 'fitness': 0.9820137900379085, 'generation': 98}","{'id': 4303, 'rank': 2, 'fitness': 0.9672192456941493, 'generation': 98}","{'id': 4296, 'rank': 3, 'fitness': 0.8732552016798729, 'generation': 98}","{'id': 4289, 'rank': 4, 'fitness': 0.8507172734765074, 'generation': 98}","{'id': 4282, 'rank': 5, 'fitness': 0.8179298320153608, 'generation': 98}","{'id': 4304, 'rank': 6, 'fitness': 0.7858896576661041, 'generation': 98}","{'id': 4292, 'rank': 7, 'fitness': 0.7555877339632562, 'generation': 98}","{'id': 4294, 'rank': 8, 'fitness': 0.7275900020698536, 'generation': 98}","{'id': 4299, 'rank': 9, 'fitness': 0.7017464477856379, 'generation': 98}","{'id': 4281, 'rank': 10, 'fitness': 0.6677282694875161, 'generation': 98}","{'id': 4291, 'rank': 11, 'fitness': 0.6349403941996588, 'generation': 98}","{'id': 4301, 'rank': 12, 'fitness': 0.4651084567789531, 'generation': 98}","{'id': 4266, 'rank': 13, 'fitness': 0.31120186587148146, 'generation': 98}","{'id': 4306, 'rank': 14, 'fitness': 0.2931949879133862, 'generation': 98}","{'id': 4267, 'rank': 15, 'fitness': 0.22769766143236309, 'generation': 98}","{'id': 4269, 'rank': 16, 'fitness': 0.18141076033771003, 'generation': 98}","{'id': 4276, 'rank': 17, 'fitness': 0.16148194365546797, 'generation': 98}","{'id': 4300, 'rank': 18, 'fitness': 0.15434559084088678, 'generation': 98}","{'id': 4277, 'rank': 19, 'fitness': 0.14032147011807533, 'generation': 98}","{'id': 4271, 'rank': 20, 'fitness': 0.10115485341426067, 'generation': 98}","{'id': 4305, 'rank': 21, 'fitness': 0.08710285429766906, 'generation': 98}","{'id': 4307, 'rank': 22, 'fitness': 0.057146872693114914, 'generation': 98}","{'id': 4302, 'rank': 23, 'fitness': 0.05033955342273683, 'generation': 98}","{'id': 4297, 'rank': 24, 'fitness': 0.0344300713202369, 'generation': 98}","{'id': 4287, 'rank': 25, 'fitness': 0.027691934394561024, 'generation': 98}","{'id': 4268, 'rank': 26, 'fitness': 0.02485420756333867, 'generation': 98}","{'id': 4275, 'rank': 27, 'fitness': 0.024691222673195234, 'generation': 98}","{'id': 4288, 'rank': 28, 'fitness': 0.021669014125815955, 'generation': 98}","{'id': 4279, 'rank': 29, 'fitness': 0.018338105377038616, 'generation': 98}","{'id': 4284, 'rank': 30, 'fitness': 0.01798620996209155, 'generation': 98}"
"{'id': 4349, 'rank': 1, 'fitness': 0.9820137900379085, 'generation': 99}","{'id': 4353, 'rank': 2, 'fitness': 0.8287719044098929, 'generation': 99}","{'id': 4348, 'rank': 3, 'fitness': 0.7377070394330796, 'generation': 99}","{'id': 4342, 'rank': 4, 'fitness': 0.6066425199494234, 'generation': 99}","{'id': 4359, 'rank': 5, 'fitness': 0.511138281121081, 'generation': 99}","{'id': 4354, 'rank': 6, 'fitness': 0.2214140594863706, 'generation': 99}","{'id': 4328, 'rank': 7, 'fitness': 0.18443116606008758, 'generation': 99}","{'id': 4358, 'rank': 8, 'fitness': 0.17868383424486584, 'generation': 99}","{'id': 4335, 'rank': 9, 'fitness': 0.17718162405553006, 'generation': 99}","{'id': 4320, 'rank': 10, 'fitness': 0.14036764342109026, 'generation': 99}","{'id': 4312, 'rank': 11, 'fitness': 0.12587793669700975, 'generation': 99}","{'id': 4313, 'rank': 12, 'fitness': 0.10529219964121261, 'generation': 99}","{'id': 4336, 'rank': 13, 'fitness': 0.09592894237265076, 'generation': 99}","{'id': 4322, 'rank': 14, 'fitness': 0.07879318345247843, 'generation': 99}","{'id': 4343, 'rank': 15, 'fitness': 0.0665464274359231, 'generation': 99}","{'id': 4314, 'rank': 16, 'fitness': 0.06643337692302909, 'generation': 99}","{'id': 4344, 'rank': 17, 'fitness': 0.053706655067793596, 'generation': 99}","{'id': 4310, 'rank': 18, 'fitness': 0.05258787350955091, 'generation': 99}","{'id': 4341, 'rank': 19, 'fitness': 0.04027936479361627, 'generation': 99}","{'id': 4325, 'rank': 20, 'fitness': 0.035821102796971094, 'generation': 99}","{'id': 4352, 'rank': 21, 'fitness': 0.03199647867049765, 'generation': 99}","{'id': 4329, 'rank': 22, 'fitness': 0.031635348339953184, 'generation': 99}","{'id': 4355, 'rank': 23, 'fitness': 0.0312382564438623, 'generation': 99}","{'id': 4321, 'rank': 24, 'fitness': 0.030599666463994202, 'generation': 99}","{'id': 4318, 'rank': 25, 'fitness': 0.027662562031891158, 'generation': 99}","{'id': 4360, 'rank': 26, 'fitness': 0.027392947473744877, 'generation': 99}","{'id': 4326, 'rank': 27, 'fitness': 0.026400548550011282, 'generation': 99}","{'id': 4356, 'rank': 28, 'fitness': 0.024964344166814367, 'generation': 99}","{'id': 4357, 'rank': 29, 'fitness': 0.023815729562044974, 'generation': 99}","{'id': 4315, 'rank': 30, 'fitness': 0.01798620996209155, 'generation': 99}"
"{'id': 4395, 'rank': 1, 'fitness': 0.9820137900379085, 'generation': 100}","{'id': 4382, 'rank': 2, 'fitness': 0.9279462870654559, 'generation': 100}","{'id': 4393, 'rank': 3, 'fitness': 0.9239801845247329, 'generation': 100}","{'id': 4376, 'rank': 4, 'fitness': 0.8686435830976074, 'generation': 100}","{'id': 4387, 'rank': 5, 'fitness': 0.7969268188829864, 'generation': 100}","{'id': 4389, 'rank': 6, 'fitness': 0.7888131900758868, 'generation': 100}","{'id': 4392, 'rank': 7, 'fitness': 0.7058693018467581, 'generation': 100}","{'id': 4391, 'rank': 8, 'fitness': 0.4929716386752306, 'generation': 100}","{'id': 4372, 'rank': 9, 'fitness': 0.4537109653387953, 'generation': 100}","{'id': 4378, 'rank': 10, 'fitness': 0.43477138716412506, 'generation': 100}","{'id': 4365, 'rank': 11, 'fitness': 0.42715283487950545, 'generation': 100}","{'id': 4364, 'rank': 12, 'fitness': 0.37046114388405316, 'generation': 100}","{'id': 4390, 'rank': 13, 'fitness': 0.36305182314542417, 'generation': 100}","{'id': 4384, 'rank': 14, 'fitness': 0.33641203283854604, 'generation': 100}","{'id': 4373, 'rank': 15, 'fitness': 0.20751355211022904, 'generation': 100}","{'id': 4394, 'rank': 16, 'fitness': 0.1815742495697154, 'generation': 100}","{'id': 4374, 'rank': 17, 'fitness': 0.15530530168102646, 'generation': 100}","{'id': 4377, 'rank': 18, 'fitness': 0.10571727833011696, 'generation': 100}","{'id': 4386, 'rank': 19, 'fitness': 0.10510777767787172, 'generation': 100}","{'id': 4379, 'rank': 20, 'fitness': 0.07614243245767621, 'generation': 100}","{'id': 4369, 'rank': 21, 'fitness': 0.07468951437867277, 'generation': 100}","{'id': 4375, 'rank': 22, 'fitness': 0.06870869306642097, 'generation': 100}","{'id': 4363, 'rank': 23, 'fitness': 0.06030021955741177, 'generation': 100}","{'id': 4367, 'rank': 24, 'fitness': 0.04337829133177662, 'generation': 100}","{'id': 4370, 'rank': 25, 'fitness': 0.038142914913450954, 'generation': 100}","{'id': 4381, 'rank': 26, 'fitness': 0.02820305759615266, 'generation': 100}","{'id': 4368, 'rank': 27, 'fitness': 0.025391921703717957, 'generation': 100}","{'id': 4385, 'rank': 28, 'fitness': 0.02053689701081851, 'generation': 100}","{'id': 4371, 'rank': 29, 'fitness': 0.019416532582641255, 'generation': 100}","{'id': 4380, 'rank': 30, 'fitness': 0.01798620996209155, 'generation': 100}"
"{'id': 4430, 'rank': 1, 'fitness': 0.9820137900379085, 'generation': 101}","{'id': 4410, 'rank': 2, 'fitness': 0.9193203477399396, 'generation': 101}","{'id': 4411, 'rank': 3, 'fitness': 0.9021543833672148, 'generation': 101}","{'id': 4431, 'rank': 4, 'fitness': 0.8794373481236901, 'generation': 101}","{'id': 4424, 'rank': 5, 'fitness': 0.8142331137101396, 'generation': 101}","{'id': 4417, 'rank': 6, 'fitness': 0.8087431351843208, 'generation': 101}","{'id': 4426, 'rank': 7, 'fitness': 0.7626358153377794, 'generation': 101}","{'id': 4425, 'rank': 8, 'fitness': 0.6638653895821002, 'generation': 101}","{'id': 4422, 'rank': 9, 'fitness': 0.6492321053548179, 'generation': 101}","{'id': 4413, 'rank': 10, 'fitness': 0.6126409758502368, 'generation': 101}","{'id': 4434, 'rank': 11, 'fitness': 0.5916098869048194, 'generation': 101}","{'id': 4433, 'rank': 12, 'fitness': 0.5825131669260318, 'generation': 101}","{'id': 4419, 'rank': 13, 'fitness': 0.4548071395298246, 'generation': 101}","{'id': 4421, 'rank': 14, 'fitness': 0.426037521009736, 'generation': 101}","{'id': 4423, 'rank': 15, 'fitness': 0.24109073682873333, 'generation': 101}","{'id': 4427, 'rank': 16, 'fitness': 0.18926596759599718, 'generation': 101}","{'id': 4401, 'rank': 17, 'fitness': 0.1639362560966423, 'generation': 101}","{'id': 4399, 'rank': 18, 'fitness': 0.14800719207241764, 'generation': 101}","{'id': 4397, 'rank': 19, 'fitness': 0.14579954217699576, 'generation': 101}","{'id': 4429, 'rank': 20, 'fitness': 0.12381333569802444, 'generation': 101}","{'id': 4403, 'rank': 21, 'fitness': 0.12248314163357527, 'generation': 101}","{'id': 4415, 'rank': 22, 'fitness': 0.08131126458932436, 'generation': 101}","{'id': 4428, 'rank': 23, 'fitness': 0.06781032898703554, 'generation': 101}","{'id': 4408, 'rank': 24, 'fitness': 0.05363195260856152, 'generation': 101}","{'id': 4436, 'rank': 25, 'fitness': 0.04383784742575192, 'generation': 101}","{'id': 4407, 'rank': 26, 'fitness': 0.03960775581315257, 'generation': 101}","{'id': 4402, 'rank': 27, 'fitness': 0.03696148329346627, 'generation': 101}","{'id': 4405, 'rank': 28, 'fitness': 0.024585370234600834, 'generation': 101}","{'id': 4435, 'rank': 29, 'fitness': 0.02277900885929568, 'generation': 101}","{'id': 4432, 'rank': 30, 'fitness': 0.01798620996209155, 'generation': 101}"
"{'id': 4445, 'rank': 1, 'fitness': 0.9820137900379085, 'generation': 102}","{'id': 4481, 'rank': 2, 'fitness': 0.8206936841168342, 'generation': 102}","{'id': 4446, 'rank': 3, 'fitness': 0.6050686037217096, 'generation': 102}","{'id': 4475, 'rank': 4, 'fitness': 0.5611137344272029, 'generation': 102}","{'id': 4469, 'rank': 5, 'fitness': 0.5361980509851741, 'generation': 102}","{'id': 4478, 'rank': 6, 'fitness': 0.3900042109429154, 'generation': 102}","{'id': 4455, 'rank': 7, 'fitness': 0.22016703438913654, 'generation': 102}","{'id': 4477, 'rank': 8, 'fitness': 0.2109406227792021, 'generation': 102}","{'id': 4467, 'rank': 9, 'fitness': 0.20627190825149272, 'generation': 102}","{'id': 4460, 'rank': 10, 'fitness': 0.12024191879515156, 'generation': 102}","{'id': 4463, 'rank': 11, 'fitness': 0.11227017728678657, 'generation': 102}","{'id': 4452, 'rank': 12, 'fitness': 0.10365246657017513, 'generation': 102}","{'id': 4473, 'rank': 13, 'fitness': 0.10278915138980804, 'generation': 102}","{'id': 4476, 'rank': 14, 'fitness': 0.07952739773834427, 'generation': 102}","{'id': 4451, 'rank': 15, 'fitness': 0.06693734365221377, 'generation': 102}","{'id': 4474, 'rank': 16, 'fitness': 0.06455000344629902, 'generation': 102}","{'id': 4450, 'rank': 17, 'fitness': 0.06135617122392101, 'generation': 102}","{'id': 4444, 'rank': 18, 'fitness': 0.05111936646650034, 'generation': 102}","{'id': 4454, 'rank': 19, 'fitness': 0.048183644612550425, 'generation': 102}","{'id': 4459, 'rank': 20, 'fitness': 0.044681885067731186, 'generation': 102}","{'id': 4440, 'rank': 21, 'fitness': 0.044403509885218795, 'generation': 102}","{'id': 4471, 'rank': 22, 'fitness': 0.03799486642163158, 'generation': 102}","{'id': 4461, 'rank': 23, 'fitness': 0.03659074581563204, 'generation': 102}","{'id': 4457, 'rank': 24, 'fitness': 0.02894236784426335, 'generation': 102}","{'id': 4453, 'rank': 25, 'fitness': 0.026969513490718522, 'generation': 102}","{'id': 4470, 'rank': 26, 'fitness': 0.026047582802663227, 'generation': 102}","{'id': 4465, 'rank': 27, 'fitness': 0.023302653475139545, 'generation': 102}","{'id': 4464, 'rank': 28, 'fitness': 0.023168713008953012, 'generation': 102}","{'id': 4449, 'rank': 29, 'fitness': 0.022970391428409898, 'generation': 102}","{'id': 4466, 'rank': 30, 'fitness': 0.01798620996209155, 'generation': 102}"
"{'id': 4506, 'rank': 1, 'fitness': 0.9820137900379085, 'generation': 103}","{'id': 4515, 'rank': 2, 'fitness': 0.9655490639262482, 'generation': 103}","{'id': 4494, 'rank': 3, 'fitness': 0.6680828039613791, 'generation': 103}","{'id': 4493, 'rank': 4, 'fitness': 0.6142881085253554, 'generation': 103}","{'id': 4512, 'rank': 5, 'fitness': 0.5527754567571996, 'generation': 103}","{'id': 4508, 'rank': 6, 'fitness': 0.5485969775334714, 'generation': 103}","{'id': 4521, 'rank': 7, 'fitness': 0.5133121159964822, 'generation': 103}","{'id': 4514, 'rank': 8, 'fitness': 0.509831579393561, 'generation': 103}","{'id': 4510, 'rank': 9, 'fitness': 0.4904033917856607, 'generation': 103}","{'id': 4511, 'rank': 10, 'fitness': 0.48164047933168097, 'generation': 103}","{'id': 4495, 'rank': 11, 'fitness': 0.45527745377751916, 'generation': 103}","{'id': 4516, 'rank': 12, 'fitness': 0.3770588855159377, 'generation': 103}","{'id': 4492, 'rank': 13, 'fitness': 0.3747249993850418, 'generation': 103}","{'id': 4517, 'rank': 14, 'fitness': 0.3651213796808963, 'generation': 103}","{'id': 4501, 'rank': 15, 'fitness': 0.35365542015844553, 'generation': 103}","{'id': 4500, 'rank': 16, 'fitness': 0.3071322351274066, 'generation': 103}","{'id': 4507, 'rank': 17, 'fitness': 0.22417210582286773, 'generation': 103}","{'id': 4519, 'rank': 18, 'fitness': 0.22291963729705366, 'generation': 103}","{'id': 4513, 'rank': 19, 'fitness': 0.16529216583729633, 'generation': 103}","{'id': 4499, 'rank': 20, 'fitness': 0.15326380484571933, 'generation': 103}","{'id': 4503, 'rank': 21, 'fitness': 0.11305270050555705, 'generation': 103}","{'id': 4505, 'rank': 22, 'fitness': 0.0958584231800858, 'generation': 103}","{'id': 4498, 'rank': 23, 'fitness': 0.07679241926204383, 'generation': 103}","{'id': 4490, 'rank': 24, 'fitness': 0.06327103523470085, 'generation': 103}","{'id': 4520, 'rank': 25, 'fitness': 0.06144958585118221, 'generation': 103}","{'id': 4488, 'rank': 26, 'fitness': 0.05770244958018156, 'generation': 103}","{'id': 4491, 'rank': 27, 'fitness': 0.05311337072698996, 'generation': 103}","{'id': 4518, 'rank': 28, 'fitness': 0.05004577080730871, 'generation': 103}","{'id': 4489, 'rank': 29, 'fitness': 0.04037341603323302, 'generation': 103}","{'id': 4497, 'rank': 30, 'fitness': 0.01798620996209155, 'generation': 103}"
"{'id': 4522, 'rank': 1, 'fitness': 0.9820137900379085, 'generation': 104}","{'id': 4564, 'rank': 2, 'fitness': 0.957889741284097, 'generation': 104}","{'id': 4562, 'rank': 3, 'fitness': 0.8150789522524882, 'generation': 104}","{'id': 4547, 'rank': 4, 'fitness': 0.7600342897025595, 'generation': 104}","{'id': 4557, 'rank': 5, 'fitness': 0.6964650202042542, 'generation': 104}","{'id': 4565, 'rank': 6, 'fitness': 0.584935856939435, 'generation': 104}","{'id': 4549, 'rank': 7, 'fitness': 0.5719772681304721, 'generation': 104}","{'id': 4542, 'rank': 8, 'fitness': 0.5472887993766105, 'generation': 104}","{'id': 4524, 'rank': 9, 'fitness': 0.519640151913069, 'generation': 104}","{'id': 4534, 'rank': 10, 'fitness': 0.4829657662806945, 'generation': 104}","{'id': 4553, 'rank': 11, 'fitness': 0.2639871114509797, 'generation': 104}","{'id': 4552, 'rank': 12, 'fitness': 0.21795886833910322, 'generation': 104}","{'id': 4532, 'rank': 13, 'fitness': 0.21183013262436473, 'generation': 104}","{'id': 4550, 'rank': 14, 'fitness': 0.12193234768412609, 'generation': 104}","{'id': 4548, 'rank': 15, 'fitness': 0.11807990545912378, 'generation': 104}","{'id': 4551, 'rank': 16, 'fitness': 0.1175755789242291, 'generation': 104}","{'id': 4539, 'rank': 17, 'fitness': 0.11703201646291145, 'generation': 104}","{'id': 4555, 'rank': 18, 'fitness': 0.10535585167813571, 'generation': 104}","{'id': 4558, 'rank': 19, 'fitness': 0.10169115068598894, 'generation': 104}","{'id': 4543, 'rank': 20, 'fitness': 0.09115141982806096, 'generation': 104}","{'id': 4545, 'rank': 21, 'fitness': 0.0828618062686573, 'generation': 104}","{'id': 4566, 'rank': 22, 'fitness': 0.07758426894353526, 'generation': 104}","{'id': 4538, 'rank': 23, 'fitness': 0.0758264333239631, 'generation': 104}","{'id': 4540, 'rank': 24, 'fitness': 0.07266960398326178, 'generation': 104}","{'id': 4546, 'rank': 25, 'fitness': 0.0571857331319221, 'generation': 104}","{'id': 4537, 'rank': 26, 'fitness': 0.051512775506308506, 'generation': 104}","{'id': 4535, 'rank': 27, 'fitness': 0.038702724761662144, 'generation': 104}","{'id': 4536, 'rank': 28, 'fitness': 0.031205917047395892, 'generation': 104}","{'id': 4560, 'rank': 29, 'fitness': 0.026175446723306073, 'generation': 104}","{'id': 4563, 'rank': 30, 'fitness': 0.01798620996209155, 'generation': 104}"
"{'id': 4600, 'rank': 1, 'fitness': 0.9820137900379085, 'generation': 105}","{'id': 4601, 'rank': 2, 'fitness': 0.92900869351695, 'generation': 105}","{'id': 4603, 'rank': 3, 'fitness': 0.7597976806958713, 'generation': 105}","{'id': 4581, 'rank': 4, 'fitness': 0.6550212926351265, 'generation': 105}","{'id': 4598, 'rank': 5, 'fitness': 0.5947876129265633, 'generation': 105}","{'id': 4611, 'rank': 6, 'fitness': 0.5328266152894421, 'generation': 105}","{'id': 4608, 'rank': 7, 'fitness': 0.47261122539398087, 'generation': 105}","{'id': 4596, 'rank': 8, 'fitness': 0.4124006613944895, 'generation': 105}","{'id': 4602, 'rank': 9, 'fitness': 0.37279508962833274, 'generation': 105}","{'id': 4607, 'rank': 10, 'fitness': 0.3017549393197194, 'generation': 105}","{'id': 4592, 'rank': 11, 'fitness': 0.27039588179944035, 'generation': 105}","{'id': 4569, 'rank': 12, 'fitness': 0.25690121345776185, 'generation': 105}","{'id': 4579, 'rank': 13, 'fitness': 0.18073634416573992, 'generation': 105}","{'id': 4595, 'rank': 14, 'fitness': 0.15653607125647456, 'generation': 105}","{'id': 4589, 'rank': 15, 'fitness': 0.11675493579982232, 'generation': 105}","{'id': 4574, 'rank': 16, 'fitness': 0.11595083616853336, 'generation': 105}","{'id': 4604, 'rank': 17, 'fitness': 0.11066154887950269, 'generation': 105}","{'id': 4577, 'rank': 18, 'fitness': 0.10351317761566997, 'generation': 105}","{'id': 4584, 'rank': 19, 'fitness': 0.09400609252163772, 'generation': 105}","{'id': 4597, 'rank': 20, 'fitness': 0.06422811091350156, 'generation': 105}","{'id': 4586, 'rank': 21, 'fitness': 0.049128682048509065, 'generation': 105}","{'id': 4582, 'rank': 22, 'fitness': 0.04800810219405727, 'generation': 105}","{'id': 4580, 'rank': 23, 'fitness': 0.041519909911338915, 'generation': 105}","{'id': 4567, 'rank': 24, 'fitness': 0.038579667901018355, 'generation': 105}","{'id': 4606, 'rank': 25, 'fitness': 0.03440869612403408, 'generation': 105}","{'id': 4588, 'rank': 26, 'fitness': 0.023218453522361848, 'generation': 105}","{'id': 4571, 'rank': 27, 'fitness': 0.022545977919040838, 'generation': 105}","{'id': 4583, 'rank': 28, 'fitness': 0.0181649889564664, 'generation': 105}","{'id': 4590, 'rank': 29, 'fitness': 0.018162606576465068, 'generation': 105}","{'id': 4593, 'rank': 30, 'fitness': 0.01798620996209155, 'generation': 105}"
"{'id': 4628, 'rank': 1, 'fitness': 0.9820137900379085, 'generation': 106}","{'id': 4648, 'rank': 2, 'fitness': 0.9563398564799956, 'generation': 106}","{'id': 4639, 'rank': 3, 'fitness': 0.8853657734400517, 'generation': 106}","{'id': 4649, 'rank': 4, 'fitness': 0.7822719120064077, 'generation': 106}","{'id': 4626, 'rank': 5, 'fitness': 0.7692155884681566, 'generation': 106}","{'id': 4625, 'rank': 6, 'fitness': 0.7378470899133209, 'generation': 106}","{'id': 4647, 'rank': 7, 'fitness': 0.6623142100580918, 'generation': 106}","{'id': 4635, 'rank': 8, 'fitness': 0.582556918955519, 'generation': 106}","{'id': 4644, 'rank': 9, 'fitness': 0.5801012425059626, 'generation': 106}","{'id': 4640, 'rank': 10, 'fitness': 0.5504464110261272, 'generation': 106}","{'id': 4632, 'rank': 11, 'fitness': 0.5387837301816689, 'generation': 106}","{'id': 4621, 'rank': 12, 'fitness': 0.48934578572782583, 'generation': 106}","{'id': 4645, 'rank': 13, 'fitness': 0.48061856987444407, 'generation': 106}","{'id': 4633, 'rank': 14, 'fitness': 0.47882920906687754, 'generation': 106}","{'id': 4619, 'rank': 15, 'fitness': 0.34681685730328093, 'generation': 106}","{'id': 4651, 'rank': 16, 'fitness': 0.346180508605195, 'generation': 106}","{'id': 4615, 'rank': 17, 'fitness': 0.26772933277225036, 'generation': 106}","{'id': 4643, 'rank': 18, 'fitness': 0.21919358709247783, 'generation': 106}","{'id': 4641, 'rank': 19, 'fitness': 0.19780531551871294, 'generation': 106}","{'id': 4620, 'rank': 20, 'fitness': 0.17205099653044792, 'generation': 106}","{'id': 4622, 'rank': 21, 'fitness': 0.1701231637338489, 'generation': 106}","{'id': 4630, 'rank': 22, 'fitness': 0.1402438719585285, 'generation': 106}","{'id': 4623, 'rank': 23, 'fitness': 0.09720871566181732, 'generation': 106}","{'id': 4650, 'rank': 24, 'fitness': 0.09699847438602283, 'generation': 106}","{'id': 4642, 'rank': 25, 'fitness': 0.0446155447100528, 'generation': 106}","{'id': 4624, 'rank': 26, 'fitness': 0.029383924276813356, 'generation': 106}","{'id': 4634, 'rank': 27, 'fitness': 0.02430959337652633, 'generation': 106}","{'id': 4627, 'rank': 28, 'fitness': 0.01988029296216237, 'generation': 106}","{'id': 4638, 'rank': 29, 'fitness': 0.018141755825416217, 'generation': 106}","{'id': 4637, 'rank': 30, 'fitness': 0.01798620996209155, 'generation': 106}"
"{'id': 4702, 'rank': 1, 'fitness': 0.9820137900379085, 'generation': 107}","{'id': 4661, 'rank': 2, 'fitness': 0.8562665761851644, 'generation': 107}","{'id': 4663, 'rank': 3, 'fitness': 0.854146215030871, 'generation': 107}","{'id': 4693, 'rank': 4, 'fitness': 0.711533698171444, 'generation': 107}","{'id': 4696, 'rank': 5, 'fitness': 0.679450669076658, 'generation': 107}","{'id': 4681, 'rank': 6, 'fitness': 0.6740786037894692, 'generation': 107}","{'id': 4700, 'rank': 7, 'fitness': 0.5932340681018293, 'generation': 107}","{'id': 4653, 'rank': 8, 'fitness': 0.5588382648953817, 'generation': 107}","{'id': 4691, 'rank': 9, 'fitness': 0.47273114626221335, 'generation': 107}","{'id': 4697, 'rank': 10, 'fitness': 0.44703734450614496, 'generation': 107}","{'id': 4664, 'rank': 11, 'fitness': 0.4114544321391151, 'generation': 107}","{'id': 4671, 'rank': 12, 'fitness': 0.37422358103995057, 'generation': 107}","{'id': 4692, 'rank': 13, 'fitness': 0.30773554323655566, 'generation': 107}","{'id': 4695, 'rank': 14, 'fitness': 0.2773535031025089, 'generation': 107}","{'id': 4703, 'rank': 15, 'fitness': 0.12334557825097081, 'generation': 107}","{'id': 4652, 'rank': 16, 'fitness': 0.07867665823343972, 'generation': 107}","{'id': 4669, 'rank': 17, 'fitness': 0.06747994046610362, 'generation': 107}","{'id': 4665, 'rank': 18, 'fitness': 0.0626267977850572, 'generation': 107}","{'id': 4659, 'rank': 19, 'fitness': 0.059176507577723914, 'generation': 107}","{'id': 4677, 'rank': 20, 'fitness': 0.055070122846574976, 'generation': 107}","{'id': 4657, 'rank': 21, 'fitness': 0.054163737313453586, 'generation': 107}","{'id': 4668, 'rank': 22, 'fitness': 0.05264351669145262, 'generation': 107}","{'id': 4672, 'rank': 23, 'fitness': 0.04165039597716763, 'generation': 107}","{'id': 4698, 'rank': 24, 'fitness': 0.0406066916997892, 'generation': 107}","{'id': 4694, 'rank': 25, 'fitness': 0.0346858594829722, 'generation': 107}","{'id': 4680, 'rank': 26, 'fitness': 0.03377433599670793, 'generation': 107}","{'id': 4687, 'rank': 27, 'fitness': 0.02902999978920956, 'generation': 107}","{'id': 4655, 'rank': 28, 'fitness': 0.021244825156769953, 'generation': 107}","{'id': 4679, 'rank': 29, 'fitness': 0.01959020744056089, 'generation': 107}","{'id': 4690, 'rank': 30, 'fitness': 0.01798620996209155, 'generation': 107}"
"{'id': 4723, 'rank': 1, 'fitness': 0.9820137900379085, 'generation': 108}","{'id': 4743, 'rank': 2, 'fitness': 0.9395168779284864, 'generation': 108}","{'id': 4747, 'rank': 3, 'fitness': 0.9293911888507247, 'generation': 108}","{'id': 4737, 'rank': 4, 'fitness': 0.9093328491510986, 'generation': 108}","{'id': 4716, 'rank': 5, 'fitness': 0.8480101555461257, 'generation': 108}","{'id': 4725, 'rank': 6, 'fitness': 0.6514780592809346, 'generation': 108}","{'id': 4751, 'rank': 7, 'fitness': 0.5591942379269601, 'generation': 108}","{'id': 4736, 'rank': 8, 'fitness': 0.5094724896842729, 'generation': 108}","{'id': 4744, 'rank': 9, 'fitness': 0.4438250954685892, 'generation': 108}","{'id': 4707, 'rank': 10, 'fitness': 0.4071574681732007, 'generation': 108}","{'id': 4724, 'rank': 11, 'fitness': 0.3931019687301535, 'generation': 108}","{'id': 4738, 'rank': 12, 'fitness': 0.3405489159116565, 'generation': 108}","{'id': 4714, 'rank': 13, 'fitness': 0.26294112620231896, 'generation': 108}","{'id': 4729, 'rank': 14, 'fitness': 0.2409200730633323, 'generation': 108}","{'id': 4721, 'rank': 15, 'fitness': 0.22342487237363856, 'generation': 108}","{'id': 4726, 'rank': 16, 'fitness': 0.22045528367742406, 'generation': 108}","{'id': 4730, 'rank': 17, 'fitness': 0.20776923011394355, 'generation': 108}","{'id': 4746, 'rank': 18, 'fitness': 0.1942630053538279, 'generation': 108}","{'id': 4741, 'rank': 19, 'fitness': 0.1706739397511906, 'generation': 108}","{'id': 4715, 'rank': 20, 'fitness': 0.10415428820139266, 'generation': 108}","{'id': 4750, 'rank': 21, 'fitness': 0.08210531378635444, 'generation': 108}","{'id': 4722, 'rank': 22, 'fitness': 0.06819963840699722, 'generation': 108}","{'id': 4742, 'rank': 23, 'fitness': 0.05758828906930469, 'generation': 108}","{'id': 4708, 'rank': 24, 'fitness': 0.05528429877062491, 'generation': 108}","{'id': 4740, 'rank': 25, 'fitness': 0.05343585332408113, 'generation': 108}","{'id': 4706, 'rank': 26, 'fitness': 0.03179853860259263, 'generation': 108}","{'id': 4717, 'rank': 27, 'fitness': 0.025782343798952223, 'generation': 108}","{'id': 4734, 'rank': 28, 'fitness': 0.02281887298216262, 'generation': 108}","{'id': 4727, 'rank': 29, 'fitness': 0.021271284480302577, 'generation': 108}","{'id': 4735, 'rank': 30, 'fitness': 0.01798620996209155, 'generation': 108}"
"{'id': 4776, 'rank': 1, 'fitness': 0.9820137900379085, 'generation': 109}","{'id': 4777, 'rank': 2, 'fitness': 0.9747871446251136, 'generation': 109}","{'id': 4764, 'rank': 3, 'fitness': 0.970117384565196, 'generation': 109}","{'id': 4789, 'rank': 4, 'fitness': 0.9545244367937586, 'generation': 109}","{'id': 4784, 'rank': 5, 'fitness': 0.9477114577772027, 'generation': 109}","{'id': 4771, 'rank': 6, 'fitness': 0.8908732259505536, 'generation': 109}","{'id': 4768, 'rank': 7, 'fitness': 0.8560213750755468, 'generation': 109}","{'id': 4787, 'rank': 8, 'fitness': 0.8149451493697417, 'generation': 109}","{'id': 4775, 'rank': 9, 'fitness': 0.6563099289766061, 'generation': 109}","{'id': 4763, 'rank': 10, 'fitness': 0.5374351204248491, 'generation': 109}","{'id': 4782, 'rank': 11, 'fitness': 0.5306871882725255, 'generation': 109}","{'id': 4766, 'rank': 12, 'fitness': 0.4978361991608276, 'generation': 109}","{'id': 4786, 'rank': 13, 'fitness': 0.48415074437204664, 'generation': 109}","{'id': 4781, 'rank': 14, 'fitness': 0.47197064706223896, 'generation': 109}","{'id': 4767, 'rank': 15, 'fitness': 0.4637958694605938, 'generation': 109}","{'id': 4758, 'rank': 16, 'fitness': 0.4377715073629141, 'generation': 109}","{'id': 4759, 'rank': 17, 'fitness': 0.32912473855272933, 'generation': 109}","{'id': 4785, 'rank': 18, 'fitness': 0.32080276583556366, 'generation': 109}","{'id': 4779, 'rank': 19, 'fitness': 0.3052793707592294, 'generation': 109}","{'id': 4765, 'rank': 20, 'fitness': 0.23488567235001107, 'generation': 109}","{'id': 4788, 'rank': 21, 'fitness': 0.21707546602679345, 'generation': 109}","{'id': 4769, 'rank': 22, 'fitness': 0.16529441100190256, 'generation': 109}","{'id': 4778, 'rank': 23, 'fitness': 0.11438278081491693, 'generation': 109}","{'id': 4754, 'rank': 24, 'fitness': 0.07873021107870248, 'generation': 109}","{'id': 4783, 'rank': 25, 'fitness': 0.07326281110694743, 'generation': 109}","{'id': 4761, 'rank': 26, 'fitness': 0.03645152152210801, 'generation': 109}","{'id': 4772, 'rank': 27, 'fitness': 0.03228350824528281, 'generation': 109}","{'id': 4780, 'rank': 28, 'fitness': 0.02394387493082989, 'generation': 109}","{'id': 4774, 'rank': 29, 'fitness': 0.01904046400118342, 'generation': 109}","{'id': 4773, 'rank': 30, 'fitness': 0.01798620996209155, 'generation': 109}"
"{'id': 4804, 'rank': 1, 'fitness': 0.9820137900379085, 'generation': 110}","{'id': 4837, 'rank': 2, 'fitness': 0.7806717621408747, 'generation': 110}","{'id': 4834, 'rank': 3, 'fitness': 0.7464166966637614, 'generation': 110}","{'id': 4813, 'rank': 4, 'fitness': 0.49139534946213675, 'generation': 110}","{'id': 4842, 'rank': 5, 'fitness': 0.30861558690970214, 'generation': 110}","{'id': 4841, 'rank': 6, 'fitness': 0.29233062933333276, 'generation': 110}","{'id': 4824, 'rank': 7, 'fitness': 0.2654984034881192, 'generation': 110}","{'id': 4832, 'rank': 8, 'fitness': 0.2368064728063864, 'generation': 110}","{'id': 4808, 'rank': 9, 'fitness': 0.1927387476278432, 'generation': 110}","{'id': 4797, 'rank': 10, 'fitness': 0.18500035431311368, 'generation': 110}","{'id': 4821, 'rank': 11, 'fitness': 0.1697468144418558, 'generation': 110}","{'id': 4815, 'rank': 12, 'fitness': 0.16943441924707836, 'generation': 110}","{'id': 4835, 'rank': 13, 'fitness': 0.141687274360697, 'generation': 110}","{'id': 4825, 'rank': 14, 'fitness': 0.13538853190696787, 'generation': 110}","{'id': 4839, 'rank': 15, 'fitness': 0.13415353990315515, 'generation': 110}","{'id': 4820, 'rank': 16, 'fitness': 0.12945974051922615, 'generation': 110}","{'id': 4790, 'rank': 17, 'fitness': 0.11509692027017737, 'generation': 110}","{'id': 4833, 'rank': 18, 'fitness': 0.09968133965397297, 'generation': 110}","{'id': 4838, 'rank': 19, 'fitness': 0.08909381555437507, 'generation': 110}","{'id': 4823, 'rank': 20, 'fitness': 0.0825196103510556, 'generation': 110}","{'id': 4831, 'rank': 21, 'fitness': 0.06400651063554108, 'generation': 110}","{'id': 4803, 'rank': 22, 'fitness': 0.058389386952445776, 'generation': 110}","{'id': 4812, 'rank': 23, 'fitness': 0.0526019103140713, 'generation': 110}","{'id': 4827, 'rank': 24, 'fitness': 0.03967652012951528, 'generation': 110}","{'id': 4830, 'rank': 25, 'fitness': 0.035973661127961465, 'generation': 110}","{'id': 4802, 'rank': 26, 'fitness': 0.03308426362623196, 'generation': 110}","{'id': 4792, 'rank': 27, 'fitness': 0.026126557542703377, 'generation': 110}","{'id': 4836, 'rank': 28, 'fitness': 0.02479400654417957, 'generation': 110}","{'id': 4816, 'rank': 29, 'fitness': 0.024573995798133352, 'generation': 110}","{'id': 4801, 'rank': 30, 'fitness': 0.01798620996209155, 'generation': 110}"
"{'id': 4877, 'rank': 1, 'fitness': 0.9820137900379085, 'generation': 111}","{'id': 4875, 'rank': 2, 'fitness': 0.9672648360123615, 'generation': 111}","{'id': 4879, 'rank': 3, 'fitness': 0.9664355838845113, 'generation': 111}","{'id': 4872, 'rank': 4, 'fitness': 0.9479414700850104, 'generation': 111}","{'id': 4860, 'rank': 5, 'fitness': 0.9081197140726713, 'generation': 111}","{'id': 4870, 'rank': 6, 'fitness': 0.8068591085290144, 'generation': 111}","{'id': 4855, 'rank': 7, 'fitness': 0.7343386583354039, 'generation': 111}","{'id': 4848, 'rank': 8, 'fitness': 0.6209696838808517, 'generation': 111}","{'id': 4864, 'rank': 9, 'fitness': 0.6058011098221515, 'generation': 111}","{'id': 4854, 'rank': 10, 'fitness': 0.5099526452386313, 'generation': 111}","{'id': 4852, 'rank': 11, 'fitness': 0.3282125351388997, 'generation': 111}","{'id': 4862, 'rank': 12, 'fitness': 0.2718866783508241, 'generation': 111}","{'id': 4850, 'rank': 13, 'fitness': 0.26856994580248345, 'generation': 111}","{'id': 4878, 'rank': 14, 'fitness': 0.2651529322886462, 'generation': 111}","{'id': 4866, 'rank': 15, 'fitness': 0.20937395354902005, 'generation': 111}","{'id': 4861, 'rank': 16, 'fitness': 0.19979273023163152, 'generation': 111}","{'id': 4876, 'rank': 17, 'fitness': 0.17299671063851468, 'generation': 111}","{'id': 4868, 'rank': 18, 'fitness': 0.16791451616072312, 'generation': 111}","{'id': 4843, 'rank': 19, 'fitness': 0.15744394576832332, 'generation': 111}","{'id': 4853, 'rank': 20, 'fitness': 0.1443352382389529, 'generation': 111}","{'id': 4865, 'rank': 21, 'fitness': 0.14360063691987207, 'generation': 111}","{'id': 4867, 'rank': 22, 'fitness': 0.14024704481098754, 'generation': 111}","{'id': 4856, 'rank': 23, 'fitness': 0.1331873564837629, 'generation': 111}","{'id': 4857, 'rank': 24, 'fitness': 0.07597536325245735, 'generation': 111}","{'id': 4851, 'rank': 25, 'fitness': 0.055907456016414614, 'generation': 111}","{'id': 4873, 'rank': 26, 'fitness': 0.051002476248216355, 'generation': 111}","{'id': 4845, 'rank': 27, 'fitness': 0.041170804874746725, 'generation': 111}","{'id': 4844, 'rank': 28, 'fitness': 0.035760484694639716, 'generation': 111}","{'id': 4858, 'rank': 29, 'fitness': 0.023322389094585838, 'generation': 111}","{'id': 4871, 'rank': 30, 'fitness': 0.01798620996209155, 'generation': 111}"
"{'id': 4926, 'rank': 1, 'fitness': 0.9820137900379085, 'generation': 112}","{'id': 4915, 'rank': 2, 'fitness': 0.9508964389564212, 'generation': 112}","{'id': 4886, 'rank': 3, 'fitness': 0.899654055290813, 'generation': 112}","{'id': 4885, 'rank': 4, 'fitness': 0.8699990958649901, 'generation': 112}","{'id': 4900, 'rank': 5, 'fitness': 0.8601939747317727, 'generation': 112}","{'id': 4882, 'rank': 6, 'fitness': 0.8100266538169001, 'generation': 112}","{'id': 4905, 'rank': 7, 'fitness': 0.7761115596816353, 'generation': 112}","{'id': 4918, 'rank': 8, 'fitness': 0.6181074752733984, 'generation': 112}","{'id': 4922, 'rank': 9, 'fitness': 0.5572888471357678, 'generation': 112}","{'id': 4916, 'rank': 10, 'fitness': 0.39442928575567565, 'generation': 112}","{'id': 4913, 'rank': 11, 'fitness': 0.22941915540982655, 'generation': 112}","{'id': 4883, 'rank': 12, 'fitness': 0.22153831727746565, 'generation': 112}","{'id': 4927, 'rank': 13, 'fitness': 0.1937056226916955, 'generation': 112}","{'id': 4895, 'rank': 14, 'fitness': 0.18886493718549513, 'generation': 112}","{'id': 4921, 'rank': 15, 'fitness': 0.1886072130183043, 'generation': 112}","{'id': 4888, 'rank': 16, 'fitness': 0.13726343364649657, 'generation': 112}","{'id': 4903, 'rank': 17, 'fitness': 0.10834920991045655, 'generation': 112}","{'id': 4887, 'rank': 18, 'fitness': 0.10151153196194723, 'generation': 112}","{'id': 4925, 'rank': 19, 'fitness': 0.10116983128173856, 'generation': 112}","{'id': 4891, 'rank': 20, 'fitness': 0.10016019685699912, 'generation': 112}","{'id': 4912, 'rank': 21, 'fitness': 0.07759894108407606, 'generation': 112}","{'id': 4919, 'rank': 22, 'fitness': 0.07626295873400712, 'generation': 112}","{'id': 4924, 'rank': 23, 'fitness': 0.05627455523520525, 'generation': 112}","{'id': 4917, 'rank': 24, 'fitness': 0.049938381810573085, 'generation': 112}","{'id': 4923, 'rank': 25, 'fitness': 0.03870254741569751, 'generation': 112}","{'id': 4884, 'rank': 26, 'fitness': 0.03395161398954827, 'generation': 112}","{'id': 4890, 'rank': 27, 'fitness': 0.03308801440921494, 'generation': 112}","{'id': 4911, 'rank': 28, 'fitness': 0.0279128633786917, 'generation': 112}","{'id': 4902, 'rank': 29, 'fitness': 0.02363641702703767, 'generation': 112}","{'id': 4910, 'rank': 30, 'fitness': 0.01798620996209155, 'generation': 112}"
"{'id': 4946, 'rank': 1, 'fitness': 0.9820137900379085, 'generation': 113}","{'id': 4965, 'rank': 2, 'fitness': 0.9780876495815143, 'generation': 113}","{'id': 4961, 'rank': 3, 'fitness': 0.9075933507844087, 'generation': 113}","{'id': 4948, 'rank': 4, 'fitness': 0.894438205494066, 'generation': 113}","{'id': 4969, 'rank': 5, 'fitness': 0.879214579808745, 'generation': 113}","{'id': 4935, 'rank': 6, 'fitness': 0.8260609303071433, 'generation': 113}","{'id': 4931, 'rank': 7, 'fitness': 0.7813498480527035, 'generation': 113}","{'id': 4959, 'rank': 8, 'fitness': 0.6823765593648465, 'generation': 113}","{'id': 4928, 'rank': 9, 'fitness': 0.5788256196739473, 'generation': 113}","{'id': 4956, 'rank': 10, 'fitness': 0.41452271723916345, 'generation': 113}","{'id': 4933, 'rank': 11, 'fitness': 0.38668946576594476, 'generation': 113}","{'id': 4964, 'rank': 12, 'fitness': 0.3539603730740577, 'generation': 113}","{'id': 4967, 'rank': 13, 'fitness': 0.3302226023152944, 'generation': 113}","{'id': 4963, 'rank': 14, 'fitness': 0.2879026291677568, 'generation': 113}","{'id': 4962, 'rank': 15, 'fitness': 0.18932750379433883, 'generation': 113}","{'id': 4954, 'rank': 16, 'fitness': 0.13884455922344363, 'generation': 113}","{'id': 4952, 'rank': 17, 'fitness': 0.09083908611141517, 'generation': 113}","{'id': 4955, 'rank': 18, 'fitness': 0.08326512016298554, 'generation': 113}","{'id': 4957, 'rank': 19, 'fitness': 0.07944948734183521, 'generation': 113}","{'id': 4960, 'rank': 20, 'fitness': 0.0762733754439533, 'generation': 113}","{'id': 4947, 'rank': 21, 'fitness': 0.07022780066335554, 'generation': 113}","{'id': 4950, 'rank': 22, 'fitness': 0.06682703002247203, 'generation': 113}","{'id': 4944, 'rank': 23, 'fitness': 0.06420197268670502, 'generation': 113}","{'id': 4966, 'rank': 24, 'fitness': 0.04229559759876439, 'generation': 113}","{'id': 4929, 'rank': 25, 'fitness': 0.036365894580945635, 'generation': 113}","{'id': 4938, 'rank': 26, 'fitness': 0.025488874023018138, 'generation': 113}","{'id': 4953, 'rank': 27, 'fitness': 0.024586122790250242, 'generation': 113}","{'id': 4968, 'rank': 28, 'fitness': 0.024225768245643153, 'generation': 113}","{'id': 4958, 'rank': 29, 'fitness': 0.02416356777078943, 'generation': 113}","{'id': 4945, 'rank': 30, 'fitness': 0.01798620996209155, 'generation': 113}"
"{'id': 5010, 'rank': 1, 'fitness': 0.9820137900379085, 'generation': 114}","{'id': 5001, 'rank': 2, 'fitness': 0.8534598184545903, 'generation': 114}","{'id': 4999, 'rank': 3, 'fitness': 0.846675891010801, 'generation': 114}","{'id': 4987, 'rank': 4, 'fitness': 0.7610098578815605, 'generation': 114}","{'id': 5017, 'rank': 5, 'fitness': 0.71138683468446, 'generation': 114}","{'id': 4985, 'rank': 6, 'fitness': 0.6375172727139367, 'generation': 114}","{'id': 4975, 'rank': 7, 'fitness': 0.41371620016603794, 'generation': 114}","{'id': 5014, 'rank': 8, 'fitness': 0.3857840318537328, 'generation': 114}","{'id': 5011, 'rank': 9, 'fitness': 0.36781390968403055, 'generation': 114}","{'id': 4995, 'rank': 10, 'fitness': 0.1677074301511578, 'generation': 114}","{'id': 5012, 'rank': 11, 'fitness': 0.14904848422897277, 'generation': 114}","{'id': 4997, 'rank': 12, 'fitness': 0.14258442249874131, 'generation': 114}","{'id': 4980, 'rank': 13, 'fitness': 0.14208382780866757, 'generation': 114}","{'id': 5005, 'rank': 14, 'fitness': 0.1403542275870595, 'generation': 114}","{'id': 4974, 'rank': 15, 'fitness': 0.13911956104790246, 'generation': 114}","{'id': 4971, 'rank': 16, 'fitness': 0.12841878905638876, 'generation': 114}","{'id': 5018, 'rank': 17, 'fitness': 0.12774753076613715, 'generation': 114}","{'id': 4983, 'rank': 18, 'fitness': 0.11028021786188058, 'generation': 114}","{'id': 4990, 'rank': 19, 'fitness': 0.10210594071556223, 'generation': 114}","{'id': 5008, 'rank': 20, 'fitness': 0.09950425312360717, 'generation': 114}","{'id': 5003, 'rank': 21, 'fitness': 0.08003558184519488, 'generation': 114}","{'id': 5000, 'rank': 22, 'fitness': 0.07266103245556166, 'generation': 114}","{'id': 5015, 'rank': 23, 'fitness': 0.0605991554085234, 'generation': 114}","{'id': 5013, 'rank': 24, 'fitness': 0.05526317082483123, 'generation': 114}","{'id': 4976, 'rank': 25, 'fitness': 0.049544023559763006, 'generation': 114}","{'id': 4989, 'rank': 26, 'fitness': 0.035226649827662104, 'generation': 114}","{'id': 4977, 'rank': 27, 'fitness': 0.03209227695472028, 'generation': 114}","{'id': 4973, 'rank': 28, 'fitness': 0.02876659876622617, 'generation': 114}","{'id': 5019, 'rank': 29, 'fitness': 0.026680546258578464, 'generation': 114}","{'id': 4986, 'rank': 30, 'fitness': 0.01798620996209155, 'generation': 114}"
"{'id': 5054, 'rank': 1, 'fitness': 0.9820137900379085, 'generation': 115}","{'id': 5038, 'rank': 2, 'fitness': 0.9731826975374305, 'generation': 115}","{'id': 5037, 'rank': 3, 'fitness': 0.8396751719572872, 'generation': 115}","{'id': 5043, 'rank': 4, 'fitness': 0.5746536671348607, 'generation': 115}","{'id': 5048, 'rank': 5, 'fitness': 0.5109748573085635, 'generation': 115}","{'id': 5040, 'rank': 6, 'fitness': 0.4470032958772155, 'generation': 115}","{'id': 5047, 'rank': 7, 'fitness': 0.4277736951781501, 'generation': 115}","{'id': 5056, 'rank': 8, 'fitness': 0.4181719137679255, 'generation': 115}","{'id': 5022, 'rank': 9, 'fitness': 0.35549463524089725, 'generation': 115}","{'id': 5039, 'rank': 10, 'fitness': 0.3323355359929231, 'generation': 115}","{'id': 5031, 'rank': 11, 'fitness': 0.3027037581908557, 'generation': 115}","{'id': 5050, 'rank': 12, 'fitness': 0.2876763593960029, 'generation': 115}","{'id': 5023, 'rank': 13, 'fitness': 0.2767650699373952, 'generation': 115}","{'id': 5055, 'rank': 14, 'fitness': 0.1930794376744034, 'generation': 115}","{'id': 5021, 'rank': 15, 'fitness': 0.19069722066527622, 'generation': 115}","{'id': 5035, 'rank': 16, 'fitness': 0.1528872125435627, 'generation': 115}","{'id': 5049, 'rank': 17, 'fitness': 0.1515631318463153, 'generation': 115}","{'id': 5053, 'rank': 18, 'fitness': 0.11027924201915867, 'generation': 115}","{'id': 5057, 'rank': 19, 'fitness': 0.10014031117595029, 'generation': 115}","{'id': 5044, 'rank': 20, 'fitness': 0.09790261592761162, 'generation': 115}","{'id': 5046, 'rank': 21, 'fitness': 0.09472091144191297, 'generation': 115}","{'id': 5052, 'rank': 22, 'fitness': 0.08256362602645728, 'generation': 115}","{'id': 5045, 'rank': 23, 'fitness': 0.07291693519723541, 'generation': 115}","{'id': 5027, 'rank': 24, 'fitness': 0.06543421045888859, 'generation': 115}","{'id': 5025, 'rank': 25, 'fitness': 0.05206260042418537, 'generation': 115}","{'id': 5051, 'rank': 26, 'fitness': 0.040171517049105154, 'generation': 115}","{'id': 5032, 'rank': 27, 'fitness': 0.034369318060676335, 'generation': 115}","{'id': 5036, 'rank': 28, 'fitness': 0.02674896781649655, 'generation': 115}","{'id': 5042, 'rank': 29, 'fitness': 0.022906395513225097, 'generation': 115}","{'id': 5028, 'rank': 30, 'fitness': 0.01798620996209155, 'generation': 115}"
"{'id': 5076, 'rank': 1, 'fitness': 0.9820137900379085, 'generation': 116}","{'id': 5073, 'rank': 2, 'fitness': 0.9782966582154, 'generation': 116}","{'id': 5090, 'rank': 3, 'fitness': 0.9408234611947639, 'generation': 116}","{'id': 5063, 'rank': 4, 'fitness': 0.9374918388924358, 'generation': 116}","{'id': 5084, 'rank': 5, 'fitness': 0.8967193527620315, 'generation': 116}","{'id': 5070, 'rank': 6, 'fitness': 0.8396441617141863, 'generation': 116}","{'id': 5068, 'rank': 7, 'fitness': 0.8225305089851618, 'generation': 116}","{'id': 5096, 'rank': 8, 'fitness': 0.7898891908191827, 'generation': 116}","{'id': 5081, 'rank': 9, 'fitness': 0.7494401592890909, 'generation': 116}","{'id': 5098, 'rank': 10, 'fitness': 0.7433515131203072, 'generation': 116}","{'id': 5091, 'rank': 11, 'fitness': 0.7384777357832817, 'generation': 116}","{'id': 5092, 'rank': 12, 'fitness': 0.7005890181170755, 'generation': 116}","{'id': 5082, 'rank': 13, 'fitness': 0.694189553404945, 'generation': 116}","{'id': 5062, 'rank': 14, 'fitness': 0.6298741417938716, 'generation': 116}","{'id': 5071, 'rank': 15, 'fitness': 0.5421737948261988, 'generation': 116}","{'id': 5086, 'rank': 16, 'fitness': 0.4290412137586017, 'generation': 116}","{'id': 5078, 'rank': 17, 'fitness': 0.38332893754026093, 'generation': 116}","{'id': 5087, 'rank': 18, 'fitness': 0.35125051282597797, 'generation': 116}","{'id': 5085, 'rank': 19, 'fitness': 0.33449192712715414, 'generation': 116}","{'id': 5099, 'rank': 20, 'fitness': 0.3196686529451194, 'generation': 116}","{'id': 5074, 'rank': 21, 'fitness': 0.26680825264114894, 'generation': 116}","{'id': 5094, 'rank': 22, 'fitness': 0.22237476517259624, 'generation': 116}","{'id': 5097, 'rank': 23, 'fitness': 0.1866399731574876, 'generation': 116}","{'id': 5075, 'rank': 24, 'fitness': 0.1587880534458313, 'generation': 116}","{'id': 5060, 'rank': 25, 'fitness': 0.11679764650670393, 'generation': 116}","{'id': 5089, 'rank': 26, 'fitness': 0.051367718816246355, 'generation': 116}","{'id': 5061, 'rank': 27, 'fitness': 0.05016992528516534, 'generation': 116}","{'id': 5080, 'rank': 28, 'fitness': 0.031282606439067995, 'generation': 116}","{'id': 5065, 'rank': 29, 'fitness': 0.022863447705068818, 'generation': 116}","{'id': 5083, 'rank': 30, 'fitness': 0.01798620996209155, 'generation': 116}"
"{'id': 5132, 'rank': 1, 'fitness': 0.9820137900379085, 'generation': 117}","{'id': 5155, 'rank': 2, 'fitness': 0.9814281316446127, 'generation': 117}","{'id': 5147, 'rank': 3, 'fitness': 0.8158626550553547, 'generation': 117}","{'id': 5150, 'rank': 4, 'fitness': 0.620353193435558, 'generation': 117}","{'id': 5135, 'rank': 5, 'fitness': 0.5717977293058175, 'generation': 117}","{'id': 5112, 'rank': 6, 'fitness': 0.48503938887686304, 'generation': 117}","{'id': 5151, 'rank': 7, 'fitness': 0.47314290854912905, 'generation': 117}","{'id': 5102, 'rank': 8, 'fitness': 0.32228921137607336, 'generation': 117}","{'id': 5140, 'rank': 9, 'fitness': 0.26431849773899857, 'generation': 117}","{'id': 5144, 'rank': 10, 'fitness': 0.1870711809766885, 'generation': 117}","{'id': 5156, 'rank': 11, 'fitness': 0.1657149191776387, 'generation': 117}","{'id': 5126, 'rank': 12, 'fitness': 0.1417439730062396, 'generation': 117}","{'id': 5134, 'rank': 13, 'fitness': 0.13688750617528456, 'generation': 117}","{'id': 5104, 'rank': 14, 'fitness': 0.12583140454990116, 'generation': 117}","{'id': 5110, 'rank': 15, 'fitness': 0.12123897457268168, 'generation': 117}","{'id': 5130, 'rank': 16, 'fitness': 0.11573220713919319, 'generation': 117}","{'id': 5148, 'rank': 17, 'fitness': 0.08867008777314334, 'generation': 117}","{'id': 5115, 'rank': 18, 'fitness': 0.08563707823201416, 'generation': 117}","{'id': 5108, 'rank': 19, 'fitness': 0.07318957484117944, 'generation': 117}","{'id': 5119, 'rank': 20, 'fitness': 0.05619452377347112, 'generation': 117}","{'id': 5131, 'rank': 21, 'fitness': 0.05182879557896347, 'generation': 117}","{'id': 5136, 'rank': 22, 'fitness': 0.048146520480328636, 'generation': 117}","{'id': 5114, 'rank': 23, 'fitness': 0.04455169070990167, 'generation': 117}","{'id': 5109, 'rank': 24, 'fitness': 0.039747150031883116, 'generation': 117}","{'id': 5154, 'rank': 25, 'fitness': 0.03856104070517663, 'generation': 117}","{'id': 5149, 'rank': 26, 'fitness': 0.037253120982493504, 'generation': 117}","{'id': 5122, 'rank': 27, 'fitness': 0.035988747742534244, 'generation': 117}","{'id': 5107, 'rank': 28, 'fitness': 0.034884984759019855, 'generation': 117}","{'id': 5127, 'rank': 29, 'fitness': 0.028851106296014284, 'generation': 117}","{'id': 5141, 'rank': 30, 'fitness': 0.01798620996209155, 'generation': 117}"
"{'id': 5183, 'rank': 1, 'fitness': 0.9820137900379085, 'generation': 118}","{'id': 5177, 'rank': 2, 'fitness': 0.8329881312089459, 'generation': 118}","{'id': 5174, 'rank': 3, 'fitness': 0.40750113464614557, 'generation': 118}","{'id': 5188, 'rank': 4, 'fitness': 0.2994511350708057, 'generation': 118}","{'id': 5189, 'rank': 5, 'fitness': 0.2902512245112733, 'generation': 118}","{'id': 5199, 'rank': 6, 'fitness': 0.1970812151202796, 'generation': 118}","{'id': 5171, 'rank': 7, 'fitness': 0.19082554773249577, 'generation': 118}","{'id': 5193, 'rank': 8, 'fitness': 0.183983310909539, 'generation': 118}","{'id': 5184, 'rank': 9, 'fitness': 0.17771616298563042, 'generation': 118}","{'id': 5194, 'rank': 10, 'fitness': 0.17457775115387686, 'generation': 118}","{'id': 5173, 'rank': 11, 'fitness': 0.16959032348976222, 'generation': 118}","{'id': 5170, 'rank': 12, 'fitness': 0.1621997914499771, 'generation': 118}","{'id': 5180, 'rank': 13, 'fitness': 0.14145484330459812, 'generation': 118}","{'id': 5192, 'rank': 14, 'fitness': 0.1399400945906641, 'generation': 118}","{'id': 5157, 'rank': 15, 'fitness': 0.13702213438949995, 'generation': 118}","{'id': 5191, 'rank': 16, 'fitness': 0.07361055193509147, 'generation': 118}","{'id': 5186, 'rank': 17, 'fitness': 0.059373231609841426, 'generation': 118}","{'id': 5164, 'rank': 18, 'fitness': 0.058955157512116885, 'generation': 118}","{'id': 5187, 'rank': 19, 'fitness': 0.05615246527750495, 'generation': 118}","{'id': 5165, 'rank': 20, 'fitness': 0.05360103758163781, 'generation': 118}","{'id': 5179, 'rank': 21, 'fitness': 0.05281320299802372, 'generation': 118}","{'id': 5178, 'rank': 22, 'fitness': 0.04651447149706267, 'generation': 118}","{'id': 5195, 'rank': 23, 'fitness': 0.04494142412743157, 'generation': 118}","{'id': 5197, 'rank': 24, 'fitness': 0.04043517237087263, 'generation': 118}","{'id': 5160, 'rank': 25, 'fitness': 0.04024603762745599, 'generation': 118}","{'id': 5190, 'rank': 26, 'fitness': 0.037456627636899886, 'generation': 118}","{'id': 5166, 'rank': 27, 'fitness': 0.028127861442409863, 'generation': 118}","{'id': 5172, 'rank': 28, 'fitness': 0.024447154958342876, 'generation': 118}","{'id': 5196, 'rank': 29, 'fitness': 0.02077849026326878, 'generation': 118}","{'id': 5159, 'rank': 30, 'fitness': 0.01798620996209155, 'generation': 118}"
"{'id': 5214, 'rank': 1, 'fitness': 0.9820137900379085, 'generation': 119}","{'id': 5216, 'rank': 2, 'fitness': 0.9528083472503566, 'generation': 119}","{'id': 5217, 'rank': 3, 'fitness': 0.9353829914469574, 'generation': 119}","{'id': 5206, 'rank': 4, 'fitness': 0.935291655322697, 'generation': 119}","{'id': 5204, 'rank': 5, 'fitness': 0.9311173953757987, 'generation': 119}","{'id': 5209, 'rank': 6, 'fitness': 0.9224647520146909, 'generation': 119}","{'id': 5215, 'rank': 7, 'fitness': 0.9178872507055944, 'generation': 119}","{'id': 5212, 'rank': 8, 'fitness': 0.9029029497914822, 'generation': 119}","{'id': 5220, 'rank': 9, 'fitness': 0.8878299154503138, 'generation': 119}","{'id': 5231, 'rank': 10, 'fitness': 0.7972894766304488, 'generation': 119}","{'id': 5232, 'rank': 11, 'fitness': 0.7543791669980098, 'generation': 119}","{'id': 5222, 'rank': 12, 'fitness': 0.7410395395564047, 'generation': 119}","{'id': 5223, 'rank': 13, 'fitness': 0.4943385753024224, 'generation': 119}","{'id': 5230, 'rank': 14, 'fitness': 0.32700815608829026, 'generation': 119}","{'id': 5221, 'rank': 15, 'fitness': 0.29949119030340954, 'generation': 119}","{'id': 5210, 'rank': 16, 'fitness': 0.2926992539965969, 'generation': 119}","{'id': 5207, 'rank': 17, 'fitness': 0.23581455418793462, 'generation': 119}","{'id': 5213, 'rank': 18, 'fitness': 0.1863891136891211, 'generation': 119}","{'id': 5218, 'rank': 19, 'fitness': 0.13834974280277212, 'generation': 119}","{'id': 5225, 'rank': 20, 'fitness': 0.1345115956127988, 'generation': 119}","{'id': 5226, 'rank': 21, 'fitness': 0.1244459018382218, 'generation': 119}","{'id': 5211, 'rank': 22, 'fitness': 0.06410093164317204, 'generation': 119}","{'id': 5208, 'rank': 23, 'fitness': 0.06203026604913592, 'generation': 119}","{'id': 5201, 'rank': 24, 'fitness': 0.05813263959145343, 'generation': 119}","{'id': 5202, 'rank': 25, 'fitness': 0.0552656964470688, 'generation': 119}","{'id': 5229, 'rank': 26, 'fitness': 0.05285359457853994, 'generation': 119}","{'id': 5228, 'rank': 27, 'fitness': 0.03458476547908779, 'generation': 119}","{'id': 5200, 'rank': 28, 'fitness': 0.026083522088035438, 'generation': 119}","{'id': 5224, 'rank': 29, 'fitness': 0.01965636539924437, 'generation': 119}","{'id': 5227, 'rank': 30, 'fitness': 0.01798620996209155, 'generation': 119}"
"{'id': 5278, 'rank': 1, 'fitness': 0.9820137900379085, 'generation': 120}","{'id': 5284, 'rank': 2, 'fitness': 0.9779349248897304, 'generation': 120}","{'id': 5275, 'rank': 3, 'fitness': 0.9761190136250075, 'generation': 120}","{'id': 5256, 'rank': 4, 'fitness': 0.9526349142094974, 'generation': 120}","{'id': 5286, 'rank': 5, 'fitness': 0.9406483690044776, 'generation': 120}","{'id': 5270, 'rank': 6, 'fitness': 0.9406251801935435, 'generation': 120}","{'id': 5234, 'rank': 7, 'fitness': 0.8624762559804393, 'generation': 120}","{'id': 5266, 'rank': 8, 'fitness': 0.8187664991820583, 'generation': 120}","{'id': 5253, 'rank': 9, 'fitness': 0.7562523278026023, 'generation': 120}","{'id': 5283, 'rank': 10, 'fitness': 0.74135267858491, 'generation': 120}","{'id': 5274, 'rank': 11, 'fitness': 0.7131219322113489, 'generation': 120}","{'id': 5243, 'rank': 12, 'fitness': 0.6544783867310385, 'generation': 120}","{'id': 5277, 'rank': 13, 'fitness': 0.6272361565166963, 'generation': 120}","{'id': 5281, 'rank': 14, 'fitness': 0.6251403471135221, 'generation': 120}","{'id': 5267, 'rank': 15, 'fitness': 0.5066919898572302, 'generation': 120}","{'id': 5251, 'rank': 16, 'fitness': 0.47529484040625275, 'generation': 120}","{'id': 5265, 'rank': 17, 'fitness': 0.4733345921030965, 'generation': 120}","{'id': 5280, 'rank': 18, 'fitness': 0.45715965922939356, 'generation': 120}","{'id': 5271, 'rank': 19, 'fitness': 0.42015156295005973, 'generation': 120}","{'id': 5282, 'rank': 20, 'fitness': 0.24059186474579125, 'generation': 120}","{'id': 5263, 'rank': 21, 'fitness': 0.19989685596075935, 'generation': 120}","{'id': 5241, 'rank': 22, 'fitness': 0.16813574839722017, 'generation': 120}","{'id': 5250, 'rank': 23, 'fitness': 0.14817534516056963, 'generation': 120}","{'id': 5248, 'rank': 24, 'fitness': 0.11367526014996254, 'generation': 120}","{'id': 5237, 'rank': 25, 'fitness': 0.06899129809401122, 'generation': 120}","{'id': 5285, 'rank': 26, 'fitness': 0.06600907943145246, 'generation': 120}","{'id': 5262, 'rank': 27, 'fitness': 0.04050617991773714, 'generation': 120}","{'id': 5272, 'rank': 28, 'fitness': 0.03818019231474812, 'generation': 120}","{'id': 5238, 'rank': 29, 'fitness': 0.03688941021811881, 'generation': 120}","{'id': 5239, 'rank': 30, 'fitness': 0.01798620996209155, 'generation': 120}"
"{'id': 5328, 'rank': 1, 'fitness': 0.9820137900379085, 'generation': 121}","{'id': 5338, 'rank': 2, 'fitness': 0.9641068565916613, 'generation': 121}","{'id': 5339, 'rank': 3, 'fitness': 0.951160436903346, 'generation': 121}","{'id': 5340, 'rank': 4, 'fitness': 0.9459945355418138, 'generation': 121}","{'id': 5337, 'rank': 5, 'fitness': 0.891282114508245, 'generation': 121}","{'id': 5304, 'rank': 6, 'fitness': 0.773253887444189, 'generation': 121}","{'id': 5323, 'rank': 7, 'fitness': 0.7608355500936322, 'generation': 121}","{'id': 5335, 'rank': 8, 'fitness': 0.7563199140494503, 'generation': 121}","{'id': 5310, 'rank': 9, 'fitness': 0.6716498047652514, 'generation': 121}","{'id': 5289, 'rank': 10, 'fitness': 0.6505486300494223, 'generation': 121}","{'id': 5331, 'rank': 11, 'fitness': 0.4739900983361731, 'generation': 121}","{'id': 5290, 'rank': 12, 'fitness': 0.4448524997007529, 'generation': 121}","{'id': 5312, 'rank': 13, 'fitness': 0.4409315181753598, 'generation': 121}","{'id': 5341, 'rank': 14, 'fitness': 0.40617236750550273, 'generation': 121}","{'id': 5342, 'rank': 15, 'fitness': 0.32375674995189524, 'generation': 121}","{'id': 5320, 'rank': 16, 'fitness': 0.1846896409121359, 'generation': 121}","{'id': 5333, 'rank': 17, 'fitness': 0.1531487130003688, 'generation': 121}","{'id': 5325, 'rank': 18, 'fitness': 0.14525668402708497, 'generation': 121}","{'id': 5306, 'rank': 19, 'fitness': 0.08947139000563442, 'generation': 121}","{'id': 5336, 'rank': 20, 'fitness': 0.07005890441471241, 'generation': 121}","{'id': 5330, 'rank': 21, 'fitness': 0.06761638617064047, 'generation': 121}","{'id': 5307, 'rank': 22, 'fitness': 0.0600781158662283, 'generation': 121}","{'id': 5329, 'rank': 23, 'fitness': 0.05945543934269798, 'generation': 121}","{'id': 5288, 'rank': 24, 'fitness': 0.05889964827711658, 'generation': 121}","{'id': 5322, 'rank': 25, 'fitness': 0.05525057377647968, 'generation': 121}","{'id': 5327, 'rank': 26, 'fitness': 0.04732953680194718, 'generation': 121}","{'id': 5298, 'rank': 27, 'fitness': 0.042188675405660236, 'generation': 121}","{'id': 5308, 'rank': 28, 'fitness': 0.02882553006434191, 'generation': 121}","{'id': 5334, 'rank': 29, 'fitness': 0.023577295920736263, 'generation': 121}","{'id': 5299, 'rank': 30, 'fitness': 0.01798620996209155, 'generation': 121}"
"{'id': 5383, 'rank': 1, 'fitness': 0.9820137900379085, 'generation': 122}","{'id': 5372, 'rank': 2, 'fitness': 0.9610624338876312, 'generation': 122}","{'id': 5373, 'rank': 3, 'fitness': 0.9515136840425963, 'generation': 122}","{'id': 5377, 'rank': 4, 'fitness': 0.9386235267752533, 'generation': 122}","{'id': 5375, 'rank': 5, 'fitness': 0.9092379612514256, 'generation': 122}","{'id': 5384, 'rank': 6, 'fitness': 0.8281498437508124, 'generation': 122}","{'id': 5378, 'rank': 7, 'fitness': 0.7925332506330486, 'generation': 122}","{'id': 5379, 'rank': 8, 'fitness': 0.7720387644358009, 'generation': 122}","{'id': 5382, 'rank': 9, 'fitness': 0.742603169394227, 'generation': 122}","{'id': 5385, 'rank': 10, 'fitness': 0.696753432024347, 'generation': 122}","{'id': 5380, 'rank': 11, 'fitness': 0.6033003754067214, 'generation': 122}","{'id': 5376, 'rank': 12, 'fitness': 0.48061060020963997, 'generation': 122}","{'id': 5386, 'rank': 13, 'fitness': 0.4365986564551642, 'generation': 122}","{'id': 5371, 'rank': 14, 'fitness': 0.41559491618817995, 'generation': 122}","{'id': 5387, 'rank': 15, 'fitness': 0.27190277591301804, 'generation': 122}","{'id': 5381, 'rank': 16, 'fitness': 0.23350752675510855, 'generation': 122}","{'id': 5365, 'rank': 17, 'fitness': 0.2306311034389255, 'generation': 122}","{'id': 5349, 'rank': 18, 'fitness': 0.08093550401281402, 'generation': 122}","{'id': 5362, 'rank': 19, 'fitness': 0.07395593966759217, 'generation': 122}","{'id': 5359, 'rank': 20, 'fitness': 0.06738538958649931, 'generation': 122}","{'id': 5348, 'rank': 21, 'fitness': 0.06565737029067054, 'generation': 122}","{'id': 5366, 'rank': 22, 'fitness': 0.0541183735805259, 'generation': 122}","{'id': 5363, 'rank': 23, 'fitness': 0.05138106119166547, 'generation': 122}","{'id': 5351, 'rank': 24, 'fitness': 0.04599501464731637, 'generation': 122}","{'id': 5374, 'rank': 25, 'fitness': 0.036852457676467054, 'generation': 122}","{'id': 5345, 'rank': 26, 'fitness': 0.036271736646887764, 'generation': 122}","{'id': 5350, 'rank': 27, 'fitness': 0.030637878333815483, 'generation': 122}","{'id': 5343, 'rank': 28, 'fitness': 0.02689427163372682, 'generation': 122}","{'id': 5360, 'rank': 29, 'fitness': 0.01971596355786087, 'generation': 122}","{'id': 5361, 'rank': 30, 'fitness': 0.01798620996209155, 'generation': 122}"
"{'id': 5430, 'rank': 1, 'fitness': 0.9820137900379085, 'generation': 123}","{'id': 5434, 'rank': 2, 'fitness': 0.8442023210732552, 'generation': 123}","{'id': 5419, 'rank': 3, 'fitness': 0.7116934158733831, 'generation': 123}","{'id': 5433, 'rank': 4, 'fitness': 0.6717623779463715, 'generation': 123}","{'id': 5426, 'rank': 5, 'fitness': 0.6389277333748716, 'generation': 123}","{'id': 5420, 'rank': 6, 'fitness': 0.5463130723603242, 'generation': 123}","{'id': 5429, 'rank': 7, 'fitness': 0.5425626888054592, 'generation': 123}","{'id': 5416, 'rank': 8, 'fitness': 0.43435538300498766, 'generation': 123}","{'id': 5421, 'rank': 9, 'fitness': 0.3485213694525966, 'generation': 123}","{'id': 5435, 'rank': 10, 'fitness': 0.2997245512368696, 'generation': 123}","{'id': 5414, 'rank': 11, 'fitness': 0.29439669259076795, 'generation': 123}","{'id': 5405, 'rank': 12, 'fitness': 0.22263329542077892, 'generation': 123}","{'id': 5395, 'rank': 13, 'fitness': 0.16639570595925923, 'generation': 123}","{'id': 5428, 'rank': 14, 'fitness': 0.157076874270906, 'generation': 123}","{'id': 5396, 'rank': 15, 'fitness': 0.12934739525812683, 'generation': 123}","{'id': 5397, 'rank': 16, 'fitness': 0.11158971401855644, 'generation': 123}","{'id': 5415, 'rank': 17, 'fitness': 0.0895907932444806, 'generation': 123}","{'id': 5390, 'rank': 18, 'fitness': 0.08450155847076712, 'generation': 123}","{'id': 5424, 'rank': 19, 'fitness': 0.07322772221093854, 'generation': 123}","{'id': 5427, 'rank': 20, 'fitness': 0.07247286728642577, 'generation': 123}","{'id': 5400, 'rank': 21, 'fitness': 0.06426423471174536, 'generation': 123}","{'id': 5406, 'rank': 22, 'fitness': 0.06385555334430199, 'generation': 123}","{'id': 5408, 'rank': 23, 'fitness': 0.058823090313850024, 'generation': 123}","{'id': 5401, 'rank': 24, 'fitness': 0.05733036217618259, 'generation': 123}","{'id': 5431, 'rank': 25, 'fitness': 0.044225409784296454, 'generation': 123}","{'id': 5417, 'rank': 26, 'fitness': 0.03822271288552276, 'generation': 123}","{'id': 5413, 'rank': 27, 'fitness': 0.03252718213312389, 'generation': 123}","{'id': 5403, 'rank': 28, 'fitness': 0.028858093844198907, 'generation': 123}","{'id': 5422, 'rank': 29, 'fitness': 0.02203595759944299, 'generation': 123}","{'id': 5423, 'rank': 30, 'fitness': 0.01798620996209155, 'generation': 123}"
"{'id': 5466, 'rank': 1, 'fitness': 0.9820137900379085, 'generation': 124}","{'id': 5458, 'rank': 2, 'fitness': 0.9516164114347188, 'generation': 124}","{'id': 5469, 'rank': 3, 'fitness': 0.9446761986145279, 'generation': 124}","{'id': 5457, 'rank': 4, 'fitness': 0.9418608319694702, 'generation': 124}","{'id': 5444, 'rank': 5, 'fitness': 0.9153959016582531, 'generation': 124}","{'id': 5471, 'rank': 6, 'fitness': 0.9008035523012594, 'generation': 124}","{'id': 5474, 'rank': 7, 'fitness': 0.8816208716202693, 'generation': 124}","{'id': 5454, 'rank': 8, 'fitness': 0.7738450851744929, 'generation': 124}","{'id': 5463, 'rank': 9, 'fitness': 0.6893150153489904, 'generation': 124}","{'id': 5473, 'rank': 10, 'fitness': 0.6564629012669898, 'generation': 124}","{'id': 5436, 'rank': 11, 'fitness': 0.6531725700257812, 'generation': 124}","{'id': 5459, 'rank': 12, 'fitness': 0.536641425232049, 'generation': 124}","{'id': 5468, 'rank': 13, 'fitness': 0.535668317262088, 'generation': 124}","{'id': 5462, 'rank': 14, 'fitness': 0.3505729730960685, 'generation': 124}","{'id': 5460, 'rank': 15, 'fitness': 0.31841194005437173, 'generation': 124}","{'id': 5441, 'rank': 16, 'fitness': 0.27959601302544995, 'generation': 124}","{'id': 5438, 'rank': 17, 'fitness': 0.2752151455923243, 'generation': 124}","{'id': 5467, 'rank': 18, 'fitness': 0.23014036600293308, 'generation': 124}","{'id': 5450, 'rank': 19, 'fitness': 0.16860680776818243, 'generation': 124}","{'id': 5461, 'rank': 20, 'fitness': 0.10344342967808157, 'generation': 124}","{'id': 5456, 'rank': 21, 'fitness': 0.09177305102625549, 'generation': 124}","{'id': 5437, 'rank': 22, 'fitness': 0.0841632911765906, 'generation': 124}","{'id': 5455, 'rank': 23, 'fitness': 0.07508927375499025, 'generation': 124}","{'id': 5448, 'rank': 24, 'fitness': 0.06660345371921605, 'generation': 124}","{'id': 5446, 'rank': 25, 'fitness': 0.06161655573443159, 'generation': 124}","{'id': 5472, 'rank': 26, 'fitness': 0.05997235168296633, 'generation': 124}","{'id': 5452, 'rank': 27, 'fitness': 0.03723833220325906, 'generation': 124}","{'id': 5475, 'rank': 28, 'fitness': 0.033446219865129856, 'generation': 124}","{'id': 5465, 'rank': 29, 'fitness': 0.029042312816797478, 'generation': 124}","{'id': 5464, 'rank': 30, 'fitness': 0.01798620996209155, 'generation': 124}"
"{'id': 5508, 'rank': 1, 'fitness': 0.9820137900379085, 'generation': 125}","{'id': 5514, 'rank': 2, 'fitness': 0.8657314268641699, 'generation': 125}","{'id': 5511, 'rank': 3, 'fitness': 0.7920170559898363, 'generation': 125}","{'id': 5504, 'rank': 4, 'fitness': 0.7272078648633309, 'generation': 125}","{'id': 5515, 'rank': 5, 'fitness': 0.6523668696698246, 'generation': 125}","{'id': 5495, 'rank': 6, 'fitness': 0.5676020606215159, 'generation': 125}","{'id': 5500, 'rank': 7, 'fitness': 0.5251788451934677, 'generation': 125}","{'id': 5502, 'rank': 8, 'fitness': 0.412428468869942, 'generation': 125}","{'id': 5486, 'rank': 9, 'fitness': 0.3935515368413843, 'generation': 125}","{'id': 5481, 'rank': 10, 'fitness': 0.3668864546378112, 'generation': 125}","{'id': 5510, 'rank': 11, 'fitness': 0.32657711290959035, 'generation': 125}","{'id': 5506, 'rank': 12, 'fitness': 0.26952948472748595, 'generation': 125}","{'id': 5483, 'rank': 13, 'fitness': 0.26440158967617844, 'generation': 125}","{'id': 5501, 'rank': 14, 'fitness': 0.23398692873465965, 'generation': 125}","{'id': 5513, 'rank': 15, 'fitness': 0.23152133659246182, 'generation': 125}","{'id': 5505, 'rank': 16, 'fitness': 0.1406583513024487, 'generation': 125}","{'id': 5507, 'rank': 17, 'fitness': 0.1241825030456577, 'generation': 125}","{'id': 5516, 'rank': 18, 'fitness': 0.11243998444336833, 'generation': 125}","{'id': 5482, 'rank': 19, 'fitness': 0.09294652462762754, 'generation': 125}","{'id': 5493, 'rank': 20, 'fitness': 0.0876146390206744, 'generation': 125}","{'id': 5494, 'rank': 21, 'fitness': 0.08141272803779903, 'generation': 125}","{'id': 5492, 'rank': 22, 'fitness': 0.0720496953355228, 'generation': 125}","{'id': 5496, 'rank': 23, 'fitness': 0.06737862614191459, 'generation': 125}","{'id': 5517, 'rank': 24, 'fitness': 0.06460312307121857, 'generation': 125}","{'id': 5497, 'rank': 25, 'fitness': 0.03639752913528915, 'generation': 125}","{'id': 5509, 'rank': 26, 'fitness': 0.027193069770589884, 'generation': 125}","{'id': 5498, 'rank': 27, 'fitness': 0.024698288296059356, 'generation': 125}","{'id': 5503, 'rank': 28, 'fitness': 0.024202448170739965, 'generation': 125}","{'id': 5512, 'rank': 29, 'fitness': 0.023983046902446126, 'generation': 125}","{'id': 5479, 'rank': 30, 'fitness': 0.01798620996209155, 'generation': 125}"
"{'id': 5544, 'rank': 1, 'fitness': 0.9820137900379085, 'generation': 126}","{'id': 5555, 'rank': 2, 'fitness': 0.9487014030034626, 'generation': 126}","{'id': 5545, 'rank': 3, 'fitness': 0.8719039464930274, 'generation': 126}","{'id': 5550, 'rank': 4, 'fitness': 0.8596409450046911, 'generation': 126}","{'id': 5553, 'rank': 5, 'fitness': 0.8282958730292297, 'generation': 126}","{'id': 5552, 'rank': 6, 'fitness': 0.7946249681442115, 'generation': 126}","{'id': 5549, 'rank': 7, 'fitness': 0.7070761302742904, 'generation': 126}","{'id': 5534, 'rank': 8, 'fitness': 0.6301875604400475, 'generation': 126}","{'id': 5539, 'rank': 9, 'fitness': 0.5125400606233131, 'generation': 126}","{'id': 5523, 'rank': 10, 'fitness': 0.4424159354884439, 'generation': 126}","{'id': 5531, 'rank': 11, 'fitness': 0.41747919141449635, 'generation': 126}","{'id': 5532, 'rank': 12, 'fitness': 0.4108848881377869, 'generation': 126}","{'id': 5540, 'rank': 13, 'fitness': 0.3451813957391218, 'generation': 126}","{'id': 5525, 'rank': 14, 'fitness': 0.2807528290705663, 'generation': 126}","{'id': 5547, 'rank': 15, 'fitness': 0.27682105169295196, 'generation': 126}","{'id': 5537, 'rank': 16, 'fitness': 0.21700247305673454, 'generation': 126}","{'id': 5543, 'rank': 17, 'fitness': 0.21134914863787885, 'generation': 126}","{'id': 5528, 'rank': 18, 'fitness': 0.1018268192082819, 'generation': 126}","{'id': 5556, 'rank': 19, 'fitness': 0.0842030418384353, 'generation': 126}","{'id': 5541, 'rank': 20, 'fitness': 0.06943060813274476, 'generation': 126}","{'id': 5527, 'rank': 21, 'fitness': 0.06511382276483585, 'generation': 126}","{'id': 5548, 'rank': 22, 'fitness': 0.06171789985073822, 'generation': 126}","{'id': 5533, 'rank': 23, 'fitness': 0.0473451381706107, 'generation': 126}","{'id': 5554, 'rank': 24, 'fitness': 0.03253006265892178, 'generation': 126}","{'id': 5551, 'rank': 25, 'fitness': 0.027722916569636435, 'generation': 126}","{'id': 5546, 'rank': 26, 'fitness': 0.02674041942104005, 'generation': 126}","{'id': 5521, 'rank': 27, 'fitness': 0.026122403362605184, 'generation': 126}","{'id': 5518, 'rank': 28, 'fitness': 0.023893012544392966, 'generation': 126}","{'id': 5522, 'rank': 29, 'fitness': 0.021601812494955575, 'generation': 126}","{'id': 5520, 'rank': 30, 'fitness': 0.01798620996209155, 'generation': 126}"
"{'id': 5581, 'rank': 1, 'fitness': 0.9820137900379085, 'generation': 127}","{'id': 5563, 'rank': 2, 'fitness': 0.9586091614388509, 'generation': 127}","{'id': 5567, 'rank': 3, 'fitness': 0.8886679176337748, 'generation': 127}","{'id': 5579, 'rank': 4, 'fitness': 0.8884329906447856, 'generation': 127}","{'id': 5585, 'rank': 5, 'fitness': 0.6138552411094893, 'generation': 127}","{'id': 5595, 'rank': 6, 'fitness': 0.5786329937252523, 'generation': 127}","{'id': 5565, 'rank': 7, 'fitness': 0.5078854611722551, 'generation': 127}","{'id': 5596, 'rank': 8, 'fitness': 0.4760283878865095, 'generation': 127}","{'id': 5568, 'rank': 9, 'fitness': 0.43318831665266366, 'generation': 127}","{'id': 5560, 'rank': 10, 'fitness': 0.3935952441228015, 'generation': 127}","{'id': 5591, 'rank': 11, 'fitness': 0.3717636939382276, 'generation': 127}","{'id': 5597, 'rank': 12, 'fitness': 0.34583422420877824, 'generation': 127}","{'id': 5584, 'rank': 13, 'fitness': 0.30576006627725283, 'generation': 127}","{'id': 5576, 'rank': 14, 'fitness': 0.253830466167886, 'generation': 127}","{'id': 5600, 'rank': 15, 'fitness': 0.20042354010020086, 'generation': 127}","{'id': 5590, 'rank': 16, 'fitness': 0.164392291154001, 'generation': 127}","{'id': 5589, 'rank': 17, 'fitness': 0.15214140047367708, 'generation': 127}","{'id': 5570, 'rank': 18, 'fitness': 0.10832693575923336, 'generation': 127}","{'id': 5594, 'rank': 19, 'fitness': 0.08004048974715694, 'generation': 127}","{'id': 5599, 'rank': 20, 'fitness': 0.06474544537607979, 'generation': 127}","{'id': 5582, 'rank': 21, 'fitness': 0.05537379424134725, 'generation': 127}","{'id': 5562, 'rank': 22, 'fitness': 0.050641797989105064, 'generation': 127}","{'id': 5586, 'rank': 23, 'fitness': 0.04955910659566659, 'generation': 127}","{'id': 5593, 'rank': 24, 'fitness': 0.04326996232766034, 'generation': 127}","{'id': 5574, 'rank': 25, 'fitness': 0.034086615011068244, 'generation': 127}","{'id': 5569, 'rank': 26, 'fitness': 0.032519374036438675, 'generation': 127}","{'id': 5592, 'rank': 27, 'fitness': 0.025527322917977546, 'generation': 127}","{'id': 5602, 'rank': 28, 'fitness': 0.022048572334441185, 'generation': 127}","{'id': 5575, 'rank': 29, 'fitness': 0.01980658256560963, 'generation': 127}","{'id': 5598, 'rank': 30, 'fitness': 0.01798620996209155, 'generation': 127}"
"{'id': 5644, 'rank': 1, 'fitness': 0.9820137900379085, 'generation': 128}","{'id': 5620, 'rank': 2, 'fitness': 0.9537700661851367, 'generation': 128}","{'id': 5641, 'rank': 3, 'fitness': 0.7761901853405797, 'generation': 128}","{'id': 5624, 'rank': 4, 'fitness': 0.6218484930466299, 'generation': 128}","{'id': 5623, 'rank': 5, 'fitness': 0.5663281282880421, 'generation': 128}","{'id': 5633, 'rank': 6, 'fitness': 0.43618989510090767, 'generation': 128}","{'id': 5634, 'rank': 7, 'fitness': 0.3758866535184517, 'generation': 128}","{'id': 5622, 'rank': 8, 'fitness': 0.36441450404204323, 'generation': 128}","{'id': 5632, 'rank': 9, 'fitness': 0.2941539276186036, 'generation': 128}","{'id': 5627, 'rank': 10, 'fitness': 0.2631699299773288, 'generation': 128}","{'id': 5636, 'rank': 11, 'fitness': 0.2625851932182456, 'generation': 128}","{'id': 5629, 'rank': 12, 'fitness': 0.2460977468987557, 'generation': 128}","{'id': 5639, 'rank': 13, 'fitness': 0.16648386773199159, 'generation': 128}","{'id': 5635, 'rank': 14, 'fitness': 0.15792394498120998, 'generation': 128}","{'id': 5642, 'rank': 15, 'fitness': 0.1579024352542132, 'generation': 128}","{'id': 5615, 'rank': 16, 'fitness': 0.1565597865624187, 'generation': 128}","{'id': 5613, 'rank': 17, 'fitness': 0.13522372515449066, 'generation': 128}","{'id': 5604, 'rank': 18, 'fitness': 0.1272604644510139, 'generation': 128}","{'id': 5637, 'rank': 19, 'fitness': 0.09731030158570608, 'generation': 128}","{'id': 5640, 'rank': 20, 'fitness': 0.07483832446755745, 'generation': 128}","{'id': 5628, 'rank': 21, 'fitness': 0.06807793650644328, 'generation': 128}","{'id': 5617, 'rank': 22, 'fitness': 0.03784620116787474, 'generation': 128}","{'id': 5614, 'rank': 23, 'fitness': 0.03703195906794976, 'generation': 128}","{'id': 5612, 'rank': 24, 'fitness': 0.03586620401353341, 'generation': 128}","{'id': 5607, 'rank': 25, 'fitness': 0.029801795866429726, 'generation': 128}","{'id': 5603, 'rank': 26, 'fitness': 0.02901611125103165, 'generation': 128}","{'id': 5619, 'rank': 27, 'fitness': 0.02869835110295621, 'generation': 128}","{'id': 5608, 'rank': 28, 'fitness': 0.021385968813649014, 'generation': 128}","{'id': 5643, 'rank': 29, 'fitness': 0.01873610932962072, 'generation': 128}","{'id': 5609, 'rank': 30, 'fitness': 0.01798620996209155, 'generation': 128}"
"{'id': 5681, 'rank': 1, 'fitness': 0.9820137900379085, 'generation': 129}","{'id': 5677, 'rank': 2, 'fitness': 0.7157117013374974, 'generation': 129}","{'id': 5682, 'rank': 3, 'fitness': 0.6096496970963321, 'generation': 129}","{'id': 5674, 'rank': 4, 'fitness': 0.5804739917016556, 'generation': 129}","{'id': 5669, 'rank': 5, 'fitness': 0.5641305821091837, 'generation': 129}","{'id': 5666, 'rank': 6, 'fitness': 0.3819230898479927, 'generation': 129}","{'id': 5683, 'rank': 7, 'fitness': 0.3566125348923433, 'generation': 129}","{'id': 5673, 'rank': 8, 'fitness': 0.23943344078633427, 'generation': 129}","{'id': 5658, 'rank': 9, 'fitness': 0.23672371994910374, 'generation': 129}","{'id': 5667, 'rank': 10, 'fitness': 0.21913153696197446, 'generation': 129}","{'id': 5670, 'rank': 11, 'fitness': 0.20585424310569467, 'generation': 129}","{'id': 5660, 'rank': 12, 'fitness': 0.20012759176404044, 'generation': 129}","{'id': 5676, 'rank': 13, 'fitness': 0.13859192296955258, 'generation': 129}","{'id': 5679, 'rank': 14, 'fitness': 0.10607612508784087, 'generation': 129}","{'id': 5675, 'rank': 15, 'fitness': 0.09762334185629123, 'generation': 129}","{'id': 5656, 'rank': 16, 'fitness': 0.09637373413732253, 'generation': 129}","{'id': 5659, 'rank': 17, 'fitness': 0.09524365676858154, 'generation': 129}","{'id': 5662, 'rank': 18, 'fitness': 0.0818694229580414, 'generation': 129}","{'id': 5665, 'rank': 19, 'fitness': 0.07670260848989707, 'generation': 129}","{'id': 5684, 'rank': 20, 'fitness': 0.07329615126297528, 'generation': 129}","{'id': 5646, 'rank': 21, 'fitness': 0.06398952983353878, 'generation': 129}","{'id': 5653, 'rank': 22, 'fitness': 0.04950792156392958, 'generation': 129}","{'id': 5645, 'rank': 23, 'fitness': 0.04387825044807914, 'generation': 129}","{'id': 5671, 'rank': 24, 'fitness': 0.04367520701486882, 'generation': 129}","{'id': 5650, 'rank': 25, 'fitness': 0.029162794084941268, 'generation': 129}","{'id': 5654, 'rank': 26, 'fitness': 0.025224876138059904, 'generation': 129}","{'id': 5647, 'rank': 27, 'fitness': 0.024919433773002764, 'generation': 129}","{'id': 5668, 'rank': 28, 'fitness': 0.01995356496678674, 'generation': 129}","{'id': 5649, 'rank': 29, 'fitness': 0.019845162898306068, 'generation': 129}","{'id': 5651, 'rank': 30, 'fitness': 0.01798620996209155, 'generation': 129}"
"{'id': 5721, 'rank': 1, 'fitness': 0.9820137900379085, 'generation': 130}","{'id': 5715, 'rank': 2, 'fitness': 0.9805142124760852, 'generation': 130}","{'id': 5708, 'rank': 3, 'fitness': 0.980017613205047, 'generation': 130}","{'id': 5707, 'rank': 4, 'fitness': 0.8750260427305988, 'generation': 130}","{'id': 5705, 'rank': 5, 'fitness': 0.834909886489614, 'generation': 130}","{'id': 5697, 'rank': 6, 'fitness': 0.8320069590916825, 'generation': 130}","{'id': 5711, 'rank': 7, 'fitness': 0.8203683365289784, 'generation': 130}","{'id': 5709, 'rank': 8, 'fitness': 0.76061339985059, 'generation': 130}","{'id': 5716, 'rank': 9, 'fitness': 0.686829676172256, 'generation': 130}","{'id': 5718, 'rank': 10, 'fitness': 0.6515196258064625, 'generation': 130}","{'id': 5719, 'rank': 11, 'fitness': 0.614753888178642, 'generation': 130}","{'id': 5699, 'rank': 12, 'fitness': 0.5068407397339392, 'generation': 130}","{'id': 5685, 'rank': 13, 'fitness': 0.42622666661763003, 'generation': 130}","{'id': 5694, 'rank': 14, 'fitness': 0.3813567333672303, 'generation': 130}","{'id': 5710, 'rank': 15, 'fitness': 0.19717864437752597, 'generation': 130}","{'id': 5722, 'rank': 16, 'fitness': 0.1686410793746525, 'generation': 130}","{'id': 5706, 'rank': 17, 'fitness': 0.11123103430253012, 'generation': 130}","{'id': 5690, 'rank': 18, 'fitness': 0.10546629597674595, 'generation': 130}","{'id': 5700, 'rank': 19, 'fitness': 0.09701459880085966, 'generation': 130}","{'id': 5712, 'rank': 20, 'fitness': 0.08265871900149485, 'generation': 130}","{'id': 5717, 'rank': 21, 'fitness': 0.08000477861593303, 'generation': 130}","{'id': 5713, 'rank': 22, 'fitness': 0.06808734577697223, 'generation': 130}","{'id': 5714, 'rank': 23, 'fitness': 0.06354395784964922, 'generation': 130}","{'id': 5703, 'rank': 24, 'fitness': 0.056141253737023555, 'generation': 130}","{'id': 5688, 'rank': 25, 'fitness': 0.049941338029441895, 'generation': 130}","{'id': 5696, 'rank': 26, 'fitness': 0.04905128065001996, 'generation': 130}","{'id': 5695, 'rank': 27, 'fitness': 0.026832073559674763, 'generation': 130}","{'id': 5686, 'rank': 28, 'fitness': 0.0237554018716441, 'generation': 130}","{'id': 5720, 'rank': 29, 'fitness': 0.019709099939860864, 'generation': 130}","{'id': 5698, 'rank': 30, 'fitness': 0.01798620996209155, 'generation': 130}"
"{'id': 5742, 'rank': 1, 'fitness': 0.9820137900379085, 'generation': 131}","{'id': 5760, 'rank': 2, 'fitness': 0.9173584897371402, 'generation': 131}","{'id': 5763, 'rank': 3, 'fitness': 0.8280382767137465, 'generation': 131}","{'id': 5756, 'rank': 4, 'fitness': 0.7611659442663307, 'generation': 131}","{'id': 5764, 'rank': 5, 'fitness': 0.7001365962447812, 'generation': 131}","{'id': 5762, 'rank': 6, 'fitness': 0.6387048946760148, 'generation': 131}","{'id': 5746, 'rank': 7, 'fitness': 0.5504124357789745, 'generation': 131}","{'id': 5768, 'rank': 8, 'fitness': 0.5485981006646898, 'generation': 131}","{'id': 5761, 'rank': 9, 'fitness': 0.41428273072191035, 'generation': 131}","{'id': 5734, 'rank': 10, 'fitness': 0.39684870484928153, 'generation': 131}","{'id': 5765, 'rank': 11, 'fitness': 0.3813429951158644, 'generation': 131}","{'id': 5767, 'rank': 12, 'fitness': 0.37540070450015883, 'generation': 131}","{'id': 5755, 'rank': 13, 'fitness': 0.35973448231692684, 'generation': 131}","{'id': 5769, 'rank': 14, 'fitness': 0.27162644955040793, 'generation': 131}","{'id': 5743, 'rank': 15, 'fitness': 0.25391492035965924, 'generation': 131}","{'id': 5757, 'rank': 16, 'fitness': 0.236116977116046, 'generation': 131}","{'id': 5747, 'rank': 17, 'fitness': 0.23579411525387778, 'generation': 131}","{'id': 5754, 'rank': 18, 'fitness': 0.18960938139220157, 'generation': 131}","{'id': 5759, 'rank': 19, 'fitness': 0.18520730960349208, 'generation': 131}","{'id': 5741, 'rank': 20, 'fitness': 0.18081795840022274, 'generation': 131}","{'id': 5740, 'rank': 21, 'fitness': 0.1357819327011443, 'generation': 131}","{'id': 5726, 'rank': 22, 'fitness': 0.1053237067524685, 'generation': 131}","{'id': 5766, 'rank': 23, 'fitness': 0.08472581142825841, 'generation': 131}","{'id': 5735, 'rank': 24, 'fitness': 0.05450419891240793, 'generation': 131}","{'id': 5732, 'rank': 25, 'fitness': 0.0511010794008217, 'generation': 131}","{'id': 5758, 'rank': 26, 'fitness': 0.04237265148154373, 'generation': 131}","{'id': 5727, 'rank': 27, 'fitness': 0.025846796720023824, 'generation': 131}","{'id': 5770, 'rank': 28, 'fitness': 0.02493666841986636, 'generation': 131}","{'id': 5731, 'rank': 29, 'fitness': 0.02373161116610284, 'generation': 131}","{'id': 5751, 'rank': 30, 'fitness': 0.01798620996209155, 'generation': 131}"
"{'id': 5807, 'rank': 1, 'fitness': 0.9820137900379085, 'generation': 132}","{'id': 5802, 'rank': 2, 'fitness': 0.9160132956933043, 'generation': 132}","{'id': 5805, 'rank': 3, 'fitness': 0.9135030395727892, 'generation': 132}","{'id': 5796, 'rank': 4, 'fitness': 0.7083660609515279, 'generation': 132}","{'id': 5795, 'rank': 5, 'fitness': 0.7009853275416857, 'generation': 132}","{'id': 5816, 'rank': 6, 'fitness': 0.694448642509583, 'generation': 132}","{'id': 5800, 'rank': 7, 'fitness': 0.6187298203178027, 'generation': 132}","{'id': 5803, 'rank': 8, 'fitness': 0.5105286438840843, 'generation': 132}","{'id': 5799, 'rank': 9, 'fitness': 0.4560375094791071, 'generation': 132}","{'id': 5793, 'rank': 10, 'fitness': 0.4234576495736278, 'generation': 132}","{'id': 5791, 'rank': 11, 'fitness': 0.35550323811290296, 'generation': 132}","{'id': 5809, 'rank': 12, 'fitness': 0.30567747564439157, 'generation': 132}","{'id': 5798, 'rank': 13, 'fitness': 0.23463046854619518, 'generation': 132}","{'id': 5806, 'rank': 14, 'fitness': 0.21573433670977304, 'generation': 132}","{'id': 5811, 'rank': 15, 'fitness': 0.18628719597035104, 'generation': 132}","{'id': 5786, 'rank': 16, 'fitness': 0.18557010936238905, 'generation': 132}","{'id': 5781, 'rank': 17, 'fitness': 0.17443502671693467, 'generation': 132}","{'id': 5812, 'rank': 18, 'fitness': 0.17073832647032944, 'generation': 132}","{'id': 5787, 'rank': 19, 'fitness': 0.11919952209119089, 'generation': 132}","{'id': 5792, 'rank': 20, 'fitness': 0.11127874702850138, 'generation': 132}","{'id': 5794, 'rank': 21, 'fitness': 0.10026266220381913, 'generation': 132}","{'id': 5785, 'rank': 22, 'fitness': 0.0709380230934411, 'generation': 132}","{'id': 5814, 'rank': 23, 'fitness': 0.04606077146652543, 'generation': 132}","{'id': 5797, 'rank': 24, 'fitness': 0.04337532191936222, 'generation': 132}","{'id': 5813, 'rank': 25, 'fitness': 0.040373732485831704, 'generation': 132}","{'id': 5774, 'rank': 26, 'fitness': 0.02774138085709238, 'generation': 132}","{'id': 5778, 'rank': 27, 'fitness': 0.02595579718675972, 'generation': 132}","{'id': 5808, 'rank': 28, 'fitness': 0.022374759126645827, 'generation': 132}","{'id': 5783, 'rank': 29, 'fitness': 0.018615461443852344, 'generation': 132}","{'id': 5779, 'rank': 30, 'fitness': 0.01798620996209155, 'generation': 132}"
"{'id': 5837, 'rank': 1, 'fitness': 0.9820137900379085, 'generation': 133}","{'id': 5823, 'rank': 2, 'fitness': 0.9063564086587537, 'generation': 133}","{'id': 5849, 'rank': 3, 'fitness': 0.819726429147148, 'generation': 133}","{'id': 5852, 'rank': 4, 'fitness': 0.6607394474745147, 'generation': 133}","{'id': 5838, 'rank': 5, 'fitness': 0.6148944395630955, 'generation': 133}","{'id': 5858, 'rank': 6, 'fitness': 0.3982716275609872, 'generation': 133}","{'id': 5856, 'rank': 7, 'fitness': 0.323854219851908, 'generation': 133}","{'id': 5845, 'rank': 8, 'fitness': 0.28644603477647085, 'generation': 133}","{'id': 5831, 'rank': 9, 'fitness': 0.2684911099411199, 'generation': 133}","{'id': 5826, 'rank': 10, 'fitness': 0.2670863592501345, 'generation': 133}","{'id': 5820, 'rank': 11, 'fitness': 0.22624035462792547, 'generation': 133}","{'id': 5818, 'rank': 12, 'fitness': 0.18747794711958293, 'generation': 133}","{'id': 5835, 'rank': 13, 'fitness': 0.17449915231697255, 'generation': 133}","{'id': 5842, 'rank': 14, 'fitness': 0.16440936534123524, 'generation': 133}","{'id': 5846, 'rank': 15, 'fitness': 0.14142951678093862, 'generation': 133}","{'id': 5843, 'rank': 16, 'fitness': 0.12841413694574283, 'generation': 133}","{'id': 5857, 'rank': 17, 'fitness': 0.12793419851606314, 'generation': 133}","{'id': 5855, 'rank': 18, 'fitness': 0.11193539995211227, 'generation': 133}","{'id': 5834, 'rank': 19, 'fitness': 0.10882595789389887, 'generation': 133}","{'id': 5839, 'rank': 20, 'fitness': 0.10582383451944166, 'generation': 133}","{'id': 5848, 'rank': 21, 'fitness': 0.10050044421201715, 'generation': 133}","{'id': 5821, 'rank': 22, 'fitness': 0.0703177306927627, 'generation': 133}","{'id': 5847, 'rank': 23, 'fitness': 0.05811894743038315, 'generation': 133}","{'id': 5830, 'rank': 24, 'fitness': 0.050992464848855446, 'generation': 133}","{'id': 5827, 'rank': 25, 'fitness': 0.04505767613310713, 'generation': 133}","{'id': 5824, 'rank': 26, 'fitness': 0.040631069156405464, 'generation': 133}","{'id': 5825, 'rank': 27, 'fitness': 0.03390757634982533, 'generation': 133}","{'id': 5844, 'rank': 28, 'fitness': 0.03169984124103753, 'generation': 133}","{'id': 5854, 'rank': 29, 'fitness': 0.03079906764912732, 'generation': 133}","{'id': 5853, 'rank': 30, 'fitness': 0.01798620996209155, 'generation': 133}"
"{'id': 5893, 'rank': 1, 'fitness': 0.9820137900379085, 'generation': 134}","{'id': 5877, 'rank': 2, 'fitness': 0.7656248371469736, 'generation': 134}","{'id': 5875, 'rank': 3, 'fitness': 0.6537296694271456, 'generation': 134}","{'id': 5885, 'rank': 4, 'fitness': 0.6176703141798464, 'generation': 134}","{'id': 5897, 'rank': 5, 'fitness': 0.4491604981379004, 'generation': 134}","{'id': 5898, 'rank': 6, 'fitness': 0.4336059393456335, 'generation': 134}","{'id': 5895, 'rank': 7, 'fitness': 0.4014068470519814, 'generation': 134}","{'id': 5868, 'rank': 8, 'fitness': 0.37578566222910365, 'generation': 134}","{'id': 5883, 'rank': 9, 'fitness': 0.3572433214381282, 'generation': 134}","{'id': 5878, 'rank': 10, 'fitness': 0.32749944097901773, 'generation': 134}","{'id': 5873, 'rank': 11, 'fitness': 0.18667211285432928, 'generation': 134}","{'id': 5889, 'rank': 12, 'fitness': 0.1833517512545368, 'generation': 134}","{'id': 5887, 'rank': 13, 'fitness': 0.15679883936251188, 'generation': 134}","{'id': 5896, 'rank': 14, 'fitness': 0.15571722491755224, 'generation': 134}","{'id': 5881, 'rank': 15, 'fitness': 0.08852680409960123, 'generation': 134}","{'id': 5894, 'rank': 16, 'fitness': 0.08187518011508721, 'generation': 134}","{'id': 5865, 'rank': 17, 'fitness': 0.07805654590131023, 'generation': 134}","{'id': 5869, 'rank': 18, 'fitness': 0.07185825465619661, 'generation': 134}","{'id': 5891, 'rank': 19, 'fitness': 0.05982691475952079, 'generation': 134}","{'id': 5901, 'rank': 20, 'fitness': 0.05666560332746806, 'generation': 134}","{'id': 5882, 'rank': 21, 'fitness': 0.05028473010546414, 'generation': 134}","{'id': 5888, 'rank': 22, 'fitness': 0.0497230244566354, 'generation': 134}","{'id': 5866, 'rank': 23, 'fitness': 0.04218215656719787, 'generation': 134}","{'id': 5861, 'rank': 24, 'fitness': 0.03944503112432335, 'generation': 134}","{'id': 5874, 'rank': 25, 'fitness': 0.03701004092227289, 'generation': 134}","{'id': 5890, 'rank': 26, 'fitness': 0.02875322860806717, 'generation': 134}","{'id': 5900, 'rank': 27, 'fitness': 0.02768523099258202, 'generation': 134}","{'id': 5870, 'rank': 28, 'fitness': 0.020445368023619626, 'generation': 134}","{'id': 5879, 'rank': 29, 'fitness': 0.019021705162122593, 'generation': 134}","{'id': 5863, 'rank': 30, 'fitness': 0.01798620996209155, 'generation': 134}"
"{'id': 5910, 'rank': 1, 'fitness': 0.9820137900379085, 'generation': 135}","{'id': 5932, 'rank': 2, 'fitness': 0.9593104890282889, 'generation': 135}","{'id': 5926, 'rank': 3, 'fitness': 0.8739481209852799, 'generation': 135}","{'id': 5941, 'rank': 4, 'fitness': 0.853977011949876, 'generation': 135}","{'id': 5938, 'rank': 5, 'fitness': 0.774452230281658, 'generation': 135}","{'id': 5937, 'rank': 6, 'fitness': 0.6476300083840878, 'generation': 135}","{'id': 5912, 'rank': 7, 'fitness': 0.6072723778303719, 'generation': 135}","{'id': 5925, 'rank': 8, 'fitness': 0.5694592373167677, 'generation': 135}","{'id': 5928, 'rank': 9, 'fitness': 0.48636664406987795, 'generation': 135}","{'id': 5915, 'rank': 10, 'fitness': 0.4592623257618005, 'generation': 135}","{'id': 5934, 'rank': 11, 'fitness': 0.45744081288445543, 'generation': 135}","{'id': 5929, 'rank': 12, 'fitness': 0.41439447720530437, 'generation': 135}","{'id': 5927, 'rank': 13, 'fitness': 0.35446858909670265, 'generation': 135}","{'id': 5942, 'rank': 14, 'fitness': 0.3388605152187334, 'generation': 135}","{'id': 5930, 'rank': 15, 'fitness': 0.26830531578142025, 'generation': 135}","{'id': 5940, 'rank': 16, 'fitness': 0.2492866655164429, 'generation': 135}","{'id': 5924, 'rank': 17, 'fitness': 0.24160247343684382, 'generation': 135}","{'id': 5916, 'rank': 18, 'fitness': 0.2227591412708732, 'generation': 135}","{'id': 5920, 'rank': 19, 'fitness': 0.18360949623802636, 'generation': 135}","{'id': 5931, 'rank': 20, 'fitness': 0.17448015807735978, 'generation': 135}","{'id': 5905, 'rank': 21, 'fitness': 0.14575715275417472, 'generation': 135}","{'id': 5936, 'rank': 22, 'fitness': 0.14146572799048562, 'generation': 135}","{'id': 5914, 'rank': 23, 'fitness': 0.10108840917791168, 'generation': 135}","{'id': 5909, 'rank': 24, 'fitness': 0.07674855477910286, 'generation': 135}","{'id': 5933, 'rank': 25, 'fitness': 0.07268463532602376, 'generation': 135}","{'id': 5935, 'rank': 26, 'fitness': 0.052152913944334856, 'generation': 135}","{'id': 5907, 'rank': 27, 'fitness': 0.0455347994161831, 'generation': 135}","{'id': 5913, 'rank': 28, 'fitness': 0.044345448320316394, 'generation': 135}","{'id': 5919, 'rank': 29, 'fitness': 0.030632612245772017, 'generation': 135}","{'id': 5923, 'rank': 30, 'fitness': 0.01798620996209155, 'generation': 135}"
"{'id': 5980, 'rank': 1, 'fitness': 0.9820137900379085, 'generation': 136}","{'id': 5972, 'rank': 2, 'fitness': 0.922800895031831, 'generation': 136}","{'id': 5971, 'rank': 3, 'fitness': 0.9202984982722084, 'generation': 136}","{'id': 5964, 'rank': 4, 'fitness': 0.8804093177580482, 'generation': 136}","{'id': 5961, 'rank': 5, 'fitness': 0.7357177573586188, 'generation': 136}","{'id': 5969, 'rank': 6, 'fitness': 0.6716857049069478, 'generation': 136}","{'id': 5967, 'rank': 7, 'fitness': 0.5286450232880091, 'generation': 136}","{'id': 5973, 'rank': 8, 'fitness': 0.4637503148428985, 'generation': 136}","{'id': 5966, 'rank': 9, 'fitness': 0.4630959571958394, 'generation': 136}","{'id': 5979, 'rank': 10, 'fitness': 0.3582353041930798, 'generation': 136}","{'id': 5948, 'rank': 11, 'fitness': 0.33016307479534657, 'generation': 136}","{'id': 5954, 'rank': 12, 'fitness': 0.31581714843190134, 'generation': 136}","{'id': 5953, 'rank': 13, 'fitness': 0.25675543869082984, 'generation': 136}","{'id': 5970, 'rank': 14, 'fitness': 0.20928794897976777, 'generation': 136}","{'id': 5977, 'rank': 15, 'fitness': 0.19323258367823076, 'generation': 136}","{'id': 5974, 'rank': 16, 'fitness': 0.18270313806607202, 'generation': 136}","{'id': 5951, 'rank': 17, 'fitness': 0.17162645605431764, 'generation': 136}","{'id': 5949, 'rank': 18, 'fitness': 0.16464018835897903, 'generation': 136}","{'id': 5975, 'rank': 19, 'fitness': 0.149493763628811, 'generation': 136}","{'id': 5950, 'rank': 20, 'fitness': 0.14104586823155174, 'generation': 136}","{'id': 5982, 'rank': 21, 'fitness': 0.13803974370283412, 'generation': 136}","{'id': 5976, 'rank': 22, 'fitness': 0.1379842661468456, 'generation': 136}","{'id': 5960, 'rank': 23, 'fitness': 0.12233386599034879, 'generation': 136}","{'id': 5944, 'rank': 24, 'fitness': 0.10912552005260612, 'generation': 136}","{'id': 5965, 'rank': 25, 'fitness': 0.08044060438376305, 'generation': 136}","{'id': 5945, 'rank': 26, 'fitness': 0.06883983471225269, 'generation': 136}","{'id': 5981, 'rank': 27, 'fitness': 0.06662981609800839, 'generation': 136}","{'id': 5947, 'rank': 28, 'fitness': 0.02531526526565958, 'generation': 136}","{'id': 5968, 'rank': 29, 'fitness': 0.024011565640290222, 'generation': 136}","{'id': 5955, 'rank': 30, 'fitness': 0.01798620996209155, 'generation': 136}"
"{'id': 6025, 'rank': 1, 'fitness': 0.9820137900379085, 'generation': 137}","{'id': 6004, 'rank': 2, 'fitness': 0.8148590530355188, 'generation': 137}","{'id': 6026, 'rank': 3, 'fitness': 0.6199036086048763, 'generation': 137}","{'id': 6014, 'rank': 4, 'fitness': 0.6134406195903165, 'generation': 137}","{'id': 6000, 'rank': 5, 'fitness': 0.5972741695699358, 'generation': 137}","{'id': 5995, 'rank': 6, 'fitness': 0.5778345672736738, 'generation': 137}","{'id': 5993, 'rank': 7, 'fitness': 0.4737963601161975, 'generation': 137}","{'id': 6012, 'rank': 8, 'fitness': 0.454113601197168, 'generation': 137}","{'id': 5990, 'rank': 9, 'fitness': 0.40724275246867164, 'generation': 137}","{'id': 6019, 'rank': 10, 'fitness': 0.24087756234594626, 'generation': 137}","{'id': 5991, 'rank': 11, 'fitness': 0.2243688238147199, 'generation': 137}","{'id': 6028, 'rank': 12, 'fitness': 0.19291134525530063, 'generation': 137}","{'id': 6023, 'rank': 13, 'fitness': 0.16614276501992453, 'generation': 137}","{'id': 6002, 'rank': 14, 'fitness': 0.1540729890891276, 'generation': 137}","{'id': 6027, 'rank': 15, 'fitness': 0.13815714359605102, 'generation': 137}","{'id': 6013, 'rank': 16, 'fitness': 0.12437883562637253, 'generation': 137}","{'id': 6001, 'rank': 17, 'fitness': 0.10524437599917608, 'generation': 137}","{'id': 6016, 'rank': 18, 'fitness': 0.08136782995908898, 'generation': 137}","{'id': 6006, 'rank': 19, 'fitness': 0.08035796277364066, 'generation': 137}","{'id': 5987, 'rank': 20, 'fitness': 0.07931635976907941, 'generation': 137}","{'id': 6021, 'rank': 21, 'fitness': 0.06688130294378186, 'generation': 137}","{'id': 6029, 'rank': 22, 'fitness': 0.05321926799843607, 'generation': 137}","{'id': 6010, 'rank': 23, 'fitness': 0.04058676551838358, 'generation': 137}","{'id': 6015, 'rank': 24, 'fitness': 0.03884812120765918, 'generation': 137}","{'id': 6017, 'rank': 25, 'fitness': 0.03787327594270429, 'generation': 137}","{'id': 5994, 'rank': 26, 'fitness': 0.034907489244946355, 'generation': 137}","{'id': 6022, 'rank': 27, 'fitness': 0.02962290708770371, 'generation': 137}","{'id': 6018, 'rank': 28, 'fitness': 0.025910510788991536, 'generation': 137}","{'id': 6024, 'rank': 29, 'fitness': 0.025427324228849357, 'generation': 137}","{'id': 5986, 'rank': 30, 'fitness': 0.01798620996209155, 'generation': 137}"
"{'id': 6059, 'rank': 1, 'fitness': 0.9820137900379085, 'generation': 138}","{'id': 6048, 'rank': 2, 'fitness': 0.9733492161704682, 'generation': 138}","{'id': 6054, 'rank': 3, 'fitness': 0.8367974415355102, 'generation': 138}","{'id': 6050, 'rank': 4, 'fitness': 0.8067024262898883, 'generation': 138}","{'id': 6056, 'rank': 5, 'fitness': 0.6613060614559931, 'generation': 138}","{'id': 6062, 'rank': 6, 'fitness': 0.6396636222870433, 'generation': 138}","{'id': 6068, 'rank': 7, 'fitness': 0.6236691955878422, 'generation': 138}","{'id': 6064, 'rank': 8, 'fitness': 0.5775190354044598, 'generation': 138}","{'id': 6060, 'rank': 9, 'fitness': 0.5278842462908984, 'generation': 138}","{'id': 6042, 'rank': 10, 'fitness': 0.4705794787775904, 'generation': 138}","{'id': 6058, 'rank': 11, 'fitness': 0.3577820874824088, 'generation': 138}","{'id': 6052, 'rank': 12, 'fitness': 0.3192626834031522, 'generation': 138}","{'id': 6067, 'rank': 13, 'fitness': 0.31632368135232714, 'generation': 138}","{'id': 6034, 'rank': 14, 'fitness': 0.18281974130520567, 'generation': 138}","{'id': 6049, 'rank': 15, 'fitness': 0.16052762421273475, 'generation': 138}","{'id': 6031, 'rank': 16, 'fitness': 0.15307912789971778, 'generation': 138}","{'id': 6041, 'rank': 17, 'fitness': 0.11782238647755139, 'generation': 138}","{'id': 6039, 'rank': 18, 'fitness': 0.09339375402507144, 'generation': 138}","{'id': 6055, 'rank': 19, 'fitness': 0.08135163290339592, 'generation': 138}","{'id': 6046, 'rank': 20, 'fitness': 0.07920359274044309, 'generation': 138}","{'id': 6043, 'rank': 21, 'fitness': 0.07333262294219728, 'generation': 138}","{'id': 6066, 'rank': 22, 'fitness': 0.06647529999679958, 'generation': 138}","{'id': 6061, 'rank': 23, 'fitness': 0.06431799841629754, 'generation': 138}","{'id': 6037, 'rank': 24, 'fitness': 0.0490854135783812, 'generation': 138}","{'id': 6045, 'rank': 25, 'fitness': 0.048884952365765455, 'generation': 138}","{'id': 6035, 'rank': 26, 'fitness': 0.03505962981373367, 'generation': 138}","{'id': 6044, 'rank': 27, 'fitness': 0.03300095737507841, 'generation': 138}","{'id': 6033, 'rank': 28, 'fitness': 0.0321705646555524, 'generation': 138}","{'id': 6053, 'rank': 29, 'fitness': 0.018508627675860923, 'generation': 138}","{'id': 6040, 'rank': 30, 'fitness': 0.01798620996209155, 'generation': 138}"
"{'id': 6105, 'rank': 1, 'fitness': 0.9820137900379085, 'generation': 139}","{'id': 6083, 'rank': 2, 'fitness': 0.9619052727666847, 'generation': 139}","{'id': 6099, 'rank': 3, 'fitness': 0.709757649810404, 'generation': 139}","{'id': 6106, 'rank': 4, 'fitness': 0.6397671003238503, 'generation': 139}","{'id': 6110, 'rank': 5, 'fitness': 0.5073200808940472, 'generation': 139}","{'id': 6103, 'rank': 6, 'fitness': 0.49828084725000854, 'generation': 139}","{'id': 6090, 'rank': 7, 'fitness': 0.2951029713831, 'generation': 139}","{'id': 6108, 'rank': 8, 'fitness': 0.28012726577704555, 'generation': 139}","{'id': 6078, 'rank': 9, 'fitness': 0.23533917666531606, 'generation': 139}","{'id': 6109, 'rank': 10, 'fitness': 0.18516977143002727, 'generation': 139}","{'id': 6072, 'rank': 11, 'fitness': 0.17613448707557572, 'generation': 139}","{'id': 6075, 'rank': 12, 'fitness': 0.15463292600499756, 'generation': 139}","{'id': 6096, 'rank': 13, 'fitness': 0.13541610461829734, 'generation': 139}","{'id': 6097, 'rank': 14, 'fitness': 0.10355127714430046, 'generation': 139}","{'id': 6101, 'rank': 15, 'fitness': 0.09326663633154969, 'generation': 139}","{'id': 6085, 'rank': 16, 'fitness': 0.09325406684948256, 'generation': 139}","{'id': 6111, 'rank': 17, 'fitness': 0.08557577177446407, 'generation': 139}","{'id': 6076, 'rank': 18, 'fitness': 0.07398355644285581, 'generation': 139}","{'id': 6098, 'rank': 19, 'fitness': 0.07037439511288457, 'generation': 139}","{'id': 6095, 'rank': 20, 'fitness': 0.0699132997660461, 'generation': 139}","{'id': 6084, 'rank': 21, 'fitness': 0.05249427377602528, 'generation': 139}","{'id': 6112, 'rank': 22, 'fitness': 0.03515045033522196, 'generation': 139}","{'id': 6069, 'rank': 23, 'fitness': 0.03420665165016412, 'generation': 139}","{'id': 6079, 'rank': 24, 'fitness': 0.029070326433460192, 'generation': 139}","{'id': 6107, 'rank': 25, 'fitness': 0.024745514184943362, 'generation': 139}","{'id': 6093, 'rank': 26, 'fitness': 0.024612627878020876, 'generation': 139}","{'id': 6088, 'rank': 27, 'fitness': 0.024483433559377654, 'generation': 139}","{'id': 6100, 'rank': 28, 'fitness': 0.02352560822323424, 'generation': 139}","{'id': 6102, 'rank': 29, 'fitness': 0.0210601647246903, 'generation': 139}","{'id': 6070, 'rank': 30, 'fitness': 0.01798620996209155, 'generation': 139}"
"{'id': 6138, 'rank': 1, 'fitness': 0.9820137900379085, 'generation': 140}","{'id': 6147, 'rank': 2, 'fitness': 0.9819007771908829, 'generation': 140}","{'id': 6144, 'rank': 3, 'fitness': 0.9810164850253494, 'generation': 140}","{'id': 6124, 'rank': 4, 'fitness': 0.9495453193297636, 'generation': 140}","{'id': 6137, 'rank': 5, 'fitness': 0.9363292709968767, 'generation': 140}","{'id': 6130, 'rank': 6, 'fitness': 0.9275187355812239, 'generation': 140}","{'id': 6135, 'rank': 7, 'fitness': 0.9187165716696635, 'generation': 140}","{'id': 6127, 'rank': 8, 'fitness': 0.904912327845115, 'generation': 140}","{'id': 6142, 'rank': 9, 'fitness': 0.7255430891091041, 'generation': 140}","{'id': 6125, 'rank': 10, 'fitness': 0.653465965739447, 'generation': 140}","{'id': 6141, 'rank': 11, 'fitness': 0.6337000579999024, 'generation': 140}","{'id': 6132, 'rank': 12, 'fitness': 0.534308052915078, 'generation': 140}","{'id': 6133, 'rank': 13, 'fitness': 0.5078835239791911, 'generation': 140}","{'id': 6148, 'rank': 14, 'fitness': 0.48188560118741347, 'generation': 140}","{'id': 6143, 'rank': 15, 'fitness': 0.4411153307109023, 'generation': 140}","{'id': 6149, 'rank': 16, 'fitness': 0.3962457428978323, 'generation': 140}","{'id': 6129, 'rank': 17, 'fitness': 0.3762197161965677, 'generation': 140}","{'id': 6122, 'rank': 18, 'fitness': 0.33263751585414353, 'generation': 140}","{'id': 6115, 'rank': 19, 'fitness': 0.21805406940001454, 'generation': 140}","{'id': 6139, 'rank': 20, 'fitness': 0.2113023326626397, 'generation': 140}","{'id': 6131, 'rank': 21, 'fitness': 0.20055982330682864, 'generation': 140}","{'id': 6118, 'rank': 22, 'fitness': 0.18763475917574124, 'generation': 140}","{'id': 6126, 'rank': 23, 'fitness': 0.11404078660520883, 'generation': 140}","{'id': 6121, 'rank': 24, 'fitness': 0.0984712324707927, 'generation': 140}","{'id': 6134, 'rank': 25, 'fitness': 0.0856156942432254, 'generation': 140}","{'id': 6145, 'rank': 26, 'fitness': 0.07657914999860715, 'generation': 140}","{'id': 6117, 'rank': 27, 'fitness': 0.07192607030021325, 'generation': 140}","{'id': 6140, 'rank': 28, 'fitness': 0.059629412950394034, 'generation': 140}","{'id': 6119, 'rank': 29, 'fitness': 0.054399590960871214, 'generation': 140}","{'id': 6123, 'rank': 30, 'fitness': 0.01798620996209155, 'generation': 140}"
"{'id': 6181, 'rank': 1, 'fitness': 0.9820137900379085, 'generation': 141}","{'id': 6187, 'rank': 2, 'fitness': 0.8904127175497671, 'generation': 141}","{'id': 6178, 'rank': 3, 'fitness': 0.8514478097569335, 'generation': 141}","{'id': 6195, 'rank': 4, 'fitness': 0.8239007572880204, 'generation': 141}","{'id': 6186, 'rank': 5, 'fitness': 0.7206264351664419, 'generation': 141}","{'id': 6189, 'rank': 6, 'fitness': 0.6496396932469302, 'generation': 141}","{'id': 6192, 'rank': 7, 'fitness': 0.5976119033301581, 'generation': 141}","{'id': 6162, 'rank': 8, 'fitness': 0.5330557738675067, 'generation': 141}","{'id': 6194, 'rank': 9, 'fitness': 0.3030603187488418, 'generation': 141}","{'id': 6198, 'rank': 10, 'fitness': 0.2964671673168091, 'generation': 141}","{'id': 6188, 'rank': 11, 'fitness': 0.2726178182059973, 'generation': 141}","{'id': 6190, 'rank': 12, 'fitness': 0.23745417537469632, 'generation': 141}","{'id': 6160, 'rank': 13, 'fitness': 0.21125795654644597, 'generation': 141}","{'id': 6197, 'rank': 14, 'fitness': 0.19620662464780325, 'generation': 141}","{'id': 6179, 'rank': 15, 'fitness': 0.19137727115085973, 'generation': 141}","{'id': 6191, 'rank': 16, 'fitness': 0.16694307964756105, 'generation': 141}","{'id': 6172, 'rank': 17, 'fitness': 0.1649815374760185, 'generation': 141}","{'id': 6180, 'rank': 18, 'fitness': 0.15389745617578132, 'generation': 141}","{'id': 6174, 'rank': 19, 'fitness': 0.13674168748384252, 'generation': 141}","{'id': 6196, 'rank': 20, 'fitness': 0.10489662266671002, 'generation': 141}","{'id': 6183, 'rank': 21, 'fitness': 0.08739627232624703, 'generation': 141}","{'id': 6173, 'rank': 22, 'fitness': 0.08271511142726207, 'generation': 141}","{'id': 6185, 'rank': 23, 'fitness': 0.07225816055374895, 'generation': 141}","{'id': 6170, 'rank': 24, 'fitness': 0.060398158909439004, 'generation': 141}","{'id': 6169, 'rank': 25, 'fitness': 0.051362634316611255, 'generation': 141}","{'id': 6184, 'rank': 26, 'fitness': 0.04287127672913904, 'generation': 141}","{'id': 6182, 'rank': 27, 'fitness': 0.03174688103504508, 'generation': 141}","{'id': 6156, 'rank': 28, 'fitness': 0.026673516952978038, 'generation': 141}","{'id': 6152, 'rank': 29, 'fitness': 0.026640724763260626, 'generation': 141}","{'id': 6150, 'rank': 30, 'fitness': 0.01798620996209155, 'generation': 141}"
"{'id': 6202, 'rank': 1, 'fitness': 0.9820137900379085, 'generation': 142}","{'id': 6230, 'rank': 2, 'fitness': 0.9801130126786186, 'generation': 142}","{'id': 6219, 'rank': 3, 'fitness': 0.9630198725444779, 'generation': 142}","{'id': 6235, 'rank': 4, 'fitness': 0.9124333721363453, 'generation': 142}","{'id': 6231, 'rank': 5, 'fitness': 0.8427172424855105, 'generation': 142}","{'id': 6204, 'rank': 6, 'fitness': 0.8411106421757669, 'generation': 142}","{'id': 6227, 'rank': 7, 'fitness': 0.8407985725285787, 'generation': 142}","{'id': 6209, 'rank': 8, 'fitness': 0.775282981319581, 'generation': 142}","{'id': 6236, 'rank': 9, 'fitness': 0.38250183760750456, 'generation': 142}","{'id': 6200, 'rank': 10, 'fitness': 0.37544630058542994, 'generation': 142}","{'id': 6199, 'rank': 11, 'fitness': 0.3111663742146888, 'generation': 142}","{'id': 6232, 'rank': 12, 'fitness': 0.30856824386759546, 'generation': 142}","{'id': 6222, 'rank': 13, 'fitness': 0.27337377973336513, 'generation': 142}","{'id': 6215, 'rank': 14, 'fitness': 0.27291496541006804, 'generation': 142}","{'id': 6228, 'rank': 15, 'fitness': 0.23786557889135085, 'generation': 142}","{'id': 6225, 'rank': 16, 'fitness': 0.21365793006192235, 'generation': 142}","{'id': 6218, 'rank': 17, 'fitness': 0.1745766032371291, 'generation': 142}","{'id': 6223, 'rank': 18, 'fitness': 0.12559595440766513, 'generation': 142}","{'id': 6233, 'rank': 19, 'fitness': 0.11856151809943599, 'generation': 142}","{'id': 6226, 'rank': 20, 'fitness': 0.10056522646265542, 'generation': 142}","{'id': 6206, 'rank': 21, 'fitness': 0.0756152256434654, 'generation': 142}","{'id': 6208, 'rank': 22, 'fitness': 0.07483782286324708, 'generation': 142}","{'id': 6237, 'rank': 23, 'fitness': 0.07465859594969593, 'generation': 142}","{'id': 6211, 'rank': 24, 'fitness': 0.07455027793254942, 'generation': 142}","{'id': 6221, 'rank': 25, 'fitness': 0.0706975105094873, 'generation': 142}","{'id': 6217, 'rank': 26, 'fitness': 0.06732367531082978, 'generation': 142}","{'id': 6205, 'rank': 27, 'fitness': 0.05729782093900798, 'generation': 142}","{'id': 6210, 'rank': 28, 'fitness': 0.03139217077824574, 'generation': 142}","{'id': 6207, 'rank': 29, 'fitness': 0.018437352517919336, 'generation': 142}","{'id': 6220, 'rank': 30, 'fitness': 0.01798620996209155, 'generation': 142}"
"{'id': 6269, 'rank': 1, 'fitness': 0.9820137900379085, 'generation': 143}","{'id': 6256, 'rank': 2, 'fitness': 0.709063944012909, 'generation': 143}","{'id': 6276, 'rank': 3, 'fitness': 0.39325921713726786, 'generation': 143}","{'id': 6272, 'rank': 4, 'fitness': 0.38589454267881085, 'generation': 143}","{'id': 6270, 'rank': 5, 'fitness': 0.3718825770978109, 'generation': 143}","{'id': 6271, 'rank': 6, 'fitness': 0.23186359721773292, 'generation': 143}","{'id': 6255, 'rank': 7, 'fitness': 0.2240843941411056, 'generation': 143}","{'id': 6267, 'rank': 8, 'fitness': 0.1736988603204489, 'generation': 143}","{'id': 6261, 'rank': 9, 'fitness': 0.15731636376761782, 'generation': 143}","{'id': 6275, 'rank': 10, 'fitness': 0.1563816224353568, 'generation': 143}","{'id': 6259, 'rank': 11, 'fitness': 0.1486219213451075, 'generation': 143}","{'id': 6278, 'rank': 12, 'fitness': 0.1397809378949959, 'generation': 143}","{'id': 6277, 'rank': 13, 'fitness': 0.12811125424043168, 'generation': 143}","{'id': 6263, 'rank': 14, 'fitness': 0.11411037175313726, 'generation': 143}","{'id': 6274, 'rank': 15, 'fitness': 0.11056647861232549, 'generation': 143}","{'id': 6281, 'rank': 16, 'fitness': 0.10747050540245529, 'generation': 143}","{'id': 6243, 'rank': 17, 'fitness': 0.09348275241879145, 'generation': 143}","{'id': 6251, 'rank': 18, 'fitness': 0.08032472239205202, 'generation': 143}","{'id': 6273, 'rank': 19, 'fitness': 0.07452741676277425, 'generation': 143}","{'id': 6254, 'rank': 20, 'fitness': 0.07184488519957138, 'generation': 143}","{'id': 6268, 'rank': 21, 'fitness': 0.06740616551720324, 'generation': 143}","{'id': 6262, 'rank': 22, 'fitness': 0.061464328673498936, 'generation': 143}","{'id': 6266, 'rank': 23, 'fitness': 0.05836969074467607, 'generation': 143}","{'id': 6265, 'rank': 24, 'fitness': 0.04223358799045568, 'generation': 143}","{'id': 6280, 'rank': 25, 'fitness': 0.03436577056986723, 'generation': 143}","{'id': 6238, 'rank': 26, 'fitness': 0.030406859054404822, 'generation': 143}","{'id': 6260, 'rank': 27, 'fitness': 0.02897862175680138, 'generation': 143}","{'id': 6245, 'rank': 28, 'fitness': 0.024605184190480855, 'generation': 143}","{'id': 6250, 'rank': 29, 'fitness': 0.0211165783834818, 'generation': 143}","{'id': 6240, 'rank': 30, 'fitness': 0.01798620996209155, 'generation': 143}"
"{'id': 6303, 'rank': 1, 'fitness': 0.9820137900379085, 'generation': 144}","{'id': 6315, 'rank': 2, 'fitness': 0.7380593920185489, 'generation': 144}","{'id': 6288, 'rank': 3, 'fitness': 0.7345285445739872, 'generation': 144}","{'id': 6297, 'rank': 4, 'fitness': 0.6654412187200699, 'generation': 144}","{'id': 6302, 'rank': 5, 'fitness': 0.5759924593023865, 'generation': 144}","{'id': 6317, 'rank': 6, 'fitness': 0.5035269672649509, 'generation': 144}","{'id': 6289, 'rank': 7, 'fitness': 0.4903391987600891, 'generation': 144}","{'id': 6298, 'rank': 8, 'fitness': 0.3079911689804715, 'generation': 144}","{'id': 6318, 'rank': 9, 'fitness': 0.27955506857594636, 'generation': 144}","{'id': 6312, 'rank': 10, 'fitness': 0.2637515348914704, 'generation': 144}","{'id': 6299, 'rank': 11, 'fitness': 0.2328430204320418, 'generation': 144}","{'id': 6308, 'rank': 12, 'fitness': 0.20185891198920508, 'generation': 144}","{'id': 6309, 'rank': 13, 'fitness': 0.18145713449769257, 'generation': 144}","{'id': 6311, 'rank': 14, 'fitness': 0.1684390716055013, 'generation': 144}","{'id': 6316, 'rank': 15, 'fitness': 0.14244632898907528, 'generation': 144}","{'id': 6300, 'rank': 16, 'fitness': 0.14086388925018933, 'generation': 144}","{'id': 6293, 'rank': 17, 'fitness': 0.10940442672897716, 'generation': 144}","{'id': 6285, 'rank': 18, 'fitness': 0.09396465866278941, 'generation': 144}","{'id': 6305, 'rank': 19, 'fitness': 0.09177281767458922, 'generation': 144}","{'id': 6290, 'rank': 20, 'fitness': 0.08579746744220862, 'generation': 144}","{'id': 6314, 'rank': 21, 'fitness': 0.07442901471148061, 'generation': 144}","{'id': 6296, 'rank': 22, 'fitness': 0.07323216701178492, 'generation': 144}","{'id': 6287, 'rank': 23, 'fitness': 0.04481716412080461, 'generation': 144}","{'id': 6307, 'rank': 24, 'fitness': 0.04196203344318278, 'generation': 144}","{'id': 6295, 'rank': 25, 'fitness': 0.028101455848659085, 'generation': 144}","{'id': 6284, 'rank': 26, 'fitness': 0.02667970929019009, 'generation': 144}","{'id': 6304, 'rank': 27, 'fitness': 0.02091445158866284, 'generation': 144}","{'id': 6286, 'rank': 28, 'fitness': 0.020013193572216093, 'generation': 144}","{'id': 6313, 'rank': 29, 'fitness': 0.019181072841265023, 'generation': 144}","{'id': 6310, 'rank': 30, 'fitness': 0.01798620996209155, 'generation': 144}"
"{'id': 6351, 'rank': 1, 'fitness': 0.9820137900379085, 'generation': 145}","{'id': 6323, 'rank': 2, 'fitness': 0.9752901386327953, 'generation': 145}","{'id': 6338, 'rank': 3, 'fitness': 0.9683921949924299, 'generation': 145}","{'id': 6322, 'rank': 4, 'fitness': 0.964852373574947, 'generation': 145}","{'id': 6357, 'rank': 5, 'fitness': 0.9633658127204261, 'generation': 145}","{'id': 6341, 'rank': 6, 'fitness': 0.8779010463073259, 'generation': 145}","{'id': 6336, 'rank': 7, 'fitness': 0.7294210975152287, 'generation': 145}","{'id': 6356, 'rank': 8, 'fitness': 0.7274805484805823, 'generation': 145}","{'id': 6335, 'rank': 9, 'fitness': 0.6953458673610671, 'generation': 145}","{'id': 6349, 'rank': 10, 'fitness': 0.6813901941607575, 'generation': 145}","{'id': 6342, 'rank': 11, 'fitness': 0.5854508909391156, 'generation': 145}","{'id': 6348, 'rank': 12, 'fitness': 0.5200447437981173, 'generation': 145}","{'id': 6346, 'rank': 13, 'fitness': 0.4585983454974368, 'generation': 145}","{'id': 6343, 'rank': 14, 'fitness': 0.424849039543033, 'generation': 145}","{'id': 6339, 'rank': 15, 'fitness': 0.34919406448971196, 'generation': 145}","{'id': 6334, 'rank': 16, 'fitness': 0.30452034931436617, 'generation': 145}","{'id': 6347, 'rank': 17, 'fitness': 0.2337079426298917, 'generation': 145}","{'id': 6332, 'rank': 18, 'fitness': 0.201133560667067, 'generation': 145}","{'id': 6354, 'rank': 19, 'fitness': 0.16017301681095603, 'generation': 145}","{'id': 6333, 'rank': 20, 'fitness': 0.13440151449580728, 'generation': 145}","{'id': 6326, 'rank': 21, 'fitness': 0.12055842746350426, 'generation': 145}","{'id': 6344, 'rank': 22, 'fitness': 0.11769974572468689, 'generation': 145}","{'id': 6329, 'rank': 23, 'fitness': 0.11636074501185917, 'generation': 145}","{'id': 6324, 'rank': 24, 'fitness': 0.06940030801403135, 'generation': 145}","{'id': 6330, 'rank': 25, 'fitness': 0.06917181533100025, 'generation': 145}","{'id': 6340, 'rank': 26, 'fitness': 0.05285379934301726, 'generation': 145}","{'id': 6327, 'rank': 27, 'fitness': 0.05007859096157319, 'generation': 145}","{'id': 6355, 'rank': 28, 'fitness': 0.03444380354419785, 'generation': 145}","{'id': 6337, 'rank': 29, 'fitness': 0.034357993161506395, 'generation': 145}","{'id': 6345, 'rank': 30, 'fitness': 0.01798620996209155, 'generation': 145}"
"{'id': 6405, 'rank': 1, 'fitness': 0.9820137900379085, 'generation': 146}","{'id': 6406, 'rank': 2, 'fitness': 0.6663495167646443, 'generation': 146}","{'id': 6394, 'rank': 3, 'fitness': 0.45214477602700087, 'generation': 146}","{'id': 6363, 'rank': 4, 'fitness': 0.3087966333111707, 'generation': 146}","{'id': 6408, 'rank': 5, 'fitness': 0.2976269506419286, 'generation': 146}","{'id': 6364, 'rank': 6, 'fitness': 0.25828663592600315, 'generation': 146}","{'id': 6380, 'rank': 7, 'fitness': 0.1920507976248887, 'generation': 146}","{'id': 6379, 'rank': 8, 'fitness': 0.17582450682745177, 'generation': 146}","{'id': 6378, 'rank': 9, 'fitness': 0.167960339495708, 'generation': 146}","{'id': 6402, 'rank': 10, 'fitness': 0.15754380746960334, 'generation': 146}","{'id': 6398, 'rank': 11, 'fitness': 0.1375594648265695, 'generation': 146}","{'id': 6393, 'rank': 12, 'fitness': 0.12439826584986258, 'generation': 146}","{'id': 6371, 'rank': 13, 'fitness': 0.10053342416297112, 'generation': 146}","{'id': 6389, 'rank': 14, 'fitness': 0.08490483199121507, 'generation': 146}","{'id': 6404, 'rank': 15, 'fitness': 0.06677472835803167, 'generation': 146}","{'id': 6407, 'rank': 16, 'fitness': 0.06122560908852542, 'generation': 146}","{'id': 6400, 'rank': 17, 'fitness': 0.05719276467857792, 'generation': 146}","{'id': 6392, 'rank': 18, 'fitness': 0.05382417055346189, 'generation': 146}","{'id': 6366, 'rank': 19, 'fitness': 0.05212752139459953, 'generation': 146}","{'id': 6396, 'rank': 20, 'fitness': 0.05040648775575868, 'generation': 146}","{'id': 6369, 'rank': 21, 'fitness': 0.048577969172953483, 'generation': 146}","{'id': 6386, 'rank': 22, 'fitness': 0.04741698862679267, 'generation': 146}","{'id': 6397, 'rank': 23, 'fitness': 0.031541940586087, 'generation': 146}","{'id': 6401, 'rank': 24, 'fitness': 0.029439609372880482, 'generation': 146}","{'id': 6395, 'rank': 25, 'fitness': 0.027498749855947247, 'generation': 146}","{'id': 6370, 'rank': 26, 'fitness': 0.024714483902105622, 'generation': 146}","{'id': 6358, 'rank': 27, 'fitness': 0.023930781173210125, 'generation': 146}","{'id': 6374, 'rank': 28, 'fitness': 0.020939084130437546, 'generation': 146}","{'id': 6359, 'rank': 29, 'fitness': 0.018390398407333697, 'generation': 146}","{'id': 6399, 'rank': 30, 'fitness': 0.01798620996209155, 'generation': 146}"
"{'id': 6443, 'rank': 1, 'fitness': 0.9820137900379085, 'generation': 147}","{'id': 6421, 'rank': 2, 'fitness': 0.9399437679203728, 'generation': 147}","{'id': 6417, 'rank': 3, 'fitness': 0.8244413940258233, 'generation': 147}","{'id': 6435, 'rank': 4, 'fitness': 0.6412126841056198, 'generation': 147}","{'id': 6439, 'rank': 5, 'fitness': 0.5548280888278403, 'generation': 147}","{'id': 6419, 'rank': 6, 'fitness': 0.5512797379519775, 'generation': 147}","{'id': 6416, 'rank': 7, 'fitness': 0.5499673857919172, 'generation': 147}","{'id': 6434, 'rank': 8, 'fitness': 0.5474173887968432, 'generation': 147}","{'id': 6424, 'rank': 9, 'fitness': 0.5424513295047472, 'generation': 147}","{'id': 6446, 'rank': 10, 'fitness': 0.4701432916476592, 'generation': 147}","{'id': 6442, 'rank': 11, 'fitness': 0.46333737180522494, 'generation': 147}","{'id': 6414, 'rank': 12, 'fitness': 0.3684254136174191, 'generation': 147}","{'id': 6438, 'rank': 13, 'fitness': 0.3650896179532901, 'generation': 147}","{'id': 6437, 'rank': 14, 'fitness': 0.34105766808814575, 'generation': 147}","{'id': 6428, 'rank': 15, 'fitness': 0.23852127268963225, 'generation': 147}","{'id': 6412, 'rank': 16, 'fitness': 0.19684080103152912, 'generation': 147}","{'id': 6411, 'rank': 17, 'fitness': 0.1918703117214613, 'generation': 147}","{'id': 6440, 'rank': 18, 'fitness': 0.18669030380968055, 'generation': 147}","{'id': 6426, 'rank': 19, 'fitness': 0.16386561909180336, 'generation': 147}","{'id': 6430, 'rank': 20, 'fitness': 0.14771243747916507, 'generation': 147}","{'id': 6431, 'rank': 21, 'fitness': 0.12646408073326776, 'generation': 147}","{'id': 6423, 'rank': 22, 'fitness': 0.11858365724823022, 'generation': 147}","{'id': 6432, 'rank': 23, 'fitness': 0.10967509383313745, 'generation': 147}","{'id': 6441, 'rank': 24, 'fitness': 0.09854881038274771, 'generation': 147}","{'id': 6418, 'rank': 25, 'fitness': 0.07719429343690998, 'generation': 147}","{'id': 6445, 'rank': 26, 'fitness': 0.06466515165590292, 'generation': 147}","{'id': 6429, 'rank': 27, 'fitness': 0.06303672019562823, 'generation': 147}","{'id': 6422, 'rank': 28, 'fitness': 0.06203838250206095, 'generation': 147}","{'id': 6413, 'rank': 29, 'fitness': 0.04713211644010512, 'generation': 147}","{'id': 6444, 'rank': 30, 'fitness': 0.01798620996209155, 'generation': 147}"
"{'id': 6485, 'rank': 1, 'fitness': 0.9820137900379085, 'generation': 148}","{'id': 6476, 'rank': 2, 'fitness': 0.9288779126637773, 'generation': 148}","{'id': 6482, 'rank': 3, 'fitness': 0.9188560288930333, 'generation': 148}","{'id': 6475, 'rank': 4, 'fitness': 0.9081051228991377, 'generation': 148}","{'id': 6469, 'rank': 5, 'fitness': 0.8838055996976126, 'generation': 148}","{'id': 6481, 'rank': 6, 'fitness': 0.8688913648305572, 'generation': 148}","{'id': 6471, 'rank': 7, 'fitness': 0.7853518002019194, 'generation': 148}","{'id': 6483, 'rank': 8, 'fitness': 0.7534441864283912, 'generation': 148}","{'id': 6472, 'rank': 9, 'fitness': 0.6307990188144642, 'generation': 148}","{'id': 6459, 'rank': 10, 'fitness': 0.6304983307228487, 'generation': 148}","{'id': 6479, 'rank': 11, 'fitness': 0.5976090728714548, 'generation': 148}","{'id': 6480, 'rank': 12, 'fitness': 0.5664813015657055, 'generation': 148}","{'id': 6463, 'rank': 13, 'fitness': 0.30300088721123186, 'generation': 148}","{'id': 6451, 'rank': 14, 'fitness': 0.25103805803963, 'generation': 148}","{'id': 6458, 'rank': 15, 'fitness': 0.22714360855324522, 'generation': 148}","{'id': 6464, 'rank': 16, 'fitness': 0.18770995325630457, 'generation': 148}","{'id': 6453, 'rank': 17, 'fitness': 0.12622661231249632, 'generation': 148}","{'id': 6465, 'rank': 18, 'fitness': 0.10473838954719644, 'generation': 148}","{'id': 6466, 'rank': 19, 'fitness': 0.09261280737342475, 'generation': 148}","{'id': 6484, 'rank': 20, 'fitness': 0.0862081786509068, 'generation': 148}","{'id': 6470, 'rank': 21, 'fitness': 0.07252879634507137, 'generation': 148}","{'id': 6473, 'rank': 22, 'fitness': 0.04314804214799761, 'generation': 148}","{'id': 6478, 'rank': 23, 'fitness': 0.04181962685229862, 'generation': 148}","{'id': 6462, 'rank': 24, 'fitness': 0.04087602699081866, 'generation': 148}","{'id': 6450, 'rank': 25, 'fitness': 0.03253797919874596, 'generation': 148}","{'id': 6468, 'rank': 26, 'fitness': 0.026678847532276784, 'generation': 148}","{'id': 6486, 'rank': 27, 'fitness': 0.02361842218062371, 'generation': 148}","{'id': 6457, 'rank': 28, 'fitness': 0.02270227860081575, 'generation': 148}","{'id': 6474, 'rank': 29, 'fitness': 0.019501632973085603, 'generation': 148}","{'id': 6456, 'rank': 30, 'fitness': 0.01798620996209155, 'generation': 148}"
"{'id': 6524, 'rank': 1, 'fitness': 0.9820137900379085, 'generation': 149}","{'id': 6522, 'rank': 2, 'fitness': 0.9813988264715895, 'generation': 149}","{'id': 6530, 'rank': 3, 'fitness': 0.9799457166558636, 'generation': 149}","{'id': 6531, 'rank': 4, 'fitness': 0.9792497145111916, 'generation': 149}","{'id': 6517, 'rank': 5, 'fitness': 0.9773797855410598, 'generation': 149}","{'id': 6525, 'rank': 6, 'fitness': 0.8965017109066823, 'generation': 149}","{'id': 6526, 'rank': 7, 'fitness': 0.8401952179315032, 'generation': 149}","{'id': 6490, 'rank': 8, 'fitness': 0.8351847995718936, 'generation': 149}","{'id': 6512, 'rank': 9, 'fitness': 0.8042126576629478, 'generation': 149}","{'id': 6519, 'rank': 10, 'fitness': 0.7608813227342905, 'generation': 149}","{'id': 6521, 'rank': 11, 'fitness': 0.6840396838582785, 'generation': 149}","{'id': 6514, 'rank': 12, 'fitness': 0.6014829827831001, 'generation': 149}","{'id': 6529, 'rank': 13, 'fitness': 0.5188394080472779, 'generation': 149}","{'id': 6495, 'rank': 14, 'fitness': 0.4958054339028312, 'generation': 149}","{'id': 6497, 'rank': 15, 'fitness': 0.4383712503388404, 'generation': 149}","{'id': 6489, 'rank': 16, 'fitness': 0.2273020753668462, 'generation': 149}","{'id': 6506, 'rank': 17, 'fitness': 0.17239338693172124, 'generation': 149}","{'id': 6504, 'rank': 18, 'fitness': 0.09527845544041891, 'generation': 149}","{'id': 6515, 'rank': 19, 'fitness': 0.08034928687338083, 'generation': 149}","{'id': 6494, 'rank': 20, 'fitness': 0.07307575861785154, 'generation': 149}","{'id': 6499, 'rank': 21, 'fitness': 0.06942399563811985, 'generation': 149}","{'id': 6503, 'rank': 22, 'fitness': 0.06339754266447606, 'generation': 149}","{'id': 6500, 'rank': 23, 'fitness': 0.050574289173714204, 'generation': 149}","{'id': 6523, 'rank': 24, 'fitness': 0.04683857282432813, 'generation': 149}","{'id': 6528, 'rank': 25, 'fitness': 0.040402926737467815, 'generation': 149}","{'id': 6518, 'rank': 26, 'fitness': 0.03676792403872453, 'generation': 149}","{'id': 6508, 'rank': 27, 'fitness': 0.036294669892116715, 'generation': 149}","{'id': 6520, 'rank': 28, 'fitness': 0.029588965306236004, 'generation': 149}","{'id': 6487, 'rank': 29, 'fitness': 0.021721913697324124, 'generation': 149}","{'id': 6510, 'rank': 30, 'fitness': 0.01798620996209155, 'generation': 149}"
"{'id': 6572, 'rank': 1, 'fitness': 0.9820137900379085, 'generation': 150}","{'id': 6579, 'rank': 2, 'fitness': 0.7515744300940976, 'generation': 150}","{'id': 6563, 'rank': 3, 'fitness': 0.7279655718358716, 'generation': 150}","{'id': 6574, 'rank': 4, 'fitness': 0.5590039989356567, 'generation': 150}","{'id': 6570, 'rank': 5, 'fitness': 0.4486313981050766, 'generation': 150}","{'id': 6575, 'rank': 6, 'fitness': 0.44615723491705295, 'generation': 150}","{'id': 6546, 'rank': 7, 'fitness': 0.4443316462127735, 'generation': 150}","{'id': 6573, 'rank': 8, 'fitness': 0.44263293405485327, 'generation': 150}","{'id': 6553, 'rank': 9, 'fitness': 0.44067752770263285, 'generation': 150}","{'id': 6533, 'rank': 10, 'fitness': 0.380385368122101, 'generation': 150}","{'id': 6543, 'rank': 11, 'fitness': 0.3509155946287174, 'generation': 150}","{'id': 6552, 'rank': 12, 'fitness': 0.3222567619896265, 'generation': 150}","{'id': 6540, 'rank': 13, 'fitness': 0.3006448772543167, 'generation': 150}","{'id': 6558, 'rank': 14, 'fitness': 0.2852441343509715, 'generation': 150}","{'id': 6571, 'rank': 15, 'fitness': 0.24635879699056995, 'generation': 150}","{'id': 6532, 'rank': 16, 'fitness': 0.23732187883321226, 'generation': 150}","{'id': 6578, 'rank': 17, 'fitness': 0.22193324616573085, 'generation': 150}","{'id': 6564, 'rank': 18, 'fitness': 0.16881186313265317, 'generation': 150}","{'id': 6547, 'rank': 19, 'fitness': 0.13948799186929167, 'generation': 150}","{'id': 6566, 'rank': 20, 'fitness': 0.10019010844925358, 'generation': 150}","{'id': 6561, 'rank': 21, 'fitness': 0.07744322342617393, 'generation': 150}","{'id': 6567, 'rank': 22, 'fitness': 0.0652761562220609, 'generation': 150}","{'id': 6557, 'rank': 23, 'fitness': 0.043153503877564836, 'generation': 150}","{'id': 6569, 'rank': 24, 'fitness': 0.043104432589287034, 'generation': 150}","{'id': 6562, 'rank': 25, 'fitness': 0.032476276733829024, 'generation': 150}","{'id': 6554, 'rank': 26, 'fitness': 0.026182542900718864, 'generation': 150}","{'id': 6559, 'rank': 27, 'fitness': 0.025703172098170135, 'generation': 150}","{'id': 6576, 'rank': 28, 'fitness': 0.019924957307356272, 'generation': 150}","{'id': 6565, 'rank': 29, 'fitness': 0.018927895731311484, 'generation': 150}","{'id': 6548, 'rank': 30, 'fitness': 0.01798620996209155, 'generation': 150}"
"{'id': 6617, 'rank': 1, 'fitness': 0.9820137900379085, 'generation': 151}","{'id': 6618, 'rank': 2, 'fitness': 0.6003016593419641, 'generation': 151}","{'id': 6613, 'rank': 3, 'fitness': 0.47721317306622213, 'generation': 151}","{'id': 6606, 'rank': 4, 'fitness': 0.4755207800588341, 'generation': 151}","{'id': 6616, 'rank': 5, 'fitness': 0.37556361387899223, 'generation': 151}","{'id': 6601, 'rank': 6, 'fitness': 0.360242840192071, 'generation': 151}","{'id': 6603, 'rank': 7, 'fitness': 0.15818341407147463, 'generation': 151}","{'id': 6583, 'rank': 8, 'fitness': 0.15650417474098638, 'generation': 151}","{'id': 6602, 'rank': 9, 'fitness': 0.1492369257706193, 'generation': 151}","{'id': 6614, 'rank': 10, 'fitness': 0.1400211150281962, 'generation': 151}","{'id': 6589, 'rank': 11, 'fitness': 0.12684591552536117, 'generation': 151}","{'id': 6607, 'rank': 12, 'fitness': 0.11679006627370536, 'generation': 151}","{'id': 6609, 'rank': 13, 'fitness': 0.0866520544365802, 'generation': 151}","{'id': 6608, 'rank': 14, 'fitness': 0.08586345239104365, 'generation': 151}","{'id': 6605, 'rank': 15, 'fitness': 0.07986757502984992, 'generation': 151}","{'id': 6619, 'rank': 16, 'fitness': 0.0721678954817282, 'generation': 151}","{'id': 6597, 'rank': 17, 'fitness': 0.07214139238202522, 'generation': 151}","{'id': 6599, 'rank': 18, 'fitness': 0.05093467099500648, 'generation': 151}","{'id': 6587, 'rank': 19, 'fitness': 0.046432290678188215, 'generation': 151}","{'id': 6584, 'rank': 20, 'fitness': 0.046093377340359565, 'generation': 151}","{'id': 6593, 'rank': 21, 'fitness': 0.04207676389360826, 'generation': 151}","{'id': 6611, 'rank': 22, 'fitness': 0.039915713635762906, 'generation': 151}","{'id': 6580, 'rank': 23, 'fitness': 0.03389466264143848, 'generation': 151}","{'id': 6615, 'rank': 24, 'fitness': 0.0323625739346336, 'generation': 151}","{'id': 6591, 'rank': 25, 'fitness': 0.02800098612080676, 'generation': 151}","{'id': 6610, 'rank': 26, 'fitness': 0.026584845569931737, 'generation': 151}","{'id': 6592, 'rank': 27, 'fitness': 0.02356681600919397, 'generation': 151}","{'id': 6595, 'rank': 28, 'fitness': 0.02289941868016726, 'generation': 151}","{'id': 6612, 'rank': 29, 'fitness': 0.0190869567889555, 'generation': 151}","{'id': 6585, 'rank': 30, 'fitness': 0.01798620996209155, 'generation': 151}"
"{'id': 6624, 'rank': 1, 'fitness': 0.9820137900379085, 'generation': 152}","{'id': 6638, 'rank': 2, 'fitness': 0.71923951087769, 'generation': 152}","{'id': 6649, 'rank': 3, 'fitness': 0.5785077956777684, 'generation': 152}","{'id': 6641, 'rank': 4, 'fitness': 0.5298312892447838, 'generation': 152}","{'id': 6632, 'rank': 5, 'fitness': 0.49243088500198284, 'generation': 152}","{'id': 6627, 'rank': 6, 'fitness': 0.48776601638824857, 'generation': 152}","{'id': 6633, 'rank': 7, 'fitness': 0.4158936421911813, 'generation': 152}","{'id': 6646, 'rank': 8, 'fitness': 0.40515333225070005, 'generation': 152}","{'id': 6645, 'rank': 9, 'fitness': 0.27042963874428994, 'generation': 152}","{'id': 6653, 'rank': 10, 'fitness': 0.2572180977092475, 'generation': 152}","{'id': 6637, 'rank': 11, 'fitness': 0.24640693965063648, 'generation': 152}","{'id': 6625, 'rank': 12, 'fitness': 0.24418266251469345, 'generation': 152}","{'id': 6652, 'rank': 13, 'fitness': 0.24052969420735876, 'generation': 152}","{'id': 6648, 'rank': 14, 'fitness': 0.1715150645961394, 'generation': 152}","{'id': 6620, 'rank': 15, 'fitness': 0.08319408022200891, 'generation': 152}","{'id': 6650, 'rank': 16, 'fitness': 0.07690777928919579, 'generation': 152}","{'id': 6639, 'rank': 17, 'fitness': 0.07035892135097455, 'generation': 152}","{'id': 6631, 'rank': 18, 'fitness': 0.06541338906949057, 'generation': 152}","{'id': 6644, 'rank': 19, 'fitness': 0.06356589998657597, 'generation': 152}","{'id': 6647, 'rank': 20, 'fitness': 0.057359490986428174, 'generation': 152}","{'id': 6623, 'rank': 21, 'fitness': 0.043520793366526145, 'generation': 152}","{'id': 6643, 'rank': 22, 'fitness': 0.037077182848419654, 'generation': 152}","{'id': 6628, 'rank': 23, 'fitness': 0.03678111360147557, 'generation': 152}","{'id': 6635, 'rank': 24, 'fitness': 0.035380417152900856, 'generation': 152}","{'id': 6640, 'rank': 25, 'fitness': 0.03333271271935995, 'generation': 152}","{'id': 6636, 'rank': 26, 'fitness': 0.03132853891765047, 'generation': 152}","{'id': 6629, 'rank': 27, 'fitness': 0.021969959645070036, 'generation': 152}","{'id': 6651, 'rank': 28, 'fitness': 0.021269311306215732, 'generation': 152}","{'id': 6621, 'rank': 29, 'fitness': 0.020522742095320734, 'generation': 152}","{'id': 6630, 'rank': 30, 'fitness': 0.01798620996209155, 'generation': 152}"
"{'id': 6683, 'rank': 1, 'fitness': 0.9820137900379085, 'generation': 153}","{'id': 6684, 'rank': 2, 'fitness': 0.9776338124925286, 'generation': 153}","{'id': 6686, 'rank': 3, 'fitness': 0.9722064381848885, 'generation': 153}","{'id': 6670, 'rank': 4, 'fitness': 0.9718312258717402, 'generation': 153}","{'id': 6677, 'rank': 5, 'fitness': 0.9171590936555785, 'generation': 153}","{'id': 6669, 'rank': 6, 'fitness': 0.9025554731264438, 'generation': 153}","{'id': 6690, 'rank': 7, 'fitness': 0.8788800127695237, 'generation': 153}","{'id': 6681, 'rank': 8, 'fitness': 0.795049813224399, 'generation': 153}","{'id': 6685, 'rank': 9, 'fitness': 0.7098302858608023, 'generation': 153}","{'id': 6666, 'rank': 10, 'fitness': 0.658524573595215, 'generation': 153}","{'id': 6687, 'rank': 11, 'fitness': 0.6560290348691848, 'generation': 153}","{'id': 6658, 'rank': 12, 'fitness': 0.5742784814999996, 'generation': 153}","{'id': 6676, 'rank': 13, 'fitness': 0.4877293813208266, 'generation': 153}","{'id': 6680, 'rank': 14, 'fitness': 0.3884431203996915, 'generation': 153}","{'id': 6672, 'rank': 15, 'fitness': 0.33606514944055577, 'generation': 153}","{'id': 6655, 'rank': 16, 'fitness': 0.2782171314329267, 'generation': 153}","{'id': 6662, 'rank': 17, 'fitness': 0.19947366527767435, 'generation': 153}","{'id': 6664, 'rank': 18, 'fitness': 0.19686496770835527, 'generation': 153}","{'id': 6671, 'rank': 19, 'fitness': 0.1721257809825797, 'generation': 153}","{'id': 6678, 'rank': 20, 'fitness': 0.14652857203509084, 'generation': 153}","{'id': 6689, 'rank': 21, 'fitness': 0.1366441241036136, 'generation': 153}","{'id': 6661, 'rank': 22, 'fitness': 0.07680714452590054, 'generation': 153}","{'id': 6659, 'rank': 23, 'fitness': 0.07470223785154873, 'generation': 153}","{'id': 6673, 'rank': 24, 'fitness': 0.05344359997207471, 'generation': 153}","{'id': 6665, 'rank': 25, 'fitness': 0.04655066680615061, 'generation': 153}","{'id': 6688, 'rank': 26, 'fitness': 0.04426710234860126, 'generation': 153}","{'id': 6657, 'rank': 27, 'fitness': 0.03546543593549112, 'generation': 153}","{'id': 6682, 'rank': 28, 'fitness': 0.0331027897593581, 'generation': 153}","{'id': 6654, 'rank': 29, 'fitness': 0.026907705114872393, 'generation': 153}","{'id': 6668, 'rank': 30, 'fitness': 0.01798620996209155, 'generation': 153}"
"{'id': 6719, 'rank': 1, 'fitness': 0.9820137900379085, 'generation': 154}","{'id': 6740, 'rank': 2, 'fitness': 0.9634603123764844, 'generation': 154}","{'id': 6745, 'rank': 3, 'fitness': 0.8081134218874375, 'generation': 154}","{'id': 6744, 'rank': 4, 'fitness': 0.7999029080739638, 'generation': 154}","{'id': 6725, 'rank': 5, 'fitness': 0.756658311701849, 'generation': 154}","{'id': 6729, 'rank': 6, 'fitness': 0.7419181929833838, 'generation': 154}","{'id': 6720, 'rank': 7, 'fitness': 0.6968529102731517, 'generation': 154}","{'id': 6723, 'rank': 8, 'fitness': 0.6104722800432479, 'generation': 154}","{'id': 6739, 'rank': 9, 'fitness': 0.5272165702667242, 'generation': 154}","{'id': 6698, 'rank': 10, 'fitness': 0.3514599538032533, 'generation': 154}","{'id': 6743, 'rank': 11, 'fitness': 0.2438386435139282, 'generation': 154}","{'id': 6746, 'rank': 12, 'fitness': 0.1541819234092454, 'generation': 154}","{'id': 6737, 'rank': 13, 'fitness': 0.14272381459029848, 'generation': 154}","{'id': 6716, 'rank': 14, 'fitness': 0.12704191142799093, 'generation': 154}","{'id': 6700, 'rank': 15, 'fitness': 0.12306445723823856, 'generation': 154}","{'id': 6730, 'rank': 16, 'fitness': 0.09448547626710574, 'generation': 154}","{'id': 6741, 'rank': 17, 'fitness': 0.0883689778130935, 'generation': 154}","{'id': 6728, 'rank': 18, 'fitness': 0.08221662804436958, 'generation': 154}","{'id': 6710, 'rank': 19, 'fitness': 0.056182932336167946, 'generation': 154}","{'id': 6718, 'rank': 20, 'fitness': 0.05330756328531311, 'generation': 154}","{'id': 6735, 'rank': 21, 'fitness': 0.049582515204493915, 'generation': 154}","{'id': 6734, 'rank': 22, 'fitness': 0.04434192082572014, 'generation': 154}","{'id': 6742, 'rank': 23, 'fitness': 0.04243857514103955, 'generation': 154}","{'id': 6711, 'rank': 24, 'fitness': 0.03770374617945632, 'generation': 154}","{'id': 6699, 'rank': 25, 'fitness': 0.03452883453519384, 'generation': 154}","{'id': 6726, 'rank': 26, 'fitness': 0.028064681971416428, 'generation': 154}","{'id': 6704, 'rank': 27, 'fitness': 0.02290015524336675, 'generation': 154}","{'id': 6724, 'rank': 28, 'fitness': 0.021122802357490478, 'generation': 154}","{'id': 6706, 'rank': 29, 'fitness': 0.019624522394428634, 'generation': 154}","{'id': 6732, 'rank': 30, 'fitness': 0.01798620996209155, 'generation': 154}"
"{'id': 6783, 'rank': 1, 'fitness': 0.9820137900379085, 'generation': 155}","{'id': 6781, 'rank': 2, 'fitness': 0.9808322739882877, 'generation': 155}","{'id': 6757, 'rank': 3, 'fitness': 0.8883345232541935, 'generation': 155}","{'id': 6775, 'rank': 4, 'fitness': 0.8181528298643835, 'generation': 155}","{'id': 6772, 'rank': 5, 'fitness': 0.6852460902323317, 'generation': 155}","{'id': 6785, 'rank': 6, 'fitness': 0.6553795839021352, 'generation': 155}","{'id': 6787, 'rank': 7, 'fitness': 0.6072910462394306, 'generation': 155}","{'id': 6777, 'rank': 8, 'fitness': 0.5587234479123148, 'generation': 155}","{'id': 6763, 'rank': 9, 'fitness': 0.44439599552179637, 'generation': 155}","{'id': 6791, 'rank': 10, 'fitness': 0.4121800692950251, 'generation': 155}","{'id': 6788, 'rank': 11, 'fitness': 0.37863695350661586, 'generation': 155}","{'id': 6780, 'rank': 12, 'fitness': 0.3641139456485632, 'generation': 155}","{'id': 6765, 'rank': 13, 'fitness': 0.3481418980831396, 'generation': 155}","{'id': 6769, 'rank': 14, 'fitness': 0.29582603603126173, 'generation': 155}","{'id': 6773, 'rank': 15, 'fitness': 0.2113506188004548, 'generation': 155}","{'id': 6768, 'rank': 16, 'fitness': 0.17894007185094346, 'generation': 155}","{'id': 6786, 'rank': 17, 'fitness': 0.15124206269273066, 'generation': 155}","{'id': 6750, 'rank': 18, 'fitness': 0.13045539041743937, 'generation': 155}","{'id': 6760, 'rank': 19, 'fitness': 0.1277708030652957, 'generation': 155}","{'id': 6764, 'rank': 20, 'fitness': 0.10319631915407884, 'generation': 155}","{'id': 6776, 'rank': 21, 'fitness': 0.078429062239178, 'generation': 155}","{'id': 6752, 'rank': 22, 'fitness': 0.06685175911485908, 'generation': 155}","{'id': 6782, 'rank': 23, 'fitness': 0.05042335297745515, 'generation': 155}","{'id': 6778, 'rank': 24, 'fitness': 0.04196208262890805, 'generation': 155}","{'id': 6747, 'rank': 25, 'fitness': 0.04149042494026023, 'generation': 155}","{'id': 6774, 'rank': 26, 'fitness': 0.03836605588519515, 'generation': 155}","{'id': 6762, 'rank': 27, 'fitness': 0.02383318568639614, 'generation': 155}","{'id': 6789, 'rank': 28, 'fitness': 0.02351573913186361, 'generation': 155}","{'id': 6790, 'rank': 29, 'fitness': 0.0190412476661857, 'generation': 155}","{'id': 6755, 'rank': 30, 'fitness': 0.01798620996209155, 'generation': 155}"
"{'id': 6816, 'rank': 1, 'fitness': 0.9820137900379085, 'generation': 156}","{'id': 6815, 'rank': 2, 'fitness': 0.9725268488313592, 'generation': 156}","{'id': 6807, 'rank': 3, 'fitness': 0.9646428827006968, 'generation': 156}","{'id': 6835, 'rank': 4, 'fitness': 0.959329198215868, 'generation': 156}","{'id': 6830, 'rank': 5, 'fitness': 0.944439892459382, 'generation': 156}","{'id': 6828, 'rank': 6, 'fitness': 0.9341422546595757, 'generation': 156}","{'id': 6832, 'rank': 7, 'fitness': 0.8074186946279686, 'generation': 156}","{'id': 6827, 'rank': 8, 'fitness': 0.7584379551580402, 'generation': 156}","{'id': 6833, 'rank': 9, 'fitness': 0.728063082095447, 'generation': 156}","{'id': 6831, 'rank': 10, 'fitness': 0.46819327372256303, 'generation': 156}","{'id': 6798, 'rank': 11, 'fitness': 0.39545074582667444, 'generation': 156}","{'id': 6829, 'rank': 12, 'fitness': 0.3620937456856716, 'generation': 156}","{'id': 6826, 'rank': 13, 'fitness': 0.3123888142364488, 'generation': 156}","{'id': 6801, 'rank': 14, 'fitness': 0.29407168929043676, 'generation': 156}","{'id': 6817, 'rank': 15, 'fitness': 0.21750362436930537, 'generation': 156}","{'id': 6824, 'rank': 16, 'fitness': 0.1967201444459214, 'generation': 156}","{'id': 6822, 'rank': 17, 'fitness': 0.17908300082563194, 'generation': 156}","{'id': 6809, 'rank': 18, 'fitness': 0.14844892222593598, 'generation': 156}","{'id': 6823, 'rank': 19, 'fitness': 0.14382089364011919, 'generation': 156}","{'id': 6837, 'rank': 20, 'fitness': 0.0887553818865357, 'generation': 156}","{'id': 6810, 'rank': 21, 'fitness': 0.07878037601029536, 'generation': 156}","{'id': 6812, 'rank': 22, 'fitness': 0.07164698678156622, 'generation': 156}","{'id': 6794, 'rank': 23, 'fitness': 0.059989520009793185, 'generation': 156}","{'id': 6805, 'rank': 24, 'fitness': 0.054148689078591605, 'generation': 156}","{'id': 6818, 'rank': 25, 'fitness': 0.03485822221877766, 'generation': 156}","{'id': 6808, 'rank': 26, 'fitness': 0.03349210830604432, 'generation': 156}","{'id': 6795, 'rank': 27, 'fitness': 0.030286496403374663, 'generation': 156}","{'id': 6825, 'rank': 28, 'fitness': 0.029661536844311276, 'generation': 156}","{'id': 6802, 'rank': 29, 'fitness': 0.01853606506759775, 'generation': 156}","{'id': 6793, 'rank': 30, 'fitness': 0.01798620996209155, 'generation': 156}"
"{'id': 6871, 'rank': 1, 'fitness': 0.9820137900379085, 'generation': 157}","{'id': 6878, 'rank': 2, 'fitness': 0.9753157483865421, 'generation': 157}","{'id': 6881, 'rank': 3, 'fitness': 0.9442049155531598, 'generation': 157}","{'id': 6868, 'rank': 4, 'fitness': 0.9171516098328287, 'generation': 157}","{'id': 6873, 'rank': 5, 'fitness': 0.9037329936834541, 'generation': 157}","{'id': 6880, 'rank': 6, 'fitness': 0.8733059375766448, 'generation': 157}","{'id': 6860, 'rank': 7, 'fitness': 0.8721634085019481, 'generation': 157}","{'id': 6876, 'rank': 8, 'fitness': 0.6450665800798225, 'generation': 157}","{'id': 6866, 'rank': 9, 'fitness': 0.5407927945659017, 'generation': 157}","{'id': 6882, 'rank': 10, 'fitness': 0.5356860431085324, 'generation': 157}","{'id': 6852, 'rank': 11, 'fitness': 0.49560365280811175, 'generation': 157}","{'id': 6850, 'rank': 12, 'fitness': 0.32844327666524137, 'generation': 157}","{'id': 6872, 'rank': 13, 'fitness': 0.2913199117930549, 'generation': 157}","{'id': 6838, 'rank': 14, 'fitness': 0.2365505790529293, 'generation': 157}","{'id': 6841, 'rank': 15, 'fitness': 0.19102457295548553, 'generation': 157}","{'id': 6867, 'rank': 16, 'fitness': 0.08815036070747556, 'generation': 157}","{'id': 6865, 'rank': 17, 'fitness': 0.07986280288005643, 'generation': 157}","{'id': 6848, 'rank': 18, 'fitness': 0.050080420035071016, 'generation': 157}","{'id': 6883, 'rank': 19, 'fitness': 0.044560910769520845, 'generation': 157}","{'id': 6884, 'rank': 20, 'fitness': 0.03788629598514193, 'generation': 157}","{'id': 6862, 'rank': 21, 'fitness': 0.035907977513813916, 'generation': 157}","{'id': 6849, 'rank': 22, 'fitness': 0.035603832509477906, 'generation': 157}","{'id': 6843, 'rank': 23, 'fitness': 0.03200377802241494, 'generation': 157}","{'id': 6879, 'rank': 24, 'fitness': 0.030381298550340163, 'generation': 157}","{'id': 6859, 'rank': 25, 'fitness': 0.029612683060151912, 'generation': 157}","{'id': 6874, 'rank': 26, 'fitness': 0.027048769759709768, 'generation': 157}","{'id': 6854, 'rank': 27, 'fitness': 0.027042593989561547, 'generation': 157}","{'id': 6857, 'rank': 28, 'fitness': 0.020987127999147315, 'generation': 157}","{'id': 6845, 'rank': 29, 'fitness': 0.020503646227707617, 'generation': 157}","{'id': 6875, 'rank': 30, 'fitness': 0.01798620996209155, 'generation': 157}"
"{'id': 6918, 'rank': 1, 'fitness': 0.9820137900379085, 'generation': 158}","{'id': 6912, 'rank': 2, 'fitness': 0.9255122093422846, 'generation': 158}","{'id': 6926, 'rank': 3, 'fitness': 0.8815617863902747, 'generation': 158}","{'id': 6896, 'rank': 4, 'fitness': 0.8743127570629277, 'generation': 158}","{'id': 6913, 'rank': 5, 'fitness': 0.8733990967048328, 'generation': 158}","{'id': 6905, 'rank': 6, 'fitness': 0.7241800139611673, 'generation': 158}","{'id': 6911, 'rank': 7, 'fitness': 0.7085444087182939, 'generation': 158}","{'id': 6902, 'rank': 8, 'fitness': 0.7011446116040291, 'generation': 158}","{'id': 6915, 'rank': 9, 'fitness': 0.6386927653915292, 'generation': 158}","{'id': 6923, 'rank': 10, 'fitness': 0.6355129566499684, 'generation': 158}","{'id': 6906, 'rank': 11, 'fitness': 0.5796529592463494, 'generation': 158}","{'id': 6907, 'rank': 12, 'fitness': 0.3128498729748821, 'generation': 158}","{'id': 6921, 'rank': 13, 'fitness': 0.3069181863912329, 'generation': 158}","{'id': 6891, 'rank': 14, 'fitness': 0.3013065832618392, 'generation': 158}","{'id': 6919, 'rank': 15, 'fitness': 0.2649399417423029, 'generation': 158}","{'id': 6909, 'rank': 16, 'fitness': 0.2640950321256601, 'generation': 158}","{'id': 6910, 'rank': 17, 'fitness': 0.24817471851362077, 'generation': 158}","{'id': 6903, 'rank': 18, 'fitness': 0.1997456684811978, 'generation': 158}","{'id': 6890, 'rank': 19, 'fitness': 0.15602276321620068, 'generation': 158}","{'id': 6922, 'rank': 20, 'fitness': 0.152685170649781, 'generation': 158}","{'id': 6917, 'rank': 21, 'fitness': 0.147168375134474, 'generation': 158}","{'id': 6916, 'rank': 22, 'fitness': 0.13260651699088866, 'generation': 158}","{'id': 6899, 'rank': 23, 'fitness': 0.11795826397736553, 'generation': 158}","{'id': 6925, 'rank': 24, 'fitness': 0.10553200780826966, 'generation': 158}","{'id': 6886, 'rank': 25, 'fitness': 0.09739730335800467, 'generation': 158}","{'id': 6893, 'rank': 26, 'fitness': 0.05496044413043344, 'generation': 158}","{'id': 6927, 'rank': 27, 'fitness': 0.04405877214228804, 'generation': 158}","{'id': 6920, 'rank': 28, 'fitness': 0.03152979383654009, 'generation': 158}","{'id': 6924, 'rank': 29, 'fitness': 0.0201217631461994, 'generation': 158}","{'id': 6908, 'rank': 30, 'fitness': 0.01798620996209155, 'generation': 158}"
"{'id': 6962, 'rank': 1, 'fitness': 0.9820137900379085, 'generation': 159}","{'id': 6966, 'rank': 2, 'fitness': 0.9229143935189887, 'generation': 159}","{'id': 6953, 'rank': 3, 'fitness': 0.7828264041866102, 'generation': 159}","{'id': 6952, 'rank': 4, 'fitness': 0.5770627235560633, 'generation': 159}","{'id': 6935, 'rank': 5, 'fitness': 0.5202860954289543, 'generation': 159}","{'id': 6964, 'rank': 6, 'fitness': 0.48140432713216824, 'generation': 159}","{'id': 6965, 'rank': 7, 'fitness': 0.4559529322347871, 'generation': 159}","{'id': 6963, 'rank': 8, 'fitness': 0.44320372654412227, 'generation': 159}","{'id': 6961, 'rank': 9, 'fitness': 0.34415609419840093, 'generation': 159}","{'id': 6937, 'rank': 10, 'fitness': 0.3177341099336103, 'generation': 159}","{'id': 6958, 'rank': 11, 'fitness': 0.29998136321595326, 'generation': 159}","{'id': 6951, 'rank': 12, 'fitness': 0.28773578459003113, 'generation': 159}","{'id': 6933, 'rank': 13, 'fitness': 0.22407030021659224, 'generation': 159}","{'id': 6967, 'rank': 14, 'fitness': 0.16677506411803888, 'generation': 159}","{'id': 6960, 'rank': 15, 'fitness': 0.16344368689502042, 'generation': 159}","{'id': 6955, 'rank': 16, 'fitness': 0.15153952710679758, 'generation': 159}","{'id': 6943, 'rank': 17, 'fitness': 0.1402790565779824, 'generation': 159}","{'id': 6957, 'rank': 18, 'fitness': 0.11505880163815618, 'generation': 159}","{'id': 6954, 'rank': 19, 'fitness': 0.11358544618988764, 'generation': 159}","{'id': 6941, 'rank': 20, 'fitness': 0.09132141453445736, 'generation': 159}","{'id': 6944, 'rank': 21, 'fitness': 0.08744171908269072, 'generation': 159}","{'id': 6968, 'rank': 22, 'fitness': 0.07226051296670744, 'generation': 159}","{'id': 6942, 'rank': 23, 'fitness': 0.05056572083792976, 'generation': 159}","{'id': 6948, 'rank': 24, 'fitness': 0.04479881353584325, 'generation': 159}","{'id': 6956, 'rank': 25, 'fitness': 0.04284263217109263, 'generation': 159}","{'id': 6947, 'rank': 26, 'fitness': 0.04097413848972381, 'generation': 159}","{'id': 6936, 'rank': 27, 'fitness': 0.036118180356869256, 'generation': 159}","{'id': 6959, 'rank': 28, 'fitness': 0.030267594697345523, 'generation': 159}","{'id': 6940, 'rank': 29, 'fitness': 0.019276170265270953, 'generation': 159}","{'id': 6950, 'rank': 30, 'fitness': 0.01798620996209155, 'generation': 159}"
"{'id': 7014, 'rank': 1, 'fitness': 0.9820137900379085, 'generation': 160}","{'id': 6979, 'rank': 2, 'fitness': 0.9562113782959356, 'generation': 160}","{'id': 7011, 'rank': 3, 'fitness': 0.9170731318619614, 'generation': 160}","{'id': 7015, 'rank': 4, 'fitness': 0.7714608317343726, 'generation': 160}","{'id': 7013, 'rank': 5, 'fitness': 0.49178032861098864, 'generation': 160}","{'id': 6981, 'rank': 6, 'fitness': 0.4215020799520065, 'generation': 160}","{'id': 6988, 'rank': 7, 'fitness': 0.2786650508823671, 'generation': 160}","{'id': 7004, 'rank': 8, 'fitness': 0.2394520071549161, 'generation': 160}","{'id': 6969, 'rank': 9, 'fitness': 0.19884732919066067, 'generation': 160}","{'id': 7001, 'rank': 10, 'fitness': 0.178539725797562, 'generation': 160}","{'id': 7008, 'rank': 11, 'fitness': 0.17460127085782395, 'generation': 160}","{'id': 6983, 'rank': 12, 'fitness': 0.16294346669311754, 'generation': 160}","{'id': 6986, 'rank': 13, 'fitness': 0.16293003333556777, 'generation': 160}","{'id': 7002, 'rank': 14, 'fitness': 0.1176929392902476, 'generation': 160}","{'id': 6987, 'rank': 15, 'fitness': 0.11474499785606285, 'generation': 160}","{'id': 7009, 'rank': 16, 'fitness': 0.11074907955842289, 'generation': 160}","{'id': 6995, 'rank': 17, 'fitness': 0.09819352041997154, 'generation': 160}","{'id': 6996, 'rank': 18, 'fitness': 0.09528903175491277, 'generation': 160}","{'id': 7016, 'rank': 19, 'fitness': 0.0700787207228678, 'generation': 160}","{'id': 6991, 'rank': 20, 'fitness': 0.05364674799593866, 'generation': 160}","{'id': 6993, 'rank': 21, 'fitness': 0.052511090214000244, 'generation': 160}","{'id': 6977, 'rank': 22, 'fitness': 0.04138850608124267, 'generation': 160}","{'id': 6985, 'rank': 23, 'fitness': 0.03679574529164448, 'generation': 160}","{'id': 7006, 'rank': 24, 'fitness': 0.025470965647002464, 'generation': 160}","{'id': 7003, 'rank': 25, 'fitness': 0.023482849820786966, 'generation': 160}","{'id': 6997, 'rank': 26, 'fitness': 0.022026953606775812, 'generation': 160}","{'id': 6975, 'rank': 27, 'fitness': 0.021195674208680293, 'generation': 160}","{'id': 6974, 'rank': 28, 'fitness': 0.020742547906282105, 'generation': 160}","{'id': 7007, 'rank': 29, 'fitness': 0.01957249360552027, 'generation': 160}","{'id': 6971, 'rank': 30, 'fitness': 0.01798620996209155, 'generation': 160}"
"{'id': 7046, 'rank': 1, 'fitness': 0.9820137900379085, 'generation': 161}","{'id': 7052, 'rank': 2, 'fitness': 0.950177240928644, 'generation': 161}","{'id': 7037, 'rank': 3, 'fitness': 0.9306912197430861, 'generation': 161}","{'id': 7049, 'rank': 4, 'fitness': 0.9285064476681476, 'generation': 161}","{'id': 7047, 'rank': 5, 'fitness': 0.9032087852764908, 'generation': 161}","{'id': 7054, 'rank': 6, 'fitness': 0.8493206288466, 'generation': 161}","{'id': 7036, 'rank': 7, 'fitness': 0.8082767567604672, 'generation': 161}","{'id': 7038, 'rank': 8, 'fitness': 0.7764865861510463, 'generation': 161}","{'id': 7053, 'rank': 9, 'fitness': 0.7510537283377703, 'generation': 161}","{'id': 7040, 'rank': 10, 'fitness': 0.6986665521623638, 'generation': 161}","{'id': 7051, 'rank': 11, 'fitness': 0.5446416180574722, 'generation': 161}","{'id': 7044, 'rank': 12, 'fitness': 0.3820812816960617, 'generation': 161}","{'id': 7041, 'rank': 13, 'fitness': 0.3725062860282238, 'generation': 161}","{'id': 7055, 'rank': 14, 'fitness': 0.31063483845891393, 'generation': 161}","{'id': 7017, 'rank': 15, 'fitness': 0.21202223320456648, 'generation': 161}","{'id': 7042, 'rank': 16, 'fitness': 0.1479622596524623, 'generation': 161}","{'id': 7039, 'rank': 17, 'fitness': 0.10622451450470383, 'generation': 161}","{'id': 7027, 'rank': 18, 'fitness': 0.09892153843172469, 'generation': 161}","{'id': 7050, 'rank': 19, 'fitness': 0.09527676510334088, 'generation': 161}","{'id': 7056, 'rank': 20, 'fitness': 0.09112655498916505, 'generation': 161}","{'id': 7022, 'rank': 21, 'fitness': 0.08470526565964909, 'generation': 161}","{'id': 7019, 'rank': 22, 'fitness': 0.0712015359051808, 'generation': 161}","{'id': 7045, 'rank': 23, 'fitness': 0.060911067620859516, 'generation': 161}","{'id': 7030, 'rank': 24, 'fitness': 0.05533519061364295, 'generation': 161}","{'id': 7057, 'rank': 25, 'fitness': 0.03820986409181765, 'generation': 161}","{'id': 7026, 'rank': 26, 'fitness': 0.03626999839823408, 'generation': 161}","{'id': 7048, 'rank': 27, 'fitness': 0.035694538461427394, 'generation': 161}","{'id': 7058, 'rank': 28, 'fitness': 0.034169382457690245, 'generation': 161}","{'id': 7029, 'rank': 29, 'fitness': 0.019133208125530987, 'generation': 161}","{'id': 7043, 'rank': 30, 'fitness': 0.01798620996209155, 'generation': 161}"
"{'id': 7092, 'rank': 1, 'fitness': 0.9820137900379085, 'generation': 162}","{'id': 7089, 'rank': 2, 'fitness': 0.9793438920119419, 'generation': 162}","{'id': 7096, 'rank': 3, 'fitness': 0.9468419225554363, 'generation': 162}","{'id': 7091, 'rank': 4, 'fitness': 0.801255347498702, 'generation': 162}","{'id': 7085, 'rank': 5, 'fitness': 0.7010496737275095, 'generation': 162}","{'id': 7088, 'rank': 6, 'fitness': 0.6995859923878074, 'generation': 162}","{'id': 7103, 'rank': 7, 'fitness': 0.5256787485376961, 'generation': 162}","{'id': 7101, 'rank': 8, 'fitness': 0.4360320171614909, 'generation': 162}","{'id': 7097, 'rank': 9, 'fitness': 0.3431167829947085, 'generation': 162}","{'id': 7095, 'rank': 10, 'fitness': 0.3293083042873565, 'generation': 162}","{'id': 7102, 'rank': 11, 'fitness': 0.3273261237853597, 'generation': 162}","{'id': 7070, 'rank': 12, 'fitness': 0.322768971935812, 'generation': 162}","{'id': 7098, 'rank': 13, 'fitness': 0.32130238697613006, 'generation': 162}","{'id': 7072, 'rank': 14, 'fitness': 0.20165286716412156, 'generation': 162}","{'id': 7100, 'rank': 15, 'fitness': 0.19262305522395934, 'generation': 162}","{'id': 7060, 'rank': 16, 'fitness': 0.1464233895831868, 'generation': 162}","{'id': 7090, 'rank': 17, 'fitness': 0.12800793112548292, 'generation': 162}","{'id': 7099, 'rank': 18, 'fitness': 0.11663069951531763, 'generation': 162}","{'id': 7075, 'rank': 19, 'fitness': 0.10215455794427225, 'generation': 162}","{'id': 7086, 'rank': 20, 'fitness': 0.09997467809037419, 'generation': 162}","{'id': 7087, 'rank': 21, 'fitness': 0.05953488547785557, 'generation': 162}","{'id': 7076, 'rank': 22, 'fitness': 0.05874100616326733, 'generation': 162}","{'id': 7074, 'rank': 23, 'fitness': 0.05669265223967335, 'generation': 162}","{'id': 7064, 'rank': 24, 'fitness': 0.05317694258304967, 'generation': 162}","{'id': 7082, 'rank': 25, 'fitness': 0.03743681055430609, 'generation': 162}","{'id': 7093, 'rank': 26, 'fitness': 0.028418328700548556, 'generation': 162}","{'id': 7065, 'rank': 27, 'fitness': 0.027159731853634295, 'generation': 162}","{'id': 7061, 'rank': 28, 'fitness': 0.021464021641736164, 'generation': 162}","{'id': 7084, 'rank': 29, 'fitness': 0.020963948040960356, 'generation': 162}","{'id': 7079, 'rank': 30, 'fitness': 0.01798620996209155, 'generation': 162}"
"{'id': 7111, 'rank': 1, 'fitness': 0.9820137900379085, 'generation': 163}","{'id': 7130, 'rank': 2, 'fitness': 0.9540375352665378, 'generation': 163}","{'id': 7136, 'rank': 3, 'fitness': 0.9180455544276607, 'generation': 163}","{'id': 7141, 'rank': 4, 'fitness': 0.8932597037826602, 'generation': 163}","{'id': 7135, 'rank': 5, 'fitness': 0.844341876988792, 'generation': 163}","{'id': 7126, 'rank': 6, 'fitness': 0.7769846485261691, 'generation': 163}","{'id': 7146, 'rank': 7, 'fitness': 0.7213560448288217, 'generation': 163}","{'id': 7138, 'rank': 8, 'fitness': 0.7088702417097855, 'generation': 163}","{'id': 7127, 'rank': 9, 'fitness': 0.6376336571300927, 'generation': 163}","{'id': 7122, 'rank': 10, 'fitness': 0.6361839890044553, 'generation': 163}","{'id': 7143, 'rank': 11, 'fitness': 0.46003044025814294, 'generation': 163}","{'id': 7114, 'rank': 12, 'fitness': 0.4521407695055508, 'generation': 163}","{'id': 7125, 'rank': 13, 'fitness': 0.41991160228550406, 'generation': 163}","{'id': 7131, 'rank': 14, 'fitness': 0.3895182754617063, 'generation': 163}","{'id': 7137, 'rank': 15, 'fitness': 0.23601050879441393, 'generation': 163}","{'id': 7120, 'rank': 16, 'fitness': 0.22209206050041302, 'generation': 163}","{'id': 7107, 'rank': 17, 'fitness': 0.16844617613784202, 'generation': 163}","{'id': 7123, 'rank': 18, 'fitness': 0.1360822256339691, 'generation': 163}","{'id': 7129, 'rank': 19, 'fitness': 0.13458530498735516, 'generation': 163}","{'id': 7110, 'rank': 20, 'fitness': 0.10835776163479427, 'generation': 163}","{'id': 7119, 'rank': 21, 'fitness': 0.09509633450446942, 'generation': 163}","{'id': 7132, 'rank': 22, 'fitness': 0.07348816005702319, 'generation': 163}","{'id': 7144, 'rank': 23, 'fitness': 0.060308205092794165, 'generation': 163}","{'id': 7142, 'rank': 24, 'fitness': 0.05691737001149022, 'generation': 163}","{'id': 7140, 'rank': 25, 'fitness': 0.04344240083884465, 'generation': 163}","{'id': 7121, 'rank': 26, 'fitness': 0.03420385405076731, 'generation': 163}","{'id': 7105, 'rank': 27, 'fitness': 0.03256120285815445, 'generation': 163}","{'id': 7128, 'rank': 28, 'fitness': 0.02862932185002981, 'generation': 163}","{'id': 7124, 'rank': 29, 'fitness': 0.025391349763876858, 'generation': 163}","{'id': 7139, 'rank': 30, 'fitness': 0.01798620996209155, 'generation': 163}"
"{'id': 7180, 'rank': 1, 'fitness': 0.9820137900379085, 'generation': 164}","{'id': 7188, 'rank': 2, 'fitness': 0.9666184681610464, 'generation': 164}","{'id': 7189, 'rank': 3, 'fitness': 0.7430119505543799, 'generation': 164}","{'id': 7150, 'rank': 4, 'fitness': 0.5133476270233731, 'generation': 164}","{'id': 7181, 'rank': 5, 'fitness': 0.4657138320853016, 'generation': 164}","{'id': 7156, 'rank': 6, 'fitness': 0.3663686870287254, 'generation': 164}","{'id': 7179, 'rank': 7, 'fitness': 0.31371814524267305, 'generation': 164}","{'id': 7178, 'rank': 8, 'fitness': 0.30878896181466653, 'generation': 164}","{'id': 7172, 'rank': 9, 'fitness': 0.25173904612633485, 'generation': 164}","{'id': 7165, 'rank': 10, 'fitness': 0.19509212317950603, 'generation': 164}","{'id': 7185, 'rank': 11, 'fitness': 0.1929143965710438, 'generation': 164}","{'id': 7183, 'rank': 12, 'fitness': 0.13388820112884658, 'generation': 164}","{'id': 7167, 'rank': 13, 'fitness': 0.12982256372783546, 'generation': 164}","{'id': 7152, 'rank': 14, 'fitness': 0.12896982201914864, 'generation': 164}","{'id': 7186, 'rank': 15, 'fitness': 0.09600510952244518, 'generation': 164}","{'id': 7155, 'rank': 16, 'fitness': 0.07919893027823627, 'generation': 164}","{'id': 7173, 'rank': 17, 'fitness': 0.06487092203864708, 'generation': 164}","{'id': 7182, 'rank': 18, 'fitness': 0.06095441102302773, 'generation': 164}","{'id': 7176, 'rank': 19, 'fitness': 0.060861031202397164, 'generation': 164}","{'id': 7175, 'rank': 20, 'fitness': 0.0530205437250883, 'generation': 164}","{'id': 7187, 'rank': 21, 'fitness': 0.051433312764093464, 'generation': 164}","{'id': 7171, 'rank': 22, 'fitness': 0.049351914299732236, 'generation': 164}","{'id': 7160, 'rank': 23, 'fitness': 0.04241190868756822, 'generation': 164}","{'id': 7159, 'rank': 24, 'fitness': 0.039893955637369805, 'generation': 164}","{'id': 7157, 'rank': 25, 'fitness': 0.027099943701228535, 'generation': 164}","{'id': 7166, 'rank': 26, 'fitness': 0.026959796797271007, 'generation': 164}","{'id': 7149, 'rank': 27, 'fitness': 0.024070082972185436, 'generation': 164}","{'id': 7184, 'rank': 28, 'fitness': 0.021437889319485037, 'generation': 164}","{'id': 7153, 'rank': 29, 'fitness': 0.019811282004022324, 'generation': 164}","{'id': 7174, 'rank': 30, 'fitness': 0.01798620996209155, 'generation': 164}"
"{'id': 7212, 'rank': 1, 'fitness': 0.9820137900379085, 'generation': 165}","{'id': 7221, 'rank': 2, 'fitness': 0.9093599255054623, 'generation': 165}","{'id': 7205, 'rank': 3, 'fitness': 0.8416259471314345, 'generation': 165}","{'id': 7225, 'rank': 4, 'fitness': 0.8372677576293093, 'generation': 165}","{'id': 7215, 'rank': 5, 'fitness': 0.7767691915892397, 'generation': 165}","{'id': 7199, 'rank': 6, 'fitness': 0.6166147185979853, 'generation': 165}","{'id': 7206, 'rank': 7, 'fitness': 0.45325080105337967, 'generation': 165}","{'id': 7207, 'rank': 8, 'fitness': 0.4352386077015411, 'generation': 165}","{'id': 7219, 'rank': 9, 'fitness': 0.3758006877050544, 'generation': 165}","{'id': 7201, 'rank': 10, 'fitness': 0.3675871126747269, 'generation': 165}","{'id': 7202, 'rank': 11, 'fitness': 0.31610040051841576, 'generation': 165}","{'id': 7214, 'rank': 12, 'fitness': 0.22930515889013725, 'generation': 165}","{'id': 7210, 'rank': 13, 'fitness': 0.21487200441463605, 'generation': 165}","{'id': 7217, 'rank': 14, 'fitness': 0.1966100578719674, 'generation': 165}","{'id': 7216, 'rank': 15, 'fitness': 0.19606606586040465, 'generation': 165}","{'id': 7208, 'rank': 16, 'fitness': 0.16759814948639878, 'generation': 165}","{'id': 7226, 'rank': 17, 'fitness': 0.15360790872891683, 'generation': 165}","{'id': 7230, 'rank': 18, 'fitness': 0.13676342565737576, 'generation': 165}","{'id': 7218, 'rank': 19, 'fitness': 0.09400234043261996, 'generation': 165}","{'id': 7220, 'rank': 20, 'fitness': 0.07671191639007613, 'generation': 165}","{'id': 7229, 'rank': 21, 'fitness': 0.07265799428740616, 'generation': 165}","{'id': 7198, 'rank': 22, 'fitness': 0.05933528520487075, 'generation': 165}","{'id': 7227, 'rank': 23, 'fitness': 0.04185327239952763, 'generation': 165}","{'id': 7192, 'rank': 24, 'fitness': 0.03687250470926873, 'generation': 165}","{'id': 7194, 'rank': 25, 'fitness': 0.02918621331829696, 'generation': 165}","{'id': 7204, 'rank': 26, 'fitness': 0.026954543300101275, 'generation': 165}","{'id': 7200, 'rank': 27, 'fitness': 0.026485210903986145, 'generation': 165}","{'id': 7193, 'rank': 28, 'fitness': 0.022630072891916375, 'generation': 165}","{'id': 7228, 'rank': 29, 'fitness': 0.020278112106443646, 'generation': 165}","{'id': 7224, 'rank': 30, 'fitness': 0.01798620996209155, 'generation': 165}"
"{'id': 7270, 'rank': 1, 'fitness': 0.9820137900379085, 'generation': 166}","{'id': 7256, 'rank': 2, 'fitness': 0.9715938641936964, 'generation': 166}","{'id': 7268, 'rank': 3, 'fitness': 0.9440799654550123, 'generation': 166}","{'id': 7262, 'rank': 4, 'fitness': 0.5865260275972044, 'generation': 166}","{'id': 7264, 'rank': 5, 'fitness': 0.548981747322924, 'generation': 166}","{'id': 7266, 'rank': 6, 'fitness': 0.38592232655500563, 'generation': 166}","{'id': 7263, 'rank': 7, 'fitness': 0.37409995134621243, 'generation': 166}","{'id': 7271, 'rank': 8, 'fitness': 0.30320489853611443, 'generation': 166}","{'id': 7232, 'rank': 9, 'fitness': 0.2698853554994417, 'generation': 166}","{'id': 7241, 'rank': 10, 'fitness': 0.24595129602329935, 'generation': 166}","{'id': 7249, 'rank': 11, 'fitness': 0.2122322268340418, 'generation': 166}","{'id': 7235, 'rank': 12, 'fitness': 0.20073399908465284, 'generation': 166}","{'id': 7269, 'rank': 13, 'fitness': 0.19941047120580657, 'generation': 166}","{'id': 7248, 'rank': 14, 'fitness': 0.19574037781087744, 'generation': 166}","{'id': 7259, 'rank': 15, 'fitness': 0.16461380322094094, 'generation': 166}","{'id': 7247, 'rank': 16, 'fitness': 0.0752191119646417, 'generation': 166}","{'id': 7254, 'rank': 17, 'fitness': 0.05675615132932332, 'generation': 166}","{'id': 7265, 'rank': 18, 'fitness': 0.041057837360048144, 'generation': 166}","{'id': 7239, 'rank': 19, 'fitness': 0.04031627059039494, 'generation': 166}","{'id': 7258, 'rank': 20, 'fitness': 0.03976031083012277, 'generation': 166}","{'id': 7267, 'rank': 21, 'fitness': 0.03332862285862437, 'generation': 166}","{'id': 7244, 'rank': 22, 'fitness': 0.029613390927344385, 'generation': 166}","{'id': 7261, 'rank': 23, 'fitness': 0.029602275397451083, 'generation': 166}","{'id': 7234, 'rank': 24, 'fitness': 0.02829751026401134, 'generation': 166}","{'id': 7246, 'rank': 25, 'fitness': 0.02624226289904036, 'generation': 166}","{'id': 7236, 'rank': 26, 'fitness': 0.02481069570551142, 'generation': 166}","{'id': 7245, 'rank': 27, 'fitness': 0.022329058136316804, 'generation': 166}","{'id': 7252, 'rank': 28, 'fitness': 0.021532572141474637, 'generation': 166}","{'id': 7251, 'rank': 29, 'fitness': 0.018951193951150247, 'generation': 166}","{'id': 7253, 'rank': 30, 'fitness': 0.01798620996209155, 'generation': 166}"
"{'id': 7300, 'rank': 1, 'fitness': 0.9820137900379085, 'generation': 167}","{'id': 7298, 'rank': 2, 'fitness': 0.959514607177396, 'generation': 167}","{'id': 7287, 'rank': 3, 'fitness': 0.9227212654169766, 'generation': 167}","{'id': 7303, 'rank': 4, 'fitness': 0.8779663924743738, 'generation': 167}","{'id': 7310, 'rank': 5, 'fitness': 0.8158388465200338, 'generation': 167}","{'id': 7308, 'rank': 6, 'fitness': 0.7926096881522985, 'generation': 167}","{'id': 7312, 'rank': 7, 'fitness': 0.7651911216149367, 'generation': 167}","{'id': 7272, 'rank': 8, 'fitness': 0.7056190686651109, 'generation': 167}","{'id': 7276, 'rank': 9, 'fitness': 0.6046203928547189, 'generation': 167}","{'id': 7306, 'rank': 10, 'fitness': 0.522354439963058, 'generation': 167}","{'id': 7290, 'rank': 11, 'fitness': 0.45159284535662836, 'generation': 167}","{'id': 7311, 'rank': 12, 'fitness': 0.4448174524714986, 'generation': 167}","{'id': 7292, 'rank': 13, 'fitness': 0.3247384592169438, 'generation': 167}","{'id': 7275, 'rank': 14, 'fitness': 0.26984935554893097, 'generation': 167}","{'id': 7296, 'rank': 15, 'fitness': 0.21992486912844933, 'generation': 167}","{'id': 7301, 'rank': 16, 'fitness': 0.1970571991628055, 'generation': 167}","{'id': 7277, 'rank': 17, 'fitness': 0.17254954873552242, 'generation': 167}","{'id': 7289, 'rank': 18, 'fitness': 0.16155149254525647, 'generation': 167}","{'id': 7297, 'rank': 19, 'fitness': 0.13035433838221155, 'generation': 167}","{'id': 7274, 'rank': 20, 'fitness': 0.12433517247109249, 'generation': 167}","{'id': 7293, 'rank': 21, 'fitness': 0.11151430983167149, 'generation': 167}","{'id': 7304, 'rank': 22, 'fitness': 0.07702854281673299, 'generation': 167}","{'id': 7282, 'rank': 23, 'fitness': 0.07089993809950002, 'generation': 167}","{'id': 7295, 'rank': 24, 'fitness': 0.05543569407519755, 'generation': 167}","{'id': 7284, 'rank': 25, 'fitness': 0.0520798042858463, 'generation': 167}","{'id': 7291, 'rank': 26, 'fitness': 0.050050025577765334, 'generation': 167}","{'id': 7286, 'rank': 27, 'fitness': 0.04747753481404948, 'generation': 167}","{'id': 7280, 'rank': 28, 'fitness': 0.03591258701138689, 'generation': 167}","{'id': 7302, 'rank': 29, 'fitness': 0.0303334996557848, 'generation': 167}","{'id': 7294, 'rank': 30, 'fitness': 0.01798620996209155, 'generation': 167}"
"{'id': 7358, 'rank': 1, 'fitness': 0.9820137900379085, 'generation': 168}","{'id': 7351, 'rank': 2, 'fitness': 0.9546491112524447, 'generation': 168}","{'id': 7359, 'rank': 3, 'fitness': 0.9508403525569826, 'generation': 168}","{'id': 7344, 'rank': 4, 'fitness': 0.9168721244055237, 'generation': 168}","{'id': 7356, 'rank': 5, 'fitness': 0.8601713401037492, 'generation': 168}","{'id': 7329, 'rank': 6, 'fitness': 0.8185756470936909, 'generation': 168}","{'id': 7331, 'rank': 7, 'fitness': 0.6839953265033009, 'generation': 168}","{'id': 7318, 'rank': 8, 'fitness': 0.327885525639275, 'generation': 168}","{'id': 7327, 'rank': 9, 'fitness': 0.2541822274174339, 'generation': 168}","{'id': 7350, 'rank': 10, 'fitness': 0.25234651916974016, 'generation': 168}","{'id': 7345, 'rank': 11, 'fitness': 0.21625458154203292, 'generation': 168}","{'id': 7340, 'rank': 12, 'fitness': 0.17776135839332374, 'generation': 168}","{'id': 7348, 'rank': 13, 'fitness': 0.15692077688516687, 'generation': 168}","{'id': 7341, 'rank': 14, 'fitness': 0.13740465527078682, 'generation': 168}","{'id': 7343, 'rank': 15, 'fitness': 0.1127921230481746, 'generation': 168}","{'id': 7357, 'rank': 16, 'fitness': 0.10824506067065004, 'generation': 168}","{'id': 7337, 'rank': 17, 'fitness': 0.0974558127599014, 'generation': 168}","{'id': 7313, 'rank': 18, 'fitness': 0.08110545859152529, 'generation': 168}","{'id': 7333, 'rank': 19, 'fitness': 0.07524942125924461, 'generation': 168}","{'id': 7315, 'rank': 20, 'fitness': 0.07056120407675603, 'generation': 168}","{'id': 7323, 'rank': 21, 'fitness': 0.0459136362048152, 'generation': 168}","{'id': 7347, 'rank': 22, 'fitness': 0.04086237588901381, 'generation': 168}","{'id': 7319, 'rank': 23, 'fitness': 0.037935407505783336, 'generation': 168}","{'id': 7352, 'rank': 24, 'fitness': 0.03549020019611632, 'generation': 168}","{'id': 7326, 'rank': 25, 'fitness': 0.03528403374256439, 'generation': 168}","{'id': 7346, 'rank': 26, 'fitness': 0.026825024966380284, 'generation': 168}","{'id': 7321, 'rank': 27, 'fitness': 0.023535606866293635, 'generation': 168}","{'id': 7314, 'rank': 28, 'fitness': 0.02169986989444811, 'generation': 168}","{'id': 7355, 'rank': 29, 'fitness': 0.018911170662698706, 'generation': 168}","{'id': 7332, 'rank': 30, 'fitness': 0.01798620996209155, 'generation': 168}"
"{'id': 7387, 'rank': 1, 'fitness': 0.9820137900379085, 'generation': 169}","{'id': 7361, 'rank': 2, 'fitness': 0.9455271976829807, 'generation': 169}","{'id': 7395, 'rank': 3, 'fitness': 0.9363034534591217, 'generation': 169}","{'id': 7403, 'rank': 4, 'fitness': 0.9060802609159514, 'generation': 169}","{'id': 7384, 'rank': 5, 'fitness': 0.860271410362617, 'generation': 169}","{'id': 7393, 'rank': 6, 'fitness': 0.7064507035103165, 'generation': 169}","{'id': 7394, 'rank': 7, 'fitness': 0.6532185334512897, 'generation': 169}","{'id': 7398, 'rank': 8, 'fitness': 0.6205278913397412, 'generation': 169}","{'id': 7400, 'rank': 9, 'fitness': 0.42100800283904843, 'generation': 169}","{'id': 7382, 'rank': 10, 'fitness': 0.3479472144775006, 'generation': 169}","{'id': 7368, 'rank': 11, 'fitness': 0.3233542355167124, 'generation': 169}","{'id': 7363, 'rank': 12, 'fitness': 0.18801338388833921, 'generation': 169}","{'id': 7360, 'rank': 13, 'fitness': 0.1713751558124812, 'generation': 169}","{'id': 7386, 'rank': 14, 'fitness': 0.14553376797101525, 'generation': 169}","{'id': 7402, 'rank': 15, 'fitness': 0.14488630791002682, 'generation': 169}","{'id': 7397, 'rank': 16, 'fitness': 0.12456284271715795, 'generation': 169}","{'id': 7389, 'rank': 17, 'fitness': 0.11210659507189208, 'generation': 169}","{'id': 7399, 'rank': 18, 'fitness': 0.10497426530934173, 'generation': 169}","{'id': 7364, 'rank': 19, 'fitness': 0.1035534480058054, 'generation': 169}","{'id': 7367, 'rank': 20, 'fitness': 0.09192650864378848, 'generation': 169}","{'id': 7396, 'rank': 21, 'fitness': 0.09080902576717303, 'generation': 169}","{'id': 7362, 'rank': 22, 'fitness': 0.08924322828004516, 'generation': 169}","{'id': 7405, 'rank': 23, 'fitness': 0.07573041872860758, 'generation': 169}","{'id': 7369, 'rank': 24, 'fitness': 0.06335344314818547, 'generation': 169}","{'id': 7383, 'rank': 25, 'fitness': 0.060632888051259326, 'generation': 169}","{'id': 7392, 'rank': 26, 'fitness': 0.060422358431610146, 'generation': 169}","{'id': 7380, 'rank': 27, 'fitness': 0.05947472331053666, 'generation': 169}","{'id': 7388, 'rank': 28, 'fitness': 0.04459028147479721, 'generation': 169}","{'id': 7373, 'rank': 29, 'fitness': 0.02838149134854584, 'generation': 169}","{'id': 7378, 'rank': 30, 'fitness': 0.01798620996209155, 'generation': 169}"
"{'id': 7423, 'rank': 1, 'fitness': 0.9820137900379085, 'generation': 170}","{'id': 7434, 'rank': 2, 'fitness': 0.958866689385931, 'generation': 170}","{'id': 7419, 'rank': 3, 'fitness': 0.8650483271832027, 'generation': 170}","{'id': 7435, 'rank': 4, 'fitness': 0.8503774184336668, 'generation': 170}","{'id': 7430, 'rank': 5, 'fitness': 0.718794067198473, 'generation': 170}","{'id': 7421, 'rank': 6, 'fitness': 0.6952774156343394, 'generation': 170}","{'id': 7440, 'rank': 7, 'fitness': 0.6494445910487406, 'generation': 170}","{'id': 7417, 'rank': 8, 'fitness': 0.6172830718198845, 'generation': 170}","{'id': 7407, 'rank': 9, 'fitness': 0.5746189425844418, 'generation': 170}","{'id': 7418, 'rank': 10, 'fitness': 0.560959463351746, 'generation': 170}","{'id': 7438, 'rank': 11, 'fitness': 0.49790183902238255, 'generation': 170}","{'id': 7426, 'rank': 12, 'fitness': 0.3807525168232096, 'generation': 170}","{'id': 7427, 'rank': 13, 'fitness': 0.3550800698651485, 'generation': 170}","{'id': 7432, 'rank': 14, 'fitness': 0.3009059672579585, 'generation': 170}","{'id': 7437, 'rank': 15, 'fitness': 0.20788659364521644, 'generation': 170}","{'id': 7433, 'rank': 16, 'fitness': 0.1741586287371213, 'generation': 170}","{'id': 7428, 'rank': 17, 'fitness': 0.16100697907894757, 'generation': 170}","{'id': 7441, 'rank': 18, 'fitness': 0.12592247478596186, 'generation': 170}","{'id': 7415, 'rank': 19, 'fitness': 0.1218981948520596, 'generation': 170}","{'id': 7406, 'rank': 20, 'fitness': 0.09643490794906207, 'generation': 170}","{'id': 7436, 'rank': 21, 'fitness': 0.08021741725546594, 'generation': 170}","{'id': 7424, 'rank': 22, 'fitness': 0.050858098305438304, 'generation': 170}","{'id': 7425, 'rank': 23, 'fitness': 0.048246520752009414, 'generation': 170}","{'id': 7410, 'rank': 24, 'fitness': 0.04730068154532496, 'generation': 170}","{'id': 7409, 'rank': 25, 'fitness': 0.04475360014119628, 'generation': 170}","{'id': 7408, 'rank': 26, 'fitness': 0.042644949995908676, 'generation': 170}","{'id': 7439, 'rank': 27, 'fitness': 0.04020756432781081, 'generation': 170}","{'id': 7429, 'rank': 28, 'fitness': 0.03173559460997233, 'generation': 170}","{'id': 7420, 'rank': 29, 'fitness': 0.02108110420978021, 'generation': 170}","{'id': 7422, 'rank': 30, 'fitness': 0.01798620996209155, 'generation': 170}"
"{'id': 7470, 'rank': 1, 'fitness': 0.9820137900379085, 'generation': 171}","{'id': 7469, 'rank': 2, 'fitness': 0.7864186867943077, 'generation': 171}","{'id': 7472, 'rank': 3, 'fitness': 0.7296096425375779, 'generation': 171}","{'id': 7460, 'rank': 4, 'fitness': 0.7071279762012591, 'generation': 171}","{'id': 7473, 'rank': 5, 'fitness': 0.6854203920929225, 'generation': 171}","{'id': 7466, 'rank': 6, 'fitness': 0.6816289100149902, 'generation': 171}","{'id': 7454, 'rank': 7, 'fitness': 0.6245774729097293, 'generation': 171}","{'id': 7461, 'rank': 8, 'fitness': 0.5481139080751031, 'generation': 171}","{'id': 7468, 'rank': 9, 'fitness': 0.499012200949546, 'generation': 171}","{'id': 7457, 'rank': 10, 'fitness': 0.396510666154922, 'generation': 171}","{'id': 7465, 'rank': 11, 'fitness': 0.3650635055685282, 'generation': 171}","{'id': 7458, 'rank': 12, 'fitness': 0.3209353066364193, 'generation': 171}","{'id': 7447, 'rank': 13, 'fitness': 0.3118934832144136, 'generation': 171}","{'id': 7462, 'rank': 14, 'fitness': 0.3008744698376383, 'generation': 171}","{'id': 7471, 'rank': 15, 'fitness': 0.2872744715598068, 'generation': 171}","{'id': 7446, 'rank': 16, 'fitness': 0.2177189530019415, 'generation': 171}","{'id': 7444, 'rank': 17, 'fitness': 0.14994815255451016, 'generation': 171}","{'id': 7459, 'rank': 18, 'fitness': 0.11286515110777118, 'generation': 171}","{'id': 7474, 'rank': 19, 'fitness': 0.10441132209561343, 'generation': 171}","{'id': 7463, 'rank': 20, 'fitness': 0.09834116302042256, 'generation': 171}","{'id': 7449, 'rank': 21, 'fitness': 0.06900413097400065, 'generation': 171}","{'id': 7450, 'rank': 22, 'fitness': 0.06120266481787745, 'generation': 171}","{'id': 7456, 'rank': 23, 'fitness': 0.04832185880671469, 'generation': 171}","{'id': 7451, 'rank': 24, 'fitness': 0.04244613291947241, 'generation': 171}","{'id': 7453, 'rank': 25, 'fitness': 0.039312740552919334, 'generation': 171}","{'id': 7448, 'rank': 26, 'fitness': 0.026377290371203677, 'generation': 171}","{'id': 7442, 'rank': 27, 'fitness': 0.025976223533733467, 'generation': 171}","{'id': 7464, 'rank': 28, 'fitness': 0.024261175440521754, 'generation': 171}","{'id': 7452, 'rank': 29, 'fitness': 0.023041703382131296, 'generation': 171}","{'id': 7445, 'rank': 30, 'fitness': 0.01798620996209155, 'generation': 171}"
"{'id': 7520, 'rank': 1, 'fitness': 0.9820137900379085, 'generation': 172}","{'id': 7517, 'rank': 2, 'fitness': 0.9526039734204963, 'generation': 172}","{'id': 7499, 'rank': 3, 'fitness': 0.8242800173966318, 'generation': 172}","{'id': 7506, 'rank': 4, 'fitness': 0.7678102690066773, 'generation': 172}","{'id': 7516, 'rank': 5, 'fitness': 0.6760612950760879, 'generation': 172}","{'id': 7479, 'rank': 6, 'fitness': 0.6343039930730818, 'generation': 172}","{'id': 7519, 'rank': 7, 'fitness': 0.6339638157616199, 'generation': 172}","{'id': 7513, 'rank': 8, 'fitness': 0.6186391704982096, 'generation': 172}","{'id': 7515, 'rank': 9, 'fitness': 0.6072157549588528, 'generation': 172}","{'id': 7509, 'rank': 10, 'fitness': 0.503304217803183, 'generation': 172}","{'id': 7496, 'rank': 11, 'fitness': 0.43725200735282144, 'generation': 172}","{'id': 7505, 'rank': 12, 'fitness': 0.3301331092389984, 'generation': 172}","{'id': 7497, 'rank': 13, 'fitness': 0.2820479951736342, 'generation': 172}","{'id': 7490, 'rank': 14, 'fitness': 0.2750836889279107, 'generation': 172}","{'id': 7476, 'rank': 15, 'fitness': 0.2614764660201363, 'generation': 172}","{'id': 7514, 'rank': 16, 'fitness': 0.24748657258947065, 'generation': 172}","{'id': 7481, 'rank': 17, 'fitness': 0.21494398668375753, 'generation': 172}","{'id': 7511, 'rank': 18, 'fitness': 0.2141676064134151, 'generation': 172}","{'id': 7510, 'rank': 19, 'fitness': 0.13853727905088287, 'generation': 172}","{'id': 7504, 'rank': 20, 'fitness': 0.0871544182807985, 'generation': 172}","{'id': 7518, 'rank': 21, 'fitness': 0.08119378973630287, 'generation': 172}","{'id': 7502, 'rank': 22, 'fitness': 0.07371278500743722, 'generation': 172}","{'id': 7487, 'rank': 23, 'fitness': 0.057745710079544155, 'generation': 172}","{'id': 7495, 'rank': 24, 'fitness': 0.055328074109004366, 'generation': 172}","{'id': 7494, 'rank': 25, 'fitness': 0.0475125635132998, 'generation': 172}","{'id': 7501, 'rank': 26, 'fitness': 0.043609097283198284, 'generation': 172}","{'id': 7480, 'rank': 27, 'fitness': 0.034496351652654966, 'generation': 172}","{'id': 7503, 'rank': 28, 'fitness': 0.02976290771164719, 'generation': 172}","{'id': 7482, 'rank': 29, 'fitness': 0.02084431830805511, 'generation': 172}","{'id': 7508, 'rank': 30, 'fitness': 0.01798620996209155, 'generation': 172}"
"{'id': 7565, 'rank': 1, 'fitness': 0.9820137900379085, 'generation': 173}","{'id': 7568, 'rank': 2, 'fitness': 0.9516595370286421, 'generation': 173}","{'id': 7554, 'rank': 3, 'fitness': 0.8947060477855979, 'generation': 173}","{'id': 7567, 'rank': 4, 'fitness': 0.8712112932482944, 'generation': 173}","{'id': 7536, 'rank': 5, 'fitness': 0.8254566177947551, 'generation': 173}","{'id': 7539, 'rank': 6, 'fitness': 0.7889217188548694, 'generation': 173}","{'id': 7535, 'rank': 7, 'fitness': 0.7500477421826958, 'generation': 173}","{'id': 7569, 'rank': 8, 'fitness': 0.7260372703272931, 'generation': 173}","{'id': 7542, 'rank': 9, 'fitness': 0.585492520446449, 'generation': 173}","{'id': 7549, 'rank': 10, 'fitness': 0.572379112141215, 'generation': 173}","{'id': 7551, 'rank': 11, 'fitness': 0.5612607205696778, 'generation': 173}","{'id': 7552, 'rank': 12, 'fitness': 0.38809558157845414, 'generation': 173}","{'id': 7547, 'rank': 13, 'fitness': 0.23639997060060153, 'generation': 173}","{'id': 7534, 'rank': 14, 'fitness': 0.2281011085469254, 'generation': 173}","{'id': 7560, 'rank': 15, 'fitness': 0.2276271972602199, 'generation': 173}","{'id': 7571, 'rank': 16, 'fitness': 0.1807885289744786, 'generation': 173}","{'id': 7553, 'rank': 17, 'fitness': 0.11938763105598127, 'generation': 173}","{'id': 7550, 'rank': 18, 'fitness': 0.09286121513441259, 'generation': 173}","{'id': 7530, 'rank': 19, 'fitness': 0.08095925763950812, 'generation': 173}","{'id': 7546, 'rank': 20, 'fitness': 0.059002206708182514, 'generation': 173}","{'id': 7526, 'rank': 21, 'fitness': 0.05442566728045872, 'generation': 173}","{'id': 7558, 'rank': 22, 'fitness': 0.04671623617252202, 'generation': 173}","{'id': 7556, 'rank': 23, 'fitness': 0.038554444506855134, 'generation': 173}","{'id': 7532, 'rank': 24, 'fitness': 0.03749014655013466, 'generation': 173}","{'id': 7570, 'rank': 25, 'fitness': 0.037230767845170654, 'generation': 173}","{'id': 7538, 'rank': 26, 'fitness': 0.03306834922671337, 'generation': 173}","{'id': 7544, 'rank': 27, 'fitness': 0.024478555073513875, 'generation': 173}","{'id': 7562, 'rank': 28, 'fitness': 0.022606094409001076, 'generation': 173}","{'id': 7559, 'rank': 29, 'fitness': 0.01901246148390562, 'generation': 173}","{'id': 7525, 'rank': 30, 'fitness': 0.01798620996209155, 'generation': 173}"
"{'id': 7611, 'rank': 1, 'fitness': 0.9820137900379085, 'generation': 174}","{'id': 7614, 'rank': 2, 'fitness': 0.9692524488331378, 'generation': 174}","{'id': 7602, 'rank': 3, 'fitness': 0.9465125991428596, 'generation': 174}","{'id': 7612, 'rank': 4, 'fitness': 0.9447298336787501, 'generation': 174}","{'id': 7607, 'rank': 5, 'fitness': 0.8869175940400544, 'generation': 174}","{'id': 7583, 'rank': 6, 'fitness': 0.8744168173691269, 'generation': 174}","{'id': 7584, 'rank': 7, 'fitness': 0.8233010971229124, 'generation': 174}","{'id': 7605, 'rank': 8, 'fitness': 0.808035012576484, 'generation': 174}","{'id': 7608, 'rank': 9, 'fitness': 0.5984073918246282, 'generation': 174}","{'id': 7613, 'rank': 10, 'fitness': 0.5036662490654327, 'generation': 174}","{'id': 7606, 'rank': 11, 'fitness': 0.4502346677553278, 'generation': 174}","{'id': 7597, 'rank': 12, 'fitness': 0.4254132802655088, 'generation': 174}","{'id': 7609, 'rank': 13, 'fitness': 0.3426899027715955, 'generation': 174}","{'id': 7575, 'rank': 14, 'fitness': 0.34060765820590644, 'generation': 174}","{'id': 7604, 'rank': 15, 'fitness': 0.2847085239231728, 'generation': 174}","{'id': 7619, 'rank': 16, 'fitness': 0.2282631536197517, 'generation': 174}","{'id': 7618, 'rank': 17, 'fitness': 0.22519659340887027, 'generation': 174}","{'id': 7574, 'rank': 18, 'fitness': 0.2031098930867536, 'generation': 174}","{'id': 7596, 'rank': 19, 'fitness': 0.16945539312221142, 'generation': 174}","{'id': 7594, 'rank': 20, 'fitness': 0.12654781784512642, 'generation': 174}","{'id': 7593, 'rank': 21, 'fitness': 0.11616203558517119, 'generation': 174}","{'id': 7610, 'rank': 22, 'fitness': 0.1015885220824107, 'generation': 174}","{'id': 7603, 'rank': 23, 'fitness': 0.1010836569456916, 'generation': 174}","{'id': 7591, 'rank': 24, 'fitness': 0.06523752888941631, 'generation': 174}","{'id': 7599, 'rank': 25, 'fitness': 0.03761613375730277, 'generation': 174}","{'id': 7590, 'rank': 26, 'fitness': 0.03259614984985887, 'generation': 174}","{'id': 7617, 'rank': 27, 'fitness': 0.028984026472114677, 'generation': 174}","{'id': 7576, 'rank': 28, 'fitness': 0.02608747386557453, 'generation': 174}","{'id': 7598, 'rank': 29, 'fitness': 0.022880412933829697, 'generation': 174}","{'id': 7595, 'rank': 30, 'fitness': 0.01798620996209155, 'generation': 174}"
"{'id': 7661, 'rank': 1, 'fitness': 0.9820137900379085, 'generation': 175}","{'id': 7666, 'rank': 2, 'fitness': 0.9571754279809144, 'generation': 175}","{'id': 7664, 'rank': 3, 'fitness': 0.9276317334322061, 'generation': 175}","{'id': 7672, 'rank': 4, 'fitness': 0.9013058152466698, 'generation': 175}","{'id': 7654, 'rank': 5, 'fitness': 0.7728454584694244, 'generation': 175}","{'id': 7668, 'rank': 6, 'fitness': 0.7643274412586152, 'generation': 175}","{'id': 7665, 'rank': 7, 'fitness': 0.7352622146581674, 'generation': 175}","{'id': 7655, 'rank': 8, 'fitness': 0.6837825197982105, 'generation': 175}","{'id': 7663, 'rank': 9, 'fitness': 0.6541682460019379, 'generation': 175}","{'id': 7660, 'rank': 10, 'fitness': 0.6325999707222687, 'generation': 175}","{'id': 7656, 'rank': 11, 'fitness': 0.5950928795664493, 'generation': 175}","{'id': 7662, 'rank': 12, 'fitness': 0.4285236802872121, 'generation': 175}","{'id': 7657, 'rank': 13, 'fitness': 0.38208422669639225, 'generation': 175}","{'id': 7659, 'rank': 14, 'fitness': 0.16982572083617586, 'generation': 175}","{'id': 7670, 'rank': 15, 'fitness': 0.1609113401468113, 'generation': 175}","{'id': 7624, 'rank': 16, 'fitness': 0.15542634956783674, 'generation': 175}","{'id': 7630, 'rank': 17, 'fitness': 0.1277732927884948, 'generation': 175}","{'id': 7629, 'rank': 18, 'fitness': 0.12286903603168953, 'generation': 175}","{'id': 7639, 'rank': 19, 'fitness': 0.08640916685712063, 'generation': 175}","{'id': 7647, 'rank': 20, 'fitness': 0.06057768762169391, 'generation': 175}","{'id': 7649, 'rank': 21, 'fitness': 0.06035407997626052, 'generation': 175}","{'id': 7667, 'rank': 22, 'fitness': 0.05470076484110731, 'generation': 175}","{'id': 7653, 'rank': 23, 'fitness': 0.05352074712778271, 'generation': 175}","{'id': 7633, 'rank': 24, 'fitness': 0.04914763636284353, 'generation': 175}","{'id': 7644, 'rank': 25, 'fitness': 0.0425441308702571, 'generation': 175}","{'id': 7625, 'rank': 26, 'fitness': 0.03718391669575699, 'generation': 175}","{'id': 7637, 'rank': 27, 'fitness': 0.03136452971023168, 'generation': 175}","{'id': 7658, 'rank': 28, 'fitness': 0.02187232378846088, 'generation': 175}","{'id': 7671, 'rank': 29, 'fitness': 0.02143179940819645, 'generation': 175}","{'id': 7651, 'rank': 30, 'fitness': 0.01798620996209155, 'generation': 175}"
"{'id': 7697, 'rank': 1, 'fitness': 0.9820137900379085, 'generation': 176}","{'id': 7706, 'rank': 2, 'fitness': 0.939854832020148, 'generation': 176}","{'id': 7714, 'rank': 3, 'fitness': 0.8890555332133493, 'generation': 176}","{'id': 7702, 'rank': 4, 'fitness': 0.8541834541133343, 'generation': 176}","{'id': 7705, 'rank': 5, 'fitness': 0.8360934224795111, 'generation': 176}","{'id': 7673, 'rank': 6, 'fitness': 0.8293905515722024, 'generation': 176}","{'id': 7701, 'rank': 7, 'fitness': 0.6706202172823532, 'generation': 176}","{'id': 7713, 'rank': 8, 'fitness': 0.47574661884565383, 'generation': 176}","{'id': 7674, 'rank': 9, 'fitness': 0.4431758540461331, 'generation': 176}","{'id': 7689, 'rank': 10, 'fitness': 0.37626743879295027, 'generation': 176}","{'id': 7699, 'rank': 11, 'fitness': 0.36487858226404163, 'generation': 176}","{'id': 7707, 'rank': 12, 'fitness': 0.33987978146340575, 'generation': 176}","{'id': 7694, 'rank': 13, 'fitness': 0.2812322416583456, 'generation': 176}","{'id': 7691, 'rank': 14, 'fitness': 0.22876237787294695, 'generation': 176}","{'id': 7711, 'rank': 15, 'fitness': 0.21704930796476402, 'generation': 176}","{'id': 7709, 'rank': 16, 'fitness': 0.2132481542269689, 'generation': 176}","{'id': 7696, 'rank': 17, 'fitness': 0.14866485957326886, 'generation': 176}","{'id': 7712, 'rank': 18, 'fitness': 0.1222656540565849, 'generation': 176}","{'id': 7704, 'rank': 19, 'fitness': 0.1154879177014691, 'generation': 176}","{'id': 7700, 'rank': 20, 'fitness': 0.08520564981526485, 'generation': 176}","{'id': 7675, 'rank': 21, 'fitness': 0.06772877792785281, 'generation': 176}","{'id': 7710, 'rank': 22, 'fitness': 0.04090372396730624, 'generation': 176}","{'id': 7676, 'rank': 23, 'fitness': 0.040559296008776335, 'generation': 176}","{'id': 7677, 'rank': 24, 'fitness': 0.03354406956995032, 'generation': 176}","{'id': 7703, 'rank': 25, 'fitness': 0.03314352678264565, 'generation': 176}","{'id': 7678, 'rank': 26, 'fitness': 0.03127650734436571, 'generation': 176}","{'id': 7682, 'rank': 27, 'fitness': 0.02703177498933651, 'generation': 176}","{'id': 7698, 'rank': 28, 'fitness': 0.022173066964852772, 'generation': 176}","{'id': 7686, 'rank': 29, 'fitness': 0.021909682454938073, 'generation': 176}","{'id': 7715, 'rank': 30, 'fitness': 0.01798620996209155, 'generation': 176}"
"{'id': 7755, 'rank': 1, 'fitness': 0.9820137900379085, 'generation': 177}","{'id': 7753, 'rank': 2, 'fitness': 0.8665143218410107, 'generation': 177}","{'id': 7740, 'rank': 3, 'fitness': 0.8495494639642763, 'generation': 177}","{'id': 7763, 'rank': 4, 'fitness': 0.7924065997934713, 'generation': 177}","{'id': 7733, 'rank': 5, 'fitness': 0.6007252684888514, 'generation': 177}","{'id': 7750, 'rank': 6, 'fitness': 0.5225017339326339, 'generation': 177}","{'id': 7758, 'rank': 7, 'fitness': 0.4512725211297048, 'generation': 177}","{'id': 7751, 'rank': 8, 'fitness': 0.403909793291747, 'generation': 177}","{'id': 7741, 'rank': 9, 'fitness': 0.36436732603924776, 'generation': 177}","{'id': 7727, 'rank': 10, 'fitness': 0.35206211444830804, 'generation': 177}","{'id': 7760, 'rank': 11, 'fitness': 0.30630327557602016, 'generation': 177}","{'id': 7747, 'rank': 12, 'fitness': 0.22664978700543348, 'generation': 177}","{'id': 7748, 'rank': 13, 'fitness': 0.19825517576455354, 'generation': 177}","{'id': 7723, 'rank': 14, 'fitness': 0.1496831872833292, 'generation': 177}","{'id': 7738, 'rank': 15, 'fitness': 0.1444609544796822, 'generation': 177}","{'id': 7742, 'rank': 16, 'fitness': 0.13670685577739777, 'generation': 177}","{'id': 7754, 'rank': 17, 'fitness': 0.12071773955289689, 'generation': 177}","{'id': 7761, 'rank': 18, 'fitness': 0.11121500279654478, 'generation': 177}","{'id': 7765, 'rank': 19, 'fitness': 0.0959873632634416, 'generation': 177}","{'id': 7764, 'rank': 20, 'fitness': 0.0853705665100517, 'generation': 177}","{'id': 7752, 'rank': 21, 'fitness': 0.06408596060543437, 'generation': 177}","{'id': 7746, 'rank': 22, 'fitness': 0.06190837682301803, 'generation': 177}","{'id': 7726, 'rank': 23, 'fitness': 0.055940954536345566, 'generation': 177}","{'id': 7737, 'rank': 24, 'fitness': 0.04028237938142237, 'generation': 177}","{'id': 7749, 'rank': 25, 'fitness': 0.026612924348096645, 'generation': 177}","{'id': 7756, 'rank': 26, 'fitness': 0.025785788879880422, 'generation': 177}","{'id': 7745, 'rank': 27, 'fitness': 0.02243672307370509, 'generation': 177}","{'id': 7744, 'rank': 28, 'fitness': 0.021774424786488167, 'generation': 177}","{'id': 7757, 'rank': 29, 'fitness': 0.018362292951787262, 'generation': 177}","{'id': 7718, 'rank': 30, 'fitness': 0.01798620996209155, 'generation': 177}"
"{'id': 7798, 'rank': 1, 'fitness': 0.9820137900379085, 'generation': 178}","{'id': 7790, 'rank': 2, 'fitness': 0.8534363141653993, 'generation': 178}","{'id': 7797, 'rank': 3, 'fitness': 0.769183565600698, 'generation': 178}","{'id': 7780, 'rank': 4, 'fitness': 0.5491775393465387, 'generation': 178}","{'id': 7767, 'rank': 5, 'fitness': 0.5175759167377798, 'generation': 178}","{'id': 7795, 'rank': 6, 'fitness': 0.4226581268625247, 'generation': 178}","{'id': 7801, 'rank': 7, 'fitness': 0.40602188542658735, 'generation': 178}","{'id': 7796, 'rank': 8, 'fitness': 0.260223645066668, 'generation': 178}","{'id': 7785, 'rank': 9, 'fitness': 0.25953971666763553, 'generation': 178}","{'id': 7794, 'rank': 10, 'fitness': 0.23014318399199996, 'generation': 178}","{'id': 7802, 'rank': 11, 'fitness': 0.15143038130564646, 'generation': 178}","{'id': 7791, 'rank': 12, 'fitness': 0.14996969008672228, 'generation': 178}","{'id': 7800, 'rank': 13, 'fitness': 0.1423186493596596, 'generation': 178}","{'id': 7775, 'rank': 14, 'fitness': 0.0805470683786671, 'generation': 178}","{'id': 7782, 'rank': 15, 'fitness': 0.0753784518663676, 'generation': 178}","{'id': 7769, 'rank': 16, 'fitness': 0.07530508968207406, 'generation': 178}","{'id': 7768, 'rank': 17, 'fitness': 0.07493401688259488, 'generation': 178}","{'id': 7781, 'rank': 18, 'fitness': 0.07241040465246079, 'generation': 178}","{'id': 7787, 'rank': 19, 'fitness': 0.05632757048712067, 'generation': 178}","{'id': 7776, 'rank': 20, 'fitness': 0.054989047192411045, 'generation': 178}","{'id': 7779, 'rank': 21, 'fitness': 0.05156494099422959, 'generation': 178}","{'id': 7771, 'rank': 22, 'fitness': 0.05109644690038079, 'generation': 178}","{'id': 7789, 'rank': 23, 'fitness': 0.04777145573420011, 'generation': 178}","{'id': 7792, 'rank': 24, 'fitness': 0.04651031916597842, 'generation': 178}","{'id': 7783, 'rank': 25, 'fitness': 0.041136788256071255, 'generation': 178}","{'id': 7784, 'rank': 26, 'fitness': 0.0405541212038979, 'generation': 178}","{'id': 7772, 'rank': 27, 'fitness': 0.034961080140212875, 'generation': 178}","{'id': 7803, 'rank': 28, 'fitness': 0.030473525518915745, 'generation': 178}","{'id': 7799, 'rank': 29, 'fitness': 0.028197486833066, 'generation': 178}","{'id': 7766, 'rank': 30, 'fitness': 0.01798620996209155, 'generation': 178}"
"{'id': 7824, 'rank': 1, 'fitness': 0.9820137900379085, 'generation': 179}","{'id': 7838, 'rank': 2, 'fitness': 0.9808808439471697, 'generation': 179}","{'id': 7836, 'rank': 3, 'fitness': 0.9691398310223075, 'generation': 179}","{'id': 7826, 'rank': 4, 'fitness': 0.9665006547090365, 'generation': 179}","{'id': 7820, 'rank': 5, 'fitness': 0.9184889631430275, 'generation': 179}","{'id': 7839, 'rank': 6, 'fitness': 0.8653733622302, 'generation': 179}","{'id': 7833, 'rank': 7, 'fitness': 0.6811440361347738, 'generation': 179}","{'id': 7827, 'rank': 8, 'fitness': 0.6629466757179772, 'generation': 179}","{'id': 7837, 'rank': 9, 'fitness': 0.5489255280816587, 'generation': 179}","{'id': 7835, 'rank': 10, 'fitness': 0.5366248580860806, 'generation': 179}","{'id': 7829, 'rank': 11, 'fitness': 0.34584836856308976, 'generation': 179}","{'id': 7807, 'rank': 12, 'fitness': 0.2681772782280136, 'generation': 179}","{'id': 7816, 'rank': 13, 'fitness': 0.18053640787302855, 'generation': 179}","{'id': 7822, 'rank': 14, 'fitness': 0.17812808458879487, 'generation': 179}","{'id': 7825, 'rank': 15, 'fitness': 0.14344946706074785, 'generation': 179}","{'id': 7808, 'rank': 16, 'fitness': 0.1283629834926006, 'generation': 179}","{'id': 7823, 'rank': 17, 'fitness': 0.08751073115407099, 'generation': 179}","{'id': 7805, 'rank': 18, 'fitness': 0.0815113013897733, 'generation': 179}","{'id': 7834, 'rank': 19, 'fitness': 0.07214619070812889, 'generation': 179}","{'id': 7819, 'rank': 20, 'fitness': 0.04516882912513709, 'generation': 179}","{'id': 7818, 'rank': 21, 'fitness': 0.04378456810482212, 'generation': 179}","{'id': 7804, 'rank': 22, 'fitness': 0.04044021285189958, 'generation': 179}","{'id': 7810, 'rank': 23, 'fitness': 0.039402995124049045, 'generation': 179}","{'id': 7821, 'rank': 24, 'fitness': 0.03905204781366345, 'generation': 179}","{'id': 7840, 'rank': 25, 'fitness': 0.03780657640724827, 'generation': 179}","{'id': 7812, 'rank': 26, 'fitness': 0.03741455516285758, 'generation': 179}","{'id': 7814, 'rank': 27, 'fitness': 0.03457286545218574, 'generation': 179}","{'id': 7815, 'rank': 28, 'fitness': 0.03251065348243787, 'generation': 179}","{'id': 7830, 'rank': 29, 'fitness': 0.029480759177530125, 'generation': 179}","{'id': 7813, 'rank': 30, 'fitness': 0.01798620996209155, 'generation': 179}"
"{'id': 7873, 'rank': 1, 'fitness': 0.9820137900379085, 'generation': 180}","{'id': 7877, 'rank': 2, 'fitness': 0.9777966905515896, 'generation': 180}","{'id': 7867, 'rank': 3, 'fitness': 0.9648576574378127, 'generation': 180}","{'id': 7881, 'rank': 4, 'fitness': 0.9149460642963023, 'generation': 180}","{'id': 7855, 'rank': 5, 'fitness': 0.9053859244649369, 'generation': 180}","{'id': 7844, 'rank': 6, 'fitness': 0.9024325390002798, 'generation': 180}","{'id': 7859, 'rank': 7, 'fitness': 0.8105423055846391, 'generation': 180}","{'id': 7847, 'rank': 8, 'fitness': 0.7702848624242287, 'generation': 180}","{'id': 7872, 'rank': 9, 'fitness': 0.7073934862570421, 'generation': 180}","{'id': 7869, 'rank': 10, 'fitness': 0.6771911360362377, 'generation': 180}","{'id': 7856, 'rank': 11, 'fitness': 0.6178510403466928, 'generation': 180}","{'id': 7871, 'rank': 12, 'fitness': 0.5302357021789508, 'generation': 180}","{'id': 7860, 'rank': 13, 'fitness': 0.3728202931631329, 'generation': 180}","{'id': 7880, 'rank': 14, 'fitness': 0.30503028184028835, 'generation': 180}","{'id': 7874, 'rank': 15, 'fitness': 0.19502092258555614, 'generation': 180}","{'id': 7846, 'rank': 16, 'fitness': 0.17667185834457522, 'generation': 180}","{'id': 7876, 'rank': 17, 'fitness': 0.1576781426433907, 'generation': 180}","{'id': 7861, 'rank': 18, 'fitness': 0.1398832253588425, 'generation': 180}","{'id': 7875, 'rank': 19, 'fitness': 0.13716094497896192, 'generation': 180}","{'id': 7851, 'rank': 20, 'fitness': 0.09418257826447407, 'generation': 180}","{'id': 7866, 'rank': 21, 'fitness': 0.0729155429969216, 'generation': 180}","{'id': 7862, 'rank': 22, 'fitness': 0.06804477733690267, 'generation': 180}","{'id': 7843, 'rank': 23, 'fitness': 0.05549795666125107, 'generation': 180}","{'id': 7852, 'rank': 24, 'fitness': 0.042873474882637486, 'generation': 180}","{'id': 7841, 'rank': 25, 'fitness': 0.04043246897449815, 'generation': 180}","{'id': 7878, 'rank': 26, 'fitness': 0.03661325869243737, 'generation': 180}","{'id': 7864, 'rank': 27, 'fitness': 0.029753560738994156, 'generation': 180}","{'id': 7863, 'rank': 28, 'fitness': 0.027442507783107917, 'generation': 180}","{'id': 7853, 'rank': 29, 'fitness': 0.02161565374154739, 'generation': 180}","{'id': 7870, 'rank': 30, 'fitness': 0.01798620996209155, 'generation': 180}"
"{'id': 7928, 'rank': 1, 'fitness': 0.9820137900379085, 'generation': 181}","{'id': 7924, 'rank': 2, 'fitness': 0.9791796333090739, 'generation': 181}","{'id': 7894, 'rank': 3, 'fitness': 0.971685432410382, 'generation': 181}","{'id': 7899, 'rank': 4, 'fitness': 0.6394813218655688, 'generation': 181}","{'id': 7903, 'rank': 5, 'fitness': 0.6233122806751754, 'generation': 181}","{'id': 7889, 'rank': 6, 'fitness': 0.6008629318932343, 'generation': 181}","{'id': 7921, 'rank': 7, 'fitness': 0.5812071789208447, 'generation': 181}","{'id': 7913, 'rank': 8, 'fitness': 0.4355067154948775, 'generation': 181}","{'id': 7916, 'rank': 9, 'fitness': 0.41149795873647776, 'generation': 181}","{'id': 7922, 'rank': 10, 'fitness': 0.36137651271638305, 'generation': 181}","{'id': 7929, 'rank': 11, 'fitness': 0.33047722997562323, 'generation': 181}","{'id': 7911, 'rank': 12, 'fitness': 0.2869229907301827, 'generation': 181}","{'id': 7923, 'rank': 13, 'fitness': 0.27074725101993113, 'generation': 181}","{'id': 7915, 'rank': 14, 'fitness': 0.16526215888030155, 'generation': 181}","{'id': 7925, 'rank': 15, 'fitness': 0.15019804173095802, 'generation': 181}","{'id': 7883, 'rank': 16, 'fitness': 0.13564410111666247, 'generation': 181}","{'id': 7931, 'rank': 17, 'fitness': 0.13433354720240015, 'generation': 181}","{'id': 7920, 'rank': 18, 'fitness': 0.1338090837736125, 'generation': 181}","{'id': 7884, 'rank': 19, 'fitness': 0.09614616269358611, 'generation': 181}","{'id': 7919, 'rank': 20, 'fitness': 0.09064043116603943, 'generation': 181}","{'id': 7914, 'rank': 21, 'fitness': 0.07100564137120646, 'generation': 181}","{'id': 7901, 'rank': 22, 'fitness': 0.06625343412135043, 'generation': 181}","{'id': 7900, 'rank': 23, 'fitness': 0.06066811737108446, 'generation': 181}","{'id': 7895, 'rank': 24, 'fitness': 0.05863858985763093, 'generation': 181}","{'id': 7882, 'rank': 25, 'fitness': 0.05621086317737539, 'generation': 181}","{'id': 7908, 'rank': 26, 'fitness': 0.0409940941253798, 'generation': 181}","{'id': 7917, 'rank': 27, 'fitness': 0.039050729873065015, 'generation': 181}","{'id': 7912, 'rank': 28, 'fitness': 0.03653142878590321, 'generation': 181}","{'id': 7930, 'rank': 29, 'fitness': 0.022560112329109427, 'generation': 181}","{'id': 7888, 'rank': 30, 'fitness': 0.01798620996209155, 'generation': 181}"
"{'id': 7932, 'rank': 1, 'fitness': 0.9820137900379085, 'generation': 182}","{'id': 7959, 'rank': 2, 'fitness': 0.8603189286366023, 'generation': 182}","{'id': 7970, 'rank': 3, 'fitness': 0.6741931013461355, 'generation': 182}","{'id': 7934, 'rank': 4, 'fitness': 0.5900893409266323, 'generation': 182}","{'id': 7971, 'rank': 5, 'fitness': 0.515892923888396, 'generation': 182}","{'id': 7957, 'rank': 6, 'fitness': 0.49985122727345915, 'generation': 182}","{'id': 7955, 'rank': 7, 'fitness': 0.4235783450559117, 'generation': 182}","{'id': 7953, 'rank': 8, 'fitness': 0.3944273015285267, 'generation': 182}","{'id': 7933, 'rank': 9, 'fitness': 0.29291634286196533, 'generation': 182}","{'id': 7938, 'rank': 10, 'fitness': 0.26349228382946954, 'generation': 182}","{'id': 7936, 'rank': 11, 'fitness': 0.24340292387005785, 'generation': 182}","{'id': 7961, 'rank': 12, 'fitness': 0.22751442562286017, 'generation': 182}","{'id': 7973, 'rank': 13, 'fitness': 0.17633329177967966, 'generation': 182}","{'id': 7943, 'rank': 14, 'fitness': 0.1702153718318451, 'generation': 182}","{'id': 7950, 'rank': 15, 'fitness': 0.155872788616779, 'generation': 182}","{'id': 7937, 'rank': 16, 'fitness': 0.1527411001811813, 'generation': 182}","{'id': 7952, 'rank': 17, 'fitness': 0.13341471825616463, 'generation': 182}","{'id': 7947, 'rank': 18, 'fitness': 0.11373463047946863, 'generation': 182}","{'id': 7945, 'rank': 19, 'fitness': 0.10992781791745843, 'generation': 182}","{'id': 7951, 'rank': 20, 'fitness': 0.08922637690103985, 'generation': 182}","{'id': 7954, 'rank': 21, 'fitness': 0.08358739769780404, 'generation': 182}","{'id': 7963, 'rank': 22, 'fitness': 0.0603136033056324, 'generation': 182}","{'id': 7962, 'rank': 23, 'fitness': 0.05783309690070515, 'generation': 182}","{'id': 7972, 'rank': 24, 'fitness': 0.05014433000926288, 'generation': 182}","{'id': 7956, 'rank': 25, 'fitness': 0.03851667607647008, 'generation': 182}","{'id': 7944, 'rank': 26, 'fitness': 0.03841840211085917, 'generation': 182}","{'id': 7941, 'rank': 27, 'fitness': 0.029664200340736857, 'generation': 182}","{'id': 7966, 'rank': 28, 'fitness': 0.022070437174270152, 'generation': 182}","{'id': 7939, 'rank': 29, 'fitness': 0.019274307870832674, 'generation': 182}","{'id': 7960, 'rank': 30, 'fitness': 0.01798620996209155, 'generation': 182}"
"{'id': 8002, 'rank': 1, 'fitness': 0.9820137900379085, 'generation': 183}","{'id': 8001, 'rank': 2, 'fitness': 0.9817795690808768, 'generation': 183}","{'id': 8003, 'rank': 3, 'fitness': 0.8832379941150108, 'generation': 183}","{'id': 8004, 'rank': 4, 'fitness': 0.8640204138636133, 'generation': 183}","{'id': 7984, 'rank': 5, 'fitness': 0.7258828893029177, 'generation': 183}","{'id': 7992, 'rank': 6, 'fitness': 0.5790833681300082, 'generation': 183}","{'id': 7981, 'rank': 7, 'fitness': 0.5660292277844678, 'generation': 183}","{'id': 8011, 'rank': 8, 'fitness': 0.5190807086867777, 'generation': 183}","{'id': 7978, 'rank': 9, 'fitness': 0.5041431118471715, 'generation': 183}","{'id': 7980, 'rank': 10, 'fitness': 0.4375931580778648, 'generation': 183}","{'id': 8012, 'rank': 11, 'fitness': 0.43124987062020903, 'generation': 183}","{'id': 7999, 'rank': 12, 'fitness': 0.40260360023297626, 'generation': 183}","{'id': 7998, 'rank': 13, 'fitness': 0.3868480613289761, 'generation': 183}","{'id': 8005, 'rank': 14, 'fitness': 0.3561489409881721, 'generation': 183}","{'id': 7997, 'rank': 15, 'fitness': 0.2928464508854826, 'generation': 183}","{'id': 7995, 'rank': 16, 'fitness': 0.2833357580027182, 'generation': 183}","{'id': 7994, 'rank': 17, 'fitness': 0.15242491719833373, 'generation': 183}","{'id': 8009, 'rank': 18, 'fitness': 0.11332207982821985, 'generation': 183}","{'id': 7988, 'rank': 19, 'fitness': 0.10108744032826461, 'generation': 183}","{'id': 8007, 'rank': 20, 'fitness': 0.07709968083325996, 'generation': 183}","{'id': 7989, 'rank': 21, 'fitness': 0.06655747502221648, 'generation': 183}","{'id': 8013, 'rank': 22, 'fitness': 0.06280384953518181, 'generation': 183}","{'id': 8006, 'rank': 23, 'fitness': 0.055833312928050105, 'generation': 183}","{'id': 7986, 'rank': 24, 'fitness': 0.053003483929397355, 'generation': 183}","{'id': 8000, 'rank': 25, 'fitness': 0.04199507048914758, 'generation': 183}","{'id': 7990, 'rank': 26, 'fitness': 0.03706975438871607, 'generation': 183}","{'id': 7996, 'rank': 27, 'fitness': 0.030378693169477666, 'generation': 183}","{'id': 7982, 'rank': 28, 'fitness': 0.027549581063706086, 'generation': 183}","{'id': 7979, 'rank': 29, 'fitness': 0.01954537948856988, 'generation': 183}","{'id': 7985, 'rank': 30, 'fitness': 0.01798620996209155, 'generation': 183}"
"{'id': 8045, 'rank': 1, 'fitness': 0.9820137900379085, 'generation': 184}","{'id': 8041, 'rank': 2, 'fitness': 0.9326672959305407, 'generation': 184}","{'id': 8032, 'rank': 3, 'fitness': 0.8614454989721101, 'generation': 184}","{'id': 8046, 'rank': 4, 'fitness': 0.8272438451194271, 'generation': 184}","{'id': 8048, 'rank': 5, 'fitness': 0.6600565300153531, 'generation': 184}","{'id': 8035, 'rank': 6, 'fitness': 0.5455425408429453, 'generation': 184}","{'id': 8043, 'rank': 7, 'fitness': 0.32207955352190293, 'generation': 184}","{'id': 8034, 'rank': 8, 'fitness': 0.30240112972880784, 'generation': 184}","{'id': 8030, 'rank': 9, 'fitness': 0.29731725454659597, 'generation': 184}","{'id': 8028, 'rank': 10, 'fitness': 0.2916000105627562, 'generation': 184}","{'id': 8037, 'rank': 11, 'fitness': 0.2661700584101878, 'generation': 184}","{'id': 8031, 'rank': 12, 'fitness': 0.24386760568477234, 'generation': 184}","{'id': 8021, 'rank': 13, 'fitness': 0.22707100356160126, 'generation': 184}","{'id': 8049, 'rank': 14, 'fitness': 0.2162974556048397, 'generation': 184}","{'id': 8053, 'rank': 15, 'fitness': 0.19728436367161445, 'generation': 184}","{'id': 8040, 'rank': 16, 'fitness': 0.18410634423195704, 'generation': 184}","{'id': 8042, 'rank': 17, 'fitness': 0.16763035600748033, 'generation': 184}","{'id': 8023, 'rank': 18, 'fitness': 0.16565498810626544, 'generation': 184}","{'id': 8019, 'rank': 19, 'fitness': 0.15974687470127025, 'generation': 184}","{'id': 8029, 'rank': 20, 'fitness': 0.12167012423618839, 'generation': 184}","{'id': 8050, 'rank': 21, 'fitness': 0.1208429777038626, 'generation': 184}","{'id': 8014, 'rank': 22, 'fitness': 0.12013947915969042, 'generation': 184}","{'id': 8044, 'rank': 23, 'fitness': 0.1130043819482282, 'generation': 184}","{'id': 8017, 'rank': 24, 'fitness': 0.07141891827041175, 'generation': 184}","{'id': 8016, 'rank': 25, 'fitness': 0.06547522322583765, 'generation': 184}","{'id': 8022, 'rank': 26, 'fitness': 0.05873189392499645, 'generation': 184}","{'id': 8018, 'rank': 27, 'fitness': 0.05159910500095938, 'generation': 184}","{'id': 8036, 'rank': 28, 'fitness': 0.03466872819676714, 'generation': 184}","{'id': 8039, 'rank': 29, 'fitness': 0.027568991396695053, 'generation': 184}","{'id': 8015, 'rank': 30, 'fitness': 0.01798620996209155, 'generation': 184}"
"{'id': 8081, 'rank': 1, 'fitness': 0.9820137900379085, 'generation': 185}","{'id': 8075, 'rank': 2, 'fitness': 0.8500326998450869, 'generation': 185}","{'id': 8098, 'rank': 3, 'fitness': 0.7794664303678999, 'generation': 185}","{'id': 8091, 'rank': 4, 'fitness': 0.7662625954781265, 'generation': 185}","{'id': 8093, 'rank': 5, 'fitness': 0.6651962566664168, 'generation': 185}","{'id': 8085, 'rank': 6, 'fitness': 0.6253529867874027, 'generation': 185}","{'id': 8064, 'rank': 7, 'fitness': 0.5299854577112568, 'generation': 185}","{'id': 8061, 'rank': 8, 'fitness': 0.5195686396435495, 'generation': 185}","{'id': 8086, 'rank': 9, 'fitness': 0.2991563696141686, 'generation': 185}","{'id': 8083, 'rank': 10, 'fitness': 0.261823756624193, 'generation': 185}","{'id': 8096, 'rank': 11, 'fitness': 0.2452377290660217, 'generation': 185}","{'id': 8087, 'rank': 12, 'fitness': 0.18886737677653798, 'generation': 185}","{'id': 8090, 'rank': 13, 'fitness': 0.18385948907119565, 'generation': 185}","{'id': 8080, 'rank': 14, 'fitness': 0.16547028511332285, 'generation': 185}","{'id': 8062, 'rank': 15, 'fitness': 0.16233430260944137, 'generation': 185}","{'id': 8092, 'rank': 16, 'fitness': 0.1371906336069072, 'generation': 185}","{'id': 8079, 'rank': 17, 'fitness': 0.12795862214385428, 'generation': 185}","{'id': 8073, 'rank': 18, 'fitness': 0.09484427018244335, 'generation': 185}","{'id': 8084, 'rank': 19, 'fitness': 0.09377818890507378, 'generation': 185}","{'id': 8057, 'rank': 20, 'fitness': 0.09211818031931096, 'generation': 185}","{'id': 8059, 'rank': 21, 'fitness': 0.06824659581945125, 'generation': 185}","{'id': 8078, 'rank': 22, 'fitness': 0.056017651290402204, 'generation': 185}","{'id': 8055, 'rank': 23, 'fitness': 0.05419553774944774, 'generation': 185}","{'id': 8058, 'rank': 24, 'fitness': 0.03480688203002558, 'generation': 185}","{'id': 8076, 'rank': 25, 'fitness': 0.03448594153103385, 'generation': 185}","{'id': 8065, 'rank': 26, 'fitness': 0.029731698419877606, 'generation': 185}","{'id': 8094, 'rank': 27, 'fitness': 0.027254913942285575, 'generation': 185}","{'id': 8095, 'rank': 28, 'fitness': 0.023072675007434484, 'generation': 185}","{'id': 8088, 'rank': 29, 'fitness': 0.023045453238647262, 'generation': 185}","{'id': 8077, 'rank': 30, 'fitness': 0.01798620996209155, 'generation': 185}"
"{'id': 8123, 'rank': 1, 'fitness': 0.9820137900379085, 'generation': 186}","{'id': 8140, 'rank': 2, 'fitness': 0.9820117959661105, 'generation': 186}","{'id': 8139, 'rank': 3, 'fitness': 0.9778000643950333, 'generation': 186}","{'id': 8138, 'rank': 4, 'fitness': 0.9587028891168381, 'generation': 186}","{'id': 8119, 'rank': 5, 'fitness': 0.9546145855841939, 'generation': 186}","{'id': 8102, 'rank': 6, 'fitness': 0.9539569010527273, 'generation': 186}","{'id': 8124, 'rank': 7, 'fitness': 0.9354157842019306, 'generation': 186}","{'id': 8131, 'rank': 8, 'fitness': 0.8861686874504511, 'generation': 186}","{'id': 8121, 'rank': 9, 'fitness': 0.7086454010993424, 'generation': 186}","{'id': 8115, 'rank': 10, 'fitness': 0.6829031097242866, 'generation': 186}","{'id': 8100, 'rank': 11, 'fitness': 0.5737798431311654, 'generation': 186}","{'id': 8108, 'rank': 12, 'fitness': 0.4983712859302922, 'generation': 186}","{'id': 8137, 'rank': 13, 'fitness': 0.43304335150209045, 'generation': 186}","{'id': 8134, 'rank': 14, 'fitness': 0.3261892696358921, 'generation': 186}","{'id': 8110, 'rank': 15, 'fitness': 0.28703038563161104, 'generation': 186}","{'id': 8127, 'rank': 16, 'fitness': 0.2556709451907353, 'generation': 186}","{'id': 8141, 'rank': 17, 'fitness': 0.21891976787622486, 'generation': 186}","{'id': 8136, 'rank': 18, 'fitness': 0.18312166290722304, 'generation': 186}","{'id': 8114, 'rank': 19, 'fitness': 0.1556841969656126, 'generation': 186}","{'id': 8111, 'rank': 20, 'fitness': 0.11297589283594511, 'generation': 186}","{'id': 8112, 'rank': 21, 'fitness': 0.09055167201654274, 'generation': 186}","{'id': 8118, 'rank': 22, 'fitness': 0.08295974774791115, 'generation': 186}","{'id': 8135, 'rank': 23, 'fitness': 0.05585775477234378, 'generation': 186}","{'id': 8132, 'rank': 24, 'fitness': 0.047195660087194946, 'generation': 186}","{'id': 8104, 'rank': 25, 'fitness': 0.04718569456773275, 'generation': 186}","{'id': 8106, 'rank': 26, 'fitness': 0.04240759665005561, 'generation': 186}","{'id': 8103, 'rank': 27, 'fitness': 0.03535748154420515, 'generation': 186}","{'id': 8120, 'rank': 28, 'fitness': 0.023428169343214678, 'generation': 186}","{'id': 8133, 'rank': 29, 'fitness': 0.020527893962430432, 'generation': 186}","{'id': 8128, 'rank': 30, 'fitness': 0.01798620996209155, 'generation': 186}"
"{'id': 8189, 'rank': 1, 'fitness': 0.9820137900379085, 'generation': 187}","{'id': 8180, 'rank': 2, 'fitness': 0.8071597151254154, 'generation': 187}","{'id': 8194, 'rank': 3, 'fitness': 0.7992708433091027, 'generation': 187}","{'id': 8192, 'rank': 4, 'fitness': 0.588232614322106, 'generation': 187}","{'id': 8190, 'rank': 5, 'fitness': 0.4108279486462247, 'generation': 187}","{'id': 8175, 'rank': 6, 'fitness': 0.38335385736113703, 'generation': 187}","{'id': 8187, 'rank': 7, 'fitness': 0.2851635300693718, 'generation': 187}","{'id': 8166, 'rank': 8, 'fitness': 0.27285358254671443, 'generation': 187}","{'id': 8171, 'rank': 9, 'fitness': 0.2049638054078612, 'generation': 187}","{'id': 8173, 'rank': 10, 'fitness': 0.16984477895230143, 'generation': 187}","{'id': 8179, 'rank': 11, 'fitness': 0.1676076081342096, 'generation': 187}","{'id': 8181, 'rank': 12, 'fitness': 0.1370940832238569, 'generation': 187}","{'id': 8156, 'rank': 13, 'fitness': 0.12695789519777373, 'generation': 187}","{'id': 8184, 'rank': 14, 'fitness': 0.11661014634294131, 'generation': 187}","{'id': 8183, 'rank': 15, 'fitness': 0.10888063954322535, 'generation': 187}","{'id': 8167, 'rank': 16, 'fitness': 0.10661226429998472, 'generation': 187}","{'id': 8168, 'rank': 17, 'fitness': 0.09644600087570082, 'generation': 187}","{'id': 8182, 'rank': 18, 'fitness': 0.0895180381655798, 'generation': 187}","{'id': 8142, 'rank': 19, 'fitness': 0.08384105689897708, 'generation': 187}","{'id': 8157, 'rank': 20, 'fitness': 0.07305612508179404, 'generation': 187}","{'id': 8176, 'rank': 21, 'fitness': 0.06602078732923822, 'generation': 187}","{'id': 8144, 'rank': 22, 'fitness': 0.04885038152191912, 'generation': 187}","{'id': 8149, 'rank': 23, 'fitness': 0.048563002369083175, 'generation': 187}","{'id': 8159, 'rank': 24, 'fitness': 0.03481812796910971, 'generation': 187}","{'id': 8147, 'rank': 25, 'fitness': 0.034194867976954146, 'generation': 187}","{'id': 8143, 'rank': 26, 'fitness': 0.0334818255918522, 'generation': 187}","{'id': 8161, 'rank': 27, 'fitness': 0.02589894845125512, 'generation': 187}","{'id': 8185, 'rank': 28, 'fitness': 0.024514161052006433, 'generation': 187}","{'id': 8150, 'rank': 29, 'fitness': 0.020659483549273716, 'generation': 187}","{'id': 8191, 'rank': 30, 'fitness': 0.01798620996209155, 'generation': 187}"
"{'id': 8213, 'rank': 1, 'fitness': 0.9820137900379085, 'generation': 188}","{'id': 8204, 'rank': 2, 'fitness': 0.9431374936630172, 'generation': 188}","{'id': 8209, 'rank': 3, 'fitness': 0.7961640463672784, 'generation': 188}","{'id': 8210, 'rank': 4, 'fitness': 0.7526388817686628, 'generation': 188}","{'id': 8226, 'rank': 5, 'fitness': 0.697343095063393, 'generation': 188}","{'id': 8216, 'rank': 6, 'fitness': 0.654484438047338, 'generation': 188}","{'id': 8219, 'rank': 7, 'fitness': 0.532420148728826, 'generation': 188}","{'id': 8220, 'rank': 8, 'fitness': 0.4706024231394993, 'generation': 188}","{'id': 8212, 'rank': 9, 'fitness': 0.4643643564133978, 'generation': 188}","{'id': 8222, 'rank': 10, 'fitness': 0.45830561918925466, 'generation': 188}","{'id': 8221, 'rank': 11, 'fitness': 0.41965179234117256, 'generation': 188}","{'id': 8227, 'rank': 12, 'fitness': 0.4004702808518643, 'generation': 188}","{'id': 8231, 'rank': 13, 'fitness': 0.3824966669817699, 'generation': 188}","{'id': 8205, 'rank': 14, 'fitness': 0.3480449554102787, 'generation': 188}","{'id': 8230, 'rank': 15, 'fitness': 0.32363882255112675, 'generation': 188}","{'id': 8217, 'rank': 16, 'fitness': 0.2872767258325855, 'generation': 188}","{'id': 8225, 'rank': 17, 'fitness': 0.24129000003726114, 'generation': 188}","{'id': 8223, 'rank': 18, 'fitness': 0.23396173319980879, 'generation': 188}","{'id': 8228, 'rank': 19, 'fitness': 0.176690513557561, 'generation': 188}","{'id': 8224, 'rank': 20, 'fitness': 0.10669189890857855, 'generation': 188}","{'id': 8215, 'rank': 21, 'fitness': 0.09519280748705633, 'generation': 188}","{'id': 8207, 'rank': 22, 'fitness': 0.08742274497242841, 'generation': 188}","{'id': 8203, 'rank': 23, 'fitness': 0.0753595736839398, 'generation': 188}","{'id': 8218, 'rank': 24, 'fitness': 0.07176944920205985, 'generation': 188}","{'id': 8229, 'rank': 25, 'fitness': 0.057576024005926485, 'generation': 188}","{'id': 8214, 'rank': 26, 'fitness': 0.04761455564083289, 'generation': 188}","{'id': 8201, 'rank': 27, 'fitness': 0.04495752758023852, 'generation': 188}","{'id': 8199, 'rank': 28, 'fitness': 0.04123211192552784, 'generation': 188}","{'id': 8198, 'rank': 29, 'fitness': 0.03402786049296247, 'generation': 188}","{'id': 8206, 'rank': 30, 'fitness': 0.01798620996209155, 'generation': 188}"
"{'id': 8271, 'rank': 1, 'fitness': 0.9820137900379085, 'generation': 189}","{'id': 8282, 'rank': 2, 'fitness': 0.93985219036928, 'generation': 189}","{'id': 8251, 'rank': 3, 'fitness': 0.8664219860389714, 'generation': 189}","{'id': 8270, 'rank': 4, 'fitness': 0.8660877237836142, 'generation': 189}","{'id': 8273, 'rank': 5, 'fitness': 0.7560613562015434, 'generation': 189}","{'id': 8269, 'rank': 6, 'fitness': 0.7282574582456796, 'generation': 189}","{'id': 8244, 'rank': 7, 'fitness': 0.4910032884972984, 'generation': 189}","{'id': 8272, 'rank': 8, 'fitness': 0.3999875957146463, 'generation': 189}","{'id': 8255, 'rank': 9, 'fitness': 0.33954448945920734, 'generation': 189}","{'id': 8252, 'rank': 10, 'fitness': 0.3310476115483145, 'generation': 189}","{'id': 8277, 'rank': 11, 'fitness': 0.27814166210161817, 'generation': 189}","{'id': 8265, 'rank': 12, 'fitness': 0.25206344221102117, 'generation': 189}","{'id': 8235, 'rank': 13, 'fitness': 0.24067916336734907, 'generation': 189}","{'id': 8279, 'rank': 14, 'fitness': 0.22707773495670286, 'generation': 189}","{'id': 8234, 'rank': 15, 'fitness': 0.21477645332335993, 'generation': 189}","{'id': 8274, 'rank': 16, 'fitness': 0.2062680046225409, 'generation': 189}","{'id': 8241, 'rank': 17, 'fitness': 0.19328235117282433, 'generation': 189}","{'id': 8249, 'rank': 18, 'fitness': 0.18430119844833048, 'generation': 189}","{'id': 8256, 'rank': 19, 'fitness': 0.1805825506322536, 'generation': 189}","{'id': 8268, 'rank': 20, 'fitness': 0.15844493362511147, 'generation': 189}","{'id': 8247, 'rank': 21, 'fitness': 0.11646857159418622, 'generation': 189}","{'id': 8278, 'rank': 22, 'fitness': 0.0756186552773424, 'generation': 189}","{'id': 8264, 'rank': 23, 'fitness': 0.0613824830754825, 'generation': 189}","{'id': 8281, 'rank': 24, 'fitness': 0.04825222282009223, 'generation': 189}","{'id': 8260, 'rank': 25, 'fitness': 0.02797945402937768, 'generation': 189}","{'id': 8248, 'rank': 26, 'fitness': 0.027873710433764465, 'generation': 189}","{'id': 8246, 'rank': 27, 'fitness': 0.02238984344516437, 'generation': 189}","{'id': 8258, 'rank': 28, 'fitness': 0.019331818943697787, 'generation': 189}","{'id': 8276, 'rank': 29, 'fitness': 0.018441505003704506, 'generation': 189}","{'id': 8245, 'rank': 30, 'fitness': 0.01798620996209155, 'generation': 189}"
"{'id': 8320, 'rank': 1, 'fitness': 0.9820137900379085, 'generation': 190}","{'id': 8305, 'rank': 2, 'fitness': 0.9571315837220423, 'generation': 190}","{'id': 8329, 'rank': 3, 'fitness': 0.9358388923460372, 'generation': 190}","{'id': 8319, 'rank': 4, 'fitness': 0.8841931607709634, 'generation': 190}","{'id': 8315, 'rank': 5, 'fitness': 0.6779865571930668, 'generation': 190}","{'id': 8324, 'rank': 6, 'fitness': 0.5933588093928677, 'generation': 190}","{'id': 8328, 'rank': 7, 'fitness': 0.45496102386567283, 'generation': 190}","{'id': 8323, 'rank': 8, 'fitness': 0.38518230123628955, 'generation': 190}","{'id': 8300, 'rank': 9, 'fitness': 0.37630699594569134, 'generation': 190}","{'id': 8284, 'rank': 10, 'fitness': 0.35131611472311686, 'generation': 190}","{'id': 8313, 'rank': 11, 'fitness': 0.30277920162485017, 'generation': 190}","{'id': 8293, 'rank': 12, 'fitness': 0.25562755755733635, 'generation': 190}","{'id': 8295, 'rank': 13, 'fitness': 0.24505194942338032, 'generation': 190}","{'id': 8285, 'rank': 14, 'fitness': 0.21557282017645218, 'generation': 190}","{'id': 8325, 'rank': 15, 'fitness': 0.21056828273692874, 'generation': 190}","{'id': 8322, 'rank': 16, 'fitness': 0.19845675426132603, 'generation': 190}","{'id': 8326, 'rank': 17, 'fitness': 0.18891925369281004, 'generation': 190}","{'id': 8317, 'rank': 18, 'fitness': 0.15900053466209252, 'generation': 190}","{'id': 8302, 'rank': 19, 'fitness': 0.15765505274441144, 'generation': 190}","{'id': 8289, 'rank': 20, 'fitness': 0.13113582489716225, 'generation': 190}","{'id': 8321, 'rank': 21, 'fitness': 0.1289373615394684, 'generation': 190}","{'id': 8327, 'rank': 22, 'fitness': 0.11946241328440332, 'generation': 190}","{'id': 8291, 'rank': 23, 'fitness': 0.10218974549399473, 'generation': 190}","{'id': 8298, 'rank': 24, 'fitness': 0.086387943267699, 'generation': 190}","{'id': 8307, 'rank': 25, 'fitness': 0.06597390899657951, 'generation': 190}","{'id': 8314, 'rank': 26, 'fitness': 0.03558709543381672, 'generation': 190}","{'id': 8292, 'rank': 27, 'fitness': 0.023813219908688232, 'generation': 190}","{'id': 8308, 'rank': 28, 'fitness': 0.021733325880413268, 'generation': 190}","{'id': 8312, 'rank': 29, 'fitness': 0.0211515479423538, 'generation': 190}","{'id': 8301, 'rank': 30, 'fitness': 0.01798620996209155, 'generation': 190}"
"{'id': 8364, 'rank': 1, 'fitness': 0.9820137900379085, 'generation': 191}","{'id': 8371, 'rank': 2, 'fitness': 0.9713127233148626, 'generation': 191}","{'id': 8331, 'rank': 3, 'fitness': 0.9349577333765298, 'generation': 191}","{'id': 8359, 'rank': 4, 'fitness': 0.7439334721188816, 'generation': 191}","{'id': 8362, 'rank': 5, 'fitness': 0.732393610650959, 'generation': 191}","{'id': 8366, 'rank': 6, 'fitness': 0.6977733652550363, 'generation': 191}","{'id': 8345, 'rank': 7, 'fitness': 0.6731771888086383, 'generation': 191}","{'id': 8360, 'rank': 8, 'fitness': 0.6180504093280298, 'generation': 191}","{'id': 8365, 'rank': 9, 'fitness': 0.5153819289889541, 'generation': 191}","{'id': 8368, 'rank': 10, 'fitness': 0.51418082328008, 'generation': 191}","{'id': 8349, 'rank': 11, 'fitness': 0.49887843389788183, 'generation': 191}","{'id': 8346, 'rank': 12, 'fitness': 0.3129068781007914, 'generation': 191}","{'id': 8352, 'rank': 13, 'fitness': 0.28322927966459, 'generation': 191}","{'id': 8363, 'rank': 14, 'fitness': 0.2300629261515334, 'generation': 191}","{'id': 8333, 'rank': 15, 'fitness': 0.19124818005966687, 'generation': 191}","{'id': 8334, 'rank': 16, 'fitness': 0.1579563571084146, 'generation': 191}","{'id': 8369, 'rank': 17, 'fitness': 0.1252684608691425, 'generation': 191}","{'id': 8372, 'rank': 18, 'fitness': 0.12255513707514276, 'generation': 191}","{'id': 8354, 'rank': 19, 'fitness': 0.12082247865614171, 'generation': 191}","{'id': 8370, 'rank': 20, 'fitness': 0.0936492381839239, 'generation': 191}","{'id': 8351, 'rank': 21, 'fitness': 0.09227154231453422, 'generation': 191}","{'id': 8356, 'rank': 22, 'fitness': 0.09110917906071536, 'generation': 191}","{'id': 8355, 'rank': 23, 'fitness': 0.08877932888565643, 'generation': 191}","{'id': 8353, 'rank': 24, 'fitness': 0.0672358622047256, 'generation': 191}","{'id': 8343, 'rank': 25, 'fitness': 0.048014123243474593, 'generation': 191}","{'id': 8347, 'rank': 26, 'fitness': 0.0474064924814272, 'generation': 191}","{'id': 8357, 'rank': 27, 'fitness': 0.04231337969104754, 'generation': 191}","{'id': 8344, 'rank': 28, 'fitness': 0.039352142252238265, 'generation': 191}","{'id': 8332, 'rank': 29, 'fitness': 0.023014411739153806, 'generation': 191}","{'id': 8367, 'rank': 30, 'fitness': 0.01798620996209155, 'generation': 191}"
"{'id': 8404, 'rank': 1, 'fitness': 0.9820137900379085, 'generation': 192}","{'id': 8415, 'rank': 2, 'fitness': 0.976208793661042, 'generation': 192}","{'id': 8407, 'rank': 3, 'fitness': 0.8764977044906853, 'generation': 192}","{'id': 8382, 'rank': 4, 'fitness': 0.6820673408242993, 'generation': 192}","{'id': 8413, 'rank': 5, 'fitness': 0.6818914358041424, 'generation': 192}","{'id': 8391, 'rank': 6, 'fitness': 0.633633993628161, 'generation': 192}","{'id': 8396, 'rank': 7, 'fitness': 0.43443318753923144, 'generation': 192}","{'id': 8387, 'rank': 8, 'fitness': 0.3753580083126326, 'generation': 192}","{'id': 8395, 'rank': 9, 'fitness': 0.29484919450781216, 'generation': 192}","{'id': 8408, 'rank': 10, 'fitness': 0.28829019456155236, 'generation': 192}","{'id': 8417, 'rank': 11, 'fitness': 0.28663987240375743, 'generation': 192}","{'id': 8376, 'rank': 12, 'fitness': 0.26396869430710834, 'generation': 192}","{'id': 8405, 'rank': 13, 'fitness': 0.1831059385949525, 'generation': 192}","{'id': 8392, 'rank': 14, 'fitness': 0.17103655457241257, 'generation': 192}","{'id': 8419, 'rank': 15, 'fitness': 0.1440436070752803, 'generation': 192}","{'id': 8406, 'rank': 16, 'fitness': 0.11510950765221833, 'generation': 192}","{'id': 8412, 'rank': 17, 'fitness': 0.11241195113033964, 'generation': 192}","{'id': 8383, 'rank': 18, 'fitness': 0.09688674559719457, 'generation': 192}","{'id': 8402, 'rank': 19, 'fitness': 0.09518624560495315, 'generation': 192}","{'id': 8409, 'rank': 20, 'fitness': 0.08783197021976813, 'generation': 192}","{'id': 8379, 'rank': 21, 'fitness': 0.06545557203468216, 'generation': 192}","{'id': 8388, 'rank': 22, 'fitness': 0.05071385048730587, 'generation': 192}","{'id': 8397, 'rank': 23, 'fitness': 0.04636819720519503, 'generation': 192}","{'id': 8384, 'rank': 24, 'fitness': 0.04489039439911802, 'generation': 192}","{'id': 8374, 'rank': 25, 'fitness': 0.036881833571382194, 'generation': 192}","{'id': 8399, 'rank': 26, 'fitness': 0.03218860480592428, 'generation': 192}","{'id': 8410, 'rank': 27, 'fitness': 0.029560273561705874, 'generation': 192}","{'id': 8414, 'rank': 28, 'fitness': 0.02920131327137948, 'generation': 192}","{'id': 8400, 'rank': 29, 'fitness': 0.022548450849138812, 'generation': 192}","{'id': 8416, 'rank': 30, 'fitness': 0.01798620996209155, 'generation': 192}"
"{'id': 8447, 'rank': 1, 'fitness': 0.9820137900379085, 'generation': 193}","{'id': 8426, 'rank': 2, 'fitness': 0.9418179722530214, 'generation': 193}","{'id': 8421, 'rank': 3, 'fitness': 0.8356217309212454, 'generation': 193}","{'id': 8449, 'rank': 4, 'fitness': 0.6432359244495715, 'generation': 193}","{'id': 8459, 'rank': 5, 'fitness': 0.53660466748198, 'generation': 193}","{'id': 8436, 'rank': 6, 'fitness': 0.4593358675810276, 'generation': 193}","{'id': 8432, 'rank': 7, 'fitness': 0.2327217147839588, 'generation': 193}","{'id': 8450, 'rank': 8, 'fitness': 0.2294013968913371, 'generation': 193}","{'id': 8423, 'rank': 9, 'fitness': 0.19876046489115506, 'generation': 193}","{'id': 8444, 'rank': 10, 'fitness': 0.19155371849989689, 'generation': 193}","{'id': 8454, 'rank': 11, 'fitness': 0.16766966717960208, 'generation': 193}","{'id': 8451, 'rank': 12, 'fitness': 0.15895105627860762, 'generation': 193}","{'id': 8425, 'rank': 13, 'fitness': 0.15398800815835645, 'generation': 193}","{'id': 8428, 'rank': 14, 'fitness': 0.13512765911207691, 'generation': 193}","{'id': 8460, 'rank': 15, 'fitness': 0.08289977791013647, 'generation': 193}","{'id': 8429, 'rank': 16, 'fitness': 0.08269093730534621, 'generation': 193}","{'id': 8453, 'rank': 17, 'fitness': 0.05878208521540634, 'generation': 193}","{'id': 8443, 'rank': 18, 'fitness': 0.04371855496892957, 'generation': 193}","{'id': 8434, 'rank': 19, 'fitness': 0.04227170876348141, 'generation': 193}","{'id': 8442, 'rank': 20, 'fitness': 0.03759769937509738, 'generation': 193}","{'id': 8441, 'rank': 21, 'fitness': 0.0342011092158912, 'generation': 193}","{'id': 8439, 'rank': 22, 'fitness': 0.03161438084410123, 'generation': 193}","{'id': 8437, 'rank': 23, 'fitness': 0.030548207174316167, 'generation': 193}","{'id': 8458, 'rank': 24, 'fitness': 0.030397137388700646, 'generation': 193}","{'id': 8446, 'rank': 25, 'fitness': 0.029681067915927173, 'generation': 193}","{'id': 8424, 'rank': 26, 'fitness': 0.026484110362593016, 'generation': 193}","{'id': 8445, 'rank': 27, 'fitness': 0.02455063396287399, 'generation': 193}","{'id': 8457, 'rank': 28, 'fitness': 0.01960364836570161, 'generation': 193}","{'id': 8427, 'rank': 29, 'fitness': 0.019308229981240155, 'generation': 193}","{'id': 8440, 'rank': 30, 'fitness': 0.01798620996209155, 'generation': 193}"
"{'id': 8499, 'rank': 1, 'fitness': 0.9820137900379085, 'generation': 194}","{'id': 8482, 'rank': 2, 'fitness': 0.968844892896181, 'generation': 194}","{'id': 8491, 'rank': 3, 'fitness': 0.9456564351133031, 'generation': 194}","{'id': 8485, 'rank': 4, 'fitness': 0.9442204853251807, 'generation': 194}","{'id': 8495, 'rank': 5, 'fitness': 0.9134112504182296, 'generation': 194}","{'id': 8492, 'rank': 6, 'fitness': 0.903511712344426, 'generation': 194}","{'id': 8498, 'rank': 7, 'fitness': 0.8939854304289283, 'generation': 194}","{'id': 8470, 'rank': 8, 'fitness': 0.8784277231173435, 'generation': 194}","{'id': 8486, 'rank': 9, 'fitness': 0.7012822481423476, 'generation': 194}","{'id': 8500, 'rank': 10, 'fitness': 0.5802976218678434, 'generation': 194}","{'id': 8474, 'rank': 11, 'fitness': 0.5737436347688438, 'generation': 194}","{'id': 8497, 'rank': 12, 'fitness': 0.5680600573796042, 'generation': 194}","{'id': 8488, 'rank': 13, 'fitness': 0.5265020252276739, 'generation': 194}","{'id': 8481, 'rank': 14, 'fitness': 0.3594494634210944, 'generation': 194}","{'id': 8476, 'rank': 15, 'fitness': 0.2707580163637026, 'generation': 194}","{'id': 8472, 'rank': 16, 'fitness': 0.22324306013425382, 'generation': 194}","{'id': 8493, 'rank': 17, 'fitness': 0.17382621594793113, 'generation': 194}","{'id': 8467, 'rank': 18, 'fitness': 0.11764650653912001, 'generation': 194}","{'id': 8471, 'rank': 19, 'fitness': 0.09593501856790382, 'generation': 194}","{'id': 8466, 'rank': 20, 'fitness': 0.09315196086466626, 'generation': 194}","{'id': 8473, 'rank': 21, 'fitness': 0.0839980908358049, 'generation': 194}","{'id': 8463, 'rank': 22, 'fitness': 0.08264196374911087, 'generation': 194}","{'id': 8479, 'rank': 23, 'fitness': 0.04882796920366128, 'generation': 194}","{'id': 8469, 'rank': 24, 'fitness': 0.03741595368783568, 'generation': 194}","{'id': 8484, 'rank': 25, 'fitness': 0.031074542747869804, 'generation': 194}","{'id': 8483, 'rank': 26, 'fitness': 0.027722480327821153, 'generation': 194}","{'id': 8465, 'rank': 27, 'fitness': 0.02734276094891619, 'generation': 194}","{'id': 8496, 'rank': 28, 'fitness': 0.023479293446625693, 'generation': 194}","{'id': 8501, 'rank': 29, 'fitness': 0.02145620513094887, 'generation': 194}","{'id': 8487, 'rank': 30, 'fitness': 0.01798620996209155, 'generation': 194}"
"{'id': 8540, 'rank': 1, 'fitness': 0.9820137900379085, 'generation': 195}","{'id': 8535, 'rank': 2, 'fitness': 0.9675259668788585, 'generation': 195}","{'id': 8554, 'rank': 3, 'fitness': 0.9535510932066624, 'generation': 195}","{'id': 8551, 'rank': 4, 'fitness': 0.7133025277259657, 'generation': 195}","{'id': 8530, 'rank': 5, 'fitness': 0.5017587496416642, 'generation': 195}","{'id': 8542, 'rank': 6, 'fitness': 0.48136342606880256, 'generation': 195}","{'id': 8552, 'rank': 7, 'fitness': 0.4712295024850067, 'generation': 195}","{'id': 8550, 'rank': 8, 'fitness': 0.4421102120733679, 'generation': 195}","{'id': 8534, 'rank': 9, 'fitness': 0.43266074778363883, 'generation': 195}","{'id': 8547, 'rank': 10, 'fitness': 0.4063510090260636, 'generation': 195}","{'id': 8512, 'rank': 11, 'fitness': 0.39916914973323775, 'generation': 195}","{'id': 8543, 'rank': 12, 'fitness': 0.30834830284455883, 'generation': 195}","{'id': 8526, 'rank': 13, 'fitness': 0.21170087763641687, 'generation': 195}","{'id': 8546, 'rank': 14, 'fitness': 0.1940509931652542, 'generation': 195}","{'id': 8539, 'rank': 15, 'fitness': 0.18619843313887258, 'generation': 195}","{'id': 8518, 'rank': 16, 'fitness': 0.13431933544118857, 'generation': 195}","{'id': 8507, 'rank': 17, 'fitness': 0.10751004576133627, 'generation': 195}","{'id': 8515, 'rank': 18, 'fitness': 0.09981460455913, 'generation': 195}","{'id': 8553, 'rank': 19, 'fitness': 0.08321169045651877, 'generation': 195}","{'id': 8514, 'rank': 20, 'fitness': 0.07852575221616181, 'generation': 195}","{'id': 8536, 'rank': 21, 'fitness': 0.07066448937085956, 'generation': 195}","{'id': 8541, 'rank': 22, 'fitness': 0.060804005468682976, 'generation': 195}","{'id': 8510, 'rank': 23, 'fitness': 0.06054306971493534, 'generation': 195}","{'id': 8504, 'rank': 24, 'fitness': 0.05915598104930664, 'generation': 195}","{'id': 8524, 'rank': 25, 'fitness': 0.05896304304927269, 'generation': 195}","{'id': 8538, 'rank': 26, 'fitness': 0.05258963547498713, 'generation': 195}","{'id': 8544, 'rank': 27, 'fitness': 0.04674423547968565, 'generation': 195}","{'id': 8532, 'rank': 28, 'fitness': 0.04626820518867786, 'generation': 195}","{'id': 8529, 'rank': 29, 'fitness': 0.024515927199740772, 'generation': 195}","{'id': 8525, 'rank': 30, 'fitness': 0.01798620996209155, 'generation': 195}"
"{'id': 8588, 'rank': 1, 'fitness': 0.9820137900379085, 'generation': 196}","{'id': 8584, 'rank': 2, 'fitness': 0.9778364155101822, 'generation': 196}","{'id': 8592, 'rank': 3, 'fitness': 0.9506039531254689, 'generation': 196}","{'id': 8581, 'rank': 4, 'fitness': 0.8666300137808767, 'generation': 196}","{'id': 8576, 'rank': 5, 'fitness': 0.6401520746327913, 'generation': 196}","{'id': 8565, 'rank': 6, 'fitness': 0.6218456225560332, 'generation': 196}","{'id': 8577, 'rank': 7, 'fitness': 0.5807843806420896, 'generation': 196}","{'id': 8575, 'rank': 8, 'fitness': 0.3236757657187659, 'generation': 196}","{'id': 8585, 'rank': 9, 'fitness': 0.26521073031357706, 'generation': 196}","{'id': 8591, 'rank': 10, 'fitness': 0.2502656646649032, 'generation': 196}","{'id': 8570, 'rank': 11, 'fitness': 0.21252866294273443, 'generation': 196}","{'id': 8561, 'rank': 12, 'fitness': 0.20328899577915732, 'generation': 196}","{'id': 8578, 'rank': 13, 'fitness': 0.18165344770242453, 'generation': 196}","{'id': 8567, 'rank': 14, 'fitness': 0.15779066591997387, 'generation': 196}","{'id': 8587, 'rank': 15, 'fitness': 0.13099714186940192, 'generation': 196}","{'id': 8586, 'rank': 16, 'fitness': 0.09197676424167922, 'generation': 196}","{'id': 8555, 'rank': 17, 'fitness': 0.09007651421824048, 'generation': 196}","{'id': 8564, 'rank': 18, 'fitness': 0.08093028934261431, 'generation': 196}","{'id': 8580, 'rank': 19, 'fitness': 0.07136686723290459, 'generation': 196}","{'id': 8583, 'rank': 20, 'fitness': 0.06755649306083578, 'generation': 196}","{'id': 8593, 'rank': 21, 'fitness': 0.06678734760724558, 'generation': 196}","{'id': 8569, 'rank': 22, 'fitness': 0.0607521514235167, 'generation': 196}","{'id': 8590, 'rank': 23, 'fitness': 0.05814530536512591, 'generation': 196}","{'id': 8559, 'rank': 24, 'fitness': 0.05317779127914868, 'generation': 196}","{'id': 8579, 'rank': 25, 'fitness': 0.04780965236519613, 'generation': 196}","{'id': 8571, 'rank': 26, 'fitness': 0.04270106926682504, 'generation': 196}","{'id': 8556, 'rank': 27, 'fitness': 0.028112282293801694, 'generation': 196}","{'id': 8563, 'rank': 28, 'fitness': 0.0263934002660135, 'generation': 196}","{'id': 8566, 'rank': 29, 'fitness': 0.019815111259458507, 'generation': 196}","{'id': 8557, 'rank': 30, 'fitness': 0.01798620996209155, 'generation': 196}"
"{'id': 8624, 'rank': 1, 'fitness': 0.9820137900379085, 'generation': 197}","{'id': 8626, 'rank': 2, 'fitness': 0.9809300227382693, 'generation': 197}","{'id': 8629, 'rank': 3, 'fitness': 0.9610900280854989, 'generation': 197}","{'id': 8619, 'rank': 4, 'fitness': 0.8949235390801265, 'generation': 197}","{'id': 8633, 'rank': 5, 'fitness': 0.8530840786766145, 'generation': 197}","{'id': 8632, 'rank': 6, 'fitness': 0.8357055276896965, 'generation': 197}","{'id': 8616, 'rank': 7, 'fitness': 0.8347891702499652, 'generation': 197}","{'id': 8618, 'rank': 8, 'fitness': 0.6939489891725633, 'generation': 197}","{'id': 8622, 'rank': 9, 'fitness': 0.6923463906222951, 'generation': 197}","{'id': 8630, 'rank': 10, 'fitness': 0.5402239233945925, 'generation': 197}","{'id': 8621, 'rank': 11, 'fitness': 0.29844454159046097, 'generation': 197}","{'id': 8636, 'rank': 12, 'fitness': 0.2936220925887997, 'generation': 197}","{'id': 8611, 'rank': 13, 'fitness': 0.25132932260820195, 'generation': 197}","{'id': 8597, 'rank': 14, 'fitness': 0.21370830887135994, 'generation': 197}","{'id': 8620, 'rank': 15, 'fitness': 0.21130716170305625, 'generation': 197}","{'id': 8603, 'rank': 16, 'fitness': 0.18278334018957693, 'generation': 197}","{'id': 8623, 'rank': 17, 'fitness': 0.14255548972823195, 'generation': 197}","{'id': 8627, 'rank': 18, 'fitness': 0.13768021455053353, 'generation': 197}","{'id': 8634, 'rank': 19, 'fitness': 0.1365925884012094, 'generation': 197}","{'id': 8600, 'rank': 20, 'fitness': 0.11428061709688986, 'generation': 197}","{'id': 8631, 'rank': 21, 'fitness': 0.11400678053984548, 'generation': 197}","{'id': 8604, 'rank': 22, 'fitness': 0.07828352618886858, 'generation': 197}","{'id': 8607, 'rank': 23, 'fitness': 0.04654670686447693, 'generation': 197}","{'id': 8601, 'rank': 24, 'fitness': 0.03467783752193915, 'generation': 197}","{'id': 8615, 'rank': 25, 'fitness': 0.03176939581000032, 'generation': 197}","{'id': 8613, 'rank': 26, 'fitness': 0.028535643487080153, 'generation': 197}","{'id': 8608, 'rank': 27, 'fitness': 0.025768241360344724, 'generation': 197}","{'id': 8606, 'rank': 28, 'fitness': 0.02175237344772102, 'generation': 197}","{'id': 8637, 'rank': 29, 'fitness': 0.018834709258873317, 'generation': 197}","{'id': 8610, 'rank': 30, 'fitness': 0.01798620996209155, 'generation': 197}"
"{'id': 8676, 'rank': 1, 'fitness': 0.9820137900379085, 'generation': 198}","{'id': 8677, 'rank': 2, 'fitness': 0.9633047217381986, 'generation': 198}","{'id': 8671, 'rank': 3, 'fitness': 0.9242324507277455, 'generation': 198}","{'id': 8672, 'rank': 4, 'fitness': 0.8983656907875293, 'generation': 198}","{'id': 8678, 'rank': 5, 'fitness': 0.8961855071398506, 'generation': 198}","{'id': 8650, 'rank': 6, 'fitness': 0.8615876212823004, 'generation': 198}","{'id': 8663, 'rank': 7, 'fitness': 0.7619170849516612, 'generation': 198}","{'id': 8658, 'rank': 8, 'fitness': 0.5254690722439469, 'generation': 198}","{'id': 8662, 'rank': 9, 'fitness': 0.5184377268579939, 'generation': 198}","{'id': 8675, 'rank': 10, 'fitness': 0.5177632216416349, 'generation': 198}","{'id': 8668, 'rank': 11, 'fitness': 0.4440945877383071, 'generation': 198}","{'id': 8644, 'rank': 12, 'fitness': 0.3889032703148196, 'generation': 198}","{'id': 8667, 'rank': 13, 'fitness': 0.2558696397654132, 'generation': 198}","{'id': 8649, 'rank': 14, 'fitness': 0.22511075091996846, 'generation': 198}","{'id': 8656, 'rank': 15, 'fitness': 0.217306855432378, 'generation': 198}","{'id': 8640, 'rank': 16, 'fitness': 0.18488872129035816, 'generation': 198}","{'id': 8638, 'rank': 17, 'fitness': 0.16508180623501334, 'generation': 198}","{'id': 8674, 'rank': 18, 'fitness': 0.11142311047387304, 'generation': 198}","{'id': 8673, 'rank': 19, 'fitness': 0.11121484790184843, 'generation': 198}","{'id': 8645, 'rank': 20, 'fitness': 0.10094602553234727, 'generation': 198}","{'id': 8659, 'rank': 21, 'fitness': 0.09936085105144715, 'generation': 198}","{'id': 8648, 'rank': 22, 'fitness': 0.08885060505810888, 'generation': 198}","{'id': 8666, 'rank': 23, 'fitness': 0.08841950163340595, 'generation': 198}","{'id': 8657, 'rank': 24, 'fitness': 0.06918389634335936, 'generation': 198}","{'id': 8670, 'rank': 25, 'fitness': 0.048768818214305565, 'generation': 198}","{'id': 8665, 'rank': 26, 'fitness': 0.030561107289102718, 'generation': 198}","{'id': 8652, 'rank': 27, 'fitness': 0.02939744761013746, 'generation': 198}","{'id': 8660, 'rank': 28, 'fitness': 0.028903293276401065, 'generation': 198}","{'id': 8664, 'rank': 29, 'fitness': 0.025185861510718832, 'generation': 198}","{'id': 8646, 'rank': 30, 'fitness': 0.01798620996209155, 'generation': 198}"
"{'id': 8686, 'rank': 1, 'fitness': 0.9820137900379085, 'generation': 199}","{'id': 8707, 'rank': 2, 'fitness': 0.9133202342256519, 'generation': 199}","{'id': 8710, 'rank': 3, 'fitness': 0.8526307467915635, 'generation': 199}","{'id': 8695, 'rank': 4, 'fitness': 0.7978845459119642, 'generation': 199}","{'id': 8714, 'rank': 5, 'fitness': 0.7868459675824393, 'generation': 199}","{'id': 8708, 'rank': 6, 'fitness': 0.7816915130925877, 'generation': 199}","{'id': 8718, 'rank': 7, 'fitness': 0.7395249558803193, 'generation': 199}","{'id': 8696, 'rank': 8, 'fitness': 0.5154200681945433, 'generation': 199}","{'id': 8693, 'rank': 9, 'fitness': 0.5019964882211116, 'generation': 199}","{'id': 8706, 'rank': 10, 'fitness': 0.330388179531732, 'generation': 199}","{'id': 8702, 'rank': 11, 'fitness': 0.28342489543431004, 'generation': 199}","{'id': 8719, 'rank': 12, 'fitness': 0.24806483836986482, 'generation': 199}","{'id': 8697, 'rank': 13, 'fitness': 0.19022767345527208, 'generation': 199}","{'id': 8713, 'rank': 14, 'fitness': 0.18518467736833255, 'generation': 199}","{'id': 8691, 'rank': 15, 'fitness': 0.14177887193008093, 'generation': 199}","{'id': 8717, 'rank': 16, 'fitness': 0.13267466919210663, 'generation': 199}","{'id': 8704, 'rank': 17, 'fitness': 0.12953480737527945, 'generation': 199}","{'id': 8682, 'rank': 18, 'fitness': 0.12674800190029778, 'generation': 199}","{'id': 8680, 'rank': 19, 'fitness': 0.0901796471751869, 'generation': 199}","{'id': 8679, 'rank': 20, 'fitness': 0.060982295550380705, 'generation': 199}","{'id': 8720, 'rank': 21, 'fitness': 0.05971683204481126, 'generation': 199}","{'id': 8701, 'rank': 22, 'fitness': 0.04403506846227523, 'generation': 199}","{'id': 8711, 'rank': 23, 'fitness': 0.04100076466133917, 'generation': 199}","{'id': 8700, 'rank': 24, 'fitness': 0.03950691936638906, 'generation': 199}","{'id': 8716, 'rank': 25, 'fitness': 0.03644027445453196, 'generation': 199}","{'id': 8703, 'rank': 26, 'fitness': 0.035405963438827404, 'generation': 199}","{'id': 8689, 'rank': 27, 'fitness': 0.03282562433568831, 'generation': 199}","{'id': 8723, 'rank': 28, 'fitness': 0.028576965636492757, 'generation': 199}","{'id': 8705, 'rank': 29, 'fitness': 0.022786103678955894, 'generation': 199}","{'id': 8699, 'rank': 30, 'fitness': 0.01798620996209155, 'generation': 199}"
"{'id': 8759, 'rank': 1, 'fitness': 0.9820137900379085, 'generation': 200}","{'id': 8763, 'rank': 2, 'fitness': 0.954879339590324, 'generation': 200}","{'id': 8766, 'rank': 3, 'fitness': 0.9459545065971968, 'generation': 200}","{'id': 8745, 'rank': 4, 'fitness': 0.9334162166008515, 'generation': 200}","{'id': 8743, 'rank': 5, 'fitness': 0.9063748959073836, 'generation': 200}","{'id': 8755, 'rank': 6, 'fitness': 0.8477392189696625, 'generation': 200}","{'id': 8747, 'rank': 7, 'fitness': 0.844226854947243, 'generation': 200}","{'id': 8750, 'rank': 8, 'fitness': 0.8169965117445781, 'generation': 200}","{'id': 8756, 'rank': 9, 'fitness': 0.5729886997109392, 'generation': 200}","{'id': 8734, 'rank': 10, 'fitness': 0.49818671906933953, 'generation': 200}","{'id': 8753, 'rank': 11, 'fitness': 0.3600911555389591, 'generation': 200}","{'id': 8767, 'rank': 12, 'fitness': 0.29520329421600777, 'generation': 200}","{'id': 8754, 'rank': 13, 'fitness': 0.18552650864865972, 'generation': 200}","{'id': 8761, 'rank': 14, 'fitness': 0.11149800249907654, 'generation': 200}","{'id': 8757, 'rank': 15, 'fitness': 0.10099139887385178, 'generation': 200}","{'id': 8739, 'rank': 16, 'fitness': 0.09643315597868851, 'generation': 200}","{'id': 8765, 'rank': 17, 'fitness': 0.07435157480508658, 'generation': 200}","{'id': 8751, 'rank': 18, 'fitness': 0.06586299773881754, 'generation': 200}","{'id': 8724, 'rank': 19, 'fitness': 0.06439570109903603, 'generation': 200}","{'id': 8760, 'rank': 20, 'fitness': 0.042740387236207045, 'generation': 200}","{'id': 8740, 'rank': 21, 'fitness': 0.04108882757387766, 'generation': 200}","{'id': 8762, 'rank': 22, 'fitness': 0.0393050102596848, 'generation': 200}","{'id': 8758, 'rank': 23, 'fitness': 0.028261237284256502, 'generation': 200}","{'id': 8749, 'rank': 24, 'fitness': 0.026208034996357488, 'generation': 200}","{'id': 8748, 'rank': 25, 'fitness': 0.02541700838578531, 'generation': 200}","{'id': 8728, 'rank': 26, 'fitness': 0.023650641309957976, 'generation': 200}","{'id': 8729, 'rank': 27, 'fitness': 0.02281404408341231, 'generation': 200}","{'id': 8744, 'rank': 28, 'fitness': 0.01987105137784806, 'generation': 200}","{'id': 8738, 'rank': 29, 'fitness': 0.0195164710508558, 'generation': 200}","{'id': 8737, 'rank': 30, 'fitness': 0.01798620996209155, 'generation': 200}"
"{'id': 8803, 'rank': 1, 'fitness': 0.9820137900379085, 'generation': 201}","{'id': 8785, 'rank': 2, 'fitness': 0.7815360247958332, 'generation': 201}","{'id': 8797, 'rank': 3, 'fitness': 0.7704823105632554, 'generation': 201}","{'id': 8796, 'rank': 4, 'fitness': 0.421091672379221, 'generation': 201}","{'id': 8801, 'rank': 5, 'fitness': 0.3407248175639824, 'generation': 201}","{'id': 8793, 'rank': 6, 'fitness': 0.3079430432249538, 'generation': 201}","{'id': 8805, 'rank': 7, 'fitness': 0.2842259055373476, 'generation': 201}","{'id': 8806, 'rank': 8, 'fitness': 0.2551630645484215, 'generation': 201}","{'id': 8799, 'rank': 9, 'fitness': 0.2491951505071433, 'generation': 201}","{'id': 8810, 'rank': 10, 'fitness': 0.22333213475513347, 'generation': 201}","{'id': 8786, 'rank': 11, 'fitness': 0.20608028830812453, 'generation': 201}","{'id': 8795, 'rank': 12, 'fitness': 0.1929597989239884, 'generation': 201}","{'id': 8798, 'rank': 13, 'fitness': 0.18807381849695942, 'generation': 201}","{'id': 8809, 'rank': 14, 'fitness': 0.15233829073827176, 'generation': 201}","{'id': 8790, 'rank': 15, 'fitness': 0.14395311776057812, 'generation': 201}","{'id': 8788, 'rank': 16, 'fitness': 0.1354713650184332, 'generation': 201}","{'id': 8778, 'rank': 17, 'fitness': 0.1044013472183184, 'generation': 201}","{'id': 8808, 'rank': 18, 'fitness': 0.09719121319470075, 'generation': 201}","{'id': 8804, 'rank': 19, 'fitness': 0.08803650880301256, 'generation': 201}","{'id': 8772, 'rank': 20, 'fitness': 0.051419283420765904, 'generation': 201}","{'id': 8794, 'rank': 21, 'fitness': 0.0415528363341372, 'generation': 201}","{'id': 8812, 'rank': 22, 'fitness': 0.04058949965668096, 'generation': 201}","{'id': 8771, 'rank': 23, 'fitness': 0.037768749730235696, 'generation': 201}","{'id': 8811, 'rank': 24, 'fitness': 0.03375884964361009, 'generation': 201}","{'id': 8776, 'rank': 25, 'fitness': 0.03338769747955023, 'generation': 201}","{'id': 8784, 'rank': 26, 'fitness': 0.021174139540876713, 'generation': 201}","{'id': 8813, 'rank': 27, 'fitness': 0.019795449735511728, 'generation': 201}","{'id': 8768, 'rank': 28, 'fitness': 0.01936032791395642, 'generation': 201}","{'id': 8770, 'rank': 29, 'fitness': 0.019341662865153098, 'generation': 201}","{'id': 8783, 'rank': 30, 'fitness': 0.01798620996209155, 'generation': 201}"
"{'id': 8847, 'rank': 1, 'fitness': 0.9820137900379085, 'generation': 202}","{'id': 8851, 'rank': 2, 'fitness': 0.8831521699796976, 'generation': 202}","{'id': 8836, 'rank': 3, 'fitness': 0.7544838591053852, 'generation': 202}","{'id': 8840, 'rank': 4, 'fitness': 0.7376672746687531, 'generation': 202}","{'id': 8829, 'rank': 5, 'fitness': 0.7339551576259314, 'generation': 202}","{'id': 8846, 'rank': 6, 'fitness': 0.6663808742066071, 'generation': 202}","{'id': 8853, 'rank': 7, 'fitness': 0.5874654834297367, 'generation': 202}","{'id': 8834, 'rank': 8, 'fitness': 0.5131865309665005, 'generation': 202}","{'id': 8845, 'rank': 9, 'fitness': 0.4599096766599207, 'generation': 202}","{'id': 8848, 'rank': 10, 'fitness': 0.3777503275546728, 'generation': 202}","{'id': 8832, 'rank': 11, 'fitness': 0.3611334462447954, 'generation': 202}","{'id': 8839, 'rank': 12, 'fitness': 0.28274531781308, 'generation': 202}","{'id': 8825, 'rank': 13, 'fitness': 0.22957821951996416, 'generation': 202}","{'id': 8821, 'rank': 14, 'fitness': 0.17025913193798897, 'generation': 202}","{'id': 8823, 'rank': 15, 'fitness': 0.1513209221375854, 'generation': 202}","{'id': 8824, 'rank': 16, 'fitness': 0.12827646326991854, 'generation': 202}","{'id': 8844, 'rank': 17, 'fitness': 0.09398943414683703, 'generation': 202}","{'id': 8817, 'rank': 18, 'fitness': 0.0847979461273139, 'generation': 202}","{'id': 8850, 'rank': 19, 'fitness': 0.07471309625374883, 'generation': 202}","{'id': 8814, 'rank': 20, 'fitness': 0.06833220031850107, 'generation': 202}","{'id': 8838, 'rank': 21, 'fitness': 0.06439452748523083, 'generation': 202}","{'id': 8852, 'rank': 22, 'fitness': 0.06350235349191696, 'generation': 202}","{'id': 8822, 'rank': 23, 'fitness': 0.05653641980094104, 'generation': 202}","{'id': 8837, 'rank': 24, 'fitness': 0.055294872437041453, 'generation': 202}","{'id': 8835, 'rank': 25, 'fitness': 0.055005941618718635, 'generation': 202}","{'id': 8842, 'rank': 26, 'fitness': 0.054453393143044204, 'generation': 202}","{'id': 8843, 'rank': 27, 'fitness': 0.04051561758864014, 'generation': 202}","{'id': 8831, 'rank': 28, 'fitness': 0.024754816211482233, 'generation': 202}","{'id': 8841, 'rank': 29, 'fitness': 0.02199825113303372, 'generation': 202}","{'id': 8833, 'rank': 30, 'fitness': 0.01798620996209155, 'generation': 202}"
"{'id': 8885, 'rank': 1, 'fitness': 0.9820137900379085, 'generation': 203}","{'id': 8881, 'rank': 2, 'fitness': 0.9521241063286163, 'generation': 203}","{'id': 8876, 'rank': 3, 'fitness': 0.9491390707489797, 'generation': 203}","{'id': 8892, 'rank': 4, 'fitness': 0.9231030721487892, 'generation': 203}","{'id': 8883, 'rank': 5, 'fitness': 0.8535076387239982, 'generation': 203}","{'id': 8895, 'rank': 6, 'fitness': 0.8526886168955901, 'generation': 203}","{'id': 8894, 'rank': 7, 'fitness': 0.7723766013498352, 'generation': 203}","{'id': 8886, 'rank': 8, 'fitness': 0.5705407762624639, 'generation': 203}","{'id': 8861, 'rank': 9, 'fitness': 0.568134994468451, 'generation': 203}","{'id': 8854, 'rank': 10, 'fitness': 0.4468979502183674, 'generation': 203}","{'id': 8882, 'rank': 11, 'fitness': 0.4272800288763864, 'generation': 203}","{'id': 8887, 'rank': 12, 'fitness': 0.411016490332857, 'generation': 203}","{'id': 8884, 'rank': 13, 'fitness': 0.3624101349890032, 'generation': 203}","{'id': 8888, 'rank': 14, 'fitness': 0.35840892427065374, 'generation': 203}","{'id': 8880, 'rank': 15, 'fitness': 0.3328802829205517, 'generation': 203}","{'id': 8889, 'rank': 16, 'fitness': 0.2928448346110317, 'generation': 203}","{'id': 8871, 'rank': 17, 'fitness': 0.26610602499385616, 'generation': 203}","{'id': 8893, 'rank': 18, 'fitness': 0.1835180942814561, 'generation': 203}","{'id': 8896, 'rank': 19, 'fitness': 0.16913238557104648, 'generation': 203}","{'id': 8891, 'rank': 20, 'fitness': 0.15288025402451377, 'generation': 203}","{'id': 8868, 'rank': 21, 'fitness': 0.11617537360683394, 'generation': 203}","{'id': 8878, 'rank': 22, 'fitness': 0.10257113990114186, 'generation': 203}","{'id': 8874, 'rank': 23, 'fitness': 0.08801425729243462, 'generation': 203}","{'id': 8867, 'rank': 24, 'fitness': 0.0730171595796747, 'generation': 203}","{'id': 8858, 'rank': 25, 'fitness': 0.070358938521625, 'generation': 203}","{'id': 8863, 'rank': 26, 'fitness': 0.026866892059818848, 'generation': 203}","{'id': 8855, 'rank': 27, 'fitness': 0.02208424942399967, 'generation': 203}","{'id': 8872, 'rank': 28, 'fitness': 0.020928515315956187, 'generation': 203}","{'id': 8890, 'rank': 29, 'fitness': 0.018230267775116105, 'generation': 203}","{'id': 8870, 'rank': 30, 'fitness': 0.01798620996209155, 'generation': 203}"
"{'id': 8946, 'rank': 1, 'fitness': 0.9820137900379085, 'generation': 204}","{'id': 8918, 'rank': 2, 'fitness': 0.9673469638803824, 'generation': 204}","{'id': 8949, 'rank': 3, 'fitness': 0.9228973558263658, 'generation': 204}","{'id': 8907, 'rank': 4, 'fitness': 0.9041429345399116, 'generation': 204}","{'id': 8950, 'rank': 5, 'fitness': 0.8344508058040176, 'generation': 204}","{'id': 8900, 'rank': 6, 'fitness': 0.8308403269534315, 'generation': 204}","{'id': 8943, 'rank': 7, 'fitness': 0.7254169067729157, 'generation': 204}","{'id': 8942, 'rank': 8, 'fitness': 0.6441996736503376, 'generation': 204}","{'id': 8928, 'rank': 9, 'fitness': 0.6179744417385237, 'generation': 204}","{'id': 8921, 'rank': 10, 'fitness': 0.46865074344595226, 'generation': 204}","{'id': 8917, 'rank': 11, 'fitness': 0.455486205237086, 'generation': 204}","{'id': 8938, 'rank': 12, 'fitness': 0.4037256703863243, 'generation': 204}","{'id': 8909, 'rank': 13, 'fitness': 0.34667930757599, 'generation': 204}","{'id': 8930, 'rank': 14, 'fitness': 0.3158410304660673, 'generation': 204}","{'id': 8925, 'rank': 15, 'fitness': 0.3015969962254883, 'generation': 204}","{'id': 8939, 'rank': 16, 'fitness': 0.2762009903286259, 'generation': 204}","{'id': 8940, 'rank': 17, 'fitness': 0.23349777475032385, 'generation': 204}","{'id': 8929, 'rank': 18, 'fitness': 0.17438867672981317, 'generation': 204}","{'id': 8937, 'rank': 19, 'fitness': 0.15207813507037843, 'generation': 204}","{'id': 8923, 'rank': 20, 'fitness': 0.1352255898658018, 'generation': 204}","{'id': 8936, 'rank': 21, 'fitness': 0.12445901946106952, 'generation': 204}","{'id': 8948, 'rank': 22, 'fitness': 0.07887606705340072, 'generation': 204}","{'id': 8935, 'rank': 23, 'fitness': 0.07026639355136571, 'generation': 204}","{'id': 8951, 'rank': 24, 'fitness': 0.0688058218977673, 'generation': 204}","{'id': 8908, 'rank': 25, 'fitness': 0.031265635606536835, 'generation': 204}","{'id': 8926, 'rank': 26, 'fitness': 0.02961167153419836, 'generation': 204}","{'id': 8941, 'rank': 27, 'fitness': 0.028326987750570576, 'generation': 204}","{'id': 8934, 'rank': 28, 'fitness': 0.02313160222143701, 'generation': 204}","{'id': 8920, 'rank': 29, 'fitness': 0.02087674952947527, 'generation': 204}","{'id': 8914, 'rank': 30, 'fitness': 0.01798620996209155, 'generation': 204}"
"{'id': 8991, 'rank': 1, 'fitness': 0.9820137900379085, 'generation': 205}","{'id': 8988, 'rank': 2, 'fitness': 0.9416172828972336, 'generation': 205}","{'id': 8972, 'rank': 3, 'fitness': 0.9338361431777782, 'generation': 205}","{'id': 8976, 'rank': 4, 'fitness': 0.9046067910053273, 'generation': 205}","{'id': 8996, 'rank': 5, 'fitness': 0.7960561753747099, 'generation': 205}","{'id': 8975, 'rank': 6, 'fitness': 0.634337584073859, 'generation': 205}","{'id': 8993, 'rank': 7, 'fitness': 0.5272674037454109, 'generation': 205}","{'id': 8997, 'rank': 8, 'fitness': 0.510366264697513, 'generation': 205}","{'id': 8960, 'rank': 9, 'fitness': 0.44678319596368876, 'generation': 205}","{'id': 8959, 'rank': 10, 'fitness': 0.39825151136194553, 'generation': 205}","{'id': 8981, 'rank': 11, 'fitness': 0.36698120238433607, 'generation': 205}","{'id': 8956, 'rank': 12, 'fitness': 0.34493507654674, 'generation': 205}","{'id': 8995, 'rank': 13, 'fitness': 0.3406234451460793, 'generation': 205}","{'id': 8967, 'rank': 14, 'fitness': 0.32356733943244864, 'generation': 205}","{'id': 8957, 'rank': 15, 'fitness': 0.2955622513559101, 'generation': 205}","{'id': 8971, 'rank': 16, 'fitness': 0.2758204616199372, 'generation': 205}","{'id': 8958, 'rank': 17, 'fitness': 0.1567892795763246, 'generation': 205}","{'id': 8966, 'rank': 18, 'fitness': 0.11900607211686265, 'generation': 205}","{'id': 8977, 'rank': 19, 'fitness': 0.11077453093373396, 'generation': 205}","{'id': 8970, 'rank': 20, 'fitness': 0.07991258947451013, 'generation': 205}","{'id': 8979, 'rank': 21, 'fitness': 0.07505382667864746, 'generation': 205}","{'id': 8952, 'rank': 22, 'fitness': 0.06932265896184825, 'generation': 205}","{'id': 8987, 'rank': 23, 'fitness': 0.06664783336628194, 'generation': 205}","{'id': 8978, 'rank': 24, 'fitness': 0.048109177084716626, 'generation': 205}","{'id': 8984, 'rank': 25, 'fitness': 0.04755251590841025, 'generation': 205}","{'id': 8954, 'rank': 26, 'fitness': 0.04600556405437001, 'generation': 205}","{'id': 8953, 'rank': 27, 'fitness': 0.028464555493167287, 'generation': 205}","{'id': 8974, 'rank': 28, 'fitness': 0.026581248234577748, 'generation': 205}","{'id': 8980, 'rank': 29, 'fitness': 0.022017425873214147, 'generation': 205}","{'id': 8990, 'rank': 30, 'fitness': 0.01798620996209155, 'generation': 205}"
"{'id': 9042, 'rank': 1, 'fitness': 0.9820137900379085, 'generation': 206}","{'id': 9032, 'rank': 2, 'fitness': 0.9165126342112591, 'generation': 206}","{'id': 9044, 'rank': 3, 'fitness': 0.8717541613363251, 'generation': 206}","{'id': 9027, 'rank': 4, 'fitness': 0.7566681391399094, 'generation': 206}","{'id': 9021, 'rank': 5, 'fitness': 0.7561367221214506, 'generation': 206}","{'id': 9043, 'rank': 6, 'fitness': 0.6119844668281453, 'generation': 206}","{'id': 9040, 'rank': 7, 'fitness': 0.5945872342047406, 'generation': 206}","{'id': 9034, 'rank': 8, 'fitness': 0.41896729043575287, 'generation': 206}","{'id': 9035, 'rank': 9, 'fitness': 0.3724426384519378, 'generation': 206}","{'id': 9039, 'rank': 10, 'fitness': 0.35667817110492717, 'generation': 206}","{'id': 9038, 'rank': 11, 'fitness': 0.32801175495671675, 'generation': 206}","{'id': 9013, 'rank': 12, 'fitness': 0.32575927721632814, 'generation': 206}","{'id': 9036, 'rank': 13, 'fitness': 0.3228179892000755, 'generation': 206}","{'id': 9006, 'rank': 14, 'fitness': 0.31926748348431927, 'generation': 206}","{'id': 9033, 'rank': 15, 'fitness': 0.28756100269846113, 'generation': 206}","{'id': 9024, 'rank': 16, 'fitness': 0.28286755536154196, 'generation': 206}","{'id': 9026, 'rank': 17, 'fitness': 0.20123106125223722, 'generation': 206}","{'id': 9008, 'rank': 18, 'fitness': 0.20006665290685172, 'generation': 206}","{'id': 9028, 'rank': 19, 'fitness': 0.18718990988587725, 'generation': 206}","{'id': 9004, 'rank': 20, 'fitness': 0.17678805376950973, 'generation': 206}","{'id': 9029, 'rank': 21, 'fitness': 0.13254806464163826, 'generation': 206}","{'id': 9018, 'rank': 22, 'fitness': 0.10051595317813633, 'generation': 206}","{'id': 9002, 'rank': 23, 'fitness': 0.03986915599873281, 'generation': 206}","{'id': 9019, 'rank': 24, 'fitness': 0.039189446647811155, 'generation': 206}","{'id': 9031, 'rank': 25, 'fitness': 0.03547211369570413, 'generation': 206}","{'id': 9037, 'rank': 26, 'fitness': 0.02971208395171948, 'generation': 206}","{'id': 9017, 'rank': 27, 'fitness': 0.02406688838907517, 'generation': 206}","{'id': 9023, 'rank': 28, 'fitness': 0.019749630676562824, 'generation': 206}","{'id': 9020, 'rank': 29, 'fitness': 0.019273485957120418, 'generation': 206}","{'id': 9011, 'rank': 30, 'fitness': 0.01798620996209155, 'generation': 206}"
"{'id': 9092, 'rank': 1, 'fitness': 0.9820137900379085, 'generation': 207}","{'id': 9082, 'rank': 2, 'fitness': 0.9670186237594851, 'generation': 207}","{'id': 9079, 'rank': 3, 'fitness': 0.9512384277235939, 'generation': 207}","{'id': 9067, 'rank': 4, 'fitness': 0.8535358055539144, 'generation': 207}","{'id': 9049, 'rank': 5, 'fitness': 0.7752796133635944, 'generation': 207}","{'id': 9074, 'rank': 6, 'fitness': 0.7161351973189126, 'generation': 207}","{'id': 9071, 'rank': 7, 'fitness': 0.6387820808890596, 'generation': 207}","{'id': 9090, 'rank': 8, 'fitness': 0.5954245665498478, 'generation': 207}","{'id': 9060, 'rank': 9, 'fitness': 0.3707072794446027, 'generation': 207}","{'id': 9091, 'rank': 10, 'fitness': 0.36890495207939134, 'generation': 207}","{'id': 9046, 'rank': 11, 'fitness': 0.32711161411015766, 'generation': 207}","{'id': 9086, 'rank': 12, 'fitness': 0.285620069783162, 'generation': 207}","{'id': 9089, 'rank': 13, 'fitness': 0.2686848682687666, 'generation': 207}","{'id': 9081, 'rank': 14, 'fitness': 0.24361224036696616, 'generation': 207}","{'id': 9088, 'rank': 15, 'fitness': 0.21662812079470384, 'generation': 207}","{'id': 9084, 'rank': 16, 'fitness': 0.19718466111285604, 'generation': 207}","{'id': 9078, 'rank': 17, 'fitness': 0.1653342281802742, 'generation': 207}","{'id': 9055, 'rank': 18, 'fitness': 0.09755092558524703, 'generation': 207}","{'id': 9080, 'rank': 19, 'fitness': 0.09030273033621228, 'generation': 207}","{'id': 9061, 'rank': 20, 'fitness': 0.07920943690607551, 'generation': 207}","{'id': 9085, 'rank': 21, 'fitness': 0.07342802940839377, 'generation': 207}","{'id': 9087, 'rank': 22, 'fitness': 0.07158073875701398, 'generation': 207}","{'id': 9077, 'rank': 23, 'fitness': 0.060108329027080076, 'generation': 207}","{'id': 9073, 'rank': 24, 'fitness': 0.05650476127319182, 'generation': 207}","{'id': 9057, 'rank': 25, 'fitness': 0.04779918705121833, 'generation': 207}","{'id': 9064, 'rank': 26, 'fitness': 0.03462866344492743, 'generation': 207}","{'id': 9070, 'rank': 27, 'fitness': 0.027467923916377535, 'generation': 207}","{'id': 9093, 'rank': 28, 'fitness': 0.02740449126469291, 'generation': 207}","{'id': 9083, 'rank': 29, 'fitness': 0.01986953223120258, 'generation': 207}","{'id': 9052, 'rank': 30, 'fitness': 0.01798620996209155, 'generation': 207}"
"{'id': 9129, 'rank': 1, 'fitness': 0.9820137900379085, 'generation': 208}","{'id': 9130, 'rank': 2, 'fitness': 0.9787883550053221, 'generation': 208}","{'id': 9137, 'rank': 3, 'fitness': 0.9656158944401202, 'generation': 208}","{'id': 9131, 'rank': 4, 'fitness': 0.9524906344959871, 'generation': 208}","{'id': 9115, 'rank': 5, 'fitness': 0.8767809579431662, 'generation': 208}","{'id': 9113, 'rank': 6, 'fitness': 0.6961109052548851, 'generation': 208}","{'id': 9104, 'rank': 7, 'fitness': 0.6492399186524103, 'generation': 208}","{'id': 9136, 'rank': 8, 'fitness': 0.6316115345857243, 'generation': 208}","{'id': 9119, 'rank': 9, 'fitness': 0.5453057355649567, 'generation': 208}","{'id': 9124, 'rank': 10, 'fitness': 0.5375903663108008, 'generation': 208}","{'id': 9133, 'rank': 11, 'fitness': 0.48184466616451427, 'generation': 208}","{'id': 9127, 'rank': 12, 'fitness': 0.40557721535582486, 'generation': 208}","{'id': 9100, 'rank': 13, 'fitness': 0.3105947213151674, 'generation': 208}","{'id': 9128, 'rank': 14, 'fitness': 0.2833651056839308, 'generation': 208}","{'id': 9102, 'rank': 15, 'fitness': 0.23668942727485426, 'generation': 208}","{'id': 9126, 'rank': 16, 'fitness': 0.19248510900825017, 'generation': 208}","{'id': 9123, 'rank': 17, 'fitness': 0.1761495844735098, 'generation': 208}","{'id': 9109, 'rank': 18, 'fitness': 0.16620115428693605, 'generation': 208}","{'id': 9138, 'rank': 19, 'fitness': 0.09761464785213575, 'generation': 208}","{'id': 9110, 'rank': 20, 'fitness': 0.0658519936746278, 'generation': 208}","{'id': 9103, 'rank': 21, 'fitness': 0.05158450384739949, 'generation': 208}","{'id': 9135, 'rank': 22, 'fitness': 0.033979300543957036, 'generation': 208}","{'id': 9099, 'rank': 23, 'fitness': 0.03389861380559217, 'generation': 208}","{'id': 9114, 'rank': 24, 'fitness': 0.032999551811767835, 'generation': 208}","{'id': 9134, 'rank': 25, 'fitness': 0.031459339788286134, 'generation': 208}","{'id': 9111, 'rank': 26, 'fitness': 0.028736366085305665, 'generation': 208}","{'id': 9108, 'rank': 27, 'fitness': 0.027310456952235662, 'generation': 208}","{'id': 9117, 'rank': 28, 'fitness': 0.024586981791124785, 'generation': 208}","{'id': 9120, 'rank': 29, 'fitness': 0.02134651982157254, 'generation': 208}","{'id': 9116, 'rank': 30, 'fitness': 0.01798620996209155, 'generation': 208}"
"{'id': 9180, 'rank': 1, 'fitness': 0.9820137900379085, 'generation': 209}","{'id': 9176, 'rank': 2, 'fitness': 0.9811131309700988, 'generation': 209}","{'id': 9175, 'rank': 3, 'fitness': 0.9789864748635682, 'generation': 209}","{'id': 9169, 'rank': 4, 'fitness': 0.9395800441096509, 'generation': 209}","{'id': 9184, 'rank': 5, 'fitness': 0.8864565504081972, 'generation': 209}","{'id': 9172, 'rank': 6, 'fitness': 0.8682367950203544, 'generation': 209}","{'id': 9168, 'rank': 7, 'fitness': 0.8582520855814633, 'generation': 209}","{'id': 9177, 'rank': 8, 'fitness': 0.85401690461291, 'generation': 209}","{'id': 9160, 'rank': 9, 'fitness': 0.6874347017905689, 'generation': 209}","{'id': 9182, 'rank': 10, 'fitness': 0.5975346548995414, 'generation': 209}","{'id': 9178, 'rank': 11, 'fitness': 0.5769888018001892, 'generation': 209}","{'id': 9141, 'rank': 12, 'fitness': 0.33536666931029957, 'generation': 209}","{'id': 9164, 'rank': 13, 'fitness': 0.3238541019285805, 'generation': 209}","{'id': 9174, 'rank': 14, 'fitness': 0.28462051799727917, 'generation': 209}","{'id': 9143, 'rank': 15, 'fitness': 0.21443022961663932, 'generation': 209}","{'id': 9159, 'rank': 16, 'fitness': 0.21065597209184966, 'generation': 209}","{'id': 9151, 'rank': 17, 'fitness': 0.15767975002652124, 'generation': 209}","{'id': 9156, 'rank': 18, 'fitness': 0.1305807823429888, 'generation': 209}","{'id': 9173, 'rank': 19, 'fitness': 0.12343013497225053, 'generation': 209}","{'id': 9148, 'rank': 20, 'fitness': 0.09911854504916007, 'generation': 209}","{'id': 9170, 'rank': 21, 'fitness': 0.09004284915083732, 'generation': 209}","{'id': 9183, 'rank': 22, 'fitness': 0.08130663119251413, 'generation': 209}","{'id': 9181, 'rank': 23, 'fitness': 0.06984924543760634, 'generation': 209}","{'id': 9158, 'rank': 24, 'fitness': 0.05996698239550363, 'generation': 209}","{'id': 9154, 'rank': 25, 'fitness': 0.0561027152571304, 'generation': 209}","{'id': 9161, 'rank': 26, 'fitness': 0.052983625998450634, 'generation': 209}","{'id': 9171, 'rank': 27, 'fitness': 0.050861126615459384, 'generation': 209}","{'id': 9162, 'rank': 28, 'fitness': 0.03046671155536612, 'generation': 209}","{'id': 9140, 'rank': 29, 'fitness': 0.025734230189554452, 'generation': 209}","{'id': 9163, 'rank': 30, 'fitness': 0.01798620996209155, 'generation': 209}"
"{'id': 9234, 'rank': 1, 'fitness': 0.9820137900379085, 'generation': 210}","{'id': 9235, 'rank': 2, 'fitness': 0.9438382676198451, 'generation': 210}","{'id': 9232, 'rank': 3, 'fitness': 0.9337895700100274, 'generation': 210}","{'id': 9219, 'rank': 4, 'fitness': 0.7927061014786208, 'generation': 210}","{'id': 9209, 'rank': 5, 'fitness': 0.7703978806073566, 'generation': 210}","{'id': 9215, 'rank': 6, 'fitness': 0.6683044953105933, 'generation': 210}","{'id': 9192, 'rank': 7, 'fitness': 0.6565084493856023, 'generation': 210}","{'id': 9236, 'rank': 8, 'fitness': 0.5499114654521665, 'generation': 210}","{'id': 9237, 'rank': 9, 'fitness': 0.3061492216212322, 'generation': 210}","{'id': 9224, 'rank': 10, 'fitness': 0.2676014243771725, 'generation': 210}","{'id': 9229, 'rank': 11, 'fitness': 0.24648611953129784, 'generation': 210}","{'id': 9228, 'rank': 12, 'fitness': 0.20541509859828377, 'generation': 210}","{'id': 9223, 'rank': 13, 'fitness': 0.19469202000361452, 'generation': 210}","{'id': 9220, 'rank': 14, 'fitness': 0.19114179185226537, 'generation': 210}","{'id': 9202, 'rank': 15, 'fitness': 0.16758427167650597, 'generation': 210}","{'id': 9199, 'rank': 16, 'fitness': 0.14335545932140847, 'generation': 210}","{'id': 9194, 'rank': 17, 'fitness': 0.1347752885466178, 'generation': 210}","{'id': 9214, 'rank': 18, 'fitness': 0.12081674844441859, 'generation': 210}","{'id': 9197, 'rank': 19, 'fitness': 0.07008873383484981, 'generation': 210}","{'id': 9190, 'rank': 20, 'fitness': 0.06827154959132992, 'generation': 210}","{'id': 9216, 'rank': 21, 'fitness': 0.0638781183309085, 'generation': 210}","{'id': 9206, 'rank': 22, 'fitness': 0.05403261332077047, 'generation': 210}","{'id': 9233, 'rank': 23, 'fitness': 0.051795574221555896, 'generation': 210}","{'id': 9186, 'rank': 24, 'fitness': 0.050083714931327517, 'generation': 210}","{'id': 9221, 'rank': 25, 'fitness': 0.039105159461120365, 'generation': 210}","{'id': 9193, 'rank': 26, 'fitness': 0.03856710427999205, 'generation': 210}","{'id': 9225, 'rank': 27, 'fitness': 0.034066735166011275, 'generation': 210}","{'id': 9189, 'rank': 28, 'fitness': 0.030222238442980665, 'generation': 210}","{'id': 9191, 'rank': 29, 'fitness': 0.018496234040101978, 'generation': 210}","{'id': 9200, 'rank': 30, 'fitness': 0.01798620996209155, 'generation': 210}"
"{'id': 9262, 'rank': 1, 'fitness': 0.9820137900379085, 'generation': 211}","{'id': 9265, 'rank': 2, 'fitness': 0.9374368654235103, 'generation': 211}","{'id': 9274, 'rank': 3, 'fitness': 0.9020443093683064, 'generation': 211}","{'id': 9266, 'rank': 4, 'fitness': 0.8705143429845319, 'generation': 211}","{'id': 9269, 'rank': 5, 'fitness': 0.8572484613172999, 'generation': 211}","{'id': 9268, 'rank': 6, 'fitness': 0.7646862316262629, 'generation': 211}","{'id': 9261, 'rank': 7, 'fitness': 0.55218196206924, 'generation': 211}","{'id': 9275, 'rank': 8, 'fitness': 0.5271882466024198, 'generation': 211}","{'id': 9273, 'rank': 9, 'fitness': 0.5103798217916315, 'generation': 211}","{'id': 9256, 'rank': 10, 'fitness': 0.48932306709076573, 'generation': 211}","{'id': 9272, 'rank': 11, 'fitness': 0.4624147438006011, 'generation': 211}","{'id': 9244, 'rank': 12, 'fitness': 0.4536046486764047, 'generation': 211}","{'id': 9277, 'rank': 13, 'fitness': 0.43811003881809074, 'generation': 211}","{'id': 9270, 'rank': 14, 'fitness': 0.41709764037279534, 'generation': 211}","{'id': 9259, 'rank': 15, 'fitness': 0.340786568299549, 'generation': 211}","{'id': 9255, 'rank': 16, 'fitness': 0.29232431689968186, 'generation': 211}","{'id': 9257, 'rank': 17, 'fitness': 0.2720194816655172, 'generation': 211}","{'id': 9252, 'rank': 18, 'fitness': 0.24506237621981725, 'generation': 211}","{'id': 9276, 'rank': 19, 'fitness': 0.18142139900535664, 'generation': 211}","{'id': 9267, 'rank': 20, 'fitness': 0.1455075483799792, 'generation': 211}","{'id': 9258, 'rank': 21, 'fitness': 0.1439528473255316, 'generation': 211}","{'id': 9242, 'rank': 22, 'fitness': 0.06747386017514523, 'generation': 211}","{'id': 9245, 'rank': 23, 'fitness': 0.05330871296674472, 'generation': 211}","{'id': 9238, 'rank': 24, 'fitness': 0.05015638085543439, 'generation': 211}","{'id': 9263, 'rank': 25, 'fitness': 0.042049022321413, 'generation': 211}","{'id': 9250, 'rank': 26, 'fitness': 0.0404947092474352, 'generation': 211}","{'id': 9249, 'rank': 27, 'fitness': 0.03718691292500709, 'generation': 211}","{'id': 9260, 'rank': 28, 'fitness': 0.026204388442588822, 'generation': 211}","{'id': 9254, 'rank': 29, 'fitness': 0.01998336571493281, 'generation': 211}","{'id': 9271, 'rank': 30, 'fitness': 0.01798620996209155, 'generation': 211}"
"{'id': 9312, 'rank': 1, 'fitness': 0.9820137900379085, 'generation': 212}","{'id': 9319, 'rank': 2, 'fitness': 0.9812015322543534, 'generation': 212}","{'id': 9315, 'rank': 3, 'fitness': 0.9735096752854362, 'generation': 212}","{'id': 9313, 'rank': 4, 'fitness': 0.962955113362575, 'generation': 212}","{'id': 9310, 'rank': 5, 'fitness': 0.886169047114928, 'generation': 212}","{'id': 9318, 'rank': 6, 'fitness': 0.8755962363093333, 'generation': 212}","{'id': 9316, 'rank': 7, 'fitness': 0.760218363704789, 'generation': 212}","{'id': 9307, 'rank': 8, 'fitness': 0.7465724720858855, 'generation': 212}","{'id': 9314, 'rank': 9, 'fitness': 0.7189011223509288, 'generation': 212}","{'id': 9286, 'rank': 10, 'fitness': 0.6952956559929904, 'generation': 212}","{'id': 9283, 'rank': 11, 'fitness': 0.6733816860438878, 'generation': 212}","{'id': 9303, 'rank': 12, 'fitness': 0.47513625036936086, 'generation': 212}","{'id': 9301, 'rank': 13, 'fitness': 0.45078520778699666, 'generation': 212}","{'id': 9279, 'rank': 14, 'fitness': 0.4481136954121769, 'generation': 212}","{'id': 9284, 'rank': 15, 'fitness': 0.24218115086183678, 'generation': 212}","{'id': 9294, 'rank': 16, 'fitness': 0.20253635541277476, 'generation': 212}","{'id': 9304, 'rank': 17, 'fitness': 0.18041658650452475, 'generation': 212}","{'id': 9298, 'rank': 18, 'fitness': 0.17570369457574841, 'generation': 212}","{'id': 9293, 'rank': 19, 'fitness': 0.16054370165697163, 'generation': 212}","{'id': 9290, 'rank': 20, 'fitness': 0.1487536384015833, 'generation': 212}","{'id': 9297, 'rank': 21, 'fitness': 0.13021146627729585, 'generation': 212}","{'id': 9292, 'rank': 22, 'fitness': 0.11776629333043853, 'generation': 212}","{'id': 9296, 'rank': 23, 'fitness': 0.11273197993526346, 'generation': 212}","{'id': 9302, 'rank': 24, 'fitness': 0.10296477608427479, 'generation': 212}","{'id': 9281, 'rank': 25, 'fitness': 0.07501776112200381, 'generation': 212}","{'id': 9306, 'rank': 26, 'fitness': 0.07287242468139277, 'generation': 212}","{'id': 9317, 'rank': 27, 'fitness': 0.0565525910986292, 'generation': 212}","{'id': 9285, 'rank': 28, 'fitness': 0.03492458787267272, 'generation': 212}","{'id': 9305, 'rank': 29, 'fitness': 0.01814838189311252, 'generation': 212}","{'id': 9289, 'rank': 30, 'fitness': 0.01798620996209155, 'generation': 212}"
"{'id': 9361, 'rank': 1, 'fitness': 0.9820137900379085, 'generation': 213}","{'id': 9369, 'rank': 2, 'fitness': 0.9005138676886557, 'generation': 213}","{'id': 9327, 'rank': 3, 'fitness': 0.6295800657219026, 'generation': 213}","{'id': 9334, 'rank': 4, 'fitness': 0.606946841161615, 'generation': 213}","{'id': 9355, 'rank': 5, 'fitness': 0.5685147479530359, 'generation': 213}","{'id': 9364, 'rank': 6, 'fitness': 0.4980415756994597, 'generation': 213}","{'id': 9365, 'rank': 7, 'fitness': 0.3289009408314618, 'generation': 213}","{'id': 9354, 'rank': 8, 'fitness': 0.25105400084291624, 'generation': 213}","{'id': 9368, 'rank': 9, 'fitness': 0.23523528883693245, 'generation': 213}","{'id': 9360, 'rank': 10, 'fitness': 0.22497351584261466, 'generation': 213}","{'id': 9326, 'rank': 11, 'fitness': 0.17782864635387402, 'generation': 213}","{'id': 9367, 'rank': 12, 'fitness': 0.16960664671464093, 'generation': 213}","{'id': 9338, 'rank': 13, 'fitness': 0.14972508016739206, 'generation': 213}","{'id': 9358, 'rank': 14, 'fitness': 0.13945534478201393, 'generation': 213}","{'id': 9332, 'rank': 15, 'fitness': 0.11851444975185366, 'generation': 213}","{'id': 9346, 'rank': 16, 'fitness': 0.10052045558205347, 'generation': 213}","{'id': 9347, 'rank': 17, 'fitness': 0.09000684363822309, 'generation': 213}","{'id': 9349, 'rank': 18, 'fitness': 0.08069006952584473, 'generation': 213}","{'id': 9362, 'rank': 19, 'fitness': 0.05202259645564805, 'generation': 213}","{'id': 9352, 'rank': 20, 'fitness': 0.044212632248500694, 'generation': 213}","{'id': 9353, 'rank': 21, 'fitness': 0.04326004840524389, 'generation': 213}","{'id': 9350, 'rank': 22, 'fitness': 0.04114725995229085, 'generation': 213}","{'id': 9331, 'rank': 23, 'fitness': 0.035459332498935126, 'generation': 213}","{'id': 9342, 'rank': 24, 'fitness': 0.030580966544150323, 'generation': 213}","{'id': 9359, 'rank': 25, 'fitness': 0.030566859692763737, 'generation': 213}","{'id': 9344, 'rank': 26, 'fitness': 0.02911298976580734, 'generation': 213}","{'id': 9323, 'rank': 27, 'fitness': 0.028238319444727822, 'generation': 213}","{'id': 9363, 'rank': 28, 'fitness': 0.02335551544086123, 'generation': 213}","{'id': 9345, 'rank': 29, 'fitness': 0.022319081757352144, 'generation': 213}","{'id': 9356, 'rank': 30, 'fitness': 0.01798620996209155, 'generation': 213}"
"{'id': 9408, 'rank': 1, 'fitness': 0.9820137900379085, 'generation': 214}","{'id': 9395, 'rank': 2, 'fitness': 0.9176089260002218, 'generation': 214}","{'id': 9389, 'rank': 3, 'fitness': 0.8356052395152924, 'generation': 214}","{'id': 9404, 'rank': 4, 'fitness': 0.646814803550161, 'generation': 214}","{'id': 9409, 'rank': 5, 'fitness': 0.5860221412630333, 'generation': 214}","{'id': 9406, 'rank': 6, 'fitness': 0.5229353654465873, 'generation': 214}","{'id': 9403, 'rank': 7, 'fitness': 0.44271951472445986, 'generation': 214}","{'id': 9402, 'rank': 8, 'fitness': 0.3959664562122873, 'generation': 214}","{'id': 9401, 'rank': 9, 'fitness': 0.30314064602780455, 'generation': 214}","{'id': 9390, 'rank': 10, 'fitness': 0.21036626964680688, 'generation': 214}","{'id': 9387, 'rank': 11, 'fitness': 0.19560427069291808, 'generation': 214}","{'id': 9383, 'rank': 12, 'fitness': 0.1399776342146597, 'generation': 214}","{'id': 9378, 'rank': 13, 'fitness': 0.10359637328757715, 'generation': 214}","{'id': 9400, 'rank': 14, 'fitness': 0.07978591424290943, 'generation': 214}","{'id': 9407, 'rank': 15, 'fitness': 0.06842573704840538, 'generation': 214}","{'id': 9385, 'rank': 16, 'fitness': 0.06643193472420572, 'generation': 214}","{'id': 9394, 'rank': 17, 'fitness': 0.06505564532877767, 'generation': 214}","{'id': 9392, 'rank': 18, 'fitness': 0.06394997514396139, 'generation': 214}","{'id': 9384, 'rank': 19, 'fitness': 0.05762312772485778, 'generation': 214}","{'id': 9398, 'rank': 20, 'fitness': 0.05084688311852498, 'generation': 214}","{'id': 9411, 'rank': 21, 'fitness': 0.04078535779323322, 'generation': 214}","{'id': 9405, 'rank': 22, 'fitness': 0.03437772887262963, 'generation': 214}","{'id': 9381, 'rank': 23, 'fitness': 0.032802561903046035, 'generation': 214}","{'id': 9372, 'rank': 24, 'fitness': 0.027781209926735717, 'generation': 214}","{'id': 9376, 'rank': 25, 'fitness': 0.025717016147217997, 'generation': 214}","{'id': 9399, 'rank': 26, 'fitness': 0.025481238445410337, 'generation': 214}","{'id': 9386, 'rank': 27, 'fitness': 0.025395935353508814, 'generation': 214}","{'id': 9377, 'rank': 28, 'fitness': 0.01882899508386754, 'generation': 214}","{'id': 9396, 'rank': 29, 'fitness': 0.0182212562624387, 'generation': 214}","{'id': 9391, 'rank': 30, 'fitness': 0.01798620996209155, 'generation': 214}"
"{'id': 9444, 'rank': 1, 'fitness': 0.9820137900379085, 'generation': 215}","{'id': 9441, 'rank': 2, 'fitness': 0.8080035402404118, 'generation': 215}","{'id': 9448, 'rank': 3, 'fitness': 0.8025915954668992, 'generation': 215}","{'id': 9439, 'rank': 4, 'fitness': 0.7065551292454441, 'generation': 215}","{'id': 9440, 'rank': 5, 'fitness': 0.5675897386647576, 'generation': 215}","{'id': 9423, 'rank': 6, 'fitness': 0.5317975098649467, 'generation': 215}","{'id': 9416, 'rank': 7, 'fitness': 0.4669014190855067, 'generation': 215}","{'id': 9421, 'rank': 8, 'fitness': 0.46133187910307294, 'generation': 215}","{'id': 9443, 'rank': 9, 'fitness': 0.45030603330389957, 'generation': 215}","{'id': 9434, 'rank': 10, 'fitness': 0.35989029249975335, 'generation': 215}","{'id': 9445, 'rank': 11, 'fitness': 0.2815421582551174, 'generation': 215}","{'id': 9446, 'rank': 12, 'fitness': 0.1850138845903651, 'generation': 215}","{'id': 9431, 'rank': 13, 'fitness': 0.1846616510694824, 'generation': 215}","{'id': 9442, 'rank': 14, 'fitness': 0.1619191642046821, 'generation': 215}","{'id': 9450, 'rank': 15, 'fitness': 0.14017784231063524, 'generation': 215}","{'id': 9422, 'rank': 16, 'fitness': 0.12080622581193429, 'generation': 215}","{'id': 9429, 'rank': 17, 'fitness': 0.10914476911996379, 'generation': 215}","{'id': 9419, 'rank': 18, 'fitness': 0.08802640991966454, 'generation': 215}","{'id': 9449, 'rank': 19, 'fitness': 0.07414414222725724, 'generation': 215}","{'id': 9433, 'rank': 20, 'fitness': 0.06852365954407064, 'generation': 215}","{'id': 9412, 'rank': 21, 'fitness': 0.056614809520147635, 'generation': 215}","{'id': 9447, 'rank': 22, 'fitness': 0.05198303880085714, 'generation': 215}","{'id': 9425, 'rank': 23, 'fitness': 0.04825551341792206, 'generation': 215}","{'id': 9452, 'rank': 24, 'fitness': 0.03814390333978801, 'generation': 215}","{'id': 9424, 'rank': 25, 'fitness': 0.03657802316943204, 'generation': 215}","{'id': 9428, 'rank': 26, 'fitness': 0.03367314874280952, 'generation': 215}","{'id': 9432, 'rank': 27, 'fitness': 0.03334438890279595, 'generation': 215}","{'id': 9426, 'rank': 28, 'fitness': 0.029871215430621656, 'generation': 215}","{'id': 9435, 'rank': 29, 'fitness': 0.02081715139336615, 'generation': 215}","{'id': 9436, 'rank': 30, 'fitness': 0.01798620996209155, 'generation': 215}"
"{'id': 9490, 'rank': 1, 'fitness': 0.9820137900379085, 'generation': 216}","{'id': 9485, 'rank': 2, 'fitness': 0.973995021244488, 'generation': 216}","{'id': 9479, 'rank': 3, 'fitness': 0.954201663686935, 'generation': 216}","{'id': 9481, 'rank': 4, 'fitness': 0.9460771786294511, 'generation': 216}","{'id': 9459, 'rank': 5, 'fitness': 0.9117930419147153, 'generation': 216}","{'id': 9470, 'rank': 6, 'fitness': 0.8978893156901009, 'generation': 216}","{'id': 9488, 'rank': 7, 'fitness': 0.8728900183651371, 'generation': 216}","{'id': 9460, 'rank': 8, 'fitness': 0.8457567313649663, 'generation': 216}","{'id': 9478, 'rank': 9, 'fitness': 0.8405751003351056, 'generation': 216}","{'id': 9480, 'rank': 10, 'fitness': 0.8320816744743472, 'generation': 216}","{'id': 9475, 'rank': 11, 'fitness': 0.6607366996646491, 'generation': 216}","{'id': 9486, 'rank': 12, 'fitness': 0.495023278275678, 'generation': 216}","{'id': 9484, 'rank': 13, 'fitness': 0.4602077883983577, 'generation': 216}","{'id': 9463, 'rank': 14, 'fitness': 0.4345344654360608, 'generation': 216}","{'id': 9476, 'rank': 15, 'fitness': 0.2243905013325988, 'generation': 216}","{'id': 9466, 'rank': 16, 'fitness': 0.16775845118094374, 'generation': 216}","{'id': 9472, 'rank': 17, 'fitness': 0.1543724462693959, 'generation': 216}","{'id': 9453, 'rank': 18, 'fitness': 0.14387780967392244, 'generation': 216}","{'id': 9487, 'rank': 19, 'fitness': 0.07764261269317274, 'generation': 216}","{'id': 9477, 'rank': 20, 'fitness': 0.07426225290451272, 'generation': 216}","{'id': 9491, 'rank': 21, 'fitness': 0.07399736147323399, 'generation': 216}","{'id': 9468, 'rank': 22, 'fitness': 0.0667344424308759, 'generation': 216}","{'id': 9483, 'rank': 23, 'fitness': 0.0551291706330615, 'generation': 216}","{'id': 9461, 'rank': 24, 'fitness': 0.04810733203823242, 'generation': 216}","{'id': 9456, 'rank': 25, 'fitness': 0.03536782588140086, 'generation': 216}","{'id': 9489, 'rank': 26, 'fitness': 0.026905972455998184, 'generation': 216}","{'id': 9467, 'rank': 27, 'fitness': 0.026668518728911295, 'generation': 216}","{'id': 9455, 'rank': 28, 'fitness': 0.025925965666330597, 'generation': 216}","{'id': 9474, 'rank': 29, 'fitness': 0.022995745838614745, 'generation': 216}","{'id': 9469, 'rank': 30, 'fitness': 0.01798620996209155, 'generation': 216}"
"{'id': 9529, 'rank': 1, 'fitness': 0.9820137900379085, 'generation': 217}","{'id': 9530, 'rank': 2, 'fitness': 0.9788296299845897, 'generation': 217}","{'id': 9533, 'rank': 3, 'fitness': 0.971368219878552, 'generation': 217}","{'id': 9541, 'rank': 4, 'fitness': 0.9649961628036037, 'generation': 217}","{'id': 9524, 'rank': 5, 'fitness': 0.93381462671888, 'generation': 217}","{'id': 9503, 'rank': 6, 'fitness': 0.8565367054395567, 'generation': 217}","{'id': 9543, 'rank': 7, 'fitness': 0.8351153505959603, 'generation': 217}","{'id': 9500, 'rank': 8, 'fitness': 0.8237399766397318, 'generation': 217}","{'id': 9525, 'rank': 9, 'fitness': 0.7792778387031085, 'generation': 217}","{'id': 9531, 'rank': 10, 'fitness': 0.6313748494060388, 'generation': 217}","{'id': 9532, 'rank': 11, 'fitness': 0.5266340919659496, 'generation': 217}","{'id': 9537, 'rank': 12, 'fitness': 0.2970249174067292, 'generation': 217}","{'id': 9540, 'rank': 13, 'fitness': 0.2884782650030324, 'generation': 217}","{'id': 9497, 'rank': 14, 'fitness': 0.24613921537169758, 'generation': 217}","{'id': 9505, 'rank': 15, 'fitness': 0.24286562177945642, 'generation': 217}","{'id': 9538, 'rank': 16, 'fitness': 0.23716624860154595, 'generation': 217}","{'id': 9534, 'rank': 17, 'fitness': 0.20194441126062285, 'generation': 217}","{'id': 9527, 'rank': 18, 'fitness': 0.09055403997227346, 'generation': 217}","{'id': 9516, 'rank': 19, 'fitness': 0.06324296304336208, 'generation': 217}","{'id': 9519, 'rank': 20, 'fitness': 0.05670250389596143, 'generation': 217}","{'id': 9492, 'rank': 21, 'fitness': 0.04948503540947646, 'generation': 217}","{'id': 9539, 'rank': 22, 'fitness': 0.04293110601646111, 'generation': 217}","{'id': 9535, 'rank': 23, 'fitness': 0.040552853853805804, 'generation': 217}","{'id': 9517, 'rank': 24, 'fitness': 0.04007599390673289, 'generation': 217}","{'id': 9513, 'rank': 25, 'fitness': 0.023234881794017892, 'generation': 217}","{'id': 9536, 'rank': 26, 'fitness': 0.021738829113037705, 'generation': 217}","{'id': 9511, 'rank': 27, 'fitness': 0.020860511223530276, 'generation': 217}","{'id': 9542, 'rank': 28, 'fitness': 0.019648189140505756, 'generation': 217}","{'id': 9528, 'rank': 29, 'fitness': 0.01828048015429995, 'generation': 217}","{'id': 9523, 'rank': 30, 'fitness': 0.01798620996209155, 'generation': 217}"
"{'id': 9595, 'rank': 1, 'fitness': 0.9820137900379085, 'generation': 218}","{'id': 9586, 'rank': 2, 'fitness': 0.8327800022213716, 'generation': 218}","{'id': 9579, 'rank': 3, 'fitness': 0.7949747807364338, 'generation': 218}","{'id': 9574, 'rank': 4, 'fitness': 0.6963379603761652, 'generation': 218}","{'id': 9584, 'rank': 5, 'fitness': 0.5837832595541619, 'generation': 218}","{'id': 9580, 'rank': 6, 'fitness': 0.4810828937205282, 'generation': 218}","{'id': 9582, 'rank': 7, 'fitness': 0.3276255716444955, 'generation': 218}","{'id': 9577, 'rank': 8, 'fitness': 0.20288845358965096, 'generation': 218}","{'id': 9588, 'rank': 9, 'fitness': 0.19843790083634505, 'generation': 218}","{'id': 9576, 'rank': 10, 'fitness': 0.19093467128537767, 'generation': 218}","{'id': 9563, 'rank': 11, 'fitness': 0.1581866969503155, 'generation': 218}","{'id': 9571, 'rank': 12, 'fitness': 0.1416906782819014, 'generation': 218}","{'id': 9545, 'rank': 13, 'fitness': 0.12238909851866592, 'generation': 218}","{'id': 9590, 'rank': 14, 'fitness': 0.11817393721158198, 'generation': 218}","{'id': 9592, 'rank': 15, 'fitness': 0.11017960424521389, 'generation': 218}","{'id': 9589, 'rank': 16, 'fitness': 0.10954023706601285, 'generation': 218}","{'id': 9575, 'rank': 17, 'fitness': 0.07358507474058851, 'generation': 218}","{'id': 9594, 'rank': 18, 'fitness': 0.07293843119889454, 'generation': 218}","{'id': 9565, 'rank': 19, 'fitness': 0.07189213843614939, 'generation': 218}","{'id': 9593, 'rank': 20, 'fitness': 0.05679578869609625, 'generation': 218}","{'id': 9587, 'rank': 21, 'fitness': 0.05347477536406331, 'generation': 218}","{'id': 9551, 'rank': 22, 'fitness': 0.05032133566704189, 'generation': 218}","{'id': 9578, 'rank': 23, 'fitness': 0.03171078113757919, 'generation': 218}","{'id': 9585, 'rank': 24, 'fitness': 0.031074063920719874, 'generation': 218}","{'id': 9573, 'rank': 25, 'fitness': 0.030332468925387268, 'generation': 218}","{'id': 9549, 'rank': 26, 'fitness': 0.024091835501687975, 'generation': 218}","{'id': 9583, 'rank': 27, 'fitness': 0.023526917398530633, 'generation': 218}","{'id': 9548, 'rank': 28, 'fitness': 0.022284744716342397, 'generation': 218}","{'id': 9553, 'rank': 29, 'fitness': 0.0220796686369516, 'generation': 218}","{'id': 9556, 'rank': 30, 'fitness': 0.01798620996209155, 'generation': 218}"
"{'id': 9629, 'rank': 1, 'fitness': 0.9820137900379085, 'generation': 219}","{'id': 9632, 'rank': 2, 'fitness': 0.9336353749761408, 'generation': 219}","{'id': 9626, 'rank': 3, 'fitness': 0.8718311356542157, 'generation': 219}","{'id': 9619, 'rank': 4, 'fitness': 0.7017447166261029, 'generation': 219}","{'id': 9627, 'rank': 5, 'fitness': 0.4949431921532554, 'generation': 219}","{'id': 9612, 'rank': 6, 'fitness': 0.4723624352447554, 'generation': 219}","{'id': 9610, 'rank': 7, 'fitness': 0.43870374901008125, 'generation': 219}","{'id': 9614, 'rank': 8, 'fitness': 0.4075718993104687, 'generation': 219}","{'id': 9637, 'rank': 9, 'fitness': 0.3588905104850749, 'generation': 219}","{'id': 9615, 'rank': 10, 'fitness': 0.3318782945292637, 'generation': 219}","{'id': 9618, 'rank': 11, 'fitness': 0.3252543233858386, 'generation': 219}","{'id': 9631, 'rank': 12, 'fitness': 0.3133211169616786, 'generation': 219}","{'id': 9622, 'rank': 13, 'fitness': 0.2994092514439375, 'generation': 219}","{'id': 9616, 'rank': 14, 'fitness': 0.2589824493314403, 'generation': 219}","{'id': 9633, 'rank': 15, 'fitness': 0.21676789335953528, 'generation': 219}","{'id': 9605, 'rank': 16, 'fitness': 0.18473593374466313, 'generation': 219}","{'id': 9628, 'rank': 17, 'fitness': 0.1529072611785282, 'generation': 219}","{'id': 9611, 'rank': 18, 'fitness': 0.12957284931233526, 'generation': 219}","{'id': 9635, 'rank': 19, 'fitness': 0.11950736241856247, 'generation': 219}","{'id': 9602, 'rank': 20, 'fitness': 0.07810222518363502, 'generation': 219}","{'id': 9630, 'rank': 21, 'fitness': 0.07252366075722483, 'generation': 219}","{'id': 9624, 'rank': 22, 'fitness': 0.06739191299776226, 'generation': 219}","{'id': 9621, 'rank': 23, 'fitness': 0.04847859956054501, 'generation': 219}","{'id': 9608, 'rank': 24, 'fitness': 0.03376713465797543, 'generation': 219}","{'id': 9600, 'rank': 25, 'fitness': 0.029689391120590547, 'generation': 219}","{'id': 9599, 'rank': 26, 'fitness': 0.027673888406480163, 'generation': 219}","{'id': 9620, 'rank': 27, 'fitness': 0.021539335774965918, 'generation': 219}","{'id': 9636, 'rank': 28, 'fitness': 0.021248459292765254, 'generation': 219}","{'id': 9623, 'rank': 29, 'fitness': 0.020719028029047792, 'generation': 219}","{'id': 9603, 'rank': 30, 'fitness': 0.01798620996209155, 'generation': 219}"
"{'id': 9671, 'rank': 1, 'fitness': 0.9820137900379085, 'generation': 220}","{'id': 9649, 'rank': 2, 'fitness': 0.9675516298548714, 'generation': 220}","{'id': 9666, 'rank': 3, 'fitness': 0.9322838383068544, 'generation': 220}","{'id': 9673, 'rank': 4, 'fitness': 0.9024905911579384, 'generation': 220}","{'id': 9669, 'rank': 5, 'fitness': 0.8909564261580414, 'generation': 220}","{'id': 9662, 'rank': 6, 'fitness': 0.8825268543697345, 'generation': 220}","{'id': 9659, 'rank': 7, 'fitness': 0.8462575596068097, 'generation': 220}","{'id': 9665, 'rank': 8, 'fitness': 0.7628358567644203, 'generation': 220}","{'id': 9668, 'rank': 9, 'fitness': 0.6549053055471606, 'generation': 220}","{'id': 9670, 'rank': 10, 'fitness': 0.576395186083242, 'generation': 220}","{'id': 9645, 'rank': 11, 'fitness': 0.5471505043146603, 'generation': 220}","{'id': 9655, 'rank': 12, 'fitness': 0.49440119765884505, 'generation': 220}","{'id': 9675, 'rank': 13, 'fitness': 0.4784790595352327, 'generation': 220}","{'id': 9674, 'rank': 14, 'fitness': 0.4779107803081164, 'generation': 220}","{'id': 9672, 'rank': 15, 'fitness': 0.21769892101421873, 'generation': 220}","{'id': 9667, 'rank': 16, 'fitness': 0.18861902445859918, 'generation': 220}","{'id': 9679, 'rank': 17, 'fitness': 0.17274021085852914, 'generation': 220}","{'id': 9664, 'rank': 18, 'fitness': 0.14643593262214571, 'generation': 220}","{'id': 9650, 'rank': 19, 'fitness': 0.12198068489570496, 'generation': 220}","{'id': 9663, 'rank': 20, 'fitness': 0.10544488238606908, 'generation': 220}","{'id': 9657, 'rank': 21, 'fitness': 0.09378913164762759, 'generation': 220}","{'id': 9652, 'rank': 22, 'fitness': 0.054221302807334226, 'generation': 220}","{'id': 9653, 'rank': 23, 'fitness': 0.04297103151501713, 'generation': 220}","{'id': 9651, 'rank': 24, 'fitness': 0.042261222494504924, 'generation': 220}","{'id': 9646, 'rank': 25, 'fitness': 0.03345713783574966, 'generation': 220}","{'id': 9639, 'rank': 26, 'fitness': 0.028138006864385445, 'generation': 220}","{'id': 9658, 'rank': 27, 'fitness': 0.02599847090081503, 'generation': 220}","{'id': 9676, 'rank': 28, 'fitness': 0.02191716648981118, 'generation': 220}","{'id': 9656, 'rank': 29, 'fitness': 0.02048926621408753, 'generation': 220}","{'id': 9661, 'rank': 30, 'fitness': 0.01798620996209155, 'generation': 220}"
"{'id': 9723, 'rank': 1, 'fitness': 0.9820137900379085, 'generation': 221}","{'id': 9725, 'rank': 2, 'fitness': 0.9679604914484963, 'generation': 221}","{'id': 9709, 'rank': 3, 'fitness': 0.9351993798511746, 'generation': 221}","{'id': 9718, 'rank': 4, 'fitness': 0.904755052848728, 'generation': 221}","{'id': 9685, 'rank': 5, 'fitness': 0.7222861542979071, 'generation': 221}","{'id': 9710, 'rank': 6, 'fitness': 0.7047190227055484, 'generation': 221}","{'id': 9712, 'rank': 7, 'fitness': 0.6173175731839395, 'generation': 221}","{'id': 9720, 'rank': 8, 'fitness': 0.34948791797459144, 'generation': 221}","{'id': 9726, 'rank': 9, 'fitness': 0.34891335667755097, 'generation': 221}","{'id': 9707, 'rank': 10, 'fitness': 0.34448191505317716, 'generation': 221}","{'id': 9711, 'rank': 11, 'fitness': 0.30348336253996183, 'generation': 221}","{'id': 9717, 'rank': 12, 'fitness': 0.29033658177972144, 'generation': 221}","{'id': 9698, 'rank': 13, 'fitness': 0.2773691445898757, 'generation': 221}","{'id': 9708, 'rank': 14, 'fitness': 0.25767249507802814, 'generation': 221}","{'id': 9724, 'rank': 15, 'fitness': 0.237415728118683, 'generation': 221}","{'id': 9692, 'rank': 16, 'fitness': 0.16826305836478406, 'generation': 221}","{'id': 9715, 'rank': 17, 'fitness': 0.15917862559622648, 'generation': 221}","{'id': 9688, 'rank': 18, 'fitness': 0.14014020895848434, 'generation': 221}","{'id': 9693, 'rank': 19, 'fitness': 0.13788349441340997, 'generation': 221}","{'id': 9719, 'rank': 20, 'fitness': 0.12184664600716011, 'generation': 221}","{'id': 9706, 'rank': 21, 'fitness': 0.08067894921891972, 'generation': 221}","{'id': 9728, 'rank': 22, 'fitness': 0.07970977780490851, 'generation': 221}","{'id': 9714, 'rank': 23, 'fitness': 0.06269598508822116, 'generation': 221}","{'id': 9681, 'rank': 24, 'fitness': 0.05412894157255216, 'generation': 221}","{'id': 9701, 'rank': 25, 'fitness': 0.0516301571560851, 'generation': 221}","{'id': 9722, 'rank': 26, 'fitness': 0.04496474779842585, 'generation': 221}","{'id': 9721, 'rank': 27, 'fitness': 0.04393344529554122, 'generation': 221}","{'id': 9713, 'rank': 28, 'fitness': 0.03251982605538539, 'generation': 221}","{'id': 9704, 'rank': 29, 'fitness': 0.022953461912856465, 'generation': 221}","{'id': 9716, 'rank': 30, 'fitness': 0.01798620996209155, 'generation': 221}"
"{'id': 9768, 'rank': 1, 'fitness': 0.9820137900379085, 'generation': 222}","{'id': 9752, 'rank': 2, 'fitness': 0.9609276800446755, 'generation': 222}","{'id': 9733, 'rank': 3, 'fitness': 0.9310119901804499, 'generation': 222}","{'id': 9760, 'rank': 4, 'fitness': 0.8497155930751992, 'generation': 222}","{'id': 9743, 'rank': 5, 'fitness': 0.732658355374482, 'generation': 222}","{'id': 9737, 'rank': 6, 'fitness': 0.6545240279459361, 'generation': 222}","{'id': 9766, 'rank': 7, 'fitness': 0.5446100524603266, 'generation': 222}","{'id': 9775, 'rank': 8, 'fitness': 0.518000647508472, 'generation': 222}","{'id': 9763, 'rank': 9, 'fitness': 0.4849668918144759, 'generation': 222}","{'id': 9772, 'rank': 10, 'fitness': 0.4509889029898434, 'generation': 222}","{'id': 9769, 'rank': 11, 'fitness': 0.23106423955009042, 'generation': 222}","{'id': 9739, 'rank': 12, 'fitness': 0.17895029980341326, 'generation': 222}","{'id': 9753, 'rank': 13, 'fitness': 0.17027001777294404, 'generation': 222}","{'id': 9764, 'rank': 14, 'fitness': 0.1252041950664543, 'generation': 222}","{'id': 9776, 'rank': 15, 'fitness': 0.11671656840358169, 'generation': 222}","{'id': 9770, 'rank': 16, 'fitness': 0.11526914465446303, 'generation': 222}","{'id': 9774, 'rank': 17, 'fitness': 0.11208486647568833, 'generation': 222}","{'id': 9761, 'rank': 18, 'fitness': 0.08042122205544988, 'generation': 222}","{'id': 9756, 'rank': 19, 'fitness': 0.06953984585530609, 'generation': 222}","{'id': 9734, 'rank': 20, 'fitness': 0.054592876167069704, 'generation': 222}","{'id': 9736, 'rank': 21, 'fitness': 0.046043911748329835, 'generation': 222}","{'id': 9732, 'rank': 22, 'fitness': 0.02995180743389253, 'generation': 222}","{'id': 9757, 'rank': 23, 'fitness': 0.028508578056710754, 'generation': 222}","{'id': 9767, 'rank': 24, 'fitness': 0.028012512732757233, 'generation': 222}","{'id': 9750, 'rank': 25, 'fitness': 0.02394631363129157, 'generation': 222}","{'id': 9745, 'rank': 26, 'fitness': 0.023359630687831978, 'generation': 222}","{'id': 9773, 'rank': 27, 'fitness': 0.022626287947216384, 'generation': 222}","{'id': 9759, 'rank': 28, 'fitness': 0.02141756981039611, 'generation': 222}","{'id': 9762, 'rank': 29, 'fitness': 0.020302972309061473, 'generation': 222}","{'id': 9754, 'rank': 30, 'fitness': 0.01798620996209155, 'generation': 222}"
"{'id': 9810, 'rank': 1, 'fitness': 0.9820137900379085, 'generation': 223}","{'id': 9817, 'rank': 2, 'fitness': 0.9346484213529278, 'generation': 223}","{'id': 9806, 'rank': 3, 'fitness': 0.7004396808364877, 'generation': 223}","{'id': 9812, 'rank': 4, 'fitness': 0.6518873843954358, 'generation': 223}","{'id': 9795, 'rank': 5, 'fitness': 0.5764519306895499, 'generation': 223}","{'id': 9818, 'rank': 6, 'fitness': 0.4330780107465255, 'generation': 223}","{'id': 9786, 'rank': 7, 'fitness': 0.410650444304444, 'generation': 223}","{'id': 9792, 'rank': 8, 'fitness': 0.40631709934079646, 'generation': 223}","{'id': 9794, 'rank': 9, 'fitness': 0.35667542194770274, 'generation': 223}","{'id': 9805, 'rank': 10, 'fitness': 0.2687529439347405, 'generation': 223}","{'id': 9779, 'rank': 11, 'fitness': 0.22374960295905855, 'generation': 223}","{'id': 9796, 'rank': 12, 'fitness': 0.1907068236246845, 'generation': 223}","{'id': 9801, 'rank': 13, 'fitness': 0.18372743055287666, 'generation': 223}","{'id': 9807, 'rank': 14, 'fitness': 0.1758167998678995, 'generation': 223}","{'id': 9814, 'rank': 15, 'fitness': 0.17579000057488137, 'generation': 223}","{'id': 9781, 'rank': 16, 'fitness': 0.16844597628254226, 'generation': 223}","{'id': 9811, 'rank': 17, 'fitness': 0.1125459046509048, 'generation': 223}","{'id': 9816, 'rank': 18, 'fitness': 0.09017813198033064, 'generation': 223}","{'id': 9785, 'rank': 19, 'fitness': 0.07756284843630928, 'generation': 223}","{'id': 9803, 'rank': 20, 'fitness': 0.061712513051268736, 'generation': 223}","{'id': 9793, 'rank': 21, 'fitness': 0.055767214532818465, 'generation': 223}","{'id': 9813, 'rank': 22, 'fitness': 0.049194453132240856, 'generation': 223}","{'id': 9802, 'rank': 23, 'fitness': 0.0487544418815799, 'generation': 223}","{'id': 9815, 'rank': 24, 'fitness': 0.043560582627871214, 'generation': 223}","{'id': 9780, 'rank': 25, 'fitness': 0.03207450698014985, 'generation': 223}","{'id': 9804, 'rank': 26, 'fitness': 0.025135221935256025, 'generation': 223}","{'id': 9787, 'rank': 27, 'fitness': 0.02148796315021284, 'generation': 223}","{'id': 9808, 'rank': 28, 'fitness': 0.01829042040006068, 'generation': 223}","{'id': 9790, 'rank': 29, 'fitness': 0.018183063582946357, 'generation': 223}","{'id': 9791, 'rank': 30, 'fitness': 0.01798620996209155, 'generation': 223}"
"{'id': 9827, 'rank': 1, 'fitness': 0.9820137900379085, 'generation': 224}","{'id': 9842, 'rank': 2, 'fitness': 0.9554794403505764, 'generation': 224}","{'id': 9836, 'rank': 3, 'fitness': 0.9251028308242917, 'generation': 224}","{'id': 9837, 'rank': 4, 'fitness': 0.9231254835425033, 'generation': 224}","{'id': 9834, 'rank': 5, 'fitness': 0.9216569894513564, 'generation': 224}","{'id': 9829, 'rank': 6, 'fitness': 0.8963431471098011, 'generation': 224}","{'id': 9846, 'rank': 7, 'fitness': 0.7943361311303683, 'generation': 224}","{'id': 9854, 'rank': 8, 'fitness': 0.6708996542475689, 'generation': 224}","{'id': 9857, 'rank': 9, 'fitness': 0.6407402906581167, 'generation': 224}","{'id': 9839, 'rank': 10, 'fitness': 0.5301106864352682, 'generation': 224}","{'id': 9853, 'rank': 11, 'fitness': 0.5087990571482907, 'generation': 224}","{'id': 9844, 'rank': 12, 'fitness': 0.43671321162716814, 'generation': 224}","{'id': 9845, 'rank': 13, 'fitness': 0.3007018311191439, 'generation': 224}","{'id': 9849, 'rank': 14, 'fitness': 0.2937773820226581, 'generation': 224}","{'id': 9841, 'rank': 15, 'fitness': 0.26872501168639995, 'generation': 224}","{'id': 9838, 'rank': 16, 'fitness': 0.26033098189616, 'generation': 224}","{'id': 9848, 'rank': 17, 'fitness': 0.24889201784649584, 'generation': 224}","{'id': 9830, 'rank': 18, 'fitness': 0.17731953784420484, 'generation': 224}","{'id': 9852, 'rank': 19, 'fitness': 0.12644934594124585, 'generation': 224}","{'id': 9824, 'rank': 20, 'fitness': 0.11997168288244747, 'generation': 224}","{'id': 9831, 'rank': 21, 'fitness': 0.0829622875427306, 'generation': 224}","{'id': 9832, 'rank': 22, 'fitness': 0.06659729819331184, 'generation': 224}","{'id': 9840, 'rank': 23, 'fitness': 0.06254215048352924, 'generation': 224}","{'id': 9851, 'rank': 24, 'fitness': 0.04857259176016132, 'generation': 224}","{'id': 9847, 'rank': 25, 'fitness': 0.03893938630830274, 'generation': 224}","{'id': 9835, 'rank': 26, 'fitness': 0.025615559925070808, 'generation': 224}","{'id': 9850, 'rank': 27, 'fitness': 0.021932866590614275, 'generation': 224}","{'id': 9856, 'rank': 28, 'fitness': 0.01955959491432857, 'generation': 224}","{'id': 9833, 'rank': 29, 'fitness': 0.019057703348805466, 'generation': 224}","{'id': 9826, 'rank': 30, 'fitness': 0.01798620996209155, 'generation': 224}"
"{'id': 9903, 'rank': 1, 'fitness': 0.9820137900379085, 'generation': 225}","{'id': 9895, 'rank': 2, 'fitness': 0.9747279362487267, 'generation': 225}","{'id': 9888, 'rank': 3, 'fitness': 0.9508655539748048, 'generation': 225}","{'id': 9896, 'rank': 4, 'fitness': 0.9306802707169051, 'generation': 225}","{'id': 9904, 'rank': 5, 'fitness': 0.8699663073329509, 'generation': 225}","{'id': 9900, 'rank': 6, 'fitness': 0.8435435712640671, 'generation': 225}","{'id': 9897, 'rank': 7, 'fitness': 0.8391398342034521, 'generation': 225}","{'id': 9873, 'rank': 8, 'fitness': 0.5361112799181631, 'generation': 225}","{'id': 9870, 'rank': 9, 'fitness': 0.46571779084857456, 'generation': 225}","{'id': 9877, 'rank': 10, 'fitness': 0.26582194569242595, 'generation': 225}","{'id': 9862, 'rank': 11, 'fitness': 0.254860044444145, 'generation': 225}","{'id': 9892, 'rank': 12, 'fitness': 0.24339103846384752, 'generation': 225}","{'id': 9901, 'rank': 13, 'fitness': 0.2392340177434994, 'generation': 225}","{'id': 9905, 'rank': 14, 'fitness': 0.22874684052596445, 'generation': 225}","{'id': 9893, 'rank': 15, 'fitness': 0.2229279197149493, 'generation': 225}","{'id': 9880, 'rank': 16, 'fitness': 0.20098664945929412, 'generation': 225}","{'id': 9889, 'rank': 17, 'fitness': 0.1773480158615362, 'generation': 225}","{'id': 9891, 'rank': 18, 'fitness': 0.15817134724246873, 'generation': 225}","{'id': 9881, 'rank': 19, 'fitness': 0.15468001923514718, 'generation': 225}","{'id': 9878, 'rank': 20, 'fitness': 0.15213089395998614, 'generation': 225}","{'id': 9902, 'rank': 21, 'fitness': 0.11418289380103475, 'generation': 225}","{'id': 9887, 'rank': 22, 'fitness': 0.11198067001987583, 'generation': 225}","{'id': 9860, 'rank': 23, 'fitness': 0.1016333499238774, 'generation': 225}","{'id': 9899, 'rank': 24, 'fitness': 0.08336153896567622, 'generation': 225}","{'id': 9861, 'rank': 25, 'fitness': 0.06705508283827044, 'generation': 225}","{'id': 9876, 'rank': 26, 'fitness': 0.061337839603388344, 'generation': 225}","{'id': 9894, 'rank': 27, 'fitness': 0.061118051388601324, 'generation': 225}","{'id': 9866, 'rank': 28, 'fitness': 0.05465073520159225, 'generation': 225}","{'id': 9882, 'rank': 29, 'fitness': 0.04597888786108639, 'generation': 225}","{'id': 9883, 'rank': 30, 'fitness': 0.01798620996209155, 'generation': 225}"
"{'id': 9943, 'rank': 1, 'fitness': 0.9820137900379085, 'generation': 226}","{'id': 9930, 'rank': 2, 'fitness': 0.980047782989473, 'generation': 226}","{'id': 9912, 'rank': 3, 'fitness': 0.9431686935701853, 'generation': 226}","{'id': 9934, 'rank': 4, 'fitness': 0.9288890840071752, 'generation': 226}","{'id': 9939, 'rank': 5, 'fitness': 0.8894355814495014, 'generation': 226}","{'id': 9927, 'rank': 6, 'fitness': 0.8251360737749949, 'generation': 226}","{'id': 9932, 'rank': 7, 'fitness': 0.8109011075355295, 'generation': 226}","{'id': 9947, 'rank': 8, 'fitness': 0.6447179044738125, 'generation': 226}","{'id': 9924, 'rank': 9, 'fitness': 0.6239311797019077, 'generation': 226}","{'id': 9937, 'rank': 10, 'fitness': 0.6169675782256341, 'generation': 226}","{'id': 9941, 'rank': 11, 'fitness': 0.5940365128020344, 'generation': 226}","{'id': 9933, 'rank': 12, 'fitness': 0.5862926603920614, 'generation': 226}","{'id': 9907, 'rank': 13, 'fitness': 0.5518169640146632, 'generation': 226}","{'id': 9929, 'rank': 14, 'fitness': 0.46716025693907187, 'generation': 226}","{'id': 9923, 'rank': 15, 'fitness': 0.38956243448356676, 'generation': 226}","{'id': 9945, 'rank': 16, 'fitness': 0.3237197424875867, 'generation': 226}","{'id': 9931, 'rank': 17, 'fitness': 0.235965304026636, 'generation': 226}","{'id': 9935, 'rank': 18, 'fitness': 0.23525670572408391, 'generation': 226}","{'id': 9906, 'rank': 19, 'fitness': 0.2245431653570018, 'generation': 226}","{'id': 9915, 'rank': 20, 'fitness': 0.11874236815366779, 'generation': 226}","{'id': 9938, 'rank': 21, 'fitness': 0.1154689473914402, 'generation': 226}","{'id': 9908, 'rank': 22, 'fitness': 0.11495749304659308, 'generation': 226}","{'id': 9920, 'rank': 23, 'fitness': 0.08356490384705395, 'generation': 226}","{'id': 9926, 'rank': 24, 'fitness': 0.07467737537494734, 'generation': 226}","{'id': 9946, 'rank': 25, 'fitness': 0.05338261986048026, 'generation': 226}","{'id': 9940, 'rank': 26, 'fitness': 0.04104624650663624, 'generation': 226}","{'id': 9917, 'rank': 27, 'fitness': 0.03389383803835694, 'generation': 226}","{'id': 9914, 'rank': 28, 'fitness': 0.026467792714498284, 'generation': 226}","{'id': 9909, 'rank': 29, 'fitness': 0.020898733904112954, 'generation': 226}","{'id': 9928, 'rank': 30, 'fitness': 0.01798620996209155, 'generation': 226}"
"{'id': 9991, 'rank': 1, 'fitness': 0.9820137900379085, 'generation': 227}","{'id': 9996, 'rank': 2, 'fitness': 0.9469923362267312, 'generation': 227}","{'id': 9994, 'rank': 3, 'fitness': 0.9406829814671646, 'generation': 227}","{'id': 10000, 'rank': 4, 'fitness': 0.9364747181536265, 'generation': 227}","{'id': 9981, 'rank': 5, 'fitness': 0.7615685706362354, 'generation': 227}","{'id': 9993, 'rank': 6, 'fitness': 0.6810000542913252, 'generation': 227}","{'id': 9989, 'rank': 7, 'fitness': 0.6710706454605228, 'generation': 227}","{'id': 9973, 'rank': 8, 'fitness': 0.5045858168790445, 'generation': 227}","{'id': 9970, 'rank': 9, 'fitness': 0.3838484516375518, 'generation': 227}","{'id': 9984, 'rank': 10, 'fitness': 0.31360959590121584, 'generation': 227}","{'id': 9965, 'rank': 11, 'fitness': 0.31119783844903515, 'generation': 227}","{'id': 9983, 'rank': 12, 'fitness': 0.28279852892948903, 'generation': 227}","{'id': 9976, 'rank': 13, 'fitness': 0.2742496015986563, 'generation': 227}","{'id': 9987, 'rank': 14, 'fitness': 0.26298350247105673, 'generation': 227}","{'id': 9955, 'rank': 15, 'fitness': 0.2014445304392251, 'generation': 227}","{'id': 9963, 'rank': 16, 'fitness': 0.15520307139554484, 'generation': 227}","{'id': 9978, 'rank': 17, 'fitness': 0.14888570898242087, 'generation': 227}","{'id': 9999, 'rank': 18, 'fitness': 0.14732103589817935, 'generation': 227}","{'id': 9977, 'rank': 19, 'fitness': 0.13712559863968415, 'generation': 227}","{'id': 9960, 'rank': 20, 'fitness': 0.13570506432569251, 'generation': 227}","{'id': 9998, 'rank': 21, 'fitness': 0.11068373848859792, 'generation': 227}","{'id': 9986, 'rank': 22, 'fitness': 0.08666462194687313, 'generation': 227}","{'id': 9966, 'rank': 23, 'fitness': 0.05220362586085581, 'generation': 227}","{'id': 9974, 'rank': 24, 'fitness': 0.04789422082390349, 'generation': 227}","{'id': 9956, 'rank': 25, 'fitness': 0.04240318280018773, 'generation': 227}","{'id': 9988, 'rank': 26, 'fitness': 0.03986334615981174, 'generation': 227}","{'id': 9980, 'rank': 27, 'fitness': 0.03943634494657966, 'generation': 227}","{'id': 9997, 'rank': 28, 'fitness': 0.031194058666768276, 'generation': 227}","{'id': 9951, 'rank': 29, 'fitness': 0.02180086715219648, 'generation': 227}","{'id': 9968, 'rank': 30, 'fitness': 0.01798620996209155, 'generation': 227}"
"{'id': 10042, 'rank': 1, 'fitness': 0.9820137900379085, 'generation': 228}","{'id': 10044, 'rank': 2, 'fitness': 0.9764127563615328, 'generation': 228}","{'id': 10047, 'rank': 3, 'fitness': 0.9444222121665939, 'generation': 228}","{'id': 10048, 'rank': 4, 'fitness': 0.9322696932173469, 'generation': 228}","{'id': 10043, 'rank': 5, 'fitness': 0.8876871589476032, 'generation': 228}","{'id': 10038, 'rank': 6, 'fitness': 0.8448345288176563, 'generation': 228}","{'id': 10009, 'rank': 7, 'fitness': 0.7804441112281969, 'generation': 228}","{'id': 10003, 'rank': 8, 'fitness': 0.639080878565951, 'generation': 228}","{'id': 10032, 'rank': 9, 'fitness': 0.5111786392452942, 'generation': 228}","{'id': 10027, 'rank': 10, 'fitness': 0.35816022442730355, 'generation': 228}","{'id': 10025, 'rank': 11, 'fitness': 0.3460967577514681, 'generation': 228}","{'id': 10041, 'rank': 12, 'fitness': 0.2747937139137224, 'generation': 228}","{'id': 10036, 'rank': 13, 'fitness': 0.25329916206224723, 'generation': 228}","{'id': 10013, 'rank': 14, 'fitness': 0.24321141493333392, 'generation': 228}","{'id': 10040, 'rank': 15, 'fitness': 0.2158140512944775, 'generation': 228}","{'id': 10031, 'rank': 16, 'fitness': 0.17322483932284727, 'generation': 228}","{'id': 10011, 'rank': 17, 'fitness': 0.1648250985524916, 'generation': 228}","{'id': 10049, 'rank': 18, 'fitness': 0.131565747627982, 'generation': 228}","{'id': 10039, 'rank': 19, 'fitness': 0.11283555503210763, 'generation': 228}","{'id': 10035, 'rank': 20, 'fitness': 0.09861248800899525, 'generation': 228}","{'id': 10033, 'rank': 21, 'fitness': 0.09443835285142232, 'generation': 228}","{'id': 10034, 'rank': 22, 'fitness': 0.07758631595693882, 'generation': 228}","{'id': 10046, 'rank': 23, 'fitness': 0.06737499229322674, 'generation': 228}","{'id': 10002, 'rank': 24, 'fitness': 0.04539678153812787, 'generation': 228}","{'id': 10037, 'rank': 25, 'fitness': 0.03560931009285839, 'generation': 228}","{'id': 10020, 'rank': 26, 'fitness': 0.03040111867210582, 'generation': 228}","{'id': 10008, 'rank': 27, 'fitness': 0.029204720354623737, 'generation': 228}","{'id': 10015, 'rank': 28, 'fitness': 0.025089354345874504, 'generation': 228}","{'id': 10021, 'rank': 29, 'fitness': 0.020105013715994102, 'generation': 228}","{'id': 10029, 'rank': 30, 'fitness': 0.01798620996209155, 'generation': 228}"
"{'id': 10091, 'rank': 1, 'fitness': 0.9820137900379085, 'generation': 229}","{'id': 10086, 'rank': 2, 'fitness': 0.8188745826870532, 'generation': 229}","{'id': 10083, 'rank': 3, 'fitness': 0.7854533513375398, 'generation': 229}","{'id': 10082, 'rank': 4, 'fitness': 0.5897293368142779, 'generation': 229}","{'id': 10089, 'rank': 5, 'fitness': 0.574894212759404, 'generation': 229}","{'id': 10071, 'rank': 6, 'fitness': 0.417865143676513, 'generation': 229}","{'id': 10072, 'rank': 7, 'fitness': 0.3945090784810378, 'generation': 229}","{'id': 10052, 'rank': 8, 'fitness': 0.3636190376973323, 'generation': 229}","{'id': 10077, 'rank': 9, 'fitness': 0.331827760974841, 'generation': 229}","{'id': 10095, 'rank': 10, 'fitness': 0.3019433583318621, 'generation': 229}","{'id': 10085, 'rank': 11, 'fitness': 0.23155759429750616, 'generation': 229}","{'id': 10092, 'rank': 12, 'fitness': 0.15649003475929185, 'generation': 229}","{'id': 10064, 'rank': 13, 'fitness': 0.15348797177692464, 'generation': 229}","{'id': 10080, 'rank': 14, 'fitness': 0.1489401121762971, 'generation': 229}","{'id': 10069, 'rank': 15, 'fitness': 0.11124195842170659, 'generation': 229}","{'id': 10084, 'rank': 16, 'fitness': 0.10909640082386424, 'generation': 229}","{'id': 10073, 'rank': 17, 'fitness': 0.10519871436902428, 'generation': 229}","{'id': 10078, 'rank': 18, 'fitness': 0.0940545859451083, 'generation': 229}","{'id': 10057, 'rank': 19, 'fitness': 0.09167457453191452, 'generation': 229}","{'id': 10087, 'rank': 20, 'fitness': 0.06684751411315026, 'generation': 229}","{'id': 10090, 'rank': 21, 'fitness': 0.060042039161488536, 'generation': 229}","{'id': 10060, 'rank': 22, 'fitness': 0.05550817996659407, 'generation': 229}","{'id': 10081, 'rank': 23, 'fitness': 0.05245324602848772, 'generation': 229}","{'id': 10061, 'rank': 24, 'fitness': 0.043034643636649994, 'generation': 229}","{'id': 10053, 'rank': 25, 'fitness': 0.042673370928764276, 'generation': 229}","{'id': 10094, 'rank': 26, 'fitness': 0.03785897546707184, 'generation': 229}","{'id': 10075, 'rank': 27, 'fitness': 0.031736722629373326, 'generation': 229}","{'id': 10062, 'rank': 28, 'fitness': 0.02679773856117945, 'generation': 229}","{'id': 10076, 'rank': 29, 'fitness': 0.0181410559818167, 'generation': 229}","{'id': 10088, 'rank': 30, 'fitness': 0.01798620996209155, 'generation': 229}"
"{'id': 10116, 'rank': 1, 'fitness': 0.9820137900379085, 'generation': 230}","{'id': 10131, 'rank': 2, 'fitness': 0.9723994078685216, 'generation': 230}","{'id': 10125, 'rank': 3, 'fitness': 0.8718290497653154, 'generation': 230}","{'id': 10109, 'rank': 4, 'fitness': 0.857889081919255, 'generation': 230}","{'id': 10132, 'rank': 5, 'fitness': 0.8027623769654941, 'generation': 230}","{'id': 10121, 'rank': 6, 'fitness': 0.7059752483970967, 'generation': 230}","{'id': 10126, 'rank': 7, 'fitness': 0.656155696557929, 'generation': 230}","{'id': 10110, 'rank': 8, 'fitness': 0.606513988067754, 'generation': 230}","{'id': 10120, 'rank': 9, 'fitness': 0.473102868152104, 'generation': 230}","{'id': 10122, 'rank': 10, 'fitness': 0.44327234172868396, 'generation': 230}","{'id': 10117, 'rank': 11, 'fitness': 0.41984738705416613, 'generation': 230}","{'id': 10128, 'rank': 12, 'fitness': 0.3913767300703897, 'generation': 230}","{'id': 10103, 'rank': 13, 'fitness': 0.3350348524348184, 'generation': 230}","{'id': 10134, 'rank': 14, 'fitness': 0.30395151586066915, 'generation': 230}","{'id': 10101, 'rank': 15, 'fitness': 0.2813879819535726, 'generation': 230}","{'id': 10129, 'rank': 16, 'fitness': 0.2389659467366541, 'generation': 230}","{'id': 10130, 'rank': 17, 'fitness': 0.17428951671633441, 'generation': 230}","{'id': 10108, 'rank': 18, 'fitness': 0.14871707394946426, 'generation': 230}","{'id': 10124, 'rank': 19, 'fitness': 0.11771710952616565, 'generation': 230}","{'id': 10118, 'rank': 20, 'fitness': 0.11726446115795364, 'generation': 230}","{'id': 10100, 'rank': 21, 'fitness': 0.11047928000718465, 'generation': 230}","{'id': 10114, 'rank': 22, 'fitness': 0.10663313592460338, 'generation': 230}","{'id': 10119, 'rank': 23, 'fitness': 0.05829463243890293, 'generation': 230}","{'id': 10115, 'rank': 24, 'fitness': 0.05140293409684549, 'generation': 230}","{'id': 10111, 'rank': 25, 'fitness': 0.04189852673365313, 'generation': 230}","{'id': 10104, 'rank': 26, 'fitness': 0.04004528813436942, 'generation': 230}","{'id': 10102, 'rank': 27, 'fitness': 0.036447977717150526, 'generation': 230}","{'id': 10133, 'rank': 28, 'fitness': 0.022679120526902463, 'generation': 230}","{'id': 10123, 'rank': 29, 'fitness': 0.022118097817941218, 'generation': 230}","{'id': 10127, 'rank': 30, 'fitness': 0.01798620996209155, 'generation': 230}"
"{'id': 10167, 'rank': 1, 'fitness': 0.9820137900379085, 'generation': 231}","{'id': 10173, 'rank': 2, 'fitness': 0.9818878909230477, 'generation': 231}","{'id': 10176, 'rank': 3, 'fitness': 0.9661175688017372, 'generation': 231}","{'id': 10171, 'rank': 4, 'fitness': 0.7202683556537223, 'generation': 231}","{'id': 10172, 'rank': 5, 'fitness': 0.641145557396402, 'generation': 231}","{'id': 10151, 'rank': 6, 'fitness': 0.5727702790506745, 'generation': 231}","{'id': 10178, 'rank': 7, 'fitness': 0.542770628650198, 'generation': 231}","{'id': 10156, 'rank': 8, 'fitness': 0.5010140211842529, 'generation': 231}","{'id': 10136, 'rank': 9, 'fitness': 0.4926902354010171, 'generation': 231}","{'id': 10160, 'rank': 10, 'fitness': 0.4550223358037164, 'generation': 231}","{'id': 10170, 'rank': 11, 'fitness': 0.4019421665594765, 'generation': 231}","{'id': 10166, 'rank': 12, 'fitness': 0.3046349773635202, 'generation': 231}","{'id': 10154, 'rank': 13, 'fitness': 0.2586219194034295, 'generation': 231}","{'id': 10177, 'rank': 14, 'fitness': 0.23132401331302505, 'generation': 231}","{'id': 10148, 'rank': 15, 'fitness': 0.22134617668887502, 'generation': 231}","{'id': 10164, 'rank': 16, 'fitness': 0.1472039111543389, 'generation': 231}","{'id': 10175, 'rank': 17, 'fitness': 0.11518355470862635, 'generation': 231}","{'id': 10161, 'rank': 18, 'fitness': 0.10021206649112002, 'generation': 231}","{'id': 10158, 'rank': 19, 'fitness': 0.07989544553617767, 'generation': 231}","{'id': 10141, 'rank': 20, 'fitness': 0.07915566858181233, 'generation': 231}","{'id': 10135, 'rank': 21, 'fitness': 0.058459759804256606, 'generation': 231}","{'id': 10162, 'rank': 22, 'fitness': 0.05743868416200981, 'generation': 231}","{'id': 10143, 'rank': 23, 'fitness': 0.04457702311403755, 'generation': 231}","{'id': 10157, 'rank': 24, 'fitness': 0.033526241598209494, 'generation': 231}","{'id': 10169, 'rank': 25, 'fitness': 0.026807000697760097, 'generation': 231}","{'id': 10146, 'rank': 26, 'fitness': 0.024097256775083287, 'generation': 231}","{'id': 10168, 'rank': 27, 'fitness': 0.019511622443158017, 'generation': 231}","{'id': 10163, 'rank': 28, 'fitness': 0.019117840346533577, 'generation': 231}","{'id': 10138, 'rank': 29, 'fitness': 0.0190833250723057, 'generation': 231}","{'id': 10139, 'rank': 30, 'fitness': 0.01798620996209155, 'generation': 231}"
"{'id': 10202, 'rank': 1, 'fitness': 0.9820137900379085, 'generation': 232}","{'id': 10218, 'rank': 2, 'fitness': 0.8752015126156805, 'generation': 232}","{'id': 10219, 'rank': 3, 'fitness': 0.7817248950386381, 'generation': 232}","{'id': 10210, 'rank': 4, 'fitness': 0.709344362631473, 'generation': 232}","{'id': 10215, 'rank': 5, 'fitness': 0.6633480472758507, 'generation': 232}","{'id': 10206, 'rank': 6, 'fitness': 0.6083177132477395, 'generation': 232}","{'id': 10188, 'rank': 7, 'fitness': 0.33573367420377587, 'generation': 232}","{'id': 10209, 'rank': 8, 'fitness': 0.32275030509167146, 'generation': 232}","{'id': 10212, 'rank': 9, 'fitness': 0.3098251987679018, 'generation': 232}","{'id': 10211, 'rank': 10, 'fitness': 0.23948992365245375, 'generation': 232}","{'id': 10196, 'rank': 11, 'fitness': 0.17703576647266478, 'generation': 232}","{'id': 10217, 'rank': 12, 'fitness': 0.1677041472409781, 'generation': 232}","{'id': 10192, 'rank': 13, 'fitness': 0.11928621385063454, 'generation': 232}","{'id': 10201, 'rank': 14, 'fitness': 0.11421453292867867, 'generation': 232}","{'id': 10180, 'rank': 15, 'fitness': 0.10139624462647623, 'generation': 232}","{'id': 10181, 'rank': 16, 'fitness': 0.09295347490826233, 'generation': 232}","{'id': 10179, 'rank': 17, 'fitness': 0.08262817595061084, 'generation': 232}","{'id': 10199, 'rank': 18, 'fitness': 0.07935523044023818, 'generation': 232}","{'id': 10208, 'rank': 19, 'fitness': 0.07766499489919199, 'generation': 232}","{'id': 10214, 'rank': 20, 'fitness': 0.07180172990778022, 'generation': 232}","{'id': 10216, 'rank': 21, 'fitness': 0.06798003036707545, 'generation': 232}","{'id': 10204, 'rank': 22, 'fitness': 0.0671163654890038, 'generation': 232}","{'id': 10197, 'rank': 23, 'fitness': 0.06219078890629548, 'generation': 232}","{'id': 10198, 'rank': 24, 'fitness': 0.0373744196152086, 'generation': 232}","{'id': 10189, 'rank': 25, 'fitness': 0.03659949748658847, 'generation': 232}","{'id': 10200, 'rank': 26, 'fitness': 0.03563788729967304, 'generation': 232}","{'id': 10195, 'rank': 27, 'fitness': 0.025918071981633206, 'generation': 232}","{'id': 10193, 'rank': 28, 'fitness': 0.02359913934753538, 'generation': 232}","{'id': 10207, 'rank': 29, 'fitness': 0.021967317341064996, 'generation': 232}","{'id': 10203, 'rank': 30, 'fitness': 0.01798620996209155, 'generation': 232}"
"{'id': 10256, 'rank': 1, 'fitness': 0.9820137900379085, 'generation': 233}","{'id': 10238, 'rank': 2, 'fitness': 0.9768511561885351, 'generation': 233}","{'id': 10250, 'rank': 3, 'fitness': 0.9677614320253867, 'generation': 233}","{'id': 10244, 'rank': 4, 'fitness': 0.9624876805068967, 'generation': 233}","{'id': 10237, 'rank': 5, 'fitness': 0.9021214132860207, 'generation': 233}","{'id': 10245, 'rank': 6, 'fitness': 0.8703269138463064, 'generation': 233}","{'id': 10241, 'rank': 7, 'fitness': 0.855968517662664, 'generation': 233}","{'id': 10255, 'rank': 8, 'fitness': 0.8403341354260834, 'generation': 233}","{'id': 10258, 'rank': 9, 'fitness': 0.8399848053094674, 'generation': 233}","{'id': 10234, 'rank': 10, 'fitness': 0.7552792146082193, 'generation': 233}","{'id': 10231, 'rank': 11, 'fitness': 0.6175771254574391, 'generation': 233}","{'id': 10248, 'rank': 12, 'fitness': 0.5539858778145855, 'generation': 233}","{'id': 10239, 'rank': 13, 'fitness': 0.38467543741413407, 'generation': 233}","{'id': 10221, 'rank': 14, 'fitness': 0.352090918268738, 'generation': 233}","{'id': 10247, 'rank': 15, 'fitness': 0.31049821065775285, 'generation': 233}","{'id': 10243, 'rank': 16, 'fitness': 0.281239975375031, 'generation': 233}","{'id': 10251, 'rank': 17, 'fitness': 0.25573634388218436, 'generation': 233}","{'id': 10236, 'rank': 18, 'fitness': 0.19000095253477906, 'generation': 233}","{'id': 10225, 'rank': 19, 'fitness': 0.1580188624793773, 'generation': 233}","{'id': 10257, 'rank': 20, 'fitness': 0.1547984341724924, 'generation': 233}","{'id': 10227, 'rank': 21, 'fitness': 0.10733135448147052, 'generation': 233}","{'id': 10249, 'rank': 22, 'fitness': 0.09237021857744698, 'generation': 233}","{'id': 10235, 'rank': 23, 'fitness': 0.07423068608336258, 'generation': 233}","{'id': 10220, 'rank': 24, 'fitness': 0.05993353540104296, 'generation': 233}","{'id': 10253, 'rank': 25, 'fitness': 0.04456261062768202, 'generation': 233}","{'id': 10226, 'rank': 26, 'fitness': 0.028112444059147923, 'generation': 233}","{'id': 10229, 'rank': 27, 'fitness': 0.02435537379020225, 'generation': 233}","{'id': 10230, 'rank': 28, 'fitness': 0.01960495212536234, 'generation': 233}","{'id': 10246, 'rank': 29, 'fitness': 0.01940466773379551, 'generation': 233}","{'id': 10223, 'rank': 30, 'fitness': 0.01798620996209155, 'generation': 233}"
"{'id': 10294, 'rank': 1, 'fitness': 0.9820137900379085, 'generation': 234}","{'id': 10307, 'rank': 2, 'fitness': 0.979759529504042, 'generation': 234}","{'id': 10306, 'rank': 3, 'fitness': 0.9610805296723378, 'generation': 234}","{'id': 10305, 'rank': 4, 'fitness': 0.6573393906235396, 'generation': 234}","{'id': 10293, 'rank': 5, 'fitness': 0.6026088724735152, 'generation': 234}","{'id': 10289, 'rank': 6, 'fitness': 0.5971624268754764, 'generation': 234}","{'id': 10292, 'rank': 7, 'fitness': 0.5722813842209935, 'generation': 234}","{'id': 10300, 'rank': 8, 'fitness': 0.5453700332588647, 'generation': 234}","{'id': 10310, 'rank': 9, 'fitness': 0.4774064279993618, 'generation': 234}","{'id': 10302, 'rank': 10, 'fitness': 0.4707226257981382, 'generation': 234}","{'id': 10298, 'rank': 11, 'fitness': 0.40760504002208364, 'generation': 234}","{'id': 10274, 'rank': 12, 'fitness': 0.38970868195374186, 'generation': 234}","{'id': 10299, 'rank': 13, 'fitness': 0.29426426152809904, 'generation': 234}","{'id': 10297, 'rank': 14, 'fitness': 0.19141230334562953, 'generation': 234}","{'id': 10282, 'rank': 15, 'fitness': 0.16161331375771582, 'generation': 234}","{'id': 10308, 'rank': 16, 'fitness': 0.15761977375015612, 'generation': 234}","{'id': 10277, 'rank': 17, 'fitness': 0.13214830007622713, 'generation': 234}","{'id': 10304, 'rank': 18, 'fitness': 0.12127998518333932, 'generation': 234}","{'id': 10269, 'rank': 19, 'fitness': 0.11647386932657355, 'generation': 234}","{'id': 10262, 'rank': 20, 'fitness': 0.06507238534278326, 'generation': 234}","{'id': 10271, 'rank': 21, 'fitness': 0.06005978297070341, 'generation': 234}","{'id': 10270, 'rank': 22, 'fitness': 0.05064163897910251, 'generation': 234}","{'id': 10303, 'rank': 23, 'fitness': 0.03909933360603601, 'generation': 234}","{'id': 10309, 'rank': 24, 'fitness': 0.035209599633487576, 'generation': 234}","{'id': 10265, 'rank': 25, 'fitness': 0.02906223505028588, 'generation': 234}","{'id': 10275, 'rank': 26, 'fitness': 0.027602043242142327, 'generation': 234}","{'id': 10273, 'rank': 27, 'fitness': 0.02377670552549105, 'generation': 234}","{'id': 10283, 'rank': 28, 'fitness': 0.019412729023375208, 'generation': 234}","{'id': 10268, 'rank': 29, 'fitness': 0.01904763319728825, 'generation': 234}","{'id': 10272, 'rank': 30, 'fitness': 0.01798620996209155, 'generation': 234}"
"{'id': 10345, 'rank': 1, 'fitness': 0.9820137900379085, 'generation': 235}","{'id': 10347, 'rank': 2, 'fitness': 0.9460520487538973, 'generation': 235}","{'id': 10350, 'rank': 3, 'fitness': 0.9333467088820302, 'generation': 235}","{'id': 10335, 'rank': 4, 'fitness': 0.7979701874759226, 'generation': 235}","{'id': 10343, 'rank': 5, 'fitness': 0.7797454943702355, 'generation': 235}","{'id': 10344, 'rank': 6, 'fitness': 0.6511956391994009, 'generation': 235}","{'id': 10346, 'rank': 7, 'fitness': 0.6093085004907446, 'generation': 235}","{'id': 10352, 'rank': 8, 'fitness': 0.49679354570475925, 'generation': 235}","{'id': 10341, 'rank': 9, 'fitness': 0.46178032722139717, 'generation': 235}","{'id': 10338, 'rank': 10, 'fitness': 0.35529326985514437, 'generation': 235}","{'id': 10353, 'rank': 11, 'fitness': 0.3523627278715947, 'generation': 235}","{'id': 10330, 'rank': 12, 'fitness': 0.2549519229082094, 'generation': 235}","{'id': 10333, 'rank': 13, 'fitness': 0.1998115133309597, 'generation': 235}","{'id': 10321, 'rank': 14, 'fitness': 0.16184186517134386, 'generation': 235}","{'id': 10318, 'rank': 15, 'fitness': 0.1255275620891418, 'generation': 235}","{'id': 10320, 'rank': 16, 'fitness': 0.12298627769489734, 'generation': 235}","{'id': 10329, 'rank': 17, 'fitness': 0.07963613749226273, 'generation': 235}","{'id': 10319, 'rank': 18, 'fitness': 0.07852610142630989, 'generation': 235}","{'id': 10348, 'rank': 19, 'fitness': 0.0714266367835763, 'generation': 235}","{'id': 10354, 'rank': 20, 'fitness': 0.06378707096406278, 'generation': 235}","{'id': 10337, 'rank': 21, 'fitness': 0.05170798649977204, 'generation': 235}","{'id': 10355, 'rank': 22, 'fitness': 0.046898576304583495, 'generation': 235}","{'id': 10356, 'rank': 23, 'fitness': 0.04359819019632749, 'generation': 235}","{'id': 10332, 'rank': 24, 'fitness': 0.04268902199586322, 'generation': 235}","{'id': 10351, 'rank': 25, 'fitness': 0.04195088455943574, 'generation': 235}","{'id': 10313, 'rank': 26, 'fitness': 0.038687674745314926, 'generation': 235}","{'id': 10316, 'rank': 27, 'fitness': 0.026812432618880888, 'generation': 235}","{'id': 10325, 'rank': 28, 'fitness': 0.02404278328731352, 'generation': 235}","{'id': 10342, 'rank': 29, 'fitness': 0.02182794332102772, 'generation': 235}","{'id': 10328, 'rank': 30, 'fitness': 0.01798620996209155, 'generation': 235}"
"{'id': 10369, 'rank': 1, 'fitness': 0.9820137900379085, 'generation': 236}","{'id': 10382, 'rank': 2, 'fitness': 0.8942781937036779, 'generation': 236}","{'id': 10383, 'rank': 3, 'fitness': 0.7884729518132749, 'generation': 236}","{'id': 10399, 'rank': 4, 'fitness': 0.7763295426232073, 'generation': 236}","{'id': 10371, 'rank': 5, 'fitness': 0.7725016192241376, 'generation': 236}","{'id': 10394, 'rank': 6, 'fitness': 0.7650010767176743, 'generation': 236}","{'id': 10392, 'rank': 7, 'fitness': 0.6395253534598004, 'generation': 236}","{'id': 10380, 'rank': 8, 'fitness': 0.47694633299148703, 'generation': 236}","{'id': 10388, 'rank': 9, 'fitness': 0.47300545487447504, 'generation': 236}","{'id': 10370, 'rank': 10, 'fitness': 0.4591136852409127, 'generation': 236}","{'id': 10395, 'rank': 11, 'fitness': 0.453788863471591, 'generation': 236}","{'id': 10386, 'rank': 12, 'fitness': 0.4249798993231567, 'generation': 236}","{'id': 10393, 'rank': 13, 'fitness': 0.39079997282354617, 'generation': 236}","{'id': 10384, 'rank': 14, 'fitness': 0.3657867301188143, 'generation': 236}","{'id': 10389, 'rank': 15, 'fitness': 0.26447891972259197, 'generation': 236}","{'id': 10368, 'rank': 16, 'fitness': 0.25672119967623075, 'generation': 236}","{'id': 10397, 'rank': 17, 'fitness': 0.24922661028725163, 'generation': 236}","{'id': 10396, 'rank': 18, 'fitness': 0.22343266064445327, 'generation': 236}","{'id': 10367, 'rank': 19, 'fitness': 0.2210864734685184, 'generation': 236}","{'id': 10398, 'rank': 20, 'fitness': 0.20045209705314992, 'generation': 236}","{'id': 10365, 'rank': 21, 'fitness': 0.18144568458692928, 'generation': 236}","{'id': 10361, 'rank': 22, 'fitness': 0.13465195948549963, 'generation': 236}","{'id': 10381, 'rank': 23, 'fitness': 0.10705056407078156, 'generation': 236}","{'id': 10377, 'rank': 24, 'fitness': 0.1011489069195553, 'generation': 236}","{'id': 10390, 'rank': 25, 'fitness': 0.09553668118453396, 'generation': 236}","{'id': 10387, 'rank': 26, 'fitness': 0.0902663375990348, 'generation': 236}","{'id': 10379, 'rank': 27, 'fitness': 0.06904656975641538, 'generation': 236}","{'id': 10391, 'rank': 28, 'fitness': 0.0533204189225594, 'generation': 236}","{'id': 10362, 'rank': 29, 'fitness': 0.018180956959473693, 'generation': 236}","{'id': 10376, 'rank': 30, 'fitness': 0.01798620996209155, 'generation': 236}"
"{'id': 10412, 'rank': 1, 'fitness': 0.9820137900379085, 'generation': 237}","{'id': 10437, 'rank': 2, 'fitness': 0.8933961802306427, 'generation': 237}","{'id': 10409, 'rank': 3, 'fitness': 0.6041066892048617, 'generation': 237}","{'id': 10432, 'rank': 4, 'fitness': 0.5575025156374971, 'generation': 237}","{'id': 10431, 'rank': 5, 'fitness': 0.43659147149951383, 'generation': 237}","{'id': 10443, 'rank': 6, 'fitness': 0.41572682969179203, 'generation': 237}","{'id': 10436, 'rank': 7, 'fitness': 0.40900705531726056, 'generation': 237}","{'id': 10442, 'rank': 8, 'fitness': 0.3444334844436713, 'generation': 237}","{'id': 10419, 'rank': 9, 'fitness': 0.1868527795679082, 'generation': 237}","{'id': 10427, 'rank': 10, 'fitness': 0.173254296415842, 'generation': 237}","{'id': 10406, 'rank': 11, 'fitness': 0.1668208253865482, 'generation': 237}","{'id': 10444, 'rank': 12, 'fitness': 0.1549153621182066, 'generation': 237}","{'id': 10439, 'rank': 13, 'fitness': 0.1524921455338154, 'generation': 237}","{'id': 10428, 'rank': 14, 'fitness': 0.14145974372959247, 'generation': 237}","{'id': 10445, 'rank': 15, 'fitness': 0.0811551342379595, 'generation': 237}","{'id': 10426, 'rank': 16, 'fitness': 0.08062603365594168, 'generation': 237}","{'id': 10408, 'rank': 17, 'fitness': 0.06493384754680753, 'generation': 237}","{'id': 10429, 'rank': 18, 'fitness': 0.06082756717116877, 'generation': 237}","{'id': 10422, 'rank': 19, 'fitness': 0.05982324319728671, 'generation': 237}","{'id': 10441, 'rank': 20, 'fitness': 0.05535985758062961, 'generation': 237}","{'id': 10401, 'rank': 21, 'fitness': 0.04330072897792436, 'generation': 237}","{'id': 10410, 'rank': 22, 'fitness': 0.04321617637399222, 'generation': 237}","{'id': 10430, 'rank': 23, 'fitness': 0.038573352142788564, 'generation': 237}","{'id': 10440, 'rank': 24, 'fitness': 0.03726929416162689, 'generation': 237}","{'id': 10421, 'rank': 25, 'fitness': 0.028030131715162554, 'generation': 237}","{'id': 10425, 'rank': 26, 'fitness': 0.02366642826477955, 'generation': 237}","{'id': 10418, 'rank': 27, 'fitness': 0.02327687760884506, 'generation': 237}","{'id': 10434, 'rank': 28, 'fitness': 0.02069833223663259, 'generation': 237}","{'id': 10433, 'rank': 29, 'fitness': 0.01852617979754939, 'generation': 237}","{'id': 10411, 'rank': 30, 'fitness': 0.01798620996209155, 'generation': 237}"
"{'id': 10451, 'rank': 1, 'fitness': 0.9820137900379085, 'generation': 238}","{'id': 10465, 'rank': 2, 'fitness': 0.968841754429645, 'generation': 238}","{'id': 10458, 'rank': 3, 'fitness': 0.9407082410016441, 'generation': 238}","{'id': 10476, 'rank': 4, 'fitness': 0.9140675669866491, 'generation': 238}","{'id': 10455, 'rank': 5, 'fitness': 0.8957492504219688, 'generation': 238}","{'id': 10467, 'rank': 6, 'fitness': 0.7257009810834292, 'generation': 238}","{'id': 10461, 'rank': 7, 'fitness': 0.6359261989958861, 'generation': 238}","{'id': 10454, 'rank': 8, 'fitness': 0.5671338104998715, 'generation': 238}","{'id': 10474, 'rank': 9, 'fitness': 0.4519296284539015, 'generation': 238}","{'id': 10463, 'rank': 10, 'fitness': 0.44502625073226754, 'generation': 238}","{'id': 10481, 'rank': 11, 'fitness': 0.4181739452209422, 'generation': 238}","{'id': 10469, 'rank': 12, 'fitness': 0.3463190030565031, 'generation': 238}","{'id': 10473, 'rank': 13, 'fitness': 0.3238396512973838, 'generation': 238}","{'id': 10477, 'rank': 14, 'fitness': 0.27017986289783297, 'generation': 238}","{'id': 10471, 'rank': 15, 'fitness': 0.25360691832486126, 'generation': 238}","{'id': 10466, 'rank': 16, 'fitness': 0.22141461768376625, 'generation': 238}","{'id': 10450, 'rank': 17, 'fitness': 0.14239695299355765, 'generation': 238}","{'id': 10457, 'rank': 18, 'fitness': 0.11109656240061289, 'generation': 238}","{'id': 10480, 'rank': 19, 'fitness': 0.0886999023637367, 'generation': 238}","{'id': 10448, 'rank': 20, 'fitness': 0.077368241525614, 'generation': 238}","{'id': 10472, 'rank': 21, 'fitness': 0.07207710034538661, 'generation': 238}","{'id': 10460, 'rank': 22, 'fitness': 0.06614123727992105, 'generation': 238}","{'id': 10447, 'rank': 23, 'fitness': 0.061296303391536466, 'generation': 238}","{'id': 10475, 'rank': 24, 'fitness': 0.05923966700503769, 'generation': 238}","{'id': 10464, 'rank': 25, 'fitness': 0.05584862346556957, 'generation': 238}","{'id': 10453, 'rank': 26, 'fitness': 0.054153898817137, 'generation': 238}","{'id': 10456, 'rank': 27, 'fitness': 0.04979807780377543, 'generation': 238}","{'id': 10468, 'rank': 28, 'fitness': 0.027190056632485693, 'generation': 238}","{'id': 10470, 'rank': 29, 'fitness': 0.02264554703773708, 'generation': 238}","{'id': 10449, 'rank': 30, 'fitness': 0.01798620996209155, 'generation': 238}"
"{'id': 10510, 'rank': 1, 'fitness': 0.9820137900379085, 'generation': 239}","{'id': 10505, 'rank': 2, 'fitness': 0.981991434380312, 'generation': 239}","{'id': 10516, 'rank': 3, 'fitness': 0.9813246370841175, 'generation': 239}","{'id': 10515, 'rank': 4, 'fitness': 0.9414059565644651, 'generation': 239}","{'id': 10512, 'rank': 5, 'fitness': 0.7685742840556341, 'generation': 239}","{'id': 10509, 'rank': 6, 'fitness': 0.720405484572046, 'generation': 239}","{'id': 10503, 'rank': 7, 'fitness': 0.38095612325258843, 'generation': 239}","{'id': 10524, 'rank': 8, 'fitness': 0.359414095637971, 'generation': 239}","{'id': 10507, 'rank': 9, 'fitness': 0.3587832696611579, 'generation': 239}","{'id': 10508, 'rank': 10, 'fitness': 0.34460271317224217, 'generation': 239}","{'id': 10485, 'rank': 11, 'fitness': 0.3103416900560776, 'generation': 239}","{'id': 10493, 'rank': 12, 'fitness': 0.1985947039000514, 'generation': 239}","{'id': 10514, 'rank': 13, 'fitness': 0.18163609901447242, 'generation': 239}","{'id': 10502, 'rank': 14, 'fitness': 0.15798974704147317, 'generation': 239}","{'id': 10521, 'rank': 15, 'fitness': 0.15452021436705277, 'generation': 239}","{'id': 10517, 'rank': 16, 'fitness': 0.13823291529859305, 'generation': 239}","{'id': 10504, 'rank': 17, 'fitness': 0.10558689257291343, 'generation': 239}","{'id': 10491, 'rank': 18, 'fitness': 0.0953744467911164, 'generation': 239}","{'id': 10500, 'rank': 19, 'fitness': 0.0919813588923622, 'generation': 239}","{'id': 10525, 'rank': 20, 'fitness': 0.07671958705718213, 'generation': 239}","{'id': 10522, 'rank': 21, 'fitness': 0.06374414682293317, 'generation': 239}","{'id': 10520, 'rank': 22, 'fitness': 0.06160639917116162, 'generation': 239}","{'id': 10511, 'rank': 23, 'fitness': 0.0612796076222662, 'generation': 239}","{'id': 10497, 'rank': 24, 'fitness': 0.05972746997639877, 'generation': 239}","{'id': 10523, 'rank': 25, 'fitness': 0.05830382455873434, 'generation': 239}","{'id': 10492, 'rank': 26, 'fitness': 0.03356280709312687, 'generation': 239}","{'id': 10487, 'rank': 27, 'fitness': 0.026670968445464627, 'generation': 239}","{'id': 10483, 'rank': 28, 'fitness': 0.021591079581478045, 'generation': 239}","{'id': 10519, 'rank': 29, 'fitness': 0.020972853008546233, 'generation': 239}","{'id': 10513, 'rank': 30, 'fitness': 0.01798620996209155, 'generation': 239}"
"{'id': 10560, 'rank': 1, 'fitness': 0.9820137900379085, 'generation': 240}","{'id': 10559, 'rank': 2, 'fitness': 0.8591808725701311, 'generation': 240}","{'id': 10543, 'rank': 3, 'fitness': 0.7868237870430466, 'generation': 240}","{'id': 10551, 'rank': 4, 'fitness': 0.7605530793132207, 'generation': 240}","{'id': 10571, 'rank': 5, 'fitness': 0.5602715600605466, 'generation': 240}","{'id': 10563, 'rank': 6, 'fitness': 0.4289738074132446, 'generation': 240}","{'id': 10567, 'rank': 7, 'fitness': 0.417015800889023, 'generation': 240}","{'id': 10564, 'rank': 8, 'fitness': 0.38751109795449595, 'generation': 240}","{'id': 10565, 'rank': 9, 'fitness': 0.38750737162169174, 'generation': 240}","{'id': 10549, 'rank': 10, 'fitness': 0.21687437434269924, 'generation': 240}","{'id': 10569, 'rank': 11, 'fitness': 0.20708463308192826, 'generation': 240}","{'id': 10573, 'rank': 12, 'fitness': 0.19251583355537544, 'generation': 240}","{'id': 10548, 'rank': 13, 'fitness': 0.16619578865682982, 'generation': 240}","{'id': 10556, 'rank': 14, 'fitness': 0.12366315600903577, 'generation': 240}","{'id': 10568, 'rank': 15, 'fitness': 0.07668220152740968, 'generation': 240}","{'id': 10542, 'rank': 16, 'fitness': 0.0656246385763311, 'generation': 240}","{'id': 10537, 'rank': 17, 'fitness': 0.06160139951741639, 'generation': 240}","{'id': 10558, 'rank': 18, 'fitness': 0.045579502581883036, 'generation': 240}","{'id': 10536, 'rank': 19, 'fitness': 0.036386883933808345, 'generation': 240}","{'id': 10528, 'rank': 20, 'fitness': 0.03588088199578715, 'generation': 240}","{'id': 10557, 'rank': 21, 'fitness': 0.03308126473217243, 'generation': 240}","{'id': 10562, 'rank': 22, 'fitness': 0.032980031288658174, 'generation': 240}","{'id': 10552, 'rank': 23, 'fitness': 0.03183131903072112, 'generation': 240}","{'id': 10538, 'rank': 24, 'fitness': 0.03129946063465555, 'generation': 240}","{'id': 10531, 'rank': 25, 'fitness': 0.029829914380334943, 'generation': 240}","{'id': 10566, 'rank': 26, 'fitness': 0.021616140745750467, 'generation': 240}","{'id': 10553, 'rank': 27, 'fitness': 0.019790684145522652, 'generation': 240}","{'id': 10541, 'rank': 28, 'fitness': 0.019154539554652295, 'generation': 240}","{'id': 10554, 'rank': 29, 'fitness': 0.018847432172895418, 'generation': 240}","{'id': 10532, 'rank': 30, 'fitness': 0.01798620996209155, 'generation': 240}"
"{'id': 10605, 'rank': 1, 'fitness': 0.9820137900379085, 'generation': 241}","{'id': 10617, 'rank': 2, 'fitness': 0.9070026711526669, 'generation': 241}","{'id': 10610, 'rank': 3, 'fitness': 0.7287932467441344, 'generation': 241}","{'id': 10616, 'rank': 4, 'fitness': 0.7258379527324228, 'generation': 241}","{'id': 10613, 'rank': 5, 'fitness': 0.7040155962317787, 'generation': 241}","{'id': 10579, 'rank': 6, 'fitness': 0.6303170291014126, 'generation': 241}","{'id': 10611, 'rank': 7, 'fitness': 0.5982080444176356, 'generation': 241}","{'id': 10614, 'rank': 8, 'fitness': 0.570648873152289, 'generation': 241}","{'id': 10602, 'rank': 9, 'fitness': 0.543225591015794, 'generation': 241}","{'id': 10615, 'rank': 10, 'fitness': 0.27991126654883086, 'generation': 241}","{'id': 10597, 'rank': 11, 'fitness': 0.2441578623205311, 'generation': 241}","{'id': 10606, 'rank': 12, 'fitness': 0.23627634784760404, 'generation': 241}","{'id': 10589, 'rank': 13, 'fitness': 0.23477584330120288, 'generation': 241}","{'id': 10577, 'rank': 14, 'fitness': 0.23420132586964815, 'generation': 241}","{'id': 10578, 'rank': 15, 'fitness': 0.15938267329181566, 'generation': 241}","{'id': 10608, 'rank': 16, 'fitness': 0.159324236538672, 'generation': 241}","{'id': 10601, 'rank': 17, 'fitness': 0.11226881798022531, 'generation': 241}","{'id': 10581, 'rank': 18, 'fitness': 0.10356671291679709, 'generation': 241}","{'id': 10609, 'rank': 19, 'fitness': 0.0599983103538162, 'generation': 241}","{'id': 10600, 'rank': 20, 'fitness': 0.052145970170658806, 'generation': 241}","{'id': 10598, 'rank': 21, 'fitness': 0.03819646904393659, 'generation': 241}","{'id': 10594, 'rank': 22, 'fitness': 0.03740258111296435, 'generation': 241}","{'id': 10582, 'rank': 23, 'fitness': 0.036440655022211055, 'generation': 241}","{'id': 10592, 'rank': 24, 'fitness': 0.03323741902681343, 'generation': 241}","{'id': 10580, 'rank': 25, 'fitness': 0.03136855009871309, 'generation': 241}","{'id': 10599, 'rank': 26, 'fitness': 0.03042702183077417, 'generation': 241}","{'id': 10576, 'rank': 27, 'fitness': 0.02610693110045842, 'generation': 241}","{'id': 10583, 'rank': 28, 'fitness': 0.023083900091121434, 'generation': 241}","{'id': 10588, 'rank': 29, 'fitness': 0.020112801935505853, 'generation': 241}","{'id': 10595, 'rank': 30, 'fitness': 0.01798620996209155, 'generation': 241}"
"{'id': 10666, 'rank': 1, 'fitness': 0.9820137900379085, 'generation': 242}","{'id': 10663, 'rank': 2, 'fitness': 0.9610814545897397, 'generation': 242}","{'id': 10648, 'rank': 3, 'fitness': 0.9370891784183606, 'generation': 242}","{'id': 10665, 'rank': 4, 'fitness': 0.903806477551248, 'generation': 242}","{'id': 10641, 'rank': 5, 'fitness': 0.7497363594178026, 'generation': 242}","{'id': 10664, 'rank': 6, 'fitness': 0.7329057087004452, 'generation': 242}","{'id': 10650, 'rank': 7, 'fitness': 0.4182871848613566, 'generation': 242}","{'id': 10620, 'rank': 8, 'fitness': 0.3728983199752587, 'generation': 242}","{'id': 10628, 'rank': 9, 'fitness': 0.35243708198013907, 'generation': 242}","{'id': 10634, 'rank': 10, 'fitness': 0.3217943864293348, 'generation': 242}","{'id': 10645, 'rank': 11, 'fitness': 0.1616913042851189, 'generation': 242}","{'id': 10639, 'rank': 12, 'fitness': 0.15708370578413894, 'generation': 242}","{'id': 10667, 'rank': 13, 'fitness': 0.1411086971876499, 'generation': 242}","{'id': 10662, 'rank': 14, 'fitness': 0.14053677895508698, 'generation': 242}","{'id': 10653, 'rank': 15, 'fitness': 0.1312803118258366, 'generation': 242}","{'id': 10640, 'rank': 16, 'fitness': 0.10729619871724955, 'generation': 242}","{'id': 10624, 'rank': 17, 'fitness': 0.1059511402769987, 'generation': 242}","{'id': 10657, 'rank': 18, 'fitness': 0.0908495620097462, 'generation': 242}","{'id': 10647, 'rank': 19, 'fitness': 0.0797564011573485, 'generation': 242}","{'id': 10643, 'rank': 20, 'fitness': 0.07179462401440873, 'generation': 242}","{'id': 10659, 'rank': 21, 'fitness': 0.06780454919343953, 'generation': 242}","{'id': 10637, 'rank': 22, 'fitness': 0.0650967605399716, 'generation': 242}","{'id': 10630, 'rank': 23, 'fitness': 0.05856546550462849, 'generation': 242}","{'id': 10631, 'rank': 24, 'fitness': 0.04476983100722881, 'generation': 242}","{'id': 10644, 'rank': 25, 'fitness': 0.03937461973387024, 'generation': 242}","{'id': 10658, 'rank': 26, 'fitness': 0.03236320052009367, 'generation': 242}","{'id': 10651, 'rank': 27, 'fitness': 0.03191525210192436, 'generation': 242}","{'id': 10623, 'rank': 28, 'fitness': 0.021453851378468558, 'generation': 242}","{'id': 10621, 'rank': 29, 'fitness': 0.019223188918792655, 'generation': 242}","{'id': 10654, 'rank': 30, 'fitness': 0.01798620996209155, 'generation': 242}"
"{'id': 10695, 'rank': 1, 'fitness': 0.9820137900379085, 'generation': 243}","{'id': 10700, 'rank': 2, 'fitness': 0.9407378663358231, 'generation': 243}","{'id': 10690, 'rank': 3, 'fitness': 0.6882792560204659, 'generation': 243}","{'id': 10707, 'rank': 4, 'fitness': 0.6639317802081482, 'generation': 243}","{'id': 10692, 'rank': 5, 'fitness': 0.6473442460416131, 'generation': 243}","{'id': 10703, 'rank': 6, 'fitness': 0.5268792266181451, 'generation': 243}","{'id': 10684, 'rank': 7, 'fitness': 0.5240361068962911, 'generation': 243}","{'id': 10701, 'rank': 8, 'fitness': 0.5154913657234327, 'generation': 243}","{'id': 10696, 'rank': 9, 'fitness': 0.49404645837624944, 'generation': 243}","{'id': 10706, 'rank': 10, 'fitness': 0.3103767113228718, 'generation': 243}","{'id': 10705, 'rank': 11, 'fitness': 0.24430723590167203, 'generation': 243}","{'id': 10682, 'rank': 12, 'fitness': 0.2217075675204474, 'generation': 243}","{'id': 10681, 'rank': 13, 'fitness': 0.1819033690645892, 'generation': 243}","{'id': 10697, 'rank': 14, 'fitness': 0.16783268819095976, 'generation': 243}","{'id': 10691, 'rank': 15, 'fitness': 0.09712878477146497, 'generation': 243}","{'id': 10678, 'rank': 16, 'fitness': 0.08583810900789662, 'generation': 243}","{'id': 10688, 'rank': 17, 'fitness': 0.07313063503791883, 'generation': 243}","{'id': 10689, 'rank': 18, 'fitness': 0.04981235553356628, 'generation': 243}","{'id': 10668, 'rank': 19, 'fitness': 0.04735494053588429, 'generation': 243}","{'id': 10686, 'rank': 20, 'fitness': 0.04522228368562431, 'generation': 243}","{'id': 10683, 'rank': 21, 'fitness': 0.043784814998190924, 'generation': 243}","{'id': 10693, 'rank': 22, 'fitness': 0.03654428304013313, 'generation': 243}","{'id': 10680, 'rank': 23, 'fitness': 0.03224588644036752, 'generation': 243}","{'id': 10694, 'rank': 24, 'fitness': 0.027425146080887586, 'generation': 243}","{'id': 10687, 'rank': 25, 'fitness': 0.024726401221216054, 'generation': 243}","{'id': 10679, 'rank': 26, 'fitness': 0.024417194551922594, 'generation': 243}","{'id': 10704, 'rank': 27, 'fitness': 0.022956270072529428, 'generation': 243}","{'id': 10699, 'rank': 28, 'fitness': 0.02200587055211123, 'generation': 243}","{'id': 10698, 'rank': 29, 'fitness': 0.018316882237496446, 'generation': 243}","{'id': 10702, 'rank': 30, 'fitness': 0.01798620996209155, 'generation': 243}"
"{'id': 10745, 'rank': 1, 'fitness': 0.9820137900379085, 'generation': 244}","{'id': 10746, 'rank': 2, 'fitness': 0.8988141650496562, 'generation': 244}","{'id': 10739, 'rank': 3, 'fitness': 0.8659794578675681, 'generation': 244}","{'id': 10726, 'rank': 4, 'fitness': 0.7850770246391947, 'generation': 244}","{'id': 10720, 'rank': 5, 'fitness': 0.7326927214886279, 'generation': 244}","{'id': 10723, 'rank': 6, 'fitness': 0.7012822472262578, 'generation': 244}","{'id': 10744, 'rank': 7, 'fitness': 0.6380617726354498, 'generation': 244}","{'id': 10734, 'rank': 8, 'fitness': 0.6180459550053994, 'generation': 244}","{'id': 10731, 'rank': 9, 'fitness': 0.5296339048532561, 'generation': 244}","{'id': 10747, 'rank': 10, 'fitness': 0.5073257826475078, 'generation': 244}","{'id': 10741, 'rank': 11, 'fitness': 0.5001036845818884, 'generation': 244}","{'id': 10748, 'rank': 12, 'fitness': 0.4428542746148586, 'generation': 244}","{'id': 10728, 'rank': 13, 'fitness': 0.4164018707039307, 'generation': 244}","{'id': 10718, 'rank': 14, 'fitness': 0.2409180110069578, 'generation': 244}","{'id': 10713, 'rank': 15, 'fitness': 0.20207477548746444, 'generation': 244}","{'id': 10727, 'rank': 16, 'fitness': 0.18390239424899002, 'generation': 244}","{'id': 10735, 'rank': 17, 'fitness': 0.1711388016329039, 'generation': 244}","{'id': 10716, 'rank': 18, 'fitness': 0.12230542309293196, 'generation': 244}","{'id': 10712, 'rank': 19, 'fitness': 0.09468474455831094, 'generation': 244}","{'id': 10737, 'rank': 20, 'fitness': 0.09119965862345375, 'generation': 244}","{'id': 10730, 'rank': 21, 'fitness': 0.09057716208507971, 'generation': 244}","{'id': 10733, 'rank': 22, 'fitness': 0.07265102073023222, 'generation': 244}","{'id': 10721, 'rank': 23, 'fitness': 0.07081942126208163, 'generation': 244}","{'id': 10736, 'rank': 24, 'fitness': 0.06896330348682467, 'generation': 244}","{'id': 10714, 'rank': 25, 'fitness': 0.04524498225325191, 'generation': 244}","{'id': 10724, 'rank': 26, 'fitness': 0.02796236700567284, 'generation': 244}","{'id': 10725, 'rank': 27, 'fitness': 0.026590760178075767, 'generation': 244}","{'id': 10732, 'rank': 28, 'fitness': 0.025885084101084477, 'generation': 244}","{'id': 10715, 'rank': 29, 'fitness': 0.01942549988953579, 'generation': 244}","{'id': 10740, 'rank': 30, 'fitness': 0.01798620996209155, 'generation': 244}"
"{'id': 10784, 'rank': 1, 'fitness': 0.9820137900379085, 'generation': 245}","{'id': 10783, 'rank': 2, 'fitness': 0.9059264251020348, 'generation': 245}","{'id': 10779, 'rank': 3, 'fitness': 0.8876761824650712, 'generation': 245}","{'id': 10782, 'rank': 4, 'fitness': 0.8849357529856261, 'generation': 245}","{'id': 10769, 'rank': 5, 'fitness': 0.8344319396221878, 'generation': 245}","{'id': 10790, 'rank': 6, 'fitness': 0.8328325385814676, 'generation': 245}","{'id': 10792, 'rank': 7, 'fitness': 0.7103686135487259, 'generation': 245}","{'id': 10791, 'rank': 8, 'fitness': 0.6956458437246509, 'generation': 245}","{'id': 10789, 'rank': 9, 'fitness': 0.6836804793740875, 'generation': 245}","{'id': 10771, 'rank': 10, 'fitness': 0.5394055791679782, 'generation': 245}","{'id': 10766, 'rank': 11, 'fitness': 0.46751601528130776, 'generation': 245}","{'id': 10788, 'rank': 12, 'fitness': 0.45358404774924244, 'generation': 245}","{'id': 10754, 'rank': 13, 'fitness': 0.38965431444355153, 'generation': 245}","{'id': 10763, 'rank': 14, 'fitness': 0.37765363428916576, 'generation': 245}","{'id': 10785, 'rank': 15, 'fitness': 0.3529188658822243, 'generation': 245}","{'id': 10772, 'rank': 16, 'fitness': 0.3149861113975468, 'generation': 245}","{'id': 10781, 'rank': 17, 'fitness': 0.29672454467538767, 'generation': 245}","{'id': 10755, 'rank': 18, 'fitness': 0.23528662640324882, 'generation': 245}","{'id': 10786, 'rank': 19, 'fitness': 0.20768173514356048, 'generation': 245}","{'id': 10777, 'rank': 20, 'fitness': 0.16252314391791134, 'generation': 245}","{'id': 10761, 'rank': 21, 'fitness': 0.1350499024869185, 'generation': 245}","{'id': 10768, 'rank': 22, 'fitness': 0.08385129874486769, 'generation': 245}","{'id': 10765, 'rank': 23, 'fitness': 0.0807955013704802, 'generation': 245}","{'id': 10776, 'rank': 24, 'fitness': 0.027304329661985483, 'generation': 245}","{'id': 10780, 'rank': 25, 'fitness': 0.0251898586999596, 'generation': 245}","{'id': 10775, 'rank': 26, 'fitness': 0.025094512390070822, 'generation': 245}","{'id': 10767, 'rank': 27, 'fitness': 0.02080864958714751, 'generation': 245}","{'id': 10774, 'rank': 28, 'fitness': 0.020390407996557613, 'generation': 245}","{'id': 10750, 'rank': 29, 'fitness': 0.019724647240289384, 'generation': 245}","{'id': 10759, 'rank': 30, 'fitness': 0.01798620996209155, 'generation': 245}"
"{'id': 10834, 'rank': 1, 'fitness': 0.9820137900379085, 'generation': 246}","{'id': 10831, 'rank': 2, 'fitness': 0.9791350548745883, 'generation': 246}","{'id': 10799, 'rank': 3, 'fitness': 0.9691214381334148, 'generation': 246}","{'id': 10830, 'rank': 4, 'fitness': 0.9616331204358102, 'generation': 246}","{'id': 10813, 'rank': 5, 'fitness': 0.902667405180136, 'generation': 246}","{'id': 10832, 'rank': 6, 'fitness': 0.8022406519213238, 'generation': 246}","{'id': 10801, 'rank': 7, 'fitness': 0.7054771802847072, 'generation': 246}","{'id': 10807, 'rank': 8, 'fitness': 0.5200555198780098, 'generation': 246}","{'id': 10818, 'rank': 9, 'fitness': 0.47260640846693885, 'generation': 246}","{'id': 10836, 'rank': 10, 'fitness': 0.468292665591313, 'generation': 246}","{'id': 10824, 'rank': 11, 'fitness': 0.26509968520878857, 'generation': 246}","{'id': 10814, 'rank': 12, 'fitness': 0.2498203774678659, 'generation': 246}","{'id': 10797, 'rank': 13, 'fitness': 0.21711089423826146, 'generation': 246}","{'id': 10815, 'rank': 14, 'fitness': 0.21497507015497813, 'generation': 246}","{'id': 10825, 'rank': 15, 'fitness': 0.20300326572670246, 'generation': 246}","{'id': 10820, 'rank': 16, 'fitness': 0.19160350558450467, 'generation': 246}","{'id': 10823, 'rank': 17, 'fitness': 0.18759782221283167, 'generation': 246}","{'id': 10833, 'rank': 18, 'fitness': 0.1792798139299771, 'generation': 246}","{'id': 10798, 'rank': 19, 'fitness': 0.16831236004271222, 'generation': 246}","{'id': 10795, 'rank': 20, 'fitness': 0.11110159245530449, 'generation': 246}","{'id': 10826, 'rank': 21, 'fitness': 0.09403178001979595, 'generation': 246}","{'id': 10802, 'rank': 22, 'fitness': 0.07894265589221272, 'generation': 246}","{'id': 10810, 'rank': 23, 'fitness': 0.07782460945977088, 'generation': 246}","{'id': 10794, 'rank': 24, 'fitness': 0.06588061581329391, 'generation': 246}","{'id': 10821, 'rank': 25, 'fitness': 0.0572932278011794, 'generation': 246}","{'id': 10817, 'rank': 26, 'fitness': 0.04161851601808886, 'generation': 246}","{'id': 10806, 'rank': 27, 'fitness': 0.034778632714608904, 'generation': 246}","{'id': 10835, 'rank': 28, 'fitness': 0.025348728678631693, 'generation': 246}","{'id': 10803, 'rank': 29, 'fitness': 0.024337346322410358, 'generation': 246}","{'id': 10822, 'rank': 30, 'fitness': 0.01798620996209155, 'generation': 246}"
"{'id': 10874, 'rank': 1, 'fitness': 0.9820137900379085, 'generation': 247}","{'id': 10868, 'rank': 2, 'fitness': 0.934415567562384, 'generation': 247}","{'id': 10866, 'rank': 3, 'fitness': 0.8779946024314725, 'generation': 247}","{'id': 10856, 'rank': 4, 'fitness': 0.8470908998672908, 'generation': 247}","{'id': 10873, 'rank': 5, 'fitness': 0.6940116785482937, 'generation': 247}","{'id': 10857, 'rank': 6, 'fitness': 0.5869521998448246, 'generation': 247}","{'id': 10861, 'rank': 7, 'fitness': 0.5688539642325814, 'generation': 247}","{'id': 10869, 'rank': 8, 'fitness': 0.5393306897336231, 'generation': 247}","{'id': 10865, 'rank': 9, 'fitness': 0.45494103493244836, 'generation': 247}","{'id': 10860, 'rank': 10, 'fitness': 0.3930890085658479, 'generation': 247}","{'id': 10859, 'rank': 11, 'fitness': 0.3565762371537098, 'generation': 247}","{'id': 10844, 'rank': 12, 'fitness': 0.23917566460860407, 'generation': 247}","{'id': 10840, 'rank': 13, 'fitness': 0.23622730237400497, 'generation': 247}","{'id': 10870, 'rank': 14, 'fitness': 0.2033419794565292, 'generation': 247}","{'id': 10858, 'rank': 15, 'fitness': 0.19884176737634018, 'generation': 247}","{'id': 10867, 'rank': 16, 'fitness': 0.19812949536773555, 'generation': 247}","{'id': 10849, 'rank': 17, 'fitness': 0.14802474976884167, 'generation': 247}","{'id': 10864, 'rank': 18, 'fitness': 0.14729487991166212, 'generation': 247}","{'id': 10863, 'rank': 19, 'fitness': 0.12774497692329906, 'generation': 247}","{'id': 10871, 'rank': 20, 'fitness': 0.11964366698507484, 'generation': 247}","{'id': 10847, 'rank': 21, 'fitness': 0.11619271064441894, 'generation': 247}","{'id': 10853, 'rank': 22, 'fitness': 0.08043823976146258, 'generation': 247}","{'id': 10846, 'rank': 23, 'fitness': 0.07492864082590456, 'generation': 247}","{'id': 10872, 'rank': 24, 'fitness': 0.06167347166078185, 'generation': 247}","{'id': 10837, 'rank': 25, 'fitness': 0.05106825512082552, 'generation': 247}","{'id': 10855, 'rank': 26, 'fitness': 0.047168088621837634, 'generation': 247}","{'id': 10839, 'rank': 27, 'fitness': 0.04107022721640918, 'generation': 247}","{'id': 10851, 'rank': 28, 'fitness': 0.035060980978645184, 'generation': 247}","{'id': 10854, 'rank': 29, 'fitness': 0.028721802117779915, 'generation': 247}","{'id': 10843, 'rank': 30, 'fitness': 0.01798620996209155, 'generation': 247}"
"{'id': 10875, 'rank': 1, 'fitness': 0.9820137900379085, 'generation': 248}","{'id': 10898, 'rank': 2, 'fitness': 0.9744296244018722, 'generation': 248}","{'id': 10889, 'rank': 3, 'fitness': 0.9677521336453404, 'generation': 248}","{'id': 10910, 'rank': 4, 'fitness': 0.9350368471161443, 'generation': 248}","{'id': 10878, 'rank': 5, 'fitness': 0.8631796883507301, 'generation': 248}","{'id': 10912, 'rank': 6, 'fitness': 0.8218876405623877, 'generation': 248}","{'id': 10894, 'rank': 7, 'fitness': 0.5713344247854972, 'generation': 248}","{'id': 10899, 'rank': 8, 'fitness': 0.4861409776863278, 'generation': 248}","{'id': 10911, 'rank': 9, 'fitness': 0.4311524165246509, 'generation': 248}","{'id': 10903, 'rank': 10, 'fitness': 0.43025795743718487, 'generation': 248}","{'id': 10887, 'rank': 11, 'fitness': 0.40711093446876095, 'generation': 248}","{'id': 10901, 'rank': 12, 'fitness': 0.29573395677916847, 'generation': 248}","{'id': 10880, 'rank': 13, 'fitness': 0.2950615366694276, 'generation': 248}","{'id': 10876, 'rank': 14, 'fitness': 0.27176576528980045, 'generation': 248}","{'id': 10914, 'rank': 15, 'fitness': 0.21963930318747826, 'generation': 248}","{'id': 10916, 'rank': 16, 'fitness': 0.14448724681293035, 'generation': 248}","{'id': 10917, 'rank': 17, 'fitness': 0.14346056217609537, 'generation': 248}","{'id': 10896, 'rank': 18, 'fitness': 0.14125127535591153, 'generation': 248}","{'id': 10892, 'rank': 19, 'fitness': 0.12910570065121424, 'generation': 248}","{'id': 10902, 'rank': 20, 'fitness': 0.1287027723405912, 'generation': 248}","{'id': 10907, 'rank': 21, 'fitness': 0.11754033960781796, 'generation': 248}","{'id': 10893, 'rank': 22, 'fitness': 0.09212236297880977, 'generation': 248}","{'id': 10909, 'rank': 23, 'fitness': 0.09119538959250145, 'generation': 248}","{'id': 10908, 'rank': 24, 'fitness': 0.06283904214937913, 'generation': 248}","{'id': 10918, 'rank': 25, 'fitness': 0.05758361606411949, 'generation': 248}","{'id': 10888, 'rank': 26, 'fitness': 0.04134972667077835, 'generation': 248}","{'id': 10882, 'rank': 27, 'fitness': 0.024579736696254628, 'generation': 248}","{'id': 10890, 'rank': 28, 'fitness': 0.022504049982169816, 'generation': 248}","{'id': 10919, 'rank': 29, 'fitness': 0.018563643491495363, 'generation': 248}","{'id': 10891, 'rank': 30, 'fitness': 0.01798620996209155, 'generation': 248}"
"{'id': 10946, 'rank': 1, 'fitness': 0.9820137900379085, 'generation': 249}","{'id': 10951, 'rank': 2, 'fitness': 0.7936944234432528, 'generation': 249}","{'id': 10948, 'rank': 3, 'fitness': 0.7228878713404456, 'generation': 249}","{'id': 10932, 'rank': 4, 'fitness': 0.7038512184919525, 'generation': 249}","{'id': 10953, 'rank': 5, 'fitness': 0.5987266913691485, 'generation': 249}","{'id': 10939, 'rank': 6, 'fitness': 0.5622472925094483, 'generation': 249}","{'id': 10959, 'rank': 7, 'fitness': 0.4204119643662877, 'generation': 249}","{'id': 10949, 'rank': 8, 'fitness': 0.3921401491693637, 'generation': 249}","{'id': 10960, 'rank': 9, 'fitness': 0.3179538821587994, 'generation': 249}","{'id': 10944, 'rank': 10, 'fitness': 0.3154237972705628, 'generation': 249}","{'id': 10956, 'rank': 11, 'fitness': 0.23094039359855523, 'generation': 249}","{'id': 10928, 'rank': 12, 'fitness': 0.1963508101211202, 'generation': 249}","{'id': 10925, 'rank': 13, 'fitness': 0.13298728560805556, 'generation': 249}","{'id': 10954, 'rank': 14, 'fitness': 0.12398538219654442, 'generation': 249}","{'id': 10938, 'rank': 15, 'fitness': 0.11937991534315268, 'generation': 249}","{'id': 10936, 'rank': 16, 'fitness': 0.10995823314373321, 'generation': 249}","{'id': 10952, 'rank': 17, 'fitness': 0.10392090476534932, 'generation': 249}","{'id': 10947, 'rank': 18, 'fitness': 0.08548849719903029, 'generation': 249}","{'id': 10955, 'rank': 19, 'fitness': 0.052925046508829954, 'generation': 249}","{'id': 10923, 'rank': 20, 'fitness': 0.04853036337577549, 'generation': 249}","{'id': 10943, 'rank': 21, 'fitness': 0.04486723228593226, 'generation': 249}","{'id': 10926, 'rank': 22, 'fitness': 0.0445663954412891, 'generation': 249}","{'id': 10961, 'rank': 23, 'fitness': 0.044349562908323925, 'generation': 249}","{'id': 10933, 'rank': 24, 'fitness': 0.025968473512808954, 'generation': 249}","{'id': 10935, 'rank': 25, 'fitness': 0.022651906643226583, 'generation': 249}","{'id': 10957, 'rank': 26, 'fitness': 0.022108427263411168, 'generation': 249}","{'id': 10927, 'rank': 27, 'fitness': 0.020489364997093362, 'generation': 249}","{'id': 10958, 'rank': 28, 'fitness': 0.019398346759504637, 'generation': 249}","{'id': 10950, 'rank': 29, 'fitness': 0.01844795873656585, 'generation': 249}","{'id': 10940, 'rank': 30, 'fitness': 0.01798620996209155, 'generation': 249}"
"{'id': 10987, 'rank': 1, 'fitness': 0.9820137900379085, 'generation': 250}","{'id': 11003, 'rank': 2, 'fitness': 0.9686768911728416, 'generation': 250}","{'id': 10994, 'rank': 3, 'fitness': 0.9523588885314603, 'generation': 250}","{'id': 10995, 'rank': 4, 'fitness': 0.9267134944110602, 'generation': 250}","{'id': 10993, 'rank': 5, 'fitness': 0.8867486147507548, 'generation': 250}","{'id': 10997, 'rank': 6, 'fitness': 0.8518600416319386, 'generation': 250}","{'id': 10963, 'rank': 7, 'fitness': 0.8093363608810129, 'generation': 250}","{'id': 10999, 'rank': 8, 'fitness': 0.7142023052062336, 'generation': 250}","{'id': 10979, 'rank': 9, 'fitness': 0.6738564328677192, 'generation': 250}","{'id': 11002, 'rank': 10, 'fitness': 0.6650700069928083, 'generation': 250}","{'id': 10998, 'rank': 11, 'fitness': 0.615445586572794, 'generation': 250}","{'id': 10977, 'rank': 12, 'fitness': 0.44535269385744664, 'generation': 250}","{'id': 10988, 'rank': 13, 'fitness': 0.3275234736163414, 'generation': 250}","{'id': 11001, 'rank': 14, 'fitness': 0.29182666797997386, 'generation': 250}","{'id': 10996, 'rank': 15, 'fitness': 0.23213498800615756, 'generation': 250}","{'id': 10983, 'rank': 16, 'fitness': 0.21091533972683935, 'generation': 250}","{'id': 10970, 'rank': 17, 'fitness': 0.2078750496396668, 'generation': 250}","{'id': 10984, 'rank': 18, 'fitness': 0.18794959686067658, 'generation': 250}","{'id': 10986, 'rank': 19, 'fitness': 0.13903929708237706, 'generation': 250}","{'id': 10967, 'rank': 20, 'fitness': 0.11850651844759708, 'generation': 250}","{'id': 10982, 'rank': 21, 'fitness': 0.06745227172066126, 'generation': 250}","{'id': 11000, 'rank': 22, 'fitness': 0.05293748134831883, 'generation': 250}","{'id': 10975, 'rank': 23, 'fitness': 0.04680557135392738, 'generation': 250}","{'id': 10981, 'rank': 24, 'fitness': 0.031023745333276564, 'generation': 250}","{'id': 10972, 'rank': 25, 'fitness': 0.02974361766441136, 'generation': 250}","{'id': 10973, 'rank': 26, 'fitness': 0.028317241143825722, 'generation': 250}","{'id': 10971, 'rank': 27, 'fitness': 0.020702884221625972, 'generation': 250}","{'id': 10985, 'rank': 28, 'fitness': 0.019421902578502237, 'generation': 250}","{'id': 10992, 'rank': 29, 'fitness': 0.01918134998391452, 'generation': 250}","{'id': 10991, 'rank': 30, 'fitness': 0.01798620996209155, 'generation': 250}"
"{'id': 11044, 'rank': 1, 'fitness': 0.9820137900379085, 'generation': 251}","{'id': 11050, 'rank': 2, 'fitness': 0.885879712867105, 'generation': 251}","{'id': 11034, 'rank': 3, 'fitness': 0.798628881385887, 'generation': 251}","{'id': 11042, 'rank': 4, 'fitness': 0.7383853156640512, 'generation': 251}","{'id': 11039, 'rank': 5, 'fitness': 0.7141258902913967, 'generation': 251}","{'id': 11045, 'rank': 6, 'fitness': 0.6949571995030094, 'generation': 251}","{'id': 11028, 'rank': 7, 'fitness': 0.5894477186153629, 'generation': 251}","{'id': 11048, 'rank': 8, 'fitness': 0.5200005865529014, 'generation': 251}","{'id': 11024, 'rank': 9, 'fitness': 0.5112824837811636, 'generation': 251}","{'id': 11025, 'rank': 10, 'fitness': 0.5109336278711105, 'generation': 251}","{'id': 11026, 'rank': 11, 'fitness': 0.49853902720705484, 'generation': 251}","{'id': 11046, 'rank': 12, 'fitness': 0.3350634234862736, 'generation': 251}","{'id': 11019, 'rank': 13, 'fitness': 0.1818222726271026, 'generation': 251}","{'id': 11010, 'rank': 14, 'fitness': 0.14885807103612442, 'generation': 251}","{'id': 11006, 'rank': 15, 'fitness': 0.1405168418662589, 'generation': 251}","{'id': 11036, 'rank': 16, 'fitness': 0.1233618291917078, 'generation': 251}","{'id': 11031, 'rank': 17, 'fitness': 0.09605057497032421, 'generation': 251}","{'id': 11022, 'rank': 18, 'fitness': 0.0724275287919145, 'generation': 251}","{'id': 11016, 'rank': 19, 'fitness': 0.05343153146433499, 'generation': 251}","{'id': 11041, 'rank': 20, 'fitness': 0.04638399565896906, 'generation': 251}","{'id': 11038, 'rank': 21, 'fitness': 0.044503118395909924, 'generation': 251}","{'id': 11023, 'rank': 22, 'fitness': 0.04440753053029878, 'generation': 251}","{'id': 11049, 'rank': 23, 'fitness': 0.04244716198789528, 'generation': 251}","{'id': 11047, 'rank': 24, 'fitness': 0.041257981193581206, 'generation': 251}","{'id': 11017, 'rank': 25, 'fitness': 0.036570753190803384, 'generation': 251}","{'id': 11018, 'rank': 26, 'fitness': 0.034944298994971756, 'generation': 251}","{'id': 11043, 'rank': 27, 'fitness': 0.033007180280706594, 'generation': 251}","{'id': 11013, 'rank': 28, 'fitness': 0.032044992996301924, 'generation': 251}","{'id': 11011, 'rank': 29, 'fitness': 0.025354823904162105, 'generation': 251}","{'id': 11035, 'rank': 30, 'fitness': 0.01798620996209155, 'generation': 251}"
"{'id': 11096, 'rank': 1, 'fitness': 0.9820137900379085, 'generation': 252}","{'id': 11088, 'rank': 2, 'fitness': 0.9636512009729612, 'generation': 252}","{'id': 11092, 'rank': 3, 'fitness': 0.9613709365882714, 'generation': 252}","{'id': 11062, 'rank': 4, 'fitness': 0.8962816906481846, 'generation': 252}","{'id': 11064, 'rank': 5, 'fitness': 0.8298635147569532, 'generation': 252}","{'id': 11084, 'rank': 6, 'fitness': 0.8219961971447654, 'generation': 252}","{'id': 11082, 'rank': 7, 'fitness': 0.656416422951907, 'generation': 252}","{'id': 11068, 'rank': 8, 'fitness': 0.621709291853524, 'generation': 252}","{'id': 11087, 'rank': 9, 'fitness': 0.4022756515841482, 'generation': 252}","{'id': 11078, 'rank': 10, 'fitness': 0.3767104894468672, 'generation': 252}","{'id': 11081, 'rank': 11, 'fitness': 0.29644320773318195, 'generation': 252}","{'id': 11086, 'rank': 12, 'fitness': 0.28908719717385695, 'generation': 252}","{'id': 11089, 'rank': 13, 'fitness': 0.28546941060425657, 'generation': 252}","{'id': 11080, 'rank': 14, 'fitness': 0.23625250304614204, 'generation': 252}","{'id': 11075, 'rank': 15, 'fitness': 0.21109701922529273, 'generation': 252}","{'id': 11091, 'rank': 16, 'fitness': 0.1860908315973382, 'generation': 252}","{'id': 11085, 'rank': 17, 'fitness': 0.1675150094004837, 'generation': 252}","{'id': 11079, 'rank': 18, 'fitness': 0.16294010298856593, 'generation': 252}","{'id': 11063, 'rank': 19, 'fitness': 0.14356239222801404, 'generation': 252}","{'id': 11072, 'rank': 20, 'fitness': 0.07929010256054508, 'generation': 252}","{'id': 11073, 'rank': 21, 'fitness': 0.07388138962270263, 'generation': 252}","{'id': 11095, 'rank': 22, 'fitness': 0.05420396131607047, 'generation': 252}","{'id': 11071, 'rank': 23, 'fitness': 0.05159825966766479, 'generation': 252}","{'id': 11067, 'rank': 24, 'fitness': 0.04282601515250306, 'generation': 252}","{'id': 11077, 'rank': 25, 'fitness': 0.042321640599955024, 'generation': 252}","{'id': 11053, 'rank': 26, 'fitness': 0.03143409837818201, 'generation': 252}","{'id': 11055, 'rank': 27, 'fitness': 0.029228905041481568, 'generation': 252}","{'id': 11065, 'rank': 28, 'fitness': 0.025704230708398723, 'generation': 252}","{'id': 11070, 'rank': 29, 'fitness': 0.01891426140583241, 'generation': 252}","{'id': 11061, 'rank': 30, 'fitness': 0.01798620996209155, 'generation': 252}"
"{'id': 11135, 'rank': 1, 'fitness': 0.9820137900379085, 'generation': 253}","{'id': 11140, 'rank': 2, 'fitness': 0.9491136024008979, 'generation': 253}","{'id': 11141, 'rank': 3, 'fitness': 0.769866754977265, 'generation': 253}","{'id': 11133, 'rank': 4, 'fitness': 0.765632773291893, 'generation': 253}","{'id': 11130, 'rank': 5, 'fitness': 0.7466668742912885, 'generation': 253}","{'id': 11137, 'rank': 6, 'fitness': 0.7414619068408963, 'generation': 253}","{'id': 11136, 'rank': 7, 'fitness': 0.7375671455049577, 'generation': 253}","{'id': 11107, 'rank': 8, 'fitness': 0.577132046878702, 'generation': 253}","{'id': 11127, 'rank': 9, 'fitness': 0.5686621909786806, 'generation': 253}","{'id': 11126, 'rank': 10, 'fitness': 0.5098995897861385, 'generation': 253}","{'id': 11139, 'rank': 11, 'fitness': 0.40391998240584626, 'generation': 253}","{'id': 11131, 'rank': 12, 'fitness': 0.3242910665288838, 'generation': 253}","{'id': 11123, 'rank': 13, 'fitness': 0.3112881117745911, 'generation': 253}","{'id': 11134, 'rank': 14, 'fitness': 0.30668498479640016, 'generation': 253}","{'id': 11109, 'rank': 15, 'fitness': 0.19246003672912082, 'generation': 253}","{'id': 11099, 'rank': 16, 'fitness': 0.17538732088621833, 'generation': 253}","{'id': 11108, 'rank': 17, 'fitness': 0.15519720848505347, 'generation': 253}","{'id': 11125, 'rank': 18, 'fitness': 0.15481568605075102, 'generation': 253}","{'id': 11121, 'rank': 19, 'fitness': 0.14593278725055164, 'generation': 253}","{'id': 11103, 'rank': 20, 'fitness': 0.13173126522584983, 'generation': 253}","{'id': 11142, 'rank': 21, 'fitness': 0.1277022896401661, 'generation': 253}","{'id': 11117, 'rank': 22, 'fitness': 0.0640132919528183, 'generation': 253}","{'id': 11120, 'rank': 23, 'fitness': 0.04427570827974586, 'generation': 253}","{'id': 11128, 'rank': 24, 'fitness': 0.039767837494041336, 'generation': 253}","{'id': 11119, 'rank': 25, 'fitness': 0.03976065668360029, 'generation': 253}","{'id': 11124, 'rank': 26, 'fitness': 0.03171380743894919, 'generation': 253}","{'id': 11116, 'rank': 27, 'fitness': 0.02808377277066293, 'generation': 253}","{'id': 11114, 'rank': 28, 'fitness': 0.02117690854209986, 'generation': 253}","{'id': 11138, 'rank': 29, 'fitness': 0.019664587933977795, 'generation': 253}","{'id': 11112, 'rank': 30, 'fitness': 0.01798620996209155, 'generation': 253}"
"{'id': 11177, 'rank': 1, 'fitness': 0.9820137900379085, 'generation': 254}","{'id': 11173, 'rank': 2, 'fitness': 0.9639233338179819, 'generation': 254}","{'id': 11166, 'rank': 3, 'fitness': 0.9501985369072786, 'generation': 254}","{'id': 11154, 'rank': 4, 'fitness': 0.9414132049163233, 'generation': 254}","{'id': 11174, 'rank': 5, 'fitness': 0.8899051929593841, 'generation': 254}","{'id': 11175, 'rank': 6, 'fitness': 0.712830771837228, 'generation': 254}","{'id': 11172, 'rank': 7, 'fitness': 0.705490389787873, 'generation': 254}","{'id': 11187, 'rank': 8, 'fitness': 0.6335769886135487, 'generation': 254}","{'id': 11185, 'rank': 9, 'fitness': 0.5959276590142554, 'generation': 254}","{'id': 11165, 'rank': 10, 'fitness': 0.4135527444243329, 'generation': 254}","{'id': 11183, 'rank': 11, 'fitness': 0.40649206029560153, 'generation': 254}","{'id': 11152, 'rank': 12, 'fitness': 0.38360297347788724, 'generation': 254}","{'id': 11145, 'rank': 13, 'fitness': 0.3200619754170262, 'generation': 254}","{'id': 11159, 'rank': 14, 'fitness': 0.3106850146300511, 'generation': 254}","{'id': 11170, 'rank': 15, 'fitness': 0.2827086355992867, 'generation': 254}","{'id': 11144, 'rank': 16, 'fitness': 0.2748647904811967, 'generation': 254}","{'id': 11155, 'rank': 17, 'fitness': 0.2377759145027698, 'generation': 254}","{'id': 11176, 'rank': 18, 'fitness': 0.1564431422644923, 'generation': 254}","{'id': 11178, 'rank': 19, 'fitness': 0.15431758841981108, 'generation': 254}","{'id': 11179, 'rank': 20, 'fitness': 0.11958946852997943, 'generation': 254}","{'id': 11186, 'rank': 21, 'fitness': 0.10706501270836433, 'generation': 254}","{'id': 11163, 'rank': 22, 'fitness': 0.08514845128557424, 'generation': 254}","{'id': 11158, 'rank': 23, 'fitness': 0.06831043055122882, 'generation': 254}","{'id': 11162, 'rank': 24, 'fitness': 0.03797941634028934, 'generation': 254}","{'id': 11147, 'rank': 25, 'fitness': 0.03704478164198788, 'generation': 254}","{'id': 11143, 'rank': 26, 'fitness': 0.032305093675174534, 'generation': 254}","{'id': 11171, 'rank': 27, 'fitness': 0.026977838173526114, 'generation': 254}","{'id': 11181, 'rank': 28, 'fitness': 0.020325162878775005, 'generation': 254}","{'id': 11151, 'rank': 29, 'fitness': 0.01967843375218087, 'generation': 254}","{'id': 11148, 'rank': 30, 'fitness': 0.01798620996209155, 'generation': 254}"
"{'id': 11230, 'rank': 1, 'fitness': 0.9820137900379085, 'generation': 255}","{'id': 11228, 'rank': 2, 'fitness': 0.9784809212098848, 'generation': 255}","{'id': 11221, 'rank': 3, 'fitness': 0.9777951589023914, 'generation': 255}","{'id': 11225, 'rank': 4, 'fitness': 0.9740513720699493, 'generation': 255}","{'id': 11224, 'rank': 5, 'fitness': 0.9144873227109838, 'generation': 255}","{'id': 11216, 'rank': 6, 'fitness': 0.8537204884919107, 'generation': 255}","{'id': 11190, 'rank': 7, 'fitness': 0.7370994425567468, 'generation': 255}","{'id': 11206, 'rank': 8, 'fitness': 0.7265546686035004, 'generation': 255}","{'id': 11229, 'rank': 9, 'fitness': 0.6788628648886821, 'generation': 255}","{'id': 11213, 'rank': 10, 'fitness': 0.6316940813700168, 'generation': 255}","{'id': 11226, 'rank': 11, 'fitness': 0.5603397583975545, 'generation': 255}","{'id': 11223, 'rank': 12, 'fitness': 0.5407478526675291, 'generation': 255}","{'id': 11217, 'rank': 13, 'fitness': 0.2574382209553491, 'generation': 255}","{'id': 11214, 'rank': 14, 'fitness': 0.24546204171507507, 'generation': 255}","{'id': 11215, 'rank': 15, 'fitness': 0.19536359808614118, 'generation': 255}","{'id': 11218, 'rank': 16, 'fitness': 0.1928330825385718, 'generation': 255}","{'id': 11227, 'rank': 17, 'fitness': 0.18078897720719278, 'generation': 255}","{'id': 11194, 'rank': 18, 'fitness': 0.1676749203040725, 'generation': 255}","{'id': 11189, 'rank': 19, 'fitness': 0.15878318758542065, 'generation': 255}","{'id': 11200, 'rank': 20, 'fitness': 0.15833303852544517, 'generation': 255}","{'id': 11222, 'rank': 21, 'fitness': 0.125943470924835, 'generation': 255}","{'id': 11231, 'rank': 22, 'fitness': 0.12273125101851312, 'generation': 255}","{'id': 11234, 'rank': 23, 'fitness': 0.06373656624557689, 'generation': 255}","{'id': 11233, 'rank': 24, 'fitness': 0.05447516929797863, 'generation': 255}","{'id': 11209, 'rank': 25, 'fitness': 0.05093750262487673, 'generation': 255}","{'id': 11210, 'rank': 26, 'fitness': 0.05052355835868849, 'generation': 255}","{'id': 11232, 'rank': 27, 'fitness': 0.02776301246885793, 'generation': 255}","{'id': 11196, 'rank': 28, 'fitness': 0.027128204263339006, 'generation': 255}","{'id': 11220, 'rank': 29, 'fitness': 0.018104378588414793, 'generation': 255}","{'id': 11219, 'rank': 30, 'fitness': 0.01798620996209155, 'generation': 255}"
"{'id': 11267, 'rank': 1, 'fitness': 0.9820137900379085, 'generation': 256}","{'id': 11265, 'rank': 2, 'fitness': 0.7223172124213756, 'generation': 256}","{'id': 11282, 'rank': 3, 'fitness': 0.7036216423287804, 'generation': 256}","{'id': 11270, 'rank': 4, 'fitness': 0.7025025635572273, 'generation': 256}","{'id': 11245, 'rank': 5, 'fitness': 0.6543002775736273, 'generation': 256}","{'id': 11271, 'rank': 6, 'fitness': 0.6261182859048263, 'generation': 256}","{'id': 11283, 'rank': 7, 'fitness': 0.5405289110610786, 'generation': 256}","{'id': 11281, 'rank': 8, 'fitness': 0.503914696227581, 'generation': 256}","{'id': 11255, 'rank': 9, 'fitness': 0.40529652301210084, 'generation': 256}","{'id': 11278, 'rank': 10, 'fitness': 0.3901500753591278, 'generation': 256}","{'id': 11256, 'rank': 11, 'fitness': 0.26600386810414994, 'generation': 256}","{'id': 11238, 'rank': 12, 'fitness': 0.16279531477371734, 'generation': 256}","{'id': 11264, 'rank': 13, 'fitness': 0.12244150328785047, 'generation': 256}","{'id': 11284, 'rank': 14, 'fitness': 0.11846120215868788, 'generation': 256}","{'id': 11247, 'rank': 15, 'fitness': 0.11499491897807135, 'generation': 256}","{'id': 11269, 'rank': 16, 'fitness': 0.11021538522788776, 'generation': 256}","{'id': 11280, 'rank': 17, 'fitness': 0.08738478988667031, 'generation': 256}","{'id': 11273, 'rank': 18, 'fitness': 0.0804491462162007, 'generation': 256}","{'id': 11276, 'rank': 19, 'fitness': 0.07551158200978897, 'generation': 256}","{'id': 11263, 'rank': 20, 'fitness': 0.07180508014068998, 'generation': 256}","{'id': 11244, 'rank': 21, 'fitness': 0.07061362042670871, 'generation': 256}","{'id': 11246, 'rank': 22, 'fitness': 0.059206856771622074, 'generation': 256}","{'id': 11248, 'rank': 23, 'fitness': 0.044856791165550525, 'generation': 256}","{'id': 11272, 'rank': 24, 'fitness': 0.03652605767349537, 'generation': 256}","{'id': 11243, 'rank': 25, 'fitness': 0.03496129647738622, 'generation': 256}","{'id': 11275, 'rank': 26, 'fitness': 0.033771578010150294, 'generation': 256}","{'id': 11259, 'rank': 27, 'fitness': 0.03178299405978241, 'generation': 256}","{'id': 11235, 'rank': 28, 'fitness': 0.0249993230241351, 'generation': 256}","{'id': 11261, 'rank': 29, 'fitness': 0.024073070978797517, 'generation': 256}","{'id': 11253, 'rank': 30, 'fitness': 0.01798620996209155, 'generation': 256}"
"{'id': 11305, 'rank': 1, 'fitness': 0.9820137900379085, 'generation': 257}","{'id': 11322, 'rank': 2, 'fitness': 0.9476046512564512, 'generation': 257}","{'id': 11323, 'rank': 3, 'fitness': 0.9287001107478187, 'generation': 257}","{'id': 11308, 'rank': 4, 'fitness': 0.8846965587861386, 'generation': 257}","{'id': 11299, 'rank': 5, 'fitness': 0.804756084474694, 'generation': 257}","{'id': 11317, 'rank': 6, 'fitness': 0.7627351850003755, 'generation': 257}","{'id': 11329, 'rank': 7, 'fitness': 0.6728691735390067, 'generation': 257}","{'id': 11324, 'rank': 8, 'fitness': 0.6368866582010764, 'generation': 257}","{'id': 11311, 'rank': 9, 'fitness': 0.425160994631788, 'generation': 257}","{'id': 11327, 'rank': 10, 'fitness': 0.35896342913017487, 'generation': 257}","{'id': 11290, 'rank': 11, 'fitness': 0.33462181791711265, 'generation': 257}","{'id': 11310, 'rank': 12, 'fitness': 0.3339947446171472, 'generation': 257}","{'id': 11321, 'rank': 13, 'fitness': 0.32091103609913557, 'generation': 257}","{'id': 11316, 'rank': 14, 'fitness': 0.2961357241241932, 'generation': 257}","{'id': 11300, 'rank': 15, 'fitness': 0.20084530316421012, 'generation': 257}","{'id': 11313, 'rank': 16, 'fitness': 0.1665944015995532, 'generation': 257}","{'id': 11325, 'rank': 17, 'fitness': 0.16427873013795952, 'generation': 257}","{'id': 11315, 'rank': 18, 'fitness': 0.15098030755910885, 'generation': 257}","{'id': 11301, 'rank': 19, 'fitness': 0.10096160178554686, 'generation': 257}","{'id': 11326, 'rank': 20, 'fitness': 0.093485048830866, 'generation': 257}","{'id': 11318, 'rank': 21, 'fitness': 0.08325396444989197, 'generation': 257}","{'id': 11319, 'rank': 22, 'fitness': 0.07030764334435013, 'generation': 257}","{'id': 11295, 'rank': 23, 'fitness': 0.06926438767823179, 'generation': 257}","{'id': 11309, 'rank': 24, 'fitness': 0.06418592825573721, 'generation': 257}","{'id': 11293, 'rank': 25, 'fitness': 0.05285230259349938, 'generation': 257}","{'id': 11320, 'rank': 26, 'fitness': 0.05137045469697776, 'generation': 257}","{'id': 11287, 'rank': 27, 'fitness': 0.04881208858059516, 'generation': 257}","{'id': 11304, 'rank': 28, 'fitness': 0.038654586338419394, 'generation': 257}","{'id': 11302, 'rank': 29, 'fitness': 0.01948847894881206, 'generation': 257}","{'id': 11298, 'rank': 30, 'fitness': 0.01798620996209155, 'generation': 257}"
"{'id': 11367, 'rank': 1, 'fitness': 0.9820137900379085, 'generation': 258}","{'id': 11374, 'rank': 2, 'fitness': 0.9504204378396026, 'generation': 258}","{'id': 11340, 'rank': 3, 'fitness': 0.9306772536604875, 'generation': 258}","{'id': 11363, 'rank': 4, 'fitness': 0.9074105190950248, 'generation': 258}","{'id': 11370, 'rank': 5, 'fitness': 0.9008413264606555, 'generation': 258}","{'id': 11364, 'rank': 6, 'fitness': 0.6270066419688778, 'generation': 258}","{'id': 11365, 'rank': 7, 'fitness': 0.581132463653322, 'generation': 258}","{'id': 11371, 'rank': 8, 'fitness': 0.48289950912756574, 'generation': 258}","{'id': 11361, 'rank': 9, 'fitness': 0.48070507351609626, 'generation': 258}","{'id': 11349, 'rank': 10, 'fitness': 0.39749915350527454, 'generation': 258}","{'id': 11341, 'rank': 11, 'fitness': 0.3750228833831856, 'generation': 258}","{'id': 11331, 'rank': 12, 'fitness': 0.35459152260750215, 'generation': 258}","{'id': 11330, 'rank': 13, 'fitness': 0.2851584482938141, 'generation': 258}","{'id': 11360, 'rank': 14, 'fitness': 0.23029503900497, 'generation': 258}","{'id': 11357, 'rank': 15, 'fitness': 0.22595211924351444, 'generation': 258}","{'id': 11373, 'rank': 16, 'fitness': 0.18108994747947044, 'generation': 258}","{'id': 11350, 'rank': 17, 'fitness': 0.15270165622952375, 'generation': 258}","{'id': 11362, 'rank': 18, 'fitness': 0.11641575618895156, 'generation': 258}","{'id': 11344, 'rank': 19, 'fitness': 0.10445980464185134, 'generation': 258}","{'id': 11351, 'rank': 20, 'fitness': 0.10441959172140647, 'generation': 258}","{'id': 11346, 'rank': 21, 'fitness': 0.08431630523671896, 'generation': 258}","{'id': 11359, 'rank': 22, 'fitness': 0.0619570133633936, 'generation': 258}","{'id': 11355, 'rank': 23, 'fitness': 0.046618955816408625, 'generation': 258}","{'id': 11348, 'rank': 24, 'fitness': 0.04203362208341482, 'generation': 258}","{'id': 11372, 'rank': 25, 'fitness': 0.03926060698880446, 'generation': 258}","{'id': 11369, 'rank': 26, 'fitness': 0.03347494576969767, 'generation': 258}","{'id': 11337, 'rank': 27, 'fitness': 0.0284062142809699, 'generation': 258}","{'id': 11334, 'rank': 28, 'fitness': 0.02443684604589985, 'generation': 258}","{'id': 11332, 'rank': 29, 'fitness': 0.02418932529847939, 'generation': 258}","{'id': 11353, 'rank': 30, 'fitness': 0.01798620996209155, 'generation': 258}"
"{'id': 11406, 'rank': 1, 'fitness': 0.9820137900379085, 'generation': 259}","{'id': 11407, 'rank': 2, 'fitness': 0.9222319908157471, 'generation': 259}","{'id': 11403, 'rank': 3, 'fitness': 0.9163518873593488, 'generation': 259}","{'id': 11415, 'rank': 4, 'fitness': 0.8626555454441192, 'generation': 259}","{'id': 11402, 'rank': 5, 'fitness': 0.46097586306863225, 'generation': 259}","{'id': 11417, 'rank': 6, 'fitness': 0.3294310330290264, 'generation': 259}","{'id': 11383, 'rank': 7, 'fitness': 0.22850151327970192, 'generation': 259}","{'id': 11408, 'rank': 8, 'fitness': 0.2262296719783714, 'generation': 259}","{'id': 11396, 'rank': 9, 'fitness': 0.2164635380546761, 'generation': 259}","{'id': 11392, 'rank': 10, 'fitness': 0.21211986307066916, 'generation': 259}","{'id': 11418, 'rank': 11, 'fitness': 0.14684284161927774, 'generation': 259}","{'id': 11411, 'rank': 12, 'fitness': 0.1356938887623273, 'generation': 259}","{'id': 11413, 'rank': 13, 'fitness': 0.06902280419167661, 'generation': 259}","{'id': 11404, 'rank': 14, 'fitness': 0.0650748675849025, 'generation': 259}","{'id': 11416, 'rank': 15, 'fitness': 0.05383778546850354, 'generation': 259}","{'id': 11401, 'rank': 16, 'fitness': 0.04851676097532165, 'generation': 259}","{'id': 11400, 'rank': 17, 'fitness': 0.047864129705134095, 'generation': 259}","{'id': 11382, 'rank': 18, 'fitness': 0.039975314295486675, 'generation': 259}","{'id': 11380, 'rank': 19, 'fitness': 0.034645577665663396, 'generation': 259}","{'id': 11409, 'rank': 20, 'fitness': 0.03427003418437963, 'generation': 259}","{'id': 11388, 'rank': 21, 'fitness': 0.03398187496953797, 'generation': 259}","{'id': 11387, 'rank': 22, 'fitness': 0.03204404871801331, 'generation': 259}","{'id': 11412, 'rank': 23, 'fitness': 0.03050012266336083, 'generation': 259}","{'id': 11391, 'rank': 24, 'fitness': 0.028618083619083634, 'generation': 259}","{'id': 11381, 'rank': 25, 'fitness': 0.023075065872545042, 'generation': 259}","{'id': 11378, 'rank': 26, 'fitness': 0.019685931274083635, 'generation': 259}","{'id': 11405, 'rank': 27, 'fitness': 0.019338996801659125, 'generation': 259}","{'id': 11379, 'rank': 28, 'fitness': 0.01920720446466606, 'generation': 259}","{'id': 11390, 'rank': 29, 'fitness': 0.018169546693453442, 'generation': 259}","{'id': 11397, 'rank': 30, 'fitness': 0.01798620996209155, 'generation': 259}"
"{'id': 11446, 'rank': 1, 'fitness': 0.9820137900379085, 'generation': 260}","{'id': 11443, 'rank': 2, 'fitness': 0.8616147190949037, 'generation': 260}","{'id': 11453, 'rank': 3, 'fitness': 0.8383593021030715, 'generation': 260}","{'id': 11445, 'rank': 4, 'fitness': 0.837872520690405, 'generation': 260}","{'id': 11440, 'rank': 5, 'fitness': 0.7206909756639027, 'generation': 260}","{'id': 11451, 'rank': 6, 'fitness': 0.617640131331384, 'generation': 260}","{'id': 11449, 'rank': 7, 'fitness': 0.46003863961378955, 'generation': 260}","{'id': 11439, 'rank': 8, 'fitness': 0.45803795207617415, 'generation': 260}","{'id': 11441, 'rank': 9, 'fitness': 0.4106936964842569, 'generation': 260}","{'id': 11450, 'rank': 10, 'fitness': 0.3519511563562425, 'generation': 260}","{'id': 11435, 'rank': 11, 'fitness': 0.3509654995744244, 'generation': 260}","{'id': 11432, 'rank': 12, 'fitness': 0.2828475580455903, 'generation': 260}","{'id': 11454, 'rank': 13, 'fitness': 0.19815911024027882, 'generation': 260}","{'id': 11429, 'rank': 14, 'fitness': 0.10310822518134583, 'generation': 260}","{'id': 11456, 'rank': 15, 'fitness': 0.09080865385286219, 'generation': 260}","{'id': 11428, 'rank': 16, 'fitness': 0.08648384087164113, 'generation': 260}","{'id': 11444, 'rank': 17, 'fitness': 0.06966337211325196, 'generation': 260}","{'id': 11426, 'rank': 18, 'fitness': 0.06918520409566353, 'generation': 260}","{'id': 11447, 'rank': 19, 'fitness': 0.050809287118394664, 'generation': 260}","{'id': 11430, 'rank': 20, 'fitness': 0.04477299803627399, 'generation': 260}","{'id': 11436, 'rank': 21, 'fitness': 0.04066673846338348, 'generation': 260}","{'id': 11437, 'rank': 22, 'fitness': 0.03793909050710531, 'generation': 260}","{'id': 11442, 'rank': 23, 'fitness': 0.0363157064847498, 'generation': 260}","{'id': 11423, 'rank': 24, 'fitness': 0.03242609247874656, 'generation': 260}","{'id': 11433, 'rank': 25, 'fitness': 0.028997944993503666, 'generation': 260}","{'id': 11421, 'rank': 26, 'fitness': 0.02486318412189753, 'generation': 260}","{'id': 11455, 'rank': 27, 'fitness': 0.023836736434744488, 'generation': 260}","{'id': 11427, 'rank': 28, 'fitness': 0.023797823894950887, 'generation': 260}","{'id': 11420, 'rank': 29, 'fitness': 0.020383803891467156, 'generation': 260}","{'id': 11422, 'rank': 30, 'fitness': 0.01798620996209155, 'generation': 260}"
"{'id': 11464, 'rank': 1, 'fitness': 0.9820137900379085, 'generation': 261}","{'id': 11501, 'rank': 2, 'fitness': 0.9630769624689883, 'generation': 261}","{'id': 11494, 'rank': 3, 'fitness': 0.9497674597595093, 'generation': 261}","{'id': 11502, 'rank': 4, 'fitness': 0.9448420359087486, 'generation': 261}","{'id': 11499, 'rank': 5, 'fitness': 0.9390706187864137, 'generation': 261}","{'id': 11479, 'rank': 6, 'fitness': 0.9071081982448994, 'generation': 261}","{'id': 11498, 'rank': 7, 'fitness': 0.8591287585885368, 'generation': 261}","{'id': 11492, 'rank': 8, 'fitness': 0.6430203205945848, 'generation': 261}","{'id': 11481, 'rank': 9, 'fitness': 0.5720388412621985, 'generation': 261}","{'id': 11460, 'rank': 10, 'fitness': 0.5110788188452755, 'generation': 261}","{'id': 11470, 'rank': 11, 'fitness': 0.4202895211536394, 'generation': 261}","{'id': 11459, 'rank': 12, 'fitness': 0.34580356348757, 'generation': 261}","{'id': 11485, 'rank': 13, 'fitness': 0.2273361034384297, 'generation': 261}","{'id': 11490, 'rank': 14, 'fitness': 0.21391632706306007, 'generation': 261}","{'id': 11487, 'rank': 15, 'fitness': 0.17384727619749513, 'generation': 261}","{'id': 11463, 'rank': 16, 'fitness': 0.12573208460351332, 'generation': 261}","{'id': 11474, 'rank': 17, 'fitness': 0.08074179179762425, 'generation': 261}","{'id': 11500, 'rank': 18, 'fitness': 0.0706833411154335, 'generation': 261}","{'id': 11488, 'rank': 19, 'fitness': 0.06981922869769619, 'generation': 261}","{'id': 11493, 'rank': 20, 'fitness': 0.06782358334220884, 'generation': 261}","{'id': 11482, 'rank': 21, 'fitness': 0.06620587048185705, 'generation': 261}","{'id': 11469, 'rank': 22, 'fitness': 0.045470079132337304, 'generation': 261}","{'id': 11489, 'rank': 23, 'fitness': 0.03797906601806106, 'generation': 261}","{'id': 11495, 'rank': 24, 'fitness': 0.03423871556564123, 'generation': 261}","{'id': 11478, 'rank': 25, 'fitness': 0.030717091536042462, 'generation': 261}","{'id': 11491, 'rank': 26, 'fitness': 0.029993744747335405, 'generation': 261}","{'id': 11457, 'rank': 27, 'fitness': 0.027461991135448505, 'generation': 261}","{'id': 11480, 'rank': 28, 'fitness': 0.019590844149523834, 'generation': 261}","{'id': 11477, 'rank': 29, 'fitness': 0.018040333097250283, 'generation': 261}","{'id': 11468, 'rank': 30, 'fitness': 0.01798620996209155, 'generation': 261}"
"{'id': 11533, 'rank': 1, 'fitness': 0.9820137900379085, 'generation': 262}","{'id': 11548, 'rank': 2, 'fitness': 0.9566215198962078, 'generation': 262}","{'id': 11530, 'rank': 3, 'fitness': 0.9559712090182353, 'generation': 262}","{'id': 11547, 'rank': 4, 'fitness': 0.9528486526870269, 'generation': 262}","{'id': 11543, 'rank': 5, 'fitness': 0.7473532725651303, 'generation': 262}","{'id': 11540, 'rank': 6, 'fitness': 0.741252455586771, 'generation': 262}","{'id': 11527, 'rank': 7, 'fitness': 0.7307720068985883, 'generation': 262}","{'id': 11538, 'rank': 8, 'fitness': 0.699799439481843, 'generation': 262}","{'id': 11545, 'rank': 9, 'fitness': 0.6866760818703043, 'generation': 262}","{'id': 11532, 'rank': 10, 'fitness': 0.6408608067173344, 'generation': 262}","{'id': 11524, 'rank': 11, 'fitness': 0.6408423625333715, 'generation': 262}","{'id': 11539, 'rank': 12, 'fitness': 0.6096001359534426, 'generation': 262}","{'id': 11546, 'rank': 13, 'fitness': 0.6013457210556031, 'generation': 262}","{'id': 11518, 'rank': 14, 'fitness': 0.38871737886198876, 'generation': 262}","{'id': 11534, 'rank': 15, 'fitness': 0.2941810220839679, 'generation': 262}","{'id': 11529, 'rank': 16, 'fitness': 0.23434583221429306, 'generation': 262}","{'id': 11541, 'rank': 17, 'fitness': 0.18776599121950222, 'generation': 262}","{'id': 11508, 'rank': 18, 'fitness': 0.1503419406791896, 'generation': 262}","{'id': 11520, 'rank': 19, 'fitness': 0.14698335998432577, 'generation': 262}","{'id': 11531, 'rank': 20, 'fitness': 0.14441105943608312, 'generation': 262}","{'id': 11528, 'rank': 21, 'fitness': 0.1407956378571592, 'generation': 262}","{'id': 11536, 'rank': 22, 'fitness': 0.10654571957199999, 'generation': 262}","{'id': 11521, 'rank': 23, 'fitness': 0.09118466524268232, 'generation': 262}","{'id': 11544, 'rank': 24, 'fitness': 0.07688789041550126, 'generation': 262}","{'id': 11535, 'rank': 25, 'fitness': 0.043799500341577646, 'generation': 262}","{'id': 11522, 'rank': 26, 'fitness': 0.03618192222428285, 'generation': 262}","{'id': 11523, 'rank': 27, 'fitness': 0.02967842650720942, 'generation': 262}","{'id': 11542, 'rank': 28, 'fitness': 0.02897431813889051, 'generation': 262}","{'id': 11503, 'rank': 29, 'fitness': 0.02334636667328238, 'generation': 262}","{'id': 11513, 'rank': 30, 'fitness': 0.01798620996209155, 'generation': 262}"
"{'id': 11591, 'rank': 1, 'fitness': 0.9820137900379085, 'generation': 263}","{'id': 11589, 'rank': 2, 'fitness': 0.8576018860715099, 'generation': 263}","{'id': 11599, 'rank': 3, 'fitness': 0.8107595015727314, 'generation': 263}","{'id': 11587, 'rank': 4, 'fitness': 0.7946284850520285, 'generation': 263}","{'id': 11598, 'rank': 5, 'fitness': 0.5389750538588948, 'generation': 263}","{'id': 11590, 'rank': 6, 'fitness': 0.4309663910718133, 'generation': 263}","{'id': 11600, 'rank': 7, 'fitness': 0.3183982095986923, 'generation': 263}","{'id': 11554, 'rank': 8, 'fitness': 0.26569340166112465, 'generation': 263}","{'id': 11594, 'rank': 9, 'fitness': 0.21590665329850633, 'generation': 263}","{'id': 11581, 'rank': 10, 'fitness': 0.2018943615579757, 'generation': 263}","{'id': 11597, 'rank': 11, 'fitness': 0.19684094705065275, 'generation': 263}","{'id': 11579, 'rank': 12, 'fitness': 0.1678128591889514, 'generation': 263}","{'id': 11563, 'rank': 13, 'fitness': 0.13264034235118782, 'generation': 263}","{'id': 11593, 'rank': 14, 'fitness': 0.11522347331583205, 'generation': 263}","{'id': 11585, 'rank': 15, 'fitness': 0.11258495060155244, 'generation': 263}","{'id': 11564, 'rank': 16, 'fitness': 0.10404823596324536, 'generation': 263}","{'id': 11565, 'rank': 17, 'fitness': 0.07769686723581709, 'generation': 263}","{'id': 11558, 'rank': 18, 'fitness': 0.06844610473452589, 'generation': 263}","{'id': 11580, 'rank': 19, 'fitness': 0.049644722998518576, 'generation': 263}","{'id': 11578, 'rank': 20, 'fitness': 0.04844251070803346, 'generation': 263}","{'id': 11569, 'rank': 21, 'fitness': 0.04818415351269312, 'generation': 263}","{'id': 11595, 'rank': 22, 'fitness': 0.03767485646353835, 'generation': 263}","{'id': 11571, 'rank': 23, 'fitness': 0.033783184377305264, 'generation': 263}","{'id': 11549, 'rank': 24, 'fitness': 0.027054679275005156, 'generation': 263}","{'id': 11576, 'rank': 25, 'fitness': 0.02685650641613685, 'generation': 263}","{'id': 11553, 'rank': 26, 'fitness': 0.025632633917103242, 'generation': 263}","{'id': 11552, 'rank': 27, 'fitness': 0.023013604643176866, 'generation': 263}","{'id': 11560, 'rank': 28, 'fitness': 0.022502972781567654, 'generation': 263}","{'id': 11557, 'rank': 29, 'fitness': 0.0224628399837562, 'generation': 263}","{'id': 11575, 'rank': 30, 'fitness': 0.01798620996209155, 'generation': 263}"
"{'id': 11619, 'rank': 1, 'fitness': 0.9820137900379085, 'generation': 264}","{'id': 11627, 'rank': 2, 'fitness': 0.9665707023105612, 'generation': 264}","{'id': 11626, 'rank': 3, 'fitness': 0.8442425170227067, 'generation': 264}","{'id': 11607, 'rank': 4, 'fitness': 0.8003125125163917, 'generation': 264}","{'id': 11604, 'rank': 5, 'fitness': 0.7676391990948621, 'generation': 264}","{'id': 11632, 'rank': 6, 'fitness': 0.7083690040047459, 'generation': 264}","{'id': 11634, 'rank': 7, 'fitness': 0.6620814103056214, 'generation': 264}","{'id': 11630, 'rank': 8, 'fitness': 0.5071845975708865, 'generation': 264}","{'id': 11621, 'rank': 9, 'fitness': 0.4956569872568502, 'generation': 264}","{'id': 11629, 'rank': 10, 'fitness': 0.45871094148247743, 'generation': 264}","{'id': 11611, 'rank': 11, 'fitness': 0.4386544575588818, 'generation': 264}","{'id': 11609, 'rank': 12, 'fitness': 0.37106179927114613, 'generation': 264}","{'id': 11620, 'rank': 13, 'fitness': 0.36001672817981545, 'generation': 264}","{'id': 11623, 'rank': 14, 'fitness': 0.3329470648152094, 'generation': 264}","{'id': 11631, 'rank': 15, 'fitness': 0.30121166450361214, 'generation': 264}","{'id': 11617, 'rank': 16, 'fitness': 0.26634977308065894, 'generation': 264}","{'id': 11616, 'rank': 17, 'fitness': 0.25908854905205775, 'generation': 264}","{'id': 11618, 'rank': 18, 'fitness': 0.2484806388840704, 'generation': 264}","{'id': 11622, 'rank': 19, 'fitness': 0.2446588493950792, 'generation': 264}","{'id': 11612, 'rank': 20, 'fitness': 0.22684924410439145, 'generation': 264}","{'id': 11603, 'rank': 21, 'fitness': 0.20947363057805268, 'generation': 264}","{'id': 11628, 'rank': 22, 'fitness': 0.20798500678969956, 'generation': 264}","{'id': 11608, 'rank': 23, 'fitness': 0.18324436064087357, 'generation': 264}","{'id': 11614, 'rank': 24, 'fitness': 0.14383761243032972, 'generation': 264}","{'id': 11635, 'rank': 25, 'fitness': 0.13711638599481824, 'generation': 264}","{'id': 11602, 'rank': 26, 'fitness': 0.06483425682124472, 'generation': 264}","{'id': 11610, 'rank': 27, 'fitness': 0.05515884520193115, 'generation': 264}","{'id': 11633, 'rank': 28, 'fitness': 0.03482189327964125, 'generation': 264}","{'id': 11601, 'rank': 29, 'fitness': 0.027667355161965113, 'generation': 264}","{'id': 11625, 'rank': 30, 'fitness': 0.01798620996209155, 'generation': 264}"
"{'id': 11678, 'rank': 1, 'fitness': 0.9820137900379085, 'generation': 265}","{'id': 11680, 'rank': 2, 'fitness': 0.9355871473143563, 'generation': 265}","{'id': 11645, 'rank': 3, 'fitness': 0.8828129503230611, 'generation': 265}","{'id': 11648, 'rank': 4, 'fitness': 0.7243632690978518, 'generation': 265}","{'id': 11676, 'rank': 5, 'fitness': 0.6995223162657392, 'generation': 265}","{'id': 11658, 'rank': 6, 'fitness': 0.5940961517278576, 'generation': 265}","{'id': 11640, 'rank': 7, 'fitness': 0.5578314431587549, 'generation': 265}","{'id': 11664, 'rank': 8, 'fitness': 0.4552121538630104, 'generation': 265}","{'id': 11662, 'rank': 9, 'fitness': 0.3884908891839385, 'generation': 265}","{'id': 11642, 'rank': 10, 'fitness': 0.3630216209674971, 'generation': 265}","{'id': 11668, 'rank': 11, 'fitness': 0.3591283234893539, 'generation': 265}","{'id': 11681, 'rank': 12, 'fitness': 0.3481386202963018, 'generation': 265}","{'id': 11671, 'rank': 13, 'fitness': 0.32960297457453647, 'generation': 265}","{'id': 11677, 'rank': 14, 'fitness': 0.29948296110445316, 'generation': 265}","{'id': 11651, 'rank': 15, 'fitness': 0.2800903514983257, 'generation': 265}","{'id': 11670, 'rank': 16, 'fitness': 0.26178696780603455, 'generation': 265}","{'id': 11674, 'rank': 17, 'fitness': 0.21079770368428524, 'generation': 265}","{'id': 11666, 'rank': 18, 'fitness': 0.11858758800763186, 'generation': 265}","{'id': 11649, 'rank': 19, 'fitness': 0.11723408666617985, 'generation': 265}","{'id': 11653, 'rank': 20, 'fitness': 0.11065485034515676, 'generation': 265}","{'id': 11636, 'rank': 21, 'fitness': 0.10574405995961828, 'generation': 265}","{'id': 11675, 'rank': 22, 'fitness': 0.1048504249912694, 'generation': 265}","{'id': 11652, 'rank': 23, 'fitness': 0.09398383557863854, 'generation': 265}","{'id': 11667, 'rank': 24, 'fitness': 0.08515529520408938, 'generation': 265}","{'id': 11669, 'rank': 25, 'fitness': 0.059211479943482914, 'generation': 265}","{'id': 11679, 'rank': 26, 'fitness': 0.05548558995204678, 'generation': 265}","{'id': 11643, 'rank': 27, 'fitness': 0.035890022289056245, 'generation': 265}","{'id': 11672, 'rank': 28, 'fitness': 0.03498420266347213, 'generation': 265}","{'id': 11638, 'rank': 29, 'fitness': 0.01969160306303891, 'generation': 265}","{'id': 11646, 'rank': 30, 'fitness': 0.01798620996209155, 'generation': 265}"
"{'id': 11705, 'rank': 1, 'fitness': 0.9820137900379085, 'generation': 266}","{'id': 11722, 'rank': 2, 'fitness': 0.9742783970603236, 'generation': 266}","{'id': 11719, 'rank': 3, 'fitness': 0.9450053000955456, 'generation': 266}","{'id': 11708, 'rank': 4, 'fitness': 0.9294742068611285, 'generation': 266}","{'id': 11725, 'rank': 5, 'fitness': 0.838889421521573, 'generation': 266}","{'id': 11694, 'rank': 6, 'fitness': 0.8308216941836395, 'generation': 266}","{'id': 11712, 'rank': 7, 'fitness': 0.8289958038434572, 'generation': 266}","{'id': 11726, 'rank': 8, 'fitness': 0.8208364151052224, 'generation': 266}","{'id': 11716, 'rank': 9, 'fitness': 0.8177616851918376, 'generation': 266}","{'id': 11702, 'rank': 10, 'fitness': 0.7377602679195151, 'generation': 266}","{'id': 11718, 'rank': 11, 'fitness': 0.6696415034817246, 'generation': 266}","{'id': 11701, 'rank': 12, 'fitness': 0.5646582921984304, 'generation': 266}","{'id': 11721, 'rank': 13, 'fitness': 0.43242613382581907, 'generation': 266}","{'id': 11697, 'rank': 14, 'fitness': 0.42484085881010303, 'generation': 266}","{'id': 11713, 'rank': 15, 'fitness': 0.4081395538470277, 'generation': 266}","{'id': 11690, 'rank': 16, 'fitness': 0.35528509870496255, 'generation': 266}","{'id': 11706, 'rank': 17, 'fitness': 0.2999128355460897, 'generation': 266}","{'id': 11693, 'rank': 18, 'fitness': 0.28332249736481535, 'generation': 266}","{'id': 11688, 'rank': 19, 'fitness': 0.2615450946661516, 'generation': 266}","{'id': 11707, 'rank': 20, 'fitness': 0.196902985061508, 'generation': 266}","{'id': 11727, 'rank': 21, 'fitness': 0.1956173829626643, 'generation': 266}","{'id': 11696, 'rank': 22, 'fitness': 0.1200539385287297, 'generation': 266}","{'id': 11700, 'rank': 23, 'fitness': 0.08597366180310562, 'generation': 266}","{'id': 11711, 'rank': 24, 'fitness': 0.08569942412100906, 'generation': 266}","{'id': 11720, 'rank': 25, 'fitness': 0.060582869127908445, 'generation': 266}","{'id': 11724, 'rank': 26, 'fitness': 0.04273427256135248, 'generation': 266}","{'id': 11686, 'rank': 27, 'fitness': 0.037613253584394435, 'generation': 266}","{'id': 11691, 'rank': 28, 'fitness': 0.03758093294246223, 'generation': 266}","{'id': 11687, 'rank': 29, 'fitness': 0.030875943535917938, 'generation': 266}","{'id': 11723, 'rank': 30, 'fitness': 0.01798620996209155, 'generation': 266}"
"{'id': 11756, 'rank': 1, 'fitness': 0.9820137900379085, 'generation': 267}","{'id': 11767, 'rank': 2, 'fitness': 0.9268308927983631, 'generation': 267}","{'id': 11763, 'rank': 3, 'fitness': 0.9063521116932749, 'generation': 267}","{'id': 11739, 'rank': 4, 'fitness': 0.8743715834706182, 'generation': 267}","{'id': 11779, 'rank': 5, 'fitness': 0.5254812179320598, 'generation': 267}","{'id': 11774, 'rank': 6, 'fitness': 0.5095028949367796, 'generation': 267}","{'id': 11765, 'rank': 7, 'fitness': 0.4982069102366485, 'generation': 267}","{'id': 11780, 'rank': 8, 'fitness': 0.48253028834853623, 'generation': 267}","{'id': 11777, 'rank': 9, 'fitness': 0.4522531044677066, 'generation': 267}","{'id': 11783, 'rank': 10, 'fitness': 0.32743372011594474, 'generation': 267}","{'id': 11752, 'rank': 11, 'fitness': 0.3048606804062458, 'generation': 267}","{'id': 11782, 'rank': 12, 'fitness': 0.1638560373703965, 'generation': 267}","{'id': 11784, 'rank': 13, 'fitness': 0.1593660680288838, 'generation': 267}","{'id': 11747, 'rank': 14, 'fitness': 0.14568460148174983, 'generation': 267}","{'id': 11749, 'rank': 15, 'fitness': 0.13393875855870352, 'generation': 267}","{'id': 11770, 'rank': 16, 'fitness': 0.1318078544404367, 'generation': 267}","{'id': 11771, 'rank': 17, 'fitness': 0.12169877146248859, 'generation': 267}","{'id': 11760, 'rank': 18, 'fitness': 0.11036676634583142, 'generation': 267}","{'id': 11746, 'rank': 19, 'fitness': 0.10475393075899786, 'generation': 267}","{'id': 11775, 'rank': 20, 'fitness': 0.0725363959781068, 'generation': 267}","{'id': 11750, 'rank': 21, 'fitness': 0.07167034947366596, 'generation': 267}","{'id': 11748, 'rank': 22, 'fitness': 0.07029245134572337, 'generation': 267}","{'id': 11772, 'rank': 23, 'fitness': 0.05597485093048782, 'generation': 267}","{'id': 11778, 'rank': 24, 'fitness': 0.0367366029251574, 'generation': 267}","{'id': 11738, 'rank': 25, 'fitness': 0.032689785718132525, 'generation': 267}","{'id': 11762, 'rank': 26, 'fitness': 0.0323034476930692, 'generation': 267}","{'id': 11764, 'rank': 27, 'fitness': 0.031297109724169436, 'generation': 267}","{'id': 11755, 'rank': 28, 'fitness': 0.028036327758427404, 'generation': 267}","{'id': 11753, 'rank': 29, 'fitness': 0.021776176332126473, 'generation': 267}","{'id': 11751, 'rank': 30, 'fitness': 0.01798620996209155, 'generation': 267}"
"{'id': 11821, 'rank': 1, 'fitness': 0.9820137900379085, 'generation': 268}","{'id': 11807, 'rank': 2, 'fitness': 0.9637153630635782, 'generation': 268}","{'id': 11808, 'rank': 3, 'fitness': 0.9321128771747724, 'generation': 268}","{'id': 11820, 'rank': 4, 'fitness': 0.8427690309643447, 'generation': 268}","{'id': 11823, 'rank': 5, 'fitness': 0.7273216165998333, 'generation': 268}","{'id': 11824, 'rank': 6, 'fitness': 0.6590101144132423, 'generation': 268}","{'id': 11797, 'rank': 7, 'fitness': 0.6509217178789342, 'generation': 268}","{'id': 11802, 'rank': 8, 'fitness': 0.6435057020795283, 'generation': 268}","{'id': 11812, 'rank': 9, 'fitness': 0.6100280430264229, 'generation': 268}","{'id': 11794, 'rank': 10, 'fitness': 0.564920358976826, 'generation': 268}","{'id': 11818, 'rank': 11, 'fitness': 0.5138951349653329, 'generation': 268}","{'id': 11816, 'rank': 12, 'fitness': 0.44745800097123156, 'generation': 268}","{'id': 11804, 'rank': 13, 'fitness': 0.4025539967031265, 'generation': 268}","{'id': 11799, 'rank': 14, 'fitness': 0.24768246153684764, 'generation': 268}","{'id': 11793, 'rank': 15, 'fitness': 0.10731624640809534, 'generation': 268}","{'id': 11814, 'rank': 16, 'fitness': 0.0976964705375662, 'generation': 268}","{'id': 11790, 'rank': 17, 'fitness': 0.07957468939881279, 'generation': 268}","{'id': 11809, 'rank': 18, 'fitness': 0.0723455897428189, 'generation': 268}","{'id': 11798, 'rank': 19, 'fitness': 0.06722637148223176, 'generation': 268}","{'id': 11815, 'rank': 20, 'fitness': 0.05689072544428608, 'generation': 268}","{'id': 11803, 'rank': 21, 'fitness': 0.049063044519852106, 'generation': 268}","{'id': 11819, 'rank': 22, 'fitness': 0.04858384182363806, 'generation': 268}","{'id': 11822, 'rank': 23, 'fitness': 0.04846042834427022, 'generation': 268}","{'id': 11805, 'rank': 24, 'fitness': 0.040677397509845115, 'generation': 268}","{'id': 11789, 'rank': 25, 'fitness': 0.037068702943837684, 'generation': 268}","{'id': 11787, 'rank': 26, 'fitness': 0.036445821751188656, 'generation': 268}","{'id': 11817, 'rank': 27, 'fitness': 0.02837343264662573, 'generation': 268}","{'id': 11795, 'rank': 28, 'fitness': 0.028051472877263173, 'generation': 268}","{'id': 11811, 'rank': 29, 'fitness': 0.01850794813057427, 'generation': 268}","{'id': 11810, 'rank': 30, 'fitness': 0.01798620996209155, 'generation': 268}"
"{'id': 11859, 'rank': 1, 'fitness': 0.9820137900379085, 'generation': 269}","{'id': 11858, 'rank': 2, 'fitness': 0.9461196719399823, 'generation': 269}","{'id': 11863, 'rank': 3, 'fitness': 0.9313639595618113, 'generation': 269}","{'id': 11865, 'rank': 4, 'fitness': 0.8697968339900697, 'generation': 269}","{'id': 11860, 'rank': 5, 'fitness': 0.8181196980984621, 'generation': 269}","{'id': 11861, 'rank': 6, 'fitness': 0.4620486103378516, 'generation': 269}","{'id': 11855, 'rank': 7, 'fitness': 0.45959238120144774, 'generation': 269}","{'id': 11853, 'rank': 8, 'fitness': 0.4508344525034769, 'generation': 269}","{'id': 11849, 'rank': 9, 'fitness': 0.44540197410081644, 'generation': 269}","{'id': 11850, 'rank': 10, 'fitness': 0.41563877026067686, 'generation': 269}","{'id': 11830, 'rank': 11, 'fitness': 0.32491216663436184, 'generation': 269}","{'id': 11852, 'rank': 12, 'fitness': 0.24953806199429585, 'generation': 269}","{'id': 11856, 'rank': 13, 'fitness': 0.22764890340689464, 'generation': 269}","{'id': 11857, 'rank': 14, 'fitness': 0.22405626605880946, 'generation': 269}","{'id': 11843, 'rank': 15, 'fitness': 0.1710275928624898, 'generation': 269}","{'id': 11827, 'rank': 16, 'fitness': 0.15479123987263532, 'generation': 269}","{'id': 11867, 'rank': 17, 'fitness': 0.11929722933967746, 'generation': 269}","{'id': 11834, 'rank': 18, 'fitness': 0.09340100641296961, 'generation': 269}","{'id': 11854, 'rank': 19, 'fitness': 0.08724377928566662, 'generation': 269}","{'id': 11835, 'rank': 20, 'fitness': 0.08545458747658685, 'generation': 269}","{'id': 11844, 'rank': 21, 'fitness': 0.05855949656346793, 'generation': 269}","{'id': 11851, 'rank': 22, 'fitness': 0.05516603830150235, 'generation': 269}","{'id': 11864, 'rank': 23, 'fitness': 0.04040423395094045, 'generation': 269}","{'id': 11862, 'rank': 24, 'fitness': 0.038786994990962054, 'generation': 269}","{'id': 11828, 'rank': 25, 'fitness': 0.03301191580869067, 'generation': 269}","{'id': 11842, 'rank': 26, 'fitness': 0.024026929597272262, 'generation': 269}","{'id': 11848, 'rank': 27, 'fitness': 0.021912847473246677, 'generation': 269}","{'id': 11847, 'rank': 28, 'fitness': 0.02004787302321087, 'generation': 269}","{'id': 11866, 'rank': 29, 'fitness': 0.01985579238167723, 'generation': 269}","{'id': 11837, 'rank': 30, 'fitness': 0.01798620996209155, 'generation': 269}"
"{'id': 11910, 'rank': 1, 'fitness': 0.9820137900379085, 'generation': 270}","{'id': 11888, 'rank': 2, 'fitness': 0.961757824031047, 'generation': 270}","{'id': 11903, 'rank': 3, 'fitness': 0.9247148890916811, 'generation': 270}","{'id': 11905, 'rank': 4, 'fitness': 0.7397318579725078, 'generation': 270}","{'id': 11871, 'rank': 5, 'fitness': 0.7334779027269077, 'generation': 270}","{'id': 11891, 'rank': 6, 'fitness': 0.7114872712566067, 'generation': 270}","{'id': 11899, 'rank': 7, 'fitness': 0.5519995753700998, 'generation': 270}","{'id': 11898, 'rank': 8, 'fitness': 0.4974827556258125, 'generation': 270}","{'id': 11904, 'rank': 9, 'fitness': 0.47320934727913777, 'generation': 270}","{'id': 11874, 'rank': 10, 'fitness': 0.4652868951668576, 'generation': 270}","{'id': 11908, 'rank': 11, 'fitness': 0.46029096170765593, 'generation': 270}","{'id': 11896, 'rank': 12, 'fitness': 0.43595929540792255, 'generation': 270}","{'id': 11895, 'rank': 13, 'fitness': 0.34186824026874274, 'generation': 270}","{'id': 11907, 'rank': 14, 'fitness': 0.2967532070010743, 'generation': 270}","{'id': 11893, 'rank': 15, 'fitness': 0.2711312204008457, 'generation': 270}","{'id': 11876, 'rank': 16, 'fitness': 0.18420094696472633, 'generation': 270}","{'id': 11870, 'rank': 17, 'fitness': 0.1738646849687614, 'generation': 270}","{'id': 11880, 'rank': 18, 'fitness': 0.16985739421656093, 'generation': 270}","{'id': 11886, 'rank': 19, 'fitness': 0.15249486024860642, 'generation': 270}","{'id': 11900, 'rank': 20, 'fitness': 0.10179573717983581, 'generation': 270}","{'id': 11911, 'rank': 21, 'fitness': 0.08877263770444993, 'generation': 270}","{'id': 11909, 'rank': 22, 'fitness': 0.06253698587264628, 'generation': 270}","{'id': 11884, 'rank': 23, 'fitness': 0.053659040796105006, 'generation': 270}","{'id': 11897, 'rank': 24, 'fitness': 0.04618908701522373, 'generation': 270}","{'id': 11906, 'rank': 25, 'fitness': 0.04561079649607025, 'generation': 270}","{'id': 11889, 'rank': 26, 'fitness': 0.0359280628126456, 'generation': 270}","{'id': 11902, 'rank': 27, 'fitness': 0.02340906218259925, 'generation': 270}","{'id': 11868, 'rank': 28, 'fitness': 0.02114922283287629, 'generation': 270}","{'id': 11892, 'rank': 29, 'fitness': 0.01907453712265611, 'generation': 270}","{'id': 11883, 'rank': 30, 'fitness': 0.01798620996209155, 'generation': 270}"
"{'id': 11957, 'rank': 1, 'fitness': 0.9820137900379085, 'generation': 271}","{'id': 11943, 'rank': 2, 'fitness': 0.9721701177554679, 'generation': 271}","{'id': 11945, 'rank': 3, 'fitness': 0.8461957138212209, 'generation': 271}","{'id': 11952, 'rank': 4, 'fitness': 0.5259524545257047, 'generation': 271}","{'id': 11951, 'rank': 5, 'fitness': 0.504157731159935, 'generation': 271}","{'id': 11942, 'rank': 6, 'fitness': 0.48235462040420474, 'generation': 271}","{'id': 11946, 'rank': 7, 'fitness': 0.351860893438665, 'generation': 271}","{'id': 11935, 'rank': 8, 'fitness': 0.27688840805519527, 'generation': 271}","{'id': 11931, 'rank': 9, 'fitness': 0.1906557408969785, 'generation': 271}","{'id': 11927, 'rank': 10, 'fitness': 0.18748371387552182, 'generation': 271}","{'id': 11956, 'rank': 11, 'fitness': 0.1276593142898897, 'generation': 271}","{'id': 11924, 'rank': 12, 'fitness': 0.12398222928966235, 'generation': 271}","{'id': 11923, 'rank': 13, 'fitness': 0.11910310649300992, 'generation': 271}","{'id': 11932, 'rank': 14, 'fitness': 0.10977787441936182, 'generation': 271}","{'id': 11947, 'rank': 15, 'fitness': 0.10716071905550012, 'generation': 271}","{'id': 11917, 'rank': 16, 'fitness': 0.09336379386013532, 'generation': 271}","{'id': 11941, 'rank': 17, 'fitness': 0.08179935594530952, 'generation': 271}","{'id': 11937, 'rank': 18, 'fitness': 0.0697156272638193, 'generation': 271}","{'id': 11944, 'rank': 19, 'fitness': 0.050801604042001625, 'generation': 271}","{'id': 11955, 'rank': 20, 'fitness': 0.05040582905967239, 'generation': 271}","{'id': 11958, 'rank': 21, 'fitness': 0.04143675758018267, 'generation': 271}","{'id': 11925, 'rank': 22, 'fitness': 0.0383556281508306, 'generation': 271}","{'id': 11921, 'rank': 23, 'fitness': 0.03834464026306311, 'generation': 271}","{'id': 11954, 'rank': 24, 'fitness': 0.033549922928057085, 'generation': 271}","{'id': 11938, 'rank': 25, 'fitness': 0.029850616361806748, 'generation': 271}","{'id': 11922, 'rank': 26, 'fitness': 0.024453488140337876, 'generation': 271}","{'id': 11918, 'rank': 27, 'fitness': 0.021140467567018928, 'generation': 271}","{'id': 11949, 'rank': 28, 'fitness': 0.020009776243011757, 'generation': 271}","{'id': 11953, 'rank': 29, 'fitness': 0.018125381089094506, 'generation': 271}","{'id': 11939, 'rank': 30, 'fitness': 0.01798620996209155, 'generation': 271}"
"{'id': 11982, 'rank': 1, 'fitness': 0.9820137900379085, 'generation': 272}","{'id': 11996, 'rank': 2, 'fitness': 0.966717800567134, 'generation': 272}","{'id': 11993, 'rank': 3, 'fitness': 0.9199566235979197, 'generation': 272}","{'id': 11991, 'rank': 4, 'fitness': 0.6825179152111849, 'generation': 272}","{'id': 11979, 'rank': 5, 'fitness': 0.6123595560369496, 'generation': 272}","{'id': 11988, 'rank': 6, 'fitness': 0.564958537332601, 'generation': 272}","{'id': 11984, 'rank': 7, 'fitness': 0.5395939045194679, 'generation': 272}","{'id': 11994, 'rank': 8, 'fitness': 0.4913251308128546, 'generation': 272}","{'id': 11986, 'rank': 9, 'fitness': 0.4368535823785201, 'generation': 272}","{'id': 11992, 'rank': 10, 'fitness': 0.43337903853704357, 'generation': 272}","{'id': 11975, 'rank': 11, 'fitness': 0.4118291627386883, 'generation': 272}","{'id': 11995, 'rank': 12, 'fitness': 0.4108840647525044, 'generation': 272}","{'id': 11987, 'rank': 13, 'fitness': 0.36409451432009043, 'generation': 272}","{'id': 11961, 'rank': 14, 'fitness': 0.324959473908909, 'generation': 272}","{'id': 11990, 'rank': 15, 'fitness': 0.2960137016637279, 'generation': 272}","{'id': 11968, 'rank': 16, 'fitness': 0.286793545544618, 'generation': 272}","{'id': 11964, 'rank': 17, 'fitness': 0.21060988647779672, 'generation': 272}","{'id': 11976, 'rank': 18, 'fitness': 0.19295705684660924, 'generation': 272}","{'id': 11980, 'rank': 19, 'fitness': 0.18409009126029768, 'generation': 272}","{'id': 11983, 'rank': 20, 'fitness': 0.1546538795038997, 'generation': 272}","{'id': 11977, 'rank': 21, 'fitness': 0.143963165150214, 'generation': 272}","{'id': 11959, 'rank': 22, 'fitness': 0.11340127412645545, 'generation': 272}","{'id': 11972, 'rank': 23, 'fitness': 0.10846122707332351, 'generation': 272}","{'id': 11973, 'rank': 24, 'fitness': 0.09866467035478704, 'generation': 272}","{'id': 11989, 'rank': 25, 'fitness': 0.0961614894560131, 'generation': 272}","{'id': 11985, 'rank': 26, 'fitness': 0.07036522415407498, 'generation': 272}","{'id': 11963, 'rank': 27, 'fitness': 0.053387391954331787, 'generation': 272}","{'id': 11962, 'rank': 28, 'fitness': 0.02307337245442931, 'generation': 272}","{'id': 11960, 'rank': 29, 'fitness': 0.02285367877215222, 'generation': 272}","{'id': 11966, 'rank': 30, 'fitness': 0.01798620996209155, 'generation': 272}"
"{'id': 12003, 'rank': 1, 'fitness': 0.9820137900379085, 'generation': 273}","{'id': 12028, 'rank': 2, 'fitness': 0.7841834762642707, 'generation': 273}","{'id': 12016, 'rank': 3, 'fitness': 0.7457797374640375, 'generation': 273}","{'id': 12022, 'rank': 4, 'fitness': 0.632374029103237, 'generation': 273}","{'id': 12025, 'rank': 5, 'fitness': 0.5746781764689093, 'generation': 273}","{'id': 12038, 'rank': 6, 'fitness': 0.3274454682667429, 'generation': 273}","{'id': 12021, 'rank': 7, 'fitness': 0.2534930627213197, 'generation': 273}","{'id': 12027, 'rank': 8, 'fitness': 0.2371434230411319, 'generation': 273}","{'id': 12037, 'rank': 9, 'fitness': 0.2274465819932205, 'generation': 273}","{'id': 12034, 'rank': 10, 'fitness': 0.2181791946282987, 'generation': 273}","{'id': 12019, 'rank': 11, 'fitness': 0.19674969235485412, 'generation': 273}","{'id': 12015, 'rank': 12, 'fitness': 0.18235524287788085, 'generation': 273}","{'id': 12008, 'rank': 13, 'fitness': 0.1294317722258137, 'generation': 273}","{'id': 12029, 'rank': 14, 'fitness': 0.08771271377391676, 'generation': 273}","{'id': 12010, 'rank': 15, 'fitness': 0.0858954586042775, 'generation': 273}","{'id': 12035, 'rank': 16, 'fitness': 0.07193392176535796, 'generation': 273}","{'id': 12024, 'rank': 17, 'fitness': 0.05899234275065113, 'generation': 273}","{'id': 12023, 'rank': 18, 'fitness': 0.050284070992022145, 'generation': 273}","{'id': 12033, 'rank': 19, 'fitness': 0.04554538865443747, 'generation': 273}","{'id': 12020, 'rank': 20, 'fitness': 0.04348089968870783, 'generation': 273}","{'id': 12007, 'rank': 21, 'fitness': 0.04019752900771345, 'generation': 273}","{'id': 12012, 'rank': 22, 'fitness': 0.03806971134663406, 'generation': 273}","{'id': 12005, 'rank': 23, 'fitness': 0.03435204622933036, 'generation': 273}","{'id': 12017, 'rank': 24, 'fitness': 0.03308108338869298, 'generation': 273}","{'id': 12018, 'rank': 25, 'fitness': 0.02970789819913755, 'generation': 273}","{'id': 11999, 'rank': 26, 'fitness': 0.02678044034278071, 'generation': 273}","{'id': 12011, 'rank': 27, 'fitness': 0.022675736705497884, 'generation': 273}","{'id': 12000, 'rank': 28, 'fitness': 0.021634212259190932, 'generation': 273}","{'id': 12031, 'rank': 29, 'fitness': 0.021431101754976145, 'generation': 273}","{'id': 12030, 'rank': 30, 'fitness': 0.01798620996209155, 'generation': 273}"
"{'id': 12066, 'rank': 1, 'fitness': 0.9820137900379085, 'generation': 274}","{'id': 12068, 'rank': 2, 'fitness': 0.8449314715399666, 'generation': 274}","{'id': 12059, 'rank': 3, 'fitness': 0.7864584264020673, 'generation': 274}","{'id': 12055, 'rank': 4, 'fitness': 0.6088910489825358, 'generation': 274}","{'id': 12060, 'rank': 5, 'fitness': 0.5964602540016579, 'generation': 274}","{'id': 12056, 'rank': 6, 'fitness': 0.44782969876097284, 'generation': 274}","{'id': 12049, 'rank': 7, 'fitness': 0.4186080131402911, 'generation': 274}","{'id': 12073, 'rank': 8, 'fitness': 0.41235891821066417, 'generation': 274}","{'id': 12045, 'rank': 9, 'fitness': 0.36213237036689977, 'generation': 274}","{'id': 12065, 'rank': 10, 'fitness': 0.3329733899807894, 'generation': 274}","{'id': 12061, 'rank': 11, 'fitness': 0.25156565178281887, 'generation': 274}","{'id': 12072, 'rank': 12, 'fitness': 0.22933914770022545, 'generation': 274}","{'id': 12064, 'rank': 13, 'fitness': 0.22792738763441023, 'generation': 274}","{'id': 12053, 'rank': 14, 'fitness': 0.2065082633472286, 'generation': 274}","{'id': 12051, 'rank': 15, 'fitness': 0.19508860051004162, 'generation': 274}","{'id': 12052, 'rank': 16, 'fitness': 0.17970338597725316, 'generation': 274}","{'id': 12067, 'rank': 17, 'fitness': 0.17481222755018389, 'generation': 274}","{'id': 12071, 'rank': 18, 'fitness': 0.16060589344355913, 'generation': 274}","{'id': 12063, 'rank': 19, 'fitness': 0.14865987578242235, 'generation': 274}","{'id': 12044, 'rank': 20, 'fitness': 0.13750977136470693, 'generation': 274}","{'id': 12069, 'rank': 21, 'fitness': 0.07962954131032285, 'generation': 274}","{'id': 12062, 'rank': 22, 'fitness': 0.0765427829420563, 'generation': 274}","{'id': 12039, 'rank': 23, 'fitness': 0.07584739773436489, 'generation': 274}","{'id': 12058, 'rank': 24, 'fitness': 0.07493874766770975, 'generation': 274}","{'id': 12042, 'rank': 25, 'fitness': 0.06348182168426919, 'generation': 274}","{'id': 12070, 'rank': 26, 'fitness': 0.05241930075598772, 'generation': 274}","{'id': 12047, 'rank': 27, 'fitness': 0.04533499822103554, 'generation': 274}","{'id': 12040, 'rank': 28, 'fitness': 0.034069329453375374, 'generation': 274}","{'id': 12054, 'rank': 29, 'fitness': 0.019359368098291974, 'generation': 274}","{'id': 12048, 'rank': 30, 'fitness': 0.01798620996209155, 'generation': 274}"
"{'id': 12112, 'rank': 1, 'fitness': 0.9820137900379085, 'generation': 275}","{'id': 12109, 'rank': 2, 'fitness': 0.9617367415475137, 'generation': 275}","{'id': 12076, 'rank': 3, 'fitness': 0.9345496517502317, 'generation': 275}","{'id': 12107, 'rank': 4, 'fitness': 0.9319530091468978, 'generation': 275}","{'id': 12081, 'rank': 5, 'fitness': 0.8409410045949842, 'generation': 275}","{'id': 12092, 'rank': 6, 'fitness': 0.7812830963148418, 'generation': 275}","{'id': 12079, 'rank': 7, 'fitness': 0.7735612216910767, 'generation': 275}","{'id': 12113, 'rank': 8, 'fitness': 0.5882136407679445, 'generation': 275}","{'id': 12103, 'rank': 9, 'fitness': 0.5816655238558839, 'generation': 275}","{'id': 12090, 'rank': 10, 'fitness': 0.5653038284772041, 'generation': 275}","{'id': 12086, 'rank': 11, 'fitness': 0.43112021662433375, 'generation': 275}","{'id': 12104, 'rank': 12, 'fitness': 0.4147434694041201, 'generation': 275}","{'id': 12097, 'rank': 13, 'fitness': 0.3898941072918725, 'generation': 275}","{'id': 12099, 'rank': 14, 'fitness': 0.32345424347361096, 'generation': 275}","{'id': 12110, 'rank': 15, 'fitness': 0.25935038637115576, 'generation': 275}","{'id': 12114, 'rank': 16, 'fitness': 0.24696696931036377, 'generation': 275}","{'id': 12102, 'rank': 17, 'fitness': 0.24463134177862633, 'generation': 275}","{'id': 12096, 'rank': 18, 'fitness': 0.2315689029911293, 'generation': 275}","{'id': 12075, 'rank': 19, 'fitness': 0.22785189999439603, 'generation': 275}","{'id': 12074, 'rank': 20, 'fitness': 0.11482436490385706, 'generation': 275}","{'id': 12108, 'rank': 21, 'fitness': 0.10859335881959525, 'generation': 275}","{'id': 12098, 'rank': 22, 'fitness': 0.06123088157566203, 'generation': 275}","{'id': 12078, 'rank': 23, 'fitness': 0.048090141830944455, 'generation': 275}","{'id': 12095, 'rank': 24, 'fitness': 0.03971603703507459, 'generation': 275}","{'id': 12089, 'rank': 25, 'fitness': 0.032013712910423875, 'generation': 275}","{'id': 12115, 'rank': 26, 'fitness': 0.026295347183112494, 'generation': 275}","{'id': 12080, 'rank': 27, 'fitness': 0.025603860778484866, 'generation': 275}","{'id': 12088, 'rank': 28, 'fitness': 0.024742522356577257, 'generation': 275}","{'id': 12091, 'rank': 29, 'fitness': 0.018463557622898585, 'generation': 275}","{'id': 12087, 'rank': 30, 'fitness': 0.01798620996209155, 'generation': 275}"
"{'id': 12151, 'rank': 1, 'fitness': 0.9820137900379085, 'generation': 276}","{'id': 12148, 'rank': 2, 'fitness': 0.945582466522823, 'generation': 276}","{'id': 12157, 'rank': 3, 'fitness': 0.8470361762170291, 'generation': 276}","{'id': 12139, 'rank': 4, 'fitness': 0.8364569105122481, 'generation': 276}","{'id': 12155, 'rank': 5, 'fitness': 0.6459535684147417, 'generation': 276}","{'id': 12153, 'rank': 6, 'fitness': 0.5896245042607782, 'generation': 276}","{'id': 12140, 'rank': 7, 'fitness': 0.5857969555586193, 'generation': 276}","{'id': 12154, 'rank': 8, 'fitness': 0.4695130912377508, 'generation': 276}","{'id': 12143, 'rank': 9, 'fitness': 0.4283849525378166, 'generation': 276}","{'id': 12126, 'rank': 10, 'fitness': 0.4276296143478116, 'generation': 276}","{'id': 12158, 'rank': 11, 'fitness': 0.25962172461423216, 'generation': 276}","{'id': 12145, 'rank': 12, 'fitness': 0.17810259710725118, 'generation': 276}","{'id': 12134, 'rank': 13, 'fitness': 0.14004417103964323, 'generation': 276}","{'id': 12142, 'rank': 14, 'fitness': 0.11107728940443984, 'generation': 276}","{'id': 12152, 'rank': 15, 'fitness': 0.10637088785485249, 'generation': 276}","{'id': 12119, 'rank': 16, 'fitness': 0.09916219690644923, 'generation': 276}","{'id': 12137, 'rank': 17, 'fitness': 0.09510990152316079, 'generation': 276}","{'id': 12147, 'rank': 18, 'fitness': 0.08960784687328066, 'generation': 276}","{'id': 12121, 'rank': 19, 'fitness': 0.06762895392857449, 'generation': 276}","{'id': 12118, 'rank': 20, 'fitness': 0.05154202215860021, 'generation': 276}","{'id': 12146, 'rank': 21, 'fitness': 0.051142685790987685, 'generation': 276}","{'id': 12132, 'rank': 22, 'fitness': 0.04830460950137694, 'generation': 276}","{'id': 12136, 'rank': 23, 'fitness': 0.04073439470203194, 'generation': 276}","{'id': 12124, 'rank': 24, 'fitness': 0.036383798634122555, 'generation': 276}","{'id': 12120, 'rank': 25, 'fitness': 0.0350986603353618, 'generation': 276}","{'id': 12123, 'rank': 26, 'fitness': 0.0327568224122719, 'generation': 276}","{'id': 12128, 'rank': 27, 'fitness': 0.02673583711775601, 'generation': 276}","{'id': 12141, 'rank': 28, 'fitness': 0.0245088193440271, 'generation': 276}","{'id': 12133, 'rank': 29, 'fitness': 0.020461923417340988, 'generation': 276}","{'id': 12156, 'rank': 30, 'fitness': 0.01798620996209155, 'generation': 276}"
"{'id': 12184, 'rank': 1, 'fitness': 0.9820137900379085, 'generation': 277}","{'id': 12194, 'rank': 2, 'fitness': 0.9755492162164625, 'generation': 277}","{'id': 12188, 'rank': 3, 'fitness': 0.946447019972432, 'generation': 277}","{'id': 12192, 'rank': 4, 'fitness': 0.946418007999074, 'generation': 277}","{'id': 12181, 'rank': 5, 'fitness': 0.944871661386896, 'generation': 277}","{'id': 12163, 'rank': 6, 'fitness': 0.8075753000891672, 'generation': 277}","{'id': 12169, 'rank': 7, 'fitness': 0.7837521027276231, 'generation': 277}","{'id': 12178, 'rank': 8, 'fitness': 0.5891030040934275, 'generation': 277}","{'id': 12187, 'rank': 9, 'fitness': 0.5547203669363485, 'generation': 277}","{'id': 12193, 'rank': 10, 'fitness': 0.532928257569499, 'generation': 277}","{'id': 12185, 'rank': 11, 'fitness': 0.5294252016909393, 'generation': 277}","{'id': 12176, 'rank': 12, 'fitness': 0.46685777527353484, 'generation': 277}","{'id': 12200, 'rank': 13, 'fitness': 0.3876337805630288, 'generation': 277}","{'id': 12190, 'rank': 14, 'fitness': 0.3299441137788416, 'generation': 277}","{'id': 12189, 'rank': 15, 'fitness': 0.32943264579174425, 'generation': 277}","{'id': 12173, 'rank': 16, 'fitness': 0.23754232591983132, 'generation': 277}","{'id': 12199, 'rank': 17, 'fitness': 0.20163538811154447, 'generation': 277}","{'id': 12197, 'rank': 18, 'fitness': 0.1996041189133459, 'generation': 277}","{'id': 12186, 'rank': 19, 'fitness': 0.15475537624654967, 'generation': 277}","{'id': 12183, 'rank': 20, 'fitness': 0.14036696064089016, 'generation': 277}","{'id': 12182, 'rank': 21, 'fitness': 0.12034428847492573, 'generation': 277}","{'id': 12177, 'rank': 22, 'fitness': 0.1117968846313322, 'generation': 277}","{'id': 12198, 'rank': 23, 'fitness': 0.11046568574605792, 'generation': 277}","{'id': 12179, 'rank': 24, 'fitness': 0.10456476010154081, 'generation': 277}","{'id': 12166, 'rank': 25, 'fitness': 0.07506239451490127, 'generation': 277}","{'id': 12195, 'rank': 26, 'fitness': 0.0702855477604667, 'generation': 277}","{'id': 12174, 'rank': 27, 'fitness': 0.03762033981996271, 'generation': 277}","{'id': 12196, 'rank': 28, 'fitness': 0.03657577096567505, 'generation': 277}","{'id': 12175, 'rank': 29, 'fitness': 0.01985669424584463, 'generation': 277}","{'id': 12170, 'rank': 30, 'fitness': 0.01798620996209155, 'generation': 277}"
"{'id': 12225, 'rank': 1, 'fitness': 0.9820137900379085, 'generation': 278}","{'id': 12217, 'rank': 2, 'fitness': 0.7082397975109881, 'generation': 278}","{'id': 12247, 'rank': 3, 'fitness': 0.6289523448287753, 'generation': 278}","{'id': 12223, 'rank': 4, 'fitness': 0.4365055443154306, 'generation': 278}","{'id': 12222, 'rank': 5, 'fitness': 0.42951081812022984, 'generation': 278}","{'id': 12251, 'rank': 6, 'fitness': 0.4244017400599195, 'generation': 278}","{'id': 12250, 'rank': 7, 'fitness': 0.4233063062185808, 'generation': 278}","{'id': 12210, 'rank': 8, 'fitness': 0.41915910988903726, 'generation': 278}","{'id': 12248, 'rank': 9, 'fitness': 0.3513759497669432, 'generation': 278}","{'id': 12232, 'rank': 10, 'fitness': 0.3436899632225802, 'generation': 278}","{'id': 12211, 'rank': 11, 'fitness': 0.3058782895459191, 'generation': 278}","{'id': 12243, 'rank': 12, 'fitness': 0.2557537493919051, 'generation': 278}","{'id': 12229, 'rank': 13, 'fitness': 0.24518053591820443, 'generation': 278}","{'id': 12207, 'rank': 14, 'fitness': 0.20655025061296012, 'generation': 278}","{'id': 12212, 'rank': 15, 'fitness': 0.1317011227078011, 'generation': 278}","{'id': 12240, 'rank': 16, 'fitness': 0.09502748396452299, 'generation': 278}","{'id': 12242, 'rank': 17, 'fitness': 0.09005454811852742, 'generation': 278}","{'id': 12237, 'rank': 18, 'fitness': 0.07817484208465464, 'generation': 278}","{'id': 12204, 'rank': 19, 'fitness': 0.073664230948494, 'generation': 278}","{'id': 12228, 'rank': 20, 'fitness': 0.06361990271751805, 'generation': 278}","{'id': 12202, 'rank': 21, 'fitness': 0.0623237190977079, 'generation': 278}","{'id': 12249, 'rank': 22, 'fitness': 0.04532769345466081, 'generation': 278}","{'id': 12218, 'rank': 23, 'fitness': 0.04491952922192688, 'generation': 278}","{'id': 12234, 'rank': 24, 'fitness': 0.036135169503721365, 'generation': 278}","{'id': 12230, 'rank': 25, 'fitness': 0.03368504557151797, 'generation': 278}","{'id': 12244, 'rank': 26, 'fitness': 0.025435967392793635, 'generation': 278}","{'id': 12239, 'rank': 27, 'fitness': 0.025152878672640933, 'generation': 278}","{'id': 12236, 'rank': 28, 'fitness': 0.02478771795647211, 'generation': 278}","{'id': 12206, 'rank': 29, 'fitness': 0.01841219255899229, 'generation': 278}","{'id': 12227, 'rank': 30, 'fitness': 0.01798620996209155, 'generation': 278}"
"{'id': 12265, 'rank': 1, 'fitness': 0.9820137900379085, 'generation': 279}","{'id': 12277, 'rank': 2, 'fitness': 0.9732240453529348, 'generation': 279}","{'id': 12272, 'rank': 3, 'fitness': 0.9626755340559018, 'generation': 279}","{'id': 12282, 'rank': 4, 'fitness': 0.9363226007686767, 'generation': 279}","{'id': 12281, 'rank': 5, 'fitness': 0.9112251695592697, 'generation': 279}","{'id': 12262, 'rank': 6, 'fitness': 0.8652896943760946, 'generation': 279}","{'id': 12271, 'rank': 7, 'fitness': 0.8421964702419649, 'generation': 279}","{'id': 12280, 'rank': 8, 'fitness': 0.7656926146955163, 'generation': 279}","{'id': 12285, 'rank': 9, 'fitness': 0.7482735980724486, 'generation': 279}","{'id': 12284, 'rank': 10, 'fitness': 0.5827424791934491, 'generation': 279}","{'id': 12263, 'rank': 11, 'fitness': 0.528228246185179, 'generation': 279}","{'id': 12283, 'rank': 12, 'fitness': 0.520620860316024, 'generation': 279}","{'id': 12257, 'rank': 13, 'fitness': 0.48137802163376686, 'generation': 279}","{'id': 12286, 'rank': 14, 'fitness': 0.4610516891334899, 'generation': 279}","{'id': 12278, 'rank': 15, 'fitness': 0.3925532207247424, 'generation': 279}","{'id': 12260, 'rank': 16, 'fitness': 0.39230630064064814, 'generation': 279}","{'id': 12264, 'rank': 17, 'fitness': 0.36142968220032634, 'generation': 279}","{'id': 12261, 'rank': 18, 'fitness': 0.3151854590696651, 'generation': 279}","{'id': 12270, 'rank': 19, 'fitness': 0.2903088305347499, 'generation': 279}","{'id': 12275, 'rank': 20, 'fitness': 0.230431976265966, 'generation': 279}","{'id': 12259, 'rank': 21, 'fitness': 0.2269453941833509, 'generation': 279}","{'id': 12267, 'rank': 22, 'fitness': 0.21871828765801893, 'generation': 279}","{'id': 12269, 'rank': 23, 'fitness': 0.19153878326123386, 'generation': 279}","{'id': 12273, 'rank': 24, 'fitness': 0.18822535337566304, 'generation': 279}","{'id': 12254, 'rank': 25, 'fitness': 0.12071023377241169, 'generation': 279}","{'id': 12268, 'rank': 26, 'fitness': 0.09043678988119164, 'generation': 279}","{'id': 12276, 'rank': 27, 'fitness': 0.07028962462835958, 'generation': 279}","{'id': 12258, 'rank': 28, 'fitness': 0.06511341659777053, 'generation': 279}","{'id': 12279, 'rank': 29, 'fitness': 0.04736943042116937, 'generation': 279}","{'id': 12252, 'rank': 30, 'fitness': 0.01798620996209155, 'generation': 279}"
"{'id': 12338, 'rank': 1, 'fitness': 0.9820137900379085, 'generation': 280}","{'id': 12335, 'rank': 2, 'fitness': 0.9170756949431083, 'generation': 280}","{'id': 12318, 'rank': 3, 'fitness': 0.8732017280847304, 'generation': 280}","{'id': 12319, 'rank': 4, 'fitness': 0.6794516255151061, 'generation': 280}","{'id': 12291, 'rank': 5, 'fitness': 0.6583986585096384, 'generation': 280}","{'id': 12328, 'rank': 6, 'fitness': 0.38379710667973527, 'generation': 280}","{'id': 12331, 'rank': 7, 'fitness': 0.2344076323162777, 'generation': 280}","{'id': 12337, 'rank': 8, 'fitness': 0.20509286170721763, 'generation': 280}","{'id': 12321, 'rank': 9, 'fitness': 0.18748298096082266, 'generation': 280}","{'id': 12329, 'rank': 10, 'fitness': 0.1863322206044815, 'generation': 280}","{'id': 12332, 'rank': 11, 'fitness': 0.16985992052935, 'generation': 280}","{'id': 12324, 'rank': 12, 'fitness': 0.15907086941753068, 'generation': 280}","{'id': 12330, 'rank': 13, 'fitness': 0.12508062386947338, 'generation': 280}","{'id': 12305, 'rank': 14, 'fitness': 0.11772618747009767, 'generation': 280}","{'id': 12320, 'rank': 15, 'fitness': 0.0939173961021274, 'generation': 280}","{'id': 12336, 'rank': 16, 'fitness': 0.08740543136751305, 'generation': 280}","{'id': 12303, 'rank': 17, 'fitness': 0.07041250927540682, 'generation': 280}","{'id': 12323, 'rank': 18, 'fitness': 0.06124894834223393, 'generation': 280}","{'id': 12300, 'rank': 19, 'fitness': 0.06104781295389805, 'generation': 280}","{'id': 12310, 'rank': 20, 'fitness': 0.054781686988465306, 'generation': 280}","{'id': 12326, 'rank': 21, 'fitness': 0.04368261008492125, 'generation': 280}","{'id': 12293, 'rank': 22, 'fitness': 0.037948537120484516, 'generation': 280}","{'id': 12306, 'rank': 23, 'fitness': 0.03453499360255258, 'generation': 280}","{'id': 12309, 'rank': 24, 'fitness': 0.026566117848249027, 'generation': 280}","{'id': 12316, 'rank': 25, 'fitness': 0.024496659991408154, 'generation': 280}","{'id': 12304, 'rank': 26, 'fitness': 0.022371414433868975, 'generation': 280}","{'id': 12322, 'rank': 27, 'fitness': 0.021882324459644886, 'generation': 280}","{'id': 12298, 'rank': 28, 'fitness': 0.019896255415995157, 'generation': 280}","{'id': 12314, 'rank': 29, 'fitness': 0.01902554730277456, 'generation': 280}","{'id': 12312, 'rank': 30, 'fitness': 0.01798620996209155, 'generation': 280}"
"{'id': 12375, 'rank': 1, 'fitness': 0.9820137900379085, 'generation': 281}","{'id': 12372, 'rank': 2, 'fitness': 0.7219346222180901, 'generation': 281}","{'id': 12352, 'rank': 3, 'fitness': 0.6763042745140269, 'generation': 281}","{'id': 12358, 'rank': 4, 'fitness': 0.6642569327047053, 'generation': 281}","{'id': 12353, 'rank': 5, 'fitness': 0.5988145234564461, 'generation': 281}","{'id': 12368, 'rank': 6, 'fitness': 0.562170535040513, 'generation': 281}","{'id': 12369, 'rank': 7, 'fitness': 0.4400653696897694, 'generation': 281}","{'id': 12370, 'rank': 8, 'fitness': 0.43186608788932235, 'generation': 281}","{'id': 12341, 'rank': 9, 'fitness': 0.2724200601965794, 'generation': 281}","{'id': 12355, 'rank': 10, 'fitness': 0.25357139143446505, 'generation': 281}","{'id': 12350, 'rank': 11, 'fitness': 0.23846390317360483, 'generation': 281}","{'id': 12363, 'rank': 12, 'fitness': 0.23408875531498585, 'generation': 281}","{'id': 12367, 'rank': 13, 'fitness': 0.20705996924842351, 'generation': 281}","{'id': 12364, 'rank': 14, 'fitness': 0.1591806281620951, 'generation': 281}","{'id': 12357, 'rank': 15, 'fitness': 0.13888809810142, 'generation': 281}","{'id': 12359, 'rank': 16, 'fitness': 0.13610453433771452, 'generation': 281}","{'id': 12349, 'rank': 17, 'fitness': 0.11195666002456905, 'generation': 281}","{'id': 12356, 'rank': 18, 'fitness': 0.0972026894796505, 'generation': 281}","{'id': 12374, 'rank': 19, 'fitness': 0.09592273794411499, 'generation': 281}","{'id': 12365, 'rank': 20, 'fitness': 0.08565341887777278, 'generation': 281}","{'id': 12347, 'rank': 21, 'fitness': 0.07868318239365157, 'generation': 281}","{'id': 12360, 'rank': 22, 'fitness': 0.07273626513209952, 'generation': 281}","{'id': 12340, 'rank': 23, 'fitness': 0.07069052814970084, 'generation': 281}","{'id': 12362, 'rank': 24, 'fitness': 0.05237461404559207, 'generation': 281}","{'id': 12366, 'rank': 25, 'fitness': 0.0475172181923445, 'generation': 281}","{'id': 12361, 'rank': 26, 'fitness': 0.04664665327278594, 'generation': 281}","{'id': 12351, 'rank': 27, 'fitness': 0.03002706782444642, 'generation': 281}","{'id': 12342, 'rank': 28, 'fitness': 0.02962844995258218, 'generation': 281}","{'id': 12377, 'rank': 29, 'fitness': 0.02431432183621207, 'generation': 281}","{'id': 12354, 'rank': 30, 'fitness': 0.01798620996209155, 'generation': 281}"
"{'id': 12396, 'rank': 1, 'fitness': 0.9820137900379085, 'generation': 282}","{'id': 12406, 'rank': 2, 'fitness': 0.9616688093031589, 'generation': 282}","{'id': 12407, 'rank': 3, 'fitness': 0.845615381985624, 'generation': 282}","{'id': 12401, 'rank': 4, 'fitness': 0.603368191332888, 'generation': 282}","{'id': 12399, 'rank': 5, 'fitness': 0.4550668522764547, 'generation': 282}","{'id': 12411, 'rank': 6, 'fitness': 0.39586655246175145, 'generation': 282}","{'id': 12402, 'rank': 7, 'fitness': 0.2953471420063898, 'generation': 282}","{'id': 12390, 'rank': 8, 'fitness': 0.2763667998774792, 'generation': 282}","{'id': 12413, 'rank': 9, 'fitness': 0.2216010226297881, 'generation': 282}","{'id': 12412, 'rank': 10, 'fitness': 0.21686136168120268, 'generation': 282}","{'id': 12378, 'rank': 11, 'fitness': 0.1854547572282867, 'generation': 282}","{'id': 12404, 'rank': 12, 'fitness': 0.1587361782499923, 'generation': 282}","{'id': 12405, 'rank': 13, 'fitness': 0.15265553518356156, 'generation': 282}","{'id': 12381, 'rank': 14, 'fitness': 0.11454377446903408, 'generation': 282}","{'id': 12394, 'rank': 15, 'fitness': 0.1119435463920343, 'generation': 282}","{'id': 12380, 'rank': 16, 'fitness': 0.10988763929788237, 'generation': 282}","{'id': 12385, 'rank': 17, 'fitness': 0.09764392638510211, 'generation': 282}","{'id': 12397, 'rank': 18, 'fitness': 0.07944752086755585, 'generation': 282}","{'id': 12382, 'rank': 19, 'fitness': 0.06877716490198826, 'generation': 282}","{'id': 12415, 'rank': 20, 'fitness': 0.06107446189983651, 'generation': 282}","{'id': 12387, 'rank': 21, 'fitness': 0.04545116220778983, 'generation': 282}","{'id': 12391, 'rank': 22, 'fitness': 0.04154531273384171, 'generation': 282}","{'id': 12410, 'rank': 23, 'fitness': 0.03918430535478368, 'generation': 282}","{'id': 12403, 'rank': 24, 'fitness': 0.028811085638269507, 'generation': 282}","{'id': 12386, 'rank': 25, 'fitness': 0.028229293624866758, 'generation': 282}","{'id': 12409, 'rank': 26, 'fitness': 0.02680687061869358, 'generation': 282}","{'id': 12400, 'rank': 27, 'fitness': 0.024567195772616734, 'generation': 282}","{'id': 12392, 'rank': 28, 'fitness': 0.020972654961089465, 'generation': 282}","{'id': 12395, 'rank': 29, 'fitness': 0.020229607147450424, 'generation': 282}","{'id': 12384, 'rank': 30, 'fitness': 0.01798620996209155, 'generation': 282}"
"{'id': 12453, 'rank': 1, 'fitness': 0.9820137900379085, 'generation': 283}","{'id': 12448, 'rank': 2, 'fitness': 0.9766543133472119, 'generation': 283}","{'id': 12447, 'rank': 3, 'fitness': 0.9477794147491652, 'generation': 283}","{'id': 12427, 'rank': 4, 'fitness': 0.922797328383534, 'generation': 283}","{'id': 12429, 'rank': 5, 'fitness': 0.809018929915648, 'generation': 283}","{'id': 12442, 'rank': 6, 'fitness': 0.6363892926553099, 'generation': 283}","{'id': 12450, 'rank': 7, 'fitness': 0.5149006298257178, 'generation': 283}","{'id': 12451, 'rank': 8, 'fitness': 0.4757563600068182, 'generation': 283}","{'id': 12444, 'rank': 9, 'fitness': 0.46458989617762586, 'generation': 283}","{'id': 12433, 'rank': 10, 'fitness': 0.45343036444979545, 'generation': 283}","{'id': 12431, 'rank': 11, 'fitness': 0.42607973487984285, 'generation': 283}","{'id': 12424, 'rank': 12, 'fitness': 0.3038821016293228, 'generation': 283}","{'id': 12443, 'rank': 13, 'fitness': 0.2871067768989115, 'generation': 283}","{'id': 12440, 'rank': 14, 'fitness': 0.26847604930117164, 'generation': 283}","{'id': 12425, 'rank': 15, 'fitness': 0.2468898787958954, 'generation': 283}","{'id': 12426, 'rank': 16, 'fitness': 0.19161191446764936, 'generation': 283}","{'id': 12445, 'rank': 17, 'fitness': 0.18005741898633587, 'generation': 283}","{'id': 12434, 'rank': 18, 'fitness': 0.1607181757331878, 'generation': 283}","{'id': 12441, 'rank': 19, 'fitness': 0.15231378080198565, 'generation': 283}","{'id': 12438, 'rank': 20, 'fitness': 0.10997220523724355, 'generation': 283}","{'id': 12439, 'rank': 21, 'fitness': 0.0862815303143043, 'generation': 283}","{'id': 12446, 'rank': 22, 'fitness': 0.08240619876849437, 'generation': 283}","{'id': 12449, 'rank': 23, 'fitness': 0.07358564486137442, 'generation': 283}","{'id': 12436, 'rank': 24, 'fitness': 0.05692610885714228, 'generation': 283}","{'id': 12416, 'rank': 25, 'fitness': 0.04666493874015687, 'generation': 283}","{'id': 12421, 'rank': 26, 'fitness': 0.038209677102156114, 'generation': 283}","{'id': 12417, 'rank': 27, 'fitness': 0.034089690602671974, 'generation': 283}","{'id': 12435, 'rank': 28, 'fitness': 0.031589309161846435, 'generation': 283}","{'id': 12428, 'rank': 29, 'fitness': 0.0200192867767765, 'generation': 283}","{'id': 12419, 'rank': 30, 'fitness': 0.01798620996209155, 'generation': 283}"
"{'id': 12474, 'rank': 1, 'fitness': 0.9820137900379085, 'generation': 284}","{'id': 12480, 'rank': 2, 'fitness': 0.9056630978809123, 'generation': 284}","{'id': 12462, 'rank': 3, 'fitness': 0.6852080420662944, 'generation': 284}","{'id': 12469, 'rank': 4, 'fitness': 0.48858335793021757, 'generation': 284}","{'id': 12471, 'rank': 5, 'fitness': 0.27863992065813886, 'generation': 284}","{'id': 12481, 'rank': 6, 'fitness': 0.27731490602858344, 'generation': 284}","{'id': 12477, 'rank': 7, 'fitness': 0.22943285682917675, 'generation': 284}","{'id': 12476, 'rank': 8, 'fitness': 0.2216923701354616, 'generation': 284}","{'id': 12478, 'rank': 9, 'fitness': 0.19797459163096442, 'generation': 284}","{'id': 12484, 'rank': 10, 'fitness': 0.16123757370365943, 'generation': 284}","{'id': 12460, 'rank': 11, 'fitness': 0.1594181834442185, 'generation': 284}","{'id': 12461, 'rank': 12, 'fitness': 0.15165509698146995, 'generation': 284}","{'id': 12479, 'rank': 13, 'fitness': 0.1365069572323746, 'generation': 284}","{'id': 12454, 'rank': 14, 'fitness': 0.12987116708523833, 'generation': 284}","{'id': 12468, 'rank': 15, 'fitness': 0.12634356896511773, 'generation': 284}","{'id': 12488, 'rank': 16, 'fitness': 0.10593247159173513, 'generation': 284}","{'id': 12464, 'rank': 17, 'fitness': 0.10424266025567114, 'generation': 284}","{'id': 12475, 'rank': 18, 'fitness': 0.09184419731041898, 'generation': 284}","{'id': 12473, 'rank': 19, 'fitness': 0.079824783243307, 'generation': 284}","{'id': 12485, 'rank': 20, 'fitness': 0.0664492398206844, 'generation': 284}","{'id': 12456, 'rank': 21, 'fitness': 0.06221035733290864, 'generation': 284}","{'id': 12483, 'rank': 22, 'fitness': 0.04628866124988418, 'generation': 284}","{'id': 12482, 'rank': 23, 'fitness': 0.04240098225157579, 'generation': 284}","{'id': 12463, 'rank': 24, 'fitness': 0.04210205505646969, 'generation': 284}","{'id': 12467, 'rank': 25, 'fitness': 0.03550082608988442, 'generation': 284}","{'id': 12472, 'rank': 26, 'fitness': 0.03400445119263512, 'generation': 284}","{'id': 12465, 'rank': 27, 'fitness': 0.025899131693816024, 'generation': 284}","{'id': 12457, 'rank': 28, 'fitness': 0.025130777895172096, 'generation': 284}","{'id': 12470, 'rank': 29, 'fitness': 0.019179074948661667, 'generation': 284}","{'id': 12458, 'rank': 30, 'fitness': 0.01798620996209155, 'generation': 284}"
"{'id': 12514, 'rank': 1, 'fitness': 0.9820137900379085, 'generation': 285}","{'id': 12516, 'rank': 2, 'fitness': 0.9697874545578999, 'generation': 285}","{'id': 12503, 'rank': 3, 'fitness': 0.9404140097848291, 'generation': 285}","{'id': 12523, 'rank': 4, 'fitness': 0.8853057938043728, 'generation': 285}","{'id': 12527, 'rank': 5, 'fitness': 0.7787103309891182, 'generation': 285}","{'id': 12524, 'rank': 6, 'fitness': 0.7668604592332063, 'generation': 285}","{'id': 12521, 'rank': 7, 'fitness': 0.7080604527833517, 'generation': 285}","{'id': 12505, 'rank': 8, 'fitness': 0.6898037499433191, 'generation': 285}","{'id': 12490, 'rank': 9, 'fitness': 0.590392336270449, 'generation': 285}","{'id': 12491, 'rank': 10, 'fitness': 0.5554472944386657, 'generation': 285}","{'id': 12513, 'rank': 11, 'fitness': 0.4457858570546014, 'generation': 285}","{'id': 12510, 'rank': 12, 'fitness': 0.3183685835896486, 'generation': 285}","{'id': 12507, 'rank': 13, 'fitness': 0.31518651175950585, 'generation': 285}","{'id': 12515, 'rank': 14, 'fitness': 0.2887628459514958, 'generation': 285}","{'id': 12522, 'rank': 15, 'fitness': 0.2726982290488469, 'generation': 285}","{'id': 12504, 'rank': 16, 'fitness': 0.20517433071554675, 'generation': 285}","{'id': 12519, 'rank': 17, 'fitness': 0.17245419140807144, 'generation': 285}","{'id': 12501, 'rank': 18, 'fitness': 0.0998571668413265, 'generation': 285}","{'id': 12518, 'rank': 19, 'fitness': 0.09903858759860995, 'generation': 285}","{'id': 12526, 'rank': 20, 'fitness': 0.08538178597963636, 'generation': 285}","{'id': 12508, 'rank': 21, 'fitness': 0.08329682177907055, 'generation': 285}","{'id': 12509, 'rank': 22, 'fitness': 0.08263275546141907, 'generation': 285}","{'id': 12499, 'rank': 23, 'fitness': 0.07882173282869859, 'generation': 285}","{'id': 12498, 'rank': 24, 'fitness': 0.07687156619940888, 'generation': 285}","{'id': 12506, 'rank': 25, 'fitness': 0.06426489982028927, 'generation': 285}","{'id': 12520, 'rank': 26, 'fitness': 0.05161828248635325, 'generation': 285}","{'id': 12495, 'rank': 27, 'fitness': 0.030798176758801643, 'generation': 285}","{'id': 12517, 'rank': 28, 'fitness': 0.026400433117231947, 'generation': 285}","{'id': 12496, 'rank': 29, 'fitness': 0.018930168112428092, 'generation': 285}","{'id': 12489, 'rank': 30, 'fitness': 0.01798620996209155, 'generation': 285}"
"{'id': 12551, 'rank': 1, 'fitness': 0.9820137900379085, 'generation': 286}","{'id': 12530, 'rank': 2, 'fitness': 0.9646619058757266, 'generation': 286}","{'id': 12573, 'rank': 3, 'fitness': 0.955004621705885, 'generation': 286}","{'id': 12567, 'rank': 4, 'fitness': 0.9302559327095901, 'generation': 286}","{'id': 12571, 'rank': 5, 'fitness': 0.9217671407199589, 'generation': 286}","{'id': 12565, 'rank': 6, 'fitness': 0.8910823522812166, 'generation': 286}","{'id': 12563, 'rank': 7, 'fitness': 0.8629823222682813, 'generation': 286}","{'id': 12564, 'rank': 8, 'fitness': 0.7453260070965023, 'generation': 286}","{'id': 12558, 'rank': 9, 'fitness': 0.580806451602389, 'generation': 286}","{'id': 12561, 'rank': 10, 'fitness': 0.573016624025141, 'generation': 286}","{'id': 12528, 'rank': 11, 'fitness': 0.5713899583444515, 'generation': 286}","{'id': 12549, 'rank': 12, 'fitness': 0.5204493113135817, 'generation': 286}","{'id': 12547, 'rank': 13, 'fitness': 0.3823043015262123, 'generation': 286}","{'id': 12566, 'rank': 14, 'fitness': 0.36236100174343877, 'generation': 286}","{'id': 12562, 'rank': 15, 'fitness': 0.34163228310448385, 'generation': 286}","{'id': 12570, 'rank': 16, 'fitness': 0.32320029819236323, 'generation': 286}","{'id': 12556, 'rank': 17, 'fitness': 0.29745819692843123, 'generation': 286}","{'id': 12559, 'rank': 18, 'fitness': 0.26951287079712966, 'generation': 286}","{'id': 12557, 'rank': 19, 'fitness': 0.24265819228667412, 'generation': 286}","{'id': 12555, 'rank': 20, 'fitness': 0.15083051665395442, 'generation': 286}","{'id': 12548, 'rank': 21, 'fitness': 0.13685198726689496, 'generation': 286}","{'id': 12568, 'rank': 22, 'fitness': 0.1325430896330293, 'generation': 286}","{'id': 12534, 'rank': 23, 'fitness': 0.11020701264986449, 'generation': 286}","{'id': 12554, 'rank': 24, 'fitness': 0.07646579270889037, 'generation': 286}","{'id': 12532, 'rank': 25, 'fitness': 0.05648056218391151, 'generation': 286}","{'id': 12531, 'rank': 26, 'fitness': 0.051233059483838106, 'generation': 286}","{'id': 12538, 'rank': 27, 'fitness': 0.0410607547518867, 'generation': 286}","{'id': 12572, 'rank': 28, 'fitness': 0.03873411212523431, 'generation': 286}","{'id': 12560, 'rank': 29, 'fitness': 0.03685475148978323, 'generation': 286}","{'id': 12545, 'rank': 30, 'fitness': 0.01798620996209155, 'generation': 286}"
"{'id': 12596, 'rank': 1, 'fitness': 0.9820137900379085, 'generation': 287}","{'id': 12621, 'rank': 2, 'fitness': 0.9798672042682282, 'generation': 287}","{'id': 12601, 'rank': 3, 'fitness': 0.9568421865229304, 'generation': 287}","{'id': 12617, 'rank': 4, 'fitness': 0.940840373558433, 'generation': 287}","{'id': 12595, 'rank': 5, 'fitness': 0.9279402445852165, 'generation': 287}","{'id': 12612, 'rank': 6, 'fitness': 0.8988254814171649, 'generation': 287}","{'id': 12619, 'rank': 7, 'fitness': 0.8774588047531846, 'generation': 287}","{'id': 12592, 'rank': 8, 'fitness': 0.8341116429767224, 'generation': 287}","{'id': 12615, 'rank': 9, 'fitness': 0.8033959530907007, 'generation': 287}","{'id': 12578, 'rank': 10, 'fitness': 0.7421631411657305, 'generation': 287}","{'id': 12618, 'rank': 11, 'fitness': 0.6981580167507155, 'generation': 287}","{'id': 12604, 'rank': 12, 'fitness': 0.5046111495434245, 'generation': 287}","{'id': 12611, 'rank': 13, 'fitness': 0.46243351465857296, 'generation': 287}","{'id': 12623, 'rank': 14, 'fitness': 0.4432706429693561, 'generation': 287}","{'id': 12590, 'rank': 15, 'fitness': 0.2646952851247176, 'generation': 287}","{'id': 12588, 'rank': 16, 'fitness': 0.22623473624324097, 'generation': 287}","{'id': 12581, 'rank': 17, 'fitness': 0.19899339253590953, 'generation': 287}","{'id': 12620, 'rank': 18, 'fitness': 0.15105164376916214, 'generation': 287}","{'id': 12583, 'rank': 19, 'fitness': 0.11490215492879285, 'generation': 287}","{'id': 12593, 'rank': 20, 'fitness': 0.0991475363248841, 'generation': 287}","{'id': 12616, 'rank': 21, 'fitness': 0.08075219893990376, 'generation': 287}","{'id': 12609, 'rank': 22, 'fitness': 0.07817869712411207, 'generation': 287}","{'id': 12608, 'rank': 23, 'fitness': 0.07348834431484896, 'generation': 287}","{'id': 12606, 'rank': 24, 'fitness': 0.06837881876177276, 'generation': 287}","{'id': 12591, 'rank': 25, 'fitness': 0.064178464937454, 'generation': 287}","{'id': 12577, 'rank': 26, 'fitness': 0.049973765431509, 'generation': 287}","{'id': 12614, 'rank': 27, 'fitness': 0.04659384130727018, 'generation': 287}","{'id': 12586, 'rank': 28, 'fitness': 0.026816274565568454, 'generation': 287}","{'id': 12598, 'rank': 29, 'fitness': 0.02658590029741914, 'generation': 287}","{'id': 12610, 'rank': 30, 'fitness': 0.01798620996209155, 'generation': 287}"
"{'id': 12668, 'rank': 1, 'fitness': 0.9820137900379085, 'generation': 288}","{'id': 12670, 'rank': 2, 'fitness': 0.82491380128615, 'generation': 288}","{'id': 12663, 'rank': 3, 'fitness': 0.8036064020093058, 'generation': 288}","{'id': 12671, 'rank': 4, 'fitness': 0.7022120074964574, 'generation': 288}","{'id': 12656, 'rank': 5, 'fitness': 0.6540448356903058, 'generation': 288}","{'id': 12654, 'rank': 6, 'fitness': 0.6012855503450869, 'generation': 288}","{'id': 12674, 'rank': 7, 'fitness': 0.6002535896701359, 'generation': 288}","{'id': 12675, 'rank': 8, 'fitness': 0.48434541469416736, 'generation': 288}","{'id': 12673, 'rank': 9, 'fitness': 0.38649699990872777, 'generation': 288}","{'id': 12653, 'rank': 10, 'fitness': 0.33168004519256966, 'generation': 288}","{'id': 12657, 'rank': 11, 'fitness': 0.33152615803445973, 'generation': 288}","{'id': 12645, 'rank': 12, 'fitness': 0.2218083773518162, 'generation': 288}","{'id': 12669, 'rank': 13, 'fitness': 0.17498846962762987, 'generation': 288}","{'id': 12650, 'rank': 14, 'fitness': 0.12510989261278543, 'generation': 288}","{'id': 12655, 'rank': 15, 'fitness': 0.12268207747100845, 'generation': 288}","{'id': 12634, 'rank': 16, 'fitness': 0.06643109526148949, 'generation': 288}","{'id': 12665, 'rank': 17, 'fitness': 0.05958169450176942, 'generation': 288}","{'id': 12672, 'rank': 18, 'fitness': 0.056930315829957445, 'generation': 288}","{'id': 12664, 'rank': 19, 'fitness': 0.055616704293067365, 'generation': 288}","{'id': 12636, 'rank': 20, 'fitness': 0.053321442176407885, 'generation': 288}","{'id': 12648, 'rank': 21, 'fitness': 0.051125872892823665, 'generation': 288}","{'id': 12662, 'rank': 22, 'fitness': 0.046817731267473794, 'generation': 288}","{'id': 12651, 'rank': 23, 'fitness': 0.03719387306504729, 'generation': 288}","{'id': 12638, 'rank': 24, 'fitness': 0.03371174006670713, 'generation': 288}","{'id': 12633, 'rank': 25, 'fitness': 0.03197175180576939, 'generation': 288}","{'id': 12661, 'rank': 26, 'fitness': 0.02375384502737149, 'generation': 288}","{'id': 12643, 'rank': 27, 'fitness': 0.022643266980493626, 'generation': 288}","{'id': 12658, 'rank': 28, 'fitness': 0.021222674686002196, 'generation': 288}","{'id': 12652, 'rank': 29, 'fitness': 0.018317302347736264, 'generation': 288}","{'id': 12635, 'rank': 30, 'fitness': 0.01798620996209155, 'generation': 288}"
"{'id': 12713, 'rank': 1, 'fitness': 0.9820137900379085, 'generation': 289}","{'id': 12714, 'rank': 2, 'fitness': 0.9724280850636184, 'generation': 289}","{'id': 12701, 'rank': 3, 'fitness': 0.9569227067683335, 'generation': 289}","{'id': 12707, 'rank': 4, 'fitness': 0.9328075908565767, 'generation': 289}","{'id': 12699, 'rank': 5, 'fitness': 0.9248568922625859, 'generation': 289}","{'id': 12700, 'rank': 6, 'fitness': 0.9129031331748528, 'generation': 289}","{'id': 12705, 'rank': 7, 'fitness': 0.7970717230346274, 'generation': 289}","{'id': 12694, 'rank': 8, 'fitness': 0.757526527873794, 'generation': 289}","{'id': 12698, 'rank': 9, 'fitness': 0.3998668019962157, 'generation': 289}","{'id': 12677, 'rank': 10, 'fitness': 0.3136751216995761, 'generation': 289}","{'id': 12711, 'rank': 11, 'fitness': 0.28245640417578977, 'generation': 289}","{'id': 12703, 'rank': 12, 'fitness': 0.266632019626859, 'generation': 289}","{'id': 12710, 'rank': 13, 'fitness': 0.22027555994082482, 'generation': 289}","{'id': 12704, 'rank': 14, 'fitness': 0.2043223199658703, 'generation': 289}","{'id': 12680, 'rank': 15, 'fitness': 0.19443866569514012, 'generation': 289}","{'id': 12706, 'rank': 16, 'fitness': 0.17105280148984386, 'generation': 289}","{'id': 12716, 'rank': 17, 'fitness': 0.13971159247295895, 'generation': 289}","{'id': 12702, 'rank': 18, 'fitness': 0.13541116269404058, 'generation': 289}","{'id': 12697, 'rank': 19, 'fitness': 0.11013213640986863, 'generation': 289}","{'id': 12709, 'rank': 20, 'fitness': 0.09513396470519825, 'generation': 289}","{'id': 12708, 'rank': 21, 'fitness': 0.08870119716720881, 'generation': 289}","{'id': 12684, 'rank': 22, 'fitness': 0.07553554033462007, 'generation': 289}","{'id': 12712, 'rank': 23, 'fitness': 0.06311601330385797, 'generation': 289}","{'id': 12715, 'rank': 24, 'fitness': 0.056014204131820844, 'generation': 289}","{'id': 12690, 'rank': 25, 'fitness': 0.04541815238792418, 'generation': 289}","{'id': 12693, 'rank': 26, 'fitness': 0.031548171099558875, 'generation': 289}","{'id': 12679, 'rank': 27, 'fitness': 0.02959903230158034, 'generation': 289}","{'id': 12681, 'rank': 28, 'fitness': 0.023782375545155665, 'generation': 289}","{'id': 12683, 'rank': 29, 'fitness': 0.020900093729098235, 'generation': 289}","{'id': 12678, 'rank': 30, 'fitness': 0.01798620996209155, 'generation': 289}"
"{'id': 12728, 'rank': 1, 'fitness': 0.9820137900379085, 'generation': 290}","{'id': 12727, 'rank': 2, 'fitness': 0.7306484014621908, 'generation': 290}","{'id': 12751, 'rank': 3, 'fitness': 0.6913719873223454, 'generation': 290}","{'id': 12747, 'rank': 4, 'fitness': 0.5252514483758259, 'generation': 290}","{'id': 12758, 'rank': 5, 'fitness': 0.4665892278048306, 'generation': 290}","{'id': 12756, 'rank': 6, 'fitness': 0.41750546977475617, 'generation': 290}","{'id': 12742, 'rank': 7, 'fitness': 0.34662682332090383, 'generation': 290}","{'id': 12737, 'rank': 8, 'fitness': 0.34580936914355964, 'generation': 290}","{'id': 12738, 'rank': 9, 'fitness': 0.32956119311886034, 'generation': 290}","{'id': 12745, 'rank': 10, 'fitness': 0.20453401382861697, 'generation': 290}","{'id': 12721, 'rank': 11, 'fitness': 0.1937183833460246, 'generation': 290}","{'id': 12743, 'rank': 12, 'fitness': 0.17494297743155246, 'generation': 290}","{'id': 12740, 'rank': 13, 'fitness': 0.15051215600613416, 'generation': 290}","{'id': 12739, 'rank': 14, 'fitness': 0.14312518563565257, 'generation': 290}","{'id': 12735, 'rank': 15, 'fitness': 0.1062930874194401, 'generation': 290}","{'id': 12748, 'rank': 16, 'fitness': 0.10586934877662668, 'generation': 290}","{'id': 12750, 'rank': 17, 'fitness': 0.10429423291029416, 'generation': 290}","{'id': 12723, 'rank': 18, 'fitness': 0.09900379422118488, 'generation': 290}","{'id': 12752, 'rank': 19, 'fitness': 0.08712264942053766, 'generation': 290}","{'id': 12755, 'rank': 20, 'fitness': 0.07851356203113341, 'generation': 290}","{'id': 12749, 'rank': 21, 'fitness': 0.07185466363006854, 'generation': 290}","{'id': 12746, 'rank': 22, 'fitness': 0.061324307403318845, 'generation': 290}","{'id': 12734, 'rank': 23, 'fitness': 0.05920787309643111, 'generation': 290}","{'id': 12733, 'rank': 24, 'fitness': 0.059069618768383625, 'generation': 290}","{'id': 12757, 'rank': 25, 'fitness': 0.037004946955415285, 'generation': 290}","{'id': 12754, 'rank': 26, 'fitness': 0.035369110515486635, 'generation': 290}","{'id': 12736, 'rank': 27, 'fitness': 0.029821852184916287, 'generation': 290}","{'id': 12725, 'rank': 28, 'fitness': 0.027896583599207492, 'generation': 290}","{'id': 12741, 'rank': 29, 'fitness': 0.018736185030216512, 'generation': 290}","{'id': 12744, 'rank': 30, 'fitness': 0.01798620996209155, 'generation': 290}"
"{'id': 12792, 'rank': 1, 'fitness': 0.9820137900379085, 'generation': 291}","{'id': 12785, 'rank': 2, 'fitness': 0.895027966644188, 'generation': 291}","{'id': 12782, 'rank': 3, 'fitness': 0.8737572535101025, 'generation': 291}","{'id': 12780, 'rank': 4, 'fitness': 0.8729058500102449, 'generation': 291}","{'id': 12795, 'rank': 5, 'fitness': 0.8598274195811431, 'generation': 291}","{'id': 12798, 'rank': 6, 'fitness': 0.6922196698351138, 'generation': 291}","{'id': 12776, 'rank': 7, 'fitness': 0.5212013979014614, 'generation': 291}","{'id': 12786, 'rank': 8, 'fitness': 0.468056640461509, 'generation': 291}","{'id': 12779, 'rank': 9, 'fitness': 0.33001876514460937, 'generation': 291}","{'id': 12794, 'rank': 10, 'fitness': 0.20525642593185017, 'generation': 291}","{'id': 12787, 'rank': 11, 'fitness': 0.18604194683254205, 'generation': 291}","{'id': 12766, 'rank': 12, 'fitness': 0.179101539840407, 'generation': 291}","{'id': 12775, 'rank': 13, 'fitness': 0.17543418896881102, 'generation': 291}","{'id': 12764, 'rank': 14, 'fitness': 0.1697575553326286, 'generation': 291}","{'id': 12799, 'rank': 15, 'fitness': 0.16156247090932108, 'generation': 291}","{'id': 12789, 'rank': 16, 'fitness': 0.15620859323266661, 'generation': 291}","{'id': 12760, 'rank': 17, 'fitness': 0.15174963548777298, 'generation': 291}","{'id': 12791, 'rank': 18, 'fitness': 0.12518914581557794, 'generation': 291}","{'id': 12761, 'rank': 19, 'fitness': 0.10822905979010677, 'generation': 291}","{'id': 12784, 'rank': 20, 'fitness': 0.10096267954395027, 'generation': 291}","{'id': 12768, 'rank': 21, 'fitness': 0.045824049533287003, 'generation': 291}","{'id': 12770, 'rank': 22, 'fitness': 0.03891331934717163, 'generation': 291}","{'id': 12783, 'rank': 23, 'fitness': 0.03786649275192594, 'generation': 291}","{'id': 12771, 'rank': 24, 'fitness': 0.03576712832851914, 'generation': 291}","{'id': 12777, 'rank': 25, 'fitness': 0.033268647105460125, 'generation': 291}","{'id': 12778, 'rank': 26, 'fitness': 0.02739453410534637, 'generation': 291}","{'id': 12790, 'rank': 27, 'fitness': 0.02701259773011161, 'generation': 291}","{'id': 12788, 'rank': 28, 'fitness': 0.02363367340056516, 'generation': 291}","{'id': 12772, 'rank': 29, 'fitness': 0.022524272312680116, 'generation': 291}","{'id': 12765, 'rank': 30, 'fitness': 0.01798620996209155, 'generation': 291}"
"{'id': 12831, 'rank': 1, 'fitness': 0.9820137900379085, 'generation': 292}","{'id': 12840, 'rank': 2, 'fitness': 0.9135640914900214, 'generation': 292}","{'id': 12828, 'rank': 3, 'fitness': 0.7960000967441104, 'generation': 292}","{'id': 12841, 'rank': 4, 'fitness': 0.7818662258787035, 'generation': 292}","{'id': 12839, 'rank': 5, 'fitness': 0.5042011267879175, 'generation': 292}","{'id': 12819, 'rank': 6, 'fitness': 0.42149129973806576, 'generation': 292}","{'id': 12837, 'rank': 7, 'fitness': 0.3240798888620181, 'generation': 292}","{'id': 12833, 'rank': 8, 'fitness': 0.22680650531748486, 'generation': 292}","{'id': 12818, 'rank': 9, 'fitness': 0.20064088671152885, 'generation': 292}","{'id': 12820, 'rank': 10, 'fitness': 0.1952764224304291, 'generation': 292}","{'id': 12829, 'rank': 11, 'fitness': 0.12465015356265019, 'generation': 292}","{'id': 12812, 'rank': 12, 'fitness': 0.11460336504614121, 'generation': 292}","{'id': 12821, 'rank': 13, 'fitness': 0.08557975455598466, 'generation': 292}","{'id': 12827, 'rank': 14, 'fitness': 0.08283594391355203, 'generation': 292}","{'id': 12835, 'rank': 15, 'fitness': 0.08137010131854727, 'generation': 292}","{'id': 12804, 'rank': 16, 'fitness': 0.07314899213602416, 'generation': 292}","{'id': 12826, 'rank': 17, 'fitness': 0.07284047303560787, 'generation': 292}","{'id': 12817, 'rank': 18, 'fitness': 0.06620291509295628, 'generation': 292}","{'id': 12842, 'rank': 19, 'fitness': 0.06112708193300087, 'generation': 292}","{'id': 12813, 'rank': 20, 'fitness': 0.05894081025945008, 'generation': 292}","{'id': 12803, 'rank': 21, 'fitness': 0.05732876421046229, 'generation': 292}","{'id': 12830, 'rank': 22, 'fitness': 0.055704471343893225, 'generation': 292}","{'id': 12816, 'rank': 23, 'fitness': 0.05097214694314206, 'generation': 292}","{'id': 12825, 'rank': 24, 'fitness': 0.038125813683186904, 'generation': 292}","{'id': 12810, 'rank': 25, 'fitness': 0.031590135042581124, 'generation': 292}","{'id': 12832, 'rank': 26, 'fitness': 0.03011262829236755, 'generation': 292}","{'id': 12834, 'rank': 27, 'fitness': 0.02244185813315014, 'generation': 292}","{'id': 12824, 'rank': 28, 'fitness': 0.020408030776993047, 'generation': 292}","{'id': 12836, 'rank': 29, 'fitness': 0.01871457726551501, 'generation': 292}","{'id': 12807, 'rank': 30, 'fitness': 0.01798620996209155, 'generation': 292}"
"{'id': 12875, 'rank': 1, 'fitness': 0.9820137900379085, 'generation': 293}","{'id': 12874, 'rank': 2, 'fitness': 0.9745778622872115, 'generation': 293}","{'id': 12873, 'rank': 3, 'fitness': 0.914473244751765, 'generation': 293}","{'id': 12866, 'rank': 4, 'fitness': 0.9098599656298556, 'generation': 293}","{'id': 12869, 'rank': 5, 'fitness': 0.8723358583585774, 'generation': 293}","{'id': 12872, 'rank': 6, 'fitness': 0.7498914046688566, 'generation': 293}","{'id': 12879, 'rank': 7, 'fitness': 0.685629426415226, 'generation': 293}","{'id': 12883, 'rank': 8, 'fitness': 0.51081498221741, 'generation': 293}","{'id': 12870, 'rank': 9, 'fitness': 0.4731958359024806, 'generation': 293}","{'id': 12863, 'rank': 10, 'fitness': 0.44336208384825265, 'generation': 293}","{'id': 12868, 'rank': 11, 'fitness': 0.3748196204720198, 'generation': 293}","{'id': 12858, 'rank': 12, 'fitness': 0.27840138398764536, 'generation': 293}","{'id': 12845, 'rank': 13, 'fitness': 0.26745048319245557, 'generation': 293}","{'id': 12871, 'rank': 14, 'fitness': 0.24006407098543447, 'generation': 293}","{'id': 12844, 'rank': 15, 'fitness': 0.18849123560332948, 'generation': 293}","{'id': 12864, 'rank': 16, 'fitness': 0.17191128164175917, 'generation': 293}","{'id': 12880, 'rank': 17, 'fitness': 0.13346458600647654, 'generation': 293}","{'id': 12849, 'rank': 18, 'fitness': 0.10975647708034791, 'generation': 293}","{'id': 12856, 'rank': 19, 'fitness': 0.0825603486690542, 'generation': 293}","{'id': 12860, 'rank': 20, 'fitness': 0.08013174316920868, 'generation': 293}","{'id': 12878, 'rank': 21, 'fitness': 0.06549251890776187, 'generation': 293}","{'id': 12876, 'rank': 22, 'fitness': 0.04914549425751952, 'generation': 293}","{'id': 12881, 'rank': 23, 'fitness': 0.045933660313838165, 'generation': 293}","{'id': 12867, 'rank': 24, 'fitness': 0.042193780586848584, 'generation': 293}","{'id': 12882, 'rank': 25, 'fitness': 0.04046104287306285, 'generation': 293}","{'id': 12877, 'rank': 26, 'fitness': 0.036942928363452754, 'generation': 293}","{'id': 12853, 'rank': 27, 'fitness': 0.03151439483755003, 'generation': 293}","{'id': 12855, 'rank': 28, 'fitness': 0.030039985643670608, 'generation': 293}","{'id': 12851, 'rank': 29, 'fitness': 0.01953767166059167, 'generation': 293}","{'id': 12861, 'rank': 30, 'fitness': 0.01798620996209155, 'generation': 293}"
"{'id': 12915, 'rank': 1, 'fitness': 0.9820137900379085, 'generation': 294}","{'id': 12925, 'rank': 2, 'fitness': 0.9803970588488787, 'generation': 294}","{'id': 12905, 'rank': 3, 'fitness': 0.9793706196055788, 'generation': 294}","{'id': 12929, 'rank': 4, 'fitness': 0.9552446037243165, 'generation': 294}","{'id': 12921, 'rank': 5, 'fitness': 0.9397572295361158, 'generation': 294}","{'id': 12917, 'rank': 6, 'fitness': 0.9309102359424893, 'generation': 294}","{'id': 12927, 'rank': 7, 'fitness': 0.9199016976059337, 'generation': 294}","{'id': 12922, 'rank': 8, 'fitness': 0.895954789056314, 'generation': 294}","{'id': 12906, 'rank': 9, 'fitness': 0.8050008122762942, 'generation': 294}","{'id': 12919, 'rank': 10, 'fitness': 0.7831382876902364, 'generation': 294}","{'id': 12891, 'rank': 11, 'fitness': 0.7344690058452124, 'generation': 294}","{'id': 12916, 'rank': 12, 'fitness': 0.6395561185043377, 'generation': 294}","{'id': 12928, 'rank': 13, 'fitness': 0.5791652017319981, 'generation': 294}","{'id': 12904, 'rank': 14, 'fitness': 0.3373755912721297, 'generation': 294}","{'id': 12896, 'rank': 15, 'fitness': 0.30946659575944047, 'generation': 294}","{'id': 12930, 'rank': 16, 'fitness': 0.26359103044204163, 'generation': 294}","{'id': 12918, 'rank': 17, 'fitness': 0.1436656673767559, 'generation': 294}","{'id': 12914, 'rank': 18, 'fitness': 0.13999772026250473, 'generation': 294}","{'id': 12890, 'rank': 19, 'fitness': 0.09071427613322713, 'generation': 294}","{'id': 12888, 'rank': 20, 'fitness': 0.09014991943436562, 'generation': 294}","{'id': 12886, 'rank': 21, 'fitness': 0.07642851041649862, 'generation': 294}","{'id': 12924, 'rank': 22, 'fitness': 0.07090785522700432, 'generation': 294}","{'id': 12902, 'rank': 23, 'fitness': 0.04668937139911272, 'generation': 294}","{'id': 12892, 'rank': 24, 'fitness': 0.04105438862674404, 'generation': 294}","{'id': 12911, 'rank': 25, 'fitness': 0.03840351306989409, 'generation': 294}","{'id': 12895, 'rank': 26, 'fitness': 0.03475320222218753, 'generation': 294}","{'id': 12912, 'rank': 27, 'fitness': 0.03155516077996068, 'generation': 294}","{'id': 12899, 'rank': 28, 'fitness': 0.02941063018593354, 'generation': 294}","{'id': 12908, 'rank': 29, 'fitness': 0.026732735510414718, 'generation': 294}","{'id': 12920, 'rank': 30, 'fitness': 0.01798620996209155, 'generation': 294}"
"{'id': 12974, 'rank': 1, 'fitness': 0.9820137900379085, 'generation': 295}","{'id': 12970, 'rank': 2, 'fitness': 0.9068625842264287, 'generation': 295}","{'id': 12939, 'rank': 3, 'fitness': 0.8991440863371852, 'generation': 295}","{'id': 12976, 'rank': 4, 'fitness': 0.7798926820891483, 'generation': 295}","{'id': 12979, 'rank': 5, 'fitness': 0.6111433141529878, 'generation': 295}","{'id': 12961, 'rank': 6, 'fitness': 0.42476277069580115, 'generation': 295}","{'id': 12947, 'rank': 7, 'fitness': 0.30847862570074874, 'generation': 295}","{'id': 12982, 'rank': 8, 'fitness': 0.2726328241128545, 'generation': 295}","{'id': 12966, 'rank': 9, 'fitness': 0.2499230050846737, 'generation': 295}","{'id': 12967, 'rank': 10, 'fitness': 0.18033638905619048, 'generation': 295}","{'id': 12973, 'rank': 11, 'fitness': 0.16901591328351856, 'generation': 295}","{'id': 12971, 'rank': 12, 'fitness': 0.16591314325592466, 'generation': 295}","{'id': 12948, 'rank': 13, 'fitness': 0.16053698067039524, 'generation': 295}","{'id': 12985, 'rank': 14, 'fitness': 0.15005284953871056, 'generation': 295}","{'id': 12981, 'rank': 15, 'fitness': 0.13483128101587422, 'generation': 295}","{'id': 12987, 'rank': 16, 'fitness': 0.12538865533870347, 'generation': 295}","{'id': 12959, 'rank': 17, 'fitness': 0.10205084400559417, 'generation': 295}","{'id': 12960, 'rank': 18, 'fitness': 0.07144246980719093, 'generation': 295}","{'id': 12980, 'rank': 19, 'fitness': 0.06826575078866848, 'generation': 295}","{'id': 12972, 'rank': 20, 'fitness': 0.06121685496685236, 'generation': 295}","{'id': 12942, 'rank': 21, 'fitness': 0.04241607936309483, 'generation': 295}","{'id': 12936, 'rank': 22, 'fitness': 0.038282087486881666, 'generation': 295}","{'id': 12986, 'rank': 23, 'fitness': 0.03667416757827585, 'generation': 295}","{'id': 12931, 'rank': 24, 'fitness': 0.03579668583054996, 'generation': 295}","{'id': 12978, 'rank': 25, 'fitness': 0.033585644685271476, 'generation': 295}","{'id': 12954, 'rank': 26, 'fitness': 0.0312539813990414, 'generation': 295}","{'id': 12969, 'rank': 27, 'fitness': 0.02052544363443848, 'generation': 295}","{'id': 12945, 'rank': 28, 'fitness': 0.019192082232882435, 'generation': 295}","{'id': 12951, 'rank': 29, 'fitness': 0.01888952921479925, 'generation': 295}","{'id': 12935, 'rank': 30, 'fitness': 0.01798620996209155, 'generation': 295}"
"{'id': 13009, 'rank': 1, 'fitness': 0.9820137900379085, 'generation': 296}","{'id': 13023, 'rank': 2, 'fitness': 0.9527423031264134, 'generation': 296}","{'id': 13020, 'rank': 3, 'fitness': 0.9419150708293896, 'generation': 296}","{'id': 13016, 'rank': 4, 'fitness': 0.9411851182635822, 'generation': 296}","{'id': 13017, 'rank': 5, 'fitness': 0.940964431137277, 'generation': 296}","{'id': 13014, 'rank': 6, 'fitness': 0.9301270564885249, 'generation': 296}","{'id': 13018, 'rank': 7, 'fitness': 0.8881283591229692, 'generation': 296}","{'id': 13012, 'rank': 8, 'fitness': 0.8512021336117043, 'generation': 296}","{'id': 13015, 'rank': 9, 'fitness': 0.8447981707292203, 'generation': 296}","{'id': 13013, 'rank': 10, 'fitness': 0.7991337226601467, 'generation': 296}","{'id': 13021, 'rank': 11, 'fitness': 0.6650271884687573, 'generation': 296}","{'id': 13001, 'rank': 12, 'fitness': 0.5505098049652453, 'generation': 296}","{'id': 13000, 'rank': 13, 'fitness': 0.523224284268049, 'generation': 296}","{'id': 13022, 'rank': 14, 'fitness': 0.44390383625588214, 'generation': 296}","{'id': 13004, 'rank': 15, 'fitness': 0.40814279633566164, 'generation': 296}","{'id': 13007, 'rank': 16, 'fitness': 0.3689961143669568, 'generation': 296}","{'id': 13002, 'rank': 17, 'fitness': 0.36157953556054334, 'generation': 296}","{'id': 13005, 'rank': 18, 'fitness': 0.33113525491616536, 'generation': 296}","{'id': 13010, 'rank': 19, 'fitness': 0.26721925977981087, 'generation': 296}","{'id': 12998, 'rank': 20, 'fitness': 0.21025178944025674, 'generation': 296}","{'id': 12994, 'rank': 21, 'fitness': 0.18309065358891424, 'generation': 296}","{'id': 13019, 'rank': 22, 'fitness': 0.1665847289046391, 'generation': 296}","{'id': 12989, 'rank': 23, 'fitness': 0.14157379525522706, 'generation': 296}","{'id': 13011, 'rank': 24, 'fitness': 0.13671647683604282, 'generation': 296}","{'id': 13006, 'rank': 25, 'fitness': 0.13611352615353406, 'generation': 296}","{'id': 12997, 'rank': 26, 'fitness': 0.10108680248503826, 'generation': 296}","{'id': 12988, 'rank': 27, 'fitness': 0.08235409662994753, 'generation': 296}","{'id': 12999, 'rank': 28, 'fitness': 0.05011227895570536, 'generation': 296}","{'id': 12995, 'rank': 29, 'fitness': 0.024855087235627737, 'generation': 296}","{'id': 13003, 'rank': 30, 'fitness': 0.01798620996209155, 'generation': 296}"
"{'id': 13072, 'rank': 1, 'fitness': 0.9820137900379085, 'generation': 297}","{'id': 13071, 'rank': 2, 'fitness': 0.9797285105573674, 'generation': 297}","{'id': 13050, 'rank': 3, 'fitness': 0.9720691848020402, 'generation': 297}","{'id': 13073, 'rank': 4, 'fitness': 0.8223426956075184, 'generation': 297}","{'id': 13055, 'rank': 5, 'fitness': 0.6624906487893141, 'generation': 297}","{'id': 13059, 'rank': 6, 'fitness': 0.6490444552629905, 'generation': 297}","{'id': 13081, 'rank': 7, 'fitness': 0.6332928952519582, 'generation': 297}","{'id': 13028, 'rank': 8, 'fitness': 0.6085007243790902, 'generation': 297}","{'id': 13040, 'rank': 9, 'fitness': 0.5816547240069185, 'generation': 297}","{'id': 13079, 'rank': 10, 'fitness': 0.5803941626954382, 'generation': 297}","{'id': 13047, 'rank': 11, 'fitness': 0.5222617505070499, 'generation': 297}","{'id': 13080, 'rank': 12, 'fitness': 0.47810016561019497, 'generation': 297}","{'id': 13032, 'rank': 13, 'fitness': 0.26993958041604615, 'generation': 297}","{'id': 13076, 'rank': 14, 'fitness': 0.24190217460502678, 'generation': 297}","{'id': 13026, 'rank': 15, 'fitness': 0.23171166018706274, 'generation': 297}","{'id': 13038, 'rank': 16, 'fitness': 0.205330359791284, 'generation': 297}","{'id': 13077, 'rank': 17, 'fitness': 0.18069149845513682, 'generation': 297}","{'id': 13078, 'rank': 18, 'fitness': 0.12229398668949348, 'generation': 297}","{'id': 13024, 'rank': 19, 'fitness': 0.06636754664910216, 'generation': 297}","{'id': 13029, 'rank': 20, 'fitness': 0.06495794647756209, 'generation': 297}","{'id': 13031, 'rank': 21, 'fitness': 0.060142938009600744, 'generation': 297}","{'id': 13049, 'rank': 22, 'fitness': 0.05534665344582712, 'generation': 297}","{'id': 13070, 'rank': 23, 'fitness': 0.05232828317186328, 'generation': 297}","{'id': 13074, 'rank': 24, 'fitness': 0.049856933605399334, 'generation': 297}","{'id': 13043, 'rank': 25, 'fitness': 0.04123283757133883, 'generation': 297}","{'id': 13066, 'rank': 26, 'fitness': 0.03710491260019938, 'generation': 297}","{'id': 13069, 'rank': 27, 'fitness': 0.032420748457111126, 'generation': 297}","{'id': 13068, 'rank': 28, 'fitness': 0.03120609042895056, 'generation': 297}","{'id': 13035, 'rank': 29, 'fitness': 0.02686953237706652, 'generation': 297}","{'id': 13025, 'rank': 30, 'fitness': 0.01798620996209155, 'generation': 297}"
"{'id': 13124, 'rank': 1, 'fitness': 0.9820137900379085, 'generation': 298}","{'id': 13122, 'rank': 2, 'fitness': 0.9084361166764776, 'generation': 298}","{'id': 13117, 'rank': 3, 'fitness': 0.8840635031809325, 'generation': 298}","{'id': 13125, 'rank': 4, 'fitness': 0.8174041615811495, 'generation': 298}","{'id': 13100, 'rank': 5, 'fitness': 0.7609975065188481, 'generation': 298}","{'id': 13113, 'rank': 6, 'fitness': 0.6914899155157921, 'generation': 298}","{'id': 13126, 'rank': 7, 'fitness': 0.6204315431448294, 'generation': 298}","{'id': 13106, 'rank': 8, 'fitness': 0.5722290120870016, 'generation': 298}","{'id': 13130, 'rank': 9, 'fitness': 0.5098172592072923, 'generation': 298}","{'id': 13120, 'rank': 10, 'fitness': 0.4742365932499707, 'generation': 298}","{'id': 13115, 'rank': 11, 'fitness': 0.40057059683040586, 'generation': 298}","{'id': 13109, 'rank': 12, 'fitness': 0.27141599013689516, 'generation': 298}","{'id': 13108, 'rank': 13, 'fitness': 0.24266423290036304, 'generation': 298}","{'id': 13127, 'rank': 14, 'fitness': 0.22233574187545085, 'generation': 298}","{'id': 13105, 'rank': 15, 'fitness': 0.20898279616960636, 'generation': 298}","{'id': 13107, 'rank': 16, 'fitness': 0.1907705074209156, 'generation': 298}","{'id': 13119, 'rank': 17, 'fitness': 0.16242497021412872, 'generation': 298}","{'id': 13116, 'rank': 18, 'fitness': 0.15399384825093504, 'generation': 298}","{'id': 13103, 'rank': 19, 'fitness': 0.1342906866514692, 'generation': 298}","{'id': 13099, 'rank': 20, 'fitness': 0.10346866749089018, 'generation': 298}","{'id': 13086, 'rank': 21, 'fitness': 0.09790431009536144, 'generation': 298}","{'id': 13095, 'rank': 22, 'fitness': 0.09034656910036076, 'generation': 298}","{'id': 13128, 'rank': 23, 'fitness': 0.08565624928052051, 'generation': 298}","{'id': 13114, 'rank': 24, 'fitness': 0.07965193577853624, 'generation': 298}","{'id': 13111, 'rank': 25, 'fitness': 0.040104615962094914, 'generation': 298}","{'id': 13101, 'rank': 26, 'fitness': 0.030140784457896252, 'generation': 298}","{'id': 13082, 'rank': 27, 'fitness': 0.03007496170945756, 'generation': 298}","{'id': 13121, 'rank': 28, 'fitness': 0.02471469524276315, 'generation': 298}","{'id': 13089, 'rank': 29, 'fitness': 0.023778672579553906, 'generation': 298}","{'id': 13102, 'rank': 30, 'fitness': 0.01798620996209155, 'generation': 298}"
"{'id': 13175, 'rank': 1, 'fitness': 0.9820137900379085, 'generation': 299}","{'id': 13176, 'rank': 2, 'fitness': 0.9729145390337559, 'generation': 299}","{'id': 13179, 'rank': 3, 'fitness': 0.9078301497376133, 'generation': 299}","{'id': 13165, 'rank': 4, 'fitness': 0.8306862173168998, 'generation': 299}","{'id': 13160, 'rank': 5, 'fitness': 0.707284144713744, 'generation': 299}","{'id': 13178, 'rank': 6, 'fitness': 0.7038575331502219, 'generation': 299}","{'id': 13171, 'rank': 7, 'fitness': 0.5921518184274369, 'generation': 299}","{'id': 13142, 'rank': 8, 'fitness': 0.3898760643233706, 'generation': 299}","{'id': 13174, 'rank': 9, 'fitness': 0.3863516255232143, 'generation': 299}","{'id': 13131, 'rank': 10, 'fitness': 0.3735087409153415, 'generation': 299}","{'id': 13137, 'rank': 11, 'fitness': 0.20890439288381796, 'generation': 299}","{'id': 13166, 'rank': 12, 'fitness': 0.16441902334535308, 'generation': 299}","{'id': 13154, 'rank': 13, 'fitness': 0.16003826043411218, 'generation': 299}","{'id': 13150, 'rank': 14, 'fitness': 0.15684914272003675, 'generation': 299}","{'id': 13164, 'rank': 15, 'fitness': 0.14596109292556458, 'generation': 299}","{'id': 13161, 'rank': 16, 'fitness': 0.14179475371811862, 'generation': 299}","{'id': 13155, 'rank': 17, 'fitness': 0.1201265812350315, 'generation': 299}","{'id': 13156, 'rank': 18, 'fitness': 0.10970132831990898, 'generation': 299}","{'id': 13177, 'rank': 19, 'fitness': 0.06484431903785343, 'generation': 299}","{'id': 13163, 'rank': 20, 'fitness': 0.0639281602797867, 'generation': 299}","{'id': 13143, 'rank': 21, 'fitness': 0.05681857443790822, 'generation': 299}","{'id': 13140, 'rank': 22, 'fitness': 0.05570245479861491, 'generation': 299}","{'id': 13168, 'rank': 23, 'fitness': 0.055033294157185386, 'generation': 299}","{'id': 13151, 'rank': 24, 'fitness': 0.04662890024824867, 'generation': 299}","{'id': 13158, 'rank': 25, 'fitness': 0.03976888281918933, 'generation': 299}","{'id': 13169, 'rank': 26, 'fitness': 0.03292943576894941, 'generation': 299}","{'id': 13149, 'rank': 27, 'fitness': 0.03224003826413224, 'generation': 299}","{'id': 13172, 'rank': 28, 'fitness': 0.029292301002554033, 'generation': 299}","{'id': 13136, 'rank': 29, 'fitness': 0.025669918446621143, 'generation': 299}","{'id': 13173, 'rank': 30, 'fitness': 0.01798620996209155, 'generation': 299}"
"{'id': 13207, 'rank': 1, 'fitness': 0.9820137900379085, 'generation': 300}","{'id': 13212, 'rank': 2, 'fitness': 0.9779190549999619, 'generation': 300}","{'id': 13213, 'rank': 3, 'fitness': 0.9711625471186729, 'generation': 300}","{'id': 13205, 'rank': 4, 'fitness': 0.9231431513478319, 'generation': 300}","{'id': 13201, 'rank': 5, 'fitness': 0.893028157914761, 'generation': 300}","{'id': 13199, 'rank': 6, 'fitness': 0.8919423243011482, 'generation': 300}","{'id': 13197, 'rank': 7, 'fitness': 0.8415608730025015, 'generation': 300}","{'id': 13215, 'rank': 8, 'fitness': 0.7992760594420385, 'generation': 300}","{'id': 13186, 'rank': 9, 'fitness': 0.7177064358035, 'generation': 300}","{'id': 13206, 'rank': 10, 'fitness': 0.5983275409531892, 'generation': 300}","{'id': 13203, 'rank': 11, 'fitness': 0.41782522286192303, 'generation': 300}","{'id': 13195, 'rank': 12, 'fitness': 0.3389525178324668, 'generation': 300}","{'id': 13182, 'rank': 13, 'fitness': 0.2996138966722003, 'generation': 300}","{'id': 13187, 'rank': 14, 'fitness': 0.27840070972557074, 'generation': 300}","{'id': 13193, 'rank': 15, 'fitness': 0.25277419847125215, 'generation': 300}","{'id': 13210, 'rank': 16, 'fitness': 0.24065534486102003, 'generation': 300}","{'id': 13185, 'rank': 17, 'fitness': 0.23173376721751549, 'generation': 300}","{'id': 13191, 'rank': 18, 'fitness': 0.12147543701013502, 'generation': 300}","{'id': 13202, 'rank': 19, 'fitness': 0.107035385289802, 'generation': 300}","{'id': 13198, 'rank': 20, 'fitness': 0.10518764318664275, 'generation': 300}","{'id': 13183, 'rank': 21, 'fitness': 0.09228666259421314, 'generation': 300}","{'id': 13189, 'rank': 22, 'fitness': 0.08043638087651406, 'generation': 300}","{'id': 13209, 'rank': 23, 'fitness': 0.06784230813204978, 'generation': 300}","{'id': 13181, 'rank': 24, 'fitness': 0.0643110387150378, 'generation': 300}","{'id': 13200, 'rank': 25, 'fitness': 0.0494326075384951, 'generation': 300}","{'id': 13190, 'rank': 26, 'fitness': 0.03623128999089503, 'generation': 300}","{'id': 13214, 'rank': 27, 'fitness': 0.03328205940424128, 'generation': 300}","{'id': 13180, 'rank': 28, 'fitness': 0.024116956091055408, 'generation': 300}","{'id': 13188, 'rank': 29, 'fitness': 0.020235958805726928, 'generation': 300}","{'id': 13211, 'rank': 30, 'fitness': 0.01798620996209155, 'generation': 300}"
"{'id': 13257, 'rank': 1, 'fitness': 0.9820137900379085, 'generation': 301}","{'id': 13258, 'rank': 2, 'fitness': 0.93604819109169, 'generation': 301}","{'id': 13242, 'rank': 3, 'fitness': 0.9135755887438122, 'generation': 301}","{'id': 13253, 'rank': 4, 'fitness': 0.7698856649818905, 'generation': 301}","{'id': 13238, 'rank': 5, 'fitness': 0.6761397676879826, 'generation': 301}","{'id': 13262, 'rank': 6, 'fitness': 0.6398005631898753, 'generation': 301}","{'id': 13243, 'rank': 7, 'fitness': 0.5866345728543312, 'generation': 301}","{'id': 13249, 'rank': 8, 'fitness': 0.5564045407684717, 'generation': 301}","{'id': 13255, 'rank': 9, 'fitness': 0.5448566753984943, 'generation': 301}","{'id': 13247, 'rank': 10, 'fitness': 0.5003288313970342, 'generation': 301}","{'id': 13234, 'rank': 11, 'fitness': 0.48720069507124053, 'generation': 301}","{'id': 13217, 'rank': 12, 'fitness': 0.39438745328781977, 'generation': 301}","{'id': 13226, 'rank': 13, 'fitness': 0.3703750314134814, 'generation': 301}","{'id': 13260, 'rank': 14, 'fitness': 0.2631986451670929, 'generation': 301}","{'id': 13223, 'rank': 15, 'fitness': 0.23603240961096666, 'generation': 301}","{'id': 13259, 'rank': 16, 'fitness': 0.22209095319709826, 'generation': 301}","{'id': 13250, 'rank': 17, 'fitness': 0.19099921814101206, 'generation': 301}","{'id': 13228, 'rank': 18, 'fitness': 0.11456949298411045, 'generation': 301}","{'id': 13237, 'rank': 19, 'fitness': 0.11312173000047959, 'generation': 301}","{'id': 13254, 'rank': 20, 'fitness': 0.10121331052957183, 'generation': 301}","{'id': 13224, 'rank': 21, 'fitness': 0.09175120564074685, 'generation': 301}","{'id': 13230, 'rank': 22, 'fitness': 0.07564894007517242, 'generation': 301}","{'id': 13219, 'rank': 23, 'fitness': 0.07161893234795591, 'generation': 301}","{'id': 13231, 'rank': 24, 'fitness': 0.0671323152815142, 'generation': 301}","{'id': 13252, 'rank': 25, 'fitness': 0.06514025874662516, 'generation': 301}","{'id': 13256, 'rank': 26, 'fitness': 0.06009249307589759, 'generation': 301}","{'id': 13245, 'rank': 27, 'fitness': 0.04312764738275138, 'generation': 301}","{'id': 13229, 'rank': 28, 'fitness': 0.038491808550760176, 'generation': 301}","{'id': 13218, 'rank': 29, 'fitness': 0.022911099381092093, 'generation': 301}","{'id': 13233, 'rank': 30, 'fitness': 0.01798620996209155, 'generation': 301}"
"{'id': 13301, 'rank': 1, 'fitness': 0.9820137900379085, 'generation': 302}","{'id': 13302, 'rank': 2, 'fitness': 0.9809590857848862, 'generation': 302}","{'id': 13273, 'rank': 3, 'fitness': 0.9807431670871062, 'generation': 302}","{'id': 13291, 'rank': 4, 'fitness': 0.9614190594441966, 'generation': 302}","{'id': 13279, 'rank': 5, 'fitness': 0.9389456394873272, 'generation': 302}","{'id': 13280, 'rank': 6, 'fitness': 0.9292313015165974, 'generation': 302}","{'id': 13307, 'rank': 7, 'fitness': 0.9275763062764515, 'generation': 302}","{'id': 13266, 'rank': 8, 'fitness': 0.9251763608319459, 'generation': 302}","{'id': 13286, 'rank': 9, 'fitness': 0.8826506076388488, 'generation': 302}","{'id': 13304, 'rank': 10, 'fitness': 0.8363360149739659, 'generation': 302}","{'id': 13284, 'rank': 11, 'fitness': 0.8355332728760854, 'generation': 302}","{'id': 13289, 'rank': 12, 'fitness': 0.8175943845593434, 'generation': 302}","{'id': 13293, 'rank': 13, 'fitness': 0.6696769461551902, 'generation': 302}","{'id': 13305, 'rank': 14, 'fitness': 0.5960996605709843, 'generation': 302}","{'id': 13309, 'rank': 15, 'fitness': 0.5561493941205217, 'generation': 302}","{'id': 13299, 'rank': 16, 'fitness': 0.37155888279712057, 'generation': 302}","{'id': 13278, 'rank': 17, 'fitness': 0.29991522610306065, 'generation': 302}","{'id': 13274, 'rank': 18, 'fitness': 0.2709914771139986, 'generation': 302}","{'id': 13281, 'rank': 19, 'fitness': 0.17033700083042963, 'generation': 302}","{'id': 13276, 'rank': 20, 'fitness': 0.15819007509623817, 'generation': 302}","{'id': 13297, 'rank': 21, 'fitness': 0.1560891200663781, 'generation': 302}","{'id': 13306, 'rank': 22, 'fitness': 0.12585320417570667, 'generation': 302}","{'id': 13264, 'rank': 23, 'fitness': 0.1251765963506627, 'generation': 302}","{'id': 13270, 'rank': 24, 'fitness': 0.12316872207956125, 'generation': 302}","{'id': 13296, 'rank': 25, 'fitness': 0.12306167229094717, 'generation': 302}","{'id': 13294, 'rank': 26, 'fitness': 0.10743857448789113, 'generation': 302}","{'id': 13308, 'rank': 27, 'fitness': 0.06224772909648718, 'generation': 302}","{'id': 13303, 'rank': 28, 'fitness': 0.051618166812092914, 'generation': 302}","{'id': 13288, 'rank': 29, 'fitness': 0.04532440644448876, 'generation': 302}","{'id': 13300, 'rank': 30, 'fitness': 0.01798620996209155, 'generation': 302}"
"{'id': 13345, 'rank': 1, 'fitness': 0.9820137900379085, 'generation': 303}","{'id': 13354, 'rank': 2, 'fitness': 0.9737961207314991, 'generation': 303}","{'id': 13338, 'rank': 3, 'fitness': 0.9682714918398792, 'generation': 303}","{'id': 13361, 'rank': 4, 'fitness': 0.9514831385920063, 'generation': 303}","{'id': 13360, 'rank': 5, 'fitness': 0.89090466472682, 'generation': 303}","{'id': 13350, 'rank': 6, 'fitness': 0.8136052053612495, 'generation': 303}","{'id': 13356, 'rank': 7, 'fitness': 0.6096163071176258, 'generation': 303}","{'id': 13343, 'rank': 8, 'fitness': 0.5675238849625438, 'generation': 303}","{'id': 13340, 'rank': 9, 'fitness': 0.5430822987754452, 'generation': 303}","{'id': 13344, 'rank': 10, 'fitness': 0.4421040069764744, 'generation': 303}","{'id': 13346, 'rank': 11, 'fitness': 0.29752991981881527, 'generation': 303}","{'id': 13341, 'rank': 12, 'fitness': 0.2266197506033844, 'generation': 303}","{'id': 13348, 'rank': 13, 'fitness': 0.19107160798410627, 'generation': 303}","{'id': 13358, 'rank': 14, 'fitness': 0.17908942390463028, 'generation': 303}","{'id': 13323, 'rank': 15, 'fitness': 0.17690668586862462, 'generation': 303}","{'id': 13316, 'rank': 16, 'fitness': 0.11967194876426801, 'generation': 303}","{'id': 13328, 'rank': 17, 'fitness': 0.09268324388014515, 'generation': 303}","{'id': 13324, 'rank': 18, 'fitness': 0.07274003385523575, 'generation': 303}","{'id': 13311, 'rank': 19, 'fitness': 0.05849877541671977, 'generation': 303}","{'id': 13355, 'rank': 20, 'fitness': 0.05397822306695965, 'generation': 303}","{'id': 13312, 'rank': 21, 'fitness': 0.04850157853652537, 'generation': 303}","{'id': 13353, 'rank': 22, 'fitness': 0.03933115908344964, 'generation': 303}","{'id': 13321, 'rank': 23, 'fitness': 0.03485983712799934, 'generation': 303}","{'id': 13325, 'rank': 24, 'fitness': 0.03312557996864135, 'generation': 303}","{'id': 13339, 'rank': 25, 'fitness': 0.032465725748484886, 'generation': 303}","{'id': 13337, 'rank': 26, 'fitness': 0.031213045159401265, 'generation': 303}","{'id': 13357, 'rank': 27, 'fitness': 0.030099351374355154, 'generation': 303}","{'id': 13347, 'rank': 28, 'fitness': 0.02602022383930952, 'generation': 303}","{'id': 13332, 'rank': 29, 'fitness': 0.020166946797648966, 'generation': 303}","{'id': 13320, 'rank': 30, 'fitness': 0.01798620996209155, 'generation': 303}"
"{'id': 13405, 'rank': 1, 'fitness': 0.9820137900379085, 'generation': 304}","{'id': 13410, 'rank': 2, 'fitness': 0.9813308084485423, 'generation': 304}","{'id': 13390, 'rank': 3, 'fitness': 0.9637988749525419, 'generation': 304}","{'id': 13411, 'rank': 4, 'fitness': 0.9594799873512804, 'generation': 304}","{'id': 13396, 'rank': 5, 'fitness': 0.9260885742947778, 'generation': 304}","{'id': 13407, 'rank': 6, 'fitness': 0.8654113966962435, 'generation': 304}","{'id': 13397, 'rank': 7, 'fitness': 0.8550319389328171, 'generation': 304}","{'id': 13393, 'rank': 8, 'fitness': 0.8106787477436233, 'generation': 304}","{'id': 13373, 'rank': 9, 'fitness': 0.7596712829908985, 'generation': 304}","{'id': 13408, 'rank': 10, 'fitness': 0.6294935960251729, 'generation': 304}","{'id': 13399, 'rank': 11, 'fitness': 0.6039535398029625, 'generation': 304}","{'id': 13366, 'rank': 12, 'fitness': 0.42008158654296496, 'generation': 304}","{'id': 13392, 'rank': 13, 'fitness': 0.3373706170467867, 'generation': 304}","{'id': 13369, 'rank': 14, 'fitness': 0.13397142850639754, 'generation': 304}","{'id': 13403, 'rank': 15, 'fitness': 0.1173280509501809, 'generation': 304}","{'id': 13380, 'rank': 16, 'fitness': 0.1055808859226422, 'generation': 304}","{'id': 13385, 'rank': 17, 'fitness': 0.09288696115863476, 'generation': 304}","{'id': 13409, 'rank': 18, 'fitness': 0.08259740007955374, 'generation': 304}","{'id': 13402, 'rank': 19, 'fitness': 0.08083320237860209, 'generation': 304}","{'id': 13386, 'rank': 20, 'fitness': 0.06458180310360873, 'generation': 304}","{'id': 13362, 'rank': 21, 'fitness': 0.05696118723509214, 'generation': 304}","{'id': 13378, 'rank': 22, 'fitness': 0.051604358838389486, 'generation': 304}","{'id': 13383, 'rank': 23, 'fitness': 0.05145377401673423, 'generation': 304}","{'id': 13401, 'rank': 24, 'fitness': 0.04680747888022563, 'generation': 304}","{'id': 13381, 'rank': 25, 'fitness': 0.038055804308755936, 'generation': 304}","{'id': 13391, 'rank': 26, 'fitness': 0.033695921958170005, 'generation': 304}","{'id': 13371, 'rank': 27, 'fitness': 0.028501076199399455, 'generation': 304}","{'id': 13398, 'rank': 28, 'fitness': 0.021066520858013138, 'generation': 304}","{'id': 13404, 'rank': 29, 'fitness': 0.020618909933603213, 'generation': 304}","{'id': 13406, 'rank': 30, 'fitness': 0.01798620996209155, 'generation': 304}"
"{'id': 13442, 'rank': 1, 'fitness': 0.9820137900379085, 'generation': 305}","{'id': 13446, 'rank': 2, 'fitness': 0.9733666763016224, 'generation': 305}","{'id': 13455, 'rank': 3, 'fitness': 0.9728827837904719, 'generation': 305}","{'id': 13441, 'rank': 4, 'fitness': 0.9612413983484629, 'generation': 305}","{'id': 13444, 'rank': 5, 'fitness': 0.9163815258343293, 'generation': 305}","{'id': 13456, 'rank': 6, 'fitness': 0.9154943860294094, 'generation': 305}","{'id': 13421, 'rank': 7, 'fitness': 0.7048499172180005, 'generation': 305}","{'id': 13414, 'rank': 8, 'fitness': 0.664011047602, 'generation': 305}","{'id': 13448, 'rank': 9, 'fitness': 0.6395231870284418, 'generation': 305}","{'id': 13449, 'rank': 10, 'fitness': 0.6070663200407734, 'generation': 305}","{'id': 13445, 'rank': 11, 'fitness': 0.45729529389569984, 'generation': 305}","{'id': 13434, 'rank': 12, 'fitness': 0.38270437425639364, 'generation': 305}","{'id': 13412, 'rank': 13, 'fitness': 0.353089630665094, 'generation': 305}","{'id': 13447, 'rank': 14, 'fitness': 0.2849335119635201, 'generation': 305}","{'id': 13425, 'rank': 15, 'fitness': 0.1899868558182632, 'generation': 305}","{'id': 13433, 'rank': 16, 'fitness': 0.18702787424931666, 'generation': 305}","{'id': 13458, 'rank': 17, 'fitness': 0.14942189119948984, 'generation': 305}","{'id': 13420, 'rank': 18, 'fitness': 0.1376271628776783, 'generation': 305}","{'id': 13452, 'rank': 19, 'fitness': 0.13039166029283278, 'generation': 305}","{'id': 13416, 'rank': 20, 'fitness': 0.11212283307650756, 'generation': 305}","{'id': 13426, 'rank': 21, 'fitness': 0.10674751589435016, 'generation': 305}","{'id': 13450, 'rank': 22, 'fitness': 0.09742210586543182, 'generation': 305}","{'id': 13439, 'rank': 23, 'fitness': 0.07133546906899763, 'generation': 305}","{'id': 13443, 'rank': 24, 'fitness': 0.05648517480464971, 'generation': 305}","{'id': 13451, 'rank': 25, 'fitness': 0.04121335971759954, 'generation': 305}","{'id': 13423, 'rank': 26, 'fitness': 0.03673853234692981, 'generation': 305}","{'id': 13435, 'rank': 27, 'fitness': 0.035845196509009636, 'generation': 305}","{'id': 13429, 'rank': 28, 'fitness': 0.03143420646699069, 'generation': 305}","{'id': 13431, 'rank': 29, 'fitness': 0.024004142883645385, 'generation': 305}","{'id': 13453, 'rank': 30, 'fitness': 0.01798620996209155, 'generation': 305}"
"{'id': 13490, 'rank': 1, 'fitness': 0.9820137900379085, 'generation': 306}","{'id': 13507, 'rank': 2, 'fitness': 0.9425567779311889, 'generation': 306}","{'id': 13483, 'rank': 3, 'fitness': 0.8983199097369902, 'generation': 306}","{'id': 13492, 'rank': 4, 'fitness': 0.8615025389772248, 'generation': 306}","{'id': 13480, 'rank': 5, 'fitness': 0.8576740695222975, 'generation': 306}","{'id': 13493, 'rank': 6, 'fitness': 0.8572364278536402, 'generation': 306}","{'id': 13463, 'rank': 7, 'fitness': 0.7719159071704575, 'generation': 306}","{'id': 13473, 'rank': 8, 'fitness': 0.7617540678549235, 'generation': 306}","{'id': 13498, 'rank': 9, 'fitness': 0.6727803567882897, 'generation': 306}","{'id': 13459, 'rank': 10, 'fitness': 0.4367377631679212, 'generation': 306}","{'id': 13510, 'rank': 11, 'fitness': 0.3774160052266999, 'generation': 306}","{'id': 13465, 'rank': 12, 'fitness': 0.36558551173013987, 'generation': 306}","{'id': 13495, 'rank': 13, 'fitness': 0.31012235233340074, 'generation': 306}","{'id': 13491, 'rank': 14, 'fitness': 0.30918610260500956, 'generation': 306}","{'id': 13464, 'rank': 15, 'fitness': 0.30817294620942215, 'generation': 306}","{'id': 13500, 'rank': 16, 'fitness': 0.2764178429976223, 'generation': 306}","{'id': 13505, 'rank': 17, 'fitness': 0.21464009058751082, 'generation': 306}","{'id': 13477, 'rank': 18, 'fitness': 0.1884999982715807, 'generation': 306}","{'id': 13468, 'rank': 19, 'fitness': 0.18677956503862025, 'generation': 306}","{'id': 13509, 'rank': 20, 'fitness': 0.17653942986390103, 'generation': 306}","{'id': 13478, 'rank': 21, 'fitness': 0.14420946894957198, 'generation': 306}","{'id': 13487, 'rank': 22, 'fitness': 0.10138540629445358, 'generation': 306}","{'id': 13508, 'rank': 23, 'fitness': 0.09969308620057427, 'generation': 306}","{'id': 13470, 'rank': 24, 'fitness': 0.08226545066538571, 'generation': 306}","{'id': 13467, 'rank': 25, 'fitness': 0.0640256724245758, 'generation': 306}","{'id': 13497, 'rank': 26, 'fitness': 0.05605568980994957, 'generation': 306}","{'id': 13502, 'rank': 27, 'fitness': 0.03441459662439944, 'generation': 306}","{'id': 13485, 'rank': 28, 'fitness': 0.027137581430518032, 'generation': 306}","{'id': 13469, 'rank': 29, 'fitness': 0.02461173943317274, 'generation': 306}","{'id': 13479, 'rank': 30, 'fitness': 0.01798620996209155, 'generation': 306}"
"{'id': 13557, 'rank': 1, 'fitness': 0.9820137900379085, 'generation': 307}","{'id': 13545, 'rank': 2, 'fitness': 0.9714521712470827, 'generation': 307}","{'id': 13549, 'rank': 3, 'fitness': 0.9221294492327003, 'generation': 307}","{'id': 13560, 'rank': 4, 'fitness': 0.8862425526030693, 'generation': 307}","{'id': 13529, 'rank': 5, 'fitness': 0.8019407432991645, 'generation': 307}","{'id': 13544, 'rank': 6, 'fitness': 0.6052918812461037, 'generation': 307}","{'id': 13547, 'rank': 7, 'fitness': 0.3445294416451692, 'generation': 307}","{'id': 13532, 'rank': 8, 'fitness': 0.30225113008733007, 'generation': 307}","{'id': 13561, 'rank': 9, 'fitness': 0.26198282533962614, 'generation': 307}","{'id': 13548, 'rank': 10, 'fitness': 0.2466818355161977, 'generation': 307}","{'id': 13555, 'rank': 11, 'fitness': 0.221749512564705, 'generation': 307}","{'id': 13523, 'rank': 12, 'fitness': 0.125467836288351, 'generation': 307}","{'id': 13553, 'rank': 13, 'fitness': 0.09187355992648444, 'generation': 307}","{'id': 13536, 'rank': 14, 'fitness': 0.07616199475965907, 'generation': 307}","{'id': 13519, 'rank': 15, 'fitness': 0.07098285290315781, 'generation': 307}","{'id': 13521, 'rank': 16, 'fitness': 0.06242623789294843, 'generation': 307}","{'id': 13550, 'rank': 17, 'fitness': 0.05316482602866951, 'generation': 307}","{'id': 13542, 'rank': 18, 'fitness': 0.04227782308097472, 'generation': 307}","{'id': 13546, 'rank': 19, 'fitness': 0.03853319527969706, 'generation': 307}","{'id': 13528, 'rank': 20, 'fitness': 0.03561102944463762, 'generation': 307}","{'id': 13534, 'rank': 21, 'fitness': 0.03436368630535053, 'generation': 307}","{'id': 13539, 'rank': 22, 'fitness': 0.033178561025778264, 'generation': 307}","{'id': 13540, 'rank': 23, 'fitness': 0.02749369408156932, 'generation': 307}","{'id': 13538, 'rank': 24, 'fitness': 0.026560534810872727, 'generation': 307}","{'id': 13552, 'rank': 25, 'fitness': 0.02602554696059045, 'generation': 307}","{'id': 13525, 'rank': 26, 'fitness': 0.02412190240493539, 'generation': 307}","{'id': 13520, 'rank': 27, 'fitness': 0.021723218179668824, 'generation': 307}","{'id': 13537, 'rank': 28, 'fitness': 0.01869158930929865, 'generation': 307}","{'id': 13518, 'rank': 29, 'fitness': 0.018092390009477377, 'generation': 307}","{'id': 13558, 'rank': 30, 'fitness': 0.01798620996209155, 'generation': 307}"
"{'id': 13594, 'rank': 1, 'fitness': 0.9820137900379085, 'generation': 308}","{'id': 13598, 'rank': 2, 'fitness': 0.8769593872737812, 'generation': 308}","{'id': 13590, 'rank': 3, 'fitness': 0.7755169659231657, 'generation': 308}","{'id': 13599, 'rank': 4, 'fitness': 0.594043161446586, 'generation': 308}","{'id': 13596, 'rank': 5, 'fitness': 0.5417290927159357, 'generation': 308}","{'id': 13592, 'rank': 6, 'fitness': 0.5119354463518301, 'generation': 308}","{'id': 13587, 'rank': 7, 'fitness': 0.2924697585087701, 'generation': 308}","{'id': 13588, 'rank': 8, 'fitness': 0.2548635772462482, 'generation': 308}","{'id': 13586, 'rank': 9, 'fitness': 0.23282665805218222, 'generation': 308}","{'id': 13585, 'rank': 10, 'fitness': 0.15257955201207662, 'generation': 308}","{'id': 13595, 'rank': 11, 'fitness': 0.13544537015282626, 'generation': 308}","{'id': 13584, 'rank': 12, 'fitness': 0.12772386995586332, 'generation': 308}","{'id': 13580, 'rank': 13, 'fitness': 0.12520160176344097, 'generation': 308}","{'id': 13570, 'rank': 14, 'fitness': 0.09665427742852828, 'generation': 308}","{'id': 13575, 'rank': 15, 'fitness': 0.09527316705061561, 'generation': 308}","{'id': 13589, 'rank': 16, 'fitness': 0.06687237617330255, 'generation': 308}","{'id': 13563, 'rank': 17, 'fitness': 0.054286174238130425, 'generation': 308}","{'id': 13600, 'rank': 18, 'fitness': 0.05224180236585613, 'generation': 308}","{'id': 13569, 'rank': 19, 'fitness': 0.05119001631445491, 'generation': 308}","{'id': 13591, 'rank': 20, 'fitness': 0.03719037079633025, 'generation': 308}","{'id': 13581, 'rank': 21, 'fitness': 0.03644119265485268, 'generation': 308}","{'id': 13573, 'rank': 22, 'fitness': 0.03366186844905161, 'generation': 308}","{'id': 13564, 'rank': 23, 'fitness': 0.033585497116801255, 'generation': 308}","{'id': 13568, 'rank': 24, 'fitness': 0.03346901694510751, 'generation': 308}","{'id': 13579, 'rank': 25, 'fitness': 0.032029671649898395, 'generation': 308}","{'id': 13583, 'rank': 26, 'fitness': 0.027079555390851273, 'generation': 308}","{'id': 13576, 'rank': 27, 'fitness': 0.025372467915371066, 'generation': 308}","{'id': 13597, 'rank': 28, 'fitness': 0.02222795183345183, 'generation': 308}","{'id': 13562, 'rank': 29, 'fitness': 0.01823903882642447, 'generation': 308}","{'id': 13578, 'rank': 30, 'fitness': 0.01798620996209155, 'generation': 308}"
"{'id': 13613, 'rank': 1, 'fitness': 0.9820137900379085, 'generation': 309}","{'id': 13631, 'rank': 2, 'fitness': 0.9774075651680707, 'generation': 309}","{'id': 13639, 'rank': 3, 'fitness': 0.8204820704896538, 'generation': 309}","{'id': 13630, 'rank': 4, 'fitness': 0.7783022480049676, 'generation': 309}","{'id': 13643, 'rank': 5, 'fitness': 0.7044901099444015, 'generation': 309}","{'id': 13632, 'rank': 6, 'fitness': 0.5728896970288687, 'generation': 309}","{'id': 13628, 'rank': 7, 'fitness': 0.3587463266867817, 'generation': 309}","{'id': 13619, 'rank': 8, 'fitness': 0.3436108182107769, 'generation': 309}","{'id': 13638, 'rank': 9, 'fitness': 0.3426970702020267, 'generation': 309}","{'id': 13637, 'rank': 10, 'fitness': 0.29947050037037426, 'generation': 309}","{'id': 13622, 'rank': 11, 'fitness': 0.25680702505429565, 'generation': 309}","{'id': 13642, 'rank': 12, 'fitness': 0.21915642729190693, 'generation': 309}","{'id': 13615, 'rank': 13, 'fitness': 0.1926378901458798, 'generation': 309}","{'id': 13629, 'rank': 14, 'fitness': 0.15004999156102833, 'generation': 309}","{'id': 13625, 'rank': 15, 'fitness': 0.14198806392426855, 'generation': 309}","{'id': 13603, 'rank': 16, 'fitness': 0.1159440746971997, 'generation': 309}","{'id': 13623, 'rank': 17, 'fitness': 0.10293969982145812, 'generation': 309}","{'id': 13636, 'rank': 18, 'fitness': 0.08787250412295555, 'generation': 309}","{'id': 13640, 'rank': 19, 'fitness': 0.08724864270147797, 'generation': 309}","{'id': 13609, 'rank': 20, 'fitness': 0.08237181534164073, 'generation': 309}","{'id': 13644, 'rank': 21, 'fitness': 0.07008645431529936, 'generation': 309}","{'id': 13620, 'rank': 22, 'fitness': 0.06479654727067158, 'generation': 309}","{'id': 13610, 'rank': 23, 'fitness': 0.040672400796817165, 'generation': 309}","{'id': 13624, 'rank': 24, 'fitness': 0.03431934165307482, 'generation': 309}","{'id': 13641, 'rank': 25, 'fitness': 0.029546010506484477, 'generation': 309}","{'id': 13633, 'rank': 26, 'fitness': 0.025662792275151614, 'generation': 309}","{'id': 13605, 'rank': 27, 'fitness': 0.02468648786780736, 'generation': 309}","{'id': 13618, 'rank': 28, 'fitness': 0.021499719280982155, 'generation': 309}","{'id': 13635, 'rank': 29, 'fitness': 0.021290220717277375, 'generation': 309}","{'id': 13616, 'rank': 30, 'fitness': 0.01798620996209155, 'generation': 309}"
"{'id': 13672, 'rank': 1, 'fitness': 0.9820137900379085, 'generation': 310}","{'id': 13685, 'rank': 2, 'fitness': 0.9677074012218262, 'generation': 310}","{'id': 13670, 'rank': 3, 'fitness': 0.9276473336108411, 'generation': 310}","{'id': 13680, 'rank': 4, 'fitness': 0.9251288492306075, 'generation': 310}","{'id': 13678, 'rank': 5, 'fitness': 0.8924354183568284, 'generation': 310}","{'id': 13684, 'rank': 6, 'fitness': 0.8893874844833431, 'generation': 310}","{'id': 13673, 'rank': 7, 'fitness': 0.8061201899321255, 'generation': 310}","{'id': 13671, 'rank': 8, 'fitness': 0.7843749036205099, 'generation': 310}","{'id': 13675, 'rank': 9, 'fitness': 0.7466791771802704, 'generation': 310}","{'id': 13683, 'rank': 10, 'fitness': 0.6212903524993082, 'generation': 310}","{'id': 13662, 'rank': 11, 'fitness': 0.6050633263666808, 'generation': 310}","{'id': 13676, 'rank': 12, 'fitness': 0.451200435657399, 'generation': 310}","{'id': 13665, 'rank': 13, 'fitness': 0.3624222260966018, 'generation': 310}","{'id': 13674, 'rank': 14, 'fitness': 0.33156038828292367, 'generation': 310}","{'id': 13667, 'rank': 15, 'fitness': 0.3119260350198986, 'generation': 310}","{'id': 13682, 'rank': 16, 'fitness': 0.26345519763218916, 'generation': 310}","{'id': 13686, 'rank': 17, 'fitness': 0.2527152312964136, 'generation': 310}","{'id': 13666, 'rank': 18, 'fitness': 0.20378305944098818, 'generation': 310}","{'id': 13652, 'rank': 19, 'fitness': 0.1844925028946649, 'generation': 310}","{'id': 13655, 'rank': 20, 'fitness': 0.1490229026754875, 'generation': 310}","{'id': 13656, 'rank': 21, 'fitness': 0.1271546222621191, 'generation': 310}","{'id': 13646, 'rank': 22, 'fitness': 0.11701370803170896, 'generation': 310}","{'id': 13649, 'rank': 23, 'fitness': 0.0956814043445704, 'generation': 310}","{'id': 13654, 'rank': 24, 'fitness': 0.09545694388879666, 'generation': 310}","{'id': 13677, 'rank': 25, 'fitness': 0.09013491217856556, 'generation': 310}","{'id': 13663, 'rank': 26, 'fitness': 0.0816314544382809, 'generation': 310}","{'id': 13660, 'rank': 27, 'fitness': 0.06348887813399184, 'generation': 310}","{'id': 13681, 'rank': 28, 'fitness': 0.053670828358257594, 'generation': 310}","{'id': 13659, 'rank': 29, 'fitness': 0.019884740512209176, 'generation': 310}","{'id': 13653, 'rank': 30, 'fitness': 0.01798620996209155, 'generation': 310}"
"{'id': 13730, 'rank': 1, 'fitness': 0.9820137900379085, 'generation': 311}","{'id': 13721, 'rank': 2, 'fitness': 0.9755541532468728, 'generation': 311}","{'id': 13731, 'rank': 3, 'fitness': 0.9597353817501243, 'generation': 311}","{'id': 13726, 'rank': 4, 'fitness': 0.9563487717722642, 'generation': 311}","{'id': 13724, 'rank': 5, 'fitness': 0.9455872846588267, 'generation': 311}","{'id': 13722, 'rank': 6, 'fitness': 0.901796238167363, 'generation': 311}","{'id': 13737, 'rank': 7, 'fitness': 0.8864072412127924, 'generation': 311}","{'id': 13712, 'rank': 8, 'fitness': 0.7369178395701153, 'generation': 311}","{'id': 13725, 'rank': 9, 'fitness': 0.6417763856117661, 'generation': 311}","{'id': 13733, 'rank': 10, 'fitness': 0.5266672569940197, 'generation': 311}","{'id': 13739, 'rank': 11, 'fitness': 0.47840891102712046, 'generation': 311}","{'id': 13698, 'rank': 12, 'fitness': 0.43820650231569, 'generation': 311}","{'id': 13728, 'rank': 13, 'fitness': 0.39237685683627155, 'generation': 311}","{'id': 13735, 'rank': 14, 'fitness': 0.33489666019627795, 'generation': 311}","{'id': 13738, 'rank': 15, 'fitness': 0.3318169363415816, 'generation': 311}","{'id': 13714, 'rank': 16, 'fitness': 0.25277556424802916, 'generation': 311}","{'id': 13701, 'rank': 17, 'fitness': 0.24882488939678138, 'generation': 311}","{'id': 13732, 'rank': 18, 'fitness': 0.20841449836808013, 'generation': 311}","{'id': 13727, 'rank': 19, 'fitness': 0.17481916681754983, 'generation': 311}","{'id': 13695, 'rank': 20, 'fitness': 0.12126236536213264, 'generation': 311}","{'id': 13689, 'rank': 21, 'fitness': 0.11935093757435955, 'generation': 311}","{'id': 13688, 'rank': 22, 'fitness': 0.10852845619509344, 'generation': 311}","{'id': 13736, 'rank': 23, 'fitness': 0.09108178489723712, 'generation': 311}","{'id': 13710, 'rank': 24, 'fitness': 0.05795344255263046, 'generation': 311}","{'id': 13705, 'rank': 25, 'fitness': 0.05509487718764977, 'generation': 311}","{'id': 13723, 'rank': 26, 'fitness': 0.022007948545848588, 'generation': 311}","{'id': 13719, 'rank': 27, 'fitness': 0.02141502641430376, 'generation': 311}","{'id': 13703, 'rank': 28, 'fitness': 0.01984731075850904, 'generation': 311}","{'id': 13693, 'rank': 29, 'fitness': 0.01827337988389932, 'generation': 311}","{'id': 13706, 'rank': 30, 'fitness': 0.01798620996209155, 'generation': 311}"
"{'id': 13771, 'rank': 1, 'fitness': 0.9820137900379085, 'generation': 312}","{'id': 13775, 'rank': 2, 'fitness': 0.9042290381649202, 'generation': 312}","{'id': 13777, 'rank': 3, 'fitness': 0.8359472434382489, 'generation': 312}","{'id': 13783, 'rank': 4, 'fitness': 0.6816127523186771, 'generation': 312}","{'id': 13770, 'rank': 5, 'fitness': 0.6118049738280449, 'generation': 312}","{'id': 13763, 'rank': 6, 'fitness': 0.6071862995387515, 'generation': 312}","{'id': 13774, 'rank': 7, 'fitness': 0.44446850547062794, 'generation': 312}","{'id': 13778, 'rank': 8, 'fitness': 0.38314700820643194, 'generation': 312}","{'id': 13780, 'rank': 9, 'fitness': 0.334362701162372, 'generation': 312}","{'id': 13745, 'rank': 10, 'fitness': 0.278767290295864, 'generation': 312}","{'id': 13782, 'rank': 11, 'fitness': 0.24957578970750538, 'generation': 312}","{'id': 13773, 'rank': 12, 'fitness': 0.18214837802444522, 'generation': 312}","{'id': 13747, 'rank': 13, 'fitness': 0.18085493757228166, 'generation': 312}","{'id': 13759, 'rank': 14, 'fitness': 0.15341689498307592, 'generation': 312}","{'id': 13742, 'rank': 15, 'fitness': 0.13326006160435816, 'generation': 312}","{'id': 13765, 'rank': 16, 'fitness': 0.10524835181414305, 'generation': 312}","{'id': 13767, 'rank': 17, 'fitness': 0.07429904737126175, 'generation': 312}","{'id': 13768, 'rank': 18, 'fitness': 0.07267552759950024, 'generation': 312}","{'id': 13784, 'rank': 19, 'fitness': 0.07195333032638795, 'generation': 312}","{'id': 13757, 'rank': 20, 'fitness': 0.06712895992578177, 'generation': 312}","{'id': 13769, 'rank': 21, 'fitness': 0.05770959673774517, 'generation': 312}","{'id': 13754, 'rank': 22, 'fitness': 0.04686489694901291, 'generation': 312}","{'id': 13752, 'rank': 23, 'fitness': 0.04188746382905617, 'generation': 312}","{'id': 13755, 'rank': 24, 'fitness': 0.04136584678811783, 'generation': 312}","{'id': 13781, 'rank': 25, 'fitness': 0.03965020737539349, 'generation': 312}","{'id': 13772, 'rank': 26, 'fitness': 0.03745728511795249, 'generation': 312}","{'id': 13761, 'rank': 27, 'fitness': 0.026327881663238906, 'generation': 312}","{'id': 13746, 'rank': 28, 'fitness': 0.023071089045526016, 'generation': 312}","{'id': 13743, 'rank': 29, 'fitness': 0.018023406784223206, 'generation': 312}","{'id': 13744, 'rank': 30, 'fitness': 0.01798620996209155, 'generation': 312}"
"{'id': 13828, 'rank': 1, 'fitness': 0.9820137900379085, 'generation': 313}","{'id': 13830, 'rank': 2, 'fitness': 0.9379609808173421, 'generation': 313}","{'id': 13821, 'rank': 3, 'fitness': 0.9264149332501409, 'generation': 313}","{'id': 13796, 'rank': 4, 'fitness': 0.8741844284543618, 'generation': 313}","{'id': 13798, 'rank': 5, 'fitness': 0.8609087039766435, 'generation': 313}","{'id': 13825, 'rank': 6, 'fitness': 0.8253505873849195, 'generation': 313}","{'id': 13817, 'rank': 7, 'fitness': 0.7389154598396764, 'generation': 313}","{'id': 13813, 'rank': 8, 'fitness': 0.7023685814863605, 'generation': 313}","{'id': 13827, 'rank': 9, 'fitness': 0.5996000086362735, 'generation': 313}","{'id': 13809, 'rank': 10, 'fitness': 0.5652125044137062, 'generation': 313}","{'id': 13810, 'rank': 11, 'fitness': 0.5588984429924377, 'generation': 313}","{'id': 13823, 'rank': 12, 'fitness': 0.43186804986461214, 'generation': 313}","{'id': 13815, 'rank': 13, 'fitness': 0.30760272984856857, 'generation': 313}","{'id': 13826, 'rank': 14, 'fitness': 0.25033250344184055, 'generation': 313}","{'id': 13829, 'rank': 15, 'fitness': 0.24935885509658862, 'generation': 313}","{'id': 13812, 'rank': 16, 'fitness': 0.21649381220126307, 'generation': 313}","{'id': 13818, 'rank': 17, 'fitness': 0.20631279230509686, 'generation': 313}","{'id': 13802, 'rank': 18, 'fitness': 0.12370565962657437, 'generation': 313}","{'id': 13824, 'rank': 19, 'fitness': 0.12043873316291598, 'generation': 313}","{'id': 13820, 'rank': 20, 'fitness': 0.11663436902001573, 'generation': 313}","{'id': 13816, 'rank': 21, 'fitness': 0.07315865238931513, 'generation': 313}","{'id': 13788, 'rank': 22, 'fitness': 0.07248268396499519, 'generation': 313}","{'id': 13822, 'rank': 23, 'fitness': 0.05831691946902312, 'generation': 313}","{'id': 13814, 'rank': 24, 'fitness': 0.03806803298850914, 'generation': 313}","{'id': 13819, 'rank': 25, 'fitness': 0.034944686121799684, 'generation': 313}","{'id': 13808, 'rank': 26, 'fitness': 0.030398760423732296, 'generation': 313}","{'id': 13791, 'rank': 27, 'fitness': 0.024682564567799048, 'generation': 313}","{'id': 13804, 'rank': 28, 'fitness': 0.023478946152812152, 'generation': 313}","{'id': 13806, 'rank': 29, 'fitness': 0.020953243617718054, 'generation': 313}","{'id': 13800, 'rank': 30, 'fitness': 0.01798620996209155, 'generation': 313}"
"{'id': 13883, 'rank': 1, 'fitness': 0.9820137900379085, 'generation': 314}","{'id': 13844, 'rank': 2, 'fitness': 0.9066894731231838, 'generation': 314}","{'id': 13877, 'rank': 3, 'fitness': 0.7802778291766459, 'generation': 314}","{'id': 13880, 'rank': 4, 'fitness': 0.6664340220426168, 'generation': 314}","{'id': 13879, 'rank': 5, 'fitness': 0.47450223495606597, 'generation': 314}","{'id': 13852, 'rank': 6, 'fitness': 0.3685444742512139, 'generation': 314}","{'id': 13860, 'rank': 7, 'fitness': 0.36280286740787426, 'generation': 314}","{'id': 13849, 'rank': 8, 'fitness': 0.3021519127037682, 'generation': 314}","{'id': 13851, 'rank': 9, 'fitness': 0.2865457831879249, 'generation': 314}","{'id': 13872, 'rank': 10, 'fitness': 0.26565223635090357, 'generation': 314}","{'id': 13836, 'rank': 11, 'fitness': 0.2365555584548673, 'generation': 314}","{'id': 13847, 'rank': 12, 'fitness': 0.14101106921461004, 'generation': 314}","{'id': 13884, 'rank': 13, 'fitness': 0.12024956903216227, 'generation': 314}","{'id': 13861, 'rank': 14, 'fitness': 0.11759690979129389, 'generation': 314}","{'id': 13843, 'rank': 15, 'fitness': 0.09847931421717193, 'generation': 314}","{'id': 13837, 'rank': 16, 'fitness': 0.09730068220403093, 'generation': 314}","{'id': 13878, 'rank': 17, 'fitness': 0.09683501950563228, 'generation': 314}","{'id': 13854, 'rank': 18, 'fitness': 0.09241902270809615, 'generation': 314}","{'id': 13881, 'rank': 19, 'fitness': 0.09135620986186604, 'generation': 314}","{'id': 13867, 'rank': 20, 'fitness': 0.06414310242280025, 'generation': 314}","{'id': 13856, 'rank': 21, 'fitness': 0.05161056749185222, 'generation': 314}","{'id': 13855, 'rank': 22, 'fitness': 0.04096011683331002, 'generation': 314}","{'id': 13835, 'rank': 23, 'fitness': 0.029406281284642344, 'generation': 314}","{'id': 13870, 'rank': 24, 'fitness': 0.029128727045016123, 'generation': 314}","{'id': 13845, 'rank': 25, 'fitness': 0.025836782364288047, 'generation': 314}","{'id': 13869, 'rank': 26, 'fitness': 0.023127425115267608, 'generation': 314}","{'id': 13841, 'rank': 27, 'fitness': 0.02210204868222615, 'generation': 314}","{'id': 13875, 'rank': 28, 'fitness': 0.01837993332808857, 'generation': 314}","{'id': 13831, 'rank': 29, 'fitness': 0.01837481435127647, 'generation': 314}","{'id': 13882, 'rank': 30, 'fitness': 0.01798620996209155, 'generation': 314}"
"{'id': 13906, 'rank': 1, 'fitness': 0.9820137900379085, 'generation': 315}","{'id': 13903, 'rank': 2, 'fitness': 0.9419812655388003, 'generation': 315}","{'id': 13910, 'rank': 3, 'fitness': 0.8678080274681156, 'generation': 315}","{'id': 13925, 'rank': 4, 'fitness': 0.7485399263401623, 'generation': 315}","{'id': 13922, 'rank': 5, 'fitness': 0.6583611435153732, 'generation': 315}","{'id': 13913, 'rank': 6, 'fitness': 0.5927572760856953, 'generation': 315}","{'id': 13916, 'rank': 7, 'fitness': 0.5499294040006898, 'generation': 315}","{'id': 13918, 'rank': 8, 'fitness': 0.536543982018663, 'generation': 315}","{'id': 13921, 'rank': 9, 'fitness': 0.4742103512108988, 'generation': 315}","{'id': 13924, 'rank': 10, 'fitness': 0.4720574746800721, 'generation': 315}","{'id': 13904, 'rank': 11, 'fitness': 0.44949050032513405, 'generation': 315}","{'id': 13923, 'rank': 12, 'fitness': 0.4331235149363906, 'generation': 315}","{'id': 13919, 'rank': 13, 'fitness': 0.36360557332665433, 'generation': 315}","{'id': 13886, 'rank': 14, 'fitness': 0.32484443450399625, 'generation': 315}","{'id': 13915, 'rank': 15, 'fitness': 0.254079788013287, 'generation': 315}","{'id': 13914, 'rank': 16, 'fitness': 0.20586739510597046, 'generation': 315}","{'id': 13888, 'rank': 17, 'fitness': 0.1995583893034047, 'generation': 315}","{'id': 13899, 'rank': 18, 'fitness': 0.17343202139630304, 'generation': 315}","{'id': 13920, 'rank': 19, 'fitness': 0.16360525373446344, 'generation': 315}","{'id': 13908, 'rank': 20, 'fitness': 0.14190702969420738, 'generation': 315}","{'id': 13926, 'rank': 21, 'fitness': 0.125592707706558, 'generation': 315}","{'id': 13917, 'rank': 22, 'fitness': 0.09547275077296918, 'generation': 315}","{'id': 13896, 'rank': 23, 'fitness': 0.0944751376944013, 'generation': 315}","{'id': 13907, 'rank': 24, 'fitness': 0.08697242220647827, 'generation': 315}","{'id': 13897, 'rank': 25, 'fitness': 0.04579300552593779, 'generation': 315}","{'id': 13892, 'rank': 26, 'fitness': 0.03871819967410156, 'generation': 315}","{'id': 13902, 'rank': 27, 'fitness': 0.025727369644039377, 'generation': 315}","{'id': 13887, 'rank': 28, 'fitness': 0.02069047639345617, 'generation': 315}","{'id': 13893, 'rank': 29, 'fitness': 0.02034313003312166, 'generation': 315}","{'id': 13909, 'rank': 30, 'fitness': 0.01798620996209155, 'generation': 315}"
"{'id': 13949, 'rank': 1, 'fitness': 0.9820137900379085, 'generation': 316}","{'id': 13954, 'rank': 2, 'fitness': 0.8776966410758397, 'generation': 316}","{'id': 13963, 'rank': 3, 'fitness': 0.8719157060446534, 'generation': 316}","{'id': 13961, 'rank': 4, 'fitness': 0.8533062532750857, 'generation': 316}","{'id': 13951, 'rank': 5, 'fitness': 0.8419341128160964, 'generation': 316}","{'id': 13962, 'rank': 6, 'fitness': 0.8195693034734952, 'generation': 316}","{'id': 13965, 'rank': 7, 'fitness': 0.6278664384316542, 'generation': 316}","{'id': 13946, 'rank': 8, 'fitness': 0.6125737716184632, 'generation': 316}","{'id': 13935, 'rank': 9, 'fitness': 0.5858955123296573, 'generation': 316}","{'id': 13947, 'rank': 10, 'fitness': 0.386484280177165, 'generation': 316}","{'id': 13936, 'rank': 11, 'fitness': 0.2354421242519672, 'generation': 316}","{'id': 13933, 'rank': 12, 'fitness': 0.21383640854804958, 'generation': 316}","{'id': 13948, 'rank': 13, 'fitness': 0.20298670570748756, 'generation': 316}","{'id': 13958, 'rank': 14, 'fitness': 0.18704008755837637, 'generation': 316}","{'id': 13953, 'rank': 15, 'fitness': 0.17173392734898496, 'generation': 316}","{'id': 13945, 'rank': 16, 'fitness': 0.12607386837026557, 'generation': 316}","{'id': 13967, 'rank': 17, 'fitness': 0.10948586057719756, 'generation': 316}","{'id': 13960, 'rank': 18, 'fitness': 0.09414901135266529, 'generation': 316}","{'id': 13964, 'rank': 19, 'fitness': 0.09324008021765401, 'generation': 316}","{'id': 13956, 'rank': 20, 'fitness': 0.09266104060804842, 'generation': 316}","{'id': 13959, 'rank': 21, 'fitness': 0.07488407174889367, 'generation': 316}","{'id': 13937, 'rank': 22, 'fitness': 0.07317588282206744, 'generation': 316}","{'id': 13952, 'rank': 23, 'fitness': 0.0612735034631825, 'generation': 316}","{'id': 13941, 'rank': 24, 'fitness': 0.05439318819892669, 'generation': 316}","{'id': 13942, 'rank': 25, 'fitness': 0.05211341495535715, 'generation': 316}","{'id': 13957, 'rank': 26, 'fitness': 0.045583490706897156, 'generation': 316}","{'id': 13944, 'rank': 27, 'fitness': 0.026849978868972335, 'generation': 316}","{'id': 13955, 'rank': 28, 'fitness': 0.024260747420851714, 'generation': 316}","{'id': 13940, 'rank': 29, 'fitness': 0.021306917462781017, 'generation': 316}","{'id': 13943, 'rank': 30, 'fitness': 0.01798620996209155, 'generation': 316}"
"{'id': 13991, 'rank': 1, 'fitness': 0.9820137900379085, 'generation': 317}","{'id': 14014, 'rank': 2, 'fitness': 0.969141885987776, 'generation': 317}","{'id': 13977, 'rank': 3, 'fitness': 0.8853945262908116, 'generation': 317}","{'id': 13975, 'rank': 4, 'fitness': 0.8232658004939304, 'generation': 317}","{'id': 14013, 'rank': 5, 'fitness': 0.8223465339777174, 'generation': 317}","{'id': 13998, 'rank': 6, 'fitness': 0.8107986789528323, 'generation': 317}","{'id': 14002, 'rank': 7, 'fitness': 0.7989568335869458, 'generation': 317}","{'id': 14012, 'rank': 8, 'fitness': 0.7750998945823269, 'generation': 317}","{'id': 14008, 'rank': 9, 'fitness': 0.761448561562294, 'generation': 317}","{'id': 14009, 'rank': 10, 'fitness': 0.7596736869548018, 'generation': 317}","{'id': 14000, 'rank': 11, 'fitness': 0.7197598860167062, 'generation': 317}","{'id': 13985, 'rank': 12, 'fitness': 0.5812778639789355, 'generation': 317}","{'id': 13984, 'rank': 13, 'fitness': 0.47935895868407197, 'generation': 317}","{'id': 14006, 'rank': 14, 'fitness': 0.4521516884761316, 'generation': 317}","{'id': 13999, 'rank': 15, 'fitness': 0.40039654841777805, 'generation': 317}","{'id': 13971, 'rank': 16, 'fitness': 0.3012526387499595, 'generation': 317}","{'id': 13989, 'rank': 17, 'fitness': 0.284527692511945, 'generation': 317}","{'id': 13995, 'rank': 18, 'fitness': 0.22687392550864494, 'generation': 317}","{'id': 13987, 'rank': 19, 'fitness': 0.19617601814252594, 'generation': 317}","{'id': 14003, 'rank': 20, 'fitness': 0.10755159984803564, 'generation': 317}","{'id': 13970, 'rank': 21, 'fitness': 0.07974100666893846, 'generation': 317}","{'id': 13972, 'rank': 22, 'fitness': 0.0635665072791039, 'generation': 317}","{'id': 13986, 'rank': 23, 'fitness': 0.06353844946612175, 'generation': 317}","{'id': 13983, 'rank': 24, 'fitness': 0.06255571937349691, 'generation': 317}","{'id': 13979, 'rank': 25, 'fitness': 0.05251845301149477, 'generation': 317}","{'id': 14004, 'rank': 26, 'fitness': 0.04537006200037136, 'generation': 317}","{'id': 13978, 'rank': 27, 'fitness': 0.04420445079602642, 'generation': 317}","{'id': 13993, 'rank': 28, 'fitness': 0.036503371001441076, 'generation': 317}","{'id': 13997, 'rank': 29, 'fitness': 0.031625389228297274, 'generation': 317}","{'id': 14001, 'rank': 30, 'fitness': 0.01798620996209155, 'generation': 317}"
"{'id': 14052, 'rank': 1, 'fitness': 0.9820137900379085, 'generation': 318}","{'id': 14062, 'rank': 2, 'fitness': 0.9650757921807209, 'generation': 318}","{'id': 14047, 'rank': 3, 'fitness': 0.9367873965707209, 'generation': 318}","{'id': 14041, 'rank': 4, 'fitness': 0.9341794187277692, 'generation': 318}","{'id': 14043, 'rank': 5, 'fitness': 0.8376129731551161, 'generation': 318}","{'id': 14048, 'rank': 6, 'fitness': 0.5696964207177484, 'generation': 318}","{'id': 14058, 'rank': 7, 'fitness': 0.550793439952997, 'generation': 318}","{'id': 14055, 'rank': 8, 'fitness': 0.3610081638424233, 'generation': 318}","{'id': 14020, 'rank': 9, 'fitness': 0.3066568741008442, 'generation': 318}","{'id': 14040, 'rank': 10, 'fitness': 0.2825962338779487, 'generation': 318}","{'id': 14034, 'rank': 11, 'fitness': 0.26902831259545923, 'generation': 318}","{'id': 14064, 'rank': 12, 'fitness': 0.22543017861742543, 'generation': 318}","{'id': 14057, 'rank': 13, 'fitness': 0.21851273694862605, 'generation': 318}","{'id': 14061, 'rank': 14, 'fitness': 0.179703087698167, 'generation': 318}","{'id': 14053, 'rank': 15, 'fitness': 0.15771164231254164, 'generation': 318}","{'id': 14027, 'rank': 16, 'fitness': 0.14802683993843674, 'generation': 318}","{'id': 14021, 'rank': 17, 'fitness': 0.10733172561349147, 'generation': 318}","{'id': 14045, 'rank': 18, 'fitness': 0.07532698671503568, 'generation': 318}","{'id': 14030, 'rank': 19, 'fitness': 0.06287171152546389, 'generation': 318}","{'id': 14056, 'rank': 20, 'fitness': 0.061080757807027986, 'generation': 318}","{'id': 14054, 'rank': 21, 'fitness': 0.04834544957664372, 'generation': 318}","{'id': 14051, 'rank': 22, 'fitness': 0.04801001822184342, 'generation': 318}","{'id': 14023, 'rank': 23, 'fitness': 0.042712716220376645, 'generation': 318}","{'id': 14063, 'rank': 24, 'fitness': 0.04160807184641263, 'generation': 318}","{'id': 14039, 'rank': 25, 'fitness': 0.03246646936852571, 'generation': 318}","{'id': 14028, 'rank': 26, 'fitness': 0.02803289152047811, 'generation': 318}","{'id': 14025, 'rank': 27, 'fitness': 0.027174726735701038, 'generation': 318}","{'id': 14024, 'rank': 28, 'fitness': 0.023535492513920564, 'generation': 318}","{'id': 14044, 'rank': 29, 'fitness': 0.018336509988302052, 'generation': 318}","{'id': 14035, 'rank': 30, 'fitness': 0.01798620996209155, 'generation': 318}"
"{'id': 14091, 'rank': 1, 'fitness': 0.9820137900379085, 'generation': 319}","{'id': 14095, 'rank': 2, 'fitness': 0.9516010868711458, 'generation': 319}","{'id': 14100, 'rank': 3, 'fitness': 0.904995261952356, 'generation': 319}","{'id': 14087, 'rank': 4, 'fitness': 0.877723368813243, 'generation': 319}","{'id': 14076, 'rank': 5, 'fitness': 0.8500838323963232, 'generation': 319}","{'id': 14097, 'rank': 6, 'fitness': 0.826479425100821, 'generation': 319}","{'id': 14088, 'rank': 7, 'fitness': 0.8243178658204724, 'generation': 319}","{'id': 14092, 'rank': 8, 'fitness': 0.8206094237821742, 'generation': 319}","{'id': 14093, 'rank': 9, 'fitness': 0.5524447653773457, 'generation': 319}","{'id': 14086, 'rank': 10, 'fitness': 0.4324939341007288, 'generation': 319}","{'id': 14090, 'rank': 11, 'fitness': 0.37685303398690856, 'generation': 319}","{'id': 14098, 'rank': 12, 'fitness': 0.3656260514899078, 'generation': 319}","{'id': 14079, 'rank': 13, 'fitness': 0.31994242873929674, 'generation': 319}","{'id': 14099, 'rank': 14, 'fitness': 0.30817598923146794, 'generation': 319}","{'id': 14067, 'rank': 15, 'fitness': 0.23363835099350433, 'generation': 319}","{'id': 14073, 'rank': 16, 'fitness': 0.2311302430820974, 'generation': 319}","{'id': 14075, 'rank': 17, 'fitness': 0.2282109512689776, 'generation': 319}","{'id': 14080, 'rank': 18, 'fitness': 0.18871536662987343, 'generation': 319}","{'id': 14070, 'rank': 19, 'fitness': 0.18825395786782984, 'generation': 319}","{'id': 14065, 'rank': 20, 'fitness': 0.13174834587728362, 'generation': 319}","{'id': 14094, 'rank': 21, 'fitness': 0.12330010581736123, 'generation': 319}","{'id': 14072, 'rank': 22, 'fitness': 0.0842760346848962, 'generation': 319}","{'id': 14096, 'rank': 23, 'fitness': 0.08021054327440724, 'generation': 319}","{'id': 14077, 'rank': 24, 'fitness': 0.08011427696470286, 'generation': 319}","{'id': 14068, 'rank': 25, 'fitness': 0.06368851815564397, 'generation': 319}","{'id': 14071, 'rank': 26, 'fitness': 0.06121047253127382, 'generation': 319}","{'id': 14081, 'rank': 27, 'fitness': 0.05367149600429438, 'generation': 319}","{'id': 14069, 'rank': 28, 'fitness': 0.02285298895447191, 'generation': 319}","{'id': 14083, 'rank': 29, 'fitness': 0.020624669658764805, 'generation': 319}","{'id': 14074, 'rank': 30, 'fitness': 0.01798620996209155, 'generation': 319}"
"{'id': 14132, 'rank': 1, 'fitness': 0.9820137900379085, 'generation': 320}","{'id': 14104, 'rank': 2, 'fitness': 0.8934778755413371, 'generation': 320}","{'id': 14143, 'rank': 3, 'fitness': 0.669494662264539, 'generation': 320}","{'id': 14136, 'rank': 4, 'fitness': 0.6660918473891466, 'generation': 320}","{'id': 14141, 'rank': 5, 'fitness': 0.4913964628280602, 'generation': 320}","{'id': 14124, 'rank': 6, 'fitness': 0.41578702282414054, 'generation': 320}","{'id': 14139, 'rank': 7, 'fitness': 0.40520644011804996, 'generation': 320}","{'id': 14133, 'rank': 8, 'fitness': 0.2904997431580283, 'generation': 320}","{'id': 14117, 'rank': 9, 'fitness': 0.25750029650150025, 'generation': 320}","{'id': 14121, 'rank': 10, 'fitness': 0.2472748387266272, 'generation': 320}","{'id': 14107, 'rank': 11, 'fitness': 0.21695479833744902, 'generation': 320}","{'id': 14142, 'rank': 12, 'fitness': 0.16867201635471069, 'generation': 320}","{'id': 14131, 'rank': 13, 'fitness': 0.1341822149668898, 'generation': 320}","{'id': 14126, 'rank': 14, 'fitness': 0.10956783861320935, 'generation': 320}","{'id': 14106, 'rank': 15, 'fitness': 0.10581679669586352, 'generation': 320}","{'id': 14137, 'rank': 16, 'fitness': 0.0691284634737887, 'generation': 320}","{'id': 14103, 'rank': 17, 'fitness': 0.06543038510538246, 'generation': 320}","{'id': 14122, 'rank': 18, 'fitness': 0.0604690924420741, 'generation': 320}","{'id': 14109, 'rank': 19, 'fitness': 0.055097210372319794, 'generation': 320}","{'id': 14102, 'rank': 20, 'fitness': 0.04952758012223635, 'generation': 320}","{'id': 14101, 'rank': 21, 'fitness': 0.04880032815075158, 'generation': 320}","{'id': 14135, 'rank': 22, 'fitness': 0.04378286274853793, 'generation': 320}","{'id': 14127, 'rank': 23, 'fitness': 0.04128826183044526, 'generation': 320}","{'id': 14113, 'rank': 24, 'fitness': 0.038459679148476034, 'generation': 320}","{'id': 14125, 'rank': 25, 'fitness': 0.0380387026138147, 'generation': 320}","{'id': 14120, 'rank': 26, 'fitness': 0.03548116617061131, 'generation': 320}","{'id': 14140, 'rank': 27, 'fitness': 0.03110801241397132, 'generation': 320}","{'id': 14129, 'rank': 28, 'fitness': 0.028229993623784755, 'generation': 320}","{'id': 14118, 'rank': 29, 'fitness': 0.018468270485406224, 'generation': 320}","{'id': 14119, 'rank': 30, 'fitness': 0.01798620996209155, 'generation': 320}"
"{'id': 14167, 'rank': 1, 'fitness': 0.9820137900379085, 'generation': 321}","{'id': 14152, 'rank': 2, 'fitness': 0.9559603907203924, 'generation': 321}","{'id': 14176, 'rank': 3, 'fitness': 0.867476777113825, 'generation': 321}","{'id': 14183, 'rank': 4, 'fitness': 0.7971586338151352, 'generation': 321}","{'id': 14182, 'rank': 5, 'fitness': 0.7676867610196791, 'generation': 321}","{'id': 14172, 'rank': 6, 'fitness': 0.7442911614197092, 'generation': 321}","{'id': 14144, 'rank': 7, 'fitness': 0.6286631937311449, 'generation': 321}","{'id': 14177, 'rank': 8, 'fitness': 0.5952487339500878, 'generation': 321}","{'id': 14160, 'rank': 9, 'fitness': 0.5535282695657486, 'generation': 321}","{'id': 14175, 'rank': 10, 'fitness': 0.44559599404059175, 'generation': 321}","{'id': 14169, 'rank': 11, 'fitness': 0.39324717360426953, 'generation': 321}","{'id': 14155, 'rank': 12, 'fitness': 0.3626977229247156, 'generation': 321}","{'id': 14173, 'rank': 13, 'fitness': 0.35424220162172404, 'generation': 321}","{'id': 14165, 'rank': 14, 'fitness': 0.3389399048767334, 'generation': 321}","{'id': 14168, 'rank': 15, 'fitness': 0.31643418101256504, 'generation': 321}","{'id': 14185, 'rank': 16, 'fitness': 0.17085027551157184, 'generation': 321}","{'id': 14171, 'rank': 17, 'fitness': 0.16943001064866114, 'generation': 321}","{'id': 14178, 'rank': 18, 'fitness': 0.12096612892507297, 'generation': 321}","{'id': 14180, 'rank': 19, 'fitness': 0.1022276450506705, 'generation': 321}","{'id': 14163, 'rank': 20, 'fitness': 0.09410420797112018, 'generation': 321}","{'id': 14181, 'rank': 21, 'fitness': 0.09374403784945096, 'generation': 321}","{'id': 14162, 'rank': 22, 'fitness': 0.09096599165773483, 'generation': 321}","{'id': 14184, 'rank': 23, 'fitness': 0.07628125795250357, 'generation': 321}","{'id': 14153, 'rank': 24, 'fitness': 0.06578753577226465, 'generation': 321}","{'id': 14154, 'rank': 25, 'fitness': 0.04715037011273149, 'generation': 321}","{'id': 14159, 'rank': 26, 'fitness': 0.04565733392933907, 'generation': 321}","{'id': 14161, 'rank': 27, 'fitness': 0.023352883376117684, 'generation': 321}","{'id': 14186, 'rank': 28, 'fitness': 0.023299776511984616, 'generation': 321}","{'id': 14145, 'rank': 29, 'fitness': 0.02208324370365289, 'generation': 321}","{'id': 14158, 'rank': 30, 'fitness': 0.01798620996209155, 'generation': 321}"
"{'id': 14232, 'rank': 1, 'fitness': 0.9820137900379085, 'generation': 322}","{'id': 14226, 'rank': 2, 'fitness': 0.979283806522634, 'generation': 322}","{'id': 14234, 'rank': 3, 'fitness': 0.9737238322070404, 'generation': 322}","{'id': 14219, 'rank': 4, 'fitness': 0.9693539563764055, 'generation': 322}","{'id': 14215, 'rank': 5, 'fitness': 0.9584783462767588, 'generation': 322}","{'id': 14222, 'rank': 6, 'fitness': 0.9252635162005115, 'generation': 322}","{'id': 14233, 'rank': 7, 'fitness': 0.9214377227466873, 'generation': 322}","{'id': 14217, 'rank': 8, 'fitness': 0.8311304666496806, 'generation': 322}","{'id': 14220, 'rank': 9, 'fitness': 0.7096192809803996, 'generation': 322}","{'id': 14227, 'rank': 10, 'fitness': 0.5518169471271244, 'generation': 322}","{'id': 14194, 'rank': 11, 'fitness': 0.5219752333328563, 'generation': 322}","{'id': 14197, 'rank': 12, 'fitness': 0.37862705995071333, 'generation': 322}","{'id': 14225, 'rank': 13, 'fitness': 0.35679153778358874, 'generation': 322}","{'id': 14229, 'rank': 14, 'fitness': 0.323322050431354, 'generation': 322}","{'id': 14223, 'rank': 15, 'fitness': 0.21785933225492377, 'generation': 322}","{'id': 14218, 'rank': 16, 'fitness': 0.2037983424257772, 'generation': 322}","{'id': 14193, 'rank': 17, 'fitness': 0.10689149669980291, 'generation': 322}","{'id': 14231, 'rank': 18, 'fitness': 0.10668403243393165, 'generation': 322}","{'id': 14230, 'rank': 19, 'fitness': 0.08177229573109185, 'generation': 322}","{'id': 14196, 'rank': 20, 'fitness': 0.0776495971508675, 'generation': 322}","{'id': 14208, 'rank': 21, 'fitness': 0.06436220756855737, 'generation': 322}","{'id': 14210, 'rank': 22, 'fitness': 0.050778788973220246, 'generation': 322}","{'id': 14228, 'rank': 23, 'fitness': 0.03617534145797524, 'generation': 322}","{'id': 14212, 'rank': 24, 'fitness': 0.035991295539272605, 'generation': 322}","{'id': 14201, 'rank': 25, 'fitness': 0.03361774161415543, 'generation': 322}","{'id': 14214, 'rank': 26, 'fitness': 0.02576458314760921, 'generation': 322}","{'id': 14204, 'rank': 27, 'fitness': 0.01949856078183082, 'generation': 322}","{'id': 14213, 'rank': 28, 'fitness': 0.01884525329830611, 'generation': 322}","{'id': 14206, 'rank': 29, 'fitness': 0.017990773859534626, 'generation': 322}","{'id': 14235, 'rank': 30, 'fitness': 0.01798620996209155, 'generation': 322}"
"{'id': 14279, 'rank': 1, 'fitness': 0.9820137900379085, 'generation': 323}","{'id': 14272, 'rank': 2, 'fitness': 0.9689608611172722, 'generation': 323}","{'id': 14278, 'rank': 3, 'fitness': 0.9418042749338151, 'generation': 323}","{'id': 14285, 'rank': 4, 'fitness': 0.8253116455123546, 'generation': 323}","{'id': 14239, 'rank': 5, 'fitness': 0.8222958137307959, 'generation': 323}","{'id': 14262, 'rank': 6, 'fitness': 0.7161381884021317, 'generation': 323}","{'id': 14269, 'rank': 7, 'fitness': 0.5078304164134984, 'generation': 323}","{'id': 14276, 'rank': 8, 'fitness': 0.41704635137801366, 'generation': 323}","{'id': 14255, 'rank': 9, 'fitness': 0.38373517202923624, 'generation': 323}","{'id': 14242, 'rank': 10, 'fitness': 0.36648370902439587, 'generation': 323}","{'id': 14274, 'rank': 11, 'fitness': 0.3557304219279977, 'generation': 323}","{'id': 14286, 'rank': 12, 'fitness': 0.24911288024013833, 'generation': 323}","{'id': 14266, 'rank': 13, 'fitness': 0.24909528369022038, 'generation': 323}","{'id': 14267, 'rank': 14, 'fitness': 0.17107680352789711, 'generation': 323}","{'id': 14260, 'rank': 15, 'fitness': 0.15005441425549593, 'generation': 323}","{'id': 14283, 'rank': 16, 'fitness': 0.10653827330516713, 'generation': 323}","{'id': 14249, 'rank': 17, 'fitness': 0.09819044210444794, 'generation': 323}","{'id': 14280, 'rank': 18, 'fitness': 0.0833779028119056, 'generation': 323}","{'id': 14281, 'rank': 19, 'fitness': 0.08201226869948541, 'generation': 323}","{'id': 14264, 'rank': 20, 'fitness': 0.07470308570197115, 'generation': 323}","{'id': 14244, 'rank': 21, 'fitness': 0.06518047085096029, 'generation': 323}","{'id': 14247, 'rank': 22, 'fitness': 0.0645735087497703, 'generation': 323}","{'id': 14263, 'rank': 23, 'fitness': 0.06060737465120719, 'generation': 323}","{'id': 14241, 'rank': 24, 'fitness': 0.044974073448990404, 'generation': 323}","{'id': 14287, 'rank': 25, 'fitness': 0.034781551097482044, 'generation': 323}","{'id': 14243, 'rank': 26, 'fitness': 0.0270416447394754, 'generation': 323}","{'id': 14251, 'rank': 27, 'fitness': 0.02559282714092853, 'generation': 323}","{'id': 14238, 'rank': 28, 'fitness': 0.025522414232631185, 'generation': 323}","{'id': 14258, 'rank': 29, 'fitness': 0.021794202318272338, 'generation': 323}","{'id': 14265, 'rank': 30, 'fitness': 0.01798620996209155, 'generation': 323}"
"{'id': 14301, 'rank': 1, 'fitness': 0.9820137900379085, 'generation': 324}","{'id': 14327, 'rank': 2, 'fitness': 0.8018181926102284, 'generation': 324}","{'id': 14325, 'rank': 3, 'fitness': 0.6710527529204908, 'generation': 324}","{'id': 14313, 'rank': 4, 'fitness': 0.643560703470736, 'generation': 324}","{'id': 14324, 'rank': 5, 'fitness': 0.5881219281634352, 'generation': 324}","{'id': 14332, 'rank': 6, 'fitness': 0.5130223345693017, 'generation': 324}","{'id': 14319, 'rank': 7, 'fitness': 0.36399644426846384, 'generation': 324}","{'id': 14318, 'rank': 8, 'fitness': 0.32358114398947835, 'generation': 324}","{'id': 14329, 'rank': 9, 'fitness': 0.2945814708139065, 'generation': 324}","{'id': 14303, 'rank': 10, 'fitness': 0.26245663638967637, 'generation': 324}","{'id': 14333, 'rank': 11, 'fitness': 0.2107046599623279, 'generation': 324}","{'id': 14310, 'rank': 12, 'fitness': 0.20681763234852635, 'generation': 324}","{'id': 14328, 'rank': 13, 'fitness': 0.18804632193439375, 'generation': 324}","{'id': 14314, 'rank': 14, 'fitness': 0.17302302537163472, 'generation': 324}","{'id': 14292, 'rank': 15, 'fitness': 0.09892227672572906, 'generation': 324}","{'id': 14308, 'rank': 16, 'fitness': 0.09573165033225928, 'generation': 324}","{'id': 14326, 'rank': 17, 'fitness': 0.08021934765819178, 'generation': 324}","{'id': 14320, 'rank': 18, 'fitness': 0.0756747323544209, 'generation': 324}","{'id': 14307, 'rank': 19, 'fitness': 0.06134074999518552, 'generation': 324}","{'id': 14306, 'rank': 20, 'fitness': 0.05894595337488551, 'generation': 324}","{'id': 14330, 'rank': 21, 'fitness': 0.05589168620021029, 'generation': 324}","{'id': 14321, 'rank': 22, 'fitness': 0.04663868727768944, 'generation': 324}","{'id': 14312, 'rank': 23, 'fitness': 0.04367952652378332, 'generation': 324}","{'id': 14317, 'rank': 24, 'fitness': 0.043180558978749395, 'generation': 324}","{'id': 14302, 'rank': 25, 'fitness': 0.034186047237544925, 'generation': 324}","{'id': 14294, 'rank': 26, 'fitness': 0.026529567152910882, 'generation': 324}","{'id': 14331, 'rank': 27, 'fitness': 0.024316506596986254, 'generation': 324}","{'id': 14316, 'rank': 28, 'fitness': 0.021296392151165577, 'generation': 324}","{'id': 14291, 'rank': 29, 'fitness': 0.0203256481313851, 'generation': 324}","{'id': 14300, 'rank': 30, 'fitness': 0.01798620996209155, 'generation': 324}"
"{'id': 14355, 'rank': 1, 'fitness': 0.9820137900379085, 'generation': 325}","{'id': 14356, 'rank': 2, 'fitness': 0.95794719129861, 'generation': 325}","{'id': 14367, 'rank': 3, 'fitness': 0.8710340179087818, 'generation': 325}","{'id': 14361, 'rank': 4, 'fitness': 0.805150546521277, 'generation': 325}","{'id': 14365, 'rank': 5, 'fitness': 0.7258051287208749, 'generation': 325}","{'id': 14360, 'rank': 6, 'fitness': 0.6995733512289823, 'generation': 325}","{'id': 14369, 'rank': 7, 'fitness': 0.5294029162726666, 'generation': 325}","{'id': 14363, 'rank': 8, 'fitness': 0.38495278317107023, 'generation': 325}","{'id': 14364, 'rank': 9, 'fitness': 0.2972935167552343, 'generation': 325}","{'id': 14334, 'rank': 10, 'fitness': 0.27152002369875283, 'generation': 325}","{'id': 14343, 'rank': 11, 'fitness': 0.2580716837935304, 'generation': 325}","{'id': 14357, 'rank': 12, 'fitness': 0.23370142594562726, 'generation': 325}","{'id': 14352, 'rank': 13, 'fitness': 0.20803427746846587, 'generation': 325}","{'id': 14353, 'rank': 14, 'fitness': 0.1269443420522458, 'generation': 325}","{'id': 14346, 'rank': 15, 'fitness': 0.09034759255515512, 'generation': 325}","{'id': 14358, 'rank': 16, 'fitness': 0.08981253506321157, 'generation': 325}","{'id': 14335, 'rank': 17, 'fitness': 0.08857695274707783, 'generation': 325}","{'id': 14344, 'rank': 18, 'fitness': 0.07463806019357089, 'generation': 325}","{'id': 14351, 'rank': 19, 'fitness': 0.07356442684078979, 'generation': 325}","{'id': 14349, 'rank': 20, 'fitness': 0.07015008944385559, 'generation': 325}","{'id': 14359, 'rank': 21, 'fitness': 0.06348221235486246, 'generation': 325}","{'id': 14354, 'rank': 22, 'fitness': 0.055433776071748486, 'generation': 325}","{'id': 14371, 'rank': 23, 'fitness': 0.04551385789386975, 'generation': 325}","{'id': 14370, 'rank': 24, 'fitness': 0.044679521562029534, 'generation': 325}","{'id': 14366, 'rank': 25, 'fitness': 0.04369597110146606, 'generation': 325}","{'id': 14362, 'rank': 26, 'fitness': 0.03772516349519589, 'generation': 325}","{'id': 14340, 'rank': 27, 'fitness': 0.034958986849284446, 'generation': 325}","{'id': 14348, 'rank': 28, 'fitness': 0.02411304710508838, 'generation': 325}","{'id': 14368, 'rank': 29, 'fitness': 0.021610809783741913, 'generation': 325}","{'id': 14347, 'rank': 30, 'fitness': 0.01798620996209155, 'generation': 325}"
"{'id': 14411, 'rank': 1, 'fitness': 0.9820137900379085, 'generation': 326}","{'id': 14407, 'rank': 2, 'fitness': 0.9558778980236893, 'generation': 326}","{'id': 14408, 'rank': 3, 'fitness': 0.9346051223509252, 'generation': 326}","{'id': 14391, 'rank': 4, 'fitness': 0.8388774155759366, 'generation': 326}","{'id': 14404, 'rank': 5, 'fitness': 0.7096497350371662, 'generation': 326}","{'id': 14399, 'rank': 6, 'fitness': 0.6922799545908921, 'generation': 326}","{'id': 14397, 'rank': 7, 'fitness': 0.6670054703187815, 'generation': 326}","{'id': 14405, 'rank': 8, 'fitness': 0.6312414530239296, 'generation': 326}","{'id': 14410, 'rank': 9, 'fitness': 0.36645551155967093, 'generation': 326}","{'id': 14387, 'rank': 10, 'fitness': 0.3251480368549663, 'generation': 326}","{'id': 14390, 'rank': 11, 'fitness': 0.28009057210063937, 'generation': 326}","{'id': 14393, 'rank': 12, 'fitness': 0.2656220448575589, 'generation': 326}","{'id': 14383, 'rank': 13, 'fitness': 0.224940945362901, 'generation': 326}","{'id': 14398, 'rank': 14, 'fitness': 0.21467382475906355, 'generation': 326}","{'id': 14400, 'rank': 15, 'fitness': 0.14315825109276664, 'generation': 326}","{'id': 14378, 'rank': 16, 'fitness': 0.09235416766481575, 'generation': 326}","{'id': 14413, 'rank': 17, 'fitness': 0.07508946714358622, 'generation': 326}","{'id': 14384, 'rank': 18, 'fitness': 0.0573246923212008, 'generation': 326}","{'id': 14375, 'rank': 19, 'fitness': 0.054964133732137155, 'generation': 326}","{'id': 14386, 'rank': 20, 'fitness': 0.05477881316000749, 'generation': 326}","{'id': 14377, 'rank': 21, 'fitness': 0.048858858953161055, 'generation': 326}","{'id': 14396, 'rank': 22, 'fitness': 0.0472393152039714, 'generation': 326}","{'id': 14380, 'rank': 23, 'fitness': 0.04028164678948998, 'generation': 326}","{'id': 14403, 'rank': 24, 'fitness': 0.0377331947144553, 'generation': 326}","{'id': 14406, 'rank': 25, 'fitness': 0.03068323079076274, 'generation': 326}","{'id': 14409, 'rank': 26, 'fitness': 0.029794217386531596, 'generation': 326}","{'id': 14402, 'rank': 27, 'fitness': 0.018852801794125407, 'generation': 326}","{'id': 14374, 'rank': 28, 'fitness': 0.01835290912094012, 'generation': 326}","{'id': 14379, 'rank': 29, 'fitness': 0.018347587497801465, 'generation': 326}","{'id': 14385, 'rank': 30, 'fitness': 0.01798620996209155, 'generation': 326}"
"{'id': 14448, 'rank': 1, 'fitness': 0.9820137900379085, 'generation': 327}","{'id': 14447, 'rank': 2, 'fitness': 0.9540630214641315, 'generation': 327}","{'id': 14446, 'rank': 3, 'fitness': 0.9294745705751162, 'generation': 327}","{'id': 14452, 'rank': 4, 'fitness': 0.8184865227930986, 'generation': 327}","{'id': 14438, 'rank': 5, 'fitness': 0.5959058594388412, 'generation': 327}","{'id': 14449, 'rank': 6, 'fitness': 0.5911326086938147, 'generation': 327}","{'id': 14442, 'rank': 7, 'fitness': 0.46244763205404005, 'generation': 327}","{'id': 14455, 'rank': 8, 'fitness': 0.4015826838052278, 'generation': 327}","{'id': 14439, 'rank': 9, 'fitness': 0.3085746298765, 'generation': 327}","{'id': 14441, 'rank': 10, 'fitness': 0.28026068442245045, 'generation': 327}","{'id': 14450, 'rank': 11, 'fitness': 0.2731126309213635, 'generation': 327}","{'id': 14453, 'rank': 12, 'fitness': 0.24576096708122913, 'generation': 327}","{'id': 14437, 'rank': 13, 'fitness': 0.229995027120933, 'generation': 327}","{'id': 14433, 'rank': 14, 'fitness': 0.17213642044834515, 'generation': 327}","{'id': 14445, 'rank': 15, 'fitness': 0.164563969410237, 'generation': 327}","{'id': 14454, 'rank': 16, 'fitness': 0.13089777863880364, 'generation': 327}","{'id': 14422, 'rank': 17, 'fitness': 0.058085852373764235, 'generation': 327}","{'id': 14427, 'rank': 18, 'fitness': 0.05515739488280752, 'generation': 327}","{'id': 14421, 'rank': 19, 'fitness': 0.04230025437829765, 'generation': 327}","{'id': 14444, 'rank': 20, 'fitness': 0.03436706673498191, 'generation': 327}","{'id': 14418, 'rank': 21, 'fitness': 0.0333983916280291, 'generation': 327}","{'id': 14434, 'rank': 22, 'fitness': 0.031675280532802996, 'generation': 327}","{'id': 14443, 'rank': 23, 'fitness': 0.03112701748804203, 'generation': 327}","{'id': 14419, 'rank': 24, 'fitness': 0.028538761048115757, 'generation': 327}","{'id': 14428, 'rank': 25, 'fitness': 0.022511813872569453, 'generation': 327}","{'id': 14440, 'rank': 26, 'fitness': 0.020283249734903863, 'generation': 327}","{'id': 14420, 'rank': 27, 'fitness': 0.020006570621774467, 'generation': 327}","{'id': 14429, 'rank': 28, 'fitness': 0.019798293847616055, 'generation': 327}","{'id': 14436, 'rank': 29, 'fitness': 0.01845594384461874, 'generation': 327}","{'id': 14417, 'rank': 30, 'fitness': 0.01798620996209155, 'generation': 327}"
"{'id': 14488, 'rank': 1, 'fitness': 0.9820137900379085, 'generation': 328}","{'id': 14496, 'rank': 2, 'fitness': 0.94204108066002, 'generation': 328}","{'id': 14495, 'rank': 3, 'fitness': 0.9049962427674767, 'generation': 328}","{'id': 14487, 'rank': 4, 'fitness': 0.8431642744659561, 'generation': 328}","{'id': 14486, 'rank': 5, 'fitness': 0.7461672137110654, 'generation': 328}","{'id': 14482, 'rank': 6, 'fitness': 0.6503469797286774, 'generation': 328}","{'id': 14492, 'rank': 7, 'fitness': 0.6422015668460869, 'generation': 328}","{'id': 14485, 'rank': 8, 'fitness': 0.6334369853343769, 'generation': 328}","{'id': 14497, 'rank': 9, 'fitness': 0.41509260328859765, 'generation': 328}","{'id': 14476, 'rank': 10, 'fitness': 0.3698899426682507, 'generation': 328}","{'id': 14478, 'rank': 11, 'fitness': 0.28511885560762795, 'generation': 328}","{'id': 14470, 'rank': 12, 'fitness': 0.23930103480677145, 'generation': 328}","{'id': 14462, 'rank': 13, 'fitness': 0.16877118656087658, 'generation': 328}","{'id': 14489, 'rank': 14, 'fitness': 0.1577784754782322, 'generation': 328}","{'id': 14466, 'rank': 15, 'fitness': 0.1456014521114511, 'generation': 328}","{'id': 14473, 'rank': 16, 'fitness': 0.12516276168668095, 'generation': 328}","{'id': 14468, 'rank': 17, 'fitness': 0.12080407326596843, 'generation': 328}","{'id': 14484, 'rank': 18, 'fitness': 0.10844091137667455, 'generation': 328}","{'id': 14483, 'rank': 19, 'fitness': 0.10488774787798827, 'generation': 328}","{'id': 14474, 'rank': 20, 'fitness': 0.054872943436022115, 'generation': 328}","{'id': 14459, 'rank': 21, 'fitness': 0.04939695112206227, 'generation': 328}","{'id': 14467, 'rank': 22, 'fitness': 0.046728221230373346, 'generation': 328}","{'id': 14457, 'rank': 23, 'fitness': 0.04551262183850696, 'generation': 328}","{'id': 14475, 'rank': 24, 'fitness': 0.0417259377399164, 'generation': 328}","{'id': 14493, 'rank': 25, 'fitness': 0.03952507279531975, 'generation': 328}","{'id': 14479, 'rank': 26, 'fitness': 0.032858054839580264, 'generation': 328}","{'id': 14456, 'rank': 27, 'fitness': 0.03127579583447326, 'generation': 328}","{'id': 14463, 'rank': 28, 'fitness': 0.02496088746411068, 'generation': 328}","{'id': 14471, 'rank': 29, 'fitness': 0.021341418000190238, 'generation': 328}","{'id': 14472, 'rank': 30, 'fitness': 0.01798620996209155, 'generation': 328}"
"{'id': 14527, 'rank': 1, 'fitness': 0.9820137900379085, 'generation': 329}","{'id': 14528, 'rank': 2, 'fitness': 0.9400132423769331, 'generation': 329}","{'id': 14529, 'rank': 3, 'fitness': 0.7339314577335797, 'generation': 329}","{'id': 14517, 'rank': 4, 'fitness': 0.7138245457116627, 'generation': 329}","{'id': 14524, 'rank': 5, 'fitness': 0.6700923873801949, 'generation': 329}","{'id': 14526, 'rank': 6, 'fitness': 0.6438070542286113, 'generation': 329}","{'id': 14507, 'rank': 7, 'fitness': 0.621210115504197, 'generation': 329}","{'id': 14514, 'rank': 8, 'fitness': 0.5664352979885832, 'generation': 329}","{'id': 14522, 'rank': 9, 'fitness': 0.4884423102114046, 'generation': 329}","{'id': 14523, 'rank': 10, 'fitness': 0.48227774832179005, 'generation': 329}","{'id': 14521, 'rank': 11, 'fitness': 0.4744646180495792, 'generation': 329}","{'id': 14504, 'rank': 12, 'fitness': 0.42777922556738046, 'generation': 329}","{'id': 14533, 'rank': 13, 'fitness': 0.30464939953007464, 'generation': 329}","{'id': 14518, 'rank': 14, 'fitness': 0.24858928742810632, 'generation': 329}","{'id': 14505, 'rank': 15, 'fitness': 0.18227912673079305, 'generation': 329}","{'id': 14531, 'rank': 16, 'fitness': 0.1798426899549299, 'generation': 329}","{'id': 14512, 'rank': 17, 'fitness': 0.17788348885408034, 'generation': 329}","{'id': 14519, 'rank': 18, 'fitness': 0.11831444053981233, 'generation': 329}","{'id': 14515, 'rank': 19, 'fitness': 0.09142595847618029, 'generation': 329}","{'id': 14534, 'rank': 20, 'fitness': 0.08782738943590229, 'generation': 329}","{'id': 14532, 'rank': 21, 'fitness': 0.07936667859795665, 'generation': 329}","{'id': 14510, 'rank': 22, 'fitness': 0.07197645406103853, 'generation': 329}","{'id': 14513, 'rank': 23, 'fitness': 0.06556005290486516, 'generation': 329}","{'id': 14502, 'rank': 24, 'fitness': 0.04919119319095816, 'generation': 329}","{'id': 14520, 'rank': 25, 'fitness': 0.048580697449650434, 'generation': 329}","{'id': 14509, 'rank': 26, 'fitness': 0.046653810145295405, 'generation': 329}","{'id': 14516, 'rank': 27, 'fitness': 0.035900398472435924, 'generation': 329}","{'id': 14530, 'rank': 28, 'fitness': 0.034907627174796174, 'generation': 329}","{'id': 14503, 'rank': 29, 'fitness': 0.0304469448443202, 'generation': 329}","{'id': 14508, 'rank': 30, 'fitness': 0.01798620996209155, 'generation': 329}"
"{'id': 14563, 'rank': 1, 'fitness': 0.9820137900379085, 'generation': 330}","{'id': 14577, 'rank': 2, 'fitness': 0.9819882653936616, 'generation': 330}","{'id': 14567, 'rank': 3, 'fitness': 0.980975222557716, 'generation': 330}","{'id': 14550, 'rank': 4, 'fitness': 0.9747721855929669, 'generation': 330}","{'id': 14541, 'rank': 5, 'fitness': 0.923687122604318, 'generation': 330}","{'id': 14571, 'rank': 6, 'fitness': 0.9135185459353092, 'generation': 330}","{'id': 14535, 'rank': 7, 'fitness': 0.8869128425722789, 'generation': 330}","{'id': 14568, 'rank': 8, 'fitness': 0.7756115331320492, 'generation': 330}","{'id': 14579, 'rank': 9, 'fitness': 0.7289948840969527, 'generation': 330}","{'id': 14561, 'rank': 10, 'fitness': 0.5792693657533252, 'generation': 330}","{'id': 14573, 'rank': 11, 'fitness': 0.5579035470784084, 'generation': 330}","{'id': 14540, 'rank': 12, 'fitness': 0.4676507432906601, 'generation': 330}","{'id': 14572, 'rank': 13, 'fitness': 0.4657505715132867, 'generation': 330}","{'id': 14551, 'rank': 14, 'fitness': 0.4460887097853743, 'generation': 330}","{'id': 14539, 'rank': 15, 'fitness': 0.2768376657670067, 'generation': 330}","{'id': 14575, 'rank': 16, 'fitness': 0.17390505929259842, 'generation': 330}","{'id': 14545, 'rank': 17, 'fitness': 0.11696972246820325, 'generation': 330}","{'id': 14557, 'rank': 18, 'fitness': 0.09949278626940034, 'generation': 330}","{'id': 14576, 'rank': 19, 'fitness': 0.09887834070208645, 'generation': 330}","{'id': 14564, 'rank': 20, 'fitness': 0.0683361177063384, 'generation': 330}","{'id': 14565, 'rank': 21, 'fitness': 0.05805372645566875, 'generation': 330}","{'id': 14543, 'rank': 22, 'fitness': 0.03706539428331029, 'generation': 330}","{'id': 14569, 'rank': 23, 'fitness': 0.03090510614129649, 'generation': 330}","{'id': 14570, 'rank': 24, 'fitness': 0.03028382482506975, 'generation': 330}","{'id': 14537, 'rank': 25, 'fitness': 0.027705642856921675, 'generation': 330}","{'id': 14566, 'rank': 26, 'fitness': 0.027369775315797762, 'generation': 330}","{'id': 14553, 'rank': 27, 'fitness': 0.026451900050982968, 'generation': 330}","{'id': 14554, 'rank': 28, 'fitness': 0.024735942453298687, 'generation': 330}","{'id': 14578, 'rank': 29, 'fitness': 0.022243628124826165, 'generation': 330}","{'id': 14555, 'rank': 30, 'fitness': 0.01798620996209155, 'generation': 330}"
"{'id': 14622, 'rank': 1, 'fitness': 0.9820137900379085, 'generation': 331}","{'id': 14616, 'rank': 2, 'fitness': 0.9269921007421976, 'generation': 331}","{'id': 14618, 'rank': 3, 'fitness': 0.8975827155388132, 'generation': 331}","{'id': 14597, 'rank': 4, 'fitness': 0.7091695164055091, 'generation': 331}","{'id': 14613, 'rank': 5, 'fitness': 0.556365388372948, 'generation': 331}","{'id': 14625, 'rank': 6, 'fitness': 0.4868488117728752, 'generation': 331}","{'id': 14615, 'rank': 7, 'fitness': 0.4488764968968866, 'generation': 331}","{'id': 14624, 'rank': 8, 'fitness': 0.4250046037089849, 'generation': 331}","{'id': 14623, 'rank': 9, 'fitness': 0.29551682674341706, 'generation': 331}","{'id': 14620, 'rank': 10, 'fitness': 0.28412726031761176, 'generation': 331}","{'id': 14598, 'rank': 11, 'fitness': 0.268535118918763, 'generation': 331}","{'id': 14592, 'rank': 12, 'fitness': 0.24664635388529121, 'generation': 331}","{'id': 14585, 'rank': 13, 'fitness': 0.2113585660447337, 'generation': 331}","{'id': 14614, 'rank': 14, 'fitness': 0.20417419463316522, 'generation': 331}","{'id': 14621, 'rank': 15, 'fitness': 0.18422485909064135, 'generation': 331}","{'id': 14606, 'rank': 16, 'fitness': 0.14651728006423298, 'generation': 331}","{'id': 14607, 'rank': 17, 'fitness': 0.14455058113752994, 'generation': 331}","{'id': 14619, 'rank': 18, 'fitness': 0.1204333651865025, 'generation': 331}","{'id': 14601, 'rank': 19, 'fitness': 0.11810712069702334, 'generation': 331}","{'id': 14610, 'rank': 20, 'fitness': 0.1016669797293751, 'generation': 331}","{'id': 14583, 'rank': 21, 'fitness': 0.07482178275435636, 'generation': 331}","{'id': 14603, 'rank': 22, 'fitness': 0.055450762301964884, 'generation': 331}","{'id': 14602, 'rank': 23, 'fitness': 0.04695104609076539, 'generation': 331}","{'id': 14595, 'rank': 24, 'fitness': 0.046226348828513286, 'generation': 331}","{'id': 14627, 'rank': 25, 'fitness': 0.04218771152394585, 'generation': 331}","{'id': 14584, 'rank': 26, 'fitness': 0.029812417029026872, 'generation': 331}","{'id': 14609, 'rank': 27, 'fitness': 0.026975682589306937, 'generation': 331}","{'id': 14612, 'rank': 28, 'fitness': 0.024087234279940972, 'generation': 331}","{'id': 14582, 'rank': 29, 'fitness': 0.01847080378077448, 'generation': 331}","{'id': 14599, 'rank': 30, 'fitness': 0.01798620996209155, 'generation': 331}"
"{'id': 14665, 'rank': 1, 'fitness': 0.9820137900379085, 'generation': 332}","{'id': 14656, 'rank': 2, 'fitness': 0.8186197197625531, 'generation': 332}","{'id': 14666, 'rank': 3, 'fitness': 0.6222639144757236, 'generation': 332}","{'id': 14663, 'rank': 4, 'fitness': 0.5027645773227314, 'generation': 332}","{'id': 14662, 'rank': 5, 'fitness': 0.48434980052734683, 'generation': 332}","{'id': 14652, 'rank': 6, 'fitness': 0.4841694437099741, 'generation': 332}","{'id': 14642, 'rank': 7, 'fitness': 0.38599808471714303, 'generation': 332}","{'id': 14632, 'rank': 8, 'fitness': 0.29330297797262794, 'generation': 332}","{'id': 14643, 'rank': 9, 'fitness': 0.2678296278833717, 'generation': 332}","{'id': 14649, 'rank': 10, 'fitness': 0.24541393092330016, 'generation': 332}","{'id': 14655, 'rank': 11, 'fitness': 0.18425338076270104, 'generation': 332}","{'id': 14651, 'rank': 12, 'fitness': 0.17963265036295806, 'generation': 332}","{'id': 14645, 'rank': 13, 'fitness': 0.15369931145143073, 'generation': 332}","{'id': 14667, 'rank': 14, 'fitness': 0.1302277545542866, 'generation': 332}","{'id': 14650, 'rank': 15, 'fitness': 0.09776279881145694, 'generation': 332}","{'id': 14658, 'rank': 16, 'fitness': 0.08414489675867387, 'generation': 332}","{'id': 14660, 'rank': 17, 'fitness': 0.06021308199264308, 'generation': 332}","{'id': 14634, 'rank': 18, 'fitness': 0.05786186114257441, 'generation': 332}","{'id': 14657, 'rank': 19, 'fitness': 0.05683137192192966, 'generation': 332}","{'id': 14629, 'rank': 20, 'fitness': 0.05347229204025611, 'generation': 332}","{'id': 14633, 'rank': 21, 'fitness': 0.050745823649644195, 'generation': 332}","{'id': 14641, 'rank': 22, 'fitness': 0.049406870160740135, 'generation': 332}","{'id': 14659, 'rank': 23, 'fitness': 0.04806843471813471, 'generation': 332}","{'id': 14664, 'rank': 24, 'fitness': 0.044281842979931485, 'generation': 332}","{'id': 14647, 'rank': 25, 'fitness': 0.03830363661283953, 'generation': 332}","{'id': 14644, 'rank': 26, 'fitness': 0.03764186651215323, 'generation': 332}","{'id': 14669, 'rank': 27, 'fitness': 0.03167343718384302, 'generation': 332}","{'id': 14648, 'rank': 28, 'fitness': 0.03033147937768782, 'generation': 332}","{'id': 14640, 'rank': 29, 'fitness': 0.01967555687599104, 'generation': 332}","{'id': 14661, 'rank': 30, 'fitness': 0.01798620996209155, 'generation': 332}"
"{'id': 14699, 'rank': 1, 'fitness': 0.9820137900379085, 'generation': 333}","{'id': 14704, 'rank': 2, 'fitness': 0.972586673212524, 'generation': 333}","{'id': 14683, 'rank': 3, 'fitness': 0.9613463756497427, 'generation': 333}","{'id': 14676, 'rank': 4, 'fitness': 0.9048281051509621, 'generation': 333}","{'id': 14700, 'rank': 5, 'fitness': 0.8940648079140401, 'generation': 333}","{'id': 14690, 'rank': 6, 'fitness': 0.8817441193396338, 'generation': 333}","{'id': 14677, 'rank': 7, 'fitness': 0.8635795297564246, 'generation': 333}","{'id': 14696, 'rank': 8, 'fitness': 0.6285231259476662, 'generation': 333}","{'id': 14691, 'rank': 9, 'fitness': 0.5573391189404164, 'generation': 333}","{'id': 14681, 'rank': 10, 'fitness': 0.305538393958364, 'generation': 333}","{'id': 14694, 'rank': 11, 'fitness': 0.2783272794495879, 'generation': 333}","{'id': 14703, 'rank': 12, 'fitness': 0.270447739361929, 'generation': 333}","{'id': 14698, 'rank': 13, 'fitness': 0.196736603979696, 'generation': 333}","{'id': 14707, 'rank': 14, 'fitness': 0.19116599120267058, 'generation': 333}","{'id': 14701, 'rank': 15, 'fitness': 0.17942350941772683, 'generation': 333}","{'id': 14686, 'rank': 16, 'fitness': 0.13640374582201897, 'generation': 333}","{'id': 14684, 'rank': 17, 'fitness': 0.11977687441015006, 'generation': 333}","{'id': 14682, 'rank': 18, 'fitness': 0.11558655034866983, 'generation': 333}","{'id': 14697, 'rank': 19, 'fitness': 0.11450063739229688, 'generation': 333}","{'id': 14675, 'rank': 20, 'fitness': 0.1052626430954226, 'generation': 333}","{'id': 14692, 'rank': 21, 'fitness': 0.09507246830700622, 'generation': 333}","{'id': 14689, 'rank': 22, 'fitness': 0.0935972327077616, 'generation': 333}","{'id': 14678, 'rank': 23, 'fitness': 0.0859594516602184, 'generation': 333}","{'id': 14672, 'rank': 24, 'fitness': 0.08331172405878151, 'generation': 333}","{'id': 14688, 'rank': 25, 'fitness': 0.06463582241830179, 'generation': 333}","{'id': 14680, 'rank': 26, 'fitness': 0.05595625486010952, 'generation': 333}","{'id': 14702, 'rank': 27, 'fitness': 0.05037381546566816, 'generation': 333}","{'id': 14705, 'rank': 28, 'fitness': 0.046567156113103414, 'generation': 333}","{'id': 14693, 'rank': 29, 'fitness': 0.023966153962825254, 'generation': 333}","{'id': 14674, 'rank': 30, 'fitness': 0.01798620996209155, 'generation': 333}"
"{'id': 14745, 'rank': 1, 'fitness': 0.9820137900379085, 'generation': 334}","{'id': 14743, 'rank': 2, 'fitness': 0.9502100435635288, 'generation': 334}","{'id': 14733, 'rank': 3, 'fitness': 0.9480802863303641, 'generation': 334}","{'id': 14718, 'rank': 4, 'fitness': 0.9405846727768108, 'generation': 334}","{'id': 14715, 'rank': 5, 'fitness': 0.9391600495931778, 'generation': 334}","{'id': 14748, 'rank': 6, 'fitness': 0.9345687207129785, 'generation': 334}","{'id': 14726, 'rank': 7, 'fitness': 0.9067981173034573, 'generation': 334}","{'id': 14741, 'rank': 8, 'fitness': 0.7333318263604909, 'generation': 334}","{'id': 14755, 'rank': 9, 'fitness': 0.7027829943015695, 'generation': 334}","{'id': 14742, 'rank': 10, 'fitness': 0.6915107232375314, 'generation': 334}","{'id': 14737, 'rank': 11, 'fitness': 0.5636843575131748, 'generation': 334}","{'id': 14711, 'rank': 12, 'fitness': 0.546060817515461, 'generation': 334}","{'id': 14739, 'rank': 13, 'fitness': 0.4405508860951594, 'generation': 334}","{'id': 14716, 'rank': 14, 'fitness': 0.3551359099812547, 'generation': 334}","{'id': 14708, 'rank': 15, 'fitness': 0.30612274925488114, 'generation': 334}","{'id': 14740, 'rank': 16, 'fitness': 0.25368098113259596, 'generation': 334}","{'id': 14751, 'rank': 17, 'fitness': 0.21631031898586717, 'generation': 334}","{'id': 14747, 'rank': 18, 'fitness': 0.20431520408002457, 'generation': 334}","{'id': 14736, 'rank': 19, 'fitness': 0.19617768957435622, 'generation': 334}","{'id': 14746, 'rank': 20, 'fitness': 0.18994294121587718, 'generation': 334}","{'id': 14730, 'rank': 21, 'fitness': 0.10400254528347874, 'generation': 334}","{'id': 14744, 'rank': 22, 'fitness': 0.09804405697427715, 'generation': 334}","{'id': 14753, 'rank': 23, 'fitness': 0.0909036239385197, 'generation': 334}","{'id': 14731, 'rank': 24, 'fitness': 0.08827065281567126, 'generation': 334}","{'id': 14738, 'rank': 25, 'fitness': 0.06455267310995544, 'generation': 334}","{'id': 14749, 'rank': 26, 'fitness': 0.044707253148702386, 'generation': 334}","{'id': 14724, 'rank': 27, 'fitness': 0.02582302845333395, 'generation': 334}","{'id': 14717, 'rank': 28, 'fitness': 0.024591082685606447, 'generation': 334}","{'id': 14722, 'rank': 29, 'fitness': 0.022625016057537695, 'generation': 334}","{'id': 14719, 'rank': 30, 'fitness': 0.01798620996209155, 'generation': 334}"
"{'id': 14798, 'rank': 1, 'fitness': 0.9820137900379085, 'generation': 335}","{'id': 14797, 'rank': 2, 'fitness': 0.9720418859027132, 'generation': 335}","{'id': 14787, 'rank': 3, 'fitness': 0.9549576604671208, 'generation': 335}","{'id': 14792, 'rank': 4, 'fitness': 0.9352574266131148, 'generation': 335}","{'id': 14805, 'rank': 5, 'fitness': 0.8959301530996648, 'generation': 335}","{'id': 14799, 'rank': 6, 'fitness': 0.8907835459424819, 'generation': 335}","{'id': 14800, 'rank': 7, 'fitness': 0.7136374803256142, 'generation': 335}","{'id': 14781, 'rank': 8, 'fitness': 0.4594616517534484, 'generation': 335}","{'id': 14790, 'rank': 9, 'fitness': 0.391851594310742, 'generation': 335}","{'id': 14808, 'rank': 10, 'fitness': 0.3429766550689537, 'generation': 335}","{'id': 14794, 'rank': 11, 'fitness': 0.29592978983084167, 'generation': 335}","{'id': 14770, 'rank': 12, 'fitness': 0.26971393544905964, 'generation': 335}","{'id': 14773, 'rank': 13, 'fitness': 0.25564098062559637, 'generation': 335}","{'id': 14786, 'rank': 14, 'fitness': 0.24115885340652904, 'generation': 335}","{'id': 14763, 'rank': 15, 'fitness': 0.1881420443209158, 'generation': 335}","{'id': 14801, 'rank': 16, 'fitness': 0.1784729934875831, 'generation': 335}","{'id': 14807, 'rank': 17, 'fitness': 0.1584696751710758, 'generation': 335}","{'id': 14778, 'rank': 18, 'fitness': 0.13358434689104715, 'generation': 335}","{'id': 14767, 'rank': 19, 'fitness': 0.11406608997185685, 'generation': 335}","{'id': 14784, 'rank': 20, 'fitness': 0.10961583653719742, 'generation': 335}","{'id': 14757, 'rank': 21, 'fitness': 0.10959459126850768, 'generation': 335}","{'id': 14769, 'rank': 22, 'fitness': 0.09186855447039816, 'generation': 335}","{'id': 14803, 'rank': 23, 'fitness': 0.07674324614814049, 'generation': 335}","{'id': 14756, 'rank': 24, 'fitness': 0.06491635206136359, 'generation': 335}","{'id': 14791, 'rank': 25, 'fitness': 0.06395756791313462, 'generation': 335}","{'id': 14788, 'rank': 26, 'fitness': 0.06269678818305074, 'generation': 335}","{'id': 14777, 'rank': 27, 'fitness': 0.03195702855866006, 'generation': 335}","{'id': 14806, 'rank': 28, 'fitness': 0.02985449529785994, 'generation': 335}","{'id': 14779, 'rank': 29, 'fitness': 0.019766697463345195, 'generation': 335}","{'id': 14793, 'rank': 30, 'fitness': 0.01798620996209155, 'generation': 335}"
"{'id': 14849, 'rank': 1, 'fitness': 0.9820137900379085, 'generation': 336}","{'id': 14820, 'rank': 2, 'fitness': 0.958884484448492, 'generation': 336}","{'id': 14828, 'rank': 3, 'fitness': 0.8893014326795097, 'generation': 336}","{'id': 14831, 'rank': 4, 'fitness': 0.833352227092621, 'generation': 336}","{'id': 14840, 'rank': 5, 'fitness': 0.8006491583601438, 'generation': 336}","{'id': 14843, 'rank': 6, 'fitness': 0.5810495592894596, 'generation': 336}","{'id': 14846, 'rank': 7, 'fitness': 0.5803092291075418, 'generation': 336}","{'id': 14834, 'rank': 8, 'fitness': 0.33829759468283555, 'generation': 336}","{'id': 14812, 'rank': 9, 'fitness': 0.27904510912952796, 'generation': 336}","{'id': 14836, 'rank': 10, 'fitness': 0.24369574126384347, 'generation': 336}","{'id': 14839, 'rank': 11, 'fitness': 0.23385645256304977, 'generation': 336}","{'id': 14845, 'rank': 12, 'fitness': 0.21494968473102483, 'generation': 336}","{'id': 14852, 'rank': 13, 'fitness': 0.14736341102224598, 'generation': 336}","{'id': 14851, 'rank': 14, 'fitness': 0.14696290812718427, 'generation': 336}","{'id': 14838, 'rank': 15, 'fitness': 0.09106645929681345, 'generation': 336}","{'id': 14815, 'rank': 16, 'fitness': 0.09059637416993499, 'generation': 336}","{'id': 14819, 'rank': 17, 'fitness': 0.08969328639104401, 'generation': 336}","{'id': 14809, 'rank': 18, 'fitness': 0.0892007571095545, 'generation': 336}","{'id': 14850, 'rank': 19, 'fitness': 0.06925333169728665, 'generation': 336}","{'id': 14833, 'rank': 20, 'fitness': 0.06682799333345257, 'generation': 336}","{'id': 14827, 'rank': 21, 'fitness': 0.06129040886913756, 'generation': 336}","{'id': 14814, 'rank': 22, 'fitness': 0.05194713343755453, 'generation': 336}","{'id': 14818, 'rank': 23, 'fitness': 0.04891059631761702, 'generation': 336}","{'id': 14832, 'rank': 24, 'fitness': 0.0385182408223973, 'generation': 336}","{'id': 14835, 'rank': 25, 'fitness': 0.036842216817190854, 'generation': 336}","{'id': 14837, 'rank': 26, 'fitness': 0.036083920376860035, 'generation': 336}","{'id': 14847, 'rank': 27, 'fitness': 0.03532720382866822, 'generation': 336}","{'id': 14830, 'rank': 28, 'fitness': 0.03227078426966573, 'generation': 336}","{'id': 14816, 'rank': 29, 'fitness': 0.030156379724335713, 'generation': 336}","{'id': 14842, 'rank': 30, 'fitness': 0.01798620996209155, 'generation': 336}"
"{'id': 14891, 'rank': 1, 'fitness': 0.9820137900379085, 'generation': 337}","{'id': 14867, 'rank': 2, 'fitness': 0.5308959616889813, 'generation': 337}","{'id': 14873, 'rank': 3, 'fitness': 0.4340798917246362, 'generation': 337}","{'id': 14876, 'rank': 4, 'fitness': 0.39102370795310837, 'generation': 337}","{'id': 14857, 'rank': 5, 'fitness': 0.38984361743376084, 'generation': 337}","{'id': 14886, 'rank': 6, 'fitness': 0.3630792364251003, 'generation': 337}","{'id': 14889, 'rank': 7, 'fitness': 0.33862110109235927, 'generation': 337}","{'id': 14872, 'rank': 8, 'fitness': 0.2651179171491976, 'generation': 337}","{'id': 14870, 'rank': 9, 'fitness': 0.24024021924704497, 'generation': 337}","{'id': 14878, 'rank': 10, 'fitness': 0.1827184324817317, 'generation': 337}","{'id': 14882, 'rank': 11, 'fitness': 0.12958676819217507, 'generation': 337}","{'id': 14887, 'rank': 12, 'fitness': 0.11841737824814846, 'generation': 337}","{'id': 14866, 'rank': 13, 'fitness': 0.0927131026902277, 'generation': 337}","{'id': 14868, 'rank': 14, 'fitness': 0.09186408244509725, 'generation': 337}","{'id': 14880, 'rank': 15, 'fitness': 0.08644694658806551, 'generation': 337}","{'id': 14869, 'rank': 16, 'fitness': 0.07693368121928057, 'generation': 337}","{'id': 14892, 'rank': 17, 'fitness': 0.05664254881862779, 'generation': 337}","{'id': 14888, 'rank': 18, 'fitness': 0.04969240115744705, 'generation': 337}","{'id': 14861, 'rank': 19, 'fitness': 0.04854290000839345, 'generation': 337}","{'id': 14871, 'rank': 20, 'fitness': 0.04258359520968896, 'generation': 337}","{'id': 14865, 'rank': 21, 'fitness': 0.039524912107874344, 'generation': 337}","{'id': 14855, 'rank': 22, 'fitness': 0.031043599906236286, 'generation': 337}","{'id': 14885, 'rank': 23, 'fitness': 0.030415153483604906, 'generation': 337}","{'id': 14853, 'rank': 24, 'fitness': 0.030241164088495975, 'generation': 337}","{'id': 14874, 'rank': 25, 'fitness': 0.02820801915991289, 'generation': 337}","{'id': 14884, 'rank': 26, 'fitness': 0.02371946836879918, 'generation': 337}","{'id': 14854, 'rank': 27, 'fitness': 0.022669392361132024, 'generation': 337}","{'id': 14859, 'rank': 28, 'fitness': 0.01903235637366607, 'generation': 337}","{'id': 14877, 'rank': 29, 'fitness': 0.018170973524877232, 'generation': 337}","{'id': 14862, 'rank': 30, 'fitness': 0.01798620996209155, 'generation': 337}"
"{'id': 14922, 'rank': 1, 'fitness': 0.9820137900379085, 'generation': 338}","{'id': 14915, 'rank': 2, 'fitness': 0.6593122825561686, 'generation': 338}","{'id': 14919, 'rank': 3, 'fitness': 0.6474521892946201, 'generation': 338}","{'id': 14914, 'rank': 4, 'fitness': 0.6131004736586458, 'generation': 338}","{'id': 14908, 'rank': 5, 'fitness': 0.5524863726384378, 'generation': 338}","{'id': 14916, 'rank': 6, 'fitness': 0.5192847040434329, 'generation': 338}","{'id': 14900, 'rank': 7, 'fitness': 0.4670018490796373, 'generation': 338}","{'id': 14906, 'rank': 8, 'fitness': 0.39913493873977124, 'generation': 338}","{'id': 14897, 'rank': 9, 'fitness': 0.3888565736431171, 'generation': 338}","{'id': 14910, 'rank': 10, 'fitness': 0.3467711382142667, 'generation': 338}","{'id': 14904, 'rank': 11, 'fitness': 0.3381867718128564, 'generation': 338}","{'id': 14913, 'rank': 12, 'fitness': 0.33619527280078354, 'generation': 338}","{'id': 14898, 'rank': 13, 'fitness': 0.30661167521523897, 'generation': 338}","{'id': 14903, 'rank': 14, 'fitness': 0.2051012733692923, 'generation': 338}","{'id': 14893, 'rank': 15, 'fitness': 0.2049757990330604, 'generation': 338}","{'id': 14909, 'rank': 16, 'fitness': 0.14414471599195844, 'generation': 338}","{'id': 14918, 'rank': 17, 'fitness': 0.12877295832071234, 'generation': 338}","{'id': 14928, 'rank': 18, 'fitness': 0.12811811935547662, 'generation': 338}","{'id': 14920, 'rank': 19, 'fitness': 0.10776737843731521, 'generation': 338}","{'id': 14912, 'rank': 20, 'fitness': 0.07169136486306399, 'generation': 338}","{'id': 14926, 'rank': 21, 'fitness': 0.06691731930568234, 'generation': 338}","{'id': 14927, 'rank': 22, 'fitness': 0.06321459977005017, 'generation': 338}","{'id': 14905, 'rank': 23, 'fitness': 0.0599366912117546, 'generation': 338}","{'id': 14911, 'rank': 24, 'fitness': 0.055956173485921856, 'generation': 338}","{'id': 14902, 'rank': 25, 'fitness': 0.052409155239795335, 'generation': 338}","{'id': 14923, 'rank': 26, 'fitness': 0.03193719692199504, 'generation': 338}","{'id': 14925, 'rank': 27, 'fitness': 0.029515966838882635, 'generation': 338}","{'id': 14896, 'rank': 28, 'fitness': 0.029075864067029777, 'generation': 338}","{'id': 14894, 'rank': 29, 'fitness': 0.024666508130791076, 'generation': 338}","{'id': 14924, 'rank': 30, 'fitness': 0.01798620996209155, 'generation': 338}"
"{'id': 14968, 'rank': 1, 'fitness': 0.9820137900379085, 'generation': 339}","{'id': 14953, 'rank': 2, 'fitness': 0.9756190154015449, 'generation': 339}","{'id': 14965, 'rank': 3, 'fitness': 0.9637903783438728, 'generation': 339}","{'id': 14970, 'rank': 4, 'fitness': 0.9278536868679239, 'generation': 339}","{'id': 14955, 'rank': 5, 'fitness': 0.9205620553183551, 'generation': 339}","{'id': 14963, 'rank': 6, 'fitness': 0.8793093656955959, 'generation': 339}","{'id': 14950, 'rank': 7, 'fitness': 0.8737629256498161, 'generation': 339}","{'id': 14966, 'rank': 8, 'fitness': 0.8524149865643272, 'generation': 339}","{'id': 14947, 'rank': 9, 'fitness': 0.7986404184345599, 'generation': 339}","{'id': 14959, 'rank': 10, 'fitness': 0.727603895495751, 'generation': 339}","{'id': 14962, 'rank': 11, 'fitness': 0.677705015828759, 'generation': 339}","{'id': 14942, 'rank': 12, 'fitness': 0.6152883100126165, 'generation': 339}","{'id': 14936, 'rank': 13, 'fitness': 0.5606975752985465, 'generation': 339}","{'id': 14951, 'rank': 14, 'fitness': 0.5589550471460298, 'generation': 339}","{'id': 14958, 'rank': 15, 'fitness': 0.3520458673375444, 'generation': 339}","{'id': 14961, 'rank': 16, 'fitness': 0.2427979912412248, 'generation': 339}","{'id': 14946, 'rank': 17, 'fitness': 0.19127118399061638, 'generation': 339}","{'id': 14933, 'rank': 18, 'fitness': 0.16233936738330929, 'generation': 339}","{'id': 14967, 'rank': 19, 'fitness': 0.1007966156757506, 'generation': 339}","{'id': 14945, 'rank': 20, 'fitness': 0.07210140992338998, 'generation': 339}","{'id': 14941, 'rank': 21, 'fitness': 0.06643957859848548, 'generation': 339}","{'id': 14949, 'rank': 22, 'fitness': 0.0500360034470797, 'generation': 339}","{'id': 14943, 'rank': 23, 'fitness': 0.03955989699157597, 'generation': 339}","{'id': 14954, 'rank': 24, 'fitness': 0.03622443516088536, 'generation': 339}","{'id': 14937, 'rank': 25, 'fitness': 0.026425854230633705, 'generation': 339}","{'id': 14960, 'rank': 26, 'fitness': 0.025191262165116246, 'generation': 339}","{'id': 14948, 'rank': 27, 'fitness': 0.024576857899886617, 'generation': 339}","{'id': 14956, 'rank': 28, 'fitness': 0.022787790492275584, 'generation': 339}","{'id': 14964, 'rank': 29, 'fitness': 0.020702487492949673, 'generation': 339}","{'id': 14938, 'rank': 30, 'fitness': 0.01798620996209155, 'generation': 339}"
"{'id': 15017, 'rank': 1, 'fitness': 0.9820137900379085, 'generation': 340}","{'id': 15012, 'rank': 2, 'fitness': 0.96113619565141, 'generation': 340}","{'id': 15014, 'rank': 3, 'fitness': 0.9080393612989219, 'generation': 340}","{'id': 15022, 'rank': 4, 'fitness': 0.8786326252337342, 'generation': 340}","{'id': 14997, 'rank': 5, 'fitness': 0.7659791406335461, 'generation': 340}","{'id': 15018, 'rank': 6, 'fitness': 0.5837876758160525, 'generation': 340}","{'id': 14977, 'rank': 7, 'fitness': 0.5346010497231826, 'generation': 340}","{'id': 14976, 'rank': 8, 'fitness': 0.5018260336110866, 'generation': 340}","{'id': 15000, 'rank': 9, 'fitness': 0.4347111128461563, 'generation': 340}","{'id': 15013, 'rank': 10, 'fitness': 0.29412554193881907, 'generation': 340}","{'id': 14988, 'rank': 11, 'fitness': 0.26711780504961535, 'generation': 340}","{'id': 14980, 'rank': 12, 'fitness': 0.2263509700991609, 'generation': 340}","{'id': 14971, 'rank': 13, 'fitness': 0.22359038406610632, 'generation': 340}","{'id': 14999, 'rank': 14, 'fitness': 0.21885744164139503, 'generation': 340}","{'id': 15011, 'rank': 15, 'fitness': 0.2113706923418432, 'generation': 340}","{'id': 14978, 'rank': 16, 'fitness': 0.2049247226004689, 'generation': 340}","{'id': 14998, 'rank': 17, 'fitness': 0.15648775794631342, 'generation': 340}","{'id': 15009, 'rank': 18, 'fitness': 0.15011117847512556, 'generation': 340}","{'id': 14983, 'rank': 19, 'fitness': 0.14339876968369342, 'generation': 340}","{'id': 15010, 'rank': 20, 'fitness': 0.10846502615554066, 'generation': 340}","{'id': 14989, 'rank': 21, 'fitness': 0.08523903699971458, 'generation': 340}","{'id': 15016, 'rank': 22, 'fitness': 0.08160517063566863, 'generation': 340}","{'id': 15021, 'rank': 23, 'fitness': 0.07464251521157106, 'generation': 340}","{'id': 15015, 'rank': 24, 'fitness': 0.03868102557717701, 'generation': 340}","{'id': 14973, 'rank': 25, 'fitness': 0.0371362019883375, 'generation': 340}","{'id': 14992, 'rank': 26, 'fitness': 0.03705099239699672, 'generation': 340}","{'id': 15020, 'rank': 27, 'fitness': 0.03455432644474116, 'generation': 340}","{'id': 15002, 'rank': 28, 'fitness': 0.02599670016128436, 'generation': 340}","{'id': 14975, 'rank': 29, 'fitness': 0.024790738200076268, 'generation': 340}","{'id': 15008, 'rank': 30, 'fitness': 0.01798620996209155, 'generation': 340}"
"{'id': 15041, 'rank': 1, 'fitness': 0.9820137900379085, 'generation': 341}","{'id': 15047, 'rank': 2, 'fitness': 0.9425790981718174, 'generation': 341}","{'id': 15064, 'rank': 3, 'fitness': 0.9323714869972383, 'generation': 341}","{'id': 15048, 'rank': 4, 'fitness': 0.8928033927217467, 'generation': 341}","{'id': 15063, 'rank': 5, 'fitness': 0.8869166317349522, 'generation': 341}","{'id': 15057, 'rank': 6, 'fitness': 0.8858869180151764, 'generation': 341}","{'id': 15040, 'rank': 7, 'fitness': 0.8826624110577399, 'generation': 341}","{'id': 15066, 'rank': 8, 'fitness': 0.843484628015797, 'generation': 341}","{'id': 15050, 'rank': 9, 'fitness': 0.768969560267146, 'generation': 341}","{'id': 15036, 'rank': 10, 'fitness': 0.7337962864496247, 'generation': 341}","{'id': 15065, 'rank': 11, 'fitness': 0.7241607532975991, 'generation': 341}","{'id': 15058, 'rank': 12, 'fitness': 0.6717280443447172, 'generation': 341}","{'id': 15053, 'rank': 13, 'fitness': 0.4707501004921765, 'generation': 341}","{'id': 15027, 'rank': 14, 'fitness': 0.4297178539105205, 'generation': 341}","{'id': 15062, 'rank': 15, 'fitness': 0.4008460104274607, 'generation': 341}","{'id': 15044, 'rank': 16, 'fitness': 0.3734065490052024, 'generation': 341}","{'id': 15049, 'rank': 17, 'fitness': 0.27277545664680547, 'generation': 341}","{'id': 15025, 'rank': 18, 'fitness': 0.18008181070923113, 'generation': 341}","{'id': 15046, 'rank': 19, 'fitness': 0.17501310214576205, 'generation': 341}","{'id': 15026, 'rank': 20, 'fitness': 0.13600776238691742, 'generation': 341}","{'id': 15051, 'rank': 21, 'fitness': 0.09872109059081857, 'generation': 341}","{'id': 15054, 'rank': 22, 'fitness': 0.08744686850452443, 'generation': 341}","{'id': 15059, 'rank': 23, 'fitness': 0.07763807896520047, 'generation': 341}","{'id': 15043, 'rank': 24, 'fitness': 0.0745261179972479, 'generation': 341}","{'id': 15034, 'rank': 25, 'fitness': 0.05228296967743373, 'generation': 341}","{'id': 15042, 'rank': 26, 'fitness': 0.04047652630492732, 'generation': 341}","{'id': 15055, 'rank': 27, 'fitness': 0.03522198996090142, 'generation': 341}","{'id': 15031, 'rank': 28, 'fitness': 0.02596449048553029, 'generation': 341}","{'id': 15030, 'rank': 29, 'fitness': 0.02099831685473802, 'generation': 341}","{'id': 15035, 'rank': 30, 'fitness': 0.01798620996209155, 'generation': 341}"
"{'id': 15114, 'rank': 1, 'fitness': 0.9820137900379085, 'generation': 342}","{'id': 15110, 'rank': 2, 'fitness': 0.9621911943153885, 'generation': 342}","{'id': 15107, 'rank': 3, 'fitness': 0.9440598665748523, 'generation': 342}","{'id': 15103, 'rank': 4, 'fitness': 0.9334136510312527, 'generation': 342}","{'id': 15098, 'rank': 5, 'fitness': 0.8571406934624841, 'generation': 342}","{'id': 15115, 'rank': 6, 'fitness': 0.6094399301591308, 'generation': 342}","{'id': 15116, 'rank': 7, 'fitness': 0.5689067088587771, 'generation': 342}","{'id': 15099, 'rank': 8, 'fitness': 0.47922953477675806, 'generation': 342}","{'id': 15100, 'rank': 9, 'fitness': 0.46480109328131064, 'generation': 342}","{'id': 15068, 'rank': 10, 'fitness': 0.27841980944849826, 'generation': 342}","{'id': 15111, 'rank': 11, 'fitness': 0.2441447554808575, 'generation': 342}","{'id': 15080, 'rank': 12, 'fitness': 0.23794175611489216, 'generation': 342}","{'id': 15105, 'rank': 13, 'fitness': 0.18355409730866434, 'generation': 342}","{'id': 15104, 'rank': 14, 'fitness': 0.12658678784172855, 'generation': 342}","{'id': 15106, 'rank': 15, 'fitness': 0.11808082797036834, 'generation': 342}","{'id': 15081, 'rank': 16, 'fitness': 0.10171918379514494, 'generation': 342}","{'id': 15109, 'rank': 17, 'fitness': 0.09661695004724469, 'generation': 342}","{'id': 15108, 'rank': 18, 'fitness': 0.08494167271596142, 'generation': 342}","{'id': 15084, 'rank': 19, 'fitness': 0.05096219277391023, 'generation': 342}","{'id': 15086, 'rank': 20, 'fitness': 0.04602882771122113, 'generation': 342}","{'id': 15096, 'rank': 21, 'fitness': 0.04534538072855554, 'generation': 342}","{'id': 15073, 'rank': 22, 'fitness': 0.04423984144371107, 'generation': 342}","{'id': 15071, 'rank': 23, 'fitness': 0.04018633403922056, 'generation': 342}","{'id': 15078, 'rank': 24, 'fitness': 0.039614051134166384, 'generation': 342}","{'id': 15102, 'rank': 25, 'fitness': 0.036700174125424756, 'generation': 342}","{'id': 15088, 'rank': 26, 'fitness': 0.03643539831732673, 'generation': 342}","{'id': 15074, 'rank': 27, 'fitness': 0.032156966419276845, 'generation': 342}","{'id': 15095, 'rank': 28, 'fitness': 0.02419555814829677, 'generation': 342}","{'id': 15112, 'rank': 29, 'fitness': 0.019793592028554463, 'generation': 342}","{'id': 15075, 'rank': 30, 'fitness': 0.01798620996209155, 'generation': 342}"
"{'id': 15127, 'rank': 1, 'fitness': 0.9820137900379085, 'generation': 343}","{'id': 15149, 'rank': 2, 'fitness': 0.650259648102179, 'generation': 343}","{'id': 15142, 'rank': 3, 'fitness': 0.6210284630053547, 'generation': 343}","{'id': 15126, 'rank': 4, 'fitness': 0.6007530882824877, 'generation': 343}","{'id': 15151, 'rank': 5, 'fitness': 0.5505234679948652, 'generation': 343}","{'id': 15150, 'rank': 6, 'fitness': 0.515051412307408, 'generation': 343}","{'id': 15153, 'rank': 7, 'fitness': 0.3981229596808972, 'generation': 343}","{'id': 15117, 'rank': 8, 'fitness': 0.3487231352687111, 'generation': 343}","{'id': 15157, 'rank': 9, 'fitness': 0.33769981673275473, 'generation': 343}","{'id': 15160, 'rank': 10, 'fitness': 0.27428257083812835, 'generation': 343}","{'id': 15134, 'rank': 11, 'fitness': 0.26745197922412534, 'generation': 343}","{'id': 15148, 'rank': 12, 'fitness': 0.23816946043771797, 'generation': 343}","{'id': 15143, 'rank': 13, 'fitness': 0.20708566067091144, 'generation': 343}","{'id': 15119, 'rank': 14, 'fitness': 0.19283347868703177, 'generation': 343}","{'id': 15154, 'rank': 15, 'fitness': 0.18686158947326037, 'generation': 343}","{'id': 15125, 'rank': 16, 'fitness': 0.1831048032549642, 'generation': 343}","{'id': 15133, 'rank': 17, 'fitness': 0.13966203447548503, 'generation': 343}","{'id': 15152, 'rank': 18, 'fitness': 0.12167601482356571, 'generation': 343}","{'id': 15140, 'rank': 19, 'fitness': 0.09188101552701178, 'generation': 343}","{'id': 15156, 'rank': 20, 'fitness': 0.08334921478162921, 'generation': 343}","{'id': 15138, 'rank': 21, 'fitness': 0.07434514696368894, 'generation': 343}","{'id': 15162, 'rank': 22, 'fitness': 0.06746600592047347, 'generation': 343}","{'id': 15130, 'rank': 23, 'fitness': 0.03852938317707366, 'generation': 343}","{'id': 15145, 'rank': 24, 'fitness': 0.033013901425009706, 'generation': 343}","{'id': 15118, 'rank': 25, 'fitness': 0.03180451527026151, 'generation': 343}","{'id': 15144, 'rank': 26, 'fitness': 0.030017997826239817, 'generation': 343}","{'id': 15136, 'rank': 27, 'fitness': 0.028049823432050425, 'generation': 343}","{'id': 15159, 'rank': 28, 'fitness': 0.024228945316644435, 'generation': 343}","{'id': 15147, 'rank': 29, 'fitness': 0.02071384448628316, 'generation': 343}","{'id': 15161, 'rank': 30, 'fitness': 0.01798620996209155, 'generation': 343}"
"{'id': 15191, 'rank': 1, 'fitness': 0.9820137900379085, 'generation': 344}","{'id': 15168, 'rank': 2, 'fitness': 0.9557851364504906, 'generation': 344}","{'id': 15195, 'rank': 3, 'fitness': 0.8691672413217928, 'generation': 344}","{'id': 15190, 'rank': 4, 'fitness': 0.6294190743809123, 'generation': 344}","{'id': 15175, 'rank': 5, 'fitness': 0.6175346251103939, 'generation': 344}","{'id': 15169, 'rank': 6, 'fitness': 0.3587832606636106, 'generation': 344}","{'id': 15193, 'rank': 7, 'fitness': 0.3411261929839303, 'generation': 344}","{'id': 15170, 'rank': 8, 'fitness': 0.32496810377244933, 'generation': 344}","{'id': 15183, 'rank': 9, 'fitness': 0.26390637652873983, 'generation': 344}","{'id': 15198, 'rank': 10, 'fitness': 0.2545889692345492, 'generation': 344}","{'id': 15179, 'rank': 11, 'fitness': 0.23882380170575396, 'generation': 344}","{'id': 15187, 'rank': 12, 'fitness': 0.22911808029499747, 'generation': 344}","{'id': 15189, 'rank': 13, 'fitness': 0.1564280533431695, 'generation': 344}","{'id': 15178, 'rank': 14, 'fitness': 0.11610198240794445, 'generation': 344}","{'id': 15171, 'rank': 15, 'fitness': 0.10244272157844947, 'generation': 344}","{'id': 15167, 'rank': 16, 'fitness': 0.07705101424710065, 'generation': 344}","{'id': 15186, 'rank': 17, 'fitness': 0.07544743207956084, 'generation': 344}","{'id': 15182, 'rank': 18, 'fitness': 0.06641143515093573, 'generation': 344}","{'id': 15172, 'rank': 19, 'fitness': 0.06105407340233482, 'generation': 344}","{'id': 15164, 'rank': 20, 'fitness': 0.056794322436338196, 'generation': 344}","{'id': 15199, 'rank': 21, 'fitness': 0.05499411713036556, 'generation': 344}","{'id': 15192, 'rank': 22, 'fitness': 0.05401920325737114, 'generation': 344}","{'id': 15185, 'rank': 23, 'fitness': 0.05098462290121464, 'generation': 344}","{'id': 15173, 'rank': 24, 'fitness': 0.03628456245010275, 'generation': 344}","{'id': 15197, 'rank': 25, 'fitness': 0.03552905711440263, 'generation': 344}","{'id': 15184, 'rank': 26, 'fitness': 0.034139045723903416, 'generation': 344}","{'id': 15181, 'rank': 27, 'fitness': 0.031370972029159505, 'generation': 344}","{'id': 15174, 'rank': 28, 'fitness': 0.025509817736657114, 'generation': 344}","{'id': 15180, 'rank': 29, 'fitness': 0.023363408551755782, 'generation': 344}","{'id': 15196, 'rank': 30, 'fitness': 0.01798620996209155, 'generation': 344}"
"{'id': 15240, 'rank': 1, 'fitness': 0.9820137900379085, 'generation': 345}","{'id': 15233, 'rank': 2, 'fitness': 0.9182393203581092, 'generation': 345}","{'id': 15217, 'rank': 3, 'fitness': 0.9132282956673381, 'generation': 345}","{'id': 15239, 'rank': 4, 'fitness': 0.8866443541416142, 'generation': 345}","{'id': 15235, 'rank': 5, 'fitness': 0.87549899550063, 'generation': 345}","{'id': 15232, 'rank': 6, 'fitness': 0.8369411499331596, 'generation': 345}","{'id': 15229, 'rank': 7, 'fitness': 0.8280042491588772, 'generation': 345}","{'id': 15226, 'rank': 8, 'fitness': 0.7444523012981104, 'generation': 345}","{'id': 15234, 'rank': 9, 'fitness': 0.7420778677322875, 'generation': 345}","{'id': 15231, 'rank': 10, 'fitness': 0.7038976322393504, 'generation': 345}","{'id': 15237, 'rank': 11, 'fitness': 0.689357290212922, 'generation': 345}","{'id': 15207, 'rank': 12, 'fitness': 0.6445436475608561, 'generation': 345}","{'id': 15230, 'rank': 13, 'fitness': 0.45912226886996554, 'generation': 345}","{'id': 15215, 'rank': 14, 'fitness': 0.4589214902850448, 'generation': 345}","{'id': 15220, 'rank': 15, 'fitness': 0.44320469576286925, 'generation': 345}","{'id': 15216, 'rank': 16, 'fitness': 0.42343274914638257, 'generation': 345}","{'id': 15221, 'rank': 17, 'fitness': 0.26522569055621453, 'generation': 345}","{'id': 15236, 'rank': 18, 'fitness': 0.2499158066751948, 'generation': 345}","{'id': 15225, 'rank': 19, 'fitness': 0.20043041422234986, 'generation': 345}","{'id': 15227, 'rank': 20, 'fitness': 0.16279789625131913, 'generation': 345}","{'id': 15242, 'rank': 21, 'fitness': 0.13567372200314398, 'generation': 345}","{'id': 15228, 'rank': 22, 'fitness': 0.06919568426140266, 'generation': 345}","{'id': 15212, 'rank': 23, 'fitness': 0.06256567673373781, 'generation': 345}","{'id': 15238, 'rank': 24, 'fitness': 0.053448197913729956, 'generation': 345}","{'id': 15243, 'rank': 25, 'fitness': 0.04123631273479966, 'generation': 345}","{'id': 15204, 'rank': 26, 'fitness': 0.037930445145845815, 'generation': 345}","{'id': 15219, 'rank': 27, 'fitness': 0.02861318632707538, 'generation': 345}","{'id': 15241, 'rank': 28, 'fitness': 0.02638850745561372, 'generation': 345}","{'id': 15210, 'rank': 29, 'fitness': 0.02217647648238491, 'generation': 345}","{'id': 15224, 'rank': 30, 'fitness': 0.01798620996209155, 'generation': 345}"
"{'id': 15294, 'rank': 1, 'fitness': 0.9820137900379085, 'generation': 346}","{'id': 15263, 'rank': 2, 'fitness': 0.9033697687745968, 'generation': 346}","{'id': 15297, 'rank': 3, 'fitness': 0.8231461351715954, 'generation': 346}","{'id': 15252, 'rank': 4, 'fitness': 0.7033602371441221, 'generation': 346}","{'id': 15299, 'rank': 5, 'fitness': 0.6427888958150493, 'generation': 346}","{'id': 15290, 'rank': 6, 'fitness': 0.6122477367003659, 'generation': 346}","{'id': 15266, 'rank': 7, 'fitness': 0.5100356335965405, 'generation': 346}","{'id': 15292, 'rank': 8, 'fitness': 0.48227759356760225, 'generation': 346}","{'id': 15280, 'rank': 9, 'fitness': 0.47498929706101395, 'generation': 346}","{'id': 15251, 'rank': 10, 'fitness': 0.456513807693592, 'generation': 346}","{'id': 15301, 'rank': 11, 'fitness': 0.44129798846098905, 'generation': 346}","{'id': 15270, 'rank': 12, 'fitness': 0.2564275542070684, 'generation': 346}","{'id': 15288, 'rank': 13, 'fitness': 0.25487721401507063, 'generation': 346}","{'id': 15275, 'rank': 14, 'fitness': 0.2538545488751195, 'generation': 346}","{'id': 15250, 'rank': 15, 'fitness': 0.2447361327341145, 'generation': 346}","{'id': 15298, 'rank': 16, 'fitness': 0.2447118811483751, 'generation': 346}","{'id': 15284, 'rank': 17, 'fitness': 0.23866928485672995, 'generation': 346}","{'id': 15300, 'rank': 18, 'fitness': 0.18878690004213972, 'generation': 346}","{'id': 15279, 'rank': 19, 'fitness': 0.11815070244885434, 'generation': 346}","{'id': 15259, 'rank': 20, 'fitness': 0.10792859991229392, 'generation': 346}","{'id': 15255, 'rank': 21, 'fitness': 0.07232442809038359, 'generation': 346}","{'id': 15291, 'rank': 22, 'fitness': 0.06101126809795149, 'generation': 346}","{'id': 15295, 'rank': 23, 'fitness': 0.05583653708769054, 'generation': 346}","{'id': 15283, 'rank': 24, 'fitness': 0.05197766519164315, 'generation': 346}","{'id': 15260, 'rank': 25, 'fitness': 0.04060434568184995, 'generation': 346}","{'id': 15278, 'rank': 26, 'fitness': 0.029640366091237436, 'generation': 346}","{'id': 15286, 'rank': 27, 'fitness': 0.029540862557052794, 'generation': 346}","{'id': 15293, 'rank': 28, 'fitness': 0.025948586695841047, 'generation': 346}","{'id': 15289, 'rank': 29, 'fitness': 0.02106465192874979, 'generation': 346}","{'id': 15268, 'rank': 30, 'fitness': 0.01798620996209155, 'generation': 346}"
"{'id': 15317, 'rank': 1, 'fitness': 0.9820137900379085, 'generation': 347}","{'id': 15337, 'rank': 2, 'fitness': 0.9760706713566479, 'generation': 347}","{'id': 15310, 'rank': 3, 'fitness': 0.8130425073166208, 'generation': 347}","{'id': 15334, 'rank': 4, 'fitness': 0.6317188857140855, 'generation': 347}","{'id': 15339, 'rank': 5, 'fitness': 0.6163595139126242, 'generation': 347}","{'id': 15320, 'rank': 6, 'fitness': 0.5851677421815993, 'generation': 347}","{'id': 15332, 'rank': 7, 'fitness': 0.5714641445182949, 'generation': 347}","{'id': 15316, 'rank': 8, 'fitness': 0.5091333026777048, 'generation': 347}","{'id': 15341, 'rank': 9, 'fitness': 0.4586397642809694, 'generation': 347}","{'id': 15324, 'rank': 10, 'fitness': 0.37901826597010385, 'generation': 347}","{'id': 15325, 'rank': 11, 'fitness': 0.3472779587982736, 'generation': 347}","{'id': 15313, 'rank': 12, 'fitness': 0.3224616627359071, 'generation': 347}","{'id': 15336, 'rank': 13, 'fitness': 0.3137445964357631, 'generation': 347}","{'id': 15344, 'rank': 14, 'fitness': 0.285829622858105, 'generation': 347}","{'id': 15331, 'rank': 15, 'fitness': 0.23493411349269339, 'generation': 347}","{'id': 15343, 'rank': 16, 'fitness': 0.2264160831536744, 'generation': 347}","{'id': 15312, 'rank': 17, 'fitness': 0.2068737267847997, 'generation': 347}","{'id': 15327, 'rank': 18, 'fitness': 0.18009806695184544, 'generation': 347}","{'id': 15326, 'rank': 19, 'fitness': 0.12218758605835622, 'generation': 347}","{'id': 15321, 'rank': 20, 'fitness': 0.08190112241511849, 'generation': 347}","{'id': 15307, 'rank': 21, 'fitness': 0.06436515585085356, 'generation': 347}","{'id': 15319, 'rank': 22, 'fitness': 0.05138683701731328, 'generation': 347}","{'id': 15340, 'rank': 23, 'fitness': 0.05070423654651385, 'generation': 347}","{'id': 15338, 'rank': 24, 'fitness': 0.04865038115289538, 'generation': 347}","{'id': 15318, 'rank': 25, 'fitness': 0.03286266434489571, 'generation': 347}","{'id': 15333, 'rank': 26, 'fitness': 0.031586817928760724, 'generation': 347}","{'id': 15335, 'rank': 27, 'fitness': 0.024211568765104552, 'generation': 347}","{'id': 15342, 'rank': 28, 'fitness': 0.02007354768302816, 'generation': 347}","{'id': 15323, 'rank': 29, 'fitness': 0.01988394816938671, 'generation': 347}","{'id': 15315, 'rank': 30, 'fitness': 0.01798620996209155, 'generation': 347}"
"{'id': 15379, 'rank': 1, 'fitness': 0.9820137900379085, 'generation': 348}","{'id': 15385, 'rank': 2, 'fitness': 0.7480469546944684, 'generation': 348}","{'id': 15378, 'rank': 3, 'fitness': 0.7338551590764318, 'generation': 348}","{'id': 15382, 'rank': 4, 'fitness': 0.7200380569328179, 'generation': 348}","{'id': 15389, 'rank': 5, 'fitness': 0.7150207204267915, 'generation': 348}","{'id': 15361, 'rank': 6, 'fitness': 0.5337579127697799, 'generation': 348}","{'id': 15374, 'rank': 7, 'fitness': 0.5257121641235076, 'generation': 348}","{'id': 15388, 'rank': 8, 'fitness': 0.48629554031323924, 'generation': 348}","{'id': 15375, 'rank': 9, 'fitness': 0.4527910470338475, 'generation': 348}","{'id': 15353, 'rank': 10, 'fitness': 0.3886444042361514, 'generation': 348}","{'id': 15383, 'rank': 11, 'fitness': 0.3026351226166685, 'generation': 348}","{'id': 15356, 'rank': 12, 'fitness': 0.243033619009197, 'generation': 348}","{'id': 15377, 'rank': 13, 'fitness': 0.2355708303311086, 'generation': 348}","{'id': 15370, 'rank': 14, 'fitness': 0.17463803751042672, 'generation': 348}","{'id': 15349, 'rank': 15, 'fitness': 0.16101170892176625, 'generation': 348}","{'id': 15387, 'rank': 16, 'fitness': 0.1306806280670062, 'generation': 348}","{'id': 15367, 'rank': 17, 'fitness': 0.10792928622810699, 'generation': 348}","{'id': 15381, 'rank': 18, 'fitness': 0.09842793521001098, 'generation': 348}","{'id': 15364, 'rank': 19, 'fitness': 0.08538653966621179, 'generation': 348}","{'id': 15384, 'rank': 20, 'fitness': 0.06431177327343857, 'generation': 348}","{'id': 15376, 'rank': 21, 'fitness': 0.05735341126561011, 'generation': 348}","{'id': 15357, 'rank': 22, 'fitness': 0.042016637098943876, 'generation': 348}","{'id': 15350, 'rank': 23, 'fitness': 0.03888235649723831, 'generation': 348}","{'id': 15354, 'rank': 24, 'fitness': 0.03305241143108206, 'generation': 348}","{'id': 15351, 'rank': 25, 'fitness': 0.030011585774641636, 'generation': 348}","{'id': 15363, 'rank': 26, 'fitness': 0.02701106093002059, 'generation': 348}","{'id': 15365, 'rank': 27, 'fitness': 0.024701530015694584, 'generation': 348}","{'id': 15373, 'rank': 28, 'fitness': 0.02098103272992774, 'generation': 348}","{'id': 15358, 'rank': 29, 'fitness': 0.01924440733820404, 'generation': 348}","{'id': 15362, 'rank': 30, 'fitness': 0.01798620996209155, 'generation': 348}"
"{'id': 15410, 'rank': 1, 'fitness': 0.9820137900379085, 'generation': 349}","{'id': 15430, 'rank': 2, 'fitness': 0.9103465943826198, 'generation': 349}","{'id': 15428, 'rank': 3, 'fitness': 0.8406692871815677, 'generation': 349}","{'id': 15432, 'rank': 4, 'fitness': 0.7818984275175159, 'generation': 349}","{'id': 15423, 'rank': 5, 'fitness': 0.7392889814922532, 'generation': 349}","{'id': 15421, 'rank': 6, 'fitness': 0.7130427636136665, 'generation': 349}","{'id': 15431, 'rank': 7, 'fitness': 0.5812177937878535, 'generation': 349}","{'id': 15424, 'rank': 8, 'fitness': 0.4696601846629399, 'generation': 349}","{'id': 15427, 'rank': 9, 'fitness': 0.4644229818221059, 'generation': 349}","{'id': 15429, 'rank': 10, 'fitness': 0.4123101986903518, 'generation': 349}","{'id': 15398, 'rank': 11, 'fitness': 0.33055513330419206, 'generation': 349}","{'id': 15425, 'rank': 12, 'fitness': 0.31288677670060694, 'generation': 349}","{'id': 15391, 'rank': 13, 'fitness': 0.1930560268757754, 'generation': 349}","{'id': 15404, 'rank': 14, 'fitness': 0.1329656069728114, 'generation': 349}","{'id': 15407, 'rank': 15, 'fitness': 0.10405434690052079, 'generation': 349}","{'id': 15416, 'rank': 16, 'fitness': 0.08695927256745667, 'generation': 349}","{'id': 15418, 'rank': 17, 'fitness': 0.08391056075958081, 'generation': 349}","{'id': 15422, 'rank': 18, 'fitness': 0.06844685196745359, 'generation': 349}","{'id': 15417, 'rank': 19, 'fitness': 0.05426388170376861, 'generation': 349}","{'id': 15414, 'rank': 20, 'fitness': 0.0528584156243066, 'generation': 349}","{'id': 15408, 'rank': 21, 'fitness': 0.05150162977871148, 'generation': 349}","{'id': 15394, 'rank': 22, 'fitness': 0.04697026419740152, 'generation': 349}","{'id': 15402, 'rank': 23, 'fitness': 0.045739132704631424, 'generation': 349}","{'id': 15392, 'rank': 24, 'fitness': 0.03577056481567281, 'generation': 349}","{'id': 15412, 'rank': 25, 'fitness': 0.029199022691292764, 'generation': 349}","{'id': 15395, 'rank': 26, 'fitness': 0.028029262346046913, 'generation': 349}","{'id': 15426, 'rank': 27, 'fitness': 0.02645150997411566, 'generation': 349}","{'id': 15400, 'rank': 28, 'fitness': 0.023057383111114493, 'generation': 349}","{'id': 15405, 'rank': 29, 'fitness': 0.02229145864947668, 'generation': 349}","{'id': 15403, 'rank': 30, 'fitness': 0.01798620996209155, 'generation': 349}"
"{'id': 15470, 'rank': 1, 'fitness': 0.9820137900379085, 'generation': 350}","{'id': 15454, 'rank': 2, 'fitness': 0.9291253863499973, 'generation': 350}","{'id': 15471, 'rank': 3, 'fitness': 0.7198880371497918, 'generation': 350}","{'id': 15467, 'rank': 4, 'fitness': 0.621234688839987, 'generation': 350}","{'id': 15435, 'rank': 5, 'fitness': 0.6095714277874169, 'generation': 350}","{'id': 15453, 'rank': 6, 'fitness': 0.5678638906415155, 'generation': 350}","{'id': 15458, 'rank': 7, 'fitness': 0.469363084295553, 'generation': 350}","{'id': 15457, 'rank': 8, 'fitness': 0.37085857595918886, 'generation': 350}","{'id': 15472, 'rank': 9, 'fitness': 0.34175049567773386, 'generation': 350}","{'id': 15465, 'rank': 10, 'fitness': 0.3286057741194535, 'generation': 350}","{'id': 15436, 'rank': 11, 'fitness': 0.2769084473729161, 'generation': 350}","{'id': 15442, 'rank': 12, 'fitness': 0.2136864337582008, 'generation': 350}","{'id': 15466, 'rank': 13, 'fitness': 0.16335207042778466, 'generation': 350}","{'id': 15439, 'rank': 14, 'fitness': 0.13728963272342398, 'generation': 350}","{'id': 15460, 'rank': 15, 'fitness': 0.11057733371260708, 'generation': 350}","{'id': 15469, 'rank': 16, 'fitness': 0.10300815574274919, 'generation': 350}","{'id': 15450, 'rank': 17, 'fitness': 0.10063265303635005, 'generation': 350}","{'id': 15459, 'rank': 18, 'fitness': 0.09622387313579323, 'generation': 350}","{'id': 15463, 'rank': 19, 'fitness': 0.07894428787018026, 'generation': 350}","{'id': 15437, 'rank': 20, 'fitness': 0.07573052596055424, 'generation': 350}","{'id': 15452, 'rank': 21, 'fitness': 0.06547216601029088, 'generation': 350}","{'id': 15449, 'rank': 22, 'fitness': 0.05500547338759704, 'generation': 350}","{'id': 15451, 'rank': 23, 'fitness': 0.033014928902590446, 'generation': 350}","{'id': 15447, 'rank': 24, 'fitness': 0.02915666300506775, 'generation': 350}","{'id': 15443, 'rank': 25, 'fitness': 0.028176209589666268, 'generation': 350}","{'id': 15461, 'rank': 26, 'fitness': 0.026664231430200414, 'generation': 350}","{'id': 15448, 'rank': 27, 'fitness': 0.025248984322184087, 'generation': 350}","{'id': 15433, 'rank': 28, 'fitness': 0.019629527751667708, 'generation': 350}","{'id': 15464, 'rank': 29, 'fitness': 0.018304786416478258, 'generation': 350}","{'id': 15456, 'rank': 30, 'fitness': 0.01798620996209155, 'generation': 350}"
"{'id': 15487, 'rank': 1, 'fitness': 0.9820137900379085, 'generation': 351}","{'id': 15484, 'rank': 2, 'fitness': 0.9149099327662116, 'generation': 351}","{'id': 15480, 'rank': 3, 'fitness': 0.9137738811590885, 'generation': 351}","{'id': 15494, 'rank': 4, 'fitness': 0.7060354769673934, 'generation': 351}","{'id': 15516, 'rank': 5, 'fitness': 0.6946989537969883, 'generation': 351}","{'id': 15503, 'rank': 6, 'fitness': 0.6926327380073014, 'generation': 351}","{'id': 15482, 'rank': 7, 'fitness': 0.6663161875340888, 'generation': 351}","{'id': 15499, 'rank': 8, 'fitness': 0.5782780932077023, 'generation': 351}","{'id': 15498, 'rank': 9, 'fitness': 0.5561322005911845, 'generation': 351}","{'id': 15510, 'rank': 10, 'fitness': 0.5002364974203959, 'generation': 351}","{'id': 15511, 'rank': 11, 'fitness': 0.4891319504311276, 'generation': 351}","{'id': 15491, 'rank': 12, 'fitness': 0.43177468554971293, 'generation': 351}","{'id': 15514, 'rank': 13, 'fitness': 0.4062400018829755, 'generation': 351}","{'id': 15515, 'rank': 14, 'fitness': 0.39329287990165257, 'generation': 351}","{'id': 15504, 'rank': 15, 'fitness': 0.31130941269502316, 'generation': 351}","{'id': 15489, 'rank': 16, 'fitness': 0.2664929116136034, 'generation': 351}","{'id': 15501, 'rank': 17, 'fitness': 0.24749918064818205, 'generation': 351}","{'id': 15490, 'rank': 18, 'fitness': 0.18912364668652143, 'generation': 351}","{'id': 15483, 'rank': 19, 'fitness': 0.17685289542981997, 'generation': 351}","{'id': 15507, 'rank': 20, 'fitness': 0.15763038178318395, 'generation': 351}","{'id': 15496, 'rank': 21, 'fitness': 0.10617176499255143, 'generation': 351}","{'id': 15485, 'rank': 22, 'fitness': 0.10592493523483865, 'generation': 351}","{'id': 15508, 'rank': 23, 'fitness': 0.08868462704011848, 'generation': 351}","{'id': 15506, 'rank': 24, 'fitness': 0.08797383767533506, 'generation': 351}","{'id': 15481, 'rank': 25, 'fitness': 0.06361910086462219, 'generation': 351}","{'id': 15505, 'rank': 26, 'fitness': 0.042338306596923, 'generation': 351}","{'id': 15500, 'rank': 27, 'fitness': 0.03539844035279671, 'generation': 351}","{'id': 15492, 'rank': 28, 'fitness': 0.024377858963433918, 'generation': 351}","{'id': 15502, 'rank': 29, 'fitness': 0.02056004499947267, 'generation': 351}","{'id': 15475, 'rank': 30, 'fitness': 0.01798620996209155, 'generation': 351}"
"{'id': 15549, 'rank': 1, 'fitness': 0.9820137900379085, 'generation': 352}","{'id': 15559, 'rank': 2, 'fitness': 0.8059079516009793, 'generation': 352}","{'id': 15518, 'rank': 3, 'fitness': 0.5052033470929153, 'generation': 352}","{'id': 15565, 'rank': 4, 'fitness': 0.4146475050987242, 'generation': 352}","{'id': 15529, 'rank': 5, 'fitness': 0.4014609944968244, 'generation': 352}","{'id': 15521, 'rank': 6, 'fitness': 0.32309076755908805, 'generation': 352}","{'id': 15562, 'rank': 7, 'fitness': 0.25701841737944503, 'generation': 352}","{'id': 15535, 'rank': 8, 'fitness': 0.2512444221000879, 'generation': 352}","{'id': 15557, 'rank': 9, 'fitness': 0.19542235114143425, 'generation': 352}","{'id': 15553, 'rank': 10, 'fitness': 0.08109411849079412, 'generation': 352}","{'id': 15520, 'rank': 11, 'fitness': 0.0810048046430435, 'generation': 352}","{'id': 15538, 'rank': 12, 'fitness': 0.0682765811889735, 'generation': 352}","{'id': 15555, 'rank': 13, 'fitness': 0.06597266070403879, 'generation': 352}","{'id': 15532, 'rank': 14, 'fitness': 0.06076417263553452, 'generation': 352}","{'id': 15537, 'rank': 15, 'fitness': 0.050483825059320586, 'generation': 352}","{'id': 15543, 'rank': 16, 'fitness': 0.05041202511784043, 'generation': 352}","{'id': 15550, 'rank': 17, 'fitness': 0.049210050193319366, 'generation': 352}","{'id': 15547, 'rank': 18, 'fitness': 0.04865931186322636, 'generation': 352}","{'id': 15564, 'rank': 19, 'fitness': 0.04557029059140483, 'generation': 352}","{'id': 15534, 'rank': 20, 'fitness': 0.044012656504794745, 'generation': 352}","{'id': 15533, 'rank': 21, 'fitness': 0.04146083394621686, 'generation': 352}","{'id': 15541, 'rank': 22, 'fitness': 0.03666889037987192, 'generation': 352}","{'id': 15539, 'rank': 23, 'fitness': 0.035767289905827226, 'generation': 352}","{'id': 15554, 'rank': 24, 'fitness': 0.0316223182789907, 'generation': 352}","{'id': 15548, 'rank': 25, 'fitness': 0.030608408908176288, 'generation': 352}","{'id': 15545, 'rank': 26, 'fitness': 0.026557001308064487, 'generation': 352}","{'id': 15561, 'rank': 27, 'fitness': 0.023979048979519357, 'generation': 352}","{'id': 15546, 'rank': 28, 'fitness': 0.021098217715680545, 'generation': 352}","{'id': 15540, 'rank': 29, 'fitness': 0.018236420844461976, 'generation': 352}","{'id': 15536, 'rank': 30, 'fitness': 0.01798620996209155, 'generation': 352}"
"{'id': 15595, 'rank': 1, 'fitness': 0.9820137900379085, 'generation': 353}","{'id': 15603, 'rank': 2, 'fitness': 0.886406438333873, 'generation': 353}","{'id': 15575, 'rank': 3, 'fitness': 0.7601491236334733, 'generation': 353}","{'id': 15585, 'rank': 4, 'fitness': 0.7476118167303059, 'generation': 353}","{'id': 15600, 'rank': 5, 'fitness': 0.7076370505145506, 'generation': 353}","{'id': 15602, 'rank': 6, 'fitness': 0.6519043986481413, 'generation': 353}","{'id': 15587, 'rank': 7, 'fitness': 0.6361350532100812, 'generation': 353}","{'id': 15594, 'rank': 8, 'fitness': 0.581483155326525, 'generation': 353}","{'id': 15593, 'rank': 9, 'fitness': 0.487531345613673, 'generation': 353}","{'id': 15573, 'rank': 10, 'fitness': 0.35563869436074397, 'generation': 353}","{'id': 15599, 'rank': 11, 'fitness': 0.31724514493622663, 'generation': 353}","{'id': 15568, 'rank': 12, 'fitness': 0.3154447593960419, 'generation': 353}","{'id': 15579, 'rank': 13, 'fitness': 0.304508064535967, 'generation': 353}","{'id': 15604, 'rank': 14, 'fitness': 0.20626873734058282, 'generation': 353}","{'id': 15605, 'rank': 15, 'fitness': 0.14508601693982992, 'generation': 353}","{'id': 15586, 'rank': 16, 'fitness': 0.11342277963225422, 'generation': 353}","{'id': 15596, 'rank': 17, 'fitness': 0.1070844156249644, 'generation': 353}","{'id': 15580, 'rank': 18, 'fitness': 0.08838735289262056, 'generation': 353}","{'id': 15576, 'rank': 19, 'fitness': 0.06972671493802529, 'generation': 353}","{'id': 15577, 'rank': 20, 'fitness': 0.06225952486030756, 'generation': 353}","{'id': 15598, 'rank': 21, 'fitness': 0.061577022933889, 'generation': 353}","{'id': 15583, 'rank': 22, 'fitness': 0.048353617638934754, 'generation': 353}","{'id': 15578, 'rank': 23, 'fitness': 0.04564938685268177, 'generation': 353}","{'id': 15601, 'rank': 24, 'fitness': 0.043805888400043735, 'generation': 353}","{'id': 15566, 'rank': 25, 'fitness': 0.03052773252381752, 'generation': 353}","{'id': 15570, 'rank': 26, 'fitness': 0.028015568622732856, 'generation': 353}","{'id': 15584, 'rank': 27, 'fitness': 0.025167521651826064, 'generation': 353}","{'id': 15571, 'rank': 28, 'fitness': 0.022113759601042948, 'generation': 353}","{'id': 15588, 'rank': 29, 'fitness': 0.020572279076763567, 'generation': 353}","{'id': 15590, 'rank': 30, 'fitness': 0.01798620996209155, 'generation': 353}"
"{'id': 15628, 'rank': 1, 'fitness': 0.9820137900379085, 'generation': 354}","{'id': 15636, 'rank': 2, 'fitness': 0.9796215416422722, 'generation': 354}","{'id': 15641, 'rank': 3, 'fitness': 0.9717192061401752, 'generation': 354}","{'id': 15633, 'rank': 4, 'fitness': 0.931136695402557, 'generation': 354}","{'id': 15640, 'rank': 5, 'fitness': 0.7904582639706819, 'generation': 354}","{'id': 15626, 'rank': 6, 'fitness': 0.701445453098156, 'generation': 354}","{'id': 15637, 'rank': 7, 'fitness': 0.6698009709564897, 'generation': 354}","{'id': 15644, 'rank': 8, 'fitness': 0.5876923787511443, 'generation': 354}","{'id': 15614, 'rank': 9, 'fitness': 0.5130177889409772, 'generation': 354}","{'id': 15627, 'rank': 10, 'fitness': 0.30442578025949935, 'generation': 354}","{'id': 15638, 'rank': 11, 'fitness': 0.19131266538203234, 'generation': 354}","{'id': 15622, 'rank': 12, 'fitness': 0.15678662017229694, 'generation': 354}","{'id': 15635, 'rank': 13, 'fitness': 0.12205595367230992, 'generation': 354}","{'id': 15615, 'rank': 14, 'fitness': 0.12121674773406949, 'generation': 354}","{'id': 15631, 'rank': 15, 'fitness': 0.11289689066566894, 'generation': 354}","{'id': 15618, 'rank': 16, 'fitness': 0.11053809528190406, 'generation': 354}","{'id': 15642, 'rank': 17, 'fitness': 0.10066564649872828, 'generation': 354}","{'id': 15624, 'rank': 18, 'fitness': 0.0921957362427328, 'generation': 354}","{'id': 15639, 'rank': 19, 'fitness': 0.09023294407394378, 'generation': 354}","{'id': 15630, 'rank': 20, 'fitness': 0.0808811836582195, 'generation': 354}","{'id': 15625, 'rank': 21, 'fitness': 0.06529023866431688, 'generation': 354}","{'id': 15620, 'rank': 22, 'fitness': 0.0636650545677776, 'generation': 354}","{'id': 15616, 'rank': 23, 'fitness': 0.059751261369989705, 'generation': 354}","{'id': 15606, 'rank': 24, 'fitness': 0.04745643710607306, 'generation': 354}","{'id': 15623, 'rank': 25, 'fitness': 0.030517973562841416, 'generation': 354}","{'id': 15629, 'rank': 26, 'fitness': 0.03006688102051297, 'generation': 354}","{'id': 15621, 'rank': 27, 'fitness': 0.025041669726634186, 'generation': 354}","{'id': 15608, 'rank': 28, 'fitness': 0.022851013637907536, 'generation': 354}","{'id': 15607, 'rank': 29, 'fitness': 0.01981063886806389, 'generation': 354}","{'id': 15643, 'rank': 30, 'fitness': 0.01798620996209155, 'generation': 354}"
"{'id': 15671, 'rank': 1, 'fitness': 0.9820137900379085, 'generation': 355}","{'id': 15680, 'rank': 2, 'fitness': 0.9765693775914561, 'generation': 355}","{'id': 15664, 'rank': 3, 'fitness': 0.9753005749568853, 'generation': 355}","{'id': 15670, 'rank': 4, 'fitness': 0.9488499772556052, 'generation': 355}","{'id': 15668, 'rank': 5, 'fitness': 0.9021231290893544, 'generation': 355}","{'id': 15674, 'rank': 6, 'fitness': 0.8781337477272017, 'generation': 355}","{'id': 15676, 'rank': 7, 'fitness': 0.815128002765115, 'generation': 355}","{'id': 15660, 'rank': 8, 'fitness': 0.812093379696778, 'generation': 355}","{'id': 15655, 'rank': 9, 'fitness': 0.7209430217440811, 'generation': 355}","{'id': 15656, 'rank': 10, 'fitness': 0.7157794401954628, 'generation': 355}","{'id': 15684, 'rank': 11, 'fitness': 0.4662645634510693, 'generation': 355}","{'id': 15675, 'rank': 12, 'fitness': 0.33067774038137804, 'generation': 355}","{'id': 15681, 'rank': 13, 'fitness': 0.25684701488792994, 'generation': 355}","{'id': 15673, 'rank': 14, 'fitness': 0.19932237724657276, 'generation': 355}","{'id': 15672, 'rank': 15, 'fitness': 0.1881566057230864, 'generation': 355}","{'id': 15682, 'rank': 16, 'fitness': 0.13049644411344152, 'generation': 355}","{'id': 15678, 'rank': 17, 'fitness': 0.1187680189198625, 'generation': 355}","{'id': 15669, 'rank': 18, 'fitness': 0.11757400304689702, 'generation': 355}","{'id': 15646, 'rank': 19, 'fitness': 0.07681090691018866, 'generation': 355}","{'id': 15665, 'rank': 20, 'fitness': 0.06853422098204887, 'generation': 355}","{'id': 15652, 'rank': 21, 'fitness': 0.0640707622170742, 'generation': 355}","{'id': 15683, 'rank': 22, 'fitness': 0.05995728224243574, 'generation': 355}","{'id': 15658, 'rank': 23, 'fitness': 0.046657277573826816, 'generation': 355}","{'id': 15663, 'rank': 24, 'fitness': 0.046006788252825115, 'generation': 355}","{'id': 15647, 'rank': 25, 'fitness': 0.04298648235132785, 'generation': 355}","{'id': 15654, 'rank': 26, 'fitness': 0.0394999853079418, 'generation': 355}","{'id': 15653, 'rank': 27, 'fitness': 0.03321774638020647, 'generation': 355}","{'id': 15679, 'rank': 28, 'fitness': 0.026680326838169233, 'generation': 355}","{'id': 15666, 'rank': 29, 'fitness': 0.024969244221355602, 'generation': 355}","{'id': 15662, 'rank': 30, 'fitness': 0.01798620996209155, 'generation': 355}"
"{'id': 15709, 'rank': 1, 'fitness': 0.9820137900379085, 'generation': 356}","{'id': 15715, 'rank': 2, 'fitness': 0.9778277667765302, 'generation': 356}","{'id': 15721, 'rank': 3, 'fitness': 0.9554328222937336, 'generation': 356}","{'id': 15713, 'rank': 4, 'fitness': 0.9548050247577181, 'generation': 356}","{'id': 15706, 'rank': 5, 'fitness': 0.8506187921557709, 'generation': 356}","{'id': 15690, 'rank': 6, 'fitness': 0.7135889599622084, 'generation': 356}","{'id': 15711, 'rank': 7, 'fitness': 0.6529492923646025, 'generation': 356}","{'id': 15705, 'rank': 8, 'fitness': 0.5990726064348838, 'generation': 356}","{'id': 15717, 'rank': 9, 'fitness': 0.59167407861897, 'generation': 356}","{'id': 15716, 'rank': 10, 'fitness': 0.47042135561958437, 'generation': 356}","{'id': 15714, 'rank': 11, 'fitness': 0.422814828705263, 'generation': 356}","{'id': 15707, 'rank': 12, 'fitness': 0.4112068496908423, 'generation': 356}","{'id': 15698, 'rank': 13, 'fitness': 0.3981890544188513, 'generation': 356}","{'id': 15691, 'rank': 14, 'fitness': 0.3230650350023391, 'generation': 356}","{'id': 15720, 'rank': 15, 'fitness': 0.30363440713810563, 'generation': 356}","{'id': 15702, 'rank': 16, 'fitness': 0.2369753767663325, 'generation': 356}","{'id': 15712, 'rank': 17, 'fitness': 0.19803793268140446, 'generation': 356}","{'id': 15719, 'rank': 18, 'fitness': 0.19716067625403166, 'generation': 356}","{'id': 15723, 'rank': 19, 'fitness': 0.1820378598233987, 'generation': 356}","{'id': 15694, 'rank': 20, 'fitness': 0.17398312950432293, 'generation': 356}","{'id': 15685, 'rank': 21, 'fitness': 0.1255529368967354, 'generation': 356}","{'id': 15689, 'rank': 22, 'fitness': 0.1054603073833753, 'generation': 356}","{'id': 15703, 'rank': 23, 'fitness': 0.09882958151442883, 'generation': 356}","{'id': 15704, 'rank': 24, 'fitness': 0.09560573122340754, 'generation': 356}","{'id': 15701, 'rank': 25, 'fitness': 0.09285718267794868, 'generation': 356}","{'id': 15718, 'rank': 26, 'fitness': 0.06250313799075935, 'generation': 356}","{'id': 15686, 'rank': 27, 'fitness': 0.03568796917375655, 'generation': 356}","{'id': 15722, 'rank': 28, 'fitness': 0.029843614595994494, 'generation': 356}","{'id': 15708, 'rank': 29, 'fitness': 0.020907405753971542, 'generation': 356}","{'id': 15692, 'rank': 30, 'fitness': 0.01798620996209155, 'generation': 356}"
"{'id': 15740, 'rank': 1, 'fitness': 0.9820137900379085, 'generation': 357}","{'id': 15764, 'rank': 2, 'fitness': 0.966886744367667, 'generation': 357}","{'id': 15742, 'rank': 3, 'fitness': 0.9022819333400833, 'generation': 357}","{'id': 15751, 'rank': 4, 'fitness': 0.898298530238919, 'generation': 357}","{'id': 15755, 'rank': 5, 'fitness': 0.8346136461893408, 'generation': 357}","{'id': 15760, 'rank': 6, 'fitness': 0.767548270874004, 'generation': 357}","{'id': 15772, 'rank': 7, 'fitness': 0.7401766300273618, 'generation': 357}","{'id': 15758, 'rank': 8, 'fitness': 0.6254158138539891, 'generation': 357}","{'id': 15754, 'rank': 9, 'fitness': 0.6052283904060838, 'generation': 357}","{'id': 15756, 'rank': 10, 'fitness': 0.4756362121685403, 'generation': 357}","{'id': 15768, 'rank': 11, 'fitness': 0.32201012017688935, 'generation': 357}","{'id': 15771, 'rank': 12, 'fitness': 0.2622429246473964, 'generation': 357}","{'id': 15767, 'rank': 13, 'fitness': 0.2415920667719041, 'generation': 357}","{'id': 15737, 'rank': 14, 'fitness': 0.2352270997722341, 'generation': 357}","{'id': 15770, 'rank': 15, 'fitness': 0.2186089796491012, 'generation': 357}","{'id': 15725, 'rank': 16, 'fitness': 0.17222656905822564, 'generation': 357}","{'id': 15762, 'rank': 17, 'fitness': 0.16311445727652474, 'generation': 357}","{'id': 15744, 'rank': 18, 'fitness': 0.12684583869759347, 'generation': 357}","{'id': 15734, 'rank': 19, 'fitness': 0.11368083541794227, 'generation': 357}","{'id': 15766, 'rank': 20, 'fitness': 0.10997035800937821, 'generation': 357}","{'id': 15773, 'rank': 21, 'fitness': 0.0795890956964807, 'generation': 357}","{'id': 15761, 'rank': 22, 'fitness': 0.07859574621841448, 'generation': 357}","{'id': 15746, 'rank': 23, 'fitness': 0.07611908326208161, 'generation': 357}","{'id': 15733, 'rank': 24, 'fitness': 0.05976698346000631, 'generation': 357}","{'id': 15769, 'rank': 25, 'fitness': 0.047312779308050223, 'generation': 357}","{'id': 15726, 'rank': 26, 'fitness': 0.03940441848749021, 'generation': 357}","{'id': 15757, 'rank': 27, 'fitness': 0.03307937798718541, 'generation': 357}","{'id': 15765, 'rank': 28, 'fitness': 0.03278403962507381, 'generation': 357}","{'id': 15752, 'rank': 29, 'fitness': 0.0203465704487501, 'generation': 357}","{'id': 15748, 'rank': 30, 'fitness': 0.01798620996209155, 'generation': 357}"
"{'id': 15779, 'rank': 1, 'fitness': 0.9820137900379085, 'generation': 358}","{'id': 15808, 'rank': 2, 'fitness': 0.9263823068600328, 'generation': 358}","{'id': 15821, 'rank': 3, 'fitness': 0.6592838233948252, 'generation': 358}","{'id': 15823, 'rank': 4, 'fitness': 0.5056876020510969, 'generation': 358}","{'id': 15815, 'rank': 5, 'fitness': 0.4735249575824944, 'generation': 358}","{'id': 15826, 'rank': 6, 'fitness': 0.3067280403414288, 'generation': 358}","{'id': 15814, 'rank': 7, 'fitness': 0.2695473742418117, 'generation': 358}","{'id': 15787, 'rank': 8, 'fitness': 0.2135532871974572, 'generation': 358}","{'id': 15818, 'rank': 9, 'fitness': 0.1906244864297204, 'generation': 358}","{'id': 15782, 'rank': 10, 'fitness': 0.17663265602139738, 'generation': 358}","{'id': 15783, 'rank': 11, 'fitness': 0.17379721353891409, 'generation': 358}","{'id': 15811, 'rank': 12, 'fitness': 0.16538702428685836, 'generation': 358}","{'id': 15795, 'rank': 13, 'fitness': 0.15601247063253793, 'generation': 358}","{'id': 15817, 'rank': 14, 'fitness': 0.14427723169237017, 'generation': 358}","{'id': 15824, 'rank': 15, 'fitness': 0.12849087743609444, 'generation': 358}","{'id': 15820, 'rank': 16, 'fitness': 0.10428351987222628, 'generation': 358}","{'id': 15802, 'rank': 17, 'fitness': 0.07267615685104323, 'generation': 358}","{'id': 15792, 'rank': 18, 'fitness': 0.06690503756142085, 'generation': 358}","{'id': 15813, 'rank': 19, 'fitness': 0.05230358025173776, 'generation': 358}","{'id': 15804, 'rank': 20, 'fitness': 0.048773032517406945, 'generation': 358}","{'id': 15791, 'rank': 21, 'fitness': 0.04523952575793955, 'generation': 358}","{'id': 15816, 'rank': 22, 'fitness': 0.04285332782928114, 'generation': 358}","{'id': 15801, 'rank': 23, 'fitness': 0.03813290576572187, 'generation': 358}","{'id': 15774, 'rank': 24, 'fitness': 0.032241826501921256, 'generation': 358}","{'id': 15812, 'rank': 25, 'fitness': 0.030794642058337485, 'generation': 358}","{'id': 15790, 'rank': 26, 'fitness': 0.028118400261108234, 'generation': 358}","{'id': 15825, 'rank': 27, 'fitness': 0.0264378145421979, 'generation': 358}","{'id': 15819, 'rank': 28, 'fitness': 0.024992795344040475, 'generation': 358}","{'id': 15788, 'rank': 29, 'fitness': 0.02099669273671284, 'generation': 358}","{'id': 15810, 'rank': 30, 'fitness': 0.01798620996209155, 'generation': 358}"
"{'id': 15858, 'rank': 1, 'fitness': 0.9820137900379085, 'generation': 359}","{'id': 15855, 'rank': 2, 'fitness': 0.9775587792659123, 'generation': 359}","{'id': 15848, 'rank': 3, 'fitness': 0.9084946684197814, 'generation': 359}","{'id': 15833, 'rank': 4, 'fitness': 0.8880108341180323, 'generation': 359}","{'id': 15863, 'rank': 5, 'fitness': 0.8417268479140569, 'generation': 359}","{'id': 15843, 'rank': 6, 'fitness': 0.8124667052301764, 'generation': 359}","{'id': 15861, 'rank': 7, 'fitness': 0.6640301529759775, 'generation': 359}","{'id': 15849, 'rank': 8, 'fitness': 0.6330163839210098, 'generation': 359}","{'id': 15846, 'rank': 9, 'fitness': 0.5929816847750397, 'generation': 359}","{'id': 15841, 'rank': 10, 'fitness': 0.5898213742102819, 'generation': 359}","{'id': 15859, 'rank': 11, 'fitness': 0.5189422002444473, 'generation': 359}","{'id': 15845, 'rank': 12, 'fitness': 0.3460634672406745, 'generation': 359}","{'id': 15842, 'rank': 13, 'fitness': 0.34364659532229525, 'generation': 359}","{'id': 15860, 'rank': 14, 'fitness': 0.29328088691623716, 'generation': 359}","{'id': 15857, 'rank': 15, 'fitness': 0.23149388868877968, 'generation': 359}","{'id': 15844, 'rank': 16, 'fitness': 0.1586998349047471, 'generation': 359}","{'id': 15862, 'rank': 17, 'fitness': 0.10833858448547368, 'generation': 359}","{'id': 15865, 'rank': 18, 'fitness': 0.09541030937213169, 'generation': 359}","{'id': 15831, 'rank': 19, 'fitness': 0.08886411428403312, 'generation': 359}","{'id': 15852, 'rank': 20, 'fitness': 0.06325949790023044, 'generation': 359}","{'id': 15839, 'rank': 21, 'fitness': 0.05358176895866901, 'generation': 359}","{'id': 15856, 'rank': 22, 'fitness': 0.04783493952986495, 'generation': 359}","{'id': 15847, 'rank': 23, 'fitness': 0.04734072681777485, 'generation': 359}","{'id': 15832, 'rank': 24, 'fitness': 0.04569723251781421, 'generation': 359}","{'id': 15838, 'rank': 25, 'fitness': 0.045632520591651404, 'generation': 359}","{'id': 15837, 'rank': 26, 'fitness': 0.028329941429003636, 'generation': 359}","{'id': 15850, 'rank': 27, 'fitness': 0.025342986278244606, 'generation': 359}","{'id': 15834, 'rank': 28, 'fitness': 0.023551409868105277, 'generation': 359}","{'id': 15836, 'rank': 29, 'fitness': 0.020201443905211613, 'generation': 359}","{'id': 15828, 'rank': 30, 'fitness': 0.01798620996209155, 'generation': 359}"
"{'id': 15910, 'rank': 1, 'fitness': 0.9820137900379085, 'generation': 360}","{'id': 15902, 'rank': 2, 'fitness': 0.9734007496326263, 'generation': 360}","{'id': 15907, 'rank': 3, 'fitness': 0.9252916903436064, 'generation': 360}","{'id': 15901, 'rank': 4, 'fitness': 0.8061563216510487, 'generation': 360}","{'id': 15898, 'rank': 5, 'fitness': 0.6748176850034828, 'generation': 360}","{'id': 15909, 'rank': 6, 'fitness': 0.5730934861177674, 'generation': 360}","{'id': 15886, 'rank': 7, 'fitness': 0.4599698619490408, 'generation': 360}","{'id': 15870, 'rank': 8, 'fitness': 0.37605144753064745, 'generation': 360}","{'id': 15911, 'rank': 9, 'fitness': 0.27033388089653604, 'generation': 360}","{'id': 15877, 'rank': 10, 'fitness': 0.2688094506457257, 'generation': 360}","{'id': 15904, 'rank': 11, 'fitness': 0.24840873581166123, 'generation': 360}","{'id': 15894, 'rank': 12, 'fitness': 0.21781037994321195, 'generation': 360}","{'id': 15908, 'rank': 13, 'fitness': 0.20289659804608612, 'generation': 360}","{'id': 15899, 'rank': 14, 'fitness': 0.18571076377495244, 'generation': 360}","{'id': 15905, 'rank': 15, 'fitness': 0.1601081992461434, 'generation': 360}","{'id': 15885, 'rank': 16, 'fitness': 0.1390065214926003, 'generation': 360}","{'id': 15903, 'rank': 17, 'fitness': 0.10198614879049789, 'generation': 360}","{'id': 15876, 'rank': 18, 'fitness': 0.09757149008662441, 'generation': 360}","{'id': 15892, 'rank': 19, 'fitness': 0.09550583701349202, 'generation': 360}","{'id': 15874, 'rank': 20, 'fitness': 0.06270527518966762, 'generation': 360}","{'id': 15896, 'rank': 21, 'fitness': 0.057195136607975705, 'generation': 360}","{'id': 15882, 'rank': 22, 'fitness': 0.054054577469424214, 'generation': 360}","{'id': 15878, 'rank': 23, 'fitness': 0.042050712327822815, 'generation': 360}","{'id': 15869, 'rank': 24, 'fitness': 0.039893426321982894, 'generation': 360}","{'id': 15893, 'rank': 25, 'fitness': 0.03877633012470444, 'generation': 360}","{'id': 15890, 'rank': 26, 'fitness': 0.0371257099331303, 'generation': 360}","{'id': 15895, 'rank': 27, 'fitness': 0.03500435610779079, 'generation': 360}","{'id': 15879, 'rank': 28, 'fitness': 0.026501768973208717, 'generation': 360}","{'id': 15884, 'rank': 29, 'fitness': 0.01930194844104738, 'generation': 360}","{'id': 15873, 'rank': 30, 'fitness': 0.01798620996209155, 'generation': 360}"
"{'id': 15937, 'rank': 1, 'fitness': 0.9820137900379085, 'generation': 361}","{'id': 15943, 'rank': 2, 'fitness': 0.8154377005158422, 'generation': 361}","{'id': 15945, 'rank': 3, 'fitness': 0.8145997450102473, 'generation': 361}","{'id': 15920, 'rank': 4, 'fitness': 0.7283879591856157, 'generation': 361}","{'id': 15953, 'rank': 5, 'fitness': 0.7254871033534457, 'generation': 361}","{'id': 15946, 'rank': 6, 'fitness': 0.6621141065101839, 'generation': 361}","{'id': 15931, 'rank': 7, 'fitness': 0.5638387433715838, 'generation': 361}","{'id': 15955, 'rank': 8, 'fitness': 0.4940112896499064, 'generation': 361}","{'id': 15915, 'rank': 9, 'fitness': 0.4257475036924512, 'generation': 361}","{'id': 15956, 'rank': 10, 'fitness': 0.4137077272989681, 'generation': 361}","{'id': 15933, 'rank': 11, 'fitness': 0.383997283625925, 'generation': 361}","{'id': 15932, 'rank': 12, 'fitness': 0.31706942938590577, 'generation': 361}","{'id': 15942, 'rank': 13, 'fitness': 0.23594414034536648, 'generation': 361}","{'id': 15947, 'rank': 14, 'fitness': 0.21760727753577203, 'generation': 361}","{'id': 15938, 'rank': 15, 'fitness': 0.2109472661282208, 'generation': 361}","{'id': 15954, 'rank': 16, 'fitness': 0.17988491475560958, 'generation': 361}","{'id': 15913, 'rank': 17, 'fitness': 0.10970117656158257, 'generation': 361}","{'id': 15923, 'rank': 18, 'fitness': 0.10662116820132966, 'generation': 361}","{'id': 15940, 'rank': 19, 'fitness': 0.09662890509213057, 'generation': 361}","{'id': 15916, 'rank': 20, 'fitness': 0.07946385708063736, 'generation': 361}","{'id': 15950, 'rank': 21, 'fitness': 0.07299128743451366, 'generation': 361}","{'id': 15919, 'rank': 22, 'fitness': 0.06809247586137163, 'generation': 361}","{'id': 15941, 'rank': 23, 'fitness': 0.0659538255720975, 'generation': 361}","{'id': 15924, 'rank': 24, 'fitness': 0.06326325427015844, 'generation': 361}","{'id': 15935, 'rank': 25, 'fitness': 0.06228700827519573, 'generation': 361}","{'id': 15948, 'rank': 26, 'fitness': 0.05940925483285181, 'generation': 361}","{'id': 15949, 'rank': 27, 'fitness': 0.05569917359359311, 'generation': 361}","{'id': 15914, 'rank': 28, 'fitness': 0.04307686650113918, 'generation': 361}","{'id': 15917, 'rank': 29, 'fitness': 0.02254439154053922, 'generation': 361}","{'id': 15929, 'rank': 30, 'fitness': 0.01798620996209155, 'generation': 361}"
"{'id': 15990, 'rank': 1, 'fitness': 0.9820137900379085, 'generation': 362}","{'id': 15991, 'rank': 2, 'fitness': 0.9735185139199254, 'generation': 362}","{'id': 15996, 'rank': 3, 'fitness': 0.9626946635497182, 'generation': 362}","{'id': 15984, 'rank': 4, 'fitness': 0.9603843101027613, 'generation': 362}","{'id': 15986, 'rank': 5, 'fitness': 0.8619263493436204, 'generation': 362}","{'id': 15998, 'rank': 6, 'fitness': 0.8442492919210124, 'generation': 362}","{'id': 16000, 'rank': 7, 'fitness': 0.834119016233097, 'generation': 362}","{'id': 15994, 'rank': 8, 'fitness': 0.6607359789796425, 'generation': 362}","{'id': 15997, 'rank': 9, 'fitness': 0.6548473799868185, 'generation': 362}","{'id': 15957, 'rank': 10, 'fitness': 0.5660491517691826, 'generation': 362}","{'id': 15999, 'rank': 11, 'fitness': 0.5434977471336648, 'generation': 362}","{'id': 15993, 'rank': 12, 'fitness': 0.4279819022100776, 'generation': 362}","{'id': 16001, 'rank': 13, 'fitness': 0.3169519518775657, 'generation': 362}","{'id': 15992, 'rank': 14, 'fitness': 0.2843259866911012, 'generation': 362}","{'id': 15960, 'rank': 15, 'fitness': 0.2749137063287832, 'generation': 362}","{'id': 15962, 'rank': 16, 'fitness': 0.20795436774907378, 'generation': 362}","{'id': 15988, 'rank': 17, 'fitness': 0.16720770647176936, 'generation': 362}","{'id': 15978, 'rank': 18, 'fitness': 0.1591410539814142, 'generation': 362}","{'id': 15972, 'rank': 19, 'fitness': 0.12223692126481994, 'generation': 362}","{'id': 15975, 'rank': 20, 'fitness': 0.10802077536381594, 'generation': 362}","{'id': 15980, 'rank': 21, 'fitness': 0.09028367372915103, 'generation': 362}","{'id': 15963, 'rank': 22, 'fitness': 0.07710665401081829, 'generation': 362}","{'id': 15976, 'rank': 23, 'fitness': 0.0710520597277361, 'generation': 362}","{'id': 15983, 'rank': 24, 'fitness': 0.060691286836775604, 'generation': 362}","{'id': 15967, 'rank': 25, 'fitness': 0.060598777936037185, 'generation': 362}","{'id': 15964, 'rank': 26, 'fitness': 0.051172126609782154, 'generation': 362}","{'id': 15979, 'rank': 27, 'fitness': 0.03677183921361632, 'generation': 362}","{'id': 15995, 'rank': 28, 'fitness': 0.036285397726811164, 'generation': 362}","{'id': 15971, 'rank': 29, 'fitness': 0.03135781188646314, 'generation': 362}","{'id': 15981, 'rank': 30, 'fitness': 0.01798620996209155, 'generation': 362}"
"{'id': 16046, 'rank': 1, 'fitness': 0.9820137900379085, 'generation': 363}","{'id': 16037, 'rank': 2, 'fitness': 0.959445799717335, 'generation': 363}","{'id': 16025, 'rank': 3, 'fitness': 0.8976963223808339, 'generation': 363}","{'id': 16022, 'rank': 4, 'fitness': 0.7654224593732403, 'generation': 363}","{'id': 16034, 'rank': 5, 'fitness': 0.6930541407898918, 'generation': 363}","{'id': 16044, 'rank': 6, 'fitness': 0.6661212158428758, 'generation': 363}","{'id': 16027, 'rank': 7, 'fitness': 0.562607128828613, 'generation': 363}","{'id': 16017, 'rank': 8, 'fitness': 0.4715056004951151, 'generation': 363}","{'id': 16045, 'rank': 9, 'fitness': 0.4288694070453205, 'generation': 363}","{'id': 16032, 'rank': 10, 'fitness': 0.386951965157825, 'generation': 363}","{'id': 16038, 'rank': 11, 'fitness': 0.37175896118729757, 'generation': 363}","{'id': 16036, 'rank': 12, 'fitness': 0.36171474847634477, 'generation': 363}","{'id': 16042, 'rank': 13, 'fitness': 0.3471129375349855, 'generation': 363}","{'id': 16029, 'rank': 14, 'fitness': 0.3274736891350317, 'generation': 363}","{'id': 16023, 'rank': 15, 'fitness': 0.3036757778515581, 'generation': 363}","{'id': 16030, 'rank': 16, 'fitness': 0.256906287230414, 'generation': 363}","{'id': 16039, 'rank': 17, 'fitness': 0.18651938399615564, 'generation': 363}","{'id': 16031, 'rank': 18, 'fitness': 0.16512180327218673, 'generation': 363}","{'id': 16012, 'rank': 19, 'fitness': 0.14727325669159813, 'generation': 363}","{'id': 16011, 'rank': 20, 'fitness': 0.12728497650162174, 'generation': 363}","{'id': 16033, 'rank': 21, 'fitness': 0.10025236005710841, 'generation': 363}","{'id': 16040, 'rank': 22, 'fitness': 0.09879164160199616, 'generation': 363}","{'id': 16015, 'rank': 23, 'fitness': 0.06640455298041215, 'generation': 363}","{'id': 16016, 'rank': 24, 'fitness': 0.0468928987383469, 'generation': 363}","{'id': 16007, 'rank': 25, 'fitness': 0.033868092811557504, 'generation': 363}","{'id': 16035, 'rank': 26, 'fitness': 0.024617776975183803, 'generation': 363}","{'id': 16009, 'rank': 27, 'fitness': 0.022985702416597198, 'generation': 363}","{'id': 16041, 'rank': 28, 'fitness': 0.020420746960967295, 'generation': 363}","{'id': 16004, 'rank': 29, 'fitness': 0.01828607227767487, 'generation': 363}","{'id': 16028, 'rank': 30, 'fitness': 0.01798620996209155, 'generation': 363}"
"{'id': 16085, 'rank': 1, 'fitness': 0.9820137900379085, 'generation': 364}","{'id': 16063, 'rank': 2, 'fitness': 0.9609767399608848, 'generation': 364}","{'id': 16087, 'rank': 3, 'fitness': 0.8912215739446184, 'generation': 364}","{'id': 16070, 'rank': 4, 'fitness': 0.7789174166112658, 'generation': 364}","{'id': 16089, 'rank': 5, 'fitness': 0.7147964578914335, 'generation': 364}","{'id': 16053, 'rank': 6, 'fitness': 0.4042144290746597, 'generation': 364}","{'id': 16066, 'rank': 7, 'fitness': 0.38410374176107, 'generation': 364}","{'id': 16081, 'rank': 8, 'fitness': 0.3156309144734788, 'generation': 364}","{'id': 16075, 'rank': 9, 'fitness': 0.3075696022287732, 'generation': 364}","{'id': 16074, 'rank': 10, 'fitness': 0.29301424117131913, 'generation': 364}","{'id': 16064, 'rank': 11, 'fitness': 0.2204289576326865, 'generation': 364}","{'id': 16078, 'rank': 12, 'fitness': 0.20283331513575226, 'generation': 364}","{'id': 16057, 'rank': 13, 'fitness': 0.2021996112128392, 'generation': 364}","{'id': 16050, 'rank': 14, 'fitness': 0.19393128834982198, 'generation': 364}","{'id': 16071, 'rank': 15, 'fitness': 0.19224039310409458, 'generation': 364}","{'id': 16056, 'rank': 16, 'fitness': 0.17285834195108862, 'generation': 364}","{'id': 16083, 'rank': 17, 'fitness': 0.16439882768425718, 'generation': 364}","{'id': 16072, 'rank': 18, 'fitness': 0.1528876221424355, 'generation': 364}","{'id': 16082, 'rank': 19, 'fitness': 0.106879862477741, 'generation': 364}","{'id': 16049, 'rank': 20, 'fitness': 0.10601638024464077, 'generation': 364}","{'id': 16077, 'rank': 21, 'fitness': 0.09287913667461584, 'generation': 364}","{'id': 16058, 'rank': 22, 'fitness': 0.08110689701208157, 'generation': 364}","{'id': 16052, 'rank': 23, 'fitness': 0.061118303944769636, 'generation': 364}","{'id': 16065, 'rank': 24, 'fitness': 0.05963716490242632, 'generation': 364}","{'id': 16055, 'rank': 25, 'fitness': 0.04200741873612174, 'generation': 364}","{'id': 16079, 'rank': 26, 'fitness': 0.040380785458314805, 'generation': 364}","{'id': 16048, 'rank': 27, 'fitness': 0.03800180094738076, 'generation': 364}","{'id': 16084, 'rank': 28, 'fitness': 0.030455642538626482, 'generation': 364}","{'id': 16086, 'rank': 29, 'fitness': 0.02393060288088361, 'generation': 364}","{'id': 16088, 'rank': 30, 'fitness': 0.01798620996209155, 'generation': 364}"
"{'id': 16129, 'rank': 1, 'fitness': 0.9820137900379085, 'generation': 365}","{'id': 16120, 'rank': 2, 'fitness': 0.933580232347765, 'generation': 365}","{'id': 16104, 'rank': 3, 'fitness': 0.8246532143237219, 'generation': 365}","{'id': 16122, 'rank': 4, 'fitness': 0.8207096130421945, 'generation': 365}","{'id': 16100, 'rank': 5, 'fitness': 0.7719902766267674, 'generation': 365}","{'id': 16114, 'rank': 6, 'fitness': 0.6472897063537397, 'generation': 365}","{'id': 16128, 'rank': 7, 'fitness': 0.49767034681397276, 'generation': 365}","{'id': 16107, 'rank': 8, 'fitness': 0.46797906419452906, 'generation': 365}","{'id': 16113, 'rank': 9, 'fitness': 0.4414295602842949, 'generation': 365}","{'id': 16103, 'rank': 10, 'fitness': 0.35919313769713856, 'generation': 365}","{'id': 16126, 'rank': 11, 'fitness': 0.320053149477802, 'generation': 365}","{'id': 16123, 'rank': 12, 'fitness': 0.2297330240588379, 'generation': 365}","{'id': 16124, 'rank': 13, 'fitness': 0.22875282368175043, 'generation': 365}","{'id': 16102, 'rank': 14, 'fitness': 0.22345645443639228, 'generation': 365}","{'id': 16127, 'rank': 15, 'fitness': 0.19354250288582076, 'generation': 365}","{'id': 16112, 'rank': 16, 'fitness': 0.15854745513133228, 'generation': 365}","{'id': 16097, 'rank': 17, 'fitness': 0.13823945711758956, 'generation': 365}","{'id': 16094, 'rank': 18, 'fitness': 0.12437487032753869, 'generation': 365}","{'id': 16105, 'rank': 19, 'fitness': 0.0848930222217189, 'generation': 365}","{'id': 16118, 'rank': 20, 'fitness': 0.0575393044489822, 'generation': 365}","{'id': 16111, 'rank': 21, 'fitness': 0.047794768171828095, 'generation': 365}","{'id': 16092, 'rank': 22, 'fitness': 0.04178351416991727, 'generation': 365}","{'id': 16117, 'rank': 23, 'fitness': 0.03650122721766008, 'generation': 365}","{'id': 16101, 'rank': 24, 'fitness': 0.030402603597785183, 'generation': 365}","{'id': 16119, 'rank': 25, 'fitness': 0.030062460304817296, 'generation': 365}","{'id': 16096, 'rank': 26, 'fitness': 0.028477593383916422, 'generation': 365}","{'id': 16121, 'rank': 27, 'fitness': 0.026808031414782052, 'generation': 365}","{'id': 16116, 'rank': 28, 'fitness': 0.026334885106409855, 'generation': 365}","{'id': 16106, 'rank': 29, 'fitness': 0.018490808441312456, 'generation': 365}","{'id': 16110, 'rank': 30, 'fitness': 0.01798620996209155, 'generation': 365}"
"{'id': 16158, 'rank': 1, 'fitness': 0.9820137900379085, 'generation': 366}","{'id': 16164, 'rank': 2, 'fitness': 0.751948743202501, 'generation': 366}","{'id': 16161, 'rank': 3, 'fitness': 0.7277479229966904, 'generation': 366}","{'id': 16171, 'rank': 4, 'fitness': 0.6788715350821242, 'generation': 366}","{'id': 16156, 'rank': 5, 'fitness': 0.5527553261348461, 'generation': 366}","{'id': 16163, 'rank': 6, 'fitness': 0.45852466381674467, 'generation': 366}","{'id': 16142, 'rank': 7, 'fitness': 0.42862238401612096, 'generation': 366}","{'id': 16149, 'rank': 8, 'fitness': 0.3671315440796479, 'generation': 366}","{'id': 16165, 'rank': 9, 'fitness': 0.34465992363395065, 'generation': 366}","{'id': 16168, 'rank': 10, 'fitness': 0.3123782557391378, 'generation': 366}","{'id': 16169, 'rank': 11, 'fitness': 0.2915270683948436, 'generation': 366}","{'id': 16139, 'rank': 12, 'fitness': 0.23827894869169786, 'generation': 366}","{'id': 16153, 'rank': 13, 'fitness': 0.15458201049604742, 'generation': 366}","{'id': 16135, 'rank': 14, 'fitness': 0.14942482918148048, 'generation': 366}","{'id': 16143, 'rank': 15, 'fitness': 0.1315884110058888, 'generation': 366}","{'id': 16150, 'rank': 16, 'fitness': 0.10494039783519915, 'generation': 366}","{'id': 16136, 'rank': 17, 'fitness': 0.09501593739461722, 'generation': 366}","{'id': 16151, 'rank': 18, 'fitness': 0.08372693551155669, 'generation': 366}","{'id': 16155, 'rank': 19, 'fitness': 0.0630723402773275, 'generation': 366}","{'id': 16147, 'rank': 20, 'fitness': 0.05768840951544929, 'generation': 366}","{'id': 16166, 'rank': 21, 'fitness': 0.05482233678044168, 'generation': 366}","{'id': 16159, 'rank': 22, 'fitness': 0.0501601740718981, 'generation': 366}","{'id': 16160, 'rank': 23, 'fitness': 0.04695384220450172, 'generation': 366}","{'id': 16146, 'rank': 24, 'fitness': 0.04103892073029897, 'generation': 366}","{'id': 16162, 'rank': 25, 'fitness': 0.0375851319871765, 'generation': 366}","{'id': 16148, 'rank': 26, 'fitness': 0.025607985862535043, 'generation': 366}","{'id': 16141, 'rank': 27, 'fitness': 0.024054162627970388, 'generation': 366}","{'id': 16167, 'rank': 28, 'fitness': 0.021825794002504117, 'generation': 366}","{'id': 16134, 'rank': 29, 'fitness': 0.019524700529124583, 'generation': 366}","{'id': 16145, 'rank': 30, 'fitness': 0.01798620996209155, 'generation': 366}"
"{'id': 16206, 'rank': 1, 'fitness': 0.9820137900379085, 'generation': 367}","{'id': 16191, 'rank': 2, 'fitness': 0.8733601052202336, 'generation': 367}","{'id': 16193, 'rank': 3, 'fitness': 0.7586218276763868, 'generation': 367}","{'id': 16202, 'rank': 4, 'fitness': 0.7094633659988492, 'generation': 367}","{'id': 16179, 'rank': 5, 'fitness': 0.6977159127328557, 'generation': 367}","{'id': 16175, 'rank': 6, 'fitness': 0.6296899462522463, 'generation': 367}","{'id': 16182, 'rank': 7, 'fitness': 0.608187394967231, 'generation': 367}","{'id': 16196, 'rank': 8, 'fitness': 0.6014696453551034, 'generation': 367}","{'id': 16205, 'rank': 9, 'fitness': 0.568389520533925, 'generation': 367}","{'id': 16185, 'rank': 10, 'fitness': 0.512375756561227, 'generation': 367}","{'id': 16200, 'rank': 11, 'fitness': 0.5018388498449942, 'generation': 367}","{'id': 16201, 'rank': 12, 'fitness': 0.4353667070590661, 'generation': 367}","{'id': 16197, 'rank': 13, 'fitness': 0.37057262230965526, 'generation': 367}","{'id': 16177, 'rank': 14, 'fitness': 0.20355975849983238, 'generation': 367}","{'id': 16203, 'rank': 15, 'fitness': 0.1881437380093911, 'generation': 367}","{'id': 16190, 'rank': 16, 'fitness': 0.17002397086146892, 'generation': 367}","{'id': 16192, 'rank': 17, 'fitness': 0.15180619144869556, 'generation': 367}","{'id': 16189, 'rank': 18, 'fitness': 0.13562786276883876, 'generation': 367}","{'id': 16204, 'rank': 19, 'fitness': 0.1066796352822133, 'generation': 367}","{'id': 16173, 'rank': 20, 'fitness': 0.09335801363025387, 'generation': 367}","{'id': 16194, 'rank': 21, 'fitness': 0.08050378079244785, 'generation': 367}","{'id': 16195, 'rank': 22, 'fitness': 0.06097124763215911, 'generation': 367}","{'id': 16174, 'rank': 23, 'fitness': 0.05307478512134983, 'generation': 367}","{'id': 16198, 'rank': 24, 'fitness': 0.04044082056887266, 'generation': 367}","{'id': 16176, 'rank': 25, 'fitness': 0.03858152146132143, 'generation': 367}","{'id': 16187, 'rank': 26, 'fitness': 0.03094759795353219, 'generation': 367}","{'id': 16178, 'rank': 27, 'fitness': 0.03053559952719148, 'generation': 367}","{'id': 16181, 'rank': 28, 'fitness': 0.029843295115399737, 'generation': 367}","{'id': 16188, 'rank': 29, 'fitness': 0.020286440324561728, 'generation': 367}","{'id': 16184, 'rank': 30, 'fitness': 0.01798620996209155, 'generation': 367}"
"{'id': 16240, 'rank': 1, 'fitness': 0.9820137900379085, 'generation': 368}","{'id': 16222, 'rank': 2, 'fitness': 0.9616162211951178, 'generation': 368}","{'id': 16235, 'rank': 3, 'fitness': 0.9334487898571895, 'generation': 368}","{'id': 16246, 'rank': 4, 'fitness': 0.9223525797672474, 'generation': 368}","{'id': 16250, 'rank': 5, 'fitness': 0.8515162364450009, 'generation': 368}","{'id': 16210, 'rank': 6, 'fitness': 0.7534471667164493, 'generation': 368}","{'id': 16236, 'rank': 7, 'fitness': 0.7383879642749607, 'generation': 368}","{'id': 16230, 'rank': 8, 'fitness': 0.7276665104434933, 'generation': 368}","{'id': 16214, 'rank': 9, 'fitness': 0.6308854850471275, 'generation': 368}","{'id': 16242, 'rank': 10, 'fitness': 0.5944409064686119, 'generation': 368}","{'id': 16249, 'rank': 11, 'fitness': 0.581361049209736, 'generation': 368}","{'id': 16221, 'rank': 12, 'fitness': 0.3055224851671507, 'generation': 368}","{'id': 16245, 'rank': 13, 'fitness': 0.2645744178413156, 'generation': 368}","{'id': 16234, 'rank': 14, 'fitness': 0.26239584531570237, 'generation': 368}","{'id': 16208, 'rank': 15, 'fitness': 0.1864763523918589, 'generation': 368}","{'id': 16219, 'rank': 16, 'fitness': 0.15763028692727632, 'generation': 368}","{'id': 16247, 'rank': 17, 'fitness': 0.11526516899039907, 'generation': 368}","{'id': 16215, 'rank': 18, 'fitness': 0.10579319160504902, 'generation': 368}","{'id': 16248, 'rank': 19, 'fitness': 0.09167354890583912, 'generation': 368}","{'id': 16218, 'rank': 20, 'fitness': 0.08651114769468027, 'generation': 368}","{'id': 16227, 'rank': 21, 'fitness': 0.08310427789162134, 'generation': 368}","{'id': 16223, 'rank': 22, 'fitness': 0.06633923839242084, 'generation': 368}","{'id': 16224, 'rank': 23, 'fitness': 0.06303879531122636, 'generation': 368}","{'id': 16239, 'rank': 24, 'fitness': 0.05184116928846422, 'generation': 368}","{'id': 16207, 'rank': 25, 'fitness': 0.05156145820310348, 'generation': 368}","{'id': 16216, 'rank': 26, 'fitness': 0.045838247495108675, 'generation': 368}","{'id': 16211, 'rank': 27, 'fitness': 0.043995319309618586, 'generation': 368}","{'id': 16243, 'rank': 28, 'fitness': 0.03467337296829426, 'generation': 368}","{'id': 16225, 'rank': 29, 'fitness': 0.02005895356599985, 'generation': 368}","{'id': 16209, 'rank': 30, 'fitness': 0.01798620996209155, 'generation': 368}"
"{'id': 16294, 'rank': 1, 'fitness': 0.9820137900379085, 'generation': 369}","{'id': 16293, 'rank': 2, 'fitness': 0.9682848264207535, 'generation': 369}","{'id': 16265, 'rank': 3, 'fitness': 0.7942308571024734, 'generation': 369}","{'id': 16296, 'rank': 4, 'fitness': 0.7676544366353097, 'generation': 369}","{'id': 16282, 'rank': 5, 'fitness': 0.7251343352737014, 'generation': 369}","{'id': 16288, 'rank': 6, 'fitness': 0.6962044929027131, 'generation': 369}","{'id': 16285, 'rank': 7, 'fitness': 0.6415812627644166, 'generation': 369}","{'id': 16287, 'rank': 8, 'fitness': 0.5695527680434459, 'generation': 369}","{'id': 16277, 'rank': 9, 'fitness': 0.31893541866575637, 'generation': 369}","{'id': 16267, 'rank': 10, 'fitness': 0.3118354592261956, 'generation': 369}","{'id': 16262, 'rank': 11, 'fitness': 0.2683759045218247, 'generation': 369}","{'id': 16269, 'rank': 12, 'fitness': 0.24334905667350992, 'generation': 369}","{'id': 16275, 'rank': 13, 'fitness': 0.23516268750409092, 'generation': 369}","{'id': 16284, 'rank': 14, 'fitness': 0.23108590471777213, 'generation': 369}","{'id': 16254, 'rank': 15, 'fitness': 0.18924804155440828, 'generation': 369}","{'id': 16291, 'rank': 16, 'fitness': 0.18260217534158485, 'generation': 369}","{'id': 16264, 'rank': 17, 'fitness': 0.1747338519447138, 'generation': 369}","{'id': 16253, 'rank': 18, 'fitness': 0.16401435518868435, 'generation': 369}","{'id': 16289, 'rank': 19, 'fitness': 0.16313626743485016, 'generation': 369}","{'id': 16283, 'rank': 20, 'fitness': 0.08990074603228271, 'generation': 369}","{'id': 16281, 'rank': 21, 'fitness': 0.07304436148505977, 'generation': 369}","{'id': 16272, 'rank': 22, 'fitness': 0.06481458826494324, 'generation': 369}","{'id': 16279, 'rank': 23, 'fitness': 0.05313168748194713, 'generation': 369}","{'id': 16297, 'rank': 24, 'fitness': 0.05090470848139961, 'generation': 369}","{'id': 16280, 'rank': 25, 'fitness': 0.04776015416325968, 'generation': 369}","{'id': 16295, 'rank': 26, 'fitness': 0.04571580725757157, 'generation': 369}","{'id': 16278, 'rank': 27, 'fitness': 0.04401324369003956, 'generation': 369}","{'id': 16286, 'rank': 28, 'fitness': 0.04217021151717226, 'generation': 369}","{'id': 16255, 'rank': 29, 'fitness': 0.024520203772943616, 'generation': 369}","{'id': 16292, 'rank': 30, 'fitness': 0.01798620996209155, 'generation': 369}"
"{'id': 16324, 'rank': 1, 'fitness': 0.9820137900379085, 'generation': 370}","{'id': 16335, 'rank': 2, 'fitness': 0.9780132941666189, 'generation': 370}","{'id': 16334, 'rank': 3, 'fitness': 0.9432930728593016, 'generation': 370}","{'id': 16338, 'rank': 4, 'fitness': 0.859896795815225, 'generation': 370}","{'id': 16319, 'rank': 5, 'fitness': 0.7735102001030925, 'generation': 370}","{'id': 16302, 'rank': 6, 'fitness': 0.6873594201424482, 'generation': 370}","{'id': 16330, 'rank': 7, 'fitness': 0.6003174528959818, 'generation': 370}","{'id': 16322, 'rank': 8, 'fitness': 0.45737899238232843, 'generation': 370}","{'id': 16329, 'rank': 9, 'fitness': 0.4172623018353148, 'generation': 370}","{'id': 16328, 'rank': 10, 'fitness': 0.4044925525360249, 'generation': 370}","{'id': 16311, 'rank': 11, 'fitness': 0.33493489247975794, 'generation': 370}","{'id': 16317, 'rank': 12, 'fitness': 0.2158619694558938, 'generation': 370}","{'id': 16312, 'rank': 13, 'fitness': 0.20371047586907298, 'generation': 370}","{'id': 16332, 'rank': 14, 'fitness': 0.12550174596915764, 'generation': 370}","{'id': 16327, 'rank': 15, 'fitness': 0.12440745619340576, 'generation': 370}","{'id': 16331, 'rank': 16, 'fitness': 0.11071802805690417, 'generation': 370}","{'id': 16325, 'rank': 17, 'fitness': 0.0954191740796313, 'generation': 370}","{'id': 16318, 'rank': 18, 'fitness': 0.09515116043129235, 'generation': 370}","{'id': 16316, 'rank': 19, 'fitness': 0.08562961654514833, 'generation': 370}","{'id': 16303, 'rank': 20, 'fitness': 0.08511518488061748, 'generation': 370}","{'id': 16309, 'rank': 21, 'fitness': 0.07670608512438509, 'generation': 370}","{'id': 16298, 'rank': 22, 'fitness': 0.06643404427327021, 'generation': 370}","{'id': 16308, 'rank': 23, 'fitness': 0.051157326738922926, 'generation': 370}","{'id': 16320, 'rank': 24, 'fitness': 0.04740290949625314, 'generation': 370}","{'id': 16321, 'rank': 25, 'fitness': 0.0401840470716292, 'generation': 370}","{'id': 16314, 'rank': 26, 'fitness': 0.03351109880824915, 'generation': 370}","{'id': 16323, 'rank': 27, 'fitness': 0.03286575928666252, 'generation': 370}","{'id': 16313, 'rank': 28, 'fitness': 0.025869589889455258, 'generation': 370}","{'id': 16326, 'rank': 29, 'fitness': 0.023513293749360564, 'generation': 370}","{'id': 16310, 'rank': 30, 'fitness': 0.01798620996209155, 'generation': 370}"
"{'id': 16380, 'rank': 1, 'fitness': 0.9820137900379085, 'generation': 371}","{'id': 16371, 'rank': 2, 'fitness': 0.9696920207660118, 'generation': 371}","{'id': 16358, 'rank': 3, 'fitness': 0.9604641303400874, 'generation': 371}","{'id': 16369, 'rank': 4, 'fitness': 0.9468280824679347, 'generation': 371}","{'id': 16359, 'rank': 5, 'fitness': 0.9406433152985441, 'generation': 371}","{'id': 16366, 'rank': 6, 'fitness': 0.916929912004385, 'generation': 371}","{'id': 16342, 'rank': 7, 'fitness': 0.6485714639412332, 'generation': 371}","{'id': 16354, 'rank': 8, 'fitness': 0.6353759857206471, 'generation': 371}","{'id': 16374, 'rank': 9, 'fitness': 0.5760072918363534, 'generation': 371}","{'id': 16340, 'rank': 10, 'fitness': 0.39838367255336665, 'generation': 371}","{'id': 16343, 'rank': 11, 'fitness': 0.39285896860395836, 'generation': 371}","{'id': 16378, 'rank': 12, 'fitness': 0.35835306169505377, 'generation': 371}","{'id': 16381, 'rank': 13, 'fitness': 0.3464651862550385, 'generation': 371}","{'id': 16382, 'rank': 14, 'fitness': 0.30029403599641064, 'generation': 371}","{'id': 16367, 'rank': 15, 'fitness': 0.2976712191826904, 'generation': 371}","{'id': 16350, 'rank': 16, 'fitness': 0.29566180263007336, 'generation': 371}","{'id': 16372, 'rank': 17, 'fitness': 0.23114365260784536, 'generation': 371}","{'id': 16368, 'rank': 18, 'fitness': 0.1609346577100862, 'generation': 371}","{'id': 16365, 'rank': 19, 'fitness': 0.13900358312188454, 'generation': 371}","{'id': 16370, 'rank': 20, 'fitness': 0.13245280776460272, 'generation': 371}","{'id': 16347, 'rank': 21, 'fitness': 0.09972903823212331, 'generation': 371}","{'id': 16373, 'rank': 22, 'fitness': 0.07097915433784252, 'generation': 371}","{'id': 16379, 'rank': 23, 'fitness': 0.06896856638982274, 'generation': 371}","{'id': 16363, 'rank': 24, 'fitness': 0.0638158620643004, 'generation': 371}","{'id': 16348, 'rank': 25, 'fitness': 0.062326111229965564, 'generation': 371}","{'id': 16339, 'rank': 26, 'fitness': 0.0493805288946888, 'generation': 371}","{'id': 16377, 'rank': 27, 'fitness': 0.0424184491487799, 'generation': 371}","{'id': 16356, 'rank': 28, 'fitness': 0.04007506223250723, 'generation': 371}","{'id': 16376, 'rank': 29, 'fitness': 0.03799153876106537, 'generation': 371}","{'id': 16341, 'rank': 30, 'fitness': 0.01798620996209155, 'generation': 371}"
"{'id': 16417, 'rank': 1, 'fitness': 0.9820137900379085, 'generation': 372}","{'id': 16418, 'rank': 2, 'fitness': 0.9815804887078738, 'generation': 372}","{'id': 16427, 'rank': 3, 'fitness': 0.9804731350313849, 'generation': 372}","{'id': 16423, 'rank': 4, 'fitness': 0.9524433142598152, 'generation': 372}","{'id': 16416, 'rank': 5, 'fitness': 0.9455851139787158, 'generation': 372}","{'id': 16415, 'rank': 6, 'fitness': 0.9125281565304656, 'generation': 372}","{'id': 16429, 'rank': 7, 'fitness': 0.8825990833837853, 'generation': 372}","{'id': 16406, 'rank': 8, 'fitness': 0.7662195069305123, 'generation': 372}","{'id': 16411, 'rank': 9, 'fitness': 0.38907726395703407, 'generation': 372}","{'id': 16414, 'rank': 10, 'fitness': 0.3869361649672296, 'generation': 372}","{'id': 16425, 'rank': 11, 'fitness': 0.34401470819045227, 'generation': 372}","{'id': 16413, 'rank': 12, 'fitness': 0.3395139262811999, 'generation': 372}","{'id': 16397, 'rank': 13, 'fitness': 0.30932448471073354, 'generation': 372}","{'id': 16407, 'rank': 14, 'fitness': 0.29889623841971213, 'generation': 372}","{'id': 16401, 'rank': 15, 'fitness': 0.29574863529089224, 'generation': 372}","{'id': 16419, 'rank': 16, 'fitness': 0.2702407420463647, 'generation': 372}","{'id': 16394, 'rank': 17, 'fitness': 0.2630966893873904, 'generation': 372}","{'id': 16412, 'rank': 18, 'fitness': 0.23005790610726917, 'generation': 372}","{'id': 16424, 'rank': 19, 'fitness': 0.2225536022009314, 'generation': 372}","{'id': 16385, 'rank': 20, 'fitness': 0.2048301987636627, 'generation': 372}","{'id': 16426, 'rank': 21, 'fitness': 0.19230867763333703, 'generation': 372}","{'id': 16387, 'rank': 22, 'fitness': 0.18712657882108774, 'generation': 372}","{'id': 16405, 'rank': 23, 'fitness': 0.16422439820429385, 'generation': 372}","{'id': 16399, 'rank': 24, 'fitness': 0.15258846480643462, 'generation': 372}","{'id': 16422, 'rank': 25, 'fitness': 0.10867051266429245, 'generation': 372}","{'id': 16400, 'rank': 26, 'fitness': 0.08691224705353762, 'generation': 372}","{'id': 16391, 'rank': 27, 'fitness': 0.07639144599649328, 'generation': 372}","{'id': 16396, 'rank': 28, 'fitness': 0.028686691536930375, 'generation': 372}","{'id': 16421, 'rank': 29, 'fitness': 0.018774222284019704, 'generation': 372}","{'id': 16393, 'rank': 30, 'fitness': 0.01798620996209155, 'generation': 372}"
"{'id': 16479, 'rank': 1, 'fitness': 0.9820137900379085, 'generation': 373}","{'id': 16455, 'rank': 2, 'fitness': 0.973502138160405, 'generation': 373}","{'id': 16465, 'rank': 3, 'fitness': 0.9154230189159065, 'generation': 373}","{'id': 16477, 'rank': 4, 'fitness': 0.8823853450733781, 'generation': 373}","{'id': 16436, 'rank': 5, 'fitness': 0.84299630452116, 'generation': 373}","{'id': 16474, 'rank': 6, 'fitness': 0.8043134107545855, 'generation': 373}","{'id': 16469, 'rank': 7, 'fitness': 0.7718854462315367, 'generation': 373}","{'id': 16434, 'rank': 8, 'fitness': 0.6435472927988944, 'generation': 373}","{'id': 16478, 'rank': 9, 'fitness': 0.6296291033514836, 'generation': 373}","{'id': 16468, 'rank': 10, 'fitness': 0.6291993571558453, 'generation': 373}","{'id': 16453, 'rank': 11, 'fitness': 0.6128265236051147, 'generation': 373}","{'id': 16475, 'rank': 12, 'fitness': 0.6097991841960118, 'generation': 373}","{'id': 16462, 'rank': 13, 'fitness': 0.5802345427324287, 'generation': 373}","{'id': 16442, 'rank': 14, 'fitness': 0.5305653903742507, 'generation': 373}","{'id': 16472, 'rank': 15, 'fitness': 0.3384430463401352, 'generation': 373}","{'id': 16463, 'rank': 16, 'fitness': 0.21361932641477172, 'generation': 373}","{'id': 16447, 'rank': 17, 'fitness': 0.17890768850534938, 'generation': 373}","{'id': 16476, 'rank': 18, 'fitness': 0.12835592646999744, 'generation': 373}","{'id': 16466, 'rank': 19, 'fitness': 0.12271667115202461, 'generation': 373}","{'id': 16458, 'rank': 20, 'fitness': 0.09331137789565774, 'generation': 373}","{'id': 16435, 'rank': 21, 'fitness': 0.07449819239034383, 'generation': 373}","{'id': 16456, 'rank': 22, 'fitness': 0.07372008065356606, 'generation': 373}","{'id': 16438, 'rank': 23, 'fitness': 0.06271366988661425, 'generation': 373}","{'id': 16461, 'rank': 24, 'fitness': 0.0514481796590579, 'generation': 373}","{'id': 16471, 'rank': 25, 'fitness': 0.04023931829092142, 'generation': 373}","{'id': 16460, 'rank': 26, 'fitness': 0.02987132236904616, 'generation': 373}","{'id': 16440, 'rank': 27, 'fitness': 0.023951544649009726, 'generation': 373}","{'id': 16441, 'rank': 28, 'fitness': 0.019882933799231506, 'generation': 373}","{'id': 16445, 'rank': 29, 'fitness': 0.018133403230485234, 'generation': 373}","{'id': 16439, 'rank': 30, 'fitness': 0.01798620996209155, 'generation': 373}"
"{'id': 16518, 'rank': 1, 'fitness': 0.9820137900379085, 'generation': 374}","{'id': 16511, 'rank': 2, 'fitness': 0.9194491129304024, 'generation': 374}","{'id': 16519, 'rank': 3, 'fitness': 0.7377205021321225, 'generation': 374}","{'id': 16520, 'rank': 4, 'fitness': 0.5662323701129375, 'generation': 374}","{'id': 16507, 'rank': 5, 'fitness': 0.5336533610916219, 'generation': 374}","{'id': 16515, 'rank': 6, 'fitness': 0.4616306495480722, 'generation': 374}","{'id': 16522, 'rank': 7, 'fitness': 0.4329943370591933, 'generation': 374}","{'id': 16502, 'rank': 8, 'fitness': 0.3236206017968609, 'generation': 374}","{'id': 16503, 'rank': 9, 'fitness': 0.32047697133007225, 'generation': 374}","{'id': 16489, 'rank': 10, 'fitness': 0.3002624194806334, 'generation': 374}","{'id': 16490, 'rank': 11, 'fitness': 0.2909526593317544, 'generation': 374}","{'id': 16514, 'rank': 12, 'fitness': 0.26711378237685635, 'generation': 374}","{'id': 16516, 'rank': 13, 'fitness': 0.2383019210713928, 'generation': 374}","{'id': 16498, 'rank': 14, 'fitness': 0.1864454502980818, 'generation': 374}","{'id': 16482, 'rank': 15, 'fitness': 0.18604408693971858, 'generation': 374}","{'id': 16497, 'rank': 16, 'fitness': 0.16269675237272496, 'generation': 374}","{'id': 16504, 'rank': 17, 'fitness': 0.14015233701720042, 'generation': 374}","{'id': 16500, 'rank': 18, 'fitness': 0.1151568126397634, 'generation': 374}","{'id': 16487, 'rank': 19, 'fitness': 0.11492227827580881, 'generation': 374}","{'id': 16509, 'rank': 20, 'fitness': 0.09733808999874055, 'generation': 374}","{'id': 16523, 'rank': 21, 'fitness': 0.07868625604674584, 'generation': 374}","{'id': 16499, 'rank': 22, 'fitness': 0.06111189387593868, 'generation': 374}","{'id': 16525, 'rank': 23, 'fitness': 0.06036025035361686, 'generation': 374}","{'id': 16483, 'rank': 24, 'fitness': 0.055479114700518806, 'generation': 374}","{'id': 16517, 'rank': 25, 'fitness': 0.04678469695390458, 'generation': 374}","{'id': 16524, 'rank': 26, 'fitness': 0.030012575116528606, 'generation': 374}","{'id': 16521, 'rank': 27, 'fitness': 0.029081474629036375, 'generation': 374}","{'id': 16505, 'rank': 28, 'fitness': 0.02513746164938674, 'generation': 374}","{'id': 16508, 'rank': 29, 'fitness': 0.020727781267058487, 'generation': 374}","{'id': 16488, 'rank': 30, 'fitness': 0.01798620996209155, 'generation': 374}"
"{'id': 16549, 'rank': 1, 'fitness': 0.9820137900379085, 'generation': 375}","{'id': 16536, 'rank': 2, 'fitness': 0.834777725225063, 'generation': 375}","{'id': 16556, 'rank': 3, 'fitness': 0.8275812122166117, 'generation': 375}","{'id': 16557, 'rank': 4, 'fitness': 0.7990239567699519, 'generation': 375}","{'id': 16555, 'rank': 5, 'fitness': 0.7750898836365245, 'generation': 375}","{'id': 16540, 'rank': 6, 'fitness': 0.7544628637340205, 'generation': 375}","{'id': 16550, 'rank': 7, 'fitness': 0.7430627588863369, 'generation': 375}","{'id': 16554, 'rank': 8, 'fitness': 0.5478269259560758, 'generation': 375}","{'id': 16545, 'rank': 9, 'fitness': 0.5056082976139722, 'generation': 375}","{'id': 16553, 'rank': 10, 'fitness': 0.4154408351232381, 'generation': 375}","{'id': 16535, 'rank': 11, 'fitness': 0.37297470957379786, 'generation': 375}","{'id': 16529, 'rank': 12, 'fitness': 0.3034220126403353, 'generation': 375}","{'id': 16547, 'rank': 13, 'fitness': 0.2906461711351429, 'generation': 375}","{'id': 16527, 'rank': 14, 'fitness': 0.2756753067866258, 'generation': 375}","{'id': 16528, 'rank': 15, 'fitness': 0.2224324842147682, 'generation': 375}","{'id': 16539, 'rank': 16, 'fitness': 0.19257294514194967, 'generation': 375}","{'id': 16541, 'rank': 17, 'fitness': 0.18935270042434815, 'generation': 375}","{'id': 16546, 'rank': 18, 'fitness': 0.1770308143565264, 'generation': 375}","{'id': 16558, 'rank': 19, 'fitness': 0.13797513939105882, 'generation': 375}","{'id': 16538, 'rank': 20, 'fitness': 0.1005954047417873, 'generation': 375}","{'id': 16551, 'rank': 21, 'fitness': 0.07980171249991669, 'generation': 375}","{'id': 16530, 'rank': 22, 'fitness': 0.06519329059847079, 'generation': 375}","{'id': 16543, 'rank': 23, 'fitness': 0.06080321495496782, 'generation': 375}","{'id': 16526, 'rank': 24, 'fitness': 0.05993106665589759, 'generation': 375}","{'id': 16552, 'rank': 25, 'fitness': 0.04870641706351336, 'generation': 375}","{'id': 16533, 'rank': 26, 'fitness': 0.048284257726347035, 'generation': 375}","{'id': 16544, 'rank': 27, 'fitness': 0.03490840268739287, 'generation': 375}","{'id': 16560, 'rank': 28, 'fitness': 0.0290557719073406, 'generation': 375}","{'id': 16542, 'rank': 29, 'fitness': 0.02422050938048581, 'generation': 375}","{'id': 16534, 'rank': 30, 'fitness': 0.01798620996209155, 'generation': 375}"
"{'id': 16602, 'rank': 1, 'fitness': 0.9820137900379085, 'generation': 376}","{'id': 16598, 'rank': 2, 'fitness': 0.9786634358229706, 'generation': 376}","{'id': 16605, 'rank': 3, 'fitness': 0.956637753850974, 'generation': 376}","{'id': 16582, 'rank': 4, 'fitness': 0.9489536411999437, 'generation': 376}","{'id': 16595, 'rank': 5, 'fitness': 0.9419093857110894, 'generation': 376}","{'id': 16577, 'rank': 6, 'fitness': 0.907561847864079, 'generation': 376}","{'id': 16589, 'rank': 7, 'fitness': 0.8579315100089258, 'generation': 376}","{'id': 16599, 'rank': 8, 'fitness': 0.8378140810209171, 'generation': 376}","{'id': 16562, 'rank': 9, 'fitness': 0.8237464291796543, 'generation': 376}","{'id': 16594, 'rank': 10, 'fitness': 0.7878336946252673, 'generation': 376}","{'id': 16596, 'rank': 11, 'fitness': 0.7718771350544964, 'generation': 376}","{'id': 16566, 'rank': 12, 'fitness': 0.7572447714035144, 'generation': 376}","{'id': 16603, 'rank': 13, 'fitness': 0.6651760082417701, 'generation': 376}","{'id': 16588, 'rank': 14, 'fitness': 0.6361103208122958, 'generation': 376}","{'id': 16591, 'rank': 15, 'fitness': 0.6015098389492637, 'generation': 376}","{'id': 16575, 'rank': 16, 'fitness': 0.4761671902770923, 'generation': 376}","{'id': 16580, 'rank': 17, 'fitness': 0.4722597510773313, 'generation': 376}","{'id': 16574, 'rank': 18, 'fitness': 0.2952733381000404, 'generation': 376}","{'id': 16586, 'rank': 19, 'fitness': 0.25282780088947987, 'generation': 376}","{'id': 16578, 'rank': 20, 'fitness': 0.20070278352677468, 'generation': 376}","{'id': 16597, 'rank': 21, 'fitness': 0.19220638349930214, 'generation': 376}","{'id': 16568, 'rank': 22, 'fitness': 0.1614723019496223, 'generation': 376}","{'id': 16570, 'rank': 23, 'fitness': 0.09477732398040695, 'generation': 376}","{'id': 16565, 'rank': 24, 'fitness': 0.09139458940273926, 'generation': 376}","{'id': 16567, 'rank': 25, 'fitness': 0.06557484992265955, 'generation': 376}","{'id': 16572, 'rank': 26, 'fitness': 0.058579807360889136, 'generation': 376}","{'id': 16581, 'rank': 27, 'fitness': 0.057314746630497126, 'generation': 376}","{'id': 16585, 'rank': 28, 'fitness': 0.030779634335501183, 'generation': 376}","{'id': 16600, 'rank': 29, 'fitness': 0.02949839501687912, 'generation': 376}","{'id': 16571, 'rank': 30, 'fitness': 0.01798620996209155, 'generation': 376}"
"{'id': 16649, 'rank': 1, 'fitness': 0.9820137900379085, 'generation': 377}","{'id': 16657, 'rank': 2, 'fitness': 0.9670284401076409, 'generation': 377}","{'id': 16617, 'rank': 3, 'fitness': 0.9005222776028718, 'generation': 377}","{'id': 16638, 'rank': 4, 'fitness': 0.7590187473512371, 'generation': 377}","{'id': 16644, 'rank': 5, 'fitness': 0.7533153287336867, 'generation': 377}","{'id': 16650, 'rank': 6, 'fitness': 0.5571451447351764, 'generation': 377}","{'id': 16662, 'rank': 7, 'fitness': 0.4633208647418197, 'generation': 377}","{'id': 16642, 'rank': 8, 'fitness': 0.44678727510850497, 'generation': 377}","{'id': 16660, 'rank': 9, 'fitness': 0.4117160955831867, 'generation': 377}","{'id': 16645, 'rank': 10, 'fitness': 0.3179190244745672, 'generation': 377}","{'id': 16608, 'rank': 11, 'fitness': 0.16794869888986108, 'generation': 377}","{'id': 16618, 'rank': 12, 'fitness': 0.16500027775504633, 'generation': 377}","{'id': 16659, 'rank': 13, 'fitness': 0.1577528826404142, 'generation': 377}","{'id': 16653, 'rank': 14, 'fitness': 0.15280343386403217, 'generation': 377}","{'id': 16610, 'rank': 15, 'fitness': 0.1447903045004163, 'generation': 377}","{'id': 16641, 'rank': 16, 'fitness': 0.12156609285595965, 'generation': 377}","{'id': 16639, 'rank': 17, 'fitness': 0.11034994111902918, 'generation': 377}","{'id': 16607, 'rank': 18, 'fitness': 0.10347612741473028, 'generation': 377}","{'id': 16630, 'rank': 19, 'fitness': 0.07977545145304443, 'generation': 377}","{'id': 16624, 'rank': 20, 'fitness': 0.07940108969256149, 'generation': 377}","{'id': 16643, 'rank': 21, 'fitness': 0.07797871855463673, 'generation': 377}","{'id': 16620, 'rank': 22, 'fitness': 0.07605898876416817, 'generation': 377}","{'id': 16631, 'rank': 23, 'fitness': 0.06836273749877891, 'generation': 377}","{'id': 16652, 'rank': 24, 'fitness': 0.04565496657339041, 'generation': 377}","{'id': 16661, 'rank': 25, 'fitness': 0.04554826367831527, 'generation': 377}","{'id': 16632, 'rank': 26, 'fitness': 0.03429635829990468, 'generation': 377}","{'id': 16613, 'rank': 27, 'fitness': 0.029199436275485602, 'generation': 377}","{'id': 16648, 'rank': 28, 'fitness': 0.02669760202879734, 'generation': 377}","{'id': 16606, 'rank': 29, 'fitness': 0.0227669870903231, 'generation': 377}","{'id': 16634, 'rank': 30, 'fitness': 0.01798620996209155, 'generation': 377}"
"{'id': 16705, 'rank': 1, 'fitness': 0.9820137900379085, 'generation': 378}","{'id': 16687, 'rank': 2, 'fitness': 0.9693183091613278, 'generation': 378}","{'id': 16696, 'rank': 3, 'fitness': 0.8984903455767784, 'generation': 378}","{'id': 16673, 'rank': 4, 'fitness': 0.7645021242254167, 'generation': 378}","{'id': 16683, 'rank': 5, 'fitness': 0.6739423067584511, 'generation': 378}","{'id': 16706, 'rank': 6, 'fitness': 0.6128736492674439, 'generation': 378}","{'id': 16694, 'rank': 7, 'fitness': 0.5855748866012772, 'generation': 378}","{'id': 16699, 'rank': 8, 'fitness': 0.4673144905711838, 'generation': 378}","{'id': 16697, 'rank': 9, 'fitness': 0.4324122887359263, 'generation': 378}","{'id': 16700, 'rank': 10, 'fitness': 0.24512394780839075, 'generation': 378}","{'id': 16688, 'rank': 11, 'fitness': 0.22288800936608233, 'generation': 378}","{'id': 16674, 'rank': 12, 'fitness': 0.16254603868875528, 'generation': 378}","{'id': 16664, 'rank': 13, 'fitness': 0.16039781420285631, 'generation': 378}","{'id': 16701, 'rank': 14, 'fitness': 0.15650140955042535, 'generation': 378}","{'id': 16689, 'rank': 15, 'fitness': 0.1405652690772749, 'generation': 378}","{'id': 16691, 'rank': 16, 'fitness': 0.09730225830112477, 'generation': 378}","{'id': 16703, 'rank': 17, 'fitness': 0.07076505105746, 'generation': 378}","{'id': 16682, 'rank': 18, 'fitness': 0.06811390259821015, 'generation': 378}","{'id': 16695, 'rank': 19, 'fitness': 0.06242027314848053, 'generation': 378}","{'id': 16675, 'rank': 20, 'fitness': 0.06086203870522844, 'generation': 378}","{'id': 16692, 'rank': 21, 'fitness': 0.060489478594849044, 'generation': 378}","{'id': 16704, 'rank': 22, 'fitness': 0.04999455424069782, 'generation': 378}","{'id': 16685, 'rank': 23, 'fitness': 0.046482214883924566, 'generation': 378}","{'id': 16686, 'rank': 24, 'fitness': 0.03860329584890765, 'generation': 378}","{'id': 16693, 'rank': 25, 'fitness': 0.0379110076168343, 'generation': 378}","{'id': 16680, 'rank': 26, 'fitness': 0.032414251066191335, 'generation': 378}","{'id': 16678, 'rank': 27, 'fitness': 0.02938754858938164, 'generation': 378}","{'id': 16665, 'rank': 28, 'fitness': 0.020982460965329575, 'generation': 378}","{'id': 16684, 'rank': 29, 'fitness': 0.018480532496031876, 'generation': 378}","{'id': 16707, 'rank': 30, 'fitness': 0.01798620996209155, 'generation': 378}"
"{'id': 16733, 'rank': 1, 'fitness': 0.9820137900379085, 'generation': 379}","{'id': 16727, 'rank': 2, 'fitness': 0.9559600352841537, 'generation': 379}","{'id': 16730, 'rank': 3, 'fitness': 0.953291577293133, 'generation': 379}","{'id': 16726, 'rank': 4, 'fitness': 0.9497225058036967, 'generation': 379}","{'id': 16720, 'rank': 5, 'fitness': 0.9462236843216125, 'generation': 379}","{'id': 16740, 'rank': 6, 'fitness': 0.9025274998211104, 'generation': 379}","{'id': 16732, 'rank': 7, 'fitness': 0.8100916315585209, 'generation': 379}","{'id': 16741, 'rank': 8, 'fitness': 0.5496399049846117, 'generation': 379}","{'id': 16734, 'rank': 9, 'fitness': 0.5238209456873606, 'generation': 379}","{'id': 16737, 'rank': 10, 'fitness': 0.48434538396348437, 'generation': 379}","{'id': 16723, 'rank': 11, 'fitness': 0.4425709336917891, 'generation': 379}","{'id': 16711, 'rank': 12, 'fitness': 0.3966596741627886, 'generation': 379}","{'id': 16725, 'rank': 13, 'fitness': 0.3859282570082664, 'generation': 379}","{'id': 16739, 'rank': 14, 'fitness': 0.3525725326577281, 'generation': 379}","{'id': 16719, 'rank': 15, 'fitness': 0.35102540772043167, 'generation': 379}","{'id': 16736, 'rank': 16, 'fitness': 0.3046113174062101, 'generation': 379}","{'id': 16716, 'rank': 17, 'fitness': 0.3042529530457909, 'generation': 379}","{'id': 16713, 'rank': 18, 'fitness': 0.2932447901577106, 'generation': 379}","{'id': 16722, 'rank': 19, 'fitness': 0.2826442163658863, 'generation': 379}","{'id': 16708, 'rank': 20, 'fitness': 0.1902606651820723, 'generation': 379}","{'id': 16738, 'rank': 21, 'fitness': 0.18221299295561344, 'generation': 379}","{'id': 16735, 'rank': 22, 'fitness': 0.18036624950036417, 'generation': 379}","{'id': 16714, 'rank': 23, 'fitness': 0.1439836387172233, 'generation': 379}","{'id': 16729, 'rank': 24, 'fitness': 0.13623817542516536, 'generation': 379}","{'id': 16712, 'rank': 25, 'fitness': 0.128414661717848, 'generation': 379}","{'id': 16731, 'rank': 26, 'fitness': 0.0776809241396893, 'generation': 379}","{'id': 16742, 'rank': 27, 'fitness': 0.06093084012897976, 'generation': 379}","{'id': 16718, 'rank': 28, 'fitness': 0.03845571045674884, 'generation': 379}","{'id': 16743, 'rank': 29, 'fitness': 0.02480409326129346, 'generation': 379}","{'id': 16724, 'rank': 30, 'fitness': 0.01798620996209155, 'generation': 379}"
"{'id': 16795, 'rank': 1, 'fitness': 0.9820137900379085, 'generation': 380}","{'id': 16780, 'rank': 2, 'fitness': 0.9245025032132776, 'generation': 380}","{'id': 16767, 'rank': 3, 'fitness': 0.7651973186890083, 'generation': 380}","{'id': 16794, 'rank': 4, 'fitness': 0.7026620544792958, 'generation': 380}","{'id': 16787, 'rank': 5, 'fitness': 0.6210394705830948, 'generation': 380}","{'id': 16796, 'rank': 6, 'fitness': 0.5605531527237388, 'generation': 380}","{'id': 16783, 'rank': 7, 'fitness': 0.4688297077460646, 'generation': 380}","{'id': 16788, 'rank': 8, 'fitness': 0.4298070108616389, 'generation': 380}","{'id': 16770, 'rank': 9, 'fitness': 0.38535567644990926, 'generation': 380}","{'id': 16750, 'rank': 10, 'fitness': 0.36275437255687765, 'generation': 380}","{'id': 16785, 'rank': 11, 'fitness': 0.3422055994720147, 'generation': 380}","{'id': 16791, 'rank': 12, 'fitness': 0.34038447934526483, 'generation': 380}","{'id': 16775, 'rank': 13, 'fitness': 0.2772534141225135, 'generation': 380}","{'id': 16766, 'rank': 14, 'fitness': 0.26782060037620947, 'generation': 380}","{'id': 16756, 'rank': 15, 'fitness': 0.24960504618546797, 'generation': 380}","{'id': 16797, 'rank': 16, 'fitness': 0.21407952408039965, 'generation': 380}","{'id': 16789, 'rank': 17, 'fitness': 0.20539146724926738, 'generation': 380}","{'id': 16768, 'rank': 18, 'fitness': 0.20254876167564811, 'generation': 380}","{'id': 16757, 'rank': 19, 'fitness': 0.16798305393266538, 'generation': 380}","{'id': 16779, 'rank': 20, 'fitness': 0.14220381166963664, 'generation': 380}","{'id': 16761, 'rank': 21, 'fitness': 0.11336649041988572, 'generation': 380}","{'id': 16786, 'rank': 22, 'fitness': 0.08873591460763863, 'generation': 380}","{'id': 16784, 'rank': 23, 'fitness': 0.08170972142688876, 'generation': 380}","{'id': 16793, 'rank': 24, 'fitness': 0.050645943552448114, 'generation': 380}","{'id': 16771, 'rank': 25, 'fitness': 0.03129309446701861, 'generation': 380}","{'id': 16781, 'rank': 26, 'fitness': 0.03063546426850544, 'generation': 380}","{'id': 16744, 'rank': 27, 'fitness': 0.025811999493014104, 'generation': 380}","{'id': 16782, 'rank': 28, 'fitness': 0.022421132428062596, 'generation': 380}","{'id': 16792, 'rank': 29, 'fitness': 0.018114448116445803, 'generation': 380}","{'id': 16777, 'rank': 30, 'fitness': 0.01798620996209155, 'generation': 380}"
"{'id': 16830, 'rank': 1, 'fitness': 0.9820137900379085, 'generation': 381}","{'id': 16827, 'rank': 2, 'fitness': 0.9491219525359595, 'generation': 381}","{'id': 16839, 'rank': 3, 'fitness': 0.8682395381106138, 'generation': 381}","{'id': 16826, 'rank': 4, 'fitness': 0.8190319316295458, 'generation': 381}","{'id': 16807, 'rank': 5, 'fitness': 0.44954852107308796, 'generation': 381}","{'id': 16835, 'rank': 6, 'fitness': 0.4303047048545333, 'generation': 381}","{'id': 16823, 'rank': 7, 'fitness': 0.30787407784826715, 'generation': 381}","{'id': 16809, 'rank': 8, 'fitness': 0.23264678127051486, 'generation': 381}","{'id': 16812, 'rank': 9, 'fitness': 0.22103028313970624, 'generation': 381}","{'id': 16820, 'rank': 10, 'fitness': 0.1932941661851295, 'generation': 381}","{'id': 16842, 'rank': 11, 'fitness': 0.15389282083313455, 'generation': 381}","{'id': 16816, 'rank': 12, 'fitness': 0.12685296628121379, 'generation': 381}","{'id': 16805, 'rank': 13, 'fitness': 0.1216016689730075, 'generation': 381}","{'id': 16811, 'rank': 14, 'fitness': 0.11244806967478427, 'generation': 381}","{'id': 16828, 'rank': 15, 'fitness': 0.10347313122271196, 'generation': 381}","{'id': 16834, 'rank': 16, 'fitness': 0.10167448060152268, 'generation': 381}","{'id': 16833, 'rank': 17, 'fitness': 0.09353669517811536, 'generation': 381}","{'id': 16801, 'rank': 18, 'fitness': 0.07810950556994467, 'generation': 381}","{'id': 16832, 'rank': 19, 'fitness': 0.07216771679438327, 'generation': 381}","{'id': 16815, 'rank': 20, 'fitness': 0.06305387551865838, 'generation': 381}","{'id': 16841, 'rank': 21, 'fitness': 0.06153383930362716, 'generation': 381}","{'id': 16814, 'rank': 22, 'fitness': 0.05616905942838818, 'generation': 381}","{'id': 16824, 'rank': 23, 'fitness': 0.05508204384195242, 'generation': 381}","{'id': 16804, 'rank': 24, 'fitness': 0.04747437561893636, 'generation': 381}","{'id': 16799, 'rank': 25, 'fitness': 0.04202838635647277, 'generation': 381}","{'id': 16836, 'rank': 26, 'fitness': 0.03317078207658941, 'generation': 381}","{'id': 16829, 'rank': 27, 'fitness': 0.028767945869738076, 'generation': 381}","{'id': 16808, 'rank': 28, 'fitness': 0.027033785629207496, 'generation': 381}","{'id': 16806, 'rank': 29, 'fitness': 0.020199865322483967, 'generation': 381}","{'id': 16838, 'rank': 30, 'fitness': 0.01798620996209155, 'generation': 381}"
"{'id': 16872, 'rank': 1, 'fitness': 0.9820137900379085, 'generation': 382}","{'id': 16870, 'rank': 2, 'fitness': 0.9813805845782421, 'generation': 382}","{'id': 16868, 'rank': 3, 'fitness': 0.93940508312594, 'generation': 382}","{'id': 16857, 'rank': 4, 'fitness': 0.929860396538217, 'generation': 382}","{'id': 16876, 'rank': 5, 'fitness': 0.9005127526076914, 'generation': 382}","{'id': 16873, 'rank': 6, 'fitness': 0.8900007430598285, 'generation': 382}","{'id': 16877, 'rank': 7, 'fitness': 0.7895855846305002, 'generation': 382}","{'id': 16875, 'rank': 8, 'fitness': 0.6881439343708109, 'generation': 382}","{'id': 16847, 'rank': 9, 'fitness': 0.6499650723582721, 'generation': 382}","{'id': 16863, 'rank': 10, 'fitness': 0.5933802802644724, 'generation': 382}","{'id': 16865, 'rank': 11, 'fitness': 0.5283116252906626, 'generation': 382}","{'id': 16871, 'rank': 12, 'fitness': 0.5053760720592116, 'generation': 382}","{'id': 16855, 'rank': 13, 'fitness': 0.3891115965022722, 'generation': 382}","{'id': 16859, 'rank': 14, 'fitness': 0.30175526611863945, 'generation': 382}","{'id': 16866, 'rank': 15, 'fitness': 0.2540338019252728, 'generation': 382}","{'id': 16878, 'rank': 16, 'fitness': 0.22223415756078224, 'generation': 382}","{'id': 16880, 'rank': 17, 'fitness': 0.19861103391231583, 'generation': 382}","{'id': 16874, 'rank': 18, 'fitness': 0.18805501921764822, 'generation': 382}","{'id': 16852, 'rank': 19, 'fitness': 0.17166207594819477, 'generation': 382}","{'id': 16867, 'rank': 20, 'fitness': 0.12300420244268895, 'generation': 382}","{'id': 16845, 'rank': 21, 'fitness': 0.12226336969749868, 'generation': 382}","{'id': 16881, 'rank': 22, 'fitness': 0.1200571944674419, 'generation': 382}","{'id': 16860, 'rank': 23, 'fitness': 0.07933854159144449, 'generation': 382}","{'id': 16844, 'rank': 24, 'fitness': 0.06822228515509032, 'generation': 382}","{'id': 16864, 'rank': 25, 'fitness': 0.06639192737804667, 'generation': 382}","{'id': 16861, 'rank': 26, 'fitness': 0.03758351577725666, 'generation': 382}","{'id': 16879, 'rank': 27, 'fitness': 0.029693446595396855, 'generation': 382}","{'id': 16843, 'rank': 28, 'fitness': 0.022917583241203576, 'generation': 382}","{'id': 16846, 'rank': 29, 'fitness': 0.018173874740162133, 'generation': 382}","{'id': 16856, 'rank': 30, 'fitness': 0.01798620996209155, 'generation': 382}"
"{'id': 16921, 'rank': 1, 'fitness': 0.9820137900379085, 'generation': 383}","{'id': 16922, 'rank': 2, 'fitness': 0.8198862825905928, 'generation': 383}","{'id': 16912, 'rank': 3, 'fitness': 0.5841985143347926, 'generation': 383}","{'id': 16910, 'rank': 4, 'fitness': 0.4585360105135183, 'generation': 383}","{'id': 16909, 'rank': 5, 'fitness': 0.42219871052844715, 'generation': 383}","{'id': 16893, 'rank': 6, 'fitness': 0.4183071767240051, 'generation': 383}","{'id': 16915, 'rank': 7, 'fitness': 0.41301098713805723, 'generation': 383}","{'id': 16896, 'rank': 8, 'fitness': 0.40986272435747684, 'generation': 383}","{'id': 16920, 'rank': 9, 'fitness': 0.35117304027328444, 'generation': 383}","{'id': 16906, 'rank': 10, 'fitness': 0.33080039281166446, 'generation': 383}","{'id': 16919, 'rank': 11, 'fitness': 0.3194790370611875, 'generation': 383}","{'id': 16918, 'rank': 12, 'fitness': 0.18882135411111595, 'generation': 383}","{'id': 16923, 'rank': 13, 'fitness': 0.17216309653303719, 'generation': 383}","{'id': 16911, 'rank': 14, 'fitness': 0.17136000492141124, 'generation': 383}","{'id': 16908, 'rank': 15, 'fitness': 0.1561653604040485, 'generation': 383}","{'id': 16917, 'rank': 16, 'fitness': 0.09596639368898363, 'generation': 383}","{'id': 16924, 'rank': 17, 'fitness': 0.08677151013003237, 'generation': 383}","{'id': 16913, 'rank': 18, 'fitness': 0.06514371831435428, 'generation': 383}","{'id': 16907, 'rank': 19, 'fitness': 0.05873687193793353, 'generation': 383}","{'id': 16895, 'rank': 20, 'fitness': 0.05261929637382595, 'generation': 383}","{'id': 16898, 'rank': 21, 'fitness': 0.04762126922451948, 'generation': 383}","{'id': 16905, 'rank': 22, 'fitness': 0.03757377704798942, 'generation': 383}","{'id': 16892, 'rank': 23, 'fitness': 0.03450637987551419, 'generation': 383}","{'id': 16894, 'rank': 24, 'fitness': 0.027257784467561774, 'generation': 383}","{'id': 16901, 'rank': 25, 'fitness': 0.02705416996743837, 'generation': 383}","{'id': 16904, 'rank': 26, 'fitness': 0.025771212482242234, 'generation': 383}","{'id': 16897, 'rank': 27, 'fitness': 0.02345041434698314, 'generation': 383}","{'id': 16914, 'rank': 28, 'fitness': 0.022534640807574335, 'generation': 383}","{'id': 16903, 'rank': 29, 'fitness': 0.01933718300806847, 'generation': 383}","{'id': 16884, 'rank': 30, 'fitness': 0.01798620996209155, 'generation': 383}"
"{'id': 16953, 'rank': 1, 'fitness': 0.9820137900379085, 'generation': 384}","{'id': 16955, 'rank': 2, 'fitness': 0.9703455560803138, 'generation': 384}","{'id': 16957, 'rank': 3, 'fitness': 0.8537216299139867, 'generation': 384}","{'id': 16954, 'rank': 4, 'fitness': 0.705481735030677, 'generation': 384}","{'id': 16949, 'rank': 5, 'fitness': 0.5799730110222587, 'generation': 384}","{'id': 16944, 'rank': 6, 'fitness': 0.504807762407498, 'generation': 384}","{'id': 16951, 'rank': 7, 'fitness': 0.4830403560389225, 'generation': 384}","{'id': 16943, 'rank': 8, 'fitness': 0.4566199902835634, 'generation': 384}","{'id': 16960, 'rank': 9, 'fitness': 0.3898925957750311, 'generation': 384}","{'id': 16961, 'rank': 10, 'fitness': 0.38733735227496063, 'generation': 384}","{'id': 16950, 'rank': 11, 'fitness': 0.22962517959606354, 'generation': 384}","{'id': 16962, 'rank': 12, 'fitness': 0.20072798213727133, 'generation': 384}","{'id': 16947, 'rank': 13, 'fitness': 0.19663417969907493, 'generation': 384}","{'id': 16931, 'rank': 14, 'fitness': 0.17062109912723417, 'generation': 384}","{'id': 16937, 'rank': 15, 'fitness': 0.1651285700643162, 'generation': 384}","{'id': 16933, 'rank': 16, 'fitness': 0.15739537348354166, 'generation': 384}","{'id': 16930, 'rank': 17, 'fitness': 0.1284527300632271, 'generation': 384}","{'id': 16956, 'rank': 18, 'fitness': 0.09176042267804535, 'generation': 384}","{'id': 16926, 'rank': 19, 'fitness': 0.06766852812410457, 'generation': 384}","{'id': 16925, 'rank': 20, 'fitness': 0.06290037629982459, 'generation': 384}","{'id': 16936, 'rank': 21, 'fitness': 0.05349693924211285, 'generation': 384}","{'id': 16945, 'rank': 22, 'fitness': 0.05329286177576831, 'generation': 384}","{'id': 16948, 'rank': 23, 'fitness': 0.052048984962910994, 'generation': 384}","{'id': 16946, 'rank': 24, 'fitness': 0.045490474518384616, 'generation': 384}","{'id': 16939, 'rank': 25, 'fitness': 0.03943498034754489, 'generation': 384}","{'id': 16940, 'rank': 26, 'fitness': 0.033066561901235136, 'generation': 384}","{'id': 16935, 'rank': 27, 'fitness': 0.025408963075468916, 'generation': 384}","{'id': 16952, 'rank': 28, 'fitness': 0.02325161643576329, 'generation': 384}","{'id': 16958, 'rank': 29, 'fitness': 0.01982541282860678, 'generation': 384}","{'id': 16932, 'rank': 30, 'fitness': 0.01798620996209155, 'generation': 384}"
"{'id': 16992, 'rank': 1, 'fitness': 0.9820137900379085, 'generation': 385}","{'id': 17001, 'rank': 2, 'fitness': 0.9506990398392516, 'generation': 385}","{'id': 16999, 'rank': 3, 'fitness': 0.733477637662989, 'generation': 385}","{'id': 16968, 'rank': 4, 'fitness': 0.6678598605484106, 'generation': 385}","{'id': 17004, 'rank': 5, 'fitness': 0.5412199575703174, 'generation': 385}","{'id': 17003, 'rank': 6, 'fitness': 0.3805031316924362, 'generation': 385}","{'id': 16997, 'rank': 7, 'fitness': 0.29488220246256636, 'generation': 385}","{'id': 16982, 'rank': 8, 'fitness': 0.2599974020573367, 'generation': 385}","{'id': 17002, 'rank': 9, 'fitness': 0.2528795622668484, 'generation': 385}","{'id': 16993, 'rank': 10, 'fitness': 0.23942574169149033, 'generation': 385}","{'id': 16970, 'rank': 11, 'fitness': 0.23237888687486674, 'generation': 385}","{'id': 16985, 'rank': 12, 'fitness': 0.21704601721780892, 'generation': 385}","{'id': 16991, 'rank': 13, 'fitness': 0.19778835379030774, 'generation': 385}","{'id': 17005, 'rank': 14, 'fitness': 0.17448315931231656, 'generation': 385}","{'id': 16988, 'rank': 15, 'fitness': 0.15471446771682107, 'generation': 385}","{'id': 16984, 'rank': 16, 'fitness': 0.15237463237104276, 'generation': 385}","{'id': 17000, 'rank': 17, 'fitness': 0.12684186130848757, 'generation': 385}","{'id': 16983, 'rank': 18, 'fitness': 0.1253392410584206, 'generation': 385}","{'id': 16964, 'rank': 19, 'fitness': 0.10040343495978843, 'generation': 385}","{'id': 16986, 'rank': 20, 'fitness': 0.09802775089195714, 'generation': 385}","{'id': 16998, 'rank': 21, 'fitness': 0.07530200393226649, 'generation': 385}","{'id': 16994, 'rank': 22, 'fitness': 0.05843458681676145, 'generation': 385}","{'id': 16971, 'rank': 23, 'fitness': 0.046494762497482134, 'generation': 385}","{'id': 16989, 'rank': 24, 'fitness': 0.046408442033100405, 'generation': 385}","{'id': 16975, 'rank': 25, 'fitness': 0.03323947990434872, 'generation': 385}","{'id': 16981, 'rank': 26, 'fitness': 0.02884896375892504, 'generation': 385}","{'id': 16978, 'rank': 27, 'fitness': 0.023813975860653314, 'generation': 385}","{'id': 16987, 'rank': 28, 'fitness': 0.02285449768814829, 'generation': 385}","{'id': 16965, 'rank': 29, 'fitness': 0.01978143965021889, 'generation': 385}","{'id': 16990, 'rank': 30, 'fitness': 0.01798620996209155, 'generation': 385}"
"{'id': 17016, 'rank': 1, 'fitness': 0.9820137900379085, 'generation': 386}","{'id': 17015, 'rank': 2, 'fitness': 0.977619661235335, 'generation': 386}","{'id': 17037, 'rank': 3, 'fitness': 0.9050465970503189, 'generation': 386}","{'id': 17026, 'rank': 4, 'fitness': 0.889573339432428, 'generation': 386}","{'id': 17046, 'rank': 5, 'fitness': 0.8404926745257347, 'generation': 386}","{'id': 17047, 'rank': 6, 'fitness': 0.835276249137399, 'generation': 386}","{'id': 17041, 'rank': 7, 'fitness': 0.741487640323896, 'generation': 386}","{'id': 17027, 'rank': 8, 'fitness': 0.721143308188385, 'generation': 386}","{'id': 17014, 'rank': 9, 'fitness': 0.6291196467171649, 'generation': 386}","{'id': 17039, 'rank': 10, 'fitness': 0.5285769625227403, 'generation': 386}","{'id': 17021, 'rank': 11, 'fitness': 0.514346837180941, 'generation': 386}","{'id': 17044, 'rank': 12, 'fitness': 0.5022667734172728, 'generation': 386}","{'id': 17008, 'rank': 13, 'fitness': 0.5011546686390873, 'generation': 386}","{'id': 17045, 'rank': 14, 'fitness': 0.49878744619970755, 'generation': 386}","{'id': 17043, 'rank': 15, 'fitness': 0.280443428084606, 'generation': 386}","{'id': 17036, 'rank': 16, 'fitness': 0.25611659921336144, 'generation': 386}","{'id': 17042, 'rank': 17, 'fitness': 0.23397940369377407, 'generation': 386}","{'id': 17035, 'rank': 18, 'fitness': 0.22464362353403755, 'generation': 386}","{'id': 17025, 'rank': 19, 'fitness': 0.13700901025015105, 'generation': 386}","{'id': 17013, 'rank': 20, 'fitness': 0.12181196804323963, 'generation': 386}","{'id': 17029, 'rank': 21, 'fitness': 0.11642512070565691, 'generation': 386}","{'id': 17024, 'rank': 22, 'fitness': 0.11556628290312598, 'generation': 386}","{'id': 17032, 'rank': 23, 'fitness': 0.10950509347104453, 'generation': 386}","{'id': 17007, 'rank': 24, 'fitness': 0.10671882893852835, 'generation': 386}","{'id': 17031, 'rank': 25, 'fitness': 0.0824150507240975, 'generation': 386}","{'id': 17033, 'rank': 26, 'fitness': 0.0345548855116663, 'generation': 386}","{'id': 17020, 'rank': 27, 'fitness': 0.02239685104144845, 'generation': 386}","{'id': 17040, 'rank': 28, 'fitness': 0.021784939642375767, 'generation': 386}","{'id': 17038, 'rank': 29, 'fitness': 0.021020632519372362, 'generation': 386}","{'id': 17030, 'rank': 30, 'fitness': 0.01798620996209155, 'generation': 386}"
"{'id': 17101, 'rank': 1, 'fitness': 0.9820137900379085, 'generation': 387}","{'id': 17104, 'rank': 2, 'fitness': 0.9495165966967243, 'generation': 387}","{'id': 17102, 'rank': 3, 'fitness': 0.8608988692213231, 'generation': 387}","{'id': 17072, 'rank': 4, 'fitness': 0.8428862590044826, 'generation': 387}","{'id': 17096, 'rank': 5, 'fitness': 0.5194170493814808, 'generation': 387}","{'id': 17067, 'rank': 6, 'fitness': 0.49477130661465135, 'generation': 387}","{'id': 17099, 'rank': 7, 'fitness': 0.4529463450256844, 'generation': 387}","{'id': 17079, 'rank': 8, 'fitness': 0.42594633507092183, 'generation': 387}","{'id': 17083, 'rank': 9, 'fitness': 0.27963656278235943, 'generation': 387}","{'id': 17073, 'rank': 10, 'fitness': 0.2676331990191084, 'generation': 387}","{'id': 17098, 'rank': 11, 'fitness': 0.1841642457857544, 'generation': 387}","{'id': 17071, 'rank': 12, 'fitness': 0.1667510349631952, 'generation': 387}","{'id': 17107, 'rank': 13, 'fitness': 0.16009166989007678, 'generation': 387}","{'id': 17103, 'rank': 14, 'fitness': 0.1428753477957569, 'generation': 387}","{'id': 17053, 'rank': 15, 'fitness': 0.12755741821731836, 'generation': 387}","{'id': 17093, 'rank': 16, 'fitness': 0.12481789402664922, 'generation': 387}","{'id': 17086, 'rank': 17, 'fitness': 0.08749057814174482, 'generation': 387}","{'id': 17097, 'rank': 18, 'fitness': 0.07686863037454722, 'generation': 387}","{'id': 17060, 'rank': 19, 'fitness': 0.0744044682913701, 'generation': 387}","{'id': 17088, 'rank': 20, 'fitness': 0.06532773268250447, 'generation': 387}","{'id': 17050, 'rank': 21, 'fitness': 0.06442404292679171, 'generation': 387}","{'id': 17106, 'rank': 22, 'fitness': 0.05880912984278042, 'generation': 387}","{'id': 17090, 'rank': 23, 'fitness': 0.04950131905153865, 'generation': 387}","{'id': 17109, 'rank': 24, 'fitness': 0.043125516486376414, 'generation': 387}","{'id': 17105, 'rank': 25, 'fitness': 0.036470813588622364, 'generation': 387}","{'id': 17056, 'rank': 26, 'fitness': 0.035449793672649166, 'generation': 387}","{'id': 17066, 'rank': 27, 'fitness': 0.03486339966932239, 'generation': 387}","{'id': 17087, 'rank': 28, 'fitness': 0.0341058422432125, 'generation': 387}","{'id': 17070, 'rank': 29, 'fitness': 0.019525047612095447, 'generation': 387}","{'id': 17076, 'rank': 30, 'fitness': 0.01798620996209155, 'generation': 387}"
"{'id': 17150, 'rank': 1, 'fitness': 0.9820137900379085, 'generation': 388}","{'id': 17141, 'rank': 2, 'fitness': 0.7643206382890708, 'generation': 388}","{'id': 17124, 'rank': 3, 'fitness': 0.5986287244827374, 'generation': 388}","{'id': 17128, 'rank': 4, 'fitness': 0.5340106231666538, 'generation': 388}","{'id': 17144, 'rank': 5, 'fitness': 0.5194679404239501, 'generation': 388}","{'id': 17151, 'rank': 6, 'fitness': 0.3248014745737694, 'generation': 388}","{'id': 17134, 'rank': 7, 'fitness': 0.21937144879781412, 'generation': 388}","{'id': 17148, 'rank': 8, 'fitness': 0.17324345507500194, 'generation': 388}","{'id': 17146, 'rank': 9, 'fitness': 0.1644210876945607, 'generation': 388}","{'id': 17112, 'rank': 10, 'fitness': 0.1608832516587958, 'generation': 388}","{'id': 17123, 'rank': 11, 'fitness': 0.09387277721315723, 'generation': 388}","{'id': 17140, 'rank': 12, 'fitness': 0.05878607585287704, 'generation': 388}","{'id': 17135, 'rank': 13, 'fitness': 0.05519152339635014, 'generation': 388}","{'id': 17130, 'rank': 14, 'fitness': 0.05337652933968556, 'generation': 388}","{'id': 17121, 'rank': 15, 'fitness': 0.05120006636357266, 'generation': 388}","{'id': 17149, 'rank': 16, 'fitness': 0.04103844507892623, 'generation': 388}","{'id': 17152, 'rank': 17, 'fitness': 0.04093419580522201, 'generation': 388}","{'id': 17120, 'rank': 18, 'fitness': 0.039268892060469573, 'generation': 388}","{'id': 17142, 'rank': 19, 'fitness': 0.03886501521751751, 'generation': 388}","{'id': 17111, 'rank': 20, 'fitness': 0.03861290184598665, 'generation': 388}","{'id': 17132, 'rank': 21, 'fitness': 0.03266752264200529, 'generation': 388}","{'id': 17133, 'rank': 22, 'fitness': 0.032276356497878855, 'generation': 388}","{'id': 17125, 'rank': 23, 'fitness': 0.030624306744715557, 'generation': 388}","{'id': 17153, 'rank': 24, 'fitness': 0.02853768714424726, 'generation': 388}","{'id': 17131, 'rank': 25, 'fitness': 0.027867693049230424, 'generation': 388}","{'id': 17110, 'rank': 26, 'fitness': 0.027679643688516553, 'generation': 388}","{'id': 17114, 'rank': 27, 'fitness': 0.027565476277915446, 'generation': 388}","{'id': 17138, 'rank': 28, 'fitness': 0.022930269221010102, 'generation': 388}","{'id': 17145, 'rank': 29, 'fitness': 0.021594460753606992, 'generation': 388}","{'id': 17119, 'rank': 30, 'fitness': 0.01798620996209155, 'generation': 388}"
"{'id': 17170, 'rank': 1, 'fitness': 0.9820137900379085, 'generation': 389}","{'id': 17191, 'rank': 2, 'fitness': 0.9293363911886502, 'generation': 389}","{'id': 17177, 'rank': 3, 'fitness': 0.685788101530189, 'generation': 389}","{'id': 17182, 'rank': 4, 'fitness': 0.5717929282257943, 'generation': 389}","{'id': 17172, 'rank': 5, 'fitness': 0.29392257313394743, 'generation': 389}","{'id': 17178, 'rank': 6, 'fitness': 0.252311805865951, 'generation': 389}","{'id': 17186, 'rank': 7, 'fitness': 0.2129488968420853, 'generation': 389}","{'id': 17180, 'rank': 8, 'fitness': 0.13497700359805342, 'generation': 389}","{'id': 17190, 'rank': 9, 'fitness': 0.1334261071504771, 'generation': 389}","{'id': 17176, 'rank': 10, 'fitness': 0.13012597998554776, 'generation': 389}","{'id': 17160, 'rank': 11, 'fitness': 0.1262482650979262, 'generation': 389}","{'id': 17155, 'rank': 12, 'fitness': 0.12176803501608796, 'generation': 389}","{'id': 17168, 'rank': 13, 'fitness': 0.11348775642521641, 'generation': 389}","{'id': 17167, 'rank': 14, 'fitness': 0.10912827649906265, 'generation': 389}","{'id': 17171, 'rank': 15, 'fitness': 0.08455054279431362, 'generation': 389}","{'id': 17162, 'rank': 16, 'fitness': 0.08184769420266791, 'generation': 389}","{'id': 17184, 'rank': 17, 'fitness': 0.07519639398590627, 'generation': 389}","{'id': 17169, 'rank': 18, 'fitness': 0.07435161676846891, 'generation': 389}","{'id': 17188, 'rank': 19, 'fitness': 0.07356621491730275, 'generation': 389}","{'id': 17166, 'rank': 20, 'fitness': 0.07242316813151883, 'generation': 389}","{'id': 17179, 'rank': 21, 'fitness': 0.0587829321782799, 'generation': 389}","{'id': 17164, 'rank': 22, 'fitness': 0.038952535288770795, 'generation': 389}","{'id': 17181, 'rank': 23, 'fitness': 0.03563199800312655, 'generation': 389}","{'id': 17173, 'rank': 24, 'fitness': 0.028215088010797917, 'generation': 389}","{'id': 17189, 'rank': 25, 'fitness': 0.025175062341213028, 'generation': 389}","{'id': 17175, 'rank': 26, 'fitness': 0.02457960090083061, 'generation': 389}","{'id': 17159, 'rank': 27, 'fitness': 0.024499590875402877, 'generation': 389}","{'id': 17158, 'rank': 28, 'fitness': 0.023048638942828548, 'generation': 389}","{'id': 17187, 'rank': 29, 'fitness': 0.018063165991475116, 'generation': 389}","{'id': 17156, 'rank': 30, 'fitness': 0.01798620996209155, 'generation': 389}"
"{'id': 17215, 'rank': 1, 'fitness': 0.9820137900379085, 'generation': 390}","{'id': 17212, 'rank': 2, 'fitness': 0.9302324692992516, 'generation': 390}","{'id': 17218, 'rank': 3, 'fitness': 0.912892556457374, 'generation': 390}","{'id': 17204, 'rank': 4, 'fitness': 0.9042212325527256, 'generation': 390}","{'id': 17219, 'rank': 5, 'fitness': 0.8604710562596896, 'generation': 390}","{'id': 17217, 'rank': 6, 'fitness': 0.8312868700510714, 'generation': 390}","{'id': 17222, 'rank': 7, 'fitness': 0.6595525697581313, 'generation': 390}","{'id': 17223, 'rank': 8, 'fitness': 0.6476131616327565, 'generation': 390}","{'id': 17208, 'rank': 9, 'fitness': 0.5721739792541124, 'generation': 390}","{'id': 17216, 'rank': 10, 'fitness': 0.4419791139696511, 'generation': 390}","{'id': 17220, 'rank': 11, 'fitness': 0.4356715592942082, 'generation': 390}","{'id': 17225, 'rank': 12, 'fitness': 0.4076402899101057, 'generation': 390}","{'id': 17195, 'rank': 13, 'fitness': 0.3927511198550529, 'generation': 390}","{'id': 17207, 'rank': 14, 'fitness': 0.3155246702154262, 'generation': 390}","{'id': 17224, 'rank': 15, 'fitness': 0.21986365887031656, 'generation': 390}","{'id': 17194, 'rank': 16, 'fitness': 0.20085212354627613, 'generation': 390}","{'id': 17226, 'rank': 17, 'fitness': 0.1870202536537739, 'generation': 390}","{'id': 17221, 'rank': 18, 'fitness': 0.14468186523540427, 'generation': 390}","{'id': 17213, 'rank': 19, 'fitness': 0.13574517454823937, 'generation': 390}","{'id': 17205, 'rank': 20, 'fitness': 0.1302844754675151, 'generation': 390}","{'id': 17209, 'rank': 21, 'fitness': 0.12922926141222457, 'generation': 390}","{'id': 17192, 'rank': 22, 'fitness': 0.1216532597317404, 'generation': 390}","{'id': 17206, 'rank': 23, 'fitness': 0.1204167254755355, 'generation': 390}","{'id': 17199, 'rank': 24, 'fitness': 0.06648095424316902, 'generation': 390}","{'id': 17227, 'rank': 25, 'fitness': 0.046171822862639655, 'generation': 390}","{'id': 17198, 'rank': 26, 'fitness': 0.032628814665794204, 'generation': 390}","{'id': 17203, 'rank': 27, 'fitness': 0.0326193130238851, 'generation': 390}","{'id': 17196, 'rank': 28, 'fitness': 0.03208781464341198, 'generation': 390}","{'id': 17210, 'rank': 29, 'fitness': 0.024898366178369713, 'generation': 390}","{'id': 17200, 'rank': 30, 'fitness': 0.01798620996209155, 'generation': 390}"
"{'id': 17266, 'rank': 1, 'fitness': 0.9820137900379085, 'generation': 391}","{'id': 17274, 'rank': 2, 'fitness': 0.8586323260096086, 'generation': 391}","{'id': 17249, 'rank': 3, 'fitness': 0.7620297541784052, 'generation': 391}","{'id': 17260, 'rank': 4, 'fitness': 0.6415756216358975, 'generation': 391}","{'id': 17270, 'rank': 5, 'fitness': 0.44924327775405276, 'generation': 391}","{'id': 17239, 'rank': 6, 'fitness': 0.3855297992031823, 'generation': 391}","{'id': 17269, 'rank': 7, 'fitness': 0.37350056464067904, 'generation': 391}","{'id': 17261, 'rank': 8, 'fitness': 0.3702880534348972, 'generation': 391}","{'id': 17255, 'rank': 9, 'fitness': 0.3373264867943161, 'generation': 391}","{'id': 17251, 'rank': 10, 'fitness': 0.31583977952646397, 'generation': 391}","{'id': 17254, 'rank': 11, 'fitness': 0.3031712736137759, 'generation': 391}","{'id': 17263, 'rank': 12, 'fitness': 0.29932715349324607, 'generation': 391}","{'id': 17246, 'rank': 13, 'fitness': 0.2791663341047953, 'generation': 391}","{'id': 17231, 'rank': 14, 'fitness': 0.20149322368210948, 'generation': 391}","{'id': 17265, 'rank': 15, 'fitness': 0.20090856681261127, 'generation': 391}","{'id': 17241, 'rank': 16, 'fitness': 0.18824453928126883, 'generation': 391}","{'id': 17236, 'rank': 17, 'fitness': 0.18154791451698887, 'generation': 391}","{'id': 17253, 'rank': 18, 'fitness': 0.16349019741312448, 'generation': 391}","{'id': 17268, 'rank': 19, 'fitness': 0.14651487998436918, 'generation': 391}","{'id': 17244, 'rank': 20, 'fitness': 0.14240584208257084, 'generation': 391}","{'id': 17248, 'rank': 21, 'fitness': 0.13031677785189055, 'generation': 391}","{'id': 17232, 'rank': 22, 'fitness': 0.05797872405109378, 'generation': 391}","{'id': 17256, 'rank': 23, 'fitness': 0.05453421549548054, 'generation': 391}","{'id': 17271, 'rank': 24, 'fitness': 0.03623394457270224, 'generation': 391}","{'id': 17234, 'rank': 25, 'fitness': 0.033266251593836005, 'generation': 391}","{'id': 17243, 'rank': 26, 'fitness': 0.03083763662661365, 'generation': 391}","{'id': 17262, 'rank': 27, 'fitness': 0.027742176252678163, 'generation': 391}","{'id': 17237, 'rank': 28, 'fitness': 0.02403064895848439, 'generation': 391}","{'id': 17272, 'rank': 29, 'fitness': 0.02187172154540018, 'generation': 391}","{'id': 17228, 'rank': 30, 'fitness': 0.01798620996209155, 'generation': 391}"
"{'id': 17305, 'rank': 1, 'fitness': 0.9820137900379085, 'generation': 392}","{'id': 17310, 'rank': 2, 'fitness': 0.9805610575642942, 'generation': 392}","{'id': 17299, 'rank': 3, 'fitness': 0.8478460636019687, 'generation': 392}","{'id': 17302, 'rank': 4, 'fitness': 0.6780414110009095, 'generation': 392}","{'id': 17284, 'rank': 5, 'fitness': 0.6578925809366039, 'generation': 392}","{'id': 17296, 'rank': 6, 'fitness': 0.6454888485315767, 'generation': 392}","{'id': 17294, 'rank': 7, 'fitness': 0.5154951104874332, 'generation': 392}","{'id': 17304, 'rank': 8, 'fitness': 0.4859393991864047, 'generation': 392}","{'id': 17289, 'rank': 9, 'fitness': 0.2670775170515747, 'generation': 392}","{'id': 17288, 'rank': 10, 'fitness': 0.2630735497212048, 'generation': 392}","{'id': 17290, 'rank': 11, 'fitness': 0.2604982745828912, 'generation': 392}","{'id': 17286, 'rank': 12, 'fitness': 0.18608308462943857, 'generation': 392}","{'id': 17292, 'rank': 13, 'fitness': 0.1481463075640843, 'generation': 392}","{'id': 17287, 'rank': 14, 'fitness': 0.13998526185907156, 'generation': 392}","{'id': 17283, 'rank': 15, 'fitness': 0.1269907103403876, 'generation': 392}","{'id': 17285, 'rank': 16, 'fitness': 0.11934656709101382, 'generation': 392}","{'id': 17280, 'rank': 17, 'fitness': 0.09650174506067427, 'generation': 392}","{'id': 17308, 'rank': 18, 'fitness': 0.08013168983918606, 'generation': 392}","{'id': 17301, 'rank': 19, 'fitness': 0.07396254596682927, 'generation': 392}","{'id': 17307, 'rank': 20, 'fitness': 0.07332459221903254, 'generation': 392}","{'id': 17282, 'rank': 21, 'fitness': 0.06604308709608903, 'generation': 392}","{'id': 17306, 'rank': 22, 'fitness': 0.04921946488582973, 'generation': 392}","{'id': 17298, 'rank': 23, 'fitness': 0.041983467303196464, 'generation': 392}","{'id': 17293, 'rank': 24, 'fitness': 0.03289990198542475, 'generation': 392}","{'id': 17278, 'rank': 25, 'fitness': 0.03227283727489544, 'generation': 392}","{'id': 17291, 'rank': 26, 'fitness': 0.02885122739565349, 'generation': 392}","{'id': 17303, 'rank': 27, 'fitness': 0.02751290074209356, 'generation': 392}","{'id': 17300, 'rank': 28, 'fitness': 0.02378556702419904, 'generation': 392}","{'id': 17279, 'rank': 29, 'fitness': 0.020322785974190682, 'generation': 392}","{'id': 17297, 'rank': 30, 'fitness': 0.01798620996209155, 'generation': 392}"
"{'id': 17342, 'rank': 1, 'fitness': 0.9820137900379085, 'generation': 393}","{'id': 17325, 'rank': 2, 'fitness': 0.8675775245961745, 'generation': 393}","{'id': 17314, 'rank': 3, 'fitness': 0.828838932780204, 'generation': 393}","{'id': 17351, 'rank': 4, 'fitness': 0.811883527135224, 'generation': 393}","{'id': 17345, 'rank': 5, 'fitness': 0.8032178909697139, 'generation': 393}","{'id': 17338, 'rank': 6, 'fitness': 0.737837910942904, 'generation': 393}","{'id': 17354, 'rank': 7, 'fitness': 0.5875609502787955, 'generation': 393}","{'id': 17344, 'rank': 8, 'fitness': 0.5570841534301963, 'generation': 393}","{'id': 17347, 'rank': 9, 'fitness': 0.5516026053537335, 'generation': 393}","{'id': 17350, 'rank': 10, 'fitness': 0.39030321092298603, 'generation': 393}","{'id': 17337, 'rank': 11, 'fitness': 0.3308980496948399, 'generation': 393}","{'id': 17348, 'rank': 12, 'fitness': 0.3170030949084637, 'generation': 393}","{'id': 17327, 'rank': 13, 'fitness': 0.28871072214787136, 'generation': 393}","{'id': 17318, 'rank': 14, 'fitness': 0.1838873795773035, 'generation': 393}","{'id': 17343, 'rank': 15, 'fitness': 0.1407805495295627, 'generation': 393}","{'id': 17340, 'rank': 16, 'fitness': 0.13767456175757453, 'generation': 393}","{'id': 17349, 'rank': 17, 'fitness': 0.1347667536092742, 'generation': 393}","{'id': 17334, 'rank': 18, 'fitness': 0.09081650434541982, 'generation': 393}","{'id': 17332, 'rank': 19, 'fitness': 0.0738698369656196, 'generation': 393}","{'id': 17312, 'rank': 20, 'fitness': 0.06343187360248959, 'generation': 393}","{'id': 17336, 'rank': 21, 'fitness': 0.0507035083243495, 'generation': 393}","{'id': 17324, 'rank': 22, 'fitness': 0.04975331292701224, 'generation': 393}","{'id': 17329, 'rank': 23, 'fitness': 0.04131512063296894, 'generation': 393}","{'id': 17353, 'rank': 24, 'fitness': 0.04065460072392896, 'generation': 393}","{'id': 17341, 'rank': 25, 'fitness': 0.03789106802954184, 'generation': 393}","{'id': 17331, 'rank': 26, 'fitness': 0.03741102259473328, 'generation': 393}","{'id': 17316, 'rank': 27, 'fitness': 0.03220447472434196, 'generation': 393}","{'id': 17346, 'rank': 28, 'fitness': 0.022649061148417526, 'generation': 393}","{'id': 17330, 'rank': 29, 'fitness': 0.02145685581880663, 'generation': 393}","{'id': 17326, 'rank': 30, 'fitness': 0.01798620996209155, 'generation': 393}"
"{'id': 17366, 'rank': 1, 'fitness': 0.9820137900379085, 'generation': 394}","{'id': 17376, 'rank': 2, 'fitness': 0.9686319955365155, 'generation': 394}","{'id': 17384, 'rank': 3, 'fitness': 0.9574080341562348, 'generation': 394}","{'id': 17362, 'rank': 4, 'fitness': 0.8991585830010493, 'generation': 394}","{'id': 17387, 'rank': 5, 'fitness': 0.8809181697333606, 'generation': 394}","{'id': 17375, 'rank': 6, 'fitness': 0.8759776093206982, 'generation': 394}","{'id': 17382, 'rank': 7, 'fitness': 0.6654500728985526, 'generation': 394}","{'id': 17402, 'rank': 8, 'fitness': 0.5576451976440071, 'generation': 394}","{'id': 17380, 'rank': 9, 'fitness': 0.5135286671910987, 'generation': 394}","{'id': 17394, 'rank': 10, 'fitness': 0.3642088074360399, 'generation': 394}","{'id': 17364, 'rank': 11, 'fitness': 0.3453297018542346, 'generation': 394}","{'id': 17396, 'rank': 12, 'fitness': 0.17448048167015284, 'generation': 394}","{'id': 17390, 'rank': 13, 'fitness': 0.12508254355945458, 'generation': 394}","{'id': 17360, 'rank': 14, 'fitness': 0.11870519919513145, 'generation': 394}","{'id': 17392, 'rank': 15, 'fitness': 0.08900559030196686, 'generation': 394}","{'id': 17401, 'rank': 16, 'fitness': 0.07343411989339499, 'generation': 394}","{'id': 17388, 'rank': 17, 'fitness': 0.06803346606321692, 'generation': 394}","{'id': 17370, 'rank': 18, 'fitness': 0.0637437794117407, 'generation': 394}","{'id': 17383, 'rank': 19, 'fitness': 0.05885449936752657, 'generation': 394}","{'id': 17398, 'rank': 20, 'fitness': 0.0459533346586804, 'generation': 394}","{'id': 17381, 'rank': 21, 'fitness': 0.04191524619543219, 'generation': 394}","{'id': 17378, 'rank': 22, 'fitness': 0.04160091550998668, 'generation': 394}","{'id': 17367, 'rank': 23, 'fitness': 0.03804557577486245, 'generation': 394}","{'id': 17377, 'rank': 24, 'fitness': 0.033703078945011955, 'generation': 394}","{'id': 17400, 'rank': 25, 'fitness': 0.031668152200027, 'generation': 394}","{'id': 17393, 'rank': 26, 'fitness': 0.026791507100896117, 'generation': 394}","{'id': 17391, 'rank': 27, 'fitness': 0.025740572804687778, 'generation': 394}","{'id': 17399, 'rank': 28, 'fitness': 0.021076108451157705, 'generation': 394}","{'id': 17395, 'rank': 29, 'fitness': 0.01827951087783708, 'generation': 394}","{'id': 17397, 'rank': 30, 'fitness': 0.01798620996209155, 'generation': 394}"
"{'id': 17431, 'rank': 1, 'fitness': 0.9820137900379085, 'generation': 395}","{'id': 17430, 'rank': 2, 'fitness': 0.9680570310078862, 'generation': 395}","{'id': 17427, 'rank': 3, 'fitness': 0.9498238409807129, 'generation': 395}","{'id': 17438, 'rank': 4, 'fitness': 0.9401843363857453, 'generation': 395}","{'id': 17435, 'rank': 5, 'fitness': 0.830049150289121, 'generation': 395}","{'id': 17445, 'rank': 6, 'fitness': 0.8185235730707272, 'generation': 395}","{'id': 17441, 'rank': 7, 'fitness': 0.7125189340624023, 'generation': 395}","{'id': 17443, 'rank': 8, 'fitness': 0.7055361713213417, 'generation': 395}","{'id': 17416, 'rank': 9, 'fitness': 0.5479144179822051, 'generation': 395}","{'id': 17440, 'rank': 10, 'fitness': 0.4297226675357213, 'generation': 395}","{'id': 17423, 'rank': 11, 'fitness': 0.42702907543148916, 'generation': 395}","{'id': 17419, 'rank': 12, 'fitness': 0.3270260697958903, 'generation': 395}","{'id': 17437, 'rank': 13, 'fitness': 0.20562029344407923, 'generation': 395}","{'id': 17432, 'rank': 14, 'fitness': 0.16721232828559707, 'generation': 395}","{'id': 17417, 'rank': 15, 'fitness': 0.1529922073750769, 'generation': 395}","{'id': 17444, 'rank': 16, 'fitness': 0.14713726296628205, 'generation': 395}","{'id': 17434, 'rank': 17, 'fitness': 0.14319580146966698, 'generation': 395}","{'id': 17426, 'rank': 18, 'fitness': 0.13922921471785304, 'generation': 395}","{'id': 17439, 'rank': 19, 'fitness': 0.13420665869184462, 'generation': 395}","{'id': 17422, 'rank': 20, 'fitness': 0.1298193314122651, 'generation': 395}","{'id': 17421, 'rank': 21, 'fitness': 0.11286060263909414, 'generation': 395}","{'id': 17405, 'rank': 22, 'fitness': 0.1098297635941789, 'generation': 395}","{'id': 17403, 'rank': 23, 'fitness': 0.06902000585219992, 'generation': 395}","{'id': 17404, 'rank': 24, 'fitness': 0.06639045500729523, 'generation': 395}","{'id': 17425, 'rank': 25, 'fitness': 0.061499917712866614, 'generation': 395}","{'id': 17412, 'rank': 26, 'fitness': 0.030900429467880464, 'generation': 395}","{'id': 17424, 'rank': 27, 'fitness': 0.027812408704319003, 'generation': 395}","{'id': 17420, 'rank': 28, 'fitness': 0.02509683406489882, 'generation': 395}","{'id': 17442, 'rank': 29, 'fitness': 0.020904588868852325, 'generation': 395}","{'id': 17429, 'rank': 30, 'fitness': 0.01798620996209155, 'generation': 395}"
"{'id': 17469, 'rank': 1, 'fitness': 0.9820137900379085, 'generation': 396}","{'id': 17486, 'rank': 2, 'fitness': 0.9357312309327116, 'generation': 396}","{'id': 17485, 'rank': 3, 'fitness': 0.9199077202363555, 'generation': 396}","{'id': 17488, 'rank': 4, 'fitness': 0.9138837036853555, 'generation': 396}","{'id': 17490, 'rank': 5, 'fitness': 0.8739368531790922, 'generation': 396}","{'id': 17471, 'rank': 6, 'fitness': 0.8683837966975873, 'generation': 396}","{'id': 17499, 'rank': 7, 'fitness': 0.8381212626057492, 'generation': 396}","{'id': 17455, 'rank': 8, 'fitness': 0.7934741278534115, 'generation': 396}","{'id': 17501, 'rank': 9, 'fitness': 0.7789262287129061, 'generation': 396}","{'id': 17496, 'rank': 10, 'fitness': 0.6975274899977981, 'generation': 396}","{'id': 17493, 'rank': 11, 'fitness': 0.6004267286330272, 'generation': 396}","{'id': 17458, 'rank': 12, 'fitness': 0.4646908374513739, 'generation': 396}","{'id': 17453, 'rank': 13, 'fitness': 0.3599272029928552, 'generation': 396}","{'id': 17494, 'rank': 14, 'fitness': 0.192903021800649, 'generation': 396}","{'id': 17452, 'rank': 15, 'fitness': 0.17513026830939304, 'generation': 396}","{'id': 17477, 'rank': 16, 'fitness': 0.0991401710593518, 'generation': 396}","{'id': 17448, 'rank': 17, 'fitness': 0.09546142182776618, 'generation': 396}","{'id': 17502, 'rank': 18, 'fitness': 0.07231318691965938, 'generation': 396}","{'id': 17487, 'rank': 19, 'fitness': 0.06120630882522726, 'generation': 396}","{'id': 17475, 'rank': 20, 'fitness': 0.0596084820664739, 'generation': 396}","{'id': 17465, 'rank': 21, 'fitness': 0.0512391532951576, 'generation': 396}","{'id': 17492, 'rank': 22, 'fitness': 0.04588529274230052, 'generation': 396}","{'id': 17449, 'rank': 23, 'fitness': 0.0442792688765799, 'generation': 396}","{'id': 17495, 'rank': 24, 'fitness': 0.03693809588740632, 'generation': 396}","{'id': 17484, 'rank': 25, 'fitness': 0.03217880841866705, 'generation': 396}","{'id': 17462, 'rank': 26, 'fitness': 0.031342816801233575, 'generation': 396}","{'id': 17500, 'rank': 27, 'fitness': 0.030999061134043215, 'generation': 396}","{'id': 17463, 'rank': 28, 'fitness': 0.021958889855870523, 'generation': 396}","{'id': 17454, 'rank': 29, 'fitness': 0.019398330936833408, 'generation': 396}","{'id': 17460, 'rank': 30, 'fitness': 0.01798620996209155, 'generation': 396}"
"{'id': 17540, 'rank': 1, 'fitness': 0.9820137900379085, 'generation': 397}","{'id': 17536, 'rank': 2, 'fitness': 0.9578630464030999, 'generation': 397}","{'id': 17543, 'rank': 3, 'fitness': 0.9329907404006639, 'generation': 397}","{'id': 17551, 'rank': 4, 'fitness': 0.7242551659142942, 'generation': 397}","{'id': 17510, 'rank': 5, 'fitness': 0.5767873649994939, 'generation': 397}","{'id': 17535, 'rank': 6, 'fitness': 0.5165890778700263, 'generation': 397}","{'id': 17517, 'rank': 7, 'fitness': 0.41853623684548197, 'generation': 397}","{'id': 17554, 'rank': 8, 'fitness': 0.3725500590882382, 'generation': 397}","{'id': 17541, 'rank': 9, 'fitness': 0.29337225478186557, 'generation': 397}","{'id': 17508, 'rank': 10, 'fitness': 0.28313131403394826, 'generation': 397}","{'id': 17522, 'rank': 11, 'fitness': 0.22865866009548552, 'generation': 397}","{'id': 17544, 'rank': 12, 'fitness': 0.2133643348640355, 'generation': 397}","{'id': 17538, 'rank': 13, 'fitness': 0.19301554190414028, 'generation': 397}","{'id': 17547, 'rank': 14, 'fitness': 0.15245293015406192, 'generation': 397}","{'id': 17539, 'rank': 15, 'fitness': 0.1128450032126238, 'generation': 397}","{'id': 17529, 'rank': 16, 'fitness': 0.08663296235308326, 'generation': 397}","{'id': 17518, 'rank': 17, 'fitness': 0.07911540649701088, 'generation': 397}","{'id': 17549, 'rank': 18, 'fitness': 0.06492990985448144, 'generation': 397}","{'id': 17553, 'rank': 19, 'fitness': 0.06479398466539671, 'generation': 397}","{'id': 17520, 'rank': 20, 'fitness': 0.05009576173385677, 'generation': 397}","{'id': 17507, 'rank': 21, 'fitness': 0.037415029581582715, 'generation': 397}","{'id': 17516, 'rank': 22, 'fitness': 0.03142157585931388, 'generation': 397}","{'id': 17542, 'rank': 23, 'fitness': 0.03089992847271572, 'generation': 397}","{'id': 17533, 'rank': 24, 'fitness': 0.03027742009252088, 'generation': 397}","{'id': 17514, 'rank': 25, 'fitness': 0.026027165026131116, 'generation': 397}","{'id': 17531, 'rank': 26, 'fitness': 0.023091868993359577, 'generation': 397}","{'id': 17503, 'rank': 27, 'fitness': 0.0226713136651, 'generation': 397}","{'id': 17528, 'rank': 28, 'fitness': 0.019341153190465588, 'generation': 397}","{'id': 17530, 'rank': 29, 'fitness': 0.018133586187939255, 'generation': 397}","{'id': 17526, 'rank': 30, 'fitness': 0.01798620996209155, 'generation': 397}"
"{'id': 17574, 'rank': 1, 'fitness': 0.9820137900379085, 'generation': 398}","{'id': 17584, 'rank': 2, 'fitness': 0.9797381954514126, 'generation': 398}","{'id': 17566, 'rank': 3, 'fitness': 0.9731976080395981, 'generation': 398}","{'id': 17561, 'rank': 4, 'fitness': 0.9644468665851469, 'generation': 398}","{'id': 17587, 'rank': 5, 'fitness': 0.9226587215802042, 'generation': 398}","{'id': 17567, 'rank': 6, 'fitness': 0.860172940025524, 'generation': 398}","{'id': 17580, 'rank': 7, 'fitness': 0.8562989459406021, 'generation': 398}","{'id': 17582, 'rank': 8, 'fitness': 0.8512057137164168, 'generation': 398}","{'id': 17563, 'rank': 9, 'fitness': 0.8248487297580316, 'generation': 398}","{'id': 17589, 'rank': 10, 'fitness': 0.8208138546622602, 'generation': 398}","{'id': 17572, 'rank': 11, 'fitness': 0.814565989956498, 'generation': 398}","{'id': 17591, 'rank': 12, 'fitness': 0.8062603480763735, 'generation': 398}","{'id': 17565, 'rank': 13, 'fitness': 0.6240413430083187, 'generation': 398}","{'id': 17588, 'rank': 14, 'fitness': 0.5595721306059955, 'generation': 398}","{'id': 17585, 'rank': 15, 'fitness': 0.2931640540363065, 'generation': 398}","{'id': 17560, 'rank': 16, 'fitness': 0.25158429480762246, 'generation': 398}","{'id': 17578, 'rank': 17, 'fitness': 0.2504122305396454, 'generation': 398}","{'id': 17558, 'rank': 18, 'fitness': 0.12267859728365216, 'generation': 398}","{'id': 17569, 'rank': 19, 'fitness': 0.10500903266170858, 'generation': 398}","{'id': 17581, 'rank': 20, 'fitness': 0.10430031047966226, 'generation': 398}","{'id': 17576, 'rank': 21, 'fitness': 0.09725426268002513, 'generation': 398}","{'id': 17562, 'rank': 22, 'fitness': 0.09336191087580958, 'generation': 398}","{'id': 17575, 'rank': 23, 'fitness': 0.09196345684344098, 'generation': 398}","{'id': 17564, 'rank': 24, 'fitness': 0.0785927996778355, 'generation': 398}","{'id': 17559, 'rank': 25, 'fitness': 0.05509175562936447, 'generation': 398}","{'id': 17571, 'rank': 26, 'fitness': 0.04388030738594001, 'generation': 398}","{'id': 17568, 'rank': 27, 'fitness': 0.04303927081863296, 'generation': 398}","{'id': 17577, 'rank': 28, 'fitness': 0.03717629250788451, 'generation': 398}","{'id': 17579, 'rank': 29, 'fitness': 0.02007503179626957, 'generation': 398}","{'id': 17583, 'rank': 30, 'fitness': 0.01798620996209155, 'generation': 398}"
"{'id': 17644, 'rank': 1, 'fitness': 0.9820137900379085, 'generation': 399}","{'id': 17638, 'rank': 2, 'fitness': 0.9814787513741163, 'generation': 399}","{'id': 17639, 'rank': 3, 'fitness': 0.9549695728852627, 'generation': 399}","{'id': 17620, 'rank': 4, 'fitness': 0.9204980032717037, 'generation': 399}","{'id': 17632, 'rank': 5, 'fitness': 0.7756842038985483, 'generation': 399}","{'id': 17610, 'rank': 6, 'fitness': 0.6597133692696794, 'generation': 399}","{'id': 17637, 'rank': 7, 'fitness': 0.6297416757600199, 'generation': 399}","{'id': 17636, 'rank': 8, 'fitness': 0.3819724136118915, 'generation': 399}","{'id': 17607, 'rank': 9, 'fitness': 0.23730440817736403, 'generation': 399}","{'id': 17624, 'rank': 10, 'fitness': 0.20188107558609586, 'generation': 399}","{'id': 17603, 'rank': 11, 'fitness': 0.12599241978679054, 'generation': 399}","{'id': 17646, 'rank': 12, 'fitness': 0.11756160516538866, 'generation': 399}","{'id': 17592, 'rank': 13, 'fitness': 0.1162665862564859, 'generation': 399}","{'id': 17647, 'rank': 14, 'fitness': 0.11396071911583489, 'generation': 399}","{'id': 17616, 'rank': 15, 'fitness': 0.08604688525425574, 'generation': 399}","{'id': 17631, 'rank': 16, 'fitness': 0.07768729859616158, 'generation': 399}","{'id': 17628, 'rank': 17, 'fitness': 0.07254332586678514, 'generation': 399}","{'id': 17642, 'rank': 18, 'fitness': 0.06510120388146345, 'generation': 399}","{'id': 17626, 'rank': 19, 'fitness': 0.0622951689083347, 'generation': 399}","{'id': 17641, 'rank': 20, 'fitness': 0.0561501147028769, 'generation': 399}","{'id': 17630, 'rank': 21, 'fitness': 0.05224849963543032, 'generation': 399}","{'id': 17608, 'rank': 22, 'fitness': 0.05163332574166746, 'generation': 399}","{'id': 17601, 'rank': 23, 'fitness': 0.05147930267667328, 'generation': 399}","{'id': 17645, 'rank': 24, 'fitness': 0.04893141145741303, 'generation': 399}","{'id': 17619, 'rank': 25, 'fitness': 0.04646184355181232, 'generation': 399}","{'id': 17634, 'rank': 26, 'fitness': 0.0461594486351356, 'generation': 399}","{'id': 17611, 'rank': 27, 'fitness': 0.027538772722926597, 'generation': 399}","{'id': 17622, 'rank': 28, 'fitness': 0.02303051155474556, 'generation': 399}","{'id': 17613, 'rank': 29, 'fitness': 0.01937797477541614, 'generation': 399}","{'id': 17621, 'rank': 30, 'fitness': 0.01798620996209155, 'generation': 399}"
"{'id': 17686, 'rank': 1, 'fitness': 0.9820137900379085, 'generation': 400}","{'id': 17687, 'rank': 2, 'fitness': 0.9806160111451063, 'generation': 400}","{'id': 17677, 'rank': 3, 'fitness': 0.97887382783005, 'generation': 400}","{'id': 17678, 'rank': 4, 'fitness': 0.9684765638357915, 'generation': 400}","{'id': 17682, 'rank': 5, 'fitness': 0.8544166383699829, 'generation': 400}","{'id': 17676, 'rank': 6, 'fitness': 0.7745149110972493, 'generation': 400}","{'id': 17679, 'rank': 7, 'fitness': 0.7694893361231827, 'generation': 400}","{'id': 17673, 'rank': 8, 'fitness': 0.7065866526425779, 'generation': 400}","{'id': 17688, 'rank': 9, 'fitness': 0.685799558277625, 'generation': 400}","{'id': 17669, 'rank': 10, 'fitness': 0.6070939622847925, 'generation': 400}","{'id': 17684, 'rank': 11, 'fitness': 0.5586732426200534, 'generation': 400}","{'id': 17674, 'rank': 12, 'fitness': 0.46390734331662137, 'generation': 400}","{'id': 17671, 'rank': 13, 'fitness': 0.44527231132232936, 'generation': 400}","{'id': 17680, 'rank': 14, 'fitness': 0.43829419027626443, 'generation': 400}","{'id': 17662, 'rank': 15, 'fitness': 0.3694177547589317, 'generation': 400}","{'id': 17675, 'rank': 16, 'fitness': 0.2785439154749418, 'generation': 400}","{'id': 17670, 'rank': 17, 'fitness': 0.2567724235095809, 'generation': 400}","{'id': 17666, 'rank': 18, 'fitness': 0.25227584414258963, 'generation': 400}","{'id': 17672, 'rank': 19, 'fitness': 0.2427984834235023, 'generation': 400}","{'id': 17683, 'rank': 20, 'fitness': 0.22285473320739307, 'generation': 400}","{'id': 17667, 'rank': 21, 'fitness': 0.20140455759207748, 'generation': 400}","{'id': 17664, 'rank': 22, 'fitness': 0.1585772559463125, 'generation': 400}","{'id': 17653, 'rank': 23, 'fitness': 0.11207159056744431, 'generation': 400}","{'id': 17668, 'rank': 24, 'fitness': 0.06981879097267324, 'generation': 400}","{'id': 17681, 'rank': 25, 'fitness': 0.03520542589109993, 'generation': 400}","{'id': 17656, 'rank': 26, 'fitness': 0.03343776548254085, 'generation': 400}","{'id': 17650, 'rank': 27, 'fitness': 0.025952573950000446, 'generation': 400}","{'id': 17685, 'rank': 28, 'fitness': 0.023695781753497125, 'generation': 400}","{'id': 17663, 'rank': 29, 'fitness': 0.02313736087624846, 'generation': 400}","{'id': 17658, 'rank': 30, 'fitness': 0.01798620996209155, 'generation': 400}"
"{'id': 17741, 'rank': 1, 'fitness': 0.9820137900379085, 'generation': 401}","{'id': 17737, 'rank': 2, 'fitness': 0.9726479364852887, 'generation': 401}","{'id': 17730, 'rank': 3, 'fitness': 0.9192028072954457, 'generation': 401}","{'id': 17732, 'rank': 4, 'fitness': 0.7367315016553542, 'generation': 401}","{'id': 17711, 'rank': 5, 'fitness': 0.527559987786821, 'generation': 401}","{'id': 17723, 'rank': 6, 'fitness': 0.40854175168263185, 'generation': 401}","{'id': 17744, 'rank': 7, 'fitness': 0.2939390697126085, 'generation': 401}","{'id': 17734, 'rank': 8, 'fitness': 0.2410568164556574, 'generation': 401}","{'id': 17736, 'rank': 9, 'fitness': 0.1974026343471595, 'generation': 401}","{'id': 17729, 'rank': 10, 'fitness': 0.18161939500991897, 'generation': 401}","{'id': 17703, 'rank': 11, 'fitness': 0.16171056236749765, 'generation': 401}","{'id': 17714, 'rank': 12, 'fitness': 0.15617396675009065, 'generation': 401}","{'id': 17715, 'rank': 13, 'fitness': 0.15250152080704982, 'generation': 401}","{'id': 17712, 'rank': 14, 'fitness': 0.1416991071410454, 'generation': 401}","{'id': 17738, 'rank': 15, 'fitness': 0.12795276772857356, 'generation': 401}","{'id': 17697, 'rank': 16, 'fitness': 0.12044863164574837, 'generation': 401}","{'id': 17694, 'rank': 17, 'fitness': 0.1095669993955462, 'generation': 401}","{'id': 17693, 'rank': 18, 'fitness': 0.09534746704949304, 'generation': 401}","{'id': 17699, 'rank': 19, 'fitness': 0.07369356475716754, 'generation': 401}","{'id': 17689, 'rank': 20, 'fitness': 0.06760537779210901, 'generation': 401}","{'id': 17702, 'rank': 21, 'fitness': 0.06409004040784233, 'generation': 401}","{'id': 17739, 'rank': 22, 'fitness': 0.06088803963034772, 'generation': 401}","{'id': 17742, 'rank': 23, 'fitness': 0.04146388748727592, 'generation': 401}","{'id': 17726, 'rank': 24, 'fitness': 0.03484680121518946, 'generation': 401}","{'id': 17717, 'rank': 25, 'fitness': 0.03147633205145539, 'generation': 401}","{'id': 17727, 'rank': 26, 'fitness': 0.028263214452280916, 'generation': 401}","{'id': 17743, 'rank': 27, 'fitness': 0.02628102098800772, 'generation': 401}","{'id': 17698, 'rank': 28, 'fitness': 0.024951640662090657, 'generation': 401}","{'id': 17724, 'rank': 29, 'fitness': 0.020691950422114636, 'generation': 401}","{'id': 17740, 'rank': 30, 'fitness': 0.01798620996209155, 'generation': 401}"
"{'id': 17772, 'rank': 1, 'fitness': 0.9820137900379085, 'generation': 402}","{'id': 17776, 'rank': 2, 'fitness': 0.9601859265077474, 'generation': 402}","{'id': 17782, 'rank': 3, 'fitness': 0.9585627320898236, 'generation': 402}","{'id': 17771, 'rank': 4, 'fitness': 0.9272986794895797, 'generation': 402}","{'id': 17770, 'rank': 5, 'fitness': 0.819580390056548, 'generation': 402}","{'id': 17783, 'rank': 6, 'fitness': 0.7135349517073091, 'generation': 402}","{'id': 17754, 'rank': 7, 'fitness': 0.6644736260979608, 'generation': 402}","{'id': 17774, 'rank': 8, 'fitness': 0.6105464942149629, 'generation': 402}","{'id': 17768, 'rank': 9, 'fitness': 0.5575091738738082, 'generation': 402}","{'id': 17764, 'rank': 10, 'fitness': 0.4967356604980642, 'generation': 402}","{'id': 17765, 'rank': 11, 'fitness': 0.36344039210817347, 'generation': 402}","{'id': 17780, 'rank': 12, 'fitness': 0.32001705002639047, 'generation': 402}","{'id': 17781, 'rank': 13, 'fitness': 0.3043626714535764, 'generation': 402}","{'id': 17784, 'rank': 14, 'fitness': 0.29409197484425265, 'generation': 402}","{'id': 17755, 'rank': 15, 'fitness': 0.24945403107347086, 'generation': 402}","{'id': 17760, 'rank': 16, 'fitness': 0.24229192253953807, 'generation': 402}","{'id': 17778, 'rank': 17, 'fitness': 0.21653719504097713, 'generation': 402}","{'id': 17759, 'rank': 18, 'fitness': 0.20292651887160174, 'generation': 402}","{'id': 17750, 'rank': 19, 'fitness': 0.19239127734475736, 'generation': 402}","{'id': 17748, 'rank': 20, 'fitness': 0.13299860453969498, 'generation': 402}","{'id': 17779, 'rank': 21, 'fitness': 0.0978878257514198, 'generation': 402}","{'id': 17775, 'rank': 22, 'fitness': 0.07001399008380715, 'generation': 402}","{'id': 17766, 'rank': 23, 'fitness': 0.05404106623663091, 'generation': 402}","{'id': 17773, 'rank': 24, 'fitness': 0.05280577930439767, 'generation': 402}","{'id': 17745, 'rank': 25, 'fitness': 0.051338053122623684, 'generation': 402}","{'id': 17753, 'rank': 26, 'fitness': 0.046372758304927764, 'generation': 402}","{'id': 17758, 'rank': 27, 'fitness': 0.03675537068051887, 'generation': 402}","{'id': 17746, 'rank': 28, 'fitness': 0.027515498847890674, 'generation': 402}","{'id': 17786, 'rank': 29, 'fitness': 0.020441033794911967, 'generation': 402}","{'id': 17756, 'rank': 30, 'fitness': 0.01798620996209155, 'generation': 402}"
"{'id': 17812, 'rank': 1, 'fitness': 0.9820137900379085, 'generation': 403}","{'id': 17809, 'rank': 2, 'fitness': 0.6436065316877335, 'generation': 403}","{'id': 17817, 'rank': 3, 'fitness': 0.5074181042263627, 'generation': 403}","{'id': 17811, 'rank': 4, 'fitness': 0.4988126845835623, 'generation': 403}","{'id': 17823, 'rank': 5, 'fitness': 0.32251396540589805, 'generation': 403}","{'id': 17824, 'rank': 6, 'fitness': 0.3169823621051966, 'generation': 403}","{'id': 17830, 'rank': 7, 'fitness': 0.2988541628452426, 'generation': 403}","{'id': 17832, 'rank': 8, 'fitness': 0.1891908211221911, 'generation': 403}","{'id': 17804, 'rank': 9, 'fitness': 0.1774454707046631, 'generation': 403}","{'id': 17828, 'rank': 10, 'fitness': 0.15491070442922195, 'generation': 403}","{'id': 17808, 'rank': 11, 'fitness': 0.15364314249345123, 'generation': 403}","{'id': 17816, 'rank': 12, 'fitness': 0.14051260097999901, 'generation': 403}","{'id': 17833, 'rank': 13, 'fitness': 0.12124098742500433, 'generation': 403}","{'id': 17835, 'rank': 14, 'fitness': 0.11025845756002306, 'generation': 403}","{'id': 17837, 'rank': 15, 'fitness': 0.09568363379487727, 'generation': 403}","{'id': 17807, 'rank': 16, 'fitness': 0.09125240139349489, 'generation': 403}","{'id': 17836, 'rank': 17, 'fitness': 0.09104658583589964, 'generation': 403}","{'id': 17798, 'rank': 18, 'fitness': 0.09081675972710157, 'generation': 403}","{'id': 17810, 'rank': 19, 'fitness': 0.0689229053486125, 'generation': 403}","{'id': 17800, 'rank': 20, 'fitness': 0.05789022812632372, 'generation': 403}","{'id': 17825, 'rank': 21, 'fitness': 0.048072925451327686, 'generation': 403}","{'id': 17834, 'rank': 22, 'fitness': 0.040479264397323966, 'generation': 403}","{'id': 17801, 'rank': 23, 'fitness': 0.038956173061635124, 'generation': 403}","{'id': 17827, 'rank': 24, 'fitness': 0.03787590830800258, 'generation': 403}","{'id': 17829, 'rank': 25, 'fitness': 0.03769832357145608, 'generation': 403}","{'id': 17821, 'rank': 26, 'fitness': 0.0352656304704041, 'generation': 403}","{'id': 17820, 'rank': 27, 'fitness': 0.03151470996170702, 'generation': 403}","{'id': 17790, 'rank': 28, 'fitness': 0.02996368922268705, 'generation': 403}","{'id': 17831, 'rank': 29, 'fitness': 0.02606707290641247, 'generation': 403}","{'id': 17787, 'rank': 30, 'fitness': 0.01798620996209155, 'generation': 403}"
"{'id': 17862, 'rank': 1, 'fitness': 0.9820137900379085, 'generation': 404}","{'id': 17867, 'rank': 2, 'fitness': 0.9718783134446574, 'generation': 404}","{'id': 17868, 'rank': 3, 'fitness': 0.8533917237060673, 'generation': 404}","{'id': 17856, 'rank': 4, 'fitness': 0.8413043180210751, 'generation': 404}","{'id': 17858, 'rank': 5, 'fitness': 0.7898742642710932, 'generation': 404}","{'id': 17853, 'rank': 6, 'fitness': 0.7329416841690399, 'generation': 404}","{'id': 17873, 'rank': 7, 'fitness': 0.5985774820186017, 'generation': 404}","{'id': 17860, 'rank': 8, 'fitness': 0.5326835573401302, 'generation': 404}","{'id': 17872, 'rank': 9, 'fitness': 0.41022620525082254, 'generation': 404}","{'id': 17878, 'rank': 10, 'fitness': 0.40627474213390724, 'generation': 404}","{'id': 17876, 'rank': 11, 'fitness': 0.3355459233670032, 'generation': 404}","{'id': 17849, 'rank': 12, 'fitness': 0.24414772805664275, 'generation': 404}","{'id': 17861, 'rank': 13, 'fitness': 0.20187554734130664, 'generation': 404}","{'id': 17838, 'rank': 14, 'fitness': 0.18719501586753662, 'generation': 404}","{'id': 17840, 'rank': 15, 'fitness': 0.10997993442443643, 'generation': 404}","{'id': 17865, 'rank': 16, 'fitness': 0.10681611685105263, 'generation': 404}","{'id': 17846, 'rank': 17, 'fitness': 0.08928474025627126, 'generation': 404}","{'id': 17875, 'rank': 18, 'fitness': 0.08739967555802719, 'generation': 404}","{'id': 17843, 'rank': 19, 'fitness': 0.08421997953770222, 'generation': 404}","{'id': 17852, 'rank': 20, 'fitness': 0.07157061412180538, 'generation': 404}","{'id': 17874, 'rank': 21, 'fitness': 0.05947515554116939, 'generation': 404}","{'id': 17857, 'rank': 22, 'fitness': 0.04234087176480833, 'generation': 404}","{'id': 17848, 'rank': 23, 'fitness': 0.04002915478650437, 'generation': 404}","{'id': 17839, 'rank': 24, 'fitness': 0.03478134885094719, 'generation': 404}","{'id': 17854, 'rank': 25, 'fitness': 0.03396957770814457, 'generation': 404}","{'id': 17877, 'rank': 26, 'fitness': 0.02776255683308676, 'generation': 404}","{'id': 17841, 'rank': 27, 'fitness': 0.02668362746105435, 'generation': 404}","{'id': 17870, 'rank': 28, 'fitness': 0.02182371453441595, 'generation': 404}","{'id': 17844, 'rank': 29, 'fitness': 0.02028226265297206, 'generation': 404}","{'id': 17869, 'rank': 30, 'fitness': 0.01798620996209155, 'generation': 404}"
"{'id': 17918, 'rank': 1, 'fitness': 0.9820137900379085, 'generation': 405}","{'id': 17912, 'rank': 2, 'fitness': 0.9762665697936967, 'generation': 405}","{'id': 17917, 'rank': 3, 'fitness': 0.9626167495679944, 'generation': 405}","{'id': 17886, 'rank': 4, 'fitness': 0.808075238444424, 'generation': 405}","{'id': 17898, 'rank': 5, 'fitness': 0.6720700220342793, 'generation': 405}","{'id': 17916, 'rank': 6, 'fitness': 0.4042692612282937, 'generation': 405}","{'id': 17901, 'rank': 7, 'fitness': 0.3846016006067992, 'generation': 405}","{'id': 17922, 'rank': 8, 'fitness': 0.36807031314779415, 'generation': 405}","{'id': 17908, 'rank': 9, 'fitness': 0.3380735851906023, 'generation': 405}","{'id': 17920, 'rank': 10, 'fitness': 0.284482047993756, 'generation': 405}","{'id': 17915, 'rank': 11, 'fitness': 0.2669164336673746, 'generation': 405}","{'id': 17904, 'rank': 12, 'fitness': 0.2607466361542538, 'generation': 405}","{'id': 17893, 'rank': 13, 'fitness': 0.20731209896771952, 'generation': 405}","{'id': 17914, 'rank': 14, 'fitness': 0.20593885976247162, 'generation': 405}","{'id': 17906, 'rank': 15, 'fitness': 0.1264310611761274, 'generation': 405}","{'id': 17889, 'rank': 16, 'fitness': 0.12593613028728523, 'generation': 405}","{'id': 17919, 'rank': 17, 'fitness': 0.08564416831261873, 'generation': 405}","{'id': 17905, 'rank': 18, 'fitness': 0.0823109811363561, 'generation': 405}","{'id': 17885, 'rank': 19, 'fitness': 0.06710188090443042, 'generation': 405}","{'id': 17902, 'rank': 20, 'fitness': 0.06016332507241673, 'generation': 405}","{'id': 17903, 'rank': 21, 'fitness': 0.05040663790232319, 'generation': 405}","{'id': 17900, 'rank': 22, 'fitness': 0.045457418345808465, 'generation': 405}","{'id': 17921, 'rank': 23, 'fitness': 0.03652437271811382, 'generation': 405}","{'id': 17890, 'rank': 24, 'fitness': 0.03170991538213508, 'generation': 405}","{'id': 17895, 'rank': 25, 'fitness': 0.03159427270762888, 'generation': 405}","{'id': 17883, 'rank': 26, 'fitness': 0.03128329255686768, 'generation': 405}","{'id': 17909, 'rank': 27, 'fitness': 0.028925328369608483, 'generation': 405}","{'id': 17899, 'rank': 28, 'fitness': 0.028277849003811695, 'generation': 405}","{'id': 17879, 'rank': 29, 'fitness': 0.024227857802114394, 'generation': 405}","{'id': 17882, 'rank': 30, 'fitness': 0.01798620996209155, 'generation': 405}"
"{'id': 17969, 'rank': 1, 'fitness': 0.9820137900379085, 'generation': 406}","{'id': 17957, 'rank': 2, 'fitness': 0.9267428239292534, 'generation': 406}","{'id': 17947, 'rank': 3, 'fitness': 0.9150135500241654, 'generation': 406}","{'id': 17965, 'rank': 4, 'fitness': 0.765915905207061, 'generation': 406}","{'id': 17931, 'rank': 5, 'fitness': 0.6086117603445762, 'generation': 406}","{'id': 17944, 'rank': 6, 'fitness': 0.5971464007727494, 'generation': 406}","{'id': 17943, 'rank': 7, 'fitness': 0.593576759269897, 'generation': 406}","{'id': 17963, 'rank': 8, 'fitness': 0.5152582729552351, 'generation': 406}","{'id': 17950, 'rank': 9, 'fitness': 0.40248576897655675, 'generation': 406}","{'id': 17961, 'rank': 10, 'fitness': 0.32916191443125875, 'generation': 406}","{'id': 17970, 'rank': 11, 'fitness': 0.29547606296904444, 'generation': 406}","{'id': 17959, 'rank': 12, 'fitness': 0.2768501943675374, 'generation': 406}","{'id': 17940, 'rank': 13, 'fitness': 0.27209218574423777, 'generation': 406}","{'id': 17946, 'rank': 14, 'fitness': 0.23417733538153962, 'generation': 406}","{'id': 17964, 'rank': 15, 'fitness': 0.14587648181477791, 'generation': 406}","{'id': 17926, 'rank': 16, 'fitness': 0.1311724340326873, 'generation': 406}","{'id': 17962, 'rank': 17, 'fitness': 0.07019053930801822, 'generation': 406}","{'id': 17925, 'rank': 18, 'fitness': 0.06510243576265251, 'generation': 406}","{'id': 17933, 'rank': 19, 'fitness': 0.06291447321033328, 'generation': 406}","{'id': 17939, 'rank': 20, 'fitness': 0.056349686289838774, 'generation': 406}","{'id': 17968, 'rank': 21, 'fitness': 0.055851976525089775, 'generation': 406}","{'id': 17942, 'rank': 22, 'fitness': 0.053355099499450165, 'generation': 406}","{'id': 17930, 'rank': 23, 'fitness': 0.04473610600353928, 'generation': 406}","{'id': 17941, 'rank': 24, 'fitness': 0.03749604034779841, 'generation': 406}","{'id': 17949, 'rank': 25, 'fitness': 0.030114580456475193, 'generation': 406}","{'id': 17945, 'rank': 26, 'fitness': 0.026308420408618083, 'generation': 406}","{'id': 17966, 'rank': 27, 'fitness': 0.022162827276052233, 'generation': 406}","{'id': 17928, 'rank': 28, 'fitness': 0.021994414113074012, 'generation': 406}","{'id': 17952, 'rank': 29, 'fitness': 0.019477424432372492, 'generation': 406}","{'id': 17937, 'rank': 30, 'fitness': 0.01798620996209155, 'generation': 406}"
"{'id': 17995, 'rank': 1, 'fitness': 0.9820137900379085, 'generation': 407}","{'id': 17990, 'rank': 2, 'fitness': 0.9818526801577692, 'generation': 407}","{'id': 18000, 'rank': 3, 'fitness': 0.9753812669751045, 'generation': 407}","{'id': 18005, 'rank': 4, 'fitness': 0.925225450845415, 'generation': 407}","{'id': 18009, 'rank': 5, 'fitness': 0.8862089948097971, 'generation': 407}","{'id': 18003, 'rank': 6, 'fitness': 0.8796321585498141, 'generation': 407}","{'id': 17996, 'rank': 7, 'fitness': 0.7534378196465972, 'generation': 407}","{'id': 18007, 'rank': 8, 'fitness': 0.7386026017606165, 'generation': 407}","{'id': 18006, 'rank': 9, 'fitness': 0.6921227542006928, 'generation': 407}","{'id': 17980, 'rank': 10, 'fitness': 0.5265684184387247, 'generation': 407}","{'id': 18004, 'rank': 11, 'fitness': 0.49079241653061484, 'generation': 407}","{'id': 17983, 'rank': 12, 'fitness': 0.370172552954494, 'generation': 407}","{'id': 17988, 'rank': 13, 'fitness': 0.35387257931689153, 'generation': 407}","{'id': 18001, 'rank': 14, 'fitness': 0.3476147174927875, 'generation': 407}","{'id': 18008, 'rank': 15, 'fitness': 0.3365390080663742, 'generation': 407}","{'id': 17987, 'rank': 16, 'fitness': 0.3124986788314449, 'generation': 407}","{'id': 17997, 'rank': 17, 'fitness': 0.18251072890276843, 'generation': 407}","{'id': 17976, 'rank': 18, 'fitness': 0.14725768831880692, 'generation': 407}","{'id': 17994, 'rank': 19, 'fitness': 0.13292809970913338, 'generation': 407}","{'id': 17986, 'rank': 20, 'fitness': 0.12854372409769105, 'generation': 407}","{'id': 17992, 'rank': 21, 'fitness': 0.12332011134149001, 'generation': 407}","{'id': 18010, 'rank': 22, 'fitness': 0.09329645018624844, 'generation': 407}","{'id': 18011, 'rank': 23, 'fitness': 0.07070671131425166, 'generation': 407}","{'id': 17977, 'rank': 24, 'fitness': 0.068283851847737, 'generation': 407}","{'id': 17991, 'rank': 25, 'fitness': 0.06785837460233624, 'generation': 407}","{'id': 17999, 'rank': 26, 'fitness': 0.06704300125477447, 'generation': 407}","{'id': 17975, 'rank': 27, 'fitness': 0.058214169704328245, 'generation': 407}","{'id': 17971, 'rank': 28, 'fitness': 0.05739193158028977, 'generation': 407}","{'id': 17993, 'rank': 29, 'fitness': 0.018351245152970097, 'generation': 407}","{'id': 17978, 'rank': 30, 'fitness': 0.01798620996209155, 'generation': 407}"
"{'id': 18059, 'rank': 1, 'fitness': 0.9820137900379085, 'generation': 408}","{'id': 18054, 'rank': 2, 'fitness': 0.894526032542445, 'generation': 408}","{'id': 18046, 'rank': 3, 'fitness': 0.28081747297755527, 'generation': 408}","{'id': 18042, 'rank': 4, 'fitness': 0.2608173170068513, 'generation': 408}","{'id': 18051, 'rank': 5, 'fitness': 0.2488992901100292, 'generation': 408}","{'id': 18060, 'rank': 6, 'fitness': 0.22701752644175766, 'generation': 408}","{'id': 18047, 'rank': 7, 'fitness': 0.2159565869049085, 'generation': 408}","{'id': 18044, 'rank': 8, 'fitness': 0.15136413779584912, 'generation': 408}","{'id': 18055, 'rank': 9, 'fitness': 0.12206393392065529, 'generation': 408}","{'id': 18043, 'rank': 10, 'fitness': 0.1192018073590696, 'generation': 408}","{'id': 18056, 'rank': 11, 'fitness': 0.11300787684715585, 'generation': 408}","{'id': 18026, 'rank': 12, 'fitness': 0.11205890294516696, 'generation': 408}","{'id': 18034, 'rank': 13, 'fitness': 0.0974230597926724, 'generation': 408}","{'id': 18040, 'rank': 14, 'fitness': 0.06792174556021435, 'generation': 408}","{'id': 18050, 'rank': 15, 'fitness': 0.0476018684500053, 'generation': 408}","{'id': 18029, 'rank': 16, 'fitness': 0.04039527562877088, 'generation': 408}","{'id': 18053, 'rank': 17, 'fitness': 0.039646863710474045, 'generation': 408}","{'id': 18030, 'rank': 18, 'fitness': 0.03752163328370256, 'generation': 408}","{'id': 18023, 'rank': 19, 'fitness': 0.03670963915506126, 'generation': 408}","{'id': 18057, 'rank': 20, 'fitness': 0.03309034627829377, 'generation': 408}","{'id': 18017, 'rank': 21, 'fitness': 0.03133913519813292, 'generation': 408}","{'id': 18038, 'rank': 22, 'fitness': 0.028695542016753395, 'generation': 408}","{'id': 18028, 'rank': 23, 'fitness': 0.028148791625477287, 'generation': 408}","{'id': 18049, 'rank': 24, 'fitness': 0.028034132339983087, 'generation': 408}","{'id': 18039, 'rank': 25, 'fitness': 0.023875904372961554, 'generation': 408}","{'id': 18045, 'rank': 26, 'fitness': 0.023178193773581046, 'generation': 408}","{'id': 18031, 'rank': 27, 'fitness': 0.021148015097160855, 'generation': 408}","{'id': 18058, 'rank': 28, 'fitness': 0.020257656675668756, 'generation': 408}","{'id': 18061, 'rank': 29, 'fitness': 0.019423651516221385, 'generation': 408}","{'id': 18048, 'rank': 30, 'fitness': 0.01798620996209155, 'generation': 408}"
"{'id': 18064, 'rank': 1, 'fitness': 0.9820137900379085, 'generation': 409}","{'id': 18080, 'rank': 2, 'fitness': 0.9545641490586099, 'generation': 409}","{'id': 18099, 'rank': 3, 'fitness': 0.853112167929581, 'generation': 409}","{'id': 18075, 'rank': 4, 'fitness': 0.7747060481093746, 'generation': 409}","{'id': 18077, 'rank': 5, 'fitness': 0.7435385737796697, 'generation': 409}","{'id': 18087, 'rank': 6, 'fitness': 0.7386093932435673, 'generation': 409}","{'id': 18084, 'rank': 7, 'fitness': 0.682553972404137, 'generation': 409}","{'id': 18093, 'rank': 8, 'fitness': 0.6721707961043257, 'generation': 409}","{'id': 18097, 'rank': 9, 'fitness': 0.6219014376298028, 'generation': 409}","{'id': 18063, 'rank': 10, 'fitness': 0.608736168572163, 'generation': 409}","{'id': 18076, 'rank': 11, 'fitness': 0.5510804065925857, 'generation': 409}","{'id': 18081, 'rank': 12, 'fitness': 0.44683692492242777, 'generation': 409}","{'id': 18070, 'rank': 13, 'fitness': 0.4344043070204619, 'generation': 409}","{'id': 18096, 'rank': 14, 'fitness': 0.425849764410721, 'generation': 409}","{'id': 18069, 'rank': 15, 'fitness': 0.3997752415381906, 'generation': 409}","{'id': 18092, 'rank': 16, 'fitness': 0.37943737960399415, 'generation': 409}","{'id': 18091, 'rank': 17, 'fitness': 0.35668214817568, 'generation': 409}","{'id': 18089, 'rank': 18, 'fitness': 0.34400396261664967, 'generation': 409}","{'id': 18083, 'rank': 19, 'fitness': 0.3054920990090928, 'generation': 409}","{'id': 18062, 'rank': 20, 'fitness': 0.2599721423415209, 'generation': 409}","{'id': 18094, 'rank': 21, 'fitness': 0.2277200611323385, 'generation': 409}","{'id': 18073, 'rank': 22, 'fitness': 0.19216649743033487, 'generation': 409}","{'id': 18090, 'rank': 23, 'fitness': 0.10608931430288854, 'generation': 409}","{'id': 18100, 'rank': 24, 'fitness': 0.0748307213904974, 'generation': 409}","{'id': 18082, 'rank': 25, 'fitness': 0.0663001264728239, 'generation': 409}","{'id': 18095, 'rank': 26, 'fitness': 0.04290066517965241, 'generation': 409}","{'id': 18086, 'rank': 27, 'fitness': 0.027856497630360078, 'generation': 409}","{'id': 18098, 'rank': 28, 'fitness': 0.023678395741909886, 'generation': 409}","{'id': 18072, 'rank': 29, 'fitness': 0.018768078425869972, 'generation': 409}","{'id': 18074, 'rank': 30, 'fitness': 0.01798620996209155, 'generation': 409}"
"{'id': 18149, 'rank': 1, 'fitness': 0.9820137900379085, 'generation': 410}","{'id': 18134, 'rank': 2, 'fitness': 0.9407477129847115, 'generation': 410}","{'id': 18151, 'rank': 3, 'fitness': 0.9200997652952244, 'generation': 410}","{'id': 18131, 'rank': 4, 'fitness': 0.8337402997308092, 'generation': 410}","{'id': 18153, 'rank': 5, 'fitness': 0.7353171977223585, 'generation': 410}","{'id': 18110, 'rank': 6, 'fitness': 0.6595225992634813, 'generation': 410}","{'id': 18102, 'rank': 7, 'fitness': 0.5573883532153976, 'generation': 410}","{'id': 18142, 'rank': 8, 'fitness': 0.552301291707684, 'generation': 410}","{'id': 18103, 'rank': 9, 'fitness': 0.5255082930456121, 'generation': 410}","{'id': 18140, 'rank': 10, 'fitness': 0.475868275055163, 'generation': 410}","{'id': 18143, 'rank': 11, 'fitness': 0.409882247466027, 'generation': 410}","{'id': 18116, 'rank': 12, 'fitness': 0.3707468229572035, 'generation': 410}","{'id': 18146, 'rank': 13, 'fitness': 0.34055083580403855, 'generation': 410}","{'id': 18150, 'rank': 14, 'fitness': 0.3144819510154417, 'generation': 410}","{'id': 18130, 'rank': 15, 'fitness': 0.2864174532088922, 'generation': 410}","{'id': 18152, 'rank': 16, 'fitness': 0.2686225658165675, 'generation': 410}","{'id': 18126, 'rank': 17, 'fitness': 0.2108800866132683, 'generation': 410}","{'id': 18145, 'rank': 18, 'fitness': 0.1779045997523384, 'generation': 410}","{'id': 18104, 'rank': 19, 'fitness': 0.15673141355361803, 'generation': 410}","{'id': 18109, 'rank': 20, 'fitness': 0.13102924992352122, 'generation': 410}","{'id': 18141, 'rank': 21, 'fitness': 0.1125730631262537, 'generation': 410}","{'id': 18147, 'rank': 22, 'fitness': 0.0858083889911479, 'generation': 410}","{'id': 18114, 'rank': 23, 'fitness': 0.05453997096139257, 'generation': 410}","{'id': 18121, 'rank': 24, 'fitness': 0.051368592166145144, 'generation': 410}","{'id': 18135, 'rank': 25, 'fitness': 0.05099479030176468, 'generation': 410}","{'id': 18117, 'rank': 26, 'fitness': 0.03354247837885577, 'generation': 410}","{'id': 18148, 'rank': 27, 'fitness': 0.02145978042622454, 'generation': 410}","{'id': 18138, 'rank': 28, 'fitness': 0.021423154957725232, 'generation': 410}","{'id': 18120, 'rank': 29, 'fitness': 0.02130943946881858, 'generation': 410}","{'id': 18127, 'rank': 30, 'fitness': 0.01798620996209155, 'generation': 410}"
"{'id': 18186, 'rank': 1, 'fitness': 0.9820137900379085, 'generation': 411}","{'id': 18184, 'rank': 2, 'fitness': 0.8969837552197266, 'generation': 411}","{'id': 18187, 'rank': 3, 'fitness': 0.6265610043286248, 'generation': 411}","{'id': 18181, 'rank': 4, 'fitness': 0.22348661951427645, 'generation': 411}","{'id': 18189, 'rank': 5, 'fitness': 0.17664425401191391, 'generation': 411}","{'id': 18198, 'rank': 6, 'fitness': 0.15555425412238283, 'generation': 411}","{'id': 18194, 'rank': 7, 'fitness': 0.1442906315842139, 'generation': 411}","{'id': 18165, 'rank': 8, 'fitness': 0.1304491991369781, 'generation': 411}","{'id': 18176, 'rank': 9, 'fitness': 0.09837527999630036, 'generation': 411}","{'id': 18179, 'rank': 10, 'fitness': 0.09728421206113064, 'generation': 411}","{'id': 18182, 'rank': 11, 'fitness': 0.09447185917359996, 'generation': 411}","{'id': 18178, 'rank': 12, 'fitness': 0.08263398234025521, 'generation': 411}","{'id': 18173, 'rank': 13, 'fitness': 0.08141903445090659, 'generation': 411}","{'id': 18170, 'rank': 14, 'fitness': 0.08061585045404435, 'generation': 411}","{'id': 18160, 'rank': 15, 'fitness': 0.07825819836917347, 'generation': 411}","{'id': 18172, 'rank': 16, 'fitness': 0.07773434712732469, 'generation': 411}","{'id': 18188, 'rank': 17, 'fitness': 0.0727898956082429, 'generation': 411}","{'id': 18193, 'rank': 18, 'fitness': 0.07220837604181218, 'generation': 411}","{'id': 18159, 'rank': 19, 'fitness': 0.07110481591613255, 'generation': 411}","{'id': 18197, 'rank': 20, 'fitness': 0.06851866114887406, 'generation': 411}","{'id': 18157, 'rank': 21, 'fitness': 0.05685167093275534, 'generation': 411}","{'id': 18161, 'rank': 22, 'fitness': 0.05219035065236999, 'generation': 411}","{'id': 18183, 'rank': 23, 'fitness': 0.04684639901090548, 'generation': 411}","{'id': 18162, 'rank': 24, 'fitness': 0.03808720862895798, 'generation': 411}","{'id': 18191, 'rank': 25, 'fitness': 0.03163556503095466, 'generation': 411}","{'id': 18192, 'rank': 26, 'fitness': 0.028747121663867947, 'generation': 411}","{'id': 18175, 'rank': 27, 'fitness': 0.027275889781333384, 'generation': 411}","{'id': 18156, 'rank': 28, 'fitness': 0.02146861249464377, 'generation': 411}","{'id': 18180, 'rank': 29, 'fitness': 0.019626106338404448, 'generation': 411}","{'id': 18155, 'rank': 30, 'fitness': 0.01798620996209155, 'generation': 411}"
"{'id': 18228, 'rank': 1, 'fitness': 0.9820137900379085, 'generation': 412}","{'id': 18232, 'rank': 2, 'fitness': 0.7744874514192115, 'generation': 412}","{'id': 18223, 'rank': 3, 'fitness': 0.7020263251094871, 'generation': 412}","{'id': 18214, 'rank': 4, 'fitness': 0.6268004563940921, 'generation': 412}","{'id': 18231, 'rank': 5, 'fitness': 0.6045249053581159, 'generation': 412}","{'id': 18213, 'rank': 6, 'fitness': 0.6033902059769856, 'generation': 412}","{'id': 18209, 'rank': 7, 'fitness': 0.5199726919043348, 'generation': 412}","{'id': 18229, 'rank': 8, 'fitness': 0.5061764157546864, 'generation': 412}","{'id': 18222, 'rank': 9, 'fitness': 0.47819659188650254, 'generation': 412}","{'id': 18216, 'rank': 10, 'fitness': 0.45977453816904873, 'generation': 412}","{'id': 18225, 'rank': 11, 'fitness': 0.40938215535584793, 'generation': 412}","{'id': 18224, 'rank': 12, 'fitness': 0.2770164112207124, 'generation': 412}","{'id': 18220, 'rank': 13, 'fitness': 0.23051804366116818, 'generation': 412}","{'id': 18206, 'rank': 14, 'fitness': 0.20560208576552097, 'generation': 412}","{'id': 18218, 'rank': 15, 'fitness': 0.1927963884133383, 'generation': 412}","{'id': 18205, 'rank': 16, 'fitness': 0.11387969541875859, 'generation': 412}","{'id': 18233, 'rank': 17, 'fitness': 0.09299123823155753, 'generation': 412}","{'id': 18210, 'rank': 18, 'fitness': 0.09281635999088617, 'generation': 412}","{'id': 18204, 'rank': 19, 'fitness': 0.07824644620791743, 'generation': 412}","{'id': 18217, 'rank': 20, 'fitness': 0.07597531680636327, 'generation': 412}","{'id': 18230, 'rank': 21, 'fitness': 0.07420239161537773, 'generation': 412}","{'id': 18234, 'rank': 22, 'fitness': 0.06199398948517287, 'generation': 412}","{'id': 18219, 'rank': 23, 'fitness': 0.05846333330734432, 'generation': 412}","{'id': 18212, 'rank': 24, 'fitness': 0.03492594727100601, 'generation': 412}","{'id': 18199, 'rank': 25, 'fitness': 0.03373063528874537, 'generation': 412}","{'id': 18226, 'rank': 26, 'fitness': 0.027235104128991272, 'generation': 412}","{'id': 18203, 'rank': 27, 'fitness': 0.025534616809900323, 'generation': 412}","{'id': 18227, 'rank': 28, 'fitness': 0.02283334713055013, 'generation': 412}","{'id': 18202, 'rank': 29, 'fitness': 0.022142932971048523, 'generation': 412}","{'id': 18208, 'rank': 30, 'fitness': 0.01798620996209155, 'generation': 412}"
"{'id': 18271, 'rank': 1, 'fitness': 0.9820137900379085, 'generation': 413}","{'id': 18239, 'rank': 2, 'fitness': 0.9323258259786024, 'generation': 413}","{'id': 18265, 'rank': 3, 'fitness': 0.7958440051163364, 'generation': 413}","{'id': 18245, 'rank': 4, 'fitness': 0.7712590115083195, 'generation': 413}","{'id': 18261, 'rank': 5, 'fitness': 0.747560176787655, 'generation': 413}","{'id': 18272, 'rank': 6, 'fitness': 0.7448073641789854, 'generation': 413}","{'id': 18257, 'rank': 7, 'fitness': 0.7438598765200906, 'generation': 413}","{'id': 18250, 'rank': 8, 'fitness': 0.6020920269715048, 'generation': 413}","{'id': 18260, 'rank': 9, 'fitness': 0.49466006405781654, 'generation': 413}","{'id': 18248, 'rank': 10, 'fitness': 0.3769609192023953, 'generation': 413}","{'id': 18277, 'rank': 11, 'fitness': 0.2485194923171115, 'generation': 413}","{'id': 18273, 'rank': 12, 'fitness': 0.23128726923293763, 'generation': 413}","{'id': 18241, 'rank': 13, 'fitness': 0.19817224803033373, 'generation': 413}","{'id': 18262, 'rank': 14, 'fitness': 0.18704596068161544, 'generation': 413}","{'id': 18254, 'rank': 15, 'fitness': 0.17918850554983806, 'generation': 413}","{'id': 18249, 'rank': 16, 'fitness': 0.15634106832659572, 'generation': 413}","{'id': 18259, 'rank': 17, 'fitness': 0.1270745591896858, 'generation': 413}","{'id': 18246, 'rank': 18, 'fitness': 0.10436191848379317, 'generation': 413}","{'id': 18240, 'rank': 19, 'fitness': 0.09041525897239816, 'generation': 413}","{'id': 18275, 'rank': 20, 'fitness': 0.07552565228231545, 'generation': 413}","{'id': 18269, 'rank': 21, 'fitness': 0.05832297332098485, 'generation': 413}","{'id': 18247, 'rank': 22, 'fitness': 0.050668987316298875, 'generation': 413}","{'id': 18251, 'rank': 23, 'fitness': 0.049533396071670455, 'generation': 413}","{'id': 18235, 'rank': 24, 'fitness': 0.03950555697863811, 'generation': 413}","{'id': 18274, 'rank': 25, 'fitness': 0.03514578270945512, 'generation': 413}","{'id': 18263, 'rank': 26, 'fitness': 0.028645302950879026, 'generation': 413}","{'id': 18268, 'rank': 27, 'fitness': 0.02675247690504723, 'generation': 413}","{'id': 18267, 'rank': 28, 'fitness': 0.026253715716145654, 'generation': 413}","{'id': 18266, 'rank': 29, 'fitness': 0.024520559464316305, 'generation': 413}","{'id': 18255, 'rank': 30, 'fitness': 0.01798620996209155, 'generation': 413}"
"{'id': 18302, 'rank': 1, 'fitness': 0.9820137900379085, 'generation': 414}","{'id': 18313, 'rank': 2, 'fitness': 0.9163004703983475, 'generation': 414}","{'id': 18300, 'rank': 3, 'fitness': 0.8949511753808124, 'generation': 414}","{'id': 18292, 'rank': 4, 'fitness': 0.5648827621577283, 'generation': 414}","{'id': 18315, 'rank': 5, 'fitness': 0.5472117664443078, 'generation': 414}","{'id': 18299, 'rank': 6, 'fitness': 0.4554279850365863, 'generation': 414}","{'id': 18296, 'rank': 7, 'fitness': 0.3442989520383066, 'generation': 414}","{'id': 18298, 'rank': 8, 'fitness': 0.27440220755633216, 'generation': 414}","{'id': 18297, 'rank': 9, 'fitness': 0.19744347736673662, 'generation': 414}","{'id': 18309, 'rank': 10, 'fitness': 0.18437659813507462, 'generation': 414}","{'id': 18304, 'rank': 11, 'fitness': 0.1633318417202515, 'generation': 414}","{'id': 18305, 'rank': 12, 'fitness': 0.154550529760076, 'generation': 414}","{'id': 18306, 'rank': 13, 'fitness': 0.11674169363069631, 'generation': 414}","{'id': 18290, 'rank': 14, 'fitness': 0.11439537075265821, 'generation': 414}","{'id': 18314, 'rank': 15, 'fitness': 0.11297439569312073, 'generation': 414}","{'id': 18301, 'rank': 16, 'fitness': 0.10773052205331668, 'generation': 414}","{'id': 18308, 'rank': 17, 'fitness': 0.09634229865801053, 'generation': 414}","{'id': 18311, 'rank': 18, 'fitness': 0.0706958558495745, 'generation': 414}","{'id': 18310, 'rank': 19, 'fitness': 0.06501543150433614, 'generation': 414}","{'id': 18280, 'rank': 20, 'fitness': 0.05690695367930393, 'generation': 414}","{'id': 18312, 'rank': 21, 'fitness': 0.049479124846025846, 'generation': 414}","{'id': 18287, 'rank': 22, 'fitness': 0.04849982365565386, 'generation': 414}","{'id': 18279, 'rank': 23, 'fitness': 0.041413115052014504, 'generation': 414}","{'id': 18291, 'rank': 24, 'fitness': 0.035354723726756576, 'generation': 414}","{'id': 18288, 'rank': 25, 'fitness': 0.031296952369344044, 'generation': 414}","{'id': 18278, 'rank': 26, 'fitness': 0.02402707678446825, 'generation': 414}","{'id': 18289, 'rank': 27, 'fitness': 0.023679479772769407, 'generation': 414}","{'id': 18285, 'rank': 28, 'fitness': 0.023251405142833248, 'generation': 414}","{'id': 18286, 'rank': 29, 'fitness': 0.0197801850783767, 'generation': 414}","{'id': 18295, 'rank': 30, 'fitness': 0.01798620996209155, 'generation': 414}"
"{'id': 18338, 'rank': 1, 'fitness': 0.9820137900379085, 'generation': 415}","{'id': 18339, 'rank': 2, 'fitness': 0.8800600815725538, 'generation': 415}","{'id': 18342, 'rank': 3, 'fitness': 0.8482172872826953, 'generation': 415}","{'id': 18320, 'rank': 4, 'fitness': 0.5730763627919604, 'generation': 415}","{'id': 18356, 'rank': 5, 'fitness': 0.5003803142112903, 'generation': 415}","{'id': 18345, 'rank': 6, 'fitness': 0.4138472577383397, 'generation': 415}","{'id': 18346, 'rank': 7, 'fitness': 0.3919342243254933, 'generation': 415}","{'id': 18348, 'rank': 8, 'fitness': 0.38573010152274634, 'generation': 415}","{'id': 18317, 'rank': 9, 'fitness': 0.3108685357656513, 'generation': 415}","{'id': 18329, 'rank': 10, 'fitness': 0.25547026761963976, 'generation': 415}","{'id': 18318, 'rank': 11, 'fitness': 0.2478794631002239, 'generation': 415}","{'id': 18352, 'rank': 12, 'fitness': 0.2251870429021735, 'generation': 415}","{'id': 18351, 'rank': 13, 'fitness': 0.17596301973968426, 'generation': 415}","{'id': 18337, 'rank': 14, 'fitness': 0.16499869875860307, 'generation': 415}","{'id': 18328, 'rank': 15, 'fitness': 0.14757138185707608, 'generation': 415}","{'id': 18330, 'rank': 16, 'fitness': 0.12184948464189727, 'generation': 415}","{'id': 18340, 'rank': 17, 'fitness': 0.11639352142586451, 'generation': 415}","{'id': 18357, 'rank': 18, 'fitness': 0.10487080071643112, 'generation': 415}","{'id': 18347, 'rank': 19, 'fitness': 0.09332995225687207, 'generation': 415}","{'id': 18341, 'rank': 20, 'fitness': 0.08472868587159044, 'generation': 415}","{'id': 18323, 'rank': 21, 'fitness': 0.06511662374054078, 'generation': 415}","{'id': 18350, 'rank': 22, 'fitness': 0.06283766144993985, 'generation': 415}","{'id': 18353, 'rank': 23, 'fitness': 0.05550754805185515, 'generation': 415}","{'id': 18336, 'rank': 24, 'fitness': 0.04603579704032473, 'generation': 415}","{'id': 18354, 'rank': 25, 'fitness': 0.036882825268648056, 'generation': 415}","{'id': 18334, 'rank': 26, 'fitness': 0.036440809285977205, 'generation': 415}","{'id': 18322, 'rank': 27, 'fitness': 0.03476921720184167, 'generation': 415}","{'id': 18355, 'rank': 28, 'fitness': 0.03189060472112065, 'generation': 415}","{'id': 18325, 'rank': 29, 'fitness': 0.022937440480809368, 'generation': 415}","{'id': 18332, 'rank': 30, 'fitness': 0.01798620996209155, 'generation': 415}"
"{'id': 18398, 'rank': 1, 'fitness': 0.9820137900379085, 'generation': 416}","{'id': 18400, 'rank': 2, 'fitness': 0.9360851792091902, 'generation': 416}","{'id': 18388, 'rank': 3, 'fitness': 0.8863143937049104, 'generation': 416}","{'id': 18399, 'rank': 4, 'fitness': 0.8824721456665359, 'generation': 416}","{'id': 18383, 'rank': 5, 'fitness': 0.815392597933101, 'generation': 416}","{'id': 18392, 'rank': 6, 'fitness': 0.8128274804491586, 'generation': 416}","{'id': 18397, 'rank': 7, 'fitness': 0.7130645390320429, 'generation': 416}","{'id': 18363, 'rank': 8, 'fitness': 0.6760434302860592, 'generation': 416}","{'id': 18377, 'rank': 9, 'fitness': 0.602663152262712, 'generation': 416}","{'id': 18378, 'rank': 10, 'fitness': 0.5672100472149691, 'generation': 416}","{'id': 18374, 'rank': 11, 'fitness': 0.5663750537363135, 'generation': 416}","{'id': 18385, 'rank': 12, 'fitness': 0.3555279095773407, 'generation': 416}","{'id': 18386, 'rank': 13, 'fitness': 0.3217650903881721, 'generation': 416}","{'id': 18393, 'rank': 14, 'fitness': 0.26022518681065454, 'generation': 416}","{'id': 18367, 'rank': 15, 'fitness': 0.16938273248959668, 'generation': 416}","{'id': 18387, 'rank': 16, 'fitness': 0.1559068652378196, 'generation': 416}","{'id': 18390, 'rank': 17, 'fitness': 0.11136249397822018, 'generation': 416}","{'id': 18365, 'rank': 18, 'fitness': 0.08018153695069608, 'generation': 416}","{'id': 18361, 'rank': 19, 'fitness': 0.07931203567398476, 'generation': 416}","{'id': 18396, 'rank': 20, 'fitness': 0.07380158865130648, 'generation': 416}","{'id': 18381, 'rank': 21, 'fitness': 0.07134684973204841, 'generation': 416}","{'id': 18376, 'rank': 22, 'fitness': 0.06748173067925334, 'generation': 416}","{'id': 18373, 'rank': 23, 'fitness': 0.04465228682653821, 'generation': 416}","{'id': 18368, 'rank': 24, 'fitness': 0.03690851713323373, 'generation': 416}","{'id': 18379, 'rank': 25, 'fitness': 0.034747194981875174, 'generation': 416}","{'id': 18370, 'rank': 26, 'fitness': 0.03074226148512388, 'generation': 416}","{'id': 18382, 'rank': 27, 'fitness': 0.025849525126987127, 'generation': 416}","{'id': 18380, 'rank': 28, 'fitness': 0.019372950947765644, 'generation': 416}","{'id': 18395, 'rank': 29, 'fitness': 0.019062730679914874, 'generation': 416}","{'id': 18364, 'rank': 30, 'fitness': 0.01798620996209155, 'generation': 416}"
"{'id': 18444, 'rank': 1, 'fitness': 0.9820137900379085, 'generation': 417}","{'id': 18439, 'rank': 2, 'fitness': 0.9799108362974505, 'generation': 417}","{'id': 18443, 'rank': 3, 'fitness': 0.9789637420165673, 'generation': 417}","{'id': 18431, 'rank': 4, 'fitness': 0.9478917988137441, 'generation': 417}","{'id': 18442, 'rank': 5, 'fitness': 0.9385876936252258, 'generation': 417}","{'id': 18421, 'rank': 6, 'fitness': 0.8414335299832689, 'generation': 417}","{'id': 18446, 'rank': 7, 'fitness': 0.8354521211047965, 'generation': 417}","{'id': 18415, 'rank': 8, 'fitness': 0.8083957350585134, 'generation': 417}","{'id': 18426, 'rank': 9, 'fitness': 0.7714199579036021, 'generation': 417}","{'id': 18438, 'rank': 10, 'fitness': 0.7264275358845552, 'generation': 417}","{'id': 18436, 'rank': 11, 'fitness': 0.5870797232165311, 'generation': 417}","{'id': 18429, 'rank': 12, 'fitness': 0.30743420606902605, 'generation': 417}","{'id': 18419, 'rank': 13, 'fitness': 0.25138607343358915, 'generation': 417}","{'id': 18403, 'rank': 14, 'fitness': 0.22868200803147526, 'generation': 417}","{'id': 18428, 'rank': 15, 'fitness': 0.18796959608628055, 'generation': 417}","{'id': 18447, 'rank': 16, 'fitness': 0.17811972803445864, 'generation': 417}","{'id': 18434, 'rank': 17, 'fitness': 0.1573479029780388, 'generation': 417}","{'id': 18437, 'rank': 18, 'fitness': 0.1552234605006294, 'generation': 417}","{'id': 18445, 'rank': 19, 'fitness': 0.14124918271426978, 'generation': 417}","{'id': 18424, 'rank': 20, 'fitness': 0.10133519752880465, 'generation': 417}","{'id': 18435, 'rank': 21, 'fitness': 0.07947710930170954, 'generation': 417}","{'id': 18422, 'rank': 22, 'fitness': 0.04703225924593768, 'generation': 417}","{'id': 18418, 'rank': 23, 'fitness': 0.03526768055323681, 'generation': 417}","{'id': 18441, 'rank': 24, 'fitness': 0.03526740024474395, 'generation': 417}","{'id': 18433, 'rank': 25, 'fitness': 0.03155569336867803, 'generation': 417}","{'id': 18413, 'rank': 26, 'fitness': 0.030946230204966896, 'generation': 417}","{'id': 18432, 'rank': 27, 'fitness': 0.028649185236001073, 'generation': 417}","{'id': 18449, 'rank': 28, 'fitness': 0.026607316526598257, 'generation': 417}","{'id': 18406, 'rank': 29, 'fitness': 0.024777920815754473, 'generation': 417}","{'id': 18425, 'rank': 30, 'fitness': 0.01798620996209155, 'generation': 417}"
"{'id': 18495, 'rank': 1, 'fitness': 0.9820137900379085, 'generation': 418}","{'id': 18494, 'rank': 2, 'fitness': 0.6038837262165684, 'generation': 418}","{'id': 18483, 'rank': 3, 'fitness': 0.5352273950487351, 'generation': 418}","{'id': 18456, 'rank': 4, 'fitness': 0.2963274849664714, 'generation': 418}","{'id': 18462, 'rank': 5, 'fitness': 0.2011363119155583, 'generation': 418}","{'id': 18492, 'rank': 6, 'fitness': 0.17444250644184844, 'generation': 418}","{'id': 18455, 'rank': 7, 'fitness': 0.1692521431320802, 'generation': 418}","{'id': 18481, 'rank': 8, 'fitness': 0.15386441739417167, 'generation': 418}","{'id': 18485, 'rank': 9, 'fitness': 0.12351639188334052, 'generation': 418}","{'id': 18488, 'rank': 10, 'fitness': 0.07623285782047484, 'generation': 418}","{'id': 18498, 'rank': 11, 'fitness': 0.07104308779320201, 'generation': 418}","{'id': 18482, 'rank': 12, 'fitness': 0.07098058751296132, 'generation': 418}","{'id': 18475, 'rank': 13, 'fitness': 0.07091535213423672, 'generation': 418}","{'id': 18460, 'rank': 14, 'fitness': 0.07062698024003544, 'generation': 418}","{'id': 18461, 'rank': 15, 'fitness': 0.053800277296595866, 'generation': 418}","{'id': 18477, 'rank': 16, 'fitness': 0.05156962797629416, 'generation': 418}","{'id': 18464, 'rank': 17, 'fitness': 0.04112229591688693, 'generation': 418}","{'id': 18496, 'rank': 18, 'fitness': 0.040551612935536, 'generation': 418}","{'id': 18497, 'rank': 19, 'fitness': 0.03991003899960294, 'generation': 418}","{'id': 18467, 'rank': 20, 'fitness': 0.03943297534456974, 'generation': 418}","{'id': 18459, 'rank': 21, 'fitness': 0.03674354323625667, 'generation': 418}","{'id': 18479, 'rank': 22, 'fitness': 0.029587285636399008, 'generation': 418}","{'id': 18486, 'rank': 23, 'fitness': 0.029332038529937432, 'generation': 418}","{'id': 18463, 'rank': 24, 'fitness': 0.027194561251352167, 'generation': 418}","{'id': 18480, 'rank': 25, 'fitness': 0.02424242613740063, 'generation': 418}","{'id': 18450, 'rank': 26, 'fitness': 0.022138863946643994, 'generation': 418}","{'id': 18489, 'rank': 27, 'fitness': 0.020572397911575946, 'generation': 418}","{'id': 18487, 'rank': 28, 'fitness': 0.0203990422625403, 'generation': 418}","{'id': 18468, 'rank': 29, 'fitness': 0.020188311563479944, 'generation': 418}","{'id': 18478, 'rank': 30, 'fitness': 0.01798620996209155, 'generation': 418}"
"{'id': 18500, 'rank': 1, 'fitness': 0.9820137900379085, 'generation': 419}","{'id': 18531, 'rank': 2, 'fitness': 0.9751934871351967, 'generation': 419}","{'id': 18513, 'rank': 3, 'fitness': 0.9418908161366701, 'generation': 419}","{'id': 18515, 'rank': 4, 'fitness': 0.7907563123506347, 'generation': 419}","{'id': 18506, 'rank': 5, 'fitness': 0.7444646122771595, 'generation': 419}","{'id': 18528, 'rank': 6, 'fitness': 0.7420581191220438, 'generation': 419}","{'id': 18521, 'rank': 7, 'fitness': 0.7305532636669801, 'generation': 419}","{'id': 18527, 'rank': 8, 'fitness': 0.6998401697685498, 'generation': 419}","{'id': 18507, 'rank': 9, 'fitness': 0.6156440754872969, 'generation': 419}","{'id': 18519, 'rank': 10, 'fitness': 0.5396678096005799, 'generation': 419}","{'id': 18525, 'rank': 11, 'fitness': 0.4818195058194396, 'generation': 419}","{'id': 18503, 'rank': 12, 'fitness': 0.4337308997021152, 'generation': 419}","{'id': 18530, 'rank': 13, 'fitness': 0.4226357139997723, 'generation': 419}","{'id': 18526, 'rank': 14, 'fitness': 0.41508053413155965, 'generation': 419}","{'id': 18524, 'rank': 15, 'fitness': 0.34722670610366213, 'generation': 419}","{'id': 18502, 'rank': 16, 'fitness': 0.30076586053626597, 'generation': 419}","{'id': 18504, 'rank': 17, 'fitness': 0.24995110688216537, 'generation': 419}","{'id': 18501, 'rank': 18, 'fitness': 0.21588905527429286, 'generation': 419}","{'id': 18508, 'rank': 19, 'fitness': 0.1978908289318081, 'generation': 419}","{'id': 18511, 'rank': 20, 'fitness': 0.1673405202725351, 'generation': 419}","{'id': 18505, 'rank': 21, 'fitness': 0.10301944422399356, 'generation': 419}","{'id': 18517, 'rank': 22, 'fitness': 0.08920776024237248, 'generation': 419}","{'id': 18516, 'rank': 23, 'fitness': 0.06940123326598441, 'generation': 419}","{'id': 18523, 'rank': 24, 'fitness': 0.06298587593461985, 'generation': 419}","{'id': 18510, 'rank': 25, 'fitness': 0.058775608366763266, 'generation': 419}","{'id': 18514, 'rank': 26, 'fitness': 0.026415687121212172, 'generation': 419}","{'id': 18499, 'rank': 27, 'fitness': 0.025234765126062764, 'generation': 419}","{'id': 18522, 'rank': 28, 'fitness': 0.02261301742293742, 'generation': 419}","{'id': 18518, 'rank': 29, 'fitness': 0.019585471157817835, 'generation': 419}","{'id': 18520, 'rank': 30, 'fitness': 0.01798620996209155, 'generation': 419}"
"{'id': 18534, 'rank': 1, 'fitness': 0.9820137900379085, 'generation': 420}","{'id': 18548, 'rank': 2, 'fitness': 0.9054993017487596, 'generation': 420}","{'id': 18573, 'rank': 3, 'fitness': 0.8975499622805027, 'generation': 420}","{'id': 18565, 'rank': 4, 'fitness': 0.8934910830737712, 'generation': 420}","{'id': 18570, 'rank': 5, 'fitness': 0.8211653318260462, 'generation': 420}","{'id': 18552, 'rank': 6, 'fitness': 0.777183956045355, 'generation': 420}","{'id': 18559, 'rank': 7, 'fitness': 0.7575970733324795, 'generation': 420}","{'id': 18575, 'rank': 8, 'fitness': 0.7515747668109435, 'generation': 420}","{'id': 18537, 'rank': 9, 'fitness': 0.7305409473018665, 'generation': 420}","{'id': 18543, 'rank': 10, 'fitness': 0.7177829494800241, 'generation': 420}","{'id': 18572, 'rank': 11, 'fitness': 0.6428754383446891, 'generation': 420}","{'id': 18569, 'rank': 12, 'fitness': 0.6262674692929572, 'generation': 420}","{'id': 18550, 'rank': 13, 'fitness': 0.6214777634179924, 'generation': 420}","{'id': 18564, 'rank': 14, 'fitness': 0.6074785602410254, 'generation': 420}","{'id': 18536, 'rank': 15, 'fitness': 0.6002692068117611, 'generation': 420}","{'id': 18560, 'rank': 16, 'fitness': 0.5140664851246882, 'generation': 420}","{'id': 18553, 'rank': 17, 'fitness': 0.4314922612123929, 'generation': 420}","{'id': 18574, 'rank': 18, 'fitness': 0.31994622036303055, 'generation': 420}","{'id': 18538, 'rank': 19, 'fitness': 0.30021802462683156, 'generation': 420}","{'id': 18562, 'rank': 20, 'fitness': 0.23086592148954949, 'generation': 420}","{'id': 18558, 'rank': 21, 'fitness': 0.22287857963054325, 'generation': 420}","{'id': 18555, 'rank': 22, 'fitness': 0.20174796408757772, 'generation': 420}","{'id': 18568, 'rank': 23, 'fitness': 0.1988110924530298, 'generation': 420}","{'id': 18566, 'rank': 24, 'fitness': 0.16163008385705602, 'generation': 420}","{'id': 18549, 'rank': 25, 'fitness': 0.16057228262578793, 'generation': 420}","{'id': 18542, 'rank': 26, 'fitness': 0.15498844023092528, 'generation': 420}","{'id': 18571, 'rank': 27, 'fitness': 0.0990119615002627, 'generation': 420}","{'id': 18557, 'rank': 28, 'fitness': 0.09876018191628033, 'generation': 420}","{'id': 18551, 'rank': 29, 'fitness': 0.041839129723817536, 'generation': 420}","{'id': 18556, 'rank': 30, 'fitness': 0.01798620996209155, 'generation': 420}"
"{'id': 18593, 'rank': 1, 'fitness': 0.9820137900379085, 'generation': 421}","{'id': 18617, 'rank': 2, 'fitness': 0.9495864142500396, 'generation': 421}","{'id': 18614, 'rank': 3, 'fitness': 0.8942633267613496, 'generation': 421}","{'id': 18613, 'rank': 4, 'fitness': 0.6739142465476666, 'generation': 421}","{'id': 18615, 'rank': 5, 'fitness': 0.4821885790311138, 'generation': 421}","{'id': 18619, 'rank': 6, 'fitness': 0.3804109563037694, 'generation': 421}","{'id': 18620, 'rank': 7, 'fitness': 0.3771553691721524, 'generation': 421}","{'id': 18612, 'rank': 8, 'fitness': 0.2753864764058278, 'generation': 421}","{'id': 18609, 'rank': 9, 'fitness': 0.20935126925852088, 'generation': 421}","{'id': 18622, 'rank': 10, 'fitness': 0.206916113612457, 'generation': 421}","{'id': 18623, 'rank': 11, 'fitness': 0.1963408006809947, 'generation': 421}","{'id': 18583, 'rank': 12, 'fitness': 0.14368796223262215, 'generation': 421}","{'id': 18608, 'rank': 13, 'fitness': 0.14033493736520752, 'generation': 421}","{'id': 18605, 'rank': 14, 'fitness': 0.1263787884983027, 'generation': 421}","{'id': 18621, 'rank': 15, 'fitness': 0.12137414302438831, 'generation': 421}","{'id': 18624, 'rank': 16, 'fitness': 0.1123153911900302, 'generation': 421}","{'id': 18616, 'rank': 17, 'fitness': 0.0980900437317555, 'generation': 421}","{'id': 18598, 'rank': 18, 'fitness': 0.07323614003602175, 'generation': 421}","{'id': 18594, 'rank': 19, 'fitness': 0.0646047375761854, 'generation': 421}","{'id': 18578, 'rank': 20, 'fitness': 0.06360843127195503, 'generation': 421}","{'id': 18600, 'rank': 21, 'fitness': 0.04888068964753656, 'generation': 421}","{'id': 18585, 'rank': 22, 'fitness': 0.038149813226676266, 'generation': 421}","{'id': 18579, 'rank': 23, 'fitness': 0.03575830495486931, 'generation': 421}","{'id': 18601, 'rank': 24, 'fitness': 0.0338281231261392, 'generation': 421}","{'id': 18591, 'rank': 25, 'fitness': 0.025286555496821517, 'generation': 421}","{'id': 18590, 'rank': 26, 'fitness': 0.021768289225711224, 'generation': 421}","{'id': 18581, 'rank': 27, 'fitness': 0.020652875800292958, 'generation': 421}","{'id': 18602, 'rank': 28, 'fitness': 0.01996856068054159, 'generation': 421}","{'id': 18611, 'rank': 29, 'fitness': 0.018973854338869167, 'generation': 421}","{'id': 18599, 'rank': 30, 'fitness': 0.01798620996209155, 'generation': 421}"
"{'id': 18659, 'rank': 1, 'fitness': 0.9820137900379085, 'generation': 422}","{'id': 18644, 'rank': 2, 'fitness': 0.918649578248273, 'generation': 422}","{'id': 18647, 'rank': 3, 'fitness': 0.8932621806290097, 'generation': 422}","{'id': 18650, 'rank': 4, 'fitness': 0.8831257514084806, 'generation': 422}","{'id': 18661, 'rank': 5, 'fitness': 0.8650761106972511, 'generation': 422}","{'id': 18664, 'rank': 6, 'fitness': 0.8354034993140947, 'generation': 422}","{'id': 18649, 'rank': 7, 'fitness': 0.8137192811095473, 'generation': 422}","{'id': 18663, 'rank': 8, 'fitness': 0.7321960366474362, 'generation': 422}","{'id': 18651, 'rank': 9, 'fitness': 0.6853812855128658, 'generation': 422}","{'id': 18652, 'rank': 10, 'fitness': 0.5293407285629026, 'generation': 422}","{'id': 18643, 'rank': 11, 'fitness': 0.4817260595677072, 'generation': 422}","{'id': 18662, 'rank': 12, 'fitness': 0.43055919302474044, 'generation': 422}","{'id': 18636, 'rank': 13, 'fitness': 0.34660585597729077, 'generation': 422}","{'id': 18642, 'rank': 14, 'fitness': 0.2913088465321847, 'generation': 422}","{'id': 18634, 'rank': 15, 'fitness': 0.12674771295196302, 'generation': 422}","{'id': 18640, 'rank': 16, 'fitness': 0.11768380606886902, 'generation': 422}","{'id': 18639, 'rank': 17, 'fitness': 0.09686311603654502, 'generation': 422}","{'id': 18645, 'rank': 18, 'fitness': 0.0908279746512386, 'generation': 422}","{'id': 18657, 'rank': 19, 'fitness': 0.08808958467748429, 'generation': 422}","{'id': 18646, 'rank': 20, 'fitness': 0.08228502886196809, 'generation': 422}","{'id': 18633, 'rank': 21, 'fitness': 0.07961188453532625, 'generation': 422}","{'id': 18658, 'rank': 22, 'fitness': 0.07138996726635655, 'generation': 422}","{'id': 18638, 'rank': 23, 'fitness': 0.06666589600974815, 'generation': 422}","{'id': 18632, 'rank': 24, 'fitness': 0.05181680368823821, 'generation': 422}","{'id': 18641, 'rank': 25, 'fitness': 0.04655508869566599, 'generation': 422}","{'id': 18655, 'rank': 26, 'fitness': 0.04257791445294584, 'generation': 422}","{'id': 18660, 'rank': 27, 'fitness': 0.04056413399666525, 'generation': 422}","{'id': 18635, 'rank': 28, 'fitness': 0.031208506395265567, 'generation': 422}","{'id': 18628, 'rank': 29, 'fitness': 0.022642653950431635, 'generation': 422}","{'id': 18656, 'rank': 30, 'fitness': 0.01798620996209155, 'generation': 422}"
"{'id': 18718, 'rank': 1, 'fitness': 0.9820137900379085, 'generation': 423}","{'id': 18709, 'rank': 2, 'fitness': 0.9044224746540153, 'generation': 423}","{'id': 18694, 'rank': 3, 'fitness': 0.6638367050139332, 'generation': 423}","{'id': 18678, 'rank': 4, 'fitness': 0.6322495026927147, 'generation': 423}","{'id': 18714, 'rank': 5, 'fitness': 0.580837208741113, 'generation': 423}","{'id': 18713, 'rank': 6, 'fitness': 0.5139019084685119, 'generation': 423}","{'id': 18703, 'rank': 7, 'fitness': 0.4173638272194377, 'generation': 423}","{'id': 18717, 'rank': 8, 'fitness': 0.3967626912402502, 'generation': 423}","{'id': 18716, 'rank': 9, 'fitness': 0.34070267233097074, 'generation': 423}","{'id': 18685, 'rank': 10, 'fitness': 0.20400029111040247, 'generation': 423}","{'id': 18667, 'rank': 11, 'fitness': 0.1994974640930528, 'generation': 423}","{'id': 18706, 'rank': 12, 'fitness': 0.1778828559015122, 'generation': 423}","{'id': 18719, 'rank': 13, 'fitness': 0.1692467959336733, 'generation': 423}","{'id': 18712, 'rank': 14, 'fitness': 0.14562212847595685, 'generation': 423}","{'id': 18679, 'rank': 15, 'fitness': 0.10801106091209861, 'generation': 423}","{'id': 18707, 'rank': 16, 'fitness': 0.0936013293024246, 'generation': 423}","{'id': 18708, 'rank': 17, 'fitness': 0.08377488051637877, 'generation': 423}","{'id': 18676, 'rank': 18, 'fitness': 0.08113246719433875, 'generation': 423}","{'id': 18700, 'rank': 19, 'fitness': 0.055583191292388756, 'generation': 423}","{'id': 18720, 'rank': 20, 'fitness': 0.051976243127766, 'generation': 423}","{'id': 18693, 'rank': 21, 'fitness': 0.04984476394437781, 'generation': 423}","{'id': 18677, 'rank': 22, 'fitness': 0.04543742183395616, 'generation': 423}","{'id': 18698, 'rank': 23, 'fitness': 0.04464609648351642, 'generation': 423}","{'id': 18683, 'rank': 24, 'fitness': 0.04298686639994964, 'generation': 423}","{'id': 18681, 'rank': 25, 'fitness': 0.03981903507461099, 'generation': 423}","{'id': 18705, 'rank': 26, 'fitness': 0.038460974985305374, 'generation': 423}","{'id': 18704, 'rank': 27, 'fitness': 0.027963715175539916, 'generation': 423}","{'id': 18692, 'rank': 28, 'fitness': 0.02265640124762891, 'generation': 423}","{'id': 18699, 'rank': 29, 'fitness': 0.018662417089673422, 'generation': 423}","{'id': 18695, 'rank': 30, 'fitness': 0.01798620996209155, 'generation': 423}"
"{'id': 18745, 'rank': 1, 'fitness': 0.9820137900379085, 'generation': 424}","{'id': 18730, 'rank': 2, 'fitness': 0.980532441752626, 'generation': 424}","{'id': 18737, 'rank': 3, 'fitness': 0.9384562153554463, 'generation': 424}","{'id': 18752, 'rank': 4, 'fitness': 0.9367755000209914, 'generation': 424}","{'id': 18740, 'rank': 5, 'fitness': 0.91843071302995, 'generation': 424}","{'id': 18739, 'rank': 6, 'fitness': 0.8395439293839624, 'generation': 424}","{'id': 18727, 'rank': 7, 'fitness': 0.7457091319288577, 'generation': 424}","{'id': 18721, 'rank': 8, 'fitness': 0.7236405170048437, 'generation': 424}","{'id': 18748, 'rank': 9, 'fitness': 0.6486274530210544, 'generation': 424}","{'id': 18735, 'rank': 10, 'fitness': 0.6201307202506556, 'generation': 424}","{'id': 18729, 'rank': 11, 'fitness': 0.5454095506253102, 'generation': 424}","{'id': 18741, 'rank': 12, 'fitness': 0.4465507444973194, 'generation': 424}","{'id': 18726, 'rank': 13, 'fitness': 0.4297025065571596, 'generation': 424}","{'id': 18723, 'rank': 14, 'fitness': 0.3820161469699211, 'generation': 424}","{'id': 18744, 'rank': 15, 'fitness': 0.3456383034052099, 'generation': 424}","{'id': 18742, 'rank': 16, 'fitness': 0.2980612129405875, 'generation': 424}","{'id': 18746, 'rank': 17, 'fitness': 0.28784848563757104, 'generation': 424}","{'id': 18738, 'rank': 18, 'fitness': 0.27085914578795756, 'generation': 424}","{'id': 18743, 'rank': 19, 'fitness': 0.23521051533289034, 'generation': 424}","{'id': 18751, 'rank': 20, 'fitness': 0.1861092715325185, 'generation': 424}","{'id': 18754, 'rank': 21, 'fitness': 0.1854425037437274, 'generation': 424}","{'id': 18734, 'rank': 22, 'fitness': 0.18259859492814368, 'generation': 424}","{'id': 18736, 'rank': 23, 'fitness': 0.17594425165448802, 'generation': 424}","{'id': 18749, 'rank': 24, 'fitness': 0.1485838295765185, 'generation': 424}","{'id': 18733, 'rank': 25, 'fitness': 0.13136257912517157, 'generation': 424}","{'id': 18747, 'rank': 26, 'fitness': 0.11251365951823877, 'generation': 424}","{'id': 18731, 'rank': 27, 'fitness': 0.08888798014738614, 'generation': 424}","{'id': 18732, 'rank': 28, 'fitness': 0.03236687133752936, 'generation': 424}","{'id': 18724, 'rank': 29, 'fitness': 0.03162590129546522, 'generation': 424}","{'id': 18722, 'rank': 30, 'fitness': 0.01798620996209155, 'generation': 424}"
"{'id': 18807, 'rank': 1, 'fitness': 0.9820137900379085, 'generation': 425}","{'id': 18808, 'rank': 2, 'fitness': 0.9748523931248411, 'generation': 425}","{'id': 18788, 'rank': 3, 'fitness': 0.931828175437363, 'generation': 425}","{'id': 18806, 'rank': 4, 'fitness': 0.7840127513423976, 'generation': 425}","{'id': 18799, 'rank': 5, 'fitness': 0.6616216778252717, 'generation': 425}","{'id': 18801, 'rank': 6, 'fitness': 0.656280955027013, 'generation': 425}","{'id': 18800, 'rank': 7, 'fitness': 0.6171856997150241, 'generation': 425}","{'id': 18809, 'rank': 8, 'fitness': 0.4760503643595437, 'generation': 425}","{'id': 18797, 'rank': 9, 'fitness': 0.4368672426392134, 'generation': 425}","{'id': 18757, 'rank': 10, 'fitness': 0.3428357184413513, 'generation': 425}","{'id': 18768, 'rank': 11, 'fitness': 0.3377356382222178, 'generation': 425}","{'id': 18756, 'rank': 12, 'fitness': 0.33529341961112835, 'generation': 425}","{'id': 18763, 'rank': 13, 'fitness': 0.30072429227755565, 'generation': 425}","{'id': 18803, 'rank': 14, 'fitness': 0.2152290894461899, 'generation': 425}","{'id': 18805, 'rank': 15, 'fitness': 0.18183633481860234, 'generation': 425}","{'id': 18781, 'rank': 16, 'fitness': 0.17436364049020203, 'generation': 425}","{'id': 18791, 'rank': 17, 'fitness': 0.17067934063687973, 'generation': 425}","{'id': 18804, 'rank': 18, 'fitness': 0.14116817757065098, 'generation': 425}","{'id': 18798, 'rank': 19, 'fitness': 0.13725079886300146, 'generation': 425}","{'id': 18778, 'rank': 20, 'fitness': 0.123888586430906, 'generation': 425}","{'id': 18782, 'rank': 21, 'fitness': 0.09557353818570058, 'generation': 425}","{'id': 18787, 'rank': 22, 'fitness': 0.09336585978959838, 'generation': 425}","{'id': 18790, 'rank': 23, 'fitness': 0.08562502077810819, 'generation': 425}","{'id': 18771, 'rank': 24, 'fitness': 0.07530722569754111, 'generation': 425}","{'id': 18796, 'rank': 25, 'fitness': 0.03325500929740621, 'generation': 425}","{'id': 18760, 'rank': 26, 'fitness': 0.03314780134997031, 'generation': 425}","{'id': 18755, 'rank': 27, 'fitness': 0.030511983181120805, 'generation': 425}","{'id': 18776, 'rank': 28, 'fitness': 0.025046038983579932, 'generation': 425}","{'id': 18767, 'rank': 29, 'fitness': 0.019082612938868537, 'generation': 425}","{'id': 18772, 'rank': 30, 'fitness': 0.01798620996209155, 'generation': 425}"
"{'id': 18852, 'rank': 1, 'fitness': 0.9820137900379085, 'generation': 426}","{'id': 18853, 'rank': 2, 'fitness': 0.5087841860428203, 'generation': 426}","{'id': 18816, 'rank': 3, 'fitness': 0.5008069543342378, 'generation': 426}","{'id': 18817, 'rank': 4, 'fitness': 0.4919478066622699, 'generation': 426}","{'id': 18828, 'rank': 5, 'fitness': 0.48788196533576716, 'generation': 426}","{'id': 18851, 'rank': 6, 'fitness': 0.4869402473459732, 'generation': 426}","{'id': 18826, 'rank': 7, 'fitness': 0.3997552330315376, 'generation': 426}","{'id': 18849, 'rank': 8, 'fitness': 0.38223522725992015, 'generation': 426}","{'id': 18838, 'rank': 9, 'fitness': 0.37928947869788127, 'generation': 426}","{'id': 18841, 'rank': 10, 'fitness': 0.36940200507988774, 'generation': 426}","{'id': 18836, 'rank': 11, 'fitness': 0.3310246300859533, 'generation': 426}","{'id': 18829, 'rank': 12, 'fitness': 0.22301950045929497, 'generation': 426}","{'id': 18846, 'rank': 13, 'fitness': 0.17511617982574146, 'generation': 426}","{'id': 18827, 'rank': 14, 'fitness': 0.12083034794610237, 'generation': 426}","{'id': 18831, 'rank': 15, 'fitness': 0.11516692137177453, 'generation': 426}","{'id': 18845, 'rank': 16, 'fitness': 0.09806778618319345, 'generation': 426}","{'id': 18837, 'rank': 17, 'fitness': 0.09128319816119129, 'generation': 426}","{'id': 18844, 'rank': 18, 'fitness': 0.0761224489026196, 'generation': 426}","{'id': 18843, 'rank': 19, 'fitness': 0.06551689248659898, 'generation': 426}","{'id': 18835, 'rank': 20, 'fitness': 0.06419822339156772, 'generation': 426}","{'id': 18818, 'rank': 21, 'fitness': 0.057241657842124094, 'generation': 426}","{'id': 18847, 'rank': 22, 'fitness': 0.047722239512611175, 'generation': 426}","{'id': 18814, 'rank': 23, 'fitness': 0.04408308076317374, 'generation': 426}","{'id': 18825, 'rank': 24, 'fitness': 0.04070815017065477, 'generation': 426}","{'id': 18815, 'rank': 25, 'fitness': 0.03694092499136481, 'generation': 426}","{'id': 18834, 'rank': 26, 'fitness': 0.032308634593922525, 'generation': 426}","{'id': 18833, 'rank': 27, 'fitness': 0.029375870772944512, 'generation': 426}","{'id': 18840, 'rank': 28, 'fitness': 0.025812139962662517, 'generation': 426}","{'id': 18842, 'rank': 29, 'fitness': 0.023589531371212835, 'generation': 426}","{'id': 18839, 'rank': 30, 'fitness': 0.01798620996209155, 'generation': 426}"
"{'id': 18877, 'rank': 1, 'fitness': 0.9820137900379085, 'generation': 427}","{'id': 18881, 'rank': 2, 'fitness': 0.8725241311036502, 'generation': 427}","{'id': 18879, 'rank': 3, 'fitness': 0.8708856652558531, 'generation': 427}","{'id': 18884, 'rank': 4, 'fitness': 0.7897459798316675, 'generation': 427}","{'id': 18856, 'rank': 5, 'fitness': 0.7007460392497833, 'generation': 427}","{'id': 18874, 'rank': 6, 'fitness': 0.6145220574659118, 'generation': 427}","{'id': 18883, 'rank': 7, 'fitness': 0.5911609172686083, 'generation': 427}","{'id': 18886, 'rank': 8, 'fitness': 0.5495433043064711, 'generation': 427}","{'id': 18871, 'rank': 9, 'fitness': 0.45933880093548973, 'generation': 427}","{'id': 18872, 'rank': 10, 'fitness': 0.31014226130765576, 'generation': 427}","{'id': 18869, 'rank': 11, 'fitness': 0.28942242920169825, 'generation': 427}","{'id': 18860, 'rank': 12, 'fitness': 0.2468405537239674, 'generation': 427}","{'id': 18882, 'rank': 13, 'fitness': 0.22927076439161487, 'generation': 427}","{'id': 18857, 'rank': 14, 'fitness': 0.21114441800164396, 'generation': 427}","{'id': 18858, 'rank': 15, 'fitness': 0.2018664116250009, 'generation': 427}","{'id': 18876, 'rank': 16, 'fitness': 0.19450032887841695, 'generation': 427}","{'id': 18873, 'rank': 17, 'fitness': 0.18262193808017135, 'generation': 427}","{'id': 18880, 'rank': 18, 'fitness': 0.1693992161125757, 'generation': 427}","{'id': 18855, 'rank': 19, 'fitness': 0.16912089338077163, 'generation': 427}","{'id': 18870, 'rank': 20, 'fitness': 0.11298566005824429, 'generation': 427}","{'id': 18854, 'rank': 21, 'fitness': 0.08443117661028482, 'generation': 427}","{'id': 18887, 'rank': 22, 'fitness': 0.06531613960365157, 'generation': 427}","{'id': 18868, 'rank': 23, 'fitness': 0.04632864013989363, 'generation': 427}","{'id': 18875, 'rank': 24, 'fitness': 0.04208443706002374, 'generation': 427}","{'id': 18878, 'rank': 25, 'fitness': 0.03897028768257543, 'generation': 427}","{'id': 18867, 'rank': 26, 'fitness': 0.033871658479774025, 'generation': 427}","{'id': 18862, 'rank': 27, 'fitness': 0.028128192440562916, 'generation': 427}","{'id': 18864, 'rank': 28, 'fitness': 0.024155981474879906, 'generation': 427}","{'id': 18861, 'rank': 29, 'fitness': 0.019100371949406725, 'generation': 427}","{'id': 18859, 'rank': 30, 'fitness': 0.01798620996209155, 'generation': 427}"
"{'id': 18920, 'rank': 1, 'fitness': 0.9820137900379085, 'generation': 428}","{'id': 18929, 'rank': 2, 'fitness': 0.9570759383157273, 'generation': 428}","{'id': 18911, 'rank': 3, 'fitness': 0.8273525197720006, 'generation': 428}","{'id': 18927, 'rank': 4, 'fitness': 0.804226334077585, 'generation': 428}","{'id': 18923, 'rank': 5, 'fitness': 0.8010644661397577, 'generation': 428}","{'id': 18921, 'rank': 6, 'fitness': 0.7725387853437828, 'generation': 428}","{'id': 18926, 'rank': 7, 'fitness': 0.7630809764134611, 'generation': 428}","{'id': 18912, 'rank': 8, 'fitness': 0.7618011245319593, 'generation': 428}","{'id': 18888, 'rank': 9, 'fitness': 0.7039134859976699, 'generation': 428}","{'id': 18914, 'rank': 10, 'fitness': 0.689775933934769, 'generation': 428}","{'id': 18913, 'rank': 11, 'fitness': 0.6321939666732808, 'generation': 428}","{'id': 18908, 'rank': 12, 'fitness': 0.5711380676247879, 'generation': 428}","{'id': 18919, 'rank': 13, 'fitness': 0.4040724825777151, 'generation': 428}","{'id': 18891, 'rank': 14, 'fitness': 0.39033037523215025, 'generation': 428}","{'id': 18904, 'rank': 15, 'fitness': 0.3824907559404458, 'generation': 428}","{'id': 18895, 'rank': 16, 'fitness': 0.37606671511737216, 'generation': 428}","{'id': 18925, 'rank': 17, 'fitness': 0.3726905729788539, 'generation': 428}","{'id': 18916, 'rank': 18, 'fitness': 0.36977909275275345, 'generation': 428}","{'id': 18924, 'rank': 19, 'fitness': 0.30559044932347557, 'generation': 428}","{'id': 18903, 'rank': 20, 'fitness': 0.25142295952309823, 'generation': 428}","{'id': 18894, 'rank': 21, 'fitness': 0.18653033911480754, 'generation': 428}","{'id': 18905, 'rank': 22, 'fitness': 0.15942954298753337, 'generation': 428}","{'id': 18897, 'rank': 23, 'fitness': 0.15242740335671323, 'generation': 428}","{'id': 18906, 'rank': 24, 'fitness': 0.09671892017205291, 'generation': 428}","{'id': 18910, 'rank': 25, 'fitness': 0.06846868502281156, 'generation': 428}","{'id': 18918, 'rank': 26, 'fitness': 0.05767682007256758, 'generation': 428}","{'id': 18896, 'rank': 27, 'fitness': 0.05732892754796143, 'generation': 428}","{'id': 18928, 'rank': 28, 'fitness': 0.053492747079839975, 'generation': 428}","{'id': 18901, 'rank': 29, 'fitness': 0.022743450534443765, 'generation': 428}","{'id': 18922, 'rank': 30, 'fitness': 0.01798620996209155, 'generation': 428}"
"{'id': 18954, 'rank': 1, 'fitness': 0.9820137900379085, 'generation': 429}","{'id': 18973, 'rank': 2, 'fitness': 0.9758368489541867, 'generation': 429}","{'id': 18959, 'rank': 3, 'fitness': 0.9716762758558702, 'generation': 429}","{'id': 18971, 'rank': 4, 'fitness': 0.9705153941299037, 'generation': 429}","{'id': 18963, 'rank': 5, 'fitness': 0.9557531618802926, 'generation': 429}","{'id': 18976, 'rank': 6, 'fitness': 0.9147425785216534, 'generation': 429}","{'id': 18932, 'rank': 7, 'fitness': 0.8523786062909644, 'generation': 429}","{'id': 18974, 'rank': 8, 'fitness': 0.811960642394554, 'generation': 429}","{'id': 18972, 'rank': 9, 'fitness': 0.7189118248122701, 'generation': 429}","{'id': 18957, 'rank': 10, 'fitness': 0.4743166615730354, 'generation': 429}","{'id': 18947, 'rank': 11, 'fitness': 0.36919304946715875, 'generation': 429}","{'id': 18948, 'rank': 12, 'fitness': 0.3646964483810634, 'generation': 429}","{'id': 18967, 'rank': 13, 'fitness': 0.3195411138072851, 'generation': 429}","{'id': 18958, 'rank': 14, 'fitness': 0.2898828144266763, 'generation': 429}","{'id': 18964, 'rank': 15, 'fitness': 0.2660255791593333, 'generation': 429}","{'id': 18968, 'rank': 16, 'fitness': 0.21528091875983785, 'generation': 429}","{'id': 18935, 'rank': 17, 'fitness': 0.13754283735367046, 'generation': 429}","{'id': 18975, 'rank': 18, 'fitness': 0.12136793474541946, 'generation': 429}","{'id': 18960, 'rank': 19, 'fitness': 0.11357877214786011, 'generation': 429}","{'id': 18961, 'rank': 20, 'fitness': 0.10896914163051674, 'generation': 429}","{'id': 18955, 'rank': 21, 'fitness': 0.07653171223233668, 'generation': 429}","{'id': 18933, 'rank': 22, 'fitness': 0.06317909522973708, 'generation': 429}","{'id': 18941, 'rank': 23, 'fitness': 0.06098008847488462, 'generation': 429}","{'id': 18934, 'rank': 24, 'fitness': 0.044819946733079874, 'generation': 429}","{'id': 18944, 'rank': 25, 'fitness': 0.027332199794022682, 'generation': 429}","{'id': 18949, 'rank': 26, 'fitness': 0.026653244693896516, 'generation': 429}","{'id': 18952, 'rank': 27, 'fitness': 0.025211315860374728, 'generation': 429}","{'id': 18939, 'rank': 28, 'fitness': 0.020539125255588875, 'generation': 429}","{'id': 18937, 'rank': 29, 'fitness': 0.01940539214699194, 'generation': 429}","{'id': 18950, 'rank': 30, 'fitness': 0.01798620996209155, 'generation': 429}"
"{'id': 19006, 'rank': 1, 'fitness': 0.9820137900379085, 'generation': 430}","{'id': 19016, 'rank': 2, 'fitness': 0.9400107563282579, 'generation': 430}","{'id': 19017, 'rank': 3, 'fitness': 0.9021775229390923, 'generation': 430}","{'id': 19005, 'rank': 4, 'fitness': 0.8725595215774373, 'generation': 430}","{'id': 19010, 'rank': 5, 'fitness': 0.7579624435251616, 'generation': 430}","{'id': 19018, 'rank': 6, 'fitness': 0.7525073479545721, 'generation': 430}","{'id': 18999, 'rank': 7, 'fitness': 0.4669516630741531, 'generation': 430}","{'id': 18983, 'rank': 8, 'fitness': 0.4581495004230545, 'generation': 430}","{'id': 19011, 'rank': 9, 'fitness': 0.39004161668899906, 'generation': 430}","{'id': 19001, 'rank': 10, 'fitness': 0.320048949806668, 'generation': 430}","{'id': 18998, 'rank': 11, 'fitness': 0.2686840968911113, 'generation': 430}","{'id': 18991, 'rank': 12, 'fitness': 0.2606106789482031, 'generation': 430}","{'id': 19012, 'rank': 13, 'fitness': 0.21307342757587533, 'generation': 430}","{'id': 18988, 'rank': 14, 'fitness': 0.12027668038045297, 'generation': 430}","{'id': 19000, 'rank': 15, 'fitness': 0.1082075078163135, 'generation': 430}","{'id': 19008, 'rank': 16, 'fitness': 0.1043093688575153, 'generation': 430}","{'id': 19019, 'rank': 17, 'fitness': 0.10110381904282123, 'generation': 430}","{'id': 19009, 'rank': 18, 'fitness': 0.09266214816201279, 'generation': 430}","{'id': 18989, 'rank': 19, 'fitness': 0.07302453588334623, 'generation': 430}","{'id': 18992, 'rank': 20, 'fitness': 0.056938856785899994, 'generation': 430}","{'id': 19003, 'rank': 21, 'fitness': 0.04680854446504201, 'generation': 430}","{'id': 18993, 'rank': 22, 'fitness': 0.038254186624537334, 'generation': 430}","{'id': 18987, 'rank': 23, 'fitness': 0.038159893522889676, 'generation': 430}","{'id': 18977, 'rank': 24, 'fitness': 0.03578270034976344, 'generation': 430}","{'id': 18984, 'rank': 25, 'fitness': 0.03038547891951926, 'generation': 430}","{'id': 18996, 'rank': 26, 'fitness': 0.026483341343612687, 'generation': 430}","{'id': 18994, 'rank': 27, 'fitness': 0.025121065096882944, 'generation': 430}","{'id': 19015, 'rank': 28, 'fitness': 0.02014792343242694, 'generation': 430}","{'id': 19013, 'rank': 29, 'fitness': 0.019213129476844393, 'generation': 430}","{'id': 19002, 'rank': 30, 'fitness': 0.01798620996209155, 'generation': 430}"
"{'id': 19044, 'rank': 1, 'fitness': 0.9820137900379085, 'generation': 431}","{'id': 19052, 'rank': 2, 'fitness': 0.8871051698936343, 'generation': 431}","{'id': 19061, 'rank': 3, 'fitness': 0.8864906385682478, 'generation': 431}","{'id': 19046, 'rank': 4, 'fitness': 0.8703399233590665, 'generation': 431}","{'id': 19054, 'rank': 5, 'fitness': 0.8387447703632682, 'generation': 431}","{'id': 19047, 'rank': 6, 'fitness': 0.8184180784948463, 'generation': 431}","{'id': 19039, 'rank': 7, 'fitness': 0.8136784936460789, 'generation': 431}","{'id': 19050, 'rank': 8, 'fitness': 0.7305252744399091, 'generation': 431}","{'id': 19056, 'rank': 9, 'fitness': 0.7275573871621152, 'generation': 431}","{'id': 19059, 'rank': 10, 'fitness': 0.6367726126568437, 'generation': 431}","{'id': 19037, 'rank': 11, 'fitness': 0.49498500039719034, 'generation': 431}","{'id': 19051, 'rank': 12, 'fitness': 0.40971636424332913, 'generation': 431}","{'id': 19041, 'rank': 13, 'fitness': 0.32663557118438147, 'generation': 431}","{'id': 19045, 'rank': 14, 'fitness': 0.2694798701307509, 'generation': 431}","{'id': 19035, 'rank': 15, 'fitness': 0.21393913894373684, 'generation': 431}","{'id': 19040, 'rank': 16, 'fitness': 0.190792107651876, 'generation': 431}","{'id': 19043, 'rank': 17, 'fitness': 0.16057431947279166, 'generation': 431}","{'id': 19057, 'rank': 18, 'fitness': 0.11445800041695192, 'generation': 431}","{'id': 19026, 'rank': 19, 'fitness': 0.09583563668944928, 'generation': 431}","{'id': 19048, 'rank': 20, 'fitness': 0.08882912912680474, 'generation': 431}","{'id': 19060, 'rank': 21, 'fitness': 0.086674589655995, 'generation': 431}","{'id': 19033, 'rank': 22, 'fitness': 0.04796118348913131, 'generation': 431}","{'id': 19058, 'rank': 23, 'fitness': 0.04418357322003358, 'generation': 431}","{'id': 19038, 'rank': 24, 'fitness': 0.040240296467034864, 'generation': 431}","{'id': 19049, 'rank': 25, 'fitness': 0.032383554948262894, 'generation': 431}","{'id': 19055, 'rank': 26, 'fitness': 0.029513669564453726, 'generation': 431}","{'id': 19024, 'rank': 27, 'fitness': 0.0290213892050451, 'generation': 431}","{'id': 19034, 'rank': 28, 'fitness': 0.020372388329591484, 'generation': 431}","{'id': 19036, 'rank': 29, 'fitness': 0.019138866819039035, 'generation': 431}","{'id': 19021, 'rank': 30, 'fitness': 0.01798620996209155, 'generation': 431}"
"{'id': 19102, 'rank': 1, 'fitness': 0.9820137900379085, 'generation': 432}","{'id': 19088, 'rank': 2, 'fitness': 0.9758504332731812, 'generation': 432}","{'id': 19107, 'rank': 3, 'fitness': 0.9626514454697446, 'generation': 432}","{'id': 19079, 'rank': 4, 'fitness': 0.9434854292016184, 'generation': 432}","{'id': 19087, 'rank': 5, 'fitness': 0.9304583565694937, 'generation': 432}","{'id': 19086, 'rank': 6, 'fitness': 0.8885972699052102, 'generation': 432}","{'id': 19089, 'rank': 7, 'fitness': 0.4122498985217529, 'generation': 432}","{'id': 19094, 'rank': 8, 'fitness': 0.3886860412756797, 'generation': 432}","{'id': 19098, 'rank': 9, 'fitness': 0.37874114561326366, 'generation': 432}","{'id': 19103, 'rank': 10, 'fitness': 0.3575751421930758, 'generation': 432}","{'id': 19068, 'rank': 11, 'fitness': 0.3332795788750183, 'generation': 432}","{'id': 19066, 'rank': 12, 'fitness': 0.2647864723040665, 'generation': 432}","{'id': 19111, 'rank': 13, 'fitness': 0.2107412362738813, 'generation': 432}","{'id': 19109, 'rank': 14, 'fitness': 0.18138466976340878, 'generation': 432}","{'id': 19080, 'rank': 15, 'fitness': 0.16048127862819783, 'generation': 432}","{'id': 19083, 'rank': 16, 'fitness': 0.13531970231386758, 'generation': 432}","{'id': 19104, 'rank': 17, 'fitness': 0.12146332266834947, 'generation': 432}","{'id': 19100, 'rank': 18, 'fitness': 0.0851930093445511, 'generation': 432}","{'id': 19096, 'rank': 19, 'fitness': 0.08189130401851274, 'generation': 432}","{'id': 19108, 'rank': 20, 'fitness': 0.08152131942997454, 'generation': 432}","{'id': 19067, 'rank': 21, 'fitness': 0.0744821787849076, 'generation': 432}","{'id': 19092, 'rank': 22, 'fitness': 0.06769902206965417, 'generation': 432}","{'id': 19090, 'rank': 23, 'fitness': 0.044469733109857856, 'generation': 432}","{'id': 19063, 'rank': 24, 'fitness': 0.04162852932160338, 'generation': 432}","{'id': 19069, 'rank': 25, 'fitness': 0.0359751878577495, 'generation': 432}","{'id': 19065, 'rank': 26, 'fitness': 0.035922979922315246, 'generation': 432}","{'id': 19085, 'rank': 27, 'fitness': 0.02906051659458575, 'generation': 432}","{'id': 19076, 'rank': 28, 'fitness': 0.02524414624316046, 'generation': 432}","{'id': 19078, 'rank': 29, 'fitness': 0.01833777036653289, 'generation': 432}","{'id': 19105, 'rank': 30, 'fitness': 0.01798620996209155, 'generation': 432}"
"{'id': 19136, 'rank': 1, 'fitness': 0.9820137900379085, 'generation': 433}","{'id': 19125, 'rank': 2, 'fitness': 0.8470905698187573, 'generation': 433}","{'id': 19146, 'rank': 3, 'fitness': 0.8443629672645452, 'generation': 433}","{'id': 19145, 'rank': 4, 'fitness': 0.8396748382687929, 'generation': 433}","{'id': 19131, 'rank': 5, 'fitness': 0.8339670879930412, 'generation': 433}","{'id': 19141, 'rank': 6, 'fitness': 0.7862634008635266, 'generation': 433}","{'id': 19147, 'rank': 7, 'fitness': 0.7507038855566965, 'generation': 433}","{'id': 19130, 'rank': 8, 'fitness': 0.6772189348645445, 'generation': 433}","{'id': 19118, 'rank': 9, 'fitness': 0.6659231297338746, 'generation': 433}","{'id': 19142, 'rank': 10, 'fitness': 0.6507614087787951, 'generation': 433}","{'id': 19128, 'rank': 11, 'fitness': 0.5348712217214838, 'generation': 433}","{'id': 19132, 'rank': 12, 'fitness': 0.4933783282201417, 'generation': 433}","{'id': 19134, 'rank': 13, 'fitness': 0.3759912694437237, 'generation': 433}","{'id': 19119, 'rank': 14, 'fitness': 0.3730338376570165, 'generation': 433}","{'id': 19144, 'rank': 15, 'fitness': 0.27374792367325695, 'generation': 433}","{'id': 19127, 'rank': 16, 'fitness': 0.2117586735592077, 'generation': 433}","{'id': 19140, 'rank': 17, 'fitness': 0.18537829794034888, 'generation': 433}","{'id': 19138, 'rank': 18, 'fitness': 0.1644365209339611, 'generation': 433}","{'id': 19135, 'rank': 19, 'fitness': 0.16211134185419773, 'generation': 433}","{'id': 19137, 'rank': 20, 'fitness': 0.16017698028023514, 'generation': 433}","{'id': 19139, 'rank': 21, 'fitness': 0.0686730707657679, 'generation': 433}","{'id': 19124, 'rank': 22, 'fitness': 0.061323877541910876, 'generation': 433}","{'id': 19143, 'rank': 23, 'fitness': 0.05413373565755508, 'generation': 433}","{'id': 19148, 'rank': 24, 'fitness': 0.042490578290236336, 'generation': 433}","{'id': 19129, 'rank': 25, 'fitness': 0.040546542974016386, 'generation': 433}","{'id': 19117, 'rank': 26, 'fitness': 0.028471885098096783, 'generation': 433}","{'id': 19121, 'rank': 27, 'fitness': 0.02402750942000398, 'generation': 433}","{'id': 19122, 'rank': 28, 'fitness': 0.022440521647986933, 'generation': 433}","{'id': 19120, 'rank': 29, 'fitness': 0.021570254104002484, 'generation': 433}","{'id': 19115, 'rank': 30, 'fitness': 0.01798620996209155, 'generation': 433}"
"{'id': 19198, 'rank': 1, 'fitness': 0.9820137900379085, 'generation': 434}","{'id': 19196, 'rank': 2, 'fitness': 0.9561252610106319, 'generation': 434}","{'id': 19188, 'rank': 3, 'fitness': 0.6154083117575324, 'generation': 434}","{'id': 19193, 'rank': 4, 'fitness': 0.6028068679965027, 'generation': 434}","{'id': 19197, 'rank': 5, 'fitness': 0.5600128494220051, 'generation': 434}","{'id': 19201, 'rank': 6, 'fitness': 0.5219714426169557, 'generation': 434}","{'id': 19177, 'rank': 7, 'fitness': 0.48072620315594056, 'generation': 434}","{'id': 19192, 'rank': 8, 'fitness': 0.4280268047838156, 'generation': 434}","{'id': 19194, 'rank': 9, 'fitness': 0.4249518772790607, 'generation': 434}","{'id': 19171, 'rank': 10, 'fitness': 0.31181238475765605, 'generation': 434}","{'id': 19200, 'rank': 11, 'fitness': 0.2608168485563178, 'generation': 434}","{'id': 19199, 'rank': 12, 'fitness': 0.24802274440048777, 'generation': 434}","{'id': 19186, 'rank': 13, 'fitness': 0.17902756438605638, 'generation': 434}","{'id': 19195, 'rank': 14, 'fitness': 0.17227117700873407, 'generation': 434}","{'id': 19204, 'rank': 15, 'fitness': 0.17174899323531934, 'generation': 434}","{'id': 19161, 'rank': 16, 'fitness': 0.11663344380885599, 'generation': 434}","{'id': 19150, 'rank': 17, 'fitness': 0.0945532038143993, 'generation': 434}","{'id': 19174, 'rank': 18, 'fitness': 0.07349085970441438, 'generation': 434}","{'id': 19202, 'rank': 19, 'fitness': 0.070042052707455, 'generation': 434}","{'id': 19203, 'rank': 20, 'fitness': 0.05091240950224757, 'generation': 434}","{'id': 19178, 'rank': 21, 'fitness': 0.04965799348007449, 'generation': 434}","{'id': 19181, 'rank': 22, 'fitness': 0.0409702152558592, 'generation': 434}","{'id': 19189, 'rank': 23, 'fitness': 0.038620755611675994, 'generation': 434}","{'id': 19158, 'rank': 24, 'fitness': 0.03204232614934388, 'generation': 434}","{'id': 19183, 'rank': 25, 'fitness': 0.03096103031268388, 'generation': 434}","{'id': 19175, 'rank': 26, 'fitness': 0.029066140149552222, 'generation': 434}","{'id': 19185, 'rank': 27, 'fitness': 0.028122761701542043, 'generation': 434}","{'id': 19160, 'rank': 28, 'fitness': 0.020674946885777756, 'generation': 434}","{'id': 19184, 'rank': 29, 'fitness': 0.01841140631901894, 'generation': 434}","{'id': 19190, 'rank': 30, 'fitness': 0.01798620996209155, 'generation': 434}"
"{'id': 19242, 'rank': 1, 'fitness': 0.9820137900379085, 'generation': 435}","{'id': 19240, 'rank': 2, 'fitness': 0.9700569359920491, 'generation': 435}","{'id': 19244, 'rank': 3, 'fitness': 0.9590141275917936, 'generation': 435}","{'id': 19219, 'rank': 4, 'fitness': 0.9447221405878701, 'generation': 435}","{'id': 19232, 'rank': 5, 'fitness': 0.9443772859453008, 'generation': 435}","{'id': 19213, 'rank': 6, 'fitness': 0.9294919588016504, 'generation': 435}","{'id': 19230, 'rank': 7, 'fitness': 0.920580600204219, 'generation': 435}","{'id': 19235, 'rank': 8, 'fitness': 0.8090806185897312, 'generation': 435}","{'id': 19216, 'rank': 9, 'fitness': 0.6073140925909558, 'generation': 435}","{'id': 19222, 'rank': 10, 'fitness': 0.41648309204253686, 'generation': 435}","{'id': 19227, 'rank': 11, 'fitness': 0.3982664922942178, 'generation': 435}","{'id': 19241, 'rank': 12, 'fitness': 0.3260877461097541, 'generation': 435}","{'id': 19238, 'rank': 13, 'fitness': 0.3226074962367892, 'generation': 435}","{'id': 19221, 'rank': 14, 'fitness': 0.28464322914857687, 'generation': 435}","{'id': 19218, 'rank': 15, 'fitness': 0.24288188720728382, 'generation': 435}","{'id': 19229, 'rank': 16, 'fitness': 0.2293971947283871, 'generation': 435}","{'id': 19226, 'rank': 17, 'fitness': 0.22532373811474538, 'generation': 435}","{'id': 19239, 'rank': 18, 'fitness': 0.21428490404539308, 'generation': 435}","{'id': 19243, 'rank': 19, 'fitness': 0.17834925360913262, 'generation': 435}","{'id': 19224, 'rank': 20, 'fitness': 0.1543838081302289, 'generation': 435}","{'id': 19245, 'rank': 21, 'fitness': 0.1432569725328337, 'generation': 435}","{'id': 19212, 'rank': 22, 'fitness': 0.1428243700148532, 'generation': 435}","{'id': 19234, 'rank': 23, 'fitness': 0.10434802734005993, 'generation': 435}","{'id': 19231, 'rank': 24, 'fitness': 0.07723293264482695, 'generation': 435}","{'id': 19215, 'rank': 25, 'fitness': 0.05745116245764592, 'generation': 435}","{'id': 19225, 'rank': 26, 'fitness': 0.04286507095865294, 'generation': 435}","{'id': 19209, 'rank': 27, 'fitness': 0.04047970630676345, 'generation': 435}","{'id': 19228, 'rank': 28, 'fitness': 0.0271645226276217, 'generation': 435}","{'id': 19214, 'rank': 29, 'fitness': 0.019860412648557757, 'generation': 435}","{'id': 19223, 'rank': 30, 'fitness': 0.01798620996209155, 'generation': 435}"
"{'id': 19276, 'rank': 1, 'fitness': 0.9820137900379085, 'generation': 436}","{'id': 19293, 'rank': 2, 'fitness': 0.8640209294806074, 'generation': 436}","{'id': 19255, 'rank': 3, 'fitness': 0.8255480632593544, 'generation': 436}","{'id': 19274, 'rank': 4, 'fitness': 0.7768912739060339, 'generation': 436}","{'id': 19280, 'rank': 5, 'fitness': 0.5932091599658182, 'generation': 436}","{'id': 19292, 'rank': 6, 'fitness': 0.5636218578352294, 'generation': 436}","{'id': 19290, 'rank': 7, 'fitness': 0.5509815071058803, 'generation': 436}","{'id': 19286, 'rank': 8, 'fitness': 0.4863486840577234, 'generation': 436}","{'id': 19294, 'rank': 9, 'fitness': 0.44489555772304507, 'generation': 436}","{'id': 19287, 'rank': 10, 'fitness': 0.44400778228422905, 'generation': 436}","{'id': 19284, 'rank': 11, 'fitness': 0.304631341619105, 'generation': 436}","{'id': 19250, 'rank': 12, 'fitness': 0.2635962707617277, 'generation': 436}","{'id': 19247, 'rank': 13, 'fitness': 0.2103873240883276, 'generation': 436}","{'id': 19283, 'rank': 14, 'fitness': 0.20690723918970488, 'generation': 436}","{'id': 19248, 'rank': 15, 'fitness': 0.19298275372208795, 'generation': 436}","{'id': 19270, 'rank': 16, 'fitness': 0.12495014196427312, 'generation': 436}","{'id': 19262, 'rank': 17, 'fitness': 0.11722683272866052, 'generation': 436}","{'id': 19265, 'rank': 18, 'fitness': 0.09976381862748329, 'generation': 436}","{'id': 19275, 'rank': 19, 'fitness': 0.09009832022658681, 'generation': 436}","{'id': 19282, 'rank': 20, 'fitness': 0.08021209265128071, 'generation': 436}","{'id': 19289, 'rank': 21, 'fitness': 0.06669690366930664, 'generation': 436}","{'id': 19263, 'rank': 22, 'fitness': 0.05747148114593503, 'generation': 436}","{'id': 19285, 'rank': 23, 'fitness': 0.053785513244718974, 'generation': 436}","{'id': 19268, 'rank': 24, 'fitness': 0.032557858220363944, 'generation': 436}","{'id': 19258, 'rank': 25, 'fitness': 0.030637259644170134, 'generation': 436}","{'id': 19277, 'rank': 26, 'fitness': 0.026011547545562397, 'generation': 436}","{'id': 19278, 'rank': 27, 'fitness': 0.02511688499654552, 'generation': 436}","{'id': 19267, 'rank': 28, 'fitness': 0.02396772638199912, 'generation': 436}","{'id': 19279, 'rank': 29, 'fitness': 0.01871196496077754, 'generation': 436}","{'id': 19261, 'rank': 30, 'fitness': 0.01798620996209155, 'generation': 436}"
"{'id': 19337, 'rank': 1, 'fitness': 0.9820137900379085, 'generation': 437}","{'id': 19321, 'rank': 2, 'fitness': 0.9814745380112824, 'generation': 437}","{'id': 19323, 'rank': 3, 'fitness': 0.9714130474419687, 'generation': 437}","{'id': 19298, 'rank': 4, 'fitness': 0.9426242806138296, 'generation': 437}","{'id': 19322, 'rank': 5, 'fitness': 0.8390367532399068, 'generation': 437}","{'id': 19324, 'rank': 6, 'fitness': 0.802139335914773, 'generation': 437}","{'id': 19327, 'rank': 7, 'fitness': 0.7336214089660089, 'generation': 437}","{'id': 19332, 'rank': 8, 'fitness': 0.7119395359179785, 'generation': 437}","{'id': 19319, 'rank': 9, 'fitness': 0.38255648309783363, 'generation': 437}","{'id': 19329, 'rank': 10, 'fitness': 0.3184591532658382, 'generation': 437}","{'id': 19312, 'rank': 11, 'fitness': 0.2623980523970342, 'generation': 437}","{'id': 19314, 'rank': 12, 'fitness': 0.24221244739640702, 'generation': 437}","{'id': 19310, 'rank': 13, 'fitness': 0.1852448111057562, 'generation': 437}","{'id': 19296, 'rank': 14, 'fitness': 0.09334104880434674, 'generation': 437}","{'id': 19313, 'rank': 15, 'fitness': 0.0839885512304201, 'generation': 437}","{'id': 19333, 'rank': 16, 'fitness': 0.07276188269481487, 'generation': 437}","{'id': 19304, 'rank': 17, 'fitness': 0.06038813408892413, 'generation': 437}","{'id': 19326, 'rank': 18, 'fitness': 0.05009315036984857, 'generation': 437}","{'id': 19335, 'rank': 19, 'fitness': 0.04946542245743235, 'generation': 437}","{'id': 19328, 'rank': 20, 'fitness': 0.042783695357545226, 'generation': 437}","{'id': 19302, 'rank': 21, 'fitness': 0.036974235053177595, 'generation': 437}","{'id': 19306, 'rank': 22, 'fitness': 0.036427270163379766, 'generation': 437}","{'id': 19305, 'rank': 23, 'fitness': 0.03407064105543589, 'generation': 437}","{'id': 19334, 'rank': 24, 'fitness': 0.02970459726886643, 'generation': 437}","{'id': 19316, 'rank': 25, 'fitness': 0.02727071050769675, 'generation': 437}","{'id': 19295, 'rank': 26, 'fitness': 0.02645837548627772, 'generation': 437}","{'id': 19307, 'rank': 27, 'fitness': 0.022965267766530795, 'generation': 437}","{'id': 19300, 'rank': 28, 'fitness': 0.019310307100207036, 'generation': 437}","{'id': 19303, 'rank': 29, 'fitness': 0.018237474621667582, 'generation': 437}","{'id': 19318, 'rank': 30, 'fitness': 0.01798620996209155, 'generation': 437}"
"{'id': 19366, 'rank': 1, 'fitness': 0.9820137900379085, 'generation': 438}","{'id': 19343, 'rank': 2, 'fitness': 0.8723343685253473, 'generation': 438}","{'id': 19341, 'rank': 3, 'fitness': 0.646694304316795, 'generation': 438}","{'id': 19362, 'rank': 4, 'fitness': 0.6192306876777778, 'generation': 438}","{'id': 19369, 'rank': 5, 'fitness': 0.5722731530391612, 'generation': 438}","{'id': 19374, 'rank': 6, 'fitness': 0.5140088878911139, 'generation': 438}","{'id': 19352, 'rank': 7, 'fitness': 0.5088782160814493, 'generation': 438}","{'id': 19380, 'rank': 8, 'fitness': 0.48725802470282403, 'generation': 438}","{'id': 19370, 'rank': 9, 'fitness': 0.4692275105181212, 'generation': 438}","{'id': 19376, 'rank': 10, 'fitness': 0.45561550993946603, 'generation': 438}","{'id': 19364, 'rank': 11, 'fitness': 0.397478158666492, 'generation': 438}","{'id': 19378, 'rank': 12, 'fitness': 0.3423991795941971, 'generation': 438}","{'id': 19345, 'rank': 13, 'fitness': 0.22417771413152193, 'generation': 438}","{'id': 19356, 'rank': 14, 'fitness': 0.17694630823274676, 'generation': 438}","{'id': 19377, 'rank': 15, 'fitness': 0.16452757644297794, 'generation': 438}","{'id': 19379, 'rank': 16, 'fitness': 0.1337237853373512, 'generation': 438}","{'id': 19353, 'rank': 17, 'fitness': 0.11862131543748955, 'generation': 438}","{'id': 19361, 'rank': 18, 'fitness': 0.09525882692983223, 'generation': 438}","{'id': 19372, 'rank': 19, 'fitness': 0.09228667173198962, 'generation': 438}","{'id': 19363, 'rank': 20, 'fitness': 0.07967932932779559, 'generation': 438}","{'id': 19375, 'rank': 21, 'fitness': 0.0742639284788581, 'generation': 438}","{'id': 19351, 'rank': 22, 'fitness': 0.06525948806547927, 'generation': 438}","{'id': 19367, 'rank': 23, 'fitness': 0.05174907483495922, 'generation': 438}","{'id': 19360, 'rank': 24, 'fitness': 0.04467498058926517, 'generation': 438}","{'id': 19339, 'rank': 25, 'fitness': 0.041151936525128496, 'generation': 438}","{'id': 19365, 'rank': 26, 'fitness': 0.03442123555603532, 'generation': 438}","{'id': 19354, 'rank': 27, 'fitness': 0.029400866816624793, 'generation': 438}","{'id': 19358, 'rank': 28, 'fitness': 0.025505817166655398, 'generation': 438}","{'id': 19373, 'rank': 29, 'fitness': 0.022274074347572503, 'generation': 438}","{'id': 19371, 'rank': 30, 'fitness': 0.01798620996209155, 'generation': 438}"
"{'id': 19417, 'rank': 1, 'fitness': 0.9820137900379085, 'generation': 439}","{'id': 19394, 'rank': 2, 'fitness': 0.6034991113676006, 'generation': 439}","{'id': 19411, 'rank': 3, 'fitness': 0.5442332253866486, 'generation': 439}","{'id': 19409, 'rank': 4, 'fitness': 0.5210710387321424, 'generation': 439}","{'id': 19393, 'rank': 5, 'fitness': 0.44641655820034454, 'generation': 439}","{'id': 19395, 'rank': 6, 'fitness': 0.2890765975309745, 'generation': 439}","{'id': 19415, 'rank': 7, 'fitness': 0.20586578198532174, 'generation': 439}","{'id': 19387, 'rank': 8, 'fitness': 0.15901147887904343, 'generation': 439}","{'id': 19419, 'rank': 9, 'fitness': 0.13248612205992388, 'generation': 439}","{'id': 19405, 'rank': 10, 'fitness': 0.11462872760247694, 'generation': 439}","{'id': 19412, 'rank': 11, 'fitness': 0.11308260010868776, 'generation': 439}","{'id': 19386, 'rank': 12, 'fitness': 0.10072269400231243, 'generation': 439}","{'id': 19408, 'rank': 13, 'fitness': 0.09644396870286587, 'generation': 439}","{'id': 19406, 'rank': 14, 'fitness': 0.07458036299143683, 'generation': 439}","{'id': 19403, 'rank': 15, 'fitness': 0.07223016308001795, 'generation': 439}","{'id': 19422, 'rank': 16, 'fitness': 0.06791496938935437, 'generation': 439}","{'id': 19401, 'rank': 17, 'fitness': 0.053230910034974876, 'generation': 439}","{'id': 19407, 'rank': 18, 'fitness': 0.05310114968655211, 'generation': 439}","{'id': 19410, 'rank': 19, 'fitness': 0.049864335001563176, 'generation': 439}","{'id': 19423, 'rank': 20, 'fitness': 0.04197170991355842, 'generation': 439}","{'id': 19383, 'rank': 21, 'fitness': 0.041945558778744896, 'generation': 439}","{'id': 19418, 'rank': 22, 'fitness': 0.04133098454607265, 'generation': 439}","{'id': 19416, 'rank': 23, 'fitness': 0.03870026049053066, 'generation': 439}","{'id': 19399, 'rank': 24, 'fitness': 0.032629424962207776, 'generation': 439}","{'id': 19400, 'rank': 25, 'fitness': 0.02694152063042471, 'generation': 439}","{'id': 19404, 'rank': 26, 'fitness': 0.02229992282550758, 'generation': 439}","{'id': 19392, 'rank': 27, 'fitness': 0.021581720813785288, 'generation': 439}","{'id': 19414, 'rank': 28, 'fitness': 0.0207862387510358, 'generation': 439}","{'id': 19384, 'rank': 29, 'fitness': 0.020567049803351334, 'generation': 439}","{'id': 19421, 'rank': 30, 'fitness': 0.01798620996209155, 'generation': 439}"
"{'id': 19453, 'rank': 1, 'fitness': 0.9820137900379085, 'generation': 440}","{'id': 19451, 'rank': 2, 'fitness': 0.8568869658889091, 'generation': 440}","{'id': 19452, 'rank': 3, 'fitness': 0.8542045575711692, 'generation': 440}","{'id': 19439, 'rank': 4, 'fitness': 0.7915071748798573, 'generation': 440}","{'id': 19431, 'rank': 5, 'fitness': 0.7758256797140761, 'generation': 440}","{'id': 19447, 'rank': 6, 'fitness': 0.7702086763496107, 'generation': 440}","{'id': 19449, 'rank': 7, 'fitness': 0.6951777127312395, 'generation': 440}","{'id': 19433, 'rank': 8, 'fitness': 0.6782185151308303, 'generation': 440}","{'id': 19434, 'rank': 9, 'fitness': 0.36942813631029914, 'generation': 440}","{'id': 19437, 'rank': 10, 'fitness': 0.3197381582977942, 'generation': 440}","{'id': 19444, 'rank': 11, 'fitness': 0.3170294625095512, 'generation': 440}","{'id': 19441, 'rank': 12, 'fitness': 0.3049617996213031, 'generation': 440}","{'id': 19443, 'rank': 13, 'fitness': 0.18322258041844708, 'generation': 440}","{'id': 19428, 'rank': 14, 'fitness': 0.16109558564552134, 'generation': 440}","{'id': 19436, 'rank': 15, 'fitness': 0.14987395159904865, 'generation': 440}","{'id': 19427, 'rank': 16, 'fitness': 0.126547509033493, 'generation': 440}","{'id': 19429, 'rank': 17, 'fitness': 0.10958342398923199, 'generation': 440}","{'id': 19445, 'rank': 18, 'fitness': 0.10551127791605275, 'generation': 440}","{'id': 19446, 'rank': 19, 'fitness': 0.08005864952292452, 'generation': 440}","{'id': 19424, 'rank': 20, 'fitness': 0.07871951842780306, 'generation': 440}","{'id': 19456, 'rank': 21, 'fitness': 0.0709070782435759, 'generation': 440}","{'id': 19458, 'rank': 22, 'fitness': 0.07048177549962659, 'generation': 440}","{'id': 19455, 'rank': 23, 'fitness': 0.05639844672163452, 'generation': 440}","{'id': 19442, 'rank': 24, 'fitness': 0.05625913404958205, 'generation': 440}","{'id': 19450, 'rank': 25, 'fitness': 0.04278266430348021, 'generation': 440}","{'id': 19454, 'rank': 26, 'fitness': 0.04081797514041885, 'generation': 440}","{'id': 19457, 'rank': 27, 'fitness': 0.04047811063845158, 'generation': 440}","{'id': 19430, 'rank': 28, 'fitness': 0.03573187521941418, 'generation': 440}","{'id': 19448, 'rank': 29, 'fitness': 0.02725635690225675, 'generation': 440}","{'id': 19432, 'rank': 30, 'fitness': 0.01798620996209155, 'generation': 440}"
"{'id': 19495, 'rank': 1, 'fitness': 0.9820137900379085, 'generation': 441}","{'id': 19491, 'rank': 2, 'fitness': 0.9714528830039098, 'generation': 441}","{'id': 19501, 'rank': 3, 'fitness': 0.9693253139993083, 'generation': 441}","{'id': 19499, 'rank': 4, 'fitness': 0.9599268772137808, 'generation': 441}","{'id': 19492, 'rank': 5, 'fitness': 0.8909700694764644, 'generation': 441}","{'id': 19496, 'rank': 6, 'fitness': 0.7853699679047772, 'generation': 441}","{'id': 19497, 'rank': 7, 'fitness': 0.7411971838304486, 'generation': 441}","{'id': 19488, 'rank': 8, 'fitness': 0.7250348522972796, 'generation': 441}","{'id': 19493, 'rank': 9, 'fitness': 0.6176527922019397, 'generation': 441}","{'id': 19462, 'rank': 10, 'fitness': 0.6103920615775503, 'generation': 441}","{'id': 19470, 'rank': 11, 'fitness': 0.4253500461205231, 'generation': 441}","{'id': 19466, 'rank': 12, 'fitness': 0.3893842865745216, 'generation': 441}","{'id': 19465, 'rank': 13, 'fitness': 0.3842663844687342, 'generation': 441}","{'id': 19476, 'rank': 14, 'fitness': 0.2378768354633795, 'generation': 441}","{'id': 19484, 'rank': 15, 'fitness': 0.12795009958560183, 'generation': 441}","{'id': 19490, 'rank': 16, 'fitness': 0.08202506052709801, 'generation': 441}","{'id': 19486, 'rank': 17, 'fitness': 0.06500571204618855, 'generation': 441}","{'id': 19469, 'rank': 18, 'fitness': 0.06457050552525911, 'generation': 441}","{'id': 19479, 'rank': 19, 'fitness': 0.05348402319759876, 'generation': 441}","{'id': 19461, 'rank': 20, 'fitness': 0.050531292417595575, 'generation': 441}","{'id': 19498, 'rank': 21, 'fitness': 0.04958118532402944, 'generation': 441}","{'id': 19464, 'rank': 22, 'fitness': 0.038511427961035294, 'generation': 441}","{'id': 19481, 'rank': 23, 'fitness': 0.032177129570757745, 'generation': 441}","{'id': 19474, 'rank': 24, 'fitness': 0.03036412514197978, 'generation': 441}","{'id': 19489, 'rank': 25, 'fitness': 0.03004627177830327, 'generation': 441}","{'id': 19485, 'rank': 26, 'fitness': 0.029437631695525268, 'generation': 441}","{'id': 19475, 'rank': 27, 'fitness': 0.027371179882254792, 'generation': 441}","{'id': 19487, 'rank': 28, 'fitness': 0.019564475598483955, 'generation': 441}","{'id': 19500, 'rank': 29, 'fitness': 0.019297738293409583, 'generation': 441}","{'id': 19482, 'rank': 30, 'fitness': 0.01798620996209155, 'generation': 441}"
"{'id': 19536, 'rank': 1, 'fitness': 0.9820137900379085, 'generation': 442}","{'id': 19514, 'rank': 2, 'fitness': 0.9690336600265342, 'generation': 442}","{'id': 19531, 'rank': 3, 'fitness': 0.9428926844735808, 'generation': 442}","{'id': 19545, 'rank': 4, 'fitness': 0.5982779892224634, 'generation': 442}","{'id': 19525, 'rank': 5, 'fitness': 0.4657648916260026, 'generation': 442}","{'id': 19538, 'rank': 6, 'fitness': 0.438183703401396, 'generation': 442}","{'id': 19522, 'rank': 7, 'fitness': 0.38888918056579885, 'generation': 442}","{'id': 19533, 'rank': 8, 'fitness': 0.3449703450206719, 'generation': 442}","{'id': 19534, 'rank': 9, 'fitness': 0.3373020004009183, 'generation': 442}","{'id': 19532, 'rank': 10, 'fitness': 0.3258806326846891, 'generation': 442}","{'id': 19539, 'rank': 11, 'fitness': 0.30687050895893464, 'generation': 442}","{'id': 19543, 'rank': 12, 'fitness': 0.30430529992865585, 'generation': 442}","{'id': 19527, 'rank': 13, 'fitness': 0.206768607024089, 'generation': 442}","{'id': 19530, 'rank': 14, 'fitness': 0.18743171228261035, 'generation': 442}","{'id': 19540, 'rank': 15, 'fitness': 0.15054211513470817, 'generation': 442}","{'id': 19519, 'rank': 16, 'fitness': 0.1451013850877214, 'generation': 442}","{'id': 19507, 'rank': 17, 'fitness': 0.13517119557290014, 'generation': 442}","{'id': 19503, 'rank': 18, 'fitness': 0.11986310204285444, 'generation': 442}","{'id': 19541, 'rank': 19, 'fitness': 0.10824855405666106, 'generation': 442}","{'id': 19537, 'rank': 20, 'fitness': 0.0802954612657224, 'generation': 442}","{'id': 19542, 'rank': 21, 'fitness': 0.05266603168877909, 'generation': 442}","{'id': 19535, 'rank': 22, 'fitness': 0.045940853904075596, 'generation': 442}","{'id': 19521, 'rank': 23, 'fitness': 0.045940259258739125, 'generation': 442}","{'id': 19544, 'rank': 24, 'fitness': 0.04418701079923071, 'generation': 442}","{'id': 19520, 'rank': 25, 'fitness': 0.04255995108067562, 'generation': 442}","{'id': 19517, 'rank': 26, 'fitness': 0.03314481630743249, 'generation': 442}","{'id': 19524, 'rank': 27, 'fitness': 0.028106124943846622, 'generation': 442}","{'id': 19509, 'rank': 28, 'fitness': 0.02008995617932774, 'generation': 442}","{'id': 19523, 'rank': 29, 'fitness': 0.019241998649296765, 'generation': 442}","{'id': 19528, 'rank': 30, 'fitness': 0.01798620996209155, 'generation': 442}"
"{'id': 19584, 'rank': 1, 'fitness': 0.9820137900379085, 'generation': 443}","{'id': 19554, 'rank': 2, 'fitness': 0.9808241751110414, 'generation': 443}","{'id': 19559, 'rank': 3, 'fitness': 0.975721015045548, 'generation': 443}","{'id': 19579, 'rank': 4, 'fitness': 0.9736298496816338, 'generation': 443}","{'id': 19571, 'rank': 5, 'fitness': 0.9677902067557653, 'generation': 443}","{'id': 19555, 'rank': 6, 'fitness': 0.9626003461129503, 'generation': 443}","{'id': 19577, 'rank': 7, 'fitness': 0.9584906215200419, 'generation': 443}","{'id': 19573, 'rank': 8, 'fitness': 0.9182021671228001, 'generation': 443}","{'id': 19583, 'rank': 9, 'fitness': 0.8996337747508156, 'generation': 443}","{'id': 19575, 'rank': 10, 'fitness': 0.8953215096029242, 'generation': 443}","{'id': 19568, 'rank': 11, 'fitness': 0.8454731763184148, 'generation': 443}","{'id': 19553, 'rank': 12, 'fitness': 0.8378967661827428, 'generation': 443}","{'id': 19576, 'rank': 13, 'fitness': 0.785363332898132, 'generation': 443}","{'id': 19578, 'rank': 14, 'fitness': 0.7494080341583764, 'generation': 443}","{'id': 19561, 'rank': 15, 'fitness': 0.5299414162208256, 'generation': 443}","{'id': 19572, 'rank': 16, 'fitness': 0.39712822211196797, 'generation': 443}","{'id': 19547, 'rank': 17, 'fitness': 0.3947691104088852, 'generation': 443}","{'id': 19546, 'rank': 18, 'fitness': 0.34082927429278276, 'generation': 443}","{'id': 19582, 'rank': 19, 'fitness': 0.2816043838385268, 'generation': 443}","{'id': 19565, 'rank': 20, 'fitness': 0.20573446581753757, 'generation': 443}","{'id': 19585, 'rank': 21, 'fitness': 0.20352640538297884, 'generation': 443}","{'id': 19574, 'rank': 22, 'fitness': 0.144364945025504, 'generation': 443}","{'id': 19563, 'rank': 23, 'fitness': 0.12107045845058045, 'generation': 443}","{'id': 19564, 'rank': 24, 'fitness': 0.08339260912502033, 'generation': 443}","{'id': 19566, 'rank': 25, 'fitness': 0.07173926658278568, 'generation': 443}","{'id': 19581, 'rank': 26, 'fitness': 0.05740092560508303, 'generation': 443}","{'id': 19562, 'rank': 27, 'fitness': 0.05245346514191623, 'generation': 443}","{'id': 19557, 'rank': 28, 'fitness': 0.04304657343759327, 'generation': 443}","{'id': 19551, 'rank': 29, 'fitness': 0.025882051219153213, 'generation': 443}","{'id': 19550, 'rank': 30, 'fitness': 0.01798620996209155, 'generation': 443}"
"{'id': 19631, 'rank': 1, 'fitness': 0.9820137900379085, 'generation': 444}","{'id': 19610, 'rank': 2, 'fitness': 0.9307786670344073, 'generation': 444}","{'id': 19624, 'rank': 3, 'fitness': 0.883038935191586, 'generation': 444}","{'id': 19601, 'rank': 4, 'fitness': 0.8510197634973404, 'generation': 444}","{'id': 19634, 'rank': 5, 'fitness': 0.8240508737931762, 'generation': 444}","{'id': 19644, 'rank': 6, 'fitness': 0.7853051444611053, 'generation': 444}","{'id': 19632, 'rank': 7, 'fitness': 0.6114279626119337, 'generation': 444}","{'id': 19589, 'rank': 8, 'fitness': 0.4297012689855202, 'generation': 444}","{'id': 19629, 'rank': 9, 'fitness': 0.38792399161609026, 'generation': 444}","{'id': 19635, 'rank': 10, 'fitness': 0.30284758834115866, 'generation': 444}","{'id': 19637, 'rank': 11, 'fitness': 0.3018504398992557, 'generation': 444}","{'id': 19611, 'rank': 12, 'fitness': 0.2358700901788509, 'generation': 444}","{'id': 19643, 'rank': 13, 'fitness': 0.21934287266537622, 'generation': 444}","{'id': 19640, 'rank': 14, 'fitness': 0.21110994097282704, 'generation': 444}","{'id': 19630, 'rank': 15, 'fitness': 0.17419664927034123, 'generation': 444}","{'id': 19586, 'rank': 16, 'fitness': 0.1473300359675913, 'generation': 444}","{'id': 19588, 'rank': 17, 'fitness': 0.10567001927529901, 'generation': 444}","{'id': 19642, 'rank': 18, 'fitness': 0.07301766962303019, 'generation': 444}","{'id': 19597, 'rank': 19, 'fitness': 0.06828291405384745, 'generation': 444}","{'id': 19622, 'rank': 20, 'fitness': 0.06733873237566723, 'generation': 444}","{'id': 19625, 'rank': 21, 'fitness': 0.057718662045299074, 'generation': 444}","{'id': 19633, 'rank': 22, 'fitness': 0.05663720543720535, 'generation': 444}","{'id': 19627, 'rank': 23, 'fitness': 0.050462294058529256, 'generation': 444}","{'id': 19623, 'rank': 24, 'fitness': 0.037785049429703066, 'generation': 444}","{'id': 19607, 'rank': 25, 'fitness': 0.03333833274809411, 'generation': 444}","{'id': 19593, 'rank': 26, 'fitness': 0.027347502632029452, 'generation': 444}","{'id': 19606, 'rank': 27, 'fitness': 0.025597645586353024, 'generation': 444}","{'id': 19636, 'rank': 28, 'fitness': 0.023688781071447063, 'generation': 444}","{'id': 19638, 'rank': 29, 'fitness': 0.023097058409782267, 'generation': 444}","{'id': 19604, 'rank': 30, 'fitness': 0.01798620996209155, 'generation': 444}"
"{'id': 19680, 'rank': 1, 'fitness': 0.9820137900379085, 'generation': 445}","{'id': 19671, 'rank': 2, 'fitness': 0.9815680011643685, 'generation': 445}","{'id': 19683, 'rank': 3, 'fitness': 0.9730147973516421, 'generation': 445}","{'id': 19664, 'rank': 4, 'fitness': 0.9510505474423046, 'generation': 445}","{'id': 19647, 'rank': 5, 'fitness': 0.9142073191471476, 'generation': 445}","{'id': 19679, 'rank': 6, 'fitness': 0.8958818560208088, 'generation': 445}","{'id': 19667, 'rank': 7, 'fitness': 0.8835356782846483, 'generation': 445}","{'id': 19681, 'rank': 8, 'fitness': 0.8207414935944318, 'generation': 445}","{'id': 19662, 'rank': 9, 'fitness': 0.6077722425447332, 'generation': 445}","{'id': 19645, 'rank': 10, 'fitness': 0.5816801911682415, 'generation': 445}","{'id': 19678, 'rank': 11, 'fitness': 0.42428176546648555, 'generation': 445}","{'id': 19688, 'rank': 12, 'fitness': 0.42160639981145803, 'generation': 445}","{'id': 19669, 'rank': 13, 'fitness': 0.3912779927478507, 'generation': 445}","{'id': 19684, 'rank': 14, 'fitness': 0.35526953048010856, 'generation': 445}","{'id': 19673, 'rank': 15, 'fitness': 0.33533344840138335, 'generation': 445}","{'id': 19660, 'rank': 16, 'fitness': 0.30998470106863274, 'generation': 445}","{'id': 19685, 'rank': 17, 'fitness': 0.2398359004330135, 'generation': 445}","{'id': 19676, 'rank': 18, 'fitness': 0.2211337366702173, 'generation': 445}","{'id': 19665, 'rank': 19, 'fitness': 0.1819361905555827, 'generation': 445}","{'id': 19682, 'rank': 20, 'fitness': 0.17587814356303622, 'generation': 445}","{'id': 19674, 'rank': 21, 'fitness': 0.17204300704951847, 'generation': 445}","{'id': 19670, 'rank': 22, 'fitness': 0.1213750820671361, 'generation': 445}","{'id': 19668, 'rank': 23, 'fitness': 0.06916647289702521, 'generation': 445}","{'id': 19654, 'rank': 24, 'fitness': 0.0644461641628788, 'generation': 445}","{'id': 19686, 'rank': 25, 'fitness': 0.044529855368743265, 'generation': 445}","{'id': 19677, 'rank': 26, 'fitness': 0.031427012485729544, 'generation': 445}","{'id': 19687, 'rank': 27, 'fitness': 0.030836002190718637, 'generation': 445}","{'id': 19656, 'rank': 28, 'fitness': 0.026529909639665117, 'generation': 445}","{'id': 19652, 'rank': 29, 'fitness': 0.021110820427279797, 'generation': 445}","{'id': 19661, 'rank': 30, 'fitness': 0.01798620996209155, 'generation': 445}"
"{'id': 19728, 'rank': 1, 'fitness': 0.9820137900379085, 'generation': 446}","{'id': 19734, 'rank': 2, 'fitness': 0.8795423808159248, 'generation': 446}","{'id': 19725, 'rank': 3, 'fitness': 0.5246198085647957, 'generation': 446}","{'id': 19718, 'rank': 4, 'fitness': 0.498029194297727, 'generation': 446}","{'id': 19714, 'rank': 5, 'fitness': 0.47780687137526384, 'generation': 446}","{'id': 19715, 'rank': 6, 'fitness': 0.4483297922473985, 'generation': 446}","{'id': 19698, 'rank': 7, 'fitness': 0.39164007407556845, 'generation': 446}","{'id': 19717, 'rank': 8, 'fitness': 0.3277343310445975, 'generation': 446}","{'id': 19689, 'rank': 9, 'fitness': 0.23419868161131951, 'generation': 446}","{'id': 19731, 'rank': 10, 'fitness': 0.19151581495151382, 'generation': 446}","{'id': 19707, 'rank': 11, 'fitness': 0.1585810679765805, 'generation': 446}","{'id': 19710, 'rank': 12, 'fitness': 0.1470754115321471, 'generation': 446}","{'id': 19716, 'rank': 13, 'fitness': 0.10823453993485183, 'generation': 446}","{'id': 19695, 'rank': 14, 'fitness': 0.09071776527621256, 'generation': 446}","{'id': 19696, 'rank': 15, 'fitness': 0.06470155318908388, 'generation': 446}","{'id': 19729, 'rank': 16, 'fitness': 0.05659114390317216, 'generation': 446}","{'id': 19711, 'rank': 17, 'fitness': 0.05532897932387465, 'generation': 446}","{'id': 19720, 'rank': 18, 'fitness': 0.053196055047811164, 'generation': 446}","{'id': 19724, 'rank': 19, 'fitness': 0.04734964117662771, 'generation': 446}","{'id': 19733, 'rank': 20, 'fitness': 0.038786879850728484, 'generation': 446}","{'id': 19727, 'rank': 21, 'fitness': 0.03744554163991676, 'generation': 446}","{'id': 19713, 'rank': 22, 'fitness': 0.031173297043200765, 'generation': 446}","{'id': 19719, 'rank': 23, 'fitness': 0.029715880375943082, 'generation': 446}","{'id': 19736, 'rank': 24, 'fitness': 0.029256773900490363, 'generation': 446}","{'id': 19722, 'rank': 25, 'fitness': 0.02580004132566638, 'generation': 446}","{'id': 19693, 'rank': 26, 'fitness': 0.02055110200482968, 'generation': 446}","{'id': 19735, 'rank': 27, 'fitness': 0.0204175345821615, 'generation': 446}","{'id': 19732, 'rank': 28, 'fitness': 0.019557892040767577, 'generation': 446}","{'id': 19704, 'rank': 29, 'fitness': 0.018045213848137398, 'generation': 446}","{'id': 19730, 'rank': 30, 'fitness': 0.01798620996209155, 'generation': 446}"
"{'id': 19751, 'rank': 1, 'fitness': 0.9820137900379085, 'generation': 447}","{'id': 19756, 'rank': 2, 'fitness': 0.9686019687939428, 'generation': 447}","{'id': 19767, 'rank': 3, 'fitness': 0.8116154519189158, 'generation': 447}","{'id': 19768, 'rank': 4, 'fitness': 0.7511425874703019, 'generation': 447}","{'id': 19760, 'rank': 5, 'fitness': 0.7306767870672086, 'generation': 447}","{'id': 19766, 'rank': 6, 'fitness': 0.7015377255265844, 'generation': 447}","{'id': 19757, 'rank': 7, 'fitness': 0.6947416093454357, 'generation': 447}","{'id': 19758, 'rank': 8, 'fitness': 0.6273536784425748, 'generation': 447}","{'id': 19738, 'rank': 9, 'fitness': 0.5764153916026356, 'generation': 447}","{'id': 19761, 'rank': 10, 'fitness': 0.5693107256866645, 'generation': 447}","{'id': 19748, 'rank': 11, 'fitness': 0.5578931354003365, 'generation': 447}","{'id': 19763, 'rank': 12, 'fitness': 0.555391434683323, 'generation': 447}","{'id': 19740, 'rank': 13, 'fitness': 0.5426251858652344, 'generation': 447}","{'id': 19770, 'rank': 14, 'fitness': 0.5199124778953002, 'generation': 447}","{'id': 19745, 'rank': 15, 'fitness': 0.28218844672579413, 'generation': 447}","{'id': 19764, 'rank': 16, 'fitness': 0.27479744545835805, 'generation': 447}","{'id': 19771, 'rank': 17, 'fitness': 0.2248662308443269, 'generation': 447}","{'id': 19762, 'rank': 18, 'fitness': 0.20044401082509467, 'generation': 447}","{'id': 19746, 'rank': 19, 'fitness': 0.1775810653516513, 'generation': 447}","{'id': 19769, 'rank': 20, 'fitness': 0.15486208676149626, 'generation': 447}","{'id': 19744, 'rank': 21, 'fitness': 0.14100533720066882, 'generation': 447}","{'id': 19759, 'rank': 22, 'fitness': 0.11871349842660311, 'generation': 447}","{'id': 19741, 'rank': 23, 'fitness': 0.07016182765498058, 'generation': 447}","{'id': 19752, 'rank': 24, 'fitness': 0.05522912360143689, 'generation': 447}","{'id': 19739, 'rank': 25, 'fitness': 0.054273909161438594, 'generation': 447}","{'id': 19755, 'rank': 26, 'fitness': 0.046690701877665775, 'generation': 447}","{'id': 19765, 'rank': 27, 'fitness': 0.03272484467297809, 'generation': 447}","{'id': 19754, 'rank': 28, 'fitness': 0.027766046002560385, 'generation': 447}","{'id': 19749, 'rank': 29, 'fitness': 0.027014740801335035, 'generation': 447}","{'id': 19747, 'rank': 30, 'fitness': 0.01798620996209155, 'generation': 447}"
"{'id': 19807, 'rank': 1, 'fitness': 0.9820137900379085, 'generation': 448}","{'id': 19815, 'rank': 2, 'fitness': 0.9591261397601711, 'generation': 448}","{'id': 19805, 'rank': 3, 'fitness': 0.8850377941515251, 'generation': 448}","{'id': 19803, 'rank': 4, 'fitness': 0.7793255601708585, 'generation': 448}","{'id': 19809, 'rank': 5, 'fitness': 0.5992158943315864, 'generation': 448}","{'id': 19775, 'rank': 6, 'fitness': 0.5201755077964179, 'generation': 448}","{'id': 19801, 'rank': 7, 'fitness': 0.40841166279930047, 'generation': 448}","{'id': 19819, 'rank': 8, 'fitness': 0.39759356142468166, 'generation': 448}","{'id': 19800, 'rank': 9, 'fitness': 0.2897555336515737, 'generation': 448}","{'id': 19782, 'rank': 10, 'fitness': 0.2524577347886857, 'generation': 448}","{'id': 19780, 'rank': 11, 'fitness': 0.23114889624987672, 'generation': 448}","{'id': 19784, 'rank': 12, 'fitness': 0.19341361593364892, 'generation': 448}","{'id': 19785, 'rank': 13, 'fitness': 0.1817542402362845, 'generation': 448}","{'id': 19804, 'rank': 14, 'fitness': 0.15223728544746673, 'generation': 448}","{'id': 19812, 'rank': 15, 'fitness': 0.14094651765840882, 'generation': 448}","{'id': 19792, 'rank': 16, 'fitness': 0.11500044640255846, 'generation': 448}","{'id': 19811, 'rank': 17, 'fitness': 0.10339889968091104, 'generation': 448}","{'id': 19776, 'rank': 18, 'fitness': 0.10126660193056392, 'generation': 448}","{'id': 19813, 'rank': 19, 'fitness': 0.09066599436684086, 'generation': 448}","{'id': 19791, 'rank': 20, 'fitness': 0.0877807283590088, 'generation': 448}","{'id': 19814, 'rank': 21, 'fitness': 0.078869680904598, 'generation': 448}","{'id': 19808, 'rank': 22, 'fitness': 0.07830524810384254, 'generation': 448}","{'id': 19779, 'rank': 23, 'fitness': 0.07501306713725381, 'generation': 448}","{'id': 19820, 'rank': 24, 'fitness': 0.06285863514640078, 'generation': 448}","{'id': 19797, 'rank': 25, 'fitness': 0.061255264030775525, 'generation': 448}","{'id': 19783, 'rank': 26, 'fitness': 0.04395564428125581, 'generation': 448}","{'id': 19772, 'rank': 27, 'fitness': 0.027314661896076453, 'generation': 448}","{'id': 19806, 'rank': 28, 'fitness': 0.025261021352303514, 'generation': 448}","{'id': 19810, 'rank': 29, 'fitness': 0.02282925628893495, 'generation': 448}","{'id': 19774, 'rank': 30, 'fitness': 0.01798620996209155, 'generation': 448}"
"{'id': 19835, 'rank': 1, 'fitness': 0.9820137900379085, 'generation': 449}","{'id': 19856, 'rank': 2, 'fitness': 0.9771417759282901, 'generation': 449}","{'id': 19853, 'rank': 3, 'fitness': 0.9656173737332653, 'generation': 449}","{'id': 19850, 'rank': 4, 'fitness': 0.6801286520607538, 'generation': 449}","{'id': 19846, 'rank': 5, 'fitness': 0.6495425500223618, 'generation': 449}","{'id': 19842, 'rank': 6, 'fitness': 0.5497839723342062, 'generation': 449}","{'id': 19858, 'rank': 7, 'fitness': 0.48712319778209634, 'generation': 449}","{'id': 19838, 'rank': 8, 'fitness': 0.47535496501454155, 'generation': 449}","{'id': 19844, 'rank': 9, 'fitness': 0.4199204860351672, 'generation': 449}","{'id': 19840, 'rank': 10, 'fitness': 0.3614141863085867, 'generation': 449}","{'id': 19848, 'rank': 11, 'fitness': 0.27803047161916317, 'generation': 449}","{'id': 19847, 'rank': 12, 'fitness': 0.25153494848055313, 'generation': 449}","{'id': 19857, 'rank': 13, 'fitness': 0.2154329293789466, 'generation': 449}","{'id': 19845, 'rank': 14, 'fitness': 0.1875026849836165, 'generation': 449}","{'id': 19825, 'rank': 15, 'fitness': 0.17613874731622758, 'generation': 449}","{'id': 19830, 'rank': 16, 'fitness': 0.16455981326883562, 'generation': 449}","{'id': 19837, 'rank': 17, 'fitness': 0.14986178267319078, 'generation': 449}","{'id': 19843, 'rank': 18, 'fitness': 0.1281549206744168, 'generation': 449}","{'id': 19839, 'rank': 19, 'fitness': 0.12275593257038575, 'generation': 449}","{'id': 19821, 'rank': 20, 'fitness': 0.1180147693725262, 'generation': 449}","{'id': 19855, 'rank': 21, 'fitness': 0.11686672931443737, 'generation': 449}","{'id': 19854, 'rank': 22, 'fitness': 0.0625273488761659, 'generation': 449}","{'id': 19849, 'rank': 23, 'fitness': 0.05096345487001919, 'generation': 449}","{'id': 19859, 'rank': 24, 'fitness': 0.042175599575124345, 'generation': 449}","{'id': 19851, 'rank': 25, 'fitness': 0.03776933627160295, 'generation': 449}","{'id': 19827, 'rank': 26, 'fitness': 0.029237414895000313, 'generation': 449}","{'id': 19836, 'rank': 27, 'fitness': 0.02814664537942624, 'generation': 449}","{'id': 19834, 'rank': 28, 'fitness': 0.024667051144543373, 'generation': 449}","{'id': 19852, 'rank': 29, 'fitness': 0.023174517834577968, 'generation': 449}","{'id': 19829, 'rank': 30, 'fitness': 0.01798620996209155, 'generation': 449}"
"{'id': 19885, 'rank': 1, 'fitness': 0.9820137900379085, 'generation': 450}","{'id': 19882, 'rank': 2, 'fitness': 0.9279079673231264, 'generation': 450}","{'id': 19897, 'rank': 3, 'fitness': 0.877918680546454, 'generation': 450}","{'id': 19883, 'rank': 4, 'fitness': 0.5922197130754386, 'generation': 450}","{'id': 19898, 'rank': 5, 'fitness': 0.46061258541676964, 'generation': 450}","{'id': 19894, 'rank': 6, 'fitness': 0.4051291451618271, 'generation': 450}","{'id': 19879, 'rank': 7, 'fitness': 0.37264753917460813, 'generation': 450}","{'id': 19901, 'rank': 8, 'fitness': 0.36305613351914273, 'generation': 450}","{'id': 19890, 'rank': 9, 'fitness': 0.3393406035793515, 'generation': 450}","{'id': 19886, 'rank': 10, 'fitness': 0.26144963543403205, 'generation': 450}","{'id': 19870, 'rank': 11, 'fitness': 0.25569158880780374, 'generation': 450}","{'id': 19892, 'rank': 12, 'fitness': 0.19322681930665792, 'generation': 450}","{'id': 19888, 'rank': 13, 'fitness': 0.13335272451557179, 'generation': 450}","{'id': 19877, 'rank': 14, 'fitness': 0.12972030251112948, 'generation': 450}","{'id': 19887, 'rank': 15, 'fitness': 0.1027253016160391, 'generation': 450}","{'id': 19875, 'rank': 16, 'fitness': 0.07152208944118221, 'generation': 450}","{'id': 19893, 'rank': 17, 'fitness': 0.06252932388915733, 'generation': 450}","{'id': 19866, 'rank': 18, 'fitness': 0.05468443705115572, 'generation': 450}","{'id': 19900, 'rank': 19, 'fitness': 0.04984131442757339, 'generation': 450}","{'id': 19864, 'rank': 20, 'fitness': 0.04879179837794445, 'generation': 450}","{'id': 19876, 'rank': 21, 'fitness': 0.044721533327809926, 'generation': 450}","{'id': 19873, 'rank': 22, 'fitness': 0.04376278441694359, 'generation': 450}","{'id': 19871, 'rank': 23, 'fitness': 0.039677321005196, 'generation': 450}","{'id': 19891, 'rank': 24, 'fitness': 0.030856395289816707, 'generation': 450}","{'id': 19869, 'rank': 25, 'fitness': 0.02294634003679713, 'generation': 450}","{'id': 19874, 'rank': 26, 'fitness': 0.022885635513851976, 'generation': 450}","{'id': 19881, 'rank': 27, 'fitness': 0.022510365049932757, 'generation': 450}","{'id': 19895, 'rank': 28, 'fitness': 0.022283957685487854, 'generation': 450}","{'id': 19865, 'rank': 29, 'fitness': 0.018249538624958872, 'generation': 450}","{'id': 19868, 'rank': 30, 'fitness': 0.01798620996209155, 'generation': 450}"
"{'id': 19943, 'rank': 1, 'fitness': 0.9820137900379085, 'generation': 451}","{'id': 19914, 'rank': 2, 'fitness': 0.9811586567836488, 'generation': 451}","{'id': 19924, 'rank': 3, 'fitness': 0.9761962535141493, 'generation': 451}","{'id': 19925, 'rank': 4, 'fitness': 0.9409897199908723, 'generation': 451}","{'id': 19935, 'rank': 5, 'fitness': 0.843749364485613, 'generation': 451}","{'id': 19917, 'rank': 6, 'fitness': 0.751105202327774, 'generation': 451}","{'id': 19911, 'rank': 7, 'fitness': 0.5967472834268223, 'generation': 451}","{'id': 19923, 'rank': 8, 'fitness': 0.5502073941069265, 'generation': 451}","{'id': 19934, 'rank': 9, 'fitness': 0.5060485680154702, 'generation': 451}","{'id': 19919, 'rank': 10, 'fitness': 0.49431551888826136, 'generation': 451}","{'id': 19929, 'rank': 11, 'fitness': 0.45778985109315073, 'generation': 451}","{'id': 19938, 'rank': 12, 'fitness': 0.40918069460237266, 'generation': 451}","{'id': 19908, 'rank': 13, 'fitness': 0.3174496897936018, 'generation': 451}","{'id': 19937, 'rank': 14, 'fitness': 0.25946083590425173, 'generation': 451}","{'id': 19921, 'rank': 15, 'fitness': 0.17878800867902384, 'generation': 451}","{'id': 19940, 'rank': 16, 'fitness': 0.17661199827049134, 'generation': 451}","{'id': 19941, 'rank': 17, 'fitness': 0.1499052062762266, 'generation': 451}","{'id': 19939, 'rank': 18, 'fitness': 0.14539326546465003, 'generation': 451}","{'id': 19942, 'rank': 19, 'fitness': 0.13928523854679936, 'generation': 451}","{'id': 19932, 'rank': 20, 'fitness': 0.11701405766930817, 'generation': 451}","{'id': 19936, 'rank': 21, 'fitness': 0.0742340077383985, 'generation': 451}","{'id': 19920, 'rank': 22, 'fitness': 0.07273784854247056, 'generation': 451}","{'id': 19910, 'rank': 23, 'fitness': 0.061925202337164864, 'generation': 451}","{'id': 19928, 'rank': 24, 'fitness': 0.05300382265638981, 'generation': 451}","{'id': 19907, 'rank': 25, 'fitness': 0.04892260886934924, 'generation': 451}","{'id': 19916, 'rank': 26, 'fitness': 0.03410326370784261, 'generation': 451}","{'id': 19926, 'rank': 27, 'fitness': 0.033789453684949844, 'generation': 451}","{'id': 19904, 'rank': 28, 'fitness': 0.03262014693144433, 'generation': 451}","{'id': 19913, 'rank': 29, 'fitness': 0.0216116746151081, 'generation': 451}","{'id': 19906, 'rank': 30, 'fitness': 0.01798620996209155, 'generation': 451}"
"{'id': 19983, 'rank': 1, 'fitness': 0.9820137900379085, 'generation': 452}","{'id': 19974, 'rank': 2, 'fitness': 0.9659741395111294, 'generation': 452}","{'id': 19955, 'rank': 3, 'fitness': 0.8384159215649332, 'generation': 452}","{'id': 19966, 'rank': 4, 'fitness': 0.7282370497808199, 'generation': 452}","{'id': 19968, 'rank': 5, 'fitness': 0.6949051570378475, 'generation': 452}","{'id': 19975, 'rank': 6, 'fitness': 0.6037542368229797, 'generation': 452}","{'id': 19963, 'rank': 7, 'fitness': 0.5436158833439838, 'generation': 452}","{'id': 19980, 'rank': 8, 'fitness': 0.49685845064593603, 'generation': 452}","{'id': 19959, 'rank': 9, 'fitness': 0.45636561495226363, 'generation': 452}","{'id': 19982, 'rank': 10, 'fitness': 0.43334269800277936, 'generation': 452}","{'id': 19976, 'rank': 11, 'fitness': 0.4006121776709911, 'generation': 452}","{'id': 19981, 'rank': 12, 'fitness': 0.3112263798414293, 'generation': 452}","{'id': 19953, 'rank': 13, 'fitness': 0.2989648113455509, 'generation': 452}","{'id': 19962, 'rank': 14, 'fitness': 0.26286371042048134, 'generation': 452}","{'id': 19969, 'rank': 15, 'fitness': 0.21023238918123033, 'generation': 452}","{'id': 19970, 'rank': 16, 'fitness': 0.18732314372766956, 'generation': 452}","{'id': 19950, 'rank': 17, 'fitness': 0.18220913171096326, 'generation': 452}","{'id': 19944, 'rank': 18, 'fitness': 0.1719602307739474, 'generation': 452}","{'id': 19973, 'rank': 19, 'fitness': 0.09431865570804376, 'generation': 452}","{'id': 19945, 'rank': 20, 'fitness': 0.08635865346218552, 'generation': 452}","{'id': 19967, 'rank': 21, 'fitness': 0.07522495010061403, 'generation': 452}","{'id': 19965, 'rank': 22, 'fitness': 0.06092450663604021, 'generation': 452}","{'id': 19946, 'rank': 23, 'fitness': 0.05470535251196468, 'generation': 452}","{'id': 19960, 'rank': 24, 'fitness': 0.03623848962341564, 'generation': 452}","{'id': 19958, 'rank': 25, 'fitness': 0.034483489306960824, 'generation': 452}","{'id': 19978, 'rank': 26, 'fitness': 0.03089937769606188, 'generation': 452}","{'id': 19979, 'rank': 27, 'fitness': 0.027792461702056237, 'generation': 452}","{'id': 19947, 'rank': 28, 'fitness': 0.026105307747624706, 'generation': 452}","{'id': 19972, 'rank': 29, 'fitness': 0.018979439883668403, 'generation': 452}","{'id': 19961, 'rank': 30, 'fitness': 0.01798620996209155, 'generation': 452}"
"{'id': 19996, 'rank': 1, 'fitness': 0.9820137900379085, 'generation': 453}","{'id': 20017, 'rank': 2, 'fitness': 0.9786771797952651, 'generation': 453}","{'id': 20015, 'rank': 3, 'fitness': 0.9245802401252945, 'generation': 453}","{'id': 20025, 'rank': 4, 'fitness': 0.9010885112710103, 'generation': 453}","{'id': 20022, 'rank': 5, 'fitness': 0.8704833141320815, 'generation': 453}","{'id': 20026, 'rank': 6, 'fitness': 0.8483991395857073, 'generation': 453}","{'id': 20021, 'rank': 7, 'fitness': 0.6315610232669363, 'generation': 453}","{'id': 20020, 'rank': 8, 'fitness': 0.6236164777047881, 'generation': 453}","{'id': 20013, 'rank': 9, 'fitness': 0.5019595548447278, 'generation': 453}","{'id': 20024, 'rank': 10, 'fitness': 0.45590419682147426, 'generation': 453}","{'id': 20007, 'rank': 11, 'fitness': 0.4251734881109114, 'generation': 453}","{'id': 20019, 'rank': 12, 'fitness': 0.37710625357902783, 'generation': 453}","{'id': 19995, 'rank': 13, 'fitness': 0.34866384656042554, 'generation': 453}","{'id': 20014, 'rank': 14, 'fitness': 0.2634769433939049, 'generation': 453}","{'id': 20006, 'rank': 15, 'fitness': 0.26273644560433784, 'generation': 453}","{'id': 19988, 'rank': 16, 'fitness': 0.25866184801415476, 'generation': 453}","{'id': 20010, 'rank': 17, 'fitness': 0.2232897301417076, 'generation': 453}","{'id': 19994, 'rank': 18, 'fitness': 0.19692047946051905, 'generation': 453}","{'id': 20002, 'rank': 19, 'fitness': 0.12905022694198126, 'generation': 453}","{'id': 20000, 'rank': 20, 'fitness': 0.09774933357318172, 'generation': 453}","{'id': 20003, 'rank': 21, 'fitness': 0.08838227757612271, 'generation': 453}","{'id': 20023, 'rank': 22, 'fitness': 0.06259843115954372, 'generation': 453}","{'id': 19999, 'rank': 23, 'fitness': 0.050581482877591066, 'generation': 453}","{'id': 19998, 'rank': 24, 'fitness': 0.046753006370312544, 'generation': 453}","{'id': 19984, 'rank': 25, 'fitness': 0.046213533232316584, 'generation': 453}","{'id': 19997, 'rank': 26, 'fitness': 0.04155777313989284, 'generation': 453}","{'id': 20004, 'rank': 27, 'fitness': 0.034520218602716146, 'generation': 453}","{'id': 19992, 'rank': 28, 'fitness': 0.026800339921345562, 'generation': 453}","{'id': 19985, 'rank': 29, 'fitness': 0.023116358684746874, 'generation': 453}","{'id': 20005, 'rank': 30, 'fitness': 0.01798620996209155, 'generation': 453}"
"{'id': 20065, 'rank': 1, 'fitness': 0.9820137900379085, 'generation': 454}","{'id': 20051, 'rank': 2, 'fitness': 0.9767114916789452, 'generation': 454}","{'id': 20070, 'rank': 3, 'fitness': 0.9745622759741711, 'generation': 454}","{'id': 20064, 'rank': 4, 'fitness': 0.9379277242176133, 'generation': 454}","{'id': 20071, 'rank': 5, 'fitness': 0.9196731914893541, 'generation': 454}","{'id': 20068, 'rank': 6, 'fitness': 0.9084139777216284, 'generation': 454}","{'id': 20056, 'rank': 7, 'fitness': 0.8816350312324817, 'generation': 454}","{'id': 20052, 'rank': 8, 'fitness': 0.7796288767728332, 'generation': 454}","{'id': 20067, 'rank': 9, 'fitness': 0.6222461221518164, 'generation': 454}","{'id': 20063, 'rank': 10, 'fitness': 0.5924737960055966, 'generation': 454}","{'id': 20069, 'rank': 11, 'fitness': 0.49800587207614233, 'generation': 454}","{'id': 20050, 'rank': 12, 'fitness': 0.440697806829381, 'generation': 454}","{'id': 20057, 'rank': 13, 'fitness': 0.4077715367507582, 'generation': 454}","{'id': 20061, 'rank': 14, 'fitness': 0.37969401474458464, 'generation': 454}","{'id': 20043, 'rank': 15, 'fitness': 0.2700111267679002, 'generation': 454}","{'id': 20060, 'rank': 16, 'fitness': 0.237367185217147, 'generation': 454}","{'id': 20053, 'rank': 17, 'fitness': 0.20033495511731064, 'generation': 454}","{'id': 20048, 'rank': 18, 'fitness': 0.177444392826825, 'generation': 454}","{'id': 20030, 'rank': 19, 'fitness': 0.16604699107374665, 'generation': 454}","{'id': 20049, 'rank': 20, 'fitness': 0.1325666155332299, 'generation': 454}","{'id': 20072, 'rank': 21, 'fitness': 0.12473093809475655, 'generation': 454}","{'id': 20044, 'rank': 22, 'fitness': 0.11602003786674886, 'generation': 454}","{'id': 20034, 'rank': 23, 'fitness': 0.07909099895542265, 'generation': 454}","{'id': 20058, 'rank': 24, 'fitness': 0.07183748094932202, 'generation': 454}","{'id': 20028, 'rank': 25, 'fitness': 0.06168766389014224, 'generation': 454}","{'id': 20073, 'rank': 26, 'fitness': 0.02743741882198958, 'generation': 454}","{'id': 20033, 'rank': 27, 'fitness': 0.020247024969576255, 'generation': 454}","{'id': 20039, 'rank': 28, 'fitness': 0.020181005547556308, 'generation': 454}","{'id': 20055, 'rank': 29, 'fitness': 0.019528618913695506, 'generation': 454}","{'id': 20042, 'rank': 30, 'fitness': 0.01798620996209155, 'generation': 454}"
"{'id': 20115, 'rank': 1, 'fitness': 0.9820137900379085, 'generation': 455}","{'id': 20126, 'rank': 2, 'fitness': 0.8603848310457691, 'generation': 455}","{'id': 20124, 'rank': 3, 'fitness': 0.8067243762935217, 'generation': 455}","{'id': 20119, 'rank': 4, 'fitness': 0.4457935788698738, 'generation': 455}","{'id': 20111, 'rank': 5, 'fitness': 0.4180161785519812, 'generation': 455}","{'id': 20105, 'rank': 6, 'fitness': 0.4071779002631999, 'generation': 455}","{'id': 20123, 'rank': 7, 'fitness': 0.40343095911188376, 'generation': 455}","{'id': 20121, 'rank': 8, 'fitness': 0.38755751591348786, 'generation': 455}","{'id': 20116, 'rank': 9, 'fitness': 0.3781707863940994, 'generation': 455}","{'id': 20100, 'rank': 10, 'fitness': 0.30164793161381415, 'generation': 455}","{'id': 20108, 'rank': 11, 'fitness': 0.17000838890445613, 'generation': 455}","{'id': 20113, 'rank': 12, 'fitness': 0.11324802402766238, 'generation': 455}","{'id': 20122, 'rank': 13, 'fitness': 0.0971800195190502, 'generation': 455}","{'id': 20102, 'rank': 14, 'fitness': 0.07625865145034916, 'generation': 455}","{'id': 20118, 'rank': 15, 'fitness': 0.061356656636115, 'generation': 455}","{'id': 20087, 'rank': 16, 'fitness': 0.0557115333954038, 'generation': 455}","{'id': 20077, 'rank': 17, 'fitness': 0.053256005195985834, 'generation': 455}","{'id': 20096, 'rank': 18, 'fitness': 0.046277384302536695, 'generation': 455}","{'id': 20097, 'rank': 19, 'fitness': 0.04405348548028487, 'generation': 455}","{'id': 20091, 'rank': 20, 'fitness': 0.0393360924032643, 'generation': 455}","{'id': 20085, 'rank': 21, 'fitness': 0.03864863376479388, 'generation': 455}","{'id': 20101, 'rank': 22, 'fitness': 0.034079451532912586, 'generation': 455}","{'id': 20094, 'rank': 23, 'fitness': 0.032947017891220065, 'generation': 455}","{'id': 20112, 'rank': 24, 'fitness': 0.028830351558885914, 'generation': 455}","{'id': 20074, 'rank': 25, 'fitness': 0.027501665500651917, 'generation': 455}","{'id': 20114, 'rank': 26, 'fitness': 0.027478226078856305, 'generation': 455}","{'id': 20107, 'rank': 27, 'fitness': 0.02542191052263193, 'generation': 455}","{'id': 20120, 'rank': 28, 'fitness': 0.02402496752974631, 'generation': 455}","{'id': 20098, 'rank': 29, 'fitness': 0.020039247227703283, 'generation': 455}","{'id': 20086, 'rank': 30, 'fitness': 0.01798620996209155, 'generation': 455}"
"{'id': 20163, 'rank': 1, 'fitness': 0.9820137900379085, 'generation': 456}","{'id': 20157, 'rank': 2, 'fitness': 0.8717611187135275, 'generation': 456}","{'id': 20150, 'rank': 3, 'fitness': 0.7273533869000977, 'generation': 456}","{'id': 20148, 'rank': 4, 'fitness': 0.4360258033099212, 'generation': 456}","{'id': 20168, 'rank': 5, 'fitness': 0.35369473886954206, 'generation': 456}","{'id': 20149, 'rank': 6, 'fitness': 0.35023629140146545, 'generation': 456}","{'id': 20151, 'rank': 7, 'fitness': 0.3086749746974138, 'generation': 456}","{'id': 20152, 'rank': 8, 'fitness': 0.2872111809098785, 'generation': 456}","{'id': 20164, 'rank': 9, 'fitness': 0.20238238749220638, 'generation': 456}","{'id': 20158, 'rank': 10, 'fitness': 0.1896615918080627, 'generation': 456}","{'id': 20131, 'rank': 11, 'fitness': 0.12363921026671354, 'generation': 456}","{'id': 20153, 'rank': 12, 'fitness': 0.11425180806493962, 'generation': 456}","{'id': 20155, 'rank': 13, 'fitness': 0.11251892242760192, 'generation': 456}","{'id': 20166, 'rank': 14, 'fitness': 0.11154129271948249, 'generation': 456}","{'id': 20144, 'rank': 15, 'fitness': 0.10677255536013242, 'generation': 456}","{'id': 20161, 'rank': 16, 'fitness': 0.08963123910680915, 'generation': 456}","{'id': 20141, 'rank': 17, 'fitness': 0.07070416252582812, 'generation': 456}","{'id': 20146, 'rank': 18, 'fitness': 0.04976118698731069, 'generation': 456}","{'id': 20145, 'rank': 19, 'fitness': 0.04828545386695088, 'generation': 456}","{'id': 20154, 'rank': 20, 'fitness': 0.044224660767043456, 'generation': 456}","{'id': 20130, 'rank': 21, 'fitness': 0.039401885259902514, 'generation': 456}","{'id': 20139, 'rank': 22, 'fitness': 0.03506568967274537, 'generation': 456}","{'id': 20159, 'rank': 23, 'fitness': 0.03467628172095871, 'generation': 456}","{'id': 20142, 'rank': 24, 'fitness': 0.026834324979360835, 'generation': 456}","{'id': 20147, 'rank': 25, 'fitness': 0.025069966431880364, 'generation': 456}","{'id': 20134, 'rank': 26, 'fitness': 0.02088313508914702, 'generation': 456}","{'id': 20162, 'rank': 27, 'fitness': 0.01950044554618502, 'generation': 456}","{'id': 20137, 'rank': 28, 'fitness': 0.01940257419214586, 'generation': 456}","{'id': 20129, 'rank': 29, 'fitness': 0.01925641238598369, 'generation': 456}","{'id': 20143, 'rank': 30, 'fitness': 0.01798620996209155, 'generation': 456}"
"{'id': 20201, 'rank': 1, 'fitness': 0.9820137900379085, 'generation': 457}","{'id': 20202, 'rank': 2, 'fitness': 0.8838725724480301, 'generation': 457}","{'id': 20189, 'rank': 3, 'fitness': 0.8197971098822415, 'generation': 457}","{'id': 20204, 'rank': 4, 'fitness': 0.7610826639992261, 'generation': 457}","{'id': 20180, 'rank': 5, 'fitness': 0.7429087193140229, 'generation': 457}","{'id': 20207, 'rank': 6, 'fitness': 0.6164112094497552, 'generation': 457}","{'id': 20192, 'rank': 7, 'fitness': 0.5734637299252706, 'generation': 457}","{'id': 20198, 'rank': 8, 'fitness': 0.5225344846755249, 'generation': 457}","{'id': 20179, 'rank': 9, 'fitness': 0.5215889734008023, 'generation': 457}","{'id': 20196, 'rank': 10, 'fitness': 0.5164407882558335, 'generation': 457}","{'id': 20199, 'rank': 11, 'fitness': 0.4181240947353997, 'generation': 457}","{'id': 20194, 'rank': 12, 'fitness': 0.4099738704045295, 'generation': 457}","{'id': 20188, 'rank': 13, 'fitness': 0.19383975447539686, 'generation': 457}","{'id': 20185, 'rank': 14, 'fitness': 0.16108319489150996, 'generation': 457}","{'id': 20187, 'rank': 15, 'fitness': 0.15330833556818635, 'generation': 457}","{'id': 20206, 'rank': 16, 'fitness': 0.13480392452246126, 'generation': 457}","{'id': 20205, 'rank': 17, 'fitness': 0.13316528728427163, 'generation': 457}","{'id': 20191, 'rank': 18, 'fitness': 0.11426465559066645, 'generation': 457}","{'id': 20203, 'rank': 19, 'fitness': 0.10326213522086597, 'generation': 457}","{'id': 20186, 'rank': 20, 'fitness': 0.08057213563029914, 'generation': 457}","{'id': 20197, 'rank': 21, 'fitness': 0.07999701715332835, 'generation': 457}","{'id': 20182, 'rank': 22, 'fitness': 0.06976536739871131, 'generation': 457}","{'id': 20183, 'rank': 23, 'fitness': 0.06757069153487744, 'generation': 457}","{'id': 20184, 'rank': 24, 'fitness': 0.06265997880142726, 'generation': 457}","{'id': 20190, 'rank': 25, 'fitness': 0.0614009945264844, 'generation': 457}","{'id': 20200, 'rank': 26, 'fitness': 0.05631285003193298, 'generation': 457}","{'id': 20176, 'rank': 27, 'fitness': 0.046295390029361505, 'generation': 457}","{'id': 20181, 'rank': 28, 'fitness': 0.022058023057344778, 'generation': 457}","{'id': 20172, 'rank': 29, 'fitness': 0.021290921201882806, 'generation': 457}","{'id': 20178, 'rank': 30, 'fitness': 0.01798620996209155, 'generation': 457}"
"{'id': 20221, 'rank': 1, 'fitness': 0.9820137900379085, 'generation': 458}","{'id': 20245, 'rank': 2, 'fitness': 0.9548432891031717, 'generation': 458}","{'id': 20232, 'rank': 3, 'fitness': 0.8925463032017602, 'generation': 458}","{'id': 20235, 'rank': 4, 'fitness': 0.8654136157878205, 'generation': 458}","{'id': 20243, 'rank': 5, 'fitness': 0.8317911868636062, 'generation': 458}","{'id': 20223, 'rank': 6, 'fitness': 0.7381479523277084, 'generation': 458}","{'id': 20220, 'rank': 7, 'fitness': 0.7011038576731626, 'generation': 458}","{'id': 20242, 'rank': 8, 'fitness': 0.6287878068930516, 'generation': 458}","{'id': 20244, 'rank': 9, 'fitness': 0.6201216238517586, 'generation': 458}","{'id': 20252, 'rank': 10, 'fitness': 0.6073760040357082, 'generation': 458}","{'id': 20218, 'rank': 11, 'fitness': 0.5026589743256457, 'generation': 458}","{'id': 20236, 'rank': 12, 'fitness': 0.4484721472341012, 'generation': 458}","{'id': 20246, 'rank': 13, 'fitness': 0.4417254434840644, 'generation': 458}","{'id': 20238, 'rank': 14, 'fitness': 0.29703666143577045, 'generation': 458}","{'id': 20253, 'rank': 15, 'fitness': 0.2433890567454532, 'generation': 458}","{'id': 20247, 'rank': 16, 'fitness': 0.18948656048663626, 'generation': 458}","{'id': 20216, 'rank': 17, 'fitness': 0.18355656437637619, 'generation': 458}","{'id': 20219, 'rank': 18, 'fitness': 0.1791704109799469, 'generation': 458}","{'id': 20239, 'rank': 19, 'fitness': 0.17623425098926154, 'generation': 458}","{'id': 20251, 'rank': 20, 'fitness': 0.16007448111295763, 'generation': 458}","{'id': 20248, 'rank': 21, 'fitness': 0.15789967486129391, 'generation': 458}","{'id': 20237, 'rank': 22, 'fitness': 0.13818651088230605, 'generation': 458}","{'id': 20241, 'rank': 23, 'fitness': 0.12077662970003022, 'generation': 458}","{'id': 20217, 'rank': 24, 'fitness': 0.0530280715758531, 'generation': 458}","{'id': 20231, 'rank': 25, 'fitness': 0.032493550849562236, 'generation': 458}","{'id': 20208, 'rank': 26, 'fitness': 0.027279066338895375, 'generation': 458}","{'id': 20250, 'rank': 27, 'fitness': 0.027064744004841323, 'generation': 458}","{'id': 20215, 'rank': 28, 'fitness': 0.02439854114442941, 'generation': 458}","{'id': 20226, 'rank': 29, 'fitness': 0.01901712496432556, 'generation': 458}","{'id': 20222, 'rank': 30, 'fitness': 0.01798620996209155, 'generation': 458}"
"{'id': 20294, 'rank': 1, 'fitness': 0.9820137900379085, 'generation': 459}","{'id': 20305, 'rank': 2, 'fitness': 0.8854942528819729, 'generation': 459}","{'id': 20297, 'rank': 3, 'fitness': 0.7785909086222323, 'generation': 459}","{'id': 20302, 'rank': 4, 'fitness': 0.7613735886286693, 'generation': 459}","{'id': 20300, 'rank': 5, 'fitness': 0.6916956003982585, 'generation': 459}","{'id': 20266, 'rank': 6, 'fitness': 0.6148512649846715, 'generation': 459}","{'id': 20282, 'rank': 7, 'fitness': 0.6045445100028395, 'generation': 459}","{'id': 20280, 'rank': 8, 'fitness': 0.5647765064713, 'generation': 459}","{'id': 20285, 'rank': 9, 'fitness': 0.3905702415986457, 'generation': 459}","{'id': 20299, 'rank': 10, 'fitness': 0.3769916758676931, 'generation': 459}","{'id': 20263, 'rank': 11, 'fitness': 0.3006541368587565, 'generation': 459}","{'id': 20274, 'rank': 12, 'fitness': 0.2522966642742373, 'generation': 459}","{'id': 20264, 'rank': 13, 'fitness': 0.24117586218110837, 'generation': 459}","{'id': 20304, 'rank': 14, 'fitness': 0.21022741933768313, 'generation': 459}","{'id': 20293, 'rank': 15, 'fitness': 0.15675589227589987, 'generation': 459}","{'id': 20260, 'rank': 16, 'fitness': 0.14545847334029, 'generation': 459}","{'id': 20269, 'rank': 17, 'fitness': 0.13267439327609953, 'generation': 459}","{'id': 20308, 'rank': 18, 'fitness': 0.11768147183325955, 'generation': 459}","{'id': 20271, 'rank': 19, 'fitness': 0.11343954588101152, 'generation': 459}","{'id': 20307, 'rank': 20, 'fitness': 0.08377866851269777, 'generation': 459}","{'id': 20306, 'rank': 21, 'fitness': 0.04848569940522984, 'generation': 459}","{'id': 20268, 'rank': 22, 'fitness': 0.04394458326121986, 'generation': 459}","{'id': 20267, 'rank': 23, 'fitness': 0.041320329646104104, 'generation': 459}","{'id': 20262, 'rank': 24, 'fitness': 0.03138558865796093, 'generation': 459}","{'id': 20288, 'rank': 25, 'fitness': 0.03108527424285984, 'generation': 459}","{'id': 20295, 'rank': 26, 'fitness': 0.030057421615677926, 'generation': 459}","{'id': 20275, 'rank': 27, 'fitness': 0.023683613793429092, 'generation': 459}","{'id': 20303, 'rank': 28, 'fitness': 0.022765718650442246, 'generation': 459}","{'id': 20298, 'rank': 29, 'fitness': 0.022619528108348996, 'generation': 459}","{'id': 20279, 'rank': 30, 'fitness': 0.01798620996209155, 'generation': 459}"
"{'id': 20355, 'rank': 1, 'fitness': 0.9820137900379085, 'generation': 460}","{'id': 20354, 'rank': 2, 'fitness': 0.7730810836612914, 'generation': 460}","{'id': 20339, 'rank': 3, 'fitness': 0.5504096334771383, 'generation': 460}","{'id': 20353, 'rank': 4, 'fitness': 0.5361141826266397, 'generation': 460}","{'id': 20313, 'rank': 5, 'fitness': 0.47830743360718736, 'generation': 460}","{'id': 20343, 'rank': 6, 'fitness': 0.37701054545186774, 'generation': 460}","{'id': 20312, 'rank': 7, 'fitness': 0.31675009289284217, 'generation': 460}","{'id': 20337, 'rank': 8, 'fitness': 0.2808901560595501, 'generation': 460}","{'id': 20321, 'rank': 9, 'fitness': 0.257546315364521, 'generation': 460}","{'id': 20330, 'rank': 10, 'fitness': 0.24806366457310974, 'generation': 460}","{'id': 20351, 'rank': 11, 'fitness': 0.1703952271512419, 'generation': 460}","{'id': 20349, 'rank': 12, 'fitness': 0.13906460884768113, 'generation': 460}","{'id': 20335, 'rank': 13, 'fitness': 0.12105928588055159, 'generation': 460}","{'id': 20324, 'rank': 14, 'fitness': 0.10782672440460839, 'generation': 460}","{'id': 20352, 'rank': 15, 'fitness': 0.08489441303837458, 'generation': 460}","{'id': 20348, 'rank': 16, 'fitness': 0.07644493577180134, 'generation': 460}","{'id': 20325, 'rank': 17, 'fitness': 0.07611216957037326, 'generation': 460}","{'id': 20333, 'rank': 18, 'fitness': 0.07257711272642497, 'generation': 460}","{'id': 20347, 'rank': 19, 'fitness': 0.06225760719649043, 'generation': 460}","{'id': 20345, 'rank': 20, 'fitness': 0.052513976532778006, 'generation': 460}","{'id': 20310, 'rank': 21, 'fitness': 0.05021734891526769, 'generation': 460}","{'id': 20334, 'rank': 22, 'fitness': 0.04907520723573483, 'generation': 460}","{'id': 20314, 'rank': 23, 'fitness': 0.04362216194597707, 'generation': 460}","{'id': 20319, 'rank': 24, 'fitness': 0.039935599890836115, 'generation': 460}","{'id': 20331, 'rank': 25, 'fitness': 0.03696698843409041, 'generation': 460}","{'id': 20318, 'rank': 26, 'fitness': 0.03352570451003428, 'generation': 460}","{'id': 20320, 'rank': 27, 'fitness': 0.027105328571866205, 'generation': 460}","{'id': 20322, 'rank': 28, 'fitness': 0.02427793453102134, 'generation': 460}","{'id': 20327, 'rank': 29, 'fitness': 0.020943640409763875, 'generation': 460}","{'id': 20311, 'rank': 30, 'fitness': 0.01798620996209155, 'generation': 460}"
"{'id': 20387, 'rank': 1, 'fitness': 0.9820137900379085, 'generation': 461}","{'id': 20380, 'rank': 2, 'fitness': 0.9708840496120437, 'generation': 461}","{'id': 20381, 'rank': 3, 'fitness': 0.9673275713829601, 'generation': 461}","{'id': 20386, 'rank': 4, 'fitness': 0.9465259299004356, 'generation': 461}","{'id': 20364, 'rank': 5, 'fitness': 0.9397924787451937, 'generation': 461}","{'id': 20388, 'rank': 6, 'fitness': 0.936322819093116, 'generation': 461}","{'id': 20372, 'rank': 7, 'fitness': 0.8058891902818341, 'generation': 461}","{'id': 20373, 'rank': 8, 'fitness': 0.7578269527944211, 'generation': 461}","{'id': 20392, 'rank': 9, 'fitness': 0.7157308947158874, 'generation': 461}","{'id': 20370, 'rank': 10, 'fitness': 0.7112871208286635, 'generation': 461}","{'id': 20382, 'rank': 11, 'fitness': 0.6471399076407821, 'generation': 461}","{'id': 20376, 'rank': 12, 'fitness': 0.5842812378022928, 'generation': 461}","{'id': 20390, 'rank': 13, 'fitness': 0.5749431404994069, 'generation': 461}","{'id': 20378, 'rank': 14, 'fitness': 0.4483215185109655, 'generation': 461}","{'id': 20389, 'rank': 15, 'fitness': 0.3539645960570602, 'generation': 461}","{'id': 20385, 'rank': 16, 'fitness': 0.3503080903225096, 'generation': 461}","{'id': 20358, 'rank': 17, 'fitness': 0.3055000345625484, 'generation': 461}","{'id': 20360, 'rank': 18, 'fitness': 0.26725004542594305, 'generation': 461}","{'id': 20365, 'rank': 19, 'fitness': 0.17430621564574567, 'generation': 461}","{'id': 20393, 'rank': 20, 'fitness': 0.16558697734222877, 'generation': 461}","{'id': 20379, 'rank': 21, 'fitness': 0.16457280281885794, 'generation': 461}","{'id': 20369, 'rank': 22, 'fitness': 0.1518547259285707, 'generation': 461}","{'id': 20362, 'rank': 23, 'fitness': 0.13508981144774546, 'generation': 461}","{'id': 20363, 'rank': 24, 'fitness': 0.13489149063260897, 'generation': 461}","{'id': 20391, 'rank': 25, 'fitness': 0.08840955612920454, 'generation': 461}","{'id': 20361, 'rank': 26, 'fitness': 0.050970606951757425, 'generation': 461}","{'id': 20366, 'rank': 27, 'fitness': 0.040041512844514016, 'generation': 461}","{'id': 20383, 'rank': 28, 'fitness': 0.02699343889159045, 'generation': 461}","{'id': 20357, 'rank': 29, 'fitness': 0.020936104118391696, 'generation': 461}","{'id': 20377, 'rank': 30, 'fitness': 0.01798620996209155, 'generation': 461}"
"{'id': 20435, 'rank': 1, 'fitness': 0.9820137900379085, 'generation': 462}","{'id': 20403, 'rank': 2, 'fitness': 0.9249562800949227, 'generation': 462}","{'id': 20413, 'rank': 3, 'fitness': 0.7501251889382093, 'generation': 462}","{'id': 20443, 'rank': 4, 'fitness': 0.7229496358961496, 'generation': 462}","{'id': 20436, 'rank': 5, 'fitness': 0.569591725518634, 'generation': 462}","{'id': 20445, 'rank': 6, 'fitness': 0.5536887849900729, 'generation': 462}","{'id': 20426, 'rank': 7, 'fitness': 0.32458613848014717, 'generation': 462}","{'id': 20438, 'rank': 8, 'fitness': 0.30439896921806536, 'generation': 462}","{'id': 20431, 'rank': 9, 'fitness': 0.23269644008496743, 'generation': 462}","{'id': 20409, 'rank': 10, 'fitness': 0.22042899261957272, 'generation': 462}","{'id': 20415, 'rank': 11, 'fitness': 0.2056940558654437, 'generation': 462}","{'id': 20444, 'rank': 12, 'fitness': 0.1882427906335558, 'generation': 462}","{'id': 20402, 'rank': 13, 'fitness': 0.18294446401026138, 'generation': 462}","{'id': 20429, 'rank': 14, 'fitness': 0.1625720484379818, 'generation': 462}","{'id': 20410, 'rank': 15, 'fitness': 0.11927525302739406, 'generation': 462}","{'id': 20408, 'rank': 16, 'fitness': 0.11180107428144537, 'generation': 462}","{'id': 20437, 'rank': 17, 'fitness': 0.1031421936874965, 'generation': 462}","{'id': 20434, 'rank': 18, 'fitness': 0.08937521379706886, 'generation': 462}","{'id': 20442, 'rank': 19, 'fitness': 0.08648496691480911, 'generation': 462}","{'id': 20419, 'rank': 20, 'fitness': 0.08319520908926825, 'generation': 462}","{'id': 20399, 'rank': 21, 'fitness': 0.08214069991798789, 'generation': 462}","{'id': 20396, 'rank': 22, 'fitness': 0.07231609255902749, 'generation': 462}","{'id': 20427, 'rank': 23, 'fitness': 0.054278957736972, 'generation': 462}","{'id': 20440, 'rank': 24, 'fitness': 0.054134323085299085, 'generation': 462}","{'id': 20395, 'rank': 25, 'fitness': 0.04487791483609982, 'generation': 462}","{'id': 20441, 'rank': 26, 'fitness': 0.03794806230689873, 'generation': 462}","{'id': 20411, 'rank': 27, 'fitness': 0.031046604505497177, 'generation': 462}","{'id': 20404, 'rank': 28, 'fitness': 0.026489091445897672, 'generation': 462}","{'id': 20425, 'rank': 29, 'fitness': 0.019329649947663063, 'generation': 462}","{'id': 20405, 'rank': 30, 'fitness': 0.01798620996209155, 'generation': 462}"
"{'id': 20482, 'rank': 1, 'fitness': 0.9820137900379085, 'generation': 463}","{'id': 20470, 'rank': 2, 'fitness': 0.9436112234276418, 'generation': 463}","{'id': 20472, 'rank': 3, 'fitness': 0.9281500304943049, 'generation': 463}","{'id': 20466, 'rank': 4, 'fitness': 0.8893496694581426, 'generation': 463}","{'id': 20475, 'rank': 5, 'fitness': 0.8725214913905179, 'generation': 463}","{'id': 20468, 'rank': 6, 'fitness': 0.8531245273184084, 'generation': 463}","{'id': 20462, 'rank': 7, 'fitness': 0.7401721498227292, 'generation': 463}","{'id': 20465, 'rank': 8, 'fitness': 0.6885381237174599, 'generation': 463}","{'id': 20477, 'rank': 9, 'fitness': 0.6642978125765816, 'generation': 463}","{'id': 20479, 'rank': 10, 'fitness': 0.5619962071834186, 'generation': 463}","{'id': 20467, 'rank': 11, 'fitness': 0.5005401375857695, 'generation': 463}","{'id': 20459, 'rank': 12, 'fitness': 0.4982768266673761, 'generation': 463}","{'id': 20471, 'rank': 13, 'fitness': 0.35098761418323726, 'generation': 463}","{'id': 20480, 'rank': 14, 'fitness': 0.2945086243058516, 'generation': 463}","{'id': 20478, 'rank': 15, 'fitness': 0.29340041320289656, 'generation': 463}","{'id': 20460, 'rank': 16, 'fitness': 0.1921436457339808, 'generation': 463}","{'id': 20484, 'rank': 17, 'fitness': 0.17911224530390712, 'generation': 463}","{'id': 20483, 'rank': 18, 'fitness': 0.17608850568141238, 'generation': 463}","{'id': 20452, 'rank': 19, 'fitness': 0.15703759567408238, 'generation': 463}","{'id': 20457, 'rank': 20, 'fitness': 0.13801856091003023, 'generation': 463}","{'id': 20481, 'rank': 21, 'fitness': 0.12343012032750444, 'generation': 463}","{'id': 20449, 'rank': 22, 'fitness': 0.06253006521055687, 'generation': 463}","{'id': 20476, 'rank': 23, 'fitness': 0.042140351953744715, 'generation': 463}","{'id': 20447, 'rank': 24, 'fitness': 0.03725943690528061, 'generation': 463}","{'id': 20458, 'rank': 25, 'fitness': 0.03656170806116871, 'generation': 463}","{'id': 20469, 'rank': 26, 'fitness': 0.03323496299420531, 'generation': 463}","{'id': 20474, 'rank': 27, 'fitness': 0.02813375378103411, 'generation': 463}","{'id': 20454, 'rank': 28, 'fitness': 0.026200712765952316, 'generation': 463}","{'id': 20456, 'rank': 29, 'fitness': 0.02022594079655471, 'generation': 463}","{'id': 20464, 'rank': 30, 'fitness': 0.01798620996209155, 'generation': 463}"
"{'id': 20526, 'rank': 1, 'fitness': 0.9820137900379085, 'generation': 464}","{'id': 20530, 'rank': 2, 'fitness': 0.8588162480948143, 'generation': 464}","{'id': 20529, 'rank': 3, 'fitness': 0.6051404709319335, 'generation': 464}","{'id': 20520, 'rank': 4, 'fitness': 0.46014890288872445, 'generation': 464}","{'id': 20527, 'rank': 5, 'fitness': 0.34566484858388224, 'generation': 464}","{'id': 20522, 'rank': 6, 'fitness': 0.3294998433560523, 'generation': 464}","{'id': 20516, 'rank': 7, 'fitness': 0.3119812573736048, 'generation': 464}","{'id': 20531, 'rank': 8, 'fitness': 0.28405265913022043, 'generation': 464}","{'id': 20511, 'rank': 9, 'fitness': 0.27466425912534664, 'generation': 464}","{'id': 20517, 'rank': 10, 'fitness': 0.1826737045885159, 'generation': 464}","{'id': 20512, 'rank': 11, 'fitness': 0.1158900100886639, 'generation': 464}","{'id': 20521, 'rank': 12, 'fitness': 0.10565078927060051, 'generation': 464}","{'id': 20505, 'rank': 13, 'fitness': 0.10276289358603202, 'generation': 464}","{'id': 20500, 'rank': 14, 'fitness': 0.09066863858824742, 'generation': 464}","{'id': 20519, 'rank': 15, 'fitness': 0.08343018254097473, 'generation': 464}","{'id': 20496, 'rank': 16, 'fitness': 0.07434032783857847, 'generation': 464}","{'id': 20534, 'rank': 17, 'fitness': 0.07041170468098096, 'generation': 464}","{'id': 20504, 'rank': 18, 'fitness': 0.05131988199773346, 'generation': 464}","{'id': 20523, 'rank': 19, 'fitness': 0.05095383861037306, 'generation': 464}","{'id': 20510, 'rank': 20, 'fitness': 0.04960577058407695, 'generation': 464}","{'id': 20485, 'rank': 21, 'fitness': 0.049494346796292166, 'generation': 464}","{'id': 20494, 'rank': 22, 'fitness': 0.04422607785264687, 'generation': 464}","{'id': 20524, 'rank': 23, 'fitness': 0.04407740422355272, 'generation': 464}","{'id': 20532, 'rank': 24, 'fitness': 0.04233120156375225, 'generation': 464}","{'id': 20489, 'rank': 25, 'fitness': 0.034643990921220724, 'generation': 464}","{'id': 20513, 'rank': 26, 'fitness': 0.03170822810319851, 'generation': 464}","{'id': 20503, 'rank': 27, 'fitness': 0.028428764271820617, 'generation': 464}","{'id': 20515, 'rank': 28, 'fitness': 0.0274255920592007, 'generation': 464}","{'id': 20507, 'rank': 29, 'fitness': 0.02508718934143206, 'generation': 464}","{'id': 20518, 'rank': 30, 'fitness': 0.01798620996209155, 'generation': 464}"
"{'id': 20565, 'rank': 1, 'fitness': 0.9820137900379085, 'generation': 465}","{'id': 20554, 'rank': 2, 'fitness': 0.976413937065091, 'generation': 465}","{'id': 20543, 'rank': 3, 'fitness': 0.9489932326776691, 'generation': 465}","{'id': 20569, 'rank': 4, 'fitness': 0.9474479380113716, 'generation': 465}","{'id': 20559, 'rank': 5, 'fitness': 0.9419956995280395, 'generation': 465}","{'id': 20568, 'rank': 6, 'fitness': 0.8967588427293581, 'generation': 465}","{'id': 20555, 'rank': 7, 'fitness': 0.839622966623682, 'generation': 465}","{'id': 20551, 'rank': 8, 'fitness': 0.8378205300757218, 'generation': 465}","{'id': 20557, 'rank': 9, 'fitness': 0.8151123931661666, 'generation': 465}","{'id': 20566, 'rank': 10, 'fitness': 0.7349967907506596, 'generation': 465}","{'id': 20562, 'rank': 11, 'fitness': 0.7116799735005889, 'generation': 465}","{'id': 20564, 'rank': 12, 'fitness': 0.7093879668204308, 'generation': 465}","{'id': 20549, 'rank': 13, 'fitness': 0.7075271150887671, 'generation': 465}","{'id': 20556, 'rank': 14, 'fitness': 0.6708153728620192, 'generation': 465}","{'id': 20571, 'rank': 15, 'fitness': 0.6580328702262769, 'generation': 465}","{'id': 20541, 'rank': 16, 'fitness': 0.5506775328782567, 'generation': 465}","{'id': 20545, 'rank': 17, 'fitness': 0.49301411063530004, 'generation': 465}","{'id': 20552, 'rank': 18, 'fitness': 0.33684553436811904, 'generation': 465}","{'id': 20558, 'rank': 19, 'fitness': 0.27201272459853637, 'generation': 465}","{'id': 20561, 'rank': 20, 'fitness': 0.22983694130657917, 'generation': 465}","{'id': 20560, 'rank': 21, 'fitness': 0.18614179909470085, 'generation': 465}","{'id': 20567, 'rank': 22, 'fitness': 0.17234719035429585, 'generation': 465}","{'id': 20546, 'rank': 23, 'fitness': 0.13517581456515676, 'generation': 465}","{'id': 20536, 'rank': 24, 'fitness': 0.08088349255774768, 'generation': 465}","{'id': 20570, 'rank': 25, 'fitness': 0.06324291202775778, 'generation': 465}","{'id': 20538, 'rank': 26, 'fitness': 0.05429197077826059, 'generation': 465}","{'id': 20544, 'rank': 27, 'fitness': 0.051090951500372905, 'generation': 465}","{'id': 20553, 'rank': 28, 'fitness': 0.03539357472169158, 'generation': 465}","{'id': 20550, 'rank': 29, 'fitness': 0.024797150855079164, 'generation': 465}","{'id': 20563, 'rank': 30, 'fitness': 0.01798620996209155, 'generation': 465}"
"{'id': 20627, 'rank': 1, 'fitness': 0.9820137900379085, 'generation': 466}","{'id': 20586, 'rank': 2, 'fitness': 0.9598335777590491, 'generation': 466}","{'id': 20576, 'rank': 3, 'fitness': 0.9431604260982911, 'generation': 466}","{'id': 20624, 'rank': 4, 'fitness': 0.9215266167309754, 'generation': 466}","{'id': 20629, 'rank': 5, 'fitness': 0.8866324500926313, 'generation': 466}","{'id': 20616, 'rank': 6, 'fitness': 0.8613549423657896, 'generation': 466}","{'id': 20623, 'rank': 7, 'fitness': 0.8402561403767701, 'generation': 466}","{'id': 20630, 'rank': 8, 'fitness': 0.6730505525739942, 'generation': 466}","{'id': 20619, 'rank': 9, 'fitness': 0.6481742757743634, 'generation': 466}","{'id': 20626, 'rank': 10, 'fitness': 0.5451217662442811, 'generation': 466}","{'id': 20631, 'rank': 11, 'fitness': 0.5235426256213889, 'generation': 466}","{'id': 20617, 'rank': 12, 'fitness': 0.4476479211395847, 'generation': 466}","{'id': 20614, 'rank': 13, 'fitness': 0.4044354777100814, 'generation': 466}","{'id': 20625, 'rank': 14, 'fitness': 0.34555284973346473, 'generation': 466}","{'id': 20610, 'rank': 15, 'fitness': 0.28318401771973745, 'generation': 466}","{'id': 20611, 'rank': 16, 'fitness': 0.21404218764004057, 'generation': 466}","{'id': 20622, 'rank': 17, 'fitness': 0.1963068120347632, 'generation': 466}","{'id': 20621, 'rank': 18, 'fitness': 0.12702426098083375, 'generation': 466}","{'id': 20604, 'rank': 19, 'fitness': 0.11462798222051579, 'generation': 466}","{'id': 20596, 'rank': 20, 'fitness': 0.09743662676044773, 'generation': 466}","{'id': 20573, 'rank': 21, 'fitness': 0.0970918456222209, 'generation': 466}","{'id': 20612, 'rank': 22, 'fitness': 0.08509068452277946, 'generation': 466}","{'id': 20628, 'rank': 23, 'fitness': 0.07607186921362075, 'generation': 466}","{'id': 20594, 'rank': 24, 'fitness': 0.07319243756602767, 'generation': 466}","{'id': 20606, 'rank': 25, 'fitness': 0.06032127108968366, 'generation': 466}","{'id': 20607, 'rank': 26, 'fitness': 0.059283875833175015, 'generation': 466}","{'id': 20575, 'rank': 27, 'fitness': 0.02988552775224751, 'generation': 466}","{'id': 20618, 'rank': 28, 'fitness': 0.020945585308722814, 'generation': 466}","{'id': 20591, 'rank': 29, 'fitness': 0.01877112955889676, 'generation': 466}","{'id': 20608, 'rank': 30, 'fitness': 0.01798620996209155, 'generation': 466}"
"{'id': 20679, 'rank': 1, 'fitness': 0.9820137900379085, 'generation': 467}","{'id': 20682, 'rank': 2, 'fitness': 0.9613908861236395, 'generation': 467}","{'id': 20681, 'rank': 3, 'fitness': 0.9398466325550008, 'generation': 467}","{'id': 20643, 'rank': 4, 'fitness': 0.9310926495343084, 'generation': 467}","{'id': 20661, 'rank': 5, 'fitness': 0.9238542187061642, 'generation': 467}","{'id': 20678, 'rank': 6, 'fitness': 0.8979228994463293, 'generation': 467}","{'id': 20675, 'rank': 7, 'fitness': 0.8870945065127975, 'generation': 467}","{'id': 20668, 'rank': 8, 'fitness': 0.8860567687200952, 'generation': 467}","{'id': 20680, 'rank': 9, 'fitness': 0.7791450699060505, 'generation': 467}","{'id': 20642, 'rank': 10, 'fitness': 0.632570566777524, 'generation': 467}","{'id': 20670, 'rank': 11, 'fitness': 0.6014763184229839, 'generation': 467}","{'id': 20671, 'rank': 12, 'fitness': 0.44470158506187757, 'generation': 467}","{'id': 20673, 'rank': 13, 'fitness': 0.41840214356583977, 'generation': 467}","{'id': 20667, 'rank': 14, 'fitness': 0.3552460936497792, 'generation': 467}","{'id': 20672, 'rank': 15, 'fitness': 0.2786821696962082, 'generation': 467}","{'id': 20676, 'rank': 16, 'fitness': 0.2557809379235333, 'generation': 467}","{'id': 20677, 'rank': 17, 'fitness': 0.22196253718744713, 'generation': 467}","{'id': 20638, 'rank': 18, 'fitness': 0.1331651230667713, 'generation': 467}","{'id': 20647, 'rank': 19, 'fitness': 0.09394874849224716, 'generation': 467}","{'id': 20662, 'rank': 20, 'fitness': 0.061946383871656796, 'generation': 467}","{'id': 20644, 'rank': 21, 'fitness': 0.05423363740600462, 'generation': 467}","{'id': 20658, 'rank': 22, 'fitness': 0.05341483601110142, 'generation': 467}","{'id': 20649, 'rank': 23, 'fitness': 0.050736650371243586, 'generation': 467}","{'id': 20683, 'rank': 24, 'fitness': 0.04677771674160364, 'generation': 467}","{'id': 20669, 'rank': 25, 'fitness': 0.03282390056385509, 'generation': 467}","{'id': 20633, 'rank': 26, 'fitness': 0.03150523170442032, 'generation': 467}","{'id': 20663, 'rank': 27, 'fitness': 0.029417357957645773, 'generation': 467}","{'id': 20660, 'rank': 28, 'fitness': 0.020697862888204077, 'generation': 467}","{'id': 20652, 'rank': 29, 'fitness': 0.01906241708222367, 'generation': 467}","{'id': 20674, 'rank': 30, 'fitness': 0.01798620996209155, 'generation': 467}"
"{'id': 20720, 'rank': 1, 'fitness': 0.9820137900379085, 'generation': 468}","{'id': 20722, 'rank': 2, 'fitness': 0.9688924293654336, 'generation': 468}","{'id': 20712, 'rank': 3, 'fitness': 0.9335782563747985, 'generation': 468}","{'id': 20719, 'rank': 4, 'fitness': 0.6934392406262743, 'generation': 468}","{'id': 20708, 'rank': 5, 'fitness': 0.6318003076836377, 'generation': 468}","{'id': 20711, 'rank': 6, 'fitness': 0.2612804866666537, 'generation': 468}","{'id': 20728, 'rank': 7, 'fitness': 0.24089887238547175, 'generation': 468}","{'id': 20713, 'rank': 8, 'fitness': 0.21193432134293477, 'generation': 468}","{'id': 20723, 'rank': 9, 'fitness': 0.1937475801745549, 'generation': 468}","{'id': 20721, 'rank': 10, 'fitness': 0.15194175351084205, 'generation': 468}","{'id': 20702, 'rank': 11, 'fitness': 0.11628343750207981, 'generation': 468}","{'id': 20724, 'rank': 12, 'fitness': 0.10427362595930145, 'generation': 468}","{'id': 20726, 'rank': 13, 'fitness': 0.09361034311663907, 'generation': 468}","{'id': 20710, 'rank': 14, 'fitness': 0.045156341058293914, 'generation': 468}","{'id': 20698, 'rank': 15, 'fitness': 0.04468453333687855, 'generation': 468}","{'id': 20696, 'rank': 16, 'fitness': 0.04359122217586514, 'generation': 468}","{'id': 20688, 'rank': 17, 'fitness': 0.0411789104437662, 'generation': 468}","{'id': 20690, 'rank': 18, 'fitness': 0.039500000976420147, 'generation': 468}","{'id': 20729, 'rank': 19, 'fitness': 0.03922097119484652, 'generation': 468}","{'id': 20707, 'rank': 20, 'fitness': 0.03893835493820308, 'generation': 468}","{'id': 20697, 'rank': 21, 'fitness': 0.03559199737620583, 'generation': 468}","{'id': 20699, 'rank': 22, 'fitness': 0.032362804512592436, 'generation': 468}","{'id': 20686, 'rank': 23, 'fitness': 0.03151286365341077, 'generation': 468}","{'id': 20716, 'rank': 24, 'fitness': 0.030027875529838988, 'generation': 468}","{'id': 20687, 'rank': 25, 'fitness': 0.02873365909755543, 'generation': 468}","{'id': 20727, 'rank': 26, 'fitness': 0.027965761053666716, 'generation': 468}","{'id': 20703, 'rank': 27, 'fitness': 0.026858024321419982, 'generation': 468}","{'id': 20715, 'rank': 28, 'fitness': 0.024911990014742647, 'generation': 468}","{'id': 20689, 'rank': 29, 'fitness': 0.01837809185995576, 'generation': 468}","{'id': 20718, 'rank': 30, 'fitness': 0.01798620996209155, 'generation': 468}"
"{'id': 20758, 'rank': 1, 'fitness': 0.9820137900379085, 'generation': 469}","{'id': 20732, 'rank': 2, 'fitness': 0.8705680571651578, 'generation': 469}","{'id': 20763, 'rank': 3, 'fitness': 0.7185244265310339, 'generation': 469}","{'id': 20743, 'rank': 4, 'fitness': 0.6563552372098812, 'generation': 469}","{'id': 20754, 'rank': 5, 'fitness': 0.6342836462495435, 'generation': 469}","{'id': 20757, 'rank': 6, 'fitness': 0.6038372193867442, 'generation': 469}","{'id': 20767, 'rank': 7, 'fitness': 0.5468576518318031, 'generation': 469}","{'id': 20762, 'rank': 8, 'fitness': 0.4940332230576615, 'generation': 469}","{'id': 20764, 'rank': 9, 'fitness': 0.28121238260805004, 'generation': 469}","{'id': 20753, 'rank': 10, 'fitness': 0.26785933753509883, 'generation': 469}","{'id': 20736, 'rank': 11, 'fitness': 0.2475240512889496, 'generation': 469}","{'id': 20742, 'rank': 12, 'fitness': 0.24294483409932283, 'generation': 469}","{'id': 20756, 'rank': 13, 'fitness': 0.21906769167863005, 'generation': 469}","{'id': 20740, 'rank': 14, 'fitness': 0.14852602496490375, 'generation': 469}","{'id': 20731, 'rank': 15, 'fitness': 0.09890481535364642, 'generation': 469}","{'id': 20751, 'rank': 16, 'fitness': 0.0802315386166978, 'generation': 469}","{'id': 20766, 'rank': 17, 'fitness': 0.07945824892728964, 'generation': 469}","{'id': 20741, 'rank': 18, 'fitness': 0.05437059327715543, 'generation': 469}","{'id': 20733, 'rank': 19, 'fitness': 0.05144572416325721, 'generation': 469}","{'id': 20745, 'rank': 20, 'fitness': 0.050019368167297185, 'generation': 469}","{'id': 20749, 'rank': 21, 'fitness': 0.04798941761569797, 'generation': 469}","{'id': 20750, 'rank': 22, 'fitness': 0.047440747882180334, 'generation': 469}","{'id': 20744, 'rank': 23, 'fitness': 0.03543709574998477, 'generation': 469}","{'id': 20748, 'rank': 24, 'fitness': 0.027158795859345275, 'generation': 469}","{'id': 20739, 'rank': 25, 'fitness': 0.025039173207452525, 'generation': 469}","{'id': 20755, 'rank': 26, 'fitness': 0.023405607379571647, 'generation': 469}","{'id': 20765, 'rank': 27, 'fitness': 0.022029547920119463, 'generation': 469}","{'id': 20737, 'rank': 28, 'fitness': 0.020182204339199483, 'generation': 469}","{'id': 20752, 'rank': 29, 'fitness': 0.019203671021889912, 'generation': 469}","{'id': 20759, 'rank': 30, 'fitness': 0.01798620996209155, 'generation': 469}"
"{'id': 20803, 'rank': 1, 'fitness': 0.9820137900379085, 'generation': 470}","{'id': 20789, 'rank': 2, 'fitness': 0.9728789817784932, 'generation': 470}","{'id': 20794, 'rank': 3, 'fitness': 0.9613253690313848, 'generation': 470}","{'id': 20800, 'rank': 4, 'fitness': 0.9441566763826197, 'generation': 470}","{'id': 20775, 'rank': 5, 'fitness': 0.7584671901202666, 'generation': 470}","{'id': 20798, 'rank': 6, 'fitness': 0.7390941803837, 'generation': 470}","{'id': 20784, 'rank': 7, 'fitness': 0.6282168437391475, 'generation': 470}","{'id': 20802, 'rank': 8, 'fitness': 0.6128077760496897, 'generation': 470}","{'id': 20786, 'rank': 9, 'fitness': 0.5133413703451285, 'generation': 470}","{'id': 20793, 'rank': 10, 'fitness': 0.5115237675782368, 'generation': 470}","{'id': 20787, 'rank': 11, 'fitness': 0.4534441173044052, 'generation': 470}","{'id': 20788, 'rank': 12, 'fitness': 0.44193767244898874, 'generation': 470}","{'id': 20792, 'rank': 13, 'fitness': 0.328344607483681, 'generation': 470}","{'id': 20780, 'rank': 14, 'fitness': 0.32544781113929744, 'generation': 470}","{'id': 20795, 'rank': 15, 'fitness': 0.278468288551048, 'generation': 470}","{'id': 20791, 'rank': 16, 'fitness': 0.2745438563642091, 'generation': 470}","{'id': 20785, 'rank': 17, 'fitness': 0.2667199986977318, 'generation': 470}","{'id': 20770, 'rank': 18, 'fitness': 0.25896630855199476, 'generation': 470}","{'id': 20790, 'rank': 19, 'fitness': 0.24286860243290048, 'generation': 470}","{'id': 20777, 'rank': 20, 'fitness': 0.24270111208606138, 'generation': 470}","{'id': 20779, 'rank': 21, 'fitness': 0.16837300847525882, 'generation': 470}","{'id': 20782, 'rank': 22, 'fitness': 0.15781463006033308, 'generation': 470}","{'id': 20781, 'rank': 23, 'fitness': 0.12895010800530893, 'generation': 470}","{'id': 20783, 'rank': 24, 'fitness': 0.12132430173492281, 'generation': 470}","{'id': 20799, 'rank': 25, 'fitness': 0.10296470542673569, 'generation': 470}","{'id': 20776, 'rank': 26, 'fitness': 0.10223142776248528, 'generation': 470}","{'id': 20796, 'rank': 27, 'fitness': 0.07270268202669816, 'generation': 470}","{'id': 20774, 'rank': 28, 'fitness': 0.05988824170252732, 'generation': 470}","{'id': 20771, 'rank': 29, 'fitness': 0.020184864848867556, 'generation': 470}","{'id': 20801, 'rank': 30, 'fitness': 0.01798620996209155, 'generation': 470}"
"{'id': 20848, 'rank': 1, 'fitness': 0.9820137900379085, 'generation': 471}","{'id': 20833, 'rank': 2, 'fitness': 0.9400747156719254, 'generation': 471}","{'id': 20838, 'rank': 3, 'fitness': 0.8712862085531183, 'generation': 471}","{'id': 20846, 'rank': 4, 'fitness': 0.7716027183566367, 'generation': 471}","{'id': 20841, 'rank': 5, 'fitness': 0.7404805701064838, 'generation': 471}","{'id': 20836, 'rank': 6, 'fitness': 0.6709831020871098, 'generation': 471}","{'id': 20821, 'rank': 7, 'fitness': 0.6690525477235463, 'generation': 471}","{'id': 20840, 'rank': 8, 'fitness': 0.6467221421537923, 'generation': 471}","{'id': 20820, 'rank': 9, 'fitness': 0.5214388445859486, 'generation': 471}","{'id': 20839, 'rank': 10, 'fitness': 0.42896627148178146, 'generation': 471}","{'id': 20847, 'rank': 11, 'fitness': 0.42432152008604046, 'generation': 471}","{'id': 20831, 'rank': 12, 'fitness': 0.3975909669686838, 'generation': 471}","{'id': 20823, 'rank': 13, 'fitness': 0.30834240808349644, 'generation': 471}","{'id': 20837, 'rank': 14, 'fitness': 0.28580094628685787, 'generation': 471}","{'id': 20814, 'rank': 15, 'fitness': 0.2725460316301297, 'generation': 471}","{'id': 20826, 'rank': 16, 'fitness': 0.18645830610568198, 'generation': 471}","{'id': 20829, 'rank': 17, 'fitness': 0.15538194183217652, 'generation': 471}","{'id': 20843, 'rank': 18, 'fitness': 0.13193686095732005, 'generation': 471}","{'id': 20807, 'rank': 19, 'fitness': 0.1073130892301869, 'generation': 471}","{'id': 20834, 'rank': 20, 'fitness': 0.10522905150337125, 'generation': 471}","{'id': 20825, 'rank': 21, 'fitness': 0.07628368053431367, 'generation': 471}","{'id': 20844, 'rank': 22, 'fitness': 0.07017028258724228, 'generation': 471}","{'id': 20832, 'rank': 23, 'fitness': 0.05858264491789189, 'generation': 471}","{'id': 20815, 'rank': 24, 'fitness': 0.03979062364767444, 'generation': 471}","{'id': 20819, 'rank': 25, 'fitness': 0.034854998538785986, 'generation': 471}","{'id': 20808, 'rank': 26, 'fitness': 0.02769162071758008, 'generation': 471}","{'id': 20835, 'rank': 27, 'fitness': 0.02364344269897445, 'generation': 471}","{'id': 20816, 'rank': 28, 'fitness': 0.019073319339862838, 'generation': 471}","{'id': 20817, 'rank': 29, 'fitness': 0.018387532827992603, 'generation': 471}","{'id': 20811, 'rank': 30, 'fitness': 0.01798620996209155, 'generation': 471}"
"{'id': 20884, 'rank': 1, 'fitness': 0.9820137900379085, 'generation': 472}","{'id': 20886, 'rank': 2, 'fitness': 0.9322635121713635, 'generation': 472}","{'id': 20876, 'rank': 3, 'fitness': 0.872313432849446, 'generation': 472}","{'id': 20880, 'rank': 4, 'fitness': 0.8586194927772647, 'generation': 472}","{'id': 20883, 'rank': 5, 'fitness': 0.793019401477254, 'generation': 472}","{'id': 20870, 'rank': 6, 'fitness': 0.7369794209902274, 'generation': 472}","{'id': 20866, 'rank': 7, 'fitness': 0.6991705274458115, 'generation': 472}","{'id': 20874, 'rank': 8, 'fitness': 0.6808085356011495, 'generation': 472}","{'id': 20881, 'rank': 9, 'fitness': 0.679653282542427, 'generation': 472}","{'id': 20885, 'rank': 10, 'fitness': 0.6271437781355169, 'generation': 472}","{'id': 20877, 'rank': 11, 'fitness': 0.540365129367975, 'generation': 472}","{'id': 20888, 'rank': 12, 'fitness': 0.4589022533852263, 'generation': 472}","{'id': 20856, 'rank': 13, 'fitness': 0.24041779309132716, 'generation': 472}","{'id': 20869, 'rank': 14, 'fitness': 0.23842916573108724, 'generation': 472}","{'id': 20887, 'rank': 15, 'fitness': 0.2094572953837106, 'generation': 472}","{'id': 20875, 'rank': 16, 'fitness': 0.19372757116973832, 'generation': 472}","{'id': 20858, 'rank': 17, 'fitness': 0.18638734954099534, 'generation': 472}","{'id': 20865, 'rank': 18, 'fitness': 0.10467208793267646, 'generation': 472}","{'id': 20878, 'rank': 19, 'fitness': 0.09974590902832042, 'generation': 472}","{'id': 20855, 'rank': 20, 'fitness': 0.07254235273599602, 'generation': 472}","{'id': 20851, 'rank': 21, 'fitness': 0.07162895745246922, 'generation': 472}","{'id': 20879, 'rank': 22, 'fitness': 0.056538599508347276, 'generation': 472}","{'id': 20868, 'rank': 23, 'fitness': 0.056475424498654114, 'generation': 472}","{'id': 20853, 'rank': 24, 'fitness': 0.041392244139807854, 'generation': 472}","{'id': 20862, 'rank': 25, 'fitness': 0.03375321276197535, 'generation': 472}","{'id': 20864, 'rank': 26, 'fitness': 0.032959682274747104, 'generation': 472}","{'id': 20882, 'rank': 27, 'fitness': 0.031801072508788664, 'generation': 472}","{'id': 20873, 'rank': 28, 'fitness': 0.026297768262377896, 'generation': 472}","{'id': 20863, 'rank': 29, 'fitness': 0.022122956580186592, 'generation': 472}","{'id': 20867, 'rank': 30, 'fitness': 0.01798620996209155, 'generation': 472}"
"{'id': 20927, 'rank': 1, 'fitness': 0.9820137900379085, 'generation': 473}","{'id': 20931, 'rank': 2, 'fitness': 0.9752818893967274, 'generation': 473}","{'id': 20922, 'rank': 3, 'fitness': 0.9575336833677387, 'generation': 473}","{'id': 20934, 'rank': 4, 'fitness': 0.8806424393236766, 'generation': 473}","{'id': 20926, 'rank': 5, 'fitness': 0.8362512808245193, 'generation': 473}","{'id': 20917, 'rank': 6, 'fitness': 0.7837646647125849, 'generation': 473}","{'id': 20911, 'rank': 7, 'fitness': 0.7209567084276336, 'generation': 473}","{'id': 20915, 'rank': 8, 'fitness': 0.5832111953303346, 'generation': 473}","{'id': 20925, 'rank': 9, 'fitness': 0.5202873573531185, 'generation': 473}","{'id': 20907, 'rank': 10, 'fitness': 0.3392957878690711, 'generation': 473}","{'id': 20893, 'rank': 11, 'fitness': 0.29441990298266774, 'generation': 473}","{'id': 20921, 'rank': 12, 'fitness': 0.2553528356314594, 'generation': 473}","{'id': 20918, 'rank': 13, 'fitness': 0.24821106826635897, 'generation': 473}","{'id': 20930, 'rank': 14, 'fitness': 0.23805207219485192, 'generation': 473}","{'id': 20890, 'rank': 15, 'fitness': 0.2023380502869963, 'generation': 473}","{'id': 20891, 'rank': 16, 'fitness': 0.19899847015190697, 'generation': 473}","{'id': 20913, 'rank': 17, 'fitness': 0.15249159336403317, 'generation': 473}","{'id': 20928, 'rank': 18, 'fitness': 0.14217303346458798, 'generation': 473}","{'id': 20896, 'rank': 19, 'fitness': 0.13797076818224768, 'generation': 473}","{'id': 20933, 'rank': 20, 'fitness': 0.11686320995407329, 'generation': 473}","{'id': 20889, 'rank': 21, 'fitness': 0.1034405879373334, 'generation': 473}","{'id': 20909, 'rank': 22, 'fitness': 0.07502484797233921, 'generation': 473}","{'id': 20916, 'rank': 23, 'fitness': 0.07081944527882567, 'generation': 473}","{'id': 20912, 'rank': 24, 'fitness': 0.044291632310843876, 'generation': 473}","{'id': 20920, 'rank': 25, 'fitness': 0.03360701900841273, 'generation': 473}","{'id': 20902, 'rank': 26, 'fitness': 0.03113559722602366, 'generation': 473}","{'id': 20895, 'rank': 27, 'fitness': 0.02759742614491717, 'generation': 473}","{'id': 20919, 'rank': 28, 'fitness': 0.02577733800530907, 'generation': 473}","{'id': 20924, 'rank': 29, 'fitness': 0.01844747033059657, 'generation': 473}","{'id': 20900, 'rank': 30, 'fitness': 0.01798620996209155, 'generation': 473}"
"{'id': 20981, 'rank': 1, 'fitness': 0.9820137900379085, 'generation': 474}","{'id': 20974, 'rank': 2, 'fitness': 0.4886748337393198, 'generation': 474}","{'id': 20983, 'rank': 3, 'fitness': 0.26479275340584824, 'generation': 474}","{'id': 20968, 'rank': 4, 'fitness': 0.16521179084988052, 'generation': 474}","{'id': 20969, 'rank': 5, 'fitness': 0.1583973576190007, 'generation': 474}","{'id': 20958, 'rank': 6, 'fitness': 0.1569173368931568, 'generation': 474}","{'id': 20982, 'rank': 7, 'fitness': 0.14646412356532745, 'generation': 474}","{'id': 20948, 'rank': 8, 'fitness': 0.07243744004996466, 'generation': 474}","{'id': 20965, 'rank': 9, 'fitness': 0.06727106464678739, 'generation': 474}","{'id': 20972, 'rank': 10, 'fitness': 0.060284549902291484, 'generation': 474}","{'id': 20963, 'rank': 11, 'fitness': 0.05918861244359991, 'generation': 474}","{'id': 20945, 'rank': 12, 'fitness': 0.0580527370395833, 'generation': 474}","{'id': 20937, 'rank': 13, 'fitness': 0.05182758449047559, 'generation': 474}","{'id': 20952, 'rank': 14, 'fitness': 0.050952401192752406, 'generation': 474}","{'id': 20950, 'rank': 15, 'fitness': 0.04601745471234342, 'generation': 474}","{'id': 20984, 'rank': 16, 'fitness': 0.04447568770715371, 'generation': 474}","{'id': 20935, 'rank': 17, 'fitness': 0.041734310049814594, 'generation': 474}","{'id': 20971, 'rank': 18, 'fitness': 0.03916554457150179, 'generation': 474}","{'id': 20939, 'rank': 19, 'fitness': 0.0390923040288077, 'generation': 474}","{'id': 20977, 'rank': 20, 'fitness': 0.037063005270269844, 'generation': 474}","{'id': 20970, 'rank': 21, 'fitness': 0.035938694391446924, 'generation': 474}","{'id': 20973, 'rank': 22, 'fitness': 0.03328866250533036, 'generation': 474}","{'id': 20976, 'rank': 23, 'fitness': 0.03183472984406044, 'generation': 474}","{'id': 20980, 'rank': 24, 'fitness': 0.028137963409488487, 'generation': 474}","{'id': 20979, 'rank': 25, 'fitness': 0.0265379152062461, 'generation': 474}","{'id': 20960, 'rank': 26, 'fitness': 0.026255035202764343, 'generation': 474}","{'id': 20946, 'rank': 27, 'fitness': 0.02283223832978737, 'generation': 474}","{'id': 20944, 'rank': 28, 'fitness': 0.02173746484951894, 'generation': 474}","{'id': 20955, 'rank': 29, 'fitness': 0.018128756322819906, 'generation': 474}","{'id': 20961, 'rank': 30, 'fitness': 0.01798620996209155, 'generation': 474}"
"{'id': 21012, 'rank': 1, 'fitness': 0.9820137900379085, 'generation': 475}","{'id': 20997, 'rank': 2, 'fitness': 0.977643407957485, 'generation': 475}","{'id': 21009, 'rank': 3, 'fitness': 0.9691883425477001, 'generation': 475}","{'id': 20985, 'rank': 4, 'fitness': 0.9516713549444632, 'generation': 475}","{'id': 21014, 'rank': 5, 'fitness': 0.9486595046024269, 'generation': 475}","{'id': 21018, 'rank': 6, 'fitness': 0.9454764891098273, 'generation': 475}","{'id': 20994, 'rank': 7, 'fitness': 0.911467103030715, 'generation': 475}","{'id': 21003, 'rank': 8, 'fitness': 0.8970771265257318, 'generation': 475}","{'id': 20989, 'rank': 9, 'fitness': 0.8336465710599015, 'generation': 475}","{'id': 21019, 'rank': 10, 'fitness': 0.7787784400684725, 'generation': 475}","{'id': 21016, 'rank': 11, 'fitness': 0.7769050157376598, 'generation': 475}","{'id': 21006, 'rank': 12, 'fitness': 0.7599468124978933, 'generation': 475}","{'id': 21001, 'rank': 13, 'fitness': 0.758515446455554, 'generation': 475}","{'id': 21005, 'rank': 14, 'fitness': 0.7101726299464397, 'generation': 475}","{'id': 21010, 'rank': 15, 'fitness': 0.7006374130535331, 'generation': 475}","{'id': 20991, 'rank': 16, 'fitness': 0.672406887399936, 'generation': 475}","{'id': 21002, 'rank': 17, 'fitness': 0.6587729525513926, 'generation': 475}","{'id': 20987, 'rank': 18, 'fitness': 0.6076377896503513, 'generation': 475}","{'id': 21008, 'rank': 19, 'fitness': 0.5835262823968136, 'generation': 475}","{'id': 21013, 'rank': 20, 'fitness': 0.5582952377225132, 'generation': 475}","{'id': 21011, 'rank': 21, 'fitness': 0.5420544063082064, 'generation': 475}","{'id': 21007, 'rank': 22, 'fitness': 0.13466115841726195, 'generation': 475}","{'id': 20986, 'rank': 23, 'fitness': 0.1282598142428919, 'generation': 475}","{'id': 21015, 'rank': 24, 'fitness': 0.09718085749857597, 'generation': 475}","{'id': 20996, 'rank': 25, 'fitness': 0.06590921313887999, 'generation': 475}","{'id': 20992, 'rank': 26, 'fitness': 0.06001118127278826, 'generation': 475}","{'id': 20999, 'rank': 27, 'fitness': 0.028964972256746047, 'generation': 475}","{'id': 21004, 'rank': 28, 'fitness': 0.02753469279778048, 'generation': 475}","{'id': 20998, 'rank': 29, 'fitness': 0.019071773185721175, 'generation': 475}","{'id': 21017, 'rank': 30, 'fitness': 0.01798620996209155, 'generation': 475}"
"{'id': 21026, 'rank': 1, 'fitness': 0.9820137900379085, 'generation': 476}","{'id': 21042, 'rank': 2, 'fitness': 0.9216843846051163, 'generation': 476}","{'id': 21075, 'rank': 3, 'fitness': 0.7669833326145696, 'generation': 476}","{'id': 21063, 'rank': 4, 'fitness': 0.7082393891386102, 'generation': 476}","{'id': 21047, 'rank': 5, 'fitness': 0.46182779083057185, 'generation': 476}","{'id': 21071, 'rank': 6, 'fitness': 0.44771314582320476, 'generation': 476}","{'id': 21046, 'rank': 7, 'fitness': 0.3929874992194818, 'generation': 476}","{'id': 21064, 'rank': 8, 'fitness': 0.3405302935579796, 'generation': 476}","{'id': 21044, 'rank': 9, 'fitness': 0.27626680669417486, 'generation': 476}","{'id': 21022, 'rank': 10, 'fitness': 0.25072171066982096, 'generation': 476}","{'id': 21043, 'rank': 11, 'fitness': 0.2415108787775851, 'generation': 476}","{'id': 21054, 'rank': 12, 'fitness': 0.22879369245897835, 'generation': 476}","{'id': 21078, 'rank': 13, 'fitness': 0.21472156734906045, 'generation': 476}","{'id': 21072, 'rank': 14, 'fitness': 0.2079033894085336, 'generation': 476}","{'id': 21079, 'rank': 15, 'fitness': 0.15131658363924072, 'generation': 476}","{'id': 21034, 'rank': 16, 'fitness': 0.1285749987806002, 'generation': 476}","{'id': 21074, 'rank': 17, 'fitness': 0.11697680451767462, 'generation': 476}","{'id': 21068, 'rank': 18, 'fitness': 0.11303697553659697, 'generation': 476}","{'id': 21041, 'rank': 19, 'fitness': 0.1040872934678258, 'generation': 476}","{'id': 21066, 'rank': 20, 'fitness': 0.08088861190450014, 'generation': 476}","{'id': 21055, 'rank': 21, 'fitness': 0.07795492938079934, 'generation': 476}","{'id': 21073, 'rank': 22, 'fitness': 0.06688211111787962, 'generation': 476}","{'id': 21028, 'rank': 23, 'fitness': 0.054598929496326665, 'generation': 476}","{'id': 21020, 'rank': 24, 'fitness': 0.048750373281482184, 'generation': 476}","{'id': 21060, 'rank': 25, 'fitness': 0.03583889266263163, 'generation': 476}","{'id': 21062, 'rank': 26, 'fitness': 0.03567774274294455, 'generation': 476}","{'id': 21070, 'rank': 27, 'fitness': 0.03195564786228766, 'generation': 476}","{'id': 21053, 'rank': 28, 'fitness': 0.025890295925311058, 'generation': 476}","{'id': 21067, 'rank': 29, 'fitness': 0.023100206795616973, 'generation': 476}","{'id': 21076, 'rank': 30, 'fitness': 0.01798620996209155, 'generation': 476}"
"{'id': 21118, 'rank': 1, 'fitness': 0.9820137900379085, 'generation': 477}","{'id': 21113, 'rank': 2, 'fitness': 0.9294754860823058, 'generation': 477}","{'id': 21114, 'rank': 3, 'fitness': 0.9163040569428362, 'generation': 477}","{'id': 21089, 'rank': 4, 'fitness': 0.759173842256117, 'generation': 477}","{'id': 21110, 'rank': 5, 'fitness': 0.7394672854461246, 'generation': 477}","{'id': 21100, 'rank': 6, 'fitness': 0.7274304795005982, 'generation': 477}","{'id': 21082, 'rank': 7, 'fitness': 0.725392024048266, 'generation': 477}","{'id': 21102, 'rank': 8, 'fitness': 0.7212521406940573, 'generation': 477}","{'id': 21096, 'rank': 9, 'fitness': 0.7061389686584972, 'generation': 477}","{'id': 21106, 'rank': 10, 'fitness': 0.6972061184406833, 'generation': 477}","{'id': 21116, 'rank': 11, 'fitness': 0.6832797697329106, 'generation': 477}","{'id': 21108, 'rank': 12, 'fitness': 0.6219580067259818, 'generation': 477}","{'id': 21099, 'rank': 13, 'fitness': 0.5327654299697522, 'generation': 477}","{'id': 21103, 'rank': 14, 'fitness': 0.5173476494314038, 'generation': 477}","{'id': 21117, 'rank': 15, 'fitness': 0.4069087868703452, 'generation': 477}","{'id': 21098, 'rank': 16, 'fitness': 0.37678172923820047, 'generation': 477}","{'id': 21120, 'rank': 17, 'fitness': 0.33460811396018253, 'generation': 477}","{'id': 21091, 'rank': 18, 'fitness': 0.3149011531296029, 'generation': 477}","{'id': 21081, 'rank': 19, 'fitness': 0.26241533368098036, 'generation': 477}","{'id': 21095, 'rank': 20, 'fitness': 0.2455630418823161, 'generation': 477}","{'id': 21101, 'rank': 21, 'fitness': 0.234894167582469, 'generation': 477}","{'id': 21119, 'rank': 22, 'fitness': 0.22919291991504548, 'generation': 477}","{'id': 21093, 'rank': 23, 'fitness': 0.20756427527059162, 'generation': 477}","{'id': 21115, 'rank': 24, 'fitness': 0.20154352843884438, 'generation': 477}","{'id': 21112, 'rank': 25, 'fitness': 0.10979655259273324, 'generation': 477}","{'id': 21105, 'rank': 26, 'fitness': 0.07989717727588441, 'generation': 477}","{'id': 21084, 'rank': 27, 'fitness': 0.07366994389221743, 'generation': 477}","{'id': 21080, 'rank': 28, 'fitness': 0.06304509354107019, 'generation': 477}","{'id': 21090, 'rank': 29, 'fitness': 0.027398485987031207, 'generation': 477}","{'id': 21085, 'rank': 30, 'fitness': 0.01798620996209155, 'generation': 477}"
"{'id': 21154, 'rank': 1, 'fitness': 0.9820137900379085, 'generation': 478}","{'id': 21145, 'rank': 2, 'fitness': 0.9441704423477982, 'generation': 478}","{'id': 21125, 'rank': 3, 'fitness': 0.7417821686199553, 'generation': 478}","{'id': 21163, 'rank': 4, 'fitness': 0.5284483133820543, 'generation': 478}","{'id': 21135, 'rank': 5, 'fitness': 0.4706585101361076, 'generation': 478}","{'id': 21166, 'rank': 6, 'fitness': 0.4490586786014613, 'generation': 478}","{'id': 21130, 'rank': 7, 'fitness': 0.37639130595893755, 'generation': 478}","{'id': 21156, 'rank': 8, 'fitness': 0.36332863600556864, 'generation': 478}","{'id': 21160, 'rank': 9, 'fitness': 0.36064463466021524, 'generation': 478}","{'id': 21162, 'rank': 10, 'fitness': 0.1728663472682619, 'generation': 478}","{'id': 21126, 'rank': 11, 'fitness': 0.1585106546727415, 'generation': 478}","{'id': 21153, 'rank': 12, 'fitness': 0.1472332488881974, 'generation': 478}","{'id': 21165, 'rank': 13, 'fitness': 0.13183391899849883, 'generation': 478}","{'id': 21150, 'rank': 14, 'fitness': 0.08887630891525339, 'generation': 478}","{'id': 21148, 'rank': 15, 'fitness': 0.07918490002689649, 'generation': 478}","{'id': 21140, 'rank': 16, 'fitness': 0.0768346003199929, 'generation': 478}","{'id': 21157, 'rank': 17, 'fitness': 0.06576071222041852, 'generation': 478}","{'id': 21124, 'rank': 18, 'fitness': 0.05849186134492379, 'generation': 478}","{'id': 21129, 'rank': 19, 'fitness': 0.04803549607273261, 'generation': 478}","{'id': 21143, 'rank': 20, 'fitness': 0.042252284425842, 'generation': 478}","{'id': 21161, 'rank': 21, 'fitness': 0.038813497606929315, 'generation': 478}","{'id': 21155, 'rank': 22, 'fitness': 0.032528042223909426, 'generation': 478}","{'id': 21158, 'rank': 23, 'fitness': 0.027077947156599502, 'generation': 478}","{'id': 21133, 'rank': 24, 'fitness': 0.026260324818578262, 'generation': 478}","{'id': 21152, 'rank': 25, 'fitness': 0.02487216953064425, 'generation': 478}","{'id': 21151, 'rank': 26, 'fitness': 0.023897584500701452, 'generation': 478}","{'id': 21142, 'rank': 27, 'fitness': 0.01911917891690812, 'generation': 478}","{'id': 21139, 'rank': 28, 'fitness': 0.018646153284848643, 'generation': 478}","{'id': 21167, 'rank': 29, 'fitness': 0.018033529604905008, 'generation': 478}","{'id': 21122, 'rank': 30, 'fitness': 0.01798620996209155, 'generation': 478}"
"{'id': 21189, 'rank': 1, 'fitness': 0.9820137900379085, 'generation': 479}","{'id': 21209, 'rank': 2, 'fitness': 0.9790627915612085, 'generation': 479}","{'id': 21197, 'rank': 3, 'fitness': 0.9789549990244452, 'generation': 479}","{'id': 21184, 'rank': 4, 'fitness': 0.978444960989187, 'generation': 479}","{'id': 21195, 'rank': 5, 'fitness': 0.9776511593805631, 'generation': 479}","{'id': 21193, 'rank': 6, 'fitness': 0.9314757558749164, 'generation': 479}","{'id': 21200, 'rank': 7, 'fitness': 0.8994200890675456, 'generation': 479}","{'id': 21202, 'rank': 8, 'fitness': 0.8911125237372692, 'generation': 479}","{'id': 21196, 'rank': 9, 'fitness': 0.44915249437699584, 'generation': 479}","{'id': 21194, 'rank': 10, 'fitness': 0.4250899202582261, 'generation': 479}","{'id': 21198, 'rank': 11, 'fitness': 0.41786755822790894, 'generation': 479}","{'id': 21203, 'rank': 12, 'fitness': 0.38857767542384336, 'generation': 479}","{'id': 21204, 'rank': 13, 'fitness': 0.3417407820693188, 'generation': 479}","{'id': 21199, 'rank': 14, 'fitness': 0.31527468798224983, 'generation': 479}","{'id': 21175, 'rank': 15, 'fitness': 0.20044269219378824, 'generation': 479}","{'id': 21191, 'rank': 16, 'fitness': 0.1899336983662977, 'generation': 479}","{'id': 21180, 'rank': 17, 'fitness': 0.1881546289251944, 'generation': 479}","{'id': 21186, 'rank': 18, 'fitness': 0.17662165812984382, 'generation': 479}","{'id': 21181, 'rank': 19, 'fitness': 0.16324794441903728, 'generation': 479}","{'id': 21183, 'rank': 20, 'fitness': 0.14906033555551157, 'generation': 479}","{'id': 21205, 'rank': 21, 'fitness': 0.1452672147182688, 'generation': 479}","{'id': 21208, 'rank': 22, 'fitness': 0.09744561648763417, 'generation': 479}","{'id': 21185, 'rank': 23, 'fitness': 0.093284588039038, 'generation': 479}","{'id': 21176, 'rank': 24, 'fitness': 0.07703342661175833, 'generation': 479}","{'id': 21182, 'rank': 25, 'fitness': 0.07290098847870424, 'generation': 479}","{'id': 21174, 'rank': 26, 'fitness': 0.05678444784457215, 'generation': 479}","{'id': 21188, 'rank': 27, 'fitness': 0.03288881992492415, 'generation': 479}","{'id': 21207, 'rank': 28, 'fitness': 0.030715391608628462, 'generation': 479}","{'id': 21178, 'rank': 29, 'fitness': 0.028707792749039562, 'generation': 479}","{'id': 21187, 'rank': 30, 'fitness': 0.01798620996209155, 'generation': 479}"
"{'id': 21238, 'rank': 1, 'fitness': 0.9820137900379085, 'generation': 480}","{'id': 21216, 'rank': 2, 'fitness': 0.9579325349324711, 'generation': 480}","{'id': 21242, 'rank': 3, 'fitness': 0.8682366867573134, 'generation': 480}","{'id': 21236, 'rank': 4, 'fitness': 0.7302756663668948, 'generation': 480}","{'id': 21222, 'rank': 5, 'fitness': 0.5307745195034473, 'generation': 480}","{'id': 21248, 'rank': 6, 'fitness': 0.447229141088515, 'generation': 480}","{'id': 21249, 'rank': 7, 'fitness': 0.4425615705953089, 'generation': 480}","{'id': 21245, 'rank': 8, 'fitness': 0.41435015929690555, 'generation': 480}","{'id': 21247, 'rank': 9, 'fitness': 0.38214487770459976, 'generation': 480}","{'id': 21246, 'rank': 10, 'fitness': 0.3545297503858259, 'generation': 480}","{'id': 21230, 'rank': 11, 'fitness': 0.34401558875239424, 'generation': 480}","{'id': 21217, 'rank': 12, 'fitness': 0.22887832789647367, 'generation': 480}","{'id': 21213, 'rank': 13, 'fitness': 0.1968166205186923, 'generation': 480}","{'id': 21237, 'rank': 14, 'fitness': 0.14983973850051718, 'generation': 480}","{'id': 21212, 'rank': 15, 'fitness': 0.14955511063259885, 'generation': 480}","{'id': 21215, 'rank': 16, 'fitness': 0.12659577463058824, 'generation': 480}","{'id': 21251, 'rank': 17, 'fitness': 0.106023600758546, 'generation': 480}","{'id': 21235, 'rank': 18, 'fitness': 0.0901630371844998, 'generation': 480}","{'id': 21244, 'rank': 19, 'fitness': 0.08310927953895964, 'generation': 480}","{'id': 21229, 'rank': 20, 'fitness': 0.07904037164722161, 'generation': 480}","{'id': 21243, 'rank': 21, 'fitness': 0.07705311935663162, 'generation': 480}","{'id': 21241, 'rank': 22, 'fitness': 0.06498604290496868, 'generation': 480}","{'id': 21234, 'rank': 23, 'fitness': 0.06293804614875176, 'generation': 480}","{'id': 21250, 'rank': 24, 'fitness': 0.03970695001534885, 'generation': 480}","{'id': 21233, 'rank': 25, 'fitness': 0.03286105975287579, 'generation': 480}","{'id': 21224, 'rank': 26, 'fitness': 0.027094171041761372, 'generation': 480}","{'id': 21221, 'rank': 27, 'fitness': 0.018987938602406496, 'generation': 480}","{'id': 21220, 'rank': 28, 'fitness': 0.018926970413484345, 'generation': 480}","{'id': 21240, 'rank': 29, 'fitness': 0.01804069156118826, 'generation': 480}","{'id': 21231, 'rank': 30, 'fitness': 0.01798620996209155, 'generation': 480}"
"{'id': 21292, 'rank': 1, 'fitness': 0.9820137900379085, 'generation': 481}","{'id': 21281, 'rank': 2, 'fitness': 0.9661080853704237, 'generation': 481}","{'id': 21289, 'rank': 3, 'fitness': 0.931994601347808, 'generation': 481}","{'id': 21277, 'rank': 4, 'fitness': 0.7834961880731468, 'generation': 481}","{'id': 21299, 'rank': 5, 'fitness': 0.6283722069657247, 'generation': 481}","{'id': 21286, 'rank': 6, 'fitness': 0.5114769030965958, 'generation': 481}","{'id': 21258, 'rank': 7, 'fitness': 0.382913928722346, 'generation': 481}","{'id': 21295, 'rank': 8, 'fitness': 0.34609264849810145, 'generation': 481}","{'id': 21296, 'rank': 9, 'fitness': 0.32339862005251835, 'generation': 481}","{'id': 21297, 'rank': 10, 'fitness': 0.28040400753918454, 'generation': 481}","{'id': 21257, 'rank': 11, 'fitness': 0.2791548103368557, 'generation': 481}","{'id': 21288, 'rank': 12, 'fitness': 0.11711350901586987, 'generation': 481}","{'id': 21261, 'rank': 13, 'fitness': 0.11553743318518928, 'generation': 481}","{'id': 21254, 'rank': 14, 'fitness': 0.10938175784532456, 'generation': 481}","{'id': 21273, 'rank': 15, 'fitness': 0.10006347399009113, 'generation': 481}","{'id': 21267, 'rank': 16, 'fitness': 0.08809901692010669, 'generation': 481}","{'id': 21275, 'rank': 17, 'fitness': 0.08302107209065901, 'generation': 481}","{'id': 21279, 'rank': 18, 'fitness': 0.08108207637516363, 'generation': 481}","{'id': 21269, 'rank': 19, 'fitness': 0.07386040989986409, 'generation': 481}","{'id': 21255, 'rank': 20, 'fitness': 0.05913949118649492, 'generation': 481}","{'id': 21284, 'rank': 21, 'fitness': 0.05408228832496825, 'generation': 481}","{'id': 21293, 'rank': 22, 'fitness': 0.044225127347349236, 'generation': 481}","{'id': 21263, 'rank': 23, 'fitness': 0.04179194751389653, 'generation': 481}","{'id': 21253, 'rank': 24, 'fitness': 0.028895529896176442, 'generation': 481}","{'id': 21282, 'rank': 25, 'fitness': 0.026643296274629413, 'generation': 481}","{'id': 21272, 'rank': 26, 'fitness': 0.025318848560733853, 'generation': 481}","{'id': 21290, 'rank': 27, 'fitness': 0.02202336419550749, 'generation': 481}","{'id': 21265, 'rank': 28, 'fitness': 0.0198495888036338, 'generation': 481}","{'id': 21285, 'rank': 29, 'fitness': 0.018185088825786844, 'generation': 481}","{'id': 21294, 'rank': 30, 'fitness': 0.01798620996209155, 'generation': 481}"
"{'id': 21338, 'rank': 1, 'fitness': 0.9820137900379085, 'generation': 482}","{'id': 21318, 'rank': 2, 'fitness': 0.9764793622899652, 'generation': 482}","{'id': 21313, 'rank': 3, 'fitness': 0.9741444163906081, 'generation': 482}","{'id': 21336, 'rank': 4, 'fitness': 0.9376127694170219, 'generation': 482}","{'id': 21334, 'rank': 5, 'fitness': 0.8842523533305828, 'generation': 482}","{'id': 21340, 'rank': 6, 'fitness': 0.8404243414875694, 'generation': 482}","{'id': 21337, 'rank': 7, 'fitness': 0.589072224589967, 'generation': 482}","{'id': 21306, 'rank': 8, 'fitness': 0.44164137588313956, 'generation': 482}","{'id': 21333, 'rank': 9, 'fitness': 0.3396215798428794, 'generation': 482}","{'id': 21332, 'rank': 10, 'fitness': 0.2812107118238035, 'generation': 482}","{'id': 21331, 'rank': 11, 'fitness': 0.25245979200317015, 'generation': 482}","{'id': 21322, 'rank': 12, 'fitness': 0.24560796456697886, 'generation': 482}","{'id': 21311, 'rank': 13, 'fitness': 0.23321034080930098, 'generation': 482}","{'id': 21325, 'rank': 14, 'fitness': 0.2303336716519795, 'generation': 482}","{'id': 21305, 'rank': 15, 'fitness': 0.2037069163226426, 'generation': 482}","{'id': 21339, 'rank': 16, 'fitness': 0.16624909985765268, 'generation': 482}","{'id': 21329, 'rank': 17, 'fitness': 0.15900224522665318, 'generation': 482}","{'id': 21342, 'rank': 18, 'fitness': 0.1364657593363004, 'generation': 482}","{'id': 21309, 'rank': 19, 'fitness': 0.1316440709018793, 'generation': 482}","{'id': 21314, 'rank': 20, 'fitness': 0.12682781366619367, 'generation': 482}","{'id': 21343, 'rank': 21, 'fitness': 0.11598354038434538, 'generation': 482}","{'id': 21320, 'rank': 22, 'fitness': 0.08181638138394554, 'generation': 482}","{'id': 21319, 'rank': 23, 'fitness': 0.05334353813230691, 'generation': 482}","{'id': 21301, 'rank': 24, 'fitness': 0.032537580587674864, 'generation': 482}","{'id': 21341, 'rank': 25, 'fitness': 0.029819069124981057, 'generation': 482}","{'id': 21335, 'rank': 26, 'fitness': 0.027520806282235744, 'generation': 482}","{'id': 21328, 'rank': 27, 'fitness': 0.027424990123959492, 'generation': 482}","{'id': 21324, 'rank': 28, 'fitness': 0.02594181506932758, 'generation': 482}","{'id': 21316, 'rank': 29, 'fitness': 0.019783050148540704, 'generation': 482}","{'id': 21321, 'rank': 30, 'fitness': 0.01798620996209155, 'generation': 482}"
"{'id': 21384, 'rank': 1, 'fitness': 0.9820137900379085, 'generation': 483}","{'id': 21387, 'rank': 2, 'fitness': 0.9568914723435149, 'generation': 483}","{'id': 21358, 'rank': 3, 'fitness': 0.9315974193619374, 'generation': 483}","{'id': 21367, 'rank': 4, 'fitness': 0.7880547488453675, 'generation': 483}","{'id': 21385, 'rank': 5, 'fitness': 0.7507186944959263, 'generation': 483}","{'id': 21388, 'rank': 6, 'fitness': 0.6911714047054873, 'generation': 483}","{'id': 21381, 'rank': 7, 'fitness': 0.6859757937810818, 'generation': 483}","{'id': 21375, 'rank': 8, 'fitness': 0.6480463217928367, 'generation': 483}","{'id': 21380, 'rank': 9, 'fitness': 0.5849589843692558, 'generation': 483}","{'id': 21366, 'rank': 10, 'fitness': 0.46784861177672055, 'generation': 483}","{'id': 21363, 'rank': 11, 'fitness': 0.3859861464687892, 'generation': 483}","{'id': 21386, 'rank': 12, 'fitness': 0.36736644525839546, 'generation': 483}","{'id': 21382, 'rank': 13, 'fitness': 0.3316941802589812, 'generation': 483}","{'id': 21361, 'rank': 14, 'fitness': 0.29225188585437134, 'generation': 483}","{'id': 21371, 'rank': 15, 'fitness': 0.2826841465364376, 'generation': 483}","{'id': 21368, 'rank': 16, 'fitness': 0.2478172385671874, 'generation': 483}","{'id': 21378, 'rank': 17, 'fitness': 0.23730652026315602, 'generation': 483}","{'id': 21383, 'rank': 18, 'fitness': 0.23557732669829262, 'generation': 483}","{'id': 21364, 'rank': 19, 'fitness': 0.1970941776957803, 'generation': 483}","{'id': 21351, 'rank': 20, 'fitness': 0.1635470786117979, 'generation': 483}","{'id': 21379, 'rank': 21, 'fitness': 0.10520168466811025, 'generation': 483}","{'id': 21353, 'rank': 22, 'fitness': 0.09567069289432723, 'generation': 483}","{'id': 21372, 'rank': 23, 'fitness': 0.05133592870372311, 'generation': 483}","{'id': 21356, 'rank': 24, 'fitness': 0.050393714190330396, 'generation': 483}","{'id': 21376, 'rank': 25, 'fitness': 0.048464885274962954, 'generation': 483}","{'id': 21370, 'rank': 26, 'fitness': 0.04651932641049866, 'generation': 483}","{'id': 21347, 'rank': 27, 'fitness': 0.0421117255696547, 'generation': 483}","{'id': 21369, 'rank': 28, 'fitness': 0.03424123161526932, 'generation': 483}","{'id': 21350, 'rank': 29, 'fitness': 0.027718836037568806, 'generation': 483}","{'id': 21344, 'rank': 30, 'fitness': 0.01798620996209155, 'generation': 483}"
"{'id': 21422, 'rank': 1, 'fitness': 0.9820137900379085, 'generation': 484}","{'id': 21416, 'rank': 2, 'fitness': 0.9624442627940861, 'generation': 484}","{'id': 21419, 'rank': 3, 'fitness': 0.8706196574560132, 'generation': 484}","{'id': 21431, 'rank': 4, 'fitness': 0.791869339982946, 'generation': 484}","{'id': 21429, 'rank': 5, 'fitness': 0.7343416716100053, 'generation': 484}","{'id': 21417, 'rank': 6, 'fitness': 0.7158361624517586, 'generation': 484}","{'id': 21428, 'rank': 7, 'fitness': 0.6918080051696425, 'generation': 484}","{'id': 21406, 'rank': 8, 'fitness': 0.6178254760756029, 'generation': 484}","{'id': 21427, 'rank': 9, 'fitness': 0.6045788581148461, 'generation': 484}","{'id': 21398, 'rank': 10, 'fitness': 0.5972068135536825, 'generation': 484}","{'id': 21409, 'rank': 11, 'fitness': 0.5971831615039382, 'generation': 484}","{'id': 21426, 'rank': 12, 'fitness': 0.5776159269234804, 'generation': 484}","{'id': 21411, 'rank': 13, 'fitness': 0.5729443704005402, 'generation': 484}","{'id': 21418, 'rank': 14, 'fitness': 0.5355198394964392, 'generation': 484}","{'id': 21396, 'rank': 15, 'fitness': 0.3849794372914754, 'generation': 484}","{'id': 21391, 'rank': 16, 'fitness': 0.31109371558957777, 'generation': 484}","{'id': 21399, 'rank': 17, 'fitness': 0.23646711079813765, 'generation': 484}","{'id': 21424, 'rank': 18, 'fitness': 0.20955154923771796, 'generation': 484}","{'id': 21425, 'rank': 19, 'fitness': 0.1548485453701769, 'generation': 484}","{'id': 21400, 'rank': 20, 'fitness': 0.12692251780398478, 'generation': 484}","{'id': 21414, 'rank': 21, 'fitness': 0.11374072875446833, 'generation': 484}","{'id': 21412, 'rank': 22, 'fitness': 0.10975870846584618, 'generation': 484}","{'id': 21401, 'rank': 23, 'fitness': 0.09606377264817689, 'generation': 484}","{'id': 21405, 'rank': 24, 'fitness': 0.060962297830897516, 'generation': 484}","{'id': 21390, 'rank': 25, 'fitness': 0.059722841832165585, 'generation': 484}","{'id': 21413, 'rank': 26, 'fitness': 0.04936290217985506, 'generation': 484}","{'id': 21397, 'rank': 27, 'fitness': 0.04450576958523034, 'generation': 484}","{'id': 21404, 'rank': 28, 'fitness': 0.034336197425382575, 'generation': 484}","{'id': 21410, 'rank': 29, 'fitness': 0.03401564436894394, 'generation': 484}","{'id': 21403, 'rank': 30, 'fitness': 0.01798620996209155, 'generation': 484}"
"{'id': 21477, 'rank': 1, 'fitness': 0.9820137900379085, 'generation': 485}","{'id': 21472, 'rank': 2, 'fitness': 0.8844243252629947, 'generation': 485}","{'id': 21468, 'rank': 3, 'fitness': 0.8077952339435892, 'generation': 485}","{'id': 21433, 'rank': 4, 'fitness': 0.8023827301493602, 'generation': 485}","{'id': 21463, 'rank': 5, 'fitness': 0.7078042808338155, 'generation': 485}","{'id': 21465, 'rank': 6, 'fitness': 0.678926207395459, 'generation': 485}","{'id': 21432, 'rank': 7, 'fitness': 0.6360755739480796, 'generation': 485}","{'id': 21474, 'rank': 8, 'fitness': 0.6107215789482672, 'generation': 485}","{'id': 21473, 'rank': 9, 'fitness': 0.44332300541251324, 'generation': 485}","{'id': 21466, 'rank': 10, 'fitness': 0.3117253184926346, 'generation': 485}","{'id': 21478, 'rank': 11, 'fitness': 0.30214879562094055, 'generation': 485}","{'id': 21451, 'rank': 12, 'fitness': 0.15109402912294984, 'generation': 485}","{'id': 21458, 'rank': 13, 'fitness': 0.1478236267925907, 'generation': 485}","{'id': 21470, 'rank': 14, 'fitness': 0.14767308547995872, 'generation': 485}","{'id': 21452, 'rank': 15, 'fitness': 0.1421577112294159, 'generation': 485}","{'id': 21462, 'rank': 16, 'fitness': 0.13572370684786617, 'generation': 485}","{'id': 21436, 'rank': 17, 'fitness': 0.11301190873882572, 'generation': 485}","{'id': 21476, 'rank': 18, 'fitness': 0.10124757197574752, 'generation': 485}","{'id': 21434, 'rank': 19, 'fitness': 0.07979103392538511, 'generation': 485}","{'id': 21442, 'rank': 20, 'fitness': 0.05717294324795641, 'generation': 485}","{'id': 21450, 'rank': 21, 'fitness': 0.04239252635290386, 'generation': 485}","{'id': 21447, 'rank': 22, 'fitness': 0.04234815603735437, 'generation': 485}","{'id': 21467, 'rank': 23, 'fitness': 0.04144311972093262, 'generation': 485}","{'id': 21471, 'rank': 24, 'fitness': 0.03322722837813963, 'generation': 485}","{'id': 21461, 'rank': 25, 'fitness': 0.03269102265972251, 'generation': 485}","{'id': 21444, 'rank': 26, 'fitness': 0.030721590937381693, 'generation': 485}","{'id': 21457, 'rank': 27, 'fitness': 0.024351852504524207, 'generation': 485}","{'id': 21475, 'rank': 28, 'fitness': 0.019149018705243603, 'generation': 485}","{'id': 21469, 'rank': 29, 'fitness': 0.018316650985846006, 'generation': 485}","{'id': 21448, 'rank': 30, 'fitness': 0.01798620996209155, 'generation': 485}"
"{'id': 21521, 'rank': 1, 'fitness': 0.9820137900379085, 'generation': 486}","{'id': 21508, 'rank': 2, 'fitness': 0.9772637133730211, 'generation': 486}","{'id': 21511, 'rank': 3, 'fitness': 0.9360160195794773, 'generation': 486}","{'id': 21507, 'rank': 4, 'fitness': 0.8690630695336258, 'generation': 486}","{'id': 21498, 'rank': 5, 'fitness': 0.8282965589506274, 'generation': 486}","{'id': 21516, 'rank': 6, 'fitness': 0.7869927524674651, 'generation': 486}","{'id': 21502, 'rank': 7, 'fitness': 0.7723479994170852, 'generation': 486}","{'id': 21514, 'rank': 8, 'fitness': 0.7722239851946671, 'generation': 486}","{'id': 21501, 'rank': 9, 'fitness': 0.6462420351210921, 'generation': 486}","{'id': 21513, 'rank': 10, 'fitness': 0.6401012132682374, 'generation': 486}","{'id': 21481, 'rank': 11, 'fitness': 0.5852809726036228, 'generation': 486}","{'id': 21506, 'rank': 12, 'fitness': 0.571798530121572, 'generation': 486}","{'id': 21485, 'rank': 13, 'fitness': 0.5467947186313514, 'generation': 486}","{'id': 21519, 'rank': 14, 'fitness': 0.4137475082363661, 'generation': 486}","{'id': 21496, 'rank': 15, 'fitness': 0.33661576896853557, 'generation': 486}","{'id': 21520, 'rank': 16, 'fitness': 0.23409338696627707, 'generation': 486}","{'id': 21517, 'rank': 17, 'fitness': 0.1935247287655255, 'generation': 486}","{'id': 21494, 'rank': 18, 'fitness': 0.18532775971882465, 'generation': 486}","{'id': 21510, 'rank': 19, 'fitness': 0.15671377715079016, 'generation': 486}","{'id': 21505, 'rank': 20, 'fitness': 0.1293363405499381, 'generation': 486}","{'id': 21503, 'rank': 21, 'fitness': 0.11957607137205312, 'generation': 486}","{'id': 21500, 'rank': 22, 'fitness': 0.09709218927798491, 'generation': 486}","{'id': 21482, 'rank': 23, 'fitness': 0.07982348259666627, 'generation': 486}","{'id': 21518, 'rank': 24, 'fitness': 0.07791976778587822, 'generation': 486}","{'id': 21515, 'rank': 25, 'fitness': 0.07243106020612655, 'generation': 486}","{'id': 21512, 'rank': 26, 'fitness': 0.038987855795199367, 'generation': 486}","{'id': 21487, 'rank': 27, 'fitness': 0.028828793352033144, 'generation': 486}","{'id': 21486, 'rank': 28, 'fitness': 0.023555738884760424, 'generation': 486}","{'id': 21492, 'rank': 29, 'fitness': 0.02197031901756058, 'generation': 486}","{'id': 21489, 'rank': 30, 'fitness': 0.01798620996209155, 'generation': 486}"
"{'id': 21568, 'rank': 1, 'fitness': 0.9820137900379085, 'generation': 487}","{'id': 21560, 'rank': 2, 'fitness': 0.7570556454965988, 'generation': 487}","{'id': 21532, 'rank': 3, 'fitness': 0.5640273950692117, 'generation': 487}","{'id': 21555, 'rank': 4, 'fitness': 0.5588595569709903, 'generation': 487}","{'id': 21570, 'rank': 5, 'fitness': 0.4593738062629341, 'generation': 487}","{'id': 21562, 'rank': 6, 'fitness': 0.3468615413542906, 'generation': 487}","{'id': 21561, 'rank': 7, 'fitness': 0.2508347784576557, 'generation': 487}","{'id': 21566, 'rank': 8, 'fitness': 0.24027412139392007, 'generation': 487}","{'id': 21546, 'rank': 9, 'fitness': 0.1976146260969709, 'generation': 487}","{'id': 21541, 'rank': 10, 'fitness': 0.1577763489083317, 'generation': 487}","{'id': 21565, 'rank': 11, 'fitness': 0.1456567613830116, 'generation': 487}","{'id': 21536, 'rank': 12, 'fitness': 0.14064267898755106, 'generation': 487}","{'id': 21552, 'rank': 13, 'fitness': 0.09137820679678987, 'generation': 487}","{'id': 21533, 'rank': 14, 'fitness': 0.08934823032961603, 'generation': 487}","{'id': 21528, 'rank': 15, 'fitness': 0.07782201579928533, 'generation': 487}","{'id': 21567, 'rank': 16, 'fitness': 0.07373114975567718, 'generation': 487}","{'id': 21556, 'rank': 17, 'fitness': 0.07201367449486062, 'generation': 487}","{'id': 21553, 'rank': 18, 'fitness': 0.06346914893117239, 'generation': 487}","{'id': 21569, 'rank': 19, 'fitness': 0.05715650332405414, 'generation': 487}","{'id': 21543, 'rank': 20, 'fitness': 0.035621856330465385, 'generation': 487}","{'id': 21549, 'rank': 21, 'fitness': 0.032685708873117725, 'generation': 487}","{'id': 21530, 'rank': 22, 'fitness': 0.03142428837146505, 'generation': 487}","{'id': 21554, 'rank': 23, 'fitness': 0.028010296813781588, 'generation': 487}","{'id': 21544, 'rank': 24, 'fitness': 0.027008542777272604, 'generation': 487}","{'id': 21551, 'rank': 25, 'fitness': 0.023854759747955756, 'generation': 487}","{'id': 21559, 'rank': 26, 'fitness': 0.02333919081984187, 'generation': 487}","{'id': 21542, 'rank': 27, 'fitness': 0.020892353225447913, 'generation': 487}","{'id': 21523, 'rank': 28, 'fitness': 0.0193689058404371, 'generation': 487}","{'id': 21564, 'rank': 29, 'fitness': 0.01922193469942618, 'generation': 487}","{'id': 21526, 'rank': 30, 'fitness': 0.01798620996209155, 'generation': 487}"
"{'id': 21603, 'rank': 1, 'fitness': 0.9820137900379085, 'generation': 488}","{'id': 21596, 'rank': 2, 'fitness': 0.9664198374338204, 'generation': 488}","{'id': 21590, 'rank': 3, 'fitness': 0.9429142004197156, 'generation': 488}","{'id': 21599, 'rank': 4, 'fitness': 0.8608287527829332, 'generation': 488}","{'id': 21606, 'rank': 5, 'fitness': 0.8211550897403294, 'generation': 488}","{'id': 21600, 'rank': 6, 'fitness': 0.8001728844290987, 'generation': 488}","{'id': 21580, 'rank': 7, 'fitness': 0.7628824910547813, 'generation': 488}","{'id': 21571, 'rank': 8, 'fitness': 0.746762176301258, 'generation': 488}","{'id': 21594, 'rank': 9, 'fitness': 0.6384187632681353, 'generation': 488}","{'id': 21602, 'rank': 10, 'fitness': 0.6371809675610512, 'generation': 488}","{'id': 21589, 'rank': 11, 'fitness': 0.5600872682307809, 'generation': 488}","{'id': 21582, 'rank': 12, 'fitness': 0.4852662074611749, 'generation': 488}","{'id': 21576, 'rank': 13, 'fitness': 0.40488091459631714, 'generation': 488}","{'id': 21583, 'rank': 14, 'fitness': 0.35295405115829803, 'generation': 488}","{'id': 21601, 'rank': 15, 'fitness': 0.27159686346828144, 'generation': 488}","{'id': 21581, 'rank': 16, 'fitness': 0.26036528658954045, 'generation': 488}","{'id': 21605, 'rank': 17, 'fitness': 0.2426722714239959, 'generation': 488}","{'id': 21597, 'rank': 18, 'fitness': 0.23949249562984332, 'generation': 488}","{'id': 21604, 'rank': 19, 'fitness': 0.21087427281934018, 'generation': 488}","{'id': 21578, 'rank': 20, 'fitness': 0.15025796023625815, 'generation': 488}","{'id': 21585, 'rank': 21, 'fitness': 0.12411935748507763, 'generation': 488}","{'id': 21586, 'rank': 22, 'fitness': 0.11739533270514063, 'generation': 488}","{'id': 21577, 'rank': 23, 'fitness': 0.1118357678469914, 'generation': 488}","{'id': 21588, 'rank': 24, 'fitness': 0.08699977650151602, 'generation': 488}","{'id': 21587, 'rank': 25, 'fitness': 0.08098362920561075, 'generation': 488}","{'id': 21591, 'rank': 26, 'fitness': 0.0366224730108754, 'generation': 488}","{'id': 21595, 'rank': 27, 'fitness': 0.033483579716403644, 'generation': 488}","{'id': 21592, 'rank': 28, 'fitness': 0.020491605884532915, 'generation': 488}","{'id': 21579, 'rank': 29, 'fitness': 0.018882485635637547, 'generation': 488}","{'id': 21574, 'rank': 30, 'fitness': 0.01798620996209155, 'generation': 488}"
"{'id': 21652, 'rank': 1, 'fitness': 0.9820137900379085, 'generation': 489}","{'id': 21643, 'rank': 2, 'fitness': 0.946907129749577, 'generation': 489}","{'id': 21641, 'rank': 3, 'fitness': 0.8535423943828581, 'generation': 489}","{'id': 21653, 'rank': 4, 'fitness': 0.7434872515716953, 'generation': 489}","{'id': 21650, 'rank': 5, 'fitness': 0.6863339045807644, 'generation': 489}","{'id': 21624, 'rank': 6, 'fitness': 0.6480725399079744, 'generation': 489}","{'id': 21634, 'rank': 7, 'fitness': 0.598937041154269, 'generation': 489}","{'id': 21639, 'rank': 8, 'fitness': 0.5054281238896036, 'generation': 489}","{'id': 21654, 'rank': 9, 'fitness': 0.40946198542889684, 'generation': 489}","{'id': 21645, 'rank': 10, 'fitness': 0.366030497931329, 'generation': 489}","{'id': 21646, 'rank': 11, 'fitness': 0.31962477601589234, 'generation': 489}","{'id': 21642, 'rank': 12, 'fitness': 0.28352633857243104, 'generation': 489}","{'id': 21647, 'rank': 13, 'fitness': 0.22942289719797754, 'generation': 489}","{'id': 21638, 'rank': 14, 'fitness': 0.14236817989277656, 'generation': 489}","{'id': 21633, 'rank': 15, 'fitness': 0.12623085245753174, 'generation': 489}","{'id': 21628, 'rank': 16, 'fitness': 0.11663735415338106, 'generation': 489}","{'id': 21618, 'rank': 17, 'fitness': 0.11130086094473057, 'generation': 489}","{'id': 21655, 'rank': 18, 'fitness': 0.08182500776246099, 'generation': 489}","{'id': 21644, 'rank': 19, 'fitness': 0.07765073276245005, 'generation': 489}","{'id': 21607, 'rank': 20, 'fitness': 0.0722338257088051, 'generation': 489}","{'id': 21622, 'rank': 21, 'fitness': 0.07096323361777662, 'generation': 489}","{'id': 21640, 'rank': 22, 'fitness': 0.06481552667504908, 'generation': 489}","{'id': 21617, 'rank': 23, 'fitness': 0.04386746131510205, 'generation': 489}","{'id': 21632, 'rank': 24, 'fitness': 0.042468979756928094, 'generation': 489}","{'id': 21611, 'rank': 25, 'fitness': 0.040381532051506186, 'generation': 489}","{'id': 21620, 'rank': 26, 'fitness': 0.03961550102361233, 'generation': 489}","{'id': 21613, 'rank': 27, 'fitness': 0.03660544228537804, 'generation': 489}","{'id': 21635, 'rank': 28, 'fitness': 0.030947436836971376, 'generation': 489}","{'id': 21649, 'rank': 29, 'fitness': 0.025312506623526687, 'generation': 489}","{'id': 21629, 'rank': 30, 'fitness': 0.01798620996209155, 'generation': 489}"
"{'id': 21667, 'rank': 1, 'fitness': 0.9820137900379085, 'generation': 490}","{'id': 21692, 'rank': 2, 'fitness': 0.926797525142747, 'generation': 490}","{'id': 21675, 'rank': 3, 'fitness': 0.911916464684578, 'generation': 490}","{'id': 21682, 'rank': 4, 'fitness': 0.9067859640318146, 'generation': 490}","{'id': 21686, 'rank': 5, 'fitness': 0.8646422519965153, 'generation': 490}","{'id': 21681, 'rank': 6, 'fitness': 0.8580277685467157, 'generation': 490}","{'id': 21670, 'rank': 7, 'fitness': 0.8546160337851654, 'generation': 490}","{'id': 21656, 'rank': 8, 'fitness': 0.8259093294068667, 'generation': 490}","{'id': 21678, 'rank': 9, 'fitness': 0.7187805137140489, 'generation': 490}","{'id': 21671, 'rank': 10, 'fitness': 0.679476963315857, 'generation': 490}","{'id': 21679, 'rank': 11, 'fitness': 0.6382723168865843, 'generation': 490}","{'id': 21689, 'rank': 12, 'fitness': 0.5997220184648147, 'generation': 490}","{'id': 21688, 'rank': 13, 'fitness': 0.5122520926636093, 'generation': 490}","{'id': 21691, 'rank': 14, 'fitness': 0.45946145961312124, 'generation': 490}","{'id': 21690, 'rank': 15, 'fitness': 0.4127349819633579, 'generation': 490}","{'id': 21668, 'rank': 16, 'fitness': 0.3432285895123141, 'generation': 490}","{'id': 21683, 'rank': 17, 'fitness': 0.3348036053400655, 'generation': 490}","{'id': 21672, 'rank': 18, 'fitness': 0.2739563320033547, 'generation': 490}","{'id': 21661, 'rank': 19, 'fitness': 0.27344530924518407, 'generation': 490}","{'id': 21664, 'rank': 20, 'fitness': 0.23615714603487742, 'generation': 490}","{'id': 21673, 'rank': 21, 'fitness': 0.14124572185768658, 'generation': 490}","{'id': 21658, 'rank': 22, 'fitness': 0.10070280634008377, 'generation': 490}","{'id': 21663, 'rank': 23, 'fitness': 0.08213535582679421, 'generation': 490}","{'id': 21677, 'rank': 24, 'fitness': 0.06436349338758474, 'generation': 490}","{'id': 21685, 'rank': 25, 'fitness': 0.05402636340078204, 'generation': 490}","{'id': 21665, 'rank': 26, 'fitness': 0.04409092307290269, 'generation': 490}","{'id': 21666, 'rank': 27, 'fitness': 0.04357283645867027, 'generation': 490}","{'id': 21662, 'rank': 28, 'fitness': 0.03153537622597746, 'generation': 490}","{'id': 21674, 'rank': 29, 'fitness': 0.01871728904504999, 'generation': 490}","{'id': 21659, 'rank': 30, 'fitness': 0.01798620996209155, 'generation': 490}"
"{'id': 21737, 'rank': 1, 'fitness': 0.9820137900379085, 'generation': 491}","{'id': 21746, 'rank': 2, 'fitness': 0.944420688934839, 'generation': 491}","{'id': 21708, 'rank': 3, 'fitness': 0.7611354094155298, 'generation': 491}","{'id': 21717, 'rank': 4, 'fitness': 0.5846091055535284, 'generation': 491}","{'id': 21718, 'rank': 5, 'fitness': 0.5445675728174423, 'generation': 491}","{'id': 21714, 'rank': 6, 'fitness': 0.4047084925545082, 'generation': 491}","{'id': 21742, 'rank': 7, 'fitness': 0.308420619902109, 'generation': 491}","{'id': 21731, 'rank': 8, 'fitness': 0.2536732953874677, 'generation': 491}","{'id': 21741, 'rank': 9, 'fitness': 0.2214564687331516, 'generation': 491}","{'id': 21733, 'rank': 10, 'fitness': 0.20595167857356772, 'generation': 491}","{'id': 21727, 'rank': 11, 'fitness': 0.16946598581646682, 'generation': 491}","{'id': 21721, 'rank': 12, 'fitness': 0.14393804438157143, 'generation': 491}","{'id': 21736, 'rank': 13, 'fitness': 0.14320031607518202, 'generation': 491}","{'id': 21739, 'rank': 14, 'fitness': 0.14069131800752505, 'generation': 491}","{'id': 21740, 'rank': 15, 'fitness': 0.12928741934421134, 'generation': 491}","{'id': 21705, 'rank': 16, 'fitness': 0.1275541343257724, 'generation': 491}","{'id': 21698, 'rank': 17, 'fitness': 0.12295107744543204, 'generation': 491}","{'id': 21715, 'rank': 18, 'fitness': 0.11418526195332834, 'generation': 491}","{'id': 21743, 'rank': 19, 'fitness': 0.0935277938769366, 'generation': 491}","{'id': 21703, 'rank': 20, 'fitness': 0.09197461184757927, 'generation': 491}","{'id': 21697, 'rank': 21, 'fitness': 0.08237867651141545, 'generation': 491}","{'id': 21728, 'rank': 22, 'fitness': 0.07693648599816294, 'generation': 491}","{'id': 21729, 'rank': 23, 'fitness': 0.07307526801510411, 'generation': 491}","{'id': 21725, 'rank': 24, 'fitness': 0.059529034768941, 'generation': 491}","{'id': 21745, 'rank': 25, 'fitness': 0.05934625625842033, 'generation': 491}","{'id': 21732, 'rank': 26, 'fitness': 0.054928990917270826, 'generation': 491}","{'id': 21722, 'rank': 27, 'fitness': 0.05361959612834616, 'generation': 491}","{'id': 21712, 'rank': 28, 'fitness': 0.04032098419587182, 'generation': 491}","{'id': 21720, 'rank': 29, 'fitness': 0.022284577868044164, 'generation': 491}","{'id': 21738, 'rank': 30, 'fitness': 0.01798620996209155, 'generation': 491}"
"{'id': 21766, 'rank': 1, 'fitness': 0.9820137900379085, 'generation': 492}","{'id': 21770, 'rank': 2, 'fitness': 0.770706470831793, 'generation': 492}","{'id': 21758, 'rank': 3, 'fitness': 0.5628376068981266, 'generation': 492}","{'id': 21774, 'rank': 4, 'fitness': 0.44809745283129443, 'generation': 492}","{'id': 21773, 'rank': 5, 'fitness': 0.44753102412227563, 'generation': 492}","{'id': 21769, 'rank': 6, 'fitness': 0.4090797835992193, 'generation': 492}","{'id': 21762, 'rank': 7, 'fitness': 0.3733143485638143, 'generation': 492}","{'id': 21765, 'rank': 8, 'fitness': 0.3070389420291793, 'generation': 492}","{'id': 21761, 'rank': 9, 'fitness': 0.3021087837508999, 'generation': 492}","{'id': 21768, 'rank': 10, 'fitness': 0.2979485464082915, 'generation': 492}","{'id': 21776, 'rank': 11, 'fitness': 0.29613119197122484, 'generation': 492}","{'id': 21767, 'rank': 12, 'fitness': 0.29549752476211555, 'generation': 492}","{'id': 21783, 'rank': 13, 'fitness': 0.16128005570345388, 'generation': 492}","{'id': 21771, 'rank': 14, 'fitness': 0.1610427912001947, 'generation': 492}","{'id': 21775, 'rank': 15, 'fitness': 0.1116323827356831, 'generation': 492}","{'id': 21752, 'rank': 16, 'fitness': 0.09299554273672556, 'generation': 492}","{'id': 21778, 'rank': 17, 'fitness': 0.08870661635062221, 'generation': 492}","{'id': 21779, 'rank': 18, 'fitness': 0.06425369818652477, 'generation': 492}","{'id': 21782, 'rank': 19, 'fitness': 0.06331019865225657, 'generation': 492}","{'id': 21755, 'rank': 20, 'fitness': 0.04801185741910541, 'generation': 492}","{'id': 21753, 'rank': 21, 'fitness': 0.04687384967284497, 'generation': 492}","{'id': 21781, 'rank': 22, 'fitness': 0.046808701476101444, 'generation': 492}","{'id': 21749, 'rank': 23, 'fitness': 0.04622988744391254, 'generation': 492}","{'id': 21777, 'rank': 24, 'fitness': 0.04555369676810761, 'generation': 492}","{'id': 21756, 'rank': 25, 'fitness': 0.040042078076894305, 'generation': 492}","{'id': 21760, 'rank': 26, 'fitness': 0.0332684210043272, 'generation': 492}","{'id': 21747, 'rank': 27, 'fitness': 0.031228318783364073, 'generation': 492}","{'id': 21750, 'rank': 28, 'fitness': 0.028433511674470613, 'generation': 492}","{'id': 21763, 'rank': 29, 'fitness': 0.027603648019329796, 'generation': 492}","{'id': 21748, 'rank': 30, 'fitness': 0.01798620996209155, 'generation': 492}"
"{'id': 21789, 'rank': 1, 'fitness': 0.9820137900379085, 'generation': 493}","{'id': 21813, 'rank': 2, 'fitness': 0.9668766303428123, 'generation': 493}","{'id': 21815, 'rank': 3, 'fitness': 0.9524151447255358, 'generation': 493}","{'id': 21806, 'rank': 4, 'fitness': 0.8969282292594848, 'generation': 493}","{'id': 21795, 'rank': 5, 'fitness': 0.8683646551550646, 'generation': 493}","{'id': 21798, 'rank': 6, 'fitness': 0.8578698818124875, 'generation': 493}","{'id': 21810, 'rank': 7, 'fitness': 0.782904722411434, 'generation': 493}","{'id': 21801, 'rank': 8, 'fitness': 0.7644704691103832, 'generation': 493}","{'id': 21809, 'rank': 9, 'fitness': 0.730761284732251, 'generation': 493}","{'id': 21807, 'rank': 10, 'fitness': 0.7168711398233335, 'generation': 493}","{'id': 21812, 'rank': 11, 'fitness': 0.6932125065984746, 'generation': 493}","{'id': 21805, 'rank': 12, 'fitness': 0.6131827882320852, 'generation': 493}","{'id': 21811, 'rank': 13, 'fitness': 0.5962714698043801, 'generation': 493}","{'id': 21816, 'rank': 14, 'fitness': 0.49488720563855537, 'generation': 493}","{'id': 21808, 'rank': 15, 'fitness': 0.2386189975200696, 'generation': 493}","{'id': 21786, 'rank': 16, 'fitness': 0.19682389285515556, 'generation': 493}","{'id': 21814, 'rank': 17, 'fitness': 0.19037582951863968, 'generation': 493}","{'id': 21804, 'rank': 18, 'fitness': 0.13392805431528393, 'generation': 493}","{'id': 21793, 'rank': 19, 'fitness': 0.13354365916005345, 'generation': 493}","{'id': 21792, 'rank': 20, 'fitness': 0.08699216545217092, 'generation': 493}","{'id': 21802, 'rank': 21, 'fitness': 0.08680788935034672, 'generation': 493}","{'id': 21799, 'rank': 22, 'fitness': 0.08637226293357037, 'generation': 493}","{'id': 21803, 'rank': 23, 'fitness': 0.06844872419795833, 'generation': 493}","{'id': 21787, 'rank': 24, 'fitness': 0.06618670819270583, 'generation': 493}","{'id': 21790, 'rank': 25, 'fitness': 0.04991915630289717, 'generation': 493}","{'id': 21785, 'rank': 26, 'fitness': 0.04273886799218607, 'generation': 493}","{'id': 21794, 'rank': 27, 'fitness': 0.04083936087491202, 'generation': 493}","{'id': 21797, 'rank': 28, 'fitness': 0.020743360794942156, 'generation': 493}","{'id': 21800, 'rank': 29, 'fitness': 0.018515926570548735, 'generation': 493}","{'id': 21788, 'rank': 30, 'fitness': 0.01798620996209155, 'generation': 493}"
"{'id': 21873, 'rank': 1, 'fitness': 0.9820137900379085, 'generation': 494}","{'id': 21824, 'rank': 2, 'fitness': 0.9439586467329435, 'generation': 494}","{'id': 21855, 'rank': 3, 'fitness': 0.5256535281662141, 'generation': 494}","{'id': 21860, 'rank': 4, 'fitness': 0.49784029446567896, 'generation': 494}","{'id': 21828, 'rank': 5, 'fitness': 0.49748903063389815, 'generation': 494}","{'id': 21872, 'rank': 6, 'fitness': 0.4675864063213321, 'generation': 494}","{'id': 21846, 'rank': 7, 'fitness': 0.4226548397555655, 'generation': 494}","{'id': 21868, 'rank': 8, 'fitness': 0.2766648663817479, 'generation': 494}","{'id': 21825, 'rank': 9, 'fitness': 0.26836060884731944, 'generation': 494}","{'id': 21874, 'rank': 10, 'fitness': 0.2328468854601819, 'generation': 494}","{'id': 21875, 'rank': 11, 'fitness': 0.16585953715195212, 'generation': 494}","{'id': 21827, 'rank': 12, 'fitness': 0.1642038102367091, 'generation': 494}","{'id': 21822, 'rank': 13, 'fitness': 0.15779950689748795, 'generation': 494}","{'id': 21823, 'rank': 14, 'fitness': 0.15768632995358556, 'generation': 494}","{'id': 21857, 'rank': 15, 'fitness': 0.11757619850985374, 'generation': 494}","{'id': 21842, 'rank': 16, 'fitness': 0.11698213138068536, 'generation': 494}","{'id': 21844, 'rank': 17, 'fitness': 0.10979979478829244, 'generation': 494}","{'id': 21833, 'rank': 18, 'fitness': 0.07834091739018956, 'generation': 494}","{'id': 21876, 'rank': 19, 'fitness': 0.05406103733107687, 'generation': 494}","{'id': 21837, 'rank': 20, 'fitness': 0.04458994029845442, 'generation': 494}","{'id': 21871, 'rank': 21, 'fitness': 0.03584845900138334, 'generation': 494}","{'id': 21847, 'rank': 22, 'fitness': 0.03026834334051387, 'generation': 494}","{'id': 21839, 'rank': 23, 'fitness': 0.026749103918560724, 'generation': 494}","{'id': 21851, 'rank': 24, 'fitness': 0.026368810863254044, 'generation': 494}","{'id': 21819, 'rank': 25, 'fitness': 0.025870406131576706, 'generation': 494}","{'id': 21858, 'rank': 26, 'fitness': 0.025736204227049087, 'generation': 494}","{'id': 21831, 'rank': 27, 'fitness': 0.020030544237363168, 'generation': 494}","{'id': 21852, 'rank': 28, 'fitness': 0.018709777798672778, 'generation': 494}","{'id': 21866, 'rank': 29, 'fitness': 0.01860187612877673, 'generation': 494}","{'id': 21869, 'rank': 30, 'fitness': 0.01798620996209155, 'generation': 494}"
"{'id': 21895, 'rank': 1, 'fitness': 0.9820137900379085, 'generation': 495}","{'id': 21913, 'rank': 2, 'fitness': 0.9272019867401305, 'generation': 495}","{'id': 21893, 'rank': 3, 'fitness': 0.8596399810888316, 'generation': 495}","{'id': 21908, 'rank': 4, 'fitness': 0.8261153363462485, 'generation': 495}","{'id': 21906, 'rank': 5, 'fitness': 0.6807370809806568, 'generation': 495}","{'id': 21903, 'rank': 6, 'fitness': 0.6721829665512213, 'generation': 495}","{'id': 21910, 'rank': 7, 'fitness': 0.611020335384793, 'generation': 495}","{'id': 21897, 'rank': 8, 'fitness': 0.5784018793589055, 'generation': 495}","{'id': 21911, 'rank': 9, 'fitness': 0.5054211695529225, 'generation': 495}","{'id': 21891, 'rank': 10, 'fitness': 0.4476683123284613, 'generation': 495}","{'id': 21896, 'rank': 11, 'fitness': 0.3763857993176444, 'generation': 495}","{'id': 21904, 'rank': 12, 'fitness': 0.27708329372098967, 'generation': 495}","{'id': 21905, 'rank': 13, 'fitness': 0.2288922255156549, 'generation': 495}","{'id': 21909, 'rank': 14, 'fitness': 0.18652322635063256, 'generation': 495}","{'id': 21879, 'rank': 15, 'fitness': 0.18112691065763387, 'generation': 495}","{'id': 21889, 'rank': 16, 'fitness': 0.11586549637378779, 'generation': 495}","{'id': 21898, 'rank': 17, 'fitness': 0.10240498835064182, 'generation': 495}","{'id': 21900, 'rank': 18, 'fitness': 0.09423887878938886, 'generation': 495}","{'id': 21880, 'rank': 19, 'fitness': 0.0922686271115864, 'generation': 495}","{'id': 21881, 'rank': 20, 'fitness': 0.07722416714170172, 'generation': 495}","{'id': 21892, 'rank': 21, 'fitness': 0.0754760340522278, 'generation': 495}","{'id': 21885, 'rank': 22, 'fitness': 0.07037520053087792, 'generation': 495}","{'id': 21912, 'rank': 23, 'fitness': 0.05841132981729602, 'generation': 495}","{'id': 21907, 'rank': 24, 'fitness': 0.05026790486564009, 'generation': 495}","{'id': 21882, 'rank': 25, 'fitness': 0.047707316269410716, 'generation': 495}","{'id': 21884, 'rank': 26, 'fitness': 0.03646426426731397, 'generation': 495}","{'id': 21902, 'rank': 27, 'fitness': 0.0264984020558639, 'generation': 495}","{'id': 21888, 'rank': 28, 'fitness': 0.020793553055690805, 'generation': 495}","{'id': 21886, 'rank': 29, 'fitness': 0.019012334593903946, 'generation': 495}","{'id': 21890, 'rank': 30, 'fitness': 0.01798620996209155, 'generation': 495}"
"{'id': 21943, 'rank': 1, 'fitness': 0.9820137900379085, 'generation': 496}","{'id': 21945, 'rank': 2, 'fitness': 0.950292860626683, 'generation': 496}","{'id': 21934, 'rank': 3, 'fitness': 0.9267703896984738, 'generation': 496}","{'id': 21940, 'rank': 4, 'fitness': 0.9118201466945833, 'generation': 496}","{'id': 21933, 'rank': 5, 'fitness': 0.9064226361785684, 'generation': 496}","{'id': 21954, 'rank': 6, 'fitness': 0.8176926730152889, 'generation': 496}","{'id': 21941, 'rank': 7, 'fitness': 0.7313037333042445, 'generation': 496}","{'id': 21944, 'rank': 8, 'fitness': 0.7026973964773021, 'generation': 496}","{'id': 21957, 'rank': 9, 'fitness': 0.5837993434487757, 'generation': 496}","{'id': 21949, 'rank': 10, 'fitness': 0.5366708263201831, 'generation': 496}","{'id': 21948, 'rank': 11, 'fitness': 0.4534402194149974, 'generation': 496}","{'id': 21927, 'rank': 12, 'fitness': 0.41427299313798355, 'generation': 496}","{'id': 21930, 'rank': 13, 'fitness': 0.3701186324385261, 'generation': 496}","{'id': 21924, 'rank': 14, 'fitness': 0.33882994193055294, 'generation': 496}","{'id': 21950, 'rank': 15, 'fitness': 0.23015707724266488, 'generation': 496}","{'id': 21920, 'rank': 16, 'fitness': 0.21832749239372912, 'generation': 496}","{'id': 21935, 'rank': 17, 'fitness': 0.15186233013813782, 'generation': 496}","{'id': 21925, 'rank': 18, 'fitness': 0.148052338398028, 'generation': 496}","{'id': 21937, 'rank': 19, 'fitness': 0.1453926266892599, 'generation': 496}","{'id': 21932, 'rank': 20, 'fitness': 0.10758543878755883, 'generation': 496}","{'id': 21947, 'rank': 21, 'fitness': 0.055788580618425954, 'generation': 496}","{'id': 21953, 'rank': 22, 'fitness': 0.0474964414401588, 'generation': 496}","{'id': 21916, 'rank': 23, 'fitness': 0.044643542895447974, 'generation': 496}","{'id': 21938, 'rank': 24, 'fitness': 0.03798000217337316, 'generation': 496}","{'id': 21917, 'rank': 25, 'fitness': 0.036697461678257826, 'generation': 496}","{'id': 21918, 'rank': 26, 'fitness': 0.03621204295031322, 'generation': 496}","{'id': 21915, 'rank': 27, 'fitness': 0.03590833011708511, 'generation': 496}","{'id': 21923, 'rank': 28, 'fitness': 0.030177834452088326, 'generation': 496}","{'id': 21951, 'rank': 29, 'fitness': 0.024758783522624894, 'generation': 496}","{'id': 21946, 'rank': 30, 'fitness': 0.01798620996209155, 'generation': 496}"
"{'id': 21975, 'rank': 1, 'fitness': 0.9820137900379085, 'generation': 497}","{'id': 21986, 'rank': 2, 'fitness': 0.9816094187358269, 'generation': 497}","{'id': 21990, 'rank': 3, 'fitness': 0.9815193809468372, 'generation': 497}","{'id': 21994, 'rank': 4, 'fitness': 0.956563961600695, 'generation': 497}","{'id': 21978, 'rank': 5, 'fitness': 0.8831506375085734, 'generation': 497}","{'id': 21968, 'rank': 6, 'fitness': 0.7234716214833128, 'generation': 497}","{'id': 21992, 'rank': 7, 'fitness': 0.6555764404055169, 'generation': 497}","{'id': 21993, 'rank': 8, 'fitness': 0.6434784370093072, 'generation': 497}","{'id': 21976, 'rank': 9, 'fitness': 0.5877803411063987, 'generation': 497}","{'id': 21996, 'rank': 10, 'fitness': 0.5536733403148277, 'generation': 497}","{'id': 21979, 'rank': 11, 'fitness': 0.5280341272928092, 'generation': 497}","{'id': 21988, 'rank': 12, 'fitness': 0.5258955498749351, 'generation': 497}","{'id': 21982, 'rank': 13, 'fitness': 0.5012751340592201, 'generation': 497}","{'id': 21971, 'rank': 14, 'fitness': 0.37235840776407736, 'generation': 497}","{'id': 21977, 'rank': 15, 'fitness': 0.30200256248467183, 'generation': 497}","{'id': 21973, 'rank': 16, 'fitness': 0.2697538545533481, 'generation': 497}","{'id': 21989, 'rank': 17, 'fitness': 0.2491402298664684, 'generation': 497}","{'id': 21981, 'rank': 18, 'fitness': 0.1869000629939453, 'generation': 497}","{'id': 21985, 'rank': 19, 'fitness': 0.16190497059025205, 'generation': 497}","{'id': 21980, 'rank': 20, 'fitness': 0.1313439036893193, 'generation': 497}","{'id': 21991, 'rank': 21, 'fitness': 0.09442359020435781, 'generation': 497}","{'id': 21959, 'rank': 22, 'fitness': 0.08809085486247437, 'generation': 497}","{'id': 21960, 'rank': 23, 'fitness': 0.08642448012643567, 'generation': 497}","{'id': 21970, 'rank': 24, 'fitness': 0.08084050874121695, 'generation': 497}","{'id': 21972, 'rank': 25, 'fitness': 0.07892937800446442, 'generation': 497}","{'id': 21987, 'rank': 26, 'fitness': 0.06998761416865307, 'generation': 497}","{'id': 21966, 'rank': 27, 'fitness': 0.033308770207592375, 'generation': 497}","{'id': 21965, 'rank': 28, 'fitness': 0.022403976229983635, 'generation': 497}","{'id': 21983, 'rank': 29, 'fitness': 0.018338402413334565, 'generation': 497}","{'id': 21984, 'rank': 30, 'fitness': 0.01798620996209155, 'generation': 497}"
"{'id': 22045, 'rank': 1, 'fitness': 0.9820137900379085, 'generation': 498}","{'id': 22037, 'rank': 2, 'fitness': 0.976683480734948, 'generation': 498}","{'id': 22043, 'rank': 3, 'fitness': 0.8905002506139086, 'generation': 498}","{'id': 22044, 'rank': 4, 'fitness': 0.8410279335480948, 'generation': 498}","{'id': 22002, 'rank': 5, 'fitness': 0.6760477587333666, 'generation': 498}","{'id': 22042, 'rank': 6, 'fitness': 0.5771676388377224, 'generation': 498}","{'id': 22018, 'rank': 7, 'fitness': 0.5732548589892242, 'generation': 498}","{'id': 22026, 'rank': 8, 'fitness': 0.3549088297361555, 'generation': 498}","{'id': 22017, 'rank': 9, 'fitness': 0.32207743197262745, 'generation': 498}","{'id': 22027, 'rank': 10, 'fitness': 0.3115904531136068, 'generation': 498}","{'id': 22050, 'rank': 11, 'fitness': 0.1979920083731636, 'generation': 498}","{'id': 22041, 'rank': 12, 'fitness': 0.1833308264277449, 'generation': 498}","{'id': 22030, 'rank': 13, 'fitness': 0.15950036891668357, 'generation': 498}","{'id': 22036, 'rank': 14, 'fitness': 0.14607764888964864, 'generation': 498}","{'id': 22013, 'rank': 15, 'fitness': 0.12486969241516377, 'generation': 498}","{'id': 22014, 'rank': 16, 'fitness': 0.12350359240131242, 'generation': 498}","{'id': 22035, 'rank': 17, 'fitness': 0.1194062886435111, 'generation': 498}","{'id': 22015, 'rank': 18, 'fitness': 0.11745931005438554, 'generation': 498}","{'id': 22047, 'rank': 19, 'fitness': 0.07463932674721713, 'generation': 498}","{'id': 22022, 'rank': 20, 'fitness': 0.07434322176180203, 'generation': 498}","{'id': 22016, 'rank': 21, 'fitness': 0.05952961169454246, 'generation': 498}","{'id': 22049, 'rank': 22, 'fitness': 0.044457046623632424, 'generation': 498}","{'id': 22040, 'rank': 23, 'fitness': 0.03892360062846928, 'generation': 498}","{'id': 22009, 'rank': 24, 'fitness': 0.03377443580656159, 'generation': 498}","{'id': 22046, 'rank': 25, 'fitness': 0.02940149769108691, 'generation': 498}","{'id': 22021, 'rank': 26, 'fitness': 0.027569576807495166, 'generation': 498}","{'id': 22019, 'rank': 27, 'fitness': 0.020460354498173905, 'generation': 498}","{'id': 22011, 'rank': 28, 'fitness': 0.019659993137308818, 'generation': 498}","{'id': 22010, 'rank': 29, 'fitness': 0.018168950892378022, 'generation': 498}","{'id': 22006, 'rank': 30, 'fitness': 0.01798620996209155, 'generation': 498}"
"{'id': 22053, 'rank': 1, 'fitness': 0.9820137900379085, 'generation': 499}","{'id': 22051, 'rank': 2, 'fitness': 0.9619908293920519, 'generation': 499}","{'id': 22076, 'rank': 3, 'fitness': 0.9417788805028977, 'generation': 499}","{'id': 22074, 'rank': 4, 'fitness': 0.9371532911322786, 'generation': 499}","{'id': 22087, 'rank': 5, 'fitness': 0.9365916497976017, 'generation': 499}","{'id': 22079, 'rank': 6, 'fitness': 0.9069128471658736, 'generation': 499}","{'id': 22084, 'rank': 7, 'fitness': 0.8931560744950127, 'generation': 499}","{'id': 22072, 'rank': 8, 'fitness': 0.8769116578505372, 'generation': 499}","{'id': 22080, 'rank': 9, 'fitness': 0.8413241836106088, 'generation': 499}","{'id': 22082, 'rank': 10, 'fitness': 0.7901313500042284, 'generation': 499}","{'id': 22070, 'rank': 11, 'fitness': 0.7491834685837964, 'generation': 499}","{'id': 22085, 'rank': 12, 'fitness': 0.6083919322390388, 'generation': 499}","{'id': 22056, 'rank': 13, 'fitness': 0.5748507607526354, 'generation': 499}","{'id': 22086, 'rank': 14, 'fitness': 0.5353085927644924, 'generation': 499}","{'id': 22066, 'rank': 15, 'fitness': 0.4949117453840203, 'generation': 499}","{'id': 22068, 'rank': 16, 'fitness': 0.40503293403367907, 'generation': 499}","{'id': 22060, 'rank': 17, 'fitness': 0.3532302209051066, 'generation': 499}","{'id': 22062, 'rank': 18, 'fitness': 0.3286245134423782, 'generation': 499}","{'id': 22052, 'rank': 19, 'fitness': 0.31870715056168925, 'generation': 499}","{'id': 22064, 'rank': 20, 'fitness': 0.2754233999148648, 'generation': 499}","{'id': 22073, 'rank': 21, 'fitness': 0.18155653743083333, 'generation': 499}","{'id': 22081, 'rank': 22, 'fitness': 0.15677219395912578, 'generation': 499}","{'id': 22057, 'rank': 23, 'fitness': 0.14926155867939156, 'generation': 499}","{'id': 22059, 'rank': 24, 'fitness': 0.11025790997558144, 'generation': 499}","{'id': 22071, 'rank': 25, 'fitness': 0.10705884706552549, 'generation': 499}","{'id': 22067, 'rank': 26, 'fitness': 0.10028798649881021, 'generation': 499}","{'id': 22078, 'rank': 27, 'fitness': 0.08901335465301147, 'generation': 499}","{'id': 22069, 'rank': 28, 'fitness': 0.0424353216927707, 'generation': 499}","{'id': 22083, 'rank': 29, 'fitness': 0.037420624423008586, 'generation': 499}","{'id': 22054, 'rank': 30, 'fitness': 0.01798620996209155, 'generation': 499}"
"{'id': 22107, 'rank': 1, 'fitness': 0.9820137900379085, 'generation': 500}","{'id': 22122, 'rank': 2, 'fitness': 0.8529147599269677, 'generation': 500}","{'id': 22125, 'rank': 3, 'fitness': 0.8479800509452906, 'generation': 500}","{'id': 22095, 'rank': 4, 'fitness': 0.7316472926346977, 'generation': 500}","{'id': 22113, 'rank': 5, 'fitness': 0.689559801847881, 'generation': 500}","{'id': 22093, 'rank': 6, 'fitness': 0.6879005728985816, 'generation': 500}","{'id': 22116, 'rank': 7, 'fitness': 0.6521442732859146, 'generation': 500}","{'id': 22130, 'rank': 8, 'fitness': 0.5615906773492059, 'generation': 500}","{'id': 22090, 'rank': 9, 'fitness': 0.4920532477033691, 'generation': 500}","{'id': 22114, 'rank': 10, 'fitness': 0.4709334324560919, 'generation': 500}","{'id': 22118, 'rank': 11, 'fitness': 0.19539634611213202, 'generation': 500}","{'id': 22104, 'rank': 12, 'fitness': 0.17068501977297446, 'generation': 500}","{'id': 22129, 'rank': 13, 'fitness': 0.16583424716957612, 'generation': 500}","{'id': 22117, 'rank': 14, 'fitness': 0.1488019310946706, 'generation': 500}","{'id': 22126, 'rank': 15, 'fitness': 0.12050909202383397, 'generation': 500}","{'id': 22106, 'rank': 16, 'fitness': 0.12012613906052205, 'generation': 500}","{'id': 22112, 'rank': 17, 'fitness': 0.10114633838187093, 'generation': 500}","{'id': 22102, 'rank': 18, 'fitness': 0.09664871669740738, 'generation': 500}","{'id': 22105, 'rank': 19, 'fitness': 0.09047359939565797, 'generation': 500}","{'id': 22089, 'rank': 20, 'fitness': 0.08860130938270006, 'generation': 500}","{'id': 22128, 'rank': 21, 'fitness': 0.0781795665910881, 'generation': 500}","{'id': 22115, 'rank': 22, 'fitness': 0.0768281284295581, 'generation': 500}","{'id': 22097, 'rank': 23, 'fitness': 0.0558295611066123, 'generation': 500}","{'id': 22111, 'rank': 24, 'fitness': 0.050016786915227374, 'generation': 500}","{'id': 22088, 'rank': 25, 'fitness': 0.030402352908647623, 'generation': 500}","{'id': 22119, 'rank': 26, 'fitness': 0.02819229467779505, 'generation': 500}","{'id': 22091, 'rank': 27, 'fitness': 0.020282365583916273, 'generation': 500}","{'id': 22096, 'rank': 28, 'fitness': 0.018170187544363114, 'generation': 500}","{'id': 22103, 'rank': 29, 'fitness': 0.018099094534947457, 'generation': 500}","{'id': 22101, 'rank': 30, 'fitness': 0.01798620996209155, 'generation': 500}"
"{'id': 22159, 'rank': 1, 'fitness': 0.9820137900379085, 'generation': 501}","{'id': 22161, 'rank': 2, 'fitness': 0.9805672026187415, 'generation': 501}","{'id': 22147, 'rank': 3, 'fitness': 0.9727156870700374, 'generation': 501}","{'id': 22135, 'rank': 4, 'fitness': 0.9125704547581561, 'generation': 501}","{'id': 22157, 'rank': 5, 'fitness': 0.8866615784099948, 'generation': 501}","{'id': 22164, 'rank': 6, 'fitness': 0.8610731222601493, 'generation': 501}","{'id': 22166, 'rank': 7, 'fitness': 0.8125304219847741, 'generation': 501}","{'id': 22154, 'rank': 8, 'fitness': 0.780177740676298, 'generation': 501}","{'id': 22151, 'rank': 9, 'fitness': 0.7497552028048573, 'generation': 501}","{'id': 22148, 'rank': 10, 'fitness': 0.7209930237194239, 'generation': 501}","{'id': 22165, 'rank': 11, 'fitness': 0.7198230984444154, 'generation': 501}","{'id': 22160, 'rank': 12, 'fitness': 0.6730298562407123, 'generation': 501}","{'id': 22140, 'rank': 13, 'fitness': 0.654023236589858, 'generation': 501}","{'id': 22163, 'rank': 14, 'fitness': 0.5798915735777912, 'generation': 501}","{'id': 22155, 'rank': 15, 'fitness': 0.4836517536393447, 'generation': 501}","{'id': 22146, 'rank': 16, 'fitness': 0.2990648269442121, 'generation': 501}","{'id': 22152, 'rank': 17, 'fitness': 0.21484563593462097, 'generation': 501}","{'id': 22142, 'rank': 18, 'fitness': 0.21079547990340086, 'generation': 501}","{'id': 22167, 'rank': 19, 'fitness': 0.19506795710194902, 'generation': 501}","{'id': 22156, 'rank': 20, 'fitness': 0.1735824001013847, 'generation': 501}","{'id': 22136, 'rank': 21, 'fitness': 0.12127460960378506, 'generation': 501}","{'id': 22162, 'rank': 22, 'fitness': 0.11910152304915878, 'generation': 501}","{'id': 22149, 'rank': 23, 'fitness': 0.10604563623746854, 'generation': 501}","{'id': 22134, 'rank': 24, 'fitness': 0.09862121158138426, 'generation': 501}","{'id': 22145, 'rank': 25, 'fitness': 0.07100048998272646, 'generation': 501}","{'id': 22139, 'rank': 26, 'fitness': 0.06602721599267358, 'generation': 501}","{'id': 22150, 'rank': 27, 'fitness': 0.06325568957509675, 'generation': 501}","{'id': 22144, 'rank': 28, 'fitness': 0.04891134232373012, 'generation': 501}","{'id': 22138, 'rank': 29, 'fitness': 0.031154803678595855, 'generation': 501}","{'id': 22143, 'rank': 30, 'fitness': 0.01798620996209155, 'generation': 501}"
"{'id': 22210, 'rank': 1, 'fitness': 0.9820137900379085, 'generation': 502}","{'id': 22216, 'rank': 2, 'fitness': 0.9764899374138367, 'generation': 502}","{'id': 22211, 'rank': 3, 'fitness': 0.7773684267541988, 'generation': 502}","{'id': 22189, 'rank': 4, 'fitness': 0.41703163318963, 'generation': 502}","{'id': 22197, 'rank': 5, 'fitness': 0.34614519636554675, 'generation': 502}","{'id': 22172, 'rank': 6, 'fitness': 0.2703356913579231, 'generation': 502}","{'id': 22169, 'rank': 7, 'fitness': 0.24896059956641214, 'generation': 502}","{'id': 22212, 'rank': 8, 'fitness': 0.14896045843365513, 'generation': 502}","{'id': 22170, 'rank': 9, 'fitness': 0.12419726039716261, 'generation': 502}","{'id': 22209, 'rank': 10, 'fitness': 0.12410558185747939, 'generation': 502}","{'id': 22200, 'rank': 11, 'fitness': 0.11129110626962907, 'generation': 502}","{'id': 22203, 'rank': 12, 'fitness': 0.10833079104370363, 'generation': 502}","{'id': 22206, 'rank': 13, 'fitness': 0.10253579650555661, 'generation': 502}","{'id': 22190, 'rank': 14, 'fitness': 0.08137086965385398, 'generation': 502}","{'id': 22174, 'rank': 15, 'fitness': 0.07675936340606593, 'generation': 502}","{'id': 22214, 'rank': 16, 'fitness': 0.07539766637812195, 'generation': 502}","{'id': 22187, 'rank': 17, 'fitness': 0.07154743108117789, 'generation': 502}","{'id': 22207, 'rank': 18, 'fitness': 0.06060340627775951, 'generation': 502}","{'id': 22183, 'rank': 19, 'fitness': 0.060222821860613396, 'generation': 502}","{'id': 22192, 'rank': 20, 'fitness': 0.05683339324910974, 'generation': 502}","{'id': 22182, 'rank': 21, 'fitness': 0.0528866076987104, 'generation': 502}","{'id': 22194, 'rank': 22, 'fitness': 0.05195279844722017, 'generation': 502}","{'id': 22198, 'rank': 23, 'fitness': 0.0490971267135174, 'generation': 502}","{'id': 22201, 'rank': 24, 'fitness': 0.04338297629197985, 'generation': 502}","{'id': 22213, 'rank': 25, 'fitness': 0.03585101252894829, 'generation': 502}","{'id': 22199, 'rank': 26, 'fitness': 0.034299507185491684, 'generation': 502}","{'id': 22193, 'rank': 27, 'fitness': 0.023787532031488035, 'generation': 502}","{'id': 22175, 'rank': 28, 'fitness': 0.022166544259357157, 'generation': 502}","{'id': 22185, 'rank': 29, 'fitness': 0.019670105712648545, 'generation': 502}","{'id': 22178, 'rank': 30, 'fitness': 0.01798620996209155, 'generation': 502}"
"{'id': 22223, 'rank': 1, 'fitness': 0.9820137900379085, 'generation': 503}","{'id': 22249, 'rank': 2, 'fitness': 0.9699782587036445, 'generation': 503}","{'id': 22239, 'rank': 3, 'fitness': 0.8639889728490043, 'generation': 503}","{'id': 22252, 'rank': 4, 'fitness': 0.8547865214890775, 'generation': 503}","{'id': 22243, 'rank': 5, 'fitness': 0.8494343108324611, 'generation': 503}","{'id': 22233, 'rank': 6, 'fitness': 0.8202534300751934, 'generation': 503}","{'id': 22245, 'rank': 7, 'fitness': 0.6876121909188724, 'generation': 503}","{'id': 22241, 'rank': 8, 'fitness': 0.6417903229814458, 'generation': 503}","{'id': 22240, 'rank': 9, 'fitness': 0.6349669001060757, 'generation': 503}","{'id': 22244, 'rank': 10, 'fitness': 0.47226251056167934, 'generation': 503}","{'id': 22250, 'rank': 11, 'fitness': 0.38301285855102263, 'generation': 503}","{'id': 22219, 'rank': 12, 'fitness': 0.3066770512306243, 'generation': 503}","{'id': 22230, 'rank': 13, 'fitness': 0.28043452690591564, 'generation': 503}","{'id': 22247, 'rank': 14, 'fitness': 0.27035518630167066, 'generation': 503}","{'id': 22232, 'rank': 15, 'fitness': 0.25598815289909427, 'generation': 503}","{'id': 22238, 'rank': 16, 'fitness': 0.2201501029308674, 'generation': 503}","{'id': 22253, 'rank': 17, 'fitness': 0.17415459856781895, 'generation': 503}","{'id': 22251, 'rank': 18, 'fitness': 0.1569692324620791, 'generation': 503}","{'id': 22246, 'rank': 19, 'fitness': 0.1560582803600734, 'generation': 503}","{'id': 22254, 'rank': 20, 'fitness': 0.15437615745369604, 'generation': 503}","{'id': 22218, 'rank': 21, 'fitness': 0.15378369295735517, 'generation': 503}","{'id': 22237, 'rank': 22, 'fitness': 0.14353896167610086, 'generation': 503}","{'id': 22229, 'rank': 23, 'fitness': 0.12043336877283811, 'generation': 503}","{'id': 22248, 'rank': 24, 'fitness': 0.11528409382104549, 'generation': 503}","{'id': 22236, 'rank': 25, 'fitness': 0.08193361174051361, 'generation': 503}","{'id': 22228, 'rank': 26, 'fitness': 0.08141321737252266, 'generation': 503}","{'id': 22227, 'rank': 27, 'fitness': 0.046135987150649316, 'generation': 503}","{'id': 22226, 'rank': 28, 'fitness': 0.0393902270753666, 'generation': 503}","{'id': 22224, 'rank': 29, 'fitness': 0.03591682870936158, 'generation': 503}","{'id': 22217, 'rank': 30, 'fitness': 0.01798620996209155, 'generation': 503}"
"{'id': 22259, 'rank': 1, 'fitness': 0.9820137900379085, 'generation': 504}","{'id': 22286, 'rank': 2, 'fitness': 0.9678629840018227, 'generation': 504}","{'id': 22285, 'rank': 3, 'fitness': 0.9643685858854021, 'generation': 504}","{'id': 22283, 'rank': 4, 'fitness': 0.9140228641973206, 'generation': 504}","{'id': 22290, 'rank': 5, 'fitness': 0.8907326255812227, 'generation': 504}","{'id': 22265, 'rank': 6, 'fitness': 0.7688933244400454, 'generation': 504}","{'id': 22282, 'rank': 7, 'fitness': 0.6683194258921114, 'generation': 504}","{'id': 22279, 'rank': 8, 'fitness': 0.6062219949522082, 'generation': 504}","{'id': 22297, 'rank': 9, 'fitness': 0.5897450678721794, 'generation': 504}","{'id': 22300, 'rank': 10, 'fitness': 0.5364473284283449, 'generation': 504}","{'id': 22257, 'rank': 11, 'fitness': 0.48919059464428916, 'generation': 504}","{'id': 22294, 'rank': 12, 'fitness': 0.36229420987334743, 'generation': 504}","{'id': 22298, 'rank': 13, 'fitness': 0.25832029824262515, 'generation': 504}","{'id': 22296, 'rank': 14, 'fitness': 0.22710138226843635, 'generation': 504}","{'id': 22261, 'rank': 15, 'fitness': 0.21369485978827896, 'generation': 504}","{'id': 22266, 'rank': 16, 'fitness': 0.15086450554400288, 'generation': 504}","{'id': 22264, 'rank': 17, 'fitness': 0.14427603238517445, 'generation': 504}","{'id': 22268, 'rank': 18, 'fitness': 0.1072235545075646, 'generation': 504}","{'id': 22273, 'rank': 19, 'fitness': 0.10579953845457507, 'generation': 504}","{'id': 22284, 'rank': 20, 'fitness': 0.09821232929040835, 'generation': 504}","{'id': 22295, 'rank': 21, 'fitness': 0.09222182894050679, 'generation': 504}","{'id': 22269, 'rank': 22, 'fitness': 0.07673071746630539, 'generation': 504}","{'id': 22281, 'rank': 23, 'fitness': 0.07431740364105477, 'generation': 504}","{'id': 22299, 'rank': 24, 'fitness': 0.06830645103302158, 'generation': 504}","{'id': 22289, 'rank': 25, 'fitness': 0.05293329996015678, 'generation': 504}","{'id': 22288, 'rank': 26, 'fitness': 0.04513270867363561, 'generation': 504}","{'id': 22293, 'rank': 27, 'fitness': 0.035802239192597285, 'generation': 504}","{'id': 22278, 'rank': 28, 'fitness': 0.028318169928090386, 'generation': 504}","{'id': 22274, 'rank': 29, 'fitness': 0.021951142521597133, 'generation': 504}","{'id': 22292, 'rank': 30, 'fitness': 0.01798620996209155, 'generation': 504}"
"{'id': 22328, 'rank': 1, 'fitness': 0.9820137900379085, 'generation': 505}","{'id': 22339, 'rank': 2, 'fitness': 0.9453717991561545, 'generation': 505}","{'id': 22327, 'rank': 3, 'fitness': 0.8962626585950577, 'generation': 505}","{'id': 22330, 'rank': 4, 'fitness': 0.8931148623089173, 'generation': 505}","{'id': 22333, 'rank': 5, 'fitness': 0.8621953885295495, 'generation': 505}","{'id': 22342, 'rank': 6, 'fitness': 0.7703276047069426, 'generation': 505}","{'id': 22340, 'rank': 7, 'fitness': 0.7221487169185644, 'generation': 505}","{'id': 22341, 'rank': 8, 'fitness': 0.5904415706453225, 'generation': 505}","{'id': 22320, 'rank': 9, 'fitness': 0.5616086935882222, 'generation': 505}","{'id': 22344, 'rank': 10, 'fitness': 0.4364352359123459, 'generation': 505}","{'id': 22332, 'rank': 11, 'fitness': 0.2685560061243929, 'generation': 505}","{'id': 22314, 'rank': 12, 'fitness': 0.21693162169404206, 'generation': 505}","{'id': 22319, 'rank': 13, 'fitness': 0.19259646237460393, 'generation': 505}","{'id': 22343, 'rank': 14, 'fitness': 0.1691256655262881, 'generation': 505}","{'id': 22311, 'rank': 15, 'fitness': 0.12726531064545044, 'generation': 505}","{'id': 22318, 'rank': 16, 'fitness': 0.12398315928253029, 'generation': 505}","{'id': 22309, 'rank': 17, 'fitness': 0.0886535679312015, 'generation': 505}","{'id': 22334, 'rank': 18, 'fitness': 0.08627959127323448, 'generation': 505}","{'id': 22321, 'rank': 19, 'fitness': 0.07425554153826686, 'generation': 505}","{'id': 22305, 'rank': 20, 'fitness': 0.04441872105617928, 'generation': 505}","{'id': 22336, 'rank': 21, 'fitness': 0.035579067291503175, 'generation': 505}","{'id': 22316, 'rank': 22, 'fitness': 0.034414794888394884, 'generation': 505}","{'id': 22313, 'rank': 23, 'fitness': 0.03329776648500704, 'generation': 505}","{'id': 22329, 'rank': 24, 'fitness': 0.033268724335149935, 'generation': 505}","{'id': 22317, 'rank': 25, 'fitness': 0.03204686966992115, 'generation': 505}","{'id': 22302, 'rank': 26, 'fitness': 0.028823234068103387, 'generation': 505}","{'id': 22324, 'rank': 27, 'fitness': 0.028206342050176914, 'generation': 505}","{'id': 22325, 'rank': 28, 'fitness': 0.024540884746731606, 'generation': 505}","{'id': 22335, 'rank': 29, 'fitness': 0.022116339681859942, 'generation': 505}","{'id': 22312, 'rank': 30, 'fitness': 0.01798620996209155, 'generation': 505}"
"{'id': 22377, 'rank': 1, 'fitness': 0.9820137900379085, 'generation': 506}","{'id': 22374, 'rank': 2, 'fitness': 0.8666056806629016, 'generation': 506}","{'id': 22378, 'rank': 3, 'fitness': 0.825088966028944, 'generation': 506}","{'id': 22368, 'rank': 4, 'fitness': 0.731312468548214, 'generation': 506}","{'id': 22387, 'rank': 5, 'fitness': 0.3415390629182735, 'generation': 506}","{'id': 22360, 'rank': 6, 'fitness': 0.23805963148449027, 'generation': 506}","{'id': 22373, 'rank': 7, 'fitness': 0.230422144858147, 'generation': 506}","{'id': 22375, 'rank': 8, 'fitness': 0.20644029089837218, 'generation': 506}","{'id': 22359, 'rank': 9, 'fitness': 0.19278979749831926, 'generation': 506}","{'id': 22385, 'rank': 10, 'fitness': 0.18669230483011684, 'generation': 506}","{'id': 22384, 'rank': 11, 'fitness': 0.1491675564887157, 'generation': 506}","{'id': 22358, 'rank': 12, 'fitness': 0.1448819437098034, 'generation': 506}","{'id': 22391, 'rank': 13, 'fitness': 0.14254527544446127, 'generation': 506}","{'id': 22352, 'rank': 14, 'fitness': 0.12977992691589152, 'generation': 506}","{'id': 22366, 'rank': 15, 'fitness': 0.12076087896820958, 'generation': 506}","{'id': 22390, 'rank': 16, 'fitness': 0.12045775982443768, 'generation': 506}","{'id': 22386, 'rank': 17, 'fitness': 0.09580692386616257, 'generation': 506}","{'id': 22371, 'rank': 18, 'fitness': 0.07537198421843516, 'generation': 506}","{'id': 22389, 'rank': 19, 'fitness': 0.06978557253476919, 'generation': 506}","{'id': 22383, 'rank': 20, 'fitness': 0.06677815787823593, 'generation': 506}","{'id': 22376, 'rank': 21, 'fitness': 0.06612314525215757, 'generation': 506}","{'id': 22372, 'rank': 22, 'fitness': 0.05424289345476885, 'generation': 506}","{'id': 22356, 'rank': 23, 'fitness': 0.04969455525759908, 'generation': 506}","{'id': 22357, 'rank': 24, 'fitness': 0.04897515989648893, 'generation': 506}","{'id': 22362, 'rank': 25, 'fitness': 0.048188414090666376, 'generation': 506}","{'id': 22379, 'rank': 26, 'fitness': 0.02692525777782473, 'generation': 506}","{'id': 22361, 'rank': 27, 'fitness': 0.02154377575975619, 'generation': 506}","{'id': 22355, 'rank': 28, 'fitness': 0.020560175640386258, 'generation': 506}","{'id': 22363, 'rank': 29, 'fitness': 0.019420812602532977, 'generation': 506}","{'id': 22347, 'rank': 30, 'fitness': 0.01798620996209155, 'generation': 506}"
"{'id': 22423, 'rank': 1, 'fitness': 0.9820137900379085, 'generation': 507}","{'id': 22413, 'rank': 2, 'fitness': 0.9114912108917823, 'generation': 507}","{'id': 22426, 'rank': 3, 'fitness': 0.8104092413190505, 'generation': 507}","{'id': 22428, 'rank': 4, 'fitness': 0.7951401287898587, 'generation': 507}","{'id': 22421, 'rank': 5, 'fitness': 0.6537548695369839, 'generation': 507}","{'id': 22409, 'rank': 6, 'fitness': 0.5766488322327468, 'generation': 507}","{'id': 22410, 'rank': 7, 'fitness': 0.5213817200527754, 'generation': 507}","{'id': 22407, 'rank': 8, 'fitness': 0.48980176932979075, 'generation': 507}","{'id': 22394, 'rank': 9, 'fitness': 0.41373980586301945, 'generation': 507}","{'id': 22416, 'rank': 10, 'fitness': 0.3490307609177357, 'generation': 507}","{'id': 22396, 'rank': 11, 'fitness': 0.2921580474552574, 'generation': 507}","{'id': 22408, 'rank': 12, 'fitness': 0.2309143309325009, 'generation': 507}","{'id': 22412, 'rank': 13, 'fitness': 0.20263577643722847, 'generation': 507}","{'id': 22406, 'rank': 14, 'fitness': 0.16075565840147227, 'generation': 507}","{'id': 22420, 'rank': 15, 'fitness': 0.10752364895128486, 'generation': 507}","{'id': 22417, 'rank': 16, 'fitness': 0.09940477791512892, 'generation': 507}","{'id': 22403, 'rank': 17, 'fitness': 0.0951796903233395, 'generation': 507}","{'id': 22419, 'rank': 18, 'fitness': 0.07706606111531306, 'generation': 507}","{'id': 22418, 'rank': 19, 'fitness': 0.07446190091918842, 'generation': 507}","{'id': 22393, 'rank': 20, 'fitness': 0.07253933284557662, 'generation': 507}","{'id': 22424, 'rank': 21, 'fitness': 0.0681844428697147, 'generation': 507}","{'id': 22399, 'rank': 22, 'fitness': 0.06101824593602195, 'generation': 507}","{'id': 22397, 'rank': 23, 'fitness': 0.05106012241148272, 'generation': 507}","{'id': 22427, 'rank': 24, 'fitness': 0.04848164708520608, 'generation': 507}","{'id': 22395, 'rank': 25, 'fitness': 0.04635475896789981, 'generation': 507}","{'id': 22398, 'rank': 26, 'fitness': 0.04355460396835448, 'generation': 507}","{'id': 22405, 'rank': 27, 'fitness': 0.03554503597145531, 'generation': 507}","{'id': 22415, 'rank': 28, 'fitness': 0.03348436584112824, 'generation': 507}","{'id': 22422, 'rank': 29, 'fitness': 0.026023017447663332, 'generation': 507}","{'id': 22425, 'rank': 30, 'fitness': 0.01798620996209155, 'generation': 507}"
"{'id': 22465, 'rank': 1, 'fitness': 0.9820137900379085, 'generation': 508}","{'id': 22447, 'rank': 2, 'fitness': 0.9706667148842465, 'generation': 508}","{'id': 22448, 'rank': 3, 'fitness': 0.6782762152067064, 'generation': 508}","{'id': 22436, 'rank': 4, 'fitness': 0.6485100224129515, 'generation': 508}","{'id': 22459, 'rank': 5, 'fitness': 0.6277210465618799, 'generation': 508}","{'id': 22453, 'rank': 6, 'fitness': 0.5939113603037551, 'generation': 508}","{'id': 22452, 'rank': 7, 'fitness': 0.5706385601284463, 'generation': 508}","{'id': 22468, 'rank': 8, 'fitness': 0.4800309445184695, 'generation': 508}","{'id': 22457, 'rank': 9, 'fitness': 0.45499876185269106, 'generation': 508}","{'id': 22456, 'rank': 10, 'fitness': 0.43729029334843905, 'generation': 508}","{'id': 22460, 'rank': 11, 'fitness': 0.4289527025634003, 'generation': 508}","{'id': 22454, 'rank': 12, 'fitness': 0.41827416935165496, 'generation': 508}","{'id': 22464, 'rank': 13, 'fitness': 0.34572670999013766, 'generation': 508}","{'id': 22466, 'rank': 14, 'fitness': 0.3198203506872933, 'generation': 508}","{'id': 22458, 'rank': 15, 'fitness': 0.30310945488255825, 'generation': 508}","{'id': 22442, 'rank': 16, 'fitness': 0.27855623474123914, 'generation': 508}","{'id': 22435, 'rank': 17, 'fitness': 0.26342912978746624, 'generation': 508}","{'id': 22450, 'rank': 18, 'fitness': 0.21019383094348326, 'generation': 508}","{'id': 22463, 'rank': 19, 'fitness': 0.13655534504604772, 'generation': 508}","{'id': 22429, 'rank': 20, 'fitness': 0.06710392101169549, 'generation': 508}","{'id': 22451, 'rank': 21, 'fitness': 0.06056999471071545, 'generation': 508}","{'id': 22449, 'rank': 22, 'fitness': 0.057064231186113534, 'generation': 508}","{'id': 22438, 'rank': 23, 'fitness': 0.0515263036035728, 'generation': 508}","{'id': 22440, 'rank': 24, 'fitness': 0.049883252188270055, 'generation': 508}","{'id': 22461, 'rank': 25, 'fitness': 0.037019126267604674, 'generation': 508}","{'id': 22439, 'rank': 26, 'fitness': 0.034665989774024464, 'generation': 508}","{'id': 22433, 'rank': 27, 'fitness': 0.034612602594226105, 'generation': 508}","{'id': 22446, 'rank': 28, 'fitness': 0.034590059700382314, 'generation': 508}","{'id': 22467, 'rank': 29, 'fitness': 0.01804911472247367, 'generation': 508}","{'id': 22437, 'rank': 30, 'fitness': 0.01798620996209155, 'generation': 508}"
"{'id': 22501, 'rank': 1, 'fitness': 0.9820137900379085, 'generation': 509}","{'id': 22506, 'rank': 2, 'fitness': 0.9287535243392129, 'generation': 509}","{'id': 22499, 'rank': 3, 'fitness': 0.9214310806015874, 'generation': 509}","{'id': 22508, 'rank': 4, 'fitness': 0.9019636632471029, 'generation': 509}","{'id': 22509, 'rank': 5, 'fitness': 0.8793986691575181, 'generation': 509}","{'id': 22500, 'rank': 6, 'fitness': 0.7878275237413206, 'generation': 509}","{'id': 22491, 'rank': 7, 'fitness': 0.6119226341342455, 'generation': 509}","{'id': 22488, 'rank': 8, 'fitness': 0.611276057979667, 'generation': 509}","{'id': 22505, 'rank': 9, 'fitness': 0.6026734991429628, 'generation': 509}","{'id': 22496, 'rank': 10, 'fitness': 0.5837314842294107, 'generation': 509}","{'id': 22474, 'rank': 11, 'fitness': 0.53955272432675, 'generation': 509}","{'id': 22507, 'rank': 12, 'fitness': 0.5009992911102626, 'generation': 509}","{'id': 22495, 'rank': 13, 'fitness': 0.44426296070308235, 'generation': 509}","{'id': 22504, 'rank': 14, 'fitness': 0.38516375225790656, 'generation': 509}","{'id': 22498, 'rank': 15, 'fitness': 0.34490151662814683, 'generation': 509}","{'id': 22482, 'rank': 16, 'fitness': 0.3237712557921576, 'generation': 509}","{'id': 22502, 'rank': 17, 'fitness': 0.3037195994915267, 'generation': 509}","{'id': 22494, 'rank': 18, 'fitness': 0.21082706968519288, 'generation': 509}","{'id': 22470, 'rank': 19, 'fitness': 0.20627159902081293, 'generation': 509}","{'id': 22489, 'rank': 20, 'fitness': 0.20422207998146885, 'generation': 509}","{'id': 22473, 'rank': 21, 'fitness': 0.1945865400635346, 'generation': 509}","{'id': 22469, 'rank': 22, 'fitness': 0.14108323255481547, 'generation': 509}","{'id': 22497, 'rank': 23, 'fitness': 0.13022558972963139, 'generation': 509}","{'id': 22479, 'rank': 24, 'fitness': 0.0688902317399015, 'generation': 509}","{'id': 22475, 'rank': 25, 'fitness': 0.06290209631751753, 'generation': 509}","{'id': 22485, 'rank': 26, 'fitness': 0.049612932748836214, 'generation': 509}","{'id': 22472, 'rank': 27, 'fitness': 0.04203295933023676, 'generation': 509}","{'id': 22490, 'rank': 28, 'fitness': 0.030508814155647213, 'generation': 509}","{'id': 22493, 'rank': 29, 'fitness': 0.027341407828776976, 'generation': 509}","{'id': 22477, 'rank': 30, 'fitness': 0.01798620996209155, 'generation': 509}"
"{'id': 22560, 'rank': 1, 'fitness': 0.9820137900379085, 'generation': 510}","{'id': 22546, 'rank': 2, 'fitness': 0.9779904675112157, 'generation': 510}","{'id': 22554, 'rank': 3, 'fitness': 0.9416498651858367, 'generation': 510}","{'id': 22516, 'rank': 4, 'fitness': 0.8928658276917132, 'generation': 510}","{'id': 22528, 'rank': 5, 'fitness': 0.772370835967279, 'generation': 510}","{'id': 22534, 'rank': 6, 'fitness': 0.6633427043371958, 'generation': 510}","{'id': 22550, 'rank': 7, 'fitness': 0.506120977000815, 'generation': 510}","{'id': 22551, 'rank': 8, 'fitness': 0.45934986546443457, 'generation': 510}","{'id': 22553, 'rank': 9, 'fitness': 0.33241593216477033, 'generation': 510}","{'id': 22540, 'rank': 10, 'fitness': 0.31607737291065563, 'generation': 510}","{'id': 22518, 'rank': 11, 'fitness': 0.30980710389952937, 'generation': 510}","{'id': 22533, 'rank': 12, 'fitness': 0.15884808093420633, 'generation': 510}","{'id': 22522, 'rank': 13, 'fitness': 0.15787308601803174, 'generation': 510}","{'id': 22559, 'rank': 14, 'fitness': 0.1437107003866956, 'generation': 510}","{'id': 22543, 'rank': 15, 'fitness': 0.1067623761968704, 'generation': 510}","{'id': 22526, 'rank': 16, 'fitness': 0.09303382915290082, 'generation': 510}","{'id': 22511, 'rank': 17, 'fitness': 0.09118321999648743, 'generation': 510}","{'id': 22535, 'rank': 18, 'fitness': 0.07665635350949263, 'generation': 510}","{'id': 22549, 'rank': 19, 'fitness': 0.04941052272472468, 'generation': 510}","{'id': 22556, 'rank': 20, 'fitness': 0.04271897387175155, 'generation': 510}","{'id': 22520, 'rank': 21, 'fitness': 0.03363387634941817, 'generation': 510}","{'id': 22555, 'rank': 22, 'fitness': 0.031164169160997957, 'generation': 510}","{'id': 22525, 'rank': 23, 'fitness': 0.03076430002555075, 'generation': 510}","{'id': 22530, 'rank': 24, 'fitness': 0.029098730005276074, 'generation': 510}","{'id': 22538, 'rank': 25, 'fitness': 0.028839854761156414, 'generation': 510}","{'id': 22547, 'rank': 26, 'fitness': 0.02801481953423851, 'generation': 510}","{'id': 22529, 'rank': 27, 'fitness': 0.02671101067816195, 'generation': 510}","{'id': 22539, 'rank': 28, 'fitness': 0.025545567330228114, 'generation': 510}","{'id': 22513, 'rank': 29, 'fitness': 0.01901940263029167, 'generation': 510}","{'id': 22517, 'rank': 30, 'fitness': 0.01798620996209155, 'generation': 510}"
"{'id': 22578, 'rank': 1, 'fitness': 0.9820137900379085, 'generation': 511}","{'id': 22565, 'rank': 2, 'fitness': 0.9484686022394755, 'generation': 511}","{'id': 22579, 'rank': 3, 'fitness': 0.7041066331935959, 'generation': 511}","{'id': 22587, 'rank': 4, 'fitness': 0.6957092999961304, 'generation': 511}","{'id': 22598, 'rank': 5, 'fitness': 0.6025080526978492, 'generation': 511}","{'id': 22597, 'rank': 6, 'fitness': 0.4721781441029675, 'generation': 511}","{'id': 22582, 'rank': 7, 'fitness': 0.4111239021867815, 'generation': 511}","{'id': 22588, 'rank': 8, 'fitness': 0.37146809605473874, 'generation': 511}","{'id': 22590, 'rank': 9, 'fitness': 0.2456053686483577, 'generation': 511}","{'id': 22564, 'rank': 10, 'fitness': 0.18449780562273121, 'generation': 511}","{'id': 22585, 'rank': 11, 'fitness': 0.1353797187361659, 'generation': 511}","{'id': 22577, 'rank': 12, 'fitness': 0.13389702934058412, 'generation': 511}","{'id': 22593, 'rank': 13, 'fitness': 0.13329424027472114, 'generation': 511}","{'id': 22600, 'rank': 14, 'fitness': 0.11174779038508093, 'generation': 511}","{'id': 22591, 'rank': 15, 'fitness': 0.05756491075874581, 'generation': 511}","{'id': 22581, 'rank': 16, 'fitness': 0.05193417424204161, 'generation': 511}","{'id': 22594, 'rank': 17, 'fitness': 0.05175520829975222, 'generation': 511}","{'id': 22601, 'rank': 18, 'fitness': 0.04810405107559407, 'generation': 511}","{'id': 22575, 'rank': 19, 'fitness': 0.04786096169686038, 'generation': 511}","{'id': 22562, 'rank': 20, 'fitness': 0.03893870201452987, 'generation': 511}","{'id': 22595, 'rank': 21, 'fitness': 0.03871877125217049, 'generation': 511}","{'id': 22592, 'rank': 22, 'fitness': 0.03791520520095076, 'generation': 511}","{'id': 22569, 'rank': 23, 'fitness': 0.02975548646273274, 'generation': 511}","{'id': 22566, 'rank': 24, 'fitness': 0.025480647572118376, 'generation': 511}","{'id': 22586, 'rank': 25, 'fitness': 0.02399891369434992, 'generation': 511}","{'id': 22596, 'rank': 26, 'fitness': 0.02274883253116139, 'generation': 511}","{'id': 22574, 'rank': 27, 'fitness': 0.020683155828084332, 'generation': 511}","{'id': 22583, 'rank': 28, 'fitness': 0.019786101417873292, 'generation': 511}","{'id': 22561, 'rank': 29, 'fitness': 0.018147892210819805, 'generation': 511}","{'id': 22603, 'rank': 30, 'fitness': 0.01798620996209155, 'generation': 511}"
"{'id': 22629, 'rank': 1, 'fitness': 0.9820137900379085, 'generation': 512}","{'id': 22638, 'rank': 2, 'fitness': 0.8793087245534994, 'generation': 512}","{'id': 22618, 'rank': 3, 'fitness': 0.86844657973009, 'generation': 512}","{'id': 22631, 'rank': 4, 'fitness': 0.8177112584722397, 'generation': 512}","{'id': 22635, 'rank': 5, 'fitness': 0.733602249252295, 'generation': 512}","{'id': 22614, 'rank': 6, 'fitness': 0.603736683473729, 'generation': 512}","{'id': 22617, 'rank': 7, 'fitness': 0.5536072230585952, 'generation': 512}","{'id': 22634, 'rank': 8, 'fitness': 0.523514986315428, 'generation': 512}","{'id': 22609, 'rank': 9, 'fitness': 0.4930216338729796, 'generation': 512}","{'id': 22620, 'rank': 10, 'fitness': 0.48692212328545575, 'generation': 512}","{'id': 22640, 'rank': 11, 'fitness': 0.4316152801984018, 'generation': 512}","{'id': 22626, 'rank': 12, 'fitness': 0.38517830634182443, 'generation': 512}","{'id': 22633, 'rank': 13, 'fitness': 0.3411180467635324, 'generation': 512}","{'id': 22623, 'rank': 14, 'fitness': 0.29014748612258034, 'generation': 512}","{'id': 22613, 'rank': 15, 'fitness': 0.28359956887292215, 'generation': 512}","{'id': 22612, 'rank': 16, 'fitness': 0.20934215656580585, 'generation': 512}","{'id': 22637, 'rank': 17, 'fitness': 0.1927401639920106, 'generation': 512}","{'id': 22627, 'rank': 18, 'fitness': 0.14403389702646752, 'generation': 512}","{'id': 22604, 'rank': 19, 'fitness': 0.13717164471215465, 'generation': 512}","{'id': 22636, 'rank': 20, 'fitness': 0.13297624894894855, 'generation': 512}","{'id': 22607, 'rank': 21, 'fitness': 0.09202769668740346, 'generation': 512}","{'id': 22622, 'rank': 22, 'fitness': 0.08237729085197026, 'generation': 512}","{'id': 22625, 'rank': 23, 'fitness': 0.07538673001528051, 'generation': 512}","{'id': 22611, 'rank': 24, 'fitness': 0.05531698181661393, 'generation': 512}","{'id': 22630, 'rank': 25, 'fitness': 0.0545970188551706, 'generation': 512}","{'id': 22628, 'rank': 26, 'fitness': 0.046679925848390036, 'generation': 512}","{'id': 22632, 'rank': 27, 'fitness': 0.044666463209873386, 'generation': 512}","{'id': 22606, 'rank': 28, 'fitness': 0.03589394864545392, 'generation': 512}","{'id': 22619, 'rank': 29, 'fitness': 0.018903373145663815, 'generation': 512}","{'id': 22639, 'rank': 30, 'fitness': 0.01798620996209155, 'generation': 512}"
"{'id': 22678, 'rank': 1, 'fitness': 0.9820137900379085, 'generation': 513}","{'id': 22658, 'rank': 2, 'fitness': 0.9807053360023108, 'generation': 513}","{'id': 22643, 'rank': 3, 'fitness': 0.9769053227246697, 'generation': 513}","{'id': 22673, 'rank': 4, 'fitness': 0.9759140849123784, 'generation': 513}","{'id': 22677, 'rank': 5, 'fitness': 0.9544384519756915, 'generation': 513}","{'id': 22679, 'rank': 6, 'fitness': 0.9474066668955436, 'generation': 513}","{'id': 22674, 'rank': 7, 'fitness': 0.887564444439134, 'generation': 513}","{'id': 22672, 'rank': 8, 'fitness': 0.7773542432546326, 'generation': 513}","{'id': 22662, 'rank': 9, 'fitness': 0.7019615589205263, 'generation': 513}","{'id': 22663, 'rank': 10, 'fitness': 0.659011090392079, 'generation': 513}","{'id': 22665, 'rank': 11, 'fitness': 0.537906129548394, 'generation': 513}","{'id': 22669, 'rank': 12, 'fitness': 0.5228411289735375, 'generation': 513}","{'id': 22644, 'rank': 13, 'fitness': 0.5112914768342931, 'generation': 513}","{'id': 22654, 'rank': 14, 'fitness': 0.49462097103578634, 'generation': 513}","{'id': 22666, 'rank': 15, 'fitness': 0.4317800889100381, 'generation': 513}","{'id': 22660, 'rank': 16, 'fitness': 0.24626206228115344, 'generation': 513}","{'id': 22661, 'rank': 17, 'fitness': 0.22661411642106694, 'generation': 513}","{'id': 22671, 'rank': 18, 'fitness': 0.21082438857968772, 'generation': 513}","{'id': 22667, 'rank': 19, 'fitness': 0.1989756527804828, 'generation': 513}","{'id': 22646, 'rank': 20, 'fitness': 0.15762545327400634, 'generation': 513}","{'id': 22652, 'rank': 21, 'fitness': 0.12230232126480711, 'generation': 513}","{'id': 22653, 'rank': 22, 'fitness': 0.09831786938947118, 'generation': 513}","{'id': 22676, 'rank': 23, 'fitness': 0.08604419156152066, 'generation': 513}","{'id': 22651, 'rank': 24, 'fitness': 0.04351799624721764, 'generation': 513}","{'id': 22657, 'rank': 25, 'fitness': 0.0356331802724662, 'generation': 513}","{'id': 22642, 'rank': 26, 'fitness': 0.03139228387673315, 'generation': 513}","{'id': 22670, 'rank': 27, 'fitness': 0.028890069821922437, 'generation': 513}","{'id': 22645, 'rank': 28, 'fitness': 0.025892349999287856, 'generation': 513}","{'id': 22668, 'rank': 29, 'fitness': 0.023529841366888293, 'generation': 513}","{'id': 22675, 'rank': 30, 'fitness': 0.01798620996209155, 'generation': 513}"
"{'id': 22714, 'rank': 1, 'fitness': 0.9820137900379085, 'generation': 514}","{'id': 22722, 'rank': 2, 'fitness': 0.9683636031813179, 'generation': 514}","{'id': 22721, 'rank': 3, 'fitness': 0.9491146896048139, 'generation': 514}","{'id': 22731, 'rank': 4, 'fitness': 0.9071233550526938, 'generation': 514}","{'id': 22728, 'rank': 5, 'fitness': 0.8129135909518856, 'generation': 514}","{'id': 22730, 'rank': 6, 'fitness': 0.7917861520237326, 'generation': 514}","{'id': 22729, 'rank': 7, 'fitness': 0.6295761931661326, 'generation': 514}","{'id': 22723, 'rank': 8, 'fitness': 0.5439276580433986, 'generation': 514}","{'id': 22726, 'rank': 9, 'fitness': 0.47921686231998273, 'generation': 514}","{'id': 22717, 'rank': 10, 'fitness': 0.26016648808214804, 'generation': 514}","{'id': 22733, 'rank': 11, 'fitness': 0.22986633939645867, 'generation': 514}","{'id': 22724, 'rank': 12, 'fitness': 0.18577971166700785, 'generation': 514}","{'id': 22683, 'rank': 13, 'fitness': 0.11181497062543938, 'generation': 514}","{'id': 22710, 'rank': 14, 'fitness': 0.10369063503750525, 'generation': 514}","{'id': 22699, 'rank': 15, 'fitness': 0.10002417548046794, 'generation': 514}","{'id': 22712, 'rank': 16, 'fitness': 0.08858908991035919, 'generation': 514}","{'id': 22725, 'rank': 17, 'fitness': 0.08107476461271945, 'generation': 514}","{'id': 22718, 'rank': 18, 'fitness': 0.07593712538787889, 'generation': 514}","{'id': 22690, 'rank': 19, 'fitness': 0.07509924420137548, 'generation': 514}","{'id': 22689, 'rank': 20, 'fitness': 0.0706824693034272, 'generation': 514}","{'id': 22706, 'rank': 21, 'fitness': 0.0514181544008076, 'generation': 514}","{'id': 22691, 'rank': 22, 'fitness': 0.047262797861674644, 'generation': 514}","{'id': 22711, 'rank': 23, 'fitness': 0.034901546153454754, 'generation': 514}","{'id': 22704, 'rank': 24, 'fitness': 0.03489631853115677, 'generation': 514}","{'id': 22685, 'rank': 25, 'fitness': 0.026914784603932262, 'generation': 514}","{'id': 22707, 'rank': 26, 'fitness': 0.025403735566975227, 'generation': 514}","{'id': 22702, 'rank': 27, 'fitness': 0.023726736982893792, 'generation': 514}","{'id': 22716, 'rank': 28, 'fitness': 0.020951975743140283, 'generation': 514}","{'id': 22682, 'rank': 29, 'fitness': 0.018657147401563323, 'generation': 514}","{'id': 22715, 'rank': 30, 'fitness': 0.01798620996209155, 'generation': 514}"
"{'id': 22766, 'rank': 1, 'fitness': 0.9820137900379085, 'generation': 515}","{'id': 22770, 'rank': 2, 'fitness': 0.9430465445858928, 'generation': 515}","{'id': 22761, 'rank': 3, 'fitness': 0.7837937126057726, 'generation': 515}","{'id': 22777, 'rank': 4, 'fitness': 0.7006598514495989, 'generation': 515}","{'id': 22768, 'rank': 5, 'fitness': 0.46400258034966246, 'generation': 515}","{'id': 22758, 'rank': 6, 'fitness': 0.4561258925812565, 'generation': 515}","{'id': 22771, 'rank': 7, 'fitness': 0.4237405672723077, 'generation': 515}","{'id': 22760, 'rank': 8, 'fitness': 0.3006784620506332, 'generation': 515}","{'id': 22735, 'rank': 9, 'fitness': 0.29803731173203263, 'generation': 515}","{'id': 22741, 'rank': 10, 'fitness': 0.2866803255058462, 'generation': 515}","{'id': 22764, 'rank': 11, 'fitness': 0.26029814559954406, 'generation': 515}","{'id': 22756, 'rank': 12, 'fitness': 0.24007102231993022, 'generation': 515}","{'id': 22748, 'rank': 13, 'fitness': 0.2326473638107836, 'generation': 515}","{'id': 22759, 'rank': 14, 'fitness': 0.22799753473353707, 'generation': 515}","{'id': 22769, 'rank': 15, 'fitness': 0.20890421843307133, 'generation': 515}","{'id': 22775, 'rank': 16, 'fitness': 0.2019591790126275, 'generation': 515}","{'id': 22765, 'rank': 17, 'fitness': 0.1619568763904995, 'generation': 515}","{'id': 22750, 'rank': 18, 'fitness': 0.14277717158621583, 'generation': 515}","{'id': 22751, 'rank': 19, 'fitness': 0.11517651526084172, 'generation': 515}","{'id': 22753, 'rank': 20, 'fitness': 0.08333242663705442, 'generation': 515}","{'id': 22773, 'rank': 21, 'fitness': 0.07056894296497845, 'generation': 515}","{'id': 22763, 'rank': 22, 'fitness': 0.0543971007933986, 'generation': 515}","{'id': 22755, 'rank': 23, 'fitness': 0.052296286245869406, 'generation': 515}","{'id': 22757, 'rank': 24, 'fitness': 0.04331197856891611, 'generation': 515}","{'id': 22749, 'rank': 25, 'fitness': 0.035612045822183636, 'generation': 515}","{'id': 22754, 'rank': 26, 'fitness': 0.03406509396639823, 'generation': 515}","{'id': 22745, 'rank': 27, 'fitness': 0.030666864631940127, 'generation': 515}","{'id': 22774, 'rank': 28, 'fitness': 0.019001909299277364, 'generation': 515}","{'id': 22737, 'rank': 29, 'fitness': 0.018588942358911675, 'generation': 515}","{'id': 22776, 'rank': 30, 'fitness': 0.01798620996209155, 'generation': 515}"
"{'id': 22803, 'rank': 1, 'fitness': 0.9820137900379085, 'generation': 516}","{'id': 22792, 'rank': 2, 'fitness': 0.9790339124386142, 'generation': 516}","{'id': 22796, 'rank': 3, 'fitness': 0.9522995615177575, 'generation': 516}","{'id': 22793, 'rank': 4, 'fitness': 0.9495657210050529, 'generation': 516}","{'id': 22806, 'rank': 5, 'fitness': 0.9370248588181097, 'generation': 516}","{'id': 22815, 'rank': 6, 'fitness': 0.8156738060180055, 'generation': 516}","{'id': 22813, 'rank': 7, 'fitness': 0.7796313175861912, 'generation': 516}","{'id': 22811, 'rank': 8, 'fitness': 0.7537387042639754, 'generation': 516}","{'id': 22807, 'rank': 9, 'fitness': 0.7177960169836505, 'generation': 516}","{'id': 22810, 'rank': 10, 'fitness': 0.6573761416565966, 'generation': 516}","{'id': 22804, 'rank': 11, 'fitness': 0.6439281354591562, 'generation': 516}","{'id': 22805, 'rank': 12, 'fitness': 0.6409087651969043, 'generation': 516}","{'id': 22795, 'rank': 13, 'fitness': 0.6130733919225012, 'generation': 516}","{'id': 22801, 'rank': 14, 'fitness': 0.5720616302776361, 'generation': 516}","{'id': 22778, 'rank': 15, 'fitness': 0.557017235615977, 'generation': 516}","{'id': 22787, 'rank': 16, 'fitness': 0.46396289260370843, 'generation': 516}","{'id': 22809, 'rank': 17, 'fitness': 0.46276289903077494, 'generation': 516}","{'id': 22802, 'rank': 18, 'fitness': 0.43958903958212003, 'generation': 516}","{'id': 22808, 'rank': 19, 'fitness': 0.3104052678517496, 'generation': 516}","{'id': 22794, 'rank': 20, 'fitness': 0.25339736535800134, 'generation': 516}","{'id': 22785, 'rank': 21, 'fitness': 0.1828267278879015, 'generation': 516}","{'id': 22790, 'rank': 22, 'fitness': 0.1424931485614389, 'generation': 516}","{'id': 22814, 'rank': 23, 'fitness': 0.13866426166998946, 'generation': 516}","{'id': 22781, 'rank': 24, 'fitness': 0.13491290526883815, 'generation': 516}","{'id': 22799, 'rank': 25, 'fitness': 0.08031621067611694, 'generation': 516}","{'id': 22812, 'rank': 26, 'fitness': 0.0575689963751187, 'generation': 516}","{'id': 22783, 'rank': 27, 'fitness': 0.043839172261465775, 'generation': 516}","{'id': 22779, 'rank': 28, 'fitness': 0.038497689719131534, 'generation': 516}","{'id': 22797, 'rank': 29, 'fitness': 0.03157773963024668, 'generation': 516}","{'id': 22784, 'rank': 30, 'fitness': 0.01798620996209155, 'generation': 516}"
"{'id': 22852, 'rank': 1, 'fitness': 0.9820137900379085, 'generation': 517}","{'id': 22862, 'rank': 2, 'fitness': 0.981152502592387, 'generation': 517}","{'id': 22846, 'rank': 3, 'fitness': 0.9783143073794978, 'generation': 517}","{'id': 22861, 'rank': 4, 'fitness': 0.917090579423481, 'generation': 517}","{'id': 22840, 'rank': 5, 'fitness': 0.9078206741550927, 'generation': 517}","{'id': 22832, 'rank': 6, 'fitness': 0.8894683889625556, 'generation': 517}","{'id': 22865, 'rank': 7, 'fitness': 0.889257683897908, 'generation': 517}","{'id': 22830, 'rank': 8, 'fitness': 0.8781232930291609, 'generation': 517}","{'id': 22866, 'rank': 9, 'fitness': 0.5919404193019092, 'generation': 517}","{'id': 22833, 'rank': 10, 'fitness': 0.5611147023339658, 'generation': 517}","{'id': 22836, 'rank': 11, 'fitness': 0.5094934904039939, 'generation': 517}","{'id': 22850, 'rank': 12, 'fitness': 0.37283219767338527, 'generation': 517}","{'id': 22857, 'rank': 13, 'fitness': 0.2660538409400983, 'generation': 517}","{'id': 22844, 'rank': 14, 'fitness': 0.1154628636222918, 'generation': 517}","{'id': 22843, 'rank': 15, 'fitness': 0.10199173248090515, 'generation': 517}","{'id': 22842, 'rank': 16, 'fitness': 0.10180527944386253, 'generation': 517}","{'id': 22821, 'rank': 17, 'fitness': 0.10086277260792603, 'generation': 517}","{'id': 22848, 'rank': 18, 'fitness': 0.08947039746175395, 'generation': 517}","{'id': 22849, 'rank': 19, 'fitness': 0.08550018358426148, 'generation': 517}","{'id': 22854, 'rank': 20, 'fitness': 0.04644944864785855, 'generation': 517}","{'id': 22817, 'rank': 21, 'fitness': 0.04262485119982784, 'generation': 517}","{'id': 22823, 'rank': 22, 'fitness': 0.03595951385062157, 'generation': 517}","{'id': 22819, 'rank': 23, 'fitness': 0.03256442329206388, 'generation': 517}","{'id': 22828, 'rank': 24, 'fitness': 0.030931251102625734, 'generation': 517}","{'id': 22841, 'rank': 25, 'fitness': 0.028999070034841645, 'generation': 517}","{'id': 22838, 'rank': 26, 'fitness': 0.027586115438873793, 'generation': 517}","{'id': 22856, 'rank': 27, 'fitness': 0.02609505192690509, 'generation': 517}","{'id': 22827, 'rank': 28, 'fitness': 0.025103735648488834, 'generation': 517}","{'id': 22825, 'rank': 29, 'fitness': 0.020181745656559058, 'generation': 517}","{'id': 22837, 'rank': 30, 'fitness': 0.01798620996209155, 'generation': 517}"
"{'id': 22903, 'rank': 1, 'fitness': 0.9820137900379085, 'generation': 518}","{'id': 22915, 'rank': 2, 'fitness': 0.815824932666011, 'generation': 518}","{'id': 22886, 'rank': 3, 'fitness': 0.8151442751884382, 'generation': 518}","{'id': 22900, 'rank': 4, 'fitness': 0.756705793393921, 'generation': 518}","{'id': 22896, 'rank': 5, 'fitness': 0.7053953161710624, 'generation': 518}","{'id': 22909, 'rank': 6, 'fitness': 0.666863206755727, 'generation': 518}","{'id': 22905, 'rank': 7, 'fitness': 0.6658377875043231, 'generation': 518}","{'id': 22894, 'rank': 8, 'fitness': 0.646539433786517, 'generation': 518}","{'id': 22890, 'rank': 9, 'fitness': 0.445826641690742, 'generation': 518}","{'id': 22908, 'rank': 10, 'fitness': 0.3698517737444593, 'generation': 518}","{'id': 22910, 'rank': 11, 'fitness': 0.36604837520478756, 'generation': 518}","{'id': 22914, 'rank': 12, 'fitness': 0.3660021367797891, 'generation': 518}","{'id': 22897, 'rank': 13, 'fitness': 0.273495620689833, 'generation': 518}","{'id': 22912, 'rank': 14, 'fitness': 0.24099958452003722, 'generation': 518}","{'id': 22893, 'rank': 15, 'fitness': 0.17543867410049668, 'generation': 518}","{'id': 22904, 'rank': 16, 'fitness': 0.15905026940378908, 'generation': 518}","{'id': 22879, 'rank': 17, 'fitness': 0.1325612571238315, 'generation': 518}","{'id': 22907, 'rank': 18, 'fitness': 0.12831989509293806, 'generation': 518}","{'id': 22913, 'rank': 19, 'fitness': 0.1213816013083921, 'generation': 518}","{'id': 22895, 'rank': 20, 'fitness': 0.11428948385369436, 'generation': 518}","{'id': 22875, 'rank': 21, 'fitness': 0.10116023588331491, 'generation': 518}","{'id': 22898, 'rank': 22, 'fitness': 0.09658193129689896, 'generation': 518}","{'id': 22881, 'rank': 23, 'fitness': 0.0865065047107525, 'generation': 518}","{'id': 22911, 'rank': 24, 'fitness': 0.07702713708183684, 'generation': 518}","{'id': 22901, 'rank': 25, 'fitness': 0.04933338616292299, 'generation': 518}","{'id': 22887, 'rank': 26, 'fitness': 0.047192763060226794, 'generation': 518}","{'id': 22899, 'rank': 27, 'fitness': 0.0456999541959735, 'generation': 518}","{'id': 22871, 'rank': 28, 'fitness': 0.04388900329814738, 'generation': 518}","{'id': 22892, 'rank': 29, 'fitness': 0.025985592554959747, 'generation': 518}","{'id': 22885, 'rank': 30, 'fitness': 0.01798620996209155, 'generation': 518}"
"{'id': 22941, 'rank': 1, 'fitness': 0.9820137900379085, 'generation': 519}","{'id': 22957, 'rank': 2, 'fitness': 0.9040299426540904, 'generation': 519}","{'id': 22939, 'rank': 3, 'fitness': 0.8926717375714436, 'generation': 519}","{'id': 22923, 'rank': 4, 'fitness': 0.7834568222757998, 'generation': 519}","{'id': 22926, 'rank': 5, 'fitness': 0.6727615026614938, 'generation': 519}","{'id': 22956, 'rank': 6, 'fitness': 0.5541619218185879, 'generation': 519}","{'id': 22953, 'rank': 7, 'fitness': 0.4746954180070699, 'generation': 519}","{'id': 22951, 'rank': 8, 'fitness': 0.45221651284812336, 'generation': 519}","{'id': 22959, 'rank': 9, 'fitness': 0.4386422651140971, 'generation': 519}","{'id': 22917, 'rank': 10, 'fitness': 0.3296848451017336, 'generation': 519}","{'id': 22943, 'rank': 11, 'fitness': 0.31476657851149115, 'generation': 519}","{'id': 22944, 'rank': 12, 'fitness': 0.30481018985489056, 'generation': 519}","{'id': 22945, 'rank': 13, 'fitness': 0.2849920483189715, 'generation': 519}","{'id': 22928, 'rank': 14, 'fitness': 0.19305631790939193, 'generation': 519}","{'id': 22916, 'rank': 15, 'fitness': 0.16793074436662492, 'generation': 519}","{'id': 22948, 'rank': 16, 'fitness': 0.1557740448644117, 'generation': 519}","{'id': 22942, 'rank': 17, 'fitness': 0.15296742388571127, 'generation': 519}","{'id': 22938, 'rank': 18, 'fitness': 0.12898648339430352, 'generation': 519}","{'id': 22960, 'rank': 19, 'fitness': 0.11185803540459255, 'generation': 519}","{'id': 22946, 'rank': 20, 'fitness': 0.08897602297148527, 'generation': 519}","{'id': 22936, 'rank': 21, 'fitness': 0.08350278730210181, 'generation': 519}","{'id': 22925, 'rank': 22, 'fitness': 0.06281907615474591, 'generation': 519}","{'id': 22935, 'rank': 23, 'fitness': 0.04515099364522934, 'generation': 519}","{'id': 22933, 'rank': 24, 'fitness': 0.0448151972178919, 'generation': 519}","{'id': 22958, 'rank': 25, 'fitness': 0.037062073506965665, 'generation': 519}","{'id': 22955, 'rank': 26, 'fitness': 0.031772524633058186, 'generation': 519}","{'id': 22937, 'rank': 27, 'fitness': 0.030022417363828435, 'generation': 519}","{'id': 22934, 'rank': 28, 'fitness': 0.025605700653083707, 'generation': 519}","{'id': 22949, 'rank': 29, 'fitness': 0.025473243428188685, 'generation': 519}","{'id': 22930, 'rank': 30, 'fitness': 0.01798620996209155, 'generation': 519}"
"{'id': 22973, 'rank': 1, 'fitness': 0.9820137900379085, 'generation': 520}","{'id': 23008, 'rank': 2, 'fitness': 0.9805390776816552, 'generation': 520}","{'id': 23006, 'rank': 3, 'fitness': 0.9769208172717798, 'generation': 520}","{'id': 22995, 'rank': 4, 'fitness': 0.9641012195608678, 'generation': 520}","{'id': 22988, 'rank': 5, 'fitness': 0.9367894258896021, 'generation': 520}","{'id': 22992, 'rank': 6, 'fitness': 0.880171833359051, 'generation': 520}","{'id': 23002, 'rank': 7, 'fitness': 0.8596537808898363, 'generation': 520}","{'id': 22979, 'rank': 8, 'fitness': 0.8118026805736893, 'generation': 520}","{'id': 22989, 'rank': 9, 'fitness': 0.8033279462739926, 'generation': 520}","{'id': 23004, 'rank': 10, 'fitness': 0.7775200624994876, 'generation': 520}","{'id': 22968, 'rank': 11, 'fitness': 0.6627126953630793, 'generation': 520}","{'id': 23001, 'rank': 12, 'fitness': 0.6124571081440943, 'generation': 520}","{'id': 22967, 'rank': 13, 'fitness': 0.49910739404390236, 'generation': 520}","{'id': 23007, 'rank': 14, 'fitness': 0.49144927815885686, 'generation': 520}","{'id': 23009, 'rank': 15, 'fitness': 0.4886542471539676, 'generation': 520}","{'id': 23000, 'rank': 16, 'fitness': 0.3884531303544258, 'generation': 520}","{'id': 23003, 'rank': 17, 'fitness': 0.37187633354400995, 'generation': 520}","{'id': 22978, 'rank': 18, 'fitness': 0.36847745873295, 'generation': 520}","{'id': 22991, 'rank': 19, 'fitness': 0.23423428023070392, 'generation': 520}","{'id': 22999, 'rank': 20, 'fitness': 0.21272092694896616, 'generation': 520}","{'id': 22996, 'rank': 21, 'fitness': 0.19038166117312683, 'generation': 520}","{'id': 22962, 'rank': 22, 'fitness': 0.06514607441344145, 'generation': 520}","{'id': 23005, 'rank': 23, 'fitness': 0.05899739307626639, 'generation': 520}","{'id': 22976, 'rank': 24, 'fitness': 0.03772465023224364, 'generation': 520}","{'id': 22982, 'rank': 25, 'fitness': 0.03328915144641764, 'generation': 520}","{'id': 22984, 'rank': 26, 'fitness': 0.02972935062493892, 'generation': 520}","{'id': 22986, 'rank': 27, 'fitness': 0.021605025135452594, 'generation': 520}","{'id': 22987, 'rank': 28, 'fitness': 0.02082772216542733, 'generation': 520}","{'id': 22980, 'rank': 29, 'fitness': 0.020051300053662457, 'generation': 520}","{'id': 22961, 'rank': 30, 'fitness': 0.01798620996209155, 'generation': 520}"
"{'id': 23058, 'rank': 1, 'fitness': 0.9820137900379085, 'generation': 521}","{'id': 23015, 'rank': 2, 'fitness': 0.9132453656125605, 'generation': 521}","{'id': 23048, 'rank': 3, 'fitness': 0.892698009484476, 'generation': 521}","{'id': 23061, 'rank': 4, 'fitness': 0.8909700799508211, 'generation': 521}","{'id': 23042, 'rank': 5, 'fitness': 0.8614526919183254, 'generation': 521}","{'id': 23053, 'rank': 6, 'fitness': 0.618570998756591, 'generation': 521}","{'id': 23024, 'rank': 7, 'fitness': 0.4953634365319302, 'generation': 521}","{'id': 23018, 'rank': 8, 'fitness': 0.46197178348720364, 'generation': 521}","{'id': 23044, 'rank': 9, 'fitness': 0.43747584729873634, 'generation': 521}","{'id': 23064, 'rank': 10, 'fitness': 0.4087529048319281, 'generation': 521}","{'id': 23046, 'rank': 11, 'fitness': 0.3756142801246958, 'generation': 521}","{'id': 23047, 'rank': 12, 'fitness': 0.35205159991227425, 'generation': 521}","{'id': 23038, 'rank': 13, 'fitness': 0.33214459382496375, 'generation': 521}","{'id': 23034, 'rank': 14, 'fitness': 0.32282917702248715, 'generation': 521}","{'id': 23059, 'rank': 15, 'fitness': 0.13726773393489955, 'generation': 521}","{'id': 23062, 'rank': 16, 'fitness': 0.11898865505561163, 'generation': 521}","{'id': 23050, 'rank': 17, 'fitness': 0.11783324933282296, 'generation': 521}","{'id': 23063, 'rank': 18, 'fitness': 0.11738509822708049, 'generation': 521}","{'id': 23056, 'rank': 19, 'fitness': 0.10619891975552836, 'generation': 521}","{'id': 23022, 'rank': 20, 'fitness': 0.08357591406507053, 'generation': 521}","{'id': 23016, 'rank': 21, 'fitness': 0.08284287410367869, 'generation': 521}","{'id': 23012, 'rank': 22, 'fitness': 0.07166688342667654, 'generation': 521}","{'id': 23060, 'rank': 23, 'fitness': 0.06514690726659983, 'generation': 521}","{'id': 23040, 'rank': 24, 'fitness': 0.05848899681524067, 'generation': 521}","{'id': 23051, 'rank': 25, 'fitness': 0.05053130129287681, 'generation': 521}","{'id': 23045, 'rank': 26, 'fitness': 0.04697299489374529, 'generation': 521}","{'id': 23037, 'rank': 27, 'fitness': 0.038162232913172944, 'generation': 521}","{'id': 23023, 'rank': 28, 'fitness': 0.027539257212549295, 'generation': 521}","{'id': 23041, 'rank': 29, 'fitness': 0.02301298666928181, 'generation': 521}","{'id': 23019, 'rank': 30, 'fitness': 0.01798620996209155, 'generation': 521}"
"{'id': 23100, 'rank': 1, 'fitness': 0.9820137900379085, 'generation': 522}","{'id': 23066, 'rank': 2, 'fitness': 0.9726428330902576, 'generation': 522}","{'id': 23109, 'rank': 3, 'fitness': 0.9679787552637336, 'generation': 522}","{'id': 23084, 'rank': 4, 'fitness': 0.6999619774385968, 'generation': 522}","{'id': 23089, 'rank': 5, 'fitness': 0.6162702307741623, 'generation': 522}","{'id': 23078, 'rank': 6, 'fitness': 0.5384156548716884, 'generation': 522}","{'id': 23105, 'rank': 7, 'fitness': 0.4904718309503199, 'generation': 522}","{'id': 23094, 'rank': 8, 'fitness': 0.237858081824666, 'generation': 522}","{'id': 23110, 'rank': 9, 'fitness': 0.1554505231004344, 'generation': 522}","{'id': 23106, 'rank': 10, 'fitness': 0.1466507256296612, 'generation': 522}","{'id': 23097, 'rank': 11, 'fitness': 0.14511402386861572, 'generation': 522}","{'id': 23077, 'rank': 12, 'fitness': 0.13087018105903853, 'generation': 522}","{'id': 23093, 'rank': 13, 'fitness': 0.11797044889116232, 'generation': 522}","{'id': 23104, 'rank': 14, 'fitness': 0.10543500591703237, 'generation': 522}","{'id': 23103, 'rank': 15, 'fitness': 0.08650350704352239, 'generation': 522}","{'id': 23091, 'rank': 16, 'fitness': 0.08486294695699337, 'generation': 522}","{'id': 23081, 'rank': 17, 'fitness': 0.07912451811423415, 'generation': 522}","{'id': 23075, 'rank': 18, 'fitness': 0.06864641810803512, 'generation': 522}","{'id': 23087, 'rank': 19, 'fitness': 0.0573965356456379, 'generation': 522}","{'id': 23070, 'rank': 20, 'fitness': 0.04876877454781636, 'generation': 522}","{'id': 23083, 'rank': 21, 'fitness': 0.04425142068872534, 'generation': 522}","{'id': 23080, 'rank': 22, 'fitness': 0.04220901817850026, 'generation': 522}","{'id': 23076, 'rank': 23, 'fitness': 0.03807021711458092, 'generation': 522}","{'id': 23086, 'rank': 24, 'fitness': 0.03225078207419996, 'generation': 522}","{'id': 23082, 'rank': 25, 'fitness': 0.029644515344535882, 'generation': 522}","{'id': 23092, 'rank': 26, 'fitness': 0.02491127864653797, 'generation': 522}","{'id': 23102, 'rank': 27, 'fitness': 0.023336384645891828, 'generation': 522}","{'id': 23090, 'rank': 28, 'fitness': 0.019620396652347716, 'generation': 522}","{'id': 23069, 'rank': 29, 'fitness': 0.019171622034533875, 'generation': 522}","{'id': 23065, 'rank': 30, 'fitness': 0.01798620996209155, 'generation': 522}"
"{'id': 23141, 'rank': 1, 'fitness': 0.9820137900379085, 'generation': 523}","{'id': 23139, 'rank': 2, 'fitness': 0.8947800448774799, 'generation': 523}","{'id': 23143, 'rank': 3, 'fitness': 0.6189230992532637, 'generation': 523}","{'id': 23131, 'rank': 4, 'fitness': 0.5885716605410566, 'generation': 523}","{'id': 23142, 'rank': 5, 'fitness': 0.537551015987502, 'generation': 523}","{'id': 23133, 'rank': 6, 'fitness': 0.4242023673145587, 'generation': 523}","{'id': 23129, 'rank': 7, 'fitness': 0.30974126764735016, 'generation': 523}","{'id': 23122, 'rank': 8, 'fitness': 0.282243212398604, 'generation': 523}","{'id': 23137, 'rank': 9, 'fitness': 0.24306033126518117, 'generation': 523}","{'id': 23113, 'rank': 10, 'fitness': 0.21070435863955395, 'generation': 523}","{'id': 23147, 'rank': 11, 'fitness': 0.17932460555079732, 'generation': 523}","{'id': 23117, 'rank': 12, 'fitness': 0.17106955179878292, 'generation': 523}","{'id': 23146, 'rank': 13, 'fitness': 0.12961183742490584, 'generation': 523}","{'id': 23140, 'rank': 14, 'fitness': 0.1231731876872369, 'generation': 523}","{'id': 23136, 'rank': 15, 'fitness': 0.11621543528466166, 'generation': 523}","{'id': 23148, 'rank': 16, 'fitness': 0.09772672113303199, 'generation': 523}","{'id': 23118, 'rank': 17, 'fitness': 0.09425136394375211, 'generation': 523}","{'id': 23144, 'rank': 18, 'fitness': 0.08384694082565314, 'generation': 523}","{'id': 23125, 'rank': 19, 'fitness': 0.08178236409481787, 'generation': 523}","{'id': 23116, 'rank': 20, 'fitness': 0.08143525554386893, 'generation': 523}","{'id': 23112, 'rank': 21, 'fitness': 0.060272859882973706, 'generation': 523}","{'id': 23145, 'rank': 22, 'fitness': 0.053179968595970295, 'generation': 523}","{'id': 23138, 'rank': 23, 'fitness': 0.04281179556015474, 'generation': 523}","{'id': 23123, 'rank': 24, 'fitness': 0.0389205450189406, 'generation': 523}","{'id': 23121, 'rank': 25, 'fitness': 0.037317557801400114, 'generation': 523}","{'id': 23111, 'rank': 26, 'fitness': 0.032297811485133665, 'generation': 523}","{'id': 23134, 'rank': 27, 'fitness': 0.020540971608115632, 'generation': 523}","{'id': 23130, 'rank': 28, 'fitness': 0.0200221773842727, 'generation': 523}","{'id': 23135, 'rank': 29, 'fitness': 0.01992212275343702, 'generation': 523}","{'id': 23149, 'rank': 30, 'fitness': 0.01798620996209155, 'generation': 523}"
"{'id': 23182, 'rank': 1, 'fitness': 0.9820137900379085, 'generation': 524}","{'id': 23174, 'rank': 2, 'fitness': 0.9782638819611214, 'generation': 524}","{'id': 23183, 'rank': 3, 'fitness': 0.9753572569152162, 'generation': 524}","{'id': 23185, 'rank': 4, 'fitness': 0.9605080595929179, 'generation': 524}","{'id': 23173, 'rank': 5, 'fitness': 0.887073375351251, 'generation': 524}","{'id': 23154, 'rank': 6, 'fitness': 0.8546007957549706, 'generation': 524}","{'id': 23162, 'rank': 7, 'fitness': 0.8126398676938708, 'generation': 524}","{'id': 23158, 'rank': 8, 'fitness': 0.7731533487248488, 'generation': 524}","{'id': 23175, 'rank': 9, 'fitness': 0.7105828575309618, 'generation': 524}","{'id': 23187, 'rank': 10, 'fitness': 0.5888501474973522, 'generation': 524}","{'id': 23179, 'rank': 11, 'fitness': 0.5666703111132949, 'generation': 524}","{'id': 23181, 'rank': 12, 'fitness': 0.5381701477801131, 'generation': 524}","{'id': 23172, 'rank': 13, 'fitness': 0.4929464819835563, 'generation': 524}","{'id': 23186, 'rank': 14, 'fitness': 0.4788384884345057, 'generation': 524}","{'id': 23165, 'rank': 15, 'fitness': 0.4427341858202745, 'generation': 524}","{'id': 23168, 'rank': 16, 'fitness': 0.40803813518482707, 'generation': 524}","{'id': 23171, 'rank': 17, 'fitness': 0.38066746349117886, 'generation': 524}","{'id': 23155, 'rank': 18, 'fitness': 0.2369453759754626, 'generation': 524}","{'id': 23184, 'rank': 19, 'fitness': 0.15539683894632517, 'generation': 524}","{'id': 23177, 'rank': 20, 'fitness': 0.14534926469534049, 'generation': 524}","{'id': 23161, 'rank': 21, 'fitness': 0.11463350620452295, 'generation': 524}","{'id': 23169, 'rank': 22, 'fitness': 0.07847990430190349, 'generation': 524}","{'id': 23164, 'rank': 23, 'fitness': 0.054056446246975476, 'generation': 524}","{'id': 23157, 'rank': 24, 'fitness': 0.04789951097563672, 'generation': 524}","{'id': 23170, 'rank': 25, 'fitness': 0.032557245787337485, 'generation': 524}","{'id': 23152, 'rank': 26, 'fitness': 0.02654944108424445, 'generation': 524}","{'id': 23160, 'rank': 27, 'fitness': 0.02567088780516158, 'generation': 524}","{'id': 23159, 'rank': 28, 'fitness': 0.02168002821313425, 'generation': 524}","{'id': 23180, 'rank': 29, 'fitness': 0.0211501374813986, 'generation': 524}","{'id': 23178, 'rank': 30, 'fitness': 0.01798620996209155, 'generation': 524}"
"{'id': 23228, 'rank': 1, 'fitness': 0.9820137900379085, 'generation': 525}","{'id': 23218, 'rank': 2, 'fitness': 0.946116012044012, 'generation': 525}","{'id': 23230, 'rank': 3, 'fitness': 0.9322844162179, 'generation': 525}","{'id': 23231, 'rank': 4, 'fitness': 0.9196592624533406, 'generation': 525}","{'id': 23224, 'rank': 5, 'fitness': 0.898383123309486, 'generation': 525}","{'id': 23211, 'rank': 6, 'fitness': 0.8352198796114694, 'generation': 525}","{'id': 23209, 'rank': 7, 'fitness': 0.7747780885520742, 'generation': 525}","{'id': 23229, 'rank': 8, 'fitness': 0.7702348041303297, 'generation': 525}","{'id': 23233, 'rank': 9, 'fitness': 0.7205738300386537, 'generation': 525}","{'id': 23234, 'rank': 10, 'fitness': 0.533298357701828, 'generation': 525}","{'id': 23220, 'rank': 11, 'fitness': 0.3231007102332024, 'generation': 525}","{'id': 23191, 'rank': 12, 'fitness': 0.3149528513339652, 'generation': 525}","{'id': 23207, 'rank': 13, 'fitness': 0.23145458349696074, 'generation': 525}","{'id': 23219, 'rank': 14, 'fitness': 0.21921274052428363, 'generation': 525}","{'id': 23223, 'rank': 15, 'fitness': 0.1937983286165464, 'generation': 525}","{'id': 23193, 'rank': 16, 'fitness': 0.1738575232630849, 'generation': 525}","{'id': 23226, 'rank': 17, 'fitness': 0.15281241649856891, 'generation': 525}","{'id': 23190, 'rank': 18, 'fitness': 0.0928183558882889, 'generation': 525}","{'id': 23216, 'rank': 19, 'fitness': 0.07983573261113647, 'generation': 525}","{'id': 23227, 'rank': 20, 'fitness': 0.06980067599455642, 'generation': 525}","{'id': 23213, 'rank': 21, 'fitness': 0.0659251554926037, 'generation': 525}","{'id': 23214, 'rank': 22, 'fitness': 0.05426207511231629, 'generation': 525}","{'id': 23215, 'rank': 23, 'fitness': 0.0467434175588069, 'generation': 525}","{'id': 23225, 'rank': 24, 'fitness': 0.04516360294894667, 'generation': 525}","{'id': 23222, 'rank': 25, 'fitness': 0.03812146665819166, 'generation': 525}","{'id': 23210, 'rank': 26, 'fitness': 0.030852169677439478, 'generation': 525}","{'id': 23217, 'rank': 27, 'fitness': 0.028220642568932086, 'generation': 525}","{'id': 23199, 'rank': 28, 'fitness': 0.024775386356462648, 'generation': 525}","{'id': 23208, 'rank': 29, 'fitness': 0.019317815224641155, 'generation': 525}","{'id': 23206, 'rank': 30, 'fitness': 0.01798620996209155, 'generation': 525}"
"{'id': 23276, 'rank': 1, 'fitness': 0.9820137900379085, 'generation': 526}","{'id': 23235, 'rank': 2, 'fitness': 0.9661288265943011, 'generation': 526}","{'id': 23239, 'rank': 3, 'fitness': 0.8388212727977127, 'generation': 526}","{'id': 23236, 'rank': 4, 'fitness': 0.6921915578406025, 'generation': 526}","{'id': 23288, 'rank': 5, 'fitness': 0.6613827700631963, 'generation': 526}","{'id': 23287, 'rank': 6, 'fitness': 0.6529538663020269, 'generation': 526}","{'id': 23283, 'rank': 7, 'fitness': 0.6165024818489178, 'generation': 526}","{'id': 23280, 'rank': 8, 'fitness': 0.5878180374306049, 'generation': 526}","{'id': 23281, 'rank': 9, 'fitness': 0.5353767145622885, 'generation': 526}","{'id': 23246, 'rank': 10, 'fitness': 0.31819142500461717, 'generation': 526}","{'id': 23285, 'rank': 11, 'fitness': 0.3125065474420554, 'generation': 526}","{'id': 23273, 'rank': 12, 'fitness': 0.25097921244715415, 'generation': 526}","{'id': 23265, 'rank': 13, 'fitness': 0.1830225219269339, 'generation': 526}","{'id': 23248, 'rank': 14, 'fitness': 0.1566623857150206, 'generation': 526}","{'id': 23274, 'rank': 15, 'fitness': 0.13844259847337448, 'generation': 526}","{'id': 23238, 'rank': 16, 'fitness': 0.1277663087645884, 'generation': 526}","{'id': 23264, 'rank': 17, 'fitness': 0.10482335049442315, 'generation': 526}","{'id': 23286, 'rank': 18, 'fitness': 0.09378696815947363, 'generation': 526}","{'id': 23292, 'rank': 19, 'fitness': 0.08706141772599763, 'generation': 526}","{'id': 23261, 'rank': 20, 'fitness': 0.08616746375749157, 'generation': 526}","{'id': 23263, 'rank': 21, 'fitness': 0.0803516358261751, 'generation': 526}","{'id': 23243, 'rank': 22, 'fitness': 0.07378165753676802, 'generation': 526}","{'id': 23272, 'rank': 23, 'fitness': 0.06638630896465858, 'generation': 526}","{'id': 23290, 'rank': 24, 'fitness': 0.040340519438288924, 'generation': 526}","{'id': 23269, 'rank': 25, 'fitness': 0.03082557635773292, 'generation': 526}","{'id': 23282, 'rank': 26, 'fitness': 0.02561340455578115, 'generation': 526}","{'id': 23275, 'rank': 27, 'fitness': 0.02174185696697578, 'generation': 526}","{'id': 23260, 'rank': 28, 'fitness': 0.020718576605571526, 'generation': 526}","{'id': 23240, 'rank': 29, 'fitness': 0.018293721277489516, 'generation': 526}","{'id': 23257, 'rank': 30, 'fitness': 0.01798620996209155, 'generation': 526}"
"{'id': 23318, 'rank': 1, 'fitness': 0.9820137900379085, 'generation': 527}","{'id': 23300, 'rank': 2, 'fitness': 0.9811712783878566, 'generation': 527}","{'id': 23312, 'rank': 3, 'fitness': 0.9609278321150969, 'generation': 527}","{'id': 23308, 'rank': 4, 'fitness': 0.8308591100802742, 'generation': 527}","{'id': 23330, 'rank': 5, 'fitness': 0.8102261614090175, 'generation': 527}","{'id': 23328, 'rank': 6, 'fitness': 0.7785581683878472, 'generation': 527}","{'id': 23314, 'rank': 7, 'fitness': 0.5975917279222251, 'generation': 527}","{'id': 23315, 'rank': 8, 'fitness': 0.48565504494275935, 'generation': 527}","{'id': 23331, 'rank': 9, 'fitness': 0.44948745052055417, 'generation': 527}","{'id': 23313, 'rank': 10, 'fitness': 0.36160472823275436, 'generation': 527}","{'id': 23306, 'rank': 11, 'fitness': 0.30977837804959596, 'generation': 527}","{'id': 23304, 'rank': 12, 'fitness': 0.16710960737989655, 'generation': 527}","{'id': 23322, 'rank': 13, 'fitness': 0.1450686689467967, 'generation': 527}","{'id': 23302, 'rank': 14, 'fitness': 0.14504090115307222, 'generation': 527}","{'id': 23303, 'rank': 15, 'fitness': 0.14467764243887027, 'generation': 527}","{'id': 23327, 'rank': 16, 'fitness': 0.14370424163164658, 'generation': 527}","{'id': 23301, 'rank': 17, 'fitness': 0.140488222991889, 'generation': 527}","{'id': 23323, 'rank': 18, 'fitness': 0.11119044296065889, 'generation': 527}","{'id': 23326, 'rank': 19, 'fitness': 0.09074988279143992, 'generation': 527}","{'id': 23324, 'rank': 20, 'fitness': 0.07589179393182316, 'generation': 527}","{'id': 23321, 'rank': 21, 'fitness': 0.0739608821616497, 'generation': 527}","{'id': 23299, 'rank': 22, 'fitness': 0.07382780832248609, 'generation': 527}","{'id': 23325, 'rank': 23, 'fitness': 0.06352772677992147, 'generation': 527}","{'id': 23311, 'rank': 24, 'fitness': 0.05166313724623239, 'generation': 527}","{'id': 23329, 'rank': 25, 'fitness': 0.04541661061272312, 'generation': 527}","{'id': 23307, 'rank': 26, 'fitness': 0.043704068016649555, 'generation': 527}","{'id': 23294, 'rank': 27, 'fitness': 0.03297458667205949, 'generation': 527}","{'id': 23295, 'rank': 28, 'fitness': 0.025723930017291174, 'generation': 527}","{'id': 23319, 'rank': 29, 'fitness': 0.02146271780869141, 'generation': 527}","{'id': 23317, 'rank': 30, 'fitness': 0.01798620996209155, 'generation': 527}"
"{'id': 23350, 'rank': 1, 'fitness': 0.9820137900379085, 'generation': 528}","{'id': 23380, 'rank': 2, 'fitness': 0.9630067481928817, 'generation': 528}","{'id': 23344, 'rank': 3, 'fitness': 0.9469805590167313, 'generation': 528}","{'id': 23349, 'rank': 4, 'fitness': 0.9317773404878993, 'generation': 528}","{'id': 23362, 'rank': 5, 'fitness': 0.9102703581583435, 'generation': 528}","{'id': 23369, 'rank': 6, 'fitness': 0.9060064207859044, 'generation': 528}","{'id': 23379, 'rank': 7, 'fitness': 0.7663494168853349, 'generation': 528}","{'id': 23368, 'rank': 8, 'fitness': 0.5526399217273034, 'generation': 528}","{'id': 23374, 'rank': 9, 'fitness': 0.5332187711233353, 'generation': 528}","{'id': 23364, 'rank': 10, 'fitness': 0.45554182092633005, 'generation': 528}","{'id': 23351, 'rank': 11, 'fitness': 0.4434132773863534, 'generation': 528}","{'id': 23365, 'rank': 12, 'fitness': 0.44179162669124655, 'generation': 528}","{'id': 23373, 'rank': 13, 'fitness': 0.42646859115752894, 'generation': 528}","{'id': 23332, 'rank': 14, 'fitness': 0.31720443055294073, 'generation': 528}","{'id': 23356, 'rank': 15, 'fitness': 0.24189025551119636, 'generation': 528}","{'id': 23342, 'rank': 16, 'fitness': 0.12240776387464819, 'generation': 528}","{'id': 23337, 'rank': 17, 'fitness': 0.12214334464161075, 'generation': 528}","{'id': 23372, 'rank': 18, 'fitness': 0.12209016946134543, 'generation': 528}","{'id': 23348, 'rank': 19, 'fitness': 0.11459127389269852, 'generation': 528}","{'id': 23339, 'rank': 20, 'fitness': 0.09307611959858425, 'generation': 528}","{'id': 23334, 'rank': 21, 'fitness': 0.07639769647663591, 'generation': 528}","{'id': 23377, 'rank': 22, 'fitness': 0.07499718982278003, 'generation': 528}","{'id': 23335, 'rank': 23, 'fitness': 0.06168053527650069, 'generation': 528}","{'id': 23359, 'rank': 24, 'fitness': 0.04015893374887958, 'generation': 528}","{'id': 23361, 'rank': 25, 'fitness': 0.036921502285519825, 'generation': 528}","{'id': 23358, 'rank': 26, 'fitness': 0.03683699549789837, 'generation': 528}","{'id': 23370, 'rank': 27, 'fitness': 0.035189468447772376, 'generation': 528}","{'id': 23371, 'rank': 28, 'fitness': 0.02827058544681238, 'generation': 528}","{'id': 23375, 'rank': 29, 'fitness': 0.024189078039614786, 'generation': 528}","{'id': 23347, 'rank': 30, 'fitness': 0.01798620996209155, 'generation': 528}"
"{'id': 23408, 'rank': 1, 'fitness': 0.9820137900379085, 'generation': 529}","{'id': 23418, 'rank': 2, 'fitness': 0.9790627726333054, 'generation': 529}","{'id': 23402, 'rank': 3, 'fitness': 0.8833145405296594, 'generation': 529}","{'id': 23426, 'rank': 4, 'fitness': 0.8714814250849396, 'generation': 529}","{'id': 23412, 'rank': 5, 'fitness': 0.8251427843984073, 'generation': 529}","{'id': 23389, 'rank': 6, 'fitness': 0.6935986707937225, 'generation': 529}","{'id': 23421, 'rank': 7, 'fitness': 0.6701702124918297, 'generation': 529}","{'id': 23417, 'rank': 8, 'fitness': 0.6598806994899189, 'generation': 529}","{'id': 23427, 'rank': 9, 'fitness': 0.5856594898769404, 'generation': 529}","{'id': 23422, 'rank': 10, 'fitness': 0.5537479701935134, 'generation': 529}","{'id': 23391, 'rank': 11, 'fitness': 0.4821261124093946, 'generation': 529}","{'id': 23424, 'rank': 12, 'fitness': 0.46263748193356935, 'generation': 529}","{'id': 23411, 'rank': 13, 'fitness': 0.4337718197802673, 'generation': 529}","{'id': 23413, 'rank': 14, 'fitness': 0.41261070552825024, 'generation': 529}","{'id': 23403, 'rank': 15, 'fitness': 0.2901940171698979, 'generation': 529}","{'id': 23383, 'rank': 16, 'fitness': 0.23821476153386367, 'generation': 529}","{'id': 23407, 'rank': 17, 'fitness': 0.22211540731611767, 'generation': 529}","{'id': 23423, 'rank': 18, 'fitness': 0.21938133678351251, 'generation': 529}","{'id': 23381, 'rank': 19, 'fitness': 0.19307174113752879, 'generation': 529}","{'id': 23429, 'rank': 20, 'fitness': 0.12853360526719598, 'generation': 529}","{'id': 23385, 'rank': 21, 'fitness': 0.1276549684129371, 'generation': 529}","{'id': 23399, 'rank': 22, 'fitness': 0.12688940412409477, 'generation': 529}","{'id': 23382, 'rank': 23, 'fitness': 0.08033863179361744, 'generation': 529}","{'id': 23404, 'rank': 24, 'fitness': 0.07775017955980978, 'generation': 529}","{'id': 23410, 'rank': 25, 'fitness': 0.05184930288451528, 'generation': 529}","{'id': 23405, 'rank': 26, 'fitness': 0.051202277718983946, 'generation': 529}","{'id': 23425, 'rank': 27, 'fitness': 0.03885591844275288, 'generation': 529}","{'id': 23415, 'rank': 28, 'fitness': 0.02224431041058772, 'generation': 529}","{'id': 23390, 'rank': 29, 'fitness': 0.020593911843168333, 'generation': 529}","{'id': 23419, 'rank': 30, 'fitness': 0.01798620996209155, 'generation': 529}"
"{'id': 23467, 'rank': 1, 'fitness': 0.9820137900379085, 'generation': 530}","{'id': 23461, 'rank': 2, 'fitness': 0.6270089361136876, 'generation': 530}","{'id': 23458, 'rank': 3, 'fitness': 0.5968122751657032, 'generation': 530}","{'id': 23468, 'rank': 4, 'fitness': 0.49177282328691596, 'generation': 530}","{'id': 23466, 'rank': 5, 'fitness': 0.47589435271690034, 'generation': 530}","{'id': 23460, 'rank': 6, 'fitness': 0.44515802913832186, 'generation': 530}","{'id': 23451, 'rank': 7, 'fitness': 0.367532786280572, 'generation': 530}","{'id': 23436, 'rank': 8, 'fitness': 0.3379442256585986, 'generation': 530}","{'id': 23452, 'rank': 9, 'fitness': 0.32873569378948586, 'generation': 530}","{'id': 23447, 'rank': 10, 'fitness': 0.3027700862348322, 'generation': 530}","{'id': 23437, 'rank': 11, 'fitness': 0.29275113114382434, 'generation': 530}","{'id': 23462, 'rank': 12, 'fitness': 0.2887677775655526, 'generation': 530}","{'id': 23454, 'rank': 13, 'fitness': 0.2475328255708199, 'generation': 530}","{'id': 23438, 'rank': 14, 'fitness': 0.17045378528438443, 'generation': 530}","{'id': 23449, 'rank': 15, 'fitness': 0.14266861218040788, 'generation': 530}","{'id': 23455, 'rank': 16, 'fitness': 0.09732203699807074, 'generation': 530}","{'id': 23459, 'rank': 17, 'fitness': 0.0940897668834969, 'generation': 530}","{'id': 23465, 'rank': 18, 'fitness': 0.08822221011228454, 'generation': 530}","{'id': 23433, 'rank': 19, 'fitness': 0.07068834087620796, 'generation': 530}","{'id': 23463, 'rank': 20, 'fitness': 0.06658051863894965, 'generation': 530}","{'id': 23448, 'rank': 21, 'fitness': 0.057288087141614374, 'generation': 530}","{'id': 23450, 'rank': 22, 'fitness': 0.048969311410777594, 'generation': 530}","{'id': 23469, 'rank': 23, 'fitness': 0.04682077612001745, 'generation': 530}","{'id': 23430, 'rank': 24, 'fitness': 0.04079024632399936, 'generation': 530}","{'id': 23453, 'rank': 25, 'fitness': 0.03650003802641538, 'generation': 530}","{'id': 23457, 'rank': 26, 'fitness': 0.032867778042089735, 'generation': 530}","{'id': 23442, 'rank': 27, 'fitness': 0.03266694501805756, 'generation': 530}","{'id': 23456, 'rank': 28, 'fitness': 0.027224681963053443, 'generation': 530}","{'id': 23464, 'rank': 29, 'fitness': 0.025533095085984503, 'generation': 530}","{'id': 23439, 'rank': 30, 'fitness': 0.01798620996209155, 'generation': 530}"
"{'id': 23491, 'rank': 1, 'fitness': 0.9820137900379085, 'generation': 531}","{'id': 23495, 'rank': 2, 'fitness': 0.8207795487757465, 'generation': 531}","{'id': 23497, 'rank': 3, 'fitness': 0.7991704916323007, 'generation': 531}","{'id': 23502, 'rank': 4, 'fitness': 0.7837086774978334, 'generation': 531}","{'id': 23484, 'rank': 5, 'fitness': 0.7685337574985602, 'generation': 531}","{'id': 23490, 'rank': 6, 'fitness': 0.7223981018671773, 'generation': 531}","{'id': 23506, 'rank': 7, 'fitness': 0.711853302889216, 'generation': 531}","{'id': 23499, 'rank': 8, 'fitness': 0.6817361058265468, 'generation': 531}","{'id': 23486, 'rank': 9, 'fitness': 0.5019663583494035, 'generation': 531}","{'id': 23503, 'rank': 10, 'fitness': 0.454912552799677, 'generation': 531}","{'id': 23487, 'rank': 11, 'fitness': 0.420205381112063, 'generation': 531}","{'id': 23483, 'rank': 12, 'fitness': 0.39770127009838424, 'generation': 531}","{'id': 23500, 'rank': 13, 'fitness': 0.33217965242812325, 'generation': 531}","{'id': 23498, 'rank': 14, 'fitness': 0.30777216642415955, 'generation': 531}","{'id': 23496, 'rank': 15, 'fitness': 0.21983833455566337, 'generation': 531}","{'id': 23492, 'rank': 16, 'fitness': 0.20041136230646872, 'generation': 531}","{'id': 23485, 'rank': 17, 'fitness': 0.19044557843461474, 'generation': 531}","{'id': 23478, 'rank': 18, 'fitness': 0.1774968503780442, 'generation': 531}","{'id': 23505, 'rank': 19, 'fitness': 0.17561056513446682, 'generation': 531}","{'id': 23507, 'rank': 20, 'fitness': 0.1631242692392797, 'generation': 531}","{'id': 23479, 'rank': 21, 'fitness': 0.1355894611294426, 'generation': 531}","{'id': 23488, 'rank': 22, 'fitness': 0.10440768975038262, 'generation': 531}","{'id': 23481, 'rank': 23, 'fitness': 0.10218942207500231, 'generation': 531}","{'id': 23489, 'rank': 24, 'fitness': 0.0944963551531387, 'generation': 531}","{'id': 23474, 'rank': 25, 'fitness': 0.08280247310667321, 'generation': 531}","{'id': 23504, 'rank': 26, 'fitness': 0.033693743111065544, 'generation': 531}","{'id': 23480, 'rank': 27, 'fitness': 0.029537291164628887, 'generation': 531}","{'id': 23494, 'rank': 28, 'fitness': 0.022070003923205017, 'generation': 531}","{'id': 23493, 'rank': 29, 'fitness': 0.020500841036511397, 'generation': 531}","{'id': 23477, 'rank': 30, 'fitness': 0.01798620996209155, 'generation': 531}"
"{'id': 23539, 'rank': 1, 'fitness': 0.9820137900379085, 'generation': 532}","{'id': 23544, 'rank': 2, 'fitness': 0.9356586309962713, 'generation': 532}","{'id': 23537, 'rank': 3, 'fitness': 0.8813419560095258, 'generation': 532}","{'id': 23535, 'rank': 4, 'fitness': 0.823969585883216, 'generation': 532}","{'id': 23546, 'rank': 5, 'fitness': 0.775011275572421, 'generation': 532}","{'id': 23534, 'rank': 6, 'fitness': 0.7254556846052539, 'generation': 532}","{'id': 23541, 'rank': 7, 'fitness': 0.6597866314489956, 'generation': 532}","{'id': 23533, 'rank': 8, 'fitness': 0.39175581434677675, 'generation': 532}","{'id': 23548, 'rank': 9, 'fitness': 0.380877518583422, 'generation': 532}","{'id': 23508, 'rank': 10, 'fitness': 0.3421624376095152, 'generation': 532}","{'id': 23515, 'rank': 11, 'fitness': 0.30548527643769985, 'generation': 532}","{'id': 23532, 'rank': 12, 'fitness': 0.2887787117944157, 'generation': 532}","{'id': 23523, 'rank': 13, 'fitness': 0.2700751793425894, 'generation': 532}","{'id': 23545, 'rank': 14, 'fitness': 0.2264892695463937, 'generation': 532}","{'id': 23518, 'rank': 15, 'fitness': 0.16486818124780167, 'generation': 532}","{'id': 23529, 'rank': 16, 'fitness': 0.15773488479204678, 'generation': 532}","{'id': 23527, 'rank': 17, 'fitness': 0.0900283148048841, 'generation': 532}","{'id': 23530, 'rank': 18, 'fitness': 0.07714777940242978, 'generation': 532}","{'id': 23514, 'rank': 19, 'fitness': 0.06819477902844323, 'generation': 532}","{'id': 23542, 'rank': 20, 'fitness': 0.06290363474966992, 'generation': 532}","{'id': 23540, 'rank': 21, 'fitness': 0.056459737594946324, 'generation': 532}","{'id': 23538, 'rank': 22, 'fitness': 0.05264818256497006, 'generation': 532}","{'id': 23513, 'rank': 23, 'fitness': 0.05135777085755433, 'generation': 532}","{'id': 23517, 'rank': 24, 'fitness': 0.04738954999497391, 'generation': 532}","{'id': 23543, 'rank': 25, 'fitness': 0.04437968247475077, 'generation': 532}","{'id': 23512, 'rank': 26, 'fitness': 0.029468011220034895, 'generation': 532}","{'id': 23547, 'rank': 27, 'fitness': 0.028456905725741666, 'generation': 532}","{'id': 23524, 'rank': 28, 'fitness': 0.02719417758559972, 'generation': 532}","{'id': 23526, 'rank': 29, 'fitness': 0.018783935831877874, 'generation': 532}","{'id': 23525, 'rank': 30, 'fitness': 0.01798620996209155, 'generation': 532}"
"{'id': 23576, 'rank': 1, 'fitness': 0.9820137900379085, 'generation': 533}","{'id': 23583, 'rank': 2, 'fitness': 0.78969631731727, 'generation': 533}","{'id': 23580, 'rank': 3, 'fitness': 0.6132500363532775, 'generation': 533}","{'id': 23571, 'rank': 4, 'fitness': 0.5328105256967997, 'generation': 533}","{'id': 23565, 'rank': 5, 'fitness': 0.514803777471601, 'generation': 533}","{'id': 23585, 'rank': 6, 'fitness': 0.4917981162011191, 'generation': 533}","{'id': 23577, 'rank': 7, 'fitness': 0.40237394224396006, 'generation': 533}","{'id': 23588, 'rank': 8, 'fitness': 0.37312394341037614, 'generation': 533}","{'id': 23569, 'rank': 9, 'fitness': 0.2981521344509622, 'generation': 533}","{'id': 23584, 'rank': 10, 'fitness': 0.2789817476673092, 'generation': 533}","{'id': 23582, 'rank': 11, 'fitness': 0.26767215962304697, 'generation': 533}","{'id': 23568, 'rank': 12, 'fitness': 0.2517865330631725, 'generation': 533}","{'id': 23566, 'rank': 13, 'fitness': 0.24569211528252421, 'generation': 533}","{'id': 23570, 'rank': 14, 'fitness': 0.23162865501200292, 'generation': 533}","{'id': 23579, 'rank': 15, 'fitness': 0.1544364500950648, 'generation': 533}","{'id': 23562, 'rank': 16, 'fitness': 0.14882168446867594, 'generation': 533}","{'id': 23567, 'rank': 17, 'fitness': 0.11692121877589179, 'generation': 533}","{'id': 23586, 'rank': 18, 'fitness': 0.1116513221309397, 'generation': 533}","{'id': 23551, 'rank': 19, 'fitness': 0.09663491880209141, 'generation': 533}","{'id': 23578, 'rank': 20, 'fitness': 0.08342122869161861, 'generation': 533}","{'id': 23573, 'rank': 21, 'fitness': 0.06772045266062898, 'generation': 533}","{'id': 23575, 'rank': 22, 'fitness': 0.061234704181490573, 'generation': 533}","{'id': 23555, 'rank': 23, 'fitness': 0.048952318845847054, 'generation': 533}","{'id': 23587, 'rank': 24, 'fitness': 0.048178701753492426, 'generation': 533}","{'id': 23563, 'rank': 25, 'fitness': 0.039587532664320635, 'generation': 533}","{'id': 23564, 'rank': 26, 'fitness': 0.034624195781739364, 'generation': 533}","{'id': 23550, 'rank': 27, 'fitness': 0.028125696361933405, 'generation': 533}","{'id': 23560, 'rank': 28, 'fitness': 0.026217734036650564, 'generation': 533}","{'id': 23572, 'rank': 29, 'fitness': 0.021864545621085196, 'generation': 533}","{'id': 23552, 'rank': 30, 'fitness': 0.01798620996209155, 'generation': 533}"
"{'id': 23616, 'rank': 1, 'fitness': 0.9820137900379085, 'generation': 534}","{'id': 23628, 'rank': 2, 'fitness': 0.843737893504303, 'generation': 534}","{'id': 23612, 'rank': 3, 'fitness': 0.8063406938711715, 'generation': 534}","{'id': 23613, 'rank': 4, 'fitness': 0.6256003033019801, 'generation': 534}","{'id': 23627, 'rank': 5, 'fitness': 0.6149960009159804, 'generation': 534}","{'id': 23614, 'rank': 6, 'fitness': 0.2802611812192925, 'generation': 534}","{'id': 23589, 'rank': 7, 'fitness': 0.2467987867780012, 'generation': 534}","{'id': 23604, 'rank': 8, 'fitness': 0.2212006794442254, 'generation': 534}","{'id': 23608, 'rank': 9, 'fitness': 0.19081368026365586, 'generation': 534}","{'id': 23618, 'rank': 10, 'fitness': 0.1717364978532696, 'generation': 534}","{'id': 23620, 'rank': 11, 'fitness': 0.15272013945443264, 'generation': 534}","{'id': 23602, 'rank': 12, 'fitness': 0.1269362682969395, 'generation': 534}","{'id': 23607, 'rank': 13, 'fitness': 0.11890230355005227, 'generation': 534}","{'id': 23611, 'rank': 14, 'fitness': 0.11196193606518856, 'generation': 534}","{'id': 23610, 'rank': 15, 'fitness': 0.08736216505866978, 'generation': 534}","{'id': 23594, 'rank': 16, 'fitness': 0.04876601053006102, 'generation': 534}","{'id': 23595, 'rank': 17, 'fitness': 0.04029232535537153, 'generation': 534}","{'id': 23601, 'rank': 18, 'fitness': 0.03366864959402094, 'generation': 534}","{'id': 23590, 'rank': 19, 'fitness': 0.03311099451357791, 'generation': 534}","{'id': 23625, 'rank': 20, 'fitness': 0.03186218356022186, 'generation': 534}","{'id': 23597, 'rank': 21, 'fitness': 0.03032090569092255, 'generation': 534}","{'id': 23591, 'rank': 22, 'fitness': 0.030046166055035073, 'generation': 534}","{'id': 23599, 'rank': 23, 'fitness': 0.026634223294940917, 'generation': 534}","{'id': 23600, 'rank': 24, 'fitness': 0.02654564065848758, 'generation': 534}","{'id': 23622, 'rank': 25, 'fitness': 0.02371081362541544, 'generation': 534}","{'id': 23606, 'rank': 26, 'fitness': 0.02323312497662533, 'generation': 534}","{'id': 23603, 'rank': 27, 'fitness': 0.02220768444265131, 'generation': 534}","{'id': 23592, 'rank': 28, 'fitness': 0.02176603431548496, 'generation': 534}","{'id': 23629, 'rank': 29, 'fitness': 0.019202674805640696, 'generation': 534}","{'id': 23623, 'rank': 30, 'fitness': 0.01798620996209155, 'generation': 534}"
"{'id': 23648, 'rank': 1, 'fitness': 0.9820137900379085, 'generation': 535}","{'id': 23663, 'rank': 2, 'fitness': 0.8873065656077954, 'generation': 535}","{'id': 23661, 'rank': 3, 'fitness': 0.7870537552614063, 'generation': 535}","{'id': 23643, 'rank': 4, 'fitness': 0.6847870785164294, 'generation': 535}","{'id': 23652, 'rank': 5, 'fitness': 0.5374676203417164, 'generation': 535}","{'id': 23634, 'rank': 6, 'fitness': 0.4193098443122582, 'generation': 535}","{'id': 23645, 'rank': 7, 'fitness': 0.3852984667233015, 'generation': 535}","{'id': 23632, 'rank': 8, 'fitness': 0.38391583634922216, 'generation': 535}","{'id': 23647, 'rank': 9, 'fitness': 0.3086037499901162, 'generation': 535}","{'id': 23654, 'rank': 10, 'fitness': 0.2660577599618658, 'generation': 535}","{'id': 23659, 'rank': 11, 'fitness': 0.2513910635997074, 'generation': 535}","{'id': 23639, 'rank': 12, 'fitness': 0.23043173133821565, 'generation': 535}","{'id': 23644, 'rank': 13, 'fitness': 0.22211158157945732, 'generation': 535}","{'id': 23650, 'rank': 14, 'fitness': 0.20425084705358, 'generation': 535}","{'id': 23658, 'rank': 15, 'fitness': 0.17639971627824735, 'generation': 535}","{'id': 23656, 'rank': 16, 'fitness': 0.12055987371203747, 'generation': 535}","{'id': 23655, 'rank': 17, 'fitness': 0.11861711633161803, 'generation': 535}","{'id': 23662, 'rank': 18, 'fitness': 0.11115165446957792, 'generation': 535}","{'id': 23649, 'rank': 19, 'fitness': 0.11052097685418605, 'generation': 535}","{'id': 23653, 'rank': 20, 'fitness': 0.10371644545057512, 'generation': 535}","{'id': 23651, 'rank': 21, 'fitness': 0.09215912981049457, 'generation': 535}","{'id': 23660, 'rank': 22, 'fitness': 0.08560590851860989, 'generation': 535}","{'id': 23646, 'rank': 23, 'fitness': 0.06452588820531535, 'generation': 535}","{'id': 23638, 'rank': 24, 'fitness': 0.038310400000660993, 'generation': 535}","{'id': 23630, 'rank': 25, 'fitness': 0.03384780444992724, 'generation': 535}","{'id': 23641, 'rank': 26, 'fitness': 0.030159474174045908, 'generation': 535}","{'id': 23640, 'rank': 27, 'fitness': 0.020814798212323793, 'generation': 535}","{'id': 23633, 'rank': 28, 'fitness': 0.020298876657119713, 'generation': 535}","{'id': 23637, 'rank': 29, 'fitness': 0.02023420934104081, 'generation': 535}","{'id': 23636, 'rank': 30, 'fitness': 0.01798620996209155, 'generation': 535}"
"{'id': 23695, 'rank': 1, 'fitness': 0.9820137900379085, 'generation': 536}","{'id': 23703, 'rank': 2, 'fitness': 0.9745310422432515, 'generation': 536}","{'id': 23668, 'rank': 3, 'fitness': 0.9571239371135406, 'generation': 536}","{'id': 23680, 'rank': 4, 'fitness': 0.9282858365459702, 'generation': 536}","{'id': 23701, 'rank': 5, 'fitness': 0.8697813149896652, 'generation': 536}","{'id': 23699, 'rank': 6, 'fitness': 0.8510258667456685, 'generation': 536}","{'id': 23697, 'rank': 7, 'fitness': 0.7278231653447298, 'generation': 536}","{'id': 23696, 'rank': 8, 'fitness': 0.5942576826029906, 'generation': 536}","{'id': 23687, 'rank': 9, 'fitness': 0.5154969567625638, 'generation': 536}","{'id': 23702, 'rank': 10, 'fitness': 0.4635101005751052, 'generation': 536}","{'id': 23683, 'rank': 11, 'fitness': 0.3939551969965812, 'generation': 536}","{'id': 23682, 'rank': 12, 'fitness': 0.3877708824780431, 'generation': 536}","{'id': 23665, 'rank': 13, 'fitness': 0.38088869903379086, 'generation': 536}","{'id': 23686, 'rank': 14, 'fitness': 0.2517999146293596, 'generation': 536}","{'id': 23698, 'rank': 15, 'fitness': 0.2445635219509179, 'generation': 536}","{'id': 23667, 'rank': 16, 'fitness': 0.18381212693629095, 'generation': 536}","{'id': 23691, 'rank': 17, 'fitness': 0.17137681707705443, 'generation': 536}","{'id': 23700, 'rank': 18, 'fitness': 0.14295420259085773, 'generation': 536}","{'id': 23693, 'rank': 19, 'fitness': 0.11186199667292573, 'generation': 536}","{'id': 23694, 'rank': 20, 'fitness': 0.09676714707771394, 'generation': 536}","{'id': 23681, 'rank': 21, 'fitness': 0.08797896744641037, 'generation': 536}","{'id': 23692, 'rank': 22, 'fitness': 0.06300698339165645, 'generation': 536}","{'id': 23688, 'rank': 23, 'fitness': 0.05588965756657194, 'generation': 536}","{'id': 23690, 'rank': 24, 'fitness': 0.05231968555260064, 'generation': 536}","{'id': 23684, 'rank': 25, 'fitness': 0.04804904697467649, 'generation': 536}","{'id': 23675, 'rank': 26, 'fitness': 0.04336018262312302, 'generation': 536}","{'id': 23689, 'rank': 27, 'fitness': 0.042315020259828695, 'generation': 536}","{'id': 23666, 'rank': 28, 'fitness': 0.029901128279215816, 'generation': 536}","{'id': 23673, 'rank': 29, 'fitness': 0.024237745258337384, 'generation': 536}","{'id': 23679, 'rank': 30, 'fitness': 0.01798620996209155, 'generation': 536}"
"{'id': 23751, 'rank': 1, 'fitness': 0.9820137900379085, 'generation': 537}","{'id': 23752, 'rank': 2, 'fitness': 0.9228083390869963, 'generation': 537}","{'id': 23738, 'rank': 3, 'fitness': 0.7893280575218883, 'generation': 537}","{'id': 23749, 'rank': 4, 'fitness': 0.6836734306655984, 'generation': 537}","{'id': 23741, 'rank': 5, 'fitness': 0.6372957249178479, 'generation': 537}","{'id': 23740, 'rank': 6, 'fitness': 0.6302714558852344, 'generation': 537}","{'id': 23746, 'rank': 7, 'fitness': 0.44945267687348717, 'generation': 537}","{'id': 23709, 'rank': 8, 'fitness': 0.32531095998857595, 'generation': 537}","{'id': 23728, 'rank': 9, 'fitness': 0.3213979783656446, 'generation': 537}","{'id': 23727, 'rank': 10, 'fitness': 0.3199788615205348, 'generation': 537}","{'id': 23753, 'rank': 11, 'fitness': 0.3167597998290511, 'generation': 537}","{'id': 23743, 'rank': 12, 'fitness': 0.30606758726152283, 'generation': 537}","{'id': 23750, 'rank': 13, 'fitness': 0.302105181110947, 'generation': 537}","{'id': 23731, 'rank': 14, 'fitness': 0.27826653500182574, 'generation': 537}","{'id': 23734, 'rank': 15, 'fitness': 0.11787328625782073, 'generation': 537}","{'id': 23745, 'rank': 16, 'fitness': 0.11000718272414295, 'generation': 537}","{'id': 23742, 'rank': 17, 'fitness': 0.09576342056538761, 'generation': 537}","{'id': 23704, 'rank': 18, 'fitness': 0.0770239978096105, 'generation': 537}","{'id': 23723, 'rank': 19, 'fitness': 0.07562652353092464, 'generation': 537}","{'id': 23724, 'rank': 20, 'fitness': 0.07382311745199249, 'generation': 537}","{'id': 23708, 'rank': 21, 'fitness': 0.07311778410338521, 'generation': 537}","{'id': 23748, 'rank': 22, 'fitness': 0.062395782704503966, 'generation': 537}","{'id': 23706, 'rank': 23, 'fitness': 0.059979675882636974, 'generation': 537}","{'id': 23713, 'rank': 24, 'fitness': 0.0504812024143893, 'generation': 537}","{'id': 23729, 'rank': 25, 'fitness': 0.04330160874952632, 'generation': 537}","{'id': 23720, 'rank': 26, 'fitness': 0.03163926412762397, 'generation': 537}","{'id': 23732, 'rank': 27, 'fitness': 0.029909892826675832, 'generation': 537}","{'id': 23712, 'rank': 28, 'fitness': 0.025913601080748472, 'generation': 537}","{'id': 23747, 'rank': 29, 'fitness': 0.02237170618757811, 'generation': 537}","{'id': 23730, 'rank': 30, 'fitness': 0.01798620996209155, 'generation': 537}"
"{'id': 23789, 'rank': 1, 'fitness': 0.9820137900379085, 'generation': 538}","{'id': 23786, 'rank': 2, 'fitness': 0.9597740670551353, 'generation': 538}","{'id': 23793, 'rank': 3, 'fitness': 0.9333274010103922, 'generation': 538}","{'id': 23784, 'rank': 4, 'fitness': 0.7801803593070742, 'generation': 538}","{'id': 23790, 'rank': 5, 'fitness': 0.773103750813405, 'generation': 538}","{'id': 23792, 'rank': 6, 'fitness': 0.7455456015052833, 'generation': 538}","{'id': 23770, 'rank': 7, 'fitness': 0.6454747439825849, 'generation': 538}","{'id': 23783, 'rank': 8, 'fitness': 0.6062140839230702, 'generation': 538}","{'id': 23791, 'rank': 9, 'fitness': 0.5453673470073307, 'generation': 538}","{'id': 23773, 'rank': 10, 'fitness': 0.5106854665421693, 'generation': 538}","{'id': 23794, 'rank': 11, 'fitness': 0.4971132963413166, 'generation': 538}","{'id': 23758, 'rank': 12, 'fitness': 0.42082895382443725, 'generation': 538}","{'id': 23778, 'rank': 13, 'fitness': 0.34677575518075565, 'generation': 538}","{'id': 23788, 'rank': 14, 'fitness': 0.32703993198375825, 'generation': 538}","{'id': 23776, 'rank': 15, 'fitness': 0.24416766169162757, 'generation': 538}","{'id': 23771, 'rank': 16, 'fitness': 0.22412058976609772, 'generation': 538}","{'id': 23760, 'rank': 17, 'fitness': 0.20166178979733307, 'generation': 538}","{'id': 23777, 'rank': 18, 'fitness': 0.18025160928968187, 'generation': 538}","{'id': 23795, 'rank': 19, 'fitness': 0.16681848548003886, 'generation': 538}","{'id': 23768, 'rank': 20, 'fitness': 0.12973180043176535, 'generation': 538}","{'id': 23785, 'rank': 21, 'fitness': 0.11953372518656868, 'generation': 538}","{'id': 23775, 'rank': 22, 'fitness': 0.10268530712315238, 'generation': 538}","{'id': 23764, 'rank': 23, 'fitness': 0.08347512981926886, 'generation': 538}","{'id': 23761, 'rank': 24, 'fitness': 0.06835357194932684, 'generation': 538}","{'id': 23763, 'rank': 25, 'fitness': 0.046093138847509874, 'generation': 538}","{'id': 23779, 'rank': 26, 'fitness': 0.03902614217509848, 'generation': 538}","{'id': 23772, 'rank': 27, 'fitness': 0.0286159314371226, 'generation': 538}","{'id': 23787, 'rank': 28, 'fitness': 0.023031520106609638, 'generation': 538}","{'id': 23759, 'rank': 29, 'fitness': 0.021305386085461453, 'generation': 538}","{'id': 23757, 'rank': 30, 'fitness': 0.01798620996209155, 'generation': 538}"
"{'id': 23842, 'rank': 1, 'fitness': 0.9820137900379085, 'generation': 539}","{'id': 23812, 'rank': 2, 'fitness': 0.9776495972258281, 'generation': 539}","{'id': 23830, 'rank': 3, 'fitness': 0.9568212254767323, 'generation': 539}","{'id': 23840, 'rank': 4, 'fitness': 0.9506444035602145, 'generation': 539}","{'id': 23825, 'rank': 5, 'fitness': 0.9027981961440341, 'generation': 539}","{'id': 23845, 'rank': 6, 'fitness': 0.9007220192468439, 'generation': 539}","{'id': 23809, 'rank': 7, 'fitness': 0.8278437694682603, 'generation': 539}","{'id': 23796, 'rank': 8, 'fitness': 0.7293909799982781, 'generation': 539}","{'id': 23843, 'rank': 9, 'fitness': 0.7255657725478681, 'generation': 539}","{'id': 23831, 'rank': 10, 'fitness': 0.5038100772331794, 'generation': 539}","{'id': 23841, 'rank': 11, 'fitness': 0.5024964495055464, 'generation': 539}","{'id': 23803, 'rank': 12, 'fitness': 0.2400896604532778, 'generation': 539}","{'id': 23816, 'rank': 13, 'fitness': 0.18491161559109942, 'generation': 539}","{'id': 23799, 'rank': 14, 'fitness': 0.17231756912152796, 'generation': 539}","{'id': 23818, 'rank': 15, 'fitness': 0.10788532597337475, 'generation': 539}","{'id': 23806, 'rank': 16, 'fitness': 0.1037732113324642, 'generation': 539}","{'id': 23814, 'rank': 17, 'fitness': 0.09754553755153106, 'generation': 539}","{'id': 23804, 'rank': 18, 'fitness': 0.08163458923088168, 'generation': 539}","{'id': 23834, 'rank': 19, 'fitness': 0.05091217096345069, 'generation': 539}","{'id': 23835, 'rank': 20, 'fitness': 0.05019117271946988, 'generation': 539}","{'id': 23819, 'rank': 21, 'fitness': 0.04412351186911506, 'generation': 539}","{'id': 23826, 'rank': 22, 'fitness': 0.043494529813004, 'generation': 539}","{'id': 23801, 'rank': 23, 'fitness': 0.041265447894023866, 'generation': 539}","{'id': 23833, 'rank': 24, 'fitness': 0.040450987904128155, 'generation': 539}","{'id': 23838, 'rank': 25, 'fitness': 0.039749050756704096, 'generation': 539}","{'id': 23832, 'rank': 26, 'fitness': 0.03544362238171339, 'generation': 539}","{'id': 23808, 'rank': 27, 'fitness': 0.031434366877263864, 'generation': 539}","{'id': 23810, 'rank': 28, 'fitness': 0.02230285705198798, 'generation': 539}","{'id': 23837, 'rank': 29, 'fitness': 0.021844025626787833, 'generation': 539}","{'id': 23827, 'rank': 30, 'fitness': 0.01798620996209155, 'generation': 539}"
"{'id': 23886, 'rank': 1, 'fitness': 0.9820137900379085, 'generation': 540}","{'id': 23877, 'rank': 2, 'fitness': 0.9308472244346621, 'generation': 540}","{'id': 23874, 'rank': 3, 'fitness': 0.8722775420146661, 'generation': 540}","{'id': 23883, 'rank': 4, 'fitness': 0.6805534679497326, 'generation': 540}","{'id': 23876, 'rank': 5, 'fitness': 0.6174644390462557, 'generation': 540}","{'id': 23855, 'rank': 6, 'fitness': 0.40793397778173407, 'generation': 540}","{'id': 23851, 'rank': 7, 'fitness': 0.3719390152881165, 'generation': 540}","{'id': 23848, 'rank': 8, 'fitness': 0.34003714281780917, 'generation': 540}","{'id': 23885, 'rank': 9, 'fitness': 0.32507861272234195, 'generation': 540}","{'id': 23889, 'rank': 10, 'fitness': 0.2842281141955424, 'generation': 540}","{'id': 23870, 'rank': 11, 'fitness': 0.2835198941292818, 'generation': 540}","{'id': 23872, 'rank': 12, 'fitness': 0.27262961594193447, 'generation': 540}","{'id': 23875, 'rank': 13, 'fitness': 0.26028041408737335, 'generation': 540}","{'id': 23888, 'rank': 14, 'fitness': 0.2453979308048816, 'generation': 540}","{'id': 23865, 'rank': 15, 'fitness': 0.24494627248168982, 'generation': 540}","{'id': 23856, 'rank': 16, 'fitness': 0.2128801200528146, 'generation': 540}","{'id': 23860, 'rank': 17, 'fitness': 0.1912110913112558, 'generation': 540}","{'id': 23882, 'rank': 18, 'fitness': 0.17536949161521426, 'generation': 540}","{'id': 23863, 'rank': 19, 'fitness': 0.13028865878249768, 'generation': 540}","{'id': 23846, 'rank': 20, 'fitness': 0.12436446939733398, 'generation': 540}","{'id': 23847, 'rank': 21, 'fitness': 0.12023898703310293, 'generation': 540}","{'id': 23862, 'rank': 22, 'fitness': 0.10680779836829546, 'generation': 540}","{'id': 23873, 'rank': 23, 'fitness': 0.08843806432234858, 'generation': 540}","{'id': 23866, 'rank': 24, 'fitness': 0.08292977498835485, 'generation': 540}","{'id': 23880, 'rank': 25, 'fitness': 0.07081078277857022, 'generation': 540}","{'id': 23868, 'rank': 26, 'fitness': 0.060042339538805056, 'generation': 540}","{'id': 23887, 'rank': 27, 'fitness': 0.054707416669123876, 'generation': 540}","{'id': 23849, 'rank': 28, 'fitness': 0.02281779770597525, 'generation': 540}","{'id': 23879, 'rank': 29, 'fitness': 0.019515491999569146, 'generation': 540}","{'id': 23861, 'rank': 30, 'fitness': 0.01798620996209155, 'generation': 540}"
"{'id': 23927, 'rank': 1, 'fitness': 0.9820137900379085, 'generation': 541}","{'id': 23917, 'rank': 2, 'fitness': 0.9363422109696846, 'generation': 541}","{'id': 23910, 'rank': 3, 'fitness': 0.9313466022613716, 'generation': 541}","{'id': 23918, 'rank': 4, 'fitness': 0.9215986664079285, 'generation': 541}","{'id': 23894, 'rank': 5, 'fitness': 0.9210491872594807, 'generation': 541}","{'id': 23926, 'rank': 6, 'fitness': 0.8822963640990596, 'generation': 541}","{'id': 23920, 'rank': 7, 'fitness': 0.8738955731127611, 'generation': 541}","{'id': 23892, 'rank': 8, 'fitness': 0.5546605809704522, 'generation': 541}","{'id': 23895, 'rank': 9, 'fitness': 0.5271414449816885, 'generation': 541}","{'id': 23908, 'rank': 10, 'fitness': 0.3950876806261682, 'generation': 541}","{'id': 23914, 'rank': 11, 'fitness': 0.3903565076991119, 'generation': 541}","{'id': 23924, 'rank': 12, 'fitness': 0.38717961860336103, 'generation': 541}","{'id': 23911, 'rank': 13, 'fitness': 0.3640360119609504, 'generation': 541}","{'id': 23905, 'rank': 14, 'fitness': 0.2289400012275189, 'generation': 541}","{'id': 23904, 'rank': 15, 'fitness': 0.22436060194165358, 'generation': 541}","{'id': 23891, 'rank': 16, 'fitness': 0.16477104780658014, 'generation': 541}","{'id': 23898, 'rank': 17, 'fitness': 0.14949530816964413, 'generation': 541}","{'id': 23922, 'rank': 18, 'fitness': 0.14618839653217625, 'generation': 541}","{'id': 23900, 'rank': 19, 'fitness': 0.14160338298471564, 'generation': 541}","{'id': 23923, 'rank': 20, 'fitness': 0.13480775831028213, 'generation': 541}","{'id': 23901, 'rank': 21, 'fitness': 0.12416090828116216, 'generation': 541}","{'id': 23919, 'rank': 22, 'fitness': 0.1203176379009056, 'generation': 541}","{'id': 23899, 'rank': 23, 'fitness': 0.07369360087910776, 'generation': 541}","{'id': 23913, 'rank': 24, 'fitness': 0.06911155175650585, 'generation': 541}","{'id': 23907, 'rank': 25, 'fitness': 0.06027852849710574, 'generation': 541}","{'id': 23921, 'rank': 26, 'fitness': 0.03359471686322302, 'generation': 541}","{'id': 23909, 'rank': 27, 'fitness': 0.03193687489936814, 'generation': 541}","{'id': 23916, 'rank': 28, 'fitness': 0.020185540945611147, 'generation': 541}","{'id': 23902, 'rank': 29, 'fitness': 0.019955486934778666, 'generation': 541}","{'id': 23915, 'rank': 30, 'fitness': 0.01798620996209155, 'generation': 541}"
"{'id': 23953, 'rank': 1, 'fitness': 0.9820137900379085, 'generation': 542}","{'id': 23950, 'rank': 2, 'fitness': 0.6793003934685861, 'generation': 542}","{'id': 23944, 'rank': 3, 'fitness': 0.6551425226364374, 'generation': 542}","{'id': 23956, 'rank': 4, 'fitness': 0.6152348337575484, 'generation': 542}","{'id': 23949, 'rank': 5, 'fitness': 0.537554450398857, 'generation': 542}","{'id': 23969, 'rank': 6, 'fitness': 0.48533240652447424, 'generation': 542}","{'id': 23963, 'rank': 7, 'fitness': 0.47181264538413054, 'generation': 542}","{'id': 23960, 'rank': 8, 'fitness': 0.42814043205718033, 'generation': 542}","{'id': 23959, 'rank': 9, 'fitness': 0.4254744785815884, 'generation': 542}","{'id': 23964, 'rank': 10, 'fitness': 0.3396301609249658, 'generation': 542}","{'id': 23937, 'rank': 11, 'fitness': 0.29207369464106736, 'generation': 542}","{'id': 23965, 'rank': 12, 'fitness': 0.26375523327931216, 'generation': 542}","{'id': 23961, 'rank': 13, 'fitness': 0.17819579660180396, 'generation': 542}","{'id': 23966, 'rank': 14, 'fitness': 0.17642750731606033, 'generation': 542}","{'id': 23946, 'rank': 15, 'fitness': 0.16740058911493022, 'generation': 542}","{'id': 23948, 'rank': 16, 'fitness': 0.15125512876163838, 'generation': 542}","{'id': 23970, 'rank': 17, 'fitness': 0.13256377172774614, 'generation': 542}","{'id': 23952, 'rank': 18, 'fitness': 0.10057646576740076, 'generation': 542}","{'id': 23955, 'rank': 19, 'fitness': 0.09552456706420076, 'generation': 542}","{'id': 23943, 'rank': 20, 'fitness': 0.09050743862381222, 'generation': 542}","{'id': 23968, 'rank': 21, 'fitness': 0.08358001029847634, 'generation': 542}","{'id': 23932, 'rank': 22, 'fitness': 0.07670342744745828, 'generation': 542}","{'id': 23947, 'rank': 23, 'fitness': 0.043329651164430105, 'generation': 542}","{'id': 23967, 'rank': 24, 'fitness': 0.03776161531308836, 'generation': 542}","{'id': 23954, 'rank': 25, 'fitness': 0.028060173385285825, 'generation': 542}","{'id': 23938, 'rank': 26, 'fitness': 0.024090117062442795, 'generation': 542}","{'id': 23951, 'rank': 27, 'fitness': 0.021687929428703345, 'generation': 542}","{'id': 23957, 'rank': 28, 'fitness': 0.019302506096453453, 'generation': 542}","{'id': 23928, 'rank': 29, 'fitness': 0.018751430527952417, 'generation': 542}","{'id': 23931, 'rank': 30, 'fitness': 0.01798620996209155, 'generation': 542}"
"{'id': 23974, 'rank': 1, 'fitness': 0.9820137900379085, 'generation': 543}","{'id': 24002, 'rank': 2, 'fitness': 0.976757776748945, 'generation': 543}","{'id': 23986, 'rank': 3, 'fitness': 0.9619198196042118, 'generation': 543}","{'id': 23997, 'rank': 4, 'fitness': 0.9602573364934481, 'generation': 543}","{'id': 23987, 'rank': 5, 'fitness': 0.9385158077081046, 'generation': 543}","{'id': 24003, 'rank': 6, 'fitness': 0.929821951530417, 'generation': 543}","{'id': 24001, 'rank': 7, 'fitness': 0.9159508676620737, 'generation': 543}","{'id': 23998, 'rank': 8, 'fitness': 0.9026099766527864, 'generation': 543}","{'id': 23999, 'rank': 9, 'fitness': 0.879704177764292, 'generation': 543}","{'id': 23991, 'rank': 10, 'fitness': 0.8085001354748328, 'generation': 543}","{'id': 23984, 'rank': 11, 'fitness': 0.47945002931097713, 'generation': 543}","{'id': 23977, 'rank': 12, 'fitness': 0.3986403265123418, 'generation': 543}","{'id': 23976, 'rank': 13, 'fitness': 0.3099262400753358, 'generation': 543}","{'id': 23975, 'rank': 14, 'fitness': 0.30310359757211214, 'generation': 543}","{'id': 24004, 'rank': 15, 'fitness': 0.29055437218953384, 'generation': 543}","{'id': 23983, 'rank': 16, 'fitness': 0.2645858596920485, 'generation': 543}","{'id': 23978, 'rank': 17, 'fitness': 0.22486325970349552, 'generation': 543}","{'id': 23989, 'rank': 18, 'fitness': 0.17156134474017515, 'generation': 543}","{'id': 23996, 'rank': 19, 'fitness': 0.1519340225920437, 'generation': 543}","{'id': 23995, 'rank': 20, 'fitness': 0.12740438462956605, 'generation': 543}","{'id': 23979, 'rank': 21, 'fitness': 0.1215728563488378, 'generation': 543}","{'id': 24000, 'rank': 22, 'fitness': 0.1093542797517208, 'generation': 543}","{'id': 23994, 'rank': 23, 'fitness': 0.10461781670788994, 'generation': 543}","{'id': 23972, 'rank': 24, 'fitness': 0.10182653703463851, 'generation': 543}","{'id': 23982, 'rank': 25, 'fitness': 0.08038088870255544, 'generation': 543}","{'id': 23985, 'rank': 26, 'fitness': 0.06880361415785274, 'generation': 543}","{'id': 23971, 'rank': 27, 'fitness': 0.05403005788263071, 'generation': 543}","{'id': 23992, 'rank': 28, 'fitness': 0.04305580213851634, 'generation': 543}","{'id': 23993, 'rank': 29, 'fitness': 0.01827363003873561, 'generation': 543}","{'id': 23981, 'rank': 30, 'fitness': 0.01798620996209155, 'generation': 543}"
"{'id': 24044, 'rank': 1, 'fitness': 0.9820137900379085, 'generation': 544}","{'id': 24049, 'rank': 2, 'fitness': 0.8987872280418893, 'generation': 544}","{'id': 24050, 'rank': 3, 'fitness': 0.8951788554206801, 'generation': 544}","{'id': 24053, 'rank': 4, 'fitness': 0.8897817124020786, 'generation': 544}","{'id': 24051, 'rank': 5, 'fitness': 0.6702307492390337, 'generation': 544}","{'id': 24015, 'rank': 6, 'fitness': 0.5631901478270173, 'generation': 544}","{'id': 24024, 'rank': 7, 'fitness': 0.46872822603397457, 'generation': 544}","{'id': 24047, 'rank': 8, 'fitness': 0.45825397928014616, 'generation': 544}","{'id': 24035, 'rank': 9, 'fitness': 0.2612500157253782, 'generation': 544}","{'id': 24041, 'rank': 10, 'fitness': 0.25622965393994324, 'generation': 544}","{'id': 24045, 'rank': 11, 'fitness': 0.255525622118288, 'generation': 544}","{'id': 24039, 'rank': 12, 'fitness': 0.23183066417160814, 'generation': 544}","{'id': 24034, 'rank': 13, 'fitness': 0.1610907059119081, 'generation': 544}","{'id': 24048, 'rank': 14, 'fitness': 0.13538702852587203, 'generation': 544}","{'id': 24031, 'rank': 15, 'fitness': 0.10761951534483605, 'generation': 544}","{'id': 24037, 'rank': 16, 'fitness': 0.10559673714530504, 'generation': 544}","{'id': 24014, 'rank': 17, 'fitness': 0.10227612928920077, 'generation': 544}","{'id': 24023, 'rank': 18, 'fitness': 0.08327045950772294, 'generation': 544}","{'id': 24046, 'rank': 19, 'fitness': 0.07285654601694957, 'generation': 544}","{'id': 24029, 'rank': 20, 'fitness': 0.06887294292945906, 'generation': 544}","{'id': 24036, 'rank': 21, 'fitness': 0.0643424192788461, 'generation': 544}","{'id': 24052, 'rank': 22, 'fitness': 0.06278233374470976, 'generation': 544}","{'id': 24032, 'rank': 23, 'fitness': 0.04603447703392216, 'generation': 544}","{'id': 24009, 'rank': 24, 'fitness': 0.035785626707028784, 'generation': 544}","{'id': 24007, 'rank': 25, 'fitness': 0.03284867875873809, 'generation': 544}","{'id': 24013, 'rank': 26, 'fitness': 0.03229452012883349, 'generation': 544}","{'id': 24040, 'rank': 27, 'fitness': 0.027080983237860567, 'generation': 544}","{'id': 24038, 'rank': 28, 'fitness': 0.021457882068262935, 'generation': 544}","{'id': 24008, 'rank': 29, 'fitness': 0.020679549566875455, 'generation': 544}","{'id': 24030, 'rank': 30, 'fitness': 0.01798620996209155, 'generation': 544}"
"{'id': 24084, 'rank': 1, 'fitness': 0.9820137900379085, 'generation': 545}","{'id': 24074, 'rank': 2, 'fitness': 0.9817668578348036, 'generation': 545}","{'id': 24080, 'rank': 3, 'fitness': 0.9787540184262715, 'generation': 545}","{'id': 24090, 'rank': 4, 'fitness': 0.9587989031944166, 'generation': 545}","{'id': 24088, 'rank': 5, 'fitness': 0.9510819858128864, 'generation': 545}","{'id': 24094, 'rank': 6, 'fitness': 0.9149609644347473, 'generation': 545}","{'id': 24058, 'rank': 7, 'fitness': 0.8148924654586762, 'generation': 545}","{'id': 24092, 'rank': 8, 'fitness': 0.7136727150571357, 'generation': 545}","{'id': 24070, 'rank': 9, 'fitness': 0.6872510534843648, 'generation': 545}","{'id': 24093, 'rank': 10, 'fitness': 0.6729397031427162, 'generation': 545}","{'id': 24082, 'rank': 11, 'fitness': 0.6513758110494782, 'generation': 545}","{'id': 24087, 'rank': 12, 'fitness': 0.6317087527565501, 'generation': 545}","{'id': 24078, 'rank': 13, 'fitness': 0.5984182873486508, 'generation': 545}","{'id': 24100, 'rank': 14, 'fitness': 0.45878968635149525, 'generation': 545}","{'id': 24077, 'rank': 15, 'fitness': 0.34866777577534835, 'generation': 545}","{'id': 24097, 'rank': 16, 'fitness': 0.2588816100149604, 'generation': 545}","{'id': 24095, 'rank': 17, 'fitness': 0.2461981338733878, 'generation': 545}","{'id': 24085, 'rank': 18, 'fitness': 0.2032580056231278, 'generation': 545}","{'id': 24072, 'rank': 19, 'fitness': 0.1719307081187198, 'generation': 545}","{'id': 24083, 'rank': 20, 'fitness': 0.1433377369235574, 'generation': 545}","{'id': 24079, 'rank': 21, 'fitness': 0.1084756933209235, 'generation': 545}","{'id': 24061, 'rank': 22, 'fitness': 0.09883057585683452, 'generation': 545}","{'id': 24066, 'rank': 23, 'fitness': 0.07459584957471233, 'generation': 545}","{'id': 24067, 'rank': 24, 'fitness': 0.06312124041629452, 'generation': 545}","{'id': 24099, 'rank': 25, 'fitness': 0.04933219432674807, 'generation': 545}","{'id': 24086, 'rank': 26, 'fitness': 0.04866644331710507, 'generation': 545}","{'id': 24054, 'rank': 27, 'fitness': 0.04391019574676919, 'generation': 545}","{'id': 24056, 'rank': 28, 'fitness': 0.042913516034703336, 'generation': 545}","{'id': 24057, 'rank': 29, 'fitness': 0.019998294206700906, 'generation': 545}","{'id': 24096, 'rank': 30, 'fitness': 0.01798620996209155, 'generation': 545}"
"{'id': 24133, 'rank': 1, 'fitness': 0.9820137900379085, 'generation': 546}","{'id': 24139, 'rank': 2, 'fitness': 0.8608146210118093, 'generation': 546}","{'id': 24129, 'rank': 3, 'fitness': 0.8584696405458528, 'generation': 546}","{'id': 24149, 'rank': 4, 'fitness': 0.8472989954918972, 'generation': 546}","{'id': 24146, 'rank': 5, 'fitness': 0.7794081105024577, 'generation': 546}","{'id': 24147, 'rank': 6, 'fitness': 0.7726772108456282, 'generation': 546}","{'id': 24131, 'rank': 7, 'fitness': 0.4555267141761912, 'generation': 546}","{'id': 24141, 'rank': 8, 'fitness': 0.4335396627410375, 'generation': 546}","{'id': 24128, 'rank': 9, 'fitness': 0.42052895549188757, 'generation': 546}","{'id': 24138, 'rank': 10, 'fitness': 0.360085898375639, 'generation': 546}","{'id': 24136, 'rank': 11, 'fitness': 0.33372337059865076, 'generation': 546}","{'id': 24108, 'rank': 12, 'fitness': 0.27394153034312757, 'generation': 546}","{'id': 24107, 'rank': 13, 'fitness': 0.20943976935246145, 'generation': 546}","{'id': 24116, 'rank': 14, 'fitness': 0.13104657774462514, 'generation': 546}","{'id': 24115, 'rank': 15, 'fitness': 0.10983645628060779, 'generation': 546}","{'id': 24114, 'rank': 16, 'fitness': 0.07819563530795559, 'generation': 546}","{'id': 24118, 'rank': 17, 'fitness': 0.07526813351424116, 'generation': 546}","{'id': 24137, 'rank': 18, 'fitness': 0.05945362550848038, 'generation': 546}","{'id': 24135, 'rank': 19, 'fitness': 0.059186310902118566, 'generation': 546}","{'id': 24150, 'rank': 20, 'fitness': 0.05545526784268667, 'generation': 546}","{'id': 24110, 'rank': 21, 'fitness': 0.05503905741692361, 'generation': 546}","{'id': 24142, 'rank': 22, 'fitness': 0.05448215280734159, 'generation': 546}","{'id': 24101, 'rank': 23, 'fitness': 0.05140096934677635, 'generation': 546}","{'id': 24117, 'rank': 24, 'fitness': 0.04877192666439484, 'generation': 546}","{'id': 24112, 'rank': 25, 'fitness': 0.04761581665605802, 'generation': 546}","{'id': 24140, 'rank': 26, 'fitness': 0.04295639285415137, 'generation': 546}","{'id': 24119, 'rank': 27, 'fitness': 0.039140746741193555, 'generation': 546}","{'id': 24134, 'rank': 28, 'fitness': 0.0227505834671618, 'generation': 546}","{'id': 24109, 'rank': 29, 'fitness': 0.018599027191512518, 'generation': 546}","{'id': 24130, 'rank': 30, 'fitness': 0.01798620996209155, 'generation': 546}"
"{'id': 24170, 'rank': 1, 'fitness': 0.9820137900379085, 'generation': 547}","{'id': 24160, 'rank': 2, 'fitness': 0.9363138498129836, 'generation': 547}","{'id': 24183, 'rank': 3, 'fitness': 0.9107437216645224, 'generation': 547}","{'id': 24163, 'rank': 4, 'fitness': 0.8377048663610663, 'generation': 547}","{'id': 24179, 'rank': 5, 'fitness': 0.8116487869240889, 'generation': 547}","{'id': 24156, 'rank': 6, 'fitness': 0.6922315740711473, 'generation': 547}","{'id': 24185, 'rank': 7, 'fitness': 0.6671907746183693, 'generation': 547}","{'id': 24190, 'rank': 8, 'fitness': 0.5267507489731925, 'generation': 547}","{'id': 24186, 'rank': 9, 'fitness': 0.4799307197567612, 'generation': 547}","{'id': 24155, 'rank': 10, 'fitness': 0.3944637917867108, 'generation': 547}","{'id': 24176, 'rank': 11, 'fitness': 0.3519013334588734, 'generation': 547}","{'id': 24177, 'rank': 12, 'fitness': 0.3364445874752324, 'generation': 547}","{'id': 24191, 'rank': 13, 'fitness': 0.24499621822272039, 'generation': 547}","{'id': 24171, 'rank': 14, 'fitness': 0.23860165925320598, 'generation': 547}","{'id': 24172, 'rank': 15, 'fitness': 0.20160381743094857, 'generation': 547}","{'id': 24167, 'rank': 16, 'fitness': 0.16312190838978685, 'generation': 547}","{'id': 24157, 'rank': 17, 'fitness': 0.14398195568857797, 'generation': 547}","{'id': 24188, 'rank': 18, 'fitness': 0.13094552382028185, 'generation': 547}","{'id': 24174, 'rank': 19, 'fitness': 0.12342015623337876, 'generation': 547}","{'id': 24164, 'rank': 20, 'fitness': 0.11732000341304921, 'generation': 547}","{'id': 24175, 'rank': 21, 'fitness': 0.10686119021245566, 'generation': 547}","{'id': 24181, 'rank': 22, 'fitness': 0.106034584402807, 'generation': 547}","{'id': 24184, 'rank': 23, 'fitness': 0.07723507376458982, 'generation': 547}","{'id': 24178, 'rank': 24, 'fitness': 0.06150400696198588, 'generation': 547}","{'id': 24168, 'rank': 25, 'fitness': 0.053094494014912785, 'generation': 547}","{'id': 24154, 'rank': 26, 'fitness': 0.052411304654683244, 'generation': 547}","{'id': 24180, 'rank': 27, 'fitness': 0.02879887961409755, 'generation': 547}","{'id': 24173, 'rank': 28, 'fitness': 0.025331131052375222, 'generation': 547}","{'id': 24161, 'rank': 29, 'fitness': 0.020262886098577015, 'generation': 547}","{'id': 24189, 'rank': 30, 'fitness': 0.01798620996209155, 'generation': 547}"
"{'id': 24216, 'rank': 1, 'fitness': 0.9820137900379085, 'generation': 548}","{'id': 24233, 'rank': 2, 'fitness': 0.9810280945788061, 'generation': 548}","{'id': 24224, 'rank': 3, 'fitness': 0.9644997496156846, 'generation': 548}","{'id': 24235, 'rank': 4, 'fitness': 0.777967399854486, 'generation': 548}","{'id': 24219, 'rank': 5, 'fitness': 0.7137234979154423, 'generation': 548}","{'id': 24232, 'rank': 6, 'fitness': 0.6334912623190573, 'generation': 548}","{'id': 24205, 'rank': 7, 'fitness': 0.523826928173516, 'generation': 548}","{'id': 24220, 'rank': 8, 'fitness': 0.4505073569818795, 'generation': 548}","{'id': 24229, 'rank': 9, 'fitness': 0.4461181240216097, 'generation': 548}","{'id': 24201, 'rank': 10, 'fitness': 0.41195288373337197, 'generation': 548}","{'id': 24218, 'rank': 11, 'fitness': 0.3627054857902526, 'generation': 548}","{'id': 24194, 'rank': 12, 'fitness': 0.3247662941830133, 'generation': 548}","{'id': 24223, 'rank': 13, 'fitness': 0.24910674674532435, 'generation': 548}","{'id': 24198, 'rank': 14, 'fitness': 0.24745786896836636, 'generation': 548}","{'id': 24204, 'rank': 15, 'fitness': 0.239873204901196, 'generation': 548}","{'id': 24209, 'rank': 16, 'fitness': 0.2362111976282939, 'generation': 548}","{'id': 24208, 'rank': 17, 'fitness': 0.18106334575898408, 'generation': 548}","{'id': 24230, 'rank': 18, 'fitness': 0.1572268866709814, 'generation': 548}","{'id': 24234, 'rank': 19, 'fitness': 0.11995491245969825, 'generation': 548}","{'id': 24217, 'rank': 20, 'fitness': 0.10177295039211531, 'generation': 548}","{'id': 24236, 'rank': 21, 'fitness': 0.06750305693096365, 'generation': 548}","{'id': 24197, 'rank': 22, 'fitness': 0.04298317339528385, 'generation': 548}","{'id': 24225, 'rank': 23, 'fitness': 0.03850899545514297, 'generation': 548}","{'id': 24221, 'rank': 24, 'fitness': 0.03712488388254204, 'generation': 548}","{'id': 24211, 'rank': 25, 'fitness': 0.0304513050038418, 'generation': 548}","{'id': 24226, 'rank': 26, 'fitness': 0.029323286711677277, 'generation': 548}","{'id': 24228, 'rank': 27, 'fitness': 0.02890921127162943, 'generation': 548}","{'id': 24222, 'rank': 28, 'fitness': 0.025749012790487247, 'generation': 548}","{'id': 24207, 'rank': 29, 'fitness': 0.021651420224301554, 'generation': 548}","{'id': 24206, 'rank': 30, 'fitness': 0.01798620996209155, 'generation': 548}"
"{'id': 24263, 'rank': 1, 'fitness': 0.9820137900379085, 'generation': 549}","{'id': 24269, 'rank': 2, 'fitness': 0.9395252812930512, 'generation': 549}","{'id': 24273, 'rank': 3, 'fitness': 0.8359885369355133, 'generation': 549}","{'id': 24257, 'rank': 4, 'fitness': 0.8338702202045118, 'generation': 549}","{'id': 24266, 'rank': 5, 'fitness': 0.5840983824351772, 'generation': 549}","{'id': 24260, 'rank': 6, 'fitness': 0.5539648078858435, 'generation': 549}","{'id': 24244, 'rank': 7, 'fitness': 0.4789501713890553, 'generation': 549}","{'id': 24270, 'rank': 8, 'fitness': 0.37095683129395807, 'generation': 549}","{'id': 24267, 'rank': 9, 'fitness': 0.2658088862260496, 'generation': 549}","{'id': 24275, 'rank': 10, 'fitness': 0.2612799200257594, 'generation': 549}","{'id': 24256, 'rank': 11, 'fitness': 0.2157599589082681, 'generation': 549}","{'id': 24250, 'rank': 12, 'fitness': 0.17020302911861263, 'generation': 549}","{'id': 24265, 'rank': 13, 'fitness': 0.14359975273737552, 'generation': 549}","{'id': 24268, 'rank': 14, 'fitness': 0.13262007933963949, 'generation': 549}","{'id': 24258, 'rank': 15, 'fitness': 0.10211798108827891, 'generation': 549}","{'id': 24259, 'rank': 16, 'fitness': 0.09889928075638632, 'generation': 549}","{'id': 24249, 'rank': 17, 'fitness': 0.08529207486613538, 'generation': 549}","{'id': 24274, 'rank': 18, 'fitness': 0.07888380954177288, 'generation': 549}","{'id': 24262, 'rank': 19, 'fitness': 0.06558160774825922, 'generation': 549}","{'id': 24251, 'rank': 20, 'fitness': 0.061107076462018406, 'generation': 549}","{'id': 24276, 'rank': 21, 'fitness': 0.0551730622310026, 'generation': 549}","{'id': 24272, 'rank': 22, 'fitness': 0.052878484169134876, 'generation': 549}","{'id': 24247, 'rank': 23, 'fitness': 0.043963101403114824, 'generation': 549}","{'id': 24253, 'rank': 24, 'fitness': 0.030592736089533945, 'generation': 549}","{'id': 24248, 'rank': 25, 'fitness': 0.027500743219042778, 'generation': 549}","{'id': 24241, 'rank': 26, 'fitness': 0.027431475057625887, 'generation': 549}","{'id': 24243, 'rank': 27, 'fitness': 0.025782487798541365, 'generation': 549}","{'id': 24271, 'rank': 28, 'fitness': 0.025039594178370317, 'generation': 549}","{'id': 24255, 'rank': 29, 'fitness': 0.021234009224171624, 'generation': 549}","{'id': 24237, 'rank': 30, 'fitness': 0.01798620996209155, 'generation': 549}"
"{'id': 24305, 'rank': 1, 'fitness': 0.9820137900379085, 'generation': 550}","{'id': 24300, 'rank': 2, 'fitness': 0.9811206949356167, 'generation': 550}","{'id': 24301, 'rank': 3, 'fitness': 0.9766191617548405, 'generation': 550}","{'id': 24291, 'rank': 4, 'fitness': 0.9764962849859058, 'generation': 550}","{'id': 24288, 'rank': 5, 'fitness': 0.9331173300087975, 'generation': 550}","{'id': 24298, 'rank': 6, 'fitness': 0.9229268110651647, 'generation': 550}","{'id': 24303, 'rank': 7, 'fitness': 0.908290877967936, 'generation': 550}","{'id': 24286, 'rank': 8, 'fitness': 0.8883860008187445, 'generation': 550}","{'id': 24285, 'rank': 9, 'fitness': 0.8516661364368164, 'generation': 550}","{'id': 24297, 'rank': 10, 'fitness': 0.7353702532237584, 'generation': 550}","{'id': 24306, 'rank': 11, 'fitness': 0.7279394404576336, 'generation': 550}","{'id': 24302, 'rank': 12, 'fitness': 0.5816345677074333, 'generation': 550}","{'id': 24282, 'rank': 13, 'fitness': 0.5371556197705752, 'generation': 550}","{'id': 24295, 'rank': 14, 'fitness': 0.4906483602223453, 'generation': 550}","{'id': 24289, 'rank': 15, 'fitness': 0.3001336001039693, 'generation': 550}","{'id': 24307, 'rank': 16, 'fitness': 0.1860458807262973, 'generation': 550}","{'id': 24284, 'rank': 17, 'fitness': 0.15070264113311116, 'generation': 550}","{'id': 24292, 'rank': 18, 'fitness': 0.14309204214837007, 'generation': 550}","{'id': 24294, 'rank': 19, 'fitness': 0.13425042644790847, 'generation': 550}","{'id': 24296, 'rank': 20, 'fitness': 0.12602249181089326, 'generation': 550}","{'id': 24278, 'rank': 21, 'fitness': 0.1239220367894967, 'generation': 550}","{'id': 24277, 'rank': 22, 'fitness': 0.11568968279764169, 'generation': 550}","{'id': 24308, 'rank': 23, 'fitness': 0.06528910918629421, 'generation': 550}","{'id': 24299, 'rank': 24, 'fitness': 0.05990433333892886, 'generation': 550}","{'id': 24293, 'rank': 25, 'fitness': 0.05217492064661361, 'generation': 550}","{'id': 24304, 'rank': 26, 'fitness': 0.04410406998711125, 'generation': 550}","{'id': 24279, 'rank': 27, 'fitness': 0.04231747122998897, 'generation': 550}","{'id': 24280, 'rank': 28, 'fitness': 0.024145384250650548, 'generation': 550}","{'id': 24290, 'rank': 29, 'fitness': 0.019418341923444937, 'generation': 550}","{'id': 24281, 'rank': 30, 'fitness': 0.01798620996209155, 'generation': 550}"
"{'id': 24347, 'rank': 1, 'fitness': 0.9820137900379085, 'generation': 551}","{'id': 24355, 'rank': 2, 'fitness': 0.9734909769840925, 'generation': 551}","{'id': 24361, 'rank': 3, 'fitness': 0.8202615994774087, 'generation': 551}","{'id': 24353, 'rank': 4, 'fitness': 0.8026940482384193, 'generation': 551}","{'id': 24358, 'rank': 5, 'fitness': 0.7643285063128997, 'generation': 551}","{'id': 24337, 'rank': 6, 'fitness': 0.5394666831682544, 'generation': 551}","{'id': 24360, 'rank': 7, 'fitness': 0.5229285483561026, 'generation': 551}","{'id': 24352, 'rank': 8, 'fitness': 0.47946693587164446, 'generation': 551}","{'id': 24349, 'rank': 9, 'fitness': 0.4569266103033649, 'generation': 551}","{'id': 24310, 'rank': 10, 'fitness': 0.4269404337031667, 'generation': 551}","{'id': 24354, 'rank': 11, 'fitness': 0.40891929106520064, 'generation': 551}","{'id': 24359, 'rank': 12, 'fitness': 0.323488633866296, 'generation': 551}","{'id': 24321, 'rank': 13, 'fitness': 0.21302720274737041, 'generation': 551}","{'id': 24339, 'rank': 14, 'fitness': 0.19229263084383275, 'generation': 551}","{'id': 24327, 'rank': 15, 'fitness': 0.13048713461445577, 'generation': 551}","{'id': 24340, 'rank': 16, 'fitness': 0.12499366412338492, 'generation': 551}","{'id': 24346, 'rank': 17, 'fitness': 0.12466101973603494, 'generation': 551}","{'id': 24343, 'rank': 18, 'fitness': 0.11803070708753699, 'generation': 551}","{'id': 24325, 'rank': 19, 'fitness': 0.11336763509305692, 'generation': 551}","{'id': 24335, 'rank': 20, 'fitness': 0.09128965137264089, 'generation': 551}","{'id': 24338, 'rank': 21, 'fitness': 0.07276133902000487, 'generation': 551}","{'id': 24333, 'rank': 22, 'fitness': 0.0712485362824285, 'generation': 551}","{'id': 24316, 'rank': 23, 'fitness': 0.0673183418167011, 'generation': 551}","{'id': 24328, 'rank': 24, 'fitness': 0.03866988815602823, 'generation': 551}","{'id': 24348, 'rank': 25, 'fitness': 0.035218458440259004, 'generation': 551}","{'id': 24315, 'rank': 26, 'fitness': 0.0338622580410991, 'generation': 551}","{'id': 24357, 'rank': 27, 'fitness': 0.028572120406582857, 'generation': 551}","{'id': 24326, 'rank': 28, 'fitness': 0.01961098611237677, 'generation': 551}","{'id': 24356, 'rank': 29, 'fitness': 0.01917574356693552, 'generation': 551}","{'id': 24313, 'rank': 30, 'fitness': 0.01798620996209155, 'generation': 551}"
"{'id': 24394, 'rank': 1, 'fitness': 0.9820137900379085, 'generation': 552}","{'id': 24396, 'rank': 2, 'fitness': 0.9566497365547999, 'generation': 552}","{'id': 24391, 'rank': 3, 'fitness': 0.9525960901738636, 'generation': 552}","{'id': 24392, 'rank': 4, 'fitness': 0.8452503385618768, 'generation': 552}","{'id': 24406, 'rank': 5, 'fitness': 0.8434563836950463, 'generation': 552}","{'id': 24375, 'rank': 6, 'fitness': 0.6195333246621864, 'generation': 552}","{'id': 24397, 'rank': 7, 'fitness': 0.5658697976476649, 'generation': 552}","{'id': 24398, 'rank': 8, 'fitness': 0.5255266230264246, 'generation': 552}","{'id': 24399, 'rank': 9, 'fitness': 0.4513769454286779, 'generation': 552}","{'id': 24368, 'rank': 10, 'fitness': 0.25594308390859144, 'generation': 552}","{'id': 24372, 'rank': 11, 'fitness': 0.2524705865391575, 'generation': 552}","{'id': 24408, 'rank': 12, 'fitness': 0.24794694903285974, 'generation': 552}","{'id': 24402, 'rank': 13, 'fitness': 0.21513137361437362, 'generation': 552}","{'id': 24364, 'rank': 14, 'fitness': 0.17087352192380212, 'generation': 552}","{'id': 24407, 'rank': 15, 'fitness': 0.16749858233684445, 'generation': 552}","{'id': 24400, 'rank': 16, 'fitness': 0.13353966340609952, 'generation': 552}","{'id': 24377, 'rank': 17, 'fitness': 0.13246938695110155, 'generation': 552}","{'id': 24389, 'rank': 18, 'fitness': 0.12933920903108864, 'generation': 552}","{'id': 24370, 'rank': 19, 'fitness': 0.12132176126498767, 'generation': 552}","{'id': 24403, 'rank': 20, 'fitness': 0.11950627878956294, 'generation': 552}","{'id': 24380, 'rank': 21, 'fitness': 0.11511173149157006, 'generation': 552}","{'id': 24393, 'rank': 22, 'fitness': 0.08487322090609178, 'generation': 552}","{'id': 24386, 'rank': 23, 'fitness': 0.0698299567160382, 'generation': 552}","{'id': 24409, 'rank': 24, 'fitness': 0.05523986117595181, 'generation': 552}","{'id': 24365, 'rank': 25, 'fitness': 0.05224017622042887, 'generation': 552}","{'id': 24373, 'rank': 26, 'fitness': 0.042200940773588436, 'generation': 552}","{'id': 24401, 'rank': 27, 'fitness': 0.033725838658641205, 'generation': 552}","{'id': 24381, 'rank': 28, 'fitness': 0.03149078043225606, 'generation': 552}","{'id': 24412, 'rank': 29, 'fitness': 0.027324479583402894, 'generation': 552}","{'id': 24405, 'rank': 30, 'fitness': 0.01798620996209155, 'generation': 552}"
"{'id': 24449, 'rank': 1, 'fitness': 0.9820137900379085, 'generation': 553}","{'id': 24443, 'rank': 2, 'fitness': 0.9712861933145716, 'generation': 553}","{'id': 24435, 'rank': 3, 'fitness': 0.9656351664434707, 'generation': 553}","{'id': 24448, 'rank': 4, 'fitness': 0.9449214391348932, 'generation': 553}","{'id': 24445, 'rank': 5, 'fitness': 0.9097923732136096, 'generation': 553}","{'id': 24442, 'rank': 6, 'fitness': 0.8976745659923475, 'generation': 553}","{'id': 24429, 'rank': 7, 'fitness': 0.8941524101084903, 'generation': 553}","{'id': 24440, 'rank': 8, 'fitness': 0.8293191761177785, 'generation': 553}","{'id': 24437, 'rank': 9, 'fitness': 0.7780906430849477, 'generation': 553}","{'id': 24446, 'rank': 10, 'fitness': 0.7493433092379183, 'generation': 553}","{'id': 24438, 'rank': 11, 'fitness': 0.746895062526467, 'generation': 553}","{'id': 24434, 'rank': 12, 'fitness': 0.6807835198459492, 'generation': 553}","{'id': 24436, 'rank': 13, 'fitness': 0.6418071509681204, 'generation': 553}","{'id': 24432, 'rank': 14, 'fitness': 0.5346308589996268, 'generation': 553}","{'id': 24431, 'rank': 15, 'fitness': 0.4613816187109496, 'generation': 553}","{'id': 24441, 'rank': 16, 'fitness': 0.42859988434047014, 'generation': 553}","{'id': 24444, 'rank': 17, 'fitness': 0.39096327558271504, 'generation': 553}","{'id': 24428, 'rank': 18, 'fitness': 0.3685122283389049, 'generation': 553}","{'id': 24413, 'rank': 19, 'fitness': 0.2347695131083069, 'generation': 553}","{'id': 24427, 'rank': 20, 'fitness': 0.15567176572956948, 'generation': 553}","{'id': 24424, 'rank': 21, 'fitness': 0.1425643076939408, 'generation': 553}","{'id': 24426, 'rank': 22, 'fitness': 0.08966507982460675, 'generation': 553}","{'id': 24420, 'rank': 23, 'fitness': 0.0815722395587335, 'generation': 553}","{'id': 24423, 'rank': 24, 'fitness': 0.05491510824349771, 'generation': 553}","{'id': 24419, 'rank': 25, 'fitness': 0.05018259647972351, 'generation': 553}","{'id': 24422, 'rank': 26, 'fitness': 0.048213315745997354, 'generation': 553}","{'id': 24421, 'rank': 27, 'fitness': 0.0465540936644363, 'generation': 553}","{'id': 24425, 'rank': 28, 'fitness': 0.043036405484741136, 'generation': 553}","{'id': 24439, 'rank': 29, 'fitness': 0.026052635802023993, 'generation': 553}","{'id': 24418, 'rank': 30, 'fitness': 0.01798620996209155, 'generation': 553}"
"{'id': 24466, 'rank': 1, 'fitness': 0.9820137900379085, 'generation': 554}","{'id': 24499, 'rank': 2, 'fitness': 0.9507852661405718, 'generation': 554}","{'id': 24495, 'rank': 3, 'fitness': 0.9493781784893973, 'generation': 554}","{'id': 24498, 'rank': 4, 'fitness': 0.9390592863403854, 'generation': 554}","{'id': 24490, 'rank': 5, 'fitness': 0.9079228598852787, 'generation': 554}","{'id': 24453, 'rank': 6, 'fitness': 0.9070641299640599, 'generation': 554}","{'id': 24477, 'rank': 7, 'fitness': 0.8445676639091668, 'generation': 554}","{'id': 24483, 'rank': 8, 'fitness': 0.7980773705274907, 'generation': 554}","{'id': 24497, 'rank': 9, 'fitness': 0.6445066377427305, 'generation': 554}","{'id': 24458, 'rank': 10, 'fitness': 0.584591159351486, 'generation': 554}","{'id': 24493, 'rank': 11, 'fitness': 0.4848818328207754, 'generation': 554}","{'id': 24454, 'rank': 12, 'fitness': 0.1149078848468949, 'generation': 554}","{'id': 24460, 'rank': 13, 'fitness': 0.11024897157712815, 'generation': 554}","{'id': 24472, 'rank': 14, 'fitness': 0.1081523673299783, 'generation': 554}","{'id': 24496, 'rank': 15, 'fitness': 0.10642587650746138, 'generation': 554}","{'id': 24471, 'rank': 16, 'fitness': 0.078781256891997, 'generation': 554}","{'id': 24452, 'rank': 17, 'fitness': 0.068010283704106, 'generation': 554}","{'id': 24488, 'rank': 18, 'fitness': 0.06399210041120307, 'generation': 554}","{'id': 24484, 'rank': 19, 'fitness': 0.05229966272304365, 'generation': 554}","{'id': 24482, 'rank': 20, 'fitness': 0.04200778830062968, 'generation': 554}","{'id': 24476, 'rank': 21, 'fitness': 0.040837326722894696, 'generation': 554}","{'id': 24459, 'rank': 22, 'fitness': 0.03967607183865518, 'generation': 554}","{'id': 24492, 'rank': 23, 'fitness': 0.036294567260290234, 'generation': 554}","{'id': 24468, 'rank': 24, 'fitness': 0.033802381489226374, 'generation': 554}","{'id': 24491, 'rank': 25, 'fitness': 0.029062801009718975, 'generation': 554}","{'id': 24494, 'rank': 26, 'fitness': 0.027154300045626856, 'generation': 554}","{'id': 24455, 'rank': 27, 'fitness': 0.025654813486696848, 'generation': 554}","{'id': 24485, 'rank': 28, 'fitness': 0.02423271714127606, 'generation': 554}","{'id': 24469, 'rank': 29, 'fitness': 0.020755915850689366, 'generation': 554}","{'id': 24475, 'rank': 30, 'fitness': 0.01798620996209155, 'generation': 554}"
"{'id': 24522, 'rank': 1, 'fitness': 0.9820137900379085, 'generation': 555}","{'id': 24546, 'rank': 2, 'fitness': 0.9736986922360533, 'generation': 555}","{'id': 24533, 'rank': 3, 'fitness': 0.9465882045007608, 'generation': 555}","{'id': 24541, 'rank': 4, 'fitness': 0.8739103798216663, 'generation': 555}","{'id': 24506, 'rank': 5, 'fitness': 0.8331883483920703, 'generation': 555}","{'id': 24537, 'rank': 6, 'fitness': 0.649232636689947, 'generation': 555}","{'id': 24516, 'rank': 7, 'fitness': 0.6471909157565614, 'generation': 555}","{'id': 24530, 'rank': 8, 'fitness': 0.602517054435355, 'generation': 555}","{'id': 24529, 'rank': 9, 'fitness': 0.5219823455176524, 'generation': 555}","{'id': 24523, 'rank': 10, 'fitness': 0.5034353365964184, 'generation': 555}","{'id': 24511, 'rank': 11, 'fitness': 0.5029636337292477, 'generation': 555}","{'id': 24531, 'rank': 12, 'fitness': 0.39753634612208977, 'generation': 555}","{'id': 24538, 'rank': 13, 'fitness': 0.36326523316612336, 'generation': 555}","{'id': 24539, 'rank': 14, 'fitness': 0.19981849414676223, 'generation': 555}","{'id': 24544, 'rank': 15, 'fitness': 0.18959909878425163, 'generation': 555}","{'id': 24502, 'rank': 16, 'fitness': 0.1717295642419278, 'generation': 555}","{'id': 24542, 'rank': 17, 'fitness': 0.17006853958447854, 'generation': 555}","{'id': 24508, 'rank': 18, 'fitness': 0.14150434086573138, 'generation': 555}","{'id': 24532, 'rank': 19, 'fitness': 0.08686497656371217, 'generation': 555}","{'id': 24534, 'rank': 20, 'fitness': 0.0690334339680897, 'generation': 555}","{'id': 24527, 'rank': 21, 'fitness': 0.06619087626730252, 'generation': 555}","{'id': 24509, 'rank': 22, 'fitness': 0.062282491923041694, 'generation': 555}","{'id': 24504, 'rank': 23, 'fitness': 0.05059505916972529, 'generation': 555}","{'id': 24514, 'rank': 24, 'fitness': 0.04348761656881045, 'generation': 555}","{'id': 24526, 'rank': 25, 'fitness': 0.041510458914171156, 'generation': 555}","{'id': 24536, 'rank': 26, 'fitness': 0.039300358400478186, 'generation': 555}","{'id': 24512, 'rank': 27, 'fitness': 0.03677373832462616, 'generation': 555}","{'id': 24521, 'rank': 28, 'fitness': 0.03275329955524736, 'generation': 555}","{'id': 24520, 'rank': 29, 'fitness': 0.031814607602033806, 'generation': 555}","{'id': 24510, 'rank': 30, 'fitness': 0.01798620996209155, 'generation': 555}"
"{'id': 24584, 'rank': 1, 'fitness': 0.9820137900379085, 'generation': 556}","{'id': 24570, 'rank': 2, 'fitness': 0.5299550591237083, 'generation': 556}","{'id': 24575, 'rank': 3, 'fitness': 0.5179477126377876, 'generation': 556}","{'id': 24569, 'rank': 4, 'fitness': 0.43020876512237705, 'generation': 556}","{'id': 24549, 'rank': 5, 'fitness': 0.3575215234187465, 'generation': 556}","{'id': 24577, 'rank': 6, 'fitness': 0.35366386023358876, 'generation': 556}","{'id': 24580, 'rank': 7, 'fitness': 0.31412126736762935, 'generation': 556}","{'id': 24582, 'rank': 8, 'fitness': 0.22566812119632462, 'generation': 556}","{'id': 24571, 'rank': 9, 'fitness': 0.22080718882474837, 'generation': 556}","{'id': 24552, 'rank': 10, 'fitness': 0.21412613743945752, 'generation': 556}","{'id': 24566, 'rank': 11, 'fitness': 0.16702176464549134, 'generation': 556}","{'id': 24561, 'rank': 12, 'fitness': 0.14821824177384368, 'generation': 556}","{'id': 24585, 'rank': 13, 'fitness': 0.12888460515178018, 'generation': 556}","{'id': 24578, 'rank': 14, 'fitness': 0.12305262796886729, 'generation': 556}","{'id': 24581, 'rank': 15, 'fitness': 0.12261605887331378, 'generation': 556}","{'id': 24579, 'rank': 16, 'fitness': 0.10686697861903433, 'generation': 556}","{'id': 24572, 'rank': 17, 'fitness': 0.10612091405492641, 'generation': 556}","{'id': 24564, 'rank': 18, 'fitness': 0.09095870592317784, 'generation': 556}","{'id': 24551, 'rank': 19, 'fitness': 0.07426158619797846, 'generation': 556}","{'id': 24558, 'rank': 20, 'fitness': 0.07335487143076169, 'generation': 556}","{'id': 24557, 'rank': 21, 'fitness': 0.072951037657835, 'generation': 556}","{'id': 24576, 'rank': 22, 'fitness': 0.070302547006176, 'generation': 556}","{'id': 24553, 'rank': 23, 'fitness': 0.05760696037733537, 'generation': 556}","{'id': 24560, 'rank': 24, 'fitness': 0.05264475450166306, 'generation': 556}","{'id': 24586, 'rank': 25, 'fitness': 0.04676563358792618, 'generation': 556}","{'id': 24567, 'rank': 26, 'fitness': 0.042795720782840996, 'generation': 556}","{'id': 24565, 'rank': 27, 'fitness': 0.02213570618788796, 'generation': 556}","{'id': 24573, 'rank': 28, 'fitness': 0.019143782762038264, 'generation': 556}","{'id': 24568, 'rank': 29, 'fitness': 0.018146962594866367, 'generation': 556}","{'id': 24574, 'rank': 30, 'fitness': 0.01798620996209155, 'generation': 556}"
"{'id': 24605, 'rank': 1, 'fitness': 0.9820137900379085, 'generation': 557}","{'id': 24595, 'rank': 2, 'fitness': 0.9691084220746053, 'generation': 557}","{'id': 24596, 'rank': 3, 'fitness': 0.9652369606751183, 'generation': 557}","{'id': 24617, 'rank': 4, 'fitness': 0.9601625497259967, 'generation': 557}","{'id': 24599, 'rank': 5, 'fitness': 0.9498988894256415, 'generation': 557}","{'id': 24622, 'rank': 6, 'fitness': 0.7292608664353566, 'generation': 557}","{'id': 24616, 'rank': 7, 'fitness': 0.6819043706441762, 'generation': 557}","{'id': 24601, 'rank': 8, 'fitness': 0.6724446426258563, 'generation': 557}","{'id': 24589, 'rank': 9, 'fitness': 0.39812091054091847, 'generation': 557}","{'id': 24604, 'rank': 10, 'fitness': 0.38071590665448185, 'generation': 557}","{'id': 24608, 'rank': 11, 'fitness': 0.30688194820639864, 'generation': 557}","{'id': 24593, 'rank': 12, 'fitness': 0.28832966373673186, 'generation': 557}","{'id': 24623, 'rank': 13, 'fitness': 0.2863600282761979, 'generation': 557}","{'id': 24609, 'rank': 14, 'fitness': 0.2614760355879205, 'generation': 557}","{'id': 24597, 'rank': 15, 'fitness': 0.1934283629162642, 'generation': 557}","{'id': 24619, 'rank': 16, 'fitness': 0.16066960159037325, 'generation': 557}","{'id': 24598, 'rank': 17, 'fitness': 0.141838634217601, 'generation': 557}","{'id': 24612, 'rank': 18, 'fitness': 0.12441660484482198, 'generation': 557}","{'id': 24615, 'rank': 19, 'fitness': 0.11661523356737147, 'generation': 557}","{'id': 24603, 'rank': 20, 'fitness': 0.10335952217902417, 'generation': 557}","{'id': 24588, 'rank': 21, 'fitness': 0.07906879506246911, 'generation': 557}","{'id': 24614, 'rank': 22, 'fitness': 0.0762792931119437, 'generation': 557}","{'id': 24602, 'rank': 23, 'fitness': 0.07618636566196357, 'generation': 557}","{'id': 24620, 'rank': 24, 'fitness': 0.06396421491184423, 'generation': 557}","{'id': 24600, 'rank': 25, 'fitness': 0.034018172345960385, 'generation': 557}","{'id': 24611, 'rank': 26, 'fitness': 0.030090111434640965, 'generation': 557}","{'id': 24606, 'rank': 27, 'fitness': 0.029458533803783438, 'generation': 557}","{'id': 24613, 'rank': 28, 'fitness': 0.028357641036153736, 'generation': 557}","{'id': 24621, 'rank': 29, 'fitness': 0.024706648371721263, 'generation': 557}","{'id': 24618, 'rank': 30, 'fitness': 0.01798620996209155, 'generation': 557}"
"{'id': 24660, 'rank': 1, 'fitness': 0.9820137900379085, 'generation': 558}","{'id': 24657, 'rank': 2, 'fitness': 0.9723630084263875, 'generation': 558}","{'id': 24656, 'rank': 3, 'fitness': 0.9374562362668646, 'generation': 558}","{'id': 24668, 'rank': 4, 'fitness': 0.918638620532636, 'generation': 558}","{'id': 24670, 'rank': 5, 'fitness': 0.5692973585822898, 'generation': 558}","{'id': 24658, 'rank': 6, 'fitness': 0.5329233538380383, 'generation': 558}","{'id': 24643, 'rank': 7, 'fitness': 0.332820615917345, 'generation': 558}","{'id': 24665, 'rank': 8, 'fitness': 0.3317339472434834, 'generation': 558}","{'id': 24669, 'rank': 9, 'fitness': 0.29696775836833156, 'generation': 558}","{'id': 24647, 'rank': 10, 'fitness': 0.28841336539172097, 'generation': 558}","{'id': 24666, 'rank': 11, 'fitness': 0.2442192435159944, 'generation': 558}","{'id': 24671, 'rank': 12, 'fitness': 0.23655365319464655, 'generation': 558}","{'id': 24672, 'rank': 13, 'fitness': 0.2290307024802385, 'generation': 558}","{'id': 24662, 'rank': 14, 'fitness': 0.22186397790431295, 'generation': 558}","{'id': 24632, 'rank': 15, 'fitness': 0.20347420051027676, 'generation': 558}","{'id': 24653, 'rank': 16, 'fitness': 0.19574591387965284, 'generation': 558}","{'id': 24631, 'rank': 17, 'fitness': 0.17023415586484025, 'generation': 558}","{'id': 24637, 'rank': 18, 'fitness': 0.13604192137139287, 'generation': 558}","{'id': 24661, 'rank': 19, 'fitness': 0.10677569364652129, 'generation': 558}","{'id': 24664, 'rank': 20, 'fitness': 0.10394726578453328, 'generation': 558}","{'id': 24655, 'rank': 21, 'fitness': 0.10008822813080209, 'generation': 558}","{'id': 24652, 'rank': 22, 'fitness': 0.0796249296111251, 'generation': 558}","{'id': 24673, 'rank': 23, 'fitness': 0.055245190395251165, 'generation': 558}","{'id': 24646, 'rank': 24, 'fitness': 0.04861035317417339, 'generation': 558}","{'id': 24635, 'rank': 25, 'fitness': 0.043117737895569885, 'generation': 558}","{'id': 24650, 'rank': 26, 'fitness': 0.038503521339729285, 'generation': 558}","{'id': 24626, 'rank': 27, 'fitness': 0.0354256898076048, 'generation': 558}","{'id': 24638, 'rank': 28, 'fitness': 0.028306413818875775, 'generation': 558}","{'id': 24667, 'rank': 29, 'fitness': 0.026132118678956984, 'generation': 558}","{'id': 24663, 'rank': 30, 'fitness': 0.01798620996209155, 'generation': 558}"
"{'id': 24707, 'rank': 1, 'fitness': 0.9820137900379085, 'generation': 559}","{'id': 24700, 'rank': 2, 'fitness': 0.9532215159573076, 'generation': 559}","{'id': 24691, 'rank': 3, 'fitness': 0.8894345238536623, 'generation': 559}","{'id': 24704, 'rank': 4, 'fitness': 0.5571226222948333, 'generation': 559}","{'id': 24695, 'rank': 5, 'fitness': 0.4877558275428078, 'generation': 559}","{'id': 24684, 'rank': 6, 'fitness': 0.46078887888985665, 'generation': 559}","{'id': 24697, 'rank': 7, 'fitness': 0.36456681472436636, 'generation': 559}","{'id': 24686, 'rank': 8, 'fitness': 0.31186438296218644, 'generation': 559}","{'id': 24685, 'rank': 9, 'fitness': 0.1545135844183511, 'generation': 559}","{'id': 24687, 'rank': 10, 'fitness': 0.13939059131223136, 'generation': 559}","{'id': 24693, 'rank': 11, 'fitness': 0.11989978786458211, 'generation': 559}","{'id': 24710, 'rank': 12, 'fitness': 0.09644653905269313, 'generation': 559}","{'id': 24692, 'rank': 13, 'fitness': 0.0759267417293581, 'generation': 559}","{'id': 24688, 'rank': 14, 'fitness': 0.07285204509455989, 'generation': 559}","{'id': 24702, 'rank': 15, 'fitness': 0.07233571764611724, 'generation': 559}","{'id': 24699, 'rank': 16, 'fitness': 0.07007291499201673, 'generation': 559}","{'id': 24683, 'rank': 17, 'fitness': 0.058621140593523635, 'generation': 559}","{'id': 24703, 'rank': 18, 'fitness': 0.05342015921283505, 'generation': 559}","{'id': 24677, 'rank': 19, 'fitness': 0.0454733163965258, 'generation': 559}","{'id': 24681, 'rank': 20, 'fitness': 0.04238012812149072, 'generation': 559}","{'id': 24706, 'rank': 21, 'fitness': 0.03161061581934205, 'generation': 559}","{'id': 24674, 'rank': 22, 'fitness': 0.03091049867601392, 'generation': 559}","{'id': 24709, 'rank': 23, 'fitness': 0.028660016779722797, 'generation': 559}","{'id': 24696, 'rank': 24, 'fitness': 0.025889858307381053, 'generation': 559}","{'id': 24701, 'rank': 25, 'fitness': 0.025858285596808972, 'generation': 559}","{'id': 24680, 'rank': 26, 'fitness': 0.024645396969749878, 'generation': 559}","{'id': 24682, 'rank': 27, 'fitness': 0.02433414811749096, 'generation': 559}","{'id': 24705, 'rank': 28, 'fitness': 0.02202428516026128, 'generation': 559}","{'id': 24679, 'rank': 29, 'fitness': 0.019134377288957394, 'generation': 559}","{'id': 24698, 'rank': 30, 'fitness': 0.01798620996209155, 'generation': 559}"
"{'id': 24744, 'rank': 1, 'fitness': 0.9820137900379085, 'generation': 560}","{'id': 24729, 'rank': 2, 'fitness': 0.9199003203615344, 'generation': 560}","{'id': 24734, 'rank': 3, 'fitness': 0.9105614490822034, 'generation': 560}","{'id': 24747, 'rank': 4, 'fitness': 0.8190311710184275, 'generation': 560}","{'id': 24715, 'rank': 5, 'fitness': 0.8129782828660632, 'generation': 560}","{'id': 24743, 'rank': 6, 'fitness': 0.7979961448932943, 'generation': 560}","{'id': 24727, 'rank': 7, 'fitness': 0.7846611478129442, 'generation': 560}","{'id': 24750, 'rank': 8, 'fitness': 0.7693245276949411, 'generation': 560}","{'id': 24737, 'rank': 9, 'fitness': 0.7094797180922348, 'generation': 560}","{'id': 24733, 'rank': 10, 'fitness': 0.6619717367328247, 'generation': 560}","{'id': 24736, 'rank': 11, 'fitness': 0.4837206821234321, 'generation': 560}","{'id': 24735, 'rank': 12, 'fitness': 0.3680110829708767, 'generation': 560}","{'id': 24741, 'rank': 13, 'fitness': 0.3527555688131147, 'generation': 560}","{'id': 24728, 'rank': 14, 'fitness': 0.2708474405878235, 'generation': 560}","{'id': 24726, 'rank': 15, 'fitness': 0.19926579088789298, 'generation': 560}","{'id': 24748, 'rank': 16, 'fitness': 0.17930202043487964, 'generation': 560}","{'id': 24740, 'rank': 17, 'fitness': 0.16369226232014883, 'generation': 560}","{'id': 24713, 'rank': 18, 'fitness': 0.15196031397977255, 'generation': 560}","{'id': 24711, 'rank': 19, 'fitness': 0.10367496034654344, 'generation': 560}","{'id': 24738, 'rank': 20, 'fitness': 0.09698985117124259, 'generation': 560}","{'id': 24731, 'rank': 21, 'fitness': 0.09278597739085426, 'generation': 560}","{'id': 24742, 'rank': 22, 'fitness': 0.07874443110797558, 'generation': 560}","{'id': 24739, 'rank': 23, 'fitness': 0.07581744789687295, 'generation': 560}","{'id': 24745, 'rank': 24, 'fitness': 0.06704461255756133, 'generation': 560}","{'id': 24732, 'rank': 25, 'fitness': 0.044282354003169266, 'generation': 560}","{'id': 24746, 'rank': 26, 'fitness': 0.03877235506840193, 'generation': 560}","{'id': 24724, 'rank': 27, 'fitness': 0.03664705753890085, 'generation': 560}","{'id': 24725, 'rank': 28, 'fitness': 0.029578506930930892, 'generation': 560}","{'id': 24723, 'rank': 29, 'fitness': 0.020504914018603326, 'generation': 560}","{'id': 24721, 'rank': 30, 'fitness': 0.01798620996209155, 'generation': 560}"
"{'id': 24759, 'rank': 1, 'fitness': 0.9820137900379085, 'generation': 561}","{'id': 24760, 'rank': 2, 'fitness': 0.8700458674105215, 'generation': 561}","{'id': 24784, 'rank': 3, 'fitness': 0.6297169971538058, 'generation': 561}","{'id': 24793, 'rank': 4, 'fitness': 0.5949063481996743, 'generation': 561}","{'id': 24776, 'rank': 5, 'fitness': 0.5634781964476101, 'generation': 561}","{'id': 24795, 'rank': 6, 'fitness': 0.5436865325091869, 'generation': 561}","{'id': 24787, 'rank': 7, 'fitness': 0.5350664459661626, 'generation': 561}","{'id': 24789, 'rank': 8, 'fitness': 0.49717202886692274, 'generation': 561}","{'id': 24758, 'rank': 9, 'fitness': 0.4544476907032187, 'generation': 561}","{'id': 24780, 'rank': 10, 'fitness': 0.3128955285133196, 'generation': 561}","{'id': 24771, 'rank': 11, 'fitness': 0.2829863835753953, 'generation': 561}","{'id': 24786, 'rank': 12, 'fitness': 0.24794264392845056, 'generation': 561}","{'id': 24777, 'rank': 13, 'fitness': 0.18212118674211586, 'generation': 561}","{'id': 24791, 'rank': 14, 'fitness': 0.17826149665693564, 'generation': 561}","{'id': 24757, 'rank': 15, 'fitness': 0.15206385756296614, 'generation': 561}","{'id': 24785, 'rank': 16, 'fitness': 0.11547381388634037, 'generation': 561}","{'id': 24778, 'rank': 17, 'fitness': 0.11396508968750829, 'generation': 561}","{'id': 24765, 'rank': 18, 'fitness': 0.10720202173979909, 'generation': 561}","{'id': 24792, 'rank': 19, 'fitness': 0.10049734366864199, 'generation': 561}","{'id': 24788, 'rank': 20, 'fitness': 0.09112836017439574, 'generation': 561}","{'id': 24772, 'rank': 21, 'fitness': 0.07912860975731328, 'generation': 561}","{'id': 24782, 'rank': 22, 'fitness': 0.07439448944749849, 'generation': 561}","{'id': 24790, 'rank': 23, 'fitness': 0.06637451516094794, 'generation': 561}","{'id': 24769, 'rank': 24, 'fitness': 0.06430802145453118, 'generation': 561}","{'id': 24768, 'rank': 25, 'fitness': 0.060138864281223225, 'generation': 561}","{'id': 24774, 'rank': 26, 'fitness': 0.03920144871000347, 'generation': 561}","{'id': 24766, 'rank': 27, 'fitness': 0.03193619900129602, 'generation': 561}","{'id': 24761, 'rank': 28, 'fitness': 0.03127780619303239, 'generation': 561}","{'id': 24783, 'rank': 29, 'fitness': 0.02209435702474649, 'generation': 561}","{'id': 24762, 'rank': 30, 'fitness': 0.01798620996209155, 'generation': 561}"
"{'id': 24829, 'rank': 1, 'fitness': 0.9820137900379085, 'generation': 562}","{'id': 24840, 'rank': 2, 'fitness': 0.9369850782079653, 'generation': 562}","{'id': 24830, 'rank': 3, 'fitness': 0.9136789187323465, 'generation': 562}","{'id': 24821, 'rank': 4, 'fitness': 0.7601505532266613, 'generation': 562}","{'id': 24843, 'rank': 5, 'fitness': 0.7134808932807839, 'generation': 562}","{'id': 24828, 'rank': 6, 'fitness': 0.6421419227402022, 'generation': 562}","{'id': 24837, 'rank': 7, 'fitness': 0.6086051620246729, 'generation': 562}","{'id': 24833, 'rank': 8, 'fitness': 0.5541395495184953, 'generation': 562}","{'id': 24841, 'rank': 9, 'fitness': 0.553870163608478, 'generation': 562}","{'id': 24827, 'rank': 10, 'fitness': 0.4915475291266371, 'generation': 562}","{'id': 24817, 'rank': 11, 'fitness': 0.4854045304432486, 'generation': 562}","{'id': 24836, 'rank': 12, 'fitness': 0.43745932874469995, 'generation': 562}","{'id': 24834, 'rank': 13, 'fitness': 0.3808324646052221, 'generation': 562}","{'id': 24808, 'rank': 14, 'fitness': 0.2664894990132623, 'generation': 562}","{'id': 24826, 'rank': 15, 'fitness': 0.2362706653503437, 'generation': 562}","{'id': 24805, 'rank': 16, 'fitness': 0.21670408459173807, 'generation': 562}","{'id': 24820, 'rank': 17, 'fitness': 0.12681582940971559, 'generation': 562}","{'id': 24822, 'rank': 18, 'fitness': 0.12001117867329975, 'generation': 562}","{'id': 24838, 'rank': 19, 'fitness': 0.08917566927606752, 'generation': 562}","{'id': 24814, 'rank': 20, 'fitness': 0.08380576508931054, 'generation': 562}","{'id': 24810, 'rank': 21, 'fitness': 0.06869650958576445, 'generation': 562}","{'id': 24812, 'rank': 22, 'fitness': 0.06370824936073982, 'generation': 562}","{'id': 24809, 'rank': 23, 'fitness': 0.05278921367000855, 'generation': 562}","{'id': 24803, 'rank': 24, 'fitness': 0.048649366010262596, 'generation': 562}","{'id': 24815, 'rank': 25, 'fitness': 0.04855603830502153, 'generation': 562}","{'id': 24798, 'rank': 26, 'fitness': 0.03814498432649521, 'generation': 562}","{'id': 24806, 'rank': 27, 'fitness': 0.03151386300558956, 'generation': 562}","{'id': 24811, 'rank': 28, 'fitness': 0.021537827123141617, 'generation': 562}","{'id': 24804, 'rank': 29, 'fitness': 0.02138634917575455, 'generation': 562}","{'id': 24824, 'rank': 30, 'fitness': 0.01798620996209155, 'generation': 562}"
"{'id': 24891, 'rank': 1, 'fitness': 0.9820137900379085, 'generation': 563}","{'id': 24889, 'rank': 2, 'fitness': 0.8675037474118703, 'generation': 563}","{'id': 24880, 'rank': 3, 'fitness': 0.6763363136882103, 'generation': 563}","{'id': 24878, 'rank': 4, 'fitness': 0.5898008071137643, 'generation': 563}","{'id': 24870, 'rank': 5, 'fitness': 0.456665381482017, 'generation': 563}","{'id': 24876, 'rank': 6, 'fitness': 0.4463982592304431, 'generation': 563}","{'id': 24873, 'rank': 7, 'fitness': 0.4091330124578711, 'generation': 563}","{'id': 24885, 'rank': 8, 'fitness': 0.272758439620813, 'generation': 563}","{'id': 24866, 'rank': 9, 'fitness': 0.18292137019323912, 'generation': 563}","{'id': 24888, 'rank': 10, 'fitness': 0.12759392642447998, 'generation': 563}","{'id': 24879, 'rank': 11, 'fitness': 0.1149118360290855, 'generation': 563}","{'id': 24890, 'rank': 12, 'fitness': 0.09743579023082127, 'generation': 563}","{'id': 24877, 'rank': 13, 'fitness': 0.088393118558444, 'generation': 563}","{'id': 24851, 'rank': 14, 'fitness': 0.08213797229547354, 'generation': 563}","{'id': 24862, 'rank': 15, 'fitness': 0.07726050974144938, 'generation': 563}","{'id': 24861, 'rank': 16, 'fitness': 0.06274887554294917, 'generation': 563}","{'id': 24882, 'rank': 17, 'fitness': 0.059104514853505596, 'generation': 563}","{'id': 24847, 'rank': 18, 'fitness': 0.057045503329554104, 'generation': 563}","{'id': 24881, 'rank': 19, 'fitness': 0.054775136633468335, 'generation': 563}","{'id': 24875, 'rank': 20, 'fitness': 0.05393737079780775, 'generation': 563}","{'id': 24856, 'rank': 21, 'fitness': 0.04783579318570885, 'generation': 563}","{'id': 24863, 'rank': 22, 'fitness': 0.034039056452604965, 'generation': 563}","{'id': 24865, 'rank': 23, 'fitness': 0.030865848345564162, 'generation': 563}","{'id': 24844, 'rank': 24, 'fitness': 0.02882676765599923, 'generation': 563}","{'id': 24886, 'rank': 25, 'fitness': 0.02702692896439851, 'generation': 563}","{'id': 24874, 'rank': 26, 'fitness': 0.02489055759236658, 'generation': 563}","{'id': 24887, 'rank': 27, 'fitness': 0.023696892092683608, 'generation': 563}","{'id': 24848, 'rank': 28, 'fitness': 0.023268050500318826, 'generation': 563}","{'id': 24867, 'rank': 29, 'fitness': 0.021878278361077863, 'generation': 563}","{'id': 24860, 'rank': 30, 'fitness': 0.01798620996209155, 'generation': 563}"
"{'id': 24916, 'rank': 1, 'fitness': 0.9820137900379085, 'generation': 564}","{'id': 24905, 'rank': 2, 'fitness': 0.9478699992264865, 'generation': 564}","{'id': 24921, 'rank': 3, 'fitness': 0.7594192379091034, 'generation': 564}","{'id': 24907, 'rank': 4, 'fitness': 0.711928733480772, 'generation': 564}","{'id': 24903, 'rank': 5, 'fitness': 0.6538725423681637, 'generation': 564}","{'id': 24893, 'rank': 6, 'fitness': 0.5747984549529674, 'generation': 564}","{'id': 24923, 'rank': 7, 'fitness': 0.5587075525440477, 'generation': 564}","{'id': 24894, 'rank': 8, 'fitness': 0.557938099122871, 'generation': 564}","{'id': 24922, 'rank': 9, 'fitness': 0.4573431187517925, 'generation': 564}","{'id': 24904, 'rank': 10, 'fitness': 0.32698861711400307, 'generation': 564}","{'id': 24900, 'rank': 11, 'fitness': 0.312309164203623, 'generation': 564}","{'id': 24920, 'rank': 12, 'fitness': 0.2648090059967039, 'generation': 564}","{'id': 24915, 'rank': 13, 'fitness': 0.24273970327164718, 'generation': 564}","{'id': 24909, 'rank': 14, 'fitness': 0.21485573541871328, 'generation': 564}","{'id': 24912, 'rank': 15, 'fitness': 0.20985427853198263, 'generation': 564}","{'id': 24906, 'rank': 16, 'fitness': 0.20183854681943803, 'generation': 564}","{'id': 24896, 'rank': 17, 'fitness': 0.14508914520940613, 'generation': 564}","{'id': 24926, 'rank': 18, 'fitness': 0.10097958244738192, 'generation': 564}","{'id': 24898, 'rank': 19, 'fitness': 0.09779315213930984, 'generation': 564}","{'id': 24910, 'rank': 20, 'fitness': 0.08960710604841648, 'generation': 564}","{'id': 24927, 'rank': 21, 'fitness': 0.05971482333724765, 'generation': 564}","{'id': 24917, 'rank': 22, 'fitness': 0.035165428412262, 'generation': 564}","{'id': 24918, 'rank': 23, 'fitness': 0.034054072493625576, 'generation': 564}","{'id': 24897, 'rank': 24, 'fitness': 0.029006422803207976, 'generation': 564}","{'id': 24911, 'rank': 25, 'fitness': 0.02514873996696465, 'generation': 564}","{'id': 24895, 'rank': 26, 'fitness': 0.02436368607978323, 'generation': 564}","{'id': 24902, 'rank': 27, 'fitness': 0.02180624351547833, 'generation': 564}","{'id': 24908, 'rank': 28, 'fitness': 0.021799153701719087, 'generation': 564}","{'id': 24901, 'rank': 29, 'fitness': 0.0201840399769036, 'generation': 564}","{'id': 24913, 'rank': 30, 'fitness': 0.01798620996209155, 'generation': 564}"
"{'id': 24961, 'rank': 1, 'fitness': 0.9820137900379085, 'generation': 565}","{'id': 24963, 'rank': 2, 'fitness': 0.9360047587175255, 'generation': 565}","{'id': 24940, 'rank': 3, 'fitness': 0.9114663591567157, 'generation': 565}","{'id': 24959, 'rank': 4, 'fitness': 0.8998663690179978, 'generation': 565}","{'id': 24948, 'rank': 5, 'fitness': 0.8661730386423376, 'generation': 565}","{'id': 24946, 'rank': 6, 'fitness': 0.8527326548960141, 'generation': 565}","{'id': 24949, 'rank': 7, 'fitness': 0.8239709796290886, 'generation': 565}","{'id': 24938, 'rank': 8, 'fitness': 0.7476695321554406, 'generation': 565}","{'id': 24944, 'rank': 9, 'fitness': 0.6748932492045318, 'generation': 565}","{'id': 24954, 'rank': 10, 'fitness': 0.6694930283208135, 'generation': 565}","{'id': 24966, 'rank': 11, 'fitness': 0.6428259647471757, 'generation': 565}","{'id': 24960, 'rank': 12, 'fitness': 0.6121276572738559, 'generation': 565}","{'id': 24953, 'rank': 13, 'fitness': 0.5063015634389901, 'generation': 565}","{'id': 24965, 'rank': 14, 'fitness': 0.4258648848073681, 'generation': 565}","{'id': 24964, 'rank': 15, 'fitness': 0.4220936306660553, 'generation': 565}","{'id': 24958, 'rank': 16, 'fitness': 0.40234967783990716, 'generation': 565}","{'id': 24941, 'rank': 17, 'fitness': 0.3431919423747686, 'generation': 565}","{'id': 24955, 'rank': 18, 'fitness': 0.33374788198115135, 'generation': 565}","{'id': 24928, 'rank': 19, 'fitness': 0.29295850209678825, 'generation': 565}","{'id': 24957, 'rank': 20, 'fitness': 0.22073119680855352, 'generation': 565}","{'id': 24936, 'rank': 21, 'fitness': 0.16643813022463944, 'generation': 565}","{'id': 24943, 'rank': 22, 'fitness': 0.1573697464042647, 'generation': 565}","{'id': 24932, 'rank': 23, 'fitness': 0.13669493561066598, 'generation': 565}","{'id': 24934, 'rank': 24, 'fitness': 0.1116205647261932, 'generation': 565}","{'id': 24952, 'rank': 25, 'fitness': 0.054667765602703144, 'generation': 565}","{'id': 24962, 'rank': 26, 'fitness': 0.04133019456996884, 'generation': 565}","{'id': 24951, 'rank': 27, 'fitness': 0.039769876150723193, 'generation': 565}","{'id': 24930, 'rank': 28, 'fitness': 0.027185512713484628, 'generation': 565}","{'id': 24956, 'rank': 29, 'fitness': 0.020112998476980393, 'generation': 565}","{'id': 24931, 'rank': 30, 'fitness': 0.01798620996209155, 'generation': 565}"
"{'id': 25016, 'rank': 1, 'fitness': 0.9820137900379085, 'generation': 566}","{'id': 25009, 'rank': 2, 'fitness': 0.9343897913874906, 'generation': 566}","{'id': 25013, 'rank': 3, 'fitness': 0.5669087626176924, 'generation': 566}","{'id': 25020, 'rank': 4, 'fitness': 0.5265797671295622, 'generation': 566}","{'id': 24974, 'rank': 5, 'fitness': 0.5074154038530189, 'generation': 566}","{'id': 25010, 'rank': 6, 'fitness': 0.43785319106403187, 'generation': 566}","{'id': 24984, 'rank': 7, 'fitness': 0.3337560976931183, 'generation': 566}","{'id': 25007, 'rank': 8, 'fitness': 0.28707830206669094, 'generation': 566}","{'id': 24977, 'rank': 9, 'fitness': 0.27749865120021366, 'generation': 566}","{'id': 25019, 'rank': 10, 'fitness': 0.2528915000323553, 'generation': 566}","{'id': 25017, 'rank': 11, 'fitness': 0.1991963552170758, 'generation': 566}","{'id': 25014, 'rank': 12, 'fitness': 0.1320527732983271, 'generation': 566}","{'id': 24976, 'rank': 13, 'fitness': 0.11683514753247554, 'generation': 566}","{'id': 24998, 'rank': 14, 'fitness': 0.10141578214312863, 'generation': 566}","{'id': 25003, 'rank': 15, 'fitness': 0.09844996971910897, 'generation': 566}","{'id': 25001, 'rank': 16, 'fitness': 0.06343285272340227, 'generation': 566}","{'id': 24990, 'rank': 17, 'fitness': 0.06038969842332914, 'generation': 566}","{'id': 25000, 'rank': 18, 'fitness': 0.059109772187499576, 'generation': 566}","{'id': 24980, 'rank': 19, 'fitness': 0.05053192050195365, 'generation': 566}","{'id': 24999, 'rank': 20, 'fitness': 0.04846034841995828, 'generation': 566}","{'id': 24995, 'rank': 21, 'fitness': 0.04665357263034908, 'generation': 566}","{'id': 24994, 'rank': 22, 'fitness': 0.03373703001032469, 'generation': 566}","{'id': 25012, 'rank': 23, 'fitness': 0.033142990559785035, 'generation': 566}","{'id': 24987, 'rank': 24, 'fitness': 0.03251611935237547, 'generation': 566}","{'id': 24997, 'rank': 25, 'fitness': 0.02770666893251672, 'generation': 566}","{'id': 24971, 'rank': 26, 'fitness': 0.027051438184625964, 'generation': 566}","{'id': 25011, 'rank': 27, 'fitness': 0.026850223466821976, 'generation': 566}","{'id': 24970, 'rank': 28, 'fitness': 0.02636700007869741, 'generation': 566}","{'id': 25008, 'rank': 29, 'fitness': 0.02603470883620046, 'generation': 566}","{'id': 24996, 'rank': 30, 'fitness': 0.01798620996209155, 'generation': 566}"
"{'id': 25028, 'rank': 1, 'fitness': 0.9820137900379085, 'generation': 567}","{'id': 25038, 'rank': 2, 'fitness': 0.8685055045163956, 'generation': 567}","{'id': 25057, 'rank': 3, 'fitness': 0.7193339216338959, 'generation': 567}","{'id': 25041, 'rank': 4, 'fitness': 0.6417164425416156, 'generation': 567}","{'id': 25044, 'rank': 5, 'fitness': 0.608925763933393, 'generation': 567}","{'id': 25055, 'rank': 6, 'fitness': 0.44751169614153874, 'generation': 567}","{'id': 25036, 'rank': 7, 'fitness': 0.3943066615855933, 'generation': 567}","{'id': 25039, 'rank': 8, 'fitness': 0.3899983288519589, 'generation': 567}","{'id': 25033, 'rank': 9, 'fitness': 0.3757441719825587, 'generation': 567}","{'id': 25054, 'rank': 10, 'fitness': 0.34887852101012057, 'generation': 567}","{'id': 25032, 'rank': 11, 'fitness': 0.2565956405772729, 'generation': 567}","{'id': 25049, 'rank': 12, 'fitness': 0.2529517896454105, 'generation': 567}","{'id': 25023, 'rank': 13, 'fitness': 0.2071042668415587, 'generation': 567}","{'id': 25052, 'rank': 14, 'fitness': 0.19902687347489567, 'generation': 567}","{'id': 25050, 'rank': 15, 'fitness': 0.18581018678297195, 'generation': 567}","{'id': 25043, 'rank': 16, 'fitness': 0.18244236412313947, 'generation': 567}","{'id': 25037, 'rank': 17, 'fitness': 0.14479545217425238, 'generation': 567}","{'id': 25035, 'rank': 18, 'fitness': 0.1270295718867353, 'generation': 567}","{'id': 25029, 'rank': 19, 'fitness': 0.12374885959954901, 'generation': 567}","{'id': 25053, 'rank': 20, 'fitness': 0.11655391692202244, 'generation': 567}","{'id': 25034, 'rank': 21, 'fitness': 0.05907802363384118, 'generation': 567}","{'id': 25047, 'rank': 22, 'fitness': 0.04501949619401452, 'generation': 567}","{'id': 25027, 'rank': 23, 'fitness': 0.031933616661793784, 'generation': 567}","{'id': 25042, 'rank': 24, 'fitness': 0.029661123894132668, 'generation': 567}","{'id': 25031, 'rank': 25, 'fitness': 0.028917159486977873, 'generation': 567}","{'id': 25056, 'rank': 26, 'fitness': 0.026601887255570944, 'generation': 567}","{'id': 25045, 'rank': 27, 'fitness': 0.025851982771929183, 'generation': 567}","{'id': 25021, 'rank': 28, 'fitness': 0.024473306609274936, 'generation': 567}","{'id': 25030, 'rank': 29, 'fitness': 0.023777815422109494, 'generation': 567}","{'id': 25022, 'rank': 30, 'fitness': 0.01798620996209155, 'generation': 567}"
"{'id': 25097, 'rank': 1, 'fitness': 0.9820137900379085, 'generation': 568}","{'id': 25068, 'rank': 2, 'fitness': 0.8376071068349351, 'generation': 568}","{'id': 25100, 'rank': 3, 'fitness': 0.7144481507268237, 'generation': 568}","{'id': 25078, 'rank': 4, 'fitness': 0.6515610220103374, 'generation': 568}","{'id': 25095, 'rank': 5, 'fitness': 0.6314222733640642, 'generation': 568}","{'id': 25083, 'rank': 6, 'fitness': 0.6155446282760451, 'generation': 568}","{'id': 25098, 'rank': 7, 'fitness': 0.5877618690057981, 'generation': 568}","{'id': 25093, 'rank': 8, 'fitness': 0.1821027870553582, 'generation': 568}","{'id': 25086, 'rank': 9, 'fitness': 0.16779225270418768, 'generation': 568}","{'id': 25072, 'rank': 10, 'fitness': 0.16257678452956592, 'generation': 568}","{'id': 25092, 'rank': 11, 'fitness': 0.15749392951803498, 'generation': 568}","{'id': 25084, 'rank': 12, 'fitness': 0.15699654948569608, 'generation': 568}","{'id': 25066, 'rank': 13, 'fitness': 0.1495104270908441, 'generation': 568}","{'id': 25094, 'rank': 14, 'fitness': 0.13289395271059423, 'generation': 568}","{'id': 25071, 'rank': 15, 'fitness': 0.12261720116109842, 'generation': 568}","{'id': 25077, 'rank': 16, 'fitness': 0.10554748829839511, 'generation': 568}","{'id': 25076, 'rank': 17, 'fitness': 0.10313327030714492, 'generation': 568}","{'id': 25091, 'rank': 18, 'fitness': 0.0986991712416001, 'generation': 568}","{'id': 25088, 'rank': 19, 'fitness': 0.09320138856020244, 'generation': 568}","{'id': 25067, 'rank': 20, 'fitness': 0.08328816214547202, 'generation': 568}","{'id': 25080, 'rank': 21, 'fitness': 0.06243136914450664, 'generation': 568}","{'id': 25079, 'rank': 22, 'fitness': 0.0497329996662611, 'generation': 568}","{'id': 25073, 'rank': 23, 'fitness': 0.043055798717786475, 'generation': 568}","{'id': 25061, 'rank': 24, 'fitness': 0.030675932159918984, 'generation': 568}","{'id': 25062, 'rank': 25, 'fitness': 0.030248777892581125, 'generation': 568}","{'id': 25060, 'rank': 26, 'fitness': 0.029881815621114027, 'generation': 568}","{'id': 25075, 'rank': 27, 'fitness': 0.028090606789317685, 'generation': 568}","{'id': 25089, 'rank': 28, 'fitness': 0.024827825270202553, 'generation': 568}","{'id': 25085, 'rank': 29, 'fitness': 0.02161987537601373, 'generation': 568}","{'id': 25065, 'rank': 30, 'fitness': 0.01798620996209155, 'generation': 568}"
"{'id': 25121, 'rank': 1, 'fitness': 0.9820137900379085, 'generation': 569}","{'id': 25125, 'rank': 2, 'fitness': 0.8670739547232473, 'generation': 569}","{'id': 25108, 'rank': 3, 'fitness': 0.8591937986351795, 'generation': 569}","{'id': 25128, 'rank': 4, 'fitness': 0.8547406243133882, 'generation': 569}","{'id': 25119, 'rank': 5, 'fitness': 0.7231121225696393, 'generation': 569}","{'id': 25122, 'rank': 6, 'fitness': 0.5059287363821409, 'generation': 569}","{'id': 25138, 'rank': 7, 'fitness': 0.4889134499319421, 'generation': 569}","{'id': 25129, 'rank': 8, 'fitness': 0.4105327389839379, 'generation': 569}","{'id': 25104, 'rank': 9, 'fitness': 0.31593074058130255, 'generation': 569}","{'id': 25111, 'rank': 10, 'fitness': 0.3136033955984904, 'generation': 569}","{'id': 25134, 'rank': 11, 'fitness': 0.2834939334286587, 'generation': 569}","{'id': 25132, 'rank': 12, 'fitness': 0.25054495909922503, 'generation': 569}","{'id': 25124, 'rank': 13, 'fitness': 0.24431019169629203, 'generation': 569}","{'id': 25116, 'rank': 14, 'fitness': 0.18416937852936094, 'generation': 569}","{'id': 25105, 'rank': 15, 'fitness': 0.16958504068932378, 'generation': 569}","{'id': 25112, 'rank': 16, 'fitness': 0.11149872128868998, 'generation': 569}","{'id': 25139, 'rank': 17, 'fitness': 0.10543249819565548, 'generation': 569}","{'id': 25117, 'rank': 18, 'fitness': 0.09035645156243938, 'generation': 569}","{'id': 25115, 'rank': 19, 'fitness': 0.08391624370935952, 'generation': 569}","{'id': 25127, 'rank': 20, 'fitness': 0.07970823781719494, 'generation': 569}","{'id': 25126, 'rank': 21, 'fitness': 0.05916407008535696, 'generation': 569}","{'id': 25103, 'rank': 22, 'fitness': 0.04505046205233776, 'generation': 569}","{'id': 25120, 'rank': 23, 'fitness': 0.04310161745592611, 'generation': 569}","{'id': 25130, 'rank': 24, 'fitness': 0.032735849882642776, 'generation': 569}","{'id': 25136, 'rank': 25, 'fitness': 0.03127460923038, 'generation': 569}","{'id': 25107, 'rank': 26, 'fitness': 0.025908236685927233, 'generation': 569}","{'id': 25113, 'rank': 27, 'fitness': 0.023956966879155828, 'generation': 569}","{'id': 25118, 'rank': 28, 'fitness': 0.022140378455892007, 'generation': 569}","{'id': 25123, 'rank': 29, 'fitness': 0.01832011797192523, 'generation': 569}","{'id': 25137, 'rank': 30, 'fitness': 0.01798620996209155, 'generation': 569}"
"{'id': 25179, 'rank': 1, 'fitness': 0.9820137900379085, 'generation': 570}","{'id': 25174, 'rank': 2, 'fitness': 0.9450646409393202, 'generation': 570}","{'id': 25178, 'rank': 3, 'fitness': 0.9263356910494338, 'generation': 570}","{'id': 25170, 'rank': 4, 'fitness': 0.8996796482442226, 'generation': 570}","{'id': 25164, 'rank': 5, 'fitness': 0.8866855341759693, 'generation': 570}","{'id': 25181, 'rank': 6, 'fitness': 0.7471387934298607, 'generation': 570}","{'id': 25173, 'rank': 7, 'fitness': 0.6786208636933325, 'generation': 570}","{'id': 25177, 'rank': 8, 'fitness': 0.6346671218217268, 'generation': 570}","{'id': 25151, 'rank': 9, 'fitness': 0.46409178148644, 'generation': 570}","{'id': 25168, 'rank': 10, 'fitness': 0.32215982596702814, 'generation': 570}","{'id': 25147, 'rank': 11, 'fitness': 0.313041163975055, 'generation': 570}","{'id': 25172, 'rank': 12, 'fitness': 0.3018337502930101, 'generation': 570}","{'id': 25171, 'rank': 13, 'fitness': 0.26580423847418133, 'generation': 570}","{'id': 25142, 'rank': 14, 'fitness': 0.21788531106211617, 'generation': 570}","{'id': 25144, 'rank': 15, 'fitness': 0.1635929982794535, 'generation': 570}","{'id': 25149, 'rank': 16, 'fitness': 0.1633003067170607, 'generation': 570}","{'id': 25180, 'rank': 17, 'fitness': 0.14241313886272922, 'generation': 570}","{'id': 25176, 'rank': 18, 'fitness': 0.12464063404996384, 'generation': 570}","{'id': 25175, 'rank': 19, 'fitness': 0.09981917472007057, 'generation': 570}","{'id': 25160, 'rank': 20, 'fitness': 0.0853742288655776, 'generation': 570}","{'id': 25182, 'rank': 21, 'fitness': 0.080548344133889, 'generation': 570}","{'id': 25165, 'rank': 22, 'fitness': 0.0761710637552675, 'generation': 570}","{'id': 25148, 'rank': 23, 'fitness': 0.06213628353620915, 'generation': 570}","{'id': 25166, 'rank': 24, 'fitness': 0.051465187423058945, 'generation': 570}","{'id': 25163, 'rank': 25, 'fitness': 0.02384357207560661, 'generation': 570}","{'id': 25146, 'rank': 26, 'fitness': 0.022028849432432385, 'generation': 570}","{'id': 25140, 'rank': 27, 'fitness': 0.020924470112606786, 'generation': 570}","{'id': 25152, 'rank': 28, 'fitness': 0.019917965370556623, 'generation': 570}","{'id': 25167, 'rank': 29, 'fitness': 0.01980232633936141, 'generation': 570}","{'id': 25156, 'rank': 30, 'fitness': 0.01798620996209155, 'generation': 570}"
"{'id': 25212, 'rank': 1, 'fitness': 0.9820137900379085, 'generation': 571}","{'id': 25225, 'rank': 2, 'fitness': 0.9786261630557774, 'generation': 571}","{'id': 25194, 'rank': 3, 'fitness': 0.9706446474651542, 'generation': 571}","{'id': 25217, 'rank': 4, 'fitness': 0.9021662844275631, 'generation': 571}","{'id': 25206, 'rank': 5, 'fitness': 0.8221410373918119, 'generation': 571}","{'id': 25220, 'rank': 6, 'fitness': 0.7180344320094707, 'generation': 571}","{'id': 25198, 'rank': 7, 'fitness': 0.7008338656586242, 'generation': 571}","{'id': 25219, 'rank': 8, 'fitness': 0.5110302780938879, 'generation': 571}","{'id': 25216, 'rank': 9, 'fitness': 0.4968178323877868, 'generation': 571}","{'id': 25189, 'rank': 10, 'fitness': 0.4231596084303423, 'generation': 571}","{'id': 25230, 'rank': 11, 'fitness': 0.3919746691709023, 'generation': 571}","{'id': 25210, 'rank': 12, 'fitness': 0.34762171701521233, 'generation': 571}","{'id': 25218, 'rank': 13, 'fitness': 0.33250825606336626, 'generation': 571}","{'id': 25187, 'rank': 14, 'fitness': 0.16259500114445058, 'generation': 571}","{'id': 25214, 'rank': 15, 'fitness': 0.127910296209707, 'generation': 571}","{'id': 25202, 'rank': 16, 'fitness': 0.10402054872599609, 'generation': 571}","{'id': 25229, 'rank': 17, 'fitness': 0.1021677711342231, 'generation': 571}","{'id': 25215, 'rank': 18, 'fitness': 0.07750175606957121, 'generation': 571}","{'id': 25221, 'rank': 19, 'fitness': 0.07454036285887267, 'generation': 571}","{'id': 25208, 'rank': 20, 'fitness': 0.06268583692817886, 'generation': 571}","{'id': 25213, 'rank': 21, 'fitness': 0.03851517071248234, 'generation': 571}","{'id': 25211, 'rank': 22, 'fitness': 0.03409561067822031, 'generation': 571}","{'id': 25222, 'rank': 23, 'fitness': 0.031483764839884965, 'generation': 571}","{'id': 25201, 'rank': 24, 'fitness': 0.026516068946566662, 'generation': 571}","{'id': 25223, 'rank': 25, 'fitness': 0.024393645415729193, 'generation': 571}","{'id': 25193, 'rank': 26, 'fitness': 0.02404601850604826, 'generation': 571}","{'id': 25190, 'rank': 27, 'fitness': 0.02191022694572775, 'generation': 571}","{'id': 25186, 'rank': 28, 'fitness': 0.02145450875565874, 'generation': 571}","{'id': 25203, 'rank': 29, 'fitness': 0.020858185296671328, 'generation': 571}","{'id': 25205, 'rank': 30, 'fitness': 0.01798620996209155, 'generation': 571}"
"{'id': 25255, 'rank': 1, 'fitness': 0.9820137900379085, 'generation': 572}","{'id': 25270, 'rank': 2, 'fitness': 0.9524267117046519, 'generation': 572}","{'id': 25264, 'rank': 3, 'fitness': 0.9133581400691695, 'generation': 572}","{'id': 25262, 'rank': 4, 'fitness': 0.8709444564727888, 'generation': 572}","{'id': 25257, 'rank': 5, 'fitness': 0.8159862740002326, 'generation': 572}","{'id': 25267, 'rank': 6, 'fitness': 0.7416015370423676, 'generation': 572}","{'id': 25271, 'rank': 7, 'fitness': 0.6376913106203598, 'generation': 572}","{'id': 25243, 'rank': 8, 'fitness': 0.6068435941128906, 'generation': 572}","{'id': 25251, 'rank': 9, 'fitness': 0.5511950782491574, 'generation': 572}","{'id': 25252, 'rank': 10, 'fitness': 0.528838530342569, 'generation': 572}","{'id': 25260, 'rank': 11, 'fitness': 0.45885295758551536, 'generation': 572}","{'id': 25242, 'rank': 12, 'fitness': 0.41516344599069405, 'generation': 572}","{'id': 25268, 'rank': 13, 'fitness': 0.3922837254434657, 'generation': 572}","{'id': 25246, 'rank': 14, 'fitness': 0.34273391874418185, 'generation': 572}","{'id': 25249, 'rank': 15, 'fitness': 0.32844805084788575, 'generation': 572}","{'id': 25261, 'rank': 16, 'fitness': 0.275153871938605, 'generation': 572}","{'id': 25238, 'rank': 17, 'fitness': 0.22686527039598936, 'generation': 572}","{'id': 25272, 'rank': 18, 'fitness': 0.11749117904571577, 'generation': 572}","{'id': 25233, 'rank': 19, 'fitness': 0.08875669385538915, 'generation': 572}","{'id': 25256, 'rank': 20, 'fitness': 0.07999333851240281, 'generation': 572}","{'id': 25263, 'rank': 21, 'fitness': 0.07959622990903414, 'generation': 572}","{'id': 25241, 'rank': 22, 'fitness': 0.06460096793248066, 'generation': 572}","{'id': 25259, 'rank': 23, 'fitness': 0.05169250973421646, 'generation': 572}","{'id': 25231, 'rank': 24, 'fitness': 0.04500708139211185, 'generation': 572}","{'id': 25258, 'rank': 25, 'fitness': 0.04298710077404033, 'generation': 572}","{'id': 25253, 'rank': 26, 'fitness': 0.04228401712345681, 'generation': 572}","{'id': 25234, 'rank': 27, 'fitness': 0.027625513644301103, 'generation': 572}","{'id': 25235, 'rank': 28, 'fitness': 0.025407581692952874, 'generation': 572}","{'id': 25247, 'rank': 29, 'fitness': 0.01815332957814353, 'generation': 572}","{'id': 25269, 'rank': 30, 'fitness': 0.01798620996209155, 'generation': 572}"
"{'id': 25305, 'rank': 1, 'fitness': 0.9820137900379085, 'generation': 573}","{'id': 25307, 'rank': 2, 'fitness': 0.903327454487727, 'generation': 573}","{'id': 25314, 'rank': 3, 'fitness': 0.8895980735534901, 'generation': 573}","{'id': 25300, 'rank': 4, 'fitness': 0.717857369439107, 'generation': 573}","{'id': 25295, 'rank': 5, 'fitness': 0.5357131653070768, 'generation': 573}","{'id': 25294, 'rank': 6, 'fitness': 0.5353704003632054, 'generation': 573}","{'id': 25309, 'rank': 7, 'fitness': 0.5236558598063293, 'generation': 573}","{'id': 25318, 'rank': 8, 'fitness': 0.47215687673319584, 'generation': 573}","{'id': 25279, 'rank': 9, 'fitness': 0.4166145100042892, 'generation': 573}","{'id': 25308, 'rank': 10, 'fitness': 0.393642825407878, 'generation': 573}","{'id': 25283, 'rank': 11, 'fitness': 0.3899115635746088, 'generation': 573}","{'id': 25317, 'rank': 12, 'fitness': 0.3626835521795473, 'generation': 573}","{'id': 25310, 'rank': 13, 'fitness': 0.305130934830484, 'generation': 573}","{'id': 25302, 'rank': 14, 'fitness': 0.2751513932718379, 'generation': 573}","{'id': 25285, 'rank': 15, 'fitness': 0.2583476160944653, 'generation': 573}","{'id': 25316, 'rank': 16, 'fitness': 0.2464984369500417, 'generation': 573}","{'id': 25313, 'rank': 17, 'fitness': 0.19589849703312162, 'generation': 573}","{'id': 25298, 'rank': 18, 'fitness': 0.13698454607652422, 'generation': 573}","{'id': 25312, 'rank': 19, 'fitness': 0.07460640739367008, 'generation': 573}","{'id': 25282, 'rank': 20, 'fitness': 0.05484946660710904, 'generation': 573}","{'id': 25276, 'rank': 21, 'fitness': 0.052692444997665844, 'generation': 573}","{'id': 25289, 'rank': 22, 'fitness': 0.05254891615567092, 'generation': 573}","{'id': 25296, 'rank': 23, 'fitness': 0.051964024077986226, 'generation': 573}","{'id': 25292, 'rank': 24, 'fitness': 0.03947542451309166, 'generation': 573}","{'id': 25288, 'rank': 25, 'fitness': 0.0297313720676749, 'generation': 573}","{'id': 25293, 'rank': 26, 'fitness': 0.028057425773465372, 'generation': 573}","{'id': 25286, 'rank': 27, 'fitness': 0.027861026727562355, 'generation': 573}","{'id': 25315, 'rank': 28, 'fitness': 0.02504679726224318, 'generation': 573}","{'id': 25274, 'rank': 29, 'fitness': 0.01874429383916648, 'generation': 573}","{'id': 25299, 'rank': 30, 'fitness': 0.01798620996209155, 'generation': 573}"
"{'id': 25343, 'rank': 1, 'fitness': 0.9820137900379085, 'generation': 574}","{'id': 25357, 'rank': 2, 'fitness': 0.9555592400858801, 'generation': 574}","{'id': 25331, 'rank': 3, 'fitness': 0.8955644714039931, 'generation': 574}","{'id': 25361, 'rank': 4, 'fitness': 0.445412066234174, 'generation': 574}","{'id': 25332, 'rank': 5, 'fitness': 0.32117322602297477, 'generation': 574}","{'id': 25330, 'rank': 6, 'fitness': 0.2624091633531601, 'generation': 574}","{'id': 25360, 'rank': 7, 'fitness': 0.2502898188633647, 'generation': 574}","{'id': 25328, 'rank': 8, 'fitness': 0.2118344644034792, 'generation': 574}","{'id': 25346, 'rank': 9, 'fitness': 0.19180308790152417, 'generation': 574}","{'id': 25350, 'rank': 10, 'fitness': 0.18225778290984507, 'generation': 574}","{'id': 25347, 'rank': 11, 'fitness': 0.1584733290849955, 'generation': 574}","{'id': 25349, 'rank': 12, 'fitness': 0.12181281292880497, 'generation': 574}","{'id': 25358, 'rank': 13, 'fitness': 0.11026850738021599, 'generation': 574}","{'id': 25329, 'rank': 14, 'fitness': 0.10725311867910436, 'generation': 574}","{'id': 25354, 'rank': 15, 'fitness': 0.1065465864259662, 'generation': 574}","{'id': 25351, 'rank': 16, 'fitness': 0.10596427097031769, 'generation': 574}","{'id': 25342, 'rank': 17, 'fitness': 0.08368677875813396, 'generation': 574}","{'id': 25345, 'rank': 18, 'fitness': 0.07909481387666506, 'generation': 574}","{'id': 25353, 'rank': 19, 'fitness': 0.07740243143513714, 'generation': 574}","{'id': 25319, 'rank': 20, 'fitness': 0.057467549768717374, 'generation': 574}","{'id': 25325, 'rank': 21, 'fitness': 0.0515667563406379, 'generation': 574}","{'id': 25339, 'rank': 22, 'fitness': 0.04460436455229799, 'generation': 574}","{'id': 25362, 'rank': 23, 'fitness': 0.04443260355762696, 'generation': 574}","{'id': 25363, 'rank': 24, 'fitness': 0.03970852495076682, 'generation': 574}","{'id': 25321, 'rank': 25, 'fitness': 0.0327792692448689, 'generation': 574}","{'id': 25333, 'rank': 26, 'fitness': 0.031488830767883946, 'generation': 574}","{'id': 25326, 'rank': 27, 'fitness': 0.03146766661174066, 'generation': 574}","{'id': 25335, 'rank': 28, 'fitness': 0.026685893849390685, 'generation': 574}","{'id': 25338, 'rank': 29, 'fitness': 0.02191462120528076, 'generation': 574}","{'id': 25336, 'rank': 30, 'fitness': 0.01798620996209155, 'generation': 574}"
"{'id': 25388, 'rank': 1, 'fitness': 0.9820137900379085, 'generation': 575}","{'id': 25379, 'rank': 2, 'fitness': 0.9750658489509199, 'generation': 575}","{'id': 25386, 'rank': 3, 'fitness': 0.9736860074565545, 'generation': 575}","{'id': 25383, 'rank': 4, 'fitness': 0.8974943681933434, 'generation': 575}","{'id': 25389, 'rank': 5, 'fitness': 0.736636763347577, 'generation': 575}","{'id': 25380, 'rank': 6, 'fitness': 0.7116910587869192, 'generation': 575}","{'id': 25399, 'rank': 7, 'fitness': 0.7003962331804905, 'generation': 575}","{'id': 25390, 'rank': 8, 'fitness': 0.6881454010500822, 'generation': 575}","{'id': 25392, 'rank': 9, 'fitness': 0.664896135211927, 'generation': 575}","{'id': 25376, 'rank': 10, 'fitness': 0.44322573822516076, 'generation': 575}","{'id': 25394, 'rank': 11, 'fitness': 0.39495351175551274, 'generation': 575}","{'id': 25378, 'rank': 12, 'fitness': 0.3530412635074423, 'generation': 575}","{'id': 25382, 'rank': 13, 'fitness': 0.23115492629255135, 'generation': 575}","{'id': 25384, 'rank': 14, 'fitness': 0.1593032911844529, 'generation': 575}","{'id': 25385, 'rank': 15, 'fitness': 0.1229774663428842, 'generation': 575}","{'id': 25381, 'rank': 16, 'fitness': 0.0832475076736584, 'generation': 575}","{'id': 25396, 'rank': 17, 'fitness': 0.08270529871252685, 'generation': 575}","{'id': 25372, 'rank': 18, 'fitness': 0.056533684465053635, 'generation': 575}","{'id': 25398, 'rank': 19, 'fitness': 0.05398711085028951, 'generation': 575}","{'id': 25397, 'rank': 20, 'fitness': 0.03871466894206749, 'generation': 575}","{'id': 25393, 'rank': 21, 'fitness': 0.03838820100117146, 'generation': 575}","{'id': 25367, 'rank': 22, 'fitness': 0.033978895132364906, 'generation': 575}","{'id': 25370, 'rank': 23, 'fitness': 0.03382421910604333, 'generation': 575}","{'id': 25364, 'rank': 24, 'fitness': 0.03330918945215089, 'generation': 575}","{'id': 25395, 'rank': 25, 'fitness': 0.03200374400078804, 'generation': 575}","{'id': 25387, 'rank': 26, 'fitness': 0.03198720715260611, 'generation': 575}","{'id': 25365, 'rank': 27, 'fitness': 0.02949758344191944, 'generation': 575}","{'id': 25377, 'rank': 28, 'fitness': 0.02889974296209663, 'generation': 575}","{'id': 25371, 'rank': 29, 'fitness': 0.023780496127723483, 'generation': 575}","{'id': 25375, 'rank': 30, 'fitness': 0.01798620996209155, 'generation': 575}"
"{'id': 25411, 'rank': 1, 'fitness': 0.9820137900379085, 'generation': 576}","{'id': 25436, 'rank': 2, 'fitness': 0.9812570890222573, 'generation': 576}","{'id': 25432, 'rank': 3, 'fitness': 0.9614338736219806, 'generation': 576}","{'id': 25441, 'rank': 4, 'fitness': 0.9319876238816891, 'generation': 576}","{'id': 25442, 'rank': 5, 'fitness': 0.9215832118723621, 'generation': 576}","{'id': 25429, 'rank': 6, 'fitness': 0.8873903234629303, 'generation': 576}","{'id': 25408, 'rank': 7, 'fitness': 0.6454774553896786, 'generation': 576}","{'id': 25443, 'rank': 8, 'fitness': 0.6000491028569725, 'generation': 576}","{'id': 25427, 'rank': 9, 'fitness': 0.5646405483915686, 'generation': 576}","{'id': 25433, 'rank': 10, 'fitness': 0.545899061927928, 'generation': 576}","{'id': 25434, 'rank': 11, 'fitness': 0.5375095542125043, 'generation': 576}","{'id': 25403, 'rank': 12, 'fitness': 0.4062447467261458, 'generation': 576}","{'id': 25409, 'rank': 13, 'fitness': 0.2946377685265076, 'generation': 576}","{'id': 25416, 'rank': 14, 'fitness': 0.286076221368837, 'generation': 576}","{'id': 25437, 'rank': 15, 'fitness': 0.25245006443751344, 'generation': 576}","{'id': 25423, 'rank': 16, 'fitness': 0.23489647148974396, 'generation': 576}","{'id': 25448, 'rank': 17, 'fitness': 0.2249098295098204, 'generation': 576}","{'id': 25410, 'rank': 18, 'fitness': 0.15184204677918334, 'generation': 576}","{'id': 25435, 'rank': 19, 'fitness': 0.11302424631718533, 'generation': 576}","{'id': 25412, 'rank': 20, 'fitness': 0.10700129484309995, 'generation': 576}","{'id': 25431, 'rank': 21, 'fitness': 0.10476580928596801, 'generation': 576}","{'id': 25439, 'rank': 22, 'fitness': 0.10026539233083925, 'generation': 576}","{'id': 25407, 'rank': 23, 'fitness': 0.08744560486385738, 'generation': 576}","{'id': 25420, 'rank': 24, 'fitness': 0.08458463397023142, 'generation': 576}","{'id': 25422, 'rank': 25, 'fitness': 0.05546236054290088, 'generation': 576}","{'id': 25447, 'rank': 26, 'fitness': 0.0535223395988933, 'generation': 576}","{'id': 25415, 'rank': 27, 'fitness': 0.03565176864328884, 'generation': 576}","{'id': 25430, 'rank': 28, 'fitness': 0.03503049561751426, 'generation': 576}","{'id': 25438, 'rank': 29, 'fitness': 0.021052575840096566, 'generation': 576}","{'id': 25426, 'rank': 30, 'fitness': 0.01798620996209155, 'generation': 576}"
"{'id': 25478, 'rank': 1, 'fitness': 0.9820137900379085, 'generation': 577}","{'id': 25489, 'rank': 2, 'fitness': 0.8428578270006131, 'generation': 577}","{'id': 25473, 'rank': 3, 'fitness': 0.5419657336771707, 'generation': 577}","{'id': 25458, 'rank': 4, 'fitness': 0.45488969647561645, 'generation': 577}","{'id': 25486, 'rank': 5, 'fitness': 0.4145491955481547, 'generation': 577}","{'id': 25482, 'rank': 6, 'fitness': 0.39066906874977886, 'generation': 577}","{'id': 25479, 'rank': 7, 'fitness': 0.33911763321364313, 'generation': 577}","{'id': 25491, 'rank': 8, 'fitness': 0.23121544160952434, 'generation': 577}","{'id': 25480, 'rank': 9, 'fitness': 0.2275697140478996, 'generation': 577}","{'id': 25481, 'rank': 10, 'fitness': 0.22001528484122956, 'generation': 577}","{'id': 25490, 'rank': 11, 'fitness': 0.13667480393053216, 'generation': 577}","{'id': 25451, 'rank': 12, 'fitness': 0.1342745492711067, 'generation': 577}","{'id': 25488, 'rank': 13, 'fitness': 0.13098831843197728, 'generation': 577}","{'id': 25493, 'rank': 14, 'fitness': 0.07994156784893797, 'generation': 577}","{'id': 25484, 'rank': 15, 'fitness': 0.07885773422131875, 'generation': 577}","{'id': 25455, 'rank': 16, 'fitness': 0.0712061053810934, 'generation': 577}","{'id': 25487, 'rank': 17, 'fitness': 0.06243045107894474, 'generation': 577}","{'id': 25494, 'rank': 18, 'fitness': 0.05893431567077356, 'generation': 577}","{'id': 25474, 'rank': 19, 'fitness': 0.04473506073091871, 'generation': 577}","{'id': 25454, 'rank': 20, 'fitness': 0.04463858456411002, 'generation': 577}","{'id': 25483, 'rank': 21, 'fitness': 0.043138506421190825, 'generation': 577}","{'id': 25462, 'rank': 22, 'fitness': 0.04183084938474657, 'generation': 577}","{'id': 25485, 'rank': 23, 'fitness': 0.04137275932001511, 'generation': 577}","{'id': 25467, 'rank': 24, 'fitness': 0.031178550640904523, 'generation': 577}","{'id': 25457, 'rank': 25, 'fitness': 0.02987936378617806, 'generation': 577}","{'id': 25452, 'rank': 26, 'fitness': 0.028513995810157677, 'generation': 577}","{'id': 25471, 'rank': 27, 'fitness': 0.02225518149331579, 'generation': 577}","{'id': 25469, 'rank': 28, 'fitness': 0.020100602610183926, 'generation': 577}","{'id': 25456, 'rank': 29, 'fitness': 0.018111002129003018, 'generation': 577}","{'id': 25463, 'rank': 30, 'fitness': 0.01798620996209155, 'generation': 577}"
"{'id': 25514, 'rank': 1, 'fitness': 0.9820137900379085, 'generation': 578}","{'id': 25525, 'rank': 2, 'fitness': 0.9726954480024739, 'generation': 578}","{'id': 25516, 'rank': 3, 'fitness': 0.9142303940229378, 'generation': 578}","{'id': 25529, 'rank': 4, 'fitness': 0.8983634647286094, 'generation': 578}","{'id': 25520, 'rank': 5, 'fitness': 0.793723925222334, 'generation': 578}","{'id': 25526, 'rank': 6, 'fitness': 0.7314623370211883, 'generation': 578}","{'id': 25530, 'rank': 7, 'fitness': 0.6980900729822728, 'generation': 578}","{'id': 25518, 'rank': 8, 'fitness': 0.3820437333446832, 'generation': 578}","{'id': 25506, 'rank': 9, 'fitness': 0.362646773975852, 'generation': 578}","{'id': 25528, 'rank': 10, 'fitness': 0.2946843597513269, 'generation': 578}","{'id': 25511, 'rank': 11, 'fitness': 0.24383080788605715, 'generation': 578}","{'id': 25513, 'rank': 12, 'fitness': 0.197029574782064, 'generation': 578}","{'id': 25499, 'rank': 13, 'fitness': 0.19047447154814762, 'generation': 578}","{'id': 25500, 'rank': 14, 'fitness': 0.17016217335188105, 'generation': 578}","{'id': 25522, 'rank': 15, 'fitness': 0.14770745016335057, 'generation': 578}","{'id': 25515, 'rank': 16, 'fitness': 0.14123549903607086, 'generation': 578}","{'id': 25507, 'rank': 17, 'fitness': 0.1386913212132746, 'generation': 578}","{'id': 25523, 'rank': 18, 'fitness': 0.13227151016632288, 'generation': 578}","{'id': 25521, 'rank': 19, 'fitness': 0.13203134175476605, 'generation': 578}","{'id': 25524, 'rank': 20, 'fitness': 0.0873607288990298, 'generation': 578}","{'id': 25517, 'rank': 21, 'fitness': 0.08644487110934496, 'generation': 578}","{'id': 25527, 'rank': 22, 'fitness': 0.08513140394613194, 'generation': 578}","{'id': 25498, 'rank': 23, 'fitness': 0.06992201105612572, 'generation': 578}","{'id': 25501, 'rank': 24, 'fitness': 0.062063550819829394, 'generation': 578}","{'id': 25497, 'rank': 25, 'fitness': 0.046272757658519625, 'generation': 578}","{'id': 25503, 'rank': 26, 'fitness': 0.043854619902971126, 'generation': 578}","{'id': 25533, 'rank': 27, 'fitness': 0.0390661534821411, 'generation': 578}","{'id': 25531, 'rank': 28, 'fitness': 0.030506228824649095, 'generation': 578}","{'id': 25532, 'rank': 29, 'fitness': 0.02962850650494281, 'generation': 578}","{'id': 25512, 'rank': 30, 'fitness': 0.01798620996209155, 'generation': 578}"
"{'id': 25566, 'rank': 1, 'fitness': 0.9820137900379085, 'generation': 579}","{'id': 25568, 'rank': 2, 'fitness': 0.8716124572251835, 'generation': 579}","{'id': 25564, 'rank': 3, 'fitness': 0.5856467619044752, 'generation': 579}","{'id': 25573, 'rank': 4, 'fitness': 0.47088222919308553, 'generation': 579}","{'id': 25539, 'rank': 5, 'fitness': 0.42536618557723527, 'generation': 579}","{'id': 25559, 'rank': 6, 'fitness': 0.40098519513891095, 'generation': 579}","{'id': 25575, 'rank': 7, 'fitness': 0.3863670180374218, 'generation': 579}","{'id': 25574, 'rank': 8, 'fitness': 0.3561444821330584, 'generation': 579}","{'id': 25572, 'rank': 9, 'fitness': 0.3189834388287736, 'generation': 579}","{'id': 25558, 'rank': 10, 'fitness': 0.25537270085150177, 'generation': 579}","{'id': 25576, 'rank': 11, 'fitness': 0.254216054431203, 'generation': 579}","{'id': 25567, 'rank': 12, 'fitness': 0.2128872460605104, 'generation': 579}","{'id': 25578, 'rank': 13, 'fitness': 0.2021045256983467, 'generation': 579}","{'id': 25544, 'rank': 14, 'fitness': 0.18400550758894918, 'generation': 579}","{'id': 25557, 'rank': 15, 'fitness': 0.15622517195359187, 'generation': 579}","{'id': 25579, 'rank': 16, 'fitness': 0.12335380870015794, 'generation': 579}","{'id': 25565, 'rank': 17, 'fitness': 0.10000166194948434, 'generation': 579}","{'id': 25550, 'rank': 18, 'fitness': 0.09438620378500812, 'generation': 579}","{'id': 25577, 'rank': 19, 'fitness': 0.08709088601390769, 'generation': 579}","{'id': 25555, 'rank': 20, 'fitness': 0.03335887932272047, 'generation': 579}","{'id': 25542, 'rank': 21, 'fitness': 0.03279788257946481, 'generation': 579}","{'id': 25562, 'rank': 22, 'fitness': 0.032500889263028465, 'generation': 579}","{'id': 25569, 'rank': 23, 'fitness': 0.02824899950283616, 'generation': 579}","{'id': 25536, 'rank': 24, 'fitness': 0.025062139187180477, 'generation': 579}","{'id': 25551, 'rank': 25, 'fitness': 0.024502960948389496, 'generation': 579}","{'id': 25556, 'rank': 26, 'fitness': 0.023272579317300257, 'generation': 579}","{'id': 25540, 'rank': 27, 'fitness': 0.01978439528375281, 'generation': 579}","{'id': 25553, 'rank': 28, 'fitness': 0.01867937002915776, 'generation': 579}","{'id': 25547, 'rank': 29, 'fitness': 0.01815921794414449, 'generation': 579}","{'id': 25560, 'rank': 30, 'fitness': 0.01798620996209155, 'generation': 579}"
"{'id': 25603, 'rank': 1, 'fitness': 0.9820137900379085, 'generation': 580}","{'id': 25608, 'rank': 2, 'fitness': 0.9612228652409117, 'generation': 580}","{'id': 25604, 'rank': 3, 'fitness': 0.9395519504832005, 'generation': 580}","{'id': 25611, 'rank': 4, 'fitness': 0.7926499016757665, 'generation': 580}","{'id': 25609, 'rank': 5, 'fitness': 0.6235057083154292, 'generation': 580}","{'id': 25590, 'rank': 6, 'fitness': 0.5831305051469, 'generation': 580}","{'id': 25600, 'rank': 7, 'fitness': 0.5202258414774451, 'generation': 580}","{'id': 25614, 'rank': 8, 'fitness': 0.4195007199920645, 'generation': 580}","{'id': 25607, 'rank': 9, 'fitness': 0.3667243409520069, 'generation': 580}","{'id': 25605, 'rank': 10, 'fitness': 0.3220034176682899, 'generation': 580}","{'id': 25616, 'rank': 11, 'fitness': 0.2912347056466329, 'generation': 580}","{'id': 25592, 'rank': 12, 'fitness': 0.27641274816819267, 'generation': 580}","{'id': 25610, 'rank': 13, 'fitness': 0.26757858762050946, 'generation': 580}","{'id': 25599, 'rank': 14, 'fitness': 0.26530714556407153, 'generation': 580}","{'id': 25591, 'rank': 15, 'fitness': 0.2547437985416106, 'generation': 580}","{'id': 25597, 'rank': 16, 'fitness': 0.2500561740547964, 'generation': 580}","{'id': 25581, 'rank': 17, 'fitness': 0.23812734580882944, 'generation': 580}","{'id': 25586, 'rank': 18, 'fitness': 0.23255531460942186, 'generation': 580}","{'id': 25587, 'rank': 19, 'fitness': 0.11438850062816869, 'generation': 580}","{'id': 25606, 'rank': 20, 'fitness': 0.09939412536787451, 'generation': 580}","{'id': 25612, 'rank': 21, 'fitness': 0.08393051128222934, 'generation': 580}","{'id': 25596, 'rank': 22, 'fitness': 0.07277446383992947, 'generation': 580}","{'id': 25593, 'rank': 23, 'fitness': 0.05251611069072348, 'generation': 580}","{'id': 25594, 'rank': 24, 'fitness': 0.03843673842778017, 'generation': 580}","{'id': 25585, 'rank': 25, 'fitness': 0.038178624828692054, 'generation': 580}","{'id': 25580, 'rank': 26, 'fitness': 0.03238637526298843, 'generation': 580}","{'id': 25601, 'rank': 27, 'fitness': 0.03141536164928249, 'generation': 580}","{'id': 25588, 'rank': 28, 'fitness': 0.022800254644894102, 'generation': 580}","{'id': 25615, 'rank': 29, 'fitness': 0.018573869309347124, 'generation': 580}","{'id': 25598, 'rank': 30, 'fitness': 0.01798620996209155, 'generation': 580}"
"{'id': 25646, 'rank': 1, 'fitness': 0.9820137900379085, 'generation': 581}","{'id': 25653, 'rank': 2, 'fitness': 0.895803082355938, 'generation': 581}","{'id': 25649, 'rank': 3, 'fitness': 0.8842496322672028, 'generation': 581}","{'id': 25644, 'rank': 4, 'fitness': 0.7113708932572637, 'generation': 581}","{'id': 25651, 'rank': 5, 'fitness': 0.43763424426122566, 'generation': 581}","{'id': 25634, 'rank': 6, 'fitness': 0.4006916143713467, 'generation': 581}","{'id': 25637, 'rank': 7, 'fitness': 0.36433560669179665, 'generation': 581}","{'id': 25648, 'rank': 8, 'fitness': 0.22224528581395303, 'generation': 581}","{'id': 25641, 'rank': 9, 'fitness': 0.17282458774306375, 'generation': 581}","{'id': 25652, 'rank': 10, 'fitness': 0.16373746481714946, 'generation': 581}","{'id': 25630, 'rank': 11, 'fitness': 0.1545142298904592, 'generation': 581}","{'id': 25629, 'rank': 12, 'fitness': 0.1544688114182079, 'generation': 581}","{'id': 25645, 'rank': 13, 'fitness': 0.1432932482515485, 'generation': 581}","{'id': 25654, 'rank': 14, 'fitness': 0.13207429819570077, 'generation': 581}","{'id': 25639, 'rank': 15, 'fitness': 0.10320485960897563, 'generation': 581}","{'id': 25632, 'rank': 16, 'fitness': 0.08973928323712316, 'generation': 581}","{'id': 25633, 'rank': 17, 'fitness': 0.06694954914235496, 'generation': 581}","{'id': 25625, 'rank': 18, 'fitness': 0.05650900316007745, 'generation': 581}","{'id': 25621, 'rank': 19, 'fitness': 0.054747586701623496, 'generation': 581}","{'id': 25642, 'rank': 20, 'fitness': 0.044623261620641785, 'generation': 581}","{'id': 25655, 'rank': 21, 'fitness': 0.04261111446256638, 'generation': 581}","{'id': 25657, 'rank': 22, 'fitness': 0.04237512930804427, 'generation': 581}","{'id': 25640, 'rank': 23, 'fitness': 0.040377354906139806, 'generation': 581}","{'id': 25627, 'rank': 24, 'fitness': 0.0393039528591963, 'generation': 581}","{'id': 25620, 'rank': 25, 'fitness': 0.03775096892191743, 'generation': 581}","{'id': 25628, 'rank': 26, 'fitness': 0.03087795630156892, 'generation': 581}","{'id': 25650, 'rank': 27, 'fitness': 0.029815370080486348, 'generation': 581}","{'id': 25617, 'rank': 28, 'fitness': 0.02567814288787279, 'generation': 581}","{'id': 25656, 'rank': 29, 'fitness': 0.02011659138730948, 'generation': 581}","{'id': 25618, 'rank': 30, 'fitness': 0.01798620996209155, 'generation': 581}"
"{'id': 25671, 'rank': 1, 'fitness': 0.9820137900379085, 'generation': 582}","{'id': 25673, 'rank': 2, 'fitness': 0.9767732233212758, 'generation': 582}","{'id': 25677, 'rank': 3, 'fitness': 0.9122112819494052, 'generation': 582}","{'id': 25683, 'rank': 4, 'fitness': 0.8677272916978462, 'generation': 582}","{'id': 25686, 'rank': 5, 'fitness': 0.8518625243200092, 'generation': 582}","{'id': 25678, 'rank': 6, 'fitness': 0.8319810823461902, 'generation': 582}","{'id': 25691, 'rank': 7, 'fitness': 0.8153695215915655, 'generation': 582}","{'id': 25690, 'rank': 8, 'fitness': 0.7888815185907769, 'generation': 582}","{'id': 25658, 'rank': 9, 'fitness': 0.7697323311202624, 'generation': 582}","{'id': 25676, 'rank': 10, 'fitness': 0.7031923607224058, 'generation': 582}","{'id': 25689, 'rank': 11, 'fitness': 0.6183667500555655, 'generation': 582}","{'id': 25672, 'rank': 12, 'fitness': 0.47519966856689405, 'generation': 582}","{'id': 25668, 'rank': 13, 'fitness': 0.45587477694122447, 'generation': 582}","{'id': 25685, 'rank': 14, 'fitness': 0.353986923306701, 'generation': 582}","{'id': 25674, 'rank': 15, 'fitness': 0.33355982766805414, 'generation': 582}","{'id': 25681, 'rank': 16, 'fitness': 0.2640732694315804, 'generation': 582}","{'id': 25688, 'rank': 17, 'fitness': 0.20067366267455883, 'generation': 582}","{'id': 25679, 'rank': 18, 'fitness': 0.19483043439933662, 'generation': 582}","{'id': 25682, 'rank': 19, 'fitness': 0.19427024713970859, 'generation': 582}","{'id': 25687, 'rank': 20, 'fitness': 0.1721166319252181, 'generation': 582}","{'id': 25692, 'rank': 21, 'fitness': 0.13745069465762855, 'generation': 582}","{'id': 25659, 'rank': 22, 'fitness': 0.07922057578680886, 'generation': 582}","{'id': 25666, 'rank': 23, 'fitness': 0.07249235157644668, 'generation': 582}","{'id': 25667, 'rank': 24, 'fitness': 0.061806366117562295, 'generation': 582}","{'id': 25680, 'rank': 25, 'fitness': 0.06059897718954127, 'generation': 582}","{'id': 25675, 'rank': 26, 'fitness': 0.04376530943960183, 'generation': 582}","{'id': 25669, 'rank': 27, 'fitness': 0.037685947648833096, 'generation': 582}","{'id': 25661, 'rank': 28, 'fitness': 0.03762962633054118, 'generation': 582}","{'id': 25670, 'rank': 29, 'fitness': 0.025053982742660352, 'generation': 582}","{'id': 25665, 'rank': 30, 'fitness': 0.01798620996209155, 'generation': 582}"
"{'id': 25738, 'rank': 1, 'fitness': 0.9820137900379085, 'generation': 583}","{'id': 25741, 'rank': 2, 'fitness': 0.9509421750556017, 'generation': 583}","{'id': 25726, 'rank': 3, 'fitness': 0.654601248242564, 'generation': 583}","{'id': 25724, 'rank': 4, 'fitness': 0.6099427734165357, 'generation': 583}","{'id': 25732, 'rank': 5, 'fitness': 0.5506309417857208, 'generation': 583}","{'id': 25717, 'rank': 6, 'fitness': 0.5110224746096441, 'generation': 583}","{'id': 25736, 'rank': 7, 'fitness': 0.43230748640498895, 'generation': 583}","{'id': 25733, 'rank': 8, 'fitness': 0.3671512949893002, 'generation': 583}","{'id': 25721, 'rank': 9, 'fitness': 0.3093271883004418, 'generation': 583}","{'id': 25739, 'rank': 10, 'fitness': 0.28194753579012877, 'generation': 583}","{'id': 25731, 'rank': 11, 'fitness': 0.27566255195354966, 'generation': 583}","{'id': 25734, 'rank': 12, 'fitness': 0.21936615203686866, 'generation': 583}","{'id': 25700, 'rank': 13, 'fitness': 0.21194669528477256, 'generation': 583}","{'id': 25723, 'rank': 14, 'fitness': 0.18677540180450491, 'generation': 583}","{'id': 25703, 'rank': 15, 'fitness': 0.16752161808847077, 'generation': 583}","{'id': 25740, 'rank': 16, 'fitness': 0.15880106015911089, 'generation': 583}","{'id': 25710, 'rank': 17, 'fitness': 0.15601369694937073, 'generation': 583}","{'id': 25730, 'rank': 18, 'fitness': 0.15592526363435655, 'generation': 583}","{'id': 25707, 'rank': 19, 'fitness': 0.1424381366635551, 'generation': 583}","{'id': 25701, 'rank': 20, 'fitness': 0.14235209325019338, 'generation': 583}","{'id': 25722, 'rank': 21, 'fitness': 0.1353674655308838, 'generation': 583}","{'id': 25737, 'rank': 22, 'fitness': 0.09165565684730892, 'generation': 583}","{'id': 25725, 'rank': 23, 'fitness': 0.08711714044319047, 'generation': 583}","{'id': 25695, 'rank': 24, 'fitness': 0.06054846663995689, 'generation': 583}","{'id': 25716, 'rank': 25, 'fitness': 0.05568158465817186, 'generation': 583}","{'id': 25719, 'rank': 26, 'fitness': 0.05379482066862906, 'generation': 583}","{'id': 25705, 'rank': 27, 'fitness': 0.04601754414718462, 'generation': 583}","{'id': 25720, 'rank': 28, 'fitness': 0.043902040546433097, 'generation': 583}","{'id': 25704, 'rank': 29, 'fitness': 0.022103810530239076, 'generation': 583}","{'id': 25715, 'rank': 30, 'fitness': 0.01798620996209155, 'generation': 583}"
"{'id': 25781, 'rank': 1, 'fitness': 0.9820137900379085, 'generation': 584}","{'id': 25772, 'rank': 2, 'fitness': 0.9414038510727645, 'generation': 584}","{'id': 25780, 'rank': 3, 'fitness': 0.8486284232418339, 'generation': 584}","{'id': 25774, 'rank': 4, 'fitness': 0.8444392581641991, 'generation': 584}","{'id': 25764, 'rank': 5, 'fitness': 0.7886736074136482, 'generation': 584}","{'id': 25759, 'rank': 6, 'fitness': 0.7884885436220607, 'generation': 584}","{'id': 25756, 'rank': 7, 'fitness': 0.7546233776440233, 'generation': 584}","{'id': 25743, 'rank': 8, 'fitness': 0.7514255375578305, 'generation': 584}","{'id': 25777, 'rank': 9, 'fitness': 0.5989010652982795, 'generation': 584}","{'id': 25768, 'rank': 10, 'fitness': 0.564123482874345, 'generation': 584}","{'id': 25757, 'rank': 11, 'fitness': 0.439373334731119, 'generation': 584}","{'id': 25749, 'rank': 12, 'fitness': 0.28253751376132596, 'generation': 584}","{'id': 25763, 'rank': 13, 'fitness': 0.27589132206632117, 'generation': 584}","{'id': 25776, 'rank': 14, 'fitness': 0.24755367909742976, 'generation': 584}","{'id': 25770, 'rank': 15, 'fitness': 0.2472041481497148, 'generation': 584}","{'id': 25754, 'rank': 16, 'fitness': 0.2464265326984315, 'generation': 584}","{'id': 25755, 'rank': 17, 'fitness': 0.21882904450285512, 'generation': 584}","{'id': 25775, 'rank': 18, 'fitness': 0.1941843992264466, 'generation': 584}","{'id': 25748, 'rank': 19, 'fitness': 0.15782332242726832, 'generation': 584}","{'id': 25747, 'rank': 20, 'fitness': 0.09010958113188339, 'generation': 584}","{'id': 25762, 'rank': 21, 'fitness': 0.08874782672523329, 'generation': 584}","{'id': 25766, 'rank': 22, 'fitness': 0.06781619521234256, 'generation': 584}","{'id': 25779, 'rank': 23, 'fitness': 0.05946276250519167, 'generation': 584}","{'id': 25769, 'rank': 24, 'fitness': 0.05762794973276142, 'generation': 584}","{'id': 25778, 'rank': 25, 'fitness': 0.05020388347009347, 'generation': 584}","{'id': 25773, 'rank': 26, 'fitness': 0.04685870170517653, 'generation': 584}","{'id': 25746, 'rank': 27, 'fitness': 0.032899019681892294, 'generation': 584}","{'id': 25752, 'rank': 28, 'fitness': 0.025091076139205915, 'generation': 584}","{'id': 25761, 'rank': 29, 'fitness': 0.02311667839932785, 'generation': 584}","{'id': 25753, 'rank': 30, 'fitness': 0.01798620996209155, 'generation': 584}"
"{'id': 25795, 'rank': 1, 'fitness': 0.9820137900379085, 'generation': 585}","{'id': 25806, 'rank': 2, 'fitness': 0.9702496409633024, 'generation': 585}","{'id': 25789, 'rank': 3, 'fitness': 0.9575572988209616, 'generation': 585}","{'id': 25804, 'rank': 4, 'fitness': 0.949410962603722, 'generation': 585}","{'id': 25817, 'rank': 5, 'fitness': 0.9383841106994149, 'generation': 585}","{'id': 25811, 'rank': 6, 'fitness': 0.9080452907240321, 'generation': 585}","{'id': 25815, 'rank': 7, 'fitness': 0.8539462680737968, 'generation': 585}","{'id': 25825, 'rank': 8, 'fitness': 0.8150513402092192, 'generation': 585}","{'id': 25810, 'rank': 9, 'fitness': 0.7405155352329005, 'generation': 585}","{'id': 25790, 'rank': 10, 'fitness': 0.6868761337262713, 'generation': 585}","{'id': 25828, 'rank': 11, 'fitness': 0.639911887675727, 'generation': 585}","{'id': 25820, 'rank': 12, 'fitness': 0.5585543405943845, 'generation': 585}","{'id': 25809, 'rank': 13, 'fitness': 0.5333887156361257, 'generation': 585}","{'id': 25824, 'rank': 14, 'fitness': 0.5125316117338813, 'generation': 585}","{'id': 25826, 'rank': 15, 'fitness': 0.47436552736741916, 'generation': 585}","{'id': 25793, 'rank': 16, 'fitness': 0.4249971560717868, 'generation': 585}","{'id': 25800, 'rank': 17, 'fitness': 0.35148035139531186, 'generation': 585}","{'id': 25782, 'rank': 18, 'fitness': 0.29525910145595635, 'generation': 585}","{'id': 25819, 'rank': 19, 'fitness': 0.2205249667976904, 'generation': 585}","{'id': 25803, 'rank': 20, 'fitness': 0.18549946494409641, 'generation': 585}","{'id': 25784, 'rank': 21, 'fitness': 0.15981621478937835, 'generation': 585}","{'id': 25798, 'rank': 22, 'fitness': 0.08179873349794864, 'generation': 585}","{'id': 25813, 'rank': 23, 'fitness': 0.07506245846886095, 'generation': 585}","{'id': 25797, 'rank': 24, 'fitness': 0.06476713814420487, 'generation': 585}","{'id': 25808, 'rank': 25, 'fitness': 0.06064247772911113, 'generation': 585}","{'id': 25812, 'rank': 26, 'fitness': 0.05213483389718376, 'generation': 585}","{'id': 25821, 'rank': 27, 'fitness': 0.04201210306040004, 'generation': 585}","{'id': 25818, 'rank': 28, 'fitness': 0.02033292217849686, 'generation': 585}","{'id': 25801, 'rank': 29, 'fitness': 0.018148679424528358, 'generation': 585}","{'id': 25807, 'rank': 30, 'fitness': 0.01798620996209155, 'generation': 585}"
"{'id': 25882, 'rank': 1, 'fitness': 0.9820137900379085, 'generation': 586}","{'id': 25883, 'rank': 2, 'fitness': 0.9398774566939823, 'generation': 586}","{'id': 25874, 'rank': 3, 'fitness': 0.7427355970676577, 'generation': 586}","{'id': 25870, 'rank': 4, 'fitness': 0.5647399316016456, 'generation': 586}","{'id': 25867, 'rank': 5, 'fitness': 0.5619594574615006, 'generation': 586}","{'id': 25878, 'rank': 6, 'fitness': 0.5594229974490782, 'generation': 586}","{'id': 25849, 'rank': 7, 'fitness': 0.5581038818136546, 'generation': 586}","{'id': 25854, 'rank': 8, 'fitness': 0.4252387708861344, 'generation': 586}","{'id': 25879, 'rank': 9, 'fitness': 0.38809021424729345, 'generation': 586}","{'id': 25866, 'rank': 10, 'fitness': 0.2791521770749036, 'generation': 586}","{'id': 25857, 'rank': 11, 'fitness': 0.26421453505980225, 'generation': 586}","{'id': 25868, 'rank': 12, 'fitness': 0.18151246157230294, 'generation': 586}","{'id': 25847, 'rank': 13, 'fitness': 0.15201374275722168, 'generation': 586}","{'id': 25864, 'rank': 14, 'fitness': 0.123911838750419, 'generation': 586}","{'id': 25842, 'rank': 15, 'fitness': 0.09387254338388579, 'generation': 586}","{'id': 25831, 'rank': 16, 'fitness': 0.07759129590012864, 'generation': 586}","{'id': 25880, 'rank': 17, 'fitness': 0.07511328018703689, 'generation': 586}","{'id': 25884, 'rank': 18, 'fitness': 0.07007754823935297, 'generation': 586}","{'id': 25858, 'rank': 19, 'fitness': 0.06884585371668184, 'generation': 586}","{'id': 25876, 'rank': 20, 'fitness': 0.06153537018614785, 'generation': 586}","{'id': 25834, 'rank': 21, 'fitness': 0.05671872622930546, 'generation': 586}","{'id': 25859, 'rank': 22, 'fitness': 0.05404372278500258, 'generation': 586}","{'id': 25881, 'rank': 23, 'fitness': 0.039259384218661875, 'generation': 586}","{'id': 25835, 'rank': 24, 'fitness': 0.038128480815441124, 'generation': 586}","{'id': 25851, 'rank': 25, 'fitness': 0.03780819339405861, 'generation': 586}","{'id': 25877, 'rank': 26, 'fitness': 0.03557436236665029, 'generation': 586}","{'id': 25843, 'rank': 27, 'fitness': 0.02891732295644034, 'generation': 586}","{'id': 25885, 'rank': 28, 'fitness': 0.02291602297165307, 'generation': 586}","{'id': 25872, 'rank': 29, 'fitness': 0.021123982433419397, 'generation': 586}","{'id': 25833, 'rank': 30, 'fitness': 0.01798620996209155, 'generation': 586}"
"{'id': 25922, 'rank': 1, 'fitness': 0.9820137900379085, 'generation': 587}","{'id': 25896, 'rank': 2, 'fitness': 0.9723827621266368, 'generation': 587}","{'id': 25914, 'rank': 3, 'fitness': 0.954466349142118, 'generation': 587}","{'id': 25907, 'rank': 4, 'fitness': 0.9416676022385096, 'generation': 587}","{'id': 25908, 'rank': 5, 'fitness': 0.9405393108761113, 'generation': 587}","{'id': 25915, 'rank': 6, 'fitness': 0.904262256398075, 'generation': 587}","{'id': 25904, 'rank': 7, 'fitness': 0.8855478386536367, 'generation': 587}","{'id': 25910, 'rank': 8, 'fitness': 0.8530663762743753, 'generation': 587}","{'id': 25924, 'rank': 9, 'fitness': 0.7562476376890308, 'generation': 587}","{'id': 25920, 'rank': 10, 'fitness': 0.7245143818666966, 'generation': 587}","{'id': 25909, 'rank': 11, 'fitness': 0.7180031764016195, 'generation': 587}","{'id': 25905, 'rank': 12, 'fitness': 0.7004050308973312, 'generation': 587}","{'id': 25916, 'rank': 13, 'fitness': 0.588528456453174, 'generation': 587}","{'id': 25903, 'rank': 14, 'fitness': 0.5400720066520901, 'generation': 587}","{'id': 25913, 'rank': 15, 'fitness': 0.5079038959337807, 'generation': 587}","{'id': 25891, 'rank': 16, 'fitness': 0.4938924511868655, 'generation': 587}","{'id': 25918, 'rank': 17, 'fitness': 0.4744908166010256, 'generation': 587}","{'id': 25911, 'rank': 18, 'fitness': 0.34667684037423996, 'generation': 587}","{'id': 25919, 'rank': 19, 'fitness': 0.3364998398001462, 'generation': 587}","{'id': 25892, 'rank': 20, 'fitness': 0.24346532586574676, 'generation': 587}","{'id': 25894, 'rank': 21, 'fitness': 0.24205182110805323, 'generation': 587}","{'id': 25912, 'rank': 22, 'fitness': 0.198894263490619, 'generation': 587}","{'id': 25897, 'rank': 23, 'fitness': 0.11209198554564581, 'generation': 587}","{'id': 25902, 'rank': 24, 'fitness': 0.0638877930600179, 'generation': 587}","{'id': 25890, 'rank': 25, 'fitness': 0.04842688716746257, 'generation': 587}","{'id': 25917, 'rank': 26, 'fitness': 0.04567363879642128, 'generation': 587}","{'id': 25925, 'rank': 27, 'fitness': 0.03413034836508283, 'generation': 587}","{'id': 25898, 'rank': 28, 'fitness': 0.025680034880997515, 'generation': 587}","{'id': 25900, 'rank': 29, 'fitness': 0.020195540994256467, 'generation': 587}","{'id': 25886, 'rank': 30, 'fitness': 0.01798620996209155, 'generation': 587}"
"{'id': 25974, 'rank': 1, 'fitness': 0.9820137900379085, 'generation': 588}","{'id': 25980, 'rank': 2, 'fitness': 0.8398181695500176, 'generation': 588}","{'id': 25982, 'rank': 3, 'fitness': 0.8225868501456381, 'generation': 588}","{'id': 25975, 'rank': 4, 'fitness': 0.7603659515380093, 'generation': 588}","{'id': 25958, 'rank': 5, 'fitness': 0.728338108334021, 'generation': 588}","{'id': 25942, 'rank': 6, 'fitness': 0.6647870459541914, 'generation': 588}","{'id': 25967, 'rank': 7, 'fitness': 0.6277919924124706, 'generation': 588}","{'id': 25981, 'rank': 8, 'fitness': 0.6107287864558072, 'generation': 588}","{'id': 25941, 'rank': 9, 'fitness': 0.5706044267299811, 'generation': 588}","{'id': 25984, 'rank': 10, 'fitness': 0.42087090009663125, 'generation': 588}","{'id': 25926, 'rank': 11, 'fitness': 0.38257112669918486, 'generation': 588}","{'id': 25963, 'rank': 12, 'fitness': 0.35369887438831416, 'generation': 588}","{'id': 25970, 'rank': 13, 'fitness': 0.3438127536290567, 'generation': 588}","{'id': 25968, 'rank': 14, 'fitness': 0.2704573169370642, 'generation': 588}","{'id': 25973, 'rank': 15, 'fitness': 0.2432430643082486, 'generation': 588}","{'id': 25955, 'rank': 16, 'fitness': 0.231299147899878, 'generation': 588}","{'id': 25983, 'rank': 17, 'fitness': 0.18866327422336382, 'generation': 588}","{'id': 25977, 'rank': 18, 'fitness': 0.1485860716941354, 'generation': 588}","{'id': 25985, 'rank': 19, 'fitness': 0.07433657208723687, 'generation': 588}","{'id': 25928, 'rank': 20, 'fitness': 0.06612685657656736, 'generation': 588}","{'id': 25929, 'rank': 21, 'fitness': 0.06440357881279968, 'generation': 588}","{'id': 25959, 'rank': 22, 'fitness': 0.06198577896253621, 'generation': 588}","{'id': 25956, 'rank': 23, 'fitness': 0.05206679001052389, 'generation': 588}","{'id': 25950, 'rank': 24, 'fitness': 0.04420564219181822, 'generation': 588}","{'id': 25976, 'rank': 25, 'fitness': 0.04284063284423495, 'generation': 588}","{'id': 25969, 'rank': 26, 'fitness': 0.042790250561814736, 'generation': 588}","{'id': 25951, 'rank': 27, 'fitness': 0.03840976930601231, 'generation': 588}","{'id': 25939, 'rank': 28, 'fitness': 0.035137256470745115, 'generation': 588}","{'id': 25952, 'rank': 29, 'fitness': 0.024208414227591624, 'generation': 588}","{'id': 25943, 'rank': 30, 'fitness': 0.01798620996209155, 'generation': 588}"
"{'id': 26020, 'rank': 1, 'fitness': 0.9820137900379085, 'generation': 589}","{'id': 26026, 'rank': 2, 'fitness': 0.9696350169931429, 'generation': 589}","{'id': 26022, 'rank': 3, 'fitness': 0.9560690389928003, 'generation': 589}","{'id': 26031, 'rank': 4, 'fitness': 0.9428799658722098, 'generation': 589}","{'id': 26008, 'rank': 5, 'fitness': 0.9362569183441323, 'generation': 589}","{'id': 26016, 'rank': 6, 'fitness': 0.929027728231187, 'generation': 589}","{'id': 26014, 'rank': 7, 'fitness': 0.9241411529511838, 'generation': 589}","{'id': 26004, 'rank': 8, 'fitness': 0.9098497011895115, 'generation': 589}","{'id': 26030, 'rank': 9, 'fitness': 0.8847743453769008, 'generation': 589}","{'id': 26018, 'rank': 10, 'fitness': 0.6843611444067715, 'generation': 589}","{'id': 26029, 'rank': 11, 'fitness': 0.4601146598361428, 'generation': 589}","{'id': 26027, 'rank': 12, 'fitness': 0.42860052652304065, 'generation': 589}","{'id': 26005, 'rank': 13, 'fitness': 0.4062069076577117, 'generation': 589}","{'id': 25998, 'rank': 14, 'fitness': 0.24955690488762255, 'generation': 589}","{'id': 26015, 'rank': 15, 'fitness': 0.2259290578679744, 'generation': 589}","{'id': 26013, 'rank': 16, 'fitness': 0.15797358907057074, 'generation': 589}","{'id': 26017, 'rank': 17, 'fitness': 0.14181621206336337, 'generation': 589}","{'id': 25992, 'rank': 18, 'fitness': 0.09501703952622204, 'generation': 589}","{'id': 25991, 'rank': 19, 'fitness': 0.07643670242027573, 'generation': 589}","{'id': 25993, 'rank': 20, 'fitness': 0.07425875359007106, 'generation': 589}","{'id': 26019, 'rank': 21, 'fitness': 0.05011759180796671, 'generation': 589}","{'id': 26007, 'rank': 22, 'fitness': 0.03718115984730547, 'generation': 589}","{'id': 26012, 'rank': 23, 'fitness': 0.03643859825698076, 'generation': 589}","{'id': 26025, 'rank': 24, 'fitness': 0.031448381310046236, 'generation': 589}","{'id': 26021, 'rank': 25, 'fitness': 0.029583545944414813, 'generation': 589}","{'id': 26028, 'rank': 26, 'fitness': 0.025326035438524186, 'generation': 589}","{'id': 26002, 'rank': 27, 'fitness': 0.023723763158449762, 'generation': 589}","{'id': 26024, 'rank': 28, 'fitness': 0.01919900101503147, 'generation': 589}","{'id': 25994, 'rank': 29, 'fitness': 0.018772187388779893, 'generation': 589}","{'id': 26006, 'rank': 30, 'fitness': 0.01798620996209155, 'generation': 589}"
"{'id': 26079, 'rank': 1, 'fitness': 0.9820137900379085, 'generation': 590}","{'id': 26077, 'rank': 2, 'fitness': 0.9702146543037655, 'generation': 590}","{'id': 26058, 'rank': 3, 'fitness': 0.8468214016977882, 'generation': 590}","{'id': 26067, 'rank': 4, 'fitness': 0.8403352636115846, 'generation': 590}","{'id': 26032, 'rank': 5, 'fitness': 0.8141633981367491, 'generation': 590}","{'id': 26048, 'rank': 6, 'fitness': 0.8118417044254315, 'generation': 590}","{'id': 26087, 'rank': 7, 'fitness': 0.8068645619844967, 'generation': 590}","{'id': 26080, 'rank': 8, 'fitness': 0.6954594143547984, 'generation': 590}","{'id': 26078, 'rank': 9, 'fitness': 0.6584929646644296, 'generation': 590}","{'id': 26072, 'rank': 10, 'fitness': 0.5427050049205863, 'generation': 590}","{'id': 26054, 'rank': 11, 'fitness': 0.5425641691110472, 'generation': 590}","{'id': 26074, 'rank': 12, 'fitness': 0.4927605459858593, 'generation': 590}","{'id': 26065, 'rank': 13, 'fitness': 0.45885069759655234, 'generation': 590}","{'id': 26084, 'rank': 14, 'fitness': 0.4584602639039572, 'generation': 590}","{'id': 26086, 'rank': 15, 'fitness': 0.39091686120465885, 'generation': 590}","{'id': 26041, 'rank': 16, 'fitness': 0.3336057355456607, 'generation': 590}","{'id': 26069, 'rank': 17, 'fitness': 0.18725373536458717, 'generation': 590}","{'id': 26075, 'rank': 18, 'fitness': 0.09756292214631834, 'generation': 590}","{'id': 26068, 'rank': 19, 'fitness': 0.07170191447577567, 'generation': 590}","{'id': 26040, 'rank': 20, 'fitness': 0.06387739716513902, 'generation': 590}","{'id': 26066, 'rank': 21, 'fitness': 0.05166364389335759, 'generation': 590}","{'id': 26036, 'rank': 22, 'fitness': 0.03812320193712321, 'generation': 590}","{'id': 26062, 'rank': 23, 'fitness': 0.03039847067232443, 'generation': 590}","{'id': 26035, 'rank': 24, 'fitness': 0.030349574246404165, 'generation': 590}","{'id': 26081, 'rank': 25, 'fitness': 0.03016719073109092, 'generation': 590}","{'id': 26034, 'rank': 26, 'fitness': 0.026798865511111047, 'generation': 590}","{'id': 26064, 'rank': 27, 'fitness': 0.025891812358901423, 'generation': 590}","{'id': 26076, 'rank': 28, 'fitness': 0.02390930711236472, 'generation': 590}","{'id': 26055, 'rank': 29, 'fitness': 0.02349835801308392, 'generation': 590}","{'id': 26073, 'rank': 30, 'fitness': 0.01798620996209155, 'generation': 590}"
"{'id': 26117, 'rank': 1, 'fitness': 0.9820137900379085, 'generation': 591}","{'id': 26128, 'rank': 2, 'fitness': 0.9816109052154951, 'generation': 591}","{'id': 26126, 'rank': 3, 'fitness': 0.965653438370436, 'generation': 591}","{'id': 26110, 'rank': 4, 'fitness': 0.7356169010746755, 'generation': 591}","{'id': 26088, 'rank': 5, 'fitness': 0.7274813997699405, 'generation': 591}","{'id': 26113, 'rank': 6, 'fitness': 0.5773651266375218, 'generation': 591}","{'id': 26124, 'rank': 7, 'fitness': 0.5652380929096845, 'generation': 591}","{'id': 26112, 'rank': 8, 'fitness': 0.47990979588386296, 'generation': 591}","{'id': 26134, 'rank': 9, 'fitness': 0.42203350316344934, 'generation': 591}","{'id': 26130, 'rank': 10, 'fitness': 0.4205955605032754, 'generation': 591}","{'id': 26133, 'rank': 11, 'fitness': 0.41887398000007614, 'generation': 591}","{'id': 26122, 'rank': 12, 'fitness': 0.3782083958197965, 'generation': 591}","{'id': 26101, 'rank': 13, 'fitness': 0.23457906505633186, 'generation': 591}","{'id': 26108, 'rank': 14, 'fitness': 0.1758906845604905, 'generation': 591}","{'id': 26093, 'rank': 15, 'fitness': 0.128802586886755, 'generation': 591}","{'id': 26090, 'rank': 16, 'fitness': 0.10372567882374456, 'generation': 591}","{'id': 26120, 'rank': 17, 'fitness': 0.09223644082805466, 'generation': 591}","{'id': 26089, 'rank': 18, 'fitness': 0.09110139573271503, 'generation': 591}","{'id': 26123, 'rank': 19, 'fitness': 0.08717604622249087, 'generation': 591}","{'id': 26119, 'rank': 20, 'fitness': 0.08027289104117441, 'generation': 591}","{'id': 26116, 'rank': 21, 'fitness': 0.06788998237262339, 'generation': 591}","{'id': 26106, 'rank': 22, 'fitness': 0.06555139101972896, 'generation': 591}","{'id': 26097, 'rank': 23, 'fitness': 0.06382652906100661, 'generation': 591}","{'id': 26131, 'rank': 24, 'fitness': 0.04924817626397848, 'generation': 591}","{'id': 26092, 'rank': 25, 'fitness': 0.04555763241407795, 'generation': 591}","{'id': 26115, 'rank': 26, 'fitness': 0.04242808363412098, 'generation': 591}","{'id': 26118, 'rank': 27, 'fitness': 0.03972598639231384, 'generation': 591}","{'id': 26127, 'rank': 28, 'fitness': 0.035656358197150406, 'generation': 591}","{'id': 26129, 'rank': 29, 'fitness': 0.02216026070247873, 'generation': 591}","{'id': 26091, 'rank': 30, 'fitness': 0.01798620996209155, 'generation': 591}"
"{'id': 26171, 'rank': 1, 'fitness': 0.9820137900379085, 'generation': 592}","{'id': 26162, 'rank': 2, 'fitness': 0.9783485019511388, 'generation': 592}","{'id': 26167, 'rank': 3, 'fitness': 0.9773825497936898, 'generation': 592}","{'id': 26172, 'rank': 4, 'fitness': 0.8784059717197956, 'generation': 592}","{'id': 26163, 'rank': 5, 'fitness': 0.8391031180351927, 'generation': 592}","{'id': 26170, 'rank': 6, 'fitness': 0.8220179084295383, 'generation': 592}","{'id': 26144, 'rank': 7, 'fitness': 0.7291799732509627, 'generation': 592}","{'id': 26145, 'rank': 8, 'fitness': 0.5158136075482085, 'generation': 592}","{'id': 26143, 'rank': 9, 'fitness': 0.5076555463697366, 'generation': 592}","{'id': 26147, 'rank': 10, 'fitness': 0.4805278405997724, 'generation': 592}","{'id': 26164, 'rank': 11, 'fitness': 0.45365468683796367, 'generation': 592}","{'id': 26156, 'rank': 12, 'fitness': 0.41697593568892, 'generation': 592}","{'id': 26138, 'rank': 13, 'fitness': 0.3421023544484734, 'generation': 592}","{'id': 26160, 'rank': 14, 'fitness': 0.3292181443387618, 'generation': 592}","{'id': 26148, 'rank': 15, 'fitness': 0.3094738825397655, 'generation': 592}","{'id': 26155, 'rank': 16, 'fitness': 0.3045394527581655, 'generation': 592}","{'id': 26157, 'rank': 17, 'fitness': 0.2664924794384229, 'generation': 592}","{'id': 26165, 'rank': 18, 'fitness': 0.24378215273535436, 'generation': 592}","{'id': 26141, 'rank': 19, 'fitness': 0.2275050140274263, 'generation': 592}","{'id': 26166, 'rank': 20, 'fitness': 0.1912713160576991, 'generation': 592}","{'id': 26149, 'rank': 21, 'fitness': 0.18028050311607025, 'generation': 592}","{'id': 26169, 'rank': 22, 'fitness': 0.11437789523976738, 'generation': 592}","{'id': 26153, 'rank': 23, 'fitness': 0.08933206252702175, 'generation': 592}","{'id': 26150, 'rank': 24, 'fitness': 0.048000098525039836, 'generation': 592}","{'id': 26135, 'rank': 25, 'fitness': 0.03134047820542679, 'generation': 592}","{'id': 26158, 'rank': 26, 'fitness': 0.027294063033822258, 'generation': 592}","{'id': 26159, 'rank': 27, 'fitness': 0.02533941130339029, 'generation': 592}","{'id': 26151, 'rank': 28, 'fitness': 0.02475437225233329, 'generation': 592}","{'id': 26168, 'rank': 29, 'fitness': 0.0239096539604029, 'generation': 592}","{'id': 26152, 'rank': 30, 'fitness': 0.01798620996209155, 'generation': 592}"
"{'id': 26222, 'rank': 1, 'fitness': 0.9820137900379085, 'generation': 593}","{'id': 26217, 'rank': 2, 'fitness': 0.9743679730380974, 'generation': 593}","{'id': 26226, 'rank': 3, 'fitness': 0.9733874627472783, 'generation': 593}","{'id': 26220, 'rank': 4, 'fitness': 0.9605711367069274, 'generation': 593}","{'id': 26211, 'rank': 5, 'fitness': 0.8504812751696592, 'generation': 593}","{'id': 26212, 'rank': 6, 'fitness': 0.7489419992152718, 'generation': 593}","{'id': 26208, 'rank': 7, 'fitness': 0.7439807812038537, 'generation': 593}","{'id': 26221, 'rank': 8, 'fitness': 0.4283975250425942, 'generation': 593}","{'id': 26174, 'rank': 9, 'fitness': 0.38659239562207093, 'generation': 593}","{'id': 26210, 'rank': 10, 'fitness': 0.34839838355444985, 'generation': 593}","{'id': 26218, 'rank': 11, 'fitness': 0.30614263188354807, 'generation': 593}","{'id': 26216, 'rank': 12, 'fitness': 0.22395025733490426, 'generation': 593}","{'id': 26185, 'rank': 13, 'fitness': 0.17695536614890406, 'generation': 593}","{'id': 26188, 'rank': 14, 'fitness': 0.152743561174006, 'generation': 593}","{'id': 26207, 'rank': 15, 'fitness': 0.1309746247600786, 'generation': 593}","{'id': 26219, 'rank': 16, 'fitness': 0.1265719147278841, 'generation': 593}","{'id': 26173, 'rank': 17, 'fitness': 0.11497182647559889, 'generation': 593}","{'id': 26203, 'rank': 18, 'fitness': 0.10936834417774471, 'generation': 593}","{'id': 26225, 'rank': 19, 'fitness': 0.08521213306337988, 'generation': 593}","{'id': 26202, 'rank': 20, 'fitness': 0.07247523595516137, 'generation': 593}","{'id': 26184, 'rank': 21, 'fitness': 0.06143802386934988, 'generation': 593}","{'id': 26181, 'rank': 22, 'fitness': 0.058155979914963185, 'generation': 593}","{'id': 26214, 'rank': 23, 'fitness': 0.055720155684405304, 'generation': 593}","{'id': 26206, 'rank': 24, 'fitness': 0.05259646067131146, 'generation': 593}","{'id': 26223, 'rank': 25, 'fitness': 0.03834186334229184, 'generation': 593}","{'id': 26195, 'rank': 26, 'fitness': 0.033673444761195825, 'generation': 593}","{'id': 26191, 'rank': 27, 'fitness': 0.030841359033881577, 'generation': 593}","{'id': 26213, 'rank': 28, 'fitness': 0.03029947692565499, 'generation': 593}","{'id': 26215, 'rank': 29, 'fitness': 0.026079786363336466, 'generation': 593}","{'id': 26205, 'rank': 30, 'fitness': 0.01798620996209155, 'generation': 593}"
"{'id': 26249, 'rank': 1, 'fitness': 0.9820137900379085, 'generation': 594}","{'id': 26261, 'rank': 2, 'fitness': 0.9607427757980056, 'generation': 594}","{'id': 26252, 'rank': 3, 'fitness': 0.938811695681858, 'generation': 594}","{'id': 26242, 'rank': 4, 'fitness': 0.8907251262748395, 'generation': 594}","{'id': 26251, 'rank': 5, 'fitness': 0.8348224037640708, 'generation': 594}","{'id': 26228, 'rank': 6, 'fitness': 0.8315004882038723, 'generation': 594}","{'id': 26245, 'rank': 7, 'fitness': 0.8309341964695398, 'generation': 594}","{'id': 26243, 'rank': 8, 'fitness': 0.8286055727783157, 'generation': 594}","{'id': 26260, 'rank': 9, 'fitness': 0.7227978438162034, 'generation': 594}","{'id': 26230, 'rank': 10, 'fitness': 0.7034137504837533, 'generation': 594}","{'id': 26258, 'rank': 11, 'fitness': 0.6917008713529331, 'generation': 594}","{'id': 26248, 'rank': 12, 'fitness': 0.6839763611626233, 'generation': 594}","{'id': 26263, 'rank': 13, 'fitness': 0.6778525377841211, 'generation': 594}","{'id': 26255, 'rank': 14, 'fitness': 0.6622267452741992, 'generation': 594}","{'id': 26247, 'rank': 15, 'fitness': 0.6005592441718294, 'generation': 594}","{'id': 26259, 'rank': 16, 'fitness': 0.580924019786253, 'generation': 594}","{'id': 26246, 'rank': 17, 'fitness': 0.47971947609516974, 'generation': 594}","{'id': 26244, 'rank': 18, 'fitness': 0.4212844231223095, 'generation': 594}","{'id': 26264, 'rank': 19, 'fitness': 0.4055733023685779, 'generation': 594}","{'id': 26238, 'rank': 20, 'fitness': 0.30725329699210346, 'generation': 594}","{'id': 26250, 'rank': 21, 'fitness': 0.2947985255339158, 'generation': 594}","{'id': 26256, 'rank': 22, 'fitness': 0.2638326846212551, 'generation': 594}","{'id': 26235, 'rank': 23, 'fitness': 0.21052939232674628, 'generation': 594}","{'id': 26262, 'rank': 24, 'fitness': 0.2040042834976868, 'generation': 594}","{'id': 26253, 'rank': 25, 'fitness': 0.20279261008984173, 'generation': 594}","{'id': 26241, 'rank': 26, 'fitness': 0.18909618495644442, 'generation': 594}","{'id': 26229, 'rank': 27, 'fitness': 0.0908026254001516, 'generation': 594}","{'id': 26233, 'rank': 28, 'fitness': 0.02109916416934965, 'generation': 594}","{'id': 26240, 'rank': 29, 'fitness': 0.01841404185262774, 'generation': 594}","{'id': 26254, 'rank': 30, 'fitness': 0.01798620996209155, 'generation': 594}"
"{'id': 26309, 'rank': 1, 'fitness': 0.9820137900379085, 'generation': 595}","{'id': 26324, 'rank': 2, 'fitness': 0.8451907818806719, 'generation': 595}","{'id': 26288, 'rank': 3, 'fitness': 0.6533451335674267, 'generation': 595}","{'id': 26282, 'rank': 4, 'fitness': 0.6351103226982654, 'generation': 595}","{'id': 26323, 'rank': 5, 'fitness': 0.4444764068870446, 'generation': 595}","{'id': 26307, 'rank': 6, 'fitness': 0.42595452396891537, 'generation': 595}","{'id': 26319, 'rank': 7, 'fitness': 0.3576180345866336, 'generation': 595}","{'id': 26321, 'rank': 8, 'fitness': 0.2946007157249865, 'generation': 595}","{'id': 26316, 'rank': 9, 'fitness': 0.23699956073158718, 'generation': 595}","{'id': 26289, 'rank': 10, 'fitness': 0.21026522693052085, 'generation': 595}","{'id': 26320, 'rank': 11, 'fitness': 0.1486373357324099, 'generation': 595}","{'id': 26314, 'rank': 12, 'fitness': 0.08425689789991214, 'generation': 595}","{'id': 26304, 'rank': 13, 'fitness': 0.06908641204495858, 'generation': 595}","{'id': 26276, 'rank': 14, 'fitness': 0.06635921845677611, 'generation': 595}","{'id': 26269, 'rank': 15, 'fitness': 0.06277277803695347, 'generation': 595}","{'id': 26280, 'rank': 16, 'fitness': 0.058937092151646164, 'generation': 595}","{'id': 26284, 'rank': 17, 'fitness': 0.05877486874660909, 'generation': 595}","{'id': 26303, 'rank': 18, 'fitness': 0.05610498057136304, 'generation': 595}","{'id': 26302, 'rank': 19, 'fitness': 0.054074743585811824, 'generation': 595}","{'id': 26298, 'rank': 20, 'fitness': 0.04511039426834579, 'generation': 595}","{'id': 26291, 'rank': 21, 'fitness': 0.04099103001486637, 'generation': 595}","{'id': 26315, 'rank': 22, 'fitness': 0.03977767742015531, 'generation': 595}","{'id': 26322, 'rank': 23, 'fitness': 0.036420151630468245, 'generation': 595}","{'id': 26317, 'rank': 24, 'fitness': 0.03554862195058578, 'generation': 595}","{'id': 26283, 'rank': 25, 'fitness': 0.034655543263193034, 'generation': 595}","{'id': 26311, 'rank': 26, 'fitness': 0.026231800673529704, 'generation': 595}","{'id': 26277, 'rank': 27, 'fitness': 0.023244852139806316, 'generation': 595}","{'id': 26271, 'rank': 28, 'fitness': 0.01894503684012072, 'generation': 595}","{'id': 26299, 'rank': 29, 'fitness': 0.018298042775034384, 'generation': 595}","{'id': 26295, 'rank': 30, 'fitness': 0.01798620996209155, 'generation': 595}"
"{'id': 26354, 'rank': 1, 'fitness': 0.9820137900379085, 'generation': 596}","{'id': 26358, 'rank': 2, 'fitness': 0.9815029252407159, 'generation': 596}","{'id': 26344, 'rank': 3, 'fitness': 0.9761302584987314, 'generation': 596}","{'id': 26349, 'rank': 4, 'fitness': 0.9621614957189726, 'generation': 596}","{'id': 26362, 'rank': 5, 'fitness': 0.9303358213395287, 'generation': 596}","{'id': 26357, 'rank': 6, 'fitness': 0.8328106145197007, 'generation': 596}","{'id': 26350, 'rank': 7, 'fitness': 0.7916423463698764, 'generation': 596}","{'id': 26335, 'rank': 8, 'fitness': 0.7758195524949464, 'generation': 596}","{'id': 26361, 'rank': 9, 'fitness': 0.7591506181740155, 'generation': 596}","{'id': 26331, 'rank': 10, 'fitness': 0.6688042110396069, 'generation': 596}","{'id': 26353, 'rank': 11, 'fitness': 0.4423438797639814, 'generation': 596}","{'id': 26356, 'rank': 12, 'fitness': 0.3867549082674903, 'generation': 596}","{'id': 26332, 'rank': 13, 'fitness': 0.3762409013474171, 'generation': 596}","{'id': 26343, 'rank': 14, 'fitness': 0.35617562369900896, 'generation': 596}","{'id': 26345, 'rank': 15, 'fitness': 0.30652476048667016, 'generation': 596}","{'id': 26346, 'rank': 16, 'fitness': 0.2836005689066533, 'generation': 596}","{'id': 26341, 'rank': 17, 'fitness': 0.22680322850710533, 'generation': 596}","{'id': 26340, 'rank': 18, 'fitness': 0.19715797122943446, 'generation': 596}","{'id': 26352, 'rank': 19, 'fitness': 0.1845464365425557, 'generation': 596}","{'id': 26329, 'rank': 20, 'fitness': 0.13609342121107115, 'generation': 596}","{'id': 26355, 'rank': 21, 'fitness': 0.1321469998735304, 'generation': 596}","{'id': 26347, 'rank': 22, 'fitness': 0.10212098945289116, 'generation': 596}","{'id': 26359, 'rank': 23, 'fitness': 0.08756612207659831, 'generation': 596}","{'id': 26333, 'rank': 24, 'fitness': 0.07517081201158671, 'generation': 596}","{'id': 26351, 'rank': 25, 'fitness': 0.07508142198965795, 'generation': 596}","{'id': 26334, 'rank': 26, 'fitness': 0.05612716209650631, 'generation': 596}","{'id': 26338, 'rank': 27, 'fitness': 0.05284427781384671, 'generation': 596}","{'id': 26342, 'rank': 28, 'fitness': 0.029725986787115632, 'generation': 596}","{'id': 26337, 'rank': 29, 'fitness': 0.01901894229287099, 'generation': 596}","{'id': 26328, 'rank': 30, 'fitness': 0.01798620996209155, 'generation': 596}"
"{'id': 26402, 'rank': 1, 'fitness': 0.9820137900379085, 'generation': 597}","{'id': 26405, 'rank': 2, 'fitness': 0.9779283450690845, 'generation': 597}","{'id': 26401, 'rank': 3, 'fitness': 0.9262670522469613, 'generation': 597}","{'id': 26387, 'rank': 4, 'fitness': 0.5247403333567771, 'generation': 597}","{'id': 26400, 'rank': 5, 'fitness': 0.48142172012402223, 'generation': 597}","{'id': 26388, 'rank': 6, 'fitness': 0.43498653143513166, 'generation': 597}","{'id': 26399, 'rank': 7, 'fitness': 0.3754509669197651, 'generation': 597}","{'id': 26393, 'rank': 8, 'fitness': 0.33275503724115907, 'generation': 597}","{'id': 26403, 'rank': 9, 'fitness': 0.2297182954413861, 'generation': 597}","{'id': 26380, 'rank': 10, 'fitness': 0.20446602908027106, 'generation': 597}","{'id': 26372, 'rank': 11, 'fitness': 0.19614741646721295, 'generation': 597}","{'id': 26406, 'rank': 12, 'fitness': 0.15246344388264987, 'generation': 597}","{'id': 26376, 'rank': 13, 'fitness': 0.13218333936024168, 'generation': 597}","{'id': 26365, 'rank': 14, 'fitness': 0.09952268181669338, 'generation': 597}","{'id': 26391, 'rank': 15, 'fitness': 0.09356055790148471, 'generation': 597}","{'id': 26363, 'rank': 16, 'fitness': 0.08961560998626134, 'generation': 597}","{'id': 26389, 'rank': 17, 'fitness': 0.08730040773983855, 'generation': 597}","{'id': 26392, 'rank': 18, 'fitness': 0.08610732109244179, 'generation': 597}","{'id': 26383, 'rank': 19, 'fitness': 0.06900496468276918, 'generation': 597}","{'id': 26407, 'rank': 20, 'fitness': 0.0638672617372536, 'generation': 597}","{'id': 26398, 'rank': 21, 'fitness': 0.06364795682443769, 'generation': 597}","{'id': 26368, 'rank': 22, 'fitness': 0.05804155808927419, 'generation': 597}","{'id': 26382, 'rank': 23, 'fitness': 0.05093130248396949, 'generation': 597}","{'id': 26379, 'rank': 24, 'fitness': 0.04996154495484273, 'generation': 597}","{'id': 26394, 'rank': 25, 'fitness': 0.046647155646922345, 'generation': 597}","{'id': 26408, 'rank': 26, 'fitness': 0.04239662309035358, 'generation': 597}","{'id': 26404, 'rank': 27, 'fitness': 0.040207399020726786, 'generation': 597}","{'id': 26367, 'rank': 28, 'fitness': 0.02595142369835096, 'generation': 597}","{'id': 26395, 'rank': 29, 'fitness': 0.024266361940903147, 'generation': 597}","{'id': 26396, 'rank': 30, 'fitness': 0.01798620996209155, 'generation': 597}"
"{'id': 26445, 'rank': 1, 'fitness': 0.9820137900379085, 'generation': 598}","{'id': 26412, 'rank': 2, 'fitness': 0.9025780116330138, 'generation': 598}","{'id': 26437, 'rank': 3, 'fitness': 0.8989650981383377, 'generation': 598}","{'id': 26417, 'rank': 4, 'fitness': 0.8763637359782559, 'generation': 598}","{'id': 26426, 'rank': 5, 'fitness': 0.8591395756953308, 'generation': 598}","{'id': 26421, 'rank': 6, 'fitness': 0.8405037494248447, 'generation': 598}","{'id': 26432, 'rank': 7, 'fitness': 0.8242617296802682, 'generation': 598}","{'id': 26443, 'rank': 8, 'fitness': 0.7028208014736242, 'generation': 598}","{'id': 26440, 'rank': 9, 'fitness': 0.6990032098017283, 'generation': 598}","{'id': 26424, 'rank': 10, 'fitness': 0.5545122120780136, 'generation': 598}","{'id': 26442, 'rank': 11, 'fitness': 0.4694307845668232, 'generation': 598}","{'id': 26435, 'rank': 12, 'fitness': 0.4417921812302589, 'generation': 598}","{'id': 26444, 'rank': 13, 'fitness': 0.4070401854548208, 'generation': 598}","{'id': 26434, 'rank': 14, 'fitness': 0.3775919267469447, 'generation': 598}","{'id': 26409, 'rank': 15, 'fitness': 0.3436246127231072, 'generation': 598}","{'id': 26429, 'rank': 16, 'fitness': 0.32307657726596, 'generation': 598}","{'id': 26425, 'rank': 17, 'fitness': 0.3106514662543665, 'generation': 598}","{'id': 26418, 'rank': 18, 'fitness': 0.24573438520991242, 'generation': 598}","{'id': 26433, 'rank': 19, 'fitness': 0.19851114250499408, 'generation': 598}","{'id': 26439, 'rank': 20, 'fitness': 0.16385065223804218, 'generation': 598}","{'id': 26427, 'rank': 21, 'fitness': 0.0945561927427434, 'generation': 598}","{'id': 26430, 'rank': 22, 'fitness': 0.0928864128523369, 'generation': 598}","{'id': 26431, 'rank': 23, 'fitness': 0.07126341757478705, 'generation': 598}","{'id': 26436, 'rank': 24, 'fitness': 0.0592524366072224, 'generation': 598}","{'id': 26411, 'rank': 25, 'fitness': 0.038176929681710936, 'generation': 598}","{'id': 26422, 'rank': 26, 'fitness': 0.037935566461309134, 'generation': 598}","{'id': 26423, 'rank': 27, 'fitness': 0.03012949539977805, 'generation': 598}","{'id': 26428, 'rank': 28, 'fitness': 0.024817477314909464, 'generation': 598}","{'id': 26420, 'rank': 29, 'fitness': 0.022657714394185735, 'generation': 598}","{'id': 26441, 'rank': 30, 'fitness': 0.01798620996209155, 'generation': 598}"
"{'id': 26483, 'rank': 1, 'fitness': 0.9820137900379085, 'generation': 599}","{'id': 26494, 'rank': 2, 'fitness': 0.7660541001115717, 'generation': 599}","{'id': 26470, 'rank': 3, 'fitness': 0.6943553812053369, 'generation': 599}","{'id': 26489, 'rank': 4, 'fitness': 0.6500248760115245, 'generation': 599}","{'id': 26453, 'rank': 5, 'fitness': 0.5281143738274292, 'generation': 599}","{'id': 26485, 'rank': 6, 'fitness': 0.49522958638462206, 'generation': 599}","{'id': 26460, 'rank': 7, 'fitness': 0.443723693400884, 'generation': 599}","{'id': 26478, 'rank': 8, 'fitness': 0.3975164837709383, 'generation': 599}","{'id': 26468, 'rank': 9, 'fitness': 0.3928253269601941, 'generation': 599}","{'id': 26490, 'rank': 10, 'fitness': 0.37287195376551685, 'generation': 599}","{'id': 26488, 'rank': 11, 'fitness': 0.3507031470122175, 'generation': 599}","{'id': 26477, 'rank': 12, 'fitness': 0.21599170565975645, 'generation': 599}","{'id': 26486, 'rank': 13, 'fitness': 0.19088723095464627, 'generation': 599}","{'id': 26466, 'rank': 14, 'fitness': 0.12741707010602799, 'generation': 599}","{'id': 26480, 'rank': 15, 'fitness': 0.12427592023278294, 'generation': 599}","{'id': 26492, 'rank': 16, 'fitness': 0.10650529622166943, 'generation': 599}","{'id': 26469, 'rank': 17, 'fitness': 0.08629883482384898, 'generation': 599}","{'id': 26449, 'rank': 18, 'fitness': 0.06798438620661285, 'generation': 599}","{'id': 26446, 'rank': 19, 'fitness': 0.06515433996605752, 'generation': 599}","{'id': 26493, 'rank': 20, 'fitness': 0.05710663974805852, 'generation': 599}","{'id': 26479, 'rank': 21, 'fitness': 0.05652092387291746, 'generation': 599}","{'id': 26462, 'rank': 22, 'fitness': 0.056442565958448876, 'generation': 599}","{'id': 26463, 'rank': 23, 'fitness': 0.05584033493298479, 'generation': 599}","{'id': 26455, 'rank': 24, 'fitness': 0.05536317586962225, 'generation': 599}","{'id': 26464, 'rank': 25, 'fitness': 0.045405582507340836, 'generation': 599}","{'id': 26496, 'rank': 26, 'fitness': 0.03658460512626738, 'generation': 599}","{'id': 26472, 'rank': 27, 'fitness': 0.03657685860755072, 'generation': 599}","{'id': 26487, 'rank': 28, 'fitness': 0.020893051845298438, 'generation': 599}","{'id': 26495, 'rank': 29, 'fitness': 0.018934759356894204, 'generation': 599}","{'id': 26473, 'rank': 30, 'fitness': 0.01798620996209155, 'generation': 599}"
"{'id': 26533, 'rank': 1, 'fitness': 0.9820137900379085, 'generation': 600}","{'id': 26521, 'rank': 2, 'fitness': 0.9798287609519307, 'generation': 600}","{'id': 26529, 'rank': 3, 'fitness': 0.9143633475393393, 'generation': 600}","{'id': 26534, 'rank': 4, 'fitness': 0.9128344766119344, 'generation': 600}","{'id': 26519, 'rank': 5, 'fitness': 0.8942397360017236, 'generation': 600}","{'id': 26511, 'rank': 6, 'fitness': 0.893834828390201, 'generation': 600}","{'id': 26505, 'rank': 7, 'fitness': 0.8328636676505956, 'generation': 600}","{'id': 26513, 'rank': 8, 'fitness': 0.7730414516851639, 'generation': 600}","{'id': 26525, 'rank': 9, 'fitness': 0.7627356941685635, 'generation': 600}","{'id': 26522, 'rank': 10, 'fitness': 0.6724798567760526, 'generation': 600}","{'id': 26524, 'rank': 11, 'fitness': 0.6022517667912449, 'generation': 600}","{'id': 26512, 'rank': 12, 'fitness': 0.44817628306020957, 'generation': 600}","{'id': 26500, 'rank': 13, 'fitness': 0.4300893077414935, 'generation': 600}","{'id': 26510, 'rank': 14, 'fitness': 0.4007841024072809, 'generation': 600}","{'id': 26507, 'rank': 15, 'fitness': 0.3845194202517279, 'generation': 600}","{'id': 26517, 'rank': 16, 'fitness': 0.37074254448631805, 'generation': 600}","{'id': 26532, 'rank': 17, 'fitness': 0.26435730503876037, 'generation': 600}","{'id': 26515, 'rank': 18, 'fitness': 0.15870282472248098, 'generation': 600}","{'id': 26497, 'rank': 19, 'fitness': 0.13123417898614032, 'generation': 600}","{'id': 26527, 'rank': 20, 'fitness': 0.13018024065086764, 'generation': 600}","{'id': 26520, 'rank': 21, 'fitness': 0.11592679390235106, 'generation': 600}","{'id': 26499, 'rank': 22, 'fitness': 0.08303377775939669, 'generation': 600}","{'id': 26518, 'rank': 23, 'fitness': 0.07986458668027407, 'generation': 600}","{'id': 26535, 'rank': 24, 'fitness': 0.07150203705656322, 'generation': 600}","{'id': 26509, 'rank': 25, 'fitness': 0.059869819159615534, 'generation': 600}","{'id': 26531, 'rank': 26, 'fitness': 0.0457568543060109, 'generation': 600}","{'id': 26503, 'rank': 27, 'fitness': 0.03435283543329448, 'generation': 600}","{'id': 26528, 'rank': 28, 'fitness': 0.02917654842531542, 'generation': 600}","{'id': 26523, 'rank': 29, 'fitness': 0.02706566945551936, 'generation': 600}","{'id': 26508, 'rank': 30, 'fitness': 0.01798620996209155, 'generation': 600}"
"{'id': 26581, 'rank': 1, 'fitness': 0.9820137900379085, 'generation': 601}","{'id': 26564, 'rank': 2, 'fitness': 0.8839188980535293, 'generation': 601}","{'id': 26582, 'rank': 3, 'fitness': 0.8665428005419551, 'generation': 601}","{'id': 26587, 'rank': 4, 'fitness': 0.8442380018577013, 'generation': 601}","{'id': 26574, 'rank': 5, 'fitness': 0.7340396501195328, 'generation': 601}","{'id': 26584, 'rank': 6, 'fitness': 0.6219446277476315, 'generation': 601}","{'id': 26573, 'rank': 7, 'fitness': 0.5699686562262205, 'generation': 601}","{'id': 26580, 'rank': 8, 'fitness': 0.5296493556256407, 'generation': 601}","{'id': 26559, 'rank': 9, 'fitness': 0.5103048390444688, 'generation': 601}","{'id': 26537, 'rank': 10, 'fitness': 0.49492037138363015, 'generation': 601}","{'id': 26565, 'rank': 11, 'fitness': 0.29531861814622307, 'generation': 601}","{'id': 26555, 'rank': 12, 'fitness': 0.2587642130361474, 'generation': 601}","{'id': 26571, 'rank': 13, 'fitness': 0.22470427936916426, 'generation': 601}","{'id': 26567, 'rank': 14, 'fitness': 0.16418812798868682, 'generation': 601}","{'id': 26539, 'rank': 15, 'fitness': 0.1528640859908133, 'generation': 601}","{'id': 26566, 'rank': 16, 'fitness': 0.13594220789224865, 'generation': 601}","{'id': 26570, 'rank': 17, 'fitness': 0.1303209323454375, 'generation': 601}","{'id': 26542, 'rank': 18, 'fitness': 0.1259640886115122, 'generation': 601}","{'id': 26576, 'rank': 19, 'fitness': 0.10319248816204551, 'generation': 601}","{'id': 26549, 'rank': 20, 'fitness': 0.10064271828173454, 'generation': 601}","{'id': 26575, 'rank': 21, 'fitness': 0.06768476989232719, 'generation': 601}","{'id': 26586, 'rank': 22, 'fitness': 0.053909883580380236, 'generation': 601}","{'id': 26568, 'rank': 23, 'fitness': 0.05058616540696709, 'generation': 601}","{'id': 26585, 'rank': 24, 'fitness': 0.04988950151414617, 'generation': 601}","{'id': 26562, 'rank': 25, 'fitness': 0.040433877521620754, 'generation': 601}","{'id': 26578, 'rank': 26, 'fitness': 0.04001195308339539, 'generation': 601}","{'id': 26579, 'rank': 27, 'fitness': 0.03707952777133933, 'generation': 601}","{'id': 26577, 'rank': 28, 'fitness': 0.026919587512468923, 'generation': 601}","{'id': 26572, 'rank': 29, 'fitness': 0.023645527709172776, 'generation': 601}","{'id': 26556, 'rank': 30, 'fitness': 0.01798620996209155, 'generation': 601}"
"{'id': 26630, 'rank': 1, 'fitness': 0.9820137900379085, 'generation': 602}","{'id': 26636, 'rank': 2, 'fitness': 0.8518391624502032, 'generation': 602}","{'id': 26632, 'rank': 3, 'fitness': 0.7780065216714454, 'generation': 602}","{'id': 26628, 'rank': 4, 'fitness': 0.6105693479780605, 'generation': 602}","{'id': 26634, 'rank': 5, 'fitness': 0.458082030637435, 'generation': 602}","{'id': 26639, 'rank': 6, 'fitness': 0.3157225901185904, 'generation': 602}","{'id': 26619, 'rank': 7, 'fitness': 0.2806025897429426, 'generation': 602}","{'id': 26615, 'rank': 8, 'fitness': 0.2607948440318416, 'generation': 602}","{'id': 26595, 'rank': 9, 'fitness': 0.2228849302495049, 'generation': 602}","{'id': 26626, 'rank': 10, 'fitness': 0.1712318664999165, 'generation': 602}","{'id': 26598, 'rank': 11, 'fitness': 0.162772799806368, 'generation': 602}","{'id': 26629, 'rank': 12, 'fitness': 0.16054538971930882, 'generation': 602}","{'id': 26614, 'rank': 13, 'fitness': 0.12075322417739537, 'generation': 602}","{'id': 26631, 'rank': 14, 'fitness': 0.11623649555278226, 'generation': 602}","{'id': 26592, 'rank': 15, 'fitness': 0.10064983149907536, 'generation': 602}","{'id': 26617, 'rank': 16, 'fitness': 0.0828919483475572, 'generation': 602}","{'id': 26588, 'rank': 17, 'fitness': 0.07946963866509826, 'generation': 602}","{'id': 26605, 'rank': 18, 'fitness': 0.07683035050565368, 'generation': 602}","{'id': 26618, 'rank': 19, 'fitness': 0.06844452204669194, 'generation': 602}","{'id': 26613, 'rank': 20, 'fitness': 0.062414950915386125, 'generation': 602}","{'id': 26627, 'rank': 21, 'fitness': 0.0598503567315416, 'generation': 602}","{'id': 26596, 'rank': 22, 'fitness': 0.0505413744938597, 'generation': 602}","{'id': 26616, 'rank': 23, 'fitness': 0.046387338489388086, 'generation': 602}","{'id': 26606, 'rank': 24, 'fitness': 0.033892883953700104, 'generation': 602}","{'id': 26603, 'rank': 25, 'fitness': 0.032293589348647456, 'generation': 602}","{'id': 26620, 'rank': 26, 'fitness': 0.025179598399090286, 'generation': 602}","{'id': 26625, 'rank': 27, 'fitness': 0.02465637168876189, 'generation': 602}","{'id': 26608, 'rank': 28, 'fitness': 0.02369022227545825, 'generation': 602}","{'id': 26612, 'rank': 29, 'fitness': 0.020458964812506086, 'generation': 602}","{'id': 26623, 'rank': 30, 'fitness': 0.01798620996209155, 'generation': 602}"
"{'id': 26671, 'rank': 1, 'fitness': 0.9820137900379085, 'generation': 603}","{'id': 26643, 'rank': 2, 'fitness': 0.9142587934079233, 'generation': 603}","{'id': 26662, 'rank': 3, 'fitness': 0.8825221565865455, 'generation': 603}","{'id': 26669, 'rank': 4, 'fitness': 0.8405805564979695, 'generation': 603}","{'id': 26661, 'rank': 5, 'fitness': 0.7867712480412092, 'generation': 603}","{'id': 26675, 'rank': 6, 'fitness': 0.7527886325645035, 'generation': 603}","{'id': 26680, 'rank': 7, 'fitness': 0.6778540436867224, 'generation': 603}","{'id': 26663, 'rank': 8, 'fitness': 0.5729053686117123, 'generation': 603}","{'id': 26677, 'rank': 9, 'fitness': 0.5700786957103975, 'generation': 603}","{'id': 26672, 'rank': 10, 'fitness': 0.3203982440428369, 'generation': 603}","{'id': 26673, 'rank': 11, 'fitness': 0.29987912581134557, 'generation': 603}","{'id': 26674, 'rank': 12, 'fitness': 0.1963576922750842, 'generation': 603}","{'id': 26668, 'rank': 13, 'fitness': 0.18458414567391723, 'generation': 603}","{'id': 26654, 'rank': 14, 'fitness': 0.17024674218487518, 'generation': 603}","{'id': 26658, 'rank': 15, 'fitness': 0.15450723615067785, 'generation': 603}","{'id': 26655, 'rank': 16, 'fitness': 0.144983329187846, 'generation': 603}","{'id': 26666, 'rank': 17, 'fitness': 0.14321805642491292, 'generation': 603}","{'id': 26676, 'rank': 18, 'fitness': 0.13433501047622798, 'generation': 603}","{'id': 26667, 'rank': 19, 'fitness': 0.1308839196814635, 'generation': 603}","{'id': 26679, 'rank': 20, 'fitness': 0.12667724626192495, 'generation': 603}","{'id': 26652, 'rank': 21, 'fitness': 0.12580019567430284, 'generation': 603}","{'id': 26648, 'rank': 22, 'fitness': 0.11676713751770307, 'generation': 603}","{'id': 26651, 'rank': 23, 'fitness': 0.11284366459726358, 'generation': 603}","{'id': 26659, 'rank': 24, 'fitness': 0.10324561917406516, 'generation': 603}","{'id': 26646, 'rank': 25, 'fitness': 0.09729360693412137, 'generation': 603}","{'id': 26641, 'rank': 26, 'fitness': 0.08523322209965117, 'generation': 603}","{'id': 26660, 'rank': 27, 'fitness': 0.07242147748236172, 'generation': 603}","{'id': 26642, 'rank': 28, 'fitness': 0.02255716838817612, 'generation': 603}","{'id': 26670, 'rank': 29, 'fitness': 0.021074592559404415, 'generation': 603}","{'id': 26665, 'rank': 30, 'fitness': 0.01798620996209155, 'generation': 603}"
"{'id': 26691, 'rank': 1, 'fitness': 0.9820137900379085, 'generation': 604}","{'id': 26705, 'rank': 2, 'fitness': 0.9587042688717133, 'generation': 604}","{'id': 26720, 'rank': 3, 'fitness': 0.9199154413425871, 'generation': 604}","{'id': 26701, 'rank': 4, 'fitness': 0.8819174379162797, 'generation': 604}","{'id': 26700, 'rank': 5, 'fitness': 0.8501566839038586, 'generation': 604}","{'id': 26722, 'rank': 6, 'fitness': 0.7845616366481827, 'generation': 604}","{'id': 26717, 'rank': 7, 'fitness': 0.5431001456155491, 'generation': 604}","{'id': 26704, 'rank': 8, 'fitness': 0.4148316186703317, 'generation': 604}","{'id': 26708, 'rank': 9, 'fitness': 0.3019639513341259, 'generation': 604}","{'id': 26698, 'rank': 10, 'fitness': 0.2743467910294146, 'generation': 604}","{'id': 26692, 'rank': 11, 'fitness': 0.23284044048463526, 'generation': 604}","{'id': 26707, 'rank': 12, 'fitness': 0.22265067055797017, 'generation': 604}","{'id': 26687, 'rank': 13, 'fitness': 0.17652831200257302, 'generation': 604}","{'id': 26706, 'rank': 14, 'fitness': 0.17444770806029175, 'generation': 604}","{'id': 26711, 'rank': 15, 'fitness': 0.1708237865319876, 'generation': 604}","{'id': 26703, 'rank': 16, 'fitness': 0.1409018105287767, 'generation': 604}","{'id': 26716, 'rank': 17, 'fitness': 0.1255015297792581, 'generation': 604}","{'id': 26699, 'rank': 18, 'fitness': 0.09584941944054148, 'generation': 604}","{'id': 26712, 'rank': 19, 'fitness': 0.07577722080469795, 'generation': 604}","{'id': 26721, 'rank': 20, 'fitness': 0.06649056378425233, 'generation': 604}","{'id': 26696, 'rank': 21, 'fitness': 0.06500775324748942, 'generation': 604}","{'id': 26694, 'rank': 22, 'fitness': 0.06079270325906888, 'generation': 604}","{'id': 26690, 'rank': 23, 'fitness': 0.04328655832696615, 'generation': 604}","{'id': 26714, 'rank': 24, 'fitness': 0.041247169987866705, 'generation': 604}","{'id': 26695, 'rank': 25, 'fitness': 0.028411417215937484, 'generation': 604}","{'id': 26723, 'rank': 26, 'fitness': 0.027646428177226845, 'generation': 604}","{'id': 26684, 'rank': 27, 'fitness': 0.023801988338390145, 'generation': 604}","{'id': 26693, 'rank': 28, 'fitness': 0.021855233008882424, 'generation': 604}","{'id': 26724, 'rank': 29, 'fitness': 0.019943196953792153, 'generation': 604}","{'id': 26710, 'rank': 30, 'fitness': 0.01798620996209155, 'generation': 604}"
"{'id': 26770, 'rank': 1, 'fitness': 0.9820137900379085, 'generation': 605}","{'id': 26755, 'rank': 2, 'fitness': 0.9820061185627552, 'generation': 605}","{'id': 26745, 'rank': 3, 'fitness': 0.7095642656500245, 'generation': 605}","{'id': 26734, 'rank': 4, 'fitness': 0.5789259602692959, 'generation': 605}","{'id': 26753, 'rank': 5, 'fitness': 0.46429553619992475, 'generation': 605}","{'id': 26757, 'rank': 6, 'fitness': 0.24059810366286044, 'generation': 605}","{'id': 26759, 'rank': 7, 'fitness': 0.23566285753104016, 'generation': 605}","{'id': 26768, 'rank': 8, 'fitness': 0.2274415448740459, 'generation': 605}","{'id': 26764, 'rank': 9, 'fitness': 0.2043460422877184, 'generation': 605}","{'id': 26738, 'rank': 10, 'fitness': 0.1662581448917843, 'generation': 605}","{'id': 26749, 'rank': 11, 'fitness': 0.16366875304493683, 'generation': 605}","{'id': 26766, 'rank': 12, 'fitness': 0.161703604209411, 'generation': 605}","{'id': 26762, 'rank': 13, 'fitness': 0.16141518765925045, 'generation': 605}","{'id': 26767, 'rank': 14, 'fitness': 0.14318139585802342, 'generation': 605}","{'id': 26750, 'rank': 15, 'fitness': 0.13179254127459122, 'generation': 605}","{'id': 26739, 'rank': 16, 'fitness': 0.09270496786701282, 'generation': 605}","{'id': 26726, 'rank': 17, 'fitness': 0.08785358300153928, 'generation': 605}","{'id': 26772, 'rank': 18, 'fitness': 0.08536972100578333, 'generation': 605}","{'id': 26748, 'rank': 19, 'fitness': 0.0708688706535402, 'generation': 605}","{'id': 26765, 'rank': 20, 'fitness': 0.05424877703021025, 'generation': 605}","{'id': 26769, 'rank': 21, 'fitness': 0.05257899548524969, 'generation': 605}","{'id': 26736, 'rank': 22, 'fitness': 0.04601823383116038, 'generation': 605}","{'id': 26760, 'rank': 23, 'fitness': 0.04213751089605988, 'generation': 605}","{'id': 26752, 'rank': 24, 'fitness': 0.03688964983098908, 'generation': 605}","{'id': 26771, 'rank': 25, 'fitness': 0.03488237728470145, 'generation': 605}","{'id': 26729, 'rank': 26, 'fitness': 0.031107005634468055, 'generation': 605}","{'id': 26732, 'rank': 27, 'fitness': 0.02369588762049407, 'generation': 605}","{'id': 26741, 'rank': 28, 'fitness': 0.023490061047988342, 'generation': 605}","{'id': 26730, 'rank': 29, 'fitness': 0.018112078329768855, 'generation': 605}","{'id': 26747, 'rank': 30, 'fitness': 0.01798620996209155, 'generation': 605}"
"{'id': 26795, 'rank': 1, 'fitness': 0.9820137900379085, 'generation': 606}","{'id': 26790, 'rank': 2, 'fitness': 0.9784141761504599, 'generation': 606}","{'id': 26798, 'rank': 3, 'fitness': 0.8848778414463816, 'generation': 606}","{'id': 26802, 'rank': 4, 'fitness': 0.8516900598433282, 'generation': 606}","{'id': 26800, 'rank': 5, 'fitness': 0.8259333018724869, 'generation': 606}","{'id': 26807, 'rank': 6, 'fitness': 0.7762126442899301, 'generation': 606}","{'id': 26799, 'rank': 7, 'fitness': 0.6983185031891155, 'generation': 606}","{'id': 26809, 'rank': 8, 'fitness': 0.5487702152723662, 'generation': 606}","{'id': 26806, 'rank': 9, 'fitness': 0.4550613802234091, 'generation': 606}","{'id': 26780, 'rank': 10, 'fitness': 0.4504988857479489, 'generation': 606}","{'id': 26801, 'rank': 11, 'fitness': 0.3248916239301682, 'generation': 606}","{'id': 26779, 'rank': 12, 'fitness': 0.2861477653395813, 'generation': 606}","{'id': 26789, 'rank': 13, 'fitness': 0.23330110893337963, 'generation': 606}","{'id': 26784, 'rank': 14, 'fitness': 0.19084478390770143, 'generation': 606}","{'id': 26774, 'rank': 15, 'fitness': 0.1860570941482701, 'generation': 606}","{'id': 26792, 'rank': 16, 'fitness': 0.10665577282208238, 'generation': 606}","{'id': 26796, 'rank': 17, 'fitness': 0.07857129167668375, 'generation': 606}","{'id': 26778, 'rank': 18, 'fitness': 0.04702428601908332, 'generation': 606}","{'id': 26805, 'rank': 19, 'fitness': 0.04557216199879327, 'generation': 606}","{'id': 26794, 'rank': 20, 'fitness': 0.045366488675658234, 'generation': 606}","{'id': 26810, 'rank': 21, 'fitness': 0.04116064772075412, 'generation': 606}","{'id': 26773, 'rank': 22, 'fitness': 0.038962887602223384, 'generation': 606}","{'id': 26782, 'rank': 23, 'fitness': 0.03650981827070615, 'generation': 606}","{'id': 26791, 'rank': 24, 'fitness': 0.03206949239409246, 'generation': 606}","{'id': 26787, 'rank': 25, 'fitness': 0.03204514801176661, 'generation': 606}","{'id': 26783, 'rank': 26, 'fitness': 0.027830617201988372, 'generation': 606}","{'id': 26775, 'rank': 27, 'fitness': 0.0245481615360556, 'generation': 606}","{'id': 26788, 'rank': 28, 'fitness': 0.02290946939130767, 'generation': 606}","{'id': 26777, 'rank': 29, 'fitness': 0.01897104303535757, 'generation': 606}","{'id': 26797, 'rank': 30, 'fitness': 0.01798620996209155, 'generation': 606}"
"{'id': 26856, 'rank': 1, 'fitness': 0.9820137900379085, 'generation': 607}","{'id': 26854, 'rank': 2, 'fitness': 0.9439289337318769, 'generation': 607}","{'id': 26833, 'rank': 3, 'fitness': 0.9181998715733506, 'generation': 607}","{'id': 26821, 'rank': 4, 'fitness': 0.852146396570244, 'generation': 607}","{'id': 26843, 'rank': 5, 'fitness': 0.6002748535699369, 'generation': 607}","{'id': 26855, 'rank': 6, 'fitness': 0.48464939335170226, 'generation': 607}","{'id': 26841, 'rank': 7, 'fitness': 0.4843413420175739, 'generation': 607}","{'id': 26834, 'rank': 8, 'fitness': 0.34255927114997137, 'generation': 607}","{'id': 26848, 'rank': 9, 'fitness': 0.31916168340148826, 'generation': 607}","{'id': 26811, 'rank': 10, 'fitness': 0.27349725896753274, 'generation': 607}","{'id': 26853, 'rank': 11, 'fitness': 0.2610530149766105, 'generation': 607}","{'id': 26851, 'rank': 12, 'fitness': 0.23473181357949569, 'generation': 607}","{'id': 26819, 'rank': 13, 'fitness': 0.18284159203205813, 'generation': 607}","{'id': 26812, 'rank': 14, 'fitness': 0.13002386556391637, 'generation': 607}","{'id': 26844, 'rank': 15, 'fitness': 0.09991825535956261, 'generation': 607}","{'id': 26842, 'rank': 16, 'fitness': 0.09984235325429752, 'generation': 607}","{'id': 26830, 'rank': 17, 'fitness': 0.08121392175157754, 'generation': 607}","{'id': 26832, 'rank': 18, 'fitness': 0.0745141491632994, 'generation': 607}","{'id': 26852, 'rank': 19, 'fitness': 0.07085218472940746, 'generation': 607}","{'id': 26822, 'rank': 20, 'fitness': 0.0697351758854976, 'generation': 607}","{'id': 26838, 'rank': 21, 'fitness': 0.06444450931268136, 'generation': 607}","{'id': 26847, 'rank': 22, 'fitness': 0.04219259436584566, 'generation': 607}","{'id': 26829, 'rank': 23, 'fitness': 0.0376180169991413, 'generation': 607}","{'id': 26836, 'rank': 24, 'fitness': 0.029093795836640624, 'generation': 607}","{'id': 26824, 'rank': 25, 'fitness': 0.02848708689719337, 'generation': 607}","{'id': 26816, 'rank': 26, 'fitness': 0.027060592725622168, 'generation': 607}","{'id': 26837, 'rank': 27, 'fitness': 0.022078272234298535, 'generation': 607}","{'id': 26849, 'rank': 28, 'fitness': 0.021224137628260975, 'generation': 607}","{'id': 26814, 'rank': 29, 'fitness': 0.018789401234840297, 'generation': 607}","{'id': 26827, 'rank': 30, 'fitness': 0.01798620996209155, 'generation': 607}"
"{'id': 26886, 'rank': 1, 'fitness': 0.9820137900379085, 'generation': 608}","{'id': 26880, 'rank': 2, 'fitness': 0.9641330789236919, 'generation': 608}","{'id': 26881, 'rank': 3, 'fitness': 0.8979266718477045, 'generation': 608}","{'id': 26883, 'rank': 4, 'fitness': 0.848273819725703, 'generation': 608}","{'id': 26897, 'rank': 5, 'fitness': 0.7743216303828896, 'generation': 608}","{'id': 26868, 'rank': 6, 'fitness': 0.7045445197751813, 'generation': 608}","{'id': 26889, 'rank': 7, 'fitness': 0.5411442239394788, 'generation': 608}","{'id': 26890, 'rank': 8, 'fitness': 0.5389217288136747, 'generation': 608}","{'id': 26891, 'rank': 9, 'fitness': 0.4992090582034174, 'generation': 608}","{'id': 26894, 'rank': 10, 'fitness': 0.35434020872172634, 'generation': 608}","{'id': 26896, 'rank': 11, 'fitness': 0.29827438549911633, 'generation': 608}","{'id': 26869, 'rank': 12, 'fitness': 0.2696841728310777, 'generation': 608}","{'id': 26892, 'rank': 13, 'fitness': 0.17584367074500434, 'generation': 608}","{'id': 26857, 'rank': 14, 'fitness': 0.1614069412647074, 'generation': 608}","{'id': 26862, 'rank': 15, 'fitness': 0.11611158818763856, 'generation': 608}","{'id': 26895, 'rank': 16, 'fitness': 0.10881319961797642, 'generation': 608}","{'id': 26888, 'rank': 17, 'fitness': 0.08209565339737168, 'generation': 608}","{'id': 26875, 'rank': 18, 'fitness': 0.07440932065957168, 'generation': 608}","{'id': 26885, 'rank': 19, 'fitness': 0.06356980246886756, 'generation': 608}","{'id': 26878, 'rank': 20, 'fitness': 0.05923865019695368, 'generation': 608}","{'id': 26876, 'rank': 21, 'fitness': 0.05874362893602425, 'generation': 608}","{'id': 26870, 'rank': 22, 'fitness': 0.04566857447605671, 'generation': 608}","{'id': 26884, 'rank': 23, 'fitness': 0.04189413339858744, 'generation': 608}","{'id': 26887, 'rank': 24, 'fitness': 0.0357369207051868, 'generation': 608}","{'id': 26898, 'rank': 25, 'fitness': 0.031065385491674258, 'generation': 608}","{'id': 26872, 'rank': 26, 'fitness': 0.026876474085230195, 'generation': 608}","{'id': 26893, 'rank': 27, 'fitness': 0.02444381189458006, 'generation': 608}","{'id': 26879, 'rank': 28, 'fitness': 0.01936653111259956, 'generation': 608}","{'id': 26874, 'rank': 29, 'fitness': 0.018473330212459615, 'generation': 608}","{'id': 26858, 'rank': 30, 'fitness': 0.01798620996209155, 'generation': 608}"
"{'id': 26943, 'rank': 1, 'fitness': 0.9820137900379085, 'generation': 609}","{'id': 26934, 'rank': 2, 'fitness': 0.8286692753396531, 'generation': 609}","{'id': 26936, 'rank': 3, 'fitness': 0.8159882716599833, 'generation': 609}","{'id': 26944, 'rank': 4, 'fitness': 0.6779051113148935, 'generation': 609}","{'id': 26937, 'rank': 5, 'fitness': 0.6375891124704678, 'generation': 609}","{'id': 26942, 'rank': 6, 'fitness': 0.5890559362592517, 'generation': 609}","{'id': 26939, 'rank': 7, 'fitness': 0.5184993929892757, 'generation': 609}","{'id': 26908, 'rank': 8, 'fitness': 0.4103395051205192, 'generation': 609}","{'id': 26919, 'rank': 9, 'fitness': 0.2362293556229086, 'generation': 609}","{'id': 26930, 'rank': 10, 'fitness': 0.20641399229966445, 'generation': 609}","{'id': 26931, 'rank': 11, 'fitness': 0.18183628536545748, 'generation': 609}","{'id': 26911, 'rank': 12, 'fitness': 0.17115871762767848, 'generation': 609}","{'id': 26929, 'rank': 13, 'fitness': 0.11259333468733351, 'generation': 609}","{'id': 26933, 'rank': 14, 'fitness': 0.10529155556663783, 'generation': 609}","{'id': 26917, 'rank': 15, 'fitness': 0.10264221538063634, 'generation': 609}","{'id': 26941, 'rank': 16, 'fitness': 0.09913379804343325, 'generation': 609}","{'id': 26938, 'rank': 17, 'fitness': 0.08077042573204896, 'generation': 609}","{'id': 26918, 'rank': 18, 'fitness': 0.0766420719691977, 'generation': 609}","{'id': 26928, 'rank': 19, 'fitness': 0.07133230964909004, 'generation': 609}","{'id': 26925, 'rank': 20, 'fitness': 0.06381644374848389, 'generation': 609}","{'id': 26921, 'rank': 21, 'fitness': 0.052242025606164144, 'generation': 609}","{'id': 26922, 'rank': 22, 'fitness': 0.04479801649050541, 'generation': 609}","{'id': 26923, 'rank': 23, 'fitness': 0.036137926474466064, 'generation': 609}","{'id': 26935, 'rank': 24, 'fitness': 0.03391069467819963, 'generation': 609}","{'id': 26940, 'rank': 25, 'fitness': 0.033139736252203345, 'generation': 609}","{'id': 26920, 'rank': 26, 'fitness': 0.03164750485260459, 'generation': 609}","{'id': 26932, 'rank': 27, 'fitness': 0.03030027314567929, 'generation': 609}","{'id': 26913, 'rank': 28, 'fitness': 0.02763838832578397, 'generation': 609}","{'id': 26907, 'rank': 29, 'fitness': 0.01856931925481692, 'generation': 609}","{'id': 26914, 'rank': 30, 'fitness': 0.01798620996209155, 'generation': 609}"
"{'id': 26982, 'rank': 1, 'fitness': 0.9820137900379085, 'generation': 610}","{'id': 26973, 'rank': 2, 'fitness': 0.9765823511252336, 'generation': 610}","{'id': 26961, 'rank': 3, 'fitness': 0.9147721957270335, 'generation': 610}","{'id': 26962, 'rank': 4, 'fitness': 0.91137818794388, 'generation': 610}","{'id': 26983, 'rank': 5, 'fitness': 0.862753760832417, 'generation': 610}","{'id': 26984, 'rank': 6, 'fitness': 0.8045702156397907, 'generation': 610}","{'id': 26972, 'rank': 7, 'fitness': 0.7977191953643805, 'generation': 610}","{'id': 26951, 'rank': 8, 'fitness': 0.7968368464385267, 'generation': 610}","{'id': 26981, 'rank': 9, 'fitness': 0.7899176167917805, 'generation': 610}","{'id': 26966, 'rank': 10, 'fitness': 0.7656403492630912, 'generation': 610}","{'id': 26954, 'rank': 11, 'fitness': 0.7172624002289034, 'generation': 610}","{'id': 26959, 'rank': 12, 'fitness': 0.6400332766601977, 'generation': 610}","{'id': 26977, 'rank': 13, 'fitness': 0.5654165653129944, 'generation': 610}","{'id': 26963, 'rank': 14, 'fitness': 0.4309147132537001, 'generation': 610}","{'id': 26976, 'rank': 15, 'fitness': 0.3995174176080697, 'generation': 610}","{'id': 26968, 'rank': 16, 'fitness': 0.3877225792774105, 'generation': 610}","{'id': 26956, 'rank': 17, 'fitness': 0.37392520228909143, 'generation': 610}","{'id': 26971, 'rank': 18, 'fitness': 0.34657359129866694, 'generation': 610}","{'id': 26952, 'rank': 19, 'fitness': 0.28835077369383655, 'generation': 610}","{'id': 26965, 'rank': 20, 'fitness': 0.07236461395440447, 'generation': 610}","{'id': 26957, 'rank': 21, 'fitness': 0.06844355109959055, 'generation': 610}","{'id': 26960, 'rank': 22, 'fitness': 0.0539998599388235, 'generation': 610}","{'id': 26974, 'rank': 23, 'fitness': 0.04645356845724474, 'generation': 610}","{'id': 26948, 'rank': 24, 'fitness': 0.043849500459420654, 'generation': 610}","{'id': 26955, 'rank': 25, 'fitness': 0.03580720120796771, 'generation': 610}","{'id': 26978, 'rank': 26, 'fitness': 0.033569986404489716, 'generation': 610}","{'id': 26953, 'rank': 27, 'fitness': 0.02702519952611704, 'generation': 610}","{'id': 26949, 'rank': 28, 'fitness': 0.019019027101409514, 'generation': 610}","{'id': 26958, 'rank': 29, 'fitness': 0.018847117759959675, 'generation': 610}","{'id': 26967, 'rank': 30, 'fitness': 0.01798620996209155, 'generation': 610}"
"{'id': 27009, 'rank': 1, 'fitness': 0.9820137900379085, 'generation': 611}","{'id': 27014, 'rank': 2, 'fitness': 0.8879669361050173, 'generation': 611}","{'id': 27019, 'rank': 3, 'fitness': 0.8167592471691789, 'generation': 611}","{'id': 27024, 'rank': 4, 'fitness': 0.48908743590412035, 'generation': 611}","{'id': 27013, 'rank': 5, 'fitness': 0.41471512549711154, 'generation': 611}","{'id': 27020, 'rank': 6, 'fitness': 0.370984794486696, 'generation': 611}","{'id': 27018, 'rank': 7, 'fitness': 0.18316902022669224, 'generation': 611}","{'id': 27003, 'rank': 8, 'fitness': 0.17880577838581435, 'generation': 611}","{'id': 27035, 'rank': 9, 'fitness': 0.1603103867346557, 'generation': 611}","{'id': 27023, 'rank': 10, 'fitness': 0.1474260515345036, 'generation': 611}","{'id': 27017, 'rank': 11, 'fitness': 0.1263799631777281, 'generation': 611}","{'id': 27005, 'rank': 12, 'fitness': 0.11959268634139075, 'generation': 611}","{'id': 27032, 'rank': 13, 'fitness': 0.11076890986574028, 'generation': 611}","{'id': 27025, 'rank': 14, 'fitness': 0.09144596365903684, 'generation': 611}","{'id': 27011, 'rank': 15, 'fitness': 0.09063474871734134, 'generation': 611}","{'id': 27001, 'rank': 16, 'fitness': 0.08501730253658102, 'generation': 611}","{'id': 27031, 'rank': 17, 'fitness': 0.06898489638985039, 'generation': 611}","{'id': 26999, 'rank': 18, 'fitness': 0.049108461275486126, 'generation': 611}","{'id': 26993, 'rank': 19, 'fitness': 0.04792615292990543, 'generation': 611}","{'id': 27015, 'rank': 20, 'fitness': 0.03792378124233753, 'generation': 611}","{'id': 27016, 'rank': 21, 'fitness': 0.03787479131912008, 'generation': 611}","{'id': 27000, 'rank': 22, 'fitness': 0.03244417730937932, 'generation': 611}","{'id': 27021, 'rank': 23, 'fitness': 0.031751034146034085, 'generation': 611}","{'id': 26989, 'rank': 24, 'fitness': 0.03123033825056365, 'generation': 611}","{'id': 26990, 'rank': 25, 'fitness': 0.029760207245143833, 'generation': 611}","{'id': 26985, 'rank': 26, 'fitness': 0.022675274492222675, 'generation': 611}","{'id': 27033, 'rank': 27, 'fitness': 0.02165785843669349, 'generation': 611}","{'id': 27022, 'rank': 28, 'fitness': 0.02094100171052804, 'generation': 611}","{'id': 27034, 'rank': 29, 'fitness': 0.020208736861048182, 'generation': 611}","{'id': 26997, 'rank': 30, 'fitness': 0.01798620996209155, 'generation': 611}"
"{'id': 27065, 'rank': 1, 'fitness': 0.9820137900379085, 'generation': 612}","{'id': 27064, 'rank': 2, 'fitness': 0.9292299648466666, 'generation': 612}","{'id': 27073, 'rank': 3, 'fitness': 0.909358044578324, 'generation': 612}","{'id': 27071, 'rank': 4, 'fitness': 0.8814105795408929, 'generation': 612}","{'id': 27054, 'rank': 5, 'fitness': 0.8157370404491602, 'generation': 612}","{'id': 27069, 'rank': 6, 'fitness': 0.8017961550294466, 'generation': 612}","{'id': 27072, 'rank': 7, 'fitness': 0.7310563503665387, 'generation': 612}","{'id': 27052, 'rank': 8, 'fitness': 0.6230217011286148, 'generation': 612}","{'id': 27074, 'rank': 9, 'fitness': 0.5791903938640474, 'generation': 612}","{'id': 27047, 'rank': 10, 'fitness': 0.5769921443720998, 'generation': 612}","{'id': 27050, 'rank': 11, 'fitness': 0.5709977486646676, 'generation': 612}","{'id': 27049, 'rank': 12, 'fitness': 0.4868388733741575, 'generation': 612}","{'id': 27060, 'rank': 13, 'fitness': 0.4385496068298349, 'generation': 612}","{'id': 27070, 'rank': 14, 'fitness': 0.3887843023412874, 'generation': 612}","{'id': 27067, 'rank': 15, 'fitness': 0.35537090475479105, 'generation': 612}","{'id': 27037, 'rank': 16, 'fitness': 0.2644820645905682, 'generation': 612}","{'id': 27062, 'rank': 17, 'fitness': 0.26401685978777956, 'generation': 612}","{'id': 27056, 'rank': 18, 'fitness': 0.19454161262855751, 'generation': 612}","{'id': 27057, 'rank': 19, 'fitness': 0.11809257925507205, 'generation': 612}","{'id': 27061, 'rank': 20, 'fitness': 0.10814747959263415, 'generation': 612}","{'id': 27075, 'rank': 21, 'fitness': 0.09577786385933978, 'generation': 612}","{'id': 27058, 'rank': 22, 'fitness': 0.09317838711979198, 'generation': 612}","{'id': 27059, 'rank': 23, 'fitness': 0.0924491968326478, 'generation': 612}","{'id': 27048, 'rank': 24, 'fitness': 0.09158254760948614, 'generation': 612}","{'id': 27055, 'rank': 25, 'fitness': 0.08882709032049774, 'generation': 612}","{'id': 27053, 'rank': 26, 'fitness': 0.06030365149451289, 'generation': 612}","{'id': 27041, 'rank': 27, 'fitness': 0.0510115319283348, 'generation': 612}","{'id': 27066, 'rank': 28, 'fitness': 0.040133720955162766, 'generation': 612}","{'id': 27044, 'rank': 29, 'fitness': 0.03597108084621248, 'generation': 612}","{'id': 27045, 'rank': 30, 'fitness': 0.01798620996209155, 'generation': 612}"
"{'id': 27125, 'rank': 1, 'fitness': 0.9820137900379085, 'generation': 613}","{'id': 27110, 'rank': 2, 'fitness': 0.9160567023322219, 'generation': 613}","{'id': 27123, 'rank': 3, 'fitness': 0.8635977325707231, 'generation': 613}","{'id': 27121, 'rank': 4, 'fitness': 0.6981843556818281, 'generation': 613}","{'id': 27116, 'rank': 5, 'fitness': 0.5948915717327979, 'generation': 613}","{'id': 27111, 'rank': 6, 'fitness': 0.3684693256835301, 'generation': 613}","{'id': 27126, 'rank': 7, 'fitness': 0.3065596668132074, 'generation': 613}","{'id': 27091, 'rank': 8, 'fitness': 0.13974530468603164, 'generation': 613}","{'id': 27085, 'rank': 9, 'fitness': 0.09206707969971695, 'generation': 613}","{'id': 27107, 'rank': 10, 'fitness': 0.08458128759336925, 'generation': 613}","{'id': 27099, 'rank': 11, 'fitness': 0.08328594087684699, 'generation': 613}","{'id': 27122, 'rank': 12, 'fitness': 0.06520605956794889, 'generation': 613}","{'id': 27082, 'rank': 13, 'fitness': 0.061712558778489635, 'generation': 613}","{'id': 27114, 'rank': 14, 'fitness': 0.05161903980585092, 'generation': 613}","{'id': 27108, 'rank': 15, 'fitness': 0.0482413224611381, 'generation': 613}","{'id': 27084, 'rank': 16, 'fitness': 0.045990032769994915, 'generation': 613}","{'id': 27100, 'rank': 17, 'fitness': 0.042228675453179876, 'generation': 613}","{'id': 27113, 'rank': 18, 'fitness': 0.04090243397357762, 'generation': 613}","{'id': 27079, 'rank': 19, 'fitness': 0.03938580946262843, 'generation': 613}","{'id': 27096, 'rank': 20, 'fitness': 0.031489905700763154, 'generation': 613}","{'id': 27080, 'rank': 21, 'fitness': 0.03130836323009495, 'generation': 613}","{'id': 27078, 'rank': 22, 'fitness': 0.02705980861771312, 'generation': 613}","{'id': 27077, 'rank': 23, 'fitness': 0.02685470122236533, 'generation': 613}","{'id': 27098, 'rank': 24, 'fitness': 0.02276611700897979, 'generation': 613}","{'id': 27093, 'rank': 25, 'fitness': 0.02223276245792699, 'generation': 613}","{'id': 27119, 'rank': 26, 'fitness': 0.021041685819281897, 'generation': 613}","{'id': 27102, 'rank': 27, 'fitness': 0.019689927501981397, 'generation': 613}","{'id': 27081, 'rank': 28, 'fitness': 0.01903737388702792, 'generation': 613}","{'id': 27097, 'rank': 29, 'fitness': 0.01826836998680481, 'generation': 613}","{'id': 27115, 'rank': 30, 'fitness': 0.01798620996209155, 'generation': 613}"
"{'id': 27144, 'rank': 1, 'fitness': 0.9820137900379085, 'generation': 614}","{'id': 27149, 'rank': 2, 'fitness': 0.9778435160962597, 'generation': 614}","{'id': 27158, 'rank': 3, 'fitness': 0.9691302592230409, 'generation': 614}","{'id': 27156, 'rank': 4, 'fitness': 0.9517979805700537, 'generation': 614}","{'id': 27134, 'rank': 5, 'fitness': 0.9399827735732283, 'generation': 614}","{'id': 27160, 'rank': 6, 'fitness': 0.925076333325877, 'generation': 614}","{'id': 27151, 'rank': 7, 'fitness': 0.8873662174565382, 'generation': 614}","{'id': 27137, 'rank': 8, 'fitness': 0.8233964392538451, 'generation': 614}","{'id': 27161, 'rank': 9, 'fitness': 0.7500642463172617, 'generation': 614}","{'id': 27131, 'rank': 10, 'fitness': 0.7475900405119141, 'generation': 614}","{'id': 27164, 'rank': 11, 'fitness': 0.6419755083193099, 'generation': 614}","{'id': 27155, 'rank': 12, 'fitness': 0.632627845073364, 'generation': 614}","{'id': 27138, 'rank': 13, 'fitness': 0.5124814965212607, 'generation': 614}","{'id': 27153, 'rank': 14, 'fitness': 0.45951595682124274, 'generation': 614}","{'id': 27141, 'rank': 15, 'fitness': 0.4590316652865855, 'generation': 614}","{'id': 27154, 'rank': 16, 'fitness': 0.4468393697433908, 'generation': 614}","{'id': 27136, 'rank': 17, 'fitness': 0.39691778624156165, 'generation': 614}","{'id': 27140, 'rank': 18, 'fitness': 0.3658577420662316, 'generation': 614}","{'id': 27157, 'rank': 19, 'fitness': 0.357850404439787, 'generation': 614}","{'id': 27165, 'rank': 20, 'fitness': 0.33442123858542394, 'generation': 614}","{'id': 27142, 'rank': 21, 'fitness': 0.3082797183820878, 'generation': 614}","{'id': 27150, 'rank': 22, 'fitness': 0.18463544980555802, 'generation': 614}","{'id': 27135, 'rank': 23, 'fitness': 0.10486314270622843, 'generation': 614}","{'id': 27148, 'rank': 24, 'fitness': 0.10318248295071186, 'generation': 614}","{'id': 27159, 'rank': 25, 'fitness': 0.07454870007201608, 'generation': 614}","{'id': 27133, 'rank': 26, 'fitness': 0.05359335685205435, 'generation': 614}","{'id': 27128, 'rank': 27, 'fitness': 0.029786312026927608, 'generation': 614}","{'id': 27147, 'rank': 28, 'fitness': 0.02945147101834039, 'generation': 614}","{'id': 27163, 'rank': 29, 'fitness': 0.019494431032845705, 'generation': 614}","{'id': 27129, 'rank': 30, 'fitness': 0.01798620996209155, 'generation': 614}"
"{'id': 27207, 'rank': 1, 'fitness': 0.9820137900379085, 'generation': 615}","{'id': 27211, 'rank': 2, 'fitness': 0.7732753288845706, 'generation': 615}","{'id': 27210, 'rank': 3, 'fitness': 0.7717420623661586, 'generation': 615}","{'id': 27189, 'rank': 4, 'fitness': 0.5290063846277555, 'generation': 615}","{'id': 27184, 'rank': 5, 'fitness': 0.50867912278, 'generation': 615}","{'id': 27185, 'rank': 6, 'fitness': 0.46893870717308067, 'generation': 615}","{'id': 27197, 'rank': 7, 'fitness': 0.38205559861695193, 'generation': 615}","{'id': 27215, 'rank': 8, 'fitness': 0.31065962010182013, 'generation': 615}","{'id': 27206, 'rank': 9, 'fitness': 0.29131581836311765, 'generation': 615}","{'id': 27170, 'rank': 10, 'fitness': 0.24835814133156853, 'generation': 615}","{'id': 27202, 'rank': 11, 'fitness': 0.21700526300331985, 'generation': 615}","{'id': 27209, 'rank': 12, 'fitness': 0.17119261051803053, 'generation': 615}","{'id': 27195, 'rank': 13, 'fitness': 0.16427196409923184, 'generation': 615}","{'id': 27208, 'rank': 14, 'fitness': 0.163969911992768, 'generation': 615}","{'id': 27216, 'rank': 15, 'fitness': 0.15492696013314905, 'generation': 615}","{'id': 27217, 'rank': 16, 'fitness': 0.154669162518702, 'generation': 615}","{'id': 27191, 'rank': 17, 'fitness': 0.12052297724057615, 'generation': 615}","{'id': 27173, 'rank': 18, 'fitness': 0.09970681090512679, 'generation': 615}","{'id': 27188, 'rank': 19, 'fitness': 0.07237023506121165, 'generation': 615}","{'id': 27174, 'rank': 20, 'fitness': 0.0604201989733123, 'generation': 615}","{'id': 27198, 'rank': 21, 'fitness': 0.05704608892391627, 'generation': 615}","{'id': 27200, 'rank': 22, 'fitness': 0.05153194566373731, 'generation': 615}","{'id': 27192, 'rank': 23, 'fitness': 0.032487622844652564, 'generation': 615}","{'id': 27193, 'rank': 24, 'fitness': 0.030193240242636032, 'generation': 615}","{'id': 27177, 'rank': 25, 'fitness': 0.025956857602769112, 'generation': 615}","{'id': 27203, 'rank': 26, 'fitness': 0.021884633146383614, 'generation': 615}","{'id': 27180, 'rank': 27, 'fitness': 0.021430456409186893, 'generation': 615}","{'id': 27204, 'rank': 28, 'fitness': 0.01873928579590528, 'generation': 615}","{'id': 27201, 'rank': 29, 'fitness': 0.018478741997038084, 'generation': 615}","{'id': 27190, 'rank': 30, 'fitness': 0.01798620996209155, 'generation': 615}"
"{'id': 27249, 'rank': 1, 'fitness': 0.9820137900379085, 'generation': 616}","{'id': 27253, 'rank': 2, 'fitness': 0.7944449490387778, 'generation': 616}","{'id': 27229, 'rank': 3, 'fitness': 0.6839711823491678, 'generation': 616}","{'id': 27245, 'rank': 4, 'fitness': 0.6129257996327778, 'generation': 616}","{'id': 27255, 'rank': 5, 'fitness': 0.5658289432645792, 'generation': 616}","{'id': 27239, 'rank': 6, 'fitness': 0.5418819841529703, 'generation': 616}","{'id': 27238, 'rank': 7, 'fitness': 0.46361327981223666, 'generation': 616}","{'id': 27240, 'rank': 8, 'fitness': 0.42983043921715836, 'generation': 616}","{'id': 27254, 'rank': 9, 'fitness': 0.333187201013916, 'generation': 616}","{'id': 27228, 'rank': 10, 'fitness': 0.308496202231263, 'generation': 616}","{'id': 27223, 'rank': 11, 'fitness': 0.29463096694973623, 'generation': 616}","{'id': 27243, 'rank': 12, 'fitness': 0.28783479315115434, 'generation': 616}","{'id': 27241, 'rank': 13, 'fitness': 0.25246337562387156, 'generation': 616}","{'id': 27246, 'rank': 14, 'fitness': 0.21744756452988157, 'generation': 616}","{'id': 27242, 'rank': 15, 'fitness': 0.19884129695666763, 'generation': 616}","{'id': 27250, 'rank': 16, 'fitness': 0.18331861640153452, 'generation': 616}","{'id': 27237, 'rank': 17, 'fitness': 0.16595143786098965, 'generation': 616}","{'id': 27248, 'rank': 18, 'fitness': 0.1059973309330211, 'generation': 616}","{'id': 27227, 'rank': 19, 'fitness': 0.09783153275926548, 'generation': 616}","{'id': 27230, 'rank': 20, 'fitness': 0.08761080573436397, 'generation': 616}","{'id': 27244, 'rank': 21, 'fitness': 0.08746735021909757, 'generation': 616}","{'id': 27232, 'rank': 22, 'fitness': 0.08246332238175597, 'generation': 616}","{'id': 27251, 'rank': 23, 'fitness': 0.07696303522118442, 'generation': 616}","{'id': 27235, 'rank': 24, 'fitness': 0.0543875305564101, 'generation': 616}","{'id': 27231, 'rank': 25, 'fitness': 0.04238404086255376, 'generation': 616}","{'id': 27247, 'rank': 26, 'fitness': 0.040695100654682625, 'generation': 616}","{'id': 27234, 'rank': 27, 'fitness': 0.0402732718550638, 'generation': 616}","{'id': 27225, 'rank': 28, 'fitness': 0.034374728877688, 'generation': 616}","{'id': 27236, 'rank': 29, 'fitness': 0.03299832976241762, 'generation': 616}","{'id': 27220, 'rank': 30, 'fitness': 0.01798620996209155, 'generation': 616}"
"{'id': 27276, 'rank': 1, 'fitness': 0.9820137900379085, 'generation': 617}","{'id': 27296, 'rank': 2, 'fitness': 0.9682157705344002, 'generation': 617}","{'id': 27289, 'rank': 3, 'fitness': 0.9547723890773392, 'generation': 617}","{'id': 27294, 'rank': 4, 'fitness': 0.8585387366038391, 'generation': 617}","{'id': 27284, 'rank': 5, 'fitness': 0.8538486748774599, 'generation': 617}","{'id': 27292, 'rank': 6, 'fitness': 0.7689345171659858, 'generation': 617}","{'id': 27278, 'rank': 7, 'fitness': 0.7561064381048966, 'generation': 617}","{'id': 27290, 'rank': 8, 'fitness': 0.7420479022240709, 'generation': 617}","{'id': 27280, 'rank': 9, 'fitness': 0.735924705408576, 'generation': 617}","{'id': 27268, 'rank': 10, 'fitness': 0.7170289974418427, 'generation': 617}","{'id': 27286, 'rank': 11, 'fitness': 0.6361850473710619, 'generation': 617}","{'id': 27260, 'rank': 12, 'fitness': 0.6114430509414701, 'generation': 617}","{'id': 27274, 'rank': 13, 'fitness': 0.5513528697903495, 'generation': 617}","{'id': 27283, 'rank': 14, 'fitness': 0.5376388077670514, 'generation': 617}","{'id': 27257, 'rank': 15, 'fitness': 0.3535429457582082, 'generation': 617}","{'id': 27287, 'rank': 16, 'fitness': 0.333365110273396, 'generation': 617}","{'id': 27261, 'rank': 17, 'fitness': 0.3153439911450301, 'generation': 617}","{'id': 27282, 'rank': 18, 'fitness': 0.31228024230681795, 'generation': 617}","{'id': 27291, 'rank': 19, 'fitness': 0.29046362558427113, 'generation': 617}","{'id': 27285, 'rank': 20, 'fitness': 0.2507158634113382, 'generation': 617}","{'id': 27288, 'rank': 21, 'fitness': 0.23531736657682245, 'generation': 617}","{'id': 27271, 'rank': 22, 'fitness': 0.1680371744271686, 'generation': 617}","{'id': 27279, 'rank': 23, 'fitness': 0.13174026795389127, 'generation': 617}","{'id': 27263, 'rank': 24, 'fitness': 0.10618862715113242, 'generation': 617}","{'id': 27275, 'rank': 25, 'fitness': 0.08462089196468076, 'generation': 617}","{'id': 27277, 'rank': 26, 'fitness': 0.06166279336339786, 'generation': 617}","{'id': 27267, 'rank': 27, 'fitness': 0.04071611091609584, 'generation': 617}","{'id': 27258, 'rank': 28, 'fitness': 0.03953580457226291, 'generation': 617}","{'id': 27273, 'rank': 29, 'fitness': 0.029888956431590008, 'generation': 617}","{'id': 27293, 'rank': 30, 'fitness': 0.01798620996209155, 'generation': 617}"
"{'id': 27349, 'rank': 1, 'fitness': 0.9820137900379085, 'generation': 618}","{'id': 27298, 'rank': 2, 'fitness': 0.9373429536905923, 'generation': 618}","{'id': 27348, 'rank': 3, 'fitness': 0.9335587377948034, 'generation': 618}","{'id': 27350, 'rank': 4, 'fitness': 0.8466986224637574, 'generation': 618}","{'id': 27337, 'rank': 5, 'fitness': 0.8183766380077553, 'generation': 618}","{'id': 27347, 'rank': 6, 'fitness': 0.7711841877005148, 'generation': 618}","{'id': 27346, 'rank': 7, 'fitness': 0.7408463511903658, 'generation': 618}","{'id': 27342, 'rank': 8, 'fitness': 0.7137662432761213, 'generation': 618}","{'id': 27299, 'rank': 9, 'fitness': 0.6602240868065835, 'generation': 618}","{'id': 27311, 'rank': 10, 'fitness': 0.6212208853565756, 'generation': 618}","{'id': 27344, 'rank': 11, 'fitness': 0.5273073558683405, 'generation': 618}","{'id': 27339, 'rank': 12, 'fitness': 0.5088066336565746, 'generation': 618}","{'id': 27297, 'rank': 13, 'fitness': 0.44969313704169683, 'generation': 618}","{'id': 27343, 'rank': 14, 'fitness': 0.4188091812093503, 'generation': 618}","{'id': 27306, 'rank': 15, 'fitness': 0.3919525768150781, 'generation': 618}","{'id': 27352, 'rank': 16, 'fitness': 0.35528249974435105, 'generation': 618}","{'id': 27302, 'rank': 17, 'fitness': 0.28931263576033656, 'generation': 618}","{'id': 27333, 'rank': 18, 'fitness': 0.27242994104057094, 'generation': 618}","{'id': 27351, 'rank': 19, 'fitness': 0.26454252829095304, 'generation': 618}","{'id': 27304, 'rank': 20, 'fitness': 0.07737524116349315, 'generation': 618}","{'id': 27338, 'rank': 21, 'fitness': 0.048243756055971754, 'generation': 618}","{'id': 27317, 'rank': 22, 'fitness': 0.04458166067968683, 'generation': 618}","{'id': 27305, 'rank': 23, 'fitness': 0.04333596833169334, 'generation': 618}","{'id': 27303, 'rank': 24, 'fitness': 0.042863494066418706, 'generation': 618}","{'id': 27307, 'rank': 25, 'fitness': 0.03819819732043189, 'generation': 618}","{'id': 27313, 'rank': 26, 'fitness': 0.035276894349826504, 'generation': 618}","{'id': 27353, 'rank': 27, 'fitness': 0.029895306395427645, 'generation': 618}","{'id': 27328, 'rank': 28, 'fitness': 0.02896298560759103, 'generation': 618}","{'id': 27309, 'rank': 29, 'fitness': 0.01888506332372164, 'generation': 618}","{'id': 27325, 'rank': 30, 'fitness': 0.01798620996209155, 'generation': 618}"
"{'id': 27396, 'rank': 1, 'fitness': 0.9820137900379085, 'generation': 619}","{'id': 27387, 'rank': 2, 'fitness': 0.9805521345126313, 'generation': 619}","{'id': 27401, 'rank': 3, 'fitness': 0.9338937178670266, 'generation': 619}","{'id': 27365, 'rank': 4, 'fitness': 0.8729495014685389, 'generation': 619}","{'id': 27389, 'rank': 5, 'fitness': 0.567909176423384, 'generation': 619}","{'id': 27386, 'rank': 6, 'fitness': 0.47107225811655706, 'generation': 619}","{'id': 27380, 'rank': 7, 'fitness': 0.4067600228107112, 'generation': 619}","{'id': 27402, 'rank': 8, 'fitness': 0.388771692405238, 'generation': 619}","{'id': 27359, 'rank': 9, 'fitness': 0.3279551414330122, 'generation': 619}","{'id': 27367, 'rank': 10, 'fitness': 0.31302077713265375, 'generation': 619}","{'id': 27363, 'rank': 11, 'fitness': 0.23711361032320233, 'generation': 619}","{'id': 27378, 'rank': 12, 'fitness': 0.2141838435413469, 'generation': 619}","{'id': 27397, 'rank': 13, 'fitness': 0.1877818965031784, 'generation': 619}","{'id': 27406, 'rank': 14, 'fitness': 0.14836593558702071, 'generation': 619}","{'id': 27388, 'rank': 15, 'fitness': 0.11887538411676823, 'generation': 619}","{'id': 27398, 'rank': 16, 'fitness': 0.10243114759431882, 'generation': 619}","{'id': 27371, 'rank': 17, 'fitness': 0.08849240374876977, 'generation': 619}","{'id': 27364, 'rank': 18, 'fitness': 0.08209175903252403, 'generation': 619}","{'id': 27355, 'rank': 19, 'fitness': 0.07721581217596757, 'generation': 619}","{'id': 27385, 'rank': 20, 'fitness': 0.07459912627257043, 'generation': 619}","{'id': 27382, 'rank': 21, 'fitness': 0.062134576558455, 'generation': 619}","{'id': 27381, 'rank': 22, 'fitness': 0.05754426321462364, 'generation': 619}","{'id': 27390, 'rank': 23, 'fitness': 0.05350152551979198, 'generation': 619}","{'id': 27373, 'rank': 24, 'fitness': 0.04526491718237846, 'generation': 619}","{'id': 27377, 'rank': 25, 'fitness': 0.03278497747958625, 'generation': 619}","{'id': 27392, 'rank': 26, 'fitness': 0.028406098014662373, 'generation': 619}","{'id': 27366, 'rank': 27, 'fitness': 0.025924144562913642, 'generation': 619}","{'id': 27403, 'rank': 28, 'fitness': 0.0251840680818759, 'generation': 619}","{'id': 27360, 'rank': 29, 'fitness': 0.02019807608205465, 'generation': 619}","{'id': 27404, 'rank': 30, 'fitness': 0.01798620996209155, 'generation': 619}"
"{'id': 27436, 'rank': 1, 'fitness': 0.9820137900379085, 'generation': 620}","{'id': 27435, 'rank': 2, 'fitness': 0.9556136870153504, 'generation': 620}","{'id': 27441, 'rank': 3, 'fitness': 0.8891947472105337, 'generation': 620}","{'id': 27437, 'rank': 4, 'fitness': 0.8260390866198124, 'generation': 620}","{'id': 27444, 'rank': 5, 'fitness': 0.7301519247331818, 'generation': 620}","{'id': 27426, 'rank': 6, 'fitness': 0.6730750270535456, 'generation': 620}","{'id': 27439, 'rank': 7, 'fitness': 0.4984261964018937, 'generation': 620}","{'id': 27430, 'rank': 8, 'fitness': 0.49805895535740574, 'generation': 620}","{'id': 27421, 'rank': 9, 'fitness': 0.44456980360185644, 'generation': 620}","{'id': 27438, 'rank': 10, 'fitness': 0.3814913076846626, 'generation': 620}","{'id': 27445, 'rank': 11, 'fitness': 0.375663326461678, 'generation': 620}","{'id': 27440, 'rank': 12, 'fitness': 0.19814445573586215, 'generation': 620}","{'id': 27423, 'rank': 13, 'fitness': 0.14389742860447985, 'generation': 620}","{'id': 27415, 'rank': 14, 'fitness': 0.11321418895349639, 'generation': 620}","{'id': 27431, 'rank': 15, 'fitness': 0.10724378577054328, 'generation': 620}","{'id': 27428, 'rank': 16, 'fitness': 0.09843263319354562, 'generation': 620}","{'id': 27412, 'rank': 17, 'fitness': 0.09660024227291414, 'generation': 620}","{'id': 27408, 'rank': 18, 'fitness': 0.0844661514585548, 'generation': 620}","{'id': 27429, 'rank': 19, 'fitness': 0.08326540959378415, 'generation': 620}","{'id': 27433, 'rank': 20, 'fitness': 0.06151568673992591, 'generation': 620}","{'id': 27424, 'rank': 21, 'fitness': 0.048347141731721666, 'generation': 620}","{'id': 27442, 'rank': 22, 'fitness': 0.04692000150120229, 'generation': 620}","{'id': 27427, 'rank': 23, 'fitness': 0.035300481530836536, 'generation': 620}","{'id': 27443, 'rank': 24, 'fitness': 0.02822445472993851, 'generation': 620}","{'id': 27416, 'rank': 25, 'fitness': 0.02657247931976775, 'generation': 620}","{'id': 27417, 'rank': 26, 'fitness': 0.02555296152234765, 'generation': 620}","{'id': 27419, 'rank': 27, 'fitness': 0.025232715477424783, 'generation': 620}","{'id': 27425, 'rank': 28, 'fitness': 0.023764752845361115, 'generation': 620}","{'id': 27422, 'rank': 29, 'fitness': 0.021895047697004344, 'generation': 620}","{'id': 27434, 'rank': 30, 'fitness': 0.01798620996209155, 'generation': 620}"
"{'id': 27483, 'rank': 1, 'fitness': 0.9820137900379085, 'generation': 621}","{'id': 27461, 'rank': 2, 'fitness': 0.9734578513239776, 'generation': 621}","{'id': 27475, 'rank': 3, 'fitness': 0.9716187275045822, 'generation': 621}","{'id': 27469, 'rank': 4, 'fitness': 0.9111421495215735, 'generation': 621}","{'id': 27478, 'rank': 5, 'fitness': 0.8947053132694032, 'generation': 621}","{'id': 27467, 'rank': 6, 'fitness': 0.8714471983251141, 'generation': 621}","{'id': 27490, 'rank': 7, 'fitness': 0.7634769373898184, 'generation': 621}","{'id': 27471, 'rank': 8, 'fitness': 0.6950019837582645, 'generation': 621}","{'id': 27476, 'rank': 9, 'fitness': 0.6761250607808584, 'generation': 621}","{'id': 27488, 'rank': 10, 'fitness': 0.6420884984128197, 'generation': 621}","{'id': 27473, 'rank': 11, 'fitness': 0.6321709848664652, 'generation': 621}","{'id': 27459, 'rank': 12, 'fitness': 0.6180941465632908, 'generation': 621}","{'id': 27486, 'rank': 13, 'fitness': 0.6010741374195357, 'generation': 621}","{'id': 27477, 'rank': 14, 'fitness': 0.342905355487775, 'generation': 621}","{'id': 27470, 'rank': 15, 'fitness': 0.32787449618320574, 'generation': 621}","{'id': 27485, 'rank': 16, 'fitness': 0.25065465615041793, 'generation': 621}","{'id': 27484, 'rank': 17, 'fitness': 0.1984456657316046, 'generation': 621}","{'id': 27468, 'rank': 18, 'fitness': 0.1321187707912923, 'generation': 621}","{'id': 27466, 'rank': 19, 'fitness': 0.10642145806557585, 'generation': 621}","{'id': 27479, 'rank': 20, 'fitness': 0.1032882698170362, 'generation': 621}","{'id': 27472, 'rank': 21, 'fitness': 0.08960875190260786, 'generation': 621}","{'id': 27480, 'rank': 22, 'fitness': 0.07057204805241257, 'generation': 621}","{'id': 27458, 'rank': 23, 'fitness': 0.0634914177399522, 'generation': 621}","{'id': 27453, 'rank': 24, 'fitness': 0.05235429977071365, 'generation': 621}","{'id': 27457, 'rank': 25, 'fitness': 0.03281682609631975, 'generation': 621}","{'id': 27450, 'rank': 26, 'fitness': 0.031389741780641134, 'generation': 621}","{'id': 27454, 'rank': 27, 'fitness': 0.028549968483522314, 'generation': 621}","{'id': 27460, 'rank': 28, 'fitness': 0.028108256630675788, 'generation': 621}","{'id': 27463, 'rank': 29, 'fitness': 0.018837418069728273, 'generation': 621}","{'id': 27446, 'rank': 30, 'fitness': 0.01798620996209155, 'generation': 621}"
"{'id': 27533, 'rank': 1, 'fitness': 0.9820137900379085, 'generation': 622}","{'id': 27524, 'rank': 2, 'fitness': 0.977437581994619, 'generation': 622}","{'id': 27529, 'rank': 3, 'fitness': 0.9282574953499021, 'generation': 622}","{'id': 27528, 'rank': 4, 'fitness': 0.83554998372308, 'generation': 622}","{'id': 27530, 'rank': 5, 'fitness': 0.7331028971060375, 'generation': 622}","{'id': 27494, 'rank': 6, 'fitness': 0.7244921592191627, 'generation': 622}","{'id': 27508, 'rank': 7, 'fitness': 0.7211258342877133, 'generation': 622}","{'id': 27523, 'rank': 8, 'fitness': 0.603372196496199, 'generation': 622}","{'id': 27520, 'rank': 9, 'fitness': 0.5855397633475874, 'generation': 622}","{'id': 27521, 'rank': 10, 'fitness': 0.36226468081232177, 'generation': 622}","{'id': 27492, 'rank': 11, 'fitness': 0.3610966414312452, 'generation': 622}","{'id': 27506, 'rank': 12, 'fitness': 0.3584031561713639, 'generation': 622}","{'id': 27510, 'rank': 13, 'fitness': 0.35748551214647983, 'generation': 622}","{'id': 27495, 'rank': 14, 'fitness': 0.2896639813108668, 'generation': 622}","{'id': 27535, 'rank': 15, 'fitness': 0.2734945755157026, 'generation': 622}","{'id': 27511, 'rank': 16, 'fitness': 0.2703566293012487, 'generation': 622}","{'id': 27532, 'rank': 17, 'fitness': 0.1457684203775102, 'generation': 622}","{'id': 27500, 'rank': 18, 'fitness': 0.13379104189041063, 'generation': 622}","{'id': 27534, 'rank': 19, 'fitness': 0.11308685342528096, 'generation': 622}","{'id': 27527, 'rank': 20, 'fitness': 0.06513743457122534, 'generation': 622}","{'id': 27522, 'rank': 21, 'fitness': 0.04923117310039654, 'generation': 622}","{'id': 27515, 'rank': 22, 'fitness': 0.04714359155816428, 'generation': 622}","{'id': 27525, 'rank': 23, 'fitness': 0.04608044339912748, 'generation': 622}","{'id': 27512, 'rank': 24, 'fitness': 0.045895495842071476, 'generation': 622}","{'id': 27502, 'rank': 25, 'fitness': 0.03807996641263378, 'generation': 622}","{'id': 27507, 'rank': 26, 'fitness': 0.030709545385736337, 'generation': 622}","{'id': 27526, 'rank': 27, 'fitness': 0.02488608570675821, 'generation': 622}","{'id': 27504, 'rank': 28, 'fitness': 0.022018997273887064, 'generation': 622}","{'id': 27516, 'rank': 29, 'fitness': 0.018239950303388985, 'generation': 622}","{'id': 27531, 'rank': 30, 'fitness': 0.01798620996209155, 'generation': 622}"
"{'id': 27580, 'rank': 1, 'fitness': 0.9820137900379085, 'generation': 623}","{'id': 27570, 'rank': 2, 'fitness': 0.8893591879094896, 'generation': 623}","{'id': 27568, 'rank': 3, 'fitness': 0.8170049353375523, 'generation': 623}","{'id': 27566, 'rank': 4, 'fitness': 0.802228218401251, 'generation': 623}","{'id': 27547, 'rank': 5, 'fitness': 0.7761944997824328, 'generation': 623}","{'id': 27579, 'rank': 6, 'fitness': 0.7572183137375847, 'generation': 623}","{'id': 27548, 'rank': 7, 'fitness': 0.739950878736015, 'generation': 623}","{'id': 27562, 'rank': 8, 'fitness': 0.6328526817513944, 'generation': 623}","{'id': 27555, 'rank': 9, 'fitness': 0.5849549844896863, 'generation': 623}","{'id': 27572, 'rank': 10, 'fitness': 0.47687474016593195, 'generation': 623}","{'id': 27567, 'rank': 11, 'fitness': 0.4708728066466994, 'generation': 623}","{'id': 27564, 'rank': 12, 'fitness': 0.44315380221488876, 'generation': 623}","{'id': 27559, 'rank': 13, 'fitness': 0.2464368501022437, 'generation': 623}","{'id': 27543, 'rank': 14, 'fitness': 0.2210251368480478, 'generation': 623}","{'id': 27574, 'rank': 15, 'fitness': 0.1841687549993109, 'generation': 623}","{'id': 27549, 'rank': 16, 'fitness': 0.10738893467682459, 'generation': 623}","{'id': 27539, 'rank': 17, 'fitness': 0.09498613064140377, 'generation': 623}","{'id': 27544, 'rank': 18, 'fitness': 0.08472493428797867, 'generation': 623}","{'id': 27563, 'rank': 19, 'fitness': 0.06970485335697463, 'generation': 623}","{'id': 27576, 'rank': 20, 'fitness': 0.04657211223942942, 'generation': 623}","{'id': 27553, 'rank': 21, 'fitness': 0.044681221914528724, 'generation': 623}","{'id': 27546, 'rank': 22, 'fitness': 0.04157517201656685, 'generation': 623}","{'id': 27557, 'rank': 23, 'fitness': 0.03409508904446307, 'generation': 623}","{'id': 27554, 'rank': 24, 'fitness': 0.033969496992335035, 'generation': 623}","{'id': 27550, 'rank': 25, 'fitness': 0.030116497634865513, 'generation': 623}","{'id': 27537, 'rank': 26, 'fitness': 0.027466753457789095, 'generation': 623}","{'id': 27575, 'rank': 27, 'fitness': 0.026426835362725942, 'generation': 623}","{'id': 27571, 'rank': 28, 'fitness': 0.02596033801224923, 'generation': 623}","{'id': 27558, 'rank': 29, 'fitness': 0.025022610939604784, 'generation': 623}","{'id': 27560, 'rank': 30, 'fitness': 0.01798620996209155, 'generation': 623}"
"{'id': 27613, 'rank': 1, 'fitness': 0.9820137900379085, 'generation': 624}","{'id': 27605, 'rank': 2, 'fitness': 0.8909006997656986, 'generation': 624}","{'id': 27582, 'rank': 3, 'fitness': 0.7003434224001933, 'generation': 624}","{'id': 27615, 'rank': 4, 'fitness': 0.615560944974594, 'generation': 624}","{'id': 27607, 'rank': 5, 'fitness': 0.60428150718691, 'generation': 624}","{'id': 27610, 'rank': 6, 'fitness': 0.6031882653371913, 'generation': 624}","{'id': 27611, 'rank': 7, 'fitness': 0.5834113633595333, 'generation': 624}","{'id': 27603, 'rank': 8, 'fitness': 0.5723980642013811, 'generation': 624}","{'id': 27597, 'rank': 9, 'fitness': 0.5004935784905452, 'generation': 624}","{'id': 27602, 'rank': 10, 'fitness': 0.4108475711570398, 'generation': 624}","{'id': 27619, 'rank': 11, 'fitness': 0.36048505066476744, 'generation': 624}","{'id': 27617, 'rank': 12, 'fitness': 0.3272547660056665, 'generation': 624}","{'id': 27600, 'rank': 13, 'fitness': 0.3251932328510222, 'generation': 624}","{'id': 27616, 'rank': 14, 'fitness': 0.316693659703714, 'generation': 624}","{'id': 27594, 'rank': 15, 'fitness': 0.209899987976511, 'generation': 624}","{'id': 27609, 'rank': 16, 'fitness': 0.188337584894881, 'generation': 624}","{'id': 27585, 'rank': 17, 'fitness': 0.1704055276983547, 'generation': 624}","{'id': 27612, 'rank': 18, 'fitness': 0.15318652429093127, 'generation': 624}","{'id': 27614, 'rank': 19, 'fitness': 0.1389643500135937, 'generation': 624}","{'id': 27604, 'rank': 20, 'fitness': 0.12520585735319478, 'generation': 624}","{'id': 27587, 'rank': 21, 'fitness': 0.08906496231327604, 'generation': 624}","{'id': 27618, 'rank': 22, 'fitness': 0.08489464809351716, 'generation': 624}","{'id': 27593, 'rank': 23, 'fitness': 0.07406998624411487, 'generation': 624}","{'id': 27591, 'rank': 24, 'fitness': 0.06454157900672897, 'generation': 624}","{'id': 27581, 'rank': 25, 'fitness': 0.05497967368423129, 'generation': 624}","{'id': 27583, 'rank': 26, 'fitness': 0.044834699199364336, 'generation': 624}","{'id': 27595, 'rank': 27, 'fitness': 0.0343568782617385, 'generation': 624}","{'id': 27589, 'rank': 28, 'fitness': 0.025296170699112497, 'generation': 624}","{'id': 27620, 'rank': 29, 'fitness': 0.018237047870127143, 'generation': 624}","{'id': 27599, 'rank': 30, 'fitness': 0.01798620996209155, 'generation': 624}"
"{'id': 27649, 'rank': 1, 'fitness': 0.9820137900379085, 'generation': 625}","{'id': 27661, 'rank': 2, 'fitness': 0.9562658276364564, 'generation': 625}","{'id': 27650, 'rank': 3, 'fitness': 0.9301679447823764, 'generation': 625}","{'id': 27657, 'rank': 4, 'fitness': 0.9162549511207086, 'generation': 625}","{'id': 27643, 'rank': 5, 'fitness': 0.8819606352216214, 'generation': 625}","{'id': 27632, 'rank': 6, 'fitness': 0.8812368111734349, 'generation': 625}","{'id': 27654, 'rank': 7, 'fitness': 0.8725049972422474, 'generation': 625}","{'id': 27636, 'rank': 8, 'fitness': 0.8036670928278031, 'generation': 625}","{'id': 27635, 'rank': 9, 'fitness': 0.7450577764931854, 'generation': 625}","{'id': 27641, 'rank': 10, 'fitness': 0.6211400502733622, 'generation': 625}","{'id': 27656, 'rank': 11, 'fitness': 0.6029871781146947, 'generation': 625}","{'id': 27662, 'rank': 12, 'fitness': 0.43778718258997446, 'generation': 625}","{'id': 27638, 'rank': 13, 'fitness': 0.3364523282988997, 'generation': 625}","{'id': 27626, 'rank': 14, 'fitness': 0.31832247145197956, 'generation': 625}","{'id': 27625, 'rank': 15, 'fitness': 0.21983928300487093, 'generation': 625}","{'id': 27644, 'rank': 16, 'fitness': 0.20653999225829534, 'generation': 625}","{'id': 27630, 'rank': 17, 'fitness': 0.16140669750182668, 'generation': 625}","{'id': 27648, 'rank': 18, 'fitness': 0.15594231191447566, 'generation': 625}","{'id': 27652, 'rank': 19, 'fitness': 0.1334997294635873, 'generation': 625}","{'id': 27660, 'rank': 20, 'fitness': 0.11365076764135118, 'generation': 625}","{'id': 27629, 'rank': 21, 'fitness': 0.10724363638551088, 'generation': 625}","{'id': 27633, 'rank': 22, 'fitness': 0.08393977729781354, 'generation': 625}","{'id': 27645, 'rank': 23, 'fitness': 0.07976951512499314, 'generation': 625}","{'id': 27658, 'rank': 24, 'fitness': 0.06508327863833985, 'generation': 625}","{'id': 27627, 'rank': 25, 'fitness': 0.05205109560880977, 'generation': 625}","{'id': 27631, 'rank': 26, 'fitness': 0.05193279848951765, 'generation': 625}","{'id': 27659, 'rank': 27, 'fitness': 0.04988319737629032, 'generation': 625}","{'id': 27647, 'rank': 28, 'fitness': 0.04341417844464651, 'generation': 625}","{'id': 27646, 'rank': 29, 'fitness': 0.040443160484224194, 'generation': 625}","{'id': 27623, 'rank': 30, 'fitness': 0.01798620996209155, 'generation': 625}"
"{'id': 27698, 'rank': 1, 'fitness': 0.9820137900379085, 'generation': 626}","{'id': 27704, 'rank': 2, 'fitness': 0.9605842103281641, 'generation': 626}","{'id': 27699, 'rank': 3, 'fitness': 0.9584767421101195, 'generation': 626}","{'id': 27688, 'rank': 4, 'fitness': 0.9285617529255594, 'generation': 626}","{'id': 27703, 'rank': 5, 'fitness': 0.8069227987842252, 'generation': 626}","{'id': 27692, 'rank': 6, 'fitness': 0.6483153627387699, 'generation': 626}","{'id': 27664, 'rank': 7, 'fitness': 0.6049455064274492, 'generation': 626}","{'id': 27689, 'rank': 8, 'fitness': 0.3814284697082952, 'generation': 626}","{'id': 27697, 'rank': 9, 'fitness': 0.3737893550006075, 'generation': 626}","{'id': 27700, 'rank': 10, 'fitness': 0.30183351735047015, 'generation': 626}","{'id': 27685, 'rank': 11, 'fitness': 0.2502815134280406, 'generation': 626}","{'id': 27695, 'rank': 12, 'fitness': 0.19151187361275884, 'generation': 626}","{'id': 27690, 'rank': 13, 'fitness': 0.1358562147841917, 'generation': 626}","{'id': 27665, 'rank': 14, 'fitness': 0.13384371110744542, 'generation': 626}","{'id': 27675, 'rank': 15, 'fitness': 0.13185188389419844, 'generation': 626}","{'id': 27691, 'rank': 16, 'fitness': 0.11549084900465745, 'generation': 626}","{'id': 27694, 'rank': 17, 'fitness': 0.09827464290150989, 'generation': 626}","{'id': 27687, 'rank': 18, 'fitness': 0.07537631052810423, 'generation': 626}","{'id': 27676, 'rank': 19, 'fitness': 0.06327976379985012, 'generation': 626}","{'id': 27701, 'rank': 20, 'fitness': 0.06301875527402634, 'generation': 626}","{'id': 27702, 'rank': 21, 'fitness': 0.05738763288843224, 'generation': 626}","{'id': 27671, 'rank': 22, 'fitness': 0.05704185779796034, 'generation': 626}","{'id': 27693, 'rank': 23, 'fitness': 0.05298164890244089, 'generation': 626}","{'id': 27674, 'rank': 24, 'fitness': 0.04569643048192945, 'generation': 626}","{'id': 27666, 'rank': 25, 'fitness': 0.03895230627219359, 'generation': 626}","{'id': 27686, 'rank': 26, 'fitness': 0.029533174468665213, 'generation': 626}","{'id': 27669, 'rank': 27, 'fitness': 0.02836509156007433, 'generation': 626}","{'id': 27682, 'rank': 28, 'fitness': 0.02219059457622613, 'generation': 626}","{'id': 27678, 'rank': 29, 'fitness': 0.020836029609718143, 'generation': 626}","{'id': 27667, 'rank': 30, 'fitness': 0.01798620996209155, 'generation': 626}"
"{'id': 27744, 'rank': 1, 'fitness': 0.9820137900379085, 'generation': 627}","{'id': 27735, 'rank': 2, 'fitness': 0.9674258199066673, 'generation': 627}","{'id': 27745, 'rank': 3, 'fitness': 0.9664187809761828, 'generation': 627}","{'id': 27734, 'rank': 4, 'fitness': 0.9481508388316997, 'generation': 627}","{'id': 27721, 'rank': 5, 'fitness': 0.9375995447353873, 'generation': 627}","{'id': 27746, 'rank': 6, 'fitness': 0.8269202068422656, 'generation': 627}","{'id': 27736, 'rank': 7, 'fitness': 0.8172153551727004, 'generation': 627}","{'id': 27714, 'rank': 8, 'fitness': 0.8030989018447245, 'generation': 627}","{'id': 27727, 'rank': 9, 'fitness': 0.7882054010086441, 'generation': 627}","{'id': 27747, 'rank': 10, 'fitness': 0.7166186202577691, 'generation': 627}","{'id': 27740, 'rank': 11, 'fitness': 0.642428330890766, 'generation': 627}","{'id': 27720, 'rank': 12, 'fitness': 0.6121455583335565, 'generation': 627}","{'id': 27729, 'rank': 13, 'fitness': 0.5854072247852689, 'generation': 627}","{'id': 27731, 'rank': 14, 'fitness': 0.5376330964573313, 'generation': 627}","{'id': 27738, 'rank': 15, 'fitness': 0.3853509402785815, 'generation': 627}","{'id': 27742, 'rank': 16, 'fitness': 0.3580139518056012, 'generation': 627}","{'id': 27730, 'rank': 17, 'fitness': 0.3114728400982353, 'generation': 627}","{'id': 27739, 'rank': 18, 'fitness': 0.3041645940010762, 'generation': 627}","{'id': 27732, 'rank': 19, 'fitness': 0.23337850922824255, 'generation': 627}","{'id': 27711, 'rank': 20, 'fitness': 0.21324155293134955, 'generation': 627}","{'id': 27725, 'rank': 21, 'fitness': 0.11866479111593214, 'generation': 627}","{'id': 27708, 'rank': 22, 'fitness': 0.10427156124676207, 'generation': 627}","{'id': 27733, 'rank': 23, 'fitness': 0.09537746172477302, 'generation': 627}","{'id': 27741, 'rank': 24, 'fitness': 0.087714719332871, 'generation': 627}","{'id': 27709, 'rank': 25, 'fitness': 0.04508398210807968, 'generation': 627}","{'id': 27723, 'rank': 26, 'fitness': 0.03825971227320074, 'generation': 627}","{'id': 27717, 'rank': 27, 'fitness': 0.025065740303960582, 'generation': 627}","{'id': 27726, 'rank': 28, 'fitness': 0.02429143357853325, 'generation': 627}","{'id': 27737, 'rank': 29, 'fitness': 0.018648185633588665, 'generation': 627}","{'id': 27713, 'rank': 30, 'fitness': 0.01798620996209155, 'generation': 627}"
"{'id': 27785, 'rank': 1, 'fitness': 0.9820137900379085, 'generation': 628}","{'id': 27777, 'rank': 2, 'fitness': 0.9740899373081715, 'generation': 628}","{'id': 27798, 'rank': 3, 'fitness': 0.9685364905733416, 'generation': 628}","{'id': 27766, 'rank': 4, 'fitness': 0.9230750734633313, 'generation': 628}","{'id': 27796, 'rank': 5, 'fitness': 0.8357340072825377, 'generation': 628}","{'id': 27795, 'rank': 6, 'fitness': 0.6000000748869108, 'generation': 628}","{'id': 27791, 'rank': 7, 'fitness': 0.5622339894421636, 'generation': 628}","{'id': 27757, 'rank': 8, 'fitness': 0.5168624678759676, 'generation': 628}","{'id': 27753, 'rank': 9, 'fitness': 0.4449953429794329, 'generation': 628}","{'id': 27787, 'rank': 10, 'fitness': 0.43131940058469065, 'generation': 628}","{'id': 27774, 'rank': 11, 'fitness': 0.4018429602015595, 'generation': 628}","{'id': 27784, 'rank': 12, 'fitness': 0.35833331202573737, 'generation': 628}","{'id': 27773, 'rank': 13, 'fitness': 0.2998408697159186, 'generation': 628}","{'id': 27755, 'rank': 14, 'fitness': 0.21979750594278713, 'generation': 628}","{'id': 27788, 'rank': 15, 'fitness': 0.20516144050955776, 'generation': 628}","{'id': 27752, 'rank': 16, 'fitness': 0.19814978409812506, 'generation': 628}","{'id': 27769, 'rank': 17, 'fitness': 0.10620763546535339, 'generation': 628}","{'id': 27797, 'rank': 18, 'fitness': 0.105569329575876, 'generation': 628}","{'id': 27761, 'rank': 19, 'fitness': 0.08419971183552716, 'generation': 628}","{'id': 27776, 'rank': 20, 'fitness': 0.0838439600105314, 'generation': 628}","{'id': 27765, 'rank': 21, 'fitness': 0.07912314926193875, 'generation': 628}","{'id': 27778, 'rank': 22, 'fitness': 0.07799367056954187, 'generation': 628}","{'id': 27799, 'rank': 23, 'fitness': 0.06106469526137198, 'generation': 628}","{'id': 27772, 'rank': 24, 'fitness': 0.04289726747688766, 'generation': 628}","{'id': 27783, 'rank': 25, 'fitness': 0.04179035936539294, 'generation': 628}","{'id': 27759, 'rank': 26, 'fitness': 0.036569177654179, 'generation': 628}","{'id': 27792, 'rank': 27, 'fitness': 0.026505137951624846, 'generation': 628}","{'id': 27780, 'rank': 28, 'fitness': 0.023259295321401585, 'generation': 628}","{'id': 27749, 'rank': 29, 'fitness': 0.019782210493256902, 'generation': 628}","{'id': 27768, 'rank': 30, 'fitness': 0.01798620996209155, 'generation': 628}"
"{'id': 27826, 'rank': 1, 'fitness': 0.9820137900379085, 'generation': 629}","{'id': 27838, 'rank': 2, 'fitness': 0.9813549606061456, 'generation': 629}","{'id': 27818, 'rank': 3, 'fitness': 0.9652540422735638, 'generation': 629}","{'id': 27831, 'rank': 4, 'fitness': 0.8270196050730407, 'generation': 629}","{'id': 27833, 'rank': 5, 'fitness': 0.8141282351240788, 'generation': 629}","{'id': 27819, 'rank': 6, 'fitness': 0.7286782405352024, 'generation': 629}","{'id': 27829, 'rank': 7, 'fitness': 0.6420881861009095, 'generation': 629}","{'id': 27827, 'rank': 8, 'fitness': 0.5011074796438335, 'generation': 629}","{'id': 27828, 'rank': 9, 'fitness': 0.44450214012500205, 'generation': 629}","{'id': 27840, 'rank': 10, 'fitness': 0.384998009144555, 'generation': 629}","{'id': 27835, 'rank': 11, 'fitness': 0.3746153696820369, 'generation': 629}","{'id': 27830, 'rank': 12, 'fitness': 0.3005963111056668, 'generation': 629}","{'id': 27832, 'rank': 13, 'fitness': 0.20701384343784074, 'generation': 629}","{'id': 27825, 'rank': 14, 'fitness': 0.19689901827323542, 'generation': 629}","{'id': 27824, 'rank': 15, 'fitness': 0.18755954026734384, 'generation': 629}","{'id': 27834, 'rank': 16, 'fitness': 0.18245050700672338, 'generation': 629}","{'id': 27823, 'rank': 17, 'fitness': 0.17804743543143664, 'generation': 629}","{'id': 27809, 'rank': 18, 'fitness': 0.1430154401560263, 'generation': 629}","{'id': 27807, 'rank': 19, 'fitness': 0.10171234970141446, 'generation': 629}","{'id': 27814, 'rank': 20, 'fitness': 0.08557000654678093, 'generation': 629}","{'id': 27800, 'rank': 21, 'fitness': 0.07524940861905155, 'generation': 629}","{'id': 27813, 'rank': 22, 'fitness': 0.07101521837455826, 'generation': 629}","{'id': 27839, 'rank': 23, 'fitness': 0.06744119466833248, 'generation': 629}","{'id': 27817, 'rank': 24, 'fitness': 0.04101562911134393, 'generation': 629}","{'id': 27841, 'rank': 25, 'fitness': 0.034214536705133525, 'generation': 629}","{'id': 27842, 'rank': 26, 'fitness': 0.030164836571571263, 'generation': 629}","{'id': 27820, 'rank': 27, 'fitness': 0.025235677874525242, 'generation': 629}","{'id': 27816, 'rank': 28, 'fitness': 0.02367158353935994, 'generation': 629}","{'id': 27837, 'rank': 29, 'fitness': 0.019242569433158663, 'generation': 629}","{'id': 27801, 'rank': 30, 'fitness': 0.01798620996209155, 'generation': 629}"
"{'id': 27881, 'rank': 1, 'fitness': 0.9820137900379085, 'generation': 630}","{'id': 27876, 'rank': 2, 'fitness': 0.9813915131662028, 'generation': 630}","{'id': 27883, 'rank': 3, 'fitness': 0.8332185903837542, 'generation': 630}","{'id': 27875, 'rank': 4, 'fitness': 0.7461475288434891, 'generation': 630}","{'id': 27882, 'rank': 5, 'fitness': 0.6466113157147992, 'generation': 630}","{'id': 27854, 'rank': 6, 'fitness': 0.45238912444126433, 'generation': 630}","{'id': 27871, 'rank': 7, 'fitness': 0.43474356989875657, 'generation': 630}","{'id': 27844, 'rank': 8, 'fitness': 0.37034702882403325, 'generation': 630}","{'id': 27869, 'rank': 9, 'fitness': 0.33854007544551623, 'generation': 630}","{'id': 27868, 'rank': 10, 'fitness': 0.3325106766826434, 'generation': 630}","{'id': 27873, 'rank': 11, 'fitness': 0.18467841616345615, 'generation': 630}","{'id': 27857, 'rank': 12, 'fitness': 0.1744675824094618, 'generation': 630}","{'id': 27879, 'rank': 13, 'fitness': 0.16651019366184305, 'generation': 630}","{'id': 27852, 'rank': 14, 'fitness': 0.15514901843330575, 'generation': 630}","{'id': 27861, 'rank': 15, 'fitness': 0.13592884301104274, 'generation': 630}","{'id': 27856, 'rank': 16, 'fitness': 0.10405651681529116, 'generation': 630}","{'id': 27877, 'rank': 17, 'fitness': 0.09047848347749327, 'generation': 630}","{'id': 27864, 'rank': 18, 'fitness': 0.07469657319670286, 'generation': 630}","{'id': 27858, 'rank': 19, 'fitness': 0.06859165074555851, 'generation': 630}","{'id': 27872, 'rank': 20, 'fitness': 0.05803014049255867, 'generation': 630}","{'id': 27878, 'rank': 21, 'fitness': 0.054594766311032106, 'generation': 630}","{'id': 27880, 'rank': 22, 'fitness': 0.051593228244594724, 'generation': 630}","{'id': 27865, 'rank': 23, 'fitness': 0.05120385379885545, 'generation': 630}","{'id': 27870, 'rank': 24, 'fitness': 0.040311830895545575, 'generation': 630}","{'id': 27866, 'rank': 25, 'fitness': 0.03620765364361145, 'generation': 630}","{'id': 27853, 'rank': 26, 'fitness': 0.034032202336433504, 'generation': 630}","{'id': 27874, 'rank': 27, 'fitness': 0.031931494116834436, 'generation': 630}","{'id': 27884, 'rank': 28, 'fitness': 0.025414410389029696, 'generation': 630}","{'id': 27843, 'rank': 29, 'fitness': 0.020605274227999126, 'generation': 630}","{'id': 27859, 'rank': 30, 'fitness': 0.01798620996209155, 'generation': 630}"
"{'id': 27912, 'rank': 1, 'fitness': 0.9820137900379085, 'generation': 631}","{'id': 27925, 'rank': 2, 'fitness': 0.9010441120225623, 'generation': 631}","{'id': 27899, 'rank': 3, 'fitness': 0.8680176365552379, 'generation': 631}","{'id': 27913, 'rank': 4, 'fitness': 0.8287125057708222, 'generation': 631}","{'id': 27911, 'rank': 5, 'fitness': 0.7910339872825893, 'generation': 631}","{'id': 27923, 'rank': 6, 'fitness': 0.7248909421450087, 'generation': 631}","{'id': 27906, 'rank': 7, 'fitness': 0.6110400745331336, 'generation': 631}","{'id': 27922, 'rank': 8, 'fitness': 0.49904892950224367, 'generation': 631}","{'id': 27926, 'rank': 9, 'fitness': 0.4940698355545241, 'generation': 631}","{'id': 27904, 'rank': 10, 'fitness': 0.48450450559549346, 'generation': 631}","{'id': 27928, 'rank': 11, 'fitness': 0.3956549187746867, 'generation': 631}","{'id': 27890, 'rank': 12, 'fitness': 0.39507327996496955, 'generation': 631}","{'id': 27921, 'rank': 13, 'fitness': 0.2918166971647338, 'generation': 631}","{'id': 27920, 'rank': 14, 'fitness': 0.2857787797143647, 'generation': 631}","{'id': 27917, 'rank': 15, 'fitness': 0.23191082778174205, 'generation': 631}","{'id': 27891, 'rank': 16, 'fitness': 0.20701954776394738, 'generation': 631}","{'id': 27896, 'rank': 17, 'fitness': 0.1558721325975207, 'generation': 631}","{'id': 27886, 'rank': 18, 'fitness': 0.12184667584531911, 'generation': 631}","{'id': 27908, 'rank': 19, 'fitness': 0.10901780929763755, 'generation': 631}","{'id': 27927, 'rank': 20, 'fitness': 0.09215444834573933, 'generation': 631}","{'id': 27916, 'rank': 21, 'fitness': 0.08855120105064035, 'generation': 631}","{'id': 27893, 'rank': 22, 'fitness': 0.08271232974466147, 'generation': 631}","{'id': 27919, 'rank': 23, 'fitness': 0.07745780466229968, 'generation': 631}","{'id': 27898, 'rank': 24, 'fitness': 0.06826467797438757, 'generation': 631}","{'id': 27924, 'rank': 25, 'fitness': 0.05642425409286578, 'generation': 631}","{'id': 27889, 'rank': 26, 'fitness': 0.04519459004964155, 'generation': 631}","{'id': 27914, 'rank': 27, 'fitness': 0.04038601193325164, 'generation': 631}","{'id': 27901, 'rank': 28, 'fitness': 0.03998181195569628, 'generation': 631}","{'id': 27903, 'rank': 29, 'fitness': 0.026415361951505845, 'generation': 631}","{'id': 27897, 'rank': 30, 'fitness': 0.01798620996209155, 'generation': 631}"
"{'id': 27967, 'rank': 1, 'fitness': 0.9820137900379085, 'generation': 632}","{'id': 27964, 'rank': 2, 'fitness': 0.9366514150311468, 'generation': 632}","{'id': 27961, 'rank': 3, 'fitness': 0.8907953067970311, 'generation': 632}","{'id': 27929, 'rank': 4, 'fitness': 0.7508988081151678, 'generation': 632}","{'id': 27977, 'rank': 5, 'fitness': 0.6671146741026421, 'generation': 632}","{'id': 27963, 'rank': 6, 'fitness': 0.5925487599415908, 'generation': 632}","{'id': 27962, 'rank': 7, 'fitness': 0.4708538231552313, 'generation': 632}","{'id': 27974, 'rank': 8, 'fitness': 0.43351908935752315, 'generation': 632}","{'id': 27969, 'rank': 9, 'fitness': 0.40343890070925364, 'generation': 632}","{'id': 27976, 'rank': 10, 'fitness': 0.3592830448199299, 'generation': 632}","{'id': 27946, 'rank': 11, 'fitness': 0.23967230044294296, 'generation': 632}","{'id': 27932, 'rank': 12, 'fitness': 0.21750210117611662, 'generation': 632}","{'id': 27958, 'rank': 13, 'fitness': 0.20938446468272814, 'generation': 632}","{'id': 27941, 'rank': 14, 'fitness': 0.199542635507873, 'generation': 632}","{'id': 27968, 'rank': 15, 'fitness': 0.16167460150426655, 'generation': 632}","{'id': 27959, 'rank': 16, 'fitness': 0.1384977784778153, 'generation': 632}","{'id': 27940, 'rank': 17, 'fitness': 0.13701474886020076, 'generation': 632}","{'id': 27953, 'rank': 18, 'fitness': 0.13170588248654713, 'generation': 632}","{'id': 27970, 'rank': 19, 'fitness': 0.11196187442382555, 'generation': 632}","{'id': 27948, 'rank': 20, 'fitness': 0.10025960679873258, 'generation': 632}","{'id': 27954, 'rank': 21, 'fitness': 0.08623714359695572, 'generation': 632}","{'id': 27973, 'rank': 22, 'fitness': 0.05738326024961016, 'generation': 632}","{'id': 27971, 'rank': 23, 'fitness': 0.05330038922398661, 'generation': 632}","{'id': 27944, 'rank': 24, 'fitness': 0.05212085281534229, 'generation': 632}","{'id': 27951, 'rank': 25, 'fitness': 0.04935231763260184, 'generation': 632}","{'id': 27949, 'rank': 26, 'fitness': 0.042452913288628324, 'generation': 632}","{'id': 27955, 'rank': 27, 'fitness': 0.03256569312373858, 'generation': 632}","{'id': 27960, 'rank': 28, 'fitness': 0.02817672078610306, 'generation': 632}","{'id': 27937, 'rank': 29, 'fitness': 0.027366774436204666, 'generation': 632}","{'id': 27947, 'rank': 30, 'fitness': 0.01798620996209155, 'generation': 632}"
"{'id': 28014, 'rank': 1, 'fitness': 0.9820137900379085, 'generation': 633}","{'id': 28010, 'rank': 2, 'fitness': 0.962917503148263, 'generation': 633}","{'id': 28007, 'rank': 3, 'fitness': 0.6766359208097368, 'generation': 633}","{'id': 27991, 'rank': 4, 'fitness': 0.6520029774212255, 'generation': 633}","{'id': 27994, 'rank': 5, 'fitness': 0.5794492121412642, 'generation': 633}","{'id': 27993, 'rank': 6, 'fitness': 0.43081025211978163, 'generation': 633}","{'id': 28002, 'rank': 7, 'fitness': 0.4275111603936992, 'generation': 633}","{'id': 28009, 'rank': 8, 'fitness': 0.41912654303371544, 'generation': 633}","{'id': 27989, 'rank': 9, 'fitness': 0.3976624872189063, 'generation': 633}","{'id': 28013, 'rank': 10, 'fitness': 0.3954332784810136, 'generation': 633}","{'id': 28008, 'rank': 11, 'fitness': 0.3678772807578754, 'generation': 633}","{'id': 27987, 'rank': 12, 'fitness': 0.3270274365162297, 'generation': 633}","{'id': 28012, 'rank': 13, 'fitness': 0.28581637386541026, 'generation': 633}","{'id': 28011, 'rank': 14, 'fitness': 0.2596902666626021, 'generation': 633}","{'id': 28004, 'rank': 15, 'fitness': 0.2480720433940175, 'generation': 633}","{'id': 27979, 'rank': 16, 'fitness': 0.13725799708713093, 'generation': 633}","{'id': 27996, 'rank': 17, 'fitness': 0.10651664286940143, 'generation': 633}","{'id': 27984, 'rank': 18, 'fitness': 0.10474738806745865, 'generation': 633}","{'id': 28001, 'rank': 19, 'fitness': 0.10210150373807597, 'generation': 633}","{'id': 27998, 'rank': 20, 'fitness': 0.06269995616729418, 'generation': 633}","{'id': 27999, 'rank': 21, 'fitness': 0.054364245275707435, 'generation': 633}","{'id': 27985, 'rank': 22, 'fitness': 0.038915471820489156, 'generation': 633}","{'id': 27982, 'rank': 23, 'fitness': 0.036642774391251076, 'generation': 633}","{'id': 27978, 'rank': 24, 'fitness': 0.03523714759704055, 'generation': 633}","{'id': 27997, 'rank': 25, 'fitness': 0.034615670323833336, 'generation': 633}","{'id': 28006, 'rank': 26, 'fitness': 0.033563497605223036, 'generation': 633}","{'id': 27988, 'rank': 27, 'fitness': 0.03216304460942393, 'generation': 633}","{'id': 28000, 'rank': 28, 'fitness': 0.02910336240135697, 'generation': 633}","{'id': 27990, 'rank': 29, 'fitness': 0.02511056261128425, 'generation': 633}","{'id': 27995, 'rank': 30, 'fitness': 0.01798620996209155, 'generation': 633}"
"{'id': 28054, 'rank': 1, 'fitness': 0.9820137900379085, 'generation': 634}","{'id': 28022, 'rank': 2, 'fitness': 0.9817612753413232, 'generation': 634}","{'id': 28045, 'rank': 3, 'fitness': 0.958280538635599, 'generation': 634}","{'id': 28029, 'rank': 4, 'fitness': 0.8958716677881602, 'generation': 634}","{'id': 28020, 'rank': 5, 'fitness': 0.8762940807294552, 'generation': 634}","{'id': 28050, 'rank': 6, 'fitness': 0.8695678932838242, 'generation': 634}","{'id': 28046, 'rank': 7, 'fitness': 0.707133905453678, 'generation': 634}","{'id': 28047, 'rank': 8, 'fitness': 0.593701090620915, 'generation': 634}","{'id': 28042, 'rank': 9, 'fitness': 0.52449987315091, 'generation': 634}","{'id': 28049, 'rank': 10, 'fitness': 0.3825727179511737, 'generation': 634}","{'id': 28053, 'rank': 11, 'fitness': 0.3651517725897646, 'generation': 634}","{'id': 28041, 'rank': 12, 'fitness': 0.3322410842774852, 'generation': 634}","{'id': 28016, 'rank': 13, 'fitness': 0.3161124649930173, 'generation': 634}","{'id': 28015, 'rank': 14, 'fitness': 0.307610558228238, 'generation': 634}","{'id': 28032, 'rank': 15, 'fitness': 0.2917938702265708, 'generation': 634}","{'id': 28058, 'rank': 16, 'fitness': 0.1759399010462459, 'generation': 634}","{'id': 28056, 'rank': 17, 'fitness': 0.13286826167688115, 'generation': 634}","{'id': 28031, 'rank': 18, 'fitness': 0.11993420071830585, 'generation': 634}","{'id': 28051, 'rank': 19, 'fitness': 0.10854070138499816, 'generation': 634}","{'id': 28048, 'rank': 20, 'fitness': 0.09517300641545146, 'generation': 634}","{'id': 28017, 'rank': 21, 'fitness': 0.08276064401716732, 'generation': 634}","{'id': 28037, 'rank': 22, 'fitness': 0.08236462098221065, 'generation': 634}","{'id': 28057, 'rank': 23, 'fitness': 0.061285812238454584, 'generation': 634}","{'id': 28035, 'rank': 24, 'fitness': 0.060919702986706514, 'generation': 634}","{'id': 28023, 'rank': 25, 'fitness': 0.059438637414337026, 'generation': 634}","{'id': 28028, 'rank': 26, 'fitness': 0.057609717833165985, 'generation': 634}","{'id': 28055, 'rank': 27, 'fitness': 0.04356783291608174, 'generation': 634}","{'id': 28033, 'rank': 28, 'fitness': 0.04167165547327645, 'generation': 634}","{'id': 28044, 'rank': 29, 'fitness': 0.023519373211604744, 'generation': 634}","{'id': 28021, 'rank': 30, 'fitness': 0.01798620996209155, 'generation': 634}"
"{'id': 28101, 'rank': 1, 'fitness': 0.9820137900379085, 'generation': 635}","{'id': 28081, 'rank': 2, 'fitness': 0.9486395757427784, 'generation': 635}","{'id': 28089, 'rank': 3, 'fitness': 0.9023689513263032, 'generation': 635}","{'id': 28107, 'rank': 4, 'fitness': 0.8897648197603034, 'generation': 635}","{'id': 28109, 'rank': 5, 'fitness': 0.8885277287208092, 'generation': 635}","{'id': 28104, 'rank': 6, 'fitness': 0.8050151652752903, 'generation': 635}","{'id': 28093, 'rank': 7, 'fitness': 0.7396467284452259, 'generation': 635}","{'id': 28108, 'rank': 8, 'fitness': 0.6761570388310743, 'generation': 635}","{'id': 28067, 'rank': 9, 'fitness': 0.6515266657228969, 'generation': 635}","{'id': 28100, 'rank': 10, 'fitness': 0.5480331668922629, 'generation': 635}","{'id': 28090, 'rank': 11, 'fitness': 0.38565674850998377, 'generation': 635}","{'id': 28079, 'rank': 12, 'fitness': 0.3556843282351513, 'generation': 635}","{'id': 28098, 'rank': 13, 'fitness': 0.32932878881643624, 'generation': 635}","{'id': 28095, 'rank': 14, 'fitness': 0.24849852390131094, 'generation': 635}","{'id': 28076, 'rank': 15, 'fitness': 0.23730865136605672, 'generation': 635}","{'id': 28106, 'rank': 16, 'fitness': 0.18534650425806815, 'generation': 635}","{'id': 28105, 'rank': 17, 'fitness': 0.11349815610782288, 'generation': 635}","{'id': 28083, 'rank': 18, 'fitness': 0.08598971706140357, 'generation': 635}","{'id': 28088, 'rank': 19, 'fitness': 0.06051180350512292, 'generation': 635}","{'id': 28065, 'rank': 20, 'fitness': 0.057210116180675286, 'generation': 635}","{'id': 28087, 'rank': 21, 'fitness': 0.054630516330365975, 'generation': 635}","{'id': 28096, 'rank': 22, 'fitness': 0.04699269247673449, 'generation': 635}","{'id': 28094, 'rank': 23, 'fitness': 0.041842984698754526, 'generation': 635}","{'id': 28092, 'rank': 24, 'fitness': 0.03773630660535432, 'generation': 635}","{'id': 28080, 'rank': 25, 'fitness': 0.0239426220572464, 'generation': 635}","{'id': 28084, 'rank': 26, 'fitness': 0.021972360753466758, 'generation': 635}","{'id': 28097, 'rank': 27, 'fitness': 0.019191292484730726, 'generation': 635}","{'id': 28066, 'rank': 28, 'fitness': 0.018463483499789046, 'generation': 635}","{'id': 28062, 'rank': 29, 'fitness': 0.01817245530954187, 'generation': 635}","{'id': 28070, 'rank': 30, 'fitness': 0.01798620996209155, 'generation': 635}"
"{'id': 28143, 'rank': 1, 'fitness': 0.9820137900379085, 'generation': 636}","{'id': 28148, 'rank': 2, 'fitness': 0.9511407056460387, 'generation': 636}","{'id': 28156, 'rank': 3, 'fitness': 0.945862596949548, 'generation': 636}","{'id': 28138, 'rank': 4, 'fitness': 0.90795706443345, 'generation': 636}","{'id': 28157, 'rank': 5, 'fitness': 0.8661212399368452, 'generation': 636}","{'id': 28155, 'rank': 6, 'fitness': 0.7839256209102987, 'generation': 636}","{'id': 28153, 'rank': 7, 'fitness': 0.777449367272805, 'generation': 636}","{'id': 28129, 'rank': 8, 'fitness': 0.7665345234865482, 'generation': 636}","{'id': 28147, 'rank': 9, 'fitness': 0.7104800375375524, 'generation': 636}","{'id': 28139, 'rank': 10, 'fitness': 0.6046968643208073, 'generation': 636}","{'id': 28131, 'rank': 11, 'fitness': 0.5027820520239964, 'generation': 636}","{'id': 28117, 'rank': 12, 'fitness': 0.41582419738320975, 'generation': 636}","{'id': 28152, 'rank': 13, 'fitness': 0.4121187622975272, 'generation': 636}","{'id': 28130, 'rank': 14, 'fitness': 0.40426861387572, 'generation': 636}","{'id': 28128, 'rank': 15, 'fitness': 0.3706261807723033, 'generation': 636}","{'id': 28146, 'rank': 16, 'fitness': 0.36098832613242665, 'generation': 636}","{'id': 28151, 'rank': 17, 'fitness': 0.3384560970018444, 'generation': 636}","{'id': 28142, 'rank': 18, 'fitness': 0.33349346764107424, 'generation': 636}","{'id': 28110, 'rank': 19, 'fitness': 0.32344579466886436, 'generation': 636}","{'id': 28121, 'rank': 20, 'fitness': 0.298322513220319, 'generation': 636}","{'id': 28149, 'rank': 21, 'fitness': 0.24777722828928017, 'generation': 636}","{'id': 28144, 'rank': 22, 'fitness': 0.21184513703193236, 'generation': 636}","{'id': 28141, 'rank': 23, 'fitness': 0.12437128415390075, 'generation': 636}","{'id': 28119, 'rank': 24, 'fitness': 0.09153561566236751, 'generation': 636}","{'id': 28158, 'rank': 25, 'fitness': 0.06909538861717535, 'generation': 636}","{'id': 28123, 'rank': 26, 'fitness': 0.05960330184834045, 'generation': 636}","{'id': 28116, 'rank': 27, 'fitness': 0.0557631460365513, 'generation': 636}","{'id': 28136, 'rank': 28, 'fitness': 0.03947277624226936, 'generation': 636}","{'id': 28154, 'rank': 29, 'fitness': 0.03554394027207042, 'generation': 636}","{'id': 28140, 'rank': 30, 'fitness': 0.01798620996209155, 'generation': 636}"
"{'id': 28208, 'rank': 1, 'fitness': 0.9820137900379085, 'generation': 637}","{'id': 28203, 'rank': 2, 'fitness': 0.9702636724708438, 'generation': 637}","{'id': 28207, 'rank': 3, 'fitness': 0.9465996559108905, 'generation': 637}","{'id': 28214, 'rank': 4, 'fitness': 0.9216312637597921, 'generation': 637}","{'id': 28215, 'rank': 5, 'fitness': 0.8433379983100384, 'generation': 637}","{'id': 28202, 'rank': 6, 'fitness': 0.7604954730081541, 'generation': 637}","{'id': 28168, 'rank': 7, 'fitness': 0.7370475265227654, 'generation': 637}","{'id': 28179, 'rank': 8, 'fitness': 0.6442053626727064, 'generation': 637}","{'id': 28189, 'rank': 9, 'fitness': 0.6321066129491479, 'generation': 637}","{'id': 28200, 'rank': 10, 'fitness': 0.5767060404930792, 'generation': 637}","{'id': 28209, 'rank': 11, 'fitness': 0.41588907975253464, 'generation': 637}","{'id': 28164, 'rank': 12, 'fitness': 0.36632366372040853, 'generation': 637}","{'id': 28183, 'rank': 13, 'fitness': 0.3643387567459625, 'generation': 637}","{'id': 28178, 'rank': 14, 'fitness': 0.28621219458015223, 'generation': 637}","{'id': 28201, 'rank': 15, 'fitness': 0.2809996585111707, 'generation': 637}","{'id': 28210, 'rank': 16, 'fitness': 0.26167263746726466, 'generation': 637}","{'id': 28197, 'rank': 17, 'fitness': 0.19986836614685322, 'generation': 637}","{'id': 28206, 'rank': 18, 'fitness': 0.18231557548482724, 'generation': 637}","{'id': 28186, 'rank': 19, 'fitness': 0.18174179899406, 'generation': 637}","{'id': 28173, 'rank': 20, 'fitness': 0.1072750663929603, 'generation': 637}","{'id': 28180, 'rank': 21, 'fitness': 0.04700161464918351, 'generation': 637}","{'id': 28163, 'rank': 22, 'fitness': 0.04258909514683418, 'generation': 637}","{'id': 28176, 'rank': 23, 'fitness': 0.03532513289560102, 'generation': 637}","{'id': 28172, 'rank': 24, 'fitness': 0.034717630664523325, 'generation': 637}","{'id': 28205, 'rank': 25, 'fitness': 0.03365043172775256, 'generation': 637}","{'id': 28213, 'rank': 26, 'fitness': 0.0305837725170926, 'generation': 637}","{'id': 28167, 'rank': 27, 'fitness': 0.030457691571062595, 'generation': 637}","{'id': 28161, 'rank': 28, 'fitness': 0.02736550638346974, 'generation': 637}","{'id': 28211, 'rank': 29, 'fitness': 0.026571725457935458, 'generation': 637}","{'id': 28169, 'rank': 30, 'fitness': 0.01798620996209155, 'generation': 637}"
"{'id': 28250, 'rank': 1, 'fitness': 0.9820137900379085, 'generation': 638}","{'id': 28251, 'rank': 2, 'fitness': 0.7856048479210727, 'generation': 638}","{'id': 28255, 'rank': 3, 'fitness': 0.7560200897865452, 'generation': 638}","{'id': 28256, 'rank': 4, 'fitness': 0.7153424936695786, 'generation': 638}","{'id': 28258, 'rank': 5, 'fitness': 0.5581551893998298, 'generation': 638}","{'id': 28246, 'rank': 6, 'fitness': 0.37538585717034334, 'generation': 638}","{'id': 28217, 'rank': 7, 'fitness': 0.36947141431974156, 'generation': 638}","{'id': 28252, 'rank': 8, 'fitness': 0.350573307602164, 'generation': 638}","{'id': 28234, 'rank': 9, 'fitness': 0.2111898739973605, 'generation': 638}","{'id': 28247, 'rank': 10, 'fitness': 0.19789665851739052, 'generation': 638}","{'id': 28249, 'rank': 11, 'fitness': 0.19699737070890755, 'generation': 638}","{'id': 28245, 'rank': 12, 'fitness': 0.19001167837131921, 'generation': 638}","{'id': 28241, 'rank': 13, 'fitness': 0.1602977551397916, 'generation': 638}","{'id': 28240, 'rank': 14, 'fitness': 0.14338185259299902, 'generation': 638}","{'id': 28227, 'rank': 15, 'fitness': 0.10699948325914044, 'generation': 638}","{'id': 28231, 'rank': 16, 'fitness': 0.0845830813221301, 'generation': 638}","{'id': 28235, 'rank': 17, 'fitness': 0.08193018490856557, 'generation': 638}","{'id': 28248, 'rank': 18, 'fitness': 0.06543987774457288, 'generation': 638}","{'id': 28253, 'rank': 19, 'fitness': 0.06081419208785177, 'generation': 638}","{'id': 28254, 'rank': 20, 'fitness': 0.05932340458796487, 'generation': 638}","{'id': 28221, 'rank': 21, 'fitness': 0.05423961039786551, 'generation': 638}","{'id': 28259, 'rank': 22, 'fitness': 0.044204736867109407, 'generation': 638}","{'id': 28232, 'rank': 23, 'fitness': 0.03843462473852621, 'generation': 638}","{'id': 28226, 'rank': 24, 'fitness': 0.03566541779886012, 'generation': 638}","{'id': 28242, 'rank': 25, 'fitness': 0.030488729757585376, 'generation': 638}","{'id': 28224, 'rank': 26, 'fitness': 0.021211893984603436, 'generation': 638}","{'id': 28237, 'rank': 27, 'fitness': 0.020188790544439283, 'generation': 638}","{'id': 28238, 'rank': 28, 'fitness': 0.0187521801269801, 'generation': 638}","{'id': 28219, 'rank': 29, 'fitness': 0.01825032234254076, 'generation': 638}","{'id': 28257, 'rank': 30, 'fitness': 0.01798620996209155, 'generation': 638}"
"{'id': 28264, 'rank': 1, 'fitness': 0.9820137900379085, 'generation': 639}","{'id': 28284, 'rank': 2, 'fitness': 0.9642247952357972, 'generation': 639}","{'id': 28269, 'rank': 3, 'fitness': 0.5005724259332065, 'generation': 639}","{'id': 28272, 'rank': 4, 'fitness': 0.3965226438980045, 'generation': 639}","{'id': 28282, 'rank': 5, 'fitness': 0.38885046712426485, 'generation': 639}","{'id': 28291, 'rank': 6, 'fitness': 0.3175110483463873, 'generation': 639}","{'id': 28280, 'rank': 7, 'fitness': 0.29209902687347455, 'generation': 639}","{'id': 28278, 'rank': 8, 'fitness': 0.23270713433015544, 'generation': 639}","{'id': 28274, 'rank': 9, 'fitness': 0.19691775667052652, 'generation': 639}","{'id': 28263, 'rank': 10, 'fitness': 0.1919063392973192, 'generation': 639}","{'id': 28285, 'rank': 11, 'fitness': 0.11346273874984031, 'generation': 639}","{'id': 28290, 'rank': 12, 'fitness': 0.10999238631535535, 'generation': 639}","{'id': 28294, 'rank': 13, 'fitness': 0.10652610573262317, 'generation': 639}","{'id': 28292, 'rank': 14, 'fitness': 0.1038300616057275, 'generation': 639}","{'id': 28279, 'rank': 15, 'fitness': 0.09307395491189291, 'generation': 639}","{'id': 28266, 'rank': 16, 'fitness': 0.07609814789261227, 'generation': 639}","{'id': 28293, 'rank': 17, 'fitness': 0.0729881782661509, 'generation': 639}","{'id': 28268, 'rank': 18, 'fitness': 0.0654134916528436, 'generation': 639}","{'id': 28267, 'rank': 19, 'fitness': 0.04669155344794107, 'generation': 639}","{'id': 28273, 'rank': 20, 'fitness': 0.04220201879235591, 'generation': 639}","{'id': 28270, 'rank': 21, 'fitness': 0.03658973369817747, 'generation': 639}","{'id': 28275, 'rank': 22, 'fitness': 0.03604596613926497, 'generation': 639}","{'id': 28297, 'rank': 23, 'fitness': 0.035964181426831054, 'generation': 639}","{'id': 28260, 'rank': 24, 'fitness': 0.03463608767489407, 'generation': 639}","{'id': 28271, 'rank': 25, 'fitness': 0.03167121772742981, 'generation': 639}","{'id': 28287, 'rank': 26, 'fitness': 0.02509806969984324, 'generation': 639}","{'id': 28261, 'rank': 27, 'fitness': 0.02457547780260738, 'generation': 639}","{'id': 28281, 'rank': 28, 'fitness': 0.023937273939962478, 'generation': 639}","{'id': 28277, 'rank': 29, 'fitness': 0.02353315421467872, 'generation': 639}","{'id': 28286, 'rank': 30, 'fitness': 0.01798620996209155, 'generation': 639}"
"{'id': 28328, 'rank': 1, 'fitness': 0.9820137900379085, 'generation': 640}","{'id': 28315, 'rank': 2, 'fitness': 0.972407222236676, 'generation': 640}","{'id': 28308, 'rank': 3, 'fitness': 0.9573151168493043, 'generation': 640}","{'id': 28314, 'rank': 4, 'fitness': 0.9196387739291523, 'generation': 640}","{'id': 28318, 'rank': 5, 'fitness': 0.9121754783581573, 'generation': 640}","{'id': 28332, 'rank': 6, 'fitness': 0.8737812865503317, 'generation': 640}","{'id': 28309, 'rank': 7, 'fitness': 0.8242510046656737, 'generation': 640}","{'id': 28306, 'rank': 8, 'fitness': 0.7856802418843786, 'generation': 640}","{'id': 28325, 'rank': 9, 'fitness': 0.7249917409170081, 'generation': 640}","{'id': 28319, 'rank': 10, 'fitness': 0.6387686518773397, 'generation': 640}","{'id': 28316, 'rank': 11, 'fitness': 0.6203287593874532, 'generation': 640}","{'id': 28313, 'rank': 12, 'fitness': 0.5523951628835992, 'generation': 640}","{'id': 28321, 'rank': 13, 'fitness': 0.4651306962630378, 'generation': 640}","{'id': 28317, 'rank': 14, 'fitness': 0.43047803168627635, 'generation': 640}","{'id': 28327, 'rank': 15, 'fitness': 0.38531962543104337, 'generation': 640}","{'id': 28324, 'rank': 16, 'fitness': 0.3805827276545283, 'generation': 640}","{'id': 28331, 'rank': 17, 'fitness': 0.33549694115285633, 'generation': 640}","{'id': 28310, 'rank': 18, 'fitness': 0.3293533325788287, 'generation': 640}","{'id': 28326, 'rank': 19, 'fitness': 0.32529279761851737, 'generation': 640}","{'id': 28304, 'rank': 20, 'fitness': 0.24581640240025632, 'generation': 640}","{'id': 28300, 'rank': 21, 'fitness': 0.20030858113499778, 'generation': 640}","{'id': 28323, 'rank': 22, 'fitness': 0.18973081201737946, 'generation': 640}","{'id': 28299, 'rank': 23, 'fitness': 0.14627076045932752, 'generation': 640}","{'id': 28303, 'rank': 24, 'fitness': 0.12726516173056746, 'generation': 640}","{'id': 28330, 'rank': 25, 'fitness': 0.10771484353678706, 'generation': 640}","{'id': 28311, 'rank': 26, 'fitness': 0.08865127481305773, 'generation': 640}","{'id': 28320, 'rank': 27, 'fitness': 0.057852973309047706, 'generation': 640}","{'id': 28307, 'rank': 28, 'fitness': 0.041158924836971034, 'generation': 640}","{'id': 28302, 'rank': 29, 'fitness': 0.019772645597591842, 'generation': 640}","{'id': 28312, 'rank': 30, 'fitness': 0.01798620996209155, 'generation': 640}"
"{'id': 28382, 'rank': 1, 'fitness': 0.9820137900379085, 'generation': 641}","{'id': 28372, 'rank': 2, 'fitness': 0.9709993828826944, 'generation': 641}","{'id': 28359, 'rank': 3, 'fitness': 0.970364755131311, 'generation': 641}","{'id': 28377, 'rank': 4, 'fitness': 0.8958224361544171, 'generation': 641}","{'id': 28379, 'rank': 5, 'fitness': 0.6976617629756952, 'generation': 641}","{'id': 28350, 'rank': 6, 'fitness': 0.6467294688231273, 'generation': 641}","{'id': 28373, 'rank': 7, 'fitness': 0.6354203657379389, 'generation': 641}","{'id': 28374, 'rank': 8, 'fitness': 0.4359180990124858, 'generation': 641}","{'id': 28358, 'rank': 9, 'fitness': 0.43264264771003136, 'generation': 641}","{'id': 28363, 'rank': 10, 'fitness': 0.3767680042127424, 'generation': 641}","{'id': 28368, 'rank': 11, 'fitness': 0.3600128807422181, 'generation': 641}","{'id': 28338, 'rank': 12, 'fitness': 0.3268676773008413, 'generation': 641}","{'id': 28366, 'rank': 13, 'fitness': 0.31847038915542797, 'generation': 641}","{'id': 28334, 'rank': 14, 'fitness': 0.2553189878767109, 'generation': 641}","{'id': 28348, 'rank': 15, 'fitness': 0.25228134037345284, 'generation': 641}","{'id': 28370, 'rank': 16, 'fitness': 0.19681557329763855, 'generation': 641}","{'id': 28378, 'rank': 17, 'fitness': 0.14005718414902008, 'generation': 641}","{'id': 28347, 'rank': 18, 'fitness': 0.1281998341685846, 'generation': 641}","{'id': 28333, 'rank': 19, 'fitness': 0.12641867282372093, 'generation': 641}","{'id': 28369, 'rank': 20, 'fitness': 0.11980482830847383, 'generation': 641}","{'id': 28383, 'rank': 21, 'fitness': 0.07481193283457993, 'generation': 641}","{'id': 28367, 'rank': 22, 'fitness': 0.05048109859841471, 'generation': 641}","{'id': 28365, 'rank': 23, 'fitness': 0.049553163768596475, 'generation': 641}","{'id': 28376, 'rank': 24, 'fitness': 0.04618742297029377, 'generation': 641}","{'id': 28381, 'rank': 25, 'fitness': 0.04117704575381165, 'generation': 641}","{'id': 28339, 'rank': 26, 'fitness': 0.03718549454023884, 'generation': 641}","{'id': 28340, 'rank': 27, 'fitness': 0.021061413749776214, 'generation': 641}","{'id': 28352, 'rank': 28, 'fitness': 0.019845040529980484, 'generation': 641}","{'id': 28342, 'rank': 29, 'fitness': 0.019387681926494482, 'generation': 641}","{'id': 28337, 'rank': 30, 'fitness': 0.01798620996209155, 'generation': 641}"
"{'id': 28422, 'rank': 1, 'fitness': 0.9820137900379085, 'generation': 642}","{'id': 28434, 'rank': 2, 'fitness': 0.9071916359214116, 'generation': 642}","{'id': 28433, 'rank': 3, 'fitness': 0.6789771553416096, 'generation': 642}","{'id': 28425, 'rank': 4, 'fitness': 0.5842960048419565, 'generation': 642}","{'id': 28418, 'rank': 5, 'fitness': 0.3255676606756779, 'generation': 642}","{'id': 28428, 'rank': 6, 'fitness': 0.3225899688072934, 'generation': 642}","{'id': 28414, 'rank': 7, 'fitness': 0.3045345164316404, 'generation': 642}","{'id': 28421, 'rank': 8, 'fitness': 0.2768286447233823, 'generation': 642}","{'id': 28413, 'rank': 9, 'fitness': 0.26863948127764303, 'generation': 642}","{'id': 28416, 'rank': 10, 'fitness': 0.202727257361822, 'generation': 642}","{'id': 28430, 'rank': 11, 'fitness': 0.18875238175482573, 'generation': 642}","{'id': 28399, 'rank': 12, 'fitness': 0.18146107259541366, 'generation': 642}","{'id': 28419, 'rank': 13, 'fitness': 0.17746882284822113, 'generation': 642}","{'id': 28410, 'rank': 14, 'fitness': 0.1618996036263155, 'generation': 642}","{'id': 28403, 'rank': 15, 'fitness': 0.14879936433066654, 'generation': 642}","{'id': 28429, 'rank': 16, 'fitness': 0.11623969416091151, 'generation': 642}","{'id': 28427, 'rank': 17, 'fitness': 0.11084350657835196, 'generation': 642}","{'id': 28411, 'rank': 18, 'fitness': 0.10829783543518184, 'generation': 642}","{'id': 28388, 'rank': 19, 'fitness': 0.09829301337561602, 'generation': 642}","{'id': 28400, 'rank': 20, 'fitness': 0.06097586400935606, 'generation': 642}","{'id': 28420, 'rank': 21, 'fitness': 0.05834099225283057, 'generation': 642}","{'id': 28387, 'rank': 22, 'fitness': 0.05152916076357511, 'generation': 642}","{'id': 28395, 'rank': 23, 'fitness': 0.032603488526524615, 'generation': 642}","{'id': 28385, 'rank': 24, 'fitness': 0.028008571387767967, 'generation': 642}","{'id': 28386, 'rank': 25, 'fitness': 0.026468355947334765, 'generation': 642}","{'id': 28401, 'rank': 26, 'fitness': 0.02623424739423974, 'generation': 642}","{'id': 28389, 'rank': 27, 'fitness': 0.025973829254053615, 'generation': 642}","{'id': 28431, 'rank': 28, 'fitness': 0.020653063545205574, 'generation': 642}","{'id': 28426, 'rank': 29, 'fitness': 0.018570607488540336, 'generation': 642}","{'id': 28407, 'rank': 30, 'fitness': 0.01798620996209155, 'generation': 642}"
"{'id': 28468, 'rank': 1, 'fitness': 0.9820137900379085, 'generation': 643}","{'id': 28454, 'rank': 2, 'fitness': 0.6576588552611605, 'generation': 643}","{'id': 28456, 'rank': 3, 'fitness': 0.6270045044093794, 'generation': 643}","{'id': 28458, 'rank': 4, 'fitness': 0.44208710987950095, 'generation': 643}","{'id': 28469, 'rank': 5, 'fitness': 0.3835985300201864, 'generation': 643}","{'id': 28466, 'rank': 6, 'fitness': 0.38188662438233456, 'generation': 643}","{'id': 28464, 'rank': 7, 'fitness': 0.31369510074542084, 'generation': 643}","{'id': 28436, 'rank': 8, 'fitness': 0.3035305194857135, 'generation': 643}","{'id': 28445, 'rank': 9, 'fitness': 0.28176450333271813, 'generation': 643}","{'id': 28467, 'rank': 10, 'fitness': 0.2759231894189852, 'generation': 643}","{'id': 28463, 'rank': 11, 'fitness': 0.2547293972740793, 'generation': 643}","{'id': 28460, 'rank': 12, 'fitness': 0.2532675076408917, 'generation': 643}","{'id': 28441, 'rank': 13, 'fitness': 0.21210229643174755, 'generation': 643}","{'id': 28435, 'rank': 14, 'fitness': 0.15688626431218544, 'generation': 643}","{'id': 28455, 'rank': 15, 'fitness': 0.1423515438288111, 'generation': 643}","{'id': 28444, 'rank': 16, 'fitness': 0.13342669528023793, 'generation': 643}","{'id': 28459, 'rank': 17, 'fitness': 0.12800157069365314, 'generation': 643}","{'id': 28465, 'rank': 18, 'fitness': 0.11704696452960989, 'generation': 643}","{'id': 28461, 'rank': 19, 'fitness': 0.08804241301074667, 'generation': 643}","{'id': 28471, 'rank': 20, 'fitness': 0.0865676167038445, 'generation': 643}","{'id': 28443, 'rank': 21, 'fitness': 0.07967729834185511, 'generation': 643}","{'id': 28439, 'rank': 22, 'fitness': 0.057796457125789735, 'generation': 643}","{'id': 28448, 'rank': 23, 'fitness': 0.057040601839624894, 'generation': 643}","{'id': 28462, 'rank': 24, 'fitness': 0.05012751627032197, 'generation': 643}","{'id': 28470, 'rank': 25, 'fitness': 0.049534712361941624, 'generation': 643}","{'id': 28453, 'rank': 26, 'fitness': 0.03780901849930085, 'generation': 643}","{'id': 28446, 'rank': 27, 'fitness': 0.028394394580367466, 'generation': 643}","{'id': 28451, 'rank': 28, 'fitness': 0.022195437068640633, 'generation': 643}","{'id': 28438, 'rank': 29, 'fitness': 0.0213638572813038, 'generation': 643}","{'id': 28450, 'rank': 30, 'fitness': 0.01798620996209155, 'generation': 643}"
"{'id': 28497, 'rank': 1, 'fitness': 0.9820137900379085, 'generation': 644}","{'id': 28472, 'rank': 2, 'fitness': 0.9792806538141599, 'generation': 644}","{'id': 28480, 'rank': 3, 'fitness': 0.9375525694767363, 'generation': 644}","{'id': 28490, 'rank': 4, 'fitness': 0.9045932456053869, 'generation': 644}","{'id': 28503, 'rank': 5, 'fitness': 0.86471082597337, 'generation': 644}","{'id': 28496, 'rank': 6, 'fitness': 0.7138374434513844, 'generation': 644}","{'id': 28494, 'rank': 7, 'fitness': 0.6621393065933459, 'generation': 644}","{'id': 28492, 'rank': 8, 'fitness': 0.6465952292421968, 'generation': 644}","{'id': 28495, 'rank': 9, 'fitness': 0.5303880348457768, 'generation': 644}","{'id': 28507, 'rank': 10, 'fitness': 0.47761422612521615, 'generation': 644}","{'id': 28501, 'rank': 11, 'fitness': 0.2760624764034393, 'generation': 644}","{'id': 28477, 'rank': 12, 'fitness': 0.2626058578939659, 'generation': 644}","{'id': 28502, 'rank': 13, 'fitness': 0.22267417970138037, 'generation': 644}","{'id': 28486, 'rank': 14, 'fitness': 0.2213141427178119, 'generation': 644}","{'id': 28493, 'rank': 15, 'fitness': 0.21422216714764697, 'generation': 644}","{'id': 28504, 'rank': 16, 'fitness': 0.20966405460168097, 'generation': 644}","{'id': 28499, 'rank': 17, 'fitness': 0.1988955863365373, 'generation': 644}","{'id': 28485, 'rank': 18, 'fitness': 0.1735074074365317, 'generation': 644}","{'id': 28488, 'rank': 19, 'fitness': 0.11207395172397949, 'generation': 644}","{'id': 28505, 'rank': 20, 'fitness': 0.10070983010280377, 'generation': 644}","{'id': 28506, 'rank': 21, 'fitness': 0.09735605502593803, 'generation': 644}","{'id': 28500, 'rank': 22, 'fitness': 0.08668799456091086, 'generation': 644}","{'id': 28483, 'rank': 23, 'fitness': 0.08446775316050431, 'generation': 644}","{'id': 28487, 'rank': 24, 'fitness': 0.08217269854522952, 'generation': 644}","{'id': 28482, 'rank': 25, 'fitness': 0.05553535756840067, 'generation': 644}","{'id': 28498, 'rank': 26, 'fitness': 0.03411849780067422, 'generation': 644}","{'id': 28481, 'rank': 27, 'fitness': 0.02640218855470211, 'generation': 644}","{'id': 28474, 'rank': 28, 'fitness': 0.019894322489916294, 'generation': 644}","{'id': 28489, 'rank': 29, 'fitness': 0.019306781509913662, 'generation': 644}","{'id': 28478, 'rank': 30, 'fitness': 0.01798620996209155, 'generation': 644}"
"{'id': 28547, 'rank': 1, 'fitness': 0.9820137900379085, 'generation': 645}","{'id': 28548, 'rank': 2, 'fitness': 0.9732471277469497, 'generation': 645}","{'id': 28535, 'rank': 3, 'fitness': 0.9630263848499371, 'generation': 645}","{'id': 28546, 'rank': 4, 'fitness': 0.9575933893538484, 'generation': 645}","{'id': 28531, 'rank': 5, 'fitness': 0.8625953195980722, 'generation': 645}","{'id': 28525, 'rank': 6, 'fitness': 0.8426576953550691, 'generation': 645}","{'id': 28550, 'rank': 7, 'fitness': 0.8085094424168399, 'generation': 645}","{'id': 28509, 'rank': 8, 'fitness': 0.7157093508923801, 'generation': 645}","{'id': 28513, 'rank': 9, 'fitness': 0.6910277462624482, 'generation': 645}","{'id': 28543, 'rank': 10, 'fitness': 0.6817412620609694, 'generation': 645}","{'id': 28534, 'rank': 11, 'fitness': 0.6398207242396312, 'generation': 645}","{'id': 28515, 'rank': 12, 'fitness': 0.5455379079314636, 'generation': 645}","{'id': 28537, 'rank': 13, 'fitness': 0.3843010385984564, 'generation': 645}","{'id': 28519, 'rank': 14, 'fitness': 0.2602381150732269, 'generation': 645}","{'id': 28549, 'rank': 15, 'fitness': 0.21409841481634379, 'generation': 645}","{'id': 28522, 'rank': 16, 'fitness': 0.1662780209217637, 'generation': 645}","{'id': 28530, 'rank': 17, 'fitness': 0.14873061092001055, 'generation': 645}","{'id': 28514, 'rank': 18, 'fitness': 0.1107654092511553, 'generation': 645}","{'id': 28551, 'rank': 19, 'fitness': 0.07368624559185705, 'generation': 645}","{'id': 28532, 'rank': 20, 'fitness': 0.06922154502413425, 'generation': 645}","{'id': 28539, 'rank': 21, 'fitness': 0.060354261674700704, 'generation': 645}","{'id': 28542, 'rank': 22, 'fitness': 0.041238884622651906, 'generation': 645}","{'id': 28540, 'rank': 23, 'fitness': 0.040783812177234036, 'generation': 645}","{'id': 28512, 'rank': 24, 'fitness': 0.03664163666708259, 'generation': 645}","{'id': 28528, 'rank': 25, 'fitness': 0.027184840171460112, 'generation': 645}","{'id': 28518, 'rank': 26, 'fitness': 0.025757122439672875, 'generation': 645}","{'id': 28510, 'rank': 27, 'fitness': 0.025298359237016954, 'generation': 645}","{'id': 28545, 'rank': 28, 'fitness': 0.02299869471355248, 'generation': 645}","{'id': 28516, 'rank': 29, 'fitness': 0.021978088313031108, 'generation': 645}","{'id': 28529, 'rank': 30, 'fitness': 0.01798620996209155, 'generation': 645}"
"{'id': 28596, 'rank': 1, 'fitness': 0.9820137900379085, 'generation': 646}","{'id': 28602, 'rank': 2, 'fitness': 0.769782527278714, 'generation': 646}","{'id': 28598, 'rank': 3, 'fitness': 0.7252082692090653, 'generation': 646}","{'id': 28588, 'rank': 4, 'fitness': 0.7131032861990745, 'generation': 646}","{'id': 28597, 'rank': 5, 'fitness': 0.5358287961565812, 'generation': 646}","{'id': 28590, 'rank': 6, 'fitness': 0.5308331912952376, 'generation': 646}","{'id': 28589, 'rank': 7, 'fitness': 0.5091257648488937, 'generation': 646}","{'id': 28599, 'rank': 8, 'fitness': 0.40683406818329926, 'generation': 646}","{'id': 28557, 'rank': 9, 'fitness': 0.3010483399393363, 'generation': 646}","{'id': 28579, 'rank': 10, 'fitness': 0.2644617208640695, 'generation': 646}","{'id': 28603, 'rank': 11, 'fitness': 0.2593534632109352, 'generation': 646}","{'id': 28578, 'rank': 12, 'fitness': 0.21171814272179873, 'generation': 646}","{'id': 28552, 'rank': 13, 'fitness': 0.2092800320905333, 'generation': 646}","{'id': 28601, 'rank': 14, 'fitness': 0.18866741228478867, 'generation': 646}","{'id': 28566, 'rank': 15, 'fitness': 0.18045951894952533, 'generation': 646}","{'id': 28604, 'rank': 16, 'fitness': 0.16222973801346974, 'generation': 646}","{'id': 28571, 'rank': 17, 'fitness': 0.0989325193154657, 'generation': 646}","{'id': 28580, 'rank': 18, 'fitness': 0.09374237333698138, 'generation': 646}","{'id': 28555, 'rank': 19, 'fitness': 0.0823266541575246, 'generation': 646}","{'id': 28587, 'rank': 20, 'fitness': 0.07323584095602337, 'generation': 646}","{'id': 28574, 'rank': 21, 'fitness': 0.06108854822983795, 'generation': 646}","{'id': 28606, 'rank': 22, 'fitness': 0.05434135962325792, 'generation': 646}","{'id': 28576, 'rank': 23, 'fitness': 0.05209208089611267, 'generation': 646}","{'id': 28600, 'rank': 24, 'fitness': 0.0396191824962247, 'generation': 646}","{'id': 28585, 'rank': 25, 'fitness': 0.03269165384221662, 'generation': 646}","{'id': 28573, 'rank': 26, 'fitness': 0.03253459852970281, 'generation': 646}","{'id': 28553, 'rank': 27, 'fitness': 0.03212265500168898, 'generation': 646}","{'id': 28592, 'rank': 28, 'fitness': 0.028488155679629423, 'generation': 646}","{'id': 28595, 'rank': 29, 'fitness': 0.027374797365904313, 'generation': 646}","{'id': 28559, 'rank': 30, 'fitness': 0.01798620996209155, 'generation': 646}"
"{'id': 28637, 'rank': 1, 'fitness': 0.9820137900379085, 'generation': 647}","{'id': 28625, 'rank': 2, 'fitness': 0.9637171393529049, 'generation': 647}","{'id': 28630, 'rank': 3, 'fitness': 0.9388104840719924, 'generation': 647}","{'id': 28641, 'rank': 4, 'fitness': 0.8144769225498016, 'generation': 647}","{'id': 28631, 'rank': 5, 'fitness': 0.6228107843910331, 'generation': 647}","{'id': 28642, 'rank': 6, 'fitness': 0.5906864825800242, 'generation': 647}","{'id': 28633, 'rank': 7, 'fitness': 0.5176295126009054, 'generation': 647}","{'id': 28645, 'rank': 8, 'fitness': 0.49291295555406417, 'generation': 647}","{'id': 28644, 'rank': 9, 'fitness': 0.3915121470912185, 'generation': 647}","{'id': 28626, 'rank': 10, 'fitness': 0.32882265903506086, 'generation': 647}","{'id': 28612, 'rank': 11, 'fitness': 0.31580611468906455, 'generation': 647}","{'id': 28634, 'rank': 12, 'fitness': 0.28643546251484364, 'generation': 647}","{'id': 28616, 'rank': 13, 'fitness': 0.2852006798811122, 'generation': 647}","{'id': 28638, 'rank': 14, 'fitness': 0.27672991615929116, 'generation': 647}","{'id': 28609, 'rank': 15, 'fitness': 0.25318879081810064, 'generation': 647}","{'id': 28643, 'rank': 16, 'fitness': 0.23843607753406143, 'generation': 647}","{'id': 28623, 'rank': 17, 'fitness': 0.23714261732585878, 'generation': 647}","{'id': 28627, 'rank': 18, 'fitness': 0.12868398225995858, 'generation': 647}","{'id': 28611, 'rank': 19, 'fitness': 0.12474610320910401, 'generation': 647}","{'id': 28632, 'rank': 20, 'fitness': 0.11994522589015444, 'generation': 647}","{'id': 28624, 'rank': 21, 'fitness': 0.08570155157659232, 'generation': 647}","{'id': 28610, 'rank': 22, 'fitness': 0.06885773142023016, 'generation': 647}","{'id': 28622, 'rank': 23, 'fitness': 0.06833715630680631, 'generation': 647}","{'id': 28617, 'rank': 24, 'fitness': 0.06789427156405853, 'generation': 647}","{'id': 28621, 'rank': 25, 'fitness': 0.054444452996944226, 'generation': 647}","{'id': 28639, 'rank': 26, 'fitness': 0.052151526978783, 'generation': 647}","{'id': 28636, 'rank': 27, 'fitness': 0.030285997435030576, 'generation': 647}","{'id': 28629, 'rank': 28, 'fitness': 0.02537191975826253, 'generation': 647}","{'id': 28614, 'rank': 29, 'fitness': 0.019861288144237377, 'generation': 647}","{'id': 28607, 'rank': 30, 'fitness': 0.01798620996209155, 'generation': 647}"
"{'id': 28679, 'rank': 1, 'fitness': 0.9820137900379085, 'generation': 648}","{'id': 28682, 'rank': 2, 'fitness': 0.8855481763450523, 'generation': 648}","{'id': 28659, 'rank': 3, 'fitness': 0.7823200515949227, 'generation': 648}","{'id': 28681, 'rank': 4, 'fitness': 0.605945566914536, 'generation': 648}","{'id': 28675, 'rank': 5, 'fitness': 0.5635051855939204, 'generation': 648}","{'id': 28661, 'rank': 6, 'fitness': 0.49398317932326785, 'generation': 648}","{'id': 28663, 'rank': 7, 'fitness': 0.38779326176743206, 'generation': 648}","{'id': 28653, 'rank': 8, 'fitness': 0.3874046357320334, 'generation': 648}","{'id': 28669, 'rank': 9, 'fitness': 0.3853818723425053, 'generation': 648}","{'id': 28680, 'rank': 10, 'fitness': 0.3219271660145574, 'generation': 648}","{'id': 28662, 'rank': 11, 'fitness': 0.28363453549219475, 'generation': 648}","{'id': 28676, 'rank': 12, 'fitness': 0.2560386624139942, 'generation': 648}","{'id': 28677, 'rank': 13, 'fitness': 0.23101014891898408, 'generation': 648}","{'id': 28655, 'rank': 14, 'fitness': 0.22806847042499434, 'generation': 648}","{'id': 28673, 'rank': 15, 'fitness': 0.22014337388305144, 'generation': 648}","{'id': 28667, 'rank': 16, 'fitness': 0.1946582765747234, 'generation': 648}","{'id': 28660, 'rank': 17, 'fitness': 0.13882473758636615, 'generation': 648}","{'id': 28664, 'rank': 18, 'fitness': 0.1048389871553711, 'generation': 648}","{'id': 28648, 'rank': 19, 'fitness': 0.09150550445110178, 'generation': 648}","{'id': 28666, 'rank': 20, 'fitness': 0.08830898603711035, 'generation': 648}","{'id': 28674, 'rank': 21, 'fitness': 0.08738336999379726, 'generation': 648}","{'id': 28670, 'rank': 22, 'fitness': 0.08002424040746736, 'generation': 648}","{'id': 28668, 'rank': 23, 'fitness': 0.07180584266650586, 'generation': 648}","{'id': 28658, 'rank': 24, 'fitness': 0.06270941522011686, 'generation': 648}","{'id': 28657, 'rank': 25, 'fitness': 0.049448810082106553, 'generation': 648}","{'id': 28646, 'rank': 26, 'fitness': 0.04593073487811877, 'generation': 648}","{'id': 28651, 'rank': 27, 'fitness': 0.029460777111825875, 'generation': 648}","{'id': 28654, 'rank': 28, 'fitness': 0.029193353193153027, 'generation': 648}","{'id': 28678, 'rank': 29, 'fitness': 0.027693225284434353, 'generation': 648}","{'id': 28656, 'rank': 30, 'fitness': 0.01798620996209155, 'generation': 648}"
"{'id': 28707, 'rank': 1, 'fitness': 0.9820137900379085, 'generation': 649}","{'id': 28701, 'rank': 2, 'fitness': 0.9812950398253639, 'generation': 649}","{'id': 28693, 'rank': 3, 'fitness': 0.8998978166251371, 'generation': 649}","{'id': 28710, 'rank': 4, 'fitness': 0.7457592261796288, 'generation': 649}","{'id': 28714, 'rank': 5, 'fitness': 0.7010139857159423, 'generation': 649}","{'id': 28711, 'rank': 6, 'fitness': 0.6439253615626213, 'generation': 649}","{'id': 28700, 'rank': 7, 'fitness': 0.6115766152427123, 'generation': 649}","{'id': 28719, 'rank': 8, 'fitness': 0.5989717126513868, 'generation': 649}","{'id': 28703, 'rank': 9, 'fitness': 0.3601943224130011, 'generation': 649}","{'id': 28716, 'rank': 10, 'fitness': 0.3199958577386718, 'generation': 649}","{'id': 28712, 'rank': 11, 'fitness': 0.29790636607238596, 'generation': 649}","{'id': 28688, 'rank': 12, 'fitness': 0.28097420992506333, 'generation': 649}","{'id': 28715, 'rank': 13, 'fitness': 0.2784273937464625, 'generation': 649}","{'id': 28713, 'rank': 14, 'fitness': 0.18816422851785364, 'generation': 649}","{'id': 28708, 'rank': 15, 'fitness': 0.1867417830181609, 'generation': 649}","{'id': 28702, 'rank': 16, 'fitness': 0.1620205959162888, 'generation': 649}","{'id': 28686, 'rank': 17, 'fitness': 0.14495192694964132, 'generation': 649}","{'id': 28718, 'rank': 18, 'fitness': 0.09122104544197734, 'generation': 649}","{'id': 28692, 'rank': 19, 'fitness': 0.08080870940138873, 'generation': 649}","{'id': 28697, 'rank': 20, 'fitness': 0.07304238638835603, 'generation': 649}","{'id': 28704, 'rank': 21, 'fitness': 0.07047629428689678, 'generation': 649}","{'id': 28684, 'rank': 22, 'fitness': 0.06709259654727762, 'generation': 649}","{'id': 28694, 'rank': 23, 'fitness': 0.05687630861342041, 'generation': 649}","{'id': 28706, 'rank': 24, 'fitness': 0.049229963177563896, 'generation': 649}","{'id': 28709, 'rank': 25, 'fitness': 0.04890241325894007, 'generation': 649}","{'id': 28691, 'rank': 26, 'fitness': 0.04791982680453288, 'generation': 649}","{'id': 28687, 'rank': 27, 'fitness': 0.04031315977904787, 'generation': 649}","{'id': 28696, 'rank': 28, 'fitness': 0.03902666783977249, 'generation': 649}","{'id': 28705, 'rank': 29, 'fitness': 0.02520538306518222, 'generation': 649}","{'id': 28695, 'rank': 30, 'fitness': 0.01798620996209155, 'generation': 649}"
"{'id': 28754, 'rank': 1, 'fitness': 0.9820137900379085, 'generation': 650}","{'id': 28762, 'rank': 2, 'fitness': 0.9620729290224614, 'generation': 650}","{'id': 28765, 'rank': 3, 'fitness': 0.8198638211708298, 'generation': 650}","{'id': 28753, 'rank': 4, 'fitness': 0.5270487518020515, 'generation': 650}","{'id': 28760, 'rank': 5, 'fitness': 0.4842080785171931, 'generation': 650}","{'id': 28722, 'rank': 6, 'fitness': 0.3520753798098368, 'generation': 650}","{'id': 28747, 'rank': 7, 'fitness': 0.31234505103885735, 'generation': 650}","{'id': 28764, 'rank': 8, 'fitness': 0.3122526507161216, 'generation': 650}","{'id': 28726, 'rank': 9, 'fitness': 0.2897862857249785, 'generation': 650}","{'id': 28759, 'rank': 10, 'fitness': 0.28627159204793323, 'generation': 650}","{'id': 28757, 'rank': 11, 'fitness': 0.21863221222838775, 'generation': 650}","{'id': 28748, 'rank': 12, 'fitness': 0.19048501146473573, 'generation': 650}","{'id': 28761, 'rank': 13, 'fitness': 0.18359356931566712, 'generation': 650}","{'id': 28763, 'rank': 14, 'fitness': 0.181949931378792, 'generation': 650}","{'id': 28734, 'rank': 15, 'fitness': 0.17316434299684824, 'generation': 650}","{'id': 28735, 'rank': 16, 'fitness': 0.16153417106533435, 'generation': 650}","{'id': 28733, 'rank': 17, 'fitness': 0.13569915738284094, 'generation': 650}","{'id': 28737, 'rank': 18, 'fitness': 0.09744411119041979, 'generation': 650}","{'id': 28724, 'rank': 19, 'fitness': 0.09684356634694857, 'generation': 650}","{'id': 28749, 'rank': 20, 'fitness': 0.09613523524985079, 'generation': 650}","{'id': 28766, 'rank': 21, 'fitness': 0.09508141366410788, 'generation': 650}","{'id': 28738, 'rank': 22, 'fitness': 0.085344808431006, 'generation': 650}","{'id': 28745, 'rank': 23, 'fitness': 0.07377240861433215, 'generation': 650}","{'id': 28742, 'rank': 24, 'fitness': 0.06573543139237265, 'generation': 650}","{'id': 28740, 'rank': 25, 'fitness': 0.050289431981723864, 'generation': 650}","{'id': 28727, 'rank': 26, 'fitness': 0.04968359393330801, 'generation': 650}","{'id': 28752, 'rank': 27, 'fitness': 0.04102242598628647, 'generation': 650}","{'id': 28736, 'rank': 28, 'fitness': 0.030429913096728156, 'generation': 650}","{'id': 28741, 'rank': 29, 'fitness': 0.02155028783575874, 'generation': 650}","{'id': 28744, 'rank': 30, 'fitness': 0.01798620996209155, 'generation': 650}"
"{'id': 28805, 'rank': 1, 'fitness': 0.9820137900379085, 'generation': 651}","{'id': 28799, 'rank': 2, 'fitness': 0.9553251474108746, 'generation': 651}","{'id': 28769, 'rank': 3, 'fitness': 0.936682571314186, 'generation': 651}","{'id': 28802, 'rank': 4, 'fitness': 0.936575230026279, 'generation': 651}","{'id': 28794, 'rank': 5, 'fitness': 0.7421021316992698, 'generation': 651}","{'id': 28808, 'rank': 6, 'fitness': 0.6560755145532344, 'generation': 651}","{'id': 28789, 'rank': 7, 'fitness': 0.5359765312100537, 'generation': 651}","{'id': 28796, 'rank': 8, 'fitness': 0.487029826580892, 'generation': 651}","{'id': 28792, 'rank': 9, 'fitness': 0.18494637455149143, 'generation': 651}","{'id': 28800, 'rank': 10, 'fitness': 0.16599741999925677, 'generation': 651}","{'id': 28804, 'rank': 11, 'fitness': 0.14529357983044644, 'generation': 651}","{'id': 28775, 'rank': 12, 'fitness': 0.145214038068599, 'generation': 651}","{'id': 28801, 'rank': 13, 'fitness': 0.13823693062547754, 'generation': 651}","{'id': 28807, 'rank': 14, 'fitness': 0.12084551970018276, 'generation': 651}","{'id': 28785, 'rank': 15, 'fitness': 0.12040524825265186, 'generation': 651}","{'id': 28786, 'rank': 16, 'fitness': 0.11731259433873487, 'generation': 651}","{'id': 28768, 'rank': 17, 'fitness': 0.11602384420053413, 'generation': 651}","{'id': 28780, 'rank': 18, 'fitness': 0.08514364909328132, 'generation': 651}","{'id': 28791, 'rank': 19, 'fitness': 0.08412836823033593, 'generation': 651}","{'id': 28778, 'rank': 20, 'fitness': 0.07977167734600932, 'generation': 651}","{'id': 28776, 'rank': 21, 'fitness': 0.0745800719911387, 'generation': 651}","{'id': 28781, 'rank': 22, 'fitness': 0.05441870870212007, 'generation': 651}","{'id': 28798, 'rank': 23, 'fitness': 0.04195730645242385, 'generation': 651}","{'id': 28795, 'rank': 24, 'fitness': 0.041943756171455404, 'generation': 651}","{'id': 28793, 'rank': 25, 'fitness': 0.037917762128227395, 'generation': 651}","{'id': 28774, 'rank': 26, 'fitness': 0.034468501402552754, 'generation': 651}","{'id': 28767, 'rank': 27, 'fitness': 0.02796592064445763, 'generation': 651}","{'id': 28803, 'rank': 28, 'fitness': 0.027594878555430247, 'generation': 651}","{'id': 28787, 'rank': 29, 'fitness': 0.02054191993550103, 'generation': 651}","{'id': 28806, 'rank': 30, 'fitness': 0.01798620996209155, 'generation': 651}"
"{'id': 28840, 'rank': 1, 'fitness': 0.9820137900379085, 'generation': 652}","{'id': 28850, 'rank': 2, 'fitness': 0.9795852553117383, 'generation': 652}","{'id': 28843, 'rank': 3, 'fitness': 0.9418966064872765, 'generation': 652}","{'id': 28847, 'rank': 4, 'fitness': 0.9042434631938406, 'generation': 652}","{'id': 28835, 'rank': 5, 'fitness': 0.8598752877638631, 'generation': 652}","{'id': 28828, 'rank': 6, 'fitness': 0.7127770962532126, 'generation': 652}","{'id': 28837, 'rank': 7, 'fitness': 0.7087947391483769, 'generation': 652}","{'id': 28839, 'rank': 8, 'fitness': 0.6038664417910358, 'generation': 652}","{'id': 28824, 'rank': 9, 'fitness': 0.5563777315733952, 'generation': 652}","{'id': 28842, 'rank': 10, 'fitness': 0.5346836291803344, 'generation': 652}","{'id': 28819, 'rank': 11, 'fitness': 0.40960088901630637, 'generation': 652}","{'id': 28818, 'rank': 12, 'fitness': 0.3895203995495704, 'generation': 652}","{'id': 28838, 'rank': 13, 'fitness': 0.33890698381649165, 'generation': 652}","{'id': 28848, 'rank': 14, 'fitness': 0.3043988974464614, 'generation': 652}","{'id': 28844, 'rank': 15, 'fitness': 0.26128713329692577, 'generation': 652}","{'id': 28845, 'rank': 16, 'fitness': 0.22772064469075726, 'generation': 652}","{'id': 28810, 'rank': 17, 'fitness': 0.17136919637627734, 'generation': 652}","{'id': 28821, 'rank': 18, 'fitness': 0.1518559794663405, 'generation': 652}","{'id': 28829, 'rank': 19, 'fitness': 0.1054461199798089, 'generation': 652}","{'id': 28846, 'rank': 20, 'fitness': 0.09147670800055452, 'generation': 652}","{'id': 28833, 'rank': 21, 'fitness': 0.0778216013579146, 'generation': 652}","{'id': 28830, 'rank': 22, 'fitness': 0.06944232660895033, 'generation': 652}","{'id': 28849, 'rank': 23, 'fitness': 0.05241896021025705, 'generation': 652}","{'id': 28825, 'rank': 24, 'fitness': 0.04122226219131908, 'generation': 652}","{'id': 28827, 'rank': 25, 'fitness': 0.036398398477793525, 'generation': 652}","{'id': 28817, 'rank': 26, 'fitness': 0.025771396500800847, 'generation': 652}","{'id': 28812, 'rank': 27, 'fitness': 0.024851908847145887, 'generation': 652}","{'id': 28841, 'rank': 28, 'fitness': 0.022642000842700627, 'generation': 652}","{'id': 28836, 'rank': 29, 'fitness': 0.0224644432961274, 'generation': 652}","{'id': 28811, 'rank': 30, 'fitness': 0.01798620996209155, 'generation': 652}"
"{'id': 28856, 'rank': 1, 'fitness': 0.9820137900379085, 'generation': 653}","{'id': 28894, 'rank': 2, 'fitness': 0.9462521019089766, 'generation': 653}","{'id': 28883, 'rank': 3, 'fitness': 0.9421223778400586, 'generation': 653}","{'id': 28888, 'rank': 4, 'fitness': 0.9299952355528138, 'generation': 653}","{'id': 28876, 'rank': 5, 'fitness': 0.9062786476671324, 'generation': 653}","{'id': 28889, 'rank': 6, 'fitness': 0.8313997760005853, 'generation': 653}","{'id': 28874, 'rank': 7, 'fitness': 0.7715288018832618, 'generation': 653}","{'id': 28884, 'rank': 8, 'fitness': 0.7616052770204278, 'generation': 653}","{'id': 28893, 'rank': 9, 'fitness': 0.7144043568516533, 'generation': 653}","{'id': 28852, 'rank': 10, 'fitness': 0.679289954830331, 'generation': 653}","{'id': 28851, 'rank': 11, 'fitness': 0.5873344428692379, 'generation': 653}","{'id': 28887, 'rank': 12, 'fitness': 0.5578708487857265, 'generation': 653}","{'id': 28868, 'rank': 13, 'fitness': 0.46038880249588154, 'generation': 653}","{'id': 28891, 'rank': 14, 'fitness': 0.4467344826439588, 'generation': 653}","{'id': 28873, 'rank': 15, 'fitness': 0.36008536833571947, 'generation': 653}","{'id': 28864, 'rank': 16, 'fitness': 0.30741318969870124, 'generation': 653}","{'id': 28880, 'rank': 17, 'fitness': 0.23688492738348554, 'generation': 653}","{'id': 28860, 'rank': 18, 'fitness': 0.16905512148042579, 'generation': 653}","{'id': 28870, 'rank': 19, 'fitness': 0.1341259485519053, 'generation': 653}","{'id': 28853, 'rank': 20, 'fitness': 0.11549667288074916, 'generation': 653}","{'id': 28865, 'rank': 21, 'fitness': 0.1091174940723128, 'generation': 653}","{'id': 28872, 'rank': 22, 'fitness': 0.09758607779733086, 'generation': 653}","{'id': 28886, 'rank': 23, 'fitness': 0.09708688564658763, 'generation': 653}","{'id': 28875, 'rank': 24, 'fitness': 0.09649660473973665, 'generation': 653}","{'id': 28881, 'rank': 25, 'fitness': 0.07352067361211984, 'generation': 653}","{'id': 28866, 'rank': 26, 'fitness': 0.03533184568003922, 'generation': 653}","{'id': 28885, 'rank': 27, 'fitness': 0.030262414694623763, 'generation': 653}","{'id': 28867, 'rank': 28, 'fitness': 0.020989529679824925, 'generation': 653}","{'id': 28871, 'rank': 29, 'fitness': 0.018644123312467842, 'generation': 653}","{'id': 28892, 'rank': 30, 'fitness': 0.01798620996209155, 'generation': 653}"
"{'id': 28937, 'rank': 1, 'fitness': 0.9820137900379085, 'generation': 654}","{'id': 28943, 'rank': 2, 'fitness': 0.7218087503952804, 'generation': 654}","{'id': 28902, 'rank': 3, 'fitness': 0.6807267788003996, 'generation': 654}","{'id': 28922, 'rank': 4, 'fitness': 0.6254773775485016, 'generation': 654}","{'id': 28934, 'rank': 5, 'fitness': 0.5269359971183817, 'generation': 654}","{'id': 28924, 'rank': 6, 'fitness': 0.4610302374641201, 'generation': 654}","{'id': 28936, 'rank': 7, 'fitness': 0.3867149548463882, 'generation': 654}","{'id': 28933, 'rank': 8, 'fitness': 0.35988040951462186, 'generation': 654}","{'id': 28906, 'rank': 9, 'fitness': 0.33176609764168724, 'generation': 654}","{'id': 28938, 'rank': 10, 'fitness': 0.2694745126183907, 'generation': 654}","{'id': 28942, 'rank': 11, 'fitness': 0.22236648116179097, 'generation': 654}","{'id': 28907, 'rank': 12, 'fitness': 0.21786937175811466, 'generation': 654}","{'id': 28932, 'rank': 13, 'fitness': 0.18479192271841666, 'generation': 654}","{'id': 28899, 'rank': 14, 'fitness': 0.16925642818130532, 'generation': 654}","{'id': 28917, 'rank': 15, 'fitness': 0.15676065437989206, 'generation': 654}","{'id': 28939, 'rank': 16, 'fitness': 0.15060609387806806, 'generation': 654}","{'id': 28903, 'rank': 17, 'fitness': 0.11601231204717993, 'generation': 654}","{'id': 28916, 'rank': 18, 'fitness': 0.11092148642760813, 'generation': 654}","{'id': 28911, 'rank': 19, 'fitness': 0.1067194263682768, 'generation': 654}","{'id': 28898, 'rank': 20, 'fitness': 0.07952463479666055, 'generation': 654}","{'id': 28905, 'rank': 21, 'fitness': 0.07797149672788073, 'generation': 654}","{'id': 28900, 'rank': 22, 'fitness': 0.0724532600638011, 'generation': 654}","{'id': 28935, 'rank': 23, 'fitness': 0.06369622378485063, 'generation': 654}","{'id': 28929, 'rank': 24, 'fitness': 0.04146463542439971, 'generation': 654}","{'id': 28925, 'rank': 25, 'fitness': 0.035069032400463274, 'generation': 654}","{'id': 28896, 'rank': 26, 'fitness': 0.032351819972311235, 'generation': 654}","{'id': 28945, 'rank': 27, 'fitness': 0.03187797466310738, 'generation': 654}","{'id': 28912, 'rank': 28, 'fitness': 0.023758778949171944, 'generation': 654}","{'id': 28895, 'rank': 29, 'fitness': 0.02130144886320101, 'generation': 654}","{'id': 28908, 'rank': 30, 'fitness': 0.01798620996209155, 'generation': 654}"
"{'id': 28960, 'rank': 1, 'fitness': 0.9820137900379085, 'generation': 655}","{'id': 28979, 'rank': 2, 'fitness': 0.9611177600155068, 'generation': 655}","{'id': 28983, 'rank': 3, 'fitness': 0.9002556970685287, 'generation': 655}","{'id': 28975, 'rank': 4, 'fitness': 0.854461920428072, 'generation': 655}","{'id': 28985, 'rank': 5, 'fitness': 0.8237722556185999, 'generation': 655}","{'id': 28977, 'rank': 6, 'fitness': 0.7454775572212288, 'generation': 655}","{'id': 28981, 'rank': 7, 'fitness': 0.7386704051513356, 'generation': 655}","{'id': 28978, 'rank': 8, 'fitness': 0.7178991631153693, 'generation': 655}","{'id': 28952, 'rank': 9, 'fitness': 0.5583633768370145, 'generation': 655}","{'id': 28966, 'rank': 10, 'fitness': 0.4529157785012104, 'generation': 655}","{'id': 28980, 'rank': 11, 'fitness': 0.4228842585174053, 'generation': 655}","{'id': 28963, 'rank': 12, 'fitness': 0.2884046119826585, 'generation': 655}","{'id': 28967, 'rank': 13, 'fitness': 0.28582260766206463, 'generation': 655}","{'id': 28971, 'rank': 14, 'fitness': 0.1931986659562303, 'generation': 655}","{'id': 28974, 'rank': 15, 'fitness': 0.16689483680503509, 'generation': 655}","{'id': 28970, 'rank': 16, 'fitness': 0.12466488102098883, 'generation': 655}","{'id': 28968, 'rank': 17, 'fitness': 0.09078533371741959, 'generation': 655}","{'id': 28956, 'rank': 18, 'fitness': 0.08477738891871262, 'generation': 655}","{'id': 28951, 'rank': 19, 'fitness': 0.08138507046402932, 'generation': 655}","{'id': 28982, 'rank': 20, 'fitness': 0.07692181172944529, 'generation': 655}","{'id': 28972, 'rank': 21, 'fitness': 0.06994889220405509, 'generation': 655}","{'id': 28947, 'rank': 22, 'fitness': 0.05966234742735249, 'generation': 655}","{'id': 28976, 'rank': 23, 'fitness': 0.05274779351101366, 'generation': 655}","{'id': 28984, 'rank': 24, 'fitness': 0.05051069886897541, 'generation': 655}","{'id': 28964, 'rank': 25, 'fitness': 0.04923151128025105, 'generation': 655}","{'id': 28961, 'rank': 26, 'fitness': 0.03564099556472977, 'generation': 655}","{'id': 28973, 'rank': 27, 'fitness': 0.03390214591004753, 'generation': 655}","{'id': 28950, 'rank': 28, 'fitness': 0.02340225673100671, 'generation': 655}","{'id': 28954, 'rank': 29, 'fitness': 0.0182776371690912, 'generation': 655}","{'id': 28969, 'rank': 30, 'fitness': 0.01798620996209155, 'generation': 655}"
"{'id': 29026, 'rank': 1, 'fitness': 0.9820137900379085, 'generation': 656}","{'id': 29027, 'rank': 2, 'fitness': 0.9435850419287873, 'generation': 656}","{'id': 29005, 'rank': 3, 'fitness': 0.9273451639396778, 'generation': 656}","{'id': 29020, 'rank': 4, 'fitness': 0.8846042512842041, 'generation': 656}","{'id': 29033, 'rank': 5, 'fitness': 0.828281388881912, 'generation': 656}","{'id': 28989, 'rank': 6, 'fitness': 0.776587503819548, 'generation': 656}","{'id': 29023, 'rank': 7, 'fitness': 0.537793168935572, 'generation': 656}","{'id': 29017, 'rank': 8, 'fitness': 0.5108954582974204, 'generation': 656}","{'id': 29016, 'rank': 9, 'fitness': 0.4383005533000183, 'generation': 656}","{'id': 28997, 'rank': 10, 'fitness': 0.4190813447525206, 'generation': 656}","{'id': 28998, 'rank': 11, 'fitness': 0.40576290792210945, 'generation': 656}","{'id': 29025, 'rank': 12, 'fitness': 0.35188603858816137, 'generation': 656}","{'id': 29018, 'rank': 13, 'fitness': 0.3191833375377594, 'generation': 656}","{'id': 29032, 'rank': 14, 'fitness': 0.2952698382219512, 'generation': 656}","{'id': 29029, 'rank': 15, 'fitness': 0.26453341084726856, 'generation': 656}","{'id': 29012, 'rank': 16, 'fitness': 0.2379658467070242, 'generation': 656}","{'id': 29010, 'rank': 17, 'fitness': 0.23681648670670863, 'generation': 656}","{'id': 28990, 'rank': 18, 'fitness': 0.1748686637107662, 'generation': 656}","{'id': 29022, 'rank': 19, 'fitness': 0.10362041428990165, 'generation': 656}","{'id': 29031, 'rank': 20, 'fitness': 0.08606481708422942, 'generation': 656}","{'id': 29021, 'rank': 21, 'fitness': 0.0522720993082087, 'generation': 656}","{'id': 29008, 'rank': 22, 'fitness': 0.039709276815564465, 'generation': 656}","{'id': 28995, 'rank': 23, 'fitness': 0.03511792671870734, 'generation': 656}","{'id': 28996, 'rank': 24, 'fitness': 0.028303804011292677, 'generation': 656}","{'id': 29011, 'rank': 25, 'fitness': 0.02598074651430865, 'generation': 656}","{'id': 29004, 'rank': 26, 'fitness': 0.019775488288552356, 'generation': 656}","{'id': 28993, 'rank': 27, 'fitness': 0.019240404651895637, 'generation': 656}","{'id': 29015, 'rank': 28, 'fitness': 0.01859804249135144, 'generation': 656}","{'id': 29019, 'rank': 29, 'fitness': 0.01810181011560008, 'generation': 656}","{'id': 29009, 'rank': 30, 'fitness': 0.01798620996209155, 'generation': 656}"
"{'id': 29076, 'rank': 1, 'fitness': 0.9820137900379085, 'generation': 657}","{'id': 29072, 'rank': 2, 'fitness': 0.8827511512912033, 'generation': 657}","{'id': 29034, 'rank': 3, 'fitness': 0.785376330810316, 'generation': 657}","{'id': 29045, 'rank': 4, 'fitness': 0.7037271649350662, 'generation': 657}","{'id': 29075, 'rank': 5, 'fitness': 0.6816922293163512, 'generation': 657}","{'id': 29067, 'rank': 6, 'fitness': 0.5677743356059779, 'generation': 657}","{'id': 29052, 'rank': 7, 'fitness': 0.4855949526750264, 'generation': 657}","{'id': 29074, 'rank': 8, 'fitness': 0.4333819417176482, 'generation': 657}","{'id': 29037, 'rank': 9, 'fitness': 0.3811495399736511, 'generation': 657}","{'id': 29073, 'rank': 10, 'fitness': 0.35090124341063444, 'generation': 657}","{'id': 29044, 'rank': 11, 'fitness': 0.3173609788332198, 'generation': 657}","{'id': 29047, 'rank': 12, 'fitness': 0.31358248896220386, 'generation': 657}","{'id': 29068, 'rank': 13, 'fitness': 0.2837433458925738, 'generation': 657}","{'id': 29078, 'rank': 14, 'fitness': 0.2650594753328511, 'generation': 657}","{'id': 29053, 'rank': 15, 'fitness': 0.2511609190231513, 'generation': 657}","{'id': 29077, 'rank': 16, 'fitness': 0.1890016880758768, 'generation': 657}","{'id': 29046, 'rank': 17, 'fitness': 0.12963693039177948, 'generation': 657}","{'id': 29079, 'rank': 18, 'fitness': 0.11472167735378103, 'generation': 657}","{'id': 29035, 'rank': 19, 'fitness': 0.08937072093018728, 'generation': 657}","{'id': 29056, 'rank': 20, 'fitness': 0.07869748434020896, 'generation': 657}","{'id': 29071, 'rank': 21, 'fitness': 0.061508126323025325, 'generation': 657}","{'id': 29049, 'rank': 22, 'fitness': 0.06097730616599817, 'generation': 657}","{'id': 29055, 'rank': 23, 'fitness': 0.05571468427924059, 'generation': 657}","{'id': 29069, 'rank': 24, 'fitness': 0.05139899134135578, 'generation': 657}","{'id': 29059, 'rank': 25, 'fitness': 0.0454063975821557, 'generation': 657}","{'id': 29040, 'rank': 26, 'fitness': 0.033991496613799244, 'generation': 657}","{'id': 29038, 'rank': 27, 'fitness': 0.026598847368602352, 'generation': 657}","{'id': 29050, 'rank': 28, 'fitness': 0.019357291787207354, 'generation': 657}","{'id': 29063, 'rank': 29, 'fitness': 0.018539646707496693, 'generation': 657}","{'id': 29066, 'rank': 30, 'fitness': 0.01798620996209155, 'generation': 657}"
"{'id': 29099, 'rank': 1, 'fitness': 0.9820137900379085, 'generation': 658}","{'id': 29104, 'rank': 2, 'fitness': 0.9383076498876022, 'generation': 658}","{'id': 29105, 'rank': 3, 'fitness': 0.8862819129746973, 'generation': 658}","{'id': 29103, 'rank': 4, 'fitness': 0.8330638332720186, 'generation': 658}","{'id': 29084, 'rank': 5, 'fitness': 0.5189126199195797, 'generation': 658}","{'id': 29087, 'rank': 6, 'fitness': 0.450886717615859, 'generation': 658}","{'id': 29111, 'rank': 7, 'fitness': 0.381727450974263, 'generation': 658}","{'id': 29101, 'rank': 8, 'fitness': 0.3775397496947924, 'generation': 658}","{'id': 29096, 'rank': 9, 'fitness': 0.3685410745062647, 'generation': 658}","{'id': 29098, 'rank': 10, 'fitness': 0.32651502260749454, 'generation': 658}","{'id': 29115, 'rank': 11, 'fitness': 0.26983596822113276, 'generation': 658}","{'id': 29109, 'rank': 12, 'fitness': 0.26138410687136193, 'generation': 658}","{'id': 29113, 'rank': 13, 'fitness': 0.2504861357818067, 'generation': 658}","{'id': 29117, 'rank': 14, 'fitness': 0.2504156230972511, 'generation': 658}","{'id': 29119, 'rank': 15, 'fitness': 0.16593419508486545, 'generation': 658}","{'id': 29108, 'rank': 16, 'fitness': 0.1601501906403412, 'generation': 658}","{'id': 29081, 'rank': 17, 'fitness': 0.13819750458173508, 'generation': 658}","{'id': 29114, 'rank': 18, 'fitness': 0.12353495868181752, 'generation': 658}","{'id': 29093, 'rank': 19, 'fitness': 0.11976138890259952, 'generation': 658}","{'id': 29091, 'rank': 20, 'fitness': 0.11140535775311372, 'generation': 658}","{'id': 29083, 'rank': 21, 'fitness': 0.10266896459316466, 'generation': 658}","{'id': 29100, 'rank': 22, 'fitness': 0.09469418379285993, 'generation': 658}","{'id': 29092, 'rank': 23, 'fitness': 0.09170070044995954, 'generation': 658}","{'id': 29086, 'rank': 24, 'fitness': 0.058287924466003116, 'generation': 658}","{'id': 29107, 'rank': 25, 'fitness': 0.056711812660443894, 'generation': 658}","{'id': 29094, 'rank': 26, 'fitness': 0.049296114423212634, 'generation': 658}","{'id': 29112, 'rank': 27, 'fitness': 0.03272369087183896, 'generation': 658}","{'id': 29102, 'rank': 28, 'fitness': 0.028775268417013722, 'generation': 658}","{'id': 29106, 'rank': 29, 'fitness': 0.025731007399307504, 'generation': 658}","{'id': 29116, 'rank': 30, 'fitness': 0.01798620996209155, 'generation': 658}"
"{'id': 29143, 'rank': 1, 'fitness': 0.9820137900379085, 'generation': 659}","{'id': 29142, 'rank': 2, 'fitness': 0.9558317575531945, 'generation': 659}","{'id': 29133, 'rank': 3, 'fitness': 0.950941794923023, 'generation': 659}","{'id': 29136, 'rank': 4, 'fitness': 0.9363481429128581, 'generation': 659}","{'id': 29156, 'rank': 5, 'fitness': 0.9339064262440808, 'generation': 659}","{'id': 29149, 'rank': 6, 'fitness': 0.9167595147150458, 'generation': 659}","{'id': 29147, 'rank': 7, 'fitness': 0.9086869823197652, 'generation': 659}","{'id': 29157, 'rank': 8, 'fitness': 0.8647482423568629, 'generation': 659}","{'id': 29155, 'rank': 9, 'fitness': 0.8496675483605491, 'generation': 659}","{'id': 29130, 'rank': 10, 'fitness': 0.7589551987050083, 'generation': 659}","{'id': 29132, 'rank': 11, 'fitness': 0.6795669144600565, 'generation': 659}","{'id': 29138, 'rank': 12, 'fitness': 0.4805053707778679, 'generation': 659}","{'id': 29134, 'rank': 13, 'fitness': 0.443908013388753, 'generation': 659}","{'id': 29125, 'rank': 14, 'fitness': 0.3905466940105503, 'generation': 659}","{'id': 29135, 'rank': 15, 'fitness': 0.3811002804393115, 'generation': 659}","{'id': 29120, 'rank': 16, 'fitness': 0.2699137352596825, 'generation': 659}","{'id': 29153, 'rank': 17, 'fitness': 0.19439363187505354, 'generation': 659}","{'id': 29144, 'rank': 18, 'fitness': 0.18526173962638703, 'generation': 659}","{'id': 29129, 'rank': 19, 'fitness': 0.16193347051417095, 'generation': 659}","{'id': 29146, 'rank': 20, 'fitness': 0.15958982269188132, 'generation': 659}","{'id': 29139, 'rank': 21, 'fitness': 0.1447247609775958, 'generation': 659}","{'id': 29140, 'rank': 22, 'fitness': 0.12153278251363098, 'generation': 659}","{'id': 29131, 'rank': 23, 'fitness': 0.09926517883055008, 'generation': 659}","{'id': 29148, 'rank': 24, 'fitness': 0.07293823714582104, 'generation': 659}","{'id': 29154, 'rank': 25, 'fitness': 0.06310556278030477, 'generation': 659}","{'id': 29121, 'rank': 26, 'fitness': 0.03701157194477278, 'generation': 659}","{'id': 29137, 'rank': 27, 'fitness': 0.03635377831542064, 'generation': 659}","{'id': 29126, 'rank': 28, 'fitness': 0.03604047345606204, 'generation': 659}","{'id': 29141, 'rank': 29, 'fitness': 0.02359873925687045, 'generation': 659}","{'id': 29150, 'rank': 30, 'fitness': 0.01798620996209155, 'generation': 659}"
"{'id': 29208, 'rank': 1, 'fitness': 0.9820137900379085, 'generation': 660}","{'id': 29197, 'rank': 2, 'fitness': 0.9491389558451142, 'generation': 660}","{'id': 29193, 'rank': 3, 'fitness': 0.8654004438786534, 'generation': 660}","{'id': 29185, 'rank': 4, 'fitness': 0.8233639993355885, 'generation': 660}","{'id': 29201, 'rank': 5, 'fitness': 0.6373124792926275, 'generation': 660}","{'id': 29194, 'rank': 6, 'fitness': 0.5661022016279821, 'generation': 660}","{'id': 29160, 'rank': 7, 'fitness': 0.5149400422574363, 'generation': 660}","{'id': 29190, 'rank': 8, 'fitness': 0.47854025137553907, 'generation': 660}","{'id': 29203, 'rank': 9, 'fitness': 0.45464113734124695, 'generation': 660}","{'id': 29207, 'rank': 10, 'fitness': 0.44257216457896914, 'generation': 660}","{'id': 29189, 'rank': 11, 'fitness': 0.39027103877787134, 'generation': 660}","{'id': 29169, 'rank': 12, 'fitness': 0.35119748099287307, 'generation': 660}","{'id': 29198, 'rank': 13, 'fitness': 0.29287596103868796, 'generation': 660}","{'id': 29184, 'rank': 14, 'fitness': 0.268163111491306, 'generation': 660}","{'id': 29182, 'rank': 15, 'fitness': 0.20430561637797257, 'generation': 660}","{'id': 29167, 'rank': 16, 'fitness': 0.16930215643724045, 'generation': 660}","{'id': 29202, 'rank': 17, 'fitness': 0.16811282457670457, 'generation': 660}","{'id': 29166, 'rank': 18, 'fitness': 0.16495360856324448, 'generation': 660}","{'id': 29161, 'rank': 19, 'fitness': 0.1478659319756152, 'generation': 660}","{'id': 29200, 'rank': 20, 'fitness': 0.1128841092563298, 'generation': 660}","{'id': 29172, 'rank': 21, 'fitness': 0.08502617385249345, 'generation': 660}","{'id': 29191, 'rank': 22, 'fitness': 0.07807872184079279, 'generation': 660}","{'id': 29171, 'rank': 23, 'fitness': 0.07264168349250377, 'generation': 660}","{'id': 29204, 'rank': 24, 'fitness': 0.06273088624537282, 'generation': 660}","{'id': 29196, 'rank': 25, 'fitness': 0.04220140567899039, 'generation': 660}","{'id': 29199, 'rank': 26, 'fitness': 0.03843618950098798, 'generation': 660}","{'id': 29175, 'rank': 27, 'fitness': 0.020133746810287678, 'generation': 660}","{'id': 29159, 'rank': 28, 'fitness': 0.019944890266987092, 'generation': 660}","{'id': 29168, 'rank': 29, 'fitness': 0.01865635059644033, 'generation': 660}","{'id': 29178, 'rank': 30, 'fitness': 0.01798620996209155, 'generation': 660}"
"{'id': 29236, 'rank': 1, 'fitness': 0.9820137900379085, 'generation': 661}","{'id': 29217, 'rank': 2, 'fitness': 0.9548050903142047, 'generation': 661}","{'id': 29226, 'rank': 3, 'fitness': 0.9540657032348907, 'generation': 661}","{'id': 29220, 'rank': 4, 'fitness': 0.9292290448497917, 'generation': 661}","{'id': 29245, 'rank': 5, 'fitness': 0.9143484843609885, 'generation': 661}","{'id': 29250, 'rank': 6, 'fitness': 0.9106747732779896, 'generation': 661}","{'id': 29234, 'rank': 7, 'fitness': 0.898250734586667, 'generation': 661}","{'id': 29248, 'rank': 8, 'fitness': 0.8314520857055008, 'generation': 661}","{'id': 29225, 'rank': 9, 'fitness': 0.8073867153036451, 'generation': 661}","{'id': 29243, 'rank': 10, 'fitness': 0.6843081615341351, 'generation': 661}","{'id': 29223, 'rank': 11, 'fitness': 0.671489740641268, 'generation': 661}","{'id': 29213, 'rank': 12, 'fitness': 0.6706801130480918, 'generation': 661}","{'id': 29241, 'rank': 13, 'fitness': 0.5457523737438735, 'generation': 661}","{'id': 29231, 'rank': 14, 'fitness': 0.5441003166382901, 'generation': 661}","{'id': 29224, 'rank': 15, 'fitness': 0.47756997847846117, 'generation': 661}","{'id': 29249, 'rank': 16, 'fitness': 0.4628574689144333, 'generation': 661}","{'id': 29240, 'rank': 17, 'fitness': 0.4223101338814782, 'generation': 661}","{'id': 29229, 'rank': 18, 'fitness': 0.3372430551175894, 'generation': 661}","{'id': 29219, 'rank': 19, 'fitness': 0.2829309530479453, 'generation': 661}","{'id': 29221, 'rank': 20, 'fitness': 0.26761033697260295, 'generation': 661}","{'id': 29235, 'rank': 21, 'fitness': 0.2558406902200139, 'generation': 661}","{'id': 29237, 'rank': 22, 'fitness': 0.2271680998850829, 'generation': 661}","{'id': 29230, 'rank': 23, 'fitness': 0.1896263179235903, 'generation': 661}","{'id': 29247, 'rank': 24, 'fitness': 0.15368296555569744, 'generation': 661}","{'id': 29228, 'rank': 25, 'fitness': 0.09807230287875884, 'generation': 661}","{'id': 29232, 'rank': 26, 'fitness': 0.09023358531438902, 'generation': 661}","{'id': 29246, 'rank': 27, 'fitness': 0.07516287226413487, 'generation': 661}","{'id': 29227, 'rank': 28, 'fitness': 0.07248458831274252, 'generation': 661}","{'id': 29215, 'rank': 29, 'fitness': 0.032206495695807746, 'generation': 661}","{'id': 29244, 'rank': 30, 'fitness': 0.01798620996209155, 'generation': 661}"
"{'id': 29286, 'rank': 1, 'fitness': 0.9820137900379085, 'generation': 662}","{'id': 29301, 'rank': 2, 'fitness': 0.9690084555375256, 'generation': 662}","{'id': 29292, 'rank': 3, 'fitness': 0.9317740749245029, 'generation': 662}","{'id': 29294, 'rank': 4, 'fitness': 0.8614336114743343, 'generation': 662}","{'id': 29283, 'rank': 5, 'fitness': 0.7469762412233697, 'generation': 662}","{'id': 29300, 'rank': 6, 'fitness': 0.5406040511663404, 'generation': 662}","{'id': 29295, 'rank': 7, 'fitness': 0.45545027505718383, 'generation': 662}","{'id': 29302, 'rank': 8, 'fitness': 0.42698205745512446, 'generation': 662}","{'id': 29257, 'rank': 9, 'fitness': 0.42673676591197846, 'generation': 662}","{'id': 29296, 'rank': 10, 'fitness': 0.3300176895516519, 'generation': 662}","{'id': 29266, 'rank': 11, 'fitness': 0.24487732260331402, 'generation': 662}","{'id': 29281, 'rank': 12, 'fitness': 0.23134743532318675, 'generation': 662}","{'id': 29293, 'rank': 13, 'fitness': 0.21376435703422847, 'generation': 662}","{'id': 29304, 'rank': 14, 'fitness': 0.1901386175456734, 'generation': 662}","{'id': 29303, 'rank': 15, 'fitness': 0.18076719531091628, 'generation': 662}","{'id': 29284, 'rank': 16, 'fitness': 0.17592156235166928, 'generation': 662}","{'id': 29287, 'rank': 17, 'fitness': 0.15935475074592453, 'generation': 662}","{'id': 29258, 'rank': 18, 'fitness': 0.14702107765202888, 'generation': 662}","{'id': 29288, 'rank': 19, 'fitness': 0.13452180555318316, 'generation': 662}","{'id': 29271, 'rank': 20, 'fitness': 0.11868969087641362, 'generation': 662}","{'id': 29268, 'rank': 21, 'fitness': 0.08909415943325172, 'generation': 662}","{'id': 29298, 'rank': 22, 'fitness': 0.05773655023629548, 'generation': 662}","{'id': 29278, 'rank': 23, 'fitness': 0.048574112141477555, 'generation': 662}","{'id': 29264, 'rank': 24, 'fitness': 0.03020055559849949, 'generation': 662}","{'id': 29289, 'rank': 25, 'fitness': 0.029880781698918946, 'generation': 662}","{'id': 29291, 'rank': 26, 'fitness': 0.028631755222713162, 'generation': 662}","{'id': 29297, 'rank': 27, 'fitness': 0.028537525591555757, 'generation': 662}","{'id': 29253, 'rank': 28, 'fitness': 0.021298735333770302, 'generation': 662}","{'id': 29262, 'rank': 29, 'fitness': 0.02110613808975914, 'generation': 662}","{'id': 29273, 'rank': 30, 'fitness': 0.01798620996209155, 'generation': 662}"
"{'id': 29348, 'rank': 1, 'fitness': 0.9820137900379085, 'generation': 663}","{'id': 29346, 'rank': 2, 'fitness': 0.9399836835578553, 'generation': 663}","{'id': 29335, 'rank': 3, 'fitness': 0.9287581373530007, 'generation': 663}","{'id': 29327, 'rank': 4, 'fitness': 0.9163380605724423, 'generation': 663}","{'id': 29350, 'rank': 5, 'fitness': 0.8781883021947696, 'generation': 663}","{'id': 29343, 'rank': 6, 'fitness': 0.823804912173026, 'generation': 663}","{'id': 29318, 'rank': 7, 'fitness': 0.7712222038847243, 'generation': 663}","{'id': 29331, 'rank': 8, 'fitness': 0.753467508094001, 'generation': 663}","{'id': 29337, 'rank': 9, 'fitness': 0.7056494965259715, 'generation': 663}","{'id': 29329, 'rank': 10, 'fitness': 0.6712958482712059, 'generation': 663}","{'id': 29340, 'rank': 11, 'fitness': 0.5795542598183928, 'generation': 663}","{'id': 29345, 'rank': 12, 'fitness': 0.45783864790166895, 'generation': 663}","{'id': 29322, 'rank': 13, 'fitness': 0.44240798816733745, 'generation': 663}","{'id': 29336, 'rank': 14, 'fitness': 0.4124320200869308, 'generation': 663}","{'id': 29330, 'rank': 15, 'fitness': 0.405316847056869, 'generation': 663}","{'id': 29312, 'rank': 16, 'fitness': 0.2912768549728014, 'generation': 663}","{'id': 29321, 'rank': 17, 'fitness': 0.24155046298146315, 'generation': 663}","{'id': 29324, 'rank': 18, 'fitness': 0.21326721762129297, 'generation': 663}","{'id': 29333, 'rank': 19, 'fitness': 0.13647350904952044, 'generation': 663}","{'id': 29347, 'rank': 20, 'fitness': 0.09430869768198369, 'generation': 663}","{'id': 29323, 'rank': 21, 'fitness': 0.07289393168428893, 'generation': 663}","{'id': 29309, 'rank': 22, 'fitness': 0.06869909145004433, 'generation': 663}","{'id': 29307, 'rank': 23, 'fitness': 0.06091072495592781, 'generation': 663}","{'id': 29320, 'rank': 24, 'fitness': 0.056057436683612016, 'generation': 663}","{'id': 29334, 'rank': 25, 'fitness': 0.04178313729779054, 'generation': 663}","{'id': 29326, 'rank': 26, 'fitness': 0.038988799763669646, 'generation': 663}","{'id': 29332, 'rank': 27, 'fitness': 0.03861733340666429, 'generation': 663}","{'id': 29338, 'rank': 28, 'fitness': 0.024073693797766305, 'generation': 663}","{'id': 29342, 'rank': 29, 'fitness': 0.02243099154679762, 'generation': 663}","{'id': 29308, 'rank': 30, 'fitness': 0.01798620996209155, 'generation': 663}"
"{'id': 29394, 'rank': 1, 'fitness': 0.9820137900379085, 'generation': 664}","{'id': 29393, 'rank': 2, 'fitness': 0.9819288151615138, 'generation': 664}","{'id': 29389, 'rank': 3, 'fitness': 0.9761054593614106, 'generation': 664}","{'id': 29381, 'rank': 4, 'fitness': 0.8637721981699921, 'generation': 664}","{'id': 29379, 'rank': 5, 'fitness': 0.7018802296238232, 'generation': 664}","{'id': 29384, 'rank': 6, 'fitness': 0.629700742171124, 'generation': 664}","{'id': 29362, 'rank': 7, 'fitness': 0.4708389914414446, 'generation': 664}","{'id': 29392, 'rank': 8, 'fitness': 0.4597771812443711, 'generation': 664}","{'id': 29386, 'rank': 9, 'fitness': 0.41762212353376693, 'generation': 664}","{'id': 29359, 'rank': 10, 'fitness': 0.41655804298850807, 'generation': 664}","{'id': 29367, 'rank': 11, 'fitness': 0.3308985119411092, 'generation': 664}","{'id': 29353, 'rank': 12, 'fitness': 0.31185427962695567, 'generation': 664}","{'id': 29395, 'rank': 13, 'fitness': 0.2801866349987852, 'generation': 664}","{'id': 29360, 'rank': 14, 'fitness': 0.2791908321129355, 'generation': 664}","{'id': 29380, 'rank': 15, 'fitness': 0.1960958150137423, 'generation': 664}","{'id': 29356, 'rank': 16, 'fitness': 0.17549371871772185, 'generation': 664}","{'id': 29390, 'rank': 17, 'fitness': 0.1736440837300567, 'generation': 664}","{'id': 29377, 'rank': 18, 'fitness': 0.10584229827192693, 'generation': 664}","{'id': 29373, 'rank': 19, 'fitness': 0.09824939202284344, 'generation': 664}","{'id': 29378, 'rank': 20, 'fitness': 0.09125084582773135, 'generation': 664}","{'id': 29383, 'rank': 21, 'fitness': 0.08599460269457149, 'generation': 664}","{'id': 29388, 'rank': 22, 'fitness': 0.0691628770592489, 'generation': 664}","{'id': 29396, 'rank': 23, 'fitness': 0.05745953525571179, 'generation': 664}","{'id': 29391, 'rank': 24, 'fitness': 0.05016129577120415, 'generation': 664}","{'id': 29387, 'rank': 25, 'fitness': 0.0458711477124541, 'generation': 664}","{'id': 29364, 'rank': 26, 'fitness': 0.04320631005191744, 'generation': 664}","{'id': 29382, 'rank': 27, 'fitness': 0.032142156500730545, 'generation': 664}","{'id': 29368, 'rank': 28, 'fitness': 0.024457953403890564, 'generation': 664}","{'id': 29352, 'rank': 29, 'fitness': 0.0236128557388397, 'generation': 664}","{'id': 29365, 'rank': 30, 'fitness': 0.01798620996209155, 'generation': 664}"
"{'id': 29442, 'rank': 1, 'fitness': 0.9820137900379085, 'generation': 665}","{'id': 29427, 'rank': 2, 'fitness': 0.8325045031022416, 'generation': 665}","{'id': 29419, 'rank': 3, 'fitness': 0.7945568751353216, 'generation': 665}","{'id': 29434, 'rank': 4, 'fitness': 0.7057926535048371, 'generation': 665}","{'id': 29422, 'rank': 5, 'fitness': 0.5006635006349097, 'generation': 665}","{'id': 29400, 'rank': 6, 'fitness': 0.4845577667912792, 'generation': 665}","{'id': 29399, 'rank': 7, 'fitness': 0.40433312877631655, 'generation': 665}","{'id': 29432, 'rank': 8, 'fitness': 0.3787546888445251, 'generation': 665}","{'id': 29438, 'rank': 9, 'fitness': 0.330929194542444, 'generation': 665}","{'id': 29417, 'rank': 10, 'fitness': 0.31601767074401904, 'generation': 665}","{'id': 29405, 'rank': 11, 'fitness': 0.2155574761430843, 'generation': 665}","{'id': 29436, 'rank': 12, 'fitness': 0.17806452974128462, 'generation': 665}","{'id': 29431, 'rank': 13, 'fitness': 0.16189879168925608, 'generation': 665}","{'id': 29423, 'rank': 14, 'fitness': 0.11888428126850548, 'generation': 665}","{'id': 29441, 'rank': 15, 'fitness': 0.0972432374680613, 'generation': 665}","{'id': 29429, 'rank': 16, 'fitness': 0.09475830678613073, 'generation': 665}","{'id': 29440, 'rank': 17, 'fitness': 0.07291167613919974, 'generation': 665}","{'id': 29426, 'rank': 18, 'fitness': 0.06832330169182216, 'generation': 665}","{'id': 29404, 'rank': 19, 'fitness': 0.06189218009131808, 'generation': 665}","{'id': 29412, 'rank': 20, 'fitness': 0.05584543885676224, 'generation': 665}","{'id': 29435, 'rank': 21, 'fitness': 0.05532635215436865, 'generation': 665}","{'id': 29410, 'rank': 22, 'fitness': 0.04075932572394941, 'generation': 665}","{'id': 29428, 'rank': 23, 'fitness': 0.034612003435215644, 'generation': 665}","{'id': 29413, 'rank': 24, 'fitness': 0.028511044069816527, 'generation': 665}","{'id': 29433, 'rank': 25, 'fitness': 0.026676720573611756, 'generation': 665}","{'id': 29420, 'rank': 26, 'fitness': 0.02527752134602168, 'generation': 665}","{'id': 29437, 'rank': 27, 'fitness': 0.02335869666723589, 'generation': 665}","{'id': 29439, 'rank': 28, 'fitness': 0.022983770576691487, 'generation': 665}","{'id': 29418, 'rank': 29, 'fitness': 0.019502400431686107, 'generation': 665}","{'id': 29398, 'rank': 30, 'fitness': 0.01798620996209155, 'generation': 665}"
"{'id': 29480, 'rank': 1, 'fitness': 0.9820137900379085, 'generation': 666}","{'id': 29465, 'rank': 2, 'fitness': 0.919843157459266, 'generation': 666}","{'id': 29471, 'rank': 3, 'fitness': 0.8106002583127896, 'generation': 666}","{'id': 29455, 'rank': 4, 'fitness': 0.7623363109364683, 'generation': 666}","{'id': 29469, 'rank': 5, 'fitness': 0.6919769133193859, 'generation': 666}","{'id': 29443, 'rank': 6, 'fitness': 0.651512790196347, 'generation': 666}","{'id': 29460, 'rank': 7, 'fitness': 0.6357462545689448, 'generation': 666}","{'id': 29470, 'rank': 8, 'fitness': 0.6148859007080908, 'generation': 666}","{'id': 29474, 'rank': 9, 'fitness': 0.527123537388261, 'generation': 666}","{'id': 29472, 'rank': 10, 'fitness': 0.5006910158691099, 'generation': 666}","{'id': 29477, 'rank': 11, 'fitness': 0.41036464574800235, 'generation': 666}","{'id': 29449, 'rank': 12, 'fitness': 0.3839869861702605, 'generation': 666}","{'id': 29456, 'rank': 13, 'fitness': 0.2991741311596896, 'generation': 666}","{'id': 29481, 'rank': 14, 'fitness': 0.24221065688276366, 'generation': 666}","{'id': 29466, 'rank': 15, 'fitness': 0.2145301455382947, 'generation': 666}","{'id': 29475, 'rank': 16, 'fitness': 0.20447286667238562, 'generation': 666}","{'id': 29463, 'rank': 17, 'fitness': 0.20130237318237654, 'generation': 666}","{'id': 29464, 'rank': 18, 'fitness': 0.1988285068046532, 'generation': 666}","{'id': 29457, 'rank': 19, 'fitness': 0.15137416340553483, 'generation': 666}","{'id': 29473, 'rank': 20, 'fitness': 0.1387425107398793, 'generation': 666}","{'id': 29451, 'rank': 21, 'fitness': 0.09190514625838259, 'generation': 666}","{'id': 29476, 'rank': 22, 'fitness': 0.09043312373002999, 'generation': 666}","{'id': 29482, 'rank': 23, 'fitness': 0.07521441147838931, 'generation': 666}","{'id': 29448, 'rank': 24, 'fitness': 0.0535375739146966, 'generation': 666}","{'id': 29444, 'rank': 25, 'fitness': 0.04787445114363875, 'generation': 666}","{'id': 29478, 'rank': 26, 'fitness': 0.04648853145164844, 'generation': 666}","{'id': 29446, 'rank': 27, 'fitness': 0.0446301424838319, 'generation': 666}","{'id': 29450, 'rank': 28, 'fitness': 0.04131536984158779, 'generation': 666}","{'id': 29461, 'rank': 29, 'fitness': 0.04053884748346315, 'generation': 666}","{'id': 29447, 'rank': 30, 'fitness': 0.01798620996209155, 'generation': 666}"
"{'id': 29526, 'rank': 1, 'fitness': 0.9820137900379085, 'generation': 667}","{'id': 29525, 'rank': 2, 'fitness': 0.9819344092918354, 'generation': 667}","{'id': 29524, 'rank': 3, 'fitness': 0.8631891828927962, 'generation': 667}","{'id': 29528, 'rank': 4, 'fitness': 0.7935909970062689, 'generation': 667}","{'id': 29515, 'rank': 5, 'fitness': 0.5689108708828345, 'generation': 667}","{'id': 29529, 'rank': 6, 'fitness': 0.46529644311896895, 'generation': 667}","{'id': 29527, 'rank': 7, 'fitness': 0.4157532726776768, 'generation': 667}","{'id': 29502, 'rank': 8, 'fitness': 0.4140377220006656, 'generation': 667}","{'id': 29509, 'rank': 9, 'fitness': 0.3701934328828437, 'generation': 667}","{'id': 29498, 'rank': 10, 'fitness': 0.2494234360372516, 'generation': 667}","{'id': 29517, 'rank': 11, 'fitness': 0.18261539219845968, 'generation': 667}","{'id': 29519, 'rank': 12, 'fitness': 0.15293753655673964, 'generation': 667}","{'id': 29512, 'rank': 13, 'fitness': 0.15049230534220182, 'generation': 667}","{'id': 29516, 'rank': 14, 'fitness': 0.12128403965862211, 'generation': 667}","{'id': 29522, 'rank': 15, 'fitness': 0.09166551406428874, 'generation': 667}","{'id': 29500, 'rank': 16, 'fitness': 0.08964971420715873, 'generation': 667}","{'id': 29497, 'rank': 17, 'fitness': 0.08656031361032201, 'generation': 667}","{'id': 29521, 'rank': 18, 'fitness': 0.08112795884549517, 'generation': 667}","{'id': 29513, 'rank': 19, 'fitness': 0.08058839547113406, 'generation': 667}","{'id': 29514, 'rank': 20, 'fitness': 0.07435048757851309, 'generation': 667}","{'id': 29496, 'rank': 21, 'fitness': 0.05417489197301811, 'generation': 667}","{'id': 29523, 'rank': 22, 'fitness': 0.04900618193121903, 'generation': 667}","{'id': 29492, 'rank': 23, 'fitness': 0.04620181174125276, 'generation': 667}","{'id': 29484, 'rank': 24, 'fitness': 0.03637204634234731, 'generation': 667}","{'id': 29490, 'rank': 25, 'fitness': 0.03139125409509336, 'generation': 667}","{'id': 29508, 'rank': 26, 'fitness': 0.03097189706556569, 'generation': 667}","{'id': 29504, 'rank': 27, 'fitness': 0.029962173232076283, 'generation': 667}","{'id': 29507, 'rank': 28, 'fitness': 0.02667458291944297, 'generation': 667}","{'id': 29499, 'rank': 29, 'fitness': 0.01906881931079818, 'generation': 667}","{'id': 29506, 'rank': 30, 'fitness': 0.01798620996209155, 'generation': 667}"
"{'id': 29552, 'rank': 1, 'fitness': 0.9820137900379085, 'generation': 668}","{'id': 29567, 'rank': 2, 'fitness': 0.9535118165211889, 'generation': 668}","{'id': 29564, 'rank': 3, 'fitness': 0.9313915000771238, 'generation': 668}","{'id': 29565, 'rank': 4, 'fitness': 0.6753452147422078, 'generation': 668}","{'id': 29551, 'rank': 5, 'fitness': 0.5950086133411346, 'generation': 668}","{'id': 29533, 'rank': 6, 'fitness': 0.5377619037485959, 'generation': 668}","{'id': 29559, 'rank': 7, 'fitness': 0.48709781190713713, 'generation': 668}","{'id': 29546, 'rank': 8, 'fitness': 0.2703962205416679, 'generation': 668}","{'id': 29554, 'rank': 9, 'fitness': 0.17807743210283206, 'generation': 668}","{'id': 29558, 'rank': 10, 'fitness': 0.17130035664828092, 'generation': 668}","{'id': 29542, 'rank': 11, 'fitness': 0.14869290577946137, 'generation': 668}","{'id': 29530, 'rank': 12, 'fitness': 0.13810380620176665, 'generation': 668}","{'id': 29538, 'rank': 13, 'fitness': 0.09780381085373879, 'generation': 668}","{'id': 29562, 'rank': 14, 'fitness': 0.06144255877521648, 'generation': 668}","{'id': 29539, 'rank': 15, 'fitness': 0.05377953211655151, 'generation': 668}","{'id': 29563, 'rank': 16, 'fitness': 0.046384822031667494, 'generation': 668}","{'id': 29544, 'rank': 17, 'fitness': 0.040309547524423284, 'generation': 668}","{'id': 29557, 'rank': 18, 'fitness': 0.03998031592972173, 'generation': 668}","{'id': 29568, 'rank': 19, 'fitness': 0.03472313628889523, 'generation': 668}","{'id': 29553, 'rank': 20, 'fitness': 0.034380054011129646, 'generation': 668}","{'id': 29547, 'rank': 21, 'fitness': 0.03335292301983034, 'generation': 668}","{'id': 29535, 'rank': 22, 'fitness': 0.0317837589326585, 'generation': 668}","{'id': 29560, 'rank': 23, 'fitness': 0.026470188824889274, 'generation': 668}","{'id': 29537, 'rank': 24, 'fitness': 0.02355132015922945, 'generation': 668}","{'id': 29541, 'rank': 25, 'fitness': 0.023408870837317908, 'generation': 668}","{'id': 29569, 'rank': 26, 'fitness': 0.02286482658335287, 'generation': 668}","{'id': 29543, 'rank': 27, 'fitness': 0.022860819124409293, 'generation': 668}","{'id': 29555, 'rank': 28, 'fitness': 0.01813779922889841, 'generation': 668}","{'id': 29566, 'rank': 29, 'fitness': 0.018008165547315047, 'generation': 668}","{'id': 29536, 'rank': 30, 'fitness': 0.01798620996209155, 'generation': 668}"
"{'id': 29595, 'rank': 1, 'fitness': 0.9820137900379085, 'generation': 669}","{'id': 29613, 'rank': 2, 'fitness': 0.9803548582927544, 'generation': 669}","{'id': 29579, 'rank': 3, 'fitness': 0.9387173658855656, 'generation': 669}","{'id': 29610, 'rank': 4, 'fitness': 0.9027496987423992, 'generation': 669}","{'id': 29602, 'rank': 5, 'fitness': 0.8744145683906736, 'generation': 669}","{'id': 29584, 'rank': 6, 'fitness': 0.827543142642106, 'generation': 669}","{'id': 29608, 'rank': 7, 'fitness': 0.7105173307678108, 'generation': 669}","{'id': 29587, 'rank': 8, 'fitness': 0.7098734545631901, 'generation': 669}","{'id': 29598, 'rank': 9, 'fitness': 0.6300508230726769, 'generation': 669}","{'id': 29612, 'rank': 10, 'fitness': 0.5998732045014828, 'generation': 669}","{'id': 29596, 'rank': 11, 'fitness': 0.4914651954420722, 'generation': 669}","{'id': 29590, 'rank': 12, 'fitness': 0.4559719375013293, 'generation': 669}","{'id': 29604, 'rank': 13, 'fitness': 0.36710149092686895, 'generation': 669}","{'id': 29609, 'rank': 14, 'fitness': 0.33653069562687465, 'generation': 669}","{'id': 29614, 'rank': 15, 'fitness': 0.20907109834121218, 'generation': 669}","{'id': 29574, 'rank': 16, 'fitness': 0.15361276930254003, 'generation': 669}","{'id': 29591, 'rank': 17, 'fitness': 0.15358592917389247, 'generation': 669}","{'id': 29599, 'rank': 18, 'fitness': 0.1414056590137534, 'generation': 669}","{'id': 29603, 'rank': 19, 'fitness': 0.13303557788443976, 'generation': 669}","{'id': 29583, 'rank': 20, 'fitness': 0.12247387776846647, 'generation': 669}","{'id': 29573, 'rank': 21, 'fitness': 0.11650935358062248, 'generation': 669}","{'id': 29581, 'rank': 22, 'fitness': 0.08762106761342647, 'generation': 669}","{'id': 29606, 'rank': 23, 'fitness': 0.06345242999874945, 'generation': 669}","{'id': 29576, 'rank': 24, 'fitness': 0.04265625293789477, 'generation': 669}","{'id': 29600, 'rank': 25, 'fitness': 0.03996868965021905, 'generation': 669}","{'id': 29593, 'rank': 26, 'fitness': 0.03719937705484683, 'generation': 669}","{'id': 29601, 'rank': 27, 'fitness': 0.028032222949862018, 'generation': 669}","{'id': 29585, 'rank': 28, 'fitness': 0.025588680822386356, 'generation': 669}","{'id': 29580, 'rank': 29, 'fitness': 0.02222351956901303, 'generation': 669}","{'id': 29611, 'rank': 30, 'fitness': 0.01798620996209155, 'generation': 669}"
"{'id': 29640, 'rank': 1, 'fitness': 0.9820137900379085, 'generation': 670}","{'id': 29652, 'rank': 2, 'fitness': 0.9363626611853164, 'generation': 670}","{'id': 29634, 'rank': 3, 'fitness': 0.9277629696315426, 'generation': 670}","{'id': 29637, 'rank': 4, 'fitness': 0.9068843277893831, 'generation': 670}","{'id': 29647, 'rank': 5, 'fitness': 0.8633969952845485, 'generation': 670}","{'id': 29655, 'rank': 6, 'fitness': 0.7706445303900173, 'generation': 670}","{'id': 29632, 'rank': 7, 'fitness': 0.7609042289929925, 'generation': 670}","{'id': 29633, 'rank': 8, 'fitness': 0.6903472157044902, 'generation': 670}","{'id': 29635, 'rank': 9, 'fitness': 0.670612505357633, 'generation': 670}","{'id': 29651, 'rank': 10, 'fitness': 0.588038017146728, 'generation': 670}","{'id': 29626, 'rank': 11, 'fitness': 0.5761488382802182, 'generation': 670}","{'id': 29643, 'rank': 12, 'fitness': 0.5277770150849186, 'generation': 670}","{'id': 29638, 'rank': 13, 'fitness': 0.501622405225546, 'generation': 670}","{'id': 29630, 'rank': 14, 'fitness': 0.45081377119292304, 'generation': 670}","{'id': 29653, 'rank': 15, 'fitness': 0.4384401982428891, 'generation': 670}","{'id': 29649, 'rank': 16, 'fitness': 0.36273075487442047, 'generation': 670}","{'id': 29642, 'rank': 17, 'fitness': 0.3591378801910532, 'generation': 670}","{'id': 29627, 'rank': 18, 'fitness': 0.18978402911417797, 'generation': 670}","{'id': 29631, 'rank': 19, 'fitness': 0.159913965512767, 'generation': 670}","{'id': 29654, 'rank': 20, 'fitness': 0.14166861974210887, 'generation': 670}","{'id': 29656, 'rank': 21, 'fitness': 0.13590795320721183, 'generation': 670}","{'id': 29617, 'rank': 22, 'fitness': 0.12323359411694745, 'generation': 670}","{'id': 29639, 'rank': 23, 'fitness': 0.1015180679911259, 'generation': 670}","{'id': 29644, 'rank': 24, 'fitness': 0.09521700361286584, 'generation': 670}","{'id': 29645, 'rank': 25, 'fitness': 0.07467743204038163, 'generation': 670}","{'id': 29625, 'rank': 26, 'fitness': 0.060837701670829636, 'generation': 670}","{'id': 29629, 'rank': 27, 'fitness': 0.05093228911761155, 'generation': 670}","{'id': 29648, 'rank': 28, 'fitness': 0.05084396330546537, 'generation': 670}","{'id': 29650, 'rank': 29, 'fitness': 0.01981999025103498, 'generation': 670}","{'id': 29619, 'rank': 30, 'fitness': 0.01798620996209155, 'generation': 670}"
"{'id': 29697, 'rank': 1, 'fitness': 0.9820137900379085, 'generation': 671}","{'id': 29682, 'rank': 2, 'fitness': 0.9725263389013441, 'generation': 671}","{'id': 29708, 'rank': 3, 'fitness': 0.9642920052051152, 'generation': 671}","{'id': 29694, 'rank': 4, 'fitness': 0.7153898461220416, 'generation': 671}","{'id': 29680, 'rank': 5, 'fitness': 0.7133739510182565, 'generation': 671}","{'id': 29702, 'rank': 6, 'fitness': 0.6605401485671312, 'generation': 671}","{'id': 29706, 'rank': 7, 'fitness': 0.6184353242626425, 'generation': 671}","{'id': 29705, 'rank': 8, 'fitness': 0.3702416985374971, 'generation': 671}","{'id': 29685, 'rank': 9, 'fitness': 0.3521602927701443, 'generation': 671}","{'id': 29707, 'rank': 10, 'fitness': 0.27154585446423485, 'generation': 671}","{'id': 29691, 'rank': 11, 'fitness': 0.2636310529827602, 'generation': 671}","{'id': 29693, 'rank': 12, 'fitness': 0.25338791078227085, 'generation': 671}","{'id': 29689, 'rank': 13, 'fitness': 0.1901414641990098, 'generation': 671}","{'id': 29676, 'rank': 14, 'fitness': 0.1703454140483333, 'generation': 671}","{'id': 29684, 'rank': 15, 'fitness': 0.15567788192313153, 'generation': 671}","{'id': 29704, 'rank': 16, 'fitness': 0.15144061506096163, 'generation': 671}","{'id': 29709, 'rank': 17, 'fitness': 0.1294865941303232, 'generation': 671}","{'id': 29679, 'rank': 18, 'fitness': 0.12636417369780328, 'generation': 671}","{'id': 29687, 'rank': 19, 'fitness': 0.12239484891054708, 'generation': 671}","{'id': 29695, 'rank': 20, 'fitness': 0.11611472746879475, 'generation': 671}","{'id': 29700, 'rank': 21, 'fitness': 0.09737262482022702, 'generation': 671}","{'id': 29674, 'rank': 22, 'fitness': 0.0872187998404117, 'generation': 671}","{'id': 29701, 'rank': 23, 'fitness': 0.05269937634260308, 'generation': 671}","{'id': 29673, 'rank': 24, 'fitness': 0.04737122311622827, 'generation': 671}","{'id': 29661, 'rank': 25, 'fitness': 0.045010986142649256, 'generation': 671}","{'id': 29668, 'rank': 26, 'fitness': 0.0437687350820809, 'generation': 671}","{'id': 29698, 'rank': 27, 'fitness': 0.03405871971648705, 'generation': 671}","{'id': 29665, 'rank': 28, 'fitness': 0.02177317504852272, 'generation': 671}","{'id': 29670, 'rank': 29, 'fitness': 0.020074944154170493, 'generation': 671}","{'id': 29671, 'rank': 30, 'fitness': 0.01798620996209155, 'generation': 671}"
"{'id': 29744, 'rank': 1, 'fitness': 0.9820137900379085, 'generation': 672}","{'id': 29735, 'rank': 2, 'fitness': 0.7837583923623272, 'generation': 672}","{'id': 29754, 'rank': 3, 'fitness': 0.6824240016458338, 'generation': 672}","{'id': 29736, 'rank': 4, 'fitness': 0.5730345353364394, 'generation': 672}","{'id': 29750, 'rank': 5, 'fitness': 0.49025178911838535, 'generation': 672}","{'id': 29752, 'rank': 6, 'fitness': 0.4210144602978577, 'generation': 672}","{'id': 29723, 'rank': 7, 'fitness': 0.41234586091548775, 'generation': 672}","{'id': 29727, 'rank': 8, 'fitness': 0.39078239426513495, 'generation': 672}","{'id': 29743, 'rank': 9, 'fitness': 0.2996887078229243, 'generation': 672}","{'id': 29730, 'rank': 10, 'fitness': 0.28091267225276345, 'generation': 672}","{'id': 29739, 'rank': 11, 'fitness': 0.17399568961005074, 'generation': 672}","{'id': 29742, 'rank': 12, 'fitness': 0.12381244271716685, 'generation': 672}","{'id': 29722, 'rank': 13, 'fitness': 0.09970531979184788, 'generation': 672}","{'id': 29745, 'rank': 14, 'fitness': 0.09876574095154805, 'generation': 672}","{'id': 29738, 'rank': 15, 'fitness': 0.09557376527884948, 'generation': 672}","{'id': 29729, 'rank': 16, 'fitness': 0.0857761693115261, 'generation': 672}","{'id': 29737, 'rank': 17, 'fitness': 0.08313377211232975, 'generation': 672}","{'id': 29746, 'rank': 18, 'fitness': 0.08275805834552397, 'generation': 672}","{'id': 29720, 'rank': 19, 'fitness': 0.07329958696376848, 'generation': 672}","{'id': 29732, 'rank': 20, 'fitness': 0.0657537642290521, 'generation': 672}","{'id': 29748, 'rank': 21, 'fitness': 0.0598688797130536, 'generation': 672}","{'id': 29753, 'rank': 22, 'fitness': 0.05673461044058398, 'generation': 672}","{'id': 29717, 'rank': 23, 'fitness': 0.05013176634469363, 'generation': 672}","{'id': 29749, 'rank': 24, 'fitness': 0.04389680290230097, 'generation': 672}","{'id': 29740, 'rank': 25, 'fitness': 0.03289521204454271, 'generation': 672}","{'id': 29747, 'rank': 26, 'fitness': 0.031950811954300384, 'generation': 672}","{'id': 29710, 'rank': 27, 'fitness': 0.02696691936402451, 'generation': 672}","{'id': 29718, 'rank': 28, 'fitness': 0.02578805955760871, 'generation': 672}","{'id': 29751, 'rank': 29, 'fitness': 0.02415097178684189, 'generation': 672}","{'id': 29716, 'rank': 30, 'fitness': 0.01798620996209155, 'generation': 672}"
"{'id': 29794, 'rank': 1, 'fitness': 0.9820137900379085, 'generation': 673}","{'id': 29780, 'rank': 2, 'fitness': 0.9762362795329398, 'generation': 673}","{'id': 29788, 'rank': 3, 'fitness': 0.9406511867636825, 'generation': 673}","{'id': 29759, 'rank': 4, 'fitness': 0.9365632286771516, 'generation': 673}","{'id': 29770, 'rank': 5, 'fitness': 0.9226231823534541, 'generation': 673}","{'id': 29796, 'rank': 6, 'fitness': 0.8429738608863959, 'generation': 673}","{'id': 29760, 'rank': 7, 'fitness': 0.7031225055611983, 'generation': 673}","{'id': 29787, 'rank': 8, 'fitness': 0.5561251423350034, 'generation': 673}","{'id': 29764, 'rank': 9, 'fitness': 0.5492131723532722, 'generation': 673}","{'id': 29789, 'rank': 10, 'fitness': 0.5310003823454933, 'generation': 673}","{'id': 29784, 'rank': 11, 'fitness': 0.4811790791673333, 'generation': 673}","{'id': 29790, 'rank': 12, 'fitness': 0.4633651707237824, 'generation': 673}","{'id': 29773, 'rank': 13, 'fitness': 0.4619225663952631, 'generation': 673}","{'id': 29767, 'rank': 14, 'fitness': 0.4221065148564865, 'generation': 673}","{'id': 29793, 'rank': 15, 'fitness': 0.4058769460311843, 'generation': 673}","{'id': 29795, 'rank': 16, 'fitness': 0.22251334453004523, 'generation': 673}","{'id': 29782, 'rank': 17, 'fitness': 0.10889325605649092, 'generation': 673}","{'id': 29765, 'rank': 18, 'fitness': 0.09282638527011045, 'generation': 673}","{'id': 29776, 'rank': 19, 'fitness': 0.07902686876061588, 'generation': 673}","{'id': 29763, 'rank': 20, 'fitness': 0.07641817536891993, 'generation': 673}","{'id': 29783, 'rank': 21, 'fitness': 0.07222203189054444, 'generation': 673}","{'id': 29762, 'rank': 22, 'fitness': 0.06722229507977945, 'generation': 673}","{'id': 29761, 'rank': 23, 'fitness': 0.05399768608090605, 'generation': 673}","{'id': 29785, 'rank': 24, 'fitness': 0.04987532328224731, 'generation': 673}","{'id': 29791, 'rank': 25, 'fitness': 0.03871324953312971, 'generation': 673}","{'id': 29778, 'rank': 26, 'fitness': 0.03571717637189409, 'generation': 673}","{'id': 29772, 'rank': 27, 'fitness': 0.03182541246458598, 'generation': 673}","{'id': 29771, 'rank': 28, 'fitness': 0.02972675701598204, 'generation': 673}","{'id': 29757, 'rank': 29, 'fitness': 0.028443586581073876, 'generation': 673}","{'id': 29769, 'rank': 30, 'fitness': 0.01798620996209155, 'generation': 673}"
"{'id': 29835, 'rank': 1, 'fitness': 0.9820137900379085, 'generation': 674}","{'id': 29832, 'rank': 2, 'fitness': 0.9644916965584103, 'generation': 674}","{'id': 29843, 'rank': 3, 'fitness': 0.9340222091814341, 'generation': 674}","{'id': 29842, 'rank': 4, 'fitness': 0.8333426077262359, 'generation': 674}","{'id': 29840, 'rank': 5, 'fitness': 0.7205584069272327, 'generation': 674}","{'id': 29833, 'rank': 6, 'fitness': 0.6920236965114099, 'generation': 674}","{'id': 29821, 'rank': 7, 'fitness': 0.643047145020905, 'generation': 674}","{'id': 29829, 'rank': 8, 'fitness': 0.6265620213835976, 'generation': 674}","{'id': 29825, 'rank': 9, 'fitness': 0.533834601771033, 'generation': 674}","{'id': 29834, 'rank': 10, 'fitness': 0.5203830993834048, 'generation': 674}","{'id': 29797, 'rank': 11, 'fitness': 0.4735889834654746, 'generation': 674}","{'id': 29820, 'rank': 12, 'fitness': 0.43942082207584476, 'generation': 674}","{'id': 29805, 'rank': 13, 'fitness': 0.3588972846852241, 'generation': 674}","{'id': 29804, 'rank': 14, 'fitness': 0.31064930450368056, 'generation': 674}","{'id': 29802, 'rank': 15, 'fitness': 0.12610973025794525, 'generation': 674}","{'id': 29839, 'rank': 16, 'fitness': 0.12132680168394805, 'generation': 674}","{'id': 29822, 'rank': 17, 'fitness': 0.10825021113730904, 'generation': 674}","{'id': 29823, 'rank': 18, 'fitness': 0.10425928861940426, 'generation': 674}","{'id': 29844, 'rank': 19, 'fitness': 0.07830343351817143, 'generation': 674}","{'id': 29827, 'rank': 20, 'fitness': 0.0618645233582647, 'generation': 674}","{'id': 29798, 'rank': 21, 'fitness': 0.060005275446184114, 'generation': 674}","{'id': 29815, 'rank': 22, 'fitness': 0.05464430629100847, 'generation': 674}","{'id': 29831, 'rank': 23, 'fitness': 0.04762813385978382, 'generation': 674}","{'id': 29808, 'rank': 24, 'fitness': 0.04374713910099437, 'generation': 674}","{'id': 29837, 'rank': 25, 'fitness': 0.034838357115698715, 'generation': 674}","{'id': 29803, 'rank': 26, 'fitness': 0.03403762536590493, 'generation': 674}","{'id': 29811, 'rank': 27, 'fitness': 0.033322419898882294, 'generation': 674}","{'id': 29830, 'rank': 28, 'fitness': 0.025455304355768482, 'generation': 674}","{'id': 29828, 'rank': 29, 'fitness': 0.020398335357115494, 'generation': 674}","{'id': 29836, 'rank': 30, 'fitness': 0.01798620996209155, 'generation': 674}"
"{'id': 29882, 'rank': 1, 'fitness': 0.9820137900379085, 'generation': 675}","{'id': 29874, 'rank': 2, 'fitness': 0.9220601242882526, 'generation': 675}","{'id': 29883, 'rank': 3, 'fitness': 0.7763169862281576, 'generation': 675}","{'id': 29876, 'rank': 4, 'fitness': 0.7615727718041911, 'generation': 675}","{'id': 29886, 'rank': 5, 'fitness': 0.725486185717436, 'generation': 675}","{'id': 29872, 'rank': 6, 'fitness': 0.373584380871319, 'generation': 675}","{'id': 29884, 'rank': 7, 'fitness': 0.30078450776584686, 'generation': 675}","{'id': 29887, 'rank': 8, 'fitness': 0.23489455884935162, 'generation': 675}","{'id': 29871, 'rank': 9, 'fitness': 0.21353930840521623, 'generation': 675}","{'id': 29888, 'rank': 10, 'fitness': 0.2106643086072269, 'generation': 675}","{'id': 29869, 'rank': 11, 'fitness': 0.1598280484234469, 'generation': 675}","{'id': 29847, 'rank': 12, 'fitness': 0.1471958556508836, 'generation': 675}","{'id': 29885, 'rank': 13, 'fitness': 0.1186545105995997, 'generation': 675}","{'id': 29856, 'rank': 14, 'fitness': 0.11824096978692916, 'generation': 675}","{'id': 29857, 'rank': 15, 'fitness': 0.11174078584740671, 'generation': 675}","{'id': 29878, 'rank': 16, 'fitness': 0.11092122646688213, 'generation': 675}","{'id': 29864, 'rank': 17, 'fitness': 0.10761827910048827, 'generation': 675}","{'id': 29881, 'rank': 18, 'fitness': 0.08315811802149031, 'generation': 675}","{'id': 29862, 'rank': 19, 'fitness': 0.07153569785759106, 'generation': 675}","{'id': 29855, 'rank': 20, 'fitness': 0.06872759909235643, 'generation': 675}","{'id': 29879, 'rank': 21, 'fitness': 0.06387783398811842, 'generation': 675}","{'id': 29868, 'rank': 22, 'fitness': 0.053257030803327665, 'generation': 675}","{'id': 29889, 'rank': 23, 'fitness': 0.04951710918423896, 'generation': 675}","{'id': 29863, 'rank': 24, 'fitness': 0.033918700400764557, 'generation': 675}","{'id': 29848, 'rank': 25, 'fitness': 0.03321897240752375, 'generation': 675}","{'id': 29867, 'rank': 26, 'fitness': 0.031197124235572138, 'generation': 675}","{'id': 29873, 'rank': 27, 'fitness': 0.02641711575840333, 'generation': 675}","{'id': 29890, 'rank': 28, 'fitness': 0.019102590684252074, 'generation': 675}","{'id': 29851, 'rank': 29, 'fitness': 0.0189333020362904, 'generation': 675}","{'id': 29866, 'rank': 30, 'fitness': 0.01798620996209155, 'generation': 675}"
"{'id': 29921, 'rank': 1, 'fitness': 0.9820137900379085, 'generation': 676}","{'id': 29910, 'rank': 2, 'fitness': 0.9169681151792071, 'generation': 676}","{'id': 29919, 'rank': 3, 'fitness': 0.8998300680374844, 'generation': 676}","{'id': 29906, 'rank': 4, 'fitness': 0.794672776945182, 'generation': 676}","{'id': 29902, 'rank': 5, 'fitness': 0.6561561124994697, 'generation': 676}","{'id': 29917, 'rank': 6, 'fitness': 0.640842160069999, 'generation': 676}","{'id': 29925, 'rank': 7, 'fitness': 0.5758016367763681, 'generation': 676}","{'id': 29901, 'rank': 8, 'fitness': 0.5693634412861607, 'generation': 676}","{'id': 29924, 'rank': 9, 'fitness': 0.5591851411379827, 'generation': 676}","{'id': 29927, 'rank': 10, 'fitness': 0.5181230417232511, 'generation': 676}","{'id': 29905, 'rank': 11, 'fitness': 0.49054024535870633, 'generation': 676}","{'id': 29926, 'rank': 12, 'fitness': 0.46540407792909255, 'generation': 676}","{'id': 29909, 'rank': 13, 'fitness': 0.4373955282111388, 'generation': 676}","{'id': 29908, 'rank': 14, 'fitness': 0.42445317669841065, 'generation': 676}","{'id': 29915, 'rank': 15, 'fitness': 0.35464321451010666, 'generation': 676}","{'id': 29928, 'rank': 16, 'fitness': 0.3045173309770244, 'generation': 676}","{'id': 29900, 'rank': 17, 'fitness': 0.29667349366804674, 'generation': 676}","{'id': 29891, 'rank': 18, 'fitness': 0.21309562298496, 'generation': 676}","{'id': 29907, 'rank': 19, 'fitness': 0.155241879753381, 'generation': 676}","{'id': 29922, 'rank': 20, 'fitness': 0.11915565982312043, 'generation': 676}","{'id': 29898, 'rank': 21, 'fitness': 0.10379995949971865, 'generation': 676}","{'id': 29892, 'rank': 22, 'fitness': 0.09096270671322515, 'generation': 676}","{'id': 29897, 'rank': 23, 'fitness': 0.0909102630433809, 'generation': 676}","{'id': 29912, 'rank': 24, 'fitness': 0.06912764505661423, 'generation': 676}","{'id': 29904, 'rank': 25, 'fitness': 0.06295510224842243, 'generation': 676}","{'id': 29913, 'rank': 26, 'fitness': 0.05450359550440825, 'generation': 676}","{'id': 29916, 'rank': 27, 'fitness': 0.03760893856125558, 'generation': 676}","{'id': 29899, 'rank': 28, 'fitness': 0.026820491660533574, 'generation': 676}","{'id': 29903, 'rank': 29, 'fitness': 0.02075299779682549, 'generation': 676}","{'id': 29911, 'rank': 30, 'fitness': 0.01798620996209155, 'generation': 676}"
"{'id': 29970, 'rank': 1, 'fitness': 0.9820137900379085, 'generation': 677}","{'id': 29968, 'rank': 2, 'fitness': 0.9040514833291818, 'generation': 677}","{'id': 29962, 'rank': 3, 'fitness': 0.5424802931300957, 'generation': 677}","{'id': 29942, 'rank': 4, 'fitness': 0.5046078875867849, 'generation': 677}","{'id': 29954, 'rank': 5, 'fitness': 0.4194131005349777, 'generation': 677}","{'id': 29936, 'rank': 6, 'fitness': 0.37198004639933874, 'generation': 677}","{'id': 29931, 'rank': 7, 'fitness': 0.3444930208492356, 'generation': 677}","{'id': 29967, 'rank': 8, 'fitness': 0.314288029348226, 'generation': 677}","{'id': 29938, 'rank': 9, 'fitness': 0.1871657415461192, 'generation': 677}","{'id': 29948, 'rank': 10, 'fitness': 0.10758929080309332, 'generation': 677}","{'id': 29963, 'rank': 11, 'fitness': 0.09908152867106063, 'generation': 677}","{'id': 29966, 'rank': 12, 'fitness': 0.08512478207953167, 'generation': 677}","{'id': 29965, 'rank': 13, 'fitness': 0.08163791139005983, 'generation': 677}","{'id': 29939, 'rank': 14, 'fitness': 0.07570451906355147, 'generation': 677}","{'id': 29959, 'rank': 15, 'fitness': 0.06397889030511411, 'generation': 677}","{'id': 29955, 'rank': 16, 'fitness': 0.05490405988487862, 'generation': 677}","{'id': 29964, 'rank': 17, 'fitness': 0.04561477335257191, 'generation': 677}","{'id': 29961, 'rank': 18, 'fitness': 0.040193679565113216, 'generation': 677}","{'id': 29940, 'rank': 19, 'fitness': 0.0339357939363209, 'generation': 677}","{'id': 29934, 'rank': 20, 'fitness': 0.032667393472197326, 'generation': 677}","{'id': 29969, 'rank': 21, 'fitness': 0.031890363025675494, 'generation': 677}","{'id': 29945, 'rank': 22, 'fitness': 0.030692299557468494, 'generation': 677}","{'id': 29947, 'rank': 23, 'fitness': 0.02516204396055316, 'generation': 677}","{'id': 29937, 'rank': 24, 'fitness': 0.024556911364160328, 'generation': 677}","{'id': 29941, 'rank': 25, 'fitness': 0.022477563030405434, 'generation': 677}","{'id': 29972, 'rank': 26, 'fitness': 0.020526477622894834, 'generation': 677}","{'id': 29953, 'rank': 27, 'fitness': 0.0201335749834749, 'generation': 677}","{'id': 29971, 'rank': 28, 'fitness': 0.020128034562763075, 'generation': 677}","{'id': 29950, 'rank': 29, 'fitness': 0.019348813757706473, 'generation': 677}","{'id': 29956, 'rank': 30, 'fitness': 0.01798620996209155, 'generation': 677}"
"{'id': 29982, 'rank': 1, 'fitness': 0.9820137900379085, 'generation': 678}","{'id': 30011, 'rank': 2, 'fitness': 0.9446072002724786, 'generation': 678}","{'id': 30005, 'rank': 3, 'fitness': 0.9146836812307283, 'generation': 678}","{'id': 29999, 'rank': 4, 'fitness': 0.8189700522485259, 'generation': 678}","{'id': 29998, 'rank': 5, 'fitness': 0.8154183507766553, 'generation': 678}","{'id': 29984, 'rank': 6, 'fitness': 0.8131641217006182, 'generation': 678}","{'id': 30006, 'rank': 7, 'fitness': 0.6428817281423183, 'generation': 678}","{'id': 30010, 'rank': 8, 'fitness': 0.6108143219392516, 'generation': 678}","{'id': 29997, 'rank': 9, 'fitness': 0.5994492797679777, 'generation': 678}","{'id': 30002, 'rank': 10, 'fitness': 0.5876198281425186, 'generation': 678}","{'id': 29983, 'rank': 11, 'fitness': 0.5857620996034258, 'generation': 678}","{'id': 29981, 'rank': 12, 'fitness': 0.5488649509392793, 'generation': 678}","{'id': 29992, 'rank': 13, 'fitness': 0.5025110944987392, 'generation': 678}","{'id': 29995, 'rank': 14, 'fitness': 0.48384624452123415, 'generation': 678}","{'id': 30009, 'rank': 15, 'fitness': 0.3739576702828977, 'generation': 678}","{'id': 29991, 'rank': 16, 'fitness': 0.2742444747315311, 'generation': 678}","{'id': 29989, 'rank': 17, 'fitness': 0.2087444929819407, 'generation': 678}","{'id': 30000, 'rank': 18, 'fitness': 0.18777481760481507, 'generation': 678}","{'id': 30008, 'rank': 19, 'fitness': 0.16899012253264956, 'generation': 678}","{'id': 29976, 'rank': 20, 'fitness': 0.15574548893736534, 'generation': 678}","{'id': 30001, 'rank': 21, 'fitness': 0.11708166627127087, 'generation': 678}","{'id': 29994, 'rank': 22, 'fitness': 0.10200175807569567, 'generation': 678}","{'id': 30007, 'rank': 23, 'fitness': 0.07927287152672735, 'generation': 678}","{'id': 29993, 'rank': 24, 'fitness': 0.07433224715092779, 'generation': 678}","{'id': 29974, 'rank': 25, 'fitness': 0.04633818290913788, 'generation': 678}","{'id': 30004, 'rank': 26, 'fitness': 0.03814090514209223, 'generation': 678}","{'id': 30003, 'rank': 27, 'fitness': 0.027245648431609704, 'generation': 678}","{'id': 29980, 'rank': 28, 'fitness': 0.023589925351013175, 'generation': 678}","{'id': 29979, 'rank': 29, 'fitness': 0.018969043346057313, 'generation': 678}","{'id': 29985, 'rank': 30, 'fitness': 0.01798620996209155, 'generation': 678}"
"{'id': 30053, 'rank': 1, 'fitness': 0.9820137900379085, 'generation': 679}","{'id': 30050, 'rank': 2, 'fitness': 0.9790954684989812, 'generation': 679}","{'id': 30052, 'rank': 3, 'fitness': 0.9385773918744604, 'generation': 679}","{'id': 30057, 'rank': 4, 'fitness': 0.9148390721571608, 'generation': 679}","{'id': 30059, 'rank': 5, 'fitness': 0.7949165529724055, 'generation': 679}","{'id': 30045, 'rank': 6, 'fitness': 0.7917096773213703, 'generation': 679}","{'id': 30031, 'rank': 7, 'fitness': 0.7198475874029437, 'generation': 679}","{'id': 30056, 'rank': 8, 'fitness': 0.6824060741470026, 'generation': 679}","{'id': 30041, 'rank': 9, 'fitness': 0.6161315387606967, 'generation': 679}","{'id': 30038, 'rank': 10, 'fitness': 0.6155926417201143, 'generation': 679}","{'id': 30060, 'rank': 11, 'fitness': 0.6122125699818697, 'generation': 679}","{'id': 30054, 'rank': 12, 'fitness': 0.43053076766033127, 'generation': 679}","{'id': 30044, 'rank': 13, 'fitness': 0.41153113739239633, 'generation': 679}","{'id': 30034, 'rank': 14, 'fitness': 0.3356857164202345, 'generation': 679}","{'id': 30033, 'rank': 15, 'fitness': 0.2520951466173417, 'generation': 679}","{'id': 30049, 'rank': 16, 'fitness': 0.22693592526645118, 'generation': 679}","{'id': 30051, 'rank': 17, 'fitness': 0.199547862220199, 'generation': 679}","{'id': 30048, 'rank': 18, 'fitness': 0.1992944562135971, 'generation': 679}","{'id': 30040, 'rank': 19, 'fitness': 0.17671991288556083, 'generation': 679}","{'id': 30043, 'rank': 20, 'fitness': 0.15940425563830696, 'generation': 679}","{'id': 30014, 'rank': 21, 'fitness': 0.143774369389971, 'generation': 679}","{'id': 30016, 'rank': 22, 'fitness': 0.12989165284984694, 'generation': 679}","{'id': 30042, 'rank': 23, 'fitness': 0.12184698160199242, 'generation': 679}","{'id': 30039, 'rank': 24, 'fitness': 0.11566499411719, 'generation': 679}","{'id': 30058, 'rank': 25, 'fitness': 0.08652768228705376, 'generation': 679}","{'id': 30030, 'rank': 26, 'fitness': 0.06717833064688339, 'generation': 679}","{'id': 30037, 'rank': 27, 'fitness': 0.05230308882116391, 'generation': 679}","{'id': 30018, 'rank': 28, 'fitness': 0.03107874903702973, 'generation': 679}","{'id': 30047, 'rank': 29, 'fitness': 0.02981657363994744, 'generation': 679}","{'id': 30012, 'rank': 30, 'fitness': 0.01798620996209155, 'generation': 679}"
"{'id': 30087, 'rank': 1, 'fitness': 0.9820137900379085, 'generation': 680}","{'id': 30071, 'rank': 2, 'fitness': 0.8930827059703134, 'generation': 680}","{'id': 30099, 'rank': 3, 'fitness': 0.7987051489049659, 'generation': 680}","{'id': 30092, 'rank': 4, 'fitness': 0.42261409984243936, 'generation': 680}","{'id': 30103, 'rank': 5, 'fitness': 0.38871060460119977, 'generation': 680}","{'id': 30065, 'rank': 6, 'fitness': 0.22567498527332008, 'generation': 680}","{'id': 30096, 'rank': 7, 'fitness': 0.21995062777960012, 'generation': 680}","{'id': 30070, 'rank': 8, 'fitness': 0.2144105310923201, 'generation': 680}","{'id': 30072, 'rank': 9, 'fitness': 0.2081691387297584, 'generation': 680}","{'id': 30105, 'rank': 10, 'fitness': 0.20527340723811172, 'generation': 680}","{'id': 30104, 'rank': 11, 'fitness': 0.16324885976488368, 'generation': 680}","{'id': 30080, 'rank': 12, 'fitness': 0.1508297109221451, 'generation': 680}","{'id': 30097, 'rank': 13, 'fitness': 0.15031259024451266, 'generation': 680}","{'id': 30098, 'rank': 14, 'fitness': 0.073466122534107, 'generation': 680}","{'id': 30093, 'rank': 15, 'fitness': 0.07335630106973678, 'generation': 680}","{'id': 30067, 'rank': 16, 'fitness': 0.0690732496278953, 'generation': 680}","{'id': 30101, 'rank': 17, 'fitness': 0.06794996638949008, 'generation': 680}","{'id': 30064, 'rank': 18, 'fitness': 0.04717178303495301, 'generation': 680}","{'id': 30089, 'rank': 19, 'fitness': 0.04652903534477726, 'generation': 680}","{'id': 30095, 'rank': 20, 'fitness': 0.043677999431020076, 'generation': 680}","{'id': 30083, 'rank': 21, 'fitness': 0.03917825114216095, 'generation': 680}","{'id': 30079, 'rank': 22, 'fitness': 0.039082634389440485, 'generation': 680}","{'id': 30066, 'rank': 23, 'fitness': 0.03704809123660263, 'generation': 680}","{'id': 30102, 'rank': 24, 'fitness': 0.03361273217431682, 'generation': 680}","{'id': 30094, 'rank': 25, 'fitness': 0.02597658966094568, 'generation': 680}","{'id': 30090, 'rank': 26, 'fitness': 0.023643985580813653, 'generation': 680}","{'id': 30063, 'rank': 27, 'fitness': 0.021549430041158724, 'generation': 680}","{'id': 30085, 'rank': 28, 'fitness': 0.02077187904433353, 'generation': 680}","{'id': 30106, 'rank': 29, 'fitness': 0.01915894305564836, 'generation': 680}","{'id': 30082, 'rank': 30, 'fitness': 0.01798620996209155, 'generation': 680}"
"{'id': 30129, 'rank': 1, 'fitness': 0.9820137900379085, 'generation': 681}","{'id': 30140, 'rank': 2, 'fitness': 0.9812627154010094, 'generation': 681}","{'id': 30138, 'rank': 3, 'fitness': 0.9577292222545531, 'generation': 681}","{'id': 30120, 'rank': 4, 'fitness': 0.9380805724799468, 'generation': 681}","{'id': 30143, 'rank': 5, 'fitness': 0.8831272787757768, 'generation': 681}","{'id': 30131, 'rank': 6, 'fitness': 0.8733045863241077, 'generation': 681}","{'id': 30127, 'rank': 7, 'fitness': 0.8553699673618375, 'generation': 681}","{'id': 30132, 'rank': 8, 'fitness': 0.7603452146421802, 'generation': 681}","{'id': 30130, 'rank': 9, 'fitness': 0.7231815615657714, 'generation': 681}","{'id': 30126, 'rank': 10, 'fitness': 0.6913687264780903, 'generation': 681}","{'id': 30135, 'rank': 11, 'fitness': 0.6167982775855123, 'generation': 681}","{'id': 30133, 'rank': 12, 'fitness': 0.5918474731644032, 'generation': 681}","{'id': 30108, 'rank': 13, 'fitness': 0.45980962829883, 'generation': 681}","{'id': 30141, 'rank': 14, 'fitness': 0.4025190028983774, 'generation': 681}","{'id': 30134, 'rank': 15, 'fitness': 0.37235092218802773, 'generation': 681}","{'id': 30110, 'rank': 16, 'fitness': 0.2291755986010977, 'generation': 681}","{'id': 30112, 'rank': 17, 'fitness': 0.14514304383264415, 'generation': 681}","{'id': 30121, 'rank': 18, 'fitness': 0.12904401284048506, 'generation': 681}","{'id': 30122, 'rank': 19, 'fitness': 0.12893182066016978, 'generation': 681}","{'id': 30144, 'rank': 20, 'fitness': 0.11943742288283593, 'generation': 681}","{'id': 30116, 'rank': 21, 'fitness': 0.10714763242339564, 'generation': 681}","{'id': 30139, 'rank': 22, 'fitness': 0.10173351527454699, 'generation': 681}","{'id': 30145, 'rank': 23, 'fitness': 0.09448149479223567, 'generation': 681}","{'id': 30119, 'rank': 24, 'fitness': 0.04568426613138277, 'generation': 681}","{'id': 30136, 'rank': 25, 'fitness': 0.0339365112549026, 'generation': 681}","{'id': 30117, 'rank': 26, 'fitness': 0.03164418483670667, 'generation': 681}","{'id': 30111, 'rank': 27, 'fitness': 0.021211980090194982, 'generation': 681}","{'id': 30124, 'rank': 28, 'fitness': 0.020524792234349998, 'generation': 681}","{'id': 30107, 'rank': 29, 'fitness': 0.019369787173660336, 'generation': 681}","{'id': 30128, 'rank': 30, 'fitness': 0.01798620996209155, 'generation': 681}"
"{'id': 30190, 'rank': 1, 'fitness': 0.9820137900379085, 'generation': 682}","{'id': 30179, 'rank': 2, 'fitness': 0.9728709040996906, 'generation': 682}","{'id': 30181, 'rank': 3, 'fitness': 0.9577448256919094, 'generation': 682}","{'id': 30178, 'rank': 4, 'fitness': 0.9164051534543585, 'generation': 682}","{'id': 30185, 'rank': 5, 'fitness': 0.9136797565838191, 'generation': 682}","{'id': 30170, 'rank': 6, 'fitness': 0.7300292343083198, 'generation': 682}","{'id': 30183, 'rank': 7, 'fitness': 0.6836800198370814, 'generation': 682}","{'id': 30180, 'rank': 8, 'fitness': 0.5842284008965155, 'generation': 682}","{'id': 30173, 'rank': 9, 'fitness': 0.5787246925210204, 'generation': 682}","{'id': 30161, 'rank': 10, 'fitness': 0.5127530049395502, 'generation': 682}","{'id': 30184, 'rank': 11, 'fitness': 0.41147946153835263, 'generation': 682}","{'id': 30177, 'rank': 12, 'fitness': 0.3767464734393568, 'generation': 682}","{'id': 30168, 'rank': 13, 'fitness': 0.30923744449709356, 'generation': 682}","{'id': 30182, 'rank': 14, 'fitness': 0.2496213545917373, 'generation': 682}","{'id': 30147, 'rank': 15, 'fitness': 0.2356938785828973, 'generation': 682}","{'id': 30152, 'rank': 16, 'fitness': 0.2130781937652534, 'generation': 682}","{'id': 30166, 'rank': 17, 'fitness': 0.18933297641135177, 'generation': 682}","{'id': 30151, 'rank': 18, 'fitness': 0.11257191637052472, 'generation': 682}","{'id': 30150, 'rank': 19, 'fitness': 0.09914560715402165, 'generation': 682}","{'id': 30163, 'rank': 20, 'fitness': 0.0924883727542874, 'generation': 682}","{'id': 30187, 'rank': 21, 'fitness': 0.07063685085308768, 'generation': 682}","{'id': 30159, 'rank': 22, 'fitness': 0.0702276567258383, 'generation': 682}","{'id': 30171, 'rank': 23, 'fitness': 0.0428755624279627, 'generation': 682}","{'id': 30172, 'rank': 24, 'fitness': 0.04243630228417267, 'generation': 682}","{'id': 30189, 'rank': 25, 'fitness': 0.030100570206175736, 'generation': 682}","{'id': 30146, 'rank': 26, 'fitness': 0.02644168505111455, 'generation': 682}","{'id': 30154, 'rank': 27, 'fitness': 0.02532043910726467, 'generation': 682}","{'id': 30175, 'rank': 28, 'fitness': 0.024918612919623107, 'generation': 682}","{'id': 30157, 'rank': 29, 'fitness': 0.02447707959761486, 'generation': 682}","{'id': 30156, 'rank': 30, 'fitness': 0.01798620996209155, 'generation': 682}"
"{'id': 30233, 'rank': 1, 'fitness': 0.9820137900379085, 'generation': 683}","{'id': 30214, 'rank': 2, 'fitness': 0.9764971820930507, 'generation': 683}","{'id': 30226, 'rank': 3, 'fitness': 0.9638392633853534, 'generation': 683}","{'id': 30234, 'rank': 4, 'fitness': 0.9560116214648985, 'generation': 683}","{'id': 30217, 'rank': 5, 'fitness': 0.9432591496292336, 'generation': 683}","{'id': 30225, 'rank': 6, 'fitness': 0.8820380268446947, 'generation': 683}","{'id': 30227, 'rank': 7, 'fitness': 0.8155078630000558, 'generation': 683}","{'id': 30215, 'rank': 8, 'fitness': 0.7792718188783976, 'generation': 683}","{'id': 30235, 'rank': 9, 'fitness': 0.7006231007706001, 'generation': 683}","{'id': 30208, 'rank': 10, 'fitness': 0.6445894744125824, 'generation': 683}","{'id': 30229, 'rank': 11, 'fitness': 0.544294508195183, 'generation': 683}","{'id': 30218, 'rank': 12, 'fitness': 0.42453971724983164, 'generation': 683}","{'id': 30221, 'rank': 13, 'fitness': 0.41760620703626894, 'generation': 683}","{'id': 30228, 'rank': 14, 'fitness': 0.38200724187219537, 'generation': 683}","{'id': 30220, 'rank': 15, 'fitness': 0.21788223012612412, 'generation': 683}","{'id': 30224, 'rank': 16, 'fitness': 0.11408115963417814, 'generation': 683}","{'id': 30219, 'rank': 17, 'fitness': 0.11018485894651553, 'generation': 683}","{'id': 30192, 'rank': 18, 'fitness': 0.10738089045313653, 'generation': 683}","{'id': 30230, 'rank': 19, 'fitness': 0.10074698257630554, 'generation': 683}","{'id': 30232, 'rank': 20, 'fitness': 0.08576148391544758, 'generation': 683}","{'id': 30222, 'rank': 21, 'fitness': 0.07981962683865701, 'generation': 683}","{'id': 30205, 'rank': 22, 'fitness': 0.06746211441209587, 'generation': 683}","{'id': 30211, 'rank': 23, 'fitness': 0.05638014462208929, 'generation': 683}","{'id': 30198, 'rank': 24, 'fitness': 0.04519524918841883, 'generation': 683}","{'id': 30216, 'rank': 25, 'fitness': 0.035837113259031106, 'generation': 683}","{'id': 30200, 'rank': 26, 'fitness': 0.021396793776363554, 'generation': 683}","{'id': 30199, 'rank': 27, 'fitness': 0.0207746645840165, 'generation': 683}","{'id': 30201, 'rank': 28, 'fitness': 0.020022388625159593, 'generation': 683}","{'id': 30212, 'rank': 29, 'fitness': 0.01969280866204154, 'generation': 683}","{'id': 30195, 'rank': 30, 'fitness': 0.01798620996209155, 'generation': 683}"
"{'id': 30283, 'rank': 1, 'fitness': 0.9820137900379085, 'generation': 684}","{'id': 30268, 'rank': 2, 'fitness': 0.9405363786925829, 'generation': 684}","{'id': 30279, 'rank': 3, 'fitness': 0.9296910093157433, 'generation': 684}","{'id': 30274, 'rank': 4, 'fitness': 0.9205104605555666, 'generation': 684}","{'id': 30267, 'rank': 5, 'fitness': 0.8541243440558518, 'generation': 684}","{'id': 30270, 'rank': 6, 'fitness': 0.7199394253785152, 'generation': 684}","{'id': 30277, 'rank': 7, 'fitness': 0.6360523380741543, 'generation': 684}","{'id': 30276, 'rank': 8, 'fitness': 0.5553599417533983, 'generation': 684}","{'id': 30242, 'rank': 9, 'fitness': 0.4468113911208326, 'generation': 684}","{'id': 30258, 'rank': 10, 'fitness': 0.4351522825623237, 'generation': 684}","{'id': 30284, 'rank': 11, 'fitness': 0.3556781832873587, 'generation': 684}","{'id': 30275, 'rank': 12, 'fitness': 0.3290315211533572, 'generation': 684}","{'id': 30272, 'rank': 13, 'fitness': 0.293100549093943, 'generation': 684}","{'id': 30273, 'rank': 14, 'fitness': 0.2584904770845362, 'generation': 684}","{'id': 30282, 'rank': 15, 'fitness': 0.2245045259268481, 'generation': 684}","{'id': 30238, 'rank': 16, 'fitness': 0.20054244822486744, 'generation': 684}","{'id': 30286, 'rank': 17, 'fitness': 0.13903804698281236, 'generation': 684}","{'id': 30252, 'rank': 18, 'fitness': 0.13027846080886685, 'generation': 684}","{'id': 30240, 'rank': 19, 'fitness': 0.1028093389541222, 'generation': 684}","{'id': 30244, 'rank': 20, 'fitness': 0.08756009618068433, 'generation': 684}","{'id': 30254, 'rank': 21, 'fitness': 0.0657162711909336, 'generation': 684}","{'id': 30259, 'rank': 22, 'fitness': 0.058286411087627665, 'generation': 684}","{'id': 30248, 'rank': 23, 'fitness': 0.04432342058437505, 'generation': 684}","{'id': 30239, 'rank': 24, 'fitness': 0.0387278452678369, 'generation': 684}","{'id': 30245, 'rank': 25, 'fitness': 0.035366215121343136, 'generation': 684}","{'id': 30256, 'rank': 26, 'fitness': 0.030672422880334616, 'generation': 684}","{'id': 30255, 'rank': 27, 'fitness': 0.03026488821896578, 'generation': 684}","{'id': 30253, 'rank': 28, 'fitness': 0.021548916504675497, 'generation': 684}","{'id': 30265, 'rank': 29, 'fitness': 0.02001543005872919, 'generation': 684}","{'id': 30263, 'rank': 30, 'fitness': 0.01798620996209155, 'generation': 684}"
"{'id': 30313, 'rank': 1, 'fitness': 0.9820137900379085, 'generation': 685}","{'id': 30332, 'rank': 2, 'fitness': 0.9786026210065912, 'generation': 685}","{'id': 30334, 'rank': 3, 'fitness': 0.9029938018681373, 'generation': 685}","{'id': 30319, 'rank': 4, 'fitness': 0.5197004045011117, 'generation': 685}","{'id': 30321, 'rank': 5, 'fitness': 0.5110582261523285, 'generation': 685}","{'id': 30310, 'rank': 6, 'fitness': 0.4253679865421983, 'generation': 685}","{'id': 30336, 'rank': 7, 'fitness': 0.37132741242377787, 'generation': 685}","{'id': 30323, 'rank': 8, 'fitness': 0.32359151693655563, 'generation': 685}","{'id': 30307, 'rank': 9, 'fitness': 0.30210850485647645, 'generation': 685}","{'id': 30311, 'rank': 10, 'fitness': 0.2582844365965812, 'generation': 685}","{'id': 30328, 'rank': 11, 'fitness': 0.2376929856349077, 'generation': 685}","{'id': 30292, 'rank': 12, 'fitness': 0.2319835774440151, 'generation': 685}","{'id': 30326, 'rank': 13, 'fitness': 0.19950119892834606, 'generation': 685}","{'id': 30331, 'rank': 14, 'fitness': 0.18801757620787152, 'generation': 685}","{'id': 30327, 'rank': 15, 'fitness': 0.17196745694795784, 'generation': 685}","{'id': 30330, 'rank': 16, 'fitness': 0.11280328647938931, 'generation': 685}","{'id': 30320, 'rank': 17, 'fitness': 0.10792214300816289, 'generation': 685}","{'id': 30329, 'rank': 18, 'fitness': 0.0995917973300629, 'generation': 685}","{'id': 30322, 'rank': 19, 'fitness': 0.08873226714964211, 'generation': 685}","{'id': 30306, 'rank': 20, 'fitness': 0.08849617561443729, 'generation': 685}","{'id': 30305, 'rank': 21, 'fitness': 0.07451188126500774, 'generation': 685}","{'id': 30297, 'rank': 22, 'fitness': 0.0701201844771337, 'generation': 685}","{'id': 30335, 'rank': 23, 'fitness': 0.06861618764372085, 'generation': 685}","{'id': 30315, 'rank': 24, 'fitness': 0.06485223771151061, 'generation': 685}","{'id': 30300, 'rank': 25, 'fitness': 0.05012840081440473, 'generation': 685}","{'id': 30309, 'rank': 26, 'fitness': 0.04598648403626182, 'generation': 685}","{'id': 30303, 'rank': 27, 'fitness': 0.03587208271706327, 'generation': 685}","{'id': 30295, 'rank': 28, 'fitness': 0.022321001578359922, 'generation': 685}","{'id': 30314, 'rank': 29, 'fitness': 0.01807316640504414, 'generation': 685}","{'id': 30299, 'rank': 30, 'fitness': 0.01798620996209155, 'generation': 685}"
"{'id': 30378, 'rank': 1, 'fitness': 0.9820137900379085, 'generation': 686}","{'id': 30339, 'rank': 2, 'fitness': 0.8790587208849294, 'generation': 686}","{'id': 30358, 'rank': 3, 'fitness': 0.8214485277481605, 'generation': 686}","{'id': 30365, 'rank': 4, 'fitness': 0.7659469902738254, 'generation': 686}","{'id': 30368, 'rank': 5, 'fitness': 0.7053688292125462, 'generation': 686}","{'id': 30352, 'rank': 6, 'fitness': 0.677469205453333, 'generation': 686}","{'id': 30347, 'rank': 7, 'fitness': 0.6580717543754395, 'generation': 686}","{'id': 30350, 'rank': 8, 'fitness': 0.6032748276689386, 'generation': 686}","{'id': 30341, 'rank': 9, 'fitness': 0.5664671319052914, 'generation': 686}","{'id': 30348, 'rank': 10, 'fitness': 0.45029132992033044, 'generation': 686}","{'id': 30355, 'rank': 11, 'fitness': 0.43710775465049867, 'generation': 686}","{'id': 30369, 'rank': 12, 'fitness': 0.3702630362527971, 'generation': 686}","{'id': 30363, 'rank': 13, 'fitness': 0.33157008516296166, 'generation': 686}","{'id': 30345, 'rank': 14, 'fitness': 0.22614136689065095, 'generation': 686}","{'id': 30340, 'rank': 15, 'fitness': 0.18065209359503565, 'generation': 686}","{'id': 30373, 'rank': 16, 'fitness': 0.16824070398661184, 'generation': 686}","{'id': 30337, 'rank': 17, 'fitness': 0.1668724700589379, 'generation': 686}","{'id': 30360, 'rank': 18, 'fitness': 0.15837563687607842, 'generation': 686}","{'id': 30374, 'rank': 19, 'fitness': 0.12666338005081518, 'generation': 686}","{'id': 30371, 'rank': 20, 'fitness': 0.12600178106917614, 'generation': 686}","{'id': 30356, 'rank': 21, 'fitness': 0.11942359658348362, 'generation': 686}","{'id': 30376, 'rank': 22, 'fitness': 0.11747692330919862, 'generation': 686}","{'id': 30354, 'rank': 23, 'fitness': 0.11577936842556147, 'generation': 686}","{'id': 30342, 'rank': 24, 'fitness': 0.1090867045037297, 'generation': 686}","{'id': 30346, 'rank': 25, 'fitness': 0.04311395819615321, 'generation': 686}","{'id': 30375, 'rank': 26, 'fitness': 0.03464590504532705, 'generation': 686}","{'id': 30361, 'rank': 27, 'fitness': 0.03262332468322504, 'generation': 686}","{'id': 30377, 'rank': 28, 'fitness': 0.02801828918139454, 'generation': 686}","{'id': 30367, 'rank': 29, 'fitness': 0.018299155531693034, 'generation': 686}","{'id': 30353, 'rank': 30, 'fitness': 0.01798620996209155, 'generation': 686}"
"{'id': 30415, 'rank': 1, 'fitness': 0.9820137900379085, 'generation': 687}","{'id': 30411, 'rank': 2, 'fitness': 0.9247863847069295, 'generation': 687}","{'id': 30425, 'rank': 3, 'fitness': 0.835008683177227, 'generation': 687}","{'id': 30416, 'rank': 4, 'fitness': 0.6721817267589048, 'generation': 687}","{'id': 30413, 'rank': 5, 'fitness': 0.5143160260373952, 'generation': 687}","{'id': 30423, 'rank': 6, 'fitness': 0.38669729751123355, 'generation': 687}","{'id': 30421, 'rank': 7, 'fitness': 0.2700658224985382, 'generation': 687}","{'id': 30422, 'rank': 8, 'fitness': 0.22432502253622622, 'generation': 687}","{'id': 30420, 'rank': 9, 'fitness': 0.1774546888475484, 'generation': 687}","{'id': 30424, 'rank': 10, 'fitness': 0.1280429702266791, 'generation': 687}","{'id': 30418, 'rank': 11, 'fitness': 0.1238372360678377, 'generation': 687}","{'id': 30394, 'rank': 12, 'fitness': 0.12297031589938517, 'generation': 687}","{'id': 30408, 'rank': 13, 'fitness': 0.07937710473732351, 'generation': 687}","{'id': 30380, 'rank': 14, 'fitness': 0.06957965511379094, 'generation': 687}","{'id': 30399, 'rank': 15, 'fitness': 0.05836888782992672, 'generation': 687}","{'id': 30419, 'rank': 16, 'fitness': 0.056351621064252566, 'generation': 687}","{'id': 30396, 'rank': 17, 'fitness': 0.055437944831474906, 'generation': 687}","{'id': 30383, 'rank': 18, 'fitness': 0.04948569050701768, 'generation': 687}","{'id': 30410, 'rank': 19, 'fitness': 0.04823818029887478, 'generation': 687}","{'id': 30412, 'rank': 20, 'fitness': 0.04740876301960456, 'generation': 687}","{'id': 30393, 'rank': 21, 'fitness': 0.0363973031366685, 'generation': 687}","{'id': 30388, 'rank': 22, 'fitness': 0.027048070617008813, 'generation': 687}","{'id': 30405, 'rank': 23, 'fitness': 0.024034640020636266, 'generation': 687}","{'id': 30406, 'rank': 24, 'fitness': 0.023593895162186518, 'generation': 687}","{'id': 30401, 'rank': 25, 'fitness': 0.023551689718836755, 'generation': 687}","{'id': 30379, 'rank': 26, 'fitness': 0.022908969429307147, 'generation': 687}","{'id': 30409, 'rank': 27, 'fitness': 0.022563044724116965, 'generation': 687}","{'id': 30392, 'rank': 28, 'fitness': 0.02047844891418471, 'generation': 687}","{'id': 30426, 'rank': 29, 'fitness': 0.019913059700296276, 'generation': 687}","{'id': 30385, 'rank': 30, 'fitness': 0.01798620996209155, 'generation': 687}"
"{'id': 30451, 'rank': 1, 'fitness': 0.9820137900379085, 'generation': 688}","{'id': 30456, 'rank': 2, 'fitness': 0.974998937440817, 'generation': 688}","{'id': 30458, 'rank': 3, 'fitness': 0.9679839805569506, 'generation': 688}","{'id': 30439, 'rank': 4, 'fitness': 0.9514459920031011, 'generation': 688}","{'id': 30441, 'rank': 5, 'fitness': 0.9333237886816648, 'generation': 688}","{'id': 30455, 'rank': 6, 'fitness': 0.8885380906812679, 'generation': 688}","{'id': 30442, 'rank': 7, 'fitness': 0.8648318792386052, 'generation': 688}","{'id': 30454, 'rank': 8, 'fitness': 0.8348690429680845, 'generation': 688}","{'id': 30461, 'rank': 9, 'fitness': 0.7745558210609528, 'generation': 688}","{'id': 30446, 'rank': 10, 'fitness': 0.7202430525478745, 'generation': 688}","{'id': 30457, 'rank': 11, 'fitness': 0.654736858239499, 'generation': 688}","{'id': 30460, 'rank': 12, 'fitness': 0.5056247425245225, 'generation': 688}","{'id': 30444, 'rank': 13, 'fitness': 0.4793230789485782, 'generation': 688}","{'id': 30436, 'rank': 14, 'fitness': 0.42901890100097745, 'generation': 688}","{'id': 30452, 'rank': 15, 'fitness': 0.4109164337915095, 'generation': 688}","{'id': 30450, 'rank': 16, 'fitness': 0.38098054333545894, 'generation': 688}","{'id': 30437, 'rank': 17, 'fitness': 0.3612275403768325, 'generation': 688}","{'id': 30448, 'rank': 18, 'fitness': 0.34358178099219117, 'generation': 688}","{'id': 30459, 'rank': 19, 'fitness': 0.28583486691969984, 'generation': 688}","{'id': 30447, 'rank': 20, 'fitness': 0.26966100531002746, 'generation': 688}","{'id': 30434, 'rank': 21, 'fitness': 0.26074101059849014, 'generation': 688}","{'id': 30438, 'rank': 22, 'fitness': 0.1757491516240332, 'generation': 688}","{'id': 30449, 'rank': 23, 'fitness': 0.1695051592612694, 'generation': 688}","{'id': 30445, 'rank': 24, 'fitness': 0.12569344934589644, 'generation': 688}","{'id': 30440, 'rank': 25, 'fitness': 0.10121012592977235, 'generation': 688}","{'id': 30435, 'rank': 26, 'fitness': 0.07440326242357276, 'generation': 688}","{'id': 30453, 'rank': 27, 'fitness': 0.06853431462447646, 'generation': 688}","{'id': 30430, 'rank': 28, 'fitness': 0.027966649932785137, 'generation': 688}","{'id': 30433, 'rank': 29, 'fitness': 0.01976288650801228, 'generation': 688}","{'id': 30428, 'rank': 30, 'fitness': 0.01798620996209155, 'generation': 688}"
"{'id': 30507, 'rank': 1, 'fitness': 0.9820137900379085, 'generation': 689}","{'id': 30517, 'rank': 2, 'fitness': 0.9761957763820837, 'generation': 689}","{'id': 30504, 'rank': 3, 'fitness': 0.8787649439487512, 'generation': 689}","{'id': 30512, 'rank': 4, 'fitness': 0.7791023567346744, 'generation': 689}","{'id': 30509, 'rank': 5, 'fitness': 0.7546241747494518, 'generation': 689}","{'id': 30497, 'rank': 6, 'fitness': 0.7488950812012207, 'generation': 689}","{'id': 30488, 'rank': 7, 'fitness': 0.6855230956087406, 'generation': 689}","{'id': 30496, 'rank': 8, 'fitness': 0.6769240373898644, 'generation': 689}","{'id': 30508, 'rank': 9, 'fitness': 0.654151620963654, 'generation': 689}","{'id': 30499, 'rank': 10, 'fitness': 0.5803018532269364, 'generation': 689}","{'id': 30487, 'rank': 11, 'fitness': 0.5402992772936558, 'generation': 689}","{'id': 30516, 'rank': 12, 'fitness': 0.5017880178712143, 'generation': 689}","{'id': 30466, 'rank': 13, 'fitness': 0.4655846588235121, 'generation': 689}","{'id': 30514, 'rank': 14, 'fitness': 0.4359699734842808, 'generation': 689}","{'id': 30470, 'rank': 15, 'fitness': 0.4317099639692218, 'generation': 689}","{'id': 30513, 'rank': 16, 'fitness': 0.19157007297894335, 'generation': 689}","{'id': 30477, 'rank': 17, 'fitness': 0.11619308002153822, 'generation': 689}","{'id': 30472, 'rank': 18, 'fitness': 0.08861836995386052, 'generation': 689}","{'id': 30503, 'rank': 19, 'fitness': 0.08017254987266231, 'generation': 689}","{'id': 30484, 'rank': 20, 'fitness': 0.0680311221793724, 'generation': 689}","{'id': 30502, 'rank': 21, 'fitness': 0.046611194382975896, 'generation': 689}","{'id': 30481, 'rank': 22, 'fitness': 0.04549649622481089, 'generation': 689}","{'id': 30493, 'rank': 23, 'fitness': 0.04454856342554658, 'generation': 689}","{'id': 30505, 'rank': 24, 'fitness': 0.03629005247556577, 'generation': 689}","{'id': 30494, 'rank': 25, 'fitness': 0.028650729186224855, 'generation': 689}","{'id': 30478, 'rank': 26, 'fitness': 0.025576397465618905, 'generation': 689}","{'id': 30471, 'rank': 27, 'fitness': 0.020195741709370774, 'generation': 689}","{'id': 30476, 'rank': 28, 'fitness': 0.019922929782092424, 'generation': 689}","{'id': 30511, 'rank': 29, 'fitness': 0.019528382108342957, 'generation': 689}","{'id': 30515, 'rank': 30, 'fitness': 0.01798620996209155, 'generation': 689}"
"{'id': 30561, 'rank': 1, 'fitness': 0.9820137900379085, 'generation': 690}","{'id': 30565, 'rank': 2, 'fitness': 0.9256236009464872, 'generation': 690}","{'id': 30551, 'rank': 3, 'fitness': 0.8974147633549372, 'generation': 690}","{'id': 30566, 'rank': 4, 'fitness': 0.8343102928065118, 'generation': 690}","{'id': 30557, 'rank': 5, 'fitness': 0.8335480033049487, 'generation': 690}","{'id': 30559, 'rank': 6, 'fitness': 0.7867639688155058, 'generation': 690}","{'id': 30553, 'rank': 7, 'fitness': 0.7563631367251652, 'generation': 690}","{'id': 30519, 'rank': 8, 'fitness': 0.6647241337819918, 'generation': 690}","{'id': 30564, 'rank': 9, 'fitness': 0.6556532805811326, 'generation': 690}","{'id': 30535, 'rank': 10, 'fitness': 0.6407408138553767, 'generation': 690}","{'id': 30563, 'rank': 11, 'fitness': 0.638781711357824, 'generation': 690}","{'id': 30554, 'rank': 12, 'fitness': 0.5978299161154502, 'generation': 690}","{'id': 30560, 'rank': 13, 'fitness': 0.5945571895222636, 'generation': 690}","{'id': 30555, 'rank': 14, 'fitness': 0.504193182796761, 'generation': 690}","{'id': 30562, 'rank': 15, 'fitness': 0.36094090117907174, 'generation': 690}","{'id': 30546, 'rank': 16, 'fitness': 0.2381956752131692, 'generation': 690}","{'id': 30537, 'rank': 17, 'fitness': 0.20698440405504004, 'generation': 690}","{'id': 30545, 'rank': 18, 'fitness': 0.18510559356646206, 'generation': 690}","{'id': 30556, 'rank': 19, 'fitness': 0.16963263715302235, 'generation': 690}","{'id': 30550, 'rank': 20, 'fitness': 0.14982518605261808, 'generation': 690}","{'id': 30525, 'rank': 21, 'fitness': 0.11068447181345642, 'generation': 690}","{'id': 30529, 'rank': 22, 'fitness': 0.08333180305002502, 'generation': 690}","{'id': 30534, 'rank': 23, 'fitness': 0.07939819206599974, 'generation': 690}","{'id': 30538, 'rank': 24, 'fitness': 0.07001828649633796, 'generation': 690}","{'id': 30539, 'rank': 25, 'fitness': 0.06895266368861597, 'generation': 690}","{'id': 30567, 'rank': 26, 'fitness': 0.062368183330424376, 'generation': 690}","{'id': 30547, 'rank': 27, 'fitness': 0.04480881241085605, 'generation': 690}","{'id': 30524, 'rank': 28, 'fitness': 0.03221247680882805, 'generation': 690}","{'id': 30522, 'rank': 29, 'fitness': 0.03182344235716272, 'generation': 690}","{'id': 30530, 'rank': 30, 'fitness': 0.01798620996209155, 'generation': 690}"
"{'id': 30613, 'rank': 1, 'fitness': 0.9820137900379085, 'generation': 691}","{'id': 30583, 'rank': 2, 'fitness': 0.9695993070463758, 'generation': 691}","{'id': 30616, 'rank': 3, 'fitness': 0.8100685220005348, 'generation': 691}","{'id': 30610, 'rank': 4, 'fitness': 0.7724493909686344, 'generation': 691}","{'id': 30603, 'rank': 5, 'fitness': 0.6620831383261458, 'generation': 691}","{'id': 30582, 'rank': 6, 'fitness': 0.618043792218495, 'generation': 691}","{'id': 30612, 'rank': 7, 'fitness': 0.5886198180752749, 'generation': 691}","{'id': 30572, 'rank': 8, 'fitness': 0.572589141384809, 'generation': 691}","{'id': 30597, 'rank': 9, 'fitness': 0.5199462332483684, 'generation': 691}","{'id': 30588, 'rank': 10, 'fitness': 0.4089393754312439, 'generation': 691}","{'id': 30617, 'rank': 11, 'fitness': 0.3916376526933271, 'generation': 691}","{'id': 30571, 'rank': 12, 'fitness': 0.3668289320339161, 'generation': 691}","{'id': 30609, 'rank': 13, 'fitness': 0.3486017419251781, 'generation': 691}","{'id': 30578, 'rank': 14, 'fitness': 0.3314608073133837, 'generation': 691}","{'id': 30608, 'rank': 15, 'fitness': 0.30176963350223085, 'generation': 691}","{'id': 30611, 'rank': 16, 'fitness': 0.25876777377845334, 'generation': 691}","{'id': 30587, 'rank': 17, 'fitness': 0.18711208749366398, 'generation': 691}","{'id': 30575, 'rank': 18, 'fitness': 0.1660279015920329, 'generation': 691}","{'id': 30615, 'rank': 19, 'fitness': 0.14050076384413496, 'generation': 691}","{'id': 30601, 'rank': 20, 'fitness': 0.12409533345374546, 'generation': 691}","{'id': 30595, 'rank': 21, 'fitness': 0.09046888466910419, 'generation': 691}","{'id': 30570, 'rank': 22, 'fitness': 0.0851074266507329, 'generation': 691}","{'id': 30589, 'rank': 23, 'fitness': 0.08448208305501315, 'generation': 691}","{'id': 30618, 'rank': 24, 'fitness': 0.068491999135116, 'generation': 691}","{'id': 30604, 'rank': 25, 'fitness': 0.06214141993898248, 'generation': 691}","{'id': 30574, 'rank': 26, 'fitness': 0.055445616210190174, 'generation': 691}","{'id': 30591, 'rank': 27, 'fitness': 0.023880949470406365, 'generation': 691}","{'id': 30592, 'rank': 28, 'fitness': 0.021630112476777263, 'generation': 691}","{'id': 30596, 'rank': 29, 'fitness': 0.01883665496846737, 'generation': 691}","{'id': 30614, 'rank': 30, 'fitness': 0.01798620996209155, 'generation': 691}"
"{'id': 30657, 'rank': 1, 'fitness': 0.9820137900379085, 'generation': 692}","{'id': 30646, 'rank': 2, 'fitness': 0.9447060953979258, 'generation': 692}","{'id': 30644, 'rank': 3, 'fitness': 0.8681180244578468, 'generation': 692}","{'id': 30660, 'rank': 4, 'fitness': 0.8609279177889536, 'generation': 692}","{'id': 30633, 'rank': 5, 'fitness': 0.8582178003612582, 'generation': 692}","{'id': 30662, 'rank': 6, 'fitness': 0.8131574513172559, 'generation': 692}","{'id': 30645, 'rank': 7, 'fitness': 0.6762938377911325, 'generation': 692}","{'id': 30650, 'rank': 8, 'fitness': 0.5778055882629687, 'generation': 692}","{'id': 30647, 'rank': 9, 'fitness': 0.4944267131699717, 'generation': 692}","{'id': 30649, 'rank': 10, 'fitness': 0.3903333347711157, 'generation': 692}","{'id': 30639, 'rank': 11, 'fitness': 0.35100491523414934, 'generation': 692}","{'id': 30661, 'rank': 12, 'fitness': 0.2867178953063475, 'generation': 692}","{'id': 30631, 'rank': 13, 'fitness': 0.2832584044027988, 'generation': 692}","{'id': 30638, 'rank': 14, 'fitness': 0.26341723105343373, 'generation': 692}","{'id': 30653, 'rank': 15, 'fitness': 0.24951590245043687, 'generation': 692}","{'id': 30655, 'rank': 16, 'fitness': 0.19242020054275566, 'generation': 692}","{'id': 30626, 'rank': 17, 'fitness': 0.16530855348581025, 'generation': 692}","{'id': 30658, 'rank': 18, 'fitness': 0.15576493252247686, 'generation': 692}","{'id': 30651, 'rank': 19, 'fitness': 0.15306875939779274, 'generation': 692}","{'id': 30659, 'rank': 20, 'fitness': 0.13839578651585432, 'generation': 692}","{'id': 30623, 'rank': 21, 'fitness': 0.10611051886660089, 'generation': 692}","{'id': 30635, 'rank': 22, 'fitness': 0.10159559962242554, 'generation': 692}","{'id': 30641, 'rank': 23, 'fitness': 0.08855127097095056, 'generation': 692}","{'id': 30624, 'rank': 24, 'fitness': 0.04762791102300401, 'generation': 692}","{'id': 30627, 'rank': 25, 'fitness': 0.04543059827050938, 'generation': 692}","{'id': 30620, 'rank': 26, 'fitness': 0.04191651987614947, 'generation': 692}","{'id': 30622, 'rank': 27, 'fitness': 0.03682387686281274, 'generation': 692}","{'id': 30654, 'rank': 28, 'fitness': 0.03211440385889153, 'generation': 692}","{'id': 30632, 'rank': 29, 'fitness': 0.029072368984481234, 'generation': 692}","{'id': 30625, 'rank': 30, 'fitness': 0.01798620996209155, 'generation': 692}"
"{'id': 30685, 'rank': 1, 'fitness': 0.9820137900379085, 'generation': 693}","{'id': 30700, 'rank': 2, 'fitness': 0.971079763749696, 'generation': 693}","{'id': 30697, 'rank': 3, 'fitness': 0.889091032026083, 'generation': 693}","{'id': 30665, 'rank': 4, 'fitness': 0.7519880017325671, 'generation': 693}","{'id': 30694, 'rank': 5, 'fitness': 0.6876578583695543, 'generation': 693}","{'id': 30693, 'rank': 6, 'fitness': 0.6858152586080546, 'generation': 693}","{'id': 30679, 'rank': 7, 'fitness': 0.5886084352499477, 'generation': 693}","{'id': 30696, 'rank': 8, 'fitness': 0.495018724080037, 'generation': 693}","{'id': 30702, 'rank': 9, 'fitness': 0.4321186511682467, 'generation': 693}","{'id': 30695, 'rank': 10, 'fitness': 0.41968538184879606, 'generation': 693}","{'id': 30691, 'rank': 11, 'fitness': 0.35834053365274937, 'generation': 693}","{'id': 30692, 'rank': 12, 'fitness': 0.34010847175530784, 'generation': 693}","{'id': 30687, 'rank': 13, 'fitness': 0.3190231578174871, 'generation': 693}","{'id': 30672, 'rank': 14, 'fitness': 0.2881503981961509, 'generation': 693}","{'id': 30688, 'rank': 15, 'fitness': 0.20966250444117085, 'generation': 693}","{'id': 30704, 'rank': 16, 'fitness': 0.1895821219668734, 'generation': 693}","{'id': 30701, 'rank': 17, 'fitness': 0.18318575933004128, 'generation': 693}","{'id': 30681, 'rank': 18, 'fitness': 0.12056389652425359, 'generation': 693}","{'id': 30680, 'rank': 19, 'fitness': 0.09818187918665561, 'generation': 693}","{'id': 30683, 'rank': 20, 'fitness': 0.08928471664767723, 'generation': 693}","{'id': 30690, 'rank': 21, 'fitness': 0.07837438476874081, 'generation': 693}","{'id': 30673, 'rank': 22, 'fitness': 0.054131261111435125, 'generation': 693}","{'id': 30674, 'rank': 23, 'fitness': 0.04941787798768554, 'generation': 693}","{'id': 30677, 'rank': 24, 'fitness': 0.04769138134429918, 'generation': 693}","{'id': 30671, 'rank': 25, 'fitness': 0.04441707863764571, 'generation': 693}","{'id': 30698, 'rank': 26, 'fitness': 0.03456795233757681, 'generation': 693}","{'id': 30667, 'rank': 27, 'fitness': 0.03183202279157343, 'generation': 693}","{'id': 30699, 'rank': 28, 'fitness': 0.025474807195663418, 'generation': 693}","{'id': 30682, 'rank': 29, 'fitness': 0.021398487064822558, 'generation': 693}","{'id': 30678, 'rank': 30, 'fitness': 0.01798620996209155, 'generation': 693}"
"{'id': 30711, 'rank': 1, 'fitness': 0.9820137900379085, 'generation': 694}","{'id': 30726, 'rank': 2, 'fitness': 0.9777577490840121, 'generation': 694}","{'id': 30713, 'rank': 3, 'fitness': 0.9293751845112443, 'generation': 694}","{'id': 30721, 'rank': 4, 'fitness': 0.8748494354960716, 'generation': 694}","{'id': 30731, 'rank': 5, 'fitness': 0.8660106187685304, 'generation': 694}","{'id': 30730, 'rank': 6, 'fitness': 0.8154809253718296, 'generation': 694}","{'id': 30725, 'rank': 7, 'fitness': 0.6613564807991713, 'generation': 694}","{'id': 30732, 'rank': 8, 'fitness': 0.6150426491973294, 'generation': 694}","{'id': 30733, 'rank': 9, 'fitness': 0.5459787106337506, 'generation': 694}","{'id': 30738, 'rank': 10, 'fitness': 0.5247355702869014, 'generation': 694}","{'id': 30719, 'rank': 11, 'fitness': 0.3733294542651704, 'generation': 694}","{'id': 30708, 'rank': 12, 'fitness': 0.3689412270149463, 'generation': 694}","{'id': 30734, 'rank': 13, 'fitness': 0.2873934754784819, 'generation': 694}","{'id': 30743, 'rank': 14, 'fitness': 0.2624102243935882, 'generation': 694}","{'id': 30720, 'rank': 15, 'fitness': 0.23239555159895736, 'generation': 694}","{'id': 30709, 'rank': 16, 'fitness': 0.18400961485667966, 'generation': 694}","{'id': 30727, 'rank': 17, 'fitness': 0.13674862975097507, 'generation': 694}","{'id': 30742, 'rank': 18, 'fitness': 0.12867670072325776, 'generation': 694}","{'id': 30729, 'rank': 19, 'fitness': 0.12763442633498245, 'generation': 694}","{'id': 30740, 'rank': 20, 'fitness': 0.12176825568223038, 'generation': 694}","{'id': 30724, 'rank': 21, 'fitness': 0.11800493694470371, 'generation': 694}","{'id': 30706, 'rank': 22, 'fitness': 0.07855457375531888, 'generation': 694}","{'id': 30710, 'rank': 23, 'fitness': 0.06470849782572119, 'generation': 694}","{'id': 30707, 'rank': 24, 'fitness': 0.03782569989603013, 'generation': 694}","{'id': 30715, 'rank': 25, 'fitness': 0.03742340951665468, 'generation': 694}","{'id': 30735, 'rank': 26, 'fitness': 0.03527543284136686, 'generation': 694}","{'id': 30728, 'rank': 27, 'fitness': 0.0330941438671834, 'generation': 694}","{'id': 30723, 'rank': 28, 'fitness': 0.03175934112646239, 'generation': 694}","{'id': 30722, 'rank': 29, 'fitness': 0.018245149410909323, 'generation': 694}","{'id': 30737, 'rank': 30, 'fitness': 0.01798620996209155, 'generation': 694}"
"{'id': 30780, 'rank': 1, 'fitness': 0.9820137900379085, 'generation': 695}","{'id': 30771, 'rank': 2, 'fitness': 0.957777325508145, 'generation': 695}","{'id': 30773, 'rank': 3, 'fitness': 0.839364273915653, 'generation': 695}","{'id': 30764, 'rank': 4, 'fitness': 0.7904779804826313, 'generation': 695}","{'id': 30762, 'rank': 5, 'fitness': 0.6791375099168221, 'generation': 695}","{'id': 30786, 'rank': 6, 'fitness': 0.6522936656319605, 'generation': 695}","{'id': 30758, 'rank': 7, 'fitness': 0.6455361536364992, 'generation': 695}","{'id': 30774, 'rank': 8, 'fitness': 0.5687676968591538, 'generation': 695}","{'id': 30768, 'rank': 9, 'fitness': 0.5308081743907468, 'generation': 695}","{'id': 30767, 'rank': 10, 'fitness': 0.45395223417018843, 'generation': 695}","{'id': 30769, 'rank': 11, 'fitness': 0.22928919042429097, 'generation': 695}","{'id': 30747, 'rank': 12, 'fitness': 0.22133724916456426, 'generation': 695}","{'id': 30782, 'rank': 13, 'fitness': 0.2046068275946581, 'generation': 695}","{'id': 30777, 'rank': 14, 'fitness': 0.19733076883003486, 'generation': 695}","{'id': 30757, 'rank': 15, 'fitness': 0.18153965278166545, 'generation': 695}","{'id': 30779, 'rank': 16, 'fitness': 0.16834077474383474, 'generation': 695}","{'id': 30784, 'rank': 17, 'fitness': 0.16765705585020751, 'generation': 695}","{'id': 30763, 'rank': 18, 'fitness': 0.14608323260116518, 'generation': 695}","{'id': 30761, 'rank': 19, 'fitness': 0.09197312643387101, 'generation': 695}","{'id': 30765, 'rank': 20, 'fitness': 0.08893362122273518, 'generation': 695}","{'id': 30778, 'rank': 21, 'fitness': 0.06764194646600163, 'generation': 695}","{'id': 30752, 'rank': 22, 'fitness': 0.06406208199310243, 'generation': 695}","{'id': 30776, 'rank': 23, 'fitness': 0.0627739887310555, 'generation': 695}","{'id': 30781, 'rank': 24, 'fitness': 0.04401307859034331, 'generation': 695}","{'id': 30755, 'rank': 25, 'fitness': 0.037634342300517265, 'generation': 695}","{'id': 30751, 'rank': 26, 'fitness': 0.034097138185379294, 'generation': 695}","{'id': 30783, 'rank': 27, 'fitness': 0.0305731424560704, 'generation': 695}","{'id': 30785, 'rank': 28, 'fitness': 0.023431374668315297, 'generation': 695}","{'id': 30754, 'rank': 29, 'fitness': 0.02309689802867554, 'generation': 695}","{'id': 30749, 'rank': 30, 'fitness': 0.01798620996209155, 'generation': 695}"
"{'id': 30811, 'rank': 1, 'fitness': 0.9820137900379085, 'generation': 696}","{'id': 30816, 'rank': 2, 'fitness': 0.9310382608009998, 'generation': 696}","{'id': 30803, 'rank': 3, 'fitness': 0.6867604661005824, 'generation': 696}","{'id': 30820, 'rank': 4, 'fitness': 0.6281349522626752, 'generation': 696}","{'id': 30805, 'rank': 5, 'fitness': 0.5752244985365761, 'generation': 696}","{'id': 30828, 'rank': 6, 'fitness': 0.5346428280284521, 'generation': 696}","{'id': 30813, 'rank': 7, 'fitness': 0.4727658116437073, 'generation': 696}","{'id': 30817, 'rank': 8, 'fitness': 0.37933511495905264, 'generation': 696}","{'id': 30829, 'rank': 9, 'fitness': 0.3351448006400378, 'generation': 696}","{'id': 30812, 'rank': 10, 'fitness': 0.31860054286545336, 'generation': 696}","{'id': 30810, 'rank': 11, 'fitness': 0.28153956307447586, 'generation': 696}","{'id': 30796, 'rank': 12, 'fitness': 0.24931606385436744, 'generation': 696}","{'id': 30797, 'rank': 13, 'fitness': 0.1529418785997847, 'generation': 696}","{'id': 30790, 'rank': 14, 'fitness': 0.14502694197186228, 'generation': 696}","{'id': 30795, 'rank': 15, 'fitness': 0.1200457532977861, 'generation': 696}","{'id': 30822, 'rank': 16, 'fitness': 0.10383012794683855, 'generation': 696}","{'id': 30807, 'rank': 17, 'fitness': 0.1026272237118398, 'generation': 696}","{'id': 30819, 'rank': 18, 'fitness': 0.09018817036411597, 'generation': 696}","{'id': 30825, 'rank': 19, 'fitness': 0.06892390453195579, 'generation': 696}","{'id': 30823, 'rank': 20, 'fitness': 0.06116979315539556, 'generation': 696}","{'id': 30815, 'rank': 21, 'fitness': 0.05639562291761291, 'generation': 696}","{'id': 30800, 'rank': 22, 'fitness': 0.05392574673119327, 'generation': 696}","{'id': 30794, 'rank': 23, 'fitness': 0.052218776534128264, 'generation': 696}","{'id': 30801, 'rank': 24, 'fitness': 0.04833105637441498, 'generation': 696}","{'id': 30826, 'rank': 25, 'fitness': 0.039535162364226994, 'generation': 696}","{'id': 30821, 'rank': 26, 'fitness': 0.030688462572979303, 'generation': 696}","{'id': 30818, 'rank': 27, 'fitness': 0.02705670748750849, 'generation': 696}","{'id': 30814, 'rank': 28, 'fitness': 0.018595604969709245, 'generation': 696}","{'id': 30806, 'rank': 29, 'fitness': 0.018471746086331897, 'generation': 696}","{'id': 30788, 'rank': 30, 'fitness': 0.01798620996209155, 'generation': 696}"
"{'id': 30856, 'rank': 1, 'fitness': 0.9820137900379085, 'generation': 697}","{'id': 30858, 'rank': 2, 'fitness': 0.8055225368391841, 'generation': 697}","{'id': 30862, 'rank': 3, 'fitness': 0.7346246187428223, 'generation': 697}","{'id': 30866, 'rank': 4, 'fitness': 0.41397399818562114, 'generation': 697}","{'id': 30871, 'rank': 5, 'fitness': 0.3553572030283263, 'generation': 697}","{'id': 30852, 'rank': 6, 'fitness': 0.3339779700776012, 'generation': 697}","{'id': 30844, 'rank': 7, 'fitness': 0.2986292296306099, 'generation': 697}","{'id': 30832, 'rank': 8, 'fitness': 0.2682962427106387, 'generation': 697}","{'id': 30860, 'rank': 9, 'fitness': 0.2661547079171478, 'generation': 697}","{'id': 30872, 'rank': 10, 'fitness': 0.26238878409680494, 'generation': 697}","{'id': 30845, 'rank': 11, 'fitness': 0.2382083048667729, 'generation': 697}","{'id': 30870, 'rank': 12, 'fitness': 0.22257348127870247, 'generation': 697}","{'id': 30853, 'rank': 13, 'fitness': 0.16775075327517958, 'generation': 697}","{'id': 30863, 'rank': 14, 'fitness': 0.16601632004334504, 'generation': 697}","{'id': 30847, 'rank': 15, 'fitness': 0.1278546940503258, 'generation': 697}","{'id': 30861, 'rank': 16, 'fitness': 0.11277479257599937, 'generation': 697}","{'id': 30864, 'rank': 17, 'fitness': 0.0896534718791061, 'generation': 697}","{'id': 30859, 'rank': 18, 'fitness': 0.08293690725011538, 'generation': 697}","{'id': 30873, 'rank': 19, 'fitness': 0.08001606299123332, 'generation': 697}","{'id': 30833, 'rank': 20, 'fitness': 0.07764021599321713, 'generation': 697}","{'id': 30840, 'rank': 21, 'fitness': 0.06644166345182967, 'generation': 697}","{'id': 30848, 'rank': 22, 'fitness': 0.058836069315337414, 'generation': 697}","{'id': 30867, 'rank': 23, 'fitness': 0.050883545791261475, 'generation': 697}","{'id': 30865, 'rank': 24, 'fitness': 0.04205120390729161, 'generation': 697}","{'id': 30846, 'rank': 25, 'fitness': 0.03734592441455359, 'generation': 697}","{'id': 30842, 'rank': 26, 'fitness': 0.036800151321180086, 'generation': 697}","{'id': 30830, 'rank': 27, 'fitness': 0.033599324463264635, 'generation': 697}","{'id': 30868, 'rank': 28, 'fitness': 0.026304092998141237, 'generation': 697}","{'id': 30851, 'rank': 29, 'fitness': 0.02209675994534588, 'generation': 697}","{'id': 30831, 'rank': 30, 'fitness': 0.01798620996209155, 'generation': 697}"
"{'id': 30910, 'rank': 1, 'fitness': 0.9820137900379085, 'generation': 698}","{'id': 30896, 'rank': 2, 'fitness': 0.981605511849881, 'generation': 698}","{'id': 30909, 'rank': 3, 'fitness': 0.9622195225699242, 'generation': 698}","{'id': 30886, 'rank': 4, 'fitness': 0.8992787110055146, 'generation': 698}","{'id': 30888, 'rank': 5, 'fitness': 0.871905471095345, 'generation': 698}","{'id': 30880, 'rank': 6, 'fitness': 0.8504205934438631, 'generation': 698}","{'id': 30876, 'rank': 7, 'fitness': 0.8379848618992951, 'generation': 698}","{'id': 30874, 'rank': 8, 'fitness': 0.7369531934835718, 'generation': 698}","{'id': 30893, 'rank': 9, 'fitness': 0.7085520978133626, 'generation': 698}","{'id': 30884, 'rank': 10, 'fitness': 0.6135260354296054, 'generation': 698}","{'id': 30905, 'rank': 11, 'fitness': 0.6065118153912941, 'generation': 698}","{'id': 30907, 'rank': 12, 'fitness': 0.39862994263159196, 'generation': 698}","{'id': 30878, 'rank': 13, 'fitness': 0.27743512735661086, 'generation': 698}","{'id': 30895, 'rank': 14, 'fitness': 0.2555623553747006, 'generation': 698}","{'id': 30902, 'rank': 15, 'fitness': 0.2513068359535446, 'generation': 698}","{'id': 30887, 'rank': 16, 'fitness': 0.24059421928265745, 'generation': 698}","{'id': 30894, 'rank': 17, 'fitness': 0.23161804476962028, 'generation': 698}","{'id': 30890, 'rank': 18, 'fitness': 0.21467828824606228, 'generation': 698}","{'id': 30897, 'rank': 19, 'fitness': 0.2124731527268754, 'generation': 698}","{'id': 30908, 'rank': 20, 'fitness': 0.18337876546625664, 'generation': 698}","{'id': 30901, 'rank': 21, 'fitness': 0.1679821343944906, 'generation': 698}","{'id': 30885, 'rank': 22, 'fitness': 0.15797091834027194, 'generation': 698}","{'id': 30898, 'rank': 23, 'fitness': 0.15107004429391602, 'generation': 698}","{'id': 30875, 'rank': 24, 'fitness': 0.11164940042972493, 'generation': 698}","{'id': 30900, 'rank': 25, 'fitness': 0.06501724406673576, 'generation': 698}","{'id': 30899, 'rank': 26, 'fitness': 0.06297484513306456, 'generation': 698}","{'id': 30883, 'rank': 27, 'fitness': 0.034989897195551345, 'generation': 698}","{'id': 30889, 'rank': 28, 'fitness': 0.030113330298797314, 'generation': 698}","{'id': 30879, 'rank': 29, 'fitness': 0.01901054616674913, 'generation': 698}","{'id': 30906, 'rank': 30, 'fitness': 0.01798620996209155, 'generation': 698}"
"{'id': 30912, 'rank': 1, 'fitness': 0.9820137900379085, 'generation': 699}","{'id': 30961, 'rank': 2, 'fitness': 0.9801689975888674, 'generation': 699}","{'id': 30948, 'rank': 3, 'fitness': 0.9755283377331728, 'generation': 699}","{'id': 30959, 'rank': 4, 'fitness': 0.9347375711977014, 'generation': 699}","{'id': 30913, 'rank': 5, 'fitness': 0.7912491369719443, 'generation': 699}","{'id': 30933, 'rank': 6, 'fitness': 0.6124928205022921, 'generation': 699}","{'id': 30946, 'rank': 7, 'fitness': 0.5777190975279874, 'generation': 699}","{'id': 30956, 'rank': 8, 'fitness': 0.5657244033052036, 'generation': 699}","{'id': 30935, 'rank': 9, 'fitness': 0.37181578236750856, 'generation': 699}","{'id': 30952, 'rank': 10, 'fitness': 0.28701871680901325, 'generation': 699}","{'id': 30929, 'rank': 11, 'fitness': 0.265525115525037, 'generation': 699}","{'id': 30930, 'rank': 12, 'fitness': 0.24587691404124123, 'generation': 699}","{'id': 30953, 'rank': 13, 'fitness': 0.2371329286594145, 'generation': 699}","{'id': 30917, 'rank': 14, 'fitness': 0.22502840601004165, 'generation': 699}","{'id': 30942, 'rank': 15, 'fitness': 0.22368553391486262, 'generation': 699}","{'id': 30962, 'rank': 16, 'fitness': 0.15527542028190355, 'generation': 699}","{'id': 30963, 'rank': 17, 'fitness': 0.13666949335452228, 'generation': 699}","{'id': 30947, 'rank': 18, 'fitness': 0.11650250915942434, 'generation': 699}","{'id': 30965, 'rank': 19, 'fitness': 0.08624695845957442, 'generation': 699}","{'id': 30931, 'rank': 20, 'fitness': 0.08565316762454572, 'generation': 699}","{'id': 30957, 'rank': 21, 'fitness': 0.060747589124625745, 'generation': 699}","{'id': 30934, 'rank': 22, 'fitness': 0.05025011475456831, 'generation': 699}","{'id': 30955, 'rank': 23, 'fitness': 0.04988130837070054, 'generation': 699}","{'id': 30960, 'rank': 24, 'fitness': 0.040665922342691896, 'generation': 699}","{'id': 30945, 'rank': 25, 'fitness': 0.0402887217641425, 'generation': 699}","{'id': 30932, 'rank': 26, 'fitness': 0.024868333392890296, 'generation': 699}","{'id': 30927, 'rank': 27, 'fitness': 0.023509683571570572, 'generation': 699}","{'id': 30915, 'rank': 28, 'fitness': 0.02286396157034576, 'generation': 699}","{'id': 30921, 'rank': 29, 'fitness': 0.019500322836306094, 'generation': 699}","{'id': 30914, 'rank': 30, 'fitness': 0.01798620996209155, 'generation': 699}"
"{'id': 31000, 'rank': 1, 'fitness': 0.9820137900379085, 'generation': 700}","{'id': 30975, 'rank': 2, 'fitness': 0.9749678924513911, 'generation': 700}","{'id': 31006, 'rank': 3, 'fitness': 0.9749190467848803, 'generation': 700}","{'id': 31011, 'rank': 4, 'fitness': 0.9264337952085202, 'generation': 700}","{'id': 30992, 'rank': 5, 'fitness': 0.8401340345533813, 'generation': 700}","{'id': 31004, 'rank': 6, 'fitness': 0.7470670602542989, 'generation': 700}","{'id': 30984, 'rank': 7, 'fitness': 0.7321655274003819, 'generation': 700}","{'id': 30995, 'rank': 8, 'fitness': 0.6593016228102786, 'generation': 700}","{'id': 31010, 'rank': 9, 'fitness': 0.6415068231992935, 'generation': 700}","{'id': 30993, 'rank': 10, 'fitness': 0.5735139806129482, 'generation': 700}","{'id': 30998, 'rank': 11, 'fitness': 0.4005118140435566, 'generation': 700}","{'id': 30988, 'rank': 12, 'fitness': 0.3287415500744467, 'generation': 700}","{'id': 30987, 'rank': 13, 'fitness': 0.22123685634457296, 'generation': 700}","{'id': 30974, 'rank': 14, 'fitness': 0.20660839771575906, 'generation': 700}","{'id': 31003, 'rank': 15, 'fitness': 0.17082357974884094, 'generation': 700}","{'id': 30994, 'rank': 16, 'fitness': 0.14364940691166161, 'generation': 700}","{'id': 31009, 'rank': 17, 'fitness': 0.14101335394653258, 'generation': 700}","{'id': 30980, 'rank': 18, 'fitness': 0.13937479627893068, 'generation': 700}","{'id': 30977, 'rank': 19, 'fitness': 0.1357467414833295, 'generation': 700}","{'id': 30996, 'rank': 20, 'fitness': 0.1288757185901941, 'generation': 700}","{'id': 30991, 'rank': 21, 'fitness': 0.08763849584676159, 'generation': 700}","{'id': 30997, 'rank': 22, 'fitness': 0.08517039136710619, 'generation': 700}","{'id': 30979, 'rank': 23, 'fitness': 0.08014220537356537, 'generation': 700}","{'id': 31005, 'rank': 24, 'fitness': 0.07072970986543609, 'generation': 700}","{'id': 30982, 'rank': 25, 'fitness': 0.06351097231061315, 'generation': 700}","{'id': 30973, 'rank': 26, 'fitness': 0.041806908196571124, 'generation': 700}","{'id': 30989, 'rank': 27, 'fitness': 0.03624673254018029, 'generation': 700}","{'id': 30983, 'rank': 28, 'fitness': 0.034323763845950594, 'generation': 700}","{'id': 31007, 'rank': 29, 'fitness': 0.029685118455554382, 'generation': 700}","{'id': 31008, 'rank': 30, 'fitness': 0.01798620996209155, 'generation': 700}"
"{'id': 31046, 'rank': 1, 'fitness': 0.9820137900379085, 'generation': 701}","{'id': 31048, 'rank': 2, 'fitness': 0.9616511226325145, 'generation': 701}","{'id': 31049, 'rank': 3, 'fitness': 0.8732962640301919, 'generation': 701}","{'id': 31035, 'rank': 4, 'fitness': 0.8204520864566216, 'generation': 701}","{'id': 31053, 'rank': 5, 'fitness': 0.722927798446147, 'generation': 701}","{'id': 31047, 'rank': 6, 'fitness': 0.711745421058098, 'generation': 701}","{'id': 31040, 'rank': 7, 'fitness': 0.7093124888635262, 'generation': 701}","{'id': 31042, 'rank': 8, 'fitness': 0.6893693180459791, 'generation': 701}","{'id': 31032, 'rank': 9, 'fitness': 0.5722850045690747, 'generation': 701}","{'id': 31044, 'rank': 10, 'fitness': 0.4138103544378513, 'generation': 701}","{'id': 31057, 'rank': 11, 'fitness': 0.3607447262244724, 'generation': 701}","{'id': 31050, 'rank': 12, 'fitness': 0.3587594403994918, 'generation': 701}","{'id': 31012, 'rank': 13, 'fitness': 0.33651756608237693, 'generation': 701}","{'id': 31051, 'rank': 14, 'fitness': 0.2778922925461123, 'generation': 701}","{'id': 31038, 'rank': 15, 'fitness': 0.19324493043900226, 'generation': 701}","{'id': 31027, 'rank': 16, 'fitness': 0.12620539460368252, 'generation': 701}","{'id': 31052, 'rank': 17, 'fitness': 0.11578629723689904, 'generation': 701}","{'id': 31030, 'rank': 18, 'fitness': 0.11082081624161533, 'generation': 701}","{'id': 31036, 'rank': 19, 'fitness': 0.10709428606341109, 'generation': 701}","{'id': 31041, 'rank': 20, 'fitness': 0.09175919513018893, 'generation': 701}","{'id': 31055, 'rank': 21, 'fitness': 0.07488141760505251, 'generation': 701}","{'id': 31028, 'rank': 22, 'fitness': 0.06983957401316321, 'generation': 701}","{'id': 31024, 'rank': 23, 'fitness': 0.057982498692258466, 'generation': 701}","{'id': 31029, 'rank': 24, 'fitness': 0.05564903999311188, 'generation': 701}","{'id': 31018, 'rank': 25, 'fitness': 0.04888169468030007, 'generation': 701}","{'id': 31056, 'rank': 26, 'fitness': 0.03330408397302126, 'generation': 701}","{'id': 31017, 'rank': 27, 'fitness': 0.02538166537749259, 'generation': 701}","{'id': 31015, 'rank': 28, 'fitness': 0.025341538222241666, 'generation': 701}","{'id': 31023, 'rank': 29, 'fitness': 0.020215747135579998, 'generation': 701}","{'id': 31014, 'rank': 30, 'fitness': 0.01798620996209155, 'generation': 701}"
"{'id': 31092, 'rank': 1, 'fitness': 0.9820137900379085, 'generation': 702}","{'id': 31065, 'rank': 2, 'fitness': 0.8664534930426131, 'generation': 702}","{'id': 31089, 'rank': 3, 'fitness': 0.8228673442114744, 'generation': 702}","{'id': 31097, 'rank': 4, 'fitness': 0.8110959345207642, 'generation': 702}","{'id': 31086, 'rank': 5, 'fitness': 0.5404690976536882, 'generation': 702}","{'id': 31090, 'rank': 6, 'fitness': 0.5208215397910134, 'generation': 702}","{'id': 31093, 'rank': 7, 'fitness': 0.397096250300685, 'generation': 702}","{'id': 31083, 'rank': 8, 'fitness': 0.315522381397564, 'generation': 702}","{'id': 31062, 'rank': 9, 'fitness': 0.24068183850172975, 'generation': 702}","{'id': 31098, 'rank': 10, 'fitness': 0.2232650342259399, 'generation': 702}","{'id': 31077, 'rank': 11, 'fitness': 0.18594751319228964, 'generation': 702}","{'id': 31075, 'rank': 12, 'fitness': 0.13315254367417695, 'generation': 702}","{'id': 31074, 'rank': 13, 'fitness': 0.13167834342662887, 'generation': 702}","{'id': 31079, 'rank': 14, 'fitness': 0.12625716991403735, 'generation': 702}","{'id': 31070, 'rank': 15, 'fitness': 0.10352635284987166, 'generation': 702}","{'id': 31094, 'rank': 16, 'fitness': 0.09499233819948383, 'generation': 702}","{'id': 31087, 'rank': 17, 'fitness': 0.09289256546828922, 'generation': 702}","{'id': 31096, 'rank': 18, 'fitness': 0.07928313860536629, 'generation': 702}","{'id': 31060, 'rank': 19, 'fitness': 0.07901850164473889, 'generation': 702}","{'id': 31088, 'rank': 20, 'fitness': 0.07839160348495466, 'generation': 702}","{'id': 31064, 'rank': 21, 'fitness': 0.07675632217157802, 'generation': 702}","{'id': 31081, 'rank': 22, 'fitness': 0.0741622205164591, 'generation': 702}","{'id': 31061, 'rank': 23, 'fitness': 0.06086168979818252, 'generation': 702}","{'id': 31080, 'rank': 24, 'fitness': 0.047471765510712305, 'generation': 702}","{'id': 31078, 'rank': 25, 'fitness': 0.04137621061817154, 'generation': 702}","{'id': 31099, 'rank': 26, 'fitness': 0.034373667466058966, 'generation': 702}","{'id': 31063, 'rank': 27, 'fitness': 0.031200273387342936, 'generation': 702}","{'id': 31082, 'rank': 28, 'fitness': 0.028149154210738547, 'generation': 702}","{'id': 31095, 'rank': 29, 'fitness': 0.025963635423002118, 'generation': 702}","{'id': 31071, 'rank': 30, 'fitness': 0.01798620996209155, 'generation': 702}"
"{'id': 31117, 'rank': 1, 'fitness': 0.9820137900379085, 'generation': 703}","{'id': 31118, 'rank': 2, 'fitness': 0.9684838307067127, 'generation': 703}","{'id': 31136, 'rank': 3, 'fitness': 0.9563791751176904, 'generation': 703}","{'id': 31138, 'rank': 4, 'fitness': 0.8195727277319331, 'generation': 703}","{'id': 31126, 'rank': 5, 'fitness': 0.7119757430646878, 'generation': 703}","{'id': 31137, 'rank': 6, 'fitness': 0.7069284323656349, 'generation': 703}","{'id': 31135, 'rank': 7, 'fitness': 0.6199111872890384, 'generation': 703}","{'id': 31123, 'rank': 8, 'fitness': 0.5549092507127039, 'generation': 703}","{'id': 31121, 'rank': 9, 'fitness': 0.5090205833237256, 'generation': 703}","{'id': 31132, 'rank': 10, 'fitness': 0.43734889140216265, 'generation': 703}","{'id': 31116, 'rank': 11, 'fitness': 0.4049650457604999, 'generation': 703}","{'id': 31112, 'rank': 12, 'fitness': 0.3871637518907982, 'generation': 703}","{'id': 31105, 'rank': 13, 'fitness': 0.14494142608296384, 'generation': 703}","{'id': 31127, 'rank': 14, 'fitness': 0.14196074083321514, 'generation': 703}","{'id': 31108, 'rank': 15, 'fitness': 0.12479933009756061, 'generation': 703}","{'id': 31109, 'rank': 16, 'fitness': 0.11780924863619996, 'generation': 703}","{'id': 31133, 'rank': 17, 'fitness': 0.09558839449840484, 'generation': 703}","{'id': 31103, 'rank': 18, 'fitness': 0.07291061231665213, 'generation': 703}","{'id': 31110, 'rank': 19, 'fitness': 0.05775673434735251, 'generation': 703}","{'id': 31134, 'rank': 20, 'fitness': 0.054863100731294245, 'generation': 703}","{'id': 31111, 'rank': 21, 'fitness': 0.054083923004295875, 'generation': 703}","{'id': 31131, 'rank': 22, 'fitness': 0.053675117703338826, 'generation': 703}","{'id': 31130, 'rank': 23, 'fitness': 0.05348035488052211, 'generation': 703}","{'id': 31128, 'rank': 24, 'fitness': 0.04851829040029815, 'generation': 703}","{'id': 31120, 'rank': 25, 'fitness': 0.04096259346800296, 'generation': 703}","{'id': 31122, 'rank': 26, 'fitness': 0.03135561299100287, 'generation': 703}","{'id': 31102, 'rank': 27, 'fitness': 0.031101153953622007, 'generation': 703}","{'id': 31113, 'rank': 28, 'fitness': 0.02975977105031502, 'generation': 703}","{'id': 31124, 'rank': 29, 'fitness': 0.023318624806229427, 'generation': 703}","{'id': 31114, 'rank': 30, 'fitness': 0.01798620996209155, 'generation': 703}"
"{'id': 31173, 'rank': 1, 'fitness': 0.9820137900379085, 'generation': 704}","{'id': 31170, 'rank': 2, 'fitness': 0.9009139282643774, 'generation': 704}","{'id': 31169, 'rank': 3, 'fitness': 0.8661254740604469, 'generation': 704}","{'id': 31144, 'rank': 4, 'fitness': 0.7290828944096345, 'generation': 704}","{'id': 31181, 'rank': 5, 'fitness': 0.7025463883753705, 'generation': 704}","{'id': 31171, 'rank': 6, 'fitness': 0.6975748420254904, 'generation': 704}","{'id': 31172, 'rank': 7, 'fitness': 0.56399498895477, 'generation': 704}","{'id': 31163, 'rank': 8, 'fitness': 0.4560109983278468, 'generation': 704}","{'id': 31153, 'rank': 9, 'fitness': 0.42668473853544003, 'generation': 704}","{'id': 31182, 'rank': 10, 'fitness': 0.34416075307930083, 'generation': 704}","{'id': 31174, 'rank': 11, 'fitness': 0.33442777273749325, 'generation': 704}","{'id': 31177, 'rank': 12, 'fitness': 0.20840201847322798, 'generation': 704}","{'id': 31165, 'rank': 13, 'fitness': 0.1738462744184074, 'generation': 704}","{'id': 31180, 'rank': 14, 'fitness': 0.08726125377984201, 'generation': 704}","{'id': 31164, 'rank': 15, 'fitness': 0.07962531236251552, 'generation': 704}","{'id': 31176, 'rank': 16, 'fitness': 0.0649394714349546, 'generation': 704}","{'id': 31145, 'rank': 17, 'fitness': 0.0560246019736203, 'generation': 704}","{'id': 31146, 'rank': 18, 'fitness': 0.053294390386779744, 'generation': 704}","{'id': 31167, 'rank': 19, 'fitness': 0.047050065084344006, 'generation': 704}","{'id': 31178, 'rank': 20, 'fitness': 0.04110117119654383, 'generation': 704}","{'id': 31168, 'rank': 21, 'fitness': 0.040235088977618516, 'generation': 704}","{'id': 31155, 'rank': 22, 'fitness': 0.03497181428476914, 'generation': 704}","{'id': 31151, 'rank': 23, 'fitness': 0.032790544273534505, 'generation': 704}","{'id': 31158, 'rank': 24, 'fitness': 0.03005579771979844, 'generation': 704}","{'id': 31161, 'rank': 25, 'fitness': 0.029844737217791184, 'generation': 704}","{'id': 31183, 'rank': 26, 'fitness': 0.025100075449393577, 'generation': 704}","{'id': 31149, 'rank': 27, 'fitness': 0.024833186670223717, 'generation': 704}","{'id': 31159, 'rank': 28, 'fitness': 0.022896112747683883, 'generation': 704}","{'id': 31154, 'rank': 29, 'fitness': 0.02241631495370644, 'generation': 704}","{'id': 31179, 'rank': 30, 'fitness': 0.01798620996209155, 'generation': 704}"
"{'id': 31216, 'rank': 1, 'fitness': 0.9820137900379085, 'generation': 705}","{'id': 31209, 'rank': 2, 'fitness': 0.9702785517198096, 'generation': 705}","{'id': 31220, 'rank': 3, 'fitness': 0.9299917553302701, 'generation': 705}","{'id': 31217, 'rank': 4, 'fitness': 0.9045741641516682, 'generation': 705}","{'id': 31213, 'rank': 5, 'fitness': 0.8365648240755089, 'generation': 705}","{'id': 31211, 'rank': 6, 'fitness': 0.6645798070639123, 'generation': 705}","{'id': 31208, 'rank': 7, 'fitness': 0.5628457267976429, 'generation': 705}","{'id': 31210, 'rank': 8, 'fitness': 0.3275211512727546, 'generation': 705}","{'id': 31212, 'rank': 9, 'fitness': 0.2922740465430227, 'generation': 705}","{'id': 31201, 'rank': 10, 'fitness': 0.2897534068901364, 'generation': 705}","{'id': 31187, 'rank': 11, 'fitness': 0.2842171753912636, 'generation': 705}","{'id': 31203, 'rank': 12, 'fitness': 0.2511832455442913, 'generation': 705}","{'id': 31196, 'rank': 13, 'fitness': 0.2190193989382001, 'generation': 705}","{'id': 31192, 'rank': 14, 'fitness': 0.21576194235762491, 'generation': 705}","{'id': 31219, 'rank': 15, 'fitness': 0.21414477800927467, 'generation': 705}","{'id': 31202, 'rank': 16, 'fitness': 0.21395935955135187, 'generation': 705}","{'id': 31218, 'rank': 17, 'fitness': 0.1304366112550785, 'generation': 705}","{'id': 31189, 'rank': 18, 'fitness': 0.12422650686087705, 'generation': 705}","{'id': 31197, 'rank': 19, 'fitness': 0.09414323688654935, 'generation': 705}","{'id': 31206, 'rank': 20, 'fitness': 0.07629492450235403, 'generation': 705}","{'id': 31205, 'rank': 21, 'fitness': 0.07431463168898267, 'generation': 705}","{'id': 31190, 'rank': 22, 'fitness': 0.06867736169019811, 'generation': 705}","{'id': 31214, 'rank': 23, 'fitness': 0.04228747643651293, 'generation': 705}","{'id': 31188, 'rank': 24, 'fitness': 0.029680474612097385, 'generation': 705}","{'id': 31195, 'rank': 25, 'fitness': 0.029295424197950948, 'generation': 705}","{'id': 31204, 'rank': 26, 'fitness': 0.02896447131432761, 'generation': 705}","{'id': 31185, 'rank': 27, 'fitness': 0.024693735085417723, 'generation': 705}","{'id': 31198, 'rank': 28, 'fitness': 0.02389098205765655, 'generation': 705}","{'id': 31200, 'rank': 29, 'fitness': 0.01852976890674274, 'generation': 705}","{'id': 31186, 'rank': 30, 'fitness': 0.01798620996209155, 'generation': 705}"
"{'id': 31265, 'rank': 1, 'fitness': 0.9820137900379085, 'generation': 706}","{'id': 31251, 'rank': 2, 'fitness': 0.9633710146873324, 'generation': 706}","{'id': 31237, 'rank': 3, 'fitness': 0.825690841845256, 'generation': 706}","{'id': 31236, 'rank': 4, 'fitness': 0.8146872641042487, 'generation': 706}","{'id': 31253, 'rank': 5, 'fitness': 0.7927984734562481, 'generation': 706}","{'id': 31262, 'rank': 6, 'fitness': 0.660075789226038, 'generation': 706}","{'id': 31241, 'rank': 7, 'fitness': 0.6374950599466502, 'generation': 706}","{'id': 31246, 'rank': 8, 'fitness': 0.6279761721351945, 'generation': 706}","{'id': 31231, 'rank': 9, 'fitness': 0.574087153588574, 'generation': 706}","{'id': 31247, 'rank': 10, 'fitness': 0.4939240619154655, 'generation': 706}","{'id': 31232, 'rank': 11, 'fitness': 0.4781043416009415, 'generation': 706}","{'id': 31261, 'rank': 12, 'fitness': 0.45613289559039494, 'generation': 706}","{'id': 31254, 'rank': 13, 'fitness': 0.4098755969453732, 'generation': 706}","{'id': 31243, 'rank': 14, 'fitness': 0.33920537091414593, 'generation': 706}","{'id': 31259, 'rank': 15, 'fitness': 0.33326147214652874, 'generation': 706}","{'id': 31221, 'rank': 16, 'fitness': 0.28749323860584425, 'generation': 706}","{'id': 31228, 'rank': 17, 'fitness': 0.26888196684048105, 'generation': 706}","{'id': 31252, 'rank': 18, 'fitness': 0.24983460450776668, 'generation': 706}","{'id': 31242, 'rank': 19, 'fitness': 0.1731789204076889, 'generation': 706}","{'id': 31256, 'rank': 20, 'fitness': 0.13848194063974684, 'generation': 706}","{'id': 31225, 'rank': 21, 'fitness': 0.1199510116169683, 'generation': 706}","{'id': 31245, 'rank': 22, 'fitness': 0.07622675952000985, 'generation': 706}","{'id': 31257, 'rank': 23, 'fitness': 0.06454059815727631, 'generation': 706}","{'id': 31240, 'rank': 24, 'fitness': 0.04605846236042849, 'generation': 706}","{'id': 31244, 'rank': 25, 'fitness': 0.04267190679341537, 'generation': 706}","{'id': 31238, 'rank': 26, 'fitness': 0.0421955686392122, 'generation': 706}","{'id': 31222, 'rank': 27, 'fitness': 0.03474464656761417, 'generation': 706}","{'id': 31249, 'rank': 28, 'fitness': 0.02723941955314335, 'generation': 706}","{'id': 31258, 'rank': 29, 'fitness': 0.022041772097718126, 'generation': 706}","{'id': 31224, 'rank': 30, 'fitness': 0.01798620996209155, 'generation': 706}"
"{'id': 31306, 'rank': 1, 'fitness': 0.9820137900379085, 'generation': 707}","{'id': 31310, 'rank': 2, 'fitness': 0.8120056465531882, 'generation': 707}","{'id': 31307, 'rank': 3, 'fitness': 0.8110244315854348, 'generation': 707}","{'id': 31286, 'rank': 4, 'fitness': 0.7239562589322557, 'generation': 707}","{'id': 31299, 'rank': 5, 'fitness': 0.6824155577564978, 'generation': 707}","{'id': 31308, 'rank': 6, 'fitness': 0.6085611753633902, 'generation': 707}","{'id': 31296, 'rank': 7, 'fitness': 0.5556608945049986, 'generation': 707}","{'id': 31304, 'rank': 8, 'fitness': 0.5376110375864389, 'generation': 707}","{'id': 31315, 'rank': 9, 'fitness': 0.4919495876320369, 'generation': 707}","{'id': 31303, 'rank': 10, 'fitness': 0.4708749375608991, 'generation': 707}","{'id': 31305, 'rank': 11, 'fitness': 0.44488335865654743, 'generation': 707}","{'id': 31279, 'rank': 12, 'fitness': 0.36575895737242714, 'generation': 707}","{'id': 31314, 'rank': 13, 'fitness': 0.28614149093442637, 'generation': 707}","{'id': 31317, 'rank': 14, 'fitness': 0.23016439047204218, 'generation': 707}","{'id': 31290, 'rank': 15, 'fitness': 0.15477379705828642, 'generation': 707}","{'id': 31273, 'rank': 16, 'fitness': 0.12903140486451758, 'generation': 707}","{'id': 31298, 'rank': 17, 'fitness': 0.09685459974185934, 'generation': 707}","{'id': 31300, 'rank': 18, 'fitness': 0.09465943453522369, 'generation': 707}","{'id': 31292, 'rank': 19, 'fitness': 0.09287196506626061, 'generation': 707}","{'id': 31285, 'rank': 20, 'fitness': 0.08449795378985647, 'generation': 707}","{'id': 31313, 'rank': 21, 'fitness': 0.06250864944848439, 'generation': 707}","{'id': 31295, 'rank': 22, 'fitness': 0.05980907504876132, 'generation': 707}","{'id': 31293, 'rank': 23, 'fitness': 0.058820903579674955, 'generation': 707}","{'id': 31301, 'rank': 24, 'fitness': 0.05237463873842796, 'generation': 707}","{'id': 31294, 'rank': 25, 'fitness': 0.05081430451955954, 'generation': 707}","{'id': 31271, 'rank': 26, 'fitness': 0.05015304445688795, 'generation': 707}","{'id': 31297, 'rank': 27, 'fitness': 0.031763618687206174, 'generation': 707}","{'id': 31282, 'rank': 28, 'fitness': 0.029600633893716644, 'generation': 707}","{'id': 31316, 'rank': 29, 'fitness': 0.02170324935666801, 'generation': 707}","{'id': 31311, 'rank': 30, 'fitness': 0.01798620996209155, 'generation': 707}"
"{'id': 31347, 'rank': 1, 'fitness': 0.9820137900379085, 'generation': 708}","{'id': 31358, 'rank': 2, 'fitness': 0.8996608101631134, 'generation': 708}","{'id': 31359, 'rank': 3, 'fitness': 0.8104877099211298, 'generation': 708}","{'id': 31352, 'rank': 4, 'fitness': 0.7889459661473498, 'generation': 708}","{'id': 31348, 'rank': 5, 'fitness': 0.7279426698047539, 'generation': 708}","{'id': 31351, 'rank': 6, 'fitness': 0.6996230466472411, 'generation': 708}","{'id': 31355, 'rank': 7, 'fitness': 0.6524922334686942, 'generation': 708}","{'id': 31337, 'rank': 8, 'fitness': 0.5941968845237459, 'generation': 708}","{'id': 31335, 'rank': 9, 'fitness': 0.5103320164446304, 'generation': 708}","{'id': 31361, 'rank': 10, 'fitness': 0.5039402626995675, 'generation': 708}","{'id': 31332, 'rank': 11, 'fitness': 0.40601896510614266, 'generation': 708}","{'id': 31346, 'rank': 12, 'fitness': 0.3374743882885427, 'generation': 708}","{'id': 31334, 'rank': 13, 'fitness': 0.24352098435883912, 'generation': 708}","{'id': 31349, 'rank': 14, 'fitness': 0.23513828269030784, 'generation': 708}","{'id': 31329, 'rank': 15, 'fitness': 0.210815487305397, 'generation': 708}","{'id': 31342, 'rank': 16, 'fitness': 0.1850064036986575, 'generation': 708}","{'id': 31344, 'rank': 17, 'fitness': 0.12257963506666075, 'generation': 708}","{'id': 31343, 'rank': 18, 'fitness': 0.11600300551496029, 'generation': 708}","{'id': 31341, 'rank': 19, 'fitness': 0.10380129469316896, 'generation': 708}","{'id': 31340, 'rank': 20, 'fitness': 0.09070967116792772, 'generation': 708}","{'id': 31338, 'rank': 21, 'fitness': 0.08061175202669013, 'generation': 708}","{'id': 31330, 'rank': 22, 'fitness': 0.07125004574707905, 'generation': 708}","{'id': 31327, 'rank': 23, 'fitness': 0.05886440178360974, 'generation': 708}","{'id': 31326, 'rank': 24, 'fitness': 0.043705883398435286, 'generation': 708}","{'id': 31321, 'rank': 25, 'fitness': 0.04340492056894696, 'generation': 708}","{'id': 31333, 'rank': 26, 'fitness': 0.03844433613129694, 'generation': 708}","{'id': 31331, 'rank': 27, 'fitness': 0.03461931675737967, 'generation': 708}","{'id': 31360, 'rank': 28, 'fitness': 0.0312591198359603, 'generation': 708}","{'id': 31339, 'rank': 29, 'fitness': 0.024352656469738665, 'generation': 708}","{'id': 31356, 'rank': 30, 'fitness': 0.01798620996209155, 'generation': 708}"
"{'id': 31395, 'rank': 1, 'fitness': 0.9820137900379085, 'generation': 709}","{'id': 31399, 'rank': 2, 'fitness': 0.9258309388048689, 'generation': 709}","{'id': 31397, 'rank': 3, 'fitness': 0.9228338742931195, 'generation': 709}","{'id': 31374, 'rank': 4, 'fitness': 0.8892458624606223, 'generation': 709}","{'id': 31393, 'rank': 5, 'fitness': 0.8644562805704423, 'generation': 709}","{'id': 31402, 'rank': 6, 'fitness': 0.6366695492263917, 'generation': 709}","{'id': 31377, 'rank': 7, 'fitness': 0.5393014588219411, 'generation': 709}","{'id': 31406, 'rank': 8, 'fitness': 0.4406811295076958, 'generation': 709}","{'id': 31403, 'rank': 9, 'fitness': 0.41308688761030643, 'generation': 709}","{'id': 31383, 'rank': 10, 'fitness': 0.29387076274416435, 'generation': 709}","{'id': 31400, 'rank': 11, 'fitness': 0.22568428465938367, 'generation': 709}","{'id': 31394, 'rank': 12, 'fitness': 0.18853170871847286, 'generation': 709}","{'id': 31382, 'rank': 13, 'fitness': 0.18397741089675035, 'generation': 709}","{'id': 31362, 'rank': 14, 'fitness': 0.14442235773649492, 'generation': 709}","{'id': 31385, 'rank': 15, 'fitness': 0.12993012615867322, 'generation': 709}","{'id': 31372, 'rank': 16, 'fitness': 0.11797828020268314, 'generation': 709}","{'id': 31378, 'rank': 17, 'fitness': 0.10503585975005203, 'generation': 709}","{'id': 31381, 'rank': 18, 'fitness': 0.09376703623398941, 'generation': 709}","{'id': 31404, 'rank': 19, 'fitness': 0.0711536797500355, 'generation': 709}","{'id': 31366, 'rank': 20, 'fitness': 0.05597451325016606, 'generation': 709}","{'id': 31388, 'rank': 21, 'fitness': 0.052574221325048076, 'generation': 709}","{'id': 31398, 'rank': 22, 'fitness': 0.04217335937255551, 'generation': 709}","{'id': 31371, 'rank': 23, 'fitness': 0.04007283064828432, 'generation': 709}","{'id': 31392, 'rank': 24, 'fitness': 0.0338437414849308, 'generation': 709}","{'id': 31387, 'rank': 25, 'fitness': 0.03234754612354729, 'generation': 709}","{'id': 31369, 'rank': 26, 'fitness': 0.0315929921466801, 'generation': 709}","{'id': 31376, 'rank': 27, 'fitness': 0.0232586074692267, 'generation': 709}","{'id': 31380, 'rank': 28, 'fitness': 0.02171660182248436, 'generation': 709}","{'id': 31396, 'rank': 29, 'fitness': 0.01926444695252366, 'generation': 709}","{'id': 31401, 'rank': 30, 'fitness': 0.01798620996209155, 'generation': 709}"
"{'id': 31432, 'rank': 1, 'fitness': 0.9820137900379085, 'generation': 710}","{'id': 31434, 'rank': 2, 'fitness': 0.9804719725362862, 'generation': 710}","{'id': 31446, 'rank': 3, 'fitness': 0.9250222884474746, 'generation': 710}","{'id': 31433, 'rank': 4, 'fitness': 0.7940469379911557, 'generation': 710}","{'id': 31412, 'rank': 5, 'fitness': 0.7837735816053166, 'generation': 710}","{'id': 31437, 'rank': 6, 'fitness': 0.7487603612141468, 'generation': 710}","{'id': 31440, 'rank': 7, 'fitness': 0.6986390109963572, 'generation': 710}","{'id': 31417, 'rank': 8, 'fitness': 0.6593586664284399, 'generation': 710}","{'id': 31419, 'rank': 9, 'fitness': 0.6413057491748115, 'generation': 710}","{'id': 31435, 'rank': 10, 'fitness': 0.5393295963802895, 'generation': 710}","{'id': 31439, 'rank': 11, 'fitness': 0.48857530256381676, 'generation': 710}","{'id': 31408, 'rank': 12, 'fitness': 0.45428152961563356, 'generation': 710}","{'id': 31429, 'rank': 13, 'fitness': 0.4055076809172715, 'generation': 710}","{'id': 31425, 'rank': 14, 'fitness': 0.24124669949629457, 'generation': 710}","{'id': 31411, 'rank': 15, 'fitness': 0.14386784424330235, 'generation': 710}","{'id': 31431, 'rank': 16, 'fitness': 0.13484783941005085, 'generation': 710}","{'id': 31441, 'rank': 17, 'fitness': 0.1234846114066196, 'generation': 710}","{'id': 31442, 'rank': 18, 'fitness': 0.11380510633498997, 'generation': 710}","{'id': 31448, 'rank': 19, 'fitness': 0.11344177866197486, 'generation': 710}","{'id': 31415, 'rank': 20, 'fitness': 0.11152146115412875, 'generation': 710}","{'id': 31438, 'rank': 21, 'fitness': 0.08613186376937126, 'generation': 710}","{'id': 31430, 'rank': 22, 'fitness': 0.07565577154155023, 'generation': 710}","{'id': 31444, 'rank': 23, 'fitness': 0.06050828998810809, 'generation': 710}","{'id': 31428, 'rank': 24, 'fitness': 0.055797301261743926, 'generation': 710}","{'id': 31427, 'rank': 25, 'fitness': 0.045334242127509805, 'generation': 710}","{'id': 31420, 'rank': 26, 'fitness': 0.03751680379315553, 'generation': 710}","{'id': 31436, 'rank': 27, 'fitness': 0.03748290865498338, 'generation': 710}","{'id': 31416, 'rank': 28, 'fitness': 0.03397985890390831, 'generation': 710}","{'id': 31443, 'rank': 29, 'fitness': 0.031096675464804213, 'generation': 710}","{'id': 31409, 'rank': 30, 'fitness': 0.01798620996209155, 'generation': 710}"
"{'id': 31490, 'rank': 1, 'fitness': 0.9820137900379085, 'generation': 711}","{'id': 31504, 'rank': 2, 'fitness': 0.8481410466845941, 'generation': 711}","{'id': 31496, 'rank': 3, 'fitness': 0.6294786823628846, 'generation': 711}","{'id': 31481, 'rank': 4, 'fitness': 0.6228191834919693, 'generation': 711}","{'id': 31466, 'rank': 5, 'fitness': 0.5467735368090707, 'generation': 711}","{'id': 31491, 'rank': 6, 'fitness': 0.4758059166955575, 'generation': 711}","{'id': 31500, 'rank': 7, 'fitness': 0.4521307932017394, 'generation': 711}","{'id': 31463, 'rank': 8, 'fitness': 0.4242322124296748, 'generation': 711}","{'id': 31484, 'rank': 9, 'fitness': 0.35478896070600324, 'generation': 711}","{'id': 31489, 'rank': 10, 'fitness': 0.3436604163686011, 'generation': 711}","{'id': 31458, 'rank': 11, 'fitness': 0.3211210165368535, 'generation': 711}","{'id': 31462, 'rank': 12, 'fitness': 0.2612417836417519, 'generation': 711}","{'id': 31451, 'rank': 13, 'fitness': 0.23804329679906833, 'generation': 711}","{'id': 31492, 'rank': 14, 'fitness': 0.2308171903051926, 'generation': 711}","{'id': 31501, 'rank': 15, 'fitness': 0.16444101239445275, 'generation': 711}","{'id': 31493, 'rank': 16, 'fitness': 0.12026734287416718, 'generation': 711}","{'id': 31483, 'rank': 17, 'fitness': 0.07873415546078355, 'generation': 711}","{'id': 31503, 'rank': 18, 'fitness': 0.053599467900801945, 'generation': 711}","{'id': 31453, 'rank': 19, 'fitness': 0.05102547942001723, 'generation': 711}","{'id': 31482, 'rank': 20, 'fitness': 0.04868996036601264, 'generation': 711}","{'id': 31497, 'rank': 21, 'fitness': 0.048559094162181404, 'generation': 711}","{'id': 31488, 'rank': 22, 'fitness': 0.04167352713450373, 'generation': 711}","{'id': 31479, 'rank': 23, 'fitness': 0.03543988517236929, 'generation': 711}","{'id': 31468, 'rank': 24, 'fitness': 0.033623154360219676, 'generation': 711}","{'id': 31454, 'rank': 25, 'fitness': 0.02610003429449287, 'generation': 711}","{'id': 31502, 'rank': 26, 'fitness': 0.024611144863167844, 'generation': 711}","{'id': 31499, 'rank': 27, 'fitness': 0.02414798002468349, 'generation': 711}","{'id': 31464, 'rank': 28, 'fitness': 0.02251632503624018, 'generation': 711}","{'id': 31470, 'rank': 29, 'fitness': 0.02181084740966749, 'generation': 711}","{'id': 31460, 'rank': 30, 'fitness': 0.01798620996209155, 'generation': 711}"
"{'id': 31531, 'rank': 1, 'fitness': 0.9820137900379085, 'generation': 712}","{'id': 31538, 'rank': 2, 'fitness': 0.9088887182246401, 'generation': 712}","{'id': 31545, 'rank': 3, 'fitness': 0.8704404638070531, 'generation': 712}","{'id': 31510, 'rank': 4, 'fitness': 0.8251280171875937, 'generation': 712}","{'id': 31544, 'rank': 5, 'fitness': 0.6597247065944258, 'generation': 712}","{'id': 31539, 'rank': 6, 'fitness': 0.43471645546365933, 'generation': 712}","{'id': 31533, 'rank': 7, 'fitness': 0.3892003411330024, 'generation': 712}","{'id': 31532, 'rank': 8, 'fitness': 0.3462429821323683, 'generation': 712}","{'id': 31543, 'rank': 9, 'fitness': 0.3039962918287529, 'generation': 712}","{'id': 31515, 'rank': 10, 'fitness': 0.2570866022448969, 'generation': 712}","{'id': 31518, 'rank': 11, 'fitness': 0.24258685161065824, 'generation': 712}","{'id': 31527, 'rank': 12, 'fitness': 0.18241154476775806, 'generation': 712}","{'id': 31511, 'rank': 13, 'fitness': 0.1801255679384246, 'generation': 712}","{'id': 31537, 'rank': 14, 'fitness': 0.1431196834118854, 'generation': 712}","{'id': 31509, 'rank': 15, 'fitness': 0.13900574876313498, 'generation': 712}","{'id': 31522, 'rank': 16, 'fitness': 0.12814351887174508, 'generation': 712}","{'id': 31516, 'rank': 17, 'fitness': 0.12284082806653485, 'generation': 712}","{'id': 31535, 'rank': 18, 'fitness': 0.11783404749251236, 'generation': 712}","{'id': 31514, 'rank': 19, 'fitness': 0.10861979570601865, 'generation': 712}","{'id': 31540, 'rank': 20, 'fitness': 0.08266313051919039, 'generation': 712}","{'id': 31534, 'rank': 21, 'fitness': 0.07354853107362402, 'generation': 712}","{'id': 31541, 'rank': 22, 'fitness': 0.0611186568433183, 'generation': 712}","{'id': 31505, 'rank': 23, 'fitness': 0.05446380206461898, 'generation': 712}","{'id': 31519, 'rank': 24, 'fitness': 0.03301844251492497, 'generation': 712}","{'id': 31524, 'rank': 25, 'fitness': 0.024497706977158307, 'generation': 712}","{'id': 31542, 'rank': 26, 'fitness': 0.023908457730995425, 'generation': 712}","{'id': 31512, 'rank': 27, 'fitness': 0.023599877680534842, 'generation': 712}","{'id': 31517, 'rank': 28, 'fitness': 0.023027198722603837, 'generation': 712}","{'id': 31536, 'rank': 29, 'fitness': 0.02194529014481661, 'generation': 712}","{'id': 31523, 'rank': 30, 'fitness': 0.01798620996209155, 'generation': 712}"
"{'id': 31571, 'rank': 1, 'fitness': 0.9820137900379085, 'generation': 713}","{'id': 31573, 'rank': 2, 'fitness': 0.9761139579689871, 'generation': 713}","{'id': 31580, 'rank': 3, 'fitness': 0.942634897686157, 'generation': 713}","{'id': 31547, 'rank': 4, 'fitness': 0.8760407940036414, 'generation': 713}","{'id': 31575, 'rank': 5, 'fitness': 0.7987658463911986, 'generation': 713}","{'id': 31581, 'rank': 6, 'fitness': 0.7536994457497367, 'generation': 713}","{'id': 31558, 'rank': 7, 'fitness': 0.7356683630041609, 'generation': 713}","{'id': 31579, 'rank': 8, 'fitness': 0.6902922571109682, 'generation': 713}","{'id': 31556, 'rank': 9, 'fitness': 0.6426952250179921, 'generation': 713}","{'id': 31582, 'rank': 10, 'fitness': 0.6241917575558518, 'generation': 713}","{'id': 31574, 'rank': 11, 'fitness': 0.56681713552012, 'generation': 713}","{'id': 31569, 'rank': 12, 'fitness': 0.5244272807567041, 'generation': 713}","{'id': 31564, 'rank': 13, 'fitness': 0.3848663859394331, 'generation': 713}","{'id': 31578, 'rank': 14, 'fitness': 0.31365821899317325, 'generation': 713}","{'id': 31561, 'rank': 15, 'fitness': 0.24875305702911044, 'generation': 713}","{'id': 31560, 'rank': 16, 'fitness': 0.2167706895007116, 'generation': 713}","{'id': 31570, 'rank': 17, 'fitness': 0.15101974526255219, 'generation': 713}","{'id': 31552, 'rank': 18, 'fitness': 0.11472193829788241, 'generation': 713}","{'id': 31586, 'rank': 19, 'fitness': 0.10789644609707172, 'generation': 713}","{'id': 31577, 'rank': 20, 'fitness': 0.0964417119170945, 'generation': 713}","{'id': 31567, 'rank': 21, 'fitness': 0.09414774919228586, 'generation': 713}","{'id': 31562, 'rank': 22, 'fitness': 0.08105789723293055, 'generation': 713}","{'id': 31584, 'rank': 23, 'fitness': 0.06873166597244273, 'generation': 713}","{'id': 31566, 'rank': 24, 'fitness': 0.06378854689773328, 'generation': 713}","{'id': 31585, 'rank': 25, 'fitness': 0.05985091802025372, 'generation': 713}","{'id': 31550, 'rank': 26, 'fitness': 0.05127944005414614, 'generation': 713}","{'id': 31568, 'rank': 27, 'fitness': 0.045756554210439115, 'generation': 713}","{'id': 31548, 'rank': 28, 'fitness': 0.039779449075020734, 'generation': 713}","{'id': 31554, 'rank': 29, 'fitness': 0.03176232009200097, 'generation': 713}","{'id': 31583, 'rank': 30, 'fitness': 0.01798620996209155, 'generation': 713}"
"{'id': 31628, 'rank': 1, 'fitness': 0.9820137900379085, 'generation': 714}","{'id': 31622, 'rank': 2, 'fitness': 0.945325693722592, 'generation': 714}","{'id': 31604, 'rank': 3, 'fitness': 0.8359073022420153, 'generation': 714}","{'id': 31602, 'rank': 4, 'fitness': 0.6981372599942791, 'generation': 714}","{'id': 31631, 'rank': 5, 'fitness': 0.6581275178331507, 'generation': 714}","{'id': 31613, 'rank': 6, 'fitness': 0.4723254469452043, 'generation': 714}","{'id': 31632, 'rank': 7, 'fitness': 0.44377340373612145, 'generation': 714}","{'id': 31603, 'rank': 8, 'fitness': 0.3896990913048122, 'generation': 714}","{'id': 31625, 'rank': 9, 'fitness': 0.38001267084329227, 'generation': 714}","{'id': 31630, 'rank': 10, 'fitness': 0.2672039106287194, 'generation': 714}","{'id': 31614, 'rank': 11, 'fitness': 0.23294054189778218, 'generation': 714}","{'id': 31626, 'rank': 12, 'fitness': 0.22966470334936295, 'generation': 714}","{'id': 31637, 'rank': 13, 'fitness': 0.20129858068408735, 'generation': 714}","{'id': 31608, 'rank': 14, 'fitness': 0.160488789896442, 'generation': 714}","{'id': 31601, 'rank': 15, 'fitness': 0.13180136789833213, 'generation': 714}","{'id': 31594, 'rank': 16, 'fitness': 0.12907399237200035, 'generation': 714}","{'id': 31634, 'rank': 17, 'fitness': 0.12070343554871743, 'generation': 714}","{'id': 31619, 'rank': 18, 'fitness': 0.1112287988923033, 'generation': 714}","{'id': 31627, 'rank': 19, 'fitness': 0.1043989724178438, 'generation': 714}","{'id': 31593, 'rank': 20, 'fitness': 0.07468190217694232, 'generation': 714}","{'id': 31615, 'rank': 21, 'fitness': 0.06811643813478935, 'generation': 714}","{'id': 31623, 'rank': 22, 'fitness': 0.06256729268158323, 'generation': 714}","{'id': 31621, 'rank': 23, 'fitness': 0.051768397712824266, 'generation': 714}","{'id': 31597, 'rank': 24, 'fitness': 0.046044385392430665, 'generation': 714}","{'id': 31629, 'rank': 25, 'fitness': 0.04559590856189111, 'generation': 714}","{'id': 31606, 'rank': 26, 'fitness': 0.029100140873026148, 'generation': 714}","{'id': 31635, 'rank': 27, 'fitness': 0.028014198336118623, 'generation': 714}","{'id': 31611, 'rank': 28, 'fitness': 0.02184609379967739, 'generation': 714}","{'id': 31600, 'rank': 29, 'fitness': 0.019814066770599603, 'generation': 714}","{'id': 31588, 'rank': 30, 'fitness': 0.01798620996209155, 'generation': 714}"
"{'id': 31680, 'rank': 1, 'fitness': 0.9820137900379085, 'generation': 715}","{'id': 31648, 'rank': 2, 'fitness': 0.9641115919457246, 'generation': 715}","{'id': 31668, 'rank': 3, 'fitness': 0.9596314877756174, 'generation': 715}","{'id': 31671, 'rank': 4, 'fitness': 0.9393149782353619, 'generation': 715}","{'id': 31658, 'rank': 5, 'fitness': 0.8902509783761998, 'generation': 715}","{'id': 31663, 'rank': 6, 'fitness': 0.814610387221107, 'generation': 715}","{'id': 31679, 'rank': 7, 'fitness': 0.7726791024217952, 'generation': 715}","{'id': 31681, 'rank': 8, 'fitness': 0.764619915274578, 'generation': 715}","{'id': 31674, 'rank': 9, 'fitness': 0.7634506816742458, 'generation': 715}","{'id': 31649, 'rank': 10, 'fitness': 0.6622762923439651, 'generation': 715}","{'id': 31664, 'rank': 11, 'fitness': 0.49330069822097955, 'generation': 715}","{'id': 31667, 'rank': 12, 'fitness': 0.4725971417437062, 'generation': 715}","{'id': 31665, 'rank': 13, 'fitness': 0.4465220599595663, 'generation': 715}","{'id': 31651, 'rank': 14, 'fitness': 0.4356499116687424, 'generation': 715}","{'id': 31647, 'rank': 15, 'fitness': 0.28151753964280635, 'generation': 715}","{'id': 31678, 'rank': 16, 'fitness': 0.24715699983060246, 'generation': 715}","{'id': 31672, 'rank': 17, 'fitness': 0.14947276438629964, 'generation': 715}","{'id': 31675, 'rank': 18, 'fitness': 0.11542950468078217, 'generation': 715}","{'id': 31673, 'rank': 19, 'fitness': 0.09268121924692779, 'generation': 715}","{'id': 31639, 'rank': 20, 'fitness': 0.06718989192664915, 'generation': 715}","{'id': 31661, 'rank': 21, 'fitness': 0.05718919123535049, 'generation': 715}","{'id': 31676, 'rank': 22, 'fitness': 0.052001439003537486, 'generation': 715}","{'id': 31666, 'rank': 23, 'fitness': 0.041127931756692604, 'generation': 715}","{'id': 31657, 'rank': 24, 'fitness': 0.037090229619336446, 'generation': 715}","{'id': 31677, 'rank': 25, 'fitness': 0.032250186399362224, 'generation': 715}","{'id': 31662, 'rank': 26, 'fitness': 0.029366579203192855, 'generation': 715}","{'id': 31642, 'rank': 27, 'fitness': 0.027752749381817987, 'generation': 715}","{'id': 31638, 'rank': 28, 'fitness': 0.024905678437132095, 'generation': 715}","{'id': 31646, 'rank': 29, 'fitness': 0.02471260291202032, 'generation': 715}","{'id': 31670, 'rank': 30, 'fitness': 0.01798620996209155, 'generation': 715}"
"{'id': 31734, 'rank': 1, 'fitness': 0.9820137900379085, 'generation': 716}","{'id': 31731, 'rank': 2, 'fitness': 0.9540161228006698, 'generation': 716}","{'id': 31736, 'rank': 3, 'fitness': 0.9375579224680868, 'generation': 716}","{'id': 31688, 'rank': 4, 'fitness': 0.8051145264319672, 'generation': 716}","{'id': 31703, 'rank': 5, 'fitness': 0.6236224586032039, 'generation': 716}","{'id': 31695, 'rank': 6, 'fitness': 0.5886190982973487, 'generation': 716}","{'id': 31713, 'rank': 7, 'fitness': 0.4896688122233462, 'generation': 716}","{'id': 31690, 'rank': 8, 'fitness': 0.39195413911385246, 'generation': 716}","{'id': 31728, 'rank': 9, 'fitness': 0.3640657495432878, 'generation': 716}","{'id': 31693, 'rank': 10, 'fitness': 0.341906846280696, 'generation': 716}","{'id': 31718, 'rank': 11, 'fitness': 0.27147225261870245, 'generation': 716}","{'id': 31702, 'rank': 12, 'fitness': 0.24875063631381783, 'generation': 716}","{'id': 31733, 'rank': 13, 'fitness': 0.2436471309668392, 'generation': 716}","{'id': 31732, 'rank': 14, 'fitness': 0.2276081048554216, 'generation': 716}","{'id': 31741, 'rank': 15, 'fitness': 0.204020790765282, 'generation': 716}","{'id': 31699, 'rank': 16, 'fitness': 0.19562042076846886, 'generation': 716}","{'id': 31723, 'rank': 17, 'fitness': 0.18706703931570695, 'generation': 716}","{'id': 31727, 'rank': 18, 'fitness': 0.16343374274593847, 'generation': 716}","{'id': 31700, 'rank': 19, 'fitness': 0.1160450746258827, 'generation': 716}","{'id': 31697, 'rank': 20, 'fitness': 0.1075125746822001, 'generation': 716}","{'id': 31715, 'rank': 21, 'fitness': 0.10468431665069089, 'generation': 716}","{'id': 31710, 'rank': 22, 'fitness': 0.08029146123259656, 'generation': 716}","{'id': 31722, 'rank': 23, 'fitness': 0.07975266834208677, 'generation': 716}","{'id': 31724, 'rank': 24, 'fitness': 0.07427943987973595, 'generation': 716}","{'id': 31739, 'rank': 25, 'fitness': 0.04966204280850517, 'generation': 716}","{'id': 31721, 'rank': 26, 'fitness': 0.03635796296051835, 'generation': 716}","{'id': 31737, 'rank': 27, 'fitness': 0.03392958363689513, 'generation': 716}","{'id': 31729, 'rank': 28, 'fitness': 0.02447706572256725, 'generation': 716}","{'id': 31719, 'rank': 29, 'fitness': 0.0220512485374168, 'generation': 716}","{'id': 31717, 'rank': 30, 'fitness': 0.01798620996209155, 'generation': 716}"
"{'id': 31778, 'rank': 1, 'fitness': 0.9820137900379085, 'generation': 717}","{'id': 31755, 'rank': 2, 'fitness': 0.7907057655654033, 'generation': 717}","{'id': 31781, 'rank': 3, 'fitness': 0.740927377016025, 'generation': 717}","{'id': 31779, 'rank': 4, 'fitness': 0.603386673840798, 'generation': 717}","{'id': 31748, 'rank': 5, 'fitness': 0.5850694523069407, 'generation': 717}","{'id': 31775, 'rank': 6, 'fitness': 0.42424733779140344, 'generation': 717}","{'id': 31770, 'rank': 7, 'fitness': 0.3907359321514369, 'generation': 717}","{'id': 31762, 'rank': 8, 'fitness': 0.38817352822818485, 'generation': 717}","{'id': 31771, 'rank': 9, 'fitness': 0.3514631312673301, 'generation': 717}","{'id': 31764, 'rank': 10, 'fitness': 0.33549758823007436, 'generation': 717}","{'id': 31772, 'rank': 11, 'fitness': 0.29087256690224195, 'generation': 717}","{'id': 31776, 'rank': 12, 'fitness': 0.2757007528277596, 'generation': 717}","{'id': 31751, 'rank': 13, 'fitness': 0.2619669755117155, 'generation': 717}","{'id': 31780, 'rank': 14, 'fitness': 0.11900981683817413, 'generation': 717}","{'id': 31766, 'rank': 15, 'fitness': 0.11132520721582234, 'generation': 717}","{'id': 31774, 'rank': 16, 'fitness': 0.10427004133151657, 'generation': 717}","{'id': 31757, 'rank': 17, 'fitness': 0.10154301064468058, 'generation': 717}","{'id': 31760, 'rank': 18, 'fitness': 0.08015911746035193, 'generation': 717}","{'id': 31767, 'rank': 19, 'fitness': 0.07429563826556607, 'generation': 717}","{'id': 31745, 'rank': 20, 'fitness': 0.07147160779887296, 'generation': 717}","{'id': 31753, 'rank': 21, 'fitness': 0.062362832411247404, 'generation': 717}","{'id': 31768, 'rank': 22, 'fitness': 0.05418102050939411, 'generation': 717}","{'id': 31765, 'rank': 23, 'fitness': 0.0506251988219561, 'generation': 717}","{'id': 31752, 'rank': 24, 'fitness': 0.05036837382666598, 'generation': 717}","{'id': 31746, 'rank': 25, 'fitness': 0.03577188421177124, 'generation': 717}","{'id': 31758, 'rank': 26, 'fitness': 0.031890559633574345, 'generation': 717}","{'id': 31761, 'rank': 27, 'fitness': 0.02963279156295129, 'generation': 717}","{'id': 31742, 'rank': 28, 'fitness': 0.023732789789721653, 'generation': 717}","{'id': 31747, 'rank': 29, 'fitness': 0.02239074434705718, 'generation': 717}","{'id': 31763, 'rank': 30, 'fitness': 0.01798620996209155, 'generation': 717}"
"{'id': 31804, 'rank': 1, 'fitness': 0.9820137900379085, 'generation': 718}","{'id': 31816, 'rank': 2, 'fitness': 0.975562356547786, 'generation': 718}","{'id': 31810, 'rank': 3, 'fitness': 0.9365063517594316, 'generation': 718}","{'id': 31819, 'rank': 4, 'fitness': 0.9007225838589278, 'generation': 718}","{'id': 31821, 'rank': 5, 'fitness': 0.8536558701762759, 'generation': 718}","{'id': 31792, 'rank': 6, 'fitness': 0.8118780603792446, 'generation': 718}","{'id': 31814, 'rank': 7, 'fitness': 0.6927132858290443, 'generation': 718}","{'id': 31801, 'rank': 8, 'fitness': 0.6881906166477834, 'generation': 718}","{'id': 31808, 'rank': 9, 'fitness': 0.6301227636262627, 'generation': 718}","{'id': 31809, 'rank': 10, 'fitness': 0.5479378831959668, 'generation': 718}","{'id': 31805, 'rank': 11, 'fitness': 0.42081370881455304, 'generation': 718}","{'id': 31812, 'rank': 12, 'fitness': 0.3778456077233598, 'generation': 718}","{'id': 31806, 'rank': 13, 'fitness': 0.36100686276987315, 'generation': 718}","{'id': 31797, 'rank': 14, 'fitness': 0.2896240279519453, 'generation': 718}","{'id': 31822, 'rank': 15, 'fitness': 0.20118201327597185, 'generation': 718}","{'id': 31813, 'rank': 16, 'fitness': 0.11130064529780981, 'generation': 718}","{'id': 31793, 'rank': 17, 'fitness': 0.0939330840163406, 'generation': 718}","{'id': 31811, 'rank': 18, 'fitness': 0.07775054137153764, 'generation': 718}","{'id': 31796, 'rank': 19, 'fitness': 0.07522617978509555, 'generation': 718}","{'id': 31818, 'rank': 20, 'fitness': 0.06463534899349943, 'generation': 718}","{'id': 31782, 'rank': 21, 'fitness': 0.061274877103376535, 'generation': 718}","{'id': 31807, 'rank': 22, 'fitness': 0.05435994052279025, 'generation': 718}","{'id': 31815, 'rank': 23, 'fitness': 0.04352830489562354, 'generation': 718}","{'id': 31817, 'rank': 24, 'fitness': 0.037796685858266565, 'generation': 718}","{'id': 31784, 'rank': 25, 'fitness': 0.03256974840428739, 'generation': 718}","{'id': 31802, 'rank': 26, 'fitness': 0.03180386591429307, 'generation': 718}","{'id': 31789, 'rank': 27, 'fitness': 0.02707943511703137, 'generation': 718}","{'id': 31798, 'rank': 28, 'fitness': 0.020354962201386384, 'generation': 718}","{'id': 31783, 'rank': 29, 'fitness': 0.018585786963634998, 'generation': 718}","{'id': 31800, 'rank': 30, 'fitness': 0.01798620996209155, 'generation': 718}"
"{'id': 31863, 'rank': 1, 'fitness': 0.9820137900379085, 'generation': 719}","{'id': 31866, 'rank': 2, 'fitness': 0.713397933402261, 'generation': 719}","{'id': 31870, 'rank': 3, 'fitness': 0.6845329961238029, 'generation': 719}","{'id': 31862, 'rank': 4, 'fitness': 0.552603272149869, 'generation': 719}","{'id': 31847, 'rank': 5, 'fitness': 0.506596389509572, 'generation': 719}","{'id': 31859, 'rank': 6, 'fitness': 0.3606117106501569, 'generation': 719}","{'id': 31867, 'rank': 7, 'fitness': 0.3468476215248665, 'generation': 719}","{'id': 31823, 'rank': 8, 'fitness': 0.3291289148413403, 'generation': 719}","{'id': 31869, 'rank': 9, 'fitness': 0.25144751863531656, 'generation': 719}","{'id': 31861, 'rank': 10, 'fitness': 0.23309545530855563, 'generation': 719}","{'id': 31853, 'rank': 11, 'fitness': 0.18755227125570434, 'generation': 719}","{'id': 31856, 'rank': 12, 'fitness': 0.15602306107675046, 'generation': 719}","{'id': 31839, 'rank': 13, 'fitness': 0.10943812444677437, 'generation': 719}","{'id': 31860, 'rank': 14, 'fitness': 0.10909490999149563, 'generation': 719}","{'id': 31846, 'rank': 15, 'fitness': 0.10109018027949135, 'generation': 719}","{'id': 31842, 'rank': 16, 'fitness': 0.09300001965189292, 'generation': 719}","{'id': 31851, 'rank': 17, 'fitness': 0.07806907957422415, 'generation': 719}","{'id': 31849, 'rank': 18, 'fitness': 0.06995378955797993, 'generation': 719}","{'id': 31858, 'rank': 19, 'fitness': 0.065699707210578, 'generation': 719}","{'id': 31864, 'rank': 20, 'fitness': 0.052131847593224034, 'generation': 719}","{'id': 31855, 'rank': 21, 'fitness': 0.04956656197686854, 'generation': 719}","{'id': 31837, 'rank': 22, 'fitness': 0.04282559797029034, 'generation': 719}","{'id': 31834, 'rank': 23, 'fitness': 0.037004941487495224, 'generation': 719}","{'id': 31868, 'rank': 24, 'fitness': 0.03371004446411785, 'generation': 719}","{'id': 31824, 'rank': 25, 'fitness': 0.03013529938680848, 'generation': 719}","{'id': 31857, 'rank': 26, 'fitness': 0.024001295853866622, 'generation': 719}","{'id': 31850, 'rank': 27, 'fitness': 0.022939275991780417, 'generation': 719}","{'id': 31831, 'rank': 28, 'fitness': 0.020884201733263108, 'generation': 719}","{'id': 31836, 'rank': 29, 'fitness': 0.01982833161308667, 'generation': 719}","{'id': 31848, 'rank': 30, 'fitness': 0.01798620996209155, 'generation': 719}"
"{'id': 31910, 'rank': 1, 'fitness': 0.9820137900379085, 'generation': 720}","{'id': 31908, 'rank': 2, 'fitness': 0.972032836111415, 'generation': 720}","{'id': 31903, 'rank': 3, 'fitness': 0.9598809522590749, 'generation': 720}","{'id': 31888, 'rank': 4, 'fitness': 0.95377498826444, 'generation': 720}","{'id': 31882, 'rank': 5, 'fitness': 0.8830411350146101, 'generation': 720}","{'id': 31876, 'rank': 6, 'fitness': 0.8367912180062756, 'generation': 720}","{'id': 31884, 'rank': 7, 'fitness': 0.6866709592444022, 'generation': 720}","{'id': 31901, 'rank': 8, 'fitness': 0.6503621767929261, 'generation': 720}","{'id': 31904, 'rank': 9, 'fitness': 0.6126427224636728, 'generation': 720}","{'id': 31896, 'rank': 10, 'fitness': 0.5058101969931679, 'generation': 720}","{'id': 31880, 'rank': 11, 'fitness': 0.4604472249478722, 'generation': 720}","{'id': 31902, 'rank': 12, 'fitness': 0.4591524658186553, 'generation': 720}","{'id': 31879, 'rank': 13, 'fitness': 0.35057809033603093, 'generation': 720}","{'id': 31893, 'rank': 14, 'fitness': 0.24834494505318144, 'generation': 720}","{'id': 31894, 'rank': 15, 'fitness': 0.21919737673835765, 'generation': 720}","{'id': 31899, 'rank': 16, 'fitness': 0.21868903568537373, 'generation': 720}","{'id': 31871, 'rank': 17, 'fitness': 0.18740411989409222, 'generation': 720}","{'id': 31907, 'rank': 18, 'fitness': 0.1443501063891406, 'generation': 720}","{'id': 31897, 'rank': 19, 'fitness': 0.11269283765292121, 'generation': 720}","{'id': 31889, 'rank': 20, 'fitness': 0.10196207886105735, 'generation': 720}","{'id': 31909, 'rank': 21, 'fitness': 0.09924966566248655, 'generation': 720}","{'id': 31878, 'rank': 22, 'fitness': 0.071133961878515, 'generation': 720}","{'id': 31900, 'rank': 23, 'fitness': 0.04332761868661139, 'generation': 720}","{'id': 31877, 'rank': 24, 'fitness': 0.03100779334038639, 'generation': 720}","{'id': 31890, 'rank': 25, 'fitness': 0.02874833372639396, 'generation': 720}","{'id': 31874, 'rank': 26, 'fitness': 0.02773953299751314, 'generation': 720}","{'id': 31895, 'rank': 27, 'fitness': 0.02261517555320719, 'generation': 720}","{'id': 31898, 'rank': 28, 'fitness': 0.019716475462084604, 'generation': 720}","{'id': 31883, 'rank': 29, 'fitness': 0.01818532486342528, 'generation': 720}","{'id': 31906, 'rank': 30, 'fitness': 0.01798620996209155, 'generation': 720}"
"{'id': 31960, 'rank': 1, 'fitness': 0.9820137900379085, 'generation': 721}","{'id': 31948, 'rank': 2, 'fitness': 0.9561215527293401, 'generation': 721}","{'id': 31950, 'rank': 3, 'fitness': 0.9516481528813828, 'generation': 721}","{'id': 31953, 'rank': 4, 'fitness': 0.9223511960489201, 'generation': 721}","{'id': 31954, 'rank': 5, 'fitness': 0.7584789628562092, 'generation': 721}","{'id': 31949, 'rank': 6, 'fitness': 0.7158641236977167, 'generation': 721}","{'id': 31959, 'rank': 7, 'fitness': 0.6280632377820189, 'generation': 721}","{'id': 31951, 'rank': 8, 'fitness': 0.605237105551468, 'generation': 721}","{'id': 31946, 'rank': 9, 'fitness': 0.546604673447657, 'generation': 721}","{'id': 31934, 'rank': 10, 'fitness': 0.5014365489760314, 'generation': 721}","{'id': 31942, 'rank': 11, 'fitness': 0.41339477860270246, 'generation': 721}","{'id': 31939, 'rank': 12, 'fitness': 0.3789414806752903, 'generation': 721}","{'id': 31921, 'rank': 13, 'fitness': 0.2102445375268609, 'generation': 721}","{'id': 31944, 'rank': 14, 'fitness': 0.19667991835978582, 'generation': 721}","{'id': 31941, 'rank': 15, 'fitness': 0.1918370794199903, 'generation': 721}","{'id': 31957, 'rank': 16, 'fitness': 0.11363496324442685, 'generation': 721}","{'id': 31930, 'rank': 17, 'fitness': 0.11024379243956278, 'generation': 721}","{'id': 31935, 'rank': 18, 'fitness': 0.10206242834193202, 'generation': 721}","{'id': 31956, 'rank': 19, 'fitness': 0.09721430660327979, 'generation': 721}","{'id': 31952, 'rank': 20, 'fitness': 0.07710370385346571, 'generation': 721}","{'id': 31961, 'rank': 21, 'fitness': 0.07654939196830202, 'generation': 721}","{'id': 31912, 'rank': 22, 'fitness': 0.0601423082455278, 'generation': 721}","{'id': 31914, 'rank': 23, 'fitness': 0.05219436963020785, 'generation': 721}","{'id': 31938, 'rank': 24, 'fitness': 0.04002326340739121, 'generation': 721}","{'id': 31911, 'rank': 25, 'fitness': 0.031931940960406746, 'generation': 721}","{'id': 31926, 'rank': 26, 'fitness': 0.031070658946600938, 'generation': 721}","{'id': 31940, 'rank': 27, 'fitness': 0.029783383738393565, 'generation': 721}","{'id': 31955, 'rank': 28, 'fitness': 0.026082283804267692, 'generation': 721}","{'id': 31936, 'rank': 29, 'fitness': 0.020964149947634625, 'generation': 721}","{'id': 31916, 'rank': 30, 'fitness': 0.01798620996209155, 'generation': 721}"
"{'id': 32008, 'rank': 1, 'fitness': 0.9820137900379085, 'generation': 722}","{'id': 32007, 'rank': 2, 'fitness': 0.979236696983065, 'generation': 722}","{'id': 32002, 'rank': 3, 'fitness': 0.9030286703238994, 'generation': 722}","{'id': 31997, 'rank': 4, 'fitness': 0.8477506049203299, 'generation': 722}","{'id': 31967, 'rank': 5, 'fitness': 0.8442660236476979, 'generation': 722}","{'id': 32005, 'rank': 6, 'fitness': 0.7903414742668688, 'generation': 722}","{'id': 31976, 'rank': 7, 'fitness': 0.6896583840541102, 'generation': 722}","{'id': 32000, 'rank': 8, 'fitness': 0.5361832096643104, 'generation': 722}","{'id': 31974, 'rank': 9, 'fitness': 0.3994630564852359, 'generation': 722}","{'id': 31993, 'rank': 10, 'fitness': 0.39437758469299405, 'generation': 722}","{'id': 31991, 'rank': 11, 'fitness': 0.2833275042555916, 'generation': 722}","{'id': 31975, 'rank': 12, 'fitness': 0.21417065035726957, 'generation': 722}","{'id': 31963, 'rank': 13, 'fitness': 0.14024946817391132, 'generation': 722}","{'id': 32006, 'rank': 14, 'fitness': 0.13345336480289222, 'generation': 722}","{'id': 32001, 'rank': 15, 'fitness': 0.1296573806190221, 'generation': 722}","{'id': 31999, 'rank': 16, 'fitness': 0.11262303767373333, 'generation': 722}","{'id': 31992, 'rank': 17, 'fitness': 0.10522219834348234, 'generation': 722}","{'id': 31995, 'rank': 18, 'fitness': 0.10086007685488763, 'generation': 722}","{'id': 32003, 'rank': 19, 'fitness': 0.09982411677193692, 'generation': 722}","{'id': 31970, 'rank': 20, 'fitness': 0.09800624547321662, 'generation': 722}","{'id': 32004, 'rank': 21, 'fitness': 0.057111490997120096, 'generation': 722}","{'id': 31964, 'rank': 22, 'fitness': 0.042866018872152856, 'generation': 722}","{'id': 31996, 'rank': 23, 'fitness': 0.03720998764505484, 'generation': 722}","{'id': 31990, 'rank': 24, 'fitness': 0.02974083216109691, 'generation': 722}","{'id': 31973, 'rank': 25, 'fitness': 0.026942966184174966, 'generation': 722}","{'id': 31972, 'rank': 26, 'fitness': 0.02381020892909208, 'generation': 722}","{'id': 31965, 'rank': 27, 'fitness': 0.02286084861289628, 'generation': 722}","{'id': 31994, 'rank': 28, 'fitness': 0.019890912238868352, 'generation': 722}","{'id': 31981, 'rank': 29, 'fitness': 0.01978960572999322, 'generation': 722}","{'id': 31985, 'rank': 30, 'fitness': 0.01798620996209155, 'generation': 722}"
"{'id': 32039, 'rank': 1, 'fitness': 0.9820137900379085, 'generation': 723}","{'id': 32044, 'rank': 2, 'fitness': 0.978725409378454, 'generation': 723}","{'id': 32053, 'rank': 3, 'fitness': 0.9459084744819934, 'generation': 723}","{'id': 32034, 'rank': 4, 'fitness': 0.9428338908489264, 'generation': 723}","{'id': 32054, 'rank': 5, 'fitness': 0.6447557614286907, 'generation': 723}","{'id': 32021, 'rank': 6, 'fitness': 0.5496363274541713, 'generation': 723}","{'id': 32012, 'rank': 7, 'fitness': 0.4329517237408036, 'generation': 723}","{'id': 32025, 'rank': 8, 'fitness': 0.4192402332285281, 'generation': 723}","{'id': 32009, 'rank': 9, 'fitness': 0.4019890617644658, 'generation': 723}","{'id': 32040, 'rank': 10, 'fitness': 0.34836727378288285, 'generation': 723}","{'id': 32022, 'rank': 11, 'fitness': 0.3097129850191306, 'generation': 723}","{'id': 32017, 'rank': 12, 'fitness': 0.30465096889398124, 'generation': 723}","{'id': 32037, 'rank': 13, 'fitness': 0.23324349833560482, 'generation': 723}","{'id': 32043, 'rank': 14, 'fitness': 0.20341440689702217, 'generation': 723}","{'id': 32046, 'rank': 15, 'fitness': 0.11450849972484323, 'generation': 723}","{'id': 32052, 'rank': 16, 'fitness': 0.08813659396177459, 'generation': 723}","{'id': 32027, 'rank': 17, 'fitness': 0.07975548926018305, 'generation': 723}","{'id': 32029, 'rank': 18, 'fitness': 0.06482981222075895, 'generation': 723}","{'id': 32035, 'rank': 19, 'fitness': 0.057110536859650174, 'generation': 723}","{'id': 32014, 'rank': 20, 'fitness': 0.053618389033135316, 'generation': 723}","{'id': 32011, 'rank': 21, 'fitness': 0.05216184910688215, 'generation': 723}","{'id': 32042, 'rank': 22, 'fitness': 0.05028233678375432, 'generation': 723}","{'id': 32051, 'rank': 23, 'fitness': 0.04805269681894292, 'generation': 723}","{'id': 32036, 'rank': 24, 'fitness': 0.030770882747019, 'generation': 723}","{'id': 32016, 'rank': 25, 'fitness': 0.029532341984298327, 'generation': 723}","{'id': 32018, 'rank': 26, 'fitness': 0.0244053608401274, 'generation': 723}","{'id': 32049, 'rank': 27, 'fitness': 0.024171817998837886, 'generation': 723}","{'id': 32045, 'rank': 28, 'fitness': 0.020570603102400054, 'generation': 723}","{'id': 32041, 'rank': 29, 'fitness': 0.018499956013156738, 'generation': 723}","{'id': 32030, 'rank': 30, 'fitness': 0.01798620996209155, 'generation': 723}"
"{'id': 32084, 'rank': 1, 'fitness': 0.9820137900379085, 'generation': 724}","{'id': 32086, 'rank': 2, 'fitness': 0.9811483941135586, 'generation': 724}","{'id': 32094, 'rank': 3, 'fitness': 0.9810227808295242, 'generation': 724}","{'id': 32099, 'rank': 4, 'fitness': 0.9669170931807631, 'generation': 724}","{'id': 32095, 'rank': 5, 'fitness': 0.9556240571560932, 'generation': 724}","{'id': 32098, 'rank': 6, 'fitness': 0.9467152204836866, 'generation': 724}","{'id': 32077, 'rank': 7, 'fitness': 0.9323142800300303, 'generation': 724}","{'id': 32082, 'rank': 8, 'fitness': 0.9233770546406341, 'generation': 724}","{'id': 32096, 'rank': 9, 'fitness': 0.9076926002721097, 'generation': 724}","{'id': 32067, 'rank': 10, 'fitness': 0.8826084086584897, 'generation': 724}","{'id': 32085, 'rank': 11, 'fitness': 0.8292150599852597, 'generation': 724}","{'id': 32088, 'rank': 12, 'fitness': 0.7975385254784071, 'generation': 724}","{'id': 32092, 'rank': 13, 'fitness': 0.4549983056416353, 'generation': 724}","{'id': 32074, 'rank': 14, 'fitness': 0.4028124865757567, 'generation': 724}","{'id': 32081, 'rank': 15, 'fitness': 0.3582104149757433, 'generation': 724}","{'id': 32083, 'rank': 16, 'fitness': 0.1772361186884533, 'generation': 724}","{'id': 32078, 'rank': 17, 'fitness': 0.17439476410317023, 'generation': 724}","{'id': 32068, 'rank': 18, 'fitness': 0.15948355656809454, 'generation': 724}","{'id': 32090, 'rank': 19, 'fitness': 0.06737002310066892, 'generation': 724}","{'id': 32076, 'rank': 20, 'fitness': 0.061099154571023995, 'generation': 724}","{'id': 32064, 'rank': 21, 'fitness': 0.055029109811805754, 'generation': 724}","{'id': 32087, 'rank': 22, 'fitness': 0.05380542638473934, 'generation': 724}","{'id': 32066, 'rank': 23, 'fitness': 0.052574397963276065, 'generation': 724}","{'id': 32071, 'rank': 24, 'fitness': 0.04331895220902404, 'generation': 724}","{'id': 32093, 'rank': 25, 'fitness': 0.0378423087722356, 'generation': 724}","{'id': 32073, 'rank': 26, 'fitness': 0.03350569174250173, 'generation': 724}","{'id': 32079, 'rank': 27, 'fitness': 0.03073790147593003, 'generation': 724}","{'id': 32069, 'rank': 28, 'fitness': 0.020158116241004553, 'generation': 724}","{'id': 32097, 'rank': 29, 'fitness': 0.019980855556174515, 'generation': 724}","{'id': 32089, 'rank': 30, 'fitness': 0.01798620996209155, 'generation': 724}"
"{'id': 32151, 'rank': 1, 'fitness': 0.9820137900379085, 'generation': 725}","{'id': 32149, 'rank': 2, 'fitness': 0.9603800003185254, 'generation': 725}","{'id': 32119, 'rank': 3, 'fitness': 0.9311560077776514, 'generation': 725}","{'id': 32142, 'rank': 4, 'fitness': 0.9205435847419353, 'generation': 725}","{'id': 32116, 'rank': 5, 'fitness': 0.3471118214849217, 'generation': 725}","{'id': 32100, 'rank': 6, 'fitness': 0.33830084617476097, 'generation': 725}","{'id': 32153, 'rank': 7, 'fitness': 0.29126810936568825, 'generation': 725}","{'id': 32154, 'rank': 8, 'fitness': 0.2769778642222077, 'generation': 725}","{'id': 32131, 'rank': 9, 'fitness': 0.2543705402284968, 'generation': 725}","{'id': 32152, 'rank': 10, 'fitness': 0.24710026825681997, 'generation': 725}","{'id': 32114, 'rank': 11, 'fitness': 0.17295391307556768, 'generation': 725}","{'id': 32146, 'rank': 12, 'fitness': 0.15821089636732394, 'generation': 725}","{'id': 32123, 'rank': 13, 'fitness': 0.14944814048900423, 'generation': 725}","{'id': 32155, 'rank': 14, 'fitness': 0.11002639988646445, 'generation': 725}","{'id': 32118, 'rank': 15, 'fitness': 0.10289533221296798, 'generation': 725}","{'id': 32145, 'rank': 16, 'fitness': 0.10052171435031565, 'generation': 725}","{'id': 32115, 'rank': 17, 'fitness': 0.08558658839022093, 'generation': 725}","{'id': 32135, 'rank': 18, 'fitness': 0.08351396620338242, 'generation': 725}","{'id': 32112, 'rank': 19, 'fitness': 0.048465739181231315, 'generation': 725}","{'id': 32139, 'rank': 20, 'fitness': 0.04531146884569759, 'generation': 725}","{'id': 32101, 'rank': 21, 'fitness': 0.04491456837908564, 'generation': 725}","{'id': 32130, 'rank': 22, 'fitness': 0.0364397691328886, 'generation': 725}","{'id': 32105, 'rank': 23, 'fitness': 0.036360166662131266, 'generation': 725}","{'id': 32125, 'rank': 24, 'fitness': 0.02957846247775009, 'generation': 725}","{'id': 32124, 'rank': 25, 'fitness': 0.02559077953269795, 'generation': 725}","{'id': 32150, 'rank': 26, 'fitness': 0.024200968944903423, 'generation': 725}","{'id': 32134, 'rank': 27, 'fitness': 0.02317352861285149, 'generation': 725}","{'id': 32110, 'rank': 28, 'fitness': 0.021061974625404323, 'generation': 725}","{'id': 32144, 'rank': 29, 'fitness': 0.019373065996463656, 'generation': 725}","{'id': 32136, 'rank': 30, 'fitness': 0.01798620996209155, 'generation': 725}"
"{'id': 32174, 'rank': 1, 'fitness': 0.9820137900379085, 'generation': 726}","{'id': 32158, 'rank': 2, 'fitness': 0.9523396884591474, 'generation': 726}","{'id': 32173, 'rank': 3, 'fitness': 0.9519745628264331, 'generation': 726}","{'id': 32191, 'rank': 4, 'fitness': 0.9372154473286323, 'generation': 726}","{'id': 32194, 'rank': 5, 'fitness': 0.9280741988227692, 'generation': 726}","{'id': 32186, 'rank': 6, 'fitness': 0.8923150614195484, 'generation': 726}","{'id': 32171, 'rank': 7, 'fitness': 0.8879014284500311, 'generation': 726}","{'id': 32190, 'rank': 8, 'fitness': 0.8737676791935598, 'generation': 726}","{'id': 32170, 'rank': 9, 'fitness': 0.8171495188894903, 'generation': 726}","{'id': 32193, 'rank': 10, 'fitness': 0.6954264198999867, 'generation': 726}","{'id': 32189, 'rank': 11, 'fitness': 0.6289117124447634, 'generation': 726}","{'id': 32176, 'rank': 12, 'fitness': 0.5510883231944751, 'generation': 726}","{'id': 32181, 'rank': 13, 'fitness': 0.45252076808943414, 'generation': 726}","{'id': 32179, 'rank': 14, 'fitness': 0.37861525977732424, 'generation': 726}","{'id': 32175, 'rank': 15, 'fitness': 0.3629019398245161, 'generation': 726}","{'id': 32185, 'rank': 16, 'fitness': 0.20423220579039186, 'generation': 726}","{'id': 32188, 'rank': 17, 'fitness': 0.19738620808961532, 'generation': 726}","{'id': 32166, 'rank': 18, 'fitness': 0.1845174920855473, 'generation': 726}","{'id': 32184, 'rank': 19, 'fitness': 0.1672023283363095, 'generation': 726}","{'id': 32183, 'rank': 20, 'fitness': 0.13112559000908902, 'generation': 726}","{'id': 32162, 'rank': 21, 'fitness': 0.10743687252072731, 'generation': 726}","{'id': 32182, 'rank': 22, 'fitness': 0.10006370509102636, 'generation': 726}","{'id': 32187, 'rank': 23, 'fitness': 0.09757858127526792, 'generation': 726}","{'id': 32172, 'rank': 24, 'fitness': 0.0949261917510027, 'generation': 726}","{'id': 32164, 'rank': 25, 'fitness': 0.09151198432219965, 'generation': 726}","{'id': 32167, 'rank': 26, 'fitness': 0.07782975580597978, 'generation': 726}","{'id': 32177, 'rank': 27, 'fitness': 0.06979684466553132, 'generation': 726}","{'id': 32178, 'rank': 28, 'fitness': 0.042847984299859365, 'generation': 726}","{'id': 32165, 'rank': 29, 'fitness': 0.034602619743742846, 'generation': 726}","{'id': 32180, 'rank': 30, 'fitness': 0.01798620996209155, 'generation': 726}"
"{'id': 32238, 'rank': 1, 'fitness': 0.9820137900379085, 'generation': 727}","{'id': 32202, 'rank': 2, 'fitness': 0.8344669148060131, 'generation': 727}","{'id': 32216, 'rank': 3, 'fitness': 0.8235455569703559, 'generation': 727}","{'id': 32200, 'rank': 4, 'fitness': 0.7776643415148449, 'generation': 727}","{'id': 32233, 'rank': 5, 'fitness': 0.7610363747246787, 'generation': 727}","{'id': 32235, 'rank': 6, 'fitness': 0.7085020701663739, 'generation': 727}","{'id': 32232, 'rank': 7, 'fitness': 0.689771426025388, 'generation': 727}","{'id': 32243, 'rank': 8, 'fitness': 0.6804158374360756, 'generation': 727}","{'id': 32244, 'rank': 9, 'fitness': 0.6599833306487642, 'generation': 727}","{'id': 32226, 'rank': 10, 'fitness': 0.5304001089057213, 'generation': 727}","{'id': 32239, 'rank': 11, 'fitness': 0.4448807159362495, 'generation': 727}","{'id': 32236, 'rank': 12, 'fitness': 0.337934120366965, 'generation': 727}","{'id': 32207, 'rank': 13, 'fitness': 0.31582047212619974, 'generation': 727}","{'id': 32195, 'rank': 14, 'fitness': 0.3001094183246612, 'generation': 727}","{'id': 32240, 'rank': 15, 'fitness': 0.2969994196176912, 'generation': 727}","{'id': 32196, 'rank': 16, 'fitness': 0.29546624016007483, 'generation': 727}","{'id': 32225, 'rank': 17, 'fitness': 0.28040583738932384, 'generation': 727}","{'id': 32199, 'rank': 18, 'fitness': 0.27096791798107567, 'generation': 727}","{'id': 32218, 'rank': 19, 'fitness': 0.2024318694491527, 'generation': 727}","{'id': 32245, 'rank': 20, 'fitness': 0.1596989176959886, 'generation': 727}","{'id': 32228, 'rank': 21, 'fitness': 0.14629786942642375, 'generation': 727}","{'id': 32222, 'rank': 22, 'fitness': 0.09874343274822872, 'generation': 727}","{'id': 32201, 'rank': 23, 'fitness': 0.07469866738801617, 'generation': 727}","{'id': 32227, 'rank': 24, 'fitness': 0.050008385511827624, 'generation': 727}","{'id': 32217, 'rank': 25, 'fitness': 0.04698924253235043, 'generation': 727}","{'id': 32215, 'rank': 26, 'fitness': 0.038620045952201476, 'generation': 727}","{'id': 32203, 'rank': 27, 'fitness': 0.036737000520715546, 'generation': 727}","{'id': 32224, 'rank': 28, 'fitness': 0.030156839631716004, 'generation': 727}","{'id': 32242, 'rank': 29, 'fitness': 0.026641180257062635, 'generation': 727}","{'id': 32214, 'rank': 30, 'fitness': 0.01798620996209155, 'generation': 727}"
"{'id': 32291, 'rank': 1, 'fitness': 0.9820137900379085, 'generation': 728}","{'id': 32283, 'rank': 2, 'fitness': 0.9487737746126697, 'generation': 728}","{'id': 32270, 'rank': 3, 'fitness': 0.9349413767077155, 'generation': 728}","{'id': 32287, 'rank': 4, 'fitness': 0.9182903038580539, 'generation': 728}","{'id': 32289, 'rank': 5, 'fitness': 0.8508801473660796, 'generation': 728}","{'id': 32294, 'rank': 6, 'fitness': 0.6798139517689865, 'generation': 728}","{'id': 32284, 'rank': 7, 'fitness': 0.5623757614372045, 'generation': 728}","{'id': 32286, 'rank': 8, 'fitness': 0.49674178973964084, 'generation': 728}","{'id': 32285, 'rank': 9, 'fitness': 0.4279709469464215, 'generation': 728}","{'id': 32279, 'rank': 10, 'fitness': 0.37793761083595634, 'generation': 728}","{'id': 32258, 'rank': 11, 'fitness': 0.3167283741811466, 'generation': 728}","{'id': 32274, 'rank': 12, 'fitness': 0.2719850999255016, 'generation': 728}","{'id': 32267, 'rank': 13, 'fitness': 0.2423823422533366, 'generation': 728}","{'id': 32281, 'rank': 14, 'fitness': 0.23145389419775136, 'generation': 728}","{'id': 32265, 'rank': 15, 'fitness': 0.2102624902711574, 'generation': 728}","{'id': 32275, 'rank': 16, 'fitness': 0.1934953185340208, 'generation': 728}","{'id': 32277, 'rank': 17, 'fitness': 0.16232847112222126, 'generation': 728}","{'id': 32293, 'rank': 18, 'fitness': 0.14135248607216522, 'generation': 728}","{'id': 32269, 'rank': 19, 'fitness': 0.13747816295992044, 'generation': 728}","{'id': 32280, 'rank': 20, 'fitness': 0.11466754522759226, 'generation': 728}","{'id': 32290, 'rank': 21, 'fitness': 0.07060809547974506, 'generation': 728}","{'id': 32249, 'rank': 22, 'fitness': 0.052663767314976684, 'generation': 728}","{'id': 32292, 'rank': 23, 'fitness': 0.04016578938495535, 'generation': 728}","{'id': 32264, 'rank': 24, 'fitness': 0.036357523508900036, 'generation': 728}","{'id': 32257, 'rank': 25, 'fitness': 0.029602734184205115, 'generation': 728}","{'id': 32263, 'rank': 26, 'fitness': 0.02654190487639485, 'generation': 728}","{'id': 32272, 'rank': 27, 'fitness': 0.02469391098212992, 'generation': 728}","{'id': 32248, 'rank': 28, 'fitness': 0.021155010654394624, 'generation': 728}","{'id': 32253, 'rank': 29, 'fitness': 0.019884504215628873, 'generation': 728}","{'id': 32282, 'rank': 30, 'fitness': 0.01798620996209155, 'generation': 728}"
"{'id': 32343, 'rank': 1, 'fitness': 0.9820137900379085, 'generation': 729}","{'id': 32334, 'rank': 2, 'fitness': 0.6774850124570643, 'generation': 729}","{'id': 32331, 'rank': 3, 'fitness': 0.5979366420485785, 'generation': 729}","{'id': 32319, 'rank': 4, 'fitness': 0.3168428778548265, 'generation': 729}","{'id': 32322, 'rank': 5, 'fitness': 0.29071715787469854, 'generation': 729}","{'id': 32337, 'rank': 6, 'fitness': 0.2595561238792149, 'generation': 729}","{'id': 32329, 'rank': 7, 'fitness': 0.22855381161164523, 'generation': 729}","{'id': 32340, 'rank': 8, 'fitness': 0.21008120294762866, 'generation': 729}","{'id': 32338, 'rank': 9, 'fitness': 0.1935703718071638, 'generation': 729}","{'id': 32307, 'rank': 10, 'fitness': 0.18232193654675055, 'generation': 729}","{'id': 32333, 'rank': 11, 'fitness': 0.1506056059428001, 'generation': 729}","{'id': 32320, 'rank': 12, 'fitness': 0.13014026811188573, 'generation': 729}","{'id': 32321, 'rank': 13, 'fitness': 0.08363591892762823, 'generation': 729}","{'id': 32344, 'rank': 14, 'fitness': 0.07952132117971966, 'generation': 729}","{'id': 32336, 'rank': 15, 'fitness': 0.06892299360473852, 'generation': 729}","{'id': 32298, 'rank': 16, 'fitness': 0.059306696098530676, 'generation': 729}","{'id': 32314, 'rank': 17, 'fitness': 0.05887215583403371, 'generation': 729}","{'id': 32308, 'rank': 18, 'fitness': 0.05397991248442474, 'generation': 729}","{'id': 32305, 'rank': 19, 'fitness': 0.052266217581521335, 'generation': 729}","{'id': 32341, 'rank': 20, 'fitness': 0.05091784481552203, 'generation': 729}","{'id': 32311, 'rank': 21, 'fitness': 0.046912639686084556, 'generation': 729}","{'id': 32328, 'rank': 22, 'fitness': 0.04599019081061029, 'generation': 729}","{'id': 32317, 'rank': 23, 'fitness': 0.03873615269489511, 'generation': 729}","{'id': 32335, 'rank': 24, 'fitness': 0.03219339758615969, 'generation': 729}","{'id': 32327, 'rank': 25, 'fitness': 0.030255534530904682, 'generation': 729}","{'id': 32303, 'rank': 26, 'fitness': 0.028346942745693993, 'generation': 729}","{'id': 32297, 'rank': 27, 'fitness': 0.027451839361500585, 'generation': 729}","{'id': 32330, 'rank': 28, 'fitness': 0.02025575516221889, 'generation': 729}","{'id': 32323, 'rank': 29, 'fitness': 0.018775879198829004, 'generation': 729}","{'id': 32295, 'rank': 30, 'fitness': 0.01798620996209155, 'generation': 729}"
"{'id': 32368, 'rank': 1, 'fitness': 0.9820137900379085, 'generation': 730}","{'id': 32360, 'rank': 2, 'fitness': 0.9682192291788126, 'generation': 730}","{'id': 32366, 'rank': 3, 'fitness': 0.912945805058877, 'generation': 730}","{'id': 32353, 'rank': 4, 'fitness': 0.8998783205323299, 'generation': 730}","{'id': 32355, 'rank': 5, 'fitness': 0.7574256449813647, 'generation': 730}","{'id': 32365, 'rank': 6, 'fitness': 0.7371693653047625, 'generation': 730}","{'id': 32361, 'rank': 7, 'fitness': 0.7246437118396623, 'generation': 730}","{'id': 32351, 'rank': 8, 'fitness': 0.6494739018926503, 'generation': 730}","{'id': 32370, 'rank': 9, 'fitness': 0.6435755694886094, 'generation': 730}","{'id': 32354, 'rank': 10, 'fitness': 0.5279469932628272, 'generation': 730}","{'id': 32363, 'rank': 11, 'fitness': 0.4453266450878456, 'generation': 730}","{'id': 32373, 'rank': 12, 'fitness': 0.4156748666045971, 'generation': 730}","{'id': 32352, 'rank': 13, 'fitness': 0.3426269843789759, 'generation': 730}","{'id': 32358, 'rank': 14, 'fitness': 0.3403227485975967, 'generation': 730}","{'id': 32372, 'rank': 15, 'fitness': 0.3376803273779869, 'generation': 730}","{'id': 32371, 'rank': 16, 'fitness': 0.2670596979553063, 'generation': 730}","{'id': 32374, 'rank': 17, 'fitness': 0.2195321594486363, 'generation': 730}","{'id': 32367, 'rank': 18, 'fitness': 0.2173508998740491, 'generation': 730}","{'id': 32348, 'rank': 19, 'fitness': 0.20262981317838008, 'generation': 730}","{'id': 32364, 'rank': 20, 'fitness': 0.1769522898688441, 'generation': 730}","{'id': 32377, 'rank': 21, 'fitness': 0.1344249727428986, 'generation': 730}","{'id': 32375, 'rank': 22, 'fitness': 0.12344054549197264, 'generation': 730}","{'id': 32356, 'rank': 23, 'fitness': 0.12152079364962781, 'generation': 730}","{'id': 32376, 'rank': 24, 'fitness': 0.11132389443760726, 'generation': 730}","{'id': 32362, 'rank': 25, 'fitness': 0.10922304345134992, 'generation': 730}","{'id': 32359, 'rank': 26, 'fitness': 0.07702278776480342, 'generation': 730}","{'id': 32350, 'rank': 27, 'fitness': 0.07649718594955457, 'generation': 730}","{'id': 32346, 'rank': 28, 'fitness': 0.023839338718028014, 'generation': 730}","{'id': 32345, 'rank': 29, 'fitness': 0.022125921326516695, 'generation': 730}","{'id': 32349, 'rank': 30, 'fitness': 0.01798620996209155, 'generation': 730}"
"{'id': 32411, 'rank': 1, 'fitness': 0.9820137900379085, 'generation': 731}","{'id': 32412, 'rank': 2, 'fitness': 0.9728158205728193, 'generation': 731}","{'id': 32423, 'rank': 3, 'fitness': 0.9437790862786226, 'generation': 731}","{'id': 32417, 'rank': 4, 'fitness': 0.9062326213964079, 'generation': 731}","{'id': 32415, 'rank': 5, 'fitness': 0.8799510954207902, 'generation': 731}","{'id': 32419, 'rank': 6, 'fitness': 0.623230588593109, 'generation': 731}","{'id': 32410, 'rank': 7, 'fitness': 0.5482136573907354, 'generation': 731}","{'id': 32406, 'rank': 8, 'fitness': 0.5119189549290546, 'generation': 731}","{'id': 32393, 'rank': 9, 'fitness': 0.4162242294679448, 'generation': 731}","{'id': 32394, 'rank': 10, 'fitness': 0.37190541295240054, 'generation': 731}","{'id': 32413, 'rank': 11, 'fitness': 0.36933756112116956, 'generation': 731}","{'id': 32404, 'rank': 12, 'fitness': 0.300534604888146, 'generation': 731}","{'id': 32422, 'rank': 13, 'fitness': 0.23713442550759223, 'generation': 731}","{'id': 32392, 'rank': 14, 'fitness': 0.14977286756019187, 'generation': 731}","{'id': 32409, 'rank': 15, 'fitness': 0.1415123356114541, 'generation': 731}","{'id': 32386, 'rank': 16, 'fitness': 0.12090456503553731, 'generation': 731}","{'id': 32390, 'rank': 17, 'fitness': 0.11131702264255983, 'generation': 731}","{'id': 32418, 'rank': 18, 'fitness': 0.09864573533069165, 'generation': 731}","{'id': 32395, 'rank': 19, 'fitness': 0.08077010896119252, 'generation': 731}","{'id': 32421, 'rank': 20, 'fitness': 0.07405872212807407, 'generation': 731}","{'id': 32388, 'rank': 21, 'fitness': 0.07298595031602251, 'generation': 731}","{'id': 32400, 'rank': 22, 'fitness': 0.06772573143754645, 'generation': 731}","{'id': 32397, 'rank': 23, 'fitness': 0.06750558575644483, 'generation': 731}","{'id': 32398, 'rank': 24, 'fitness': 0.050200186605014685, 'generation': 731}","{'id': 32405, 'rank': 25, 'fitness': 0.03980009378644034, 'generation': 731}","{'id': 32389, 'rank': 26, 'fitness': 0.03548619551716442, 'generation': 731}","{'id': 32416, 'rank': 27, 'fitness': 0.028026349339270673, 'generation': 731}","{'id': 32401, 'rank': 28, 'fitness': 0.023968527512797932, 'generation': 731}","{'id': 32420, 'rank': 29, 'fitness': 0.02327706812882019, 'generation': 731}","{'id': 32381, 'rank': 30, 'fitness': 0.01798620996209155, 'generation': 731}"
"{'id': 32462, 'rank': 1, 'fitness': 0.9820137900379085, 'generation': 732}","{'id': 32464, 'rank': 2, 'fitness': 0.9779442419284363, 'generation': 732}","{'id': 32454, 'rank': 3, 'fitness': 0.9654942859717031, 'generation': 732}","{'id': 32455, 'rank': 4, 'fitness': 0.9370073428181374, 'generation': 732}","{'id': 32465, 'rank': 5, 'fitness': 0.9194907352320221, 'generation': 732}","{'id': 32450, 'rank': 6, 'fitness': 0.8752496511751596, 'generation': 732}","{'id': 32445, 'rank': 7, 'fitness': 0.809578175003827, 'generation': 732}","{'id': 32458, 'rank': 8, 'fitness': 0.7797636612554507, 'generation': 732}","{'id': 32448, 'rank': 9, 'fitness': 0.7548772511807067, 'generation': 732}","{'id': 32447, 'rank': 10, 'fitness': 0.6880586217351219, 'generation': 732}","{'id': 32442, 'rank': 11, 'fitness': 0.625603377191267, 'generation': 732}","{'id': 32427, 'rank': 12, 'fitness': 0.6100960364741354, 'generation': 732}","{'id': 32466, 'rank': 13, 'fitness': 0.602877703404779, 'generation': 732}","{'id': 32439, 'rank': 14, 'fitness': 0.5977243780064966, 'generation': 732}","{'id': 32452, 'rank': 15, 'fitness': 0.45189598060630787, 'generation': 732}","{'id': 32459, 'rank': 16, 'fitness': 0.4491168642493058, 'generation': 732}","{'id': 32449, 'rank': 17, 'fitness': 0.3708263122428769, 'generation': 732}","{'id': 32463, 'rank': 18, 'fitness': 0.3358715399181652, 'generation': 732}","{'id': 32438, 'rank': 19, 'fitness': 0.31546450658179315, 'generation': 732}","{'id': 32460, 'rank': 20, 'fitness': 0.2234171766934394, 'generation': 732}","{'id': 32457, 'rank': 21, 'fitness': 0.16209792428533976, 'generation': 732}","{'id': 32441, 'rank': 22, 'fitness': 0.12522619859260842, 'generation': 732}","{'id': 32456, 'rank': 23, 'fitness': 0.09887751046368037, 'generation': 732}","{'id': 32444, 'rank': 24, 'fitness': 0.07462255203293633, 'generation': 732}","{'id': 32443, 'rank': 25, 'fitness': 0.03178588341287686, 'generation': 732}","{'id': 32431, 'rank': 26, 'fitness': 0.0311153645979792, 'generation': 732}","{'id': 32451, 'rank': 27, 'fitness': 0.023168751995755132, 'generation': 732}","{'id': 32429, 'rank': 28, 'fitness': 0.022919958898089288, 'generation': 732}","{'id': 32453, 'rank': 29, 'fitness': 0.020935608591461874, 'generation': 732}","{'id': 32424, 'rank': 30, 'fitness': 0.01798620996209155, 'generation': 732}"
"{'id': 32506, 'rank': 1, 'fitness': 0.9820137900379085, 'generation': 733}","{'id': 32511, 'rank': 2, 'fitness': 0.9422505881175813, 'generation': 733}","{'id': 32497, 'rank': 3, 'fitness': 0.8899875751422304, 'generation': 733}","{'id': 32483, 'rank': 4, 'fitness': 0.8549085403416035, 'generation': 733}","{'id': 32515, 'rank': 5, 'fitness': 0.7982232156720797, 'generation': 733}","{'id': 32495, 'rank': 6, 'fitness': 0.7494811518460656, 'generation': 733}","{'id': 32479, 'rank': 7, 'fitness': 0.6526970731280795, 'generation': 733}","{'id': 32507, 'rank': 8, 'fitness': 0.6366785203639383, 'generation': 733}","{'id': 32467, 'rank': 9, 'fitness': 0.6320058039153611, 'generation': 733}","{'id': 32471, 'rank': 10, 'fitness': 0.5914096467108192, 'generation': 733}","{'id': 32510, 'rank': 11, 'fitness': 0.5580599264040778, 'generation': 733}","{'id': 32499, 'rank': 12, 'fitness': 0.549336370979199, 'generation': 733}","{'id': 32509, 'rank': 13, 'fitness': 0.4588483156867059, 'generation': 733}","{'id': 32494, 'rank': 14, 'fitness': 0.4480507894206639, 'generation': 733}","{'id': 32502, 'rank': 15, 'fitness': 0.3922076124381123, 'generation': 733}","{'id': 32491, 'rank': 16, 'fitness': 0.2552148031299224, 'generation': 733}","{'id': 32490, 'rank': 17, 'fitness': 0.18606042693798425, 'generation': 733}","{'id': 32513, 'rank': 18, 'fitness': 0.13438284133190953, 'generation': 733}","{'id': 32496, 'rank': 19, 'fitness': 0.13198441212214407, 'generation': 733}","{'id': 32501, 'rank': 20, 'fitness': 0.12101419126972673, 'generation': 733}","{'id': 32481, 'rank': 21, 'fitness': 0.09185070107776155, 'generation': 733}","{'id': 32486, 'rank': 22, 'fitness': 0.07547478514421513, 'generation': 733}","{'id': 32489, 'rank': 23, 'fitness': 0.07211386746935211, 'generation': 733}","{'id': 32492, 'rank': 24, 'fitness': 0.07048652787296394, 'generation': 733}","{'id': 32505, 'rank': 25, 'fitness': 0.060755083812980726, 'generation': 733}","{'id': 32468, 'rank': 26, 'fitness': 0.0488388443513601, 'generation': 733}","{'id': 32473, 'rank': 27, 'fitness': 0.03594873121152842, 'generation': 733}","{'id': 32512, 'rank': 28, 'fitness': 0.024715745919549226, 'generation': 733}","{'id': 32485, 'rank': 29, 'fitness': 0.02300480588367454, 'generation': 733}","{'id': 32487, 'rank': 30, 'fitness': 0.01798620996209155, 'generation': 733}"
"{'id': 32553, 'rank': 1, 'fitness': 0.9820137900379085, 'generation': 734}","{'id': 32554, 'rank': 2, 'fitness': 0.9278585001046062, 'generation': 734}","{'id': 32551, 'rank': 3, 'fitness': 0.6340644591740084, 'generation': 734}","{'id': 32562, 'rank': 4, 'fitness': 0.606899279356987, 'generation': 734}","{'id': 32559, 'rank': 5, 'fitness': 0.459527868919071, 'generation': 734}","{'id': 32558, 'rank': 6, 'fitness': 0.40732318759972086, 'generation': 734}","{'id': 32552, 'rank': 7, 'fitness': 0.2992048244408534, 'generation': 734}","{'id': 32539, 'rank': 8, 'fitness': 0.2908014790821055, 'generation': 734}","{'id': 32529, 'rank': 9, 'fitness': 0.2604190741253106, 'generation': 734}","{'id': 32563, 'rank': 10, 'fitness': 0.24332916696776385, 'generation': 734}","{'id': 32528, 'rank': 11, 'fitness': 0.22431175231092743, 'generation': 734}","{'id': 32526, 'rank': 12, 'fitness': 0.21969889557579653, 'generation': 734}","{'id': 32561, 'rank': 13, 'fitness': 0.2072394280046525, 'generation': 734}","{'id': 32518, 'rank': 14, 'fitness': 0.1857125766783077, 'generation': 734}","{'id': 32538, 'rank': 15, 'fitness': 0.14575605484213772, 'generation': 734}","{'id': 32522, 'rank': 16, 'fitness': 0.1339027723645202, 'generation': 734}","{'id': 32527, 'rank': 17, 'fitness': 0.12060065931678843, 'generation': 734}","{'id': 32555, 'rank': 18, 'fitness': 0.09396745598421852, 'generation': 734}","{'id': 32548, 'rank': 19, 'fitness': 0.07042612992822161, 'generation': 734}","{'id': 32557, 'rank': 20, 'fitness': 0.06097459648569303, 'generation': 734}","{'id': 32549, 'rank': 21, 'fitness': 0.053477906935979314, 'generation': 734}","{'id': 32540, 'rank': 22, 'fitness': 0.04484639313167871, 'generation': 734}","{'id': 32520, 'rank': 23, 'fitness': 0.02962392392154445, 'generation': 734}","{'id': 32524, 'rank': 24, 'fitness': 0.02904628699650652, 'generation': 734}","{'id': 32531, 'rank': 25, 'fitness': 0.022901790156247437, 'generation': 734}","{'id': 32550, 'rank': 26, 'fitness': 0.021965388888790682, 'generation': 734}","{'id': 32545, 'rank': 27, 'fitness': 0.021877605212383855, 'generation': 734}","{'id': 32536, 'rank': 28, 'fitness': 0.01868427069641243, 'generation': 734}","{'id': 32543, 'rank': 29, 'fitness': 0.018625058163234565, 'generation': 734}","{'id': 32533, 'rank': 30, 'fitness': 0.01798620996209155, 'generation': 734}"
"{'id': 32582, 'rank': 1, 'fitness': 0.9820137900379085, 'generation': 735}","{'id': 32591, 'rank': 2, 'fitness': 0.9762342362450489, 'generation': 735}","{'id': 32594, 'rank': 3, 'fitness': 0.9690321560160778, 'generation': 735}","{'id': 32593, 'rank': 4, 'fitness': 0.8194395884301091, 'generation': 735}","{'id': 32602, 'rank': 5, 'fitness': 0.7528778603371155, 'generation': 735}","{'id': 32587, 'rank': 6, 'fitness': 0.6748365329787993, 'generation': 735}","{'id': 32574, 'rank': 7, 'fitness': 0.46744456280872176, 'generation': 735}","{'id': 32575, 'rank': 8, 'fitness': 0.4407635405403728, 'generation': 735}","{'id': 32597, 'rank': 9, 'fitness': 0.4120282712273195, 'generation': 735}","{'id': 32592, 'rank': 10, 'fitness': 0.3539120134039596, 'generation': 735}","{'id': 32579, 'rank': 11, 'fitness': 0.3144760463869327, 'generation': 735}","{'id': 32603, 'rank': 12, 'fitness': 0.26662661035951074, 'generation': 735}","{'id': 32600, 'rank': 13, 'fitness': 0.16659937504809957, 'generation': 735}","{'id': 32584, 'rank': 14, 'fitness': 0.14107543116259869, 'generation': 735}","{'id': 32590, 'rank': 15, 'fitness': 0.12489775928422914, 'generation': 735}","{'id': 32589, 'rank': 16, 'fitness': 0.09488119599541661, 'generation': 735}","{'id': 32595, 'rank': 17, 'fitness': 0.09118984630884258, 'generation': 735}","{'id': 32596, 'rank': 18, 'fitness': 0.09055300914594772, 'generation': 735}","{'id': 32599, 'rank': 19, 'fitness': 0.08624842471198468, 'generation': 735}","{'id': 32573, 'rank': 20, 'fitness': 0.07888423248600157, 'generation': 735}","{'id': 32581, 'rank': 21, 'fitness': 0.058135404024700965, 'generation': 735}","{'id': 32577, 'rank': 22, 'fitness': 0.05276285628085675, 'generation': 735}","{'id': 32567, 'rank': 23, 'fitness': 0.04685553799338471, 'generation': 735}","{'id': 32572, 'rank': 24, 'fitness': 0.04512731824575755, 'generation': 735}","{'id': 32564, 'rank': 25, 'fitness': 0.03527858403256823, 'generation': 735}","{'id': 32588, 'rank': 26, 'fitness': 0.02871137139386598, 'generation': 735}","{'id': 32571, 'rank': 27, 'fitness': 0.024014227149483036, 'generation': 735}","{'id': 32585, 'rank': 28, 'fitness': 0.019724358808454523, 'generation': 735}","{'id': 32601, 'rank': 29, 'fitness': 0.018011758271855416, 'generation': 735}","{'id': 32568, 'rank': 30, 'fitness': 0.01798620996209155, 'generation': 735}"
"{'id': 32634, 'rank': 1, 'fitness': 0.9820137900379085, 'generation': 736}","{'id': 32647, 'rank': 2, 'fitness': 0.9803990928697482, 'generation': 736}","{'id': 32632, 'rank': 3, 'fitness': 0.722988481907981, 'generation': 736}","{'id': 32618, 'rank': 4, 'fitness': 0.568147536619297, 'generation': 736}","{'id': 32624, 'rank': 5, 'fitness': 0.5651740645797765, 'generation': 736}","{'id': 32643, 'rank': 6, 'fitness': 0.5365715965381829, 'generation': 736}","{'id': 32635, 'rank': 7, 'fitness': 0.5227006810707124, 'generation': 736}","{'id': 32638, 'rank': 8, 'fitness': 0.44058352708528986, 'generation': 736}","{'id': 32641, 'rank': 9, 'fitness': 0.4254080244157138, 'generation': 736}","{'id': 32629, 'rank': 10, 'fitness': 0.4252177845645507, 'generation': 736}","{'id': 32642, 'rank': 11, 'fitness': 0.23642301057770165, 'generation': 736}","{'id': 32622, 'rank': 12, 'fitness': 0.2010657817416981, 'generation': 736}","{'id': 32626, 'rank': 13, 'fitness': 0.17346806757165967, 'generation': 736}","{'id': 32648, 'rank': 14, 'fitness': 0.16682213397713241, 'generation': 736}","{'id': 32604, 'rank': 15, 'fitness': 0.16273540733800396, 'generation': 736}","{'id': 32605, 'rank': 16, 'fitness': 0.11890709326516619, 'generation': 736}","{'id': 32644, 'rank': 17, 'fitness': 0.10312654980480424, 'generation': 736}","{'id': 32620, 'rank': 18, 'fitness': 0.1002140451273637, 'generation': 736}","{'id': 32636, 'rank': 19, 'fitness': 0.08493947515461026, 'generation': 736}","{'id': 32628, 'rank': 20, 'fitness': 0.07514408973230063, 'generation': 736}","{'id': 32613, 'rank': 21, 'fitness': 0.056052247326612126, 'generation': 736}","{'id': 32627, 'rank': 22, 'fitness': 0.04179042732552496, 'generation': 736}","{'id': 32645, 'rank': 23, 'fitness': 0.037766746212687274, 'generation': 736}","{'id': 32646, 'rank': 24, 'fitness': 0.03551553207293112, 'generation': 736}","{'id': 32631, 'rank': 25, 'fitness': 0.02993902836902218, 'generation': 736}","{'id': 32639, 'rank': 26, 'fitness': 0.025983544191805263, 'generation': 736}","{'id': 32640, 'rank': 27, 'fitness': 0.019208177622292544, 'generation': 736}","{'id': 32637, 'rank': 28, 'fitness': 0.018234025261656406, 'generation': 736}","{'id': 32630, 'rank': 29, 'fitness': 0.018216167419027374, 'generation': 736}","{'id': 32606, 'rank': 30, 'fitness': 0.01798620996209155, 'generation': 736}"
"{'id': 32686, 'rank': 1, 'fitness': 0.9820137900379085, 'generation': 737}","{'id': 32681, 'rank': 2, 'fitness': 0.9027555596128912, 'generation': 737}","{'id': 32683, 'rank': 3, 'fitness': 0.6879811943730065, 'generation': 737}","{'id': 32674, 'rank': 4, 'fitness': 0.5416378133544162, 'generation': 737}","{'id': 32676, 'rank': 5, 'fitness': 0.5361141262497136, 'generation': 737}","{'id': 32672, 'rank': 6, 'fitness': 0.5161339374146152, 'generation': 737}","{'id': 32671, 'rank': 7, 'fitness': 0.5144420000649281, 'generation': 737}","{'id': 32677, 'rank': 8, 'fitness': 0.491051510540608, 'generation': 737}","{'id': 32669, 'rank': 9, 'fitness': 0.49076143299239383, 'generation': 737}","{'id': 32664, 'rank': 10, 'fitness': 0.4669809035102678, 'generation': 737}","{'id': 32673, 'rank': 11, 'fitness': 0.3415389969924967, 'generation': 737}","{'id': 32658, 'rank': 12, 'fitness': 0.3085842261676953, 'generation': 737}","{'id': 32675, 'rank': 13, 'fitness': 0.26150482069986625, 'generation': 737}","{'id': 32656, 'rank': 14, 'fitness': 0.1932593011276571, 'generation': 737}","{'id': 32650, 'rank': 15, 'fitness': 0.1459012994773472, 'generation': 737}","{'id': 32660, 'rank': 16, 'fitness': 0.13235677004984153, 'generation': 737}","{'id': 32670, 'rank': 17, 'fitness': 0.12777509185244545, 'generation': 737}","{'id': 32682, 'rank': 18, 'fitness': 0.09086829824591336, 'generation': 737}","{'id': 32659, 'rank': 19, 'fitness': 0.08869804196143499, 'generation': 737}","{'id': 32678, 'rank': 20, 'fitness': 0.08600609256690112, 'generation': 737}","{'id': 32661, 'rank': 21, 'fitness': 0.08317725497381606, 'generation': 737}","{'id': 32680, 'rank': 22, 'fitness': 0.07998063439459979, 'generation': 737}","{'id': 32663, 'rank': 23, 'fitness': 0.07364176725541921, 'generation': 737}","{'id': 32655, 'rank': 24, 'fitness': 0.07128087161686575, 'generation': 737}","{'id': 32667, 'rank': 25, 'fitness': 0.07060381365990598, 'generation': 737}","{'id': 32685, 'rank': 26, 'fitness': 0.061149824479528214, 'generation': 737}","{'id': 32679, 'rank': 27, 'fitness': 0.05629157730087808, 'generation': 737}","{'id': 32652, 'rank': 28, 'fitness': 0.0380918369073881, 'generation': 737}","{'id': 32665, 'rank': 29, 'fitness': 0.030143416516975496, 'generation': 737}","{'id': 32668, 'rank': 30, 'fitness': 0.01798620996209155, 'generation': 737}"
"{'id': 32729, 'rank': 1, 'fitness': 0.9820137900379085, 'generation': 738}","{'id': 32723, 'rank': 2, 'fitness': 0.9477420689984741, 'generation': 738}","{'id': 32726, 'rank': 3, 'fitness': 0.8879846244068407, 'generation': 738}","{'id': 32710, 'rank': 4, 'fitness': 0.8870476226683193, 'generation': 738}","{'id': 32728, 'rank': 5, 'fitness': 0.8446735713121165, 'generation': 738}","{'id': 32720, 'rank': 6, 'fitness': 0.7197768218064491, 'generation': 738}","{'id': 32706, 'rank': 7, 'fitness': 0.44715893959557035, 'generation': 738}","{'id': 32718, 'rank': 8, 'fitness': 0.30784188115795297, 'generation': 738}","{'id': 32704, 'rank': 9, 'fitness': 0.2920615014049518, 'generation': 738}","{'id': 32708, 'rank': 10, 'fitness': 0.2671981131669795, 'generation': 738}","{'id': 32694, 'rank': 11, 'fitness': 0.2221269897913059, 'generation': 738}","{'id': 32714, 'rank': 12, 'fitness': 0.18055241508837494, 'generation': 738}","{'id': 32691, 'rank': 13, 'fitness': 0.17224724645712108, 'generation': 738}","{'id': 32719, 'rank': 14, 'fitness': 0.17098252269822944, 'generation': 738}","{'id': 32700, 'rank': 15, 'fitness': 0.1660979502101042, 'generation': 738}","{'id': 32702, 'rank': 16, 'fitness': 0.1545667016338581, 'generation': 738}","{'id': 32687, 'rank': 17, 'fitness': 0.1273500601016322, 'generation': 738}","{'id': 32712, 'rank': 18, 'fitness': 0.12226031985805136, 'generation': 738}","{'id': 32721, 'rank': 19, 'fitness': 0.11675172197086198, 'generation': 738}","{'id': 32688, 'rank': 20, 'fitness': 0.1142016879206606, 'generation': 738}","{'id': 32696, 'rank': 21, 'fitness': 0.07616697996074073, 'generation': 738}","{'id': 32690, 'rank': 22, 'fitness': 0.06426466445441903, 'generation': 738}","{'id': 32692, 'rank': 23, 'fitness': 0.04913693093028815, 'generation': 738}","{'id': 32707, 'rank': 24, 'fitness': 0.04659982458361406, 'generation': 738}","{'id': 32709, 'rank': 25, 'fitness': 0.041129980849800685, 'generation': 738}","{'id': 32715, 'rank': 26, 'fitness': 0.03854478011476892, 'generation': 738}","{'id': 32730, 'rank': 27, 'fitness': 0.035717691930801376, 'generation': 738}","{'id': 32724, 'rank': 28, 'fitness': 0.03557038034417942, 'generation': 738}","{'id': 32727, 'rank': 29, 'fitness': 0.031174865169545096, 'generation': 738}","{'id': 32725, 'rank': 30, 'fitness': 0.01798620996209155, 'generation': 738}"
"{'id': 32759, 'rank': 1, 'fitness': 0.9820137900379085, 'generation': 739}","{'id': 32763, 'rank': 2, 'fitness': 0.9015770748182406, 'generation': 739}","{'id': 32766, 'rank': 3, 'fitness': 0.8577419284736327, 'generation': 739}","{'id': 32753, 'rank': 4, 'fitness': 0.7898084734338991, 'generation': 739}","{'id': 32761, 'rank': 5, 'fitness': 0.6712873343674173, 'generation': 739}","{'id': 32768, 'rank': 6, 'fitness': 0.6387113466736191, 'generation': 739}","{'id': 32741, 'rank': 7, 'fitness': 0.5856614863673875, 'generation': 739}","{'id': 32746, 'rank': 8, 'fitness': 0.5825242043051589, 'generation': 739}","{'id': 32764, 'rank': 9, 'fitness': 0.47370168796952034, 'generation': 739}","{'id': 32748, 'rank': 10, 'fitness': 0.3240870804347283, 'generation': 739}","{'id': 32731, 'rank': 11, 'fitness': 0.29717806460649965, 'generation': 739}","{'id': 32758, 'rank': 12, 'fitness': 0.28764129370593894, 'generation': 739}","{'id': 32739, 'rank': 13, 'fitness': 0.25091138290652776, 'generation': 739}","{'id': 32769, 'rank': 14, 'fitness': 0.18017181307933927, 'generation': 739}","{'id': 32750, 'rank': 15, 'fitness': 0.17573521598205338, 'generation': 739}","{'id': 32757, 'rank': 16, 'fitness': 0.17168771878475486, 'generation': 739}","{'id': 32770, 'rank': 17, 'fitness': 0.16863054839676672, 'generation': 739}","{'id': 32767, 'rank': 18, 'fitness': 0.14653607647004108, 'generation': 739}","{'id': 32745, 'rank': 19, 'fitness': 0.1282908025361829, 'generation': 739}","{'id': 32742, 'rank': 20, 'fitness': 0.1218248384910462, 'generation': 739}","{'id': 32740, 'rank': 21, 'fitness': 0.06963312259700649, 'generation': 739}","{'id': 32765, 'rank': 22, 'fitness': 0.06561412916519799, 'generation': 739}","{'id': 32760, 'rank': 23, 'fitness': 0.06314510249781513, 'generation': 739}","{'id': 32736, 'rank': 24, 'fitness': 0.05083951920784441, 'generation': 739}","{'id': 32755, 'rank': 25, 'fitness': 0.04984069172104866, 'generation': 739}","{'id': 32734, 'rank': 26, 'fitness': 0.02859070691000981, 'generation': 739}","{'id': 32751, 'rank': 27, 'fitness': 0.025349990374592846, 'generation': 739}","{'id': 32732, 'rank': 28, 'fitness': 0.024617277740259957, 'generation': 739}","{'id': 32752, 'rank': 29, 'fitness': 0.018860678058594205, 'generation': 739}","{'id': 32762, 'rank': 30, 'fitness': 0.01798620996209155, 'generation': 739}"
"{'id': 32813, 'rank': 1, 'fitness': 0.9820137900379085, 'generation': 740}","{'id': 32801, 'rank': 2, 'fitness': 0.9311332620194486, 'generation': 740}","{'id': 32816, 'rank': 3, 'fitness': 0.828429626251854, 'generation': 740}","{'id': 32812, 'rank': 4, 'fitness': 0.7481505277864022, 'generation': 740}","{'id': 32810, 'rank': 5, 'fitness': 0.6761375588785103, 'generation': 740}","{'id': 32809, 'rank': 6, 'fitness': 0.6466683000475637, 'generation': 740}","{'id': 32800, 'rank': 7, 'fitness': 0.633995584706654, 'generation': 740}","{'id': 32777, 'rank': 8, 'fitness': 0.6209408946519949, 'generation': 740}","{'id': 32814, 'rank': 9, 'fitness': 0.4944390275377024, 'generation': 740}","{'id': 32807, 'rank': 10, 'fitness': 0.44254732024355276, 'generation': 740}","{'id': 32803, 'rank': 11, 'fitness': 0.36160403117298195, 'generation': 740}","{'id': 32798, 'rank': 12, 'fitness': 0.3237855528641347, 'generation': 740}","{'id': 32782, 'rank': 13, 'fitness': 0.30024079593259995, 'generation': 740}","{'id': 32784, 'rank': 14, 'fitness': 0.2891310345797212, 'generation': 740}","{'id': 32794, 'rank': 15, 'fitness': 0.2717747044666704, 'generation': 740}","{'id': 32790, 'rank': 16, 'fitness': 0.21455358313514383, 'generation': 740}","{'id': 32799, 'rank': 17, 'fitness': 0.13194448417040716, 'generation': 740}","{'id': 32793, 'rank': 18, 'fitness': 0.12849391432319662, 'generation': 740}","{'id': 32805, 'rank': 19, 'fitness': 0.11230927633536603, 'generation': 740}","{'id': 32775, 'rank': 20, 'fitness': 0.10477811173202645, 'generation': 740}","{'id': 32811, 'rank': 21, 'fitness': 0.09931974270468236, 'generation': 740}","{'id': 32815, 'rank': 22, 'fitness': 0.059309847895495094, 'generation': 740}","{'id': 32772, 'rank': 23, 'fitness': 0.05389286154225925, 'generation': 740}","{'id': 32789, 'rank': 24, 'fitness': 0.04925637041362757, 'generation': 740}","{'id': 32786, 'rank': 25, 'fitness': 0.043430651625308125, 'generation': 740}","{'id': 32780, 'rank': 26, 'fitness': 0.028231510462390363, 'generation': 740}","{'id': 32779, 'rank': 27, 'fitness': 0.02503847753588223, 'generation': 740}","{'id': 32781, 'rank': 28, 'fitness': 0.022672556794183063, 'generation': 740}","{'id': 32797, 'rank': 29, 'fitness': 0.01959989913039556, 'generation': 740}","{'id': 32791, 'rank': 30, 'fitness': 0.01798620996209155, 'generation': 740}"
"{'id': 32846, 'rank': 1, 'fitness': 0.9820137900379085, 'generation': 741}","{'id': 32853, 'rank': 2, 'fitness': 0.9802696368449588, 'generation': 741}","{'id': 32844, 'rank': 3, 'fitness': 0.9473734984241864, 'generation': 741}","{'id': 32841, 'rank': 4, 'fitness': 0.8306596634485408, 'generation': 741}","{'id': 32833, 'rank': 5, 'fitness': 0.5844442976267495, 'generation': 741}","{'id': 32857, 'rank': 6, 'fitness': 0.5044577595148328, 'generation': 741}","{'id': 32850, 'rank': 7, 'fitness': 0.48538807119840344, 'generation': 741}","{'id': 32845, 'rank': 8, 'fitness': 0.4757234807445413, 'generation': 741}","{'id': 32840, 'rank': 9, 'fitness': 0.3323353884755128, 'generation': 741}","{'id': 32855, 'rank': 10, 'fitness': 0.3231084536637051, 'generation': 741}","{'id': 32828, 'rank': 11, 'fitness': 0.25410680704942373, 'generation': 741}","{'id': 32825, 'rank': 12, 'fitness': 0.20714907167552504, 'generation': 741}","{'id': 32842, 'rank': 13, 'fitness': 0.19540487531442174, 'generation': 741}","{'id': 32836, 'rank': 14, 'fitness': 0.1787010860171897, 'generation': 741}","{'id': 32839, 'rank': 15, 'fitness': 0.13310369710029823, 'generation': 741}","{'id': 32851, 'rank': 16, 'fitness': 0.13160448901125527, 'generation': 741}","{'id': 32847, 'rank': 17, 'fitness': 0.11388337524662434, 'generation': 741}","{'id': 32831, 'rank': 18, 'fitness': 0.11252220453618905, 'generation': 741}","{'id': 32854, 'rank': 19, 'fitness': 0.10347808016332422, 'generation': 741}","{'id': 32829, 'rank': 20, 'fitness': 0.0681275751943125, 'generation': 741}","{'id': 32832, 'rank': 21, 'fitness': 0.05042894829668626, 'generation': 741}","{'id': 32819, 'rank': 22, 'fitness': 0.03261246211907026, 'generation': 741}","{'id': 32827, 'rank': 23, 'fitness': 0.03175906200437212, 'generation': 741}","{'id': 32837, 'rank': 24, 'fitness': 0.030582308244407275, 'generation': 741}","{'id': 32858, 'rank': 25, 'fitness': 0.030542427220806245, 'generation': 741}","{'id': 32838, 'rank': 26, 'fitness': 0.02879954284457581, 'generation': 741}","{'id': 32821, 'rank': 27, 'fitness': 0.028259501721216385, 'generation': 741}","{'id': 32835, 'rank': 28, 'fitness': 0.025233316270004358, 'generation': 741}","{'id': 32826, 'rank': 29, 'fitness': 0.022735583469968068, 'generation': 741}","{'id': 32823, 'rank': 30, 'fitness': 0.01798620996209155, 'generation': 741}"
"{'id': 32891, 'rank': 1, 'fitness': 0.9820137900379085, 'generation': 742}","{'id': 32878, 'rank': 2, 'fitness': 0.9659207027671941, 'generation': 742}","{'id': 32872, 'rank': 3, 'fitness': 0.9318085725810185, 'generation': 742}","{'id': 32895, 'rank': 4, 'fitness': 0.8828694364355368, 'generation': 742}","{'id': 32868, 'rank': 5, 'fitness': 0.8577801068157633, 'generation': 742}","{'id': 32893, 'rank': 6, 'fitness': 0.8192707321056865, 'generation': 742}","{'id': 32899, 'rank': 7, 'fitness': 0.5891492660641705, 'generation': 742}","{'id': 32866, 'rank': 8, 'fitness': 0.5622365044134487, 'generation': 742}","{'id': 32883, 'rank': 9, 'fitness': 0.5264826137743708, 'generation': 742}","{'id': 32871, 'rank': 10, 'fitness': 0.5188783045789432, 'generation': 742}","{'id': 32873, 'rank': 11, 'fitness': 0.46905448583098797, 'generation': 742}","{'id': 32880, 'rank': 12, 'fitness': 0.39839714990002784, 'generation': 742}","{'id': 32879, 'rank': 13, 'fitness': 0.31708853863582476, 'generation': 742}","{'id': 32865, 'rank': 14, 'fitness': 0.21592339328018206, 'generation': 742}","{'id': 32896, 'rank': 15, 'fitness': 0.2010808564918357, 'generation': 742}","{'id': 32900, 'rank': 16, 'fitness': 0.1640085028304326, 'generation': 742}","{'id': 32898, 'rank': 17, 'fitness': 0.10874533787376944, 'generation': 742}","{'id': 32889, 'rank': 18, 'fitness': 0.08711984150569696, 'generation': 742}","{'id': 32862, 'rank': 19, 'fitness': 0.07689070698628447, 'generation': 742}","{'id': 32876, 'rank': 20, 'fitness': 0.06897879400060691, 'generation': 742}","{'id': 32882, 'rank': 21, 'fitness': 0.06086514830483025, 'generation': 742}","{'id': 32874, 'rank': 22, 'fitness': 0.04826563820408242, 'generation': 742}","{'id': 32897, 'rank': 23, 'fitness': 0.04752309650439024, 'generation': 742}","{'id': 32888, 'rank': 24, 'fitness': 0.03739178597695264, 'generation': 742}","{'id': 32875, 'rank': 25, 'fitness': 0.03549535791141434, 'generation': 742}","{'id': 32884, 'rank': 26, 'fitness': 0.033655827546853145, 'generation': 742}","{'id': 32867, 'rank': 27, 'fitness': 0.029821542454755212, 'generation': 742}","{'id': 32894, 'rank': 28, 'fitness': 0.02409139579551478, 'generation': 742}","{'id': 32863, 'rank': 29, 'fitness': 0.019679672936991466, 'generation': 742}","{'id': 32885, 'rank': 30, 'fitness': 0.01798620996209155, 'generation': 742}"
"{'id': 32940, 'rank': 1, 'fitness': 0.9820137900379085, 'generation': 743}","{'id': 32933, 'rank': 2, 'fitness': 0.9813134578386686, 'generation': 743}","{'id': 32925, 'rank': 3, 'fitness': 0.9533975827287906, 'generation': 743}","{'id': 32934, 'rank': 4, 'fitness': 0.9228063259428302, 'generation': 743}","{'id': 32929, 'rank': 5, 'fitness': 0.8811268459345885, 'generation': 743}","{'id': 32936, 'rank': 6, 'fitness': 0.6975085604873078, 'generation': 743}","{'id': 32937, 'rank': 7, 'fitness': 0.5922448207290574, 'generation': 743}","{'id': 32927, 'rank': 8, 'fitness': 0.4803190278040183, 'generation': 743}","{'id': 32917, 'rank': 9, 'fitness': 0.48013570222623314, 'generation': 743}","{'id': 32926, 'rank': 10, 'fitness': 0.4534138884632963, 'generation': 743}","{'id': 32922, 'rank': 11, 'fitness': 0.43664557637662693, 'generation': 743}","{'id': 32931, 'rank': 12, 'fitness': 0.34763888552575933, 'generation': 743}","{'id': 32928, 'rank': 13, 'fitness': 0.32738915103649924, 'generation': 743}","{'id': 32910, 'rank': 14, 'fitness': 0.32698114068039547, 'generation': 743}","{'id': 32932, 'rank': 15, 'fitness': 0.22823210046037157, 'generation': 743}","{'id': 32920, 'rank': 16, 'fitness': 0.20793724030733973, 'generation': 743}","{'id': 32923, 'rank': 17, 'fitness': 0.16659308969499187, 'generation': 743}","{'id': 32908, 'rank': 18, 'fitness': 0.10460643463896857, 'generation': 743}","{'id': 32930, 'rank': 19, 'fitness': 0.09677279307893999, 'generation': 743}","{'id': 32912, 'rank': 20, 'fitness': 0.0863313859773932, 'generation': 743}","{'id': 32914, 'rank': 21, 'fitness': 0.04635522557949606, 'generation': 743}","{'id': 32915, 'rank': 22, 'fitness': 0.04287849470698252, 'generation': 743}","{'id': 32918, 'rank': 23, 'fitness': 0.03606407000979239, 'generation': 743}","{'id': 32902, 'rank': 24, 'fitness': 0.029610816750123226, 'generation': 743}","{'id': 32924, 'rank': 25, 'fitness': 0.029126331148175644, 'generation': 743}","{'id': 32938, 'rank': 26, 'fitness': 0.024313314100654904, 'generation': 743}","{'id': 32909, 'rank': 27, 'fitness': 0.023326950640863375, 'generation': 743}","{'id': 32911, 'rank': 28, 'fitness': 0.019191094072189163, 'generation': 743}","{'id': 32935, 'rank': 29, 'fitness': 0.01895345257846126, 'generation': 743}","{'id': 32901, 'rank': 30, 'fitness': 0.01798620996209155, 'generation': 743}"
"{'id': 32961, 'rank': 1, 'fitness': 0.9820137900379085, 'generation': 744}","{'id': 32967, 'rank': 2, 'fitness': 0.9732157432627647, 'generation': 744}","{'id': 32958, 'rank': 3, 'fitness': 0.9529183487015978, 'generation': 744}","{'id': 32978, 'rank': 4, 'fitness': 0.9407755730367282, 'generation': 744}","{'id': 32979, 'rank': 5, 'fitness': 0.7407675309143908, 'generation': 744}","{'id': 32966, 'rank': 6, 'fitness': 0.6335418659631398, 'generation': 744}","{'id': 32974, 'rank': 7, 'fitness': 0.6318477550512172, 'generation': 744}","{'id': 32947, 'rank': 8, 'fitness': 0.5966992004518776, 'generation': 744}","{'id': 32949, 'rank': 9, 'fitness': 0.3758805453908262, 'generation': 744}","{'id': 32969, 'rank': 10, 'fitness': 0.3598898767807803, 'generation': 744}","{'id': 32970, 'rank': 11, 'fitness': 0.23530059792542624, 'generation': 744}","{'id': 32964, 'rank': 12, 'fitness': 0.23450955166416615, 'generation': 744}","{'id': 32960, 'rank': 13, 'fitness': 0.2169649238902534, 'generation': 744}","{'id': 32981, 'rank': 14, 'fitness': 0.2116722339452255, 'generation': 744}","{'id': 32951, 'rank': 15, 'fitness': 0.2051432790380927, 'generation': 744}","{'id': 32941, 'rank': 16, 'fitness': 0.19917463696375814, 'generation': 744}","{'id': 32980, 'rank': 17, 'fitness': 0.15532987415847488, 'generation': 744}","{'id': 32976, 'rank': 18, 'fitness': 0.13130934777786452, 'generation': 744}","{'id': 32968, 'rank': 19, 'fitness': 0.1164485139041318, 'generation': 744}","{'id': 32945, 'rank': 20, 'fitness': 0.08786292695059528, 'generation': 744}","{'id': 32975, 'rank': 21, 'fitness': 0.08286261417150709, 'generation': 744}","{'id': 32977, 'rank': 22, 'fitness': 0.078960015132293, 'generation': 744}","{'id': 32982, 'rank': 23, 'fitness': 0.06302553211642159, 'generation': 744}","{'id': 32950, 'rank': 24, 'fitness': 0.05506234023180001, 'generation': 744}","{'id': 32942, 'rank': 25, 'fitness': 0.05312028785390416, 'generation': 744}","{'id': 32962, 'rank': 26, 'fitness': 0.05185839558415567, 'generation': 744}","{'id': 32946, 'rank': 27, 'fitness': 0.05094612430013634, 'generation': 744}","{'id': 32955, 'rank': 28, 'fitness': 0.024370447226741476, 'generation': 744}","{'id': 32965, 'rank': 29, 'fitness': 0.01843777951280451, 'generation': 744}","{'id': 32972, 'rank': 30, 'fitness': 0.01798620996209155, 'generation': 744}"
"{'id': 33007, 'rank': 1, 'fitness': 0.9820137900379085, 'generation': 745}","{'id': 33023, 'rank': 2, 'fitness': 0.9763408876494306, 'generation': 745}","{'id': 33008, 'rank': 3, 'fitness': 0.9065824711841777, 'generation': 745}","{'id': 33027, 'rank': 4, 'fitness': 0.7495192000417671, 'generation': 745}","{'id': 32983, 'rank': 5, 'fitness': 0.6409914672785642, 'generation': 745}","{'id': 33029, 'rank': 6, 'fitness': 0.6340830454048558, 'generation': 745}","{'id': 33028, 'rank': 7, 'fitness': 0.6139690205836402, 'generation': 745}","{'id': 33025, 'rank': 8, 'fitness': 0.6122617424989213, 'generation': 745}","{'id': 33015, 'rank': 9, 'fitness': 0.580249124263028, 'generation': 745}","{'id': 32985, 'rank': 10, 'fitness': 0.47682769955349424, 'generation': 745}","{'id': 33030, 'rank': 11, 'fitness': 0.4480673044704501, 'generation': 745}","{'id': 33017, 'rank': 12, 'fitness': 0.3132848530831691, 'generation': 745}","{'id': 33010, 'rank': 13, 'fitness': 0.24892613523996115, 'generation': 745}","{'id': 33014, 'rank': 14, 'fitness': 0.23705813080259447, 'generation': 745}","{'id': 33026, 'rank': 15, 'fitness': 0.20907331092569625, 'generation': 745}","{'id': 32999, 'rank': 16, 'fitness': 0.19239191486231444, 'generation': 745}","{'id': 33013, 'rank': 17, 'fitness': 0.135297386378551, 'generation': 745}","{'id': 32990, 'rank': 18, 'fitness': 0.09893547288202986, 'generation': 745}","{'id': 33021, 'rank': 19, 'fitness': 0.08414124188973049, 'generation': 745}","{'id': 32989, 'rank': 20, 'fitness': 0.07588932436175388, 'generation': 745}","{'id': 33006, 'rank': 21, 'fitness': 0.0721687458356029, 'generation': 745}","{'id': 32991, 'rank': 22, 'fitness': 0.06562420037244693, 'generation': 745}","{'id': 32987, 'rank': 23, 'fitness': 0.05734939355546809, 'generation': 745}","{'id': 33020, 'rank': 24, 'fitness': 0.05051319838123752, 'generation': 745}","{'id': 32986, 'rank': 25, 'fitness': 0.046526868456603254, 'generation': 745}","{'id': 33002, 'rank': 26, 'fitness': 0.03546624882490407, 'generation': 745}","{'id': 33012, 'rank': 27, 'fitness': 0.031403462485589784, 'generation': 745}","{'id': 32992, 'rank': 28, 'fitness': 0.02134626588495725, 'generation': 745}","{'id': 33022, 'rank': 29, 'fitness': 0.021007554576251863, 'generation': 745}","{'id': 32996, 'rank': 30, 'fitness': 0.01798620996209155, 'generation': 745}"
"{'id': 33071, 'rank': 1, 'fitness': 0.9820137900379085, 'generation': 746}","{'id': 33073, 'rank': 2, 'fitness': 0.9196054311295021, 'generation': 746}","{'id': 33069, 'rank': 3, 'fitness': 0.9194223313464931, 'generation': 746}","{'id': 33048, 'rank': 4, 'fitness': 0.9187569462389955, 'generation': 746}","{'id': 33054, 'rank': 5, 'fitness': 0.8516793584876776, 'generation': 746}","{'id': 33066, 'rank': 6, 'fitness': 0.7764499800367779, 'generation': 746}","{'id': 33037, 'rank': 7, 'fitness': 0.6455992939180454, 'generation': 746}","{'id': 33060, 'rank': 8, 'fitness': 0.5449936987305365, 'generation': 746}","{'id': 33061, 'rank': 9, 'fitness': 0.47737626438889946, 'generation': 746}","{'id': 33032, 'rank': 10, 'fitness': 0.42676963460113965, 'generation': 746}","{'id': 33072, 'rank': 11, 'fitness': 0.37259235912642796, 'generation': 746}","{'id': 33055, 'rank': 12, 'fitness': 0.3572040302055489, 'generation': 746}","{'id': 33070, 'rank': 13, 'fitness': 0.3388158498812762, 'generation': 746}","{'id': 33067, 'rank': 14, 'fitness': 0.29985381683301615, 'generation': 746}","{'id': 33052, 'rank': 15, 'fitness': 0.17563153434755663, 'generation': 746}","{'id': 33050, 'rank': 16, 'fitness': 0.08891578993318816, 'generation': 746}","{'id': 33033, 'rank': 17, 'fitness': 0.0842583102685443, 'generation': 746}","{'id': 33065, 'rank': 18, 'fitness': 0.0799240848358484, 'generation': 746}","{'id': 33045, 'rank': 19, 'fitness': 0.06003684349911176, 'generation': 746}","{'id': 33076, 'rank': 20, 'fitness': 0.05151766620650455, 'generation': 746}","{'id': 33036, 'rank': 21, 'fitness': 0.04434564153409509, 'generation': 746}","{'id': 33035, 'rank': 22, 'fitness': 0.04364505446843092, 'generation': 746}","{'id': 33047, 'rank': 23, 'fitness': 0.03587386399849257, 'generation': 746}","{'id': 33062, 'rank': 24, 'fitness': 0.030372474079692957, 'generation': 746}","{'id': 33038, 'rank': 25, 'fitness': 0.024131498671881413, 'generation': 746}","{'id': 33057, 'rank': 26, 'fitness': 0.023606795834844985, 'generation': 746}","{'id': 33034, 'rank': 27, 'fitness': 0.020389322004202015, 'generation': 746}","{'id': 33049, 'rank': 28, 'fitness': 0.019989103558782362, 'generation': 746}","{'id': 33059, 'rank': 29, 'fitness': 0.01995274050390472, 'generation': 746}","{'id': 33064, 'rank': 30, 'fitness': 0.01798620996209155, 'generation': 746}"
"{'id': 33116, 'rank': 1, 'fitness': 0.9820137900379085, 'generation': 747}","{'id': 33118, 'rank': 2, 'fitness': 0.9760381537941005, 'generation': 747}","{'id': 33103, 'rank': 3, 'fitness': 0.9690407110813586, 'generation': 747}","{'id': 33122, 'rank': 4, 'fitness': 0.9645976543855923, 'generation': 747}","{'id': 33112, 'rank': 5, 'fitness': 0.964104824502489, 'generation': 747}","{'id': 33111, 'rank': 6, 'fitness': 0.9597847755535683, 'generation': 747}","{'id': 33101, 'rank': 7, 'fitness': 0.6879709389573326, 'generation': 747}","{'id': 33102, 'rank': 8, 'fitness': 0.6281493641251463, 'generation': 747}","{'id': 33094, 'rank': 9, 'fitness': 0.5292945985706439, 'generation': 747}","{'id': 33096, 'rank': 10, 'fitness': 0.5141563126840947, 'generation': 747}","{'id': 33119, 'rank': 11, 'fitness': 0.5116741937035082, 'generation': 747}","{'id': 33083, 'rank': 12, 'fitness': 0.40435949756851863, 'generation': 747}","{'id': 33099, 'rank': 13, 'fitness': 0.3397505610147913, 'generation': 747}","{'id': 33097, 'rank': 14, 'fitness': 0.311624233765613, 'generation': 747}","{'id': 33081, 'rank': 15, 'fitness': 0.25138109269530245, 'generation': 747}","{'id': 33107, 'rank': 16, 'fitness': 0.23808726322083384, 'generation': 747}","{'id': 33088, 'rank': 17, 'fitness': 0.2085486834466574, 'generation': 747}","{'id': 33079, 'rank': 18, 'fitness': 0.15899031998881907, 'generation': 747}","{'id': 33105, 'rank': 19, 'fitness': 0.14010410663918266, 'generation': 747}","{'id': 33114, 'rank': 20, 'fitness': 0.13943725505776838, 'generation': 747}","{'id': 33117, 'rank': 21, 'fitness': 0.13478775214560385, 'generation': 747}","{'id': 33091, 'rank': 22, 'fitness': 0.1199964696473016, 'generation': 747}","{'id': 33113, 'rank': 23, 'fitness': 0.116968822776918, 'generation': 747}","{'id': 33084, 'rank': 24, 'fitness': 0.06807228540012672, 'generation': 747}","{'id': 33089, 'rank': 25, 'fitness': 0.035235059242827216, 'generation': 747}","{'id': 33108, 'rank': 26, 'fitness': 0.03045702615795365, 'generation': 747}","{'id': 33086, 'rank': 27, 'fitness': 0.028721661501202422, 'generation': 747}","{'id': 33104, 'rank': 28, 'fitness': 0.025027049701990767, 'generation': 747}","{'id': 33109, 'rank': 29, 'fitness': 0.02016494664938351, 'generation': 747}","{'id': 33093, 'rank': 30, 'fitness': 0.01798620996209155, 'generation': 747}"
"{'id': 33169, 'rank': 1, 'fitness': 0.9820137900379085, 'generation': 748}","{'id': 33133, 'rank': 2, 'fitness': 0.9356102449140431, 'generation': 748}","{'id': 33123, 'rank': 3, 'fitness': 0.9341003640357899, 'generation': 748}","{'id': 33170, 'rank': 4, 'fitness': 0.8772027279342176, 'generation': 748}","{'id': 33147, 'rank': 5, 'fitness': 0.7882439985048134, 'generation': 748}","{'id': 33139, 'rank': 6, 'fitness': 0.7862024538612389, 'generation': 748}","{'id': 33160, 'rank': 7, 'fitness': 0.7156224306500385, 'generation': 748}","{'id': 33135, 'rank': 8, 'fitness': 0.651307719252534, 'generation': 748}","{'id': 33164, 'rank': 9, 'fitness': 0.617457153619231, 'generation': 748}","{'id': 33172, 'rank': 10, 'fitness': 0.5881862200100567, 'generation': 748}","{'id': 33161, 'rank': 11, 'fitness': 0.5286754697696272, 'generation': 748}","{'id': 33124, 'rank': 12, 'fitness': 0.5087418994204636, 'generation': 748}","{'id': 33167, 'rank': 13, 'fitness': 0.47916987362051455, 'generation': 748}","{'id': 33156, 'rank': 14, 'fitness': 0.23302016311431517, 'generation': 748}","{'id': 33168, 'rank': 15, 'fitness': 0.20396305369304818, 'generation': 748}","{'id': 33157, 'rank': 16, 'fitness': 0.17757675253019461, 'generation': 748}","{'id': 33146, 'rank': 17, 'fitness': 0.12583999686229125, 'generation': 748}","{'id': 33142, 'rank': 18, 'fitness': 0.1130640446962437, 'generation': 748}","{'id': 33125, 'rank': 19, 'fitness': 0.10796538174734271, 'generation': 748}","{'id': 33130, 'rank': 20, 'fitness': 0.09936842798451051, 'generation': 748}","{'id': 33143, 'rank': 21, 'fitness': 0.0987443753140973, 'generation': 748}","{'id': 33152, 'rank': 22, 'fitness': 0.07687645610863408, 'generation': 748}","{'id': 33134, 'rank': 23, 'fitness': 0.048965247873164586, 'generation': 748}","{'id': 33166, 'rank': 24, 'fitness': 0.047623637240140126, 'generation': 748}","{'id': 33144, 'rank': 25, 'fitness': 0.043571421198560556, 'generation': 748}","{'id': 33128, 'rank': 26, 'fitness': 0.03728167106295299, 'generation': 748}","{'id': 33150, 'rank': 27, 'fitness': 0.024665841485833284, 'generation': 748}","{'id': 33153, 'rank': 28, 'fitness': 0.022310605315517706, 'generation': 748}","{'id': 33140, 'rank': 29, 'fitness': 0.020459892531862867, 'generation': 748}","{'id': 33137, 'rank': 30, 'fitness': 0.01798620996209155, 'generation': 748}"
"{'id': 33218, 'rank': 1, 'fitness': 0.9820137900379085, 'generation': 749}","{'id': 33206, 'rank': 2, 'fitness': 0.9635623219494566, 'generation': 749}","{'id': 33201, 'rank': 3, 'fitness': 0.9048733216702506, 'generation': 749}","{'id': 33189, 'rank': 4, 'fitness': 0.7465388522653936, 'generation': 749}","{'id': 33187, 'rank': 5, 'fitness': 0.6951002591408361, 'generation': 749}","{'id': 33190, 'rank': 6, 'fitness': 0.45261187944585834, 'generation': 749}","{'id': 33183, 'rank': 7, 'fitness': 0.4264934548755344, 'generation': 749}","{'id': 33210, 'rank': 8, 'fitness': 0.375802870227384, 'generation': 749}","{'id': 33211, 'rank': 9, 'fitness': 0.3417877487928671, 'generation': 749}","{'id': 33207, 'rank': 10, 'fitness': 0.30764154251163534, 'generation': 749}","{'id': 33209, 'rank': 11, 'fitness': 0.21589122441791386, 'generation': 749}","{'id': 33216, 'rank': 12, 'fitness': 0.19207376854546132, 'generation': 749}","{'id': 33196, 'rank': 13, 'fitness': 0.12441633900075522, 'generation': 749}","{'id': 33193, 'rank': 14, 'fitness': 0.10613134709617716, 'generation': 749}","{'id': 33212, 'rank': 15, 'fitness': 0.09415529150498675, 'generation': 749}","{'id': 33199, 'rank': 16, 'fitness': 0.09011236249895122, 'generation': 749}","{'id': 33192, 'rank': 17, 'fitness': 0.08193384074227589, 'generation': 749}","{'id': 33214, 'rank': 18, 'fitness': 0.07302297764083171, 'generation': 749}","{'id': 33191, 'rank': 19, 'fitness': 0.04763636391373249, 'generation': 749}","{'id': 33195, 'rank': 20, 'fitness': 0.04694195418291708, 'generation': 749}","{'id': 33205, 'rank': 21, 'fitness': 0.04641148347260876, 'generation': 749}","{'id': 33208, 'rank': 22, 'fitness': 0.04414524611443149, 'generation': 749}","{'id': 33217, 'rank': 23, 'fitness': 0.03927207025457058, 'generation': 749}","{'id': 33204, 'rank': 24, 'fitness': 0.03717526812050487, 'generation': 749}","{'id': 33197, 'rank': 25, 'fitness': 0.03428017663381944, 'generation': 749}","{'id': 33215, 'rank': 26, 'fitness': 0.02300928049114015, 'generation': 749}","{'id': 33179, 'rank': 27, 'fitness': 0.02033539542100582, 'generation': 749}","{'id': 33219, 'rank': 28, 'fitness': 0.019269126071976117, 'generation': 749}","{'id': 33194, 'rank': 29, 'fitness': 0.01836486628871825, 'generation': 749}","{'id': 33200, 'rank': 30, 'fitness': 0.01798620996209155, 'generation': 749}"
"{'id': 33251, 'rank': 1, 'fitness': 0.9820137900379085, 'generation': 750}","{'id': 33232, 'rank': 2, 'fitness': 0.9806205857874977, 'generation': 750}","{'id': 33244, 'rank': 3, 'fitness': 0.9651931230372156, 'generation': 750}","{'id': 33247, 'rank': 4, 'fitness': 0.9574934515542142, 'generation': 750}","{'id': 33253, 'rank': 5, 'fitness': 0.9409364946518006, 'generation': 750}","{'id': 33236, 'rank': 6, 'fitness': 0.7207290819463891, 'generation': 750}","{'id': 33226, 'rank': 7, 'fitness': 0.6688272940590475, 'generation': 750}","{'id': 33245, 'rank': 8, 'fitness': 0.6402053772850504, 'generation': 750}","{'id': 33254, 'rank': 9, 'fitness': 0.5362554662021745, 'generation': 750}","{'id': 33256, 'rank': 10, 'fitness': 0.5348410053375692, 'generation': 750}","{'id': 33258, 'rank': 11, 'fitness': 0.4196957372867526, 'generation': 750}","{'id': 33238, 'rank': 12, 'fitness': 0.32216222471118594, 'generation': 750}","{'id': 33249, 'rank': 13, 'fitness': 0.294813804306575, 'generation': 750}","{'id': 33257, 'rank': 14, 'fitness': 0.2535909919323991, 'generation': 750}","{'id': 33246, 'rank': 15, 'fitness': 0.21760757732826508, 'generation': 750}","{'id': 33239, 'rank': 16, 'fitness': 0.172504614534582, 'generation': 750}","{'id': 33241, 'rank': 17, 'fitness': 0.1579253230373419, 'generation': 750}","{'id': 33233, 'rank': 18, 'fitness': 0.15621548280168607, 'generation': 750}","{'id': 33230, 'rank': 19, 'fitness': 0.15279223183661778, 'generation': 750}","{'id': 33223, 'rank': 20, 'fitness': 0.09431097373794828, 'generation': 750}","{'id': 33248, 'rank': 21, 'fitness': 0.08140085441756201, 'generation': 750}","{'id': 33250, 'rank': 22, 'fitness': 0.07361488372500918, 'generation': 750}","{'id': 33255, 'rank': 23, 'fitness': 0.067906656732314, 'generation': 750}","{'id': 33252, 'rank': 24, 'fitness': 0.06132801253185788, 'generation': 750}","{'id': 33237, 'rank': 25, 'fitness': 0.05960309452256629, 'generation': 750}","{'id': 33235, 'rank': 26, 'fitness': 0.03268305652484499, 'generation': 750}","{'id': 33220, 'rank': 27, 'fitness': 0.025547118371518462, 'generation': 750}","{'id': 33221, 'rank': 28, 'fitness': 0.019003110870159157, 'generation': 750}","{'id': 33240, 'rank': 29, 'fitness': 0.018675032667913594, 'generation': 750}","{'id': 33222, 'rank': 30, 'fitness': 0.01798620996209155, 'generation': 750}"
"{'id': 33304, 'rank': 1, 'fitness': 0.9820137900379085, 'generation': 751}","{'id': 33289, 'rank': 2, 'fitness': 0.9597837456688124, 'generation': 751}","{'id': 33280, 'rank': 3, 'fitness': 0.9533853987930508, 'generation': 751}","{'id': 33302, 'rank': 4, 'fitness': 0.9285477678909452, 'generation': 751}","{'id': 33284, 'rank': 5, 'fitness': 0.7359875311370978, 'generation': 751}","{'id': 33276, 'rank': 6, 'fitness': 0.7327042806019969, 'generation': 751}","{'id': 33294, 'rank': 7, 'fitness': 0.7067767269943025, 'generation': 751}","{'id': 33293, 'rank': 8, 'fitness': 0.5443269338934927, 'generation': 751}","{'id': 33296, 'rank': 9, 'fitness': 0.4865393389882566, 'generation': 751}","{'id': 33303, 'rank': 10, 'fitness': 0.3971606150081715, 'generation': 751}","{'id': 33270, 'rank': 11, 'fitness': 0.34741288362322437, 'generation': 751}","{'id': 33273, 'rank': 12, 'fitness': 0.23815303488865913, 'generation': 751}","{'id': 33271, 'rank': 13, 'fitness': 0.23068850163060334, 'generation': 751}","{'id': 33292, 'rank': 14, 'fitness': 0.13186902656783328, 'generation': 751}","{'id': 33288, 'rank': 15, 'fitness': 0.12268507775473564, 'generation': 751}","{'id': 33306, 'rank': 16, 'fitness': 0.11900998497526699, 'generation': 751}","{'id': 33275, 'rank': 17, 'fitness': 0.0789499184010064, 'generation': 751}","{'id': 33277, 'rank': 18, 'fitness': 0.07440198631327766, 'generation': 751}","{'id': 33274, 'rank': 19, 'fitness': 0.06791388817588906, 'generation': 751}","{'id': 33301, 'rank': 20, 'fitness': 0.06141357605700304, 'generation': 751}","{'id': 33295, 'rank': 21, 'fitness': 0.054854318336740815, 'generation': 751}","{'id': 33263, 'rank': 22, 'fitness': 0.052124727882422894, 'generation': 751}","{'id': 33283, 'rank': 23, 'fitness': 0.03846749103844749, 'generation': 751}","{'id': 33269, 'rank': 24, 'fitness': 0.0335801770456321, 'generation': 751}","{'id': 33287, 'rank': 25, 'fitness': 0.03087805324694254, 'generation': 751}","{'id': 33266, 'rank': 26, 'fitness': 0.028062788610776934, 'generation': 751}","{'id': 33297, 'rank': 27, 'fitness': 0.026891686183821595, 'generation': 751}","{'id': 33278, 'rank': 28, 'fitness': 0.01943512762884847, 'generation': 751}","{'id': 33272, 'rank': 29, 'fitness': 0.01907887175099321, 'generation': 751}","{'id': 33291, 'rank': 30, 'fitness': 0.01798620996209155, 'generation': 751}"
"{'id': 33338, 'rank': 1, 'fitness': 0.9820137900379085, 'generation': 752}","{'id': 33331, 'rank': 2, 'fitness': 0.9740387122505584, 'generation': 752}","{'id': 33335, 'rank': 3, 'fitness': 0.7031669548529181, 'generation': 752}","{'id': 33307, 'rank': 4, 'fitness': 0.5957155054554086, 'generation': 752}","{'id': 33342, 'rank': 5, 'fitness': 0.5797834466518342, 'generation': 752}","{'id': 33345, 'rank': 6, 'fitness': 0.4484897299895472, 'generation': 752}","{'id': 33330, 'rank': 7, 'fitness': 0.4282990111872884, 'generation': 752}","{'id': 33346, 'rank': 8, 'fitness': 0.35640604743962584, 'generation': 752}","{'id': 33339, 'rank': 9, 'fitness': 0.32429339028023463, 'generation': 752}","{'id': 33348, 'rank': 10, 'fitness': 0.3078424697185628, 'generation': 752}","{'id': 33343, 'rank': 11, 'fitness': 0.27751075808466813, 'generation': 752}","{'id': 33309, 'rank': 12, 'fitness': 0.1887276599035122, 'generation': 752}","{'id': 33325, 'rank': 13, 'fitness': 0.17053163495154322, 'generation': 752}","{'id': 33327, 'rank': 14, 'fitness': 0.08770975855881924, 'generation': 752}","{'id': 33347, 'rank': 15, 'fitness': 0.08649838856741432, 'generation': 752}","{'id': 33332, 'rank': 16, 'fitness': 0.07034156859715868, 'generation': 752}","{'id': 33340, 'rank': 17, 'fitness': 0.06703692090552116, 'generation': 752}","{'id': 33324, 'rank': 18, 'fitness': 0.06702642971231493, 'generation': 752}","{'id': 33326, 'rank': 19, 'fitness': 0.06622443777001846, 'generation': 752}","{'id': 33334, 'rank': 20, 'fitness': 0.06128792126061211, 'generation': 752}","{'id': 33320, 'rank': 21, 'fitness': 0.05986037102215558, 'generation': 752}","{'id': 33319, 'rank': 22, 'fitness': 0.05428557056040073, 'generation': 752}","{'id': 33314, 'rank': 23, 'fitness': 0.04782102362273161, 'generation': 752}","{'id': 33336, 'rank': 24, 'fitness': 0.03959984180185755, 'generation': 752}","{'id': 33333, 'rank': 25, 'fitness': 0.03215612880601659, 'generation': 752}","{'id': 33317, 'rank': 26, 'fitness': 0.028059431086295383, 'generation': 752}","{'id': 33308, 'rank': 27, 'fitness': 0.02268858950750552, 'generation': 752}","{'id': 33344, 'rank': 28, 'fitness': 0.022152867690875766, 'generation': 752}","{'id': 33316, 'rank': 29, 'fitness': 0.020583028334996367, 'generation': 752}","{'id': 33329, 'rank': 30, 'fitness': 0.01798620996209155, 'generation': 752}"
"{'id': 33381, 'rank': 1, 'fitness': 0.9820137900379085, 'generation': 753}","{'id': 33378, 'rank': 2, 'fitness': 0.9126515719046588, 'generation': 753}","{'id': 33358, 'rank': 3, 'fitness': 0.8873787188917142, 'generation': 753}","{'id': 33374, 'rank': 4, 'fitness': 0.8321654339925606, 'generation': 753}","{'id': 33373, 'rank': 5, 'fitness': 0.8307492809493715, 'generation': 753}","{'id': 33385, 'rank': 6, 'fitness': 0.6519689614143638, 'generation': 753}","{'id': 33372, 'rank': 7, 'fitness': 0.6072913202293999, 'generation': 753}","{'id': 33384, 'rank': 8, 'fitness': 0.4769226195435319, 'generation': 753}","{'id': 33371, 'rank': 9, 'fitness': 0.45477495753127445, 'generation': 753}","{'id': 33350, 'rank': 10, 'fitness': 0.4428631718528817, 'generation': 753}","{'id': 33380, 'rank': 11, 'fitness': 0.42065215174631754, 'generation': 753}","{'id': 33387, 'rank': 12, 'fitness': 0.3000922405211126, 'generation': 753}","{'id': 33379, 'rank': 13, 'fitness': 0.15586704507188653, 'generation': 753}","{'id': 33351, 'rank': 14, 'fitness': 0.14759678997245823, 'generation': 753}","{'id': 33368, 'rank': 15, 'fitness': 0.09949722678910733, 'generation': 753}","{'id': 33370, 'rank': 16, 'fitness': 0.098824234997407, 'generation': 753}","{'id': 33352, 'rank': 17, 'fitness': 0.09861853115695296, 'generation': 753}","{'id': 33356, 'rank': 18, 'fitness': 0.06510044368860868, 'generation': 753}","{'id': 33383, 'rank': 19, 'fitness': 0.06155485115398229, 'generation': 753}","{'id': 33355, 'rank': 20, 'fitness': 0.05042569709241046, 'generation': 753}","{'id': 33375, 'rank': 21, 'fitness': 0.04633553726747919, 'generation': 753}","{'id': 33377, 'rank': 22, 'fitness': 0.046165798068580566, 'generation': 753}","{'id': 33364, 'rank': 23, 'fitness': 0.03903211765513004, 'generation': 753}","{'id': 33366, 'rank': 24, 'fitness': 0.03525983453631687, 'generation': 753}","{'id': 33376, 'rank': 25, 'fitness': 0.03405373812336915, 'generation': 753}","{'id': 33354, 'rank': 26, 'fitness': 0.02689530344012092, 'generation': 753}","{'id': 33362, 'rank': 27, 'fitness': 0.025915234821621225, 'generation': 753}","{'id': 33353, 'rank': 28, 'fitness': 0.020639283996206292, 'generation': 753}","{'id': 33365, 'rank': 29, 'fitness': 0.020384548565081373, 'generation': 753}","{'id': 33386, 'rank': 30, 'fitness': 0.01798620996209155, 'generation': 753}"
"{'id': 33412, 'rank': 1, 'fitness': 0.9820137900379085, 'generation': 754}","{'id': 33406, 'rank': 2, 'fitness': 0.9733073058811651, 'generation': 754}","{'id': 33424, 'rank': 3, 'fitness': 0.9710989210994432, 'generation': 754}","{'id': 33404, 'rank': 4, 'fitness': 0.9567622459340788, 'generation': 754}","{'id': 33418, 'rank': 5, 'fitness': 0.905888483308309, 'generation': 754}","{'id': 33417, 'rank': 6, 'fitness': 0.8630350011222507, 'generation': 754}","{'id': 33389, 'rank': 7, 'fitness': 0.8484156146255071, 'generation': 754}","{'id': 33399, 'rank': 8, 'fitness': 0.8147443781115007, 'generation': 754}","{'id': 33411, 'rank': 9, 'fitness': 0.7240031240868485, 'generation': 754}","{'id': 33425, 'rank': 10, 'fitness': 0.7218037350563862, 'generation': 754}","{'id': 33401, 'rank': 11, 'fitness': 0.6258328073364601, 'generation': 754}","{'id': 33423, 'rank': 12, 'fitness': 0.5801898842767645, 'generation': 754}","{'id': 33426, 'rank': 13, 'fitness': 0.521428835923009, 'generation': 754}","{'id': 33402, 'rank': 14, 'fitness': 0.4651731104180086, 'generation': 754}","{'id': 33427, 'rank': 15, 'fitness': 0.44150635635581015, 'generation': 754}","{'id': 33409, 'rank': 16, 'fitness': 0.43955079301328576, 'generation': 754}","{'id': 33413, 'rank': 17, 'fitness': 0.3990833514429173, 'generation': 754}","{'id': 33414, 'rank': 18, 'fitness': 0.3171144478757343, 'generation': 754}","{'id': 33407, 'rank': 19, 'fitness': 0.16724339181550885, 'generation': 754}","{'id': 33397, 'rank': 20, 'fitness': 0.15563091101619886, 'generation': 754}","{'id': 33405, 'rank': 21, 'fitness': 0.08490967874741295, 'generation': 754}","{'id': 33388, 'rank': 22, 'fitness': 0.07963214829195886, 'generation': 754}","{'id': 33398, 'rank': 23, 'fitness': 0.0744247825347073, 'generation': 754}","{'id': 33410, 'rank': 24, 'fitness': 0.06681290679819524, 'generation': 754}","{'id': 33416, 'rank': 25, 'fitness': 0.0584020052890038, 'generation': 754}","{'id': 33421, 'rank': 26, 'fitness': 0.03992153976094681, 'generation': 754}","{'id': 33394, 'rank': 27, 'fitness': 0.03944042587294189, 'generation': 754}","{'id': 33408, 'rank': 28, 'fitness': 0.03876531152317153, 'generation': 754}","{'id': 33415, 'rank': 29, 'fitness': 0.027917464367598288, 'generation': 754}","{'id': 33419, 'rank': 30, 'fitness': 0.01798620996209155, 'generation': 754}"
"{'id': 33461, 'rank': 1, 'fitness': 0.9820137900379085, 'generation': 755}","{'id': 33469, 'rank': 2, 'fitness': 0.8968412503289906, 'generation': 755}","{'id': 33432, 'rank': 3, 'fitness': 0.8740522233781867, 'generation': 755}","{'id': 33472, 'rank': 4, 'fitness': 0.8452408579150945, 'generation': 755}","{'id': 33471, 'rank': 5, 'fitness': 0.7647323260171484, 'generation': 755}","{'id': 33476, 'rank': 6, 'fitness': 0.6376698638664342, 'generation': 755}","{'id': 33438, 'rank': 7, 'fitness': 0.6271197961620552, 'generation': 755}","{'id': 33470, 'rank': 8, 'fitness': 0.4566019215310864, 'generation': 755}","{'id': 33466, 'rank': 9, 'fitness': 0.4323553080179077, 'generation': 755}","{'id': 33459, 'rank': 10, 'fitness': 0.41915459555514073, 'generation': 755}","{'id': 33479, 'rank': 11, 'fitness': 0.4062564165765572, 'generation': 755}","{'id': 33460, 'rank': 12, 'fitness': 0.3543944450720111, 'generation': 755}","{'id': 33475, 'rank': 13, 'fitness': 0.33161703738919057, 'generation': 755}","{'id': 33465, 'rank': 14, 'fitness': 0.16124935589615297, 'generation': 755}","{'id': 33478, 'rank': 15, 'fitness': 0.15455889527871103, 'generation': 755}","{'id': 33439, 'rank': 16, 'fitness': 0.1413893667327435, 'generation': 755}","{'id': 33451, 'rank': 17, 'fitness': 0.13601653437731287, 'generation': 755}","{'id': 33444, 'rank': 18, 'fitness': 0.13258313256215737, 'generation': 755}","{'id': 33480, 'rank': 19, 'fitness': 0.11227114036094238, 'generation': 755}","{'id': 33468, 'rank': 20, 'fitness': 0.08226888284604916, 'generation': 755}","{'id': 33435, 'rank': 21, 'fitness': 0.07792368414164913, 'generation': 755}","{'id': 33453, 'rank': 22, 'fitness': 0.06103803346952891, 'generation': 755}","{'id': 33433, 'rank': 23, 'fitness': 0.04482876726439422, 'generation': 755}","{'id': 33447, 'rank': 24, 'fitness': 0.044717863726585205, 'generation': 755}","{'id': 33474, 'rank': 25, 'fitness': 0.042794086843781165, 'generation': 755}","{'id': 33456, 'rank': 26, 'fitness': 0.04026080768510504, 'generation': 755}","{'id': 33463, 'rank': 27, 'fitness': 0.03521215368260572, 'generation': 755}","{'id': 33449, 'rank': 28, 'fitness': 0.033720145007446745, 'generation': 755}","{'id': 33440, 'rank': 29, 'fitness': 0.022605649319242804, 'generation': 755}","{'id': 33428, 'rank': 30, 'fitness': 0.01798620996209155, 'generation': 755}"
"{'id': 33514, 'rank': 1, 'fitness': 0.9820137900379085, 'generation': 756}","{'id': 33519, 'rank': 2, 'fitness': 0.860958582208207, 'generation': 756}","{'id': 33495, 'rank': 3, 'fitness': 0.8173374394827417, 'generation': 756}","{'id': 33491, 'rank': 4, 'fitness': 0.8109957930227183, 'generation': 756}","{'id': 33505, 'rank': 5, 'fitness': 0.7534100653445385, 'generation': 756}","{'id': 33501, 'rank': 6, 'fitness': 0.7279688177803806, 'generation': 756}","{'id': 33507, 'rank': 7, 'fitness': 0.7236465060802978, 'generation': 756}","{'id': 33499, 'rank': 8, 'fitness': 0.7218273436438057, 'generation': 756}","{'id': 33521, 'rank': 9, 'fitness': 0.649216350274759, 'generation': 756}","{'id': 33485, 'rank': 10, 'fitness': 0.6267769609186091, 'generation': 756}","{'id': 33508, 'rank': 11, 'fitness': 0.5592918276929397, 'generation': 756}","{'id': 33502, 'rank': 12, 'fitness': 0.47646696749095563, 'generation': 756}","{'id': 33516, 'rank': 13, 'fitness': 0.3754322632020312, 'generation': 756}","{'id': 33481, 'rank': 14, 'fitness': 0.291789491367338, 'generation': 756}","{'id': 33513, 'rank': 15, 'fitness': 0.23307713214731318, 'generation': 756}","{'id': 33506, 'rank': 16, 'fitness': 0.1446614999749266, 'generation': 756}","{'id': 33489, 'rank': 17, 'fitness': 0.13539541364482616, 'generation': 756}","{'id': 33498, 'rank': 18, 'fitness': 0.08489022942830304, 'generation': 756}","{'id': 33504, 'rank': 19, 'fitness': 0.0837105184882268, 'generation': 756}","{'id': 33503, 'rank': 20, 'fitness': 0.0696292796500928, 'generation': 756}","{'id': 33497, 'rank': 21, 'fitness': 0.05252626835119656, 'generation': 756}","{'id': 33510, 'rank': 22, 'fitness': 0.04781798113642377, 'generation': 756}","{'id': 33500, 'rank': 23, 'fitness': 0.044502025166870296, 'generation': 756}","{'id': 33517, 'rank': 24, 'fitness': 0.04397778161716681, 'generation': 756}","{'id': 33490, 'rank': 25, 'fitness': 0.0403042808964757, 'generation': 756}","{'id': 33512, 'rank': 26, 'fitness': 0.03728913268143119, 'generation': 756}","{'id': 33496, 'rank': 27, 'fitness': 0.026703778201322026, 'generation': 756}","{'id': 33493, 'rank': 28, 'fitness': 0.021669602831604573, 'generation': 756}","{'id': 33515, 'rank': 29, 'fitness': 0.018464350081380976, 'generation': 756}","{'id': 33487, 'rank': 30, 'fitness': 0.01798620996209155, 'generation': 756}"
"{'id': 33555, 'rank': 1, 'fitness': 0.9820137900379085, 'generation': 757}","{'id': 33556, 'rank': 2, 'fitness': 0.9672730990523205, 'generation': 757}","{'id': 33548, 'rank': 3, 'fitness': 0.9465348609608529, 'generation': 757}","{'id': 33563, 'rank': 4, 'fitness': 0.8955229157652103, 'generation': 757}","{'id': 33524, 'rank': 5, 'fitness': 0.7959517808962507, 'generation': 757}","{'id': 33542, 'rank': 6, 'fitness': 0.7908702543330919, 'generation': 757}","{'id': 33562, 'rank': 7, 'fitness': 0.7440007955978969, 'generation': 757}","{'id': 33530, 'rank': 8, 'fitness': 0.4973812286033185, 'generation': 757}","{'id': 33559, 'rank': 9, 'fitness': 0.393336585412302, 'generation': 757}","{'id': 33541, 'rank': 10, 'fitness': 0.3546294034812069, 'generation': 757}","{'id': 33543, 'rank': 11, 'fitness': 0.26378921776017916, 'generation': 757}","{'id': 33546, 'rank': 12, 'fitness': 0.14846524387737153, 'generation': 757}","{'id': 33533, 'rank': 13, 'fitness': 0.12096469724171383, 'generation': 757}","{'id': 33557, 'rank': 14, 'fitness': 0.11330845915156862, 'generation': 757}","{'id': 33553, 'rank': 15, 'fitness': 0.09993342694378177, 'generation': 757}","{'id': 33534, 'rank': 16, 'fitness': 0.09248862775052591, 'generation': 757}","{'id': 33551, 'rank': 17, 'fitness': 0.0827129005370425, 'generation': 757}","{'id': 33536, 'rank': 18, 'fitness': 0.07464087609158682, 'generation': 757}","{'id': 33558, 'rank': 19, 'fitness': 0.07300734029844341, 'generation': 757}","{'id': 33535, 'rank': 20, 'fitness': 0.07258628622768765, 'generation': 757}","{'id': 33550, 'rank': 21, 'fitness': 0.07087673080915391, 'generation': 757}","{'id': 33561, 'rank': 22, 'fitness': 0.05854724688965085, 'generation': 757}","{'id': 33529, 'rank': 23, 'fitness': 0.04141527319202848, 'generation': 757}","{'id': 33554, 'rank': 24, 'fitness': 0.039746757088304496, 'generation': 757}","{'id': 33525, 'rank': 25, 'fitness': 0.036738956750244134, 'generation': 757}","{'id': 33547, 'rank': 26, 'fitness': 0.03261055585643485, 'generation': 757}","{'id': 33560, 'rank': 27, 'fitness': 0.03246679186770901, 'generation': 757}","{'id': 33549, 'rank': 28, 'fitness': 0.03111691336029926, 'generation': 757}","{'id': 33545, 'rank': 29, 'fitness': 0.02866056664330291, 'generation': 757}","{'id': 33552, 'rank': 30, 'fitness': 0.01798620996209155, 'generation': 757}"
"{'id': 33602, 'rank': 1, 'fitness': 0.9820137900379085, 'generation': 758}","{'id': 33585, 'rank': 2, 'fitness': 0.9786794245027685, 'generation': 758}","{'id': 33600, 'rank': 3, 'fitness': 0.975469406724427, 'generation': 758}","{'id': 33606, 'rank': 4, 'fitness': 0.9709598825339604, 'generation': 758}","{'id': 33597, 'rank': 5, 'fitness': 0.960559149448224, 'generation': 758}","{'id': 33603, 'rank': 6, 'fitness': 0.9248689565889282, 'generation': 758}","{'id': 33595, 'rank': 7, 'fitness': 0.9178727076014432, 'generation': 758}","{'id': 33594, 'rank': 8, 'fitness': 0.9008796215084725, 'generation': 758}","{'id': 33589, 'rank': 9, 'fitness': 0.6697286478133486, 'generation': 758}","{'id': 33596, 'rank': 10, 'fitness': 0.6218421401009356, 'generation': 758}","{'id': 33573, 'rank': 11, 'fitness': 0.614807912016465, 'generation': 758}","{'id': 33605, 'rank': 12, 'fitness': 0.5920214347965778, 'generation': 758}","{'id': 33588, 'rank': 13, 'fitness': 0.5524695313614898, 'generation': 758}","{'id': 33598, 'rank': 14, 'fitness': 0.4097686637016029, 'generation': 758}","{'id': 33587, 'rank': 15, 'fitness': 0.3176086793240032, 'generation': 758}","{'id': 33583, 'rank': 16, 'fitness': 0.19604779997094574, 'generation': 758}","{'id': 33601, 'rank': 17, 'fitness': 0.18199514811033918, 'generation': 758}","{'id': 33590, 'rank': 18, 'fitness': 0.1259861461101492, 'generation': 758}","{'id': 33564, 'rank': 19, 'fitness': 0.10541741513799752, 'generation': 758}","{'id': 33571, 'rank': 20, 'fitness': 0.09675335584776851, 'generation': 758}","{'id': 33604, 'rank': 21, 'fitness': 0.0942156739498814, 'generation': 758}","{'id': 33582, 'rank': 22, 'fitness': 0.08709120454571095, 'generation': 758}","{'id': 33592, 'rank': 23, 'fitness': 0.07406397979859447, 'generation': 758}","{'id': 33565, 'rank': 24, 'fitness': 0.06306781838306197, 'generation': 758}","{'id': 33566, 'rank': 25, 'fitness': 0.06293405793252072, 'generation': 758}","{'id': 33580, 'rank': 26, 'fitness': 0.05398693785849784, 'generation': 758}","{'id': 33568, 'rank': 27, 'fitness': 0.028339541036468963, 'generation': 758}","{'id': 33579, 'rank': 28, 'fitness': 0.026163853758882527, 'generation': 758}","{'id': 33591, 'rank': 29, 'fitness': 0.019534399788892043, 'generation': 758}","{'id': 33569, 'rank': 30, 'fitness': 0.01798620996209155, 'generation': 758}"
"{'id': 33662, 'rank': 1, 'fitness': 0.9820137900379085, 'generation': 759}","{'id': 33650, 'rank': 2, 'fitness': 0.7918258730285284, 'generation': 759}","{'id': 33656, 'rank': 3, 'fitness': 0.7605099530933722, 'generation': 759}","{'id': 33659, 'rank': 4, 'fitness': 0.6510264809466748, 'generation': 759}","{'id': 33648, 'rank': 5, 'fitness': 0.6355435409737271, 'generation': 759}","{'id': 33639, 'rank': 6, 'fitness': 0.4140833102553856, 'generation': 759}","{'id': 33661, 'rank': 7, 'fitness': 0.34680319308372576, 'generation': 759}","{'id': 33610, 'rank': 8, 'fitness': 0.3320890064248655, 'generation': 759}","{'id': 33647, 'rank': 9, 'fitness': 0.28651063114806025, 'generation': 759}","{'id': 33651, 'rank': 10, 'fitness': 0.23433575594746137, 'generation': 759}","{'id': 33658, 'rank': 11, 'fitness': 0.1683467765296212, 'generation': 759}","{'id': 33654, 'rank': 12, 'fitness': 0.1676521503667543, 'generation': 759}","{'id': 33615, 'rank': 13, 'fitness': 0.15041653370334962, 'generation': 759}","{'id': 33638, 'rank': 14, 'fitness': 0.14042975672368785, 'generation': 759}","{'id': 33655, 'rank': 15, 'fitness': 0.11366269169112947, 'generation': 759}","{'id': 33646, 'rank': 16, 'fitness': 0.11241958308387978, 'generation': 759}","{'id': 33637, 'rank': 17, 'fitness': 0.08139720972003495, 'generation': 759}","{'id': 33625, 'rank': 18, 'fitness': 0.06537380513060681, 'generation': 759}","{'id': 33642, 'rank': 19, 'fitness': 0.06246240036532169, 'generation': 759}","{'id': 33649, 'rank': 20, 'fitness': 0.06167492497070742, 'generation': 759}","{'id': 33633, 'rank': 21, 'fitness': 0.056948526472612504, 'generation': 759}","{'id': 33616, 'rank': 22, 'fitness': 0.052800962057094614, 'generation': 759}","{'id': 33631, 'rank': 23, 'fitness': 0.0498136940619866, 'generation': 759}","{'id': 33660, 'rank': 24, 'fitness': 0.048197764723938386, 'generation': 759}","{'id': 33645, 'rank': 25, 'fitness': 0.041491798612332154, 'generation': 759}","{'id': 33641, 'rank': 26, 'fitness': 0.04054077393941702, 'generation': 759}","{'id': 33636, 'rank': 27, 'fitness': 0.03031897071130718, 'generation': 759}","{'id': 33627, 'rank': 28, 'fitness': 0.02876423426971847, 'generation': 759}","{'id': 33618, 'rank': 29, 'fitness': 0.021387105415913543, 'generation': 759}","{'id': 33612, 'rank': 30, 'fitness': 0.01798620996209155, 'generation': 759}"
"{'id': 33694, 'rank': 1, 'fitness': 0.9820137900379085, 'generation': 760}","{'id': 33681, 'rank': 2, 'fitness': 0.9766967143773473, 'generation': 760}","{'id': 33686, 'rank': 3, 'fitness': 0.952812116223452, 'generation': 760}","{'id': 33693, 'rank': 4, 'fitness': 0.8657286025327787, 'generation': 760}","{'id': 33696, 'rank': 5, 'fitness': 0.7724360692135539, 'generation': 760}","{'id': 33687, 'rank': 6, 'fitness': 0.7541114235654892, 'generation': 760}","{'id': 33676, 'rank': 7, 'fitness': 0.7521395937498456, 'generation': 760}","{'id': 33688, 'rank': 8, 'fitness': 0.5944800631619523, 'generation': 760}","{'id': 33700, 'rank': 9, 'fitness': 0.5679969376480125, 'generation': 760}","{'id': 33680, 'rank': 10, 'fitness': 0.5493173535779637, 'generation': 760}","{'id': 33685, 'rank': 11, 'fitness': 0.48419895200935, 'generation': 760}","{'id': 33672, 'rank': 12, 'fitness': 0.41868734692780674, 'generation': 760}","{'id': 33699, 'rank': 13, 'fitness': 0.4150516221307318, 'generation': 760}","{'id': 33663, 'rank': 14, 'fitness': 0.3499609311135987, 'generation': 760}","{'id': 33683, 'rank': 15, 'fitness': 0.33716015656720966, 'generation': 760}","{'id': 33698, 'rank': 16, 'fitness': 0.209340877650806, 'generation': 760}","{'id': 33675, 'rank': 17, 'fitness': 0.13806041946674735, 'generation': 760}","{'id': 33691, 'rank': 18, 'fitness': 0.13430777227258872, 'generation': 760}","{'id': 33695, 'rank': 19, 'fitness': 0.08964204073097115, 'generation': 760}","{'id': 33678, 'rank': 20, 'fitness': 0.07937761707026697, 'generation': 760}","{'id': 33689, 'rank': 21, 'fitness': 0.06897357165233159, 'generation': 760}","{'id': 33674, 'rank': 22, 'fitness': 0.04758385368150636, 'generation': 760}","{'id': 33692, 'rank': 23, 'fitness': 0.047559913958946154, 'generation': 760}","{'id': 33671, 'rank': 24, 'fitness': 0.042627046760191134, 'generation': 760}","{'id': 33666, 'rank': 25, 'fitness': 0.035045683053862575, 'generation': 760}","{'id': 33665, 'rank': 26, 'fitness': 0.02493395566514406, 'generation': 760}","{'id': 33677, 'rank': 27, 'fitness': 0.024174081728079666, 'generation': 760}","{'id': 33684, 'rank': 28, 'fitness': 0.019934471797365738, 'generation': 760}","{'id': 33664, 'rank': 29, 'fitness': 0.01903301110221245, 'generation': 760}","{'id': 33673, 'rank': 30, 'fitness': 0.01798620996209155, 'generation': 760}"
"{'id': 33745, 'rank': 1, 'fitness': 0.9820137900379085, 'generation': 761}","{'id': 33727, 'rank': 2, 'fitness': 0.6854932309078732, 'generation': 761}","{'id': 33734, 'rank': 3, 'fitness': 0.670718578830286, 'generation': 761}","{'id': 33730, 'rank': 4, 'fitness': 0.6671401221212664, 'generation': 761}","{'id': 33739, 'rank': 5, 'fitness': 0.4446068620452798, 'generation': 761}","{'id': 33733, 'rank': 6, 'fitness': 0.42776906657015357, 'generation': 761}","{'id': 33743, 'rank': 7, 'fitness': 0.313091550535064, 'generation': 761}","{'id': 33741, 'rank': 8, 'fitness': 0.2670931300927211, 'generation': 761}","{'id': 33707, 'rank': 9, 'fitness': 0.2662972574133924, 'generation': 761}","{'id': 33708, 'rank': 10, 'fitness': 0.25892662045115217, 'generation': 761}","{'id': 33728, 'rank': 11, 'fitness': 0.24669690902885333, 'generation': 761}","{'id': 33719, 'rank': 12, 'fitness': 0.23199302458414617, 'generation': 761}","{'id': 33726, 'rank': 13, 'fitness': 0.1933862205179515, 'generation': 761}","{'id': 33722, 'rank': 14, 'fitness': 0.1885510591990135, 'generation': 761}","{'id': 33740, 'rank': 15, 'fitness': 0.14290008112037034, 'generation': 761}","{'id': 33737, 'rank': 16, 'fitness': 0.13083701286031763, 'generation': 761}","{'id': 33735, 'rank': 17, 'fitness': 0.1010535211767633, 'generation': 761}","{'id': 33738, 'rank': 18, 'fitness': 0.10003683418226417, 'generation': 761}","{'id': 33732, 'rank': 19, 'fitness': 0.09602129773551676, 'generation': 761}","{'id': 33742, 'rank': 20, 'fitness': 0.08513129770353156, 'generation': 761}","{'id': 33709, 'rank': 21, 'fitness': 0.08205313824123328, 'generation': 761}","{'id': 33736, 'rank': 22, 'fitness': 0.05474389862602563, 'generation': 761}","{'id': 33744, 'rank': 23, 'fitness': 0.046248209648122485, 'generation': 761}","{'id': 33713, 'rank': 24, 'fitness': 0.03850508550860238, 'generation': 761}","{'id': 33729, 'rank': 25, 'fitness': 0.03671071583229213, 'generation': 761}","{'id': 33721, 'rank': 26, 'fitness': 0.03520126893023612, 'generation': 761}","{'id': 33712, 'rank': 27, 'fitness': 0.02729871368491571, 'generation': 761}","{'id': 33718, 'rank': 28, 'fitness': 0.018896168869838803, 'generation': 761}","{'id': 33731, 'rank': 29, 'fitness': 0.018128145609429824, 'generation': 761}","{'id': 33703, 'rank': 30, 'fitness': 0.01798620996209155, 'generation': 761}"
"{'id': 33770, 'rank': 1, 'fitness': 0.9820137900379085, 'generation': 762}","{'id': 33787, 'rank': 2, 'fitness': 0.8920766733767049, 'generation': 762}","{'id': 33775, 'rank': 3, 'fitness': 0.8081369804157117, 'generation': 762}","{'id': 33772, 'rank': 4, 'fitness': 0.7710568121255774, 'generation': 762}","{'id': 33783, 'rank': 5, 'fitness': 0.7254785094396994, 'generation': 762}","{'id': 33768, 'rank': 6, 'fitness': 0.6780857320603126, 'generation': 762}","{'id': 33785, 'rank': 7, 'fitness': 0.5866716025092875, 'generation': 762}","{'id': 33753, 'rank': 8, 'fitness': 0.5400005554416278, 'generation': 762}","{'id': 33763, 'rank': 9, 'fitness': 0.515142563314418, 'generation': 762}","{'id': 33767, 'rank': 10, 'fitness': 0.5135699710645496, 'generation': 762}","{'id': 33762, 'rank': 11, 'fitness': 0.4647965338737467, 'generation': 762}","{'id': 33778, 'rank': 12, 'fitness': 0.4235143039428174, 'generation': 762}","{'id': 33765, 'rank': 13, 'fitness': 0.42218222445394304, 'generation': 762}","{'id': 33769, 'rank': 14, 'fitness': 0.30995972942910477, 'generation': 762}","{'id': 33761, 'rank': 15, 'fitness': 0.18483643600938815, 'generation': 762}","{'id': 33782, 'rank': 16, 'fitness': 0.14942005274218711, 'generation': 762}","{'id': 33751, 'rank': 17, 'fitness': 0.14217968514336593, 'generation': 762}","{'id': 33784, 'rank': 18, 'fitness': 0.12678576433801325, 'generation': 762}","{'id': 33774, 'rank': 19, 'fitness': 0.10672197645709647, 'generation': 762}","{'id': 33764, 'rank': 20, 'fitness': 0.09171535432709466, 'generation': 762}","{'id': 33757, 'rank': 21, 'fitness': 0.07950968155212002, 'generation': 762}","{'id': 33746, 'rank': 22, 'fitness': 0.07709162831077493, 'generation': 762}","{'id': 33780, 'rank': 23, 'fitness': 0.06175310169406578, 'generation': 762}","{'id': 33777, 'rank': 24, 'fitness': 0.056554093760747826, 'generation': 762}","{'id': 33755, 'rank': 25, 'fitness': 0.04933806545179237, 'generation': 762}","{'id': 33749, 'rank': 26, 'fitness': 0.04746451717584832, 'generation': 762}","{'id': 33781, 'rank': 27, 'fitness': 0.0425177951617669, 'generation': 762}","{'id': 33748, 'rank': 28, 'fitness': 0.038666452006082264, 'generation': 762}","{'id': 33779, 'rank': 29, 'fitness': 0.03569439543094616, 'generation': 762}","{'id': 33776, 'rank': 30, 'fitness': 0.01798620996209155, 'generation': 762}"
"{'id': 33830, 'rank': 1, 'fitness': 0.9820137900379085, 'generation': 763}","{'id': 33811, 'rank': 2, 'fitness': 0.7052476540112104, 'generation': 763}","{'id': 33819, 'rank': 3, 'fitness': 0.6594260979835503, 'generation': 763}","{'id': 33825, 'rank': 4, 'fitness': 0.5892008864538796, 'generation': 763}","{'id': 33822, 'rank': 5, 'fitness': 0.35739534007161927, 'generation': 763}","{'id': 33823, 'rank': 6, 'fitness': 0.2797116875364396, 'generation': 763}","{'id': 33797, 'rank': 7, 'fitness': 0.27925768491448355, 'generation': 763}","{'id': 33803, 'rank': 8, 'fitness': 0.2651968230808171, 'generation': 763}","{'id': 33816, 'rank': 9, 'fitness': 0.2400332249228243, 'generation': 763}","{'id': 33815, 'rank': 10, 'fitness': 0.1996920942935848, 'generation': 763}","{'id': 33824, 'rank': 11, 'fitness': 0.18460405178604156, 'generation': 763}","{'id': 33808, 'rank': 12, 'fitness': 0.18075336906138129, 'generation': 763}","{'id': 33828, 'rank': 13, 'fitness': 0.14685477986630685, 'generation': 763}","{'id': 33791, 'rank': 14, 'fitness': 0.13697262346472477, 'generation': 763}","{'id': 33806, 'rank': 15, 'fitness': 0.13630793881093817, 'generation': 763}","{'id': 33802, 'rank': 16, 'fitness': 0.11153604178617404, 'generation': 763}","{'id': 33836, 'rank': 17, 'fitness': 0.10633887270548786, 'generation': 763}","{'id': 33817, 'rank': 18, 'fitness': 0.0979791623516173, 'generation': 763}","{'id': 33805, 'rank': 19, 'fitness': 0.09749472061231051, 'generation': 763}","{'id': 33818, 'rank': 20, 'fitness': 0.07664982566717715, 'generation': 763}","{'id': 33788, 'rank': 21, 'fitness': 0.07459019993207644, 'generation': 763}","{'id': 33831, 'rank': 22, 'fitness': 0.06883108217430173, 'generation': 763}","{'id': 33814, 'rank': 23, 'fitness': 0.0679806515036035, 'generation': 763}","{'id': 33800, 'rank': 24, 'fitness': 0.06570268228146126, 'generation': 763}","{'id': 33826, 'rank': 25, 'fitness': 0.06265348189064845, 'generation': 763}","{'id': 33832, 'rank': 26, 'fitness': 0.05585095310210175, 'generation': 763}","{'id': 33792, 'rank': 27, 'fitness': 0.05367924670474178, 'generation': 763}","{'id': 33809, 'rank': 28, 'fitness': 0.029644870868219708, 'generation': 763}","{'id': 33820, 'rank': 29, 'fitness': 0.02070730045236696, 'generation': 763}","{'id': 33798, 'rank': 30, 'fitness': 0.01798620996209155, 'generation': 763}"
"{'id': 33848, 'rank': 1, 'fitness': 0.9820137900379085, 'generation': 764}","{'id': 33863, 'rank': 2, 'fitness': 0.8881890895849079, 'generation': 764}","{'id': 33865, 'rank': 3, 'fitness': 0.7480952228427251, 'generation': 764}","{'id': 33861, 'rank': 4, 'fitness': 0.6975911260369556, 'generation': 764}","{'id': 33866, 'rank': 5, 'fitness': 0.6757477917031718, 'generation': 764}","{'id': 33871, 'rank': 6, 'fitness': 0.6673328264398134, 'generation': 764}","{'id': 33855, 'rank': 7, 'fitness': 0.6386571616970348, 'generation': 764}","{'id': 33870, 'rank': 8, 'fitness': 0.49137827042979215, 'generation': 764}","{'id': 33862, 'rank': 9, 'fitness': 0.4562097099026288, 'generation': 764}","{'id': 33856, 'rank': 10, 'fitness': 0.36051244836512714, 'generation': 764}","{'id': 33873, 'rank': 11, 'fitness': 0.31166053129165316, 'generation': 764}","{'id': 33859, 'rank': 12, 'fitness': 0.24255762616491539, 'generation': 764}","{'id': 33860, 'rank': 13, 'fitness': 0.23416271624766277, 'generation': 764}","{'id': 33864, 'rank': 14, 'fitness': 0.2279559576506633, 'generation': 764}","{'id': 33847, 'rank': 15, 'fitness': 0.2262543097129242, 'generation': 764}","{'id': 33851, 'rank': 16, 'fitness': 0.21687360224097074, 'generation': 764}","{'id': 33853, 'rank': 17, 'fitness': 0.17181710562999486, 'generation': 764}","{'id': 33858, 'rank': 18, 'fitness': 0.16593133370313062, 'generation': 764}","{'id': 33852, 'rank': 19, 'fitness': 0.1327877494936756, 'generation': 764}","{'id': 33874, 'rank': 20, 'fitness': 0.11493508595078489, 'generation': 764}","{'id': 33868, 'rank': 21, 'fitness': 0.10788222764509625, 'generation': 764}","{'id': 33840, 'rank': 22, 'fitness': 0.06343099673229363, 'generation': 764}","{'id': 33854, 'rank': 23, 'fitness': 0.04216865871318637, 'generation': 764}","{'id': 33850, 'rank': 24, 'fitness': 0.03550019702054841, 'generation': 764}","{'id': 33837, 'rank': 25, 'fitness': 0.034956083712652075, 'generation': 764}","{'id': 33872, 'rank': 26, 'fitness': 0.03315586813137866, 'generation': 764}","{'id': 33857, 'rank': 27, 'fitness': 0.02784444335301156, 'generation': 764}","{'id': 33844, 'rank': 28, 'fitness': 0.026426331190372188, 'generation': 764}","{'id': 33842, 'rank': 29, 'fitness': 0.02201412582141188, 'generation': 764}","{'id': 33849, 'rank': 30, 'fitness': 0.01798620996209155, 'generation': 764}"
"{'id': 33911, 'rank': 1, 'fitness': 0.9820137900379085, 'generation': 765}","{'id': 33922, 'rank': 2, 'fitness': 0.7426616198230898, 'generation': 765}","{'id': 33898, 'rank': 3, 'fitness': 0.5985390915287508, 'generation': 765}","{'id': 33892, 'rank': 4, 'fitness': 0.5725410385209135, 'generation': 765}","{'id': 33919, 'rank': 5, 'fitness': 0.5512385849775332, 'generation': 765}","{'id': 33908, 'rank': 6, 'fitness': 0.5359176804078636, 'generation': 765}","{'id': 33910, 'rank': 7, 'fitness': 0.3762715636711372, 'generation': 765}","{'id': 33907, 'rank': 8, 'fitness': 0.363927491659917, 'generation': 765}","{'id': 33921, 'rank': 9, 'fitness': 0.26255962729884647, 'generation': 765}","{'id': 33902, 'rank': 10, 'fitness': 0.22523286923177893, 'generation': 765}","{'id': 33900, 'rank': 11, 'fitness': 0.17095130025035477, 'generation': 765}","{'id': 33884, 'rank': 12, 'fitness': 0.13983369456284955, 'generation': 765}","{'id': 33899, 'rank': 13, 'fitness': 0.13757498628398074, 'generation': 765}","{'id': 33923, 'rank': 14, 'fitness': 0.13037743221643772, 'generation': 765}","{'id': 33903, 'rank': 15, 'fitness': 0.11601896098085862, 'generation': 765}","{'id': 33924, 'rank': 16, 'fitness': 0.08027053693901909, 'generation': 765}","{'id': 33915, 'rank': 17, 'fitness': 0.07734116600027419, 'generation': 765}","{'id': 33909, 'rank': 18, 'fitness': 0.05541946135737852, 'generation': 765}","{'id': 33914, 'rank': 19, 'fitness': 0.05017751841740925, 'generation': 765}","{'id': 33893, 'rank': 20, 'fitness': 0.04726786258590965, 'generation': 765}","{'id': 33913, 'rank': 21, 'fitness': 0.035950669166196436, 'generation': 765}","{'id': 33891, 'rank': 22, 'fitness': 0.035264689174593244, 'generation': 765}","{'id': 33901, 'rank': 23, 'fitness': 0.033355834181628075, 'generation': 765}","{'id': 33877, 'rank': 24, 'fitness': 0.03312301694799291, 'generation': 765}","{'id': 33906, 'rank': 25, 'fitness': 0.031815311316711004, 'generation': 765}","{'id': 33895, 'rank': 26, 'fitness': 0.03130996888637444, 'generation': 765}","{'id': 33904, 'rank': 27, 'fitness': 0.021495670679664847, 'generation': 765}","{'id': 33875, 'rank': 28, 'fitness': 0.021203446242203716, 'generation': 765}","{'id': 33894, 'rank': 29, 'fitness': 0.020610533467472825, 'generation': 765}","{'id': 33881, 'rank': 30, 'fitness': 0.01798620996209155, 'generation': 765}"
"{'id': 33960, 'rank': 1, 'fitness': 0.9820137900379085, 'generation': 766}","{'id': 33955, 'rank': 2, 'fitness': 0.978651623482832, 'generation': 766}","{'id': 33962, 'rank': 3, 'fitness': 0.9432003766742917, 'generation': 766}","{'id': 33959, 'rank': 4, 'fitness': 0.9024899247688712, 'generation': 766}","{'id': 33944, 'rank': 5, 'fitness': 0.8237914527329534, 'generation': 766}","{'id': 33956, 'rank': 6, 'fitness': 0.7673777502160243, 'generation': 766}","{'id': 33943, 'rank': 7, 'fitness': 0.7217047818554183, 'generation': 766}","{'id': 33957, 'rank': 8, 'fitness': 0.49808643928445834, 'generation': 766}","{'id': 33952, 'rank': 9, 'fitness': 0.4096680017124589, 'generation': 766}","{'id': 33950, 'rank': 10, 'fitness': 0.350114305052602, 'generation': 766}","{'id': 33945, 'rank': 11, 'fitness': 0.31040466085406637, 'generation': 766}","{'id': 33928, 'rank': 12, 'fitness': 0.21589013872114865, 'generation': 766}","{'id': 33941, 'rank': 13, 'fitness': 0.200585394703575, 'generation': 766}","{'id': 33951, 'rank': 14, 'fitness': 0.19362848559010076, 'generation': 766}","{'id': 33927, 'rank': 15, 'fitness': 0.16459229809758052, 'generation': 766}","{'id': 33949, 'rank': 16, 'fitness': 0.09803727415450969, 'generation': 766}","{'id': 33963, 'rank': 17, 'fitness': 0.09189259476092676, 'generation': 766}","{'id': 33942, 'rank': 18, 'fitness': 0.06696213134280238, 'generation': 766}","{'id': 33947, 'rank': 19, 'fitness': 0.06403819694449014, 'generation': 766}","{'id': 33946, 'rank': 20, 'fitness': 0.06359894640584302, 'generation': 766}","{'id': 33930, 'rank': 21, 'fitness': 0.05304891084076446, 'generation': 766}","{'id': 33938, 'rank': 22, 'fitness': 0.05165862940060967, 'generation': 766}","{'id': 33961, 'rank': 23, 'fitness': 0.0498397201745398, 'generation': 766}","{'id': 33933, 'rank': 24, 'fitness': 0.03878640173000181, 'generation': 766}","{'id': 33964, 'rank': 25, 'fitness': 0.036195544314248596, 'generation': 766}","{'id': 33958, 'rank': 26, 'fitness': 0.029406499125835983, 'generation': 766}","{'id': 33948, 'rank': 27, 'fitness': 0.025069341203496798, 'generation': 766}","{'id': 33936, 'rank': 28, 'fitness': 0.020610405897567352, 'generation': 766}","{'id': 33953, 'rank': 29, 'fitness': 0.019150787776186007, 'generation': 766}","{'id': 33935, 'rank': 30, 'fitness': 0.01798620996209155, 'generation': 766}"
"{'id': 33994, 'rank': 1, 'fitness': 0.9820137900379085, 'generation': 767}","{'id': 33997, 'rank': 2, 'fitness': 0.9406098282673961, 'generation': 767}","{'id': 33983, 'rank': 3, 'fitness': 0.9271256721180838, 'generation': 767}","{'id': 33971, 'rank': 4, 'fitness': 0.9239145471918443, 'generation': 767}","{'id': 33999, 'rank': 5, 'fitness': 0.9060791499020624, 'generation': 767}","{'id': 33986, 'rank': 6, 'fitness': 0.8754102578017493, 'generation': 767}","{'id': 34001, 'rank': 7, 'fitness': 0.78152117380372, 'generation': 767}","{'id': 33969, 'rank': 8, 'fitness': 0.6935314566919668, 'generation': 767}","{'id': 33995, 'rank': 9, 'fitness': 0.6300085927478158, 'generation': 767}","{'id': 34002, 'rank': 10, 'fitness': 0.5219846542784274, 'generation': 767}","{'id': 34000, 'rank': 11, 'fitness': 0.504350369067025, 'generation': 767}","{'id': 33987, 'rank': 12, 'fitness': 0.4174301042254129, 'generation': 767}","{'id': 33998, 'rank': 13, 'fitness': 0.3893971364925854, 'generation': 767}","{'id': 33990, 'rank': 14, 'fitness': 0.32689912072995275, 'generation': 767}","{'id': 33985, 'rank': 15, 'fitness': 0.2800722275365872, 'generation': 767}","{'id': 33989, 'rank': 16, 'fitness': 0.2404274848611878, 'generation': 767}","{'id': 33992, 'rank': 17, 'fitness': 0.18420999708999253, 'generation': 767}","{'id': 33984, 'rank': 18, 'fitness': 0.18302941225669883, 'generation': 767}","{'id': 33993, 'rank': 19, 'fitness': 0.1601311034411288, 'generation': 767}","{'id': 33970, 'rank': 20, 'fitness': 0.14022444700238107, 'generation': 767}","{'id': 33977, 'rank': 21, 'fitness': 0.07747492889732854, 'generation': 767}","{'id': 33996, 'rank': 22, 'fitness': 0.07506740421077546, 'generation': 767}","{'id': 33980, 'rank': 23, 'fitness': 0.06980652632505269, 'generation': 767}","{'id': 33988, 'rank': 24, 'fitness': 0.05869985083838586, 'generation': 767}","{'id': 33978, 'rank': 25, 'fitness': 0.049836464412495174, 'generation': 767}","{'id': 33965, 'rank': 26, 'fitness': 0.045984906206715415, 'generation': 767}","{'id': 33974, 'rank': 27, 'fitness': 0.04450205019783032, 'generation': 767}","{'id': 33968, 'rank': 28, 'fitness': 0.03214082767615889, 'generation': 767}","{'id': 33966, 'rank': 29, 'fitness': 0.02260016182788116, 'generation': 767}","{'id': 33982, 'rank': 30, 'fitness': 0.01798620996209155, 'generation': 767}"
"{'id': 34003, 'rank': 1, 'fitness': 0.9820137900379085, 'generation': 768}","{'id': 34039, 'rank': 2, 'fitness': 0.9720974064826275, 'generation': 768}","{'id': 34037, 'rank': 3, 'fitness': 0.9467881852552149, 'generation': 768}","{'id': 34024, 'rank': 4, 'fitness': 0.9201953420727884, 'generation': 768}","{'id': 34045, 'rank': 5, 'fitness': 0.8637029240101336, 'generation': 768}","{'id': 34006, 'rank': 6, 'fitness': 0.7488102069350678, 'generation': 768}","{'id': 34023, 'rank': 7, 'fitness': 0.495767389947653, 'generation': 768}","{'id': 34040, 'rank': 8, 'fitness': 0.37862591647781824, 'generation': 768}","{'id': 34012, 'rank': 9, 'fitness': 0.33450506096872396, 'generation': 768}","{'id': 34004, 'rank': 10, 'fitness': 0.27794823118076395, 'generation': 768}","{'id': 34050, 'rank': 11, 'fitness': 0.2607212018678856, 'generation': 768}","{'id': 34051, 'rank': 12, 'fitness': 0.2477960625042241, 'generation': 768}","{'id': 34047, 'rank': 13, 'fitness': 0.2089861255833082, 'generation': 768}","{'id': 34035, 'rank': 14, 'fitness': 0.20750964142190303, 'generation': 768}","{'id': 34026, 'rank': 15, 'fitness': 0.19711052936603657, 'generation': 768}","{'id': 34022, 'rank': 16, 'fitness': 0.16277485171632217, 'generation': 768}","{'id': 34033, 'rank': 17, 'fitness': 0.16036534187238388, 'generation': 768}","{'id': 34019, 'rank': 18, 'fitness': 0.1410639671847811, 'generation': 768}","{'id': 34044, 'rank': 19, 'fitness': 0.09021802096423803, 'generation': 768}","{'id': 34041, 'rank': 20, 'fitness': 0.08988790718555184, 'generation': 768}","{'id': 34042, 'rank': 21, 'fitness': 0.05844237172111838, 'generation': 768}","{'id': 34043, 'rank': 22, 'fitness': 0.05799583686486043, 'generation': 768}","{'id': 34021, 'rank': 23, 'fitness': 0.04515551062986012, 'generation': 768}","{'id': 34048, 'rank': 24, 'fitness': 0.03657586326258844, 'generation': 768}","{'id': 34025, 'rank': 25, 'fitness': 0.03286882596785756, 'generation': 768}","{'id': 34008, 'rank': 26, 'fitness': 0.02889434103359112, 'generation': 768}","{'id': 34046, 'rank': 27, 'fitness': 0.028418655747054433, 'generation': 768}","{'id': 34028, 'rank': 28, 'fitness': 0.021065055672646327, 'generation': 768}","{'id': 34049, 'rank': 29, 'fitness': 0.01822490679127875, 'generation': 768}","{'id': 34032, 'rank': 30, 'fitness': 0.01798620996209155, 'generation': 768}"
"{'id': 34091, 'rank': 1, 'fitness': 0.9820137900379085, 'generation': 769}","{'id': 34090, 'rank': 2, 'fitness': 0.9716977136128682, 'generation': 769}","{'id': 34092, 'rank': 3, 'fitness': 0.9694325642722682, 'generation': 769}","{'id': 34078, 'rank': 4, 'fitness': 0.8428614690762168, 'generation': 769}","{'id': 34069, 'rank': 5, 'fitness': 0.675991616351404, 'generation': 769}","{'id': 34082, 'rank': 6, 'fitness': 0.6482277673720576, 'generation': 769}","{'id': 34089, 'rank': 7, 'fitness': 0.609874843909596, 'generation': 769}","{'id': 34067, 'rank': 8, 'fitness': 0.4759763603155398, 'generation': 769}","{'id': 34088, 'rank': 9, 'fitness': 0.4725575558494147, 'generation': 769}","{'id': 34081, 'rank': 10, 'fitness': 0.4109392636209494, 'generation': 769}","{'id': 34061, 'rank': 11, 'fitness': 0.33012064582329814, 'generation': 769}","{'id': 34074, 'rank': 12, 'fitness': 0.30498992882363296, 'generation': 769}","{'id': 34070, 'rank': 13, 'fitness': 0.19139984020843814, 'generation': 769}","{'id': 34086, 'rank': 14, 'fitness': 0.1811070663270702, 'generation': 769}","{'id': 34094, 'rank': 15, 'fitness': 0.16291885706021408, 'generation': 769}","{'id': 34076, 'rank': 16, 'fitness': 0.13071860799201857, 'generation': 769}","{'id': 34072, 'rank': 17, 'fitness': 0.12685417420681866, 'generation': 769}","{'id': 34071, 'rank': 18, 'fitness': 0.08325554094661558, 'generation': 769}","{'id': 34062, 'rank': 19, 'fitness': 0.07253505293908646, 'generation': 769}","{'id': 34075, 'rank': 20, 'fitness': 0.06419759130432195, 'generation': 769}","{'id': 34068, 'rank': 21, 'fitness': 0.06250405591851987, 'generation': 769}","{'id': 34077, 'rank': 22, 'fitness': 0.060359389839257815, 'generation': 769}","{'id': 34073, 'rank': 23, 'fitness': 0.05859767141509492, 'generation': 769}","{'id': 34066, 'rank': 24, 'fitness': 0.040213965038567945, 'generation': 769}","{'id': 34065, 'rank': 25, 'fitness': 0.0378159188157402, 'generation': 769}","{'id': 34059, 'rank': 26, 'fitness': 0.03762681681590019, 'generation': 769}","{'id': 34080, 'rank': 27, 'fitness': 0.033734937146701616, 'generation': 769}","{'id': 34064, 'rank': 28, 'fitness': 0.033165450678384334, 'generation': 769}","{'id': 34087, 'rank': 29, 'fitness': 0.03292967423562371, 'generation': 769}","{'id': 34085, 'rank': 30, 'fitness': 0.01798620996209155, 'generation': 769}"
"{'id': 34139, 'rank': 1, 'fitness': 0.9820137900379085, 'generation': 770}","{'id': 34129, 'rank': 2, 'fitness': 0.973363531418455, 'generation': 770}","{'id': 34132, 'rank': 3, 'fitness': 0.9720716228822464, 'generation': 770}","{'id': 34128, 'rank': 4, 'fitness': 0.9345816488473941, 'generation': 770}","{'id': 34135, 'rank': 5, 'fitness': 0.8015898522006066, 'generation': 770}","{'id': 34136, 'rank': 6, 'fitness': 0.7304808847784365, 'generation': 770}","{'id': 34114, 'rank': 7, 'fitness': 0.6199445136262687, 'generation': 770}","{'id': 34121, 'rank': 8, 'fitness': 0.603591663730392, 'generation': 770}","{'id': 34108, 'rank': 9, 'fitness': 0.5974696626799597, 'generation': 770}","{'id': 34131, 'rank': 10, 'fitness': 0.5779302063634019, 'generation': 770}","{'id': 34138, 'rank': 11, 'fitness': 0.495215697355243, 'generation': 770}","{'id': 34141, 'rank': 12, 'fitness': 0.4537682004203696, 'generation': 770}","{'id': 34109, 'rank': 13, 'fitness': 0.44132782261870257, 'generation': 770}","{'id': 34116, 'rank': 14, 'fitness': 0.31035151409571277, 'generation': 770}","{'id': 34125, 'rank': 15, 'fitness': 0.28045625433128674, 'generation': 770}","{'id': 34124, 'rank': 16, 'fitness': 0.27955721546864926, 'generation': 770}","{'id': 34107, 'rank': 17, 'fitness': 0.23607636025434642, 'generation': 770}","{'id': 34137, 'rank': 18, 'fitness': 0.18086227112233338, 'generation': 770}","{'id': 34134, 'rank': 19, 'fitness': 0.15396622900181078, 'generation': 770}","{'id': 34127, 'rank': 20, 'fitness': 0.15056818102338854, 'generation': 770}","{'id': 34115, 'rank': 21, 'fitness': 0.11575490777404673, 'generation': 770}","{'id': 34119, 'rank': 22, 'fitness': 0.09719148763364177, 'generation': 770}","{'id': 34123, 'rank': 23, 'fitness': 0.09705333255341608, 'generation': 770}","{'id': 34104, 'rank': 24, 'fitness': 0.0455470596986961, 'generation': 770}","{'id': 34101, 'rank': 25, 'fitness': 0.04427556015255746, 'generation': 770}","{'id': 34099, 'rank': 26, 'fitness': 0.035874508979017894, 'generation': 770}","{'id': 34117, 'rank': 27, 'fitness': 0.022509613336500645, 'generation': 770}","{'id': 34120, 'rank': 28, 'fitness': 0.018808425172634313, 'generation': 770}","{'id': 34118, 'rank': 29, 'fitness': 0.018640452505771177, 'generation': 770}","{'id': 34110, 'rank': 30, 'fitness': 0.01798620996209155, 'generation': 770}"
"{'id': 34173, 'rank': 1, 'fitness': 0.9820137900379085, 'generation': 771}","{'id': 34163, 'rank': 2, 'fitness': 0.9265082937400979, 'generation': 771}","{'id': 34167, 'rank': 3, 'fitness': 0.9098970762486305, 'generation': 771}","{'id': 34178, 'rank': 4, 'fitness': 0.8525094265842944, 'generation': 771}","{'id': 34182, 'rank': 5, 'fitness': 0.7486195767404848, 'generation': 771}","{'id': 34183, 'rank': 6, 'fitness': 0.6048233007763024, 'generation': 771}","{'id': 34159, 'rank': 7, 'fitness': 0.5955170383517866, 'generation': 771}","{'id': 34171, 'rank': 8, 'fitness': 0.43550918541595807, 'generation': 771}","{'id': 34175, 'rank': 9, 'fitness': 0.4172784967632513, 'generation': 771}","{'id': 34180, 'rank': 10, 'fitness': 0.3793029348694103, 'generation': 771}","{'id': 34179, 'rank': 11, 'fitness': 0.32777558483019115, 'generation': 771}","{'id': 34166, 'rank': 12, 'fitness': 0.32526802223448487, 'generation': 771}","{'id': 34149, 'rank': 13, 'fitness': 0.26038870502583855, 'generation': 771}","{'id': 34174, 'rank': 14, 'fitness': 0.23955116456603553, 'generation': 771}","{'id': 34162, 'rank': 15, 'fitness': 0.23518412658382143, 'generation': 771}","{'id': 34169, 'rank': 16, 'fitness': 0.15218975083336828, 'generation': 771}","{'id': 34161, 'rank': 17, 'fitness': 0.14995324125243048, 'generation': 771}","{'id': 34164, 'rank': 18, 'fitness': 0.13971806223326344, 'generation': 771}","{'id': 34150, 'rank': 19, 'fitness': 0.12475366920581449, 'generation': 771}","{'id': 34148, 'rank': 20, 'fitness': 0.09918908643342811, 'generation': 771}","{'id': 34160, 'rank': 21, 'fitness': 0.07289710638777486, 'generation': 771}","{'id': 34152, 'rank': 22, 'fitness': 0.0672255957695585, 'generation': 771}","{'id': 34176, 'rank': 23, 'fitness': 0.06004505229001317, 'generation': 771}","{'id': 34168, 'rank': 24, 'fitness': 0.05599895391220894, 'generation': 771}","{'id': 34151, 'rank': 25, 'fitness': 0.05478009080085927, 'generation': 771}","{'id': 34165, 'rank': 26, 'fitness': 0.05305429808368056, 'generation': 771}","{'id': 34154, 'rank': 27, 'fitness': 0.03550565149563745, 'generation': 771}","{'id': 34177, 'rank': 28, 'fitness': 0.035344224114355616, 'generation': 771}","{'id': 34181, 'rank': 29, 'fitness': 0.034256835599792534, 'generation': 771}","{'id': 34145, 'rank': 30, 'fitness': 0.01798620996209155, 'generation': 771}"
"{'id': 34200, 'rank': 1, 'fitness': 0.9820137900379085, 'generation': 772}","{'id': 34213, 'rank': 2, 'fitness': 0.9804782217474897, 'generation': 772}","{'id': 34199, 'rank': 3, 'fitness': 0.9766097694201574, 'generation': 772}","{'id': 34214, 'rank': 4, 'fitness': 0.9576725615437696, 'generation': 772}","{'id': 34216, 'rank': 5, 'fitness': 0.9428854171182296, 'generation': 772}","{'id': 34203, 'rank': 6, 'fitness': 0.8946411050721856, 'generation': 772}","{'id': 34206, 'rank': 7, 'fitness': 0.8937381065496477, 'generation': 772}","{'id': 34217, 'rank': 8, 'fitness': 0.8809267369003853, 'generation': 772}","{'id': 34194, 'rank': 9, 'fitness': 0.8775222524867465, 'generation': 772}","{'id': 34215, 'rank': 10, 'fitness': 0.6884816536156327, 'generation': 772}","{'id': 34197, 'rank': 11, 'fitness': 0.581578019025093, 'generation': 772}","{'id': 34218, 'rank': 12, 'fitness': 0.4314171979578696, 'generation': 772}","{'id': 34211, 'rank': 13, 'fitness': 0.38365289086442667, 'generation': 772}","{'id': 34195, 'rank': 14, 'fitness': 0.3527270988262859, 'generation': 772}","{'id': 34210, 'rank': 15, 'fitness': 0.31909091145558466, 'generation': 772}","{'id': 34204, 'rank': 16, 'fitness': 0.2554066983272213, 'generation': 772}","{'id': 34205, 'rank': 17, 'fitness': 0.24928208843621502, 'generation': 772}","{'id': 34191, 'rank': 18, 'fitness': 0.2438673646217851, 'generation': 772}","{'id': 34189, 'rank': 19, 'fitness': 0.18192586217203843, 'generation': 772}","{'id': 34220, 'rank': 20, 'fitness': 0.14680826539564912, 'generation': 772}","{'id': 34186, 'rank': 21, 'fitness': 0.1372348282060138, 'generation': 772}","{'id': 34212, 'rank': 22, 'fitness': 0.10703261354687288, 'generation': 772}","{'id': 34202, 'rank': 23, 'fitness': 0.09882605141095052, 'generation': 772}","{'id': 34222, 'rank': 24, 'fitness': 0.07407208345949984, 'generation': 772}","{'id': 34196, 'rank': 25, 'fitness': 0.05733946141006707, 'generation': 772}","{'id': 34198, 'rank': 26, 'fitness': 0.03741838779135681, 'generation': 772}","{'id': 34208, 'rank': 27, 'fitness': 0.0363371625191688, 'generation': 772}","{'id': 34188, 'rank': 28, 'fitness': 0.033295148215439496, 'generation': 772}","{'id': 34185, 'rank': 29, 'fitness': 0.02214856407018878, 'generation': 772}","{'id': 34209, 'rank': 30, 'fitness': 0.01798620996209155, 'generation': 772}"
"{'id': 34270, 'rank': 1, 'fitness': 0.9820137900379085, 'generation': 773}","{'id': 34274, 'rank': 2, 'fitness': 0.9742129081002537, 'generation': 773}","{'id': 34260, 'rank': 3, 'fitness': 0.6654652202151139, 'generation': 773}","{'id': 34259, 'rank': 4, 'fitness': 0.6219632108986513, 'generation': 773}","{'id': 34268, 'rank': 5, 'fitness': 0.5906930744433453, 'generation': 773}","{'id': 34256, 'rank': 6, 'fitness': 0.5072940489191948, 'generation': 773}","{'id': 34254, 'rank': 7, 'fitness': 0.44579038257389186, 'generation': 773}","{'id': 34262, 'rank': 8, 'fitness': 0.4191696794042789, 'generation': 773}","{'id': 34267, 'rank': 9, 'fitness': 0.39894483519462, 'generation': 773}","{'id': 34272, 'rank': 10, 'fitness': 0.3773951952781378, 'generation': 773}","{'id': 34229, 'rank': 11, 'fitness': 0.36332920882235265, 'generation': 773}","{'id': 34263, 'rank': 12, 'fitness': 0.32300537989258815, 'generation': 773}","{'id': 34258, 'rank': 13, 'fitness': 0.32247649542829276, 'generation': 773}","{'id': 34273, 'rank': 14, 'fitness': 0.3102388521609224, 'generation': 773}","{'id': 34261, 'rank': 15, 'fitness': 0.2891499602247165, 'generation': 773}","{'id': 34265, 'rank': 16, 'fitness': 0.2879191856377692, 'generation': 773}","{'id': 34249, 'rank': 17, 'fitness': 0.23770035865858896, 'generation': 773}","{'id': 34269, 'rank': 18, 'fitness': 0.1994020961388791, 'generation': 773}","{'id': 34257, 'rank': 19, 'fitness': 0.19896688675604873, 'generation': 773}","{'id': 34238, 'rank': 20, 'fitness': 0.19311678199741533, 'generation': 773}","{'id': 34230, 'rank': 21, 'fitness': 0.1327289510178642, 'generation': 773}","{'id': 34255, 'rank': 22, 'fitness': 0.08194918910575794, 'generation': 773}","{'id': 34233, 'rank': 23, 'fitness': 0.04361638314648719, 'generation': 773}","{'id': 34271, 'rank': 24, 'fitness': 0.036485490423555644, 'generation': 773}","{'id': 34240, 'rank': 25, 'fitness': 0.03345167166784607, 'generation': 773}","{'id': 34226, 'rank': 26, 'fitness': 0.030191591905226023, 'generation': 773}","{'id': 34242, 'rank': 27, 'fitness': 0.02886038664907764, 'generation': 773}","{'id': 34247, 'rank': 28, 'fitness': 0.024205104772626496, 'generation': 773}","{'id': 34248, 'rank': 29, 'fitness': 0.023067378530879146, 'generation': 773}","{'id': 34246, 'rank': 30, 'fitness': 0.01798620996209155, 'generation': 773}"
"{'id': 34320, 'rank': 1, 'fitness': 0.9820137900379085, 'generation': 774}","{'id': 34284, 'rank': 2, 'fitness': 0.7090072697736678, 'generation': 774}","{'id': 34319, 'rank': 3, 'fitness': 0.5896512262656469, 'generation': 774}","{'id': 34316, 'rank': 4, 'fitness': 0.48063317116724574, 'generation': 774}","{'id': 34300, 'rank': 5, 'fitness': 0.40164094149783247, 'generation': 774}","{'id': 34307, 'rank': 6, 'fitness': 0.3558286328986372, 'generation': 774}","{'id': 34311, 'rank': 7, 'fitness': 0.3471089852579492, 'generation': 774}","{'id': 34312, 'rank': 8, 'fitness': 0.2729661751872911, 'generation': 774}","{'id': 34318, 'rank': 9, 'fitness': 0.25775502969262887, 'generation': 774}","{'id': 34296, 'rank': 10, 'fitness': 0.10917481948691421, 'generation': 774}","{'id': 34324, 'rank': 11, 'fitness': 0.10617013469907205, 'generation': 774}","{'id': 34305, 'rank': 12, 'fitness': 0.10376763284285723, 'generation': 774}","{'id': 34294, 'rank': 13, 'fitness': 0.09851879257318497, 'generation': 774}","{'id': 34317, 'rank': 14, 'fitness': 0.0956800802863893, 'generation': 774}","{'id': 34293, 'rank': 15, 'fitness': 0.09502254628007828, 'generation': 774}","{'id': 34282, 'rank': 16, 'fitness': 0.0892889781638514, 'generation': 774}","{'id': 34299, 'rank': 17, 'fitness': 0.05525416233750163, 'generation': 774}","{'id': 34279, 'rank': 18, 'fitness': 0.049138704867978, 'generation': 774}","{'id': 34288, 'rank': 19, 'fitness': 0.0402793571612155, 'generation': 774}","{'id': 34289, 'rank': 20, 'fitness': 0.040203542248202884, 'generation': 774}","{'id': 34286, 'rank': 21, 'fitness': 0.038196239843697355, 'generation': 774}","{'id': 34313, 'rank': 22, 'fitness': 0.03782509726574668, 'generation': 774}","{'id': 34322, 'rank': 23, 'fitness': 0.031540290179200015, 'generation': 774}","{'id': 34302, 'rank': 24, 'fitness': 0.03148294221304193, 'generation': 774}","{'id': 34285, 'rank': 25, 'fitness': 0.0266210062499021, 'generation': 774}","{'id': 34298, 'rank': 26, 'fitness': 0.023349614628667692, 'generation': 774}","{'id': 34280, 'rank': 27, 'fitness': 0.023122736459685433, 'generation': 774}","{'id': 34314, 'rank': 28, 'fitness': 0.019591976351936546, 'generation': 774}","{'id': 34306, 'rank': 29, 'fitness': 0.01911789369712169, 'generation': 774}","{'id': 34283, 'rank': 30, 'fitness': 0.01798620996209155, 'generation': 774}"
"{'id': 34351, 'rank': 1, 'fitness': 0.9820137900379085, 'generation': 775}","{'id': 34350, 'rank': 2, 'fitness': 0.8862151701003571, 'generation': 775}","{'id': 34337, 'rank': 3, 'fitness': 0.7676375779766014, 'generation': 775}","{'id': 34345, 'rank': 4, 'fitness': 0.6677022413057404, 'generation': 775}","{'id': 34358, 'rank': 5, 'fitness': 0.518617741552095, 'generation': 775}","{'id': 34328, 'rank': 6, 'fitness': 0.5142532042008688, 'generation': 775}","{'id': 34341, 'rank': 7, 'fitness': 0.38996105379044005, 'generation': 775}","{'id': 34342, 'rank': 8, 'fitness': 0.3365543046952428, 'generation': 775}","{'id': 34331, 'rank': 9, 'fitness': 0.3281926711446398, 'generation': 775}","{'id': 34352, 'rank': 10, 'fitness': 0.2852948404401159, 'generation': 775}","{'id': 34360, 'rank': 11, 'fitness': 0.2596096793949556, 'generation': 775}","{'id': 34340, 'rank': 12, 'fitness': 0.24993184796805346, 'generation': 775}","{'id': 34329, 'rank': 13, 'fitness': 0.24832429757903768, 'generation': 775}","{'id': 34354, 'rank': 14, 'fitness': 0.22504946879405768, 'generation': 775}","{'id': 34339, 'rank': 15, 'fitness': 0.21755398979700502, 'generation': 775}","{'id': 34356, 'rank': 16, 'fitness': 0.13894704195294294, 'generation': 775}","{'id': 34336, 'rank': 17, 'fitness': 0.10115682931377629, 'generation': 775}","{'id': 34348, 'rank': 18, 'fitness': 0.0917272143998481, 'generation': 775}","{'id': 34338, 'rank': 19, 'fitness': 0.08066915876506647, 'generation': 775}","{'id': 34332, 'rank': 20, 'fitness': 0.0666260528034075, 'generation': 775}","{'id': 34349, 'rank': 21, 'fitness': 0.05692766596049603, 'generation': 775}","{'id': 34347, 'rank': 22, 'fitness': 0.0557557410163273, 'generation': 775}","{'id': 34325, 'rank': 23, 'fitness': 0.05202986239921137, 'generation': 775}","{'id': 34343, 'rank': 24, 'fitness': 0.04402700547921207, 'generation': 775}","{'id': 34327, 'rank': 25, 'fitness': 0.04335316612812867, 'generation': 775}","{'id': 34346, 'rank': 26, 'fitness': 0.03389209436127211, 'generation': 775}","{'id': 34335, 'rank': 27, 'fitness': 0.03071696378187394, 'generation': 775}","{'id': 34330, 'rank': 28, 'fitness': 0.027113013494361682, 'generation': 775}","{'id': 34357, 'rank': 29, 'fitness': 0.022859614858137756, 'generation': 775}","{'id': 34361, 'rank': 30, 'fitness': 0.01798620996209155, 'generation': 775}"
"{'id': 34400, 'rank': 1, 'fitness': 0.9820137900379085, 'generation': 776}","{'id': 34385, 'rank': 2, 'fitness': 0.9502519215244736, 'generation': 776}","{'id': 34389, 'rank': 3, 'fitness': 0.9437816061467001, 'generation': 776}","{'id': 34396, 'rank': 4, 'fitness': 0.8897341718518428, 'generation': 776}","{'id': 34387, 'rank': 5, 'fitness': 0.7443066693094723, 'generation': 776}","{'id': 34395, 'rank': 6, 'fitness': 0.712408493244039, 'generation': 776}","{'id': 34380, 'rank': 7, 'fitness': 0.6694256818241794, 'generation': 776}","{'id': 34383, 'rank': 8, 'fitness': 0.6262846205372539, 'generation': 776}","{'id': 34398, 'rank': 9, 'fitness': 0.6012865322455794, 'generation': 776}","{'id': 34402, 'rank': 10, 'fitness': 0.3778531590559047, 'generation': 776}","{'id': 34374, 'rank': 11, 'fitness': 0.37218941986540127, 'generation': 776}","{'id': 34368, 'rank': 12, 'fitness': 0.23642218272634946, 'generation': 776}","{'id': 34382, 'rank': 13, 'fitness': 0.21660934977600632, 'generation': 776}","{'id': 34403, 'rank': 14, 'fitness': 0.14870787272921332, 'generation': 776}","{'id': 34399, 'rank': 15, 'fitness': 0.142777920314774, 'generation': 776}","{'id': 34378, 'rank': 16, 'fitness': 0.09248480643461715, 'generation': 776}","{'id': 34381, 'rank': 17, 'fitness': 0.08757726412827277, 'generation': 776}","{'id': 34362, 'rank': 18, 'fitness': 0.08683457327395644, 'generation': 776}","{'id': 34369, 'rank': 19, 'fitness': 0.07226170902988188, 'generation': 776}","{'id': 34375, 'rank': 20, 'fitness': 0.05430250112622004, 'generation': 776}","{'id': 34363, 'rank': 21, 'fitness': 0.05016069347417473, 'generation': 776}","{'id': 34401, 'rank': 22, 'fitness': 0.03975956928566421, 'generation': 776}","{'id': 34397, 'rank': 23, 'fitness': 0.03418668708075162, 'generation': 776}","{'id': 34377, 'rank': 24, 'fitness': 0.027459488575340474, 'generation': 776}","{'id': 34366, 'rank': 25, 'fitness': 0.025240058513802233, 'generation': 776}","{'id': 34384, 'rank': 26, 'fitness': 0.023176898615165253, 'generation': 776}","{'id': 34390, 'rank': 27, 'fitness': 0.020587963158635092, 'generation': 776}","{'id': 34365, 'rank': 28, 'fitness': 0.020512319305110494, 'generation': 776}","{'id': 34370, 'rank': 29, 'fitness': 0.018616001288680184, 'generation': 776}","{'id': 34392, 'rank': 30, 'fitness': 0.01798620996209155, 'generation': 776}"
"{'id': 34426, 'rank': 1, 'fitness': 0.9820137900379085, 'generation': 777}","{'id': 34436, 'rank': 2, 'fitness': 0.8727998388381943, 'generation': 777}","{'id': 34405, 'rank': 3, 'fitness': 0.8125352708120668, 'generation': 777}","{'id': 34409, 'rank': 4, 'fitness': 0.7998915144514174, 'generation': 777}","{'id': 34441, 'rank': 5, 'fitness': 0.7390965482414644, 'generation': 777}","{'id': 34443, 'rank': 6, 'fitness': 0.4126740924913091, 'generation': 777}","{'id': 34447, 'rank': 7, 'fitness': 0.2862083375837505, 'generation': 777}","{'id': 34404, 'rank': 8, 'fitness': 0.28476685852350414, 'generation': 777}","{'id': 34434, 'rank': 9, 'fitness': 0.27781937634907616, 'generation': 777}","{'id': 34439, 'rank': 10, 'fitness': 0.26007970213546633, 'generation': 777}","{'id': 34410, 'rank': 11, 'fitness': 0.20945490513395387, 'generation': 777}","{'id': 34442, 'rank': 12, 'fitness': 0.20710589848159255, 'generation': 777}","{'id': 34413, 'rank': 13, 'fitness': 0.18743375493745568, 'generation': 777}","{'id': 34431, 'rank': 14, 'fitness': 0.13244035803994902, 'generation': 777}","{'id': 34435, 'rank': 15, 'fitness': 0.12297693700172041, 'generation': 777}","{'id': 34425, 'rank': 16, 'fitness': 0.11857400912902571, 'generation': 777}","{'id': 34414, 'rank': 17, 'fitness': 0.09693856851537597, 'generation': 777}","{'id': 34429, 'rank': 18, 'fitness': 0.0821952314904476, 'generation': 777}","{'id': 34427, 'rank': 19, 'fitness': 0.05579977036646405, 'generation': 777}","{'id': 34407, 'rank': 20, 'fitness': 0.051461401450812516, 'generation': 777}","{'id': 34432, 'rank': 21, 'fitness': 0.04561142876655355, 'generation': 777}","{'id': 34406, 'rank': 22, 'fitness': 0.03757209663410388, 'generation': 777}","{'id': 34421, 'rank': 23, 'fitness': 0.03429826415128534, 'generation': 777}","{'id': 34415, 'rank': 24, 'fitness': 0.030402061556881244, 'generation': 777}","{'id': 34433, 'rank': 25, 'fitness': 0.025147347994834035, 'generation': 777}","{'id': 34416, 'rank': 26, 'fitness': 0.0236105175052721, 'generation': 777}","{'id': 34423, 'rank': 27, 'fitness': 0.02091395267929408, 'generation': 777}","{'id': 34417, 'rank': 28, 'fitness': 0.018546562441601244, 'generation': 777}","{'id': 34412, 'rank': 29, 'fitness': 0.017988921656074963, 'generation': 777}","{'id': 34438, 'rank': 30, 'fitness': 0.01798620996209155, 'generation': 777}"
"{'id': 34472, 'rank': 1, 'fitness': 0.9820137900379085, 'generation': 778}","{'id': 34466, 'rank': 2, 'fitness': 0.9734290318184693, 'generation': 778}","{'id': 34459, 'rank': 3, 'fitness': 0.9426203119733321, 'generation': 778}","{'id': 34474, 'rank': 4, 'fitness': 0.9371176937855663, 'generation': 778}","{'id': 34473, 'rank': 5, 'fitness': 0.9270072251458807, 'generation': 778}","{'id': 34465, 'rank': 6, 'fitness': 0.922269219876671, 'generation': 778}","{'id': 34470, 'rank': 7, 'fitness': 0.8818021803847446, 'generation': 778}","{'id': 34478, 'rank': 8, 'fitness': 0.8775827012198376, 'generation': 778}","{'id': 34461, 'rank': 9, 'fitness': 0.8360760261316416, 'generation': 778}","{'id': 34464, 'rank': 10, 'fitness': 0.7944057204537053, 'generation': 778}","{'id': 34448, 'rank': 11, 'fitness': 0.696893356539258, 'generation': 778}","{'id': 34475, 'rank': 12, 'fitness': 0.6676958388653432, 'generation': 778}","{'id': 34468, 'rank': 13, 'fitness': 0.6243927333476916, 'generation': 778}","{'id': 34471, 'rank': 14, 'fitness': 0.6045921418230814, 'generation': 778}","{'id': 34479, 'rank': 15, 'fitness': 0.5712336052827137, 'generation': 778}","{'id': 34467, 'rank': 16, 'fitness': 0.5237234212203368, 'generation': 778}","{'id': 34463, 'rank': 17, 'fitness': 0.5086602308810584, 'generation': 778}","{'id': 34477, 'rank': 18, 'fitness': 0.460067862322694, 'generation': 778}","{'id': 34450, 'rank': 19, 'fitness': 0.42686627440192554, 'generation': 778}","{'id': 34457, 'rank': 20, 'fitness': 0.3307430417323173, 'generation': 778}","{'id': 34476, 'rank': 21, 'fitness': 0.23875163626757062, 'generation': 778}","{'id': 34451, 'rank': 22, 'fitness': 0.20775330766359135, 'generation': 778}","{'id': 34469, 'rank': 23, 'fitness': 0.15860970772363164, 'generation': 778}","{'id': 34462, 'rank': 24, 'fitness': 0.14061826411468226, 'generation': 778}","{'id': 34454, 'rank': 25, 'fitness': 0.1360164924585533, 'generation': 778}","{'id': 34460, 'rank': 26, 'fitness': 0.08581918279404682, 'generation': 778}","{'id': 34480, 'rank': 27, 'fitness': 0.08199801339114954, 'generation': 778}","{'id': 34455, 'rank': 28, 'fitness': 0.06397086701655946, 'generation': 778}","{'id': 34449, 'rank': 29, 'fitness': 0.04326888201378276, 'generation': 778}","{'id': 34458, 'rank': 30, 'fitness': 0.01798620996209155, 'generation': 778}"
"{'id': 34523, 'rank': 1, 'fitness': 0.9820137900379085, 'generation': 779}","{'id': 34538, 'rank': 2, 'fitness': 0.9703688929768982, 'generation': 779}","{'id': 34504, 'rank': 3, 'fitness': 0.9233974458975575, 'generation': 779}","{'id': 34536, 'rank': 4, 'fitness': 0.9110700673943867, 'generation': 779}","{'id': 34546, 'rank': 5, 'fitness': 0.9043591732107191, 'generation': 779}","{'id': 34545, 'rank': 6, 'fitness': 0.8349455298476873, 'generation': 779}","{'id': 34531, 'rank': 7, 'fitness': 0.8305256667186576, 'generation': 779}","{'id': 34501, 'rank': 8, 'fitness': 0.805382291334436, 'generation': 779}","{'id': 34540, 'rank': 9, 'fitness': 0.7649572340813511, 'generation': 779}","{'id': 34483, 'rank': 10, 'fitness': 0.720539820519139, 'generation': 779}","{'id': 34541, 'rank': 11, 'fitness': 0.6757726845744342, 'generation': 779}","{'id': 34534, 'rank': 12, 'fitness': 0.616035387026244, 'generation': 779}","{'id': 34524, 'rank': 13, 'fitness': 0.5882815270317338, 'generation': 779}","{'id': 34539, 'rank': 14, 'fitness': 0.3913105760143191, 'generation': 779}","{'id': 34537, 'rank': 15, 'fitness': 0.36420684905961515, 'generation': 779}","{'id': 34542, 'rank': 16, 'fitness': 0.23710043062429975, 'generation': 779}","{'id': 34487, 'rank': 17, 'fitness': 0.23702630870221797, 'generation': 779}","{'id': 34532, 'rank': 18, 'fitness': 0.22259676815787943, 'generation': 779}","{'id': 34485, 'rank': 19, 'fitness': 0.20018301968517127, 'generation': 779}","{'id': 34506, 'rank': 20, 'fitness': 0.18416381314002056, 'generation': 779}","{'id': 34525, 'rank': 21, 'fitness': 0.1283020129363267, 'generation': 779}","{'id': 34502, 'rank': 22, 'fitness': 0.0833732912289008, 'generation': 779}","{'id': 34530, 'rank': 23, 'fitness': 0.0718610378216249, 'generation': 779}","{'id': 34500, 'rank': 24, 'fitness': 0.05216008542370432, 'generation': 779}","{'id': 34515, 'rank': 25, 'fitness': 0.05185461980125483, 'generation': 779}","{'id': 34528, 'rank': 26, 'fitness': 0.04721251760650674, 'generation': 779}","{'id': 34498, 'rank': 27, 'fitness': 0.04272259798406974, 'generation': 779}","{'id': 34516, 'rank': 28, 'fitness': 0.034355468484579654, 'generation': 779}","{'id': 34520, 'rank': 29, 'fitness': 0.027054078610589505, 'generation': 779}","{'id': 34481, 'rank': 30, 'fitness': 0.01798620996209155, 'generation': 779}"
"{'id': 34585, 'rank': 1, 'fitness': 0.9820137900379085, 'generation': 780}","{'id': 34579, 'rank': 2, 'fitness': 0.8855794986892254, 'generation': 780}","{'id': 34580, 'rank': 3, 'fitness': 0.662986281299519, 'generation': 780}","{'id': 34571, 'rank': 4, 'fitness': 0.47618567727477423, 'generation': 780}","{'id': 34584, 'rank': 5, 'fitness': 0.453487004614441, 'generation': 780}","{'id': 34587, 'rank': 6, 'fitness': 0.3242409916183489, 'generation': 780}","{'id': 34583, 'rank': 7, 'fitness': 0.2792693920177223, 'generation': 780}","{'id': 34575, 'rank': 8, 'fitness': 0.24043139396058055, 'generation': 780}","{'id': 34588, 'rank': 9, 'fitness': 0.1976274891000389, 'generation': 780}","{'id': 34576, 'rank': 10, 'fitness': 0.18451189273440616, 'generation': 780}","{'id': 34561, 'rank': 11, 'fitness': 0.13832127163481295, 'generation': 780}","{'id': 34589, 'rank': 12, 'fitness': 0.11873301145364279, 'generation': 780}","{'id': 34578, 'rank': 13, 'fitness': 0.10595187738528372, 'generation': 780}","{'id': 34550, 'rank': 14, 'fitness': 0.10526495233375571, 'generation': 780}","{'id': 34556, 'rank': 15, 'fitness': 0.08630732973159044, 'generation': 780}","{'id': 34582, 'rank': 16, 'fitness': 0.0757338378980551, 'generation': 780}","{'id': 34552, 'rank': 17, 'fitness': 0.06975330555525322, 'generation': 780}","{'id': 34566, 'rank': 18, 'fitness': 0.06628839032300748, 'generation': 780}","{'id': 34555, 'rank': 19, 'fitness': 0.05799325490596946, 'generation': 780}","{'id': 34557, 'rank': 20, 'fitness': 0.056261863764770215, 'generation': 780}","{'id': 34573, 'rank': 21, 'fitness': 0.055674051803574987, 'generation': 780}","{'id': 34590, 'rank': 22, 'fitness': 0.05525106539076191, 'generation': 780}","{'id': 34553, 'rank': 23, 'fitness': 0.05438034858990204, 'generation': 780}","{'id': 34581, 'rank': 24, 'fitness': 0.05260620044460668, 'generation': 780}","{'id': 34574, 'rank': 25, 'fitness': 0.03492313380688805, 'generation': 780}","{'id': 34572, 'rank': 26, 'fitness': 0.030687440309216107, 'generation': 780}","{'id': 34568, 'rank': 27, 'fitness': 0.030053664895153043, 'generation': 780}","{'id': 34563, 'rank': 28, 'fitness': 0.027538193539467626, 'generation': 780}","{'id': 34560, 'rank': 29, 'fitness': 0.02444218598899428, 'generation': 780}","{'id': 34565, 'rank': 30, 'fitness': 0.01798620996209155, 'generation': 780}"
"{'id': 34621, 'rank': 1, 'fitness': 0.9820137900379085, 'generation': 781}","{'id': 34605, 'rank': 2, 'fitness': 0.883280127951485, 'generation': 781}","{'id': 34618, 'rank': 3, 'fitness': 0.7759788241633925, 'generation': 781}","{'id': 34615, 'rank': 4, 'fitness': 0.6865801228946596, 'generation': 781}","{'id': 34608, 'rank': 5, 'fitness': 0.586277652590553, 'generation': 781}","{'id': 34610, 'rank': 6, 'fitness': 0.5852876503939045, 'generation': 781}","{'id': 34603, 'rank': 7, 'fitness': 0.5286330120742316, 'generation': 781}","{'id': 34624, 'rank': 8, 'fitness': 0.5217295328993884, 'generation': 781}","{'id': 34598, 'rank': 9, 'fitness': 0.5032969004134594, 'generation': 781}","{'id': 34617, 'rank': 10, 'fitness': 0.4471756343911961, 'generation': 781}","{'id': 34602, 'rank': 11, 'fitness': 0.38738478070100835, 'generation': 781}","{'id': 34607, 'rank': 12, 'fitness': 0.383350189136185, 'generation': 781}","{'id': 34612, 'rank': 13, 'fitness': 0.3728826699472625, 'generation': 781}","{'id': 34601, 'rank': 14, 'fitness': 0.36941828916961283, 'generation': 781}","{'id': 34619, 'rank': 15, 'fitness': 0.32476202632292367, 'generation': 781}","{'id': 34606, 'rank': 16, 'fitness': 0.2874881434626547, 'generation': 781}","{'id': 34604, 'rank': 17, 'fitness': 0.2737427060475651, 'generation': 781}","{'id': 34597, 'rank': 18, 'fitness': 0.20589533293647305, 'generation': 781}","{'id': 34613, 'rank': 19, 'fitness': 0.2007508658702743, 'generation': 781}","{'id': 34614, 'rank': 20, 'fitness': 0.15222260416110855, 'generation': 781}","{'id': 34620, 'rank': 21, 'fitness': 0.1434100774816069, 'generation': 781}","{'id': 34595, 'rank': 22, 'fitness': 0.09277242099515065, 'generation': 781}","{'id': 34594, 'rank': 23, 'fitness': 0.081744933570577, 'generation': 781}","{'id': 34596, 'rank': 24, 'fitness': 0.08140186692706886, 'generation': 781}","{'id': 34600, 'rank': 25, 'fitness': 0.05207056305697433, 'generation': 781}","{'id': 34623, 'rank': 26, 'fitness': 0.041269432718654686, 'generation': 781}","{'id': 34599, 'rank': 27, 'fitness': 0.0383895391327016, 'generation': 781}","{'id': 34611, 'rank': 28, 'fitness': 0.03429538165588736, 'generation': 781}","{'id': 34592, 'rank': 29, 'fitness': 0.018495854263223643, 'generation': 781}","{'id': 34625, 'rank': 30, 'fitness': 0.01798620996209155, 'generation': 781}"
"{'id': 34668, 'rank': 1, 'fitness': 0.9820137900379085, 'generation': 782}","{'id': 34667, 'rank': 2, 'fitness': 0.8027553085258873, 'generation': 782}","{'id': 34653, 'rank': 3, 'fitness': 0.7957101907057067, 'generation': 782}","{'id': 34672, 'rank': 4, 'fitness': 0.7242215667817978, 'generation': 782}","{'id': 34673, 'rank': 5, 'fitness': 0.7207755569753056, 'generation': 782}","{'id': 34674, 'rank': 6, 'fitness': 0.6028135533003819, 'generation': 782}","{'id': 34671, 'rank': 7, 'fitness': 0.5871577201124761, 'generation': 782}","{'id': 34635, 'rank': 8, 'fitness': 0.5635961105578042, 'generation': 782}","{'id': 34634, 'rank': 9, 'fitness': 0.5573896221326614, 'generation': 782}","{'id': 34640, 'rank': 10, 'fitness': 0.45031061512545495, 'generation': 782}","{'id': 34670, 'rank': 11, 'fitness': 0.34450054749419756, 'generation': 782}","{'id': 34664, 'rank': 12, 'fitness': 0.28700686145309906, 'generation': 782}","{'id': 34675, 'rank': 13, 'fitness': 0.25830969266897497, 'generation': 782}","{'id': 34647, 'rank': 14, 'fitness': 0.24342793246620742, 'generation': 782}","{'id': 34626, 'rank': 15, 'fitness': 0.21261057632410313, 'generation': 782}","{'id': 34646, 'rank': 16, 'fitness': 0.21010820813318937, 'generation': 782}","{'id': 34632, 'rank': 17, 'fitness': 0.1941396244584268, 'generation': 782}","{'id': 34659, 'rank': 18, 'fitness': 0.17819726532319463, 'generation': 782}","{'id': 34661, 'rank': 19, 'fitness': 0.1753590337978828, 'generation': 782}","{'id': 34644, 'rank': 20, 'fitness': 0.12703358725960956, 'generation': 782}","{'id': 34638, 'rank': 21, 'fitness': 0.08009032184870923, 'generation': 782}","{'id': 34669, 'rank': 22, 'fitness': 0.07281458990659057, 'generation': 782}","{'id': 34663, 'rank': 23, 'fitness': 0.07001344787602132, 'generation': 782}","{'id': 34643, 'rank': 24, 'fitness': 0.06230199585056273, 'generation': 782}","{'id': 34658, 'rank': 25, 'fitness': 0.05183783029143296, 'generation': 782}","{'id': 34656, 'rank': 26, 'fitness': 0.040241483601235695, 'generation': 782}","{'id': 34665, 'rank': 27, 'fitness': 0.02941575377323502, 'generation': 782}","{'id': 34652, 'rank': 28, 'fitness': 0.02763035465894753, 'generation': 782}","{'id': 34660, 'rank': 29, 'fitness': 0.02322884333703329, 'generation': 782}","{'id': 34651, 'rank': 30, 'fitness': 0.01798620996209155, 'generation': 782}"
"{'id': 34702, 'rank': 1, 'fitness': 0.9820137900379085, 'generation': 783}","{'id': 34686, 'rank': 2, 'fitness': 0.9169732734690886, 'generation': 783}","{'id': 34712, 'rank': 3, 'fitness': 0.8763260456313658, 'generation': 783}","{'id': 34716, 'rank': 4, 'fitness': 0.7744337156076235, 'generation': 783}","{'id': 34720, 'rank': 5, 'fitness': 0.6646743424004982, 'generation': 783}","{'id': 34709, 'rank': 6, 'fitness': 0.6444954191946355, 'generation': 783}","{'id': 34687, 'rank': 7, 'fitness': 0.5638282766158225, 'generation': 783}","{'id': 34696, 'rank': 8, 'fitness': 0.5562800339641337, 'generation': 783}","{'id': 34717, 'rank': 9, 'fitness': 0.30943835857751983, 'generation': 783}","{'id': 34715, 'rank': 10, 'fitness': 0.2958249097015712, 'generation': 783}","{'id': 34706, 'rank': 11, 'fitness': 0.2785501223358594, 'generation': 783}","{'id': 34714, 'rank': 12, 'fitness': 0.23086284631360504, 'generation': 783}","{'id': 34683, 'rank': 13, 'fitness': 0.18727413088392897, 'generation': 783}","{'id': 34711, 'rank': 14, 'fitness': 0.18026650217027324, 'generation': 783}","{'id': 34682, 'rank': 15, 'fitness': 0.1668696675270563, 'generation': 783}","{'id': 34701, 'rank': 16, 'fitness': 0.13817660451585045, 'generation': 783}","{'id': 34718, 'rank': 17, 'fitness': 0.11221631388113806, 'generation': 783}","{'id': 34688, 'rank': 18, 'fitness': 0.06967040363878846, 'generation': 783}","{'id': 34695, 'rank': 19, 'fitness': 0.05180112922497493, 'generation': 783}","{'id': 34713, 'rank': 20, 'fitness': 0.047761188886743966, 'generation': 783}","{'id': 34704, 'rank': 21, 'fitness': 0.04261764778355387, 'generation': 783}","{'id': 34693, 'rank': 22, 'fitness': 0.04162313073550228, 'generation': 783}","{'id': 34721, 'rank': 23, 'fitness': 0.04065647162862657, 'generation': 783}","{'id': 34705, 'rank': 24, 'fitness': 0.037221168085416034, 'generation': 783}","{'id': 34700, 'rank': 25, 'fitness': 0.03402291128788981, 'generation': 783}","{'id': 34697, 'rank': 26, 'fitness': 0.025933770580089943, 'generation': 783}","{'id': 34690, 'rank': 27, 'fitness': 0.02382462964130211, 'generation': 783}","{'id': 34710, 'rank': 28, 'fitness': 0.023574236931269865, 'generation': 783}","{'id': 34681, 'rank': 29, 'fitness': 0.02252967266933703, 'generation': 783}","{'id': 34707, 'rank': 30, 'fitness': 0.01798620996209155, 'generation': 783}"
"{'id': 34756, 'rank': 1, 'fitness': 0.9820137900379085, 'generation': 784}","{'id': 34745, 'rank': 2, 'fitness': 0.8200799965195903, 'generation': 784}","{'id': 34748, 'rank': 3, 'fitness': 0.8077869061432397, 'generation': 784}","{'id': 34747, 'rank': 4, 'fitness': 0.7187688894840338, 'generation': 784}","{'id': 34750, 'rank': 5, 'fitness': 0.7064971902685634, 'generation': 784}","{'id': 34762, 'rank': 6, 'fitness': 0.686567123726541, 'generation': 784}","{'id': 34761, 'rank': 7, 'fitness': 0.5643570345973176, 'generation': 784}","{'id': 34744, 'rank': 8, 'fitness': 0.5421338316932927, 'generation': 784}","{'id': 34740, 'rank': 9, 'fitness': 0.5338509418117302, 'generation': 784}","{'id': 34753, 'rank': 10, 'fitness': 0.4604876370917832, 'generation': 784}","{'id': 34749, 'rank': 11, 'fitness': 0.34836714950517167, 'generation': 784}","{'id': 34736, 'rank': 12, 'fitness': 0.28395388860289417, 'generation': 784}","{'id': 34760, 'rank': 13, 'fitness': 0.2641612835178615, 'generation': 784}","{'id': 34733, 'rank': 14, 'fitness': 0.17687904137408594, 'generation': 784}","{'id': 34758, 'rank': 15, 'fitness': 0.15705030104921197, 'generation': 784}","{'id': 34734, 'rank': 16, 'fitness': 0.15072797912151575, 'generation': 784}","{'id': 34743, 'rank': 17, 'fitness': 0.13749191528561422, 'generation': 784}","{'id': 34755, 'rank': 18, 'fitness': 0.13508733891148833, 'generation': 784}","{'id': 34746, 'rank': 19, 'fitness': 0.12782192926584623, 'generation': 784}","{'id': 34730, 'rank': 20, 'fitness': 0.10694833164983042, 'generation': 784}","{'id': 34738, 'rank': 21, 'fitness': 0.10168060769247045, 'generation': 784}","{'id': 34739, 'rank': 22, 'fitness': 0.07819400152969663, 'generation': 784}","{'id': 34728, 'rank': 23, 'fitness': 0.06164106613442544, 'generation': 784}","{'id': 34732, 'rank': 24, 'fitness': 0.057288539054416276, 'generation': 784}","{'id': 34724, 'rank': 25, 'fitness': 0.043063979395732255, 'generation': 784}","{'id': 34729, 'rank': 26, 'fitness': 0.03773767221668639, 'generation': 784}","{'id': 34752, 'rank': 27, 'fitness': 0.032582960391407845, 'generation': 784}","{'id': 34754, 'rank': 28, 'fitness': 0.024019728841282006, 'generation': 784}","{'id': 34759, 'rank': 29, 'fitness': 0.018535435975878534, 'generation': 784}","{'id': 34757, 'rank': 30, 'fitness': 0.01798620996209155, 'generation': 784}"
"{'id': 34802, 'rank': 1, 'fitness': 0.9820137900379085, 'generation': 785}","{'id': 34780, 'rank': 2, 'fitness': 0.9653170996456231, 'generation': 785}","{'id': 34796, 'rank': 3, 'fitness': 0.9172363840475537, 'generation': 785}","{'id': 34784, 'rank': 4, 'fitness': 0.8975270912394374, 'generation': 785}","{'id': 34789, 'rank': 5, 'fitness': 0.8778602795214814, 'generation': 785}","{'id': 34807, 'rank': 6, 'fitness': 0.8577365461011655, 'generation': 785}","{'id': 34785, 'rank': 7, 'fitness': 0.7985535368697764, 'generation': 785}","{'id': 34795, 'rank': 8, 'fitness': 0.7574047843523439, 'generation': 785}","{'id': 34805, 'rank': 9, 'fitness': 0.7556990090545189, 'generation': 785}","{'id': 34767, 'rank': 10, 'fitness': 0.7220607119396893, 'generation': 785}","{'id': 34806, 'rank': 11, 'fitness': 0.5600802703989174, 'generation': 785}","{'id': 34781, 'rank': 12, 'fitness': 0.4289766315629859, 'generation': 785}","{'id': 34765, 'rank': 13, 'fitness': 0.32817503165166817, 'generation': 785}","{'id': 34775, 'rank': 14, 'fitness': 0.31045626005965704, 'generation': 785}","{'id': 34791, 'rank': 15, 'fitness': 0.30578755420703974, 'generation': 785}","{'id': 34797, 'rank': 16, 'fitness': 0.24413343774189783, 'generation': 785}","{'id': 34777, 'rank': 17, 'fitness': 0.14380322098057685, 'generation': 785}","{'id': 34769, 'rank': 18, 'fitness': 0.11325135811624659, 'generation': 785}","{'id': 34772, 'rank': 19, 'fitness': 0.10182907016468801, 'generation': 785}","{'id': 34783, 'rank': 20, 'fitness': 0.09272966275563244, 'generation': 785}","{'id': 34804, 'rank': 21, 'fitness': 0.08779223135109454, 'generation': 785}","{'id': 34798, 'rank': 22, 'fitness': 0.06878612414244634, 'generation': 785}","{'id': 34792, 'rank': 23, 'fitness': 0.06795637225037277, 'generation': 785}","{'id': 34771, 'rank': 24, 'fitness': 0.056592342274709495, 'generation': 785}","{'id': 34801, 'rank': 25, 'fitness': 0.054289118609210985, 'generation': 785}","{'id': 34773, 'rank': 26, 'fitness': 0.035804689493292685, 'generation': 785}","{'id': 34803, 'rank': 27, 'fitness': 0.034971661295630285, 'generation': 785}","{'id': 34776, 'rank': 28, 'fitness': 0.026324991246706952, 'generation': 785}","{'id': 34793, 'rank': 29, 'fitness': 0.02501226899643938, 'generation': 785}","{'id': 34778, 'rank': 30, 'fitness': 0.01798620996209155, 'generation': 785}"
"{'id': 34848, 'rank': 1, 'fitness': 0.9820137900379085, 'generation': 786}","{'id': 34850, 'rank': 2, 'fitness': 0.9650814462630379, 'generation': 786}","{'id': 34829, 'rank': 3, 'fitness': 0.7889053215635868, 'generation': 786}","{'id': 34840, 'rank': 4, 'fitness': 0.7399606400763861, 'generation': 786}","{'id': 34839, 'rank': 5, 'fitness': 0.6606436003194807, 'generation': 786}","{'id': 34854, 'rank': 6, 'fitness': 0.6388099306531829, 'generation': 786}","{'id': 34849, 'rank': 7, 'fitness': 0.5186858289885034, 'generation': 786}","{'id': 34833, 'rank': 8, 'fitness': 0.3141639083469081, 'generation': 786}","{'id': 34846, 'rank': 9, 'fitness': 0.29459415925846144, 'generation': 786}","{'id': 34824, 'rank': 10, 'fitness': 0.1708703620324164, 'generation': 786}","{'id': 34847, 'rank': 11, 'fitness': 0.1497243660802675, 'generation': 786}","{'id': 34845, 'rank': 12, 'fitness': 0.11797883558528355, 'generation': 786}","{'id': 34809, 'rank': 13, 'fitness': 0.11462022003432837, 'generation': 786}","{'id': 34843, 'rank': 14, 'fitness': 0.0854219128133652, 'generation': 786}","{'id': 34826, 'rank': 15, 'fitness': 0.0783139424351561, 'generation': 786}","{'id': 34842, 'rank': 16, 'fitness': 0.0782037286264195, 'generation': 786}","{'id': 34814, 'rank': 17, 'fitness': 0.07665889021121697, 'generation': 786}","{'id': 34830, 'rank': 18, 'fitness': 0.07086902904518255, 'generation': 786}","{'id': 34841, 'rank': 19, 'fitness': 0.06455977709597022, 'generation': 786}","{'id': 34820, 'rank': 20, 'fitness': 0.06281091546716044, 'generation': 786}","{'id': 34825, 'rank': 21, 'fitness': 0.05627979187593557, 'generation': 786}","{'id': 34815, 'rank': 22, 'fitness': 0.05358876933333778, 'generation': 786}","{'id': 34844, 'rank': 23, 'fitness': 0.053347235762497835, 'generation': 786}","{'id': 34852, 'rank': 24, 'fitness': 0.04722878841767847, 'generation': 786}","{'id': 34851, 'rank': 25, 'fitness': 0.02443967093004329, 'generation': 786}","{'id': 34831, 'rank': 26, 'fitness': 0.024170973550413033, 'generation': 786}","{'id': 34838, 'rank': 27, 'fitness': 0.0228585736864092, 'generation': 786}","{'id': 34811, 'rank': 28, 'fitness': 0.021524085179673635, 'generation': 786}","{'id': 34855, 'rank': 29, 'fitness': 0.018665506035059065, 'generation': 786}","{'id': 34828, 'rank': 30, 'fitness': 0.01798620996209155, 'generation': 786}"
"{'id': 34883, 'rank': 1, 'fitness': 0.9820137900379085, 'generation': 787}","{'id': 34895, 'rank': 2, 'fitness': 0.978797489914762, 'generation': 787}","{'id': 34876, 'rank': 3, 'fitness': 0.978795023536827, 'generation': 787}","{'id': 34885, 'rank': 4, 'fitness': 0.9758227588020572, 'generation': 787}","{'id': 34877, 'rank': 5, 'fitness': 0.9734995067937482, 'generation': 787}","{'id': 34886, 'rank': 6, 'fitness': 0.9676932514158978, 'generation': 787}","{'id': 34890, 'rank': 7, 'fitness': 0.9200129775593673, 'generation': 787}","{'id': 34856, 'rank': 8, 'fitness': 0.9170567067363122, 'generation': 787}","{'id': 34874, 'rank': 9, 'fitness': 0.850545956749341, 'generation': 787}","{'id': 34892, 'rank': 10, 'fitness': 0.8067302483120069, 'generation': 787}","{'id': 34888, 'rank': 11, 'fitness': 0.7386010231624432, 'generation': 787}","{'id': 34872, 'rank': 12, 'fitness': 0.7261926890865122, 'generation': 787}","{'id': 34875, 'rank': 13, 'fitness': 0.711805299542221, 'generation': 787}","{'id': 34889, 'rank': 14, 'fitness': 0.5857427714011245, 'generation': 787}","{'id': 34884, 'rank': 15, 'fitness': 0.5486456165094946, 'generation': 787}","{'id': 34893, 'rank': 16, 'fitness': 0.536098146057109, 'generation': 787}","{'id': 34858, 'rank': 17, 'fitness': 0.4057670259647908, 'generation': 787}","{'id': 34868, 'rank': 18, 'fitness': 0.296121228226948, 'generation': 787}","{'id': 34861, 'rank': 19, 'fitness': 0.10952874776578342, 'generation': 787}","{'id': 34870, 'rank': 20, 'fitness': 0.09637744824270073, 'generation': 787}","{'id': 34880, 'rank': 21, 'fitness': 0.08611006329864435, 'generation': 787}","{'id': 34871, 'rank': 22, 'fitness': 0.0826042629769731, 'generation': 787}","{'id': 34867, 'rank': 23, 'fitness': 0.07296143327268972, 'generation': 787}","{'id': 34879, 'rank': 24, 'fitness': 0.07140755875708032, 'generation': 787}","{'id': 34891, 'rank': 25, 'fitness': 0.061623365552192555, 'generation': 787}","{'id': 34894, 'rank': 26, 'fitness': 0.05243346199379478, 'generation': 787}","{'id': 34866, 'rank': 27, 'fitness': 0.04462221365834279, 'generation': 787}","{'id': 34887, 'rank': 28, 'fitness': 0.03641370396840554, 'generation': 787}","{'id': 34864, 'rank': 29, 'fitness': 0.023437677289445957, 'generation': 787}","{'id': 34878, 'rank': 30, 'fitness': 0.01798620996209155, 'generation': 787}"
"{'id': 34936, 'rank': 1, 'fitness': 0.9820137900379085, 'generation': 788}","{'id': 34904, 'rank': 2, 'fitness': 0.8880125162040079, 'generation': 788}","{'id': 34938, 'rank': 3, 'fitness': 0.8718311669802021, 'generation': 788}","{'id': 34941, 'rank': 4, 'fitness': 0.8347787729432813, 'generation': 788}","{'id': 34930, 'rank': 5, 'fitness': 0.8112147855831415, 'generation': 788}","{'id': 34939, 'rank': 6, 'fitness': 0.7959607213621752, 'generation': 788}","{'id': 34918, 'rank': 7, 'fitness': 0.761448803487629, 'generation': 788}","{'id': 34935, 'rank': 8, 'fitness': 0.7368136476747026, 'generation': 788}","{'id': 34949, 'rank': 9, 'fitness': 0.7351078900760273, 'generation': 788}","{'id': 34947, 'rank': 10, 'fitness': 0.45640597167075775, 'generation': 788}","{'id': 34905, 'rank': 11, 'fitness': 0.3730156915487506, 'generation': 788}","{'id': 34937, 'rank': 12, 'fitness': 0.2421429477405076, 'generation': 788}","{'id': 34916, 'rank': 13, 'fitness': 0.17252697411022494, 'generation': 788}","{'id': 34898, 'rank': 14, 'fitness': 0.12193701929175482, 'generation': 788}","{'id': 34928, 'rank': 15, 'fitness': 0.10646903283179887, 'generation': 788}","{'id': 34899, 'rank': 16, 'fitness': 0.08763876271861504, 'generation': 788}","{'id': 34948, 'rank': 17, 'fitness': 0.07816506329270245, 'generation': 788}","{'id': 34917, 'rank': 18, 'fitness': 0.07070642550459283, 'generation': 788}","{'id': 34903, 'rank': 19, 'fitness': 0.06539998683498832, 'generation': 788}","{'id': 34902, 'rank': 20, 'fitness': 0.059614345241935485, 'generation': 788}","{'id': 34906, 'rank': 21, 'fitness': 0.04119716927245465, 'generation': 788}","{'id': 34915, 'rank': 22, 'fitness': 0.03974674883280527, 'generation': 788}","{'id': 34913, 'rank': 23, 'fitness': 0.038428320202518906, 'generation': 788}","{'id': 34942, 'rank': 24, 'fitness': 0.03337349117633248, 'generation': 788}","{'id': 34900, 'rank': 25, 'fitness': 0.02935344428194242, 'generation': 788}","{'id': 34927, 'rank': 26, 'fitness': 0.02909451482539166, 'generation': 788}","{'id': 34932, 'rank': 27, 'fitness': 0.028930319570882324, 'generation': 788}","{'id': 34897, 'rank': 28, 'fitness': 0.023399255187973533, 'generation': 788}","{'id': 34925, 'rank': 29, 'fitness': 0.020650494930185115, 'generation': 788}","{'id': 34926, 'rank': 30, 'fitness': 0.01798620996209155, 'generation': 788}"
"{'id': 34982, 'rank': 1, 'fitness': 0.9820137900379085, 'generation': 789}","{'id': 34988, 'rank': 2, 'fitness': 0.9354588198040119, 'generation': 789}","{'id': 34991, 'rank': 3, 'fitness': 0.9313002104163843, 'generation': 789}","{'id': 34975, 'rank': 4, 'fitness': 0.7561086782883822, 'generation': 789}","{'id': 34981, 'rank': 5, 'fitness': 0.7511771143112916, 'generation': 789}","{'id': 34974, 'rank': 6, 'fitness': 0.5747673279655738, 'generation': 789}","{'id': 34984, 'rank': 7, 'fitness': 0.538727768526717, 'generation': 789}","{'id': 34979, 'rank': 8, 'fitness': 0.4526592908197419, 'generation': 789}","{'id': 34962, 'rank': 9, 'fitness': 0.4508606186123187, 'generation': 789}","{'id': 34978, 'rank': 10, 'fitness': 0.42450742475240666, 'generation': 789}","{'id': 34960, 'rank': 11, 'fitness': 0.3842320853356467, 'generation': 789}","{'id': 34956, 'rank': 12, 'fitness': 0.3125957228096923, 'generation': 789}","{'id': 34983, 'rank': 13, 'fitness': 0.2771981593101266, 'generation': 789}","{'id': 34990, 'rank': 14, 'fitness': 0.23617146029823455, 'generation': 789}","{'id': 34972, 'rank': 15, 'fitness': 0.19044154716027295, 'generation': 789}","{'id': 34969, 'rank': 16, 'fitness': 0.1529470415056563, 'generation': 789}","{'id': 34951, 'rank': 17, 'fitness': 0.1335242053849578, 'generation': 789}","{'id': 34964, 'rank': 18, 'fitness': 0.1318355691321656, 'generation': 789}","{'id': 34986, 'rank': 19, 'fitness': 0.1141612614940632, 'generation': 789}","{'id': 34976, 'rank': 20, 'fitness': 0.11194141250931966, 'generation': 789}","{'id': 34970, 'rank': 21, 'fitness': 0.11142726717221091, 'generation': 789}","{'id': 34980, 'rank': 22, 'fitness': 0.0890539324676417, 'generation': 789}","{'id': 34950, 'rank': 23, 'fitness': 0.05913215175388187, 'generation': 789}","{'id': 34957, 'rank': 24, 'fitness': 0.03638232531391761, 'generation': 789}","{'id': 34968, 'rank': 25, 'fitness': 0.03516428735951588, 'generation': 789}","{'id': 34961, 'rank': 26, 'fitness': 0.03397237356577254, 'generation': 789}","{'id': 34985, 'rank': 27, 'fitness': 0.028537862523820956, 'generation': 789}","{'id': 34953, 'rank': 28, 'fitness': 0.02322298556671243, 'generation': 789}","{'id': 34952, 'rank': 29, 'fitness': 0.019576092860749572, 'generation': 789}","{'id': 34955, 'rank': 30, 'fitness': 0.01798620996209155, 'generation': 789}"
"{'id': 35032, 'rank': 1, 'fitness': 0.9820137900379085, 'generation': 790}","{'id': 35014, 'rank': 2, 'fitness': 0.9452818559661369, 'generation': 790}","{'id': 35019, 'rank': 3, 'fitness': 0.7772426473785452, 'generation': 790}","{'id': 35009, 'rank': 4, 'fitness': 0.6785719593167553, 'generation': 790}","{'id': 35023, 'rank': 5, 'fitness': 0.6222683339861692, 'generation': 790}","{'id': 35034, 'rank': 6, 'fitness': 0.5936897007619651, 'generation': 790}","{'id': 35006, 'rank': 7, 'fitness': 0.5858366968119629, 'generation': 790}","{'id': 35027, 'rank': 8, 'fitness': 0.510672259802466, 'generation': 790}","{'id': 35033, 'rank': 9, 'fitness': 0.4121796088627326, 'generation': 790}","{'id': 35025, 'rank': 10, 'fitness': 0.4095085201226096, 'generation': 790}","{'id': 35003, 'rank': 11, 'fitness': 0.23232578503686518, 'generation': 790}","{'id': 35026, 'rank': 12, 'fitness': 0.17786400431278826, 'generation': 790}","{'id': 35005, 'rank': 13, 'fitness': 0.16350506272318915, 'generation': 790}","{'id': 35016, 'rank': 14, 'fitness': 0.1493588891195985, 'generation': 790}","{'id': 35031, 'rank': 15, 'fitness': 0.11241277060890986, 'generation': 790}","{'id': 35015, 'rank': 16, 'fitness': 0.10837798899438622, 'generation': 790}","{'id': 35020, 'rank': 17, 'fitness': 0.10760277913741201, 'generation': 790}","{'id': 34998, 'rank': 18, 'fitness': 0.08892887202208088, 'generation': 790}","{'id': 35024, 'rank': 19, 'fitness': 0.08273041095241018, 'generation': 790}","{'id': 35008, 'rank': 20, 'fitness': 0.08074962217108783, 'generation': 790}","{'id': 35021, 'rank': 21, 'fitness': 0.07798392873436638, 'generation': 790}","{'id': 35030, 'rank': 22, 'fitness': 0.06674877400295198, 'generation': 790}","{'id': 35018, 'rank': 23, 'fitness': 0.037473006101541806, 'generation': 790}","{'id': 35010, 'rank': 24, 'fitness': 0.0314298327973801, 'generation': 790}","{'id': 35004, 'rank': 25, 'fitness': 0.02422355679428384, 'generation': 790}","{'id': 35011, 'rank': 26, 'fitness': 0.023790576078559056, 'generation': 790}","{'id': 35002, 'rank': 27, 'fitness': 0.023607098447695707, 'generation': 790}","{'id': 34994, 'rank': 28, 'fitness': 0.019329725300994083, 'generation': 790}","{'id': 35013, 'rank': 29, 'fitness': 0.018100388962715264, 'generation': 790}","{'id': 35022, 'rank': 30, 'fitness': 0.01798620996209155, 'generation': 790}"
"{'id': 35073, 'rank': 1, 'fitness': 0.9820137900379085, 'generation': 791}","{'id': 35049, 'rank': 2, 'fitness': 0.9179648207437496, 'generation': 791}","{'id': 35039, 'rank': 3, 'fitness': 0.892631431967946, 'generation': 791}","{'id': 35068, 'rank': 4, 'fitness': 0.8182365750272962, 'generation': 791}","{'id': 35054, 'rank': 5, 'fitness': 0.7580614573238225, 'generation': 791}","{'id': 35067, 'rank': 6, 'fitness': 0.722434661180851, 'generation': 791}","{'id': 35071, 'rank': 7, 'fitness': 0.5517291306952764, 'generation': 791}","{'id': 35059, 'rank': 8, 'fitness': 0.460749613036328, 'generation': 791}","{'id': 35057, 'rank': 9, 'fitness': 0.28899830303449126, 'generation': 791}","{'id': 35047, 'rank': 10, 'fitness': 0.26588848468363074, 'generation': 791}","{'id': 35070, 'rank': 11, 'fitness': 0.24938410853687676, 'generation': 791}","{'id': 35072, 'rank': 12, 'fitness': 0.2183631295708658, 'generation': 791}","{'id': 35076, 'rank': 13, 'fitness': 0.20656971219872478, 'generation': 791}","{'id': 35064, 'rank': 14, 'fitness': 0.20008665662163916, 'generation': 791}","{'id': 35061, 'rank': 15, 'fitness': 0.16199418290866957, 'generation': 791}","{'id': 35052, 'rank': 16, 'fitness': 0.11003615834834768, 'generation': 791}","{'id': 35060, 'rank': 17, 'fitness': 0.098270612926187, 'generation': 791}","{'id': 35069, 'rank': 18, 'fitness': 0.09785616087976645, 'generation': 791}","{'id': 35046, 'rank': 19, 'fitness': 0.09078106868115732, 'generation': 791}","{'id': 35075, 'rank': 20, 'fitness': 0.08948170217072238, 'generation': 791}","{'id': 35074, 'rank': 21, 'fitness': 0.06923816852553139, 'generation': 791}","{'id': 35053, 'rank': 22, 'fitness': 0.061126733186737114, 'generation': 791}","{'id': 35038, 'rank': 23, 'fitness': 0.057737202377047214, 'generation': 791}","{'id': 35037, 'rank': 24, 'fitness': 0.05370871898620633, 'generation': 791}","{'id': 35066, 'rank': 25, 'fitness': 0.05166662603752281, 'generation': 791}","{'id': 35062, 'rank': 26, 'fitness': 0.05117459034192978, 'generation': 791}","{'id': 35056, 'rank': 27, 'fitness': 0.0506519703852889, 'generation': 791}","{'id': 35042, 'rank': 28, 'fitness': 0.03818912479727282, 'generation': 791}","{'id': 35041, 'rank': 29, 'fitness': 0.027991096395795056, 'generation': 791}","{'id': 35058, 'rank': 30, 'fitness': 0.01798620996209155, 'generation': 791}"
"{'id': 35104, 'rank': 1, 'fitness': 0.9820137900379085, 'generation': 792}","{'id': 35109, 'rank': 2, 'fitness': 0.9654869594376019, 'generation': 792}","{'id': 35114, 'rank': 3, 'fitness': 0.9165664839852781, 'generation': 792}","{'id': 35106, 'rank': 4, 'fitness': 0.7595520083156273, 'generation': 792}","{'id': 35112, 'rank': 5, 'fitness': 0.7168110380457251, 'generation': 792}","{'id': 35097, 'rank': 6, 'fitness': 0.6902255033209752, 'generation': 792}","{'id': 35120, 'rank': 7, 'fitness': 0.5887516211716562, 'generation': 792}","{'id': 35101, 'rank': 8, 'fitness': 0.4950856993979971, 'generation': 792}","{'id': 35107, 'rank': 9, 'fitness': 0.37587508299267214, 'generation': 792}","{'id': 35110, 'rank': 10, 'fitness': 0.2996663436595253, 'generation': 792}","{'id': 35098, 'rank': 11, 'fitness': 0.2870451803497586, 'generation': 792}","{'id': 35108, 'rank': 12, 'fitness': 0.26666125574319666, 'generation': 792}","{'id': 35092, 'rank': 13, 'fitness': 0.23426290674984623, 'generation': 792}","{'id': 35116, 'rank': 14, 'fitness': 0.1815376683796479, 'generation': 792}","{'id': 35094, 'rank': 15, 'fitness': 0.1579218277858656, 'generation': 792}","{'id': 35113, 'rank': 16, 'fitness': 0.15359075423739427, 'generation': 792}","{'id': 35085, 'rank': 17, 'fitness': 0.08236755959741393, 'generation': 792}","{'id': 35093, 'rank': 18, 'fitness': 0.07748774491571259, 'generation': 792}","{'id': 35078, 'rank': 19, 'fitness': 0.05614725202028914, 'generation': 792}","{'id': 35115, 'rank': 20, 'fitness': 0.03597638309092421, 'generation': 792}","{'id': 35119, 'rank': 21, 'fitness': 0.03571541556724789, 'generation': 792}","{'id': 35096, 'rank': 22, 'fitness': 0.034465090982474356, 'generation': 792}","{'id': 35083, 'rank': 23, 'fitness': 0.025434577242393674, 'generation': 792}","{'id': 35105, 'rank': 24, 'fitness': 0.025215983183911772, 'generation': 792}","{'id': 35100, 'rank': 25, 'fitness': 0.024098230732131687, 'generation': 792}","{'id': 35118, 'rank': 26, 'fitness': 0.02241183872739666, 'generation': 792}","{'id': 35099, 'rank': 27, 'fitness': 0.021279167988556502, 'generation': 792}","{'id': 35090, 'rank': 28, 'fitness': 0.020222621506643446, 'generation': 792}","{'id': 35077, 'rank': 29, 'fitness': 0.019173340273815953, 'generation': 792}","{'id': 35088, 'rank': 30, 'fitness': 0.01798620996209155, 'generation': 792}"
"{'id': 35153, 'rank': 1, 'fitness': 0.9820137900379085, 'generation': 793}","{'id': 35150, 'rank': 2, 'fitness': 0.617369593512623, 'generation': 793}","{'id': 35161, 'rank': 3, 'fitness': 0.6123963050681545, 'generation': 793}","{'id': 35165, 'rank': 4, 'fitness': 0.5776891041371339, 'generation': 793}","{'id': 35154, 'rank': 5, 'fitness': 0.5276650275011419, 'generation': 793}","{'id': 35131, 'rank': 6, 'fitness': 0.386738551520312, 'generation': 793}","{'id': 35144, 'rank': 7, 'fitness': 0.3262169710834482, 'generation': 793}","{'id': 35133, 'rank': 8, 'fitness': 0.29436447715736114, 'generation': 793}","{'id': 35148, 'rank': 9, 'fitness': 0.2766529031317585, 'generation': 793}","{'id': 35123, 'rank': 10, 'fitness': 0.2493703146301291, 'generation': 793}","{'id': 35130, 'rank': 11, 'fitness': 0.21412158567474243, 'generation': 793}","{'id': 35145, 'rank': 12, 'fitness': 0.16519271434154148, 'generation': 793}","{'id': 35158, 'rank': 13, 'fitness': 0.16345333236098525, 'generation': 793}","{'id': 35135, 'rank': 14, 'fitness': 0.0916834904612423, 'generation': 793}","{'id': 35167, 'rank': 15, 'fitness': 0.08538697212987184, 'generation': 793}","{'id': 35147, 'rank': 16, 'fitness': 0.07943466308431352, 'generation': 793}","{'id': 35151, 'rank': 17, 'fitness': 0.07221795169836881, 'generation': 793}","{'id': 35141, 'rank': 18, 'fitness': 0.0721711319993853, 'generation': 793}","{'id': 35152, 'rank': 19, 'fitness': 0.06953038306170034, 'generation': 793}","{'id': 35157, 'rank': 20, 'fitness': 0.053782043454127015, 'generation': 793}","{'id': 35121, 'rank': 21, 'fitness': 0.04768917071297146, 'generation': 793}","{'id': 35160, 'rank': 22, 'fitness': 0.04250016295238518, 'generation': 793}","{'id': 35156, 'rank': 23, 'fitness': 0.04201953107363343, 'generation': 793}","{'id': 35124, 'rank': 24, 'fitness': 0.03578964561491915, 'generation': 793}","{'id': 35149, 'rank': 25, 'fitness': 0.035724463169525156, 'generation': 793}","{'id': 35159, 'rank': 26, 'fitness': 0.035302724828652154, 'generation': 793}","{'id': 35163, 'rank': 27, 'fitness': 0.03159758304492316, 'generation': 793}","{'id': 35155, 'rank': 28, 'fitness': 0.031035508868551054, 'generation': 793}","{'id': 35136, 'rank': 29, 'fitness': 0.02533662453168095, 'generation': 793}","{'id': 35166, 'rank': 30, 'fitness': 0.01798620996209155, 'generation': 793}"
"{'id': 35198, 'rank': 1, 'fitness': 0.9820137900379085, 'generation': 794}","{'id': 35185, 'rank': 2, 'fitness': 0.9477677081699016, 'generation': 794}","{'id': 35202, 'rank': 3, 'fitness': 0.8656675520346473, 'generation': 794}","{'id': 35193, 'rank': 4, 'fitness': 0.8094461489670058, 'generation': 794}","{'id': 35178, 'rank': 5, 'fitness': 0.7010904519765809, 'generation': 794}","{'id': 35199, 'rank': 6, 'fitness': 0.6582058862898345, 'generation': 794}","{'id': 35197, 'rank': 7, 'fitness': 0.6354922788725164, 'generation': 794}","{'id': 35187, 'rank': 8, 'fitness': 0.6202860203430739, 'generation': 794}","{'id': 35190, 'rank': 9, 'fitness': 0.5475093657223322, 'generation': 794}","{'id': 35203, 'rank': 10, 'fitness': 0.5158981085736808, 'generation': 794}","{'id': 35172, 'rank': 11, 'fitness': 0.4287911194532501, 'generation': 794}","{'id': 35191, 'rank': 12, 'fitness': 0.41775566973114386, 'generation': 794}","{'id': 35196, 'rank': 13, 'fitness': 0.31849538348925854, 'generation': 794}","{'id': 35171, 'rank': 14, 'fitness': 0.19773455877865692, 'generation': 794}","{'id': 35195, 'rank': 15, 'fitness': 0.19725862177262238, 'generation': 794}","{'id': 35186, 'rank': 16, 'fitness': 0.17012924442242905, 'generation': 794}","{'id': 35181, 'rank': 17, 'fitness': 0.15087252247399585, 'generation': 794}","{'id': 35183, 'rank': 18, 'fitness': 0.14628515118078933, 'generation': 794}","{'id': 35184, 'rank': 19, 'fitness': 0.13806774528375076, 'generation': 794}","{'id': 35182, 'rank': 20, 'fitness': 0.1190639752747168, 'generation': 794}","{'id': 35200, 'rank': 21, 'fitness': 0.0933990154474052, 'generation': 794}","{'id': 35180, 'rank': 22, 'fitness': 0.05040730697032836, 'generation': 794}","{'id': 35192, 'rank': 23, 'fitness': 0.050256750210008694, 'generation': 794}","{'id': 35176, 'rank': 24, 'fitness': 0.04326136732349961, 'generation': 794}","{'id': 35189, 'rank': 25, 'fitness': 0.03445011784489349, 'generation': 794}","{'id': 35173, 'rank': 26, 'fitness': 0.03170060101090022, 'generation': 794}","{'id': 35204, 'rank': 27, 'fitness': 0.027082903842195083, 'generation': 794}","{'id': 35194, 'rank': 28, 'fitness': 0.026185476623995563, 'generation': 794}","{'id': 35168, 'rank': 29, 'fitness': 0.01925766505074239, 'generation': 794}","{'id': 35177, 'rank': 30, 'fitness': 0.01798620996209155, 'generation': 794}"
"{'id': 35239, 'rank': 1, 'fitness': 0.9820137900379085, 'generation': 795}","{'id': 35232, 'rank': 2, 'fitness': 0.8110639056416946, 'generation': 795}","{'id': 35237, 'rank': 3, 'fitness': 0.7673159573493127, 'generation': 795}","{'id': 35243, 'rank': 4, 'fitness': 0.666084111388002, 'generation': 795}","{'id': 35219, 'rank': 5, 'fitness': 0.6471574745315228, 'generation': 795}","{'id': 35221, 'rank': 6, 'fitness': 0.32390512895582596, 'generation': 795}","{'id': 35246, 'rank': 7, 'fitness': 0.3109543990804815, 'generation': 795}","{'id': 35245, 'rank': 8, 'fitness': 0.28856793330027636, 'generation': 795}","{'id': 35235, 'rank': 9, 'fitness': 0.2658352082591654, 'generation': 795}","{'id': 35218, 'rank': 10, 'fitness': 0.26340365006806343, 'generation': 795}","{'id': 35230, 'rank': 11, 'fitness': 0.25932385793856105, 'generation': 795}","{'id': 35228, 'rank': 12, 'fitness': 0.2584802112995953, 'generation': 795}","{'id': 35226, 'rank': 13, 'fitness': 0.17855597911582838, 'generation': 795}","{'id': 35224, 'rank': 14, 'fitness': 0.15932485547602293, 'generation': 795}","{'id': 35213, 'rank': 15, 'fitness': 0.15699556092076122, 'generation': 795}","{'id': 35222, 'rank': 16, 'fitness': 0.14544824268096557, 'generation': 795}","{'id': 35241, 'rank': 17, 'fitness': 0.1267073005385546, 'generation': 795}","{'id': 35236, 'rank': 18, 'fitness': 0.12408437137280248, 'generation': 795}","{'id': 35234, 'rank': 19, 'fitness': 0.10288347183794161, 'generation': 795}","{'id': 35238, 'rank': 20, 'fitness': 0.08855890742245276, 'generation': 795}","{'id': 35247, 'rank': 21, 'fitness': 0.08752137760576428, 'generation': 795}","{'id': 35248, 'rank': 22, 'fitness': 0.06765772284922594, 'generation': 795}","{'id': 35244, 'rank': 23, 'fitness': 0.05507323600004638, 'generation': 795}","{'id': 35216, 'rank': 24, 'fitness': 0.04482784288062658, 'generation': 795}","{'id': 35225, 'rank': 25, 'fitness': 0.04245771755197314, 'generation': 795}","{'id': 35249, 'rank': 26, 'fitness': 0.039340244079988984, 'generation': 795}","{'id': 35242, 'rank': 27, 'fitness': 0.03718512955048059, 'generation': 795}","{'id': 35240, 'rank': 28, 'fitness': 0.030921881662808903, 'generation': 795}","{'id': 35229, 'rank': 29, 'fitness': 0.027762720145945607, 'generation': 795}","{'id': 35223, 'rank': 30, 'fitness': 0.01798620996209155, 'generation': 795}"
"{'id': 35287, 'rank': 1, 'fitness': 0.9820137900379085, 'generation': 796}","{'id': 35281, 'rank': 2, 'fitness': 0.6511910787166081, 'generation': 796}","{'id': 35292, 'rank': 3, 'fitness': 0.5361851010575405, 'generation': 796}","{'id': 35264, 'rank': 4, 'fitness': 0.5360063535952405, 'generation': 796}","{'id': 35294, 'rank': 5, 'fitness': 0.4872480499546522, 'generation': 796}","{'id': 35283, 'rank': 6, 'fitness': 0.41012457201578806, 'generation': 796}","{'id': 35267, 'rank': 7, 'fitness': 0.3786861499803198, 'generation': 796}","{'id': 35291, 'rank': 8, 'fitness': 0.3119262520021152, 'generation': 796}","{'id': 35289, 'rank': 9, 'fitness': 0.24284370927086346, 'generation': 796}","{'id': 35274, 'rank': 10, 'fitness': 0.17372374493458143, 'generation': 796}","{'id': 35269, 'rank': 11, 'fitness': 0.1347187783845915, 'generation': 796}","{'id': 35268, 'rank': 12, 'fitness': 0.10286110658761749, 'generation': 796}","{'id': 35251, 'rank': 13, 'fitness': 0.08892126182069338, 'generation': 796}","{'id': 35282, 'rank': 14, 'fitness': 0.0882705414987427, 'generation': 796}","{'id': 35293, 'rank': 15, 'fitness': 0.08406041390534957, 'generation': 796}","{'id': 35255, 'rank': 16, 'fitness': 0.06323852445874889, 'generation': 796}","{'id': 35273, 'rank': 17, 'fitness': 0.062037244375402534, 'generation': 796}","{'id': 35290, 'rank': 18, 'fitness': 0.05341757165739658, 'generation': 796}","{'id': 35266, 'rank': 19, 'fitness': 0.044814427891388564, 'generation': 796}","{'id': 35276, 'rank': 20, 'fitness': 0.03994011951734999, 'generation': 796}","{'id': 35259, 'rank': 21, 'fitness': 0.03366290332393845, 'generation': 796}","{'id': 35288, 'rank': 22, 'fitness': 0.033416358497770804, 'generation': 796}","{'id': 35271, 'rank': 23, 'fitness': 0.03301635115964707, 'generation': 796}","{'id': 35286, 'rank': 24, 'fitness': 0.027086774088838528, 'generation': 796}","{'id': 35254, 'rank': 25, 'fitness': 0.02705851986707153, 'generation': 796}","{'id': 35252, 'rank': 26, 'fitness': 0.024120433601314717, 'generation': 796}","{'id': 35253, 'rank': 27, 'fitness': 0.0221819606370397, 'generation': 796}","{'id': 35263, 'rank': 28, 'fitness': 0.02111106590182832, 'generation': 796}","{'id': 35280, 'rank': 29, 'fitness': 0.018723817319858005, 'generation': 796}","{'id': 35265, 'rank': 30, 'fitness': 0.01798620996209155, 'generation': 796}"
"{'id': 35311, 'rank': 1, 'fitness': 0.9820137900379085, 'generation': 797}","{'id': 35329, 'rank': 2, 'fitness': 0.9533933987978551, 'generation': 797}","{'id': 35330, 'rank': 3, 'fitness': 0.9518479168513242, 'generation': 797}","{'id': 35326, 'rank': 4, 'fitness': 0.9310136771204081, 'generation': 797}","{'id': 35315, 'rank': 5, 'fitness': 0.8824498366089335, 'generation': 797}","{'id': 35301, 'rank': 6, 'fitness': 0.8165865047052988, 'generation': 797}","{'id': 35324, 'rank': 7, 'fitness': 0.6584126334299274, 'generation': 797}","{'id': 35333, 'rank': 8, 'fitness': 0.5556839974813437, 'generation': 797}","{'id': 35307, 'rank': 9, 'fitness': 0.507557471704212, 'generation': 797}","{'id': 35314, 'rank': 10, 'fitness': 0.48006303151108476, 'generation': 797}","{'id': 35328, 'rank': 11, 'fitness': 0.39552879280961045, 'generation': 797}","{'id': 35316, 'rank': 12, 'fitness': 0.39135409317420344, 'generation': 797}","{'id': 35323, 'rank': 13, 'fitness': 0.295679329217058, 'generation': 797}","{'id': 35313, 'rank': 14, 'fitness': 0.2898018385846943, 'generation': 797}","{'id': 35318, 'rank': 15, 'fitness': 0.27286366542382057, 'generation': 797}","{'id': 35320, 'rank': 16, 'fitness': 0.26837976589603296, 'generation': 797}","{'id': 35321, 'rank': 17, 'fitness': 0.21423052580726593, 'generation': 797}","{'id': 35317, 'rank': 18, 'fitness': 0.19498551214969956, 'generation': 797}","{'id': 35308, 'rank': 19, 'fitness': 0.18323957032730487, 'generation': 797}","{'id': 35332, 'rank': 20, 'fitness': 0.1752497425008484, 'generation': 797}","{'id': 35310, 'rank': 21, 'fitness': 0.15849739578493882, 'generation': 797}","{'id': 35303, 'rank': 22, 'fitness': 0.10174544821498349, 'generation': 797}","{'id': 35322, 'rank': 23, 'fitness': 0.1015317880541366, 'generation': 797}","{'id': 35305, 'rank': 24, 'fitness': 0.07177105114183358, 'generation': 797}","{'id': 35306, 'rank': 25, 'fitness': 0.06994458402204495, 'generation': 797}","{'id': 35298, 'rank': 26, 'fitness': 0.0668545633532377, 'generation': 797}","{'id': 35309, 'rank': 27, 'fitness': 0.05952983961260505, 'generation': 797}","{'id': 35319, 'rank': 28, 'fitness': 0.05039111212704939, 'generation': 797}","{'id': 35331, 'rank': 29, 'fitness': 0.02603003184845587, 'generation': 797}","{'id': 35304, 'rank': 30, 'fitness': 0.01798620996209155, 'generation': 797}"
"{'id': 35361, 'rank': 1, 'fitness': 0.9820137900379085, 'generation': 798}","{'id': 35370, 'rank': 2, 'fitness': 0.9777789605950018, 'generation': 798}","{'id': 35365, 'rank': 3, 'fitness': 0.9568650469178089, 'generation': 798}","{'id': 35371, 'rank': 4, 'fitness': 0.9114638019193124, 'generation': 798}","{'id': 35352, 'rank': 5, 'fitness': 0.8746729035480126, 'generation': 798}","{'id': 35351, 'rank': 6, 'fitness': 0.8481956730755037, 'generation': 798}","{'id': 35369, 'rank': 7, 'fitness': 0.8277496366431825, 'generation': 798}","{'id': 35363, 'rank': 8, 'fitness': 0.8250405746148226, 'generation': 798}","{'id': 35339, 'rank': 9, 'fitness': 0.7608159579156228, 'generation': 798}","{'id': 35374, 'rank': 10, 'fitness': 0.6827930032750156, 'generation': 798}","{'id': 35362, 'rank': 11, 'fitness': 0.6586335158252876, 'generation': 798}","{'id': 35359, 'rank': 12, 'fitness': 0.5767329195752797, 'generation': 798}","{'id': 35355, 'rank': 13, 'fitness': 0.41227834776093863, 'generation': 798}","{'id': 35360, 'rank': 14, 'fitness': 0.34597785227596145, 'generation': 798}","{'id': 35357, 'rank': 15, 'fitness': 0.3289237634528628, 'generation': 798}","{'id': 35340, 'rank': 16, 'fitness': 0.31181707852148544, 'generation': 798}","{'id': 35335, 'rank': 17, 'fitness': 0.293395537371839, 'generation': 798}","{'id': 35341, 'rank': 18, 'fitness': 0.2623536517482944, 'generation': 798}","{'id': 35354, 'rank': 19, 'fitness': 0.24704068595904222, 'generation': 798}","{'id': 35336, 'rank': 20, 'fitness': 0.22085238042367145, 'generation': 798}","{'id': 35348, 'rank': 21, 'fitness': 0.17344835845951256, 'generation': 798}","{'id': 35356, 'rank': 22, 'fitness': 0.13729610820154187, 'generation': 798}","{'id': 35368, 'rank': 23, 'fitness': 0.12829634595313116, 'generation': 798}","{'id': 35373, 'rank': 24, 'fitness': 0.0907313945205866, 'generation': 798}","{'id': 35346, 'rank': 25, 'fitness': 0.08671076207528022, 'generation': 798}","{'id': 35372, 'rank': 26, 'fitness': 0.07369959758642514, 'generation': 798}","{'id': 35366, 'rank': 27, 'fitness': 0.042950751357552386, 'generation': 798}","{'id': 35347, 'rank': 28, 'fitness': 0.0419456632913211, 'generation': 798}","{'id': 35358, 'rank': 29, 'fitness': 0.0263536700193433, 'generation': 798}","{'id': 35338, 'rank': 30, 'fitness': 0.01798620996209155, 'generation': 798}"
"{'id': 35417, 'rank': 1, 'fitness': 0.9820137900379085, 'generation': 799}","{'id': 35422, 'rank': 2, 'fitness': 0.9756911851359895, 'generation': 799}","{'id': 35398, 'rank': 3, 'fitness': 0.8452001545348818, 'generation': 799}","{'id': 35420, 'rank': 4, 'fitness': 0.7939767456716165, 'generation': 799}","{'id': 35413, 'rank': 5, 'fitness': 0.7793762821745631, 'generation': 799}","{'id': 35421, 'rank': 6, 'fitness': 0.7576917576801938, 'generation': 799}","{'id': 35396, 'rank': 7, 'fitness': 0.582539044395552, 'generation': 799}","{'id': 35404, 'rank': 8, 'fitness': 0.5695000661609113, 'generation': 799}","{'id': 35414, 'rank': 9, 'fitness': 0.5622387886701773, 'generation': 799}","{'id': 35409, 'rank': 10, 'fitness': 0.546814391005594, 'generation': 799}","{'id': 35408, 'rank': 11, 'fitness': 0.5378114101325887, 'generation': 799}","{'id': 35395, 'rank': 12, 'fitness': 0.4657861344845527, 'generation': 799}","{'id': 35388, 'rank': 13, 'fitness': 0.4058845368164405, 'generation': 799}","{'id': 35403, 'rank': 14, 'fitness': 0.40051749719761565, 'generation': 799}","{'id': 35377, 'rank': 15, 'fitness': 0.19124580248436002, 'generation': 799}","{'id': 35419, 'rank': 16, 'fitness': 0.18719650365690998, 'generation': 799}","{'id': 35412, 'rank': 17, 'fitness': 0.13459246786092355, 'generation': 799}","{'id': 35391, 'rank': 18, 'fitness': 0.1163737815230545, 'generation': 799}","{'id': 35406, 'rank': 19, 'fitness': 0.08754549209455509, 'generation': 799}","{'id': 35392, 'rank': 20, 'fitness': 0.08622458774473046, 'generation': 799}","{'id': 35405, 'rank': 21, 'fitness': 0.08355820383225038, 'generation': 799}","{'id': 35382, 'rank': 22, 'fitness': 0.075621666845129, 'generation': 799}","{'id': 35379, 'rank': 23, 'fitness': 0.07182994500103207, 'generation': 799}","{'id': 35407, 'rank': 24, 'fitness': 0.05678816878376575, 'generation': 799}","{'id': 35411, 'rank': 25, 'fitness': 0.04854767281938793, 'generation': 799}","{'id': 35400, 'rank': 26, 'fitness': 0.04574449248037771, 'generation': 799}","{'id': 35393, 'rank': 27, 'fitness': 0.030292846706450882, 'generation': 799}","{'id': 35397, 'rank': 28, 'fitness': 0.030210425135290875, 'generation': 799}","{'id': 35416, 'rank': 29, 'fitness': 0.02433706544141967, 'generation': 799}","{'id': 35381, 'rank': 30, 'fitness': 0.01798620996209155, 'generation': 799}"
"{'id': 35467, 'rank': 1, 'fitness': 0.9820137900379085, 'generation': 800}","{'id': 35456, 'rank': 2, 'fitness': 0.9577802053274723, 'generation': 800}","{'id': 35453, 'rank': 3, 'fitness': 0.946081824386523, 'generation': 800}","{'id': 35462, 'rank': 4, 'fitness': 0.8345261318970245, 'generation': 800}","{'id': 35459, 'rank': 5, 'fitness': 0.6925067377013632, 'generation': 800}","{'id': 35446, 'rank': 6, 'fitness': 0.6140103237156255, 'generation': 800}","{'id': 35466, 'rank': 7, 'fitness': 0.5950938196040255, 'generation': 800}","{'id': 35436, 'rank': 8, 'fitness': 0.5148017794689143, 'generation': 800}","{'id': 35458, 'rank': 9, 'fitness': 0.5104856345117218, 'generation': 800}","{'id': 35440, 'rank': 10, 'fitness': 0.4543054260307601, 'generation': 800}","{'id': 35424, 'rank': 11, 'fitness': 0.40530067220616567, 'generation': 800}","{'id': 35455, 'rank': 12, 'fitness': 0.26637355089432513, 'generation': 800}","{'id': 35425, 'rank': 13, 'fitness': 0.24621738458082493, 'generation': 800}","{'id': 35457, 'rank': 14, 'fitness': 0.19704232129022609, 'generation': 800}","{'id': 35441, 'rank': 15, 'fitness': 0.1733880067109443, 'generation': 800}","{'id': 35439, 'rank': 16, 'fitness': 0.17117986950359082, 'generation': 800}","{'id': 35461, 'rank': 17, 'fitness': 0.16515116958842596, 'generation': 800}","{'id': 35428, 'rank': 18, 'fitness': 0.12219626359120062, 'generation': 800}","{'id': 35464, 'rank': 19, 'fitness': 0.09916612494417298, 'generation': 800}","{'id': 35437, 'rank': 20, 'fitness': 0.07468768839484863, 'generation': 800}","{'id': 35451, 'rank': 21, 'fitness': 0.0719269456812881, 'generation': 800}","{'id': 35450, 'rank': 22, 'fitness': 0.05372791975875357, 'generation': 800}","{'id': 35465, 'rank': 23, 'fitness': 0.04086938526096584, 'generation': 800}","{'id': 35430, 'rank': 24, 'fitness': 0.034761427624705854, 'generation': 800}","{'id': 35435, 'rank': 25, 'fitness': 0.03202799949625473, 'generation': 800}","{'id': 35442, 'rank': 26, 'fitness': 0.031200758363044145, 'generation': 800}","{'id': 35433, 'rank': 27, 'fitness': 0.030655479896648796, 'generation': 800}","{'id': 35454, 'rank': 28, 'fitness': 0.02370206495740973, 'generation': 800}","{'id': 35463, 'rank': 29, 'fitness': 0.02344893697812106, 'generation': 800}","{'id': 35427, 'rank': 30, 'fitness': 0.01798620996209155, 'generation': 800}"
"{'id': 35492, 'rank': 1, 'fitness': 0.9820137900379085, 'generation': 801}","{'id': 35489, 'rank': 2, 'fitness': 0.9818554115804496, 'generation': 801}","{'id': 35498, 'rank': 3, 'fitness': 0.973848860055645, 'generation': 801}","{'id': 35501, 'rank': 4, 'fitness': 0.9261954090329538, 'generation': 801}","{'id': 35500, 'rank': 5, 'fitness': 0.7148047360677767, 'generation': 801}","{'id': 35478, 'rank': 6, 'fitness': 0.68655364106433, 'generation': 801}","{'id': 35494, 'rank': 7, 'fitness': 0.6798894541303743, 'generation': 801}","{'id': 35502, 'rank': 8, 'fitness': 0.6775829648420946, 'generation': 801}","{'id': 35483, 'rank': 9, 'fitness': 0.4605941688256359, 'generation': 801}","{'id': 35505, 'rank': 10, 'fitness': 0.4475740242914168, 'generation': 801}","{'id': 35488, 'rank': 11, 'fitness': 0.3761280494727903, 'generation': 801}","{'id': 35490, 'rank': 12, 'fitness': 0.33509131037797824, 'generation': 801}","{'id': 35504, 'rank': 13, 'fitness': 0.21429483646289582, 'generation': 801}","{'id': 35499, 'rank': 14, 'fitness': 0.1764871759236788, 'generation': 801}","{'id': 35487, 'rank': 15, 'fitness': 0.16891858227269696, 'generation': 801}","{'id': 35497, 'rank': 16, 'fitness': 0.1674799542898282, 'generation': 801}","{'id': 35469, 'rank': 17, 'fitness': 0.13998350541452032, 'generation': 801}","{'id': 35485, 'rank': 18, 'fitness': 0.12214769446027729, 'generation': 801}","{'id': 35491, 'rank': 19, 'fitness': 0.11962697560161434, 'generation': 801}","{'id': 35471, 'rank': 20, 'fitness': 0.10073016586608474, 'generation': 801}","{'id': 35474, 'rank': 21, 'fitness': 0.07170558973529995, 'generation': 801}","{'id': 35470, 'rank': 22, 'fitness': 0.060998919804450435, 'generation': 801}","{'id': 35473, 'rank': 23, 'fitness': 0.04436251050301038, 'generation': 801}","{'id': 35481, 'rank': 24, 'fitness': 0.04294690613026031, 'generation': 801}","{'id': 35479, 'rank': 25, 'fitness': 0.03863744440272093, 'generation': 801}","{'id': 35495, 'rank': 26, 'fitness': 0.0333115555691032, 'generation': 801}","{'id': 35506, 'rank': 27, 'fitness': 0.027333970875015157, 'generation': 801}","{'id': 35476, 'rank': 28, 'fitness': 0.02663549456211095, 'generation': 801}","{'id': 35493, 'rank': 29, 'fitness': 0.021948211321115074, 'generation': 801}","{'id': 35477, 'rank': 30, 'fitness': 0.01798620996209155, 'generation': 801}"
"{'id': 35540, 'rank': 1, 'fitness': 0.9820137900379085, 'generation': 802}","{'id': 35549, 'rank': 2, 'fitness': 0.9718565963158504, 'generation': 802}","{'id': 35538, 'rank': 3, 'fitness': 0.9414380006955334, 'generation': 802}","{'id': 35524, 'rank': 4, 'fitness': 0.7471573958694393, 'generation': 802}","{'id': 35541, 'rank': 5, 'fitness': 0.6392353041053127, 'generation': 802}","{'id': 35521, 'rank': 6, 'fitness': 0.5060923490638507, 'generation': 802}","{'id': 35542, 'rank': 7, 'fitness': 0.4272557611609039, 'generation': 802}","{'id': 35517, 'rank': 8, 'fitness': 0.4018243501461783, 'generation': 802}","{'id': 35532, 'rank': 9, 'fitness': 0.34935043308416525, 'generation': 802}","{'id': 35548, 'rank': 10, 'fitness': 0.3149884319764399, 'generation': 802}","{'id': 35536, 'rank': 11, 'fitness': 0.2700435406272035, 'generation': 802}","{'id': 35537, 'rank': 12, 'fitness': 0.24458651279638932, 'generation': 802}","{'id': 35533, 'rank': 13, 'fitness': 0.23256457780730572, 'generation': 802}","{'id': 35509, 'rank': 14, 'fitness': 0.18845217993825442, 'generation': 802}","{'id': 35544, 'rank': 15, 'fitness': 0.14085933940087458, 'generation': 802}","{'id': 35535, 'rank': 16, 'fitness': 0.13713294028348377, 'generation': 802}","{'id': 35528, 'rank': 17, 'fitness': 0.13522280458180486, 'generation': 802}","{'id': 35547, 'rank': 18, 'fitness': 0.12481126864788067, 'generation': 802}","{'id': 35530, 'rank': 19, 'fitness': 0.1052677465698782, 'generation': 802}","{'id': 35518, 'rank': 20, 'fitness': 0.09519887126552362, 'generation': 802}","{'id': 35551, 'rank': 21, 'fitness': 0.08783265148089398, 'generation': 802}","{'id': 35526, 'rank': 22, 'fitness': 0.08509367037551813, 'generation': 802}","{'id': 35546, 'rank': 23, 'fitness': 0.07694986603275322, 'generation': 802}","{'id': 35514, 'rank': 24, 'fitness': 0.076803624000647, 'generation': 802}","{'id': 35539, 'rank': 25, 'fitness': 0.04965940111725653, 'generation': 802}","{'id': 35519, 'rank': 26, 'fitness': 0.04875378037363298, 'generation': 802}","{'id': 35529, 'rank': 27, 'fitness': 0.024957409433001843, 'generation': 802}","{'id': 35531, 'rank': 28, 'fitness': 0.020959502796118634, 'generation': 802}","{'id': 35508, 'rank': 29, 'fitness': 0.01884081656693959, 'generation': 802}","{'id': 35520, 'rank': 30, 'fitness': 0.01798620996209155, 'generation': 802}"
"{'id': 35562, 'rank': 1, 'fitness': 0.9820137900379085, 'generation': 803}","{'id': 35592, 'rank': 2, 'fitness': 0.9513599988213441, 'generation': 803}","{'id': 35580, 'rank': 3, 'fitness': 0.9424491928445995, 'generation': 803}","{'id': 35575, 'rank': 4, 'fitness': 0.7698482212286022, 'generation': 803}","{'id': 35567, 'rank': 5, 'fitness': 0.7236639343387823, 'generation': 803}","{'id': 35578, 'rank': 6, 'fitness': 0.6459818915284561, 'generation': 803}","{'id': 35585, 'rank': 7, 'fitness': 0.5301802261132411, 'generation': 803}","{'id': 35572, 'rank': 8, 'fitness': 0.5081834054431723, 'generation': 803}","{'id': 35571, 'rank': 9, 'fitness': 0.4128656139693611, 'generation': 803}","{'id': 35589, 'rank': 10, 'fitness': 0.37459327345433624, 'generation': 803}","{'id': 35591, 'rank': 11, 'fitness': 0.3673845772897715, 'generation': 803}","{'id': 35563, 'rank': 12, 'fitness': 0.32827490227465694, 'generation': 803}","{'id': 35566, 'rank': 13, 'fitness': 0.2933900393773955, 'generation': 803}","{'id': 35560, 'rank': 14, 'fitness': 0.25502420883482413, 'generation': 803}","{'id': 35586, 'rank': 15, 'fitness': 0.20590876424095056, 'generation': 803}","{'id': 35588, 'rank': 16, 'fitness': 0.19225443876526116, 'generation': 803}","{'id': 35583, 'rank': 17, 'fitness': 0.18426694917967446, 'generation': 803}","{'id': 35561, 'rank': 18, 'fitness': 0.11382414595411067, 'generation': 803}","{'id': 35570, 'rank': 19, 'fitness': 0.08806689605153967, 'generation': 803}","{'id': 35577, 'rank': 20, 'fitness': 0.08613041593747123, 'generation': 803}","{'id': 35552, 'rank': 21, 'fitness': 0.07139291490175881, 'generation': 803}","{'id': 35555, 'rank': 22, 'fitness': 0.03789642540349797, 'generation': 803}","{'id': 35568, 'rank': 23, 'fitness': 0.03141352429345046, 'generation': 803}","{'id': 35590, 'rank': 24, 'fitness': 0.02855585158292767, 'generation': 803}","{'id': 35584, 'rank': 25, 'fitness': 0.026629779133251708, 'generation': 803}","{'id': 35576, 'rank': 26, 'fitness': 0.021189500433946074, 'generation': 803}","{'id': 35587, 'rank': 27, 'fitness': 0.02070504321081207, 'generation': 803}","{'id': 35574, 'rank': 28, 'fitness': 0.019147403142355524, 'generation': 803}","{'id': 35569, 'rank': 29, 'fitness': 0.01901616449263671, 'generation': 803}","{'id': 35556, 'rank': 30, 'fitness': 0.01798620996209155, 'generation': 803}"
"{'id': 35634, 'rank': 1, 'fitness': 0.9820137900379085, 'generation': 804}","{'id': 35631, 'rank': 2, 'fitness': 0.5363173350996935, 'generation': 804}","{'id': 35623, 'rank': 3, 'fitness': 0.4901751323034315, 'generation': 804}","{'id': 35617, 'rank': 4, 'fitness': 0.4259624550738338, 'generation': 804}","{'id': 35624, 'rank': 5, 'fitness': 0.3919968446904055, 'generation': 804}","{'id': 35614, 'rank': 6, 'fitness': 0.3606230037994508, 'generation': 804}","{'id': 35612, 'rank': 7, 'fitness': 0.2595840799763144, 'generation': 804}","{'id': 35601, 'rank': 8, 'fitness': 0.23910007941946176, 'generation': 804}","{'id': 35626, 'rank': 9, 'fitness': 0.20335117541351033, 'generation': 804}","{'id': 35618, 'rank': 10, 'fitness': 0.20053329944525622, 'generation': 804}","{'id': 35607, 'rank': 11, 'fitness': 0.10949352807676926, 'generation': 804}","{'id': 35605, 'rank': 12, 'fitness': 0.09616414635949949, 'generation': 804}","{'id': 35609, 'rank': 13, 'fitness': 0.08822377845786927, 'generation': 804}","{'id': 35633, 'rank': 14, 'fitness': 0.07423345699226391, 'generation': 804}","{'id': 35628, 'rank': 15, 'fitness': 0.06207425333555594, 'generation': 804}","{'id': 35619, 'rank': 16, 'fitness': 0.05695247753611926, 'generation': 804}","{'id': 35610, 'rank': 17, 'fitness': 0.05672315230121361, 'generation': 804}","{'id': 35627, 'rank': 18, 'fitness': 0.055546421071350716, 'generation': 804}","{'id': 35620, 'rank': 19, 'fitness': 0.05162786378276185, 'generation': 804}","{'id': 35636, 'rank': 20, 'fitness': 0.050136356065454524, 'generation': 804}","{'id': 35625, 'rank': 21, 'fitness': 0.0497835456687824, 'generation': 804}","{'id': 35616, 'rank': 22, 'fitness': 0.04722807728479289, 'generation': 804}","{'id': 35630, 'rank': 23, 'fitness': 0.039861425766241965, 'generation': 804}","{'id': 35603, 'rank': 24, 'fitness': 0.03832626127887373, 'generation': 804}","{'id': 35597, 'rank': 25, 'fitness': 0.03528545121832405, 'generation': 804}","{'id': 35637, 'rank': 26, 'fitness': 0.02847483632724035, 'generation': 804}","{'id': 35604, 'rank': 27, 'fitness': 0.028222431966389794, 'generation': 804}","{'id': 35608, 'rank': 28, 'fitness': 0.027116477491505975, 'generation': 804}","{'id': 35606, 'rank': 29, 'fitness': 0.019781407816747476, 'generation': 804}","{'id': 35594, 'rank': 30, 'fitness': 0.01798620996209155, 'generation': 804}"
"{'id': 35657, 'rank': 1, 'fitness': 0.9820137900379085, 'generation': 805}","{'id': 35667, 'rank': 2, 'fitness': 0.9730509300247385, 'generation': 805}","{'id': 35663, 'rank': 3, 'fitness': 0.9725709021500031, 'generation': 805}","{'id': 35660, 'rank': 4, 'fitness': 0.9671615463747367, 'generation': 805}","{'id': 35664, 'rank': 5, 'fitness': 0.9593163021889721, 'generation': 805}","{'id': 35651, 'rank': 6, 'fitness': 0.9546608988990233, 'generation': 805}","{'id': 35646, 'rank': 7, 'fitness': 0.8017528074293924, 'generation': 805}","{'id': 35654, 'rank': 8, 'fitness': 0.6772090523497136, 'generation': 805}","{'id': 35652, 'rank': 9, 'fitness': 0.6499363759161798, 'generation': 805}","{'id': 35669, 'rank': 10, 'fitness': 0.534832492927797, 'generation': 805}","{'id': 35659, 'rank': 11, 'fitness': 0.5293024762279508, 'generation': 805}","{'id': 35647, 'rank': 12, 'fitness': 0.5049961165528004, 'generation': 805}","{'id': 35653, 'rank': 13, 'fitness': 0.3058825936044096, 'generation': 805}","{'id': 35665, 'rank': 14, 'fitness': 0.30005250493400315, 'generation': 805}","{'id': 35658, 'rank': 15, 'fitness': 0.20796348683645516, 'generation': 805}","{'id': 35638, 'rank': 16, 'fitness': 0.18367680581529167, 'generation': 805}","{'id': 35672, 'rank': 17, 'fitness': 0.13667444366964654, 'generation': 805}","{'id': 35640, 'rank': 18, 'fitness': 0.12802827113030713, 'generation': 805}","{'id': 35643, 'rank': 19, 'fitness': 0.12186460817360512, 'generation': 805}","{'id': 35668, 'rank': 20, 'fitness': 0.10922466422434174, 'generation': 805}","{'id': 35655, 'rank': 21, 'fitness': 0.10440297838076806, 'generation': 805}","{'id': 35642, 'rank': 22, 'fitness': 0.08526442510604271, 'generation': 805}","{'id': 35648, 'rank': 23, 'fitness': 0.06409163537158385, 'generation': 805}","{'id': 35671, 'rank': 24, 'fitness': 0.04018170430733026, 'generation': 805}","{'id': 35656, 'rank': 25, 'fitness': 0.03898635205037826, 'generation': 805}","{'id': 35639, 'rank': 26, 'fitness': 0.03180304481265506, 'generation': 805}","{'id': 35649, 'rank': 27, 'fitness': 0.0315883204445237, 'generation': 805}","{'id': 35641, 'rank': 28, 'fitness': 0.02600586364483093, 'generation': 805}","{'id': 35662, 'rank': 29, 'fitness': 0.019318992182133676, 'generation': 805}","{'id': 35661, 'rank': 30, 'fitness': 0.01798620996209155, 'generation': 805}"
"{'id': 35702, 'rank': 1, 'fitness': 0.9820137900379085, 'generation': 806}","{'id': 35682, 'rank': 2, 'fitness': 0.9466647585157492, 'generation': 806}","{'id': 35695, 'rank': 3, 'fitness': 0.9026410540716479, 'generation': 806}","{'id': 35703, 'rank': 4, 'fitness': 0.8800147907314375, 'generation': 806}","{'id': 35711, 'rank': 5, 'fitness': 0.8487754071631913, 'generation': 806}","{'id': 35688, 'rank': 6, 'fitness': 0.8203398702314445, 'generation': 806}","{'id': 35716, 'rank': 7, 'fitness': 0.7926875154760753, 'generation': 806}","{'id': 35701, 'rank': 8, 'fitness': 0.7264612542513035, 'generation': 806}","{'id': 35680, 'rank': 9, 'fitness': 0.7169694743357566, 'generation': 806}","{'id': 35720, 'rank': 10, 'fitness': 0.6869202188176766, 'generation': 806}","{'id': 35705, 'rank': 11, 'fitness': 0.4793103003678982, 'generation': 806}","{'id': 35722, 'rank': 12, 'fitness': 0.2157719046104511, 'generation': 806}","{'id': 35698, 'rank': 13, 'fitness': 0.13374311099618846, 'generation': 806}","{'id': 35676, 'rank': 14, 'fitness': 0.1257727259201541, 'generation': 806}","{'id': 35717, 'rank': 15, 'fitness': 0.10940995637351303, 'generation': 806}","{'id': 35721, 'rank': 16, 'fitness': 0.09641281066547153, 'generation': 806}","{'id': 35718, 'rank': 17, 'fitness': 0.08742460396606022, 'generation': 806}","{'id': 35712, 'rank': 18, 'fitness': 0.07552332801645883, 'generation': 806}","{'id': 35699, 'rank': 19, 'fitness': 0.06672965898856498, 'generation': 806}","{'id': 35684, 'rank': 20, 'fitness': 0.04886539514930793, 'generation': 806}","{'id': 35713, 'rank': 21, 'fitness': 0.043696598370539685, 'generation': 806}","{'id': 35704, 'rank': 22, 'fitness': 0.04329532367733624, 'generation': 806}","{'id': 35693, 'rank': 23, 'fitness': 0.032419624671560565, 'generation': 806}","{'id': 35691, 'rank': 24, 'fitness': 0.028946132690814363, 'generation': 806}","{'id': 35706, 'rank': 25, 'fitness': 0.025478668774054747, 'generation': 806}","{'id': 35697, 'rank': 26, 'fitness': 0.02275621853658011, 'generation': 806}","{'id': 35715, 'rank': 27, 'fitness': 0.021091153097491044, 'generation': 806}","{'id': 35710, 'rank': 28, 'fitness': 0.02050455923552108, 'generation': 806}","{'id': 35678, 'rank': 29, 'fitness': 0.020457992473575493, 'generation': 806}","{'id': 35709, 'rank': 30, 'fitness': 0.01798620996209155, 'generation': 806}"
"{'id': 35766, 'rank': 1, 'fitness': 0.9820137900379085, 'generation': 807}","{'id': 35767, 'rank': 2, 'fitness': 0.9565306547601082, 'generation': 807}","{'id': 35737, 'rank': 3, 'fitness': 0.7925271320200693, 'generation': 807}","{'id': 35757, 'rank': 4, 'fitness': 0.6255878422015734, 'generation': 807}","{'id': 35768, 'rank': 5, 'fitness': 0.6221595978879779, 'generation': 807}","{'id': 35758, 'rank': 6, 'fitness': 0.6049217425201379, 'generation': 807}","{'id': 35765, 'rank': 7, 'fitness': 0.6035747766596656, 'generation': 807}","{'id': 35736, 'rank': 8, 'fitness': 0.38151816715581566, 'generation': 807}","{'id': 35762, 'rank': 9, 'fitness': 0.3698998985983971, 'generation': 807}","{'id': 35771, 'rank': 10, 'fitness': 0.28148106286333296, 'generation': 807}","{'id': 35740, 'rank': 11, 'fitness': 0.2529299366884506, 'generation': 807}","{'id': 35770, 'rank': 12, 'fitness': 0.25116938504670033, 'generation': 807}","{'id': 35731, 'rank': 13, 'fitness': 0.24865959123476578, 'generation': 807}","{'id': 35755, 'rank': 14, 'fitness': 0.20158440618232032, 'generation': 807}","{'id': 35756, 'rank': 15, 'fitness': 0.13763183295862297, 'generation': 807}","{'id': 35739, 'rank': 16, 'fitness': 0.13266298073660837, 'generation': 807}","{'id': 35744, 'rank': 17, 'fitness': 0.11042049246694075, 'generation': 807}","{'id': 35748, 'rank': 18, 'fitness': 0.0646735436039198, 'generation': 807}","{'id': 35760, 'rank': 19, 'fitness': 0.06118301074178606, 'generation': 807}","{'id': 35753, 'rank': 20, 'fitness': 0.06081134823081674, 'generation': 807}","{'id': 35745, 'rank': 21, 'fitness': 0.06069729573907112, 'generation': 807}","{'id': 35743, 'rank': 22, 'fitness': 0.05449845804143716, 'generation': 807}","{'id': 35763, 'rank': 23, 'fitness': 0.027454518818505858, 'generation': 807}","{'id': 35746, 'rank': 24, 'fitness': 0.023938637646817307, 'generation': 807}","{'id': 35730, 'rank': 25, 'fitness': 0.02363961979796303, 'generation': 807}","{'id': 35754, 'rank': 26, 'fitness': 0.022879120073956705, 'generation': 807}","{'id': 35749, 'rank': 27, 'fitness': 0.022693479502558345, 'generation': 807}","{'id': 35742, 'rank': 28, 'fitness': 0.022068018992537353, 'generation': 807}","{'id': 35735, 'rank': 29, 'fitness': 0.019873994065575218, 'generation': 807}","{'id': 35769, 'rank': 30, 'fitness': 0.01798620996209155, 'generation': 807}"
"{'id': 35792, 'rank': 1, 'fitness': 0.9820137900379085, 'generation': 808}","{'id': 35806, 'rank': 2, 'fitness': 0.9527609230374205, 'generation': 808}","{'id': 35789, 'rank': 3, 'fitness': 0.9273198857364624, 'generation': 808}","{'id': 35811, 'rank': 4, 'fitness': 0.9124020156225183, 'generation': 808}","{'id': 35809, 'rank': 5, 'fitness': 0.7957139014301138, 'generation': 808}","{'id': 35795, 'rank': 6, 'fitness': 0.3175393727278957, 'generation': 808}","{'id': 35802, 'rank': 7, 'fitness': 0.29983368165099844, 'generation': 808}","{'id': 35778, 'rank': 8, 'fitness': 0.2717079902721401, 'generation': 808}","{'id': 35803, 'rank': 9, 'fitness': 0.23426073027280958, 'generation': 808}","{'id': 35796, 'rank': 10, 'fitness': 0.23098022567689402, 'generation': 808}","{'id': 35798, 'rank': 11, 'fitness': 0.22041979863899686, 'generation': 808}","{'id': 35773, 'rank': 12, 'fitness': 0.21208742514104123, 'generation': 808}","{'id': 35783, 'rank': 13, 'fitness': 0.1963914590116012, 'generation': 808}","{'id': 35785, 'rank': 14, 'fitness': 0.1691809506537144, 'generation': 808}","{'id': 35786, 'rank': 15, 'fitness': 0.16278869611932617, 'generation': 808}","{'id': 35810, 'rank': 16, 'fitness': 0.15432808728319003, 'generation': 808}","{'id': 35804, 'rank': 17, 'fitness': 0.15413123808858797, 'generation': 808}","{'id': 35780, 'rank': 18, 'fitness': 0.12541466215906794, 'generation': 808}","{'id': 35813, 'rank': 19, 'fitness': 0.12289309830822304, 'generation': 808}","{'id': 35787, 'rank': 20, 'fitness': 0.08278044699814519, 'generation': 808}","{'id': 35784, 'rank': 21, 'fitness': 0.0639417555026176, 'generation': 808}","{'id': 35777, 'rank': 22, 'fitness': 0.06364665370411793, 'generation': 808}","{'id': 35791, 'rank': 23, 'fitness': 0.05733150413249427, 'generation': 808}","{'id': 35805, 'rank': 24, 'fitness': 0.04173954862802509, 'generation': 808}","{'id': 35775, 'rank': 25, 'fitness': 0.03949265454320272, 'generation': 808}","{'id': 35799, 'rank': 26, 'fitness': 0.02854220194177659, 'generation': 808}","{'id': 35794, 'rank': 27, 'fitness': 0.02516229976946882, 'generation': 808}","{'id': 35807, 'rank': 28, 'fitness': 0.019172014103020496, 'generation': 808}","{'id': 35808, 'rank': 29, 'fitness': 0.018585053367792925, 'generation': 808}","{'id': 35812, 'rank': 30, 'fitness': 0.01798620996209155, 'generation': 808}"
"{'id': 35837, 'rank': 1, 'fitness': 0.9820137900379085, 'generation': 809}","{'id': 35827, 'rank': 2, 'fitness': 0.9673815062562197, 'generation': 809}","{'id': 35849, 'rank': 3, 'fitness': 0.876150299497082, 'generation': 809}","{'id': 35839, 'rank': 4, 'fitness': 0.7372366188099921, 'generation': 809}","{'id': 35851, 'rank': 5, 'fitness': 0.6434012073623154, 'generation': 809}","{'id': 35836, 'rank': 6, 'fitness': 0.6335019854695515, 'generation': 809}","{'id': 35833, 'rank': 7, 'fitness': 0.6233437401766099, 'generation': 809}","{'id': 35830, 'rank': 8, 'fitness': 0.5524298303759472, 'generation': 809}","{'id': 35828, 'rank': 9, 'fitness': 0.47991193996469983, 'generation': 809}","{'id': 35819, 'rank': 10, 'fitness': 0.3871269777048196, 'generation': 809}","{'id': 35845, 'rank': 11, 'fitness': 0.3827671707614017, 'generation': 809}","{'id': 35848, 'rank': 12, 'fitness': 0.3808151469673117, 'generation': 809}","{'id': 35831, 'rank': 13, 'fitness': 0.38050456515801895, 'generation': 809}","{'id': 35844, 'rank': 14, 'fitness': 0.2109012269141749, 'generation': 809}","{'id': 35829, 'rank': 15, 'fitness': 0.16745141135237357, 'generation': 809}","{'id': 35822, 'rank': 16, 'fitness': 0.1432132630445947, 'generation': 809}","{'id': 35832, 'rank': 17, 'fitness': 0.1370837639440488, 'generation': 809}","{'id': 35843, 'rank': 18, 'fitness': 0.1120621127850146, 'generation': 809}","{'id': 35840, 'rank': 19, 'fitness': 0.10944824341052967, 'generation': 809}","{'id': 35838, 'rank': 20, 'fitness': 0.1025192298561235, 'generation': 809}","{'id': 35852, 'rank': 21, 'fitness': 0.08527412350822683, 'generation': 809}","{'id': 35824, 'rank': 22, 'fitness': 0.048214961154775526, 'generation': 809}","{'id': 35846, 'rank': 23, 'fitness': 0.04106103953388579, 'generation': 809}","{'id': 35841, 'rank': 24, 'fitness': 0.03107936956474, 'generation': 809}","{'id': 35821, 'rank': 25, 'fitness': 0.029894512711288568, 'generation': 809}","{'id': 35826, 'rank': 26, 'fitness': 0.023635174235247525, 'generation': 809}","{'id': 35850, 'rank': 27, 'fitness': 0.021587687707295744, 'generation': 809}","{'id': 35818, 'rank': 28, 'fitness': 0.020625237599403157, 'generation': 809}","{'id': 35820, 'rank': 29, 'fitness': 0.019870628998531925, 'generation': 809}","{'id': 35847, 'rank': 30, 'fitness': 0.01798620996209155, 'generation': 809}"
"{'id': 35859, 'rank': 1, 'fitness': 0.9820137900379085, 'generation': 810}","{'id': 35873, 'rank': 2, 'fitness': 0.8572067713821753, 'generation': 810}","{'id': 35871, 'rank': 3, 'fitness': 0.8412765779454572, 'generation': 810}","{'id': 35879, 'rank': 4, 'fitness': 0.8127598167041317, 'generation': 810}","{'id': 35855, 'rank': 5, 'fitness': 0.7743098398332275, 'generation': 810}","{'id': 35883, 'rank': 6, 'fitness': 0.7267621017782648, 'generation': 810}","{'id': 35888, 'rank': 7, 'fitness': 0.7196749707741272, 'generation': 810}","{'id': 35863, 'rank': 8, 'fitness': 0.7182864574361143, 'generation': 810}","{'id': 35886, 'rank': 9, 'fitness': 0.616304550375754, 'generation': 810}","{'id': 35892, 'rank': 10, 'fitness': 0.5809691479975819, 'generation': 810}","{'id': 35895, 'rank': 11, 'fitness': 0.29704407660559745, 'generation': 810}","{'id': 35877, 'rank': 12, 'fitness': 0.26270595073428815, 'generation': 810}","{'id': 35856, 'rank': 13, 'fitness': 0.18206403724656167, 'generation': 810}","{'id': 35862, 'rank': 14, 'fitness': 0.1810608290854417, 'generation': 810}","{'id': 35867, 'rank': 15, 'fitness': 0.14035267142617236, 'generation': 810}","{'id': 35872, 'rank': 16, 'fitness': 0.11647046898488939, 'generation': 810}","{'id': 35890, 'rank': 17, 'fitness': 0.11008240578724099, 'generation': 810}","{'id': 35864, 'rank': 18, 'fitness': 0.06541242901027416, 'generation': 810}","{'id': 35866, 'rank': 19, 'fitness': 0.05902178623009141, 'generation': 810}","{'id': 35857, 'rank': 20, 'fitness': 0.05564158598911517, 'generation': 810}","{'id': 35884, 'rank': 21, 'fitness': 0.05270950206471792, 'generation': 810}","{'id': 35885, 'rank': 22, 'fitness': 0.04906014564265315, 'generation': 810}","{'id': 35881, 'rank': 23, 'fitness': 0.04493133720236375, 'generation': 810}","{'id': 35861, 'rank': 24, 'fitness': 0.04443040163362577, 'generation': 810}","{'id': 35880, 'rank': 25, 'fitness': 0.042369678069858696, 'generation': 810}","{'id': 35858, 'rank': 26, 'fitness': 0.0330639351628394, 'generation': 810}","{'id': 35865, 'rank': 27, 'fitness': 0.022227045352088137, 'generation': 810}","{'id': 35875, 'rank': 28, 'fitness': 0.021123069584152, 'generation': 810}","{'id': 35891, 'rank': 29, 'fitness': 0.018430616946707945, 'generation': 810}","{'id': 35860, 'rank': 30, 'fitness': 0.01798620996209155, 'generation': 810}"
"{'id': 35935, 'rank': 1, 'fitness': 0.9820137900379085, 'generation': 811}","{'id': 35939, 'rank': 2, 'fitness': 0.6578180962659231, 'generation': 811}","{'id': 35938, 'rank': 3, 'fitness': 0.6020490356100668, 'generation': 811}","{'id': 35934, 'rank': 4, 'fitness': 0.5458970492516481, 'generation': 811}","{'id': 35927, 'rank': 5, 'fitness': 0.5230789700777203, 'generation': 811}","{'id': 35932, 'rank': 6, 'fitness': 0.5135205493401545, 'generation': 811}","{'id': 35928, 'rank': 7, 'fitness': 0.2509321858164848, 'generation': 811}","{'id': 35926, 'rank': 8, 'fitness': 0.24497216720736498, 'generation': 811}","{'id': 35925, 'rank': 9, 'fitness': 0.19581029633746594, 'generation': 811}","{'id': 35906, 'rank': 10, 'fitness': 0.15574460129691126, 'generation': 811}","{'id': 35933, 'rank': 11, 'fitness': 0.1441750909731207, 'generation': 811}","{'id': 35941, 'rank': 12, 'fitness': 0.11100344667696854, 'generation': 811}","{'id': 35922, 'rank': 13, 'fitness': 0.1031731636197234, 'generation': 811}","{'id': 35916, 'rank': 14, 'fitness': 0.08918941850480588, 'generation': 811}","{'id': 35899, 'rank': 15, 'fitness': 0.06452311500451491, 'generation': 811}","{'id': 35929, 'rank': 16, 'fitness': 0.05466119113431667, 'generation': 811}","{'id': 35908, 'rank': 17, 'fitness': 0.04187198409952808, 'generation': 811}","{'id': 35914, 'rank': 18, 'fitness': 0.03946861287461739, 'generation': 811}","{'id': 35912, 'rank': 19, 'fitness': 0.03886930977347269, 'generation': 811}","{'id': 35905, 'rank': 20, 'fitness': 0.037698813410971255, 'generation': 811}","{'id': 35918, 'rank': 21, 'fitness': 0.0373680079268367, 'generation': 811}","{'id': 35937, 'rank': 22, 'fitness': 0.03388211739650443, 'generation': 811}","{'id': 35913, 'rank': 23, 'fitness': 0.03345311569817422, 'generation': 811}","{'id': 35921, 'rank': 24, 'fitness': 0.030122858241694472, 'generation': 811}","{'id': 35923, 'rank': 25, 'fitness': 0.029274567366264714, 'generation': 811}","{'id': 35896, 'rank': 26, 'fitness': 0.02897358579302084, 'generation': 811}","{'id': 35902, 'rank': 27, 'fitness': 0.025112733279304855, 'generation': 811}","{'id': 35898, 'rank': 28, 'fitness': 0.0216233786509914, 'generation': 811}","{'id': 35910, 'rank': 29, 'fitness': 0.02136701664151852, 'generation': 811}","{'id': 35903, 'rank': 30, 'fitness': 0.01798620996209155, 'generation': 811}"
"{'id': 35977, 'rank': 1, 'fitness': 0.9820137900379085, 'generation': 812}","{'id': 35959, 'rank': 2, 'fitness': 0.979366041077853, 'generation': 812}","{'id': 35972, 'rank': 3, 'fitness': 0.9565927754603942, 'generation': 812}","{'id': 35975, 'rank': 4, 'fitness': 0.8006955543634541, 'generation': 812}","{'id': 35964, 'rank': 5, 'fitness': 0.7708488240037625, 'generation': 812}","{'id': 35968, 'rank': 6, 'fitness': 0.50262022960961, 'generation': 812}","{'id': 35957, 'rank': 7, 'fitness': 0.4918381063757745, 'generation': 812}","{'id': 35971, 'rank': 8, 'fitness': 0.44607465570746246, 'generation': 812}","{'id': 35952, 'rank': 9, 'fitness': 0.2415906229903479, 'generation': 812}","{'id': 35942, 'rank': 10, 'fitness': 0.2400951168722718, 'generation': 812}","{'id': 35969, 'rank': 11, 'fitness': 0.22395877484907578, 'generation': 812}","{'id': 35965, 'rank': 12, 'fitness': 0.22086085372733705, 'generation': 812}","{'id': 35966, 'rank': 13, 'fitness': 0.18167409699873188, 'generation': 812}","{'id': 35958, 'rank': 14, 'fitness': 0.17515434468443164, 'generation': 812}","{'id': 35970, 'rank': 15, 'fitness': 0.17384852096533998, 'generation': 812}","{'id': 35967, 'rank': 16, 'fitness': 0.12496320362970592, 'generation': 812}","{'id': 35956, 'rank': 17, 'fitness': 0.10121338130036245, 'generation': 812}","{'id': 35962, 'rank': 18, 'fitness': 0.09064887316815745, 'generation': 812}","{'id': 35976, 'rank': 19, 'fitness': 0.08796741373814676, 'generation': 812}","{'id': 35973, 'rank': 20, 'fitness': 0.0776143446054181, 'generation': 812}","{'id': 35953, 'rank': 21, 'fitness': 0.060869606113482466, 'generation': 812}","{'id': 35949, 'rank': 22, 'fitness': 0.05658247577787451, 'generation': 812}","{'id': 35948, 'rank': 23, 'fitness': 0.05318861270567821, 'generation': 812}","{'id': 35947, 'rank': 24, 'fitness': 0.03673509694635091, 'generation': 812}","{'id': 35946, 'rank': 25, 'fitness': 0.033398424617692046, 'generation': 812}","{'id': 35961, 'rank': 26, 'fitness': 0.02158742814218062, 'generation': 812}","{'id': 35963, 'rank': 27, 'fitness': 0.021481800764930503, 'generation': 812}","{'id': 35950, 'rank': 28, 'fitness': 0.02100338178981659, 'generation': 812}","{'id': 35960, 'rank': 29, 'fitness': 0.020630398566250818, 'generation': 812}","{'id': 35951, 'rank': 30, 'fitness': 0.01798620996209155, 'generation': 812}"
"{'id': 36020, 'rank': 1, 'fitness': 0.9820137900379085, 'generation': 813}","{'id': 36010, 'rank': 2, 'fitness': 0.9672618959679102, 'generation': 813}","{'id': 36007, 'rank': 3, 'fitness': 0.8900497774986588, 'generation': 813}","{'id': 36002, 'rank': 4, 'fitness': 0.6912313196363666, 'generation': 813}","{'id': 36021, 'rank': 5, 'fitness': 0.5819261723068178, 'generation': 813}","{'id': 36001, 'rank': 6, 'fitness': 0.474006628370139, 'generation': 813}","{'id': 36008, 'rank': 7, 'fitness': 0.4707037642324411, 'generation': 813}","{'id': 36004, 'rank': 8, 'fitness': 0.44038104337027106, 'generation': 813}","{'id': 35999, 'rank': 9, 'fitness': 0.4152894302698638, 'generation': 813}","{'id': 36013, 'rank': 10, 'fitness': 0.3085114164066551, 'generation': 813}","{'id': 35997, 'rank': 11, 'fitness': 0.28239641302002, 'generation': 813}","{'id': 36003, 'rank': 12, 'fitness': 0.26855592542723017, 'generation': 813}","{'id': 36000, 'rank': 13, 'fitness': 0.25577402146898265, 'generation': 813}","{'id': 36011, 'rank': 14, 'fitness': 0.2387046427163101, 'generation': 813}","{'id': 36005, 'rank': 15, 'fitness': 0.22969485952829766, 'generation': 813}","{'id': 35989, 'rank': 16, 'fitness': 0.20291808777527914, 'generation': 813}","{'id': 35994, 'rank': 17, 'fitness': 0.19203717482709026, 'generation': 813}","{'id': 35987, 'rank': 18, 'fitness': 0.18533951960840295, 'generation': 813}","{'id': 35996, 'rank': 19, 'fitness': 0.14381830785499916, 'generation': 813}","{'id': 36012, 'rank': 20, 'fitness': 0.12875769378341567, 'generation': 813}","{'id': 36016, 'rank': 21, 'fitness': 0.12660545693860598, 'generation': 813}","{'id': 36019, 'rank': 22, 'fitness': 0.0695458830712421, 'generation': 813}","{'id': 35995, 'rank': 23, 'fitness': 0.044079813692573466, 'generation': 813}","{'id': 35992, 'rank': 24, 'fitness': 0.041660554299832675, 'generation': 813}","{'id': 36014, 'rank': 25, 'fitness': 0.03992915296557231, 'generation': 813}","{'id': 35990, 'rank': 26, 'fitness': 0.039029696402604896, 'generation': 813}","{'id': 36006, 'rank': 27, 'fitness': 0.03369169200577765, 'generation': 813}","{'id': 35993, 'rank': 28, 'fitness': 0.03280329034079277, 'generation': 813}","{'id': 36015, 'rank': 29, 'fitness': 0.02129843483434335, 'generation': 813}","{'id': 36018, 'rank': 30, 'fitness': 0.01798620996209155, 'generation': 813}"
"{'id': 36050, 'rank': 1, 'fitness': 0.9820137900379085, 'generation': 814}","{'id': 36060, 'rank': 2, 'fitness': 0.7899464895895594, 'generation': 814}","{'id': 36024, 'rank': 3, 'fitness': 0.6492996885193715, 'generation': 814}","{'id': 36057, 'rank': 4, 'fitness': 0.456491241298546, 'generation': 814}","{'id': 36052, 'rank': 5, 'fitness': 0.4359138639273559, 'generation': 814}","{'id': 36058, 'rank': 6, 'fitness': 0.37976327044431174, 'generation': 814}","{'id': 36053, 'rank': 7, 'fitness': 0.3407537126899697, 'generation': 814}","{'id': 36039, 'rank': 8, 'fitness': 0.24691522834694818, 'generation': 814}","{'id': 36037, 'rank': 9, 'fitness': 0.22908768215311032, 'generation': 814}","{'id': 36046, 'rank': 10, 'fitness': 0.21466128561581088, 'generation': 814}","{'id': 36047, 'rank': 11, 'fitness': 0.18760534561492048, 'generation': 814}","{'id': 36041, 'rank': 12, 'fitness': 0.17690044870134597, 'generation': 814}","{'id': 36044, 'rank': 13, 'fitness': 0.16345160254680935, 'generation': 814}","{'id': 36054, 'rank': 14, 'fitness': 0.1409050627575128, 'generation': 814}","{'id': 36049, 'rank': 15, 'fitness': 0.12854555071463142, 'generation': 814}","{'id': 36066, 'rank': 16, 'fitness': 0.11088357694429479, 'generation': 814}","{'id': 36031, 'rank': 17, 'fitness': 0.09496569967513291, 'generation': 814}","{'id': 36055, 'rank': 18, 'fitness': 0.06134545578415729, 'generation': 814}","{'id': 36029, 'rank': 19, 'fitness': 0.04926001122322132, 'generation': 814}","{'id': 36048, 'rank': 20, 'fitness': 0.04872076754798299, 'generation': 814}","{'id': 36063, 'rank': 21, 'fitness': 0.045280034213861065, 'generation': 814}","{'id': 36059, 'rank': 22, 'fitness': 0.03528707039247464, 'generation': 814}","{'id': 36042, 'rank': 23, 'fitness': 0.03448717523495143, 'generation': 814}","{'id': 36064, 'rank': 24, 'fitness': 0.03256617041183202, 'generation': 814}","{'id': 36026, 'rank': 25, 'fitness': 0.032343302241018834, 'generation': 814}","{'id': 36022, 'rank': 26, 'fitness': 0.030711669450415535, 'generation': 814}","{'id': 36045, 'rank': 27, 'fitness': 0.03003321941903514, 'generation': 814}","{'id': 36030, 'rank': 28, 'fitness': 0.029307235481347838, 'generation': 814}","{'id': 36028, 'rank': 29, 'fitness': 0.020735707911616996, 'generation': 814}","{'id': 36038, 'rank': 30, 'fitness': 0.01798620996209155, 'generation': 814}"
"{'id': 36087, 'rank': 1, 'fitness': 0.9820137900379085, 'generation': 815}","{'id': 36092, 'rank': 2, 'fitness': 0.9311582546636862, 'generation': 815}","{'id': 36090, 'rank': 3, 'fitness': 0.9093692537045615, 'generation': 815}","{'id': 36093, 'rank': 4, 'fitness': 0.8510542816138799, 'generation': 815}","{'id': 36095, 'rank': 5, 'fitness': 0.7950592742374645, 'generation': 815}","{'id': 36097, 'rank': 6, 'fitness': 0.7240934746556211, 'generation': 815}","{'id': 36088, 'rank': 7, 'fitness': 0.6685110627623065, 'generation': 815}","{'id': 36081, 'rank': 8, 'fitness': 0.518874600494024, 'generation': 815}","{'id': 36096, 'rank': 9, 'fitness': 0.5185422974968393, 'generation': 815}","{'id': 36098, 'rank': 10, 'fitness': 0.49265799937645366, 'generation': 815}","{'id': 36070, 'rank': 11, 'fitness': 0.42800207114541544, 'generation': 815}","{'id': 36099, 'rank': 12, 'fitness': 0.31941360895132437, 'generation': 815}","{'id': 36075, 'rank': 13, 'fitness': 0.18688146137827966, 'generation': 815}","{'id': 36100, 'rank': 14, 'fitness': 0.1579896031475826, 'generation': 815}","{'id': 36101, 'rank': 15, 'fitness': 0.13760973922840708, 'generation': 815}","{'id': 36086, 'rank': 16, 'fitness': 0.11501104443774973, 'generation': 815}","{'id': 36091, 'rank': 17, 'fitness': 0.08938660005773325, 'generation': 815}","{'id': 36078, 'rank': 18, 'fitness': 0.08381695408953826, 'generation': 815}","{'id': 36083, 'rank': 19, 'fitness': 0.07208060549703882, 'generation': 815}","{'id': 36089, 'rank': 20, 'fitness': 0.06217841777509436, 'generation': 815}","{'id': 36068, 'rank': 21, 'fitness': 0.047981105615778674, 'generation': 815}","{'id': 36071, 'rank': 22, 'fitness': 0.04732932307533455, 'generation': 815}","{'id': 36069, 'rank': 23, 'fitness': 0.046100389612118264, 'generation': 815}","{'id': 36102, 'rank': 24, 'fitness': 0.040472561058930434, 'generation': 815}","{'id': 36080, 'rank': 25, 'fitness': 0.030374293817882203, 'generation': 815}","{'id': 36077, 'rank': 26, 'fitness': 0.02996878073098752, 'generation': 815}","{'id': 36073, 'rank': 27, 'fitness': 0.027022372206971568, 'generation': 815}","{'id': 36079, 'rank': 28, 'fitness': 0.026677128619778445, 'generation': 815}","{'id': 36094, 'rank': 29, 'fitness': 0.025555186103338345, 'generation': 815}","{'id': 36067, 'rank': 30, 'fitness': 0.01798620996209155, 'generation': 815}"
"{'id': 36136, 'rank': 1, 'fitness': 0.9820137900379085, 'generation': 816}","{'id': 36137, 'rank': 2, 'fitness': 0.7952394438664361, 'generation': 816}","{'id': 36144, 'rank': 3, 'fitness': 0.7733307505153224, 'generation': 816}","{'id': 36140, 'rank': 4, 'fitness': 0.6922605223519666, 'generation': 816}","{'id': 36106, 'rank': 5, 'fitness': 0.6197708302804578, 'generation': 816}","{'id': 36146, 'rank': 6, 'fitness': 0.4096345557345405, 'generation': 816}","{'id': 36105, 'rank': 7, 'fitness': 0.3929414103872345, 'generation': 816}","{'id': 36132, 'rank': 8, 'fitness': 0.32753061299041775, 'generation': 816}","{'id': 36115, 'rank': 9, 'fitness': 0.3254450804619681, 'generation': 816}","{'id': 36138, 'rank': 10, 'fitness': 0.3208420176202279, 'generation': 816}","{'id': 36147, 'rank': 11, 'fitness': 0.2813682899634855, 'generation': 816}","{'id': 36126, 'rank': 12, 'fitness': 0.22433975918557675, 'generation': 816}","{'id': 36130, 'rank': 13, 'fitness': 0.205268136002769, 'generation': 816}","{'id': 36120, 'rank': 14, 'fitness': 0.1984269067723926, 'generation': 816}","{'id': 36129, 'rank': 15, 'fitness': 0.140396028962054, 'generation': 816}","{'id': 36133, 'rank': 16, 'fitness': 0.12820261036813596, 'generation': 816}","{'id': 36142, 'rank': 17, 'fitness': 0.10901197950300223, 'generation': 816}","{'id': 36109, 'rank': 18, 'fitness': 0.10523670848074396, 'generation': 816}","{'id': 36141, 'rank': 19, 'fitness': 0.09135775709224564, 'generation': 816}","{'id': 36110, 'rank': 20, 'fitness': 0.08285008037178787, 'generation': 816}","{'id': 36125, 'rank': 21, 'fitness': 0.07164665859887231, 'generation': 816}","{'id': 36114, 'rank': 22, 'fitness': 0.060777492337700634, 'generation': 816}","{'id': 36121, 'rank': 23, 'fitness': 0.05749859709480709, 'generation': 816}","{'id': 36111, 'rank': 24, 'fitness': 0.04580984243166247, 'generation': 816}","{'id': 36145, 'rank': 25, 'fitness': 0.035833471276416895, 'generation': 816}","{'id': 36135, 'rank': 26, 'fitness': 0.03526996769606727, 'generation': 816}","{'id': 36134, 'rank': 27, 'fitness': 0.026703304619268564, 'generation': 816}","{'id': 36103, 'rank': 28, 'fitness': 0.02064311862144591, 'generation': 816}","{'id': 36128, 'rank': 29, 'fitness': 0.019621099844862877, 'generation': 816}","{'id': 36119, 'rank': 30, 'fitness': 0.01798620996209155, 'generation': 816}"
"{'id': 36177, 'rank': 1, 'fitness': 0.9820137900379085, 'generation': 817}","{'id': 36176, 'rank': 2, 'fitness': 0.9778024855185993, 'generation': 817}","{'id': 36154, 'rank': 3, 'fitness': 0.9644365683126519, 'generation': 817}","{'id': 36168, 'rank': 4, 'fitness': 0.8427214511038726, 'generation': 817}","{'id': 36161, 'rank': 5, 'fitness': 0.5713978952165926, 'generation': 817}","{'id': 36179, 'rank': 6, 'fitness': 0.5183354682449128, 'generation': 817}","{'id': 36166, 'rank': 7, 'fitness': 0.35656756239381526, 'generation': 817}","{'id': 36149, 'rank': 8, 'fitness': 0.3375054040634892, 'generation': 817}","{'id': 36158, 'rank': 9, 'fitness': 0.2716617254358685, 'generation': 817}","{'id': 36171, 'rank': 10, 'fitness': 0.259773376782594, 'generation': 817}","{'id': 36174, 'rank': 11, 'fitness': 0.2361960972333682, 'generation': 817}","{'id': 36151, 'rank': 12, 'fitness': 0.23335712111862733, 'generation': 817}","{'id': 36178, 'rank': 13, 'fitness': 0.23116671266236094, 'generation': 817}","{'id': 36172, 'rank': 14, 'fitness': 0.16754287789029332, 'generation': 817}","{'id': 36183, 'rank': 15, 'fitness': 0.16715858523698285, 'generation': 817}","{'id': 36160, 'rank': 16, 'fitness': 0.15370612363384917, 'generation': 817}","{'id': 36170, 'rank': 17, 'fitness': 0.11824480701320805, 'generation': 817}","{'id': 36148, 'rank': 18, 'fitness': 0.10704388359159417, 'generation': 817}","{'id': 36180, 'rank': 19, 'fitness': 0.1048545448737514, 'generation': 817}","{'id': 36163, 'rank': 20, 'fitness': 0.07342069521729161, 'generation': 817}","{'id': 36150, 'rank': 21, 'fitness': 0.06406558315613381, 'generation': 817}","{'id': 36169, 'rank': 22, 'fitness': 0.05448779133852438, 'generation': 817}","{'id': 36156, 'rank': 23, 'fitness': 0.04455519759097598, 'generation': 817}","{'id': 36155, 'rank': 24, 'fitness': 0.03917466082143478, 'generation': 817}","{'id': 36165, 'rank': 25, 'fitness': 0.03744018012855038, 'generation': 817}","{'id': 36173, 'rank': 26, 'fitness': 0.02831826075444016, 'generation': 817}","{'id': 36181, 'rank': 27, 'fitness': 0.025280719915484362, 'generation': 817}","{'id': 36153, 'rank': 28, 'fitness': 0.02211363880944217, 'generation': 817}","{'id': 36162, 'rank': 29, 'fitness': 0.018692682956974127, 'generation': 817}","{'id': 36175, 'rank': 30, 'fitness': 0.01798620996209155, 'generation': 817}"
"{'id': 36221, 'rank': 1, 'fitness': 0.9820137900379085, 'generation': 818}","{'id': 36219, 'rank': 2, 'fitness': 0.783717762005648, 'generation': 818}","{'id': 36216, 'rank': 3, 'fitness': 0.47237686929025713, 'generation': 818}","{'id': 36210, 'rank': 4, 'fitness': 0.4675311405849966, 'generation': 818}","{'id': 36211, 'rank': 5, 'fitness': 0.38860222723016863, 'generation': 818}","{'id': 36226, 'rank': 6, 'fitness': 0.26928041921880175, 'generation': 818}","{'id': 36192, 'rank': 7, 'fitness': 0.26254057666155245, 'generation': 818}","{'id': 36229, 'rank': 8, 'fitness': 0.2404838828115603, 'generation': 818}","{'id': 36217, 'rank': 9, 'fitness': 0.19579864491398408, 'generation': 818}","{'id': 36215, 'rank': 10, 'fitness': 0.15861407583038495, 'generation': 818}","{'id': 36213, 'rank': 11, 'fitness': 0.1526705280102228, 'generation': 818}","{'id': 36195, 'rank': 12, 'fitness': 0.13311498492449425, 'generation': 818}","{'id': 36200, 'rank': 13, 'fitness': 0.0997093122982523, 'generation': 818}","{'id': 36218, 'rank': 14, 'fitness': 0.09321125245675826, 'generation': 818}","{'id': 36228, 'rank': 15, 'fitness': 0.0917926197236284, 'generation': 818}","{'id': 36198, 'rank': 16, 'fitness': 0.08728194628198577, 'generation': 818}","{'id': 36224, 'rank': 17, 'fitness': 0.07579469516414594, 'generation': 818}","{'id': 36212, 'rank': 18, 'fitness': 0.06562800465242458, 'generation': 818}","{'id': 36205, 'rank': 19, 'fitness': 0.04994921804537117, 'generation': 818}","{'id': 36220, 'rank': 20, 'fitness': 0.04950813416499428, 'generation': 818}","{'id': 36230, 'rank': 21, 'fitness': 0.04748717184577911, 'generation': 818}","{'id': 36187, 'rank': 22, 'fitness': 0.0444445843189436, 'generation': 818}","{'id': 36214, 'rank': 23, 'fitness': 0.04118857114824159, 'generation': 818}","{'id': 36223, 'rank': 24, 'fitness': 0.039003974487169635, 'generation': 818}","{'id': 36209, 'rank': 25, 'fitness': 0.032494491959922545, 'generation': 818}","{'id': 36227, 'rank': 26, 'fitness': 0.026994412779540344, 'generation': 818}","{'id': 36222, 'rank': 27, 'fitness': 0.026766348011892316, 'generation': 818}","{'id': 36193, 'rank': 28, 'fitness': 0.02053308108687063, 'generation': 818}","{'id': 36196, 'rank': 29, 'fitness': 0.018989062258391365, 'generation': 818}","{'id': 36185, 'rank': 30, 'fitness': 0.01798620996209155, 'generation': 818}"
"{'id': 36247, 'rank': 1, 'fitness': 0.9820137900379085, 'generation': 819}","{'id': 36249, 'rank': 2, 'fitness': 0.9773211023232966, 'generation': 819}","{'id': 36252, 'rank': 3, 'fitness': 0.8230517589317407, 'generation': 819}","{'id': 36263, 'rank': 4, 'fitness': 0.3891662165701054, 'generation': 819}","{'id': 36243, 'rank': 5, 'fitness': 0.34043853113665573, 'generation': 819}","{'id': 36260, 'rank': 6, 'fitness': 0.2906160368397239, 'generation': 819}","{'id': 36248, 'rank': 7, 'fitness': 0.24796412894369468, 'generation': 819}","{'id': 36256, 'rank': 8, 'fitness': 0.21463167781672626, 'generation': 819}","{'id': 36241, 'rank': 9, 'fitness': 0.2110814031570475, 'generation': 819}","{'id': 36244, 'rank': 10, 'fitness': 0.20193508084331763, 'generation': 819}","{'id': 36253, 'rank': 11, 'fitness': 0.14600639535752075, 'generation': 819}","{'id': 36258, 'rank': 12, 'fitness': 0.10949253362114642, 'generation': 819}","{'id': 36240, 'rank': 13, 'fitness': 0.09344486779605743, 'generation': 819}","{'id': 36255, 'rank': 14, 'fitness': 0.08385965338639584, 'generation': 819}","{'id': 36261, 'rank': 15, 'fitness': 0.07658523354165259, 'generation': 819}","{'id': 36250, 'rank': 16, 'fitness': 0.06794929240786224, 'generation': 819}","{'id': 36238, 'rank': 17, 'fitness': 0.06424770053721995, 'generation': 819}","{'id': 36262, 'rank': 18, 'fitness': 0.06225141561277814, 'generation': 819}","{'id': 36257, 'rank': 19, 'fitness': 0.0592315021873433, 'generation': 819}","{'id': 36242, 'rank': 20, 'fitness': 0.05507865156932035, 'generation': 819}","{'id': 36231, 'rank': 21, 'fitness': 0.05131049572659396, 'generation': 819}","{'id': 36264, 'rank': 22, 'fitness': 0.048380604312540654, 'generation': 819}","{'id': 36254, 'rank': 23, 'fitness': 0.047306357614770145, 'generation': 819}","{'id': 36246, 'rank': 24, 'fitness': 0.03192668446871916, 'generation': 819}","{'id': 36259, 'rank': 25, 'fitness': 0.031775276414694686, 'generation': 819}","{'id': 36251, 'rank': 26, 'fitness': 0.029040646622103095, 'generation': 819}","{'id': 36235, 'rank': 27, 'fitness': 0.0198803173237056, 'generation': 819}","{'id': 36232, 'rank': 28, 'fitness': 0.018336769520503116, 'generation': 819}","{'id': 36245, 'rank': 29, 'fitness': 0.01810718913337761, 'generation': 819}","{'id': 36237, 'rank': 30, 'fitness': 0.01798620996209155, 'generation': 819}"
"{'id': 36298, 'rank': 1, 'fitness': 0.9820137900379085, 'generation': 820}","{'id': 36294, 'rank': 2, 'fitness': 0.9801462851107596, 'generation': 820}","{'id': 36291, 'rank': 3, 'fitness': 0.9624320989599827, 'generation': 820}","{'id': 36284, 'rank': 4, 'fitness': 0.9037214480465139, 'generation': 820}","{'id': 36297, 'rank': 5, 'fitness': 0.8977253987722988, 'generation': 820}","{'id': 36307, 'rank': 6, 'fitness': 0.8619615280964772, 'generation': 820}","{'id': 36279, 'rank': 7, 'fitness': 0.8179071951791677, 'generation': 820}","{'id': 36289, 'rank': 8, 'fitness': 0.6048181629796328, 'generation': 820}","{'id': 36288, 'rank': 9, 'fitness': 0.6024030235839638, 'generation': 820}","{'id': 36296, 'rank': 10, 'fitness': 0.5460446788374419, 'generation': 820}","{'id': 36301, 'rank': 11, 'fitness': 0.5389300469738405, 'generation': 820}","{'id': 36300, 'rank': 12, 'fitness': 0.47396663376038006, 'generation': 820}","{'id': 36271, 'rank': 13, 'fitness': 0.2983414407118118, 'generation': 820}","{'id': 36273, 'rank': 14, 'fitness': 0.28470445035434055, 'generation': 820}","{'id': 36299, 'rank': 15, 'fitness': 0.24015916500174161, 'generation': 820}","{'id': 36278, 'rank': 16, 'fitness': 0.23880264283695385, 'generation': 820}","{'id': 36283, 'rank': 17, 'fitness': 0.23614616995219206, 'generation': 820}","{'id': 36302, 'rank': 18, 'fitness': 0.22054587479310017, 'generation': 820}","{'id': 36295, 'rank': 19, 'fitness': 0.17284169261085203, 'generation': 820}","{'id': 36286, 'rank': 20, 'fitness': 0.13084638922554293, 'generation': 820}","{'id': 36306, 'rank': 21, 'fitness': 0.10630439000918912, 'generation': 820}","{'id': 36281, 'rank': 22, 'fitness': 0.07236717333741205, 'generation': 820}","{'id': 36303, 'rank': 23, 'fitness': 0.05650854991841153, 'generation': 820}","{'id': 36269, 'rank': 24, 'fitness': 0.051952846795922825, 'generation': 820}","{'id': 36305, 'rank': 25, 'fitness': 0.050504220079900186, 'generation': 820}","{'id': 36285, 'rank': 26, 'fitness': 0.024596871900709916, 'generation': 820}","{'id': 36266, 'rank': 27, 'fitness': 0.020811898451865818, 'generation': 820}","{'id': 36268, 'rank': 28, 'fitness': 0.020508936700667835, 'generation': 820}","{'id': 36290, 'rank': 29, 'fitness': 0.018936766663430193, 'generation': 820}","{'id': 36280, 'rank': 30, 'fitness': 0.01798620996209155, 'generation': 820}"
"{'id': 36347, 'rank': 1, 'fitness': 0.9820137900379085, 'generation': 821}","{'id': 36349, 'rank': 2, 'fitness': 0.9669821761363288, 'generation': 821}","{'id': 36319, 'rank': 3, 'fitness': 0.838020359661343, 'generation': 821}","{'id': 36352, 'rank': 4, 'fitness': 0.7684596132064601, 'generation': 821}","{'id': 36344, 'rank': 5, 'fitness': 0.7665066500856361, 'generation': 821}","{'id': 36313, 'rank': 6, 'fitness': 0.6869478488537774, 'generation': 821}","{'id': 36308, 'rank': 7, 'fitness': 0.5302811439179232, 'generation': 821}","{'id': 36342, 'rank': 8, 'fitness': 0.5141057603312192, 'generation': 821}","{'id': 36312, 'rank': 9, 'fitness': 0.4031232348602614, 'generation': 821}","{'id': 36318, 'rank': 10, 'fitness': 0.37571028305800924, 'generation': 821}","{'id': 36335, 'rank': 11, 'fitness': 0.27700951203579205, 'generation': 821}","{'id': 36332, 'rank': 12, 'fitness': 0.25364633733047576, 'generation': 821}","{'id': 36345, 'rank': 13, 'fitness': 0.23924902219197575, 'generation': 821}","{'id': 36340, 'rank': 14, 'fitness': 0.22229607838530774, 'generation': 821}","{'id': 36323, 'rank': 15, 'fitness': 0.18735858850608322, 'generation': 821}","{'id': 36353, 'rank': 16, 'fitness': 0.16325935855750878, 'generation': 821}","{'id': 36350, 'rank': 17, 'fitness': 0.11635557876813529, 'generation': 821}","{'id': 36339, 'rank': 18, 'fitness': 0.09184131232419412, 'generation': 821}","{'id': 36348, 'rank': 19, 'fitness': 0.07441259552178464, 'generation': 821}","{'id': 36324, 'rank': 20, 'fitness': 0.0719637425537028, 'generation': 821}","{'id': 36325, 'rank': 21, 'fitness': 0.07150130913141522, 'generation': 821}","{'id': 36314, 'rank': 22, 'fitness': 0.06158317681265124, 'generation': 821}","{'id': 36329, 'rank': 23, 'fitness': 0.042049713834246494, 'generation': 821}","{'id': 36343, 'rank': 24, 'fitness': 0.036975379062944735, 'generation': 821}","{'id': 36315, 'rank': 25, 'fitness': 0.03391796419425275, 'generation': 821}","{'id': 36311, 'rank': 26, 'fitness': 0.030594806359717452, 'generation': 821}","{'id': 36334, 'rank': 27, 'fitness': 0.02691899278373533, 'generation': 821}","{'id': 36336, 'rank': 28, 'fitness': 0.02313307767248468, 'generation': 821}","{'id': 36326, 'rank': 29, 'fitness': 0.019116518882275613, 'generation': 821}","{'id': 36327, 'rank': 30, 'fitness': 0.01798620996209155, 'generation': 821}"
"{'id': 36392, 'rank': 1, 'fitness': 0.9820137900379085, 'generation': 822}","{'id': 36389, 'rank': 2, 'fitness': 0.9746871468187916, 'generation': 822}","{'id': 36373, 'rank': 3, 'fitness': 0.9273464160932068, 'generation': 822}","{'id': 36367, 'rank': 4, 'fitness': 0.892251322497234, 'generation': 822}","{'id': 36380, 'rank': 5, 'fitness': 0.8357266523742073, 'generation': 822}","{'id': 36375, 'rank': 6, 'fitness': 0.6484854738186521, 'generation': 822}","{'id': 36387, 'rank': 7, 'fitness': 0.5102644201048007, 'generation': 822}","{'id': 36386, 'rank': 8, 'fitness': 0.506004422631469, 'generation': 822}","{'id': 36378, 'rank': 9, 'fitness': 0.36468059287224586, 'generation': 822}","{'id': 36391, 'rank': 10, 'fitness': 0.35041285449889426, 'generation': 822}","{'id': 36390, 'rank': 11, 'fitness': 0.30415545351333495, 'generation': 822}","{'id': 36381, 'rank': 12, 'fitness': 0.2959210498300922, 'generation': 822}","{'id': 36395, 'rank': 13, 'fitness': 0.21217308398265056, 'generation': 822}","{'id': 36356, 'rank': 14, 'fitness': 0.1786864486322985, 'generation': 822}","{'id': 36369, 'rank': 15, 'fitness': 0.16854706628400828, 'generation': 822}","{'id': 36384, 'rank': 16, 'fitness': 0.12289204205291393, 'generation': 822}","{'id': 36358, 'rank': 17, 'fitness': 0.10510080762370677, 'generation': 822}","{'id': 36366, 'rank': 18, 'fitness': 0.09698937285629416, 'generation': 822}","{'id': 36365, 'rank': 19, 'fitness': 0.09556194160126585, 'generation': 822}","{'id': 36377, 'rank': 20, 'fitness': 0.09441413839376428, 'generation': 822}","{'id': 36394, 'rank': 21, 'fitness': 0.08891169525493603, 'generation': 822}","{'id': 36374, 'rank': 22, 'fitness': 0.08433693997062652, 'generation': 822}","{'id': 36385, 'rank': 23, 'fitness': 0.07940311417597556, 'generation': 822}","{'id': 36362, 'rank': 24, 'fitness': 0.0740577476339418, 'generation': 822}","{'id': 36364, 'rank': 25, 'fitness': 0.04453256825078927, 'generation': 822}","{'id': 36388, 'rank': 26, 'fitness': 0.04366205028072867, 'generation': 822}","{'id': 36357, 'rank': 27, 'fitness': 0.023178838377276634, 'generation': 822}","{'id': 36360, 'rank': 28, 'fitness': 0.02285935067051814, 'generation': 822}","{'id': 36371, 'rank': 29, 'fitness': 0.020279451286397965, 'generation': 822}","{'id': 36372, 'rank': 30, 'fitness': 0.01798620996209155, 'generation': 822}"
"{'id': 36434, 'rank': 1, 'fitness': 0.9820137900379085, 'generation': 823}","{'id': 36414, 'rank': 2, 'fitness': 0.9676570226678405, 'generation': 823}","{'id': 36407, 'rank': 3, 'fitness': 0.9592583340017566, 'generation': 823}","{'id': 36432, 'rank': 4, 'fitness': 0.944204316222057, 'generation': 823}","{'id': 36419, 'rank': 5, 'fitness': 0.7821182357176314, 'generation': 823}","{'id': 36429, 'rank': 6, 'fitness': 0.7659852749471558, 'generation': 823}","{'id': 36415, 'rank': 7, 'fitness': 0.7547476185488862, 'generation': 823}","{'id': 36426, 'rank': 8, 'fitness': 0.7526900233136404, 'generation': 823}","{'id': 36430, 'rank': 9, 'fitness': 0.7083447315283211, 'generation': 823}","{'id': 36418, 'rank': 10, 'fitness': 0.6953328048465405, 'generation': 823}","{'id': 36428, 'rank': 11, 'fitness': 0.5596617560568229, 'generation': 823}","{'id': 36425, 'rank': 12, 'fitness': 0.5126004807104076, 'generation': 823}","{'id': 36424, 'rank': 13, 'fitness': 0.415784478253654, 'generation': 823}","{'id': 36417, 'rank': 14, 'fitness': 0.3139928004978598, 'generation': 823}","{'id': 36431, 'rank': 15, 'fitness': 0.28498192464852146, 'generation': 823}","{'id': 36400, 'rank': 16, 'fitness': 0.2793171866025985, 'generation': 823}","{'id': 36423, 'rank': 17, 'fitness': 0.1394993995053151, 'generation': 823}","{'id': 36408, 'rank': 18, 'fitness': 0.08234397791823828, 'generation': 823}","{'id': 36421, 'rank': 19, 'fitness': 0.07187041727593257, 'generation': 823}","{'id': 36406, 'rank': 20, 'fitness': 0.054453055887633495, 'generation': 823}","{'id': 36401, 'rank': 21, 'fitness': 0.04805064783866253, 'generation': 823}","{'id': 36427, 'rank': 22, 'fitness': 0.04672102586966981, 'generation': 823}","{'id': 36399, 'rank': 23, 'fitness': 0.046200172572473, 'generation': 823}","{'id': 36412, 'rank': 24, 'fitness': 0.03712474340624883, 'generation': 823}","{'id': 36422, 'rank': 25, 'fitness': 0.023617264923592785, 'generation': 823}","{'id': 36411, 'rank': 26, 'fitness': 0.019977337806456164, 'generation': 823}","{'id': 36405, 'rank': 27, 'fitness': 0.019939401500276566, 'generation': 823}","{'id': 36402, 'rank': 28, 'fitness': 0.01928919659598799, 'generation': 823}","{'id': 36420, 'rank': 29, 'fitness': 0.018388851374148696, 'generation': 823}","{'id': 36410, 'rank': 30, 'fitness': 0.01798620996209155, 'generation': 823}"
"{'id': 36485, 'rank': 1, 'fitness': 0.9820137900379085, 'generation': 824}","{'id': 36476, 'rank': 2, 'fitness': 0.9273467015108188, 'generation': 824}","{'id': 36479, 'rank': 3, 'fitness': 0.6492972698876661, 'generation': 824}","{'id': 36477, 'rank': 4, 'fitness': 0.618333628173066, 'generation': 824}","{'id': 36478, 'rank': 5, 'fitness': 0.6044993278996913, 'generation': 824}","{'id': 36467, 'rank': 6, 'fitness': 0.5448859323421201, 'generation': 824}","{'id': 36444, 'rank': 7, 'fitness': 0.4023770718961918, 'generation': 824}","{'id': 36468, 'rank': 8, 'fitness': 0.38233963191880793, 'generation': 824}","{'id': 36470, 'rank': 9, 'fitness': 0.36322139425654876, 'generation': 824}","{'id': 36473, 'rank': 10, 'fitness': 0.3137775933999821, 'generation': 824}","{'id': 36469, 'rank': 11, 'fitness': 0.12297248715690168, 'generation': 824}","{'id': 36437, 'rank': 12, 'fitness': 0.1123073257842806, 'generation': 824}","{'id': 36438, 'rank': 13, 'fitness': 0.10915688821721575, 'generation': 824}","{'id': 36441, 'rank': 14, 'fitness': 0.10279341417038768, 'generation': 824}","{'id': 36483, 'rank': 15, 'fitness': 0.1020897331453664, 'generation': 824}","{'id': 36463, 'rank': 16, 'fitness': 0.10184092775228432, 'generation': 824}","{'id': 36482, 'rank': 17, 'fitness': 0.09467410301367801, 'generation': 824}","{'id': 36460, 'rank': 18, 'fitness': 0.08363051978267716, 'generation': 824}","{'id': 36487, 'rank': 19, 'fitness': 0.08238216347107563, 'generation': 824}","{'id': 36436, 'rank': 20, 'fitness': 0.068073873044673, 'generation': 824}","{'id': 36484, 'rank': 21, 'fitness': 0.06733551587443598, 'generation': 824}","{'id': 36481, 'rank': 22, 'fitness': 0.06543648364197396, 'generation': 824}","{'id': 36453, 'rank': 23, 'fitness': 0.05723058748891019, 'generation': 824}","{'id': 36474, 'rank': 24, 'fitness': 0.052008197453053684, 'generation': 824}","{'id': 36458, 'rank': 25, 'fitness': 0.0499203349409047, 'generation': 824}","{'id': 36461, 'rank': 26, 'fitness': 0.042224077185373854, 'generation': 824}","{'id': 36486, 'rank': 27, 'fitness': 0.03211516564713879, 'generation': 824}","{'id': 36449, 'rank': 28, 'fitness': 0.03009085934674882, 'generation': 824}","{'id': 36446, 'rank': 29, 'fitness': 0.02291662644582909, 'generation': 824}","{'id': 36475, 'rank': 30, 'fitness': 0.01798620996209155, 'generation': 824}"
"{'id': 36505, 'rank': 1, 'fitness': 0.9820137900379085, 'generation': 825}","{'id': 36513, 'rank': 2, 'fitness': 0.9784246120576552, 'generation': 825}","{'id': 36517, 'rank': 3, 'fitness': 0.9761963370672506, 'generation': 825}","{'id': 36508, 'rank': 4, 'fitness': 0.9691546832732516, 'generation': 825}","{'id': 36522, 'rank': 5, 'fitness': 0.9330842080221075, 'generation': 825}","{'id': 36501, 'rank': 6, 'fitness': 0.9281156444048805, 'generation': 825}","{'id': 36521, 'rank': 7, 'fitness': 0.9017794279992518, 'generation': 825}","{'id': 36489, 'rank': 8, 'fitness': 0.8759474566103521, 'generation': 825}","{'id': 36488, 'rank': 9, 'fitness': 0.8557921036912639, 'generation': 825}","{'id': 36527, 'rank': 10, 'fitness': 0.8488498949795024, 'generation': 825}","{'id': 36516, 'rank': 11, 'fitness': 0.6177572770454158, 'generation': 825}","{'id': 36490, 'rank': 12, 'fitness': 0.6087004182093685, 'generation': 825}","{'id': 36494, 'rank': 13, 'fitness': 0.5576600641029025, 'generation': 825}","{'id': 36526, 'rank': 14, 'fitness': 0.5173851420184734, 'generation': 825}","{'id': 36499, 'rank': 15, 'fitness': 0.5101465544791733, 'generation': 825}","{'id': 36520, 'rank': 16, 'fitness': 0.43457915654432155, 'generation': 825}","{'id': 36525, 'rank': 17, 'fitness': 0.29681834568352056, 'generation': 825}","{'id': 36504, 'rank': 18, 'fitness': 0.26299045486809436, 'generation': 825}","{'id': 36511, 'rank': 19, 'fitness': 0.214343923236621, 'generation': 825}","{'id': 36519, 'rank': 20, 'fitness': 0.21083423706914695, 'generation': 825}","{'id': 36512, 'rank': 21, 'fitness': 0.20108448421283576, 'generation': 825}","{'id': 36515, 'rank': 22, 'fitness': 0.15862093101081742, 'generation': 825}","{'id': 36523, 'rank': 23, 'fitness': 0.138328483371097, 'generation': 825}","{'id': 36497, 'rank': 24, 'fitness': 0.1371144779232638, 'generation': 825}","{'id': 36498, 'rank': 25, 'fitness': 0.10612113976504628, 'generation': 825}","{'id': 36514, 'rank': 26, 'fitness': 0.10514275963165753, 'generation': 825}","{'id': 36502, 'rank': 27, 'fitness': 0.10139176459441385, 'generation': 825}","{'id': 36506, 'rank': 28, 'fitness': 0.06867241869691171, 'generation': 825}","{'id': 36496, 'rank': 29, 'fitness': 0.020890780700668077, 'generation': 825}","{'id': 36495, 'rank': 30, 'fitness': 0.01798620996209155, 'generation': 825}"
"{'id': 36570, 'rank': 1, 'fitness': 0.9820137900379085, 'generation': 826}","{'id': 36552, 'rank': 2, 'fitness': 0.9573585707919867, 'generation': 826}","{'id': 36571, 'rank': 3, 'fitness': 0.9527216129792961, 'generation': 826}","{'id': 36559, 'rank': 4, 'fitness': 0.8610378366847612, 'generation': 826}","{'id': 36575, 'rank': 5, 'fitness': 0.8080929452023294, 'generation': 826}","{'id': 36576, 'rank': 6, 'fitness': 0.7960781138238343, 'generation': 826}","{'id': 36546, 'rank': 7, 'fitness': 0.7619040927242463, 'generation': 826}","{'id': 36542, 'rank': 8, 'fitness': 0.33976844967270164, 'generation': 826}","{'id': 36563, 'rank': 9, 'fitness': 0.33569414305328, 'generation': 826}","{'id': 36530, 'rank': 10, 'fitness': 0.3317157761341576, 'generation': 826}","{'id': 36573, 'rank': 11, 'fitness': 0.3247583737752582, 'generation': 826}","{'id': 36565, 'rank': 12, 'fitness': 0.27068117369717126, 'generation': 826}","{'id': 36574, 'rank': 13, 'fitness': 0.23878648052064272, 'generation': 826}","{'id': 36544, 'rank': 14, 'fitness': 0.2327253636007327, 'generation': 826}","{'id': 36567, 'rank': 15, 'fitness': 0.15683861312185, 'generation': 826}","{'id': 36554, 'rank': 16, 'fitness': 0.13746932642629567, 'generation': 826}","{'id': 36555, 'rank': 17, 'fitness': 0.11132386022331642, 'generation': 826}","{'id': 36532, 'rank': 18, 'fitness': 0.10010463103762673, 'generation': 826}","{'id': 36564, 'rank': 19, 'fitness': 0.0993433259706834, 'generation': 826}","{'id': 36545, 'rank': 20, 'fitness': 0.08539495510141404, 'generation': 826}","{'id': 36572, 'rank': 21, 'fitness': 0.06929529807293727, 'generation': 826}","{'id': 36566, 'rank': 22, 'fitness': 0.05085600401563539, 'generation': 826}","{'id': 36543, 'rank': 23, 'fitness': 0.05058806153890294, 'generation': 826}","{'id': 36558, 'rank': 24, 'fitness': 0.03870558885452258, 'generation': 826}","{'id': 36531, 'rank': 25, 'fitness': 0.03581433336634887, 'generation': 826}","{'id': 36569, 'rank': 26, 'fitness': 0.034282999211235565, 'generation': 826}","{'id': 36537, 'rank': 27, 'fitness': 0.031133505514532644, 'generation': 826}","{'id': 36562, 'rank': 28, 'fitness': 0.025440074857577377, 'generation': 826}","{'id': 36551, 'rank': 29, 'fitness': 0.021605172879775925, 'generation': 826}","{'id': 36528, 'rank': 30, 'fitness': 0.01798620996209155, 'generation': 826}"
"{'id': 36612, 'rank': 1, 'fitness': 0.9820137900379085, 'generation': 827}","{'id': 36624, 'rank': 2, 'fitness': 0.91787612282615, 'generation': 827}","{'id': 36622, 'rank': 3, 'fitness': 0.8231430456880915, 'generation': 827}","{'id': 36614, 'rank': 4, 'fitness': 0.7661352141680897, 'generation': 827}","{'id': 36615, 'rank': 5, 'fitness': 0.5540493840461334, 'generation': 827}","{'id': 36600, 'rank': 6, 'fitness': 0.4446800260651571, 'generation': 827}","{'id': 36595, 'rank': 7, 'fitness': 0.4316621446776487, 'generation': 827}","{'id': 36623, 'rank': 8, 'fitness': 0.4264458725040633, 'generation': 827}","{'id': 36587, 'rank': 9, 'fitness': 0.3332198405364035, 'generation': 827}","{'id': 36610, 'rank': 10, 'fitness': 0.2761843722815457, 'generation': 827}","{'id': 36599, 'rank': 11, 'fitness': 0.210330877171645, 'generation': 827}","{'id': 36619, 'rank': 12, 'fitness': 0.18398910142631508, 'generation': 827}","{'id': 36605, 'rank': 13, 'fitness': 0.17634882981371935, 'generation': 827}","{'id': 36616, 'rank': 14, 'fitness': 0.12657799137126302, 'generation': 827}","{'id': 36613, 'rank': 15, 'fitness': 0.09060699193367128, 'generation': 827}","{'id': 36594, 'rank': 16, 'fitness': 0.082903763148504, 'generation': 827}","{'id': 36586, 'rank': 17, 'fitness': 0.07186200430721168, 'generation': 827}","{'id': 36596, 'rank': 18, 'fitness': 0.061417520577738804, 'generation': 827}","{'id': 36579, 'rank': 19, 'fitness': 0.056749477488865, 'generation': 827}","{'id': 36609, 'rank': 20, 'fitness': 0.04835874668890605, 'generation': 827}","{'id': 36590, 'rank': 21, 'fitness': 0.04286185720879443, 'generation': 827}","{'id': 36597, 'rank': 22, 'fitness': 0.04152527641686993, 'generation': 827}","{'id': 36593, 'rank': 23, 'fitness': 0.039522782560728276, 'generation': 827}","{'id': 36592, 'rank': 24, 'fitness': 0.03755629121117243, 'generation': 827}","{'id': 36607, 'rank': 25, 'fitness': 0.03257069633951842, 'generation': 827}","{'id': 36591, 'rank': 26, 'fitness': 0.031979111936983495, 'generation': 827}","{'id': 36585, 'rank': 27, 'fitness': 0.02757606963626702, 'generation': 827}","{'id': 36578, 'rank': 28, 'fitness': 0.02014753468446978, 'generation': 827}","{'id': 36620, 'rank': 29, 'fitness': 0.017988579991672693, 'generation': 827}","{'id': 36617, 'rank': 30, 'fitness': 0.01798620996209155, 'generation': 827}"
"{'id': 36657, 'rank': 1, 'fitness': 0.9820137900379085, 'generation': 828}","{'id': 36658, 'rank': 2, 'fitness': 0.9428531220174328, 'generation': 828}","{'id': 36661, 'rank': 3, 'fitness': 0.9283204082147996, 'generation': 828}","{'id': 36653, 'rank': 4, 'fitness': 0.7804286100447362, 'generation': 828}","{'id': 36643, 'rank': 5, 'fitness': 0.6656212190336644, 'generation': 828}","{'id': 36641, 'rank': 6, 'fitness': 0.6634987931283485, 'generation': 828}","{'id': 36667, 'rank': 7, 'fitness': 0.6454718325125024, 'generation': 828}","{'id': 36638, 'rank': 8, 'fitness': 0.5500897628770784, 'generation': 828}","{'id': 36663, 'rank': 9, 'fitness': 0.5020678688953462, 'generation': 828}","{'id': 36656, 'rank': 10, 'fitness': 0.4584189751442373, 'generation': 828}","{'id': 36666, 'rank': 11, 'fitness': 0.41595188227579766, 'generation': 828}","{'id': 36664, 'rank': 12, 'fitness': 0.39934720895292014, 'generation': 828}","{'id': 36654, 'rank': 13, 'fitness': 0.366211913632272, 'generation': 828}","{'id': 36651, 'rank': 14, 'fitness': 0.27110756202200326, 'generation': 828}","{'id': 36652, 'rank': 15, 'fitness': 0.2652448359952644, 'generation': 828}","{'id': 36662, 'rank': 16, 'fitness': 0.255256622178958, 'generation': 828}","{'id': 36634, 'rank': 17, 'fitness': 0.20839943886156143, 'generation': 828}","{'id': 36665, 'rank': 18, 'fitness': 0.14033010608965046, 'generation': 828}","{'id': 36648, 'rank': 19, 'fitness': 0.12447426209412998, 'generation': 828}","{'id': 36633, 'rank': 20, 'fitness': 0.12378665165882036, 'generation': 828}","{'id': 36649, 'rank': 21, 'fitness': 0.1182402626791369, 'generation': 828}","{'id': 36660, 'rank': 22, 'fitness': 0.10916332907370746, 'generation': 828}","{'id': 36635, 'rank': 23, 'fitness': 0.07945009453384788, 'generation': 828}","{'id': 36645, 'rank': 24, 'fitness': 0.06310064419933281, 'generation': 828}","{'id': 36631, 'rank': 25, 'fitness': 0.052040628006736867, 'generation': 828}","{'id': 36668, 'rank': 26, 'fitness': 0.044500030718200634, 'generation': 828}","{'id': 36629, 'rank': 27, 'fitness': 0.025272394419869615, 'generation': 828}","{'id': 36639, 'rank': 28, 'fitness': 0.024519615642940362, 'generation': 828}","{'id': 36627, 'rank': 29, 'fitness': 0.024037688889314346, 'generation': 828}","{'id': 36636, 'rank': 30, 'fitness': 0.01798620996209155, 'generation': 828}"
"{'id': 36682, 'rank': 1, 'fitness': 0.9820137900379085, 'generation': 829}","{'id': 36696, 'rank': 2, 'fitness': 0.9744877669222252, 'generation': 829}","{'id': 36704, 'rank': 3, 'fitness': 0.9705635496188769, 'generation': 829}","{'id': 36672, 'rank': 4, 'fitness': 0.946009751306504, 'generation': 829}","{'id': 36671, 'rank': 5, 'fitness': 0.9171914483391808, 'generation': 829}","{'id': 36686, 'rank': 6, 'fitness': 0.9140994148790011, 'generation': 829}","{'id': 36683, 'rank': 7, 'fitness': 0.888109625281772, 'generation': 829}","{'id': 36669, 'rank': 8, 'fitness': 0.8800036666381033, 'generation': 829}","{'id': 36706, 'rank': 9, 'fitness': 0.8757693417257151, 'generation': 829}","{'id': 36699, 'rank': 10, 'fitness': 0.7557344411738793, 'generation': 829}","{'id': 36701, 'rank': 11, 'fitness': 0.719273364767508, 'generation': 829}","{'id': 36705, 'rank': 12, 'fitness': 0.4623649036942989, 'generation': 829}","{'id': 36707, 'rank': 13, 'fitness': 0.4348393045643815, 'generation': 829}","{'id': 36709, 'rank': 14, 'fitness': 0.40486173855012436, 'generation': 829}","{'id': 36711, 'rank': 15, 'fitness': 0.34150746315828395, 'generation': 829}","{'id': 36685, 'rank': 16, 'fitness': 0.32808097627613614, 'generation': 829}","{'id': 36690, 'rank': 17, 'fitness': 0.2984073293916265, 'generation': 829}","{'id': 36684, 'rank': 18, 'fitness': 0.22610608099692475, 'generation': 829}","{'id': 36697, 'rank': 19, 'fitness': 0.21963986073242125, 'generation': 829}","{'id': 36691, 'rank': 20, 'fitness': 0.1396718896473943, 'generation': 829}","{'id': 36692, 'rank': 21, 'fitness': 0.12704523052098543, 'generation': 829}","{'id': 36710, 'rank': 22, 'fitness': 0.11333367565540925, 'generation': 829}","{'id': 36689, 'rank': 23, 'fitness': 0.10589133497110775, 'generation': 829}","{'id': 36687, 'rank': 24, 'fitness': 0.053117728078203696, 'generation': 829}","{'id': 36679, 'rank': 25, 'fitness': 0.048380693843968425, 'generation': 829}","{'id': 36688, 'rank': 26, 'fitness': 0.046140140461438384, 'generation': 829}","{'id': 36678, 'rank': 27, 'fitness': 0.037209945567521774, 'generation': 829}","{'id': 36693, 'rank': 28, 'fitness': 0.0297306654108766, 'generation': 829}","{'id': 36670, 'rank': 29, 'fitness': 0.029304465450713635, 'generation': 829}","{'id': 36681, 'rank': 30, 'fitness': 0.01798620996209155, 'generation': 829}"
"{'id': 36763, 'rank': 1, 'fitness': 0.9820137900379085, 'generation': 830}","{'id': 36746, 'rank': 2, 'fitness': 0.9419983110586285, 'generation': 830}","{'id': 36764, 'rank': 3, 'fitness': 0.9370526745288479, 'generation': 830}","{'id': 36766, 'rank': 4, 'fitness': 0.9144788816379863, 'generation': 830}","{'id': 36765, 'rank': 5, 'fitness': 0.884831797806058, 'generation': 830}","{'id': 36761, 'rank': 6, 'fitness': 0.7412480108447739, 'generation': 830}","{'id': 36718, 'rank': 7, 'fitness': 0.5358300876328662, 'generation': 830}","{'id': 36748, 'rank': 8, 'fitness': 0.44258983450423306, 'generation': 830}","{'id': 36739, 'rank': 9, 'fitness': 0.40657487916057156, 'generation': 830}","{'id': 36721, 'rank': 10, 'fitness': 0.3634327007526178, 'generation': 830}","{'id': 36744, 'rank': 11, 'fitness': 0.3116547324577622, 'generation': 830}","{'id': 36749, 'rank': 12, 'fitness': 0.25138629332314044, 'generation': 830}","{'id': 36735, 'rank': 13, 'fitness': 0.23674220645324884, 'generation': 830}","{'id': 36741, 'rank': 14, 'fitness': 0.18114928340713987, 'generation': 830}","{'id': 36768, 'rank': 15, 'fitness': 0.13657170014812814, 'generation': 830}","{'id': 36753, 'rank': 16, 'fitness': 0.10520058020388867, 'generation': 830}","{'id': 36730, 'rank': 17, 'fitness': 0.08998428242121237, 'generation': 830}","{'id': 36759, 'rank': 18, 'fitness': 0.08431423259729975, 'generation': 830}","{'id': 36734, 'rank': 19, 'fitness': 0.08328268415857665, 'generation': 830}","{'id': 36713, 'rank': 20, 'fitness': 0.07554633728760463, 'generation': 830}","{'id': 36719, 'rank': 21, 'fitness': 0.06517779536023921, 'generation': 830}","{'id': 36762, 'rank': 22, 'fitness': 0.0648423876094047, 'generation': 830}","{'id': 36767, 'rank': 23, 'fitness': 0.057630954664533884, 'generation': 830}","{'id': 36714, 'rank': 24, 'fitness': 0.05572181096147305, 'generation': 830}","{'id': 36724, 'rank': 25, 'fitness': 0.05259305204616249, 'generation': 830}","{'id': 36758, 'rank': 26, 'fitness': 0.04712383559055122, 'generation': 830}","{'id': 36757, 'rank': 27, 'fitness': 0.042089054015188365, 'generation': 830}","{'id': 36725, 'rank': 28, 'fitness': 0.03167839770462305, 'generation': 830}","{'id': 36747, 'rank': 29, 'fitness': 0.01994805022230256, 'generation': 830}","{'id': 36751, 'rank': 30, 'fitness': 0.01798620996209155, 'generation': 830}"
"{'id': 36786, 'rank': 1, 'fitness': 0.9820137900379085, 'generation': 831}","{'id': 36770, 'rank': 2, 'fitness': 0.9503422849599314, 'generation': 831}","{'id': 36777, 'rank': 3, 'fitness': 0.8963552790751385, 'generation': 831}","{'id': 36812, 'rank': 4, 'fitness': 0.8872826081827033, 'generation': 831}","{'id': 36811, 'rank': 5, 'fitness': 0.8516633856044609, 'generation': 831}","{'id': 36805, 'rank': 6, 'fitness': 0.7895802263611185, 'generation': 831}","{'id': 36810, 'rank': 7, 'fitness': 0.7801231946425695, 'generation': 831}","{'id': 36780, 'rank': 8, 'fitness': 0.70586068983662, 'generation': 831}","{'id': 36795, 'rank': 9, 'fitness': 0.615720347245855, 'generation': 831}","{'id': 36809, 'rank': 10, 'fitness': 0.44774377144317873, 'generation': 831}","{'id': 36800, 'rank': 11, 'fitness': 0.4229771628062503, 'generation': 831}","{'id': 36771, 'rank': 12, 'fitness': 0.2953079913479516, 'generation': 831}","{'id': 36788, 'rank': 13, 'fitness': 0.1961961690677147, 'generation': 831}","{'id': 36799, 'rank': 14, 'fitness': 0.18010010573522062, 'generation': 831}","{'id': 36798, 'rank': 15, 'fitness': 0.14540502886452844, 'generation': 831}","{'id': 36791, 'rank': 16, 'fitness': 0.13878920752805102, 'generation': 831}","{'id': 36807, 'rank': 17, 'fitness': 0.12254199626222506, 'generation': 831}","{'id': 36784, 'rank': 18, 'fitness': 0.06789974831717482, 'generation': 831}","{'id': 36772, 'rank': 19, 'fitness': 0.06683387426995951, 'generation': 831}","{'id': 36801, 'rank': 20, 'fitness': 0.06050914273304153, 'generation': 831}","{'id': 36778, 'rank': 21, 'fitness': 0.04984499474104104, 'generation': 831}","{'id': 36803, 'rank': 22, 'fitness': 0.04633584188543588, 'generation': 831}","{'id': 36808, 'rank': 23, 'fitness': 0.04583147954176947, 'generation': 831}","{'id': 36802, 'rank': 24, 'fitness': 0.04331074256294265, 'generation': 831}","{'id': 36793, 'rank': 25, 'fitness': 0.03913083320230287, 'generation': 831}","{'id': 36792, 'rank': 26, 'fitness': 0.03499595481318907, 'generation': 831}","{'id': 36783, 'rank': 27, 'fitness': 0.033844717513373646, 'generation': 831}","{'id': 36781, 'rank': 28, 'fitness': 0.02277871095424472, 'generation': 831}","{'id': 36797, 'rank': 29, 'fitness': 0.019279243860594264, 'generation': 831}","{'id': 36806, 'rank': 30, 'fitness': 0.01798620996209155, 'generation': 831}"
"{'id': 36852, 'rank': 1, 'fitness': 0.9820137900379085, 'generation': 832}","{'id': 36847, 'rank': 2, 'fitness': 0.9817936429212464, 'generation': 832}","{'id': 36843, 'rank': 3, 'fitness': 0.9461340262659643, 'generation': 832}","{'id': 36842, 'rank': 4, 'fitness': 0.8967978193394742, 'generation': 832}","{'id': 36850, 'rank': 5, 'fitness': 0.8959761632096942, 'generation': 832}","{'id': 36851, 'rank': 6, 'fitness': 0.7977868305111824, 'generation': 832}","{'id': 36840, 'rank': 7, 'fitness': 0.7301061886314548, 'generation': 832}","{'id': 36814, 'rank': 8, 'fitness': 0.5518783169783783, 'generation': 832}","{'id': 36846, 'rank': 9, 'fitness': 0.5359632429204331, 'generation': 832}","{'id': 36827, 'rank': 10, 'fitness': 0.4952051367401056, 'generation': 832}","{'id': 36816, 'rank': 11, 'fitness': 0.4335642272296726, 'generation': 832}","{'id': 36841, 'rank': 12, 'fitness': 0.42515660957863477, 'generation': 832}","{'id': 36830, 'rank': 13, 'fitness': 0.38666643866473327, 'generation': 832}","{'id': 36854, 'rank': 14, 'fitness': 0.21852068114538215, 'generation': 832}","{'id': 36823, 'rank': 15, 'fitness': 0.2096875905714236, 'generation': 832}","{'id': 36853, 'rank': 16, 'fitness': 0.15894692043104885, 'generation': 832}","{'id': 36839, 'rank': 17, 'fitness': 0.13344505634762244, 'generation': 832}","{'id': 36833, 'rank': 18, 'fitness': 0.10922190199393744, 'generation': 832}","{'id': 36818, 'rank': 19, 'fitness': 0.10704464819594406, 'generation': 832}","{'id': 36845, 'rank': 20, 'fitness': 0.08552305045272279, 'generation': 832}","{'id': 36848, 'rank': 21, 'fitness': 0.06931213372517775, 'generation': 832}","{'id': 36825, 'rank': 22, 'fitness': 0.06750630846061034, 'generation': 832}","{'id': 36844, 'rank': 23, 'fitness': 0.05653618745731692, 'generation': 832}","{'id': 36813, 'rank': 24, 'fitness': 0.05369044716436522, 'generation': 832}","{'id': 36835, 'rank': 25, 'fitness': 0.04783980563632795, 'generation': 832}","{'id': 36837, 'rank': 26, 'fitness': 0.04731711033760161, 'generation': 832}","{'id': 36826, 'rank': 27, 'fitness': 0.02999627820512507, 'generation': 832}","{'id': 36834, 'rank': 28, 'fitness': 0.024941805390386318, 'generation': 832}","{'id': 36820, 'rank': 29, 'fitness': 0.021237644913018106, 'generation': 832}","{'id': 36819, 'rank': 30, 'fitness': 0.01798620996209155, 'generation': 832}"
"{'id': 36896, 'rank': 1, 'fitness': 0.9820137900379085, 'generation': 833}","{'id': 36884, 'rank': 2, 'fitness': 0.9547223726013794, 'generation': 833}","{'id': 36888, 'rank': 3, 'fitness': 0.9473610447177891, 'generation': 833}","{'id': 36886, 'rank': 4, 'fitness': 0.6823940390029847, 'generation': 833}","{'id': 36897, 'rank': 5, 'fitness': 0.534760601646831, 'generation': 833}","{'id': 36895, 'rank': 6, 'fitness': 0.4002569742653803, 'generation': 833}","{'id': 36901, 'rank': 7, 'fitness': 0.3435977517218437, 'generation': 833}","{'id': 36889, 'rank': 8, 'fitness': 0.3280261701696769, 'generation': 833}","{'id': 36869, 'rank': 9, 'fitness': 0.2304280245876688, 'generation': 833}","{'id': 36879, 'rank': 10, 'fitness': 0.21853476200864796, 'generation': 833}","{'id': 36870, 'rank': 11, 'fitness': 0.1919648594491083, 'generation': 833}","{'id': 36887, 'rank': 12, 'fitness': 0.16383935513255232, 'generation': 833}","{'id': 36876, 'rank': 13, 'fitness': 0.15570076631684532, 'generation': 833}","{'id': 36883, 'rank': 14, 'fitness': 0.10471181558862408, 'generation': 833}","{'id': 36868, 'rank': 15, 'fitness': 0.06955027921005841, 'generation': 833}","{'id': 36881, 'rank': 16, 'fitness': 0.0653122334105099, 'generation': 833}","{'id': 36866, 'rank': 17, 'fitness': 0.061300857872468584, 'generation': 833}","{'id': 36880, 'rank': 18, 'fitness': 0.05988385261318685, 'generation': 833}","{'id': 36861, 'rank': 19, 'fitness': 0.05646216979901675, 'generation': 833}","{'id': 36898, 'rank': 20, 'fitness': 0.05282184745759566, 'generation': 833}","{'id': 36894, 'rank': 21, 'fitness': 0.05067176824473352, 'generation': 833}","{'id': 36882, 'rank': 22, 'fitness': 0.05001797675852393, 'generation': 833}","{'id': 36885, 'rank': 23, 'fitness': 0.04969359858472899, 'generation': 833}","{'id': 36878, 'rank': 24, 'fitness': 0.04799351935810087, 'generation': 833}","{'id': 36857, 'rank': 25, 'fitness': 0.04454533264097871, 'generation': 833}","{'id': 36864, 'rank': 26, 'fitness': 0.04383034710304423, 'generation': 833}","{'id': 36893, 'rank': 27, 'fitness': 0.028228693791866377, 'generation': 833}","{'id': 36872, 'rank': 28, 'fitness': 0.025927514204162394, 'generation': 833}","{'id': 36859, 'rank': 29, 'fitness': 0.02359581393351967, 'generation': 833}","{'id': 36891, 'rank': 30, 'fitness': 0.01798620996209155, 'generation': 833}"
"{'id': 36927, 'rank': 1, 'fitness': 0.9820137900379085, 'generation': 834}","{'id': 36940, 'rank': 2, 'fitness': 0.9440582808209219, 'generation': 834}","{'id': 36942, 'rank': 3, 'fitness': 0.793130368899954, 'generation': 834}","{'id': 36930, 'rank': 4, 'fitness': 0.7007518831723074, 'generation': 834}","{'id': 36934, 'rank': 5, 'fitness': 0.6152662341389925, 'generation': 834}","{'id': 36939, 'rank': 6, 'fitness': 0.48190860664245516, 'generation': 834}","{'id': 36941, 'rank': 7, 'fitness': 0.3578694631565738, 'generation': 834}","{'id': 36918, 'rank': 8, 'fitness': 0.281484565334434, 'generation': 834}","{'id': 36925, 'rank': 9, 'fitness': 0.19550057386585634, 'generation': 834}","{'id': 36931, 'rank': 10, 'fitness': 0.14838117118233385, 'generation': 834}","{'id': 36928, 'rank': 11, 'fitness': 0.14123369085491788, 'generation': 834}","{'id': 36935, 'rank': 12, 'fitness': 0.11052761472247818, 'generation': 834}","{'id': 36919, 'rank': 13, 'fitness': 0.1076790881139385, 'generation': 834}","{'id': 36913, 'rank': 14, 'fitness': 0.10707073597929312, 'generation': 834}","{'id': 36914, 'rank': 15, 'fitness': 0.10309646161714808, 'generation': 834}","{'id': 36920, 'rank': 16, 'fitness': 0.09659783837137853, 'generation': 834}","{'id': 36908, 'rank': 17, 'fitness': 0.06976022440468338, 'generation': 834}","{'id': 36932, 'rank': 18, 'fitness': 0.05265003750207642, 'generation': 834}","{'id': 36923, 'rank': 19, 'fitness': 0.05118556962420312, 'generation': 834}","{'id': 36910, 'rank': 20, 'fitness': 0.04855135965534818, 'generation': 834}","{'id': 36938, 'rank': 21, 'fitness': 0.04041946804109836, 'generation': 834}","{'id': 36921, 'rank': 22, 'fitness': 0.03986110488709982, 'generation': 834}","{'id': 36926, 'rank': 23, 'fitness': 0.038431997095158155, 'generation': 834}","{'id': 36933, 'rank': 24, 'fitness': 0.03599362001618467, 'generation': 834}","{'id': 36922, 'rank': 25, 'fitness': 0.03166074279231351, 'generation': 834}","{'id': 36924, 'rank': 26, 'fitness': 0.030748492689534168, 'generation': 834}","{'id': 36936, 'rank': 27, 'fitness': 0.024872312594930612, 'generation': 834}","{'id': 36929, 'rank': 28, 'fitness': 0.0242501454256282, 'generation': 834}","{'id': 36903, 'rank': 29, 'fitness': 0.01967625781959148, 'generation': 834}","{'id': 36915, 'rank': 30, 'fitness': 0.01798620996209155, 'generation': 834}"
"{'id': 36967, 'rank': 1, 'fitness': 0.9820137900379085, 'generation': 835}","{'id': 36977, 'rank': 2, 'fitness': 0.9688449488824753, 'generation': 835}","{'id': 36983, 'rank': 3, 'fitness': 0.9415846933145444, 'generation': 835}","{'id': 36971, 'rank': 4, 'fitness': 0.8684353157360426, 'generation': 835}","{'id': 36955, 'rank': 5, 'fitness': 0.6455863428949385, 'generation': 835}","{'id': 36981, 'rank': 6, 'fitness': 0.6058226014002583, 'generation': 835}","{'id': 36952, 'rank': 7, 'fitness': 0.5804360946739422, 'generation': 835}","{'id': 36964, 'rank': 8, 'fitness': 0.5031830250553363, 'generation': 835}","{'id': 36978, 'rank': 9, 'fitness': 0.46024416895096393, 'generation': 835}","{'id': 36970, 'rank': 10, 'fitness': 0.4447140865481458, 'generation': 835}","{'id': 36984, 'rank': 11, 'fitness': 0.43349847184176077, 'generation': 835}","{'id': 36946, 'rank': 12, 'fitness': 0.42053725844890877, 'generation': 835}","{'id': 36956, 'rank': 13, 'fitness': 0.38605462200937285, 'generation': 835}","{'id': 36968, 'rank': 14, 'fitness': 0.32388788938571467, 'generation': 835}","{'id': 36980, 'rank': 15, 'fitness': 0.27463746071297146, 'generation': 835}","{'id': 36973, 'rank': 16, 'fitness': 0.25246151215924173, 'generation': 835}","{'id': 36976, 'rank': 17, 'fitness': 0.20615331649912266, 'generation': 835}","{'id': 36944, 'rank': 18, 'fitness': 0.19237120971077076, 'generation': 835}","{'id': 36982, 'rank': 19, 'fitness': 0.1861486316712394, 'generation': 835}","{'id': 36957, 'rank': 20, 'fitness': 0.11755305881032918, 'generation': 835}","{'id': 36962, 'rank': 21, 'fitness': 0.10820195542580396, 'generation': 835}","{'id': 36975, 'rank': 22, 'fitness': 0.10675809012528076, 'generation': 835}","{'id': 36974, 'rank': 23, 'fitness': 0.09027091894798928, 'generation': 835}","{'id': 36972, 'rank': 24, 'fitness': 0.0796171727579788, 'generation': 835}","{'id': 36985, 'rank': 25, 'fitness': 0.07262702439437296, 'generation': 835}","{'id': 36966, 'rank': 26, 'fitness': 0.05674521531644061, 'generation': 835}","{'id': 36969, 'rank': 27, 'fitness': 0.025289167424457915, 'generation': 835}","{'id': 36953, 'rank': 28, 'fitness': 0.024986531569048342, 'generation': 835}","{'id': 36947, 'rank': 29, 'fitness': 0.02385564517167199, 'generation': 835}","{'id': 36965, 'rank': 30, 'fitness': 0.01798620996209155, 'generation': 835}"
"{'id': 37032, 'rank': 1, 'fitness': 0.9820137900379085, 'generation': 836}","{'id': 37031, 'rank': 2, 'fitness': 0.9790287570699325, 'generation': 836}","{'id': 37030, 'rank': 3, 'fitness': 0.9653774744134012, 'generation': 836}","{'id': 37020, 'rank': 4, 'fitness': 0.92605086183127, 'generation': 836}","{'id': 37028, 'rank': 5, 'fitness': 0.8630570024152988, 'generation': 836}","{'id': 36991, 'rank': 6, 'fitness': 0.8310200321962651, 'generation': 836}","{'id': 37017, 'rank': 7, 'fitness': 0.5860819834296822, 'generation': 836}","{'id': 37027, 'rank': 8, 'fitness': 0.5077166467646117, 'generation': 836}","{'id': 37004, 'rank': 9, 'fitness': 0.38872769780454586, 'generation': 836}","{'id': 37001, 'rank': 10, 'fitness': 0.20106234724028887, 'generation': 836}","{'id': 37009, 'rank': 11, 'fitness': 0.19581599255588822, 'generation': 836}","{'id': 37006, 'rank': 12, 'fitness': 0.18507139398713063, 'generation': 836}","{'id': 37008, 'rank': 13, 'fitness': 0.16924475619702528, 'generation': 836}","{'id': 37012, 'rank': 14, 'fitness': 0.1637025491176814, 'generation': 836}","{'id': 37013, 'rank': 15, 'fitness': 0.14393700438396517, 'generation': 836}","{'id': 37026, 'rank': 16, 'fitness': 0.11836200775940675, 'generation': 836}","{'id': 36986, 'rank': 17, 'fitness': 0.08000421946630937, 'generation': 836}","{'id': 37018, 'rank': 18, 'fitness': 0.07952770964295675, 'generation': 836}","{'id': 36993, 'rank': 19, 'fitness': 0.07349672752566505, 'generation': 836}","{'id': 37016, 'rank': 20, 'fitness': 0.059442214881337996, 'generation': 836}","{'id': 37033, 'rank': 21, 'fitness': 0.053355712945398204, 'generation': 836}","{'id': 37010, 'rank': 22, 'fitness': 0.04196263430886782, 'generation': 836}","{'id': 37015, 'rank': 23, 'fitness': 0.03975809958709553, 'generation': 836}","{'id': 36989, 'rank': 24, 'fitness': 0.03745085716929508, 'generation': 836}","{'id': 36999, 'rank': 25, 'fitness': 0.03683189720024177, 'generation': 836}","{'id': 36997, 'rank': 26, 'fitness': 0.032690757575053464, 'generation': 836}","{'id': 37011, 'rank': 27, 'fitness': 0.03022478371239773, 'generation': 836}","{'id': 37022, 'rank': 28, 'fitness': 0.030119839399021908, 'generation': 836}","{'id': 37029, 'rank': 29, 'fitness': 0.028179364121436512, 'generation': 836}","{'id': 37021, 'rank': 30, 'fitness': 0.01798620996209155, 'generation': 836}"
"{'id': 37061, 'rank': 1, 'fitness': 0.9820137900379085, 'generation': 837}","{'id': 37049, 'rank': 2, 'fitness': 0.42683740768335826, 'generation': 837}","{'id': 37072, 'rank': 3, 'fitness': 0.3758496480475356, 'generation': 837}","{'id': 37056, 'rank': 4, 'fitness': 0.3276905953491406, 'generation': 837}","{'id': 37073, 'rank': 5, 'fitness': 0.26526066370099854, 'generation': 837}","{'id': 37063, 'rank': 6, 'fitness': 0.24763697341080065, 'generation': 837}","{'id': 37048, 'rank': 7, 'fitness': 0.22821003873854118, 'generation': 837}","{'id': 37070, 'rank': 8, 'fitness': 0.1943739171582679, 'generation': 837}","{'id': 37036, 'rank': 9, 'fitness': 0.1802993517892389, 'generation': 837}","{'id': 37059, 'rank': 10, 'fitness': 0.17016685027922207, 'generation': 837}","{'id': 37050, 'rank': 11, 'fitness': 0.16221435143054685, 'generation': 837}","{'id': 37044, 'rank': 12, 'fitness': 0.1509309704470937, 'generation': 837}","{'id': 37071, 'rank': 13, 'fitness': 0.08746476468421466, 'generation': 837}","{'id': 37054, 'rank': 14, 'fitness': 0.07842577021876368, 'generation': 837}","{'id': 37067, 'rank': 15, 'fitness': 0.07472336316632044, 'generation': 837}","{'id': 37065, 'rank': 16, 'fitness': 0.0658300461635975, 'generation': 837}","{'id': 37053, 'rank': 17, 'fitness': 0.05827487753700644, 'generation': 837}","{'id': 37035, 'rank': 18, 'fitness': 0.05177557673639066, 'generation': 837}","{'id': 37052, 'rank': 19, 'fitness': 0.051183231109725336, 'generation': 837}","{'id': 37074, 'rank': 20, 'fitness': 0.04853807226639828, 'generation': 837}","{'id': 37066, 'rank': 21, 'fitness': 0.04661228641598447, 'generation': 837}","{'id': 37076, 'rank': 22, 'fitness': 0.037638256420079175, 'generation': 837}","{'id': 37040, 'rank': 23, 'fitness': 0.029114068210620125, 'generation': 837}","{'id': 37062, 'rank': 24, 'fitness': 0.0290591653955779, 'generation': 837}","{'id': 37042, 'rank': 25, 'fitness': 0.026358702216454366, 'generation': 837}","{'id': 37043, 'rank': 26, 'fitness': 0.024462095694258, 'generation': 837}","{'id': 37034, 'rank': 27, 'fitness': 0.023824965931346476, 'generation': 837}","{'id': 37037, 'rank': 28, 'fitness': 0.02171170819050766, 'generation': 837}","{'id': 37077, 'rank': 29, 'fitness': 0.019213520978094256, 'generation': 837}","{'id': 37064, 'rank': 30, 'fitness': 0.01798620996209155, 'generation': 837}"
"{'id': 37087, 'rank': 1, 'fitness': 0.9820137900379085, 'generation': 838}","{'id': 37095, 'rank': 2, 'fitness': 0.939992179551684, 'generation': 838}","{'id': 37107, 'rank': 3, 'fitness': 0.925951338569817, 'generation': 838}","{'id': 37088, 'rank': 4, 'fitness': 0.9211513636496271, 'generation': 838}","{'id': 37093, 'rank': 5, 'fitness': 0.9158913271244866, 'generation': 838}","{'id': 37104, 'rank': 6, 'fitness': 0.890114473186556, 'generation': 838}","{'id': 37103, 'rank': 7, 'fitness': 0.8737697609107538, 'generation': 838}","{'id': 37092, 'rank': 8, 'fitness': 0.7809207771460885, 'generation': 838}","{'id': 37097, 'rank': 9, 'fitness': 0.58192496196498, 'generation': 838}","{'id': 37078, 'rank': 10, 'fitness': 0.4930523196747763, 'generation': 838}","{'id': 37110, 'rank': 11, 'fitness': 0.45485318481455334, 'generation': 838}","{'id': 37102, 'rank': 12, 'fitness': 0.4266621232812523, 'generation': 838}","{'id': 37109, 'rank': 13, 'fitness': 0.3251615668053079, 'generation': 838}","{'id': 37081, 'rank': 14, 'fitness': 0.2945000319924522, 'generation': 838}","{'id': 37101, 'rank': 15, 'fitness': 0.25786668000220453, 'generation': 838}","{'id': 37096, 'rank': 16, 'fitness': 0.21349068267751342, 'generation': 838}","{'id': 37094, 'rank': 17, 'fitness': 0.20521756949086312, 'generation': 838}","{'id': 37108, 'rank': 18, 'fitness': 0.09435225284695081, 'generation': 838}","{'id': 37090, 'rank': 19, 'fitness': 0.06867100920320485, 'generation': 838}","{'id': 37098, 'rank': 20, 'fitness': 0.06164381129462765, 'generation': 838}","{'id': 37086, 'rank': 21, 'fitness': 0.05471121886997854, 'generation': 838}","{'id': 37106, 'rank': 22, 'fitness': 0.05118236973002582, 'generation': 838}","{'id': 37083, 'rank': 23, 'fitness': 0.0476235758631951, 'generation': 838}","{'id': 37080, 'rank': 24, 'fitness': 0.036424055708357495, 'generation': 838}","{'id': 37085, 'rank': 25, 'fitness': 0.03365940181166133, 'generation': 838}","{'id': 37099, 'rank': 26, 'fitness': 0.027717645261445933, 'generation': 838}","{'id': 37089, 'rank': 27, 'fitness': 0.021370542381795143, 'generation': 838}","{'id': 37100, 'rank': 28, 'fitness': 0.019860326707778597, 'generation': 838}","{'id': 37105, 'rank': 29, 'fitness': 0.019017370790387622, 'generation': 838}","{'id': 37091, 'rank': 30, 'fitness': 0.01798620996209155, 'generation': 838}"
"{'id': 37145, 'rank': 1, 'fitness': 0.9820137900379085, 'generation': 839}","{'id': 37119, 'rank': 2, 'fitness': 0.9758597611785582, 'generation': 839}","{'id': 37139, 'rank': 3, 'fitness': 0.6810277745164528, 'generation': 839}","{'id': 37151, 'rank': 4, 'fitness': 0.627526093233736, 'generation': 839}","{'id': 37157, 'rank': 5, 'fitness': 0.606306369990559, 'generation': 839}","{'id': 37146, 'rank': 6, 'fitness': 0.5987901728099845, 'generation': 839}","{'id': 37136, 'rank': 7, 'fitness': 0.5220473187733619, 'generation': 839}","{'id': 37143, 'rank': 8, 'fitness': 0.5153956782572221, 'generation': 839}","{'id': 37137, 'rank': 9, 'fitness': 0.4464995854346902, 'generation': 839}","{'id': 37140, 'rank': 10, 'fitness': 0.23337835005013874, 'generation': 839}","{'id': 37134, 'rank': 11, 'fitness': 0.21791635908412849, 'generation': 839}","{'id': 37155, 'rank': 12, 'fitness': 0.2142642480031876, 'generation': 839}","{'id': 37141, 'rank': 13, 'fitness': 0.15577012277134378, 'generation': 839}","{'id': 37152, 'rank': 14, 'fitness': 0.14400603521881528, 'generation': 839}","{'id': 37138, 'rank': 15, 'fitness': 0.10334127430279505, 'generation': 839}","{'id': 37122, 'rank': 16, 'fitness': 0.08763110595246348, 'generation': 839}","{'id': 37147, 'rank': 17, 'fitness': 0.08595493289552608, 'generation': 839}","{'id': 37125, 'rank': 18, 'fitness': 0.06947021963506084, 'generation': 839}","{'id': 37150, 'rank': 19, 'fitness': 0.06631031483361732, 'generation': 839}","{'id': 37116, 'rank': 20, 'fitness': 0.06174925330298575, 'generation': 839}","{'id': 37120, 'rank': 21, 'fitness': 0.05573147383255633, 'generation': 839}","{'id': 37149, 'rank': 22, 'fitness': 0.054542258935836474, 'generation': 839}","{'id': 37115, 'rank': 23, 'fitness': 0.049731355540691025, 'generation': 839}","{'id': 37133, 'rank': 24, 'fitness': 0.048116452570301116, 'generation': 839}","{'id': 37148, 'rank': 25, 'fitness': 0.039748996303892115, 'generation': 839}","{'id': 37156, 'rank': 26, 'fitness': 0.031201796313730934, 'generation': 839}","{'id': 37117, 'rank': 27, 'fitness': 0.02998318770786751, 'generation': 839}","{'id': 37132, 'rank': 28, 'fitness': 0.023146310567714712, 'generation': 839}","{'id': 37112, 'rank': 29, 'fitness': 0.02290567241159619, 'generation': 839}","{'id': 37121, 'rank': 30, 'fitness': 0.01798620996209155, 'generation': 839}"
"{'id': 37160, 'rank': 1, 'fitness': 0.9820137900379085, 'generation': 840}","{'id': 37192, 'rank': 2, 'fitness': 0.9609081925394443, 'generation': 840}","{'id': 37171, 'rank': 3, 'fitness': 0.9067314686176057, 'generation': 840}","{'id': 37183, 'rank': 4, 'fitness': 0.8483734583086453, 'generation': 840}","{'id': 37180, 'rank': 5, 'fitness': 0.7363464715947202, 'generation': 840}","{'id': 37182, 'rank': 6, 'fitness': 0.6053171888089628, 'generation': 840}","{'id': 37186, 'rank': 7, 'fitness': 0.4869614590856964, 'generation': 840}","{'id': 37164, 'rank': 8, 'fitness': 0.4818445897003862, 'generation': 840}","{'id': 37191, 'rank': 9, 'fitness': 0.4507467977555217, 'generation': 840}","{'id': 37178, 'rank': 10, 'fitness': 0.3411299189297955, 'generation': 840}","{'id': 37179, 'rank': 11, 'fitness': 0.3304421503270194, 'generation': 840}","{'id': 37161, 'rank': 12, 'fitness': 0.22180667424597228, 'generation': 840}","{'id': 37169, 'rank': 13, 'fitness': 0.1962208820282924, 'generation': 840}","{'id': 37181, 'rank': 14, 'fitness': 0.1938125902862774, 'generation': 840}","{'id': 37177, 'rank': 15, 'fitness': 0.19096471840592544, 'generation': 840}","{'id': 37188, 'rank': 16, 'fitness': 0.17836054220322112, 'generation': 840}","{'id': 37184, 'rank': 17, 'fitness': 0.13262046285541113, 'generation': 840}","{'id': 37190, 'rank': 18, 'fitness': 0.12577362202333747, 'generation': 840}","{'id': 37197, 'rank': 19, 'fitness': 0.12310724674065254, 'generation': 840}","{'id': 37168, 'rank': 20, 'fitness': 0.10137291815647115, 'generation': 840}","{'id': 37172, 'rank': 21, 'fitness': 0.058196900888315195, 'generation': 840}","{'id': 37174, 'rank': 22, 'fitness': 0.05486251442868717, 'generation': 840}","{'id': 37167, 'rank': 23, 'fitness': 0.052115592437303626, 'generation': 840}","{'id': 37185, 'rank': 24, 'fitness': 0.050463822574210226, 'generation': 840}","{'id': 37195, 'rank': 25, 'fitness': 0.04198565564964607, 'generation': 840}","{'id': 37165, 'rank': 26, 'fitness': 0.03955558876937276, 'generation': 840}","{'id': 37189, 'rank': 27, 'fitness': 0.03391011176768938, 'generation': 840}","{'id': 37170, 'rank': 28, 'fitness': 0.02774934093338899, 'generation': 840}","{'id': 37194, 'rank': 29, 'fitness': 0.024524897121761258, 'generation': 840}","{'id': 37198, 'rank': 30, 'fitness': 0.01798620996209155, 'generation': 840}"
"{'id': 37235, 'rank': 1, 'fitness': 0.9820137900379085, 'generation': 841}","{'id': 37238, 'rank': 2, 'fitness': 0.9612595524353591, 'generation': 841}","{'id': 37241, 'rank': 3, 'fitness': 0.9607978006516059, 'generation': 841}","{'id': 37205, 'rank': 4, 'fitness': 0.8915402635826417, 'generation': 841}","{'id': 37232, 'rank': 5, 'fitness': 0.8851953739385923, 'generation': 841}","{'id': 37234, 'rank': 6, 'fitness': 0.8846085093146938, 'generation': 841}","{'id': 37239, 'rank': 7, 'fitness': 0.8050379923326956, 'generation': 841}","{'id': 37222, 'rank': 8, 'fitness': 0.7366615822861369, 'generation': 841}","{'id': 37204, 'rank': 9, 'fitness': 0.6914449561533162, 'generation': 841}","{'id': 37221, 'rank': 10, 'fitness': 0.6506146866135142, 'generation': 841}","{'id': 37230, 'rank': 11, 'fitness': 0.511867013634324, 'generation': 841}","{'id': 37228, 'rank': 12, 'fitness': 0.5028494493273526, 'generation': 841}","{'id': 37226, 'rank': 13, 'fitness': 0.5011882405257706, 'generation': 841}","{'id': 37237, 'rank': 14, 'fitness': 0.441289887124621, 'generation': 841}","{'id': 37225, 'rank': 15, 'fitness': 0.4188527098669226, 'generation': 841}","{'id': 37229, 'rank': 16, 'fitness': 0.3336825874886014, 'generation': 841}","{'id': 37216, 'rank': 17, 'fitness': 0.3167813617248949, 'generation': 841}","{'id': 37212, 'rank': 18, 'fitness': 0.2986740543577019, 'generation': 841}","{'id': 37209, 'rank': 19, 'fitness': 0.2438420981981339, 'generation': 841}","{'id': 37233, 'rank': 20, 'fitness': 0.17475558392046664, 'generation': 841}","{'id': 37199, 'rank': 21, 'fitness': 0.12390684438290256, 'generation': 841}","{'id': 37217, 'rank': 22, 'fitness': 0.06557208108144386, 'generation': 841}","{'id': 37201, 'rank': 23, 'fitness': 0.06547754141536427, 'generation': 841}","{'id': 37211, 'rank': 24, 'fitness': 0.05739437294039684, 'generation': 841}","{'id': 37224, 'rank': 25, 'fitness': 0.04448862870661496, 'generation': 841}","{'id': 37242, 'rank': 26, 'fitness': 0.040486746789855366, 'generation': 841}","{'id': 37208, 'rank': 27, 'fitness': 0.03413990827418767, 'generation': 841}","{'id': 37215, 'rank': 28, 'fitness': 0.030573154574182915, 'generation': 841}","{'id': 37219, 'rank': 29, 'fitness': 0.019708332247564797, 'generation': 841}","{'id': 37227, 'rank': 30, 'fitness': 0.01798620996209155, 'generation': 841}"
"{'id': 37290, 'rank': 1, 'fitness': 0.9820137900379085, 'generation': 842}","{'id': 37283, 'rank': 2, 'fitness': 0.9614983322070579, 'generation': 842}","{'id': 37282, 'rank': 3, 'fitness': 0.8774894966901975, 'generation': 842}","{'id': 37265, 'rank': 4, 'fitness': 0.8223870365456527, 'generation': 842}","{'id': 37261, 'rank': 5, 'fitness': 0.7001234810808596, 'generation': 842}","{'id': 37287, 'rank': 6, 'fitness': 0.566470403121928, 'generation': 842}","{'id': 37285, 'rank': 7, 'fitness': 0.5645571898885435, 'generation': 842}","{'id': 37272, 'rank': 8, 'fitness': 0.4290442180749022, 'generation': 842}","{'id': 37284, 'rank': 9, 'fitness': 0.27008713149275543, 'generation': 842}","{'id': 37281, 'rank': 10, 'fitness': 0.257414695129767, 'generation': 842}","{'id': 37286, 'rank': 11, 'fitness': 0.222509100848856, 'generation': 842}","{'id': 37263, 'rank': 12, 'fitness': 0.1890265598905973, 'generation': 842}","{'id': 37251, 'rank': 13, 'fitness': 0.17394421213642253, 'generation': 842}","{'id': 37289, 'rank': 14, 'fitness': 0.16452835715523367, 'generation': 842}","{'id': 37274, 'rank': 15, 'fitness': 0.15939793087073756, 'generation': 842}","{'id': 37288, 'rank': 16, 'fitness': 0.13797177765781732, 'generation': 842}","{'id': 37250, 'rank': 17, 'fitness': 0.10745854211428929, 'generation': 842}","{'id': 37279, 'rank': 18, 'fitness': 0.10497624286954355, 'generation': 842}","{'id': 37246, 'rank': 19, 'fitness': 0.10066040878462057, 'generation': 842}","{'id': 37276, 'rank': 20, 'fitness': 0.07987775990691887, 'generation': 842}","{'id': 37259, 'rank': 21, 'fitness': 0.052261705729576, 'generation': 842}","{'id': 37273, 'rank': 22, 'fitness': 0.04477378279125138, 'generation': 842}","{'id': 37277, 'rank': 23, 'fitness': 0.03740489057313845, 'generation': 842}","{'id': 37266, 'rank': 24, 'fitness': 0.03555689639955789, 'generation': 842}","{'id': 37271, 'rank': 25, 'fitness': 0.034511660478326656, 'generation': 842}","{'id': 37270, 'rank': 26, 'fitness': 0.031109978108534497, 'generation': 842}","{'id': 37256, 'rank': 27, 'fitness': 0.02676405752671429, 'generation': 842}","{'id': 37267, 'rank': 28, 'fitness': 0.02087920953527611, 'generation': 842}","{'id': 37262, 'rank': 29, 'fitness': 0.02017431003828024, 'generation': 842}","{'id': 37275, 'rank': 30, 'fitness': 0.01798620996209155, 'generation': 842}"
"{'id': 37324, 'rank': 1, 'fitness': 0.9820137900379085, 'generation': 843}","{'id': 37317, 'rank': 2, 'fitness': 0.9321019918550462, 'generation': 843}","{'id': 37300, 'rank': 3, 'fitness': 0.9214353235132052, 'generation': 843}","{'id': 37316, 'rank': 4, 'fitness': 0.9199409620785508, 'generation': 843}","{'id': 37308, 'rank': 5, 'fitness': 0.8631021349513512, 'generation': 843}","{'id': 37326, 'rank': 6, 'fitness': 0.8492203392916255, 'generation': 843}","{'id': 37314, 'rank': 7, 'fitness': 0.7639624946839735, 'generation': 843}","{'id': 37311, 'rank': 8, 'fitness': 0.6056643004310707, 'generation': 843}","{'id': 37325, 'rank': 9, 'fitness': 0.565686074798212, 'generation': 843}","{'id': 37296, 'rank': 10, 'fitness': 0.5376310694388275, 'generation': 843}","{'id': 37315, 'rank': 11, 'fitness': 0.5376227556686046, 'generation': 843}","{'id': 37327, 'rank': 12, 'fitness': 0.5365129577114138, 'generation': 843}","{'id': 37320, 'rank': 13, 'fitness': 0.528065708688098, 'generation': 843}","{'id': 37321, 'rank': 14, 'fitness': 0.33809057647673113, 'generation': 843}","{'id': 37309, 'rank': 15, 'fitness': 0.25190696153251635, 'generation': 843}","{'id': 37318, 'rank': 16, 'fitness': 0.21785159999201537, 'generation': 843}","{'id': 37312, 'rank': 17, 'fitness': 0.20335840398761473, 'generation': 843}","{'id': 37313, 'rank': 18, 'fitness': 0.19276589173394787, 'generation': 843}","{'id': 37293, 'rank': 19, 'fitness': 0.18884658533788629, 'generation': 843}","{'id': 37310, 'rank': 20, 'fitness': 0.16717454103316326, 'generation': 843}","{'id': 37319, 'rank': 21, 'fitness': 0.1668580329975476, 'generation': 843}","{'id': 37323, 'rank': 22, 'fitness': 0.09783014593944328, 'generation': 843}","{'id': 37304, 'rank': 23, 'fitness': 0.09535442161744451, 'generation': 843}","{'id': 37302, 'rank': 24, 'fitness': 0.0882003295243986, 'generation': 843}","{'id': 37305, 'rank': 25, 'fitness': 0.08636286720006447, 'generation': 843}","{'id': 37292, 'rank': 26, 'fitness': 0.03083352712286974, 'generation': 843}","{'id': 37291, 'rank': 27, 'fitness': 0.020001492323451553, 'generation': 843}","{'id': 37301, 'rank': 28, 'fitness': 0.019147764873287454, 'generation': 843}","{'id': 37297, 'rank': 29, 'fitness': 0.018519553326897753, 'generation': 843}","{'id': 37322, 'rank': 30, 'fitness': 0.01798620996209155, 'generation': 843}"
"{'id': 37375, 'rank': 1, 'fitness': 0.9820137900379085, 'generation': 844}","{'id': 37369, 'rank': 2, 'fitness': 0.9784873119423505, 'generation': 844}","{'id': 37366, 'rank': 3, 'fitness': 0.9781879343552158, 'generation': 844}","{'id': 37373, 'rank': 4, 'fitness': 0.9645543635127041, 'generation': 844}","{'id': 37370, 'rank': 5, 'fitness': 0.9623464593351132, 'generation': 844}","{'id': 37376, 'rank': 6, 'fitness': 0.9597611008610263, 'generation': 844}","{'id': 37368, 'rank': 7, 'fitness': 0.9485010871158265, 'generation': 844}","{'id': 37377, 'rank': 8, 'fitness': 0.9398141227278077, 'generation': 844}","{'id': 37364, 'rank': 9, 'fitness': 0.9003672424962532, 'generation': 844}","{'id': 37363, 'rank': 10, 'fitness': 0.8874212595286074, 'generation': 844}","{'id': 37352, 'rank': 11, 'fitness': 0.8462661538709996, 'generation': 844}","{'id': 37374, 'rank': 12, 'fitness': 0.6515336227652007, 'generation': 844}","{'id': 37355, 'rank': 13, 'fitness': 0.6111829390176895, 'generation': 844}","{'id': 37350, 'rank': 14, 'fitness': 0.47935485730662936, 'generation': 844}","{'id': 37360, 'rank': 15, 'fitness': 0.37690284129371454, 'generation': 844}","{'id': 37347, 'rank': 16, 'fitness': 0.36231150741134704, 'generation': 844}","{'id': 37362, 'rank': 17, 'fitness': 0.18604989468667676, 'generation': 844}","{'id': 37340, 'rank': 18, 'fitness': 0.11302754706807894, 'generation': 844}","{'id': 37371, 'rank': 19, 'fitness': 0.09397299607509324, 'generation': 844}","{'id': 37339, 'rank': 20, 'fitness': 0.09009808045358775, 'generation': 844}","{'id': 37367, 'rank': 21, 'fitness': 0.06144965569433336, 'generation': 844}","{'id': 37378, 'rank': 22, 'fitness': 0.04687124338587334, 'generation': 844}","{'id': 37336, 'rank': 23, 'fitness': 0.04579998621929354, 'generation': 844}","{'id': 37344, 'rank': 24, 'fitness': 0.04357891882884646, 'generation': 844}","{'id': 37328, 'rank': 25, 'fitness': 0.04261954728048001, 'generation': 844}","{'id': 37335, 'rank': 26, 'fitness': 0.031053137264476893, 'generation': 844}","{'id': 37365, 'rank': 27, 'fitness': 0.02710266988889598, 'generation': 844}","{'id': 37372, 'rank': 28, 'fitness': 0.019590147431946092, 'generation': 844}","{'id': 37329, 'rank': 29, 'fitness': 0.019029328473003537, 'generation': 844}","{'id': 37356, 'rank': 30, 'fitness': 0.01798620996209155, 'generation': 844}"
"{'id': 37439, 'rank': 1, 'fitness': 0.9820137900379085, 'generation': 845}","{'id': 37424, 'rank': 2, 'fitness': 0.930243016300607, 'generation': 845}","{'id': 37432, 'rank': 3, 'fitness': 0.9101696307256153, 'generation': 845}","{'id': 37434, 'rank': 4, 'fitness': 0.8506408194473672, 'generation': 845}","{'id': 37441, 'rank': 5, 'fitness': 0.8504640405042756, 'generation': 845}","{'id': 37437, 'rank': 6, 'fitness': 0.7139396497396332, 'generation': 845}","{'id': 37413, 'rank': 7, 'fitness': 0.6427372561090499, 'generation': 845}","{'id': 37429, 'rank': 8, 'fitness': 0.6170194661995957, 'generation': 845}","{'id': 37436, 'rank': 9, 'fitness': 0.6022947635815049, 'generation': 845}","{'id': 37427, 'rank': 10, 'fitness': 0.5349441600979542, 'generation': 845}","{'id': 37428, 'rank': 11, 'fitness': 0.28787849742499705, 'generation': 845}","{'id': 37430, 'rank': 12, 'fitness': 0.2660250076928774, 'generation': 845}","{'id': 37416, 'rank': 13, 'fitness': 0.2608308226317102, 'generation': 845}","{'id': 37425, 'rank': 14, 'fitness': 0.24705501326773632, 'generation': 845}","{'id': 37379, 'rank': 15, 'fitness': 0.21013990341082117, 'generation': 845}","{'id': 37421, 'rank': 16, 'fitness': 0.19228155219140558, 'generation': 845}","{'id': 37414, 'rank': 17, 'fitness': 0.1571894398501204, 'generation': 845}","{'id': 37387, 'rank': 18, 'fitness': 0.1558431792522474, 'generation': 845}","{'id': 37385, 'rank': 19, 'fitness': 0.12381429005766798, 'generation': 845}","{'id': 37394, 'rank': 20, 'fitness': 0.11104926162950657, 'generation': 845}","{'id': 37382, 'rank': 21, 'fitness': 0.10976020469564773, 'generation': 845}","{'id': 37440, 'rank': 22, 'fitness': 0.09524485558201029, 'generation': 845}","{'id': 37397, 'rank': 23, 'fitness': 0.08734550592202234, 'generation': 845}","{'id': 37393, 'rank': 24, 'fitness': 0.07868907334147884, 'generation': 845}","{'id': 37395, 'rank': 25, 'fitness': 0.05335991363297227, 'generation': 845}","{'id': 37402, 'rank': 26, 'fitness': 0.044854092392512035, 'generation': 845}","{'id': 37401, 'rank': 27, 'fitness': 0.03352314311573401, 'generation': 845}","{'id': 37386, 'rank': 28, 'fitness': 0.02200992963573839, 'generation': 845}","{'id': 37418, 'rank': 29, 'fitness': 0.018383886767002866, 'generation': 845}","{'id': 37410, 'rank': 30, 'fitness': 0.01798620996209155, 'generation': 845}"
"{'id': 37482, 'rank': 1, 'fitness': 0.9820137900379085, 'generation': 846}","{'id': 37485, 'rank': 2, 'fitness': 0.968113259218224, 'generation': 846}","{'id': 37473, 'rank': 3, 'fitness': 0.9308982006368286, 'generation': 846}","{'id': 37449, 'rank': 4, 'fitness': 0.7573725884989673, 'generation': 846}","{'id': 37488, 'rank': 5, 'fitness': 0.45374861694081015, 'generation': 846}","{'id': 37452, 'rank': 6, 'fitness': 0.4511412469003008, 'generation': 846}","{'id': 37480, 'rank': 7, 'fitness': 0.2744136432055637, 'generation': 846}","{'id': 37447, 'rank': 8, 'fitness': 0.2067198471542544, 'generation': 846}","{'id': 37451, 'rank': 9, 'fitness': 0.1927931437640451, 'generation': 846}","{'id': 37487, 'rank': 10, 'fitness': 0.18261644746285627, 'generation': 846}","{'id': 37466, 'rank': 11, 'fitness': 0.1713207646685409, 'generation': 846}","{'id': 37457, 'rank': 12, 'fitness': 0.16665918549491537, 'generation': 846}","{'id': 37463, 'rank': 13, 'fitness': 0.13942338792348052, 'generation': 846}","{'id': 37468, 'rank': 14, 'fitness': 0.13462355819880106, 'generation': 846}","{'id': 37458, 'rank': 15, 'fitness': 0.13363419865985665, 'generation': 846}","{'id': 37484, 'rank': 16, 'fitness': 0.12846487748767255, 'generation': 846}","{'id': 37481, 'rank': 17, 'fitness': 0.0945977630980826, 'generation': 846}","{'id': 37478, 'rank': 18, 'fitness': 0.09151413874449432, 'generation': 846}","{'id': 37476, 'rank': 19, 'fitness': 0.07819188955411194, 'generation': 846}","{'id': 37470, 'rank': 20, 'fitness': 0.07400372013610079, 'generation': 846}","{'id': 37483, 'rank': 21, 'fitness': 0.06515221752900602, 'generation': 846}","{'id': 37462, 'rank': 22, 'fitness': 0.052561324908346585, 'generation': 846}","{'id': 37456, 'rank': 23, 'fitness': 0.04857826287444278, 'generation': 846}","{'id': 37460, 'rank': 24, 'fitness': 0.046481788617146524, 'generation': 846}","{'id': 37471, 'rank': 25, 'fitness': 0.0461529815755215, 'generation': 846}","{'id': 37486, 'rank': 26, 'fitness': 0.0455340231353063, 'generation': 846}","{'id': 37461, 'rank': 27, 'fitness': 0.028822999839585806, 'generation': 846}","{'id': 37474, 'rank': 28, 'fitness': 0.028698843269604812, 'generation': 846}","{'id': 37475, 'rank': 29, 'fitness': 0.018593132173069404, 'generation': 846}","{'id': 37454, 'rank': 30, 'fitness': 0.01798620996209155, 'generation': 846}"
"{'id': 37525, 'rank': 1, 'fitness': 0.9820137900379085, 'generation': 847}","{'id': 37520, 'rank': 2, 'fitness': 0.9672363487960893, 'generation': 847}","{'id': 37529, 'rank': 3, 'fitness': 0.9378658050205186, 'generation': 847}","{'id': 37512, 'rank': 4, 'fitness': 0.9036882356483974, 'generation': 847}","{'id': 37526, 'rank': 5, 'fitness': 0.8941047496402434, 'generation': 847}","{'id': 37517, 'rank': 6, 'fitness': 0.7856317528806807, 'generation': 847}","{'id': 37513, 'rank': 7, 'fitness': 0.7848967897402639, 'generation': 847}","{'id': 37519, 'rank': 8, 'fitness': 0.7458012824431415, 'generation': 847}","{'id': 37504, 'rank': 9, 'fitness': 0.6663666252311987, 'generation': 847}","{'id': 37515, 'rank': 10, 'fitness': 0.5841461393722481, 'generation': 847}","{'id': 37528, 'rank': 11, 'fitness': 0.5766037283276202, 'generation': 847}","{'id': 37509, 'rank': 12, 'fitness': 0.49547982042100464, 'generation': 847}","{'id': 37491, 'rank': 13, 'fitness': 0.4428579235826306, 'generation': 847}","{'id': 37506, 'rank': 14, 'fitness': 0.33383628717248537, 'generation': 847}","{'id': 37490, 'rank': 15, 'fitness': 0.26763331325623385, 'generation': 847}","{'id': 37523, 'rank': 16, 'fitness': 0.24192058488816948, 'generation': 847}","{'id': 37507, 'rank': 17, 'fitness': 0.19062071133447067, 'generation': 847}","{'id': 37502, 'rank': 18, 'fitness': 0.18281045649375993, 'generation': 847}","{'id': 37501, 'rank': 19, 'fitness': 0.14280471396350924, 'generation': 847}","{'id': 37518, 'rank': 20, 'fitness': 0.1419660754561154, 'generation': 847}","{'id': 37516, 'rank': 21, 'fitness': 0.1309336456920293, 'generation': 847}","{'id': 37522, 'rank': 22, 'fitness': 0.12746420693645027, 'generation': 847}","{'id': 37511, 'rank': 23, 'fitness': 0.0962193290151272, 'generation': 847}","{'id': 37514, 'rank': 24, 'fitness': 0.09401879447152434, 'generation': 847}","{'id': 37524, 'rank': 25, 'fitness': 0.09396448613524866, 'generation': 847}","{'id': 37497, 'rank': 26, 'fitness': 0.0787815802991888, 'generation': 847}","{'id': 37489, 'rank': 27, 'fitness': 0.07528521354228679, 'generation': 847}","{'id': 37508, 'rank': 28, 'fitness': 0.040249918943284835, 'generation': 847}","{'id': 37498, 'rank': 29, 'fitness': 0.027388323316027197, 'generation': 847}","{'id': 37500, 'rank': 30, 'fitness': 0.01798620996209155, 'generation': 847}"
"{'id': 37576, 'rank': 1, 'fitness': 0.9820137900379085, 'generation': 848}","{'id': 37550, 'rank': 2, 'fitness': 0.8503650556367003, 'generation': 848}","{'id': 37571, 'rank': 3, 'fitness': 0.8215578552682293, 'generation': 848}","{'id': 37570, 'rank': 4, 'fitness': 0.5884100805860923, 'generation': 848}","{'id': 37578, 'rank': 5, 'fitness': 0.5220722151166484, 'generation': 848}","{'id': 37567, 'rank': 6, 'fitness': 0.4890073974648766, 'generation': 848}","{'id': 37552, 'rank': 7, 'fitness': 0.48187219977070744, 'generation': 848}","{'id': 37547, 'rank': 8, 'fitness': 0.42801041707561127, 'generation': 848}","{'id': 37569, 'rank': 9, 'fitness': 0.35840152360035704, 'generation': 848}","{'id': 37530, 'rank': 10, 'fitness': 0.33184765862877824, 'generation': 848}","{'id': 37572, 'rank': 11, 'fitness': 0.2765718130789423, 'generation': 848}","{'id': 37573, 'rank': 12, 'fitness': 0.1918147484538842, 'generation': 848}","{'id': 37561, 'rank': 13, 'fitness': 0.18782797899538695, 'generation': 848}","{'id': 37568, 'rank': 14, 'fitness': 0.18113608571890605, 'generation': 848}","{'id': 37549, 'rank': 15, 'fitness': 0.16264601566528403, 'generation': 848}","{'id': 37574, 'rank': 16, 'fitness': 0.14382752133167592, 'generation': 848}","{'id': 37546, 'rank': 17, 'fitness': 0.08893034072729089, 'generation': 848}","{'id': 37532, 'rank': 18, 'fitness': 0.07967729128825246, 'generation': 848}","{'id': 37543, 'rank': 19, 'fitness': 0.06870291900896275, 'generation': 848}","{'id': 37562, 'rank': 20, 'fitness': 0.055828993746166955, 'generation': 848}","{'id': 37539, 'rank': 21, 'fitness': 0.0515011560813986, 'generation': 848}","{'id': 37566, 'rank': 22, 'fitness': 0.041831855528758566, 'generation': 848}","{'id': 37575, 'rank': 23, 'fitness': 0.03526516232198201, 'generation': 848}","{'id': 37565, 'rank': 24, 'fitness': 0.027701396115030474, 'generation': 848}","{'id': 37536, 'rank': 25, 'fitness': 0.025620658928329765, 'generation': 848}","{'id': 37540, 'rank': 26, 'fitness': 0.02548222828402469, 'generation': 848}","{'id': 37559, 'rank': 27, 'fitness': 0.02316995270596872, 'generation': 848}","{'id': 37557, 'rank': 28, 'fitness': 0.0229800002176907, 'generation': 848}","{'id': 37544, 'rank': 29, 'fitness': 0.021424320159294297, 'generation': 848}","{'id': 37541, 'rank': 30, 'fitness': 0.01798620996209155, 'generation': 848}"
"{'id': 37615, 'rank': 1, 'fitness': 0.9820137900379085, 'generation': 849}","{'id': 37608, 'rank': 2, 'fitness': 0.9275285225203043, 'generation': 849}","{'id': 37590, 'rank': 3, 'fitness': 0.926056234194949, 'generation': 849}","{'id': 37609, 'rank': 4, 'fitness': 0.9209143406927736, 'generation': 849}","{'id': 37594, 'rank': 5, 'fitness': 0.821057291998333, 'generation': 849}","{'id': 37618, 'rank': 6, 'fitness': 0.7573470355688632, 'generation': 849}","{'id': 37607, 'rank': 7, 'fitness': 0.6113746682660651, 'generation': 849}","{'id': 37616, 'rank': 8, 'fitness': 0.510767629962403, 'generation': 849}","{'id': 37619, 'rank': 9, 'fitness': 0.504956464050495, 'generation': 849}","{'id': 37587, 'rank': 10, 'fitness': 0.4454925972521318, 'generation': 849}","{'id': 37597, 'rank': 11, 'fitness': 0.41427963131146733, 'generation': 849}","{'id': 37580, 'rank': 12, 'fitness': 0.3596914756837346, 'generation': 849}","{'id': 37617, 'rank': 13, 'fitness': 0.3196826586887312, 'generation': 849}","{'id': 37600, 'rank': 14, 'fitness': 0.3156421113545509, 'generation': 849}","{'id': 37579, 'rank': 15, 'fitness': 0.26970615703811485, 'generation': 849}","{'id': 37613, 'rank': 16, 'fitness': 0.2664539176117628, 'generation': 849}","{'id': 37610, 'rank': 17, 'fitness': 0.24744466295042045, 'generation': 849}","{'id': 37620, 'rank': 18, 'fitness': 0.21322091544957955, 'generation': 849}","{'id': 37601, 'rank': 19, 'fitness': 0.16424127972161862, 'generation': 849}","{'id': 37612, 'rank': 20, 'fitness': 0.13796040910707075, 'generation': 849}","{'id': 37603, 'rank': 21, 'fitness': 0.13108912809000073, 'generation': 849}","{'id': 37588, 'rank': 22, 'fitness': 0.11081678723532667, 'generation': 849}","{'id': 37611, 'rank': 23, 'fitness': 0.10708919972134079, 'generation': 849}","{'id': 37591, 'rank': 24, 'fitness': 0.09154757202412228, 'generation': 849}","{'id': 37596, 'rank': 25, 'fitness': 0.0599948025000151, 'generation': 849}","{'id': 37599, 'rank': 26, 'fitness': 0.05263100101368828, 'generation': 849}","{'id': 37614, 'rank': 27, 'fitness': 0.028896049749271846, 'generation': 849}","{'id': 37604, 'rank': 28, 'fitness': 0.02169800036246944, 'generation': 849}","{'id': 37589, 'rank': 29, 'fitness': 0.019375954268003925, 'generation': 849}","{'id': 37583, 'rank': 30, 'fitness': 0.01798620996209155, 'generation': 849}"
"{'id': 37649, 'rank': 1, 'fitness': 0.9820137900379085, 'generation': 850}","{'id': 37654, 'rank': 2, 'fitness': 0.9717514547438466, 'generation': 850}","{'id': 37663, 'rank': 3, 'fitness': 0.9650638084974239, 'generation': 850}","{'id': 37628, 'rank': 4, 'fitness': 0.8991627492879868, 'generation': 850}","{'id': 37657, 'rank': 5, 'fitness': 0.8811687416927254, 'generation': 850}","{'id': 37667, 'rank': 6, 'fitness': 0.8779096643314064, 'generation': 850}","{'id': 37677, 'rank': 7, 'fitness': 0.8475805755924648, 'generation': 850}","{'id': 37658, 'rank': 8, 'fitness': 0.7984144177096669, 'generation': 850}","{'id': 37670, 'rank': 9, 'fitness': 0.7809895067335155, 'generation': 850}","{'id': 37669, 'rank': 10, 'fitness': 0.5385112122731717, 'generation': 850}","{'id': 37660, 'rank': 11, 'fitness': 0.5045582651982681, 'generation': 850}","{'id': 37640, 'rank': 12, 'fitness': 0.40972692224642127, 'generation': 850}","{'id': 37672, 'rank': 13, 'fitness': 0.2455882743285256, 'generation': 850}","{'id': 37674, 'rank': 14, 'fitness': 0.20575333667386286, 'generation': 850}","{'id': 37642, 'rank': 15, 'fitness': 0.15828406984175047, 'generation': 850}","{'id': 37652, 'rank': 16, 'fitness': 0.1402017675953412, 'generation': 850}","{'id': 37639, 'rank': 17, 'fitness': 0.09017554166896108, 'generation': 850}","{'id': 37675, 'rank': 18, 'fitness': 0.08938312360828615, 'generation': 850}","{'id': 37659, 'rank': 19, 'fitness': 0.06876334658063349, 'generation': 850}","{'id': 37656, 'rank': 20, 'fitness': 0.06197426795844213, 'generation': 850}","{'id': 37661, 'rank': 21, 'fitness': 0.053657962246402346, 'generation': 850}","{'id': 37655, 'rank': 22, 'fitness': 0.04967359517306236, 'generation': 850}","{'id': 37627, 'rank': 23, 'fitness': 0.037788924597780715, 'generation': 850}","{'id': 37662, 'rank': 24, 'fitness': 0.03727661716068592, 'generation': 850}","{'id': 37666, 'rank': 25, 'fitness': 0.028175060902739024, 'generation': 850}","{'id': 37664, 'rank': 26, 'fitness': 0.024459955093657837, 'generation': 850}","{'id': 37651, 'rank': 27, 'fitness': 0.023011078295109066, 'generation': 850}","{'id': 37653, 'rank': 28, 'fitness': 0.01956662292493072, 'generation': 850}","{'id': 37673, 'rank': 29, 'fitness': 0.018746901261268656, 'generation': 850}","{'id': 37626, 'rank': 30, 'fitness': 0.01798620996209155, 'generation': 850}"
"{'id': 37712, 'rank': 1, 'fitness': 0.9820137900379085, 'generation': 851}","{'id': 37725, 'rank': 2, 'fitness': 0.9416898101261271, 'generation': 851}","{'id': 37719, 'rank': 3, 'fitness': 0.9128341556646185, 'generation': 851}","{'id': 37718, 'rank': 4, 'fitness': 0.9052373842684275, 'generation': 851}","{'id': 37713, 'rank': 5, 'fitness': 0.837651355575872, 'generation': 851}","{'id': 37702, 'rank': 6, 'fitness': 0.8012769406292473, 'generation': 851}","{'id': 37717, 'rank': 7, 'fitness': 0.7725891593360301, 'generation': 851}","{'id': 37724, 'rank': 8, 'fitness': 0.6744862942674015, 'generation': 851}","{'id': 37714, 'rank': 9, 'fitness': 0.5102989234139348, 'generation': 851}","{'id': 37700, 'rank': 10, 'fitness': 0.5013076064147023, 'generation': 851}","{'id': 37726, 'rank': 11, 'fitness': 0.40502646300052014, 'generation': 851}","{'id': 37705, 'rank': 12, 'fitness': 0.32787386956398695, 'generation': 851}","{'id': 37720, 'rank': 13, 'fitness': 0.30328835667148796, 'generation': 851}","{'id': 37721, 'rank': 14, 'fitness': 0.2865160013138981, 'generation': 851}","{'id': 37683, 'rank': 15, 'fitness': 0.25346962525995065, 'generation': 851}","{'id': 37690, 'rank': 16, 'fitness': 0.21359995334730908, 'generation': 851}","{'id': 37691, 'rank': 17, 'fitness': 0.13699060239937283, 'generation': 851}","{'id': 37723, 'rank': 18, 'fitness': 0.1306471898974375, 'generation': 851}","{'id': 37692, 'rank': 19, 'fitness': 0.10088947206905968, 'generation': 851}","{'id': 37682, 'rank': 20, 'fitness': 0.05802289823846751, 'generation': 851}","{'id': 37710, 'rank': 21, 'fitness': 0.0558896705452685, 'generation': 851}","{'id': 37708, 'rank': 22, 'fitness': 0.04755538395045039, 'generation': 851}","{'id': 37715, 'rank': 23, 'fitness': 0.0466768294960791, 'generation': 851}","{'id': 37704, 'rank': 24, 'fitness': 0.0389544663714852, 'generation': 851}","{'id': 37685, 'rank': 25, 'fitness': 0.03301950430217915, 'generation': 851}","{'id': 37689, 'rank': 26, 'fitness': 0.02698161514593056, 'generation': 851}","{'id': 37679, 'rank': 27, 'fitness': 0.02402218771887954, 'generation': 851}","{'id': 37693, 'rank': 28, 'fitness': 0.02235860810853857, 'generation': 851}","{'id': 37722, 'rank': 29, 'fitness': 0.019243804365051187, 'generation': 851}","{'id': 37684, 'rank': 30, 'fitness': 0.01798620996209155, 'generation': 851}"
"{'id': 37770, 'rank': 1, 'fitness': 0.9820137900379085, 'generation': 852}","{'id': 37749, 'rank': 2, 'fitness': 0.863249059032851, 'generation': 852}","{'id': 37768, 'rank': 3, 'fitness': 0.7682294638500968, 'generation': 852}","{'id': 37763, 'rank': 4, 'fitness': 0.75465104607783, 'generation': 852}","{'id': 37756, 'rank': 5, 'fitness': 0.722781166493279, 'generation': 852}","{'id': 37747, 'rank': 6, 'fitness': 0.6752447231730847, 'generation': 852}","{'id': 37754, 'rank': 7, 'fitness': 0.6193898051296621, 'generation': 852}","{'id': 37729, 'rank': 8, 'fitness': 0.5227743964485786, 'generation': 852}","{'id': 37771, 'rank': 9, 'fitness': 0.48595338703511537, 'generation': 852}","{'id': 37753, 'rank': 10, 'fitness': 0.469083352969362, 'generation': 852}","{'id': 37740, 'rank': 11, 'fitness': 0.42082379707610273, 'generation': 852}","{'id': 37772, 'rank': 12, 'fitness': 0.41938839707681536, 'generation': 852}","{'id': 37767, 'rank': 13, 'fitness': 0.3381835298709525, 'generation': 852}","{'id': 37752, 'rank': 14, 'fitness': 0.2880724196143013, 'generation': 852}","{'id': 37739, 'rank': 15, 'fitness': 0.21077277909840852, 'generation': 852}","{'id': 37757, 'rank': 16, 'fitness': 0.1579309224803762, 'generation': 852}","{'id': 37764, 'rank': 17, 'fitness': 0.11386636673075512, 'generation': 852}","{'id': 37750, 'rank': 18, 'fitness': 0.08791540417126764, 'generation': 852}","{'id': 37769, 'rank': 19, 'fitness': 0.08434215532570677, 'generation': 852}","{'id': 37741, 'rank': 20, 'fitness': 0.07718199780146151, 'generation': 852}","{'id': 37746, 'rank': 21, 'fitness': 0.06364289744843166, 'generation': 852}","{'id': 37748, 'rank': 22, 'fitness': 0.06335523082247502, 'generation': 852}","{'id': 37758, 'rank': 23, 'fitness': 0.05948993382024892, 'generation': 852}","{'id': 37766, 'rank': 24, 'fitness': 0.05472233306467972, 'generation': 852}","{'id': 37774, 'rank': 25, 'fitness': 0.03511476489243365, 'generation': 852}","{'id': 37765, 'rank': 26, 'fitness': 0.03193098077336359, 'generation': 852}","{'id': 37762, 'rank': 27, 'fitness': 0.02809961253659654, 'generation': 852}","{'id': 37732, 'rank': 28, 'fitness': 0.023621426035834725, 'generation': 852}","{'id': 37737, 'rank': 29, 'fitness': 0.01887139114260583, 'generation': 852}","{'id': 37744, 'rank': 30, 'fitness': 0.01798620996209155, 'generation': 852}"
"{'id': 37813, 'rank': 1, 'fitness': 0.9820137900379085, 'generation': 853}","{'id': 37809, 'rank': 2, 'fitness': 0.9154830196317727, 'generation': 853}","{'id': 37805, 'rank': 3, 'fitness': 0.637644120492632, 'generation': 853}","{'id': 37786, 'rank': 4, 'fitness': 0.6131316489099967, 'generation': 853}","{'id': 37800, 'rank': 5, 'fitness': 0.603566320250856, 'generation': 853}","{'id': 37817, 'rank': 6, 'fitness': 0.5950164365520043, 'generation': 853}","{'id': 37814, 'rank': 7, 'fitness': 0.5752876524713327, 'generation': 853}","{'id': 37815, 'rank': 8, 'fitness': 0.5705623630856129, 'generation': 853}","{'id': 37799, 'rank': 9, 'fitness': 0.5499421237650091, 'generation': 853}","{'id': 37810, 'rank': 10, 'fitness': 0.3240913736130345, 'generation': 853}","{'id': 37787, 'rank': 11, 'fitness': 0.2848327452649624, 'generation': 853}","{'id': 37801, 'rank': 12, 'fitness': 0.28108719447915287, 'generation': 853}","{'id': 37804, 'rank': 13, 'fitness': 0.26086525534782984, 'generation': 853}","{'id': 37807, 'rank': 14, 'fitness': 0.21519760836452878, 'generation': 853}","{'id': 37818, 'rank': 15, 'fitness': 0.1622390453989141, 'generation': 853}","{'id': 37803, 'rank': 16, 'fitness': 0.15058356304752984, 'generation': 853}","{'id': 37788, 'rank': 17, 'fitness': 0.14524010432741685, 'generation': 853}","{'id': 37808, 'rank': 18, 'fitness': 0.11344317469601961, 'generation': 853}","{'id': 37781, 'rank': 19, 'fitness': 0.11335853849144328, 'generation': 853}","{'id': 37791, 'rank': 20, 'fitness': 0.10103574504836987, 'generation': 853}","{'id': 37812, 'rank': 21, 'fitness': 0.08789122422816315, 'generation': 853}","{'id': 37785, 'rank': 22, 'fitness': 0.08267905786479146, 'generation': 853}","{'id': 37782, 'rank': 23, 'fitness': 0.06652837983285009, 'generation': 853}","{'id': 37795, 'rank': 24, 'fitness': 0.06307450432532258, 'generation': 853}","{'id': 37780, 'rank': 25, 'fitness': 0.046612202711141915, 'generation': 853}","{'id': 37775, 'rank': 26, 'fitness': 0.03992504710619793, 'generation': 853}","{'id': 37802, 'rank': 27, 'fitness': 0.03868194854558005, 'generation': 853}","{'id': 37816, 'rank': 28, 'fitness': 0.03473727067757115, 'generation': 853}","{'id': 37798, 'rank': 29, 'fitness': 0.025839036239231672, 'generation': 853}","{'id': 37811, 'rank': 30, 'fitness': 0.01798620996209155, 'generation': 853}"
"{'id': 37846, 'rank': 1, 'fitness': 0.9820137900379085, 'generation': 854}","{'id': 37832, 'rank': 2, 'fitness': 0.9234418454061253, 'generation': 854}","{'id': 37856, 'rank': 3, 'fitness': 0.9024168949375018, 'generation': 854}","{'id': 37853, 'rank': 4, 'fitness': 0.895594096854513, 'generation': 854}","{'id': 37851, 'rank': 5, 'fitness': 0.8183344033269485, 'generation': 854}","{'id': 37829, 'rank': 6, 'fitness': 0.8046376682012639, 'generation': 854}","{'id': 37850, 'rank': 7, 'fitness': 0.7957185956916091, 'generation': 854}","{'id': 37854, 'rank': 8, 'fitness': 0.7100176960371025, 'generation': 854}","{'id': 37844, 'rank': 9, 'fitness': 0.7096873332785616, 'generation': 854}","{'id': 37847, 'rank': 10, 'fitness': 0.6887941100052026, 'generation': 854}","{'id': 37843, 'rank': 11, 'fitness': 0.5419937632567547, 'generation': 854}","{'id': 37848, 'rank': 12, 'fitness': 0.5152876741145975, 'generation': 854}","{'id': 37857, 'rank': 13, 'fitness': 0.39088452792298883, 'generation': 854}","{'id': 37833, 'rank': 14, 'fitness': 0.34208510145451276, 'generation': 854}","{'id': 37821, 'rank': 15, 'fitness': 0.3176189538903038, 'generation': 854}","{'id': 37836, 'rank': 16, 'fitness': 0.28644200812440057, 'generation': 854}","{'id': 37855, 'rank': 17, 'fitness': 0.28307225558892635, 'generation': 854}","{'id': 37828, 'rank': 18, 'fitness': 0.26872409633391836, 'generation': 854}","{'id': 37834, 'rank': 19, 'fitness': 0.12468714289113864, 'generation': 854}","{'id': 37835, 'rank': 20, 'fitness': 0.11148868210607754, 'generation': 854}","{'id': 37852, 'rank': 21, 'fitness': 0.11047705067140934, 'generation': 854}","{'id': 37820, 'rank': 22, 'fitness': 0.10129994573148704, 'generation': 854}","{'id': 37840, 'rank': 23, 'fitness': 0.09354539111427967, 'generation': 854}","{'id': 37845, 'rank': 24, 'fitness': 0.09338369949559694, 'generation': 854}","{'id': 37841, 'rank': 25, 'fitness': 0.08533322572148028, 'generation': 854}","{'id': 37824, 'rank': 26, 'fitness': 0.05437486351792015, 'generation': 854}","{'id': 37822, 'rank': 27, 'fitness': 0.03843033532666529, 'generation': 854}","{'id': 37838, 'rank': 28, 'fitness': 0.03277457978444587, 'generation': 854}","{'id': 37830, 'rank': 29, 'fitness': 0.022315432841866545, 'generation': 854}","{'id': 37849, 'rank': 30, 'fitness': 0.01798620996209155, 'generation': 854}"
"{'id': 37905, 'rank': 1, 'fitness': 0.9820137900379085, 'generation': 855}","{'id': 37893, 'rank': 2, 'fitness': 0.9549239730838175, 'generation': 855}","{'id': 37908, 'rank': 3, 'fitness': 0.9506033919263174, 'generation': 855}","{'id': 37909, 'rank': 4, 'fitness': 0.7813463180573046, 'generation': 855}","{'id': 37897, 'rank': 5, 'fitness': 0.7232744045939773, 'generation': 855}","{'id': 37902, 'rank': 6, 'fitness': 0.6717891074708977, 'generation': 855}","{'id': 37910, 'rank': 7, 'fitness': 0.6564783686207405, 'generation': 855}","{'id': 37901, 'rank': 8, 'fitness': 0.6504045936811091, 'generation': 855}","{'id': 37906, 'rank': 9, 'fitness': 0.6096127025608956, 'generation': 855}","{'id': 37892, 'rank': 10, 'fitness': 0.552088408681028, 'generation': 855}","{'id': 37890, 'rank': 11, 'fitness': 0.46367223133943086, 'generation': 855}","{'id': 37891, 'rank': 12, 'fitness': 0.3833323444004284, 'generation': 855}","{'id': 37907, 'rank': 13, 'fitness': 0.34660100855747317, 'generation': 855}","{'id': 37899, 'rank': 14, 'fitness': 0.3460526449844472, 'generation': 855}","{'id': 37868, 'rank': 15, 'fitness': 0.32500993503958264, 'generation': 855}","{'id': 37889, 'rank': 16, 'fitness': 0.19817680680282895, 'generation': 855}","{'id': 37888, 'rank': 17, 'fitness': 0.1917715578987963, 'generation': 855}","{'id': 37864, 'rank': 18, 'fitness': 0.1768921724168216, 'generation': 855}","{'id': 37877, 'rank': 19, 'fitness': 0.1700939668033808, 'generation': 855}","{'id': 37900, 'rank': 20, 'fitness': 0.12982379167163915, 'generation': 855}","{'id': 37883, 'rank': 21, 'fitness': 0.10535432504088532, 'generation': 855}","{'id': 37898, 'rank': 22, 'fitness': 0.08300788161167527, 'generation': 855}","{'id': 37872, 'rank': 23, 'fitness': 0.0660770792412505, 'generation': 855}","{'id': 37858, 'rank': 24, 'fitness': 0.05138189497351542, 'generation': 855}","{'id': 37859, 'rank': 25, 'fitness': 0.04297882598273983, 'generation': 855}","{'id': 37861, 'rank': 26, 'fitness': 0.03771812687867354, 'generation': 855}","{'id': 37895, 'rank': 27, 'fitness': 0.036652730072479434, 'generation': 855}","{'id': 37881, 'rank': 28, 'fitness': 0.03516353252548621, 'generation': 855}","{'id': 37882, 'rank': 29, 'fitness': 0.020667321149339335, 'generation': 855}","{'id': 37903, 'rank': 30, 'fitness': 0.01798620996209155, 'generation': 855}"
"{'id': 37950, 'rank': 1, 'fitness': 0.9820137900379085, 'generation': 856}","{'id': 37951, 'rank': 2, 'fitness': 0.9780947386361477, 'generation': 856}","{'id': 37942, 'rank': 3, 'fitness': 0.9522708802753873, 'generation': 856}","{'id': 37956, 'rank': 4, 'fitness': 0.9496355046247631, 'generation': 856}","{'id': 37958, 'rank': 5, 'fitness': 0.94858283114078, 'generation': 856}","{'id': 37960, 'rank': 6, 'fitness': 0.9148106872822945, 'generation': 856}","{'id': 37963, 'rank': 7, 'fitness': 0.9143689239398574, 'generation': 856}","{'id': 37962, 'rank': 8, 'fitness': 0.8880945540407108, 'generation': 856}","{'id': 37937, 'rank': 9, 'fitness': 0.8362242407739221, 'generation': 856}","{'id': 37943, 'rank': 10, 'fitness': 0.5227703251175498, 'generation': 856}","{'id': 37919, 'rank': 11, 'fitness': 0.41104253167161203, 'generation': 856}","{'id': 37921, 'rank': 12, 'fitness': 0.3883901017101788, 'generation': 856}","{'id': 37931, 'rank': 13, 'fitness': 0.27304240703005067, 'generation': 856}","{'id': 37913, 'rank': 14, 'fitness': 0.24895106031756753, 'generation': 856}","{'id': 37957, 'rank': 15, 'fitness': 0.24460701361825798, 'generation': 856}","{'id': 37923, 'rank': 16, 'fitness': 0.2239477219809397, 'generation': 856}","{'id': 37924, 'rank': 17, 'fitness': 0.1149430334672662, 'generation': 856}","{'id': 37930, 'rank': 18, 'fitness': 0.09781316092675885, 'generation': 856}","{'id': 37946, 'rank': 19, 'fitness': 0.08028025168502168, 'generation': 856}","{'id': 37928, 'rank': 20, 'fitness': 0.07065896084114798, 'generation': 856}","{'id': 37917, 'rank': 21, 'fitness': 0.07006040546032843, 'generation': 856}","{'id': 37944, 'rank': 22, 'fitness': 0.06447134347538913, 'generation': 856}","{'id': 37948, 'rank': 23, 'fitness': 0.048387030231290706, 'generation': 856}","{'id': 37916, 'rank': 24, 'fitness': 0.04560166760867229, 'generation': 856}","{'id': 37955, 'rank': 25, 'fitness': 0.030361511931018548, 'generation': 856}","{'id': 37934, 'rank': 26, 'fitness': 0.02657741987966472, 'generation': 856}","{'id': 37941, 'rank': 27, 'fitness': 0.023669090039759588, 'generation': 856}","{'id': 37915, 'rank': 28, 'fitness': 0.023624200116896032, 'generation': 856}","{'id': 37945, 'rank': 29, 'fitness': 0.021902623331632787, 'generation': 856}","{'id': 37954, 'rank': 30, 'fitness': 0.01798620996209155, 'generation': 856}"
"{'id': 38005, 'rank': 1, 'fitness': 0.9820137900379085, 'generation': 857}","{'id': 38007, 'rank': 2, 'fitness': 0.9267098060596113, 'generation': 857}","{'id': 37996, 'rank': 3, 'fitness': 0.9256616281756005, 'generation': 857}","{'id': 38003, 'rank': 4, 'fitness': 0.8028323283523908, 'generation': 857}","{'id': 38006, 'rank': 5, 'fitness': 0.7657436446419612, 'generation': 857}","{'id': 38000, 'rank': 6, 'fitness': 0.5152706619375339, 'generation': 857}","{'id': 37992, 'rank': 7, 'fitness': 0.4011888049187381, 'generation': 857}","{'id': 37991, 'rank': 8, 'fitness': 0.3787316712076057, 'generation': 857}","{'id': 37990, 'rank': 9, 'fitness': 0.3558262949575066, 'generation': 857}","{'id': 38008, 'rank': 10, 'fitness': 0.2836948569195695, 'generation': 857}","{'id': 37995, 'rank': 11, 'fitness': 0.25912993267402906, 'generation': 857}","{'id': 37966, 'rank': 12, 'fitness': 0.23518926436541754, 'generation': 857}","{'id': 38004, 'rank': 13, 'fitness': 0.19068989995719698, 'generation': 857}","{'id': 37993, 'rank': 14, 'fitness': 0.15456190144332532, 'generation': 857}","{'id': 37998, 'rank': 15, 'fitness': 0.11456320450088375, 'generation': 857}","{'id': 37973, 'rank': 16, 'fitness': 0.09423936093279428, 'generation': 857}","{'id': 37968, 'rank': 17, 'fitness': 0.08335767391350063, 'generation': 857}","{'id': 37972, 'rank': 18, 'fitness': 0.08324069914785359, 'generation': 857}","{'id': 37971, 'rank': 19, 'fitness': 0.06368583896190894, 'generation': 857}","{'id': 37967, 'rank': 20, 'fitness': 0.06085723804899018, 'generation': 857}","{'id': 37974, 'rank': 21, 'fitness': 0.05483919306247703, 'generation': 857}","{'id': 38001, 'rank': 22, 'fitness': 0.04603961044873156, 'generation': 857}","{'id': 37994, 'rank': 23, 'fitness': 0.0406325146364086, 'generation': 857}","{'id': 37979, 'rank': 24, 'fitness': 0.038731710686898124, 'generation': 857}","{'id': 37984, 'rank': 25, 'fitness': 0.03243832386285955, 'generation': 857}","{'id': 37969, 'rank': 26, 'fitness': 0.03211271106600344, 'generation': 857}","{'id': 37981, 'rank': 27, 'fitness': 0.03133507665117102, 'generation': 857}","{'id': 37999, 'rank': 28, 'fitness': 0.03121819069579096, 'generation': 857}","{'id': 37983, 'rank': 29, 'fitness': 0.027081026354209004, 'generation': 857}","{'id': 37964, 'rank': 30, 'fitness': 0.01798620996209155, 'generation': 857}"
"{'id': 38039, 'rank': 1, 'fitness': 0.9820137900379085, 'generation': 858}","{'id': 38016, 'rank': 2, 'fitness': 0.9006430490794728, 'generation': 858}","{'id': 38018, 'rank': 3, 'fitness': 0.8121249716987686, 'generation': 858}","{'id': 38034, 'rank': 4, 'fitness': 0.792528756309373, 'generation': 858}","{'id': 38012, 'rank': 5, 'fitness': 0.6776711847326585, 'generation': 858}","{'id': 38030, 'rank': 6, 'fitness': 0.38531150491029803, 'generation': 858}","{'id': 38035, 'rank': 7, 'fitness': 0.29634986990066037, 'generation': 858}","{'id': 38028, 'rank': 8, 'fitness': 0.23273201037978264, 'generation': 858}","{'id': 38047, 'rank': 9, 'fitness': 0.18879584305842667, 'generation': 858}","{'id': 38029, 'rank': 10, 'fitness': 0.18841947728366365, 'generation': 858}","{'id': 38036, 'rank': 11, 'fitness': 0.13639985115175995, 'generation': 858}","{'id': 38021, 'rank': 12, 'fitness': 0.13579119899323971, 'generation': 858}","{'id': 38045, 'rank': 13, 'fitness': 0.10985311052538455, 'generation': 858}","{'id': 38024, 'rank': 14, 'fitness': 0.10976511356065066, 'generation': 858}","{'id': 38033, 'rank': 15, 'fitness': 0.10503457609399641, 'generation': 858}","{'id': 38050, 'rank': 16, 'fitness': 0.09988469246933407, 'generation': 858}","{'id': 38023, 'rank': 17, 'fitness': 0.09688080099600349, 'generation': 858}","{'id': 38019, 'rank': 18, 'fitness': 0.07796332154631819, 'generation': 858}","{'id': 38042, 'rank': 19, 'fitness': 0.0770610835214166, 'generation': 858}","{'id': 38046, 'rank': 20, 'fitness': 0.07405849172241691, 'generation': 858}","{'id': 38009, 'rank': 21, 'fitness': 0.0727823989530002, 'generation': 858}","{'id': 38048, 'rank': 22, 'fitness': 0.0697205378615714, 'generation': 858}","{'id': 38017, 'rank': 23, 'fitness': 0.06420467914819283, 'generation': 858}","{'id': 38031, 'rank': 24, 'fitness': 0.057744613463778516, 'generation': 858}","{'id': 38037, 'rank': 25, 'fitness': 0.05146033155983387, 'generation': 858}","{'id': 38041, 'rank': 26, 'fitness': 0.048657355382383416, 'generation': 858}","{'id': 38014, 'rank': 27, 'fitness': 0.03729246581948675, 'generation': 858}","{'id': 38026, 'rank': 28, 'fitness': 0.02511751980784671, 'generation': 858}","{'id': 38049, 'rank': 29, 'fitness': 0.019248506762646223, 'generation': 858}","{'id': 38010, 'rank': 30, 'fitness': 0.01798620996209155, 'generation': 858}"
"{'id': 38080, 'rank': 1, 'fitness': 0.9820137900379085, 'generation': 859}","{'id': 38076, 'rank': 2, 'fitness': 0.975337809738074, 'generation': 859}","{'id': 38071, 'rank': 3, 'fitness': 0.8497923691014404, 'generation': 859}","{'id': 38064, 'rank': 4, 'fitness': 0.7497685047815675, 'generation': 859}","{'id': 38092, 'rank': 5, 'fitness': 0.7349982520654113, 'generation': 859}","{'id': 38091, 'rank': 6, 'fitness': 0.6995575751129961, 'generation': 859}","{'id': 38082, 'rank': 7, 'fitness': 0.6710688665553262, 'generation': 859}","{'id': 38065, 'rank': 8, 'fitness': 0.512760737381657, 'generation': 859}","{'id': 38069, 'rank': 9, 'fitness': 0.49266946575732773, 'generation': 859}","{'id': 38087, 'rank': 10, 'fitness': 0.4269664980914526, 'generation': 859}","{'id': 38084, 'rank': 11, 'fitness': 0.35414302813613363, 'generation': 859}","{'id': 38068, 'rank': 12, 'fitness': 0.3498953721986414, 'generation': 859}","{'id': 38074, 'rank': 13, 'fitness': 0.2973313408251038, 'generation': 859}","{'id': 38085, 'rank': 14, 'fitness': 0.2922598128681838, 'generation': 859}","{'id': 38079, 'rank': 15, 'fitness': 0.2480831442780736, 'generation': 859}","{'id': 38067, 'rank': 16, 'fitness': 0.24226499196456996, 'generation': 859}","{'id': 38078, 'rank': 17, 'fitness': 0.23244867471431957, 'generation': 859}","{'id': 38066, 'rank': 18, 'fitness': 0.20723157848397777, 'generation': 859}","{'id': 38075, 'rank': 19, 'fitness': 0.20184119129160755, 'generation': 859}","{'id': 38052, 'rank': 20, 'fitness': 0.1389694004446635, 'generation': 859}","{'id': 38072, 'rank': 21, 'fitness': 0.05768417787853286, 'generation': 859}","{'id': 38093, 'rank': 22, 'fitness': 0.053308520009536786, 'generation': 859}","{'id': 38088, 'rank': 23, 'fitness': 0.04808569370899951, 'generation': 859}","{'id': 38058, 'rank': 24, 'fitness': 0.0468732758399486, 'generation': 859}","{'id': 38086, 'rank': 25, 'fitness': 0.0457505089531971, 'generation': 859}","{'id': 38083, 'rank': 26, 'fitness': 0.040867992909714934, 'generation': 859}","{'id': 38063, 'rank': 27, 'fitness': 0.025314461459127358, 'generation': 859}","{'id': 38077, 'rank': 28, 'fitness': 0.024335833550189756, 'generation': 859}","{'id': 38054, 'rank': 29, 'fitness': 0.019816543114243412, 'generation': 859}","{'id': 38070, 'rank': 30, 'fitness': 0.01798620996209155, 'generation': 859}"
"{'id': 38127, 'rank': 1, 'fitness': 0.9820137900379085, 'generation': 860}","{'id': 38116, 'rank': 2, 'fitness': 0.8220860813616646, 'generation': 860}","{'id': 38134, 'rank': 3, 'fitness': 0.8214574893104799, 'generation': 860}","{'id': 38095, 'rank': 4, 'fitness': 0.7907788039630814, 'generation': 860}","{'id': 38144, 'rank': 5, 'fitness': 0.7614141031471579, 'generation': 860}","{'id': 38139, 'rank': 6, 'fitness': 0.7369418700053614, 'generation': 860}","{'id': 38108, 'rank': 7, 'fitness': 0.6243244455102626, 'generation': 860}","{'id': 38102, 'rank': 8, 'fitness': 0.6022684462979971, 'generation': 860}","{'id': 38135, 'rank': 9, 'fitness': 0.47508689465551207, 'generation': 860}","{'id': 38122, 'rank': 10, 'fitness': 0.3842283366819621, 'generation': 860}","{'id': 38132, 'rank': 11, 'fitness': 0.3574861282339564, 'generation': 860}","{'id': 38137, 'rank': 12, 'fitness': 0.3502298130018754, 'generation': 860}","{'id': 38100, 'rank': 13, 'fitness': 0.23053418694188788, 'generation': 860}","{'id': 38114, 'rank': 14, 'fitness': 0.21584746885869932, 'generation': 860}","{'id': 38120, 'rank': 15, 'fitness': 0.18018740170387293, 'generation': 860}","{'id': 38094, 'rank': 16, 'fitness': 0.16356010863988157, 'generation': 860}","{'id': 38103, 'rank': 17, 'fitness': 0.14831562814179378, 'generation': 860}","{'id': 38138, 'rank': 18, 'fitness': 0.1317448473752042, 'generation': 860}","{'id': 38143, 'rank': 19, 'fitness': 0.11089220055200999, 'generation': 860}","{'id': 38115, 'rank': 20, 'fitness': 0.05353201986212747, 'generation': 860}","{'id': 38096, 'rank': 21, 'fitness': 0.05202224330285621, 'generation': 860}","{'id': 38131, 'rank': 22, 'fitness': 0.04818139873428884, 'generation': 860}","{'id': 38130, 'rank': 23, 'fitness': 0.04157109922074598, 'generation': 860}","{'id': 38133, 'rank': 24, 'fitness': 0.04073381950927285, 'generation': 860}","{'id': 38113, 'rank': 25, 'fitness': 0.03691314291382042, 'generation': 860}","{'id': 38141, 'rank': 26, 'fitness': 0.03646123764326681, 'generation': 860}","{'id': 38124, 'rank': 27, 'fitness': 0.03198255365691649, 'generation': 860}","{'id': 38112, 'rank': 28, 'fitness': 0.02430256740910497, 'generation': 860}","{'id': 38121, 'rank': 29, 'fitness': 0.02053446927662378, 'generation': 860}","{'id': 38142, 'rank': 30, 'fitness': 0.01798620996209155, 'generation': 860}"
"{'id': 38168, 'rank': 1, 'fitness': 0.9820137900379085, 'generation': 861}","{'id': 38160, 'rank': 2, 'fitness': 0.9554252764414808, 'generation': 861}","{'id': 38179, 'rank': 3, 'fitness': 0.8733989059461255, 'generation': 861}","{'id': 38177, 'rank': 4, 'fitness': 0.8714952199938871, 'generation': 861}","{'id': 38181, 'rank': 5, 'fitness': 0.8422370492176084, 'generation': 861}","{'id': 38158, 'rank': 6, 'fitness': 0.4511139329027895, 'generation': 861}","{'id': 38155, 'rank': 7, 'fitness': 0.28156334215337964, 'generation': 861}","{'id': 38146, 'rank': 8, 'fitness': 0.252893590224218, 'generation': 861}","{'id': 38157, 'rank': 9, 'fitness': 0.2326225246062545, 'generation': 861}","{'id': 38175, 'rank': 10, 'fitness': 0.2229146676168774, 'generation': 861}","{'id': 38171, 'rank': 11, 'fitness': 0.16501956974831228, 'generation': 861}","{'id': 38182, 'rank': 12, 'fitness': 0.15601156934050264, 'generation': 861}","{'id': 38148, 'rank': 13, 'fitness': 0.1541749531290132, 'generation': 861}","{'id': 38173, 'rank': 14, 'fitness': 0.13326786711944627, 'generation': 861}","{'id': 38170, 'rank': 15, 'fitness': 0.12267207901998772, 'generation': 861}","{'id': 38174, 'rank': 16, 'fitness': 0.12215621971002455, 'generation': 861}","{'id': 38161, 'rank': 17, 'fitness': 0.0964143169532109, 'generation': 861}","{'id': 38153, 'rank': 18, 'fitness': 0.07252293801239285, 'generation': 861}","{'id': 38164, 'rank': 19, 'fitness': 0.07167037696811096, 'generation': 861}","{'id': 38176, 'rank': 20, 'fitness': 0.06437679902539328, 'generation': 861}","{'id': 38152, 'rank': 21, 'fitness': 0.0565227719798001, 'generation': 861}","{'id': 38151, 'rank': 22, 'fitness': 0.04448361546606577, 'generation': 861}","{'id': 38154, 'rank': 23, 'fitness': 0.0386562233723341, 'generation': 861}","{'id': 38167, 'rank': 24, 'fitness': 0.03659213076196438, 'generation': 861}","{'id': 38169, 'rank': 25, 'fitness': 0.033613578248015474, 'generation': 861}","{'id': 38163, 'rank': 26, 'fitness': 0.027428018601992454, 'generation': 861}","{'id': 38172, 'rank': 27, 'fitness': 0.025436144889906476, 'generation': 861}","{'id': 38165, 'rank': 28, 'fitness': 0.023520522236132158, 'generation': 861}","{'id': 38150, 'rank': 29, 'fitness': 0.02172917738135971, 'generation': 861}","{'id': 38180, 'rank': 30, 'fitness': 0.01798620996209155, 'generation': 861}"
"{'id': 38195, 'rank': 1, 'fitness': 0.9820137900379085, 'generation': 862}","{'id': 38217, 'rank': 2, 'fitness': 0.9760643524608308, 'generation': 862}","{'id': 38194, 'rank': 3, 'fitness': 0.9691856114411356, 'generation': 862}","{'id': 38188, 'rank': 4, 'fitness': 0.9355284729030402, 'generation': 862}","{'id': 38218, 'rank': 5, 'fitness': 0.9131402770458708, 'generation': 862}","{'id': 38210, 'rank': 6, 'fitness': 0.8984685730562563, 'generation': 862}","{'id': 38196, 'rank': 7, 'fitness': 0.7767879115461405, 'generation': 862}","{'id': 38212, 'rank': 8, 'fitness': 0.6932923077174082, 'generation': 862}","{'id': 38199, 'rank': 9, 'fitness': 0.6888551536858564, 'generation': 862}","{'id': 38214, 'rank': 10, 'fitness': 0.6878774165488301, 'generation': 862}","{'id': 38211, 'rank': 11, 'fitness': 0.6497153449128352, 'generation': 862}","{'id': 38200, 'rank': 12, 'fitness': 0.5079935778535154, 'generation': 862}","{'id': 38205, 'rank': 13, 'fitness': 0.49215879343571006, 'generation': 862}","{'id': 38185, 'rank': 14, 'fitness': 0.4316192886512854, 'generation': 862}","{'id': 38187, 'rank': 15, 'fitness': 0.4057860240554387, 'generation': 862}","{'id': 38202, 'rank': 16, 'fitness': 0.2838048997342315, 'generation': 862}","{'id': 38215, 'rank': 17, 'fitness': 0.2718557843924125, 'generation': 862}","{'id': 38203, 'rank': 18, 'fitness': 0.270191563578483, 'generation': 862}","{'id': 38206, 'rank': 19, 'fitness': 0.17521158876346593, 'generation': 862}","{'id': 38204, 'rank': 20, 'fitness': 0.15065023899178587, 'generation': 862}","{'id': 38189, 'rank': 21, 'fitness': 0.11988505057864896, 'generation': 862}","{'id': 38201, 'rank': 22, 'fitness': 0.1193648941856783, 'generation': 862}","{'id': 38191, 'rank': 23, 'fitness': 0.10333817391634131, 'generation': 862}","{'id': 38216, 'rank': 24, 'fitness': 0.07422091539711251, 'generation': 862}","{'id': 38193, 'rank': 25, 'fitness': 0.06138060317222477, 'generation': 862}","{'id': 38213, 'rank': 26, 'fitness': 0.06060011993018799, 'generation': 862}","{'id': 38190, 'rank': 27, 'fitness': 0.038745869663137034, 'generation': 862}","{'id': 38207, 'rank': 28, 'fitness': 0.03683992936294478, 'generation': 862}","{'id': 38197, 'rank': 29, 'fitness': 0.032365172533929565, 'generation': 862}","{'id': 38208, 'rank': 30, 'fitness': 0.01798620996209155, 'generation': 862}"
"{'id': 38274, 'rank': 1, 'fitness': 0.9820137900379085, 'generation': 863}","{'id': 38268, 'rank': 2, 'fitness': 0.9802368336858546, 'generation': 863}","{'id': 38242, 'rank': 3, 'fitness': 0.9679566333777447, 'generation': 863}","{'id': 38248, 'rank': 4, 'fitness': 0.9484692483130241, 'generation': 863}","{'id': 38258, 'rank': 5, 'fitness': 0.8685064626884369, 'generation': 863}","{'id': 38265, 'rank': 6, 'fitness': 0.8663373656069115, 'generation': 863}","{'id': 38266, 'rank': 7, 'fitness': 0.7789045385161628, 'generation': 863}","{'id': 38270, 'rank': 8, 'fitness': 0.6470032660590754, 'generation': 863}","{'id': 38264, 'rank': 9, 'fitness': 0.6189380277587063, 'generation': 863}","{'id': 38272, 'rank': 10, 'fitness': 0.5699408851579889, 'generation': 863}","{'id': 38276, 'rank': 11, 'fitness': 0.3991363503892065, 'generation': 863}","{'id': 38273, 'rank': 12, 'fitness': 0.3124127586632741, 'generation': 863}","{'id': 38261, 'rank': 13, 'fitness': 0.2676280642526405, 'generation': 863}","{'id': 38277, 'rank': 14, 'fitness': 0.19756364147734096, 'generation': 863}","{'id': 38246, 'rank': 15, 'fitness': 0.13808571768329764, 'generation': 863}","{'id': 38234, 'rank': 16, 'fitness': 0.12383108172717394, 'generation': 863}","{'id': 38224, 'rank': 17, 'fitness': 0.12304941010377202, 'generation': 863}","{'id': 38229, 'rank': 18, 'fitness': 0.09998177807056485, 'generation': 863}","{'id': 38254, 'rank': 19, 'fitness': 0.09324949013989425, 'generation': 863}","{'id': 38267, 'rank': 20, 'fitness': 0.08017360153216513, 'generation': 863}","{'id': 38263, 'rank': 21, 'fitness': 0.07840189987393692, 'generation': 863}","{'id': 38239, 'rank': 22, 'fitness': 0.06113468866840638, 'generation': 863}","{'id': 38269, 'rank': 23, 'fitness': 0.06094155765990972, 'generation': 863}","{'id': 38260, 'rank': 24, 'fitness': 0.040813253383576886, 'generation': 863}","{'id': 38259, 'rank': 25, 'fitness': 0.03975061948231312, 'generation': 863}","{'id': 38245, 'rank': 26, 'fitness': 0.032214148046678104, 'generation': 863}","{'id': 38235, 'rank': 27, 'fitness': 0.02866113353355687, 'generation': 863}","{'id': 38271, 'rank': 28, 'fitness': 0.023959741002224477, 'generation': 863}","{'id': 38228, 'rank': 29, 'fitness': 0.022707914390638906, 'generation': 863}","{'id': 38238, 'rank': 30, 'fitness': 0.01798620996209155, 'generation': 863}"
"{'id': 38281, 'rank': 1, 'fitness': 0.9820137900379085, 'generation': 864}","{'id': 38323, 'rank': 2, 'fitness': 0.9098883628867144, 'generation': 864}","{'id': 38279, 'rank': 3, 'fitness': 0.8210488068006434, 'generation': 864}","{'id': 38315, 'rank': 4, 'fitness': 0.6427249025425754, 'generation': 864}","{'id': 38316, 'rank': 5, 'fitness': 0.5371034813309802, 'generation': 864}","{'id': 38307, 'rank': 6, 'fitness': 0.5280060050289145, 'generation': 864}","{'id': 38309, 'rank': 7, 'fitness': 0.42736357122627366, 'generation': 864}","{'id': 38296, 'rank': 8, 'fitness': 0.3888903081481642, 'generation': 864}","{'id': 38312, 'rank': 9, 'fitness': 0.37030247822060314, 'generation': 864}","{'id': 38311, 'rank': 10, 'fitness': 0.277769418043622, 'generation': 864}","{'id': 38319, 'rank': 11, 'fitness': 0.20352521248672417, 'generation': 864}","{'id': 38303, 'rank': 12, 'fitness': 0.19686453532786824, 'generation': 864}","{'id': 38302, 'rank': 13, 'fitness': 0.1598781932394036, 'generation': 864}","{'id': 38322, 'rank': 14, 'fitness': 0.14150993680331125, 'generation': 864}","{'id': 38306, 'rank': 15, 'fitness': 0.10447490837695161, 'generation': 864}","{'id': 38318, 'rank': 16, 'fitness': 0.09339807464961214, 'generation': 864}","{'id': 38282, 'rank': 17, 'fitness': 0.08566215187957466, 'generation': 864}","{'id': 38314, 'rank': 18, 'fitness': 0.07975324343931145, 'generation': 864}","{'id': 38298, 'rank': 19, 'fitness': 0.05660438374532334, 'generation': 864}","{'id': 38278, 'rank': 20, 'fitness': 0.05359249442600106, 'generation': 864}","{'id': 38308, 'rank': 21, 'fitness': 0.04650663534305871, 'generation': 864}","{'id': 38317, 'rank': 22, 'fitness': 0.035531695894820026, 'generation': 864}","{'id': 38288, 'rank': 23, 'fitness': 0.03267971551861565, 'generation': 864}","{'id': 38301, 'rank': 24, 'fitness': 0.032663069381870136, 'generation': 864}","{'id': 38280, 'rank': 25, 'fitness': 0.028537925150711074, 'generation': 864}","{'id': 38305, 'rank': 26, 'fitness': 0.021412063976502693, 'generation': 864}","{'id': 38310, 'rank': 27, 'fitness': 0.02065345920848055, 'generation': 864}","{'id': 38287, 'rank': 28, 'fitness': 0.0204293365731551, 'generation': 864}","{'id': 38304, 'rank': 29, 'fitness': 0.019298221226715206, 'generation': 864}","{'id': 38320, 'rank': 30, 'fitness': 0.01798620996209155, 'generation': 864}"
"{'id': 38360, 'rank': 1, 'fitness': 0.9820137900379085, 'generation': 865}","{'id': 38340, 'rank': 2, 'fitness': 0.7335869779985329, 'generation': 865}","{'id': 38337, 'rank': 3, 'fitness': 0.599544035967955, 'generation': 865}","{'id': 38357, 'rank': 4, 'fitness': 0.5845591310614904, 'generation': 865}","{'id': 38328, 'rank': 5, 'fitness': 0.4790915987623658, 'generation': 865}","{'id': 38347, 'rank': 6, 'fitness': 0.3123962228905497, 'generation': 865}","{'id': 38356, 'rank': 7, 'fitness': 0.2753152972536076, 'generation': 865}","{'id': 38349, 'rank': 8, 'fitness': 0.2592100019602016, 'generation': 865}","{'id': 38353, 'rank': 9, 'fitness': 0.23400255232768563, 'generation': 865}","{'id': 38341, 'rank': 10, 'fitness': 0.2128583235758325, 'generation': 865}","{'id': 38352, 'rank': 11, 'fitness': 0.2111680904642469, 'generation': 865}","{'id': 38327, 'rank': 12, 'fitness': 0.20764610883047208, 'generation': 865}","{'id': 38346, 'rank': 13, 'fitness': 0.19532858410154375, 'generation': 865}","{'id': 38358, 'rank': 14, 'fitness': 0.17680968898537813, 'generation': 865}","{'id': 38350, 'rank': 15, 'fitness': 0.1709248794263335, 'generation': 865}","{'id': 38359, 'rank': 16, 'fitness': 0.16758181933444333, 'generation': 865}","{'id': 38344, 'rank': 17, 'fitness': 0.1596145263078687, 'generation': 865}","{'id': 38332, 'rank': 18, 'fitness': 0.1373025388242104, 'generation': 865}","{'id': 38343, 'rank': 19, 'fitness': 0.1061869868821837, 'generation': 865}","{'id': 38348, 'rank': 20, 'fitness': 0.09840700367733046, 'generation': 865}","{'id': 38355, 'rank': 21, 'fitness': 0.09315373891383394, 'generation': 865}","{'id': 38333, 'rank': 22, 'fitness': 0.08744453718100292, 'generation': 865}","{'id': 38338, 'rank': 23, 'fitness': 0.08340885798069508, 'generation': 865}","{'id': 38351, 'rank': 24, 'fitness': 0.07979376171696939, 'generation': 865}","{'id': 38331, 'rank': 25, 'fitness': 0.0669852489419217, 'generation': 865}","{'id': 38354, 'rank': 26, 'fitness': 0.051069655067504216, 'generation': 865}","{'id': 38336, 'rank': 27, 'fitness': 0.034234451369090146, 'generation': 865}","{'id': 38334, 'rank': 28, 'fitness': 0.02769944475195174, 'generation': 865}","{'id': 38339, 'rank': 29, 'fitness': 0.018240357810378027, 'generation': 865}","{'id': 38345, 'rank': 30, 'fitness': 0.01798620996209155, 'generation': 865}"
"{'id': 38374, 'rank': 1, 'fitness': 0.9820137900379085, 'generation': 866}","{'id': 38396, 'rank': 2, 'fitness': 0.9510699978201889, 'generation': 866}","{'id': 38383, 'rank': 3, 'fitness': 0.9141863162924754, 'generation': 866}","{'id': 38391, 'rank': 4, 'fitness': 0.8059187532747285, 'generation': 866}","{'id': 38401, 'rank': 5, 'fitness': 0.7649017798697657, 'generation': 866}","{'id': 38380, 'rank': 6, 'fitness': 0.7233810582108806, 'generation': 866}","{'id': 38371, 'rank': 7, 'fitness': 0.5878541747153497, 'generation': 866}","{'id': 38385, 'rank': 8, 'fitness': 0.5601666983420416, 'generation': 866}","{'id': 38393, 'rank': 9, 'fitness': 0.4347750359114425, 'generation': 866}","{'id': 38388, 'rank': 10, 'fitness': 0.3527469885828599, 'generation': 866}","{'id': 38390, 'rank': 11, 'fitness': 0.3445417600357452, 'generation': 866}","{'id': 38394, 'rank': 12, 'fitness': 0.34251548895683365, 'generation': 866}","{'id': 38397, 'rank': 13, 'fitness': 0.26547781540947524, 'generation': 866}","{'id': 38372, 'rank': 14, 'fitness': 0.21731472315195188, 'generation': 866}","{'id': 38400, 'rank': 15, 'fitness': 0.21613780893785506, 'generation': 866}","{'id': 38381, 'rank': 16, 'fitness': 0.15476067119593395, 'generation': 866}","{'id': 38389, 'rank': 17, 'fitness': 0.11936217170992192, 'generation': 866}","{'id': 38377, 'rank': 18, 'fitness': 0.11823430235602939, 'generation': 866}","{'id': 38399, 'rank': 19, 'fitness': 0.10568207712843125, 'generation': 866}","{'id': 38361, 'rank': 20, 'fitness': 0.08708395708483069, 'generation': 866}","{'id': 38363, 'rank': 21, 'fitness': 0.08229501511258197, 'generation': 866}","{'id': 38395, 'rank': 22, 'fitness': 0.06936362906248383, 'generation': 866}","{'id': 38379, 'rank': 23, 'fitness': 0.05428300092515731, 'generation': 866}","{'id': 38365, 'rank': 24, 'fitness': 0.04793098679809871, 'generation': 866}","{'id': 38364, 'rank': 25, 'fitness': 0.04713276968699842, 'generation': 866}","{'id': 38362, 'rank': 26, 'fitness': 0.032756489967100955, 'generation': 866}","{'id': 38367, 'rank': 27, 'fitness': 0.028334809875046774, 'generation': 866}","{'id': 38392, 'rank': 28, 'fitness': 0.02578851605228427, 'generation': 866}","{'id': 38375, 'rank': 29, 'fitness': 0.022949089620815155, 'generation': 866}","{'id': 38382, 'rank': 30, 'fitness': 0.01798620996209155, 'generation': 866}"
"{'id': 38441, 'rank': 1, 'fitness': 0.9820137900379085, 'generation': 867}","{'id': 38432, 'rank': 2, 'fitness': 0.9737203750842427, 'generation': 867}","{'id': 38449, 'rank': 3, 'fitness': 0.9561261956423022, 'generation': 867}","{'id': 38438, 'rank': 4, 'fitness': 0.9351918997066697, 'generation': 867}","{'id': 38435, 'rank': 5, 'fitness': 0.9193701627388823, 'generation': 867}","{'id': 38450, 'rank': 6, 'fitness': 0.8433583594505114, 'generation': 867}","{'id': 38413, 'rank': 7, 'fitness': 0.7417810067461743, 'generation': 867}","{'id': 38423, 'rank': 8, 'fitness': 0.6093472165214328, 'generation': 867}","{'id': 38431, 'rank': 9, 'fitness': 0.4064117168289362, 'generation': 867}","{'id': 38445, 'rank': 10, 'fitness': 0.30531334352315986, 'generation': 867}","{'id': 38448, 'rank': 11, 'fitness': 0.29769337504548543, 'generation': 867}","{'id': 38414, 'rank': 12, 'fitness': 0.24239037290311954, 'generation': 867}","{'id': 38417, 'rank': 13, 'fitness': 0.21514320255398145, 'generation': 867}","{'id': 38437, 'rank': 14, 'fitness': 0.1665630801342154, 'generation': 867}","{'id': 38429, 'rank': 15, 'fitness': 0.15699004213569207, 'generation': 867}","{'id': 38419, 'rank': 16, 'fitness': 0.14481295320831566, 'generation': 867}","{'id': 38430, 'rank': 17, 'fitness': 0.11291256222472112, 'generation': 867}","{'id': 38420, 'rank': 18, 'fitness': 0.11089633787890363, 'generation': 867}","{'id': 38443, 'rank': 19, 'fitness': 0.09134775701262837, 'generation': 867}","{'id': 38433, 'rank': 20, 'fitness': 0.07867349327680323, 'generation': 867}","{'id': 38422, 'rank': 21, 'fitness': 0.07173800465988106, 'generation': 867}","{'id': 38447, 'rank': 22, 'fitness': 0.07141202966228816, 'generation': 867}","{'id': 38442, 'rank': 23, 'fitness': 0.06532780427373686, 'generation': 867}","{'id': 38404, 'rank': 24, 'fitness': 0.059987311901615215, 'generation': 867}","{'id': 38415, 'rank': 25, 'fitness': 0.059324463956111795, 'generation': 867}","{'id': 38444, 'rank': 26, 'fitness': 0.05635061029048144, 'generation': 867}","{'id': 38408, 'rank': 27, 'fitness': 0.02248945130726704, 'generation': 867}","{'id': 38403, 'rank': 28, 'fitness': 0.019517296076274948, 'generation': 867}","{'id': 38440, 'rank': 29, 'fitness': 0.018823216626634665, 'generation': 867}","{'id': 38411, 'rank': 30, 'fitness': 0.01798620996209155, 'generation': 867}"
"{'id': 38491, 'rank': 1, 'fitness': 0.9820137900379085, 'generation': 868}","{'id': 38466, 'rank': 2, 'fitness': 0.9749200662449505, 'generation': 868}","{'id': 38475, 'rank': 3, 'fitness': 0.9748456887795047, 'generation': 868}","{'id': 38490, 'rank': 4, 'fitness': 0.9511211049765297, 'generation': 868}","{'id': 38454, 'rank': 5, 'fitness': 0.9155677254100234, 'generation': 868}","{'id': 38477, 'rank': 6, 'fitness': 0.88921990370576, 'generation': 868}","{'id': 38488, 'rank': 7, 'fitness': 0.8322421752385158, 'generation': 868}","{'id': 38481, 'rank': 8, 'fitness': 0.8268531278830992, 'generation': 868}","{'id': 38465, 'rank': 9, 'fitness': 0.7769973472703888, 'generation': 868}","{'id': 38474, 'rank': 10, 'fitness': 0.7296594885070373, 'generation': 868}","{'id': 38483, 'rank': 11, 'fitness': 0.687743657100327, 'generation': 868}","{'id': 38478, 'rank': 12, 'fitness': 0.5289463202116984, 'generation': 868}","{'id': 38455, 'rank': 13, 'fitness': 0.46681729671012273, 'generation': 868}","{'id': 38480, 'rank': 14, 'fitness': 0.4327716085449224, 'generation': 868}","{'id': 38493, 'rank': 15, 'fitness': 0.3481263058356576, 'generation': 868}","{'id': 38489, 'rank': 16, 'fitness': 0.3478610235335356, 'generation': 868}","{'id': 38482, 'rank': 17, 'fitness': 0.3341388716977227, 'generation': 868}","{'id': 38463, 'rank': 18, 'fitness': 0.30696355595460634, 'generation': 868}","{'id': 38471, 'rank': 19, 'fitness': 0.27844397215871897, 'generation': 868}","{'id': 38492, 'rank': 20, 'fitness': 0.2593926127851175, 'generation': 868}","{'id': 38486, 'rank': 21, 'fitness': 0.24157046877418875, 'generation': 868}","{'id': 38464, 'rank': 22, 'fitness': 0.09464715093349196, 'generation': 868}","{'id': 38472, 'rank': 23, 'fitness': 0.0887582246821097, 'generation': 868}","{'id': 38476, 'rank': 24, 'fitness': 0.053995598865055894, 'generation': 868}","{'id': 38484, 'rank': 25, 'fitness': 0.04472566760860769, 'generation': 868}","{'id': 38469, 'rank': 26, 'fitness': 0.04399253805458059, 'generation': 868}","{'id': 38487, 'rank': 27, 'fitness': 0.03736419982259537, 'generation': 868}","{'id': 38459, 'rank': 28, 'fitness': 0.03690493153719254, 'generation': 868}","{'id': 38467, 'rank': 29, 'fitness': 0.027377722338303656, 'generation': 868}","{'id': 38457, 'rank': 30, 'fitness': 0.01798620996209155, 'generation': 868}"
"{'id': 38528, 'rank': 1, 'fitness': 0.9820137900379085, 'generation': 869}","{'id': 38537, 'rank': 2, 'fitness': 0.9766041236507835, 'generation': 869}","{'id': 38531, 'rank': 3, 'fitness': 0.9688293449973931, 'generation': 869}","{'id': 38526, 'rank': 4, 'fitness': 0.9179933992661478, 'generation': 869}","{'id': 38544, 'rank': 5, 'fitness': 0.8676429054436067, 'generation': 869}","{'id': 38518, 'rank': 6, 'fitness': 0.8315712228894971, 'generation': 869}","{'id': 38542, 'rank': 7, 'fitness': 0.7678546828222608, 'generation': 869}","{'id': 38538, 'rank': 8, 'fitness': 0.7134747085044959, 'generation': 869}","{'id': 38514, 'rank': 9, 'fitness': 0.6045281840110591, 'generation': 869}","{'id': 38498, 'rank': 10, 'fitness': 0.5239928394290487, 'generation': 869}","{'id': 38532, 'rank': 11, 'fitness': 0.4581676978249777, 'generation': 869}","{'id': 38509, 'rank': 12, 'fitness': 0.4471779526932119, 'generation': 869}","{'id': 38533, 'rank': 13, 'fitness': 0.40355673976739764, 'generation': 869}","{'id': 38535, 'rank': 14, 'fitness': 0.35448609827041966, 'generation': 869}","{'id': 38521, 'rank': 15, 'fitness': 0.21242470659979956, 'generation': 869}","{'id': 38519, 'rank': 16, 'fitness': 0.19495703907264972, 'generation': 869}","{'id': 38527, 'rank': 17, 'fitness': 0.13188904606437646, 'generation': 869}","{'id': 38545, 'rank': 18, 'fitness': 0.13113981770099514, 'generation': 869}","{'id': 38546, 'rank': 19, 'fitness': 0.10653590861069095, 'generation': 869}","{'id': 38502, 'rank': 20, 'fitness': 0.08767754379791909, 'generation': 869}","{'id': 38500, 'rank': 21, 'fitness': 0.07260590746061962, 'generation': 869}","{'id': 38543, 'rank': 22, 'fitness': 0.07040367231194511, 'generation': 869}","{'id': 38540, 'rank': 23, 'fitness': 0.05008071771279743, 'generation': 869}","{'id': 38516, 'rank': 24, 'fitness': 0.048460808129107746, 'generation': 869}","{'id': 38520, 'rank': 25, 'fitness': 0.04279701161422578, 'generation': 869}","{'id': 38503, 'rank': 26, 'fitness': 0.033393933724734204, 'generation': 869}","{'id': 38506, 'rank': 27, 'fitness': 0.0318669800037466, 'generation': 869}","{'id': 38541, 'rank': 28, 'fitness': 0.02714475460256266, 'generation': 869}","{'id': 38495, 'rank': 29, 'fitness': 0.024742923394209526, 'generation': 869}","{'id': 38525, 'rank': 30, 'fitness': 0.01798620996209155, 'generation': 869}"
"{'id': 38556, 'rank': 1, 'fitness': 0.9820137900379085, 'generation': 870}","{'id': 38583, 'rank': 2, 'fitness': 0.9508407517386392, 'generation': 870}","{'id': 38566, 'rank': 3, 'fitness': 0.9398371150679177, 'generation': 870}","{'id': 38581, 'rank': 4, 'fitness': 0.9181501994324937, 'generation': 870}","{'id': 38577, 'rank': 5, 'fitness': 0.8229041601026647, 'generation': 870}","{'id': 38576, 'rank': 6, 'fitness': 0.8073498457120398, 'generation': 870}","{'id': 38582, 'rank': 7, 'fitness': 0.8036865165994757, 'generation': 870}","{'id': 38590, 'rank': 8, 'fitness': 0.7298042922359762, 'generation': 870}","{'id': 38572, 'rank': 9, 'fitness': 0.7288592822544915, 'generation': 870}","{'id': 38591, 'rank': 10, 'fitness': 0.5302412258702116, 'generation': 870}","{'id': 38567, 'rank': 11, 'fitness': 0.42861921976286377, 'generation': 870}","{'id': 38585, 'rank': 12, 'fitness': 0.3803269124600768, 'generation': 870}","{'id': 38565, 'rank': 13, 'fitness': 0.333486209072274, 'generation': 870}","{'id': 38588, 'rank': 14, 'fitness': 0.2878914959468123, 'generation': 870}","{'id': 38587, 'rank': 15, 'fitness': 0.13524924661919607, 'generation': 870}","{'id': 38575, 'rank': 16, 'fitness': 0.12715697136795096, 'generation': 870}","{'id': 38586, 'rank': 17, 'fitness': 0.08298888956402461, 'generation': 870}","{'id': 38580, 'rank': 18, 'fitness': 0.07901803587297979, 'generation': 870}","{'id': 38579, 'rank': 19, 'fitness': 0.06973402949378182, 'generation': 870}","{'id': 38557, 'rank': 20, 'fitness': 0.06811660965718225, 'generation': 870}","{'id': 38554, 'rank': 21, 'fitness': 0.06673621415805475, 'generation': 870}","{'id': 38571, 'rank': 22, 'fitness': 0.06241821802216585, 'generation': 870}","{'id': 38564, 'rank': 23, 'fitness': 0.06234360026069952, 'generation': 870}","{'id': 38568, 'rank': 24, 'fitness': 0.05275162382671855, 'generation': 870}","{'id': 38589, 'rank': 25, 'fitness': 0.04507840212287112, 'generation': 870}","{'id': 38569, 'rank': 26, 'fitness': 0.02883757620518823, 'generation': 870}","{'id': 38570, 'rank': 27, 'fitness': 0.025889625096631064, 'generation': 870}","{'id': 38578, 'rank': 28, 'fitness': 0.019684880744599897, 'generation': 870}","{'id': 38550, 'rank': 29, 'fitness': 0.018123584818511007, 'generation': 870}","{'id': 38584, 'rank': 30, 'fitness': 0.01798620996209155, 'generation': 870}"
"{'id': 38639, 'rank': 1, 'fitness': 0.9820137900379085, 'generation': 871}","{'id': 38625, 'rank': 2, 'fitness': 0.9780589398855863, 'generation': 871}","{'id': 38594, 'rank': 3, 'fitness': 0.9663910171753092, 'generation': 871}","{'id': 38643, 'rank': 4, 'fitness': 0.9516203422135814, 'generation': 871}","{'id': 38629, 'rank': 5, 'fitness': 0.8989615325414257, 'generation': 871}","{'id': 38638, 'rank': 6, 'fitness': 0.8777382743923136, 'generation': 871}","{'id': 38642, 'rank': 7, 'fitness': 0.8507862124629973, 'generation': 871}","{'id': 38626, 'rank': 8, 'fitness': 0.7818807118624496, 'generation': 871}","{'id': 38635, 'rank': 9, 'fitness': 0.7207548365784423, 'generation': 871}","{'id': 38632, 'rank': 10, 'fitness': 0.6768956404944688, 'generation': 871}","{'id': 38634, 'rank': 11, 'fitness': 0.6401780218093416, 'generation': 871}","{'id': 38593, 'rank': 12, 'fitness': 0.6208947364125622, 'generation': 871}","{'id': 38614, 'rank': 13, 'fitness': 0.44266460030523447, 'generation': 871}","{'id': 38621, 'rank': 14, 'fitness': 0.2430716024372801, 'generation': 871}","{'id': 38604, 'rank': 15, 'fitness': 0.22914200603994755, 'generation': 871}","{'id': 38628, 'rank': 16, 'fitness': 0.20692556886305158, 'generation': 871}","{'id': 38633, 'rank': 17, 'fitness': 0.18555541152740263, 'generation': 871}","{'id': 38623, 'rank': 18, 'fitness': 0.14298283588918687, 'generation': 871}","{'id': 38640, 'rank': 19, 'fitness': 0.12897666677144287, 'generation': 871}","{'id': 38599, 'rank': 20, 'fitness': 0.12114518776403194, 'generation': 871}","{'id': 38611, 'rank': 21, 'fitness': 0.09903730840052727, 'generation': 871}","{'id': 38627, 'rank': 22, 'fitness': 0.0809554626351427, 'generation': 871}","{'id': 38600, 'rank': 23, 'fitness': 0.0712005722119809, 'generation': 871}","{'id': 38592, 'rank': 24, 'fitness': 0.06492488532695057, 'generation': 871}","{'id': 38602, 'rank': 25, 'fitness': 0.05597785177947301, 'generation': 871}","{'id': 38641, 'rank': 26, 'fitness': 0.03452834251029668, 'generation': 871}","{'id': 38630, 'rank': 27, 'fitness': 0.03316304457912417, 'generation': 871}","{'id': 38631, 'rank': 28, 'fitness': 0.018851357334507823, 'generation': 871}","{'id': 38609, 'rank': 29, 'fitness': 0.01828923331593363, 'generation': 871}","{'id': 38619, 'rank': 30, 'fitness': 0.01798620996209155, 'generation': 871}"
"{'id': 38687, 'rank': 1, 'fitness': 0.9820137900379085, 'generation': 872}","{'id': 38680, 'rank': 2, 'fitness': 0.9717452432828719, 'generation': 872}","{'id': 38690, 'rank': 3, 'fitness': 0.9659625329652243, 'generation': 872}","{'id': 38688, 'rank': 4, 'fitness': 0.9441926593646124, 'generation': 872}","{'id': 38667, 'rank': 5, 'fitness': 0.9240228394252343, 'generation': 872}","{'id': 38684, 'rank': 6, 'fitness': 0.8625311744150793, 'generation': 872}","{'id': 38685, 'rank': 7, 'fitness': 0.8397310399966622, 'generation': 872}","{'id': 38660, 'rank': 8, 'fitness': 0.7511436919120539, 'generation': 872}","{'id': 38672, 'rank': 9, 'fitness': 0.7486092715041811, 'generation': 872}","{'id': 38678, 'rank': 10, 'fitness': 0.6569795391786502, 'generation': 872}","{'id': 38655, 'rank': 11, 'fitness': 0.6531373470657613, 'generation': 872}","{'id': 38646, 'rank': 12, 'fitness': 0.6377849624781415, 'generation': 872}","{'id': 38686, 'rank': 13, 'fitness': 0.5087204580665846, 'generation': 872}","{'id': 38677, 'rank': 14, 'fitness': 0.4746431239189274, 'generation': 872}","{'id': 38669, 'rank': 15, 'fitness': 0.41586597698432637, 'generation': 872}","{'id': 38676, 'rank': 16, 'fitness': 0.32530125605940863, 'generation': 872}","{'id': 38658, 'rank': 17, 'fitness': 0.17303886797046975, 'generation': 872}","{'id': 38647, 'rank': 18, 'fitness': 0.15007435161092036, 'generation': 872}","{'id': 38674, 'rank': 19, 'fitness': 0.14479301848393888, 'generation': 872}","{'id': 38668, 'rank': 20, 'fitness': 0.142534047786548, 'generation': 872}","{'id': 38649, 'rank': 21, 'fitness': 0.13418782568413767, 'generation': 872}","{'id': 38689, 'rank': 22, 'fitness': 0.12849374871385677, 'generation': 872}","{'id': 38665, 'rank': 23, 'fitness': 0.09183281443453745, 'generation': 872}","{'id': 38683, 'rank': 24, 'fitness': 0.07898374465483049, 'generation': 872}","{'id': 38673, 'rank': 25, 'fitness': 0.06173054797807981, 'generation': 872}","{'id': 38671, 'rank': 26, 'fitness': 0.05382425462974816, 'generation': 872}","{'id': 38670, 'rank': 27, 'fitness': 0.05191878930954574, 'generation': 872}","{'id': 38652, 'rank': 28, 'fitness': 0.04214776595948294, 'generation': 872}","{'id': 38650, 'rank': 29, 'fitness': 0.026367730227877084, 'generation': 872}","{'id': 38659, 'rank': 30, 'fitness': 0.01798620996209155, 'generation': 872}"
"{'id': 38733, 'rank': 1, 'fitness': 0.9820137900379085, 'generation': 873}","{'id': 38731, 'rank': 2, 'fitness': 0.9757554366025388, 'generation': 873}","{'id': 38721, 'rank': 3, 'fitness': 0.8237411459150592, 'generation': 873}","{'id': 38727, 'rank': 4, 'fitness': 0.7778036132438031, 'generation': 873}","{'id': 38724, 'rank': 5, 'fitness': 0.7061826123280062, 'generation': 873}","{'id': 38716, 'rank': 6, 'fitness': 0.6188286411764872, 'generation': 873}","{'id': 38738, 'rank': 7, 'fitness': 0.39336477995377905, 'generation': 873}","{'id': 38734, 'rank': 8, 'fitness': 0.33199834530467554, 'generation': 873}","{'id': 38696, 'rank': 9, 'fitness': 0.3193298520213165, 'generation': 873}","{'id': 38737, 'rank': 10, 'fitness': 0.31196476220516567, 'generation': 873}","{'id': 38702, 'rank': 11, 'fitness': 0.23862142660575314, 'generation': 873}","{'id': 38726, 'rank': 12, 'fitness': 0.1612178394838077, 'generation': 873}","{'id': 38713, 'rank': 13, 'fitness': 0.14707819353603724, 'generation': 873}","{'id': 38719, 'rank': 14, 'fitness': 0.14617236274388423, 'generation': 873}","{'id': 38720, 'rank': 15, 'fitness': 0.1445929947833684, 'generation': 873}","{'id': 38732, 'rank': 16, 'fitness': 0.13622049253996504, 'generation': 873}","{'id': 38730, 'rank': 17, 'fitness': 0.11897557417563792, 'generation': 873}","{'id': 38712, 'rank': 18, 'fitness': 0.0682792625607368, 'generation': 873}","{'id': 38705, 'rank': 19, 'fitness': 0.06469571340401103, 'generation': 873}","{'id': 38715, 'rank': 20, 'fitness': 0.05790200090766168, 'generation': 873}","{'id': 38706, 'rank': 21, 'fitness': 0.057656776332705384, 'generation': 873}","{'id': 38695, 'rank': 22, 'fitness': 0.0429452373502483, 'generation': 873}","{'id': 38694, 'rank': 23, 'fitness': 0.032669937196905086, 'generation': 873}","{'id': 38691, 'rank': 24, 'fitness': 0.025867381846307158, 'generation': 873}","{'id': 38729, 'rank': 25, 'fitness': 0.02537854789278321, 'generation': 873}","{'id': 38735, 'rank': 26, 'fitness': 0.023068835736477278, 'generation': 873}","{'id': 38703, 'rank': 27, 'fitness': 0.020552425167288557, 'generation': 873}","{'id': 38701, 'rank': 28, 'fitness': 0.019845816810510175, 'generation': 873}","{'id': 38698, 'rank': 29, 'fitness': 0.01936177258078242, 'generation': 873}","{'id': 38722, 'rank': 30, 'fitness': 0.01798620996209155, 'generation': 873}"
"{'id': 38762, 'rank': 1, 'fitness': 0.9820137900379085, 'generation': 874}","{'id': 38763, 'rank': 2, 'fitness': 0.9294435801135461, 'generation': 874}","{'id': 38765, 'rank': 3, 'fitness': 0.9141578722225824, 'generation': 874}","{'id': 38766, 'rank': 4, 'fitness': 0.605698415177386, 'generation': 874}","{'id': 38746, 'rank': 5, 'fitness': 0.5364644101274074, 'generation': 874}","{'id': 38755, 'rank': 6, 'fitness': 0.38612081191120556, 'generation': 874}","{'id': 38757, 'rank': 7, 'fitness': 0.377175858046439, 'generation': 874}","{'id': 38770, 'rank': 8, 'fitness': 0.3216437326567611, 'generation': 874}","{'id': 38767, 'rank': 9, 'fitness': 0.3125951823090286, 'generation': 874}","{'id': 38756, 'rank': 10, 'fitness': 0.2913578642241566, 'generation': 874}","{'id': 38754, 'rank': 11, 'fitness': 0.25791914608741373, 'generation': 874}","{'id': 38752, 'rank': 12, 'fitness': 0.24004560525175056, 'generation': 874}","{'id': 38739, 'rank': 13, 'fitness': 0.16638447777355858, 'generation': 874}","{'id': 38760, 'rank': 14, 'fitness': 0.14900208002046228, 'generation': 874}","{'id': 38768, 'rank': 15, 'fitness': 0.13774741241766753, 'generation': 874}","{'id': 38764, 'rank': 16, 'fitness': 0.10919535016678644, 'generation': 874}","{'id': 38773, 'rank': 17, 'fitness': 0.10692968537550263, 'generation': 874}","{'id': 38769, 'rank': 18, 'fitness': 0.07137984278965209, 'generation': 874}","{'id': 38749, 'rank': 19, 'fitness': 0.0625020607502833, 'generation': 874}","{'id': 38744, 'rank': 20, 'fitness': 0.04407615427981337, 'generation': 874}","{'id': 38774, 'rank': 21, 'fitness': 0.039025779126675875, 'generation': 874}","{'id': 38747, 'rank': 22, 'fitness': 0.03851521252912804, 'generation': 874}","{'id': 38741, 'rank': 23, 'fitness': 0.03641146309413157, 'generation': 874}","{'id': 38750, 'rank': 24, 'fitness': 0.033761520318858984, 'generation': 874}","{'id': 38772, 'rank': 25, 'fitness': 0.03360556201278675, 'generation': 874}","{'id': 38748, 'rank': 26, 'fitness': 0.02662366745231215, 'generation': 874}","{'id': 38742, 'rank': 27, 'fitness': 0.02603849839078093, 'generation': 874}","{'id': 38753, 'rank': 28, 'fitness': 0.023822797359352277, 'generation': 874}","{'id': 38740, 'rank': 29, 'fitness': 0.01871170793076976, 'generation': 874}","{'id': 38771, 'rank': 30, 'fitness': 0.01798620996209155, 'generation': 874}"
"{'id': 38790, 'rank': 1, 'fitness': 0.9820137900379085, 'generation': 875}","{'id': 38811, 'rank': 2, 'fitness': 0.9550913957036982, 'generation': 875}","{'id': 38782, 'rank': 3, 'fitness': 0.9238840006597014, 'generation': 875}","{'id': 38812, 'rank': 4, 'fitness': 0.8978253338576461, 'generation': 875}","{'id': 38800, 'rank': 5, 'fitness': 0.8441386077831898, 'generation': 875}","{'id': 38810, 'rank': 6, 'fitness': 0.7863582959092852, 'generation': 875}","{'id': 38775, 'rank': 7, 'fitness': 0.7818736549176002, 'generation': 875}","{'id': 38805, 'rank': 8, 'fitness': 0.7371901306218198, 'generation': 875}","{'id': 38793, 'rank': 9, 'fitness': 0.6840764037151621, 'generation': 875}","{'id': 38802, 'rank': 10, 'fitness': 0.5947606533037327, 'generation': 875}","{'id': 38792, 'rank': 11, 'fitness': 0.48744577872903055, 'generation': 875}","{'id': 38798, 'rank': 12, 'fitness': 0.46995275670556047, 'generation': 875}","{'id': 38777, 'rank': 13, 'fitness': 0.4162003278757754, 'generation': 875}","{'id': 38779, 'rank': 14, 'fitness': 0.33015985346711074, 'generation': 875}","{'id': 38804, 'rank': 15, 'fitness': 0.3065487796325065, 'generation': 875}","{'id': 38778, 'rank': 16, 'fitness': 0.297806766709238, 'generation': 875}","{'id': 38797, 'rank': 17, 'fitness': 0.2606358191218443, 'generation': 875}","{'id': 38794, 'rank': 18, 'fitness': 0.2421399482440803, 'generation': 875}","{'id': 38809, 'rank': 19, 'fitness': 0.23595742834046501, 'generation': 875}","{'id': 38784, 'rank': 20, 'fitness': 0.09083322260170762, 'generation': 875}","{'id': 38791, 'rank': 21, 'fitness': 0.0738674423807964, 'generation': 875}","{'id': 38788, 'rank': 22, 'fitness': 0.06299874957370777, 'generation': 875}","{'id': 38801, 'rank': 23, 'fitness': 0.062482433358556466, 'generation': 875}","{'id': 38806, 'rank': 24, 'fitness': 0.044701091116317815, 'generation': 875}","{'id': 38796, 'rank': 25, 'fitness': 0.04410399578517249, 'generation': 875}","{'id': 38789, 'rank': 26, 'fitness': 0.027393523428189015, 'generation': 875}","{'id': 38781, 'rank': 27, 'fitness': 0.025969872601821986, 'generation': 875}","{'id': 38783, 'rank': 28, 'fitness': 0.022885400438075854, 'generation': 875}","{'id': 38776, 'rank': 29, 'fitness': 0.021371190897543246, 'generation': 875}","{'id': 38787, 'rank': 30, 'fitness': 0.01798620996209155, 'generation': 875}"
"{'id': 38843, 'rank': 1, 'fitness': 0.9820137900379085, 'generation': 876}","{'id': 38845, 'rank': 2, 'fitness': 0.9660011362733996, 'generation': 876}","{'id': 38841, 'rank': 3, 'fitness': 0.772535340161903, 'generation': 876}","{'id': 38850, 'rank': 4, 'fitness': 0.7345271722703589, 'generation': 876}","{'id': 38854, 'rank': 5, 'fitness': 0.6086005578927132, 'generation': 876}","{'id': 38836, 'rank': 6, 'fitness': 0.5310249279455307, 'generation': 876}","{'id': 38856, 'rank': 7, 'fitness': 0.24861631640309573, 'generation': 876}","{'id': 38847, 'rank': 8, 'fitness': 0.20329629328419346, 'generation': 876}","{'id': 38858, 'rank': 9, 'fitness': 0.18639811817304947, 'generation': 876}","{'id': 38829, 'rank': 10, 'fitness': 0.1703194209521937, 'generation': 876}","{'id': 38857, 'rank': 11, 'fitness': 0.14562610310797353, 'generation': 876}","{'id': 38846, 'rank': 12, 'fitness': 0.12270600833931167, 'generation': 876}","{'id': 38827, 'rank': 13, 'fitness': 0.07867742842794068, 'generation': 876}","{'id': 38834, 'rank': 14, 'fitness': 0.07509140840293088, 'generation': 876}","{'id': 38844, 'rank': 15, 'fitness': 0.068095600377234, 'generation': 876}","{'id': 38861, 'rank': 16, 'fitness': 0.06309271017707074, 'generation': 876}","{'id': 38855, 'rank': 17, 'fitness': 0.05491237801869825, 'generation': 876}","{'id': 38860, 'rank': 18, 'fitness': 0.05196352378249525, 'generation': 876}","{'id': 38833, 'rank': 19, 'fitness': 0.04909680690629925, 'generation': 876}","{'id': 38859, 'rank': 20, 'fitness': 0.04530717333424711, 'generation': 876}","{'id': 38831, 'rank': 21, 'fitness': 0.044200296353807844, 'generation': 876}","{'id': 38852, 'rank': 22, 'fitness': 0.03290661607905948, 'generation': 876}","{'id': 38853, 'rank': 23, 'fitness': 0.03097776342025571, 'generation': 876}","{'id': 38830, 'rank': 24, 'fitness': 0.030836020018427668, 'generation': 876}","{'id': 38848, 'rank': 25, 'fitness': 0.02666722931749399, 'generation': 876}","{'id': 38823, 'rank': 26, 'fitness': 0.022588267852078403, 'generation': 876}","{'id': 38819, 'rank': 27, 'fitness': 0.020967058928924642, 'generation': 876}","{'id': 38820, 'rank': 28, 'fitness': 0.019572791799283562, 'generation': 876}","{'id': 38824, 'rank': 29, 'fitness': 0.018720232067304055, 'generation': 876}","{'id': 38826, 'rank': 30, 'fitness': 0.01798620996209155, 'generation': 876}"
"{'id': 38892, 'rank': 1, 'fitness': 0.9820137900379085, 'generation': 877}","{'id': 38889, 'rank': 2, 'fitness': 0.9546174975062331, 'generation': 877}","{'id': 38887, 'rank': 3, 'fitness': 0.8777025326460954, 'generation': 877}","{'id': 38880, 'rank': 4, 'fitness': 0.8108858207888663, 'generation': 877}","{'id': 38890, 'rank': 5, 'fitness': 0.6112848592439826, 'generation': 877}","{'id': 38893, 'rank': 6, 'fitness': 0.564293977698359, 'generation': 877}","{'id': 38883, 'rank': 7, 'fitness': 0.5206317606184726, 'generation': 877}","{'id': 38901, 'rank': 8, 'fitness': 0.4885054945247147, 'generation': 877}","{'id': 38876, 'rank': 9, 'fitness': 0.39455375109775614, 'generation': 877}","{'id': 38898, 'rank': 10, 'fitness': 0.3416770184592069, 'generation': 877}","{'id': 38886, 'rank': 11, 'fitness': 0.27438262399002067, 'generation': 877}","{'id': 38872, 'rank': 12, 'fitness': 0.23506774106228123, 'generation': 877}","{'id': 38885, 'rank': 13, 'fitness': 0.2155871047734101, 'generation': 877}","{'id': 38897, 'rank': 14, 'fitness': 0.1914520910737606, 'generation': 877}","{'id': 38894, 'rank': 15, 'fitness': 0.16834452279102546, 'generation': 877}","{'id': 38862, 'rank': 16, 'fitness': 0.13762136390410784, 'generation': 877}","{'id': 38866, 'rank': 17, 'fitness': 0.13479475075015068, 'generation': 877}","{'id': 38881, 'rank': 18, 'fitness': 0.10894942092375626, 'generation': 877}","{'id': 38899, 'rank': 19, 'fitness': 0.1036821444252336, 'generation': 877}","{'id': 38896, 'rank': 20, 'fitness': 0.09871338113495931, 'generation': 877}","{'id': 38884, 'rank': 21, 'fitness': 0.08527639606198173, 'generation': 877}","{'id': 38903, 'rank': 22, 'fitness': 0.07127594290994493, 'generation': 877}","{'id': 38875, 'rank': 23, 'fitness': 0.06369344408946165, 'generation': 877}","{'id': 38870, 'rank': 24, 'fitness': 0.0559414990540712, 'generation': 877}","{'id': 38900, 'rank': 25, 'fitness': 0.05337534455819248, 'generation': 877}","{'id': 38882, 'rank': 26, 'fitness': 0.031107864316492317, 'generation': 877}","{'id': 38871, 'rank': 27, 'fitness': 0.026185381370131267, 'generation': 877}","{'id': 38864, 'rank': 28, 'fitness': 0.022410392944947177, 'generation': 877}","{'id': 38888, 'rank': 29, 'fitness': 0.021142916623289543, 'generation': 877}","{'id': 38863, 'rank': 30, 'fitness': 0.01798620996209155, 'generation': 877}"
"{'id': 38932, 'rank': 1, 'fitness': 0.9820137900379085, 'generation': 878}","{'id': 38930, 'rank': 2, 'fitness': 0.9771666453898773, 'generation': 878}","{'id': 38940, 'rank': 3, 'fitness': 0.9487686484312927, 'generation': 878}","{'id': 38936, 'rank': 4, 'fitness': 0.9026869938103095, 'generation': 878}","{'id': 38931, 'rank': 5, 'fitness': 0.8633876101103974, 'generation': 878}","{'id': 38904, 'rank': 6, 'fitness': 0.8451955623307169, 'generation': 878}","{'id': 38933, 'rank': 7, 'fitness': 0.7659918188541928, 'generation': 878}","{'id': 38910, 'rank': 8, 'fitness': 0.667403592589349, 'generation': 878}","{'id': 38939, 'rank': 9, 'fitness': 0.6581170029057032, 'generation': 878}","{'id': 38928, 'rank': 10, 'fitness': 0.6201422022533303, 'generation': 878}","{'id': 38917, 'rank': 11, 'fitness': 0.49070594921796246, 'generation': 878}","{'id': 38929, 'rank': 12, 'fitness': 0.403976513015298, 'generation': 878}","{'id': 38941, 'rank': 13, 'fitness': 0.2781730444304858, 'generation': 878}","{'id': 38937, 'rank': 14, 'fitness': 0.24065438805251443, 'generation': 878}","{'id': 38935, 'rank': 15, 'fitness': 0.19766935240716538, 'generation': 878}","{'id': 38942, 'rank': 16, 'fitness': 0.1879841922785494, 'generation': 878}","{'id': 38934, 'rank': 17, 'fitness': 0.17897315789149887, 'generation': 878}","{'id': 38918, 'rank': 18, 'fitness': 0.16148791785161704, 'generation': 878}","{'id': 38911, 'rank': 19, 'fitness': 0.14876840284666287, 'generation': 878}","{'id': 38913, 'rank': 20, 'fitness': 0.12270402450616646, 'generation': 878}","{'id': 38923, 'rank': 21, 'fitness': 0.09047416852134038, 'generation': 878}","{'id': 38914, 'rank': 22, 'fitness': 0.08233855695935943, 'generation': 878}","{'id': 38922, 'rank': 23, 'fitness': 0.07736861738054446, 'generation': 878}","{'id': 38926, 'rank': 24, 'fitness': 0.07193825867680192, 'generation': 878}","{'id': 38919, 'rank': 25, 'fitness': 0.05998459258766281, 'generation': 878}","{'id': 38925, 'rank': 26, 'fitness': 0.03259118641907821, 'generation': 878}","{'id': 38916, 'rank': 27, 'fitness': 0.02846118361833949, 'generation': 878}","{'id': 38927, 'rank': 28, 'fitness': 0.024399844442376195, 'generation': 878}","{'id': 38921, 'rank': 29, 'fitness': 0.02228429493068418, 'generation': 878}","{'id': 38920, 'rank': 30, 'fitness': 0.01798620996209155, 'generation': 878}"
"{'id': 38985, 'rank': 1, 'fitness': 0.9820137900379085, 'generation': 879}","{'id': 38962, 'rank': 2, 'fitness': 0.9767264717479768, 'generation': 879}","{'id': 38968, 'rank': 3, 'fitness': 0.9207848808240541, 'generation': 879}","{'id': 38996, 'rank': 4, 'fitness': 0.8926922567404276, 'generation': 879}","{'id': 38995, 'rank': 5, 'fitness': 0.8725095439194448, 'generation': 879}","{'id': 38960, 'rank': 6, 'fitness': 0.7846969957473663, 'generation': 879}","{'id': 38950, 'rank': 7, 'fitness': 0.7054352094534727, 'generation': 879}","{'id': 38991, 'rank': 8, 'fitness': 0.5280438239024035, 'generation': 879}","{'id': 38988, 'rank': 9, 'fitness': 0.4812626474691464, 'generation': 879}","{'id': 38994, 'rank': 10, 'fitness': 0.3975087640831951, 'generation': 879}","{'id': 38961, 'rank': 11, 'fitness': 0.39559245230928014, 'generation': 879}","{'id': 38969, 'rank': 12, 'fitness': 0.32023031917086486, 'generation': 879}","{'id': 38945, 'rank': 13, 'fitness': 0.29953607414719324, 'generation': 879}","{'id': 38987, 'rank': 14, 'fitness': 0.2679199036196769, 'generation': 879}","{'id': 38959, 'rank': 15, 'fitness': 0.16223710424251636, 'generation': 879}","{'id': 38980, 'rank': 16, 'fitness': 0.15327768836323286, 'generation': 879}","{'id': 38947, 'rank': 17, 'fitness': 0.14853134781872457, 'generation': 879}","{'id': 38979, 'rank': 18, 'fitness': 0.1249604085590218, 'generation': 879}","{'id': 38977, 'rank': 19, 'fitness': 0.11094176718239562, 'generation': 879}","{'id': 38966, 'rank': 20, 'fitness': 0.10983640926349963, 'generation': 879}","{'id': 38953, 'rank': 21, 'fitness': 0.08679236640208354, 'generation': 879}","{'id': 38983, 'rank': 22, 'fitness': 0.05796642218285186, 'generation': 879}","{'id': 38957, 'rank': 23, 'fitness': 0.05426759160436995, 'generation': 879}","{'id': 38949, 'rank': 24, 'fitness': 0.04831289779852549, 'generation': 879}","{'id': 38978, 'rank': 25, 'fitness': 0.04654059636865421, 'generation': 879}","{'id': 38975, 'rank': 26, 'fitness': 0.04292812476805119, 'generation': 879}","{'id': 38972, 'rank': 27, 'fitness': 0.040255870868437904, 'generation': 879}","{'id': 38951, 'rank': 28, 'fitness': 0.029885365994048507, 'generation': 879}","{'id': 38986, 'rank': 29, 'fitness': 0.027081646469555687, 'generation': 879}","{'id': 38974, 'rank': 30, 'fitness': 0.01798620996209155, 'generation': 879}"
"{'id': 39028, 'rank': 1, 'fitness': 0.9820137900379085, 'generation': 880}","{'id': 39033, 'rank': 2, 'fitness': 0.5965106723993542, 'generation': 880}","{'id': 39037, 'rank': 3, 'fitness': 0.5729616936977262, 'generation': 880}","{'id': 39036, 'rank': 4, 'fitness': 0.43319788371465734, 'generation': 880}","{'id': 39018, 'rank': 5, 'fitness': 0.3877889916063032, 'generation': 880}","{'id': 39024, 'rank': 6, 'fitness': 0.38448067118518076, 'generation': 880}","{'id': 39029, 'rank': 7, 'fitness': 0.37818909823220603, 'generation': 880}","{'id': 39019, 'rank': 8, 'fitness': 0.36862642144004865, 'generation': 880}","{'id': 39039, 'rank': 9, 'fitness': 0.28673892627343667, 'generation': 880}","{'id': 39023, 'rank': 10, 'fitness': 0.19744150968927493, 'generation': 880}","{'id': 39040, 'rank': 11, 'fitness': 0.18776592158424216, 'generation': 880}","{'id': 39006, 'rank': 12, 'fitness': 0.11273730598211329, 'generation': 880}","{'id': 39013, 'rank': 13, 'fitness': 0.06353560352854992, 'generation': 880}","{'id': 39012, 'rank': 14, 'fitness': 0.06103014762084663, 'generation': 880}","{'id': 39032, 'rank': 15, 'fitness': 0.05716128010133259, 'generation': 880}","{'id': 39016, 'rank': 16, 'fitness': 0.05101776386846846, 'generation': 880}","{'id': 39007, 'rank': 17, 'fitness': 0.05095786536797675, 'generation': 880}","{'id': 39005, 'rank': 18, 'fitness': 0.0440317808565307, 'generation': 880}","{'id': 39009, 'rank': 19, 'fitness': 0.04321321880970852, 'generation': 880}","{'id': 39034, 'rank': 20, 'fitness': 0.03726899063978084, 'generation': 880}","{'id': 38999, 'rank': 21, 'fitness': 0.03535274498200042, 'generation': 880}","{'id': 39002, 'rank': 22, 'fitness': 0.034668660041506816, 'generation': 880}","{'id': 39027, 'rank': 23, 'fitness': 0.0311210846011149, 'generation': 880}","{'id': 39010, 'rank': 24, 'fitness': 0.03015546720329154, 'generation': 880}","{'id': 38997, 'rank': 25, 'fitness': 0.028254891620380695, 'generation': 880}","{'id': 39031, 'rank': 26, 'fitness': 0.027902409244735082, 'generation': 880}","{'id': 39020, 'rank': 27, 'fitness': 0.027248805171392165, 'generation': 880}","{'id': 39035, 'rank': 28, 'fitness': 0.02645244907535005, 'generation': 880}","{'id': 39022, 'rank': 29, 'fitness': 0.02610243647595667, 'generation': 880}","{'id': 39008, 'rank': 30, 'fitness': 0.01798620996209155, 'generation': 880}"
"{'id': 39072, 'rank': 1, 'fitness': 0.9820137900379085, 'generation': 881}","{'id': 39065, 'rank': 2, 'fitness': 0.9318101171560486, 'generation': 881}","{'id': 39051, 'rank': 3, 'fitness': 0.9166502667421488, 'generation': 881}","{'id': 39071, 'rank': 4, 'fitness': 0.8709914124387584, 'generation': 881}","{'id': 39076, 'rank': 5, 'fitness': 0.844661763314044, 'generation': 881}","{'id': 39075, 'rank': 6, 'fitness': 0.8368269886518149, 'generation': 881}","{'id': 39062, 'rank': 7, 'fitness': 0.8305429025668459, 'generation': 881}","{'id': 39067, 'rank': 8, 'fitness': 0.8206359278887219, 'generation': 881}","{'id': 39045, 'rank': 9, 'fitness': 0.7461918306315192, 'generation': 881}","{'id': 39058, 'rank': 10, 'fitness': 0.6920180505136064, 'generation': 881}","{'id': 39066, 'rank': 11, 'fitness': 0.6710437083970531, 'generation': 881}","{'id': 39073, 'rank': 12, 'fitness': 0.5586805392094679, 'generation': 881}","{'id': 39055, 'rank': 13, 'fitness': 0.529697847075219, 'generation': 881}","{'id': 39056, 'rank': 14, 'fitness': 0.4381787646004847, 'generation': 881}","{'id': 39070, 'rank': 15, 'fitness': 0.39874759210358307, 'generation': 881}","{'id': 39077, 'rank': 16, 'fitness': 0.34577753786754784, 'generation': 881}","{'id': 39059, 'rank': 17, 'fitness': 0.30086881181665437, 'generation': 881}","{'id': 39042, 'rank': 18, 'fitness': 0.1348390737330255, 'generation': 881}","{'id': 39063, 'rank': 19, 'fitness': 0.1179101768346637, 'generation': 881}","{'id': 39047, 'rank': 20, 'fitness': 0.11456607158526355, 'generation': 881}","{'id': 39053, 'rank': 21, 'fitness': 0.10141571398069688, 'generation': 881}","{'id': 39052, 'rank': 22, 'fitness': 0.0760210407889862, 'generation': 881}","{'id': 39044, 'rank': 23, 'fitness': 0.06788082390887884, 'generation': 881}","{'id': 39046, 'rank': 24, 'fitness': 0.0497118568229572, 'generation': 881}","{'id': 39060, 'rank': 25, 'fitness': 0.04587529594299716, 'generation': 881}","{'id': 39069, 'rank': 26, 'fitness': 0.042369096649400806, 'generation': 881}","{'id': 39057, 'rank': 27, 'fitness': 0.03874006137496838, 'generation': 881}","{'id': 39061, 'rank': 28, 'fitness': 0.028840618913036742, 'generation': 881}","{'id': 39068, 'rank': 29, 'fitness': 0.02124735125678212, 'generation': 881}","{'id': 39074, 'rank': 30, 'fitness': 0.01798620996209155, 'generation': 881}"
"{'id': 39114, 'rank': 1, 'fitness': 0.9820137900379085, 'generation': 882}","{'id': 39098, 'rank': 2, 'fitness': 0.9468707796351354, 'generation': 882}","{'id': 39121, 'rank': 3, 'fitness': 0.9273868048757079, 'generation': 882}","{'id': 39117, 'rank': 4, 'fitness': 0.8866451539819546, 'generation': 882}","{'id': 39100, 'rank': 5, 'fitness': 0.520061167890412, 'generation': 882}","{'id': 39124, 'rank': 6, 'fitness': 0.4602689826486643, 'generation': 882}","{'id': 39110, 'rank': 7, 'fitness': 0.39006093340996495, 'generation': 882}","{'id': 39119, 'rank': 8, 'fitness': 0.3809582188612971, 'generation': 882}","{'id': 39111, 'rank': 9, 'fitness': 0.23914836760795133, 'generation': 882}","{'id': 39115, 'rank': 10, 'fitness': 0.19420895635422264, 'generation': 882}","{'id': 39107, 'rank': 11, 'fitness': 0.18937088587826556, 'generation': 882}","{'id': 39112, 'rank': 12, 'fitness': 0.16956226679917163, 'generation': 882}","{'id': 39122, 'rank': 13, 'fitness': 0.16312709464799963, 'generation': 882}","{'id': 39085, 'rank': 14, 'fitness': 0.13872977276956372, 'generation': 882}","{'id': 39109, 'rank': 15, 'fitness': 0.1227678324663678, 'generation': 882}","{'id': 39091, 'rank': 16, 'fitness': 0.10007747143663964, 'generation': 882}","{'id': 39094, 'rank': 17, 'fitness': 0.08804981507400067, 'generation': 882}","{'id': 39083, 'rank': 18, 'fitness': 0.07494071925378365, 'generation': 882}","{'id': 39123, 'rank': 19, 'fitness': 0.06259335871765559, 'generation': 882}","{'id': 39118, 'rank': 20, 'fitness': 0.06234721867323778, 'generation': 882}","{'id': 39086, 'rank': 21, 'fitness': 0.051922633765245196, 'generation': 882}","{'id': 39080, 'rank': 22, 'fitness': 0.050717668370674984, 'generation': 882}","{'id': 39088, 'rank': 23, 'fitness': 0.0504703261541804, 'generation': 882}","{'id': 39120, 'rank': 24, 'fitness': 0.04645742289112498, 'generation': 882}","{'id': 39116, 'rank': 25, 'fitness': 0.03873827617049597, 'generation': 882}","{'id': 39108, 'rank': 26, 'fitness': 0.033148621269351086, 'generation': 882}","{'id': 39087, 'rank': 27, 'fitness': 0.028887373270991112, 'generation': 882}","{'id': 39084, 'rank': 28, 'fitness': 0.0271469896978358, 'generation': 882}","{'id': 39095, 'rank': 29, 'fitness': 0.018156236662055958, 'generation': 882}","{'id': 39097, 'rank': 30, 'fitness': 0.01798620996209155, 'generation': 882}"
"{'id': 39138, 'rank': 1, 'fitness': 0.9820137900379085, 'generation': 883}","{'id': 39126, 'rank': 2, 'fitness': 0.9659156919326957, 'generation': 883}","{'id': 39141, 'rank': 3, 'fitness': 0.9375860004693493, 'generation': 883}","{'id': 39154, 'rank': 4, 'fitness': 0.9103686387100534, 'generation': 883}","{'id': 39151, 'rank': 5, 'fitness': 0.8567219683822813, 'generation': 883}","{'id': 39149, 'rank': 6, 'fitness': 0.7106593791444232, 'generation': 883}","{'id': 39159, 'rank': 7, 'fitness': 0.6818238680619422, 'generation': 883}","{'id': 39133, 'rank': 8, 'fitness': 0.6688868742898565, 'generation': 883}","{'id': 39155, 'rank': 9, 'fitness': 0.5984157114930222, 'generation': 883}","{'id': 39143, 'rank': 10, 'fitness': 0.56122223627699, 'generation': 883}","{'id': 39153, 'rank': 11, 'fitness': 0.4773494655625703, 'generation': 883}","{'id': 39145, 'rank': 12, 'fitness': 0.4434905474967199, 'generation': 883}","{'id': 39160, 'rank': 13, 'fitness': 0.36242312645340474, 'generation': 883}","{'id': 39137, 'rank': 14, 'fitness': 0.2941263661794964, 'generation': 883}","{'id': 39158, 'rank': 15, 'fitness': 0.2524519764437411, 'generation': 883}","{'id': 39161, 'rank': 16, 'fitness': 0.2339713082069737, 'generation': 883}","{'id': 39134, 'rank': 17, 'fitness': 0.19714443976041207, 'generation': 883}","{'id': 39162, 'rank': 18, 'fitness': 0.18857694755574583, 'generation': 883}","{'id': 39139, 'rank': 19, 'fitness': 0.1698712095630303, 'generation': 883}","{'id': 39148, 'rank': 20, 'fitness': 0.1478279590478202, 'generation': 883}","{'id': 39135, 'rank': 21, 'fitness': 0.11194554749504493, 'generation': 883}","{'id': 39132, 'rank': 22, 'fitness': 0.07089745109410739, 'generation': 883}","{'id': 39150, 'rank': 23, 'fitness': 0.06812991613652519, 'generation': 883}","{'id': 39131, 'rank': 24, 'fitness': 0.058037290739995195, 'generation': 883}","{'id': 39147, 'rank': 25, 'fitness': 0.05164255880633939, 'generation': 883}","{'id': 39156, 'rank': 26, 'fitness': 0.043896868252726595, 'generation': 883}","{'id': 39157, 'rank': 27, 'fitness': 0.031447770529768326, 'generation': 883}","{'id': 39152, 'rank': 28, 'fitness': 0.02675160022674894, 'generation': 883}","{'id': 39130, 'rank': 29, 'fitness': 0.023141519122470644, 'generation': 883}","{'id': 39140, 'rank': 30, 'fitness': 0.01798620996209155, 'generation': 883}"
"{'id': 39207, 'rank': 1, 'fitness': 0.9820137900379085, 'generation': 884}","{'id': 39209, 'rank': 2, 'fitness': 0.9541975804235687, 'generation': 884}","{'id': 39172, 'rank': 3, 'fitness': 0.6248189037793943, 'generation': 884}","{'id': 39203, 'rank': 4, 'fitness': 0.5949128737170155, 'generation': 884}","{'id': 39205, 'rank': 5, 'fitness': 0.5045221633919232, 'generation': 884}","{'id': 39201, 'rank': 6, 'fitness': 0.3953255301760966, 'generation': 884}","{'id': 39190, 'rank': 7, 'fitness': 0.35716418666999006, 'generation': 884}","{'id': 39210, 'rank': 8, 'fitness': 0.31306688792198334, 'generation': 884}","{'id': 39196, 'rank': 9, 'fitness': 0.3014820750140007, 'generation': 884}","{'id': 39188, 'rank': 10, 'fitness': 0.28482495329311064, 'generation': 884}","{'id': 39178, 'rank': 11, 'fitness': 0.1935235130255003, 'generation': 884}","{'id': 39200, 'rank': 12, 'fitness': 0.16420745340637088, 'generation': 884}","{'id': 39186, 'rank': 13, 'fitness': 0.1596432869809375, 'generation': 884}","{'id': 39204, 'rank': 14, 'fitness': 0.11383231007296135, 'generation': 884}","{'id': 39173, 'rank': 15, 'fitness': 0.11066737186015041, 'generation': 884}","{'id': 39199, 'rank': 16, 'fitness': 0.10808919263818262, 'generation': 884}","{'id': 39198, 'rank': 17, 'fitness': 0.09635462354174518, 'generation': 884}","{'id': 39197, 'rank': 18, 'fitness': 0.08833008840827805, 'generation': 884}","{'id': 39164, 'rank': 19, 'fitness': 0.08493001648503218, 'generation': 884}","{'id': 39183, 'rank': 20, 'fitness': 0.07732324149124337, 'generation': 884}","{'id': 39185, 'rank': 21, 'fitness': 0.051001016362346385, 'generation': 884}","{'id': 39191, 'rank': 22, 'fitness': 0.04759999682941557, 'generation': 884}","{'id': 39192, 'rank': 23, 'fitness': 0.02932125165437849, 'generation': 884}","{'id': 39206, 'rank': 24, 'fitness': 0.02887381718948806, 'generation': 884}","{'id': 39187, 'rank': 25, 'fitness': 0.023593726787904612, 'generation': 884}","{'id': 39208, 'rank': 26, 'fitness': 0.02222554871547394, 'generation': 884}","{'id': 39180, 'rank': 27, 'fitness': 0.021425123177356176, 'generation': 884}","{'id': 39182, 'rank': 28, 'fitness': 0.020309119867724157, 'generation': 884}","{'id': 39195, 'rank': 29, 'fitness': 0.019122529407752997, 'generation': 884}","{'id': 39179, 'rank': 30, 'fitness': 0.01798620996209155, 'generation': 884}"
"{'id': 39222, 'rank': 1, 'fitness': 0.9820137900379085, 'generation': 885}","{'id': 39230, 'rank': 2, 'fitness': 0.968781382602044, 'generation': 885}","{'id': 39237, 'rank': 3, 'fitness': 0.9443214406719701, 'generation': 885}","{'id': 39219, 'rank': 4, 'fitness': 0.8944066099536283, 'generation': 885}","{'id': 39235, 'rank': 5, 'fitness': 0.8449617705018798, 'generation': 885}","{'id': 39212, 'rank': 6, 'fitness': 0.8186235409395793, 'generation': 885}","{'id': 39239, 'rank': 7, 'fitness': 0.5925642991091989, 'generation': 885}","{'id': 39229, 'rank': 8, 'fitness': 0.5717123036337131, 'generation': 885}","{'id': 39228, 'rank': 9, 'fitness': 0.5252400863620799, 'generation': 885}","{'id': 39225, 'rank': 10, 'fitness': 0.5074644471469674, 'generation': 885}","{'id': 39223, 'rank': 11, 'fitness': 0.4931994455672655, 'generation': 885}","{'id': 39240, 'rank': 12, 'fitness': 0.4142369925953046, 'generation': 885}","{'id': 39233, 'rank': 13, 'fitness': 0.4095906658593076, 'generation': 885}","{'id': 39241, 'rank': 14, 'fitness': 0.36680301746665955, 'generation': 885}","{'id': 39238, 'rank': 15, 'fitness': 0.33945413026948157, 'generation': 885}","{'id': 39224, 'rank': 16, 'fitness': 0.31009066736746527, 'generation': 885}","{'id': 39220, 'rank': 17, 'fitness': 0.26935073976569346, 'generation': 885}","{'id': 39227, 'rank': 18, 'fitness': 0.17904407296187935, 'generation': 885}","{'id': 39217, 'rank': 19, 'fitness': 0.13171813471538057, 'generation': 885}","{'id': 39211, 'rank': 20, 'fitness': 0.12156628074527431, 'generation': 885}","{'id': 39236, 'rank': 21, 'fitness': 0.1107262399017161, 'generation': 885}","{'id': 39231, 'rank': 22, 'fitness': 0.08424142885034563, 'generation': 885}","{'id': 39216, 'rank': 23, 'fitness': 0.07969715014014517, 'generation': 885}","{'id': 39218, 'rank': 24, 'fitness': 0.06974573410605339, 'generation': 885}","{'id': 39221, 'rank': 25, 'fitness': 0.05607892460085684, 'generation': 885}","{'id': 39213, 'rank': 26, 'fitness': 0.049033621139270234, 'generation': 885}","{'id': 39232, 'rank': 27, 'fitness': 0.03440638813544006, 'generation': 885}","{'id': 39226, 'rank': 28, 'fitness': 0.03309909864065724, 'generation': 885}","{'id': 39214, 'rank': 29, 'fitness': 0.01831864678033779, 'generation': 885}","{'id': 39215, 'rank': 30, 'fitness': 0.01798620996209155, 'generation': 885}"
"{'id': 39269, 'rank': 1, 'fitness': 0.9820137900379085, 'generation': 886}","{'id': 39253, 'rank': 2, 'fitness': 0.9795801808350705, 'generation': 886}","{'id': 39276, 'rank': 3, 'fitness': 0.9760253853849219, 'generation': 886}","{'id': 39271, 'rank': 4, 'fitness': 0.9314405967464339, 'generation': 886}","{'id': 39265, 'rank': 5, 'fitness': 0.9065990273790752, 'generation': 886}","{'id': 39289, 'rank': 6, 'fitness': 0.8283112353151227, 'generation': 886}","{'id': 39266, 'rank': 7, 'fitness': 0.5690471999393691, 'generation': 886}","{'id': 39278, 'rank': 8, 'fitness': 0.5624788538846178, 'generation': 886}","{'id': 39259, 'rank': 9, 'fitness': 0.42102015701468215, 'generation': 886}","{'id': 39290, 'rank': 10, 'fitness': 0.39545694892316013, 'generation': 886}","{'id': 39280, 'rank': 11, 'fitness': 0.3308378117708747, 'generation': 886}","{'id': 39263, 'rank': 12, 'fitness': 0.2666643933816649, 'generation': 886}","{'id': 39270, 'rank': 13, 'fitness': 0.25064614985955613, 'generation': 886}","{'id': 39262, 'rank': 14, 'fitness': 0.20180952916087092, 'generation': 886}","{'id': 39252, 'rank': 15, 'fitness': 0.15777621215654658, 'generation': 886}","{'id': 39258, 'rank': 16, 'fitness': 0.11186411502664817, 'generation': 886}","{'id': 39275, 'rank': 17, 'fitness': 0.08979821094001356, 'generation': 886}","{'id': 39247, 'rank': 18, 'fitness': 0.07235555297850643, 'generation': 886}","{'id': 39268, 'rank': 19, 'fitness': 0.05707871725838831, 'generation': 886}","{'id': 39283, 'rank': 20, 'fitness': 0.057078144704206524, 'generation': 886}","{'id': 39261, 'rank': 21, 'fitness': 0.05677185958927322, 'generation': 886}","{'id': 39250, 'rank': 22, 'fitness': 0.05457603055972349, 'generation': 886}","{'id': 39284, 'rank': 23, 'fitness': 0.05132927936134718, 'generation': 886}","{'id': 39277, 'rank': 24, 'fitness': 0.05125740394610245, 'generation': 886}","{'id': 39285, 'rank': 25, 'fitness': 0.04679453870751349, 'generation': 886}","{'id': 39273, 'rank': 26, 'fitness': 0.034529769964105506, 'generation': 886}","{'id': 39257, 'rank': 27, 'fitness': 0.02883522331976779, 'generation': 886}","{'id': 39282, 'rank': 28, 'fitness': 0.02316782858180516, 'generation': 886}","{'id': 39246, 'rank': 29, 'fitness': 0.01956797342665778, 'generation': 886}","{'id': 39245, 'rank': 30, 'fitness': 0.01798620996209155, 'generation': 886}"
"{'id': 39330, 'rank': 1, 'fitness': 0.9820137900379085, 'generation': 887}","{'id': 39327, 'rank': 2, 'fitness': 0.9677130011508981, 'generation': 887}","{'id': 39326, 'rank': 3, 'fitness': 0.9546699748556471, 'generation': 887}","{'id': 39333, 'rank': 4, 'fitness': 0.863066065906052, 'generation': 887}","{'id': 39302, 'rank': 5, 'fitness': 0.8539730442497167, 'generation': 887}","{'id': 39329, 'rank': 6, 'fitness': 0.8528303713811756, 'generation': 887}","{'id': 39332, 'rank': 7, 'fitness': 0.7652882175538567, 'generation': 887}","{'id': 39331, 'rank': 8, 'fitness': 0.5747737927691932, 'generation': 887}","{'id': 39328, 'rank': 9, 'fitness': 0.550573447833893, 'generation': 887}","{'id': 39336, 'rank': 10, 'fitness': 0.383930920919221, 'generation': 887}","{'id': 39323, 'rank': 11, 'fitness': 0.3706503860894752, 'generation': 887}","{'id': 39318, 'rank': 12, 'fitness': 0.2760456057857488, 'generation': 887}","{'id': 39335, 'rank': 13, 'fitness': 0.22928251792748827, 'generation': 887}","{'id': 39321, 'rank': 14, 'fitness': 0.20742552280450965, 'generation': 887}","{'id': 39300, 'rank': 15, 'fitness': 0.17742265757435804, 'generation': 887}","{'id': 39315, 'rank': 16, 'fitness': 0.14447751639058964, 'generation': 887}","{'id': 39313, 'rank': 17, 'fitness': 0.0967806229357322, 'generation': 887}","{'id': 39311, 'rank': 18, 'fitness': 0.0960350143871917, 'generation': 887}","{'id': 39334, 'rank': 19, 'fitness': 0.09321766287084604, 'generation': 887}","{'id': 39306, 'rank': 20, 'fitness': 0.08499904560650362, 'generation': 887}","{'id': 39316, 'rank': 21, 'fitness': 0.07590750828568082, 'generation': 887}","{'id': 39320, 'rank': 22, 'fitness': 0.058404919586795556, 'generation': 887}","{'id': 39322, 'rank': 23, 'fitness': 0.04912938658233834, 'generation': 887}","{'id': 39337, 'rank': 24, 'fitness': 0.04186452498415821, 'generation': 887}","{'id': 39307, 'rank': 25, 'fitness': 0.03989041599935872, 'generation': 887}","{'id': 39338, 'rank': 26, 'fitness': 0.03597835016476947, 'generation': 887}","{'id': 39308, 'rank': 27, 'fitness': 0.028637295914029692, 'generation': 887}","{'id': 39325, 'rank': 28, 'fitness': 0.025133249038532035, 'generation': 887}","{'id': 39294, 'rank': 29, 'fitness': 0.020312960837221783, 'generation': 887}","{'id': 39297, 'rank': 30, 'fitness': 0.01798620996209155, 'generation': 887}"
"{'id': 39370, 'rank': 1, 'fitness': 0.9820137900379085, 'generation': 888}","{'id': 39371, 'rank': 2, 'fitness': 0.966185686405539, 'generation': 888}","{'id': 39344, 'rank': 3, 'fitness': 0.7720616335894825, 'generation': 888}","{'id': 39342, 'rank': 4, 'fitness': 0.699135177457308, 'generation': 888}","{'id': 39375, 'rank': 5, 'fitness': 0.6802659075337959, 'generation': 888}","{'id': 39376, 'rank': 6, 'fitness': 0.6483976215648165, 'generation': 888}","{'id': 39372, 'rank': 7, 'fitness': 0.48701999264175094, 'generation': 888}","{'id': 39362, 'rank': 8, 'fitness': 0.4472805884275583, 'generation': 888}","{'id': 39348, 'rank': 9, 'fitness': 0.3202125950465567, 'generation': 888}","{'id': 39345, 'rank': 10, 'fitness': 0.30857291440394036, 'generation': 888}","{'id': 39373, 'rank': 11, 'fitness': 0.3026919277883674, 'generation': 888}","{'id': 39377, 'rank': 12, 'fitness': 0.2478134043033418, 'generation': 888}","{'id': 39374, 'rank': 13, 'fitness': 0.24157383211589872, 'generation': 888}","{'id': 39367, 'rank': 14, 'fitness': 0.20596600513773944, 'generation': 888}","{'id': 39378, 'rank': 15, 'fitness': 0.13881855050121455, 'generation': 888}","{'id': 39358, 'rank': 16, 'fitness': 0.13247892568614117, 'generation': 888}","{'id': 39366, 'rank': 17, 'fitness': 0.11205542589911316, 'generation': 888}","{'id': 39380, 'rank': 18, 'fitness': 0.10863386315792256, 'generation': 888}","{'id': 39356, 'rank': 19, 'fitness': 0.10405749467153674, 'generation': 888}","{'id': 39360, 'rank': 20, 'fitness': 0.10393986658563537, 'generation': 888}","{'id': 39365, 'rank': 21, 'fitness': 0.08970741837739143, 'generation': 888}","{'id': 39383, 'rank': 22, 'fitness': 0.054885778918380035, 'generation': 888}","{'id': 39343, 'rank': 23, 'fitness': 0.05359425004395851, 'generation': 888}","{'id': 39350, 'rank': 24, 'fitness': 0.0510084257123925, 'generation': 888}","{'id': 39369, 'rank': 25, 'fitness': 0.037145155320435386, 'generation': 888}","{'id': 39368, 'rank': 26, 'fitness': 0.030087832803816716, 'generation': 888}","{'id': 39340, 'rank': 27, 'fitness': 0.0299392346643495, 'generation': 888}","{'id': 39349, 'rank': 28, 'fitness': 0.028194427486644247, 'generation': 888}","{'id': 39352, 'rank': 29, 'fitness': 0.020780320180312506, 'generation': 888}","{'id': 39351, 'rank': 30, 'fitness': 0.01798620996209155, 'generation': 888}"
"{'id': 39421, 'rank': 1, 'fitness': 0.9820137900379085, 'generation': 889}","{'id': 39416, 'rank': 2, 'fitness': 0.9361598252771908, 'generation': 889}","{'id': 39426, 'rank': 3, 'fitness': 0.7278438320425076, 'generation': 889}","{'id': 39412, 'rank': 4, 'fitness': 0.720109524992948, 'generation': 889}","{'id': 39403, 'rank': 5, 'fitness': 0.7044636730427156, 'generation': 889}","{'id': 39402, 'rank': 6, 'fitness': 0.6702336328714172, 'generation': 889}","{'id': 39401, 'rank': 7, 'fitness': 0.6016226307008122, 'generation': 889}","{'id': 39417, 'rank': 8, 'fitness': 0.47639460781464804, 'generation': 889}","{'id': 39422, 'rank': 9, 'fitness': 0.465954258572426, 'generation': 889}","{'id': 39414, 'rank': 10, 'fitness': 0.43566010764916446, 'generation': 889}","{'id': 39400, 'rank': 11, 'fitness': 0.37852982611706637, 'generation': 889}","{'id': 39406, 'rank': 12, 'fitness': 0.3627016215439806, 'generation': 889}","{'id': 39415, 'rank': 13, 'fitness': 0.3411583010827409, 'generation': 889}","{'id': 39404, 'rank': 14, 'fitness': 0.21219000774020463, 'generation': 889}","{'id': 39391, 'rank': 15, 'fitness': 0.20153548348285527, 'generation': 889}","{'id': 39420, 'rank': 16, 'fitness': 0.12012672253187379, 'generation': 889}","{'id': 39409, 'rank': 17, 'fitness': 0.11761166859970257, 'generation': 889}","{'id': 39419, 'rank': 18, 'fitness': 0.10876245174285093, 'generation': 889}","{'id': 39423, 'rank': 19, 'fitness': 0.10175529970058578, 'generation': 889}","{'id': 39418, 'rank': 20, 'fitness': 0.09984183115003226, 'generation': 889}","{'id': 39389, 'rank': 21, 'fitness': 0.09155723243175773, 'generation': 889}","{'id': 39398, 'rank': 22, 'fitness': 0.07175736254792736, 'generation': 889}","{'id': 39385, 'rank': 23, 'fitness': 0.06318544211152444, 'generation': 889}","{'id': 39425, 'rank': 24, 'fitness': 0.058326124134964685, 'generation': 889}","{'id': 39410, 'rank': 25, 'fitness': 0.046103356515612814, 'generation': 889}","{'id': 39386, 'rank': 26, 'fitness': 0.03683148125255031, 'generation': 889}","{'id': 39411, 'rank': 27, 'fitness': 0.03647611818483598, 'generation': 889}","{'id': 39408, 'rank': 28, 'fitness': 0.028228934904614145, 'generation': 889}","{'id': 39407, 'rank': 29, 'fitness': 0.018704023354594923, 'generation': 889}","{'id': 39399, 'rank': 30, 'fitness': 0.01798620996209155, 'generation': 889}"
"{'id': 39456, 'rank': 1, 'fitness': 0.9820137900379085, 'generation': 890}","{'id': 39463, 'rank': 2, 'fitness': 0.9704469813789338, 'generation': 890}","{'id': 39462, 'rank': 3, 'fitness': 0.9644425150403266, 'generation': 890}","{'id': 39466, 'rank': 4, 'fitness': 0.9439653436821338, 'generation': 890}","{'id': 39460, 'rank': 5, 'fitness': 0.9093634002573573, 'generation': 890}","{'id': 39452, 'rank': 6, 'fitness': 0.7394905330620986, 'generation': 890}","{'id': 39459, 'rank': 7, 'fitness': 0.6051300221166522, 'generation': 890}","{'id': 39453, 'rank': 8, 'fitness': 0.5991319456447498, 'generation': 890}","{'id': 39442, 'rank': 9, 'fitness': 0.5065163199053055, 'generation': 890}","{'id': 39438, 'rank': 10, 'fitness': 0.49020245858062195, 'generation': 890}","{'id': 39451, 'rank': 11, 'fitness': 0.45819195117197925, 'generation': 890}","{'id': 39454, 'rank': 12, 'fitness': 0.3642721542125713, 'generation': 890}","{'id': 39457, 'rank': 13, 'fitness': 0.329054234753552, 'generation': 890}","{'id': 39467, 'rank': 14, 'fitness': 0.26495554434376845, 'generation': 890}","{'id': 39464, 'rank': 15, 'fitness': 0.22584757901766156, 'generation': 890}","{'id': 39448, 'rank': 16, 'fitness': 0.21967268461012518, 'generation': 890}","{'id': 39446, 'rank': 17, 'fitness': 0.13429130179384563, 'generation': 890}","{'id': 39450, 'rank': 18, 'fitness': 0.07258890792292488, 'generation': 890}","{'id': 39430, 'rank': 19, 'fitness': 0.07110971547917411, 'generation': 890}","{'id': 39449, 'rank': 20, 'fitness': 0.06876747207490042, 'generation': 890}","{'id': 39436, 'rank': 21, 'fitness': 0.0399538576770741, 'generation': 890}","{'id': 39429, 'rank': 22, 'fitness': 0.027179107895725807, 'generation': 890}","{'id': 39428, 'rank': 23, 'fitness': 0.025214757626722872, 'generation': 890}","{'id': 39455, 'rank': 24, 'fitness': 0.02503000157961255, 'generation': 890}","{'id': 39432, 'rank': 25, 'fitness': 0.023489400731960486, 'generation': 890}","{'id': 39440, 'rank': 26, 'fitness': 0.022907584927240432, 'generation': 890}","{'id': 39439, 'rank': 27, 'fitness': 0.022117330071462882, 'generation': 890}","{'id': 39465, 'rank': 28, 'fitness': 0.020773451601635406, 'generation': 890}","{'id': 39445, 'rank': 29, 'fitness': 0.020439658601367927, 'generation': 890}","{'id': 39468, 'rank': 30, 'fitness': 0.01798620996209155, 'generation': 890}"
"{'id': 39507, 'rank': 1, 'fitness': 0.9820137900379085, 'generation': 891}","{'id': 39513, 'rank': 2, 'fitness': 0.976119875124114, 'generation': 891}","{'id': 39506, 'rank': 3, 'fitness': 0.9654694075742142, 'generation': 891}","{'id': 39502, 'rank': 4, 'fitness': 0.9288504057266955, 'generation': 891}","{'id': 39493, 'rank': 5, 'fitness': 0.8540898937615571, 'generation': 891}","{'id': 39494, 'rank': 6, 'fitness': 0.779389777141434, 'generation': 891}","{'id': 39488, 'rank': 7, 'fitness': 0.7404204542235863, 'generation': 891}","{'id': 39512, 'rank': 8, 'fitness': 0.7380667451850639, 'generation': 891}","{'id': 39486, 'rank': 9, 'fitness': 0.6174177689553187, 'generation': 891}","{'id': 39480, 'rank': 10, 'fitness': 0.5230205287034486, 'generation': 891}","{'id': 39483, 'rank': 11, 'fitness': 0.5049690388425481, 'generation': 891}","{'id': 39498, 'rank': 12, 'fitness': 0.484023376384233, 'generation': 891}","{'id': 39510, 'rank': 13, 'fitness': 0.42264002840833365, 'generation': 891}","{'id': 39497, 'rank': 14, 'fitness': 0.3933584450658377, 'generation': 891}","{'id': 39475, 'rank': 15, 'fitness': 0.2750060275406604, 'generation': 891}","{'id': 39469, 'rank': 16, 'fitness': 0.2681760067535851, 'generation': 891}","{'id': 39503, 'rank': 17, 'fitness': 0.2609057167886648, 'generation': 891}","{'id': 39484, 'rank': 18, 'fitness': 0.11837730730207946, 'generation': 891}","{'id': 39508, 'rank': 19, 'fitness': 0.11061049348032376, 'generation': 891}","{'id': 39501, 'rank': 20, 'fitness': 0.105349047333676, 'generation': 891}","{'id': 39509, 'rank': 21, 'fitness': 0.09020224865452137, 'generation': 891}","{'id': 39500, 'rank': 22, 'fitness': 0.08509097644524666, 'generation': 891}","{'id': 39487, 'rank': 23, 'fitness': 0.0726778973242444, 'generation': 891}","{'id': 39471, 'rank': 24, 'fitness': 0.06866617015405874, 'generation': 891}","{'id': 39514, 'rank': 25, 'fitness': 0.03456756010947859, 'generation': 891}","{'id': 39492, 'rank': 26, 'fitness': 0.02972381196780971, 'generation': 891}","{'id': 39481, 'rank': 27, 'fitness': 0.025730454285192772, 'generation': 891}","{'id': 39495, 'rank': 28, 'fitness': 0.02548735897102483, 'generation': 891}","{'id': 39474, 'rank': 29, 'fitness': 0.021017746044458163, 'generation': 891}","{'id': 39472, 'rank': 30, 'fitness': 0.01798620996209155, 'generation': 891}"
"{'id': 39557, 'rank': 1, 'fitness': 0.9820137900379085, 'generation': 892}","{'id': 39551, 'rank': 2, 'fitness': 0.9497787588694804, 'generation': 892}","{'id': 39548, 'rank': 3, 'fitness': 0.7732322621531816, 'generation': 892}","{'id': 39542, 'rank': 4, 'fitness': 0.6672355527248072, 'generation': 892}","{'id': 39560, 'rank': 5, 'fitness': 0.5869616590016572, 'generation': 892}","{'id': 39559, 'rank': 6, 'fitness': 0.557988943220127, 'generation': 892}","{'id': 39543, 'rank': 7, 'fitness': 0.49453680282298035, 'generation': 892}","{'id': 39539, 'rank': 8, 'fitness': 0.4140568325470784, 'generation': 892}","{'id': 39556, 'rank': 9, 'fitness': 0.37679275217935077, 'generation': 892}","{'id': 39558, 'rank': 10, 'fitness': 0.2676517562484232, 'generation': 892}","{'id': 39552, 'rank': 11, 'fitness': 0.2587562293169, 'generation': 892}","{'id': 39544, 'rank': 12, 'fitness': 0.23285824969432017, 'generation': 892}","{'id': 39545, 'rank': 13, 'fitness': 0.20242242435760677, 'generation': 892}","{'id': 39541, 'rank': 14, 'fitness': 0.13122169481934065, 'generation': 892}","{'id': 39538, 'rank': 15, 'fitness': 0.11910055858298724, 'generation': 892}","{'id': 39549, 'rank': 16, 'fitness': 0.11397798314414653, 'generation': 892}","{'id': 39547, 'rank': 17, 'fitness': 0.08975872033643467, 'generation': 892}","{'id': 39554, 'rank': 18, 'fitness': 0.0815827595956613, 'generation': 892}","{'id': 39553, 'rank': 19, 'fitness': 0.06471677629866313, 'generation': 892}","{'id': 39522, 'rank': 20, 'fitness': 0.04686772354290558, 'generation': 892}","{'id': 39546, 'rank': 21, 'fitness': 0.04646733920959156, 'generation': 892}","{'id': 39550, 'rank': 22, 'fitness': 0.04083891604209838, 'generation': 892}","{'id': 39528, 'rank': 23, 'fitness': 0.03726841992748953, 'generation': 892}","{'id': 39533, 'rank': 24, 'fitness': 0.034117201814410913, 'generation': 892}","{'id': 39536, 'rank': 25, 'fitness': 0.033016887834146524, 'generation': 892}","{'id': 39534, 'rank': 26, 'fitness': 0.031618455900949194, 'generation': 892}","{'id': 39537, 'rank': 27, 'fitness': 0.02806395763027575, 'generation': 892}","{'id': 39519, 'rank': 28, 'fitness': 0.024547284041431416, 'generation': 892}","{'id': 39540, 'rank': 29, 'fitness': 0.01935255969759475, 'generation': 892}","{'id': 39515, 'rank': 30, 'fitness': 0.01798620996209155, 'generation': 892}"
"{'id': 39602, 'rank': 1, 'fitness': 0.9820137900379085, 'generation': 893}","{'id': 39588, 'rank': 2, 'fitness': 0.9764615022892418, 'generation': 893}","{'id': 39566, 'rank': 3, 'fitness': 0.9259703018773222, 'generation': 893}","{'id': 39596, 'rank': 4, 'fitness': 0.9088552652974489, 'generation': 893}","{'id': 39589, 'rank': 5, 'fitness': 0.9025838038790781, 'generation': 893}","{'id': 39563, 'rank': 6, 'fitness': 0.8675067375886024, 'generation': 893}","{'id': 39601, 'rank': 7, 'fitness': 0.7599692845565817, 'generation': 893}","{'id': 39599, 'rank': 8, 'fitness': 0.7008711555897746, 'generation': 893}","{'id': 39592, 'rank': 9, 'fitness': 0.6740966422126509, 'generation': 893}","{'id': 39564, 'rank': 10, 'fitness': 0.5970701075426806, 'generation': 893}","{'id': 39571, 'rank': 11, 'fitness': 0.422710181072705, 'generation': 893}","{'id': 39595, 'rank': 12, 'fitness': 0.35956129705905515, 'generation': 893}","{'id': 39582, 'rank': 13, 'fitness': 0.26159456472096654, 'generation': 893}","{'id': 39598, 'rank': 14, 'fitness': 0.2488006345504129, 'generation': 893}","{'id': 39568, 'rank': 15, 'fitness': 0.21625227136678143, 'generation': 893}","{'id': 39586, 'rank': 16, 'fitness': 0.21558347250722587, 'generation': 893}","{'id': 39597, 'rank': 17, 'fitness': 0.1930021178390362, 'generation': 893}","{'id': 39580, 'rank': 18, 'fitness': 0.12953629106921621, 'generation': 893}","{'id': 39584, 'rank': 19, 'fitness': 0.12607310904824987, 'generation': 893}","{'id': 39576, 'rank': 20, 'fitness': 0.09853812393341066, 'generation': 893}","{'id': 39594, 'rank': 21, 'fitness': 0.0954319414742269, 'generation': 893}","{'id': 39603, 'rank': 22, 'fitness': 0.06132182574484668, 'generation': 893}","{'id': 39591, 'rank': 23, 'fitness': 0.058021499268959664, 'generation': 893}","{'id': 39604, 'rank': 24, 'fitness': 0.05555415691771032, 'generation': 893}","{'id': 39578, 'rank': 25, 'fitness': 0.05361727818366385, 'generation': 893}","{'id': 39590, 'rank': 26, 'fitness': 0.04326088544949491, 'generation': 893}","{'id': 39574, 'rank': 27, 'fitness': 0.03563846529763409, 'generation': 893}","{'id': 39593, 'rank': 28, 'fitness': 0.022561773498710913, 'generation': 893}","{'id': 39567, 'rank': 29, 'fitness': 0.01983876047361066, 'generation': 893}","{'id': 39573, 'rank': 30, 'fitness': 0.01798620996209155, 'generation': 893}"
"{'id': 39639, 'rank': 1, 'fitness': 0.9820137900379085, 'generation': 894}","{'id': 39613, 'rank': 2, 'fitness': 0.952435054962444, 'generation': 894}","{'id': 39646, 'rank': 3, 'fitness': 0.9472507492471219, 'generation': 894}","{'id': 39619, 'rank': 4, 'fitness': 0.9358053424736645, 'generation': 894}","{'id': 39629, 'rank': 5, 'fitness': 0.9264376389324112, 'generation': 894}","{'id': 39630, 'rank': 6, 'fitness': 0.830916490560886, 'generation': 894}","{'id': 39626, 'rank': 7, 'fitness': 0.8111574514389273, 'generation': 894}","{'id': 39642, 'rank': 8, 'fitness': 0.796561713046574, 'generation': 894}","{'id': 39610, 'rank': 9, 'fitness': 0.7325597029249731, 'generation': 894}","{'id': 39625, 'rank': 10, 'fitness': 0.6243720029034252, 'generation': 894}","{'id': 39633, 'rank': 11, 'fitness': 0.6213404157388187, 'generation': 894}","{'id': 39631, 'rank': 12, 'fitness': 0.6182300189314884, 'generation': 894}","{'id': 39643, 'rank': 13, 'fitness': 0.5155429786699224, 'generation': 894}","{'id': 39637, 'rank': 14, 'fitness': 0.3998720336465791, 'generation': 894}","{'id': 39608, 'rank': 15, 'fitness': 0.3087483384234368, 'generation': 894}","{'id': 39638, 'rank': 16, 'fitness': 0.2532034981815876, 'generation': 894}","{'id': 39641, 'rank': 17, 'fitness': 0.233403161679816, 'generation': 894}","{'id': 39627, 'rank': 18, 'fitness': 0.22143685945675518, 'generation': 894}","{'id': 39612, 'rank': 19, 'fitness': 0.17252268509931923, 'generation': 894}","{'id': 39621, 'rank': 20, 'fitness': 0.14405768334491686, 'generation': 894}","{'id': 39644, 'rank': 21, 'fitness': 0.14284407241002423, 'generation': 894}","{'id': 39634, 'rank': 22, 'fitness': 0.12063511892500917, 'generation': 894}","{'id': 39611, 'rank': 23, 'fitness': 0.054756221985118314, 'generation': 894}","{'id': 39606, 'rank': 24, 'fitness': 0.05401290317445706, 'generation': 894}","{'id': 39645, 'rank': 25, 'fitness': 0.03168014583329515, 'generation': 894}","{'id': 39647, 'rank': 26, 'fitness': 0.025758048976878056, 'generation': 894}","{'id': 39617, 'rank': 27, 'fitness': 0.025092791727019892, 'generation': 894}","{'id': 39635, 'rank': 28, 'fitness': 0.02266700781526909, 'generation': 894}","{'id': 39628, 'rank': 29, 'fitness': 0.020102701358644892, 'generation': 894}","{'id': 39614, 'rank': 30, 'fitness': 0.01798620996209155, 'generation': 894}"
"{'id': 39702, 'rank': 1, 'fitness': 0.9820137900379085, 'generation': 895}","{'id': 39690, 'rank': 2, 'fitness': 0.7864561526740078, 'generation': 895}","{'id': 39675, 'rank': 3, 'fitness': 0.462940800532056, 'generation': 895}","{'id': 39676, 'rank': 4, 'fitness': 0.4153248727722459, 'generation': 895}","{'id': 39699, 'rank': 5, 'fitness': 0.40344344330582044, 'generation': 895}","{'id': 39700, 'rank': 6, 'fitness': 0.39126966248314643, 'generation': 895}","{'id': 39648, 'rank': 7, 'fitness': 0.2516554188859488, 'generation': 895}","{'id': 39704, 'rank': 8, 'fitness': 0.23906256320031483, 'generation': 895}","{'id': 39649, 'rank': 9, 'fitness': 0.1838996454405944, 'generation': 895}","{'id': 39694, 'rank': 10, 'fitness': 0.18149489474558295, 'generation': 895}","{'id': 39695, 'rank': 11, 'fitness': 0.18018921939560795, 'generation': 895}","{'id': 39671, 'rank': 12, 'fitness': 0.1690395415951077, 'generation': 895}","{'id': 39652, 'rank': 13, 'fitness': 0.115382819733572, 'generation': 895}","{'id': 39687, 'rank': 14, 'fitness': 0.10656587159694192, 'generation': 895}","{'id': 39680, 'rank': 15, 'fitness': 0.07752446364815863, 'generation': 895}","{'id': 39660, 'rank': 16, 'fitness': 0.07222904167600203, 'generation': 895}","{'id': 39692, 'rank': 17, 'fitness': 0.06605653003600187, 'generation': 895}","{'id': 39673, 'rank': 18, 'fitness': 0.053071820671527714, 'generation': 895}","{'id': 39657, 'rank': 19, 'fitness': 0.05212126724940763, 'generation': 895}","{'id': 39684, 'rank': 20, 'fitness': 0.04992625705504605, 'generation': 895}","{'id': 39686, 'rank': 21, 'fitness': 0.044489016503518386, 'generation': 895}","{'id': 39659, 'rank': 22, 'fitness': 0.04237107197976686, 'generation': 895}","{'id': 39662, 'rank': 23, 'fitness': 0.040713028445475974, 'generation': 895}","{'id': 39705, 'rank': 24, 'fitness': 0.03515175689616501, 'generation': 895}","{'id': 39685, 'rank': 25, 'fitness': 0.034247563886817156, 'generation': 895}","{'id': 39681, 'rank': 26, 'fitness': 0.03166201467148094, 'generation': 895}","{'id': 39689, 'rank': 27, 'fitness': 0.02937397031919331, 'generation': 895}","{'id': 39672, 'rank': 28, 'fitness': 0.027939030129509768, 'generation': 895}","{'id': 39707, 'rank': 29, 'fitness': 0.018789558324295463, 'generation': 895}","{'id': 39664, 'rank': 30, 'fitness': 0.01798620996209155, 'generation': 895}"
"{'id': 39738, 'rank': 1, 'fitness': 0.9820137900379085, 'generation': 896}","{'id': 39717, 'rank': 2, 'fitness': 0.9131600330028167, 'generation': 896}","{'id': 39725, 'rank': 3, 'fitness': 0.8941194611963759, 'generation': 896}","{'id': 39730, 'rank': 4, 'fitness': 0.8809031895439476, 'generation': 896}","{'id': 39716, 'rank': 5, 'fitness': 0.8122944378742616, 'generation': 896}","{'id': 39721, 'rank': 6, 'fitness': 0.7733525837766042, 'generation': 896}","{'id': 39733, 'rank': 7, 'fitness': 0.7518429721115583, 'generation': 896}","{'id': 39744, 'rank': 8, 'fitness': 0.5838513381468551, 'generation': 896}","{'id': 39732, 'rank': 9, 'fitness': 0.5021043960160726, 'generation': 896}","{'id': 39714, 'rank': 10, 'fitness': 0.3992789592691225, 'generation': 896}","{'id': 39731, 'rank': 11, 'fitness': 0.3759854376766995, 'generation': 896}","{'id': 39708, 'rank': 12, 'fitness': 0.3736286795137177, 'generation': 896}","{'id': 39711, 'rank': 13, 'fitness': 0.31991232987012325, 'generation': 896}","{'id': 39718, 'rank': 14, 'fitness': 0.28549565252485853, 'generation': 896}","{'id': 39724, 'rank': 15, 'fitness': 0.27076046329213943, 'generation': 896}","{'id': 39737, 'rank': 16, 'fitness': 0.25277161058179265, 'generation': 896}","{'id': 39743, 'rank': 17, 'fitness': 0.20602881213051438, 'generation': 896}","{'id': 39722, 'rank': 18, 'fitness': 0.14814505480855444, 'generation': 896}","{'id': 39739, 'rank': 19, 'fitness': 0.14323784376931842, 'generation': 896}","{'id': 39745, 'rank': 20, 'fitness': 0.10250154727043648, 'generation': 896}","{'id': 39736, 'rank': 21, 'fitness': 0.09296196223083253, 'generation': 896}","{'id': 39726, 'rank': 22, 'fitness': 0.09020646202465737, 'generation': 896}","{'id': 39734, 'rank': 23, 'fitness': 0.07151336610059389, 'generation': 896}","{'id': 39727, 'rank': 24, 'fitness': 0.07108575799092542, 'generation': 896}","{'id': 39723, 'rank': 25, 'fitness': 0.049273594497258766, 'generation': 896}","{'id': 39715, 'rank': 26, 'fitness': 0.04645588110095511, 'generation': 896}","{'id': 39729, 'rank': 27, 'fitness': 0.04167742883346082, 'generation': 896}","{'id': 39710, 'rank': 28, 'fitness': 0.034937954597359655, 'generation': 896}","{'id': 39713, 'rank': 29, 'fitness': 0.033872748355391835, 'generation': 896}","{'id': 39728, 'rank': 30, 'fitness': 0.01798620996209155, 'generation': 896}"
"{'id': 39776, 'rank': 1, 'fitness': 0.9820137900379085, 'generation': 897}","{'id': 39781, 'rank': 2, 'fitness': 0.9309176303225115, 'generation': 897}","{'id': 39784, 'rank': 3, 'fitness': 0.7489924070722511, 'generation': 897}","{'id': 39774, 'rank': 4, 'fitness': 0.4069433198079759, 'generation': 897}","{'id': 39775, 'rank': 5, 'fitness': 0.326809110992308, 'generation': 897}","{'id': 39752, 'rank': 6, 'fitness': 0.32363424024289467, 'generation': 897}","{'id': 39761, 'rank': 7, 'fitness': 0.28697128217239865, 'generation': 897}","{'id': 39787, 'rank': 8, 'fitness': 0.24617565700263516, 'generation': 897}","{'id': 39773, 'rank': 9, 'fitness': 0.1968816053564047, 'generation': 897}","{'id': 39788, 'rank': 10, 'fitness': 0.16423579973999025, 'generation': 897}","{'id': 39777, 'rank': 11, 'fitness': 0.1440062003613145, 'generation': 897}","{'id': 39791, 'rank': 12, 'fitness': 0.12804291457943884, 'generation': 897}","{'id': 39778, 'rank': 13, 'fitness': 0.10666701949885538, 'generation': 897}","{'id': 39751, 'rank': 14, 'fitness': 0.0895224511984275, 'generation': 897}","{'id': 39786, 'rank': 15, 'fitness': 0.07191745729247362, 'generation': 897}","{'id': 39750, 'rank': 16, 'fitness': 0.05868374827699563, 'generation': 897}","{'id': 39792, 'rank': 17, 'fitness': 0.0585237672772993, 'generation': 897}","{'id': 39757, 'rank': 18, 'fitness': 0.05128161005784693, 'generation': 897}","{'id': 39768, 'rank': 19, 'fitness': 0.050137440939018896, 'generation': 897}","{'id': 39746, 'rank': 20, 'fitness': 0.047300306015981675, 'generation': 897}","{'id': 39748, 'rank': 21, 'fitness': 0.03306078173942828, 'generation': 897}","{'id': 39755, 'rank': 22, 'fitness': 0.029748003005083956, 'generation': 897}","{'id': 39771, 'rank': 23, 'fitness': 0.028196789262427246, 'generation': 897}","{'id': 39770, 'rank': 24, 'fitness': 0.025154011597345483, 'generation': 897}","{'id': 39747, 'rank': 25, 'fitness': 0.024934083977360577, 'generation': 897}","{'id': 39760, 'rank': 26, 'fitness': 0.023247037041121077, 'generation': 897}","{'id': 39790, 'rank': 27, 'fitness': 0.019966138449164672, 'generation': 897}","{'id': 39762, 'rank': 28, 'fitness': 0.019470232182334957, 'generation': 897}","{'id': 39772, 'rank': 29, 'fitness': 0.018524223095807146, 'generation': 897}","{'id': 39782, 'rank': 30, 'fitness': 0.01798620996209155, 'generation': 897}"
"{'id': 39829, 'rank': 1, 'fitness': 0.9820137900379085, 'generation': 898}","{'id': 39816, 'rank': 2, 'fitness': 0.9490954724000388, 'generation': 898}","{'id': 39821, 'rank': 3, 'fitness': 0.8765112954636259, 'generation': 898}","{'id': 39797, 'rank': 4, 'fitness': 0.6514618688792373, 'generation': 898}","{'id': 39806, 'rank': 5, 'fitness': 0.6467154581739778, 'generation': 898}","{'id': 39823, 'rank': 6, 'fitness': 0.5949389248515744, 'generation': 898}","{'id': 39820, 'rank': 7, 'fitness': 0.5504468400120591, 'generation': 898}","{'id': 39795, 'rank': 8, 'fitness': 0.5168029817272856, 'generation': 898}","{'id': 39804, 'rank': 9, 'fitness': 0.46802940255177994, 'generation': 898}","{'id': 39801, 'rank': 10, 'fitness': 0.4650994892263567, 'generation': 898}","{'id': 39825, 'rank': 11, 'fitness': 0.2678415569077607, 'generation': 898}","{'id': 39817, 'rank': 12, 'fitness': 0.22839287388034807, 'generation': 898}","{'id': 39802, 'rank': 13, 'fitness': 0.21794679349250362, 'generation': 898}","{'id': 39798, 'rank': 14, 'fitness': 0.2167588545830499, 'generation': 898}","{'id': 39818, 'rank': 15, 'fitness': 0.19291733079076606, 'generation': 898}","{'id': 39814, 'rank': 16, 'fitness': 0.14332936422163733, 'generation': 898}","{'id': 39803, 'rank': 17, 'fitness': 0.14160907572900971, 'generation': 898}","{'id': 39828, 'rank': 18, 'fitness': 0.12954702201364515, 'generation': 898}","{'id': 39793, 'rank': 19, 'fitness': 0.09645665376757073, 'generation': 898}","{'id': 39811, 'rank': 20, 'fitness': 0.07895969265035152, 'generation': 898}","{'id': 39830, 'rank': 21, 'fitness': 0.06757313379119007, 'generation': 898}","{'id': 39815, 'rank': 22, 'fitness': 0.052790535586051845, 'generation': 898}","{'id': 39812, 'rank': 23, 'fitness': 0.05135067985509667, 'generation': 898}","{'id': 39824, 'rank': 24, 'fitness': 0.04261097032325706, 'generation': 898}","{'id': 39809, 'rank': 25, 'fitness': 0.03571809306109375, 'generation': 898}","{'id': 39808, 'rank': 26, 'fitness': 0.035257908379764114, 'generation': 898}","{'id': 39805, 'rank': 27, 'fitness': 0.03098410271509061, 'generation': 898}","{'id': 39807, 'rank': 28, 'fitness': 0.026097417400623435, 'generation': 898}","{'id': 39800, 'rank': 29, 'fitness': 0.02201469960016178, 'generation': 898}","{'id': 39810, 'rank': 30, 'fitness': 0.01798620996209155, 'generation': 898}"
"{'id': 39869, 'rank': 1, 'fitness': 0.9820137900379085, 'generation': 899}","{'id': 39862, 'rank': 2, 'fitness': 0.9340436265225895, 'generation': 899}","{'id': 39867, 'rank': 3, 'fitness': 0.9252665067463255, 'generation': 899}","{'id': 39863, 'rank': 4, 'fitness': 0.8016163145445298, 'generation': 899}","{'id': 39874, 'rank': 5, 'fitness': 0.7266041630111415, 'generation': 899}","{'id': 39865, 'rank': 6, 'fitness': 0.7098852374761484, 'generation': 899}","{'id': 39873, 'rank': 7, 'fitness': 0.6793994436973196, 'generation': 899}","{'id': 39868, 'rank': 8, 'fitness': 0.5527720125709552, 'generation': 899}","{'id': 39876, 'rank': 9, 'fitness': 0.5179031785158585, 'generation': 899}","{'id': 39870, 'rank': 10, 'fitness': 0.4570893938881469, 'generation': 899}","{'id': 39852, 'rank': 11, 'fitness': 0.39083755578399826, 'generation': 899}","{'id': 39875, 'rank': 12, 'fitness': 0.3854686523862085, 'generation': 899}","{'id': 39872, 'rank': 13, 'fitness': 0.3685683452027302, 'generation': 899}","{'id': 39839, 'rank': 14, 'fitness': 0.32632977016370335, 'generation': 899}","{'id': 39851, 'rank': 15, 'fitness': 0.3171737895860992, 'generation': 899}","{'id': 39846, 'rank': 16, 'fitness': 0.3140129889465533, 'generation': 899}","{'id': 39857, 'rank': 17, 'fitness': 0.20960557446980194, 'generation': 899}","{'id': 39871, 'rank': 18, 'fitness': 0.2062521981778072, 'generation': 899}","{'id': 39850, 'rank': 19, 'fitness': 0.19405559406194223, 'generation': 899}","{'id': 39847, 'rank': 20, 'fitness': 0.17486964119967802, 'generation': 899}","{'id': 39832, 'rank': 21, 'fitness': 0.15959843588064637, 'generation': 899}","{'id': 39861, 'rank': 22, 'fitness': 0.0981764492322047, 'generation': 899}","{'id': 39836, 'rank': 23, 'fitness': 0.08654919192644372, 'generation': 899}","{'id': 39855, 'rank': 24, 'fitness': 0.08553146475605733, 'generation': 899}","{'id': 39866, 'rank': 25, 'fitness': 0.039688573886739964, 'generation': 899}","{'id': 39845, 'rank': 26, 'fitness': 0.036246765382089985, 'generation': 899}","{'id': 39856, 'rank': 27, 'fitness': 0.028539432559465616, 'generation': 899}","{'id': 39842, 'rank': 28, 'fitness': 0.023079003387344477, 'generation': 899}","{'id': 39853, 'rank': 29, 'fitness': 0.021264908153147744, 'generation': 899}","{'id': 39835, 'rank': 30, 'fitness': 0.01798620996209155, 'generation': 899}"
"{'id': 39918, 'rank': 1, 'fitness': 0.9820137900379085, 'generation': 900}","{'id': 39906, 'rank': 2, 'fitness': 0.9683188321628627, 'generation': 900}","{'id': 39911, 'rank': 3, 'fitness': 0.8750844853146993, 'generation': 900}","{'id': 39914, 'rank': 4, 'fitness': 0.8180606903682089, 'generation': 900}","{'id': 39903, 'rank': 5, 'fitness': 0.7258628873621129, 'generation': 900}","{'id': 39907, 'rank': 6, 'fitness': 0.7037235072757597, 'generation': 900}","{'id': 39878, 'rank': 7, 'fitness': 0.6591195455149709, 'generation': 900}","{'id': 39901, 'rank': 8, 'fitness': 0.6370495013790342, 'generation': 900}","{'id': 39886, 'rank': 9, 'fitness': 0.5714176756897594, 'generation': 900}","{'id': 39908, 'rank': 10, 'fitness': 0.49933213365576384, 'generation': 900}","{'id': 39909, 'rank': 11, 'fitness': 0.3959329994117201, 'generation': 900}","{'id': 39910, 'rank': 12, 'fitness': 0.380639662716323, 'generation': 900}","{'id': 39882, 'rank': 13, 'fitness': 0.2650580898034992, 'generation': 900}","{'id': 39884, 'rank': 14, 'fitness': 0.21940615664329094, 'generation': 900}","{'id': 39883, 'rank': 15, 'fitness': 0.21386781012924766, 'generation': 900}","{'id': 39919, 'rank': 16, 'fitness': 0.21049271539558495, 'generation': 900}","{'id': 39891, 'rank': 17, 'fitness': 0.18447784050603921, 'generation': 900}","{'id': 39890, 'rank': 18, 'fitness': 0.1758395203507665, 'generation': 900}","{'id': 39899, 'rank': 19, 'fitness': 0.1537693493858308, 'generation': 900}","{'id': 39915, 'rank': 20, 'fitness': 0.12952883440002272, 'generation': 900}","{'id': 39902, 'rank': 21, 'fitness': 0.11536556641825418, 'generation': 900}","{'id': 39917, 'rank': 22, 'fitness': 0.10752040128208745, 'generation': 900}","{'id': 39912, 'rank': 23, 'fitness': 0.08479222931720248, 'generation': 900}","{'id': 39916, 'rank': 24, 'fitness': 0.07485496204383002, 'generation': 900}","{'id': 39889, 'rank': 25, 'fitness': 0.07458229405658479, 'generation': 900}","{'id': 39894, 'rank': 26, 'fitness': 0.03191632485595064, 'generation': 900}","{'id': 39897, 'rank': 27, 'fitness': 0.03038931741477685, 'generation': 900}","{'id': 39881, 'rank': 28, 'fitness': 0.02646752504321731, 'generation': 900}","{'id': 39904, 'rank': 29, 'fitness': 0.02219159856120928, 'generation': 900}","{'id': 39898, 'rank': 30, 'fitness': 0.01798620996209155, 'generation': 900}"
"{'id': 39954, 'rank': 1, 'fitness': 0.9820137900379085, 'generation': 901}","{'id': 39946, 'rank': 2, 'fitness': 0.9249094617574894, 'generation': 901}","{'id': 39949, 'rank': 3, 'fitness': 0.8288949244660113, 'generation': 901}","{'id': 39956, 'rank': 4, 'fitness': 0.8066222894628641, 'generation': 901}","{'id': 39931, 'rank': 5, 'fitness': 0.7913873016231067, 'generation': 901}","{'id': 39958, 'rank': 6, 'fitness': 0.5053277145134615, 'generation': 901}","{'id': 39955, 'rank': 7, 'fitness': 0.36641226058875914, 'generation': 901}","{'id': 39941, 'rank': 8, 'fitness': 0.2917482793842303, 'generation': 901}","{'id': 39947, 'rank': 9, 'fitness': 0.23009116317242162, 'generation': 901}","{'id': 39945, 'rank': 10, 'fitness': 0.20296251577923374, 'generation': 901}","{'id': 39960, 'rank': 11, 'fitness': 0.18761583519370018, 'generation': 901}","{'id': 39936, 'rank': 12, 'fitness': 0.18107614715194897, 'generation': 901}","{'id': 39959, 'rank': 13, 'fitness': 0.10541210982196553, 'generation': 901}","{'id': 39957, 'rank': 14, 'fitness': 0.10080016463166758, 'generation': 901}","{'id': 39927, 'rank': 15, 'fitness': 0.09232512263780396, 'generation': 901}","{'id': 39948, 'rank': 16, 'fitness': 0.08300441719055773, 'generation': 901}","{'id': 39939, 'rank': 17, 'fitness': 0.07885956417564716, 'generation': 901}","{'id': 39933, 'rank': 18, 'fitness': 0.0767699533840111, 'generation': 901}","{'id': 39952, 'rank': 19, 'fitness': 0.047283917292309185, 'generation': 901}","{'id': 39925, 'rank': 20, 'fitness': 0.04395433534660287, 'generation': 901}","{'id': 39922, 'rank': 21, 'fitness': 0.04393628465396843, 'generation': 901}","{'id': 39923, 'rank': 22, 'fitness': 0.03858355004883979, 'generation': 901}","{'id': 39950, 'rank': 23, 'fitness': 0.03454705430669569, 'generation': 901}","{'id': 39953, 'rank': 24, 'fitness': 0.03416301758418294, 'generation': 901}","{'id': 39951, 'rank': 25, 'fitness': 0.030285304829476667, 'generation': 901}","{'id': 39940, 'rank': 26, 'fitness': 0.029905447784443095, 'generation': 901}","{'id': 39926, 'rank': 27, 'fitness': 0.029412727730276977, 'generation': 901}","{'id': 39943, 'rank': 28, 'fitness': 0.023851875891370167, 'generation': 901}","{'id': 39934, 'rank': 29, 'fitness': 0.018476037660878575, 'generation': 901}","{'id': 39938, 'rank': 30, 'fitness': 0.01798620996209155, 'generation': 901}"
"{'id': 39989, 'rank': 1, 'fitness': 0.9820137900379085, 'generation': 902}","{'id': 39980, 'rank': 2, 'fitness': 0.8917434815284073, 'generation': 902}","{'id': 39983, 'rank': 3, 'fitness': 0.8263357683445773, 'generation': 902}","{'id': 39985, 'rank': 4, 'fitness': 0.7220346928017692, 'generation': 902}","{'id': 39997, 'rank': 5, 'fitness': 0.7050119076843719, 'generation': 902}","{'id': 39984, 'rank': 6, 'fitness': 0.6662456668589846, 'generation': 902}","{'id': 39993, 'rank': 7, 'fitness': 0.6415623540124378, 'generation': 902}","{'id': 39971, 'rank': 8, 'fitness': 0.6248333090810196, 'generation': 902}","{'id': 39986, 'rank': 9, 'fitness': 0.61908471527735, 'generation': 902}","{'id': 39979, 'rank': 10, 'fitness': 0.543317812583178, 'generation': 902}","{'id': 39996, 'rank': 11, 'fitness': 0.5313912649773962, 'generation': 902}","{'id': 39991, 'rank': 12, 'fitness': 0.41500446240376265, 'generation': 902}","{'id': 39970, 'rank': 13, 'fitness': 0.3836027693125672, 'generation': 902}","{'id': 39976, 'rank': 14, 'fitness': 0.292102967189036, 'generation': 902}","{'id': 39982, 'rank': 15, 'fitness': 0.2877737551511855, 'generation': 902}","{'id': 39995, 'rank': 16, 'fitness': 0.20842019432788667, 'generation': 902}","{'id': 39967, 'rank': 17, 'fitness': 0.17203232100527122, 'generation': 902}","{'id': 39988, 'rank': 18, 'fitness': 0.142075433603442, 'generation': 902}","{'id': 39973, 'rank': 19, 'fitness': 0.12471537371959429, 'generation': 902}","{'id': 39978, 'rank': 20, 'fitness': 0.11555247568143551, 'generation': 902}","{'id': 39998, 'rank': 21, 'fitness': 0.11192146597144981, 'generation': 902}","{'id': 39990, 'rank': 22, 'fitness': 0.09068389129257226, 'generation': 902}","{'id': 39987, 'rank': 23, 'fitness': 0.05736231273092407, 'generation': 902}","{'id': 39981, 'rank': 24, 'fitness': 0.055425904595301556, 'generation': 902}","{'id': 39966, 'rank': 25, 'fitness': 0.05255552720848289, 'generation': 902}","{'id': 39964, 'rank': 26, 'fitness': 0.02289248357564272, 'generation': 902}","{'id': 39994, 'rank': 27, 'fitness': 0.021499715102852146, 'generation': 902}","{'id': 39969, 'rank': 28, 'fitness': 0.021051611848093288, 'generation': 902}","{'id': 39974, 'rank': 29, 'fitness': 0.019041854691132454, 'generation': 902}","{'id': 39977, 'rank': 30, 'fitness': 0.01798620996209155, 'generation': 902}"
"{'id': 40042, 'rank': 1, 'fitness': 0.9820137900379085, 'generation': 903}","{'id': 40028, 'rank': 2, 'fitness': 0.8636151415159801, 'generation': 903}","{'id': 40045, 'rank': 3, 'fitness': 0.7462002648274131, 'generation': 903}","{'id': 40036, 'rank': 4, 'fitness': 0.707046746023759, 'generation': 903}","{'id': 40038, 'rank': 5, 'fitness': 0.5531075277686078, 'generation': 903}","{'id': 40024, 'rank': 6, 'fitness': 0.5258615195340622, 'generation': 903}","{'id': 40005, 'rank': 7, 'fitness': 0.4504199083865054, 'generation': 903}","{'id': 40032, 'rank': 8, 'fitness': 0.31825271578726233, 'generation': 903}","{'id': 40041, 'rank': 9, 'fitness': 0.3077099949552857, 'generation': 903}","{'id': 40022, 'rank': 10, 'fitness': 0.2528719413744308, 'generation': 903}","{'id': 40035, 'rank': 11, 'fitness': 0.24895778392040313, 'generation': 903}","{'id': 40040, 'rank': 12, 'fitness': 0.24183114758449709, 'generation': 903}","{'id': 40009, 'rank': 13, 'fitness': 0.18404273613848032, 'generation': 903}","{'id': 40039, 'rank': 14, 'fitness': 0.16984518809143995, 'generation': 903}","{'id': 40037, 'rank': 15, 'fitness': 0.11388818590999517, 'generation': 903}","{'id': 40021, 'rank': 16, 'fitness': 0.07284408182871283, 'generation': 903}","{'id': 40012, 'rank': 17, 'fitness': 0.0635218663456425, 'generation': 903}","{'id': 40029, 'rank': 18, 'fitness': 0.05583273335889316, 'generation': 903}","{'id': 40025, 'rank': 19, 'fitness': 0.04832969184410851, 'generation': 903}","{'id': 40019, 'rank': 20, 'fitness': 0.0470419789892792, 'generation': 903}","{'id': 40030, 'rank': 21, 'fitness': 0.04013539822840129, 'generation': 903}","{'id': 40034, 'rank': 22, 'fitness': 0.03793669627395163, 'generation': 903}","{'id': 40008, 'rank': 23, 'fitness': 0.03763383842118373, 'generation': 903}","{'id': 40004, 'rank': 24, 'fitness': 0.03614746018857001, 'generation': 903}","{'id': 40000, 'rank': 25, 'fitness': 0.03427625605270418, 'generation': 903}","{'id': 40020, 'rank': 26, 'fitness': 0.02511305578032974, 'generation': 903}","{'id': 39999, 'rank': 27, 'fitness': 0.023983819286094332, 'generation': 903}","{'id': 40031, 'rank': 28, 'fitness': 0.023838424199062846, 'generation': 903}","{'id': 40016, 'rank': 29, 'fitness': 0.02144117374818183, 'generation': 903}","{'id': 40033, 'rank': 30, 'fitness': 0.01798620996209155, 'generation': 903}"
"{'id': 40061, 'rank': 1, 'fitness': 0.9820137900379085, 'generation': 904}","{'id': 40080, 'rank': 2, 'fitness': 0.9784161764606194, 'generation': 904}","{'id': 40071, 'rank': 3, 'fitness': 0.8664107118954855, 'generation': 904}","{'id': 40058, 'rank': 4, 'fitness': 0.8059363210951834, 'generation': 904}","{'id': 40076, 'rank': 5, 'fitness': 0.6472034958724099, 'generation': 904}","{'id': 40055, 'rank': 6, 'fitness': 0.6434937626693348, 'generation': 904}","{'id': 40073, 'rank': 7, 'fitness': 0.4404675993097102, 'generation': 904}","{'id': 40068, 'rank': 8, 'fitness': 0.40446200871256616, 'generation': 904}","{'id': 40052, 'rank': 9, 'fitness': 0.3204125066945104, 'generation': 904}","{'id': 40077, 'rank': 10, 'fitness': 0.288935838246538, 'generation': 904}","{'id': 40060, 'rank': 11, 'fitness': 0.2133228727463139, 'generation': 904}","{'id': 40067, 'rank': 12, 'fitness': 0.1397365089847813, 'generation': 904}","{'id': 40066, 'rank': 13, 'fitness': 0.13855213699622232, 'generation': 904}","{'id': 40079, 'rank': 14, 'fitness': 0.1204613364865138, 'generation': 904}","{'id': 40082, 'rank': 15, 'fitness': 0.11284111025929067, 'generation': 904}","{'id': 40083, 'rank': 16, 'fitness': 0.0938438969272945, 'generation': 904}","{'id': 40057, 'rank': 17, 'fitness': 0.0886766462063257, 'generation': 904}","{'id': 40064, 'rank': 18, 'fitness': 0.08026971591567089, 'generation': 904}","{'id': 40084, 'rank': 19, 'fitness': 0.07760929754020296, 'generation': 904}","{'id': 40078, 'rank': 20, 'fitness': 0.07577453890271402, 'generation': 904}","{'id': 40070, 'rank': 21, 'fitness': 0.05725203217489466, 'generation': 904}","{'id': 40048, 'rank': 22, 'fitness': 0.056511756817059555, 'generation': 904}","{'id': 40062, 'rank': 23, 'fitness': 0.045809480120041546, 'generation': 904}","{'id': 40069, 'rank': 24, 'fitness': 0.03931167240197664, 'generation': 904}","{'id': 40063, 'rank': 25, 'fitness': 0.035629570186383186, 'generation': 904}","{'id': 40074, 'rank': 26, 'fitness': 0.030303964042144138, 'generation': 904}","{'id': 40047, 'rank': 27, 'fitness': 0.019624437791351534, 'generation': 904}","{'id': 40065, 'rank': 28, 'fitness': 0.0181819370665256, 'generation': 904}","{'id': 40075, 'rank': 29, 'fitness': 0.018004626920322397, 'generation': 904}","{'id': 40051, 'rank': 30, 'fitness': 0.01798620996209155, 'generation': 904}"
"{'id': 40106, 'rank': 1, 'fitness': 0.9820137900379085, 'generation': 905}","{'id': 40117, 'rank': 2, 'fitness': 0.9757096440553341, 'generation': 905}","{'id': 40121, 'rank': 3, 'fitness': 0.9600489160862398, 'generation': 905}","{'id': 40122, 'rank': 4, 'fitness': 0.9194844402276046, 'generation': 905}","{'id': 40101, 'rank': 5, 'fitness': 0.9127096548919575, 'generation': 905}","{'id': 40107, 'rank': 6, 'fitness': 0.9066081981535441, 'generation': 905}","{'id': 40108, 'rank': 7, 'fitness': 0.8464082030854252, 'generation': 905}","{'id': 40093, 'rank': 8, 'fitness': 0.7989717835919312, 'generation': 905}","{'id': 40103, 'rank': 9, 'fitness': 0.7746262101066209, 'generation': 905}","{'id': 40095, 'rank': 10, 'fitness': 0.7524654824086456, 'generation': 905}","{'id': 40113, 'rank': 11, 'fitness': 0.6509383106577631, 'generation': 905}","{'id': 40112, 'rank': 12, 'fitness': 0.5581069717246124, 'generation': 905}","{'id': 40089, 'rank': 13, 'fitness': 0.47114125278055685, 'generation': 905}","{'id': 40124, 'rank': 14, 'fitness': 0.46725393321437947, 'generation': 905}","{'id': 40110, 'rank': 15, 'fitness': 0.391608845164818, 'generation': 905}","{'id': 40104, 'rank': 16, 'fitness': 0.27516763780267817, 'generation': 905}","{'id': 40116, 'rank': 17, 'fitness': 0.1773650142073655, 'generation': 905}","{'id': 40105, 'rank': 18, 'fitness': 0.15298257044351193, 'generation': 905}","{'id': 40086, 'rank': 19, 'fitness': 0.15223687213707404, 'generation': 905}","{'id': 40118, 'rank': 20, 'fitness': 0.14838987171888574, 'generation': 905}","{'id': 40119, 'rank': 21, 'fitness': 0.13354337040364883, 'generation': 905}","{'id': 40098, 'rank': 22, 'fitness': 0.11498919649259304, 'generation': 905}","{'id': 40120, 'rank': 23, 'fitness': 0.11204258243331, 'generation': 905}","{'id': 40087, 'rank': 24, 'fitness': 0.0873178129013924, 'generation': 905}","{'id': 40092, 'rank': 25, 'fitness': 0.07484867389344618, 'generation': 905}","{'id': 40123, 'rank': 26, 'fitness': 0.054764769848218264, 'generation': 905}","{'id': 40091, 'rank': 27, 'fitness': 0.054333604256053325, 'generation': 905}","{'id': 40100, 'rank': 28, 'fitness': 0.03898053490863518, 'generation': 905}","{'id': 40090, 'rank': 29, 'fitness': 0.029600120838653488, 'generation': 905}","{'id': 40115, 'rank': 30, 'fitness': 0.01798620996209155, 'generation': 905}"
"{'id': 40173, 'rank': 1, 'fitness': 0.9820137900379085, 'generation': 906}","{'id': 40163, 'rank': 2, 'fitness': 0.9453115228661018, 'generation': 906}","{'id': 40165, 'rank': 3, 'fitness': 0.7071675959157606, 'generation': 906}","{'id': 40148, 'rank': 4, 'fitness': 0.6925163763960879, 'generation': 906}","{'id': 40158, 'rank': 5, 'fitness': 0.636354332936949, 'generation': 906}","{'id': 40169, 'rank': 6, 'fitness': 0.5129547168171141, 'generation': 906}","{'id': 40174, 'rank': 7, 'fitness': 0.4977939422382311, 'generation': 906}","{'id': 40127, 'rank': 8, 'fitness': 0.4504710831606285, 'generation': 906}","{'id': 40126, 'rank': 9, 'fitness': 0.2293169434978778, 'generation': 906}","{'id': 40134, 'rank': 10, 'fitness': 0.1843231137108312, 'generation': 906}","{'id': 40141, 'rank': 11, 'fitness': 0.17061194450520267, 'generation': 906}","{'id': 40171, 'rank': 12, 'fitness': 0.14697239750850988, 'generation': 906}","{'id': 40155, 'rank': 13, 'fitness': 0.09996486817266387, 'generation': 906}","{'id': 40143, 'rank': 14, 'fitness': 0.06074627347200112, 'generation': 906}","{'id': 40157, 'rank': 15, 'fitness': 0.056601264363287385, 'generation': 906}","{'id': 40168, 'rank': 16, 'fitness': 0.04647298039437919, 'generation': 906}","{'id': 40144, 'rank': 17, 'fitness': 0.03973619313312937, 'generation': 906}","{'id': 40160, 'rank': 18, 'fitness': 0.038601617333605676, 'generation': 906}","{'id': 40146, 'rank': 19, 'fitness': 0.03682864111827644, 'generation': 906}","{'id': 40129, 'rank': 20, 'fitness': 0.03571342456170845, 'generation': 906}","{'id': 40154, 'rank': 21, 'fitness': 0.033164174476036035, 'generation': 906}","{'id': 40170, 'rank': 22, 'fitness': 0.031778693463815066, 'generation': 906}","{'id': 40131, 'rank': 23, 'fitness': 0.0303324510059092, 'generation': 906}","{'id': 40135, 'rank': 24, 'fitness': 0.02807278482130582, 'generation': 906}","{'id': 40137, 'rank': 25, 'fitness': 0.023949180773534195, 'generation': 906}","{'id': 40140, 'rank': 26, 'fitness': 0.020709321492703825, 'generation': 906}","{'id': 40159, 'rank': 27, 'fitness': 0.020686132550116865, 'generation': 906}","{'id': 40153, 'rank': 28, 'fitness': 0.019570145859339916, 'generation': 906}","{'id': 40161, 'rank': 29, 'fitness': 0.0181257036557973, 'generation': 906}","{'id': 40128, 'rank': 30, 'fitness': 0.01798620996209155, 'generation': 906}"
"{'id': 40195, 'rank': 1, 'fitness': 0.9820137900379085, 'generation': 907}","{'id': 40205, 'rank': 2, 'fitness': 0.9345796876325013, 'generation': 907}","{'id': 40208, 'rank': 3, 'fitness': 0.8811463430753873, 'generation': 907}","{'id': 40180, 'rank': 4, 'fitness': 0.7419586095697924, 'generation': 907}","{'id': 40210, 'rank': 5, 'fitness': 0.7148555705135435, 'generation': 907}","{'id': 40209, 'rank': 6, 'fitness': 0.6762498712300812, 'generation': 907}","{'id': 40190, 'rank': 7, 'fitness': 0.4313553114394536, 'generation': 907}","{'id': 40200, 'rank': 8, 'fitness': 0.4160520863661865, 'generation': 907}","{'id': 40212, 'rank': 9, 'fitness': 0.41291872547705477, 'generation': 907}","{'id': 40211, 'rank': 10, 'fitness': 0.38263912347891726, 'generation': 907}","{'id': 40204, 'rank': 11, 'fitness': 0.27649146507232614, 'generation': 907}","{'id': 40198, 'rank': 12, 'fitness': 0.225841638028983, 'generation': 907}","{'id': 40192, 'rank': 13, 'fitness': 0.224990783547304, 'generation': 907}","{'id': 40193, 'rank': 14, 'fitness': 0.17363263226930348, 'generation': 907}","{'id': 40182, 'rank': 15, 'fitness': 0.1500539161337181, 'generation': 907}","{'id': 40181, 'rank': 16, 'fitness': 0.1359288163423229, 'generation': 907}","{'id': 40189, 'rank': 17, 'fitness': 0.11592562446668281, 'generation': 907}","{'id': 40202, 'rank': 18, 'fitness': 0.1138060626379141, 'generation': 907}","{'id': 40197, 'rank': 19, 'fitness': 0.10018628689659614, 'generation': 907}","{'id': 40194, 'rank': 20, 'fitness': 0.07686772688908422, 'generation': 907}","{'id': 40213, 'rank': 21, 'fitness': 0.06823410468157398, 'generation': 907}","{'id': 40206, 'rank': 22, 'fitness': 0.04764197514777585, 'generation': 907}","{'id': 40201, 'rank': 23, 'fitness': 0.046373332424422875, 'generation': 907}","{'id': 40177, 'rank': 24, 'fitness': 0.04505060003278055, 'generation': 907}","{'id': 40199, 'rank': 25, 'fitness': 0.044659168006783434, 'generation': 907}","{'id': 40188, 'rank': 26, 'fitness': 0.0393648390565246, 'generation': 907}","{'id': 40175, 'rank': 27, 'fitness': 0.03634695016823186, 'generation': 907}","{'id': 40176, 'rank': 28, 'fitness': 0.023901753520532087, 'generation': 907}","{'id': 40203, 'rank': 29, 'fitness': 0.018032993084750204, 'generation': 907}","{'id': 40184, 'rank': 30, 'fitness': 0.01798620996209155, 'generation': 907}"
"{'id': 40242, 'rank': 1, 'fitness': 0.9820137900379085, 'generation': 908}","{'id': 40250, 'rank': 2, 'fitness': 0.8432877696731269, 'generation': 908}","{'id': 40230, 'rank': 3, 'fitness': 0.7394838185069696, 'generation': 908}","{'id': 40247, 'rank': 4, 'fitness': 0.6240362688291494, 'generation': 908}","{'id': 40227, 'rank': 5, 'fitness': 0.581727874831504, 'generation': 908}","{'id': 40255, 'rank': 6, 'fitness': 0.4698865002020531, 'generation': 908}","{'id': 40249, 'rank': 7, 'fitness': 0.29050750305426765, 'generation': 908}","{'id': 40229, 'rank': 8, 'fitness': 0.24209947408602916, 'generation': 908}","{'id': 40234, 'rank': 9, 'fitness': 0.21202545310314597, 'generation': 908}","{'id': 40226, 'rank': 10, 'fitness': 0.13886795910172645, 'generation': 908}","{'id': 40222, 'rank': 11, 'fitness': 0.13603876852437907, 'generation': 908}","{'id': 40217, 'rank': 12, 'fitness': 0.13294006078391307, 'generation': 908}","{'id': 40258, 'rank': 13, 'fitness': 0.12968824108953403, 'generation': 908}","{'id': 40246, 'rank': 14, 'fitness': 0.11969433424472453, 'generation': 908}","{'id': 40244, 'rank': 15, 'fitness': 0.0699191396662503, 'generation': 908}","{'id': 40256, 'rank': 16, 'fitness': 0.05879997490788813, 'generation': 908}","{'id': 40224, 'rank': 17, 'fitness': 0.056361736438494126, 'generation': 908}","{'id': 40220, 'rank': 18, 'fitness': 0.055827230054694366, 'generation': 908}","{'id': 40233, 'rank': 19, 'fitness': 0.05325322809910743, 'generation': 908}","{'id': 40216, 'rank': 20, 'fitness': 0.049027542210561825, 'generation': 908}","{'id': 40251, 'rank': 21, 'fitness': 0.03680974310266666, 'generation': 908}","{'id': 40221, 'rank': 22, 'fitness': 0.03536052120792049, 'generation': 908}","{'id': 40243, 'rank': 23, 'fitness': 0.03394788884337657, 'generation': 908}","{'id': 40238, 'rank': 24, 'fitness': 0.028634044654644586, 'generation': 908}","{'id': 40252, 'rank': 25, 'fitness': 0.025987808717945038, 'generation': 908}","{'id': 40231, 'rank': 26, 'fitness': 0.025241375714591785, 'generation': 908}","{'id': 40236, 'rank': 27, 'fitness': 0.02209362028014128, 'generation': 908}","{'id': 40253, 'rank': 28, 'fitness': 0.020349583473975197, 'generation': 908}","{'id': 40257, 'rank': 29, 'fitness': 0.019188919740617316, 'generation': 908}","{'id': 40248, 'rank': 30, 'fitness': 0.01798620996209155, 'generation': 908}"
"{'id': 40285, 'rank': 1, 'fitness': 0.9820137900379085, 'generation': 909}","{'id': 40287, 'rank': 2, 'fitness': 0.9806462596278275, 'generation': 909}","{'id': 40277, 'rank': 3, 'fitness': 0.975446898567868, 'generation': 909}","{'id': 40284, 'rank': 4, 'fitness': 0.9518717894685322, 'generation': 909}","{'id': 40286, 'rank': 5, 'fitness': 0.9431354402521064, 'generation': 909}","{'id': 40276, 'rank': 6, 'fitness': 0.9399396169850213, 'generation': 909}","{'id': 40292, 'rank': 7, 'fitness': 0.828281063903544, 'generation': 909}","{'id': 40282, 'rank': 8, 'fitness': 0.8249828576685996, 'generation': 909}","{'id': 40279, 'rank': 9, 'fitness': 0.8226871949544554, 'generation': 909}","{'id': 40296, 'rank': 10, 'fitness': 0.7934174092907601, 'generation': 909}","{'id': 40290, 'rank': 11, 'fitness': 0.7134737233356854, 'generation': 909}","{'id': 40271, 'rank': 12, 'fitness': 0.7086760694911152, 'generation': 909}","{'id': 40293, 'rank': 13, 'fitness': 0.6401258520362072, 'generation': 909}","{'id': 40295, 'rank': 14, 'fitness': 0.6123273232647393, 'generation': 909}","{'id': 40281, 'rank': 15, 'fitness': 0.45581432943671624, 'generation': 909}","{'id': 40289, 'rank': 16, 'fitness': 0.42955947540929595, 'generation': 909}","{'id': 40268, 'rank': 17, 'fitness': 0.3897013517060103, 'generation': 909}","{'id': 40270, 'rank': 18, 'fitness': 0.37368772358304003, 'generation': 909}","{'id': 40288, 'rank': 19, 'fitness': 0.3561320996963875, 'generation': 909}","{'id': 40291, 'rank': 20, 'fitness': 0.32706008458922786, 'generation': 909}","{'id': 40265, 'rank': 21, 'fitness': 0.2832944430227123, 'generation': 909}","{'id': 40280, 'rank': 22, 'fitness': 0.2818229989851203, 'generation': 909}","{'id': 40274, 'rank': 23, 'fitness': 0.17810804164102795, 'generation': 909}","{'id': 40269, 'rank': 24, 'fitness': 0.15011954121548104, 'generation': 909}","{'id': 40283, 'rank': 25, 'fitness': 0.10298045854149207, 'generation': 909}","{'id': 40266, 'rank': 26, 'fitness': 0.08959074799168648, 'generation': 909}","{'id': 40264, 'rank': 27, 'fitness': 0.07839571751520069, 'generation': 909}","{'id': 40278, 'rank': 28, 'fitness': 0.03483754616610035, 'generation': 909}","{'id': 40263, 'rank': 29, 'fitness': 0.03066183585029053, 'generation': 909}","{'id': 40267, 'rank': 30, 'fitness': 0.01798620996209155, 'generation': 909}"
"{'id': 40342, 'rank': 1, 'fitness': 0.9820137900379085, 'generation': 910}","{'id': 40354, 'rank': 2, 'fitness': 0.9275222039431845, 'generation': 910}","{'id': 40333, 'rank': 3, 'fitness': 0.898099828259791, 'generation': 910}","{'id': 40343, 'rank': 4, 'fitness': 0.8241254725675078, 'generation': 910}","{'id': 40352, 'rank': 5, 'fitness': 0.6174745865096634, 'generation': 910}","{'id': 40338, 'rank': 6, 'fitness': 0.268450168136241, 'generation': 910}","{'id': 40305, 'rank': 7, 'fitness': 0.23419747460793622, 'generation': 910}","{'id': 40350, 'rank': 8, 'fitness': 0.20292386242547894, 'generation': 910}","{'id': 40301, 'rank': 9, 'fitness': 0.2029023474160182, 'generation': 910}","{'id': 40310, 'rank': 10, 'fitness': 0.20127527654185723, 'generation': 910}","{'id': 40351, 'rank': 11, 'fitness': 0.1705439615685964, 'generation': 910}","{'id': 40313, 'rank': 12, 'fitness': 0.14883105103358674, 'generation': 910}","{'id': 40348, 'rank': 13, 'fitness': 0.12598307368245087, 'generation': 910}","{'id': 40341, 'rank': 14, 'fitness': 0.11446699066792032, 'generation': 910}","{'id': 40322, 'rank': 15, 'fitness': 0.0924016674802291, 'generation': 910}","{'id': 40304, 'rank': 16, 'fitness': 0.05728439799297602, 'generation': 910}","{'id': 40340, 'rank': 17, 'fitness': 0.05625766379802333, 'generation': 910}","{'id': 40345, 'rank': 18, 'fitness': 0.05472478348962856, 'generation': 910}","{'id': 40325, 'rank': 19, 'fitness': 0.05013746594671736, 'generation': 910}","{'id': 40347, 'rank': 20, 'fitness': 0.043457876596625644, 'generation': 910}","{'id': 40302, 'rank': 21, 'fitness': 0.039673391697209015, 'generation': 910}","{'id': 40344, 'rank': 22, 'fitness': 0.03172975900772812, 'generation': 910}","{'id': 40320, 'rank': 23, 'fitness': 0.030203237363045532, 'generation': 910}","{'id': 40317, 'rank': 24, 'fitness': 0.029988954840165394, 'generation': 910}","{'id': 40326, 'rank': 25, 'fitness': 0.026393646194057374, 'generation': 910}","{'id': 40335, 'rank': 26, 'fitness': 0.0255534481151935, 'generation': 910}","{'id': 40311, 'rank': 27, 'fitness': 0.021512294044816194, 'generation': 910}","{'id': 40346, 'rank': 28, 'fitness': 0.019300520589561, 'generation': 910}","{'id': 40307, 'rank': 29, 'fitness': 0.019158291513572567, 'generation': 910}","{'id': 40298, 'rank': 30, 'fitness': 0.01798620996209155, 'generation': 910}"
"{'id': 40381, 'rank': 1, 'fitness': 0.9820137900379085, 'generation': 911}","{'id': 40382, 'rank': 2, 'fitness': 0.9279203269879056, 'generation': 911}","{'id': 40366, 'rank': 3, 'fitness': 0.9084582912383389, 'generation': 911}","{'id': 40377, 'rank': 4, 'fitness': 0.8842590366303297, 'generation': 911}","{'id': 40383, 'rank': 5, 'fitness': 0.8491808947014352, 'generation': 911}","{'id': 40367, 'rank': 6, 'fitness': 0.8164263511895609, 'generation': 911}","{'id': 40379, 'rank': 7, 'fitness': 0.7368884644841992, 'generation': 911}","{'id': 40371, 'rank': 8, 'fitness': 0.6288503515079296, 'generation': 911}","{'id': 40365, 'rank': 9, 'fitness': 0.5346392787694535, 'generation': 911}","{'id': 40374, 'rank': 10, 'fitness': 0.4950093015631148, 'generation': 911}","{'id': 40376, 'rank': 11, 'fitness': 0.44259551943975084, 'generation': 911}","{'id': 40369, 'rank': 12, 'fitness': 0.40513379090467183, 'generation': 911}","{'id': 40378, 'rank': 13, 'fitness': 0.3185418195920369, 'generation': 911}","{'id': 40388, 'rank': 14, 'fitness': 0.30261830529106415, 'generation': 911}","{'id': 40386, 'rank': 15, 'fitness': 0.29622248877448454, 'generation': 911}","{'id': 40375, 'rank': 16, 'fitness': 0.2834103416507604, 'generation': 911}","{'id': 40387, 'rank': 17, 'fitness': 0.20588913085957788, 'generation': 911}","{'id': 40389, 'rank': 18, 'fitness': 0.18686849133187644, 'generation': 911}","{'id': 40356, 'rank': 19, 'fitness': 0.13910752839485008, 'generation': 911}","{'id': 40390, 'rank': 20, 'fitness': 0.12753766882721612, 'generation': 911}","{'id': 40373, 'rank': 21, 'fitness': 0.12231152677544788, 'generation': 911}","{'id': 40372, 'rank': 22, 'fitness': 0.1008932692834244, 'generation': 911}","{'id': 40363, 'rank': 23, 'fitness': 0.09180915354264535, 'generation': 911}","{'id': 40384, 'rank': 24, 'fitness': 0.06917450149127402, 'generation': 911}","{'id': 40368, 'rank': 25, 'fitness': 0.0634032040390915, 'generation': 911}","{'id': 40357, 'rank': 26, 'fitness': 0.062009691312817916, 'generation': 911}","{'id': 40355, 'rank': 27, 'fitness': 0.05776925847247438, 'generation': 911}","{'id': 40380, 'rank': 28, 'fitness': 0.05246247292779871, 'generation': 911}","{'id': 40370, 'rank': 29, 'fitness': 0.04564516419003495, 'generation': 911}","{'id': 40362, 'rank': 30, 'fitness': 0.01798620996209155, 'generation': 911}"
"{'id': 40392, 'rank': 1, 'fitness': 0.9820137900379085, 'generation': 912}","{'id': 40430, 'rank': 2, 'fitness': 0.9397231197189131, 'generation': 912}","{'id': 40395, 'rank': 3, 'fitness': 0.9220981236250159, 'generation': 912}","{'id': 40420, 'rank': 4, 'fitness': 0.896926493657183, 'generation': 912}","{'id': 40424, 'rank': 5, 'fitness': 0.8487221327988481, 'generation': 912}","{'id': 40400, 'rank': 6, 'fitness': 0.8406433391747394, 'generation': 912}","{'id': 40428, 'rank': 7, 'fitness': 0.6887313727194208, 'generation': 912}","{'id': 40415, 'rank': 8, 'fitness': 0.6158869488161759, 'generation': 912}","{'id': 40417, 'rank': 9, 'fitness': 0.5319361907548267, 'generation': 912}","{'id': 40422, 'rank': 10, 'fitness': 0.4888195598611585, 'generation': 912}","{'id': 40429, 'rank': 11, 'fitness': 0.4375896736889679, 'generation': 912}","{'id': 40431, 'rank': 12, 'fitness': 0.30531498973084803, 'generation': 912}","{'id': 40411, 'rank': 13, 'fitness': 0.3045288402548476, 'generation': 912}","{'id': 40412, 'rank': 14, 'fitness': 0.2888070107933659, 'generation': 912}","{'id': 40399, 'rank': 15, 'fitness': 0.2483732747389114, 'generation': 912}","{'id': 40406, 'rank': 16, 'fitness': 0.2321233840821913, 'generation': 912}","{'id': 40421, 'rank': 17, 'fitness': 0.21303954365909628, 'generation': 912}","{'id': 40393, 'rank': 18, 'fitness': 0.14340816543100465, 'generation': 912}","{'id': 40410, 'rank': 19, 'fitness': 0.1333221935724585, 'generation': 912}","{'id': 40419, 'rank': 20, 'fitness': 0.1328594204103476, 'generation': 912}","{'id': 40403, 'rank': 21, 'fitness': 0.08360136135089508, 'generation': 912}","{'id': 40426, 'rank': 22, 'fitness': 0.08155370879185808, 'generation': 912}","{'id': 40425, 'rank': 23, 'fitness': 0.0651456824706555, 'generation': 912}","{'id': 40405, 'rank': 24, 'fitness': 0.043266514714312865, 'generation': 912}","{'id': 40404, 'rank': 25, 'fitness': 0.03931436234045699, 'generation': 912}","{'id': 40427, 'rank': 26, 'fitness': 0.03801874123039667, 'generation': 912}","{'id': 40402, 'rank': 27, 'fitness': 0.03027967377998203, 'generation': 912}","{'id': 40408, 'rank': 28, 'fitness': 0.028899271634920953, 'generation': 912}","{'id': 40413, 'rank': 29, 'fitness': 0.02807475925395625, 'generation': 912}","{'id': 40391, 'rank': 30, 'fitness': 0.01798620996209155, 'generation': 912}"
"{'id': 40473, 'rank': 1, 'fitness': 0.9820137900379085, 'generation': 913}","{'id': 40463, 'rank': 2, 'fitness': 0.976942178523641, 'generation': 913}","{'id': 40468, 'rank': 3, 'fitness': 0.9446809145028812, 'generation': 913}","{'id': 40474, 'rank': 4, 'fitness': 0.8306113333883997, 'generation': 913}","{'id': 40475, 'rank': 5, 'fitness': 0.7412056107733769, 'generation': 913}","{'id': 40466, 'rank': 6, 'fitness': 0.6969297826041765, 'generation': 913}","{'id': 40476, 'rank': 7, 'fitness': 0.669237519695961, 'generation': 913}","{'id': 40464, 'rank': 8, 'fitness': 0.5660000624275429, 'generation': 913}","{'id': 40461, 'rank': 9, 'fitness': 0.5587327817529297, 'generation': 913}","{'id': 40470, 'rank': 10, 'fitness': 0.4812953877514012, 'generation': 913}","{'id': 40459, 'rank': 11, 'fitness': 0.4476142462097163, 'generation': 913}","{'id': 40467, 'rank': 12, 'fitness': 0.333755343103873, 'generation': 913}","{'id': 40465, 'rank': 13, 'fitness': 0.3309850786508478, 'generation': 913}","{'id': 40469, 'rank': 14, 'fitness': 0.253439377485864, 'generation': 913}","{'id': 40471, 'rank': 15, 'fitness': 0.21692996097556738, 'generation': 913}","{'id': 40472, 'rank': 16, 'fitness': 0.21610062326683444, 'generation': 913}","{'id': 40449, 'rank': 17, 'fitness': 0.13736397869469624, 'generation': 913}","{'id': 40445, 'rank': 18, 'fitness': 0.1262096690286988, 'generation': 913}","{'id': 40442, 'rank': 19, 'fitness': 0.11956410772043613, 'generation': 913}","{'id': 40456, 'rank': 20, 'fitness': 0.08707507068458575, 'generation': 913}","{'id': 40455, 'rank': 21, 'fitness': 0.06332756235903159, 'generation': 913}","{'id': 40454, 'rank': 22, 'fitness': 0.06287718274762216, 'generation': 913}","{'id': 40441, 'rank': 23, 'fitness': 0.05363655054529254, 'generation': 913}","{'id': 40460, 'rank': 24, 'fitness': 0.05305685949432731, 'generation': 913}","{'id': 40435, 'rank': 25, 'fitness': 0.034387002207869666, 'generation': 913}","{'id': 40457, 'rank': 26, 'fitness': 0.030860532289031573, 'generation': 913}","{'id': 40451, 'rank': 27, 'fitness': 0.01954241840827442, 'generation': 913}","{'id': 40452, 'rank': 28, 'fitness': 0.019469070144939093, 'generation': 913}","{'id': 40436, 'rank': 29, 'fitness': 0.0182194143563425, 'generation': 913}","{'id': 40438, 'rank': 30, 'fitness': 0.01798620996209155, 'generation': 913}"
"{'id': 40487, 'rank': 1, 'fitness': 0.9820137900379085, 'generation': 914}","{'id': 40522, 'rank': 2, 'fitness': 0.9802725945524872, 'generation': 914}","{'id': 40515, 'rank': 3, 'fitness': 0.9749470463802892, 'generation': 914}","{'id': 40514, 'rank': 4, 'fitness': 0.9615255947722887, 'generation': 914}","{'id': 40517, 'rank': 5, 'fitness': 0.961432986604664, 'generation': 914}","{'id': 40524, 'rank': 6, 'fitness': 0.9246392612103098, 'generation': 914}","{'id': 40523, 'rank': 7, 'fitness': 0.8840536507422729, 'generation': 914}","{'id': 40494, 'rank': 8, 'fitness': 0.8753037135616752, 'generation': 914}","{'id': 40509, 'rank': 9, 'fitness': 0.7113246213315563, 'generation': 914}","{'id': 40516, 'rank': 10, 'fitness': 0.709546804551881, 'generation': 914}","{'id': 40519, 'rank': 11, 'fitness': 0.6943554506264007, 'generation': 914}","{'id': 40512, 'rank': 12, 'fitness': 0.6651581301652929, 'generation': 914}","{'id': 40520, 'rank': 13, 'fitness': 0.6249649678851165, 'generation': 914}","{'id': 40521, 'rank': 14, 'fitness': 0.482280982237956, 'generation': 914}","{'id': 40497, 'rank': 15, 'fitness': 0.32485291254176085, 'generation': 914}","{'id': 40508, 'rank': 16, 'fitness': 0.3147927567058664, 'generation': 914}","{'id': 40518, 'rank': 17, 'fitness': 0.31266112676998736, 'generation': 914}","{'id': 40477, 'rank': 18, 'fitness': 0.29005586900737645, 'generation': 914}","{'id': 40510, 'rank': 19, 'fitness': 0.21691959602832334, 'generation': 914}","{'id': 40493, 'rank': 20, 'fitness': 0.20167587170272622, 'generation': 914}","{'id': 40501, 'rank': 21, 'fitness': 0.1299357323617799, 'generation': 914}","{'id': 40480, 'rank': 22, 'fitness': 0.11858804035750836, 'generation': 914}","{'id': 40504, 'rank': 23, 'fitness': 0.08578623931242796, 'generation': 914}","{'id': 40511, 'rank': 24, 'fitness': 0.060129484275076694, 'generation': 914}","{'id': 40505, 'rank': 25, 'fitness': 0.05839948868407424, 'generation': 914}","{'id': 40484, 'rank': 26, 'fitness': 0.057234547690563464, 'generation': 914}","{'id': 40513, 'rank': 27, 'fitness': 0.04843563615154611, 'generation': 914}","{'id': 40507, 'rank': 28, 'fitness': 0.0384789316670377, 'generation': 914}","{'id': 40506, 'rank': 29, 'fitness': 0.030365010765020906, 'generation': 914}","{'id': 40495, 'rank': 30, 'fitness': 0.01798620996209155, 'generation': 914}"
"{'id': 40573, 'rank': 1, 'fitness': 0.9820137900379085, 'generation': 915}","{'id': 40568, 'rank': 2, 'fitness': 0.9507067462079484, 'generation': 915}","{'id': 40570, 'rank': 3, 'fitness': 0.8648936198327226, 'generation': 915}","{'id': 40569, 'rank': 4, 'fitness': 0.8357802275075766, 'generation': 915}","{'id': 40562, 'rank': 5, 'fitness': 0.8331076542361423, 'generation': 915}","{'id': 40564, 'rank': 6, 'fitness': 0.7984544740438759, 'generation': 915}","{'id': 40572, 'rank': 7, 'fitness': 0.7817588434868876, 'generation': 915}","{'id': 40574, 'rank': 8, 'fitness': 0.6894767211607087, 'generation': 915}","{'id': 40553, 'rank': 9, 'fitness': 0.6102790498576915, 'generation': 915}","{'id': 40560, 'rank': 10, 'fitness': 0.5276515483467694, 'generation': 915}","{'id': 40563, 'rank': 11, 'fitness': 0.5242359588788691, 'generation': 915}","{'id': 40556, 'rank': 12, 'fitness': 0.4877311620712111, 'generation': 915}","{'id': 40557, 'rank': 13, 'fitness': 0.46852283849865833, 'generation': 915}","{'id': 40541, 'rank': 14, 'fitness': 0.4433537582597443, 'generation': 915}","{'id': 40566, 'rank': 15, 'fitness': 0.31876581093476897, 'generation': 915}","{'id': 40531, 'rank': 16, 'fitness': 0.312800228669753, 'generation': 915}","{'id': 40571, 'rank': 17, 'fitness': 0.29430677981849207, 'generation': 915}","{'id': 40551, 'rank': 18, 'fitness': 0.12442506171804901, 'generation': 915}","{'id': 40561, 'rank': 19, 'fitness': 0.11008107394444805, 'generation': 915}","{'id': 40532, 'rank': 20, 'fitness': 0.10610212286532011, 'generation': 915}","{'id': 40550, 'rank': 21, 'fitness': 0.10271012779813832, 'generation': 915}","{'id': 40559, 'rank': 22, 'fitness': 0.062430244899909115, 'generation': 915}","{'id': 40527, 'rank': 23, 'fitness': 0.05624789023775112, 'generation': 915}","{'id': 40548, 'rank': 24, 'fitness': 0.03856608989852561, 'generation': 915}","{'id': 40533, 'rank': 25, 'fitness': 0.03849292522161929, 'generation': 915}","{'id': 40543, 'rank': 26, 'fitness': 0.030940743639295887, 'generation': 915}","{'id': 40530, 'rank': 27, 'fitness': 0.030871752378014206, 'generation': 915}","{'id': 40544, 'rank': 28, 'fitness': 0.026294067989952152, 'generation': 915}","{'id': 40542, 'rank': 29, 'fitness': 0.017988781504441553, 'generation': 915}","{'id': 40535, 'rank': 30, 'fitness': 0.01798620996209155, 'generation': 915}"
"{'id': 40617, 'rank': 1, 'fitness': 0.9820137900379085, 'generation': 916}","{'id': 40605, 'rank': 2, 'fitness': 0.968947966244748, 'generation': 916}","{'id': 40608, 'rank': 3, 'fitness': 0.9616183251453261, 'generation': 916}","{'id': 40577, 'rank': 4, 'fitness': 0.8494599942264329, 'generation': 916}","{'id': 40575, 'rank': 5, 'fitness': 0.8453023329491183, 'generation': 916}","{'id': 40613, 'rank': 6, 'fitness': 0.8337082731512738, 'generation': 916}","{'id': 40591, 'rank': 7, 'fitness': 0.7475584360639302, 'generation': 916}","{'id': 40618, 'rank': 8, 'fitness': 0.7276089106961702, 'generation': 916}","{'id': 40614, 'rank': 9, 'fitness': 0.6169174633555452, 'generation': 916}","{'id': 40619, 'rank': 10, 'fitness': 0.5763521673713816, 'generation': 916}","{'id': 40599, 'rank': 11, 'fitness': 0.5074867706203852, 'generation': 916}","{'id': 40598, 'rank': 12, 'fitness': 0.48299792550094833, 'generation': 916}","{'id': 40616, 'rank': 13, 'fitness': 0.4778243299939846, 'generation': 916}","{'id': 40610, 'rank': 14, 'fitness': 0.448196710185365, 'generation': 916}","{'id': 40611, 'rank': 15, 'fitness': 0.4319493612670482, 'generation': 916}","{'id': 40593, 'rank': 16, 'fitness': 0.3657969023049289, 'generation': 916}","{'id': 40585, 'rank': 17, 'fitness': 0.3226371048568606, 'generation': 916}","{'id': 40583, 'rank': 18, 'fitness': 0.1529335966782347, 'generation': 916}","{'id': 40609, 'rank': 19, 'fitness': 0.14883484575458483, 'generation': 916}","{'id': 40595, 'rank': 20, 'fitness': 0.10915146760158578, 'generation': 916}","{'id': 40603, 'rank': 21, 'fitness': 0.09886479924438585, 'generation': 916}","{'id': 40592, 'rank': 22, 'fitness': 0.08242412265375243, 'generation': 916}","{'id': 40597, 'rank': 23, 'fitness': 0.07062282956371047, 'generation': 916}","{'id': 40582, 'rank': 24, 'fitness': 0.06403572937184121, 'generation': 916}","{'id': 40615, 'rank': 25, 'fitness': 0.04801094666776706, 'generation': 916}","{'id': 40606, 'rank': 26, 'fitness': 0.04754251387266395, 'generation': 916}","{'id': 40586, 'rank': 27, 'fitness': 0.04019384924245861, 'generation': 916}","{'id': 40594, 'rank': 28, 'fitness': 0.032959545959303116, 'generation': 916}","{'id': 40607, 'rank': 29, 'fitness': 0.03276756663637048, 'generation': 916}","{'id': 40576, 'rank': 30, 'fitness': 0.01798620996209155, 'generation': 916}"
"{'id': 40665, 'rank': 1, 'fitness': 0.9820137900379085, 'generation': 917}","{'id': 40658, 'rank': 2, 'fitness': 0.9609627464577742, 'generation': 917}","{'id': 40667, 'rank': 3, 'fitness': 0.8988978979637117, 'generation': 917}","{'id': 40640, 'rank': 4, 'fitness': 0.8614367045280227, 'generation': 917}","{'id': 40671, 'rank': 5, 'fitness': 0.7250890640481895, 'generation': 917}","{'id': 40636, 'rank': 6, 'fitness': 0.6842337784286051, 'generation': 917}","{'id': 40659, 'rank': 7, 'fitness': 0.53905968224132, 'generation': 917}","{'id': 40622, 'rank': 8, 'fitness': 0.4646542761975686, 'generation': 917}","{'id': 40628, 'rank': 9, 'fitness': 0.4199511462786213, 'generation': 917}","{'id': 40644, 'rank': 10, 'fitness': 0.32677238857195534, 'generation': 917}","{'id': 40645, 'rank': 11, 'fitness': 0.28552812081393963, 'generation': 917}","{'id': 40629, 'rank': 12, 'fitness': 0.2794973650804265, 'generation': 917}","{'id': 40642, 'rank': 13, 'fitness': 0.25947917035938295, 'generation': 917}","{'id': 40625, 'rank': 14, 'fitness': 0.19708773506250155, 'generation': 917}","{'id': 40668, 'rank': 15, 'fitness': 0.14721788106532896, 'generation': 917}","{'id': 40653, 'rank': 16, 'fitness': 0.1181893949066184, 'generation': 917}","{'id': 40662, 'rank': 17, 'fitness': 0.11480129127810385, 'generation': 917}","{'id': 40650, 'rank': 18, 'fitness': 0.08348024849001501, 'generation': 917}","{'id': 40657, 'rank': 19, 'fitness': 0.06998459458217532, 'generation': 917}","{'id': 40632, 'rank': 20, 'fitness': 0.06422898949245254, 'generation': 917}","{'id': 40621, 'rank': 21, 'fitness': 0.04769031443264937, 'generation': 917}","{'id': 40626, 'rank': 22, 'fitness': 0.046283817361483404, 'generation': 917}","{'id': 40666, 'rank': 23, 'fitness': 0.044219586376783804, 'generation': 917}","{'id': 40631, 'rank': 24, 'fitness': 0.041663976792451984, 'generation': 917}","{'id': 40623, 'rank': 25, 'fitness': 0.027405021859839562, 'generation': 917}","{'id': 40649, 'rank': 26, 'fitness': 0.02342805024546324, 'generation': 917}","{'id': 40670, 'rank': 27, 'fitness': 0.02302785213034675, 'generation': 917}","{'id': 40663, 'rank': 28, 'fitness': 0.02264346856571886, 'generation': 917}","{'id': 40646, 'rank': 29, 'fitness': 0.019271846493172318, 'generation': 917}","{'id': 40664, 'rank': 30, 'fitness': 0.01798620996209155, 'generation': 917}"
"{'id': 40696, 'rank': 1, 'fitness': 0.9820137900379085, 'generation': 918}","{'id': 40706, 'rank': 2, 'fitness': 0.7529391493265181, 'generation': 918}","{'id': 40697, 'rank': 3, 'fitness': 0.6321943414743052, 'generation': 918}","{'id': 40675, 'rank': 4, 'fitness': 0.6145770116031037, 'generation': 918}","{'id': 40702, 'rank': 5, 'fitness': 0.4775004354880722, 'generation': 918}","{'id': 40689, 'rank': 6, 'fitness': 0.3751163033990272, 'generation': 918}","{'id': 40698, 'rank': 7, 'fitness': 0.36472156100806985, 'generation': 918}","{'id': 40703, 'rank': 8, 'fitness': 0.35207967049057365, 'generation': 918}","{'id': 40695, 'rank': 9, 'fitness': 0.29014465249464905, 'generation': 918}","{'id': 40700, 'rank': 10, 'fitness': 0.2692029495262114, 'generation': 918}","{'id': 40701, 'rank': 11, 'fitness': 0.21097877868221926, 'generation': 918}","{'id': 40693, 'rank': 12, 'fitness': 0.18043775407338714, 'generation': 918}","{'id': 40679, 'rank': 13, 'fitness': 0.13587682079659863, 'generation': 918}","{'id': 40688, 'rank': 14, 'fitness': 0.12998712458825684, 'generation': 918}","{'id': 40707, 'rank': 15, 'fitness': 0.09609749388713834, 'generation': 918}","{'id': 40691, 'rank': 16, 'fitness': 0.09449802297671417, 'generation': 918}","{'id': 40709, 'rank': 17, 'fitness': 0.0819823796259106, 'generation': 918}","{'id': 40674, 'rank': 18, 'fitness': 0.08066760741241036, 'generation': 918}","{'id': 40704, 'rank': 19, 'fitness': 0.07693606913903966, 'generation': 918}","{'id': 40692, 'rank': 20, 'fitness': 0.07450566811826165, 'generation': 918}","{'id': 40678, 'rank': 21, 'fitness': 0.06788955040866279, 'generation': 918}","{'id': 40699, 'rank': 22, 'fitness': 0.04798704220393751, 'generation': 918}","{'id': 40708, 'rank': 23, 'fitness': 0.027847686505395153, 'generation': 918}","{'id': 40685, 'rank': 24, 'fitness': 0.023249838484572627, 'generation': 918}","{'id': 40680, 'rank': 25, 'fitness': 0.02283415978562936, 'generation': 918}","{'id': 40684, 'rank': 26, 'fitness': 0.021798093227095472, 'generation': 918}","{'id': 40710, 'rank': 27, 'fitness': 0.020088856197564453, 'generation': 918}","{'id': 40677, 'rank': 28, 'fitness': 0.019099289840276534, 'generation': 918}","{'id': 40686, 'rank': 29, 'fitness': 0.01841615122097129, 'generation': 918}","{'id': 40694, 'rank': 30, 'fitness': 0.01798620996209155, 'generation': 918}"
"{'id': 40735, 'rank': 1, 'fitness': 0.9820137900379085, 'generation': 919}","{'id': 40728, 'rank': 2, 'fitness': 0.9743361929548309, 'generation': 919}","{'id': 40740, 'rank': 3, 'fitness': 0.9176838888042953, 'generation': 919}","{'id': 40723, 'rank': 4, 'fitness': 0.8735707544715254, 'generation': 919}","{'id': 40730, 'rank': 5, 'fitness': 0.8371532450210718, 'generation': 919}","{'id': 40716, 'rank': 6, 'fitness': 0.6430723261843418, 'generation': 919}","{'id': 40733, 'rank': 7, 'fitness': 0.4931218816129311, 'generation': 919}","{'id': 40725, 'rank': 8, 'fitness': 0.2624262575026887, 'generation': 919}","{'id': 40744, 'rank': 9, 'fitness': 0.2437036112787367, 'generation': 919}","{'id': 40732, 'rank': 10, 'fitness': 0.17085851931433743, 'generation': 919}","{'id': 40742, 'rank': 11, 'fitness': 0.12598723817388857, 'generation': 919}","{'id': 40718, 'rank': 12, 'fitness': 0.11475611086524218, 'generation': 919}","{'id': 40747, 'rank': 13, 'fitness': 0.11215430657503173, 'generation': 919}","{'id': 40743, 'rank': 14, 'fitness': 0.11003708505333754, 'generation': 919}","{'id': 40738, 'rank': 15, 'fitness': 0.10316287803834173, 'generation': 919}","{'id': 40736, 'rank': 16, 'fitness': 0.0935461324481478, 'generation': 919}","{'id': 40722, 'rank': 17, 'fitness': 0.07501345605461052, 'generation': 919}","{'id': 40741, 'rank': 18, 'fitness': 0.06836259254052635, 'generation': 919}","{'id': 40745, 'rank': 19, 'fitness': 0.05259669817994822, 'generation': 919}","{'id': 40719, 'rank': 20, 'fitness': 0.04813996861098063, 'generation': 919}","{'id': 40727, 'rank': 21, 'fitness': 0.043742225520691735, 'generation': 919}","{'id': 40721, 'rank': 22, 'fitness': 0.04292814845900228, 'generation': 919}","{'id': 40737, 'rank': 23, 'fitness': 0.03356798395189403, 'generation': 919}","{'id': 40729, 'rank': 24, 'fitness': 0.031717534861895436, 'generation': 919}","{'id': 40724, 'rank': 25, 'fitness': 0.029249477323337603, 'generation': 919}","{'id': 40712, 'rank': 26, 'fitness': 0.028923339359776423, 'generation': 919}","{'id': 40731, 'rank': 27, 'fitness': 0.0280556585823748, 'generation': 919}","{'id': 40734, 'rank': 28, 'fitness': 0.02640864504150664, 'generation': 919}","{'id': 40713, 'rank': 29, 'fitness': 0.022768524203955143, 'generation': 919}","{'id': 40726, 'rank': 30, 'fitness': 0.01798620996209155, 'generation': 919}"
"{'id': 40770, 'rank': 1, 'fitness': 0.9820137900379085, 'generation': 920}","{'id': 40781, 'rank': 2, 'fitness': 0.7268859528590933, 'generation': 920}","{'id': 40762, 'rank': 3, 'fitness': 0.6655799500399955, 'generation': 920}","{'id': 40760, 'rank': 4, 'fitness': 0.6459353680974254, 'generation': 920}","{'id': 40779, 'rank': 5, 'fitness': 0.6203940843261571, 'generation': 920}","{'id': 40778, 'rank': 6, 'fitness': 0.5581045072344096, 'generation': 920}","{'id': 40783, 'rank': 7, 'fitness': 0.5450632813541639, 'generation': 920}","{'id': 40768, 'rank': 8, 'fitness': 0.5318002298816321, 'generation': 920}","{'id': 40767, 'rank': 9, 'fitness': 0.4829961259130161, 'generation': 920}","{'id': 40759, 'rank': 10, 'fitness': 0.4735383794332691, 'generation': 920}","{'id': 40771, 'rank': 11, 'fitness': 0.40301078297298926, 'generation': 920}","{'id': 40775, 'rank': 12, 'fitness': 0.21738256974833947, 'generation': 920}","{'id': 40772, 'rank': 13, 'fitness': 0.19339474727142897, 'generation': 920}","{'id': 40754, 'rank': 14, 'fitness': 0.1617226384270803, 'generation': 920}","{'id': 40774, 'rank': 15, 'fitness': 0.1532731285452429, 'generation': 920}","{'id': 40777, 'rank': 16, 'fitness': 0.1531543612933043, 'generation': 920}","{'id': 40785, 'rank': 17, 'fitness': 0.12850822557649755, 'generation': 920}","{'id': 40752, 'rank': 18, 'fitness': 0.11724416055460019, 'generation': 920}","{'id': 40753, 'rank': 19, 'fitness': 0.11592146844999884, 'generation': 920}","{'id': 40763, 'rank': 20, 'fitness': 0.09706677478524872, 'generation': 920}","{'id': 40757, 'rank': 21, 'fitness': 0.05519562464725353, 'generation': 920}","{'id': 40773, 'rank': 22, 'fitness': 0.05159933735475297, 'generation': 920}","{'id': 40750, 'rank': 23, 'fitness': 0.04241577848521738, 'generation': 920}","{'id': 40756, 'rank': 24, 'fitness': 0.03570071297578936, 'generation': 920}","{'id': 40784, 'rank': 25, 'fitness': 0.030685172939607652, 'generation': 920}","{'id': 40764, 'rank': 26, 'fitness': 0.02112666743858732, 'generation': 920}","{'id': 40761, 'rank': 27, 'fitness': 0.021006001676119268, 'generation': 920}","{'id': 40748, 'rank': 28, 'fitness': 0.01943301251334928, 'generation': 920}","{'id': 40780, 'rank': 29, 'fitness': 0.01903874933715094, 'generation': 920}","{'id': 40758, 'rank': 30, 'fitness': 0.01798620996209155, 'generation': 920}"
"{'id': 40820, 'rank': 1, 'fitness': 0.9820137900379085, 'generation': 921}","{'id': 40825, 'rank': 2, 'fitness': 0.9728959560920776, 'generation': 921}","{'id': 40823, 'rank': 3, 'fitness': 0.8167033096484025, 'generation': 921}","{'id': 40809, 'rank': 4, 'fitness': 0.7688285732573048, 'generation': 921}","{'id': 40818, 'rank': 5, 'fitness': 0.7293029972377443, 'generation': 921}","{'id': 40789, 'rank': 6, 'fitness': 0.5149396880249508, 'generation': 921}","{'id': 40826, 'rank': 7, 'fitness': 0.4998268591873469, 'generation': 921}","{'id': 40814, 'rank': 8, 'fitness': 0.4827276964418637, 'generation': 921}","{'id': 40801, 'rank': 9, 'fitness': 0.4256633307341516, 'generation': 921}","{'id': 40798, 'rank': 10, 'fitness': 0.34057770374524426, 'generation': 921}","{'id': 40813, 'rank': 11, 'fitness': 0.28781605402683774, 'generation': 921}","{'id': 40802, 'rank': 12, 'fitness': 0.2565964022808409, 'generation': 921}","{'id': 40816, 'rank': 13, 'fitness': 0.21718640676811007, 'generation': 921}","{'id': 40790, 'rank': 14, 'fitness': 0.1659976065024132, 'generation': 921}","{'id': 40822, 'rank': 15, 'fitness': 0.14075950255675873, 'generation': 921}","{'id': 40799, 'rank': 16, 'fitness': 0.12888395415391696, 'generation': 921}","{'id': 40786, 'rank': 17, 'fitness': 0.117719238618892, 'generation': 921}","{'id': 40811, 'rank': 18, 'fitness': 0.10518009189684685, 'generation': 921}","{'id': 40808, 'rank': 19, 'fitness': 0.07150400132146206, 'generation': 921}","{'id': 40787, 'rank': 20, 'fitness': 0.07033760108808534, 'generation': 921}","{'id': 40827, 'rank': 21, 'fitness': 0.05589313853904787, 'generation': 921}","{'id': 40821, 'rank': 22, 'fitness': 0.04508848127329401, 'generation': 921}","{'id': 40819, 'rank': 23, 'fitness': 0.04484580385328474, 'generation': 921}","{'id': 40817, 'rank': 24, 'fitness': 0.03575795148511696, 'generation': 921}","{'id': 40792, 'rank': 25, 'fitness': 0.034238014097107694, 'generation': 921}","{'id': 40807, 'rank': 26, 'fitness': 0.03142122584542478, 'generation': 921}","{'id': 40815, 'rank': 27, 'fitness': 0.02279368256631259, 'generation': 921}","{'id': 40824, 'rank': 28, 'fitness': 0.020108441418814016, 'generation': 921}","{'id': 40796, 'rank': 29, 'fitness': 0.020091656122938506, 'generation': 921}","{'id': 40794, 'rank': 30, 'fitness': 0.01798620996209155, 'generation': 921}"
"{'id': 40857, 'rank': 1, 'fitness': 0.9820137900379085, 'generation': 922}","{'id': 40874, 'rank': 2, 'fitness': 0.969066222679051, 'generation': 922}","{'id': 40867, 'rank': 3, 'fitness': 0.9678138747449427, 'generation': 922}","{'id': 40875, 'rank': 4, 'fitness': 0.9591788100185558, 'generation': 922}","{'id': 40865, 'rank': 5, 'fitness': 0.9286730147715092, 'generation': 922}","{'id': 40835, 'rank': 6, 'fitness': 0.9120052225139712, 'generation': 922}","{'id': 40873, 'rank': 7, 'fitness': 0.8885464572751132, 'generation': 922}","{'id': 40863, 'rank': 8, 'fitness': 0.8164357777675835, 'generation': 922}","{'id': 40845, 'rank': 9, 'fitness': 0.7310932023757468, 'generation': 922}","{'id': 40850, 'rank': 10, 'fitness': 0.6135376853034168, 'generation': 922}","{'id': 40876, 'rank': 11, 'fitness': 0.5716804767927793, 'generation': 922}","{'id': 40851, 'rank': 12, 'fitness': 0.48621284973092715, 'generation': 922}","{'id': 40847, 'rank': 13, 'fitness': 0.4844578121622255, 'generation': 922}","{'id': 40841, 'rank': 14, 'fitness': 0.42435028314229567, 'generation': 922}","{'id': 40837, 'rank': 15, 'fitness': 0.19874350938382312, 'generation': 922}","{'id': 40848, 'rank': 16, 'fitness': 0.16731140022461088, 'generation': 922}","{'id': 40854, 'rank': 17, 'fitness': 0.14780683057712218, 'generation': 922}","{'id': 40844, 'rank': 18, 'fitness': 0.13802993978973316, 'generation': 922}","{'id': 40842, 'rank': 19, 'fitness': 0.12906377074292802, 'generation': 922}","{'id': 40862, 'rank': 20, 'fitness': 0.10681515199384262, 'generation': 922}","{'id': 40869, 'rank': 21, 'fitness': 0.07247592471352288, 'generation': 922}","{'id': 40838, 'rank': 22, 'fitness': 0.04924235959800999, 'generation': 922}","{'id': 40868, 'rank': 23, 'fitness': 0.036651731764391904, 'generation': 922}","{'id': 40859, 'rank': 24, 'fitness': 0.03650298950398845, 'generation': 922}","{'id': 40853, 'rank': 25, 'fitness': 0.036138743344452995, 'generation': 922}","{'id': 40843, 'rank': 26, 'fitness': 0.030368943719048302, 'generation': 922}","{'id': 40866, 'rank': 27, 'fitness': 0.02744986032217739, 'generation': 922}","{'id': 40849, 'rank': 28, 'fitness': 0.018756538418663704, 'generation': 922}","{'id': 40860, 'rank': 29, 'fitness': 0.018007618244754775, 'generation': 922}","{'id': 40872, 'rank': 30, 'fitness': 0.01798620996209155, 'generation': 922}"
"{'id': 40913, 'rank': 1, 'fitness': 0.9820137900379085, 'generation': 923}","{'id': 40908, 'rank': 2, 'fitness': 0.900235298865806, 'generation': 923}","{'id': 40890, 'rank': 3, 'fitness': 0.8653148985730996, 'generation': 923}","{'id': 40910, 'rank': 4, 'fitness': 0.7312297425837734, 'generation': 923}","{'id': 40885, 'rank': 5, 'fitness': 0.6989292222318584, 'generation': 923}","{'id': 40914, 'rank': 6, 'fitness': 0.6615829516940761, 'generation': 923}","{'id': 40889, 'rank': 7, 'fitness': 0.603727414074844, 'generation': 923}","{'id': 40880, 'rank': 8, 'fitness': 0.5997951229658355, 'generation': 923}","{'id': 40900, 'rank': 9, 'fitness': 0.5935049984298602, 'generation': 923}","{'id': 40918, 'rank': 10, 'fitness': 0.47456566095061004, 'generation': 923}","{'id': 40915, 'rank': 11, 'fitness': 0.2921966834314391, 'generation': 923}","{'id': 40911, 'rank': 12, 'fitness': 0.2220782691519232, 'generation': 923}","{'id': 40919, 'rank': 13, 'fitness': 0.21500214829764686, 'generation': 923}","{'id': 40879, 'rank': 14, 'fitness': 0.1913263764584881, 'generation': 923}","{'id': 40901, 'rank': 15, 'fitness': 0.16248302777505175, 'generation': 923}","{'id': 40923, 'rank': 16, 'fitness': 0.14921977407807063, 'generation': 923}","{'id': 40891, 'rank': 17, 'fitness': 0.07434240996654307, 'generation': 923}","{'id': 40904, 'rank': 18, 'fitness': 0.06891445030402465, 'generation': 923}","{'id': 40903, 'rank': 19, 'fitness': 0.06584934226902017, 'generation': 923}","{'id': 40922, 'rank': 20, 'fitness': 0.0656044049593133, 'generation': 923}","{'id': 40892, 'rank': 21, 'fitness': 0.06169823044530576, 'generation': 923}","{'id': 40921, 'rank': 22, 'fitness': 0.058899781818733454, 'generation': 923}","{'id': 40896, 'rank': 23, 'fitness': 0.05593083403839505, 'generation': 923}","{'id': 40912, 'rank': 24, 'fitness': 0.046727321677786926, 'generation': 923}","{'id': 40909, 'rank': 25, 'fitness': 0.04502051134278312, 'generation': 923}","{'id': 40888, 'rank': 26, 'fitness': 0.0399402410256805, 'generation': 923}","{'id': 40886, 'rank': 27, 'fitness': 0.037179571310831605, 'generation': 923}","{'id': 40907, 'rank': 28, 'fitness': 0.030773709286125883, 'generation': 923}","{'id': 40894, 'rank': 29, 'fitness': 0.028147487239823243, 'generation': 923}","{'id': 40877, 'rank': 30, 'fitness': 0.01798620996209155, 'generation': 923}"
"{'id': 40956, 'rank': 1, 'fitness': 0.9820137900379085, 'generation': 924}","{'id': 40955, 'rank': 2, 'fitness': 0.9723602188973315, 'generation': 924}","{'id': 40952, 'rank': 3, 'fitness': 0.9498573454643615, 'generation': 924}","{'id': 40963, 'rank': 4, 'fitness': 0.8691574372101609, 'generation': 924}","{'id': 40954, 'rank': 5, 'fitness': 0.8510316246375823, 'generation': 924}","{'id': 40961, 'rank': 6, 'fitness': 0.7971747780337752, 'generation': 924}","{'id': 40950, 'rank': 7, 'fitness': 0.6172481538588361, 'generation': 924}","{'id': 40960, 'rank': 8, 'fitness': 0.5757833454749064, 'generation': 924}","{'id': 40946, 'rank': 9, 'fitness': 0.5172560409975503, 'generation': 924}","{'id': 40959, 'rank': 10, 'fitness': 0.34260924809765936, 'generation': 924}","{'id': 40958, 'rank': 11, 'fitness': 0.2938044772920507, 'generation': 924}","{'id': 40925, 'rank': 12, 'fitness': 0.248393947707424, 'generation': 924}","{'id': 40941, 'rank': 13, 'fitness': 0.1857640938946613, 'generation': 924}","{'id': 40940, 'rank': 14, 'fitness': 0.14737954720124108, 'generation': 924}","{'id': 40929, 'rank': 15, 'fitness': 0.14350935243419483, 'generation': 924}","{'id': 40924, 'rank': 16, 'fitness': 0.12647268012303803, 'generation': 924}","{'id': 40931, 'rank': 17, 'fitness': 0.12301123626263932, 'generation': 924}","{'id': 40933, 'rank': 18, 'fitness': 0.08681457575833745, 'generation': 924}","{'id': 40964, 'rank': 19, 'fitness': 0.08515521669224485, 'generation': 924}","{'id': 40949, 'rank': 20, 'fitness': 0.08289232328218099, 'generation': 924}","{'id': 40926, 'rank': 21, 'fitness': 0.07437824734480386, 'generation': 924}","{'id': 40947, 'rank': 22, 'fitness': 0.07098177502625563, 'generation': 924}","{'id': 40930, 'rank': 23, 'fitness': 0.0679928034792101, 'generation': 924}","{'id': 40957, 'rank': 24, 'fitness': 0.06614045068695124, 'generation': 924}","{'id': 40934, 'rank': 25, 'fitness': 0.06309819559841406, 'generation': 924}","{'id': 40938, 'rank': 26, 'fitness': 0.05142239406131838, 'generation': 924}","{'id': 40928, 'rank': 27, 'fitness': 0.0465179367934771, 'generation': 924}","{'id': 40945, 'rank': 28, 'fitness': 0.04294800151875272, 'generation': 924}","{'id': 40939, 'rank': 29, 'fitness': 0.02087585096928113, 'generation': 924}","{'id': 40936, 'rank': 30, 'fitness': 0.01798620996209155, 'generation': 924}"
"{'id': 40998, 'rank': 1, 'fitness': 0.9820137900379085, 'generation': 925}","{'id': 41005, 'rank': 2, 'fitness': 0.9569108903609793, 'generation': 925}","{'id': 40991, 'rank': 3, 'fitness': 0.9551412117500859, 'generation': 925}","{'id': 40988, 'rank': 4, 'fitness': 0.9544884526239505, 'generation': 925}","{'id': 40992, 'rank': 5, 'fitness': 0.8478289099998176, 'generation': 925}","{'id': 41000, 'rank': 6, 'fitness': 0.8416157629503291, 'generation': 925}","{'id': 41001, 'rank': 7, 'fitness': 0.8020976966724511, 'generation': 925}","{'id': 40973, 'rank': 8, 'fitness': 0.6479203300618346, 'generation': 925}","{'id': 40999, 'rank': 9, 'fitness': 0.5372140863438729, 'generation': 925}","{'id': 40968, 'rank': 10, 'fitness': 0.4556823790933648, 'generation': 925}","{'id': 41003, 'rank': 11, 'fitness': 0.4295041159906535, 'generation': 925}","{'id': 40965, 'rank': 12, 'fitness': 0.325639696900393, 'generation': 925}","{'id': 40976, 'rank': 13, 'fitness': 0.2855400973248135, 'generation': 925}","{'id': 40985, 'rank': 14, 'fitness': 0.28119551620132893, 'generation': 925}","{'id': 41002, 'rank': 15, 'fitness': 0.2786447871198227, 'generation': 925}","{'id': 40990, 'rank': 16, 'fitness': 0.27241628641764093, 'generation': 925}","{'id': 40969, 'rank': 17, 'fitness': 0.2432764517897063, 'generation': 925}","{'id': 40983, 'rank': 18, 'fitness': 0.2013128414570976, 'generation': 925}","{'id': 40989, 'rank': 19, 'fitness': 0.19560871184740525, 'generation': 925}","{'id': 40974, 'rank': 20, 'fitness': 0.12783136838678538, 'generation': 925}","{'id': 40993, 'rank': 21, 'fitness': 0.11121319661978701, 'generation': 925}","{'id': 40967, 'rank': 22, 'fitness': 0.08884110079289725, 'generation': 925}","{'id': 40980, 'rank': 23, 'fitness': 0.0811735864630041, 'generation': 925}","{'id': 40997, 'rank': 24, 'fitness': 0.0775302268449955, 'generation': 925}","{'id': 40995, 'rank': 25, 'fitness': 0.06944567640208144, 'generation': 925}","{'id': 40975, 'rank': 26, 'fitness': 0.042678240727572425, 'generation': 925}","{'id': 40972, 'rank': 27, 'fitness': 0.029016781003744108, 'generation': 925}","{'id': 40994, 'rank': 28, 'fitness': 0.020413139965537674, 'generation': 925}","{'id': 40970, 'rank': 29, 'fitness': 0.019056366192208907, 'generation': 925}","{'id': 40986, 'rank': 30, 'fitness': 0.01798620996209155, 'generation': 925}"
"{'id': 41048, 'rank': 1, 'fitness': 0.9820137900379085, 'generation': 926}","{'id': 41007, 'rank': 2, 'fitness': 0.973878241124115, 'generation': 926}","{'id': 41046, 'rank': 3, 'fitness': 0.9642599641139735, 'generation': 926}","{'id': 41049, 'rank': 4, 'fitness': 0.961630073929864, 'generation': 926}","{'id': 41042, 'rank': 5, 'fitness': 0.9242618571863764, 'generation': 926}","{'id': 41043, 'rank': 6, 'fitness': 0.8798900853846559, 'generation': 926}","{'id': 41035, 'rank': 7, 'fitness': 0.8209934713099798, 'generation': 926}","{'id': 41016, 'rank': 8, 'fitness': 0.7251407182003611, 'generation': 926}","{'id': 41047, 'rank': 9, 'fitness': 0.7141705989239687, 'generation': 926}","{'id': 41033, 'rank': 10, 'fitness': 0.5979702953511531, 'generation': 926}","{'id': 41037, 'rank': 11, 'fitness': 0.28725885629123304, 'generation': 926}","{'id': 41031, 'rank': 12, 'fitness': 0.2719366996769032, 'generation': 926}","{'id': 41019, 'rank': 13, 'fitness': 0.15154488117424414, 'generation': 926}","{'id': 41050, 'rank': 14, 'fitness': 0.15087429776965955, 'generation': 926}","{'id': 41013, 'rank': 15, 'fitness': 0.15025144238568866, 'generation': 926}","{'id': 41024, 'rank': 16, 'fitness': 0.14404479797255032, 'generation': 926}","{'id': 41011, 'rank': 17, 'fitness': 0.07902145572863012, 'generation': 926}","{'id': 41018, 'rank': 18, 'fitness': 0.07685995376588761, 'generation': 926}","{'id': 41014, 'rank': 19, 'fitness': 0.06444231514690701, 'generation': 926}","{'id': 41041, 'rank': 20, 'fitness': 0.061601799338010466, 'generation': 926}","{'id': 41017, 'rank': 21, 'fitness': 0.058132637608028115, 'generation': 926}","{'id': 41032, 'rank': 22, 'fitness': 0.048108045956475776, 'generation': 926}","{'id': 41027, 'rank': 23, 'fitness': 0.04369893119822543, 'generation': 926}","{'id': 41030, 'rank': 24, 'fitness': 0.03919826125967596, 'generation': 926}","{'id': 41040, 'rank': 25, 'fitness': 0.03354496703189097, 'generation': 926}","{'id': 41034, 'rank': 26, 'fitness': 0.03010332248107478, 'generation': 926}","{'id': 41026, 'rank': 27, 'fitness': 0.028775743711970336, 'generation': 926}","{'id': 41010, 'rank': 28, 'fitness': 0.023216913353089563, 'generation': 926}","{'id': 41008, 'rank': 29, 'fitness': 0.023107451814215252, 'generation': 926}","{'id': 41023, 'rank': 30, 'fitness': 0.01798620996209155, 'generation': 926}"
"{'id': 41092, 'rank': 1, 'fitness': 0.9820137900379085, 'generation': 927}","{'id': 41084, 'rank': 2, 'fitness': 0.940087737276045, 'generation': 927}","{'id': 41088, 'rank': 3, 'fitness': 0.9292355038571636, 'generation': 927}","{'id': 41061, 'rank': 4, 'fitness': 0.9227232859841898, 'generation': 927}","{'id': 41097, 'rank': 5, 'fitness': 0.9211059146318525, 'generation': 927}","{'id': 41087, 'rank': 6, 'fitness': 0.8935860373252644, 'generation': 927}","{'id': 41078, 'rank': 7, 'fitness': 0.8193706174973037, 'generation': 927}","{'id': 41083, 'rank': 8, 'fitness': 0.7767754983983857, 'generation': 927}","{'id': 41095, 'rank': 9, 'fitness': 0.7567700643492083, 'generation': 927}","{'id': 41074, 'rank': 10, 'fitness': 0.7101661425892071, 'generation': 927}","{'id': 41089, 'rank': 11, 'fitness': 0.6374187676607724, 'generation': 927}","{'id': 41085, 'rank': 12, 'fitness': 0.5442943552232109, 'generation': 927}","{'id': 41091, 'rank': 13, 'fitness': 0.3593239142001516, 'generation': 927}","{'id': 41099, 'rank': 14, 'fitness': 0.3216423645438181, 'generation': 927}","{'id': 41098, 'rank': 15, 'fitness': 0.31891608774929203, 'generation': 927}","{'id': 41075, 'rank': 16, 'fitness': 0.30688223421864436, 'generation': 927}","{'id': 41096, 'rank': 17, 'fitness': 0.28315883220101234, 'generation': 927}","{'id': 41090, 'rank': 18, 'fitness': 0.24268665688326163, 'generation': 927}","{'id': 41081, 'rank': 19, 'fitness': 0.2324471168069483, 'generation': 927}","{'id': 41086, 'rank': 20, 'fitness': 0.19426809796226674, 'generation': 927}","{'id': 41066, 'rank': 21, 'fitness': 0.17410192705729205, 'generation': 927}","{'id': 41062, 'rank': 22, 'fitness': 0.11940799896311283, 'generation': 927}","{'id': 41093, 'rank': 23, 'fitness': 0.06886466543478725, 'generation': 927}","{'id': 41080, 'rank': 24, 'fitness': 0.0682674710451372, 'generation': 927}","{'id': 41063, 'rank': 25, 'fitness': 0.04962592641228902, 'generation': 927}","{'id': 41065, 'rank': 26, 'fitness': 0.04210515669706377, 'generation': 927}","{'id': 41094, 'rank': 27, 'fitness': 0.03659112701405981, 'generation': 927}","{'id': 41072, 'rank': 28, 'fitness': 0.01957543328259248, 'generation': 927}","{'id': 41082, 'rank': 29, 'fitness': 0.01917166302352402, 'generation': 927}","{'id': 41067, 'rank': 30, 'fitness': 0.01798620996209155, 'generation': 927}"
"{'id': 41146, 'rank': 1, 'fitness': 0.9820137900379085, 'generation': 928}","{'id': 41116, 'rank': 2, 'fitness': 0.9421125188804886, 'generation': 928}","{'id': 41147, 'rank': 3, 'fitness': 0.7560946503085024, 'generation': 928}","{'id': 41153, 'rank': 4, 'fitness': 0.5938013793380271, 'generation': 928}","{'id': 41139, 'rank': 5, 'fitness': 0.5315928184474283, 'generation': 928}","{'id': 41137, 'rank': 6, 'fitness': 0.4128565316010997, 'generation': 928}","{'id': 41152, 'rank': 7, 'fitness': 0.3911843015287676, 'generation': 928}","{'id': 41150, 'rank': 8, 'fitness': 0.3434268648301744, 'generation': 928}","{'id': 41114, 'rank': 9, 'fitness': 0.2699782881912294, 'generation': 928}","{'id': 41106, 'rank': 10, 'fitness': 0.21776368218537295, 'generation': 928}","{'id': 41135, 'rank': 11, 'fitness': 0.1808805174012975, 'generation': 928}","{'id': 41145, 'rank': 12, 'fitness': 0.1482401505003889, 'generation': 928}","{'id': 41110, 'rank': 13, 'fitness': 0.13649774303691292, 'generation': 928}","{'id': 41151, 'rank': 14, 'fitness': 0.1011185370193739, 'generation': 928}","{'id': 41108, 'rank': 15, 'fitness': 0.09017946535801374, 'generation': 928}","{'id': 41121, 'rank': 16, 'fitness': 0.054668225194012154, 'generation': 928}","{'id': 41148, 'rank': 17, 'fitness': 0.05004842665452286, 'generation': 928}","{'id': 41124, 'rank': 18, 'fitness': 0.04576101036370739, 'generation': 928}","{'id': 41131, 'rank': 19, 'fitness': 0.04169237473006848, 'generation': 928}","{'id': 41149, 'rank': 20, 'fitness': 0.03809516531595619, 'generation': 928}","{'id': 41138, 'rank': 21, 'fitness': 0.034827928162246835, 'generation': 928}","{'id': 41111, 'rank': 22, 'fitness': 0.03294862321052716, 'generation': 928}","{'id': 41113, 'rank': 23, 'fitness': 0.032053413178834034, 'generation': 928}","{'id': 41130, 'rank': 24, 'fitness': 0.02815890075128591, 'generation': 928}","{'id': 41136, 'rank': 25, 'fitness': 0.028156358790702662, 'generation': 928}","{'id': 41144, 'rank': 26, 'fitness': 0.0219792483584349, 'generation': 928}","{'id': 41101, 'rank': 27, 'fitness': 0.02178796920898901, 'generation': 928}","{'id': 41112, 'rank': 28, 'fitness': 0.021542076080557027, 'generation': 928}","{'id': 41134, 'rank': 29, 'fitness': 0.020767515524890978, 'generation': 928}","{'id': 41133, 'rank': 30, 'fitness': 0.01798620996209155, 'generation': 928}"
"{'id': 41185, 'rank': 1, 'fitness': 0.9820137900379085, 'generation': 929}","{'id': 41176, 'rank': 2, 'fitness': 0.9688085977992718, 'generation': 929}","{'id': 41186, 'rank': 3, 'fitness': 0.9680634155159737, 'generation': 929}","{'id': 41184, 'rank': 4, 'fitness': 0.967040670124897, 'generation': 929}","{'id': 41174, 'rank': 5, 'fitness': 0.9122909160515034, 'generation': 929}","{'id': 41182, 'rank': 6, 'fitness': 0.7424542755380765, 'generation': 929}","{'id': 41190, 'rank': 7, 'fitness': 0.7121025830824435, 'generation': 929}","{'id': 41155, 'rank': 8, 'fitness': 0.7005484529885607, 'generation': 929}","{'id': 41188, 'rank': 9, 'fitness': 0.6568938421416253, 'generation': 929}","{'id': 41167, 'rank': 10, 'fitness': 0.6074979180110431, 'generation': 929}","{'id': 41178, 'rank': 11, 'fitness': 0.5850906969277576, 'generation': 929}","{'id': 41187, 'rank': 12, 'fitness': 0.5566109512982754, 'generation': 929}","{'id': 41157, 'rank': 13, 'fitness': 0.5464506518305476, 'generation': 929}","{'id': 41172, 'rank': 14, 'fitness': 0.5017883590973317, 'generation': 929}","{'id': 41183, 'rank': 15, 'fitness': 0.3928431705772154, 'generation': 929}","{'id': 41169, 'rank': 16, 'fitness': 0.36276769679706217, 'generation': 929}","{'id': 41162, 'rank': 17, 'fitness': 0.26646946035828045, 'generation': 929}","{'id': 41173, 'rank': 18, 'fitness': 0.23692908680206437, 'generation': 929}","{'id': 41170, 'rank': 19, 'fitness': 0.22925921061810156, 'generation': 929}","{'id': 41161, 'rank': 20, 'fitness': 0.1730099318944368, 'generation': 929}","{'id': 41192, 'rank': 21, 'fitness': 0.1615197773151017, 'generation': 929}","{'id': 41179, 'rank': 22, 'fitness': 0.14542318073913818, 'generation': 929}","{'id': 41175, 'rank': 23, 'fitness': 0.09352671587677619, 'generation': 929}","{'id': 41163, 'rank': 24, 'fitness': 0.08773546946310418, 'generation': 929}","{'id': 41194, 'rank': 25, 'fitness': 0.07550606224694656, 'generation': 929}","{'id': 41164, 'rank': 26, 'fitness': 0.055401626517805946, 'generation': 929}","{'id': 41160, 'rank': 27, 'fitness': 0.043492600752694344, 'generation': 929}","{'id': 41166, 'rank': 28, 'fitness': 0.03620701904591084, 'generation': 929}","{'id': 41191, 'rank': 29, 'fitness': 0.01983340549237933, 'generation': 929}","{'id': 41168, 'rank': 30, 'fitness': 0.01798620996209155, 'generation': 929}"
"{'id': 41250, 'rank': 1, 'fitness': 0.9820137900379085, 'generation': 930}","{'id': 41230, 'rank': 2, 'fitness': 0.9513715926674617, 'generation': 930}","{'id': 41204, 'rank': 3, 'fitness': 0.9178081618256371, 'generation': 930}","{'id': 41245, 'rank': 4, 'fitness': 0.8051122018065469, 'generation': 930}","{'id': 41249, 'rank': 5, 'fitness': 0.7069481713858223, 'generation': 930}","{'id': 41210, 'rank': 6, 'fitness': 0.4888194270377392, 'generation': 930}","{'id': 41231, 'rank': 7, 'fitness': 0.46632512833860856, 'generation': 930}","{'id': 41236, 'rank': 8, 'fitness': 0.4102686799384154, 'generation': 930}","{'id': 41235, 'rank': 9, 'fitness': 0.3280266207842578, 'generation': 930}","{'id': 41251, 'rank': 10, 'fitness': 0.32105824080947654, 'generation': 930}","{'id': 41228, 'rank': 11, 'fitness': 0.2986880563964827, 'generation': 930}","{'id': 41252, 'rank': 12, 'fitness': 0.21422746110534074, 'generation': 930}","{'id': 41238, 'rank': 13, 'fitness': 0.14847808150614594, 'generation': 930}","{'id': 41208, 'rank': 14, 'fitness': 0.13598085719212116, 'generation': 930}","{'id': 41247, 'rank': 15, 'fitness': 0.12702805999948907, 'generation': 930}","{'id': 41243, 'rank': 16, 'fitness': 0.10943931059641898, 'generation': 930}","{'id': 41244, 'rank': 17, 'fitness': 0.10047488516703346, 'generation': 930}","{'id': 41203, 'rank': 18, 'fitness': 0.09724974136141168, 'generation': 930}","{'id': 41207, 'rank': 19, 'fitness': 0.08284509693290348, 'generation': 930}","{'id': 41240, 'rank': 20, 'fitness': 0.07559487911117585, 'generation': 930}","{'id': 41212, 'rank': 21, 'fitness': 0.06580119977658339, 'generation': 930}","{'id': 41219, 'rank': 22, 'fitness': 0.057406806549125, 'generation': 930}","{'id': 41216, 'rank': 23, 'fitness': 0.056787009613683936, 'generation': 930}","{'id': 41221, 'rank': 24, 'fitness': 0.04179508976204771, 'generation': 930}","{'id': 41224, 'rank': 25, 'fitness': 0.04114616089176837, 'generation': 930}","{'id': 41222, 'rank': 26, 'fitness': 0.03699038282525835, 'generation': 930}","{'id': 41248, 'rank': 27, 'fitness': 0.03302140788342839, 'generation': 930}","{'id': 41239, 'rank': 28, 'fitness': 0.03233228322063908, 'generation': 930}","{'id': 41209, 'rank': 29, 'fitness': 0.02606883171301444, 'generation': 930}","{'id': 41206, 'rank': 30, 'fitness': 0.01798620996209155, 'generation': 930}"
"{'id': 41295, 'rank': 1, 'fitness': 0.9820137900379085, 'generation': 931}","{'id': 41279, 'rank': 2, 'fitness': 0.9574172794067557, 'generation': 931}","{'id': 41267, 'rank': 3, 'fitness': 0.861358481187396, 'generation': 931}","{'id': 41290, 'rank': 4, 'fitness': 0.8537627334899747, 'generation': 931}","{'id': 41269, 'rank': 5, 'fitness': 0.7736187887755208, 'generation': 931}","{'id': 41287, 'rank': 6, 'fitness': 0.7453340028455133, 'generation': 931}","{'id': 41296, 'rank': 7, 'fitness': 0.7253857431110553, 'generation': 931}","{'id': 41271, 'rank': 8, 'fitness': 0.684669015237355, 'generation': 931}","{'id': 41268, 'rank': 9, 'fitness': 0.6112683646652126, 'generation': 931}","{'id': 41275, 'rank': 10, 'fitness': 0.5745147428477321, 'generation': 931}","{'id': 41286, 'rank': 11, 'fitness': 0.45013249813838496, 'generation': 931}","{'id': 41291, 'rank': 12, 'fitness': 0.4249681601796814, 'generation': 931}","{'id': 41272, 'rank': 13, 'fitness': 0.404336214535893, 'generation': 931}","{'id': 41283, 'rank': 14, 'fitness': 0.3514065900409114, 'generation': 931}","{'id': 41270, 'rank': 15, 'fitness': 0.32236631411008887, 'generation': 931}","{'id': 41266, 'rank': 16, 'fitness': 0.19657779073506798, 'generation': 931}","{'id': 41293, 'rank': 17, 'fitness': 0.18389027688135784, 'generation': 931}","{'id': 41294, 'rank': 18, 'fitness': 0.17378687269747423, 'generation': 931}","{'id': 41280, 'rank': 19, 'fitness': 0.1667877295690674, 'generation': 931}","{'id': 41273, 'rank': 20, 'fitness': 0.12171215251634504, 'generation': 931}","{'id': 41292, 'rank': 21, 'fitness': 0.1015345810239413, 'generation': 931}","{'id': 41289, 'rank': 22, 'fitness': 0.09136043927660031, 'generation': 931}","{'id': 41277, 'rank': 23, 'fitness': 0.09107105060063053, 'generation': 931}","{'id': 41282, 'rank': 24, 'fitness': 0.06238423822703787, 'generation': 931}","{'id': 41284, 'rank': 25, 'fitness': 0.056573129664088284, 'generation': 931}","{'id': 41288, 'rank': 26, 'fitness': 0.03837332767961932, 'generation': 931}","{'id': 41264, 'rank': 27, 'fitness': 0.0322201623750043, 'generation': 931}","{'id': 41263, 'rank': 28, 'fitness': 0.024962367419128162, 'generation': 931}","{'id': 41261, 'rank': 29, 'fitness': 0.018705937724450727, 'generation': 931}","{'id': 41256, 'rank': 30, 'fitness': 0.01798620996209155, 'generation': 931}"
"{'id': 41345, 'rank': 1, 'fitness': 0.9820137900379085, 'generation': 932}","{'id': 41341, 'rank': 2, 'fitness': 0.9717142308798041, 'generation': 932}","{'id': 41333, 'rank': 3, 'fitness': 0.9620927497516831, 'generation': 932}","{'id': 41335, 'rank': 4, 'fitness': 0.9570427891065636, 'generation': 932}","{'id': 41337, 'rank': 5, 'fitness': 0.8133121028897965, 'generation': 932}","{'id': 41314, 'rank': 6, 'fitness': 0.7241021597624081, 'generation': 932}","{'id': 41315, 'rank': 7, 'fitness': 0.7119992742608386, 'generation': 932}","{'id': 41334, 'rank': 8, 'fitness': 0.69528987285024, 'generation': 932}","{'id': 41340, 'rank': 9, 'fitness': 0.595943850655335, 'generation': 932}","{'id': 41325, 'rank': 10, 'fitness': 0.564423028161115, 'generation': 932}","{'id': 41342, 'rank': 11, 'fitness': 0.4617438544828937, 'generation': 932}","{'id': 41320, 'rank': 12, 'fitness': 0.45835657878280717, 'generation': 932}","{'id': 41299, 'rank': 13, 'fitness': 0.2616221869835001, 'generation': 932}","{'id': 41326, 'rank': 14, 'fitness': 0.25054014899543303, 'generation': 932}","{'id': 41327, 'rank': 15, 'fitness': 0.24973108194727833, 'generation': 932}","{'id': 41328, 'rank': 16, 'fitness': 0.23588974658721956, 'generation': 932}","{'id': 41338, 'rank': 17, 'fitness': 0.197868065898401, 'generation': 932}","{'id': 41336, 'rank': 18, 'fitness': 0.1881744325719587, 'generation': 932}","{'id': 41308, 'rank': 19, 'fitness': 0.1385426676627633, 'generation': 932}","{'id': 41343, 'rank': 20, 'fitness': 0.12198485179842955, 'generation': 932}","{'id': 41312, 'rank': 21, 'fitness': 0.11154986402425543, 'generation': 932}","{'id': 41324, 'rank': 22, 'fitness': 0.09623172261813107, 'generation': 932}","{'id': 41332, 'rank': 23, 'fitness': 0.0826041442985046, 'generation': 932}","{'id': 41300, 'rank': 24, 'fitness': 0.08006828211470457, 'generation': 932}","{'id': 41339, 'rank': 25, 'fitness': 0.06266781572305224, 'generation': 932}","{'id': 41311, 'rank': 26, 'fitness': 0.06133246816367982, 'generation': 932}","{'id': 41310, 'rank': 27, 'fitness': 0.05783903837554755, 'generation': 932}","{'id': 41303, 'rank': 28, 'fitness': 0.0560906655322399, 'generation': 932}","{'id': 41317, 'rank': 29, 'fitness': 0.020249892855555562, 'generation': 932}","{'id': 41309, 'rank': 30, 'fitness': 0.01798620996209155, 'generation': 932}"
"{'id': 41378, 'rank': 1, 'fitness': 0.9820137900379085, 'generation': 933}","{'id': 41384, 'rank': 2, 'fitness': 0.8029389083429191, 'generation': 933}","{'id': 41383, 'rank': 3, 'fitness': 0.8018353948025247, 'generation': 933}","{'id': 41366, 'rank': 4, 'fitness': 0.8007762466245056, 'generation': 933}","{'id': 41381, 'rank': 5, 'fitness': 0.710129257895366, 'generation': 933}","{'id': 41374, 'rank': 6, 'fitness': 0.7036980332729658, 'generation': 933}","{'id': 41386, 'rank': 7, 'fitness': 0.5897478936324076, 'generation': 933}","{'id': 41388, 'rank': 8, 'fitness': 0.5223907756353817, 'generation': 933}","{'id': 41380, 'rank': 9, 'fitness': 0.47557401376771935, 'generation': 933}","{'id': 41360, 'rank': 10, 'fitness': 0.44531981044390867, 'generation': 933}","{'id': 41346, 'rank': 11, 'fitness': 0.41998809050212904, 'generation': 933}","{'id': 41382, 'rank': 12, 'fitness': 0.3662576013429948, 'generation': 933}","{'id': 41369, 'rank': 13, 'fitness': 0.3237878702090665, 'generation': 933}","{'id': 41387, 'rank': 14, 'fitness': 0.2897209268917139, 'generation': 933}","{'id': 41363, 'rank': 15, 'fitness': 0.2164428425558878, 'generation': 933}","{'id': 41379, 'rank': 16, 'fitness': 0.18160775055173023, 'generation': 933}","{'id': 41377, 'rank': 17, 'fitness': 0.16610034530449114, 'generation': 933}","{'id': 41389, 'rank': 18, 'fitness': 0.1336335726075507, 'generation': 933}","{'id': 41373, 'rank': 19, 'fitness': 0.10042592690646529, 'generation': 933}","{'id': 41372, 'rank': 20, 'fitness': 0.09097106988632897, 'generation': 933}","{'id': 41375, 'rank': 21, 'fitness': 0.07882347652832511, 'generation': 933}","{'id': 41348, 'rank': 22, 'fitness': 0.05087557781469715, 'generation': 933}","{'id': 41355, 'rank': 23, 'fitness': 0.039706076756514275, 'generation': 933}","{'id': 41364, 'rank': 24, 'fitness': 0.03702112126266016, 'generation': 933}","{'id': 41367, 'rank': 25, 'fitness': 0.030119520629862395, 'generation': 933}","{'id': 41365, 'rank': 26, 'fitness': 0.0292230990725309, 'generation': 933}","{'id': 41354, 'rank': 27, 'fitness': 0.024150243043696173, 'generation': 933}","{'id': 41376, 'rank': 28, 'fitness': 0.024104653400322917, 'generation': 933}","{'id': 41349, 'rank': 29, 'fitness': 0.021985786176203892, 'generation': 933}","{'id': 41370, 'rank': 30, 'fitness': 0.01798620996209155, 'generation': 933}"
"{'id': 41425, 'rank': 1, 'fitness': 0.9820137900379085, 'generation': 934}","{'id': 41413, 'rank': 2, 'fitness': 0.9787370895615118, 'generation': 934}","{'id': 41419, 'rank': 3, 'fitness': 0.9774094470532705, 'generation': 934}","{'id': 41407, 'rank': 4, 'fitness': 0.9311524096960273, 'generation': 934}","{'id': 41431, 'rank': 5, 'fitness': 0.9277522770559959, 'generation': 934}","{'id': 41438, 'rank': 6, 'fitness': 0.9169623282914934, 'generation': 934}","{'id': 41417, 'rank': 7, 'fitness': 0.8870327984312689, 'generation': 934}","{'id': 41422, 'rank': 8, 'fitness': 0.8018173584894921, 'generation': 934}","{'id': 41429, 'rank': 9, 'fitness': 0.7779555327939407, 'generation': 934}","{'id': 41399, 'rank': 10, 'fitness': 0.6694576524332672, 'generation': 934}","{'id': 41421, 'rank': 11, 'fitness': 0.6585512434005987, 'generation': 934}","{'id': 41426, 'rank': 12, 'fitness': 0.6531547765130108, 'generation': 934}","{'id': 41430, 'rank': 13, 'fitness': 0.6368575947812747, 'generation': 934}","{'id': 41420, 'rank': 14, 'fitness': 0.6044857484132332, 'generation': 934}","{'id': 41395, 'rank': 15, 'fitness': 0.2778851602338668, 'generation': 934}","{'id': 41433, 'rank': 16, 'fitness': 0.22863077248861025, 'generation': 934}","{'id': 41428, 'rank': 17, 'fitness': 0.16429450361862652, 'generation': 934}","{'id': 41393, 'rank': 18, 'fitness': 0.13793434643421698, 'generation': 934}","{'id': 41412, 'rank': 19, 'fitness': 0.12464562581995153, 'generation': 934}","{'id': 41436, 'rank': 20, 'fitness': 0.12199576454843708, 'generation': 934}","{'id': 41414, 'rank': 21, 'fitness': 0.10294182456164036, 'generation': 934}","{'id': 41409, 'rank': 22, 'fitness': 0.09018525305323749, 'generation': 934}","{'id': 41398, 'rank': 23, 'fitness': 0.0848055607365612, 'generation': 934}","{'id': 41432, 'rank': 24, 'fitness': 0.0760028080835009, 'generation': 934}","{'id': 41437, 'rank': 25, 'fitness': 0.07477432042597515, 'generation': 934}","{'id': 41434, 'rank': 26, 'fitness': 0.056506412213634394, 'generation': 934}","{'id': 41418, 'rank': 27, 'fitness': 0.036394736947866546, 'generation': 934}","{'id': 41415, 'rank': 28, 'fitness': 0.03408478079965105, 'generation': 934}","{'id': 41411, 'rank': 29, 'fitness': 0.01820478880826576, 'generation': 934}","{'id': 41392, 'rank': 30, 'fitness': 0.01798620996209155, 'generation': 934}"
"{'id': 41481, 'rank': 1, 'fitness': 0.9820137900379085, 'generation': 935}","{'id': 41452, 'rank': 2, 'fitness': 0.8397396621361709, 'generation': 935}","{'id': 41489, 'rank': 3, 'fitness': 0.6871126200345313, 'generation': 935}","{'id': 41473, 'rank': 4, 'fitness': 0.6780706516568888, 'generation': 935}","{'id': 41484, 'rank': 5, 'fitness': 0.6499184085955074, 'generation': 935}","{'id': 41468, 'rank': 6, 'fitness': 0.6223657179117398, 'generation': 935}","{'id': 41491, 'rank': 7, 'fitness': 0.5219893687272047, 'generation': 935}","{'id': 41443, 'rank': 8, 'fitness': 0.35069887130315125, 'generation': 935}","{'id': 41444, 'rank': 9, 'fitness': 0.30024998440870687, 'generation': 935}","{'id': 41483, 'rank': 10, 'fitness': 0.28932243826189885, 'generation': 935}","{'id': 41467, 'rank': 11, 'fitness': 0.25457042452782475, 'generation': 935}","{'id': 41454, 'rank': 12, 'fitness': 0.23321055058003393, 'generation': 935}","{'id': 41490, 'rank': 13, 'fitness': 0.2239717233167664, 'generation': 935}","{'id': 41469, 'rank': 14, 'fitness': 0.15812982652184593, 'generation': 935}","{'id': 41440, 'rank': 15, 'fitness': 0.15271044650097498, 'generation': 935}","{'id': 41451, 'rank': 16, 'fitness': 0.1354811870642093, 'generation': 935}","{'id': 41472, 'rank': 17, 'fitness': 0.13227980408601292, 'generation': 935}","{'id': 41459, 'rank': 18, 'fitness': 0.1319182675548693, 'generation': 935}","{'id': 41471, 'rank': 19, 'fitness': 0.07161569602619527, 'generation': 935}","{'id': 41458, 'rank': 20, 'fitness': 0.06894963208691612, 'generation': 935}","{'id': 41495, 'rank': 21, 'fitness': 0.06682012949650556, 'generation': 935}","{'id': 41485, 'rank': 22, 'fitness': 0.0634883898802045, 'generation': 935}","{'id': 41488, 'rank': 23, 'fitness': 0.05719950765494508, 'generation': 935}","{'id': 41466, 'rank': 24, 'fitness': 0.04488190845028628, 'generation': 935}","{'id': 41494, 'rank': 25, 'fitness': 0.040239115492275435, 'generation': 935}","{'id': 41453, 'rank': 26, 'fitness': 0.034889584520960526, 'generation': 935}","{'id': 41470, 'rank': 27, 'fitness': 0.027971370035755894, 'generation': 935}","{'id': 41480, 'rank': 28, 'fitness': 0.02212965896522373, 'generation': 935}","{'id': 41479, 'rank': 29, 'fitness': 0.02013175221239688, 'generation': 935}","{'id': 41442, 'rank': 30, 'fitness': 0.01798620996209155, 'generation': 935}"
"{'id': 41511, 'rank': 1, 'fitness': 0.9820137900379085, 'generation': 936}","{'id': 41529, 'rank': 2, 'fitness': 0.9778699569312019, 'generation': 936}","{'id': 41534, 'rank': 3, 'fitness': 0.9761492279638992, 'generation': 936}","{'id': 41517, 'rank': 4, 'fitness': 0.8247868161531817, 'generation': 936}","{'id': 41532, 'rank': 5, 'fitness': 0.8114608060395478, 'generation': 936}","{'id': 41520, 'rank': 6, 'fitness': 0.7516987799225009, 'generation': 936}","{'id': 41499, 'rank': 7, 'fitness': 0.5730099194120601, 'generation': 936}","{'id': 41526, 'rank': 8, 'fitness': 0.5698512840008041, 'generation': 936}","{'id': 41523, 'rank': 9, 'fitness': 0.5606482505323336, 'generation': 936}","{'id': 41513, 'rank': 10, 'fitness': 0.4409696563034459, 'generation': 936}","{'id': 41525, 'rank': 11, 'fitness': 0.36749547055975507, 'generation': 936}","{'id': 41531, 'rank': 12, 'fitness': 0.3633027043617162, 'generation': 936}","{'id': 41518, 'rank': 13, 'fitness': 0.36072918282538247, 'generation': 936}","{'id': 41533, 'rank': 14, 'fitness': 0.2701293074998041, 'generation': 936}","{'id': 41536, 'rank': 15, 'fitness': 0.25101118410576206, 'generation': 936}","{'id': 41504, 'rank': 16, 'fitness': 0.1520279362079327, 'generation': 936}","{'id': 41521, 'rank': 17, 'fitness': 0.1258184164798482, 'generation': 936}","{'id': 41528, 'rank': 18, 'fitness': 0.10063907540773687, 'generation': 936}","{'id': 41502, 'rank': 19, 'fitness': 0.09497615022950173, 'generation': 936}","{'id': 41516, 'rank': 20, 'fitness': 0.09351078959859593, 'generation': 936}","{'id': 41501, 'rank': 21, 'fitness': 0.08396504547237643, 'generation': 936}","{'id': 41519, 'rank': 22, 'fitness': 0.07885345988516096, 'generation': 936}","{'id': 41522, 'rank': 23, 'fitness': 0.0605103312142381, 'generation': 936}","{'id': 41535, 'rank': 24, 'fitness': 0.05948995493462855, 'generation': 936}","{'id': 41530, 'rank': 25, 'fitness': 0.05699108253503454, 'generation': 936}","{'id': 41496, 'rank': 26, 'fitness': 0.042296873573048455, 'generation': 936}","{'id': 41498, 'rank': 27, 'fitness': 0.038625602714770724, 'generation': 936}","{'id': 41509, 'rank': 28, 'fitness': 0.03452758622309743, 'generation': 936}","{'id': 41515, 'rank': 29, 'fitness': 0.021316976645709473, 'generation': 936}","{'id': 41524, 'rank': 30, 'fitness': 0.01798620996209155, 'generation': 936}"
"{'id': 41581, 'rank': 1, 'fitness': 0.9820137900379085, 'generation': 937}","{'id': 41583, 'rank': 2, 'fitness': 0.9332353090101546, 'generation': 937}","{'id': 41574, 'rank': 3, 'fitness': 0.9281139773290736, 'generation': 937}","{'id': 41560, 'rank': 4, 'fitness': 0.8823714639233904, 'generation': 937}","{'id': 41578, 'rank': 5, 'fitness': 0.8791160784049084, 'generation': 937}","{'id': 41561, 'rank': 6, 'fitness': 0.862416075663065, 'generation': 937}","{'id': 41551, 'rank': 7, 'fitness': 0.7957600951955495, 'generation': 937}","{'id': 41579, 'rank': 8, 'fitness': 0.777724728833097, 'generation': 937}","{'id': 41556, 'rank': 9, 'fitness': 0.7622636700581227, 'generation': 937}","{'id': 41562, 'rank': 10, 'fitness': 0.7016739054777894, 'generation': 937}","{'id': 41577, 'rank': 11, 'fitness': 0.6451819036317116, 'generation': 937}","{'id': 41572, 'rank': 12, 'fitness': 0.5602374754851723, 'generation': 937}","{'id': 41555, 'rank': 13, 'fitness': 0.5530516476461426, 'generation': 937}","{'id': 41567, 'rank': 14, 'fitness': 0.4756459675749701, 'generation': 937}","{'id': 41557, 'rank': 15, 'fitness': 0.3072272978905841, 'generation': 937}","{'id': 41541, 'rank': 16, 'fitness': 0.2643204188623686, 'generation': 937}","{'id': 41554, 'rank': 17, 'fitness': 0.20170591443300823, 'generation': 937}","{'id': 41537, 'rank': 18, 'fitness': 0.15708851590761147, 'generation': 937}","{'id': 41558, 'rank': 19, 'fitness': 0.13912889375494214, 'generation': 937}","{'id': 41559, 'rank': 20, 'fitness': 0.10310278720535399, 'generation': 937}","{'id': 41575, 'rank': 21, 'fitness': 0.09346303197211536, 'generation': 937}","{'id': 41571, 'rank': 22, 'fitness': 0.09120707232878111, 'generation': 937}","{'id': 41584, 'rank': 23, 'fitness': 0.07135217820053874, 'generation': 937}","{'id': 41543, 'rank': 24, 'fitness': 0.04768921047076563, 'generation': 937}","{'id': 41539, 'rank': 25, 'fitness': 0.04480331662775122, 'generation': 937}","{'id': 41538, 'rank': 26, 'fitness': 0.03774958892346336, 'generation': 937}","{'id': 41553, 'rank': 27, 'fitness': 0.036920882892370555, 'generation': 937}","{'id': 41576, 'rank': 28, 'fitness': 0.02778900692703129, 'generation': 937}","{'id': 41542, 'rank': 29, 'fitness': 0.01855295664240475, 'generation': 937}","{'id': 41570, 'rank': 30, 'fitness': 0.01798620996209155, 'generation': 937}"
"{'id': 41634, 'rank': 1, 'fitness': 0.9820137900379085, 'generation': 938}","{'id': 41635, 'rank': 2, 'fitness': 0.8314728111912064, 'generation': 938}","{'id': 41632, 'rank': 3, 'fitness': 0.7467869839540053, 'generation': 938}","{'id': 41624, 'rank': 4, 'fitness': 0.6398842332947058, 'generation': 938}","{'id': 41639, 'rank': 5, 'fitness': 0.3862067802048391, 'generation': 938}","{'id': 41625, 'rank': 6, 'fitness': 0.37590050362193433, 'generation': 938}","{'id': 41627, 'rank': 7, 'fitness': 0.3321617986482907, 'generation': 938}","{'id': 41588, 'rank': 8, 'fitness': 0.2744476900895032, 'generation': 938}","{'id': 41636, 'rank': 9, 'fitness': 0.27074044433374056, 'generation': 938}","{'id': 41613, 'rank': 10, 'fitness': 0.2151165547635175, 'generation': 938}","{'id': 41638, 'rank': 11, 'fitness': 0.19534267727828386, 'generation': 938}","{'id': 41590, 'rank': 12, 'fitness': 0.1593248309558294, 'generation': 938}","{'id': 41633, 'rank': 13, 'fitness': 0.14191017636255165, 'generation': 938}","{'id': 41602, 'rank': 14, 'fitness': 0.11627952256394025, 'generation': 938}","{'id': 41628, 'rank': 15, 'fitness': 0.11249994594414531, 'generation': 938}","{'id': 41604, 'rank': 16, 'fitness': 0.09947921121275072, 'generation': 938}","{'id': 41585, 'rank': 17, 'fitness': 0.07281070817746582, 'generation': 938}","{'id': 41617, 'rank': 18, 'fitness': 0.05637710094453047, 'generation': 938}","{'id': 41608, 'rank': 19, 'fitness': 0.05636344139903898, 'generation': 938}","{'id': 41621, 'rank': 20, 'fitness': 0.04568254412566436, 'generation': 938}","{'id': 41591, 'rank': 21, 'fitness': 0.03823906052571463, 'generation': 938}","{'id': 41623, 'rank': 22, 'fitness': 0.037983445264280435, 'generation': 938}","{'id': 41612, 'rank': 23, 'fitness': 0.031746074249894896, 'generation': 938}","{'id': 41615, 'rank': 24, 'fitness': 0.031213126969669713, 'generation': 938}","{'id': 41586, 'rank': 25, 'fitness': 0.02990231252979325, 'generation': 938}","{'id': 41599, 'rank': 26, 'fitness': 0.02385219655118026, 'generation': 938}","{'id': 41589, 'rank': 27, 'fitness': 0.023184937823335194, 'generation': 938}","{'id': 41620, 'rank': 28, 'fitness': 0.02308813921383862, 'generation': 938}","{'id': 41619, 'rank': 29, 'fitness': 0.019573790227829457, 'generation': 938}","{'id': 41587, 'rank': 30, 'fitness': 0.01798620996209155, 'generation': 938}"
"{'id': 41660, 'rank': 1, 'fitness': 0.9820137900379085, 'generation': 939}","{'id': 41652, 'rank': 2, 'fitness': 0.9509040729671285, 'generation': 939}","{'id': 41673, 'rank': 3, 'fitness': 0.9279335105673423, 'generation': 939}","{'id': 41657, 'rank': 4, 'fitness': 0.9195105458457336, 'generation': 939}","{'id': 41669, 'rank': 5, 'fitness': 0.9156708042725741, 'generation': 939}","{'id': 41664, 'rank': 6, 'fitness': 0.8862302837040521, 'generation': 939}","{'id': 41646, 'rank': 7, 'fitness': 0.8680194896575327, 'generation': 939}","{'id': 41665, 'rank': 8, 'fitness': 0.8545570639356885, 'generation': 939}","{'id': 41671, 'rank': 9, 'fitness': 0.8291008714959226, 'generation': 939}","{'id': 41663, 'rank': 10, 'fitness': 0.8219797837303879, 'generation': 939}","{'id': 41661, 'rank': 11, 'fitness': 0.7296224309797127, 'generation': 939}","{'id': 41649, 'rank': 12, 'fitness': 0.6551628847364392, 'generation': 939}","{'id': 41670, 'rank': 13, 'fitness': 0.614629349487143, 'generation': 939}","{'id': 41659, 'rank': 14, 'fitness': 0.6082900064441416, 'generation': 939}","{'id': 41642, 'rank': 15, 'fitness': 0.5258066357941327, 'generation': 939}","{'id': 41662, 'rank': 16, 'fitness': 0.5068001214863578, 'generation': 939}","{'id': 41655, 'rank': 17, 'fitness': 0.4829127545078046, 'generation': 939}","{'id': 41650, 'rank': 18, 'fitness': 0.390989075230713, 'generation': 939}","{'id': 41653, 'rank': 19, 'fitness': 0.286312956496128, 'generation': 939}","{'id': 41644, 'rank': 20, 'fitness': 0.28002172218111876, 'generation': 939}","{'id': 41675, 'rank': 21, 'fitness': 0.2743821678713595, 'generation': 939}","{'id': 41674, 'rank': 22, 'fitness': 0.24911541045710744, 'generation': 939}","{'id': 41668, 'rank': 23, 'fitness': 0.24317276856376396, 'generation': 939}","{'id': 41647, 'rank': 24, 'fitness': 0.17995448508423173, 'generation': 939}","{'id': 41645, 'rank': 25, 'fitness': 0.0649351603186864, 'generation': 939}","{'id': 41654, 'rank': 26, 'fitness': 0.04089968081756129, 'generation': 939}","{'id': 41651, 'rank': 27, 'fitness': 0.03076779999625795, 'generation': 939}","{'id': 41676, 'rank': 28, 'fitness': 0.023474405840092416, 'generation': 939}","{'id': 41672, 'rank': 29, 'fitness': 0.023172673818559808, 'generation': 939}","{'id': 41643, 'rank': 30, 'fitness': 0.01798620996209155, 'generation': 939}"
"{'id': 41720, 'rank': 1, 'fitness': 0.9820137900379085, 'generation': 940}","{'id': 41725, 'rank': 2, 'fitness': 0.9706740556613291, 'generation': 940}","{'id': 41728, 'rank': 3, 'fitness': 0.9296848488361219, 'generation': 940}","{'id': 41712, 'rank': 4, 'fitness': 0.9164451227313882, 'generation': 940}","{'id': 41682, 'rank': 5, 'fitness': 0.8595616473071939, 'generation': 940}","{'id': 41708, 'rank': 6, 'fitness': 0.8383594965552756, 'generation': 940}","{'id': 41688, 'rank': 7, 'fitness': 0.3714531101893097, 'generation': 940}","{'id': 41699, 'rank': 8, 'fitness': 0.29103514488198123, 'generation': 940}","{'id': 41687, 'rank': 9, 'fitness': 0.26944000698828297, 'generation': 940}","{'id': 41718, 'rank': 10, 'fitness': 0.19782456756015288, 'generation': 940}","{'id': 41713, 'rank': 11, 'fitness': 0.17199715337717364, 'generation': 940}","{'id': 41683, 'rank': 12, 'fitness': 0.14758414247651652, 'generation': 940}","{'id': 41678, 'rank': 13, 'fitness': 0.12069751577072563, 'generation': 940}","{'id': 41724, 'rank': 14, 'fitness': 0.0789369239923286, 'generation': 940}","{'id': 41677, 'rank': 15, 'fitness': 0.07682670594364976, 'generation': 940}","{'id': 41697, 'rank': 16, 'fitness': 0.06713737932163344, 'generation': 940}","{'id': 41686, 'rank': 17, 'fitness': 0.06029567731413943, 'generation': 940}","{'id': 41715, 'rank': 18, 'fitness': 0.04510532568971937, 'generation': 940}","{'id': 41717, 'rank': 19, 'fitness': 0.04178190888908856, 'generation': 940}","{'id': 41714, 'rank': 20, 'fitness': 0.03621231838665323, 'generation': 940}","{'id': 41722, 'rank': 21, 'fitness': 0.03337809890001525, 'generation': 940}","{'id': 41710, 'rank': 22, 'fitness': 0.03251949212324834, 'generation': 940}","{'id': 41711, 'rank': 23, 'fitness': 0.028973679280112796, 'generation': 940}","{'id': 41719, 'rank': 24, 'fitness': 0.028170519932137206, 'generation': 940}","{'id': 41694, 'rank': 25, 'fitness': 0.0275657569548331, 'generation': 940}","{'id': 41704, 'rank': 26, 'fitness': 0.026665452789862043, 'generation': 940}","{'id': 41690, 'rank': 27, 'fitness': 0.024945683738029467, 'generation': 940}","{'id': 41696, 'rank': 28, 'fitness': 0.023278819526420802, 'generation': 940}","{'id': 41700, 'rank': 29, 'fitness': 0.01809544264388052, 'generation': 940}","{'id': 41693, 'rank': 30, 'fitness': 0.01798620996209155, 'generation': 940}"
"{'id': 41761, 'rank': 1, 'fitness': 0.9820137900379085, 'generation': 941}","{'id': 41760, 'rank': 2, 'fitness': 0.9169023033067337, 'generation': 941}","{'id': 41764, 'rank': 3, 'fitness': 0.8807889056288873, 'generation': 941}","{'id': 41752, 'rank': 4, 'fitness': 0.80629094517001, 'generation': 941}","{'id': 41745, 'rank': 5, 'fitness': 0.680707471780613, 'generation': 941}","{'id': 41756, 'rank': 6, 'fitness': 0.6551767956003797, 'generation': 941}","{'id': 41749, 'rank': 7, 'fitness': 0.6112793052342782, 'generation': 941}","{'id': 41744, 'rank': 8, 'fitness': 0.5877484320866238, 'generation': 941}","{'id': 41753, 'rank': 9, 'fitness': 0.5708789078212049, 'generation': 941}","{'id': 41755, 'rank': 10, 'fitness': 0.38094268649188956, 'generation': 941}","{'id': 41763, 'rank': 11, 'fitness': 0.3686681730458934, 'generation': 941}","{'id': 41766, 'rank': 12, 'fitness': 0.330735122617965, 'generation': 941}","{'id': 41762, 'rank': 13, 'fitness': 0.3165566010234412, 'generation': 941}","{'id': 41767, 'rank': 14, 'fitness': 0.2622747471474611, 'generation': 941}","{'id': 41740, 'rank': 15, 'fitness': 0.26136463788058323, 'generation': 941}","{'id': 41765, 'rank': 16, 'fitness': 0.19645351377178555, 'generation': 941}","{'id': 41758, 'rank': 17, 'fitness': 0.12599138228842133, 'generation': 941}","{'id': 41757, 'rank': 18, 'fitness': 0.11351598231517845, 'generation': 941}","{'id': 41738, 'rank': 19, 'fitness': 0.09910225226702951, 'generation': 941}","{'id': 41739, 'rank': 20, 'fitness': 0.08339671752539429, 'generation': 941}","{'id': 41746, 'rank': 21, 'fitness': 0.07959043409102895, 'generation': 941}","{'id': 41734, 'rank': 22, 'fitness': 0.06533958983435051, 'generation': 941}","{'id': 41735, 'rank': 23, 'fitness': 0.05837787103140868, 'generation': 941}","{'id': 41759, 'rank': 24, 'fitness': 0.037722355167583876, 'generation': 941}","{'id': 41748, 'rank': 25, 'fitness': 0.03669308889509981, 'generation': 941}","{'id': 41751, 'rank': 26, 'fitness': 0.03358441023393277, 'generation': 941}","{'id': 41750, 'rank': 27, 'fitness': 0.02760410906119415, 'generation': 941}","{'id': 41747, 'rank': 28, 'fitness': 0.023453689772058084, 'generation': 941}","{'id': 41733, 'rank': 29, 'fitness': 0.019476795222376886, 'generation': 941}","{'id': 41742, 'rank': 30, 'fitness': 0.01798620996209155, 'generation': 941}"
"{'id': 41779, 'rank': 1, 'fitness': 0.9820137900379085, 'generation': 942}","{'id': 41771, 'rank': 2, 'fitness': 0.977197015610944, 'generation': 942}","{'id': 41791, 'rank': 3, 'fitness': 0.9725989590673463, 'generation': 942}","{'id': 41808, 'rank': 4, 'fitness': 0.9439809709005669, 'generation': 942}","{'id': 41800, 'rank': 5, 'fitness': 0.8771005119431297, 'generation': 942}","{'id': 41810, 'rank': 6, 'fitness': 0.8448354317211096, 'generation': 942}","{'id': 41803, 'rank': 7, 'fitness': 0.6971042904249241, 'generation': 942}","{'id': 41796, 'rank': 8, 'fitness': 0.6963629040103044, 'generation': 942}","{'id': 41777, 'rank': 9, 'fitness': 0.6921029624254056, 'generation': 942}","{'id': 41786, 'rank': 10, 'fitness': 0.6647469718396012, 'generation': 942}","{'id': 41781, 'rank': 11, 'fitness': 0.4852707949019899, 'generation': 942}","{'id': 41789, 'rank': 12, 'fitness': 0.3150296656241871, 'generation': 942}","{'id': 41772, 'rank': 13, 'fitness': 0.2885120099067413, 'generation': 942}","{'id': 41780, 'rank': 14, 'fitness': 0.24340893337807357, 'generation': 942}","{'id': 41799, 'rank': 15, 'fitness': 0.2179960324855148, 'generation': 942}","{'id': 41798, 'rank': 16, 'fitness': 0.16839831525292231, 'generation': 942}","{'id': 41801, 'rank': 17, 'fitness': 0.15979460468539336, 'generation': 942}","{'id': 41809, 'rank': 18, 'fitness': 0.1496562771688662, 'generation': 942}","{'id': 41802, 'rank': 19, 'fitness': 0.14889683145921984, 'generation': 942}","{'id': 41794, 'rank': 20, 'fitness': 0.14467313311679764, 'generation': 942}","{'id': 41778, 'rank': 21, 'fitness': 0.1251487738149602, 'generation': 942}","{'id': 41797, 'rank': 22, 'fitness': 0.1166658402661021, 'generation': 942}","{'id': 41793, 'rank': 23, 'fitness': 0.11378393567430434, 'generation': 942}","{'id': 41795, 'rank': 24, 'fitness': 0.09450187526549575, 'generation': 942}","{'id': 41776, 'rank': 25, 'fitness': 0.06299020867438859, 'generation': 942}","{'id': 41775, 'rank': 26, 'fitness': 0.04849946855733789, 'generation': 942}","{'id': 41807, 'rank': 27, 'fitness': 0.04633507309721674, 'generation': 942}","{'id': 41806, 'rank': 28, 'fitness': 0.03592666682591478, 'generation': 942}","{'id': 41783, 'rank': 29, 'fitness': 0.030088193433838062, 'generation': 942}","{'id': 41790, 'rank': 30, 'fitness': 0.01798620996209155, 'generation': 942}"
"{'id': 41856, 'rank': 1, 'fitness': 0.9820137900379085, 'generation': 943}","{'id': 41854, 'rank': 2, 'fitness': 0.9590695805985738, 'generation': 943}","{'id': 41849, 'rank': 3, 'fitness': 0.9086537659363392, 'generation': 943}","{'id': 41840, 'rank': 4, 'fitness': 0.8758772187434432, 'generation': 943}","{'id': 41825, 'rank': 5, 'fitness': 0.8351580611430471, 'generation': 943}","{'id': 41843, 'rank': 6, 'fitness': 0.7346481760667946, 'generation': 943}","{'id': 41853, 'rank': 7, 'fitness': 0.6646559873850757, 'generation': 943}","{'id': 41846, 'rank': 8, 'fitness': 0.6099017148240734, 'generation': 943}","{'id': 41836, 'rank': 9, 'fitness': 0.5196966720710557, 'generation': 943}","{'id': 41848, 'rank': 10, 'fitness': 0.49341447000871086, 'generation': 943}","{'id': 41845, 'rank': 11, 'fitness': 0.448732365716989, 'generation': 943}","{'id': 41850, 'rank': 12, 'fitness': 0.33618358746747157, 'generation': 943}","{'id': 41822, 'rank': 13, 'fitness': 0.31883847230094087, 'generation': 943}","{'id': 41855, 'rank': 14, 'fitness': 0.3154659821757977, 'generation': 943}","{'id': 41826, 'rank': 15, 'fitness': 0.20936569001762678, 'generation': 943}","{'id': 41833, 'rank': 16, 'fitness': 0.14135968676881805, 'generation': 943}","{'id': 41851, 'rank': 17, 'fitness': 0.13980113475799438, 'generation': 943}","{'id': 41852, 'rank': 18, 'fitness': 0.11280427579164354, 'generation': 943}","{'id': 41828, 'rank': 19, 'fitness': 0.10695112974818377, 'generation': 943}","{'id': 41834, 'rank': 20, 'fitness': 0.0811217720282486, 'generation': 943}","{'id': 41817, 'rank': 21, 'fitness': 0.06553193361473775, 'generation': 943}","{'id': 41830, 'rank': 22, 'fitness': 0.04546774610763493, 'generation': 943}","{'id': 41857, 'rank': 23, 'fitness': 0.03781208708508299, 'generation': 943}","{'id': 41831, 'rank': 24, 'fitness': 0.03440108243629281, 'generation': 943}","{'id': 41841, 'rank': 25, 'fitness': 0.029807456647994668, 'generation': 943}","{'id': 41839, 'rank': 26, 'fitness': 0.023025631503962696, 'generation': 943}","{'id': 41837, 'rank': 27, 'fitness': 0.022112229172638276, 'generation': 943}","{'id': 41814, 'rank': 28, 'fitness': 0.022105421406894254, 'generation': 943}","{'id': 41838, 'rank': 29, 'fitness': 0.01800993080878649, 'generation': 943}","{'id': 41823, 'rank': 30, 'fitness': 0.01798620996209155, 'generation': 943}"
"{'id': 41903, 'rank': 1, 'fitness': 0.9820137900379085, 'generation': 944}","{'id': 41905, 'rank': 2, 'fitness': 0.9758924507889406, 'generation': 944}","{'id': 41902, 'rank': 3, 'fitness': 0.9724236873340274, 'generation': 944}","{'id': 41906, 'rank': 4, 'fitness': 0.960936989161464, 'generation': 944}","{'id': 41899, 'rank': 5, 'fitness': 0.889867472200529, 'generation': 944}","{'id': 41880, 'rank': 6, 'fitness': 0.8747824654081482, 'generation': 944}","{'id': 41900, 'rank': 7, 'fitness': 0.8157759577851178, 'generation': 944}","{'id': 41904, 'rank': 8, 'fitness': 0.6413155933965643, 'generation': 944}","{'id': 41884, 'rank': 9, 'fitness': 0.5813436514939532, 'generation': 944}","{'id': 41881, 'rank': 10, 'fitness': 0.5487277136963538, 'generation': 944}","{'id': 41869, 'rank': 11, 'fitness': 0.42942234035904525, 'generation': 944}","{'id': 41907, 'rank': 12, 'fitness': 0.40977866440378546, 'generation': 944}","{'id': 41879, 'rank': 13, 'fitness': 0.3163634473643346, 'generation': 944}","{'id': 41895, 'rank': 14, 'fitness': 0.2747851996580846, 'generation': 944}","{'id': 41889, 'rank': 15, 'fitness': 0.27119311122269185, 'generation': 944}","{'id': 41878, 'rank': 16, 'fitness': 0.2585778356055522, 'generation': 944}","{'id': 41888, 'rank': 17, 'fitness': 0.1759348254338478, 'generation': 944}","{'id': 41883, 'rank': 18, 'fitness': 0.1589787078445316, 'generation': 944}","{'id': 41897, 'rank': 19, 'fitness': 0.14930449297783793, 'generation': 944}","{'id': 41894, 'rank': 20, 'fitness': 0.1443478489417092, 'generation': 944}","{'id': 41868, 'rank': 21, 'fitness': 0.09999705674717224, 'generation': 944}","{'id': 41898, 'rank': 22, 'fitness': 0.09814286811917311, 'generation': 944}","{'id': 41893, 'rank': 23, 'fitness': 0.06379907302731058, 'generation': 944}","{'id': 41882, 'rank': 24, 'fitness': 0.05648748235458001, 'generation': 944}","{'id': 41877, 'rank': 25, 'fitness': 0.028369131256431923, 'generation': 944}","{'id': 41874, 'rank': 26, 'fitness': 0.02826000136336526, 'generation': 944}","{'id': 41891, 'rank': 27, 'fitness': 0.021430240130741463, 'generation': 944}","{'id': 41871, 'rank': 28, 'fitness': 0.020891826066884944, 'generation': 944}","{'id': 41866, 'rank': 29, 'fitness': 0.019442692999109112, 'generation': 944}","{'id': 41863, 'rank': 30, 'fitness': 0.01798620996209155, 'generation': 944}"
"{'id': 41937, 'rank': 1, 'fitness': 0.9820137900379085, 'generation': 945}","{'id': 41950, 'rank': 2, 'fitness': 0.971464176464834, 'generation': 945}","{'id': 41947, 'rank': 3, 'fitness': 0.8905038889213652, 'generation': 945}","{'id': 41951, 'rank': 4, 'fitness': 0.8734114189152946, 'generation': 945}","{'id': 41952, 'rank': 5, 'fitness': 0.8475983832366559, 'generation': 945}","{'id': 41957, 'rank': 6, 'fitness': 0.8024816240853084, 'generation': 945}","{'id': 41948, 'rank': 7, 'fitness': 0.7876748539565217, 'generation': 945}","{'id': 41940, 'rank': 8, 'fitness': 0.7279151759955624, 'generation': 945}","{'id': 41922, 'rank': 9, 'fitness': 0.5881362345078953, 'generation': 945}","{'id': 41944, 'rank': 10, 'fitness': 0.45176245039764606, 'generation': 945}","{'id': 41955, 'rank': 11, 'fitness': 0.43822064439095176, 'generation': 945}","{'id': 41936, 'rank': 12, 'fitness': 0.4059999454077836, 'generation': 945}","{'id': 41931, 'rank': 13, 'fitness': 0.34745014275231056, 'generation': 945}","{'id': 41924, 'rank': 14, 'fitness': 0.2546786658048502, 'generation': 945}","{'id': 41946, 'rank': 15, 'fitness': 0.23482582707782584, 'generation': 945}","{'id': 41920, 'rank': 16, 'fitness': 0.22650106480886428, 'generation': 945}","{'id': 41953, 'rank': 17, 'fitness': 0.2007071158349888, 'generation': 945}","{'id': 41938, 'rank': 18, 'fitness': 0.2001507745650617, 'generation': 945}","{'id': 41910, 'rank': 19, 'fitness': 0.13505378161582937, 'generation': 945}","{'id': 41927, 'rank': 20, 'fitness': 0.1253020108346048, 'generation': 945}","{'id': 41912, 'rank': 21, 'fitness': 0.10347591203683115, 'generation': 945}","{'id': 41939, 'rank': 22, 'fitness': 0.0496633569945531, 'generation': 945}","{'id': 41921, 'rank': 23, 'fitness': 0.04652823404958806, 'generation': 945}","{'id': 41941, 'rank': 24, 'fitness': 0.039145253015635206, 'generation': 945}","{'id': 41915, 'rank': 25, 'fitness': 0.031751307327020084, 'generation': 945}","{'id': 41954, 'rank': 26, 'fitness': 0.026574556821944095, 'generation': 945}","{'id': 41942, 'rank': 27, 'fitness': 0.02320821948948598, 'generation': 945}","{'id': 41930, 'rank': 28, 'fitness': 0.02207799159880347, 'generation': 945}","{'id': 41917, 'rank': 29, 'fitness': 0.019260633985364484, 'generation': 945}","{'id': 41909, 'rank': 30, 'fitness': 0.01798620996209155, 'generation': 945}"
"{'id': 41992, 'rank': 1, 'fitness': 0.9820137900379085, 'generation': 946}","{'id': 41986, 'rank': 2, 'fitness': 0.9237004433190068, 'generation': 946}","{'id': 41994, 'rank': 3, 'fitness': 0.9152472899454738, 'generation': 946}","{'id': 41999, 'rank': 4, 'fitness': 0.8899597681774482, 'generation': 946}","{'id': 42000, 'rank': 5, 'fitness': 0.8796274313711376, 'generation': 946}","{'id': 41982, 'rank': 6, 'fitness': 0.8665083023647118, 'generation': 946}","{'id': 41973, 'rank': 7, 'fitness': 0.8542610822698893, 'generation': 946}","{'id': 41964, 'rank': 8, 'fitness': 0.8176533433056473, 'generation': 946}","{'id': 41965, 'rank': 9, 'fitness': 0.688266484349858, 'generation': 946}","{'id': 41997, 'rank': 10, 'fitness': 0.6554053398277243, 'generation': 946}","{'id': 41995, 'rank': 11, 'fitness': 0.6351138563765784, 'generation': 946}","{'id': 41966, 'rank': 12, 'fitness': 0.568064076556684, 'generation': 946}","{'id': 41984, 'rank': 13, 'fitness': 0.49821841129659655, 'generation': 946}","{'id': 41988, 'rank': 14, 'fitness': 0.3540264939227359, 'generation': 946}","{'id': 41998, 'rank': 15, 'fitness': 0.2670427213307705, 'generation': 946}","{'id': 41990, 'rank': 16, 'fitness': 0.21579509630937033, 'generation': 946}","{'id': 41993, 'rank': 17, 'fitness': 0.1746861381036472, 'generation': 946}","{'id': 41991, 'rank': 18, 'fitness': 0.15678296887925908, 'generation': 946}","{'id': 41958, 'rank': 19, 'fitness': 0.10621363701169456, 'generation': 946}","{'id': 41996, 'rank': 20, 'fitness': 0.09247629283193926, 'generation': 946}","{'id': 41983, 'rank': 21, 'fitness': 0.06382934167760335, 'generation': 946}","{'id': 41963, 'rank': 22, 'fitness': 0.062490815828865676, 'generation': 946}","{'id': 41978, 'rank': 23, 'fitness': 0.05845204000682169, 'generation': 946}","{'id': 41987, 'rank': 24, 'fitness': 0.04825108053488941, 'generation': 946}","{'id': 41976, 'rank': 25, 'fitness': 0.04393454630224969, 'generation': 946}","{'id': 41959, 'rank': 26, 'fitness': 0.03958982996430871, 'generation': 946}","{'id': 41981, 'rank': 27, 'fitness': 0.026736354803658824, 'generation': 946}","{'id': 41969, 'rank': 28, 'fitness': 0.019398443520373787, 'generation': 946}","{'id': 41975, 'rank': 29, 'fitness': 0.01805450394086444, 'generation': 946}","{'id': 41972, 'rank': 30, 'fitness': 0.01798620996209155, 'generation': 946}"
"{'id': 42051, 'rank': 1, 'fitness': 0.9820137900379085, 'generation': 947}","{'id': 42059, 'rank': 2, 'fitness': 0.948380855206448, 'generation': 947}","{'id': 42057, 'rank': 3, 'fitness': 0.8315332512205853, 'generation': 947}","{'id': 42060, 'rank': 4, 'fitness': 0.8271110413476005, 'generation': 947}","{'id': 42035, 'rank': 5, 'fitness': 0.7958926806801067, 'generation': 947}","{'id': 42006, 'rank': 6, 'fitness': 0.7442130027857206, 'generation': 947}","{'id': 42042, 'rank': 7, 'fitness': 0.5910943934319733, 'generation': 947}","{'id': 42045, 'rank': 8, 'fitness': 0.49765760179898744, 'generation': 947}","{'id': 42048, 'rank': 9, 'fitness': 0.456303525954031, 'generation': 947}","{'id': 42019, 'rank': 10, 'fitness': 0.31365375150115027, 'generation': 947}","{'id': 42050, 'rank': 11, 'fitness': 0.30594563380449463, 'generation': 947}","{'id': 42058, 'rank': 12, 'fitness': 0.23449307009915377, 'generation': 947}","{'id': 42046, 'rank': 13, 'fitness': 0.18360437731050544, 'generation': 947}","{'id': 42053, 'rank': 14, 'fitness': 0.13388100329233166, 'generation': 947}","{'id': 42031, 'rank': 15, 'fitness': 0.09797462407169877, 'generation': 947}","{'id': 42005, 'rank': 16, 'fitness': 0.0713982203744512, 'generation': 947}","{'id': 42011, 'rank': 17, 'fitness': 0.0660163647722199, 'generation': 947}","{'id': 42061, 'rank': 18, 'fitness': 0.061189556588878036, 'generation': 947}","{'id': 42047, 'rank': 19, 'fitness': 0.05663391576265836, 'generation': 947}","{'id': 42015, 'rank': 20, 'fitness': 0.05395127554658263, 'generation': 947}","{'id': 42044, 'rank': 21, 'fitness': 0.05288391478687504, 'generation': 947}","{'id': 42049, 'rank': 22, 'fitness': 0.04941329664276001, 'generation': 947}","{'id': 42043, 'rank': 23, 'fitness': 0.04349514402696264, 'generation': 947}","{'id': 42054, 'rank': 24, 'fitness': 0.03061596485826401, 'generation': 947}","{'id': 42040, 'rank': 25, 'fitness': 0.02991936129729783, 'generation': 947}","{'id': 42010, 'rank': 26, 'fitness': 0.028386910941997634, 'generation': 947}","{'id': 42039, 'rank': 27, 'fitness': 0.0266090034659488, 'generation': 947}","{'id': 42030, 'rank': 28, 'fitness': 0.02034910242665866, 'generation': 947}","{'id': 42032, 'rank': 29, 'fitness': 0.019729185695645968, 'generation': 947}","{'id': 42028, 'rank': 30, 'fitness': 0.01798620996209155, 'generation': 947}"
"{'id': 42097, 'rank': 1, 'fitness': 0.9820137900379085, 'generation': 948}","{'id': 42083, 'rank': 2, 'fitness': 0.8474664707050457, 'generation': 948}","{'id': 42066, 'rank': 3, 'fitness': 0.8112470134927972, 'generation': 948}","{'id': 42079, 'rank': 4, 'fitness': 0.7637505087743213, 'generation': 948}","{'id': 42084, 'rank': 5, 'fitness': 0.7078823443618383, 'generation': 948}","{'id': 42092, 'rank': 6, 'fitness': 0.44644182342782873, 'generation': 948}","{'id': 42091, 'rank': 7, 'fitness': 0.4278721721382286, 'generation': 948}","{'id': 42075, 'rank': 8, 'fitness': 0.348278910193521, 'generation': 948}","{'id': 42076, 'rank': 9, 'fitness': 0.31722225776768753, 'generation': 948}","{'id': 42088, 'rank': 10, 'fitness': 0.2605369950747229, 'generation': 948}","{'id': 42094, 'rank': 11, 'fitness': 0.24585945745150223, 'generation': 948}","{'id': 42065, 'rank': 12, 'fitness': 0.2014557862057474, 'generation': 948}","{'id': 42081, 'rank': 13, 'fitness': 0.19066476090202877, 'generation': 948}","{'id': 42062, 'rank': 14, 'fitness': 0.176874867816755, 'generation': 948}","{'id': 42085, 'rank': 15, 'fitness': 0.1750874706689271, 'generation': 948}","{'id': 42082, 'rank': 16, 'fitness': 0.1365042990502326, 'generation': 948}","{'id': 42098, 'rank': 17, 'fitness': 0.11113726221837122, 'generation': 948}","{'id': 42070, 'rank': 18, 'fitness': 0.10540826369311879, 'generation': 948}","{'id': 42086, 'rank': 19, 'fitness': 0.09587666530191141, 'generation': 948}","{'id': 42096, 'rank': 20, 'fitness': 0.07197667755752002, 'generation': 948}","{'id': 42087, 'rank': 21, 'fitness': 0.05248546103825963, 'generation': 948}","{'id': 42073, 'rank': 22, 'fitness': 0.05116689863425694, 'generation': 948}","{'id': 42064, 'rank': 23, 'fitness': 0.04699671122405463, 'generation': 948}","{'id': 42074, 'rank': 24, 'fitness': 0.032327062789260064, 'generation': 948}","{'id': 42093, 'rank': 25, 'fitness': 0.02830609485643415, 'generation': 948}","{'id': 42089, 'rank': 26, 'fitness': 0.02604444662536326, 'generation': 948}","{'id': 42071, 'rank': 27, 'fitness': 0.024709133690624774, 'generation': 948}","{'id': 42067, 'rank': 28, 'fitness': 0.023277528376365153, 'generation': 948}","{'id': 42077, 'rank': 29, 'fitness': 0.01804168419027513, 'generation': 948}","{'id': 42080, 'rank': 30, 'fitness': 0.01798620996209155, 'generation': 948}"
"{'id': 42134, 'rank': 1, 'fitness': 0.9820137900379085, 'generation': 949}","{'id': 42114, 'rank': 2, 'fitness': 0.9800261840577451, 'generation': 949}","{'id': 42138, 'rank': 3, 'fitness': 0.9449878348747924, 'generation': 949}","{'id': 42111, 'rank': 4, 'fitness': 0.9285883172380077, 'generation': 949}","{'id': 42112, 'rank': 5, 'fitness': 0.9274456979748739, 'generation': 949}","{'id': 42129, 'rank': 6, 'fitness': 0.9098098924816165, 'generation': 949}","{'id': 42130, 'rank': 7, 'fitness': 0.853519568132652, 'generation': 949}","{'id': 42099, 'rank': 8, 'fitness': 0.8421692063437686, 'generation': 949}","{'id': 42121, 'rank': 9, 'fitness': 0.6222282563141566, 'generation': 949}","{'id': 42118, 'rank': 10, 'fitness': 0.6125975384444464, 'generation': 949}","{'id': 42132, 'rank': 11, 'fitness': 0.6062243835068616, 'generation': 949}","{'id': 42127, 'rank': 12, 'fitness': 0.6061228832196284, 'generation': 949}","{'id': 42109, 'rank': 13, 'fitness': 0.5861191030905357, 'generation': 949}","{'id': 42137, 'rank': 14, 'fitness': 0.4994865894817928, 'generation': 949}","{'id': 42131, 'rank': 15, 'fitness': 0.44791459594873856, 'generation': 949}","{'id': 42125, 'rank': 16, 'fitness': 0.4178902399818158, 'generation': 949}","{'id': 42141, 'rank': 17, 'fitness': 0.39635267771597904, 'generation': 949}","{'id': 42101, 'rank': 18, 'fitness': 0.38468093289799105, 'generation': 949}","{'id': 42140, 'rank': 19, 'fitness': 0.31832477792746405, 'generation': 949}","{'id': 42113, 'rank': 20, 'fitness': 0.2785937482066916, 'generation': 949}","{'id': 42136, 'rank': 21, 'fitness': 0.16003344780032003, 'generation': 949}","{'id': 42124, 'rank': 22, 'fitness': 0.1394492526273674, 'generation': 949}","{'id': 42123, 'rank': 23, 'fitness': 0.1338341979509181, 'generation': 949}","{'id': 42102, 'rank': 24, 'fitness': 0.1202423523304662, 'generation': 949}","{'id': 42128, 'rank': 25, 'fitness': 0.07454710022538102, 'generation': 949}","{'id': 42133, 'rank': 26, 'fitness': 0.06088504337163725, 'generation': 949}","{'id': 42139, 'rank': 27, 'fitness': 0.05969272226582584, 'generation': 949}","{'id': 42120, 'rank': 28, 'fitness': 0.056877317726371335, 'generation': 949}","{'id': 42115, 'rank': 29, 'fitness': 0.0433801703106112, 'generation': 949}","{'id': 42105, 'rank': 30, 'fitness': 0.01798620996209155, 'generation': 949}"
"{'id': 42178, 'rank': 1, 'fitness': 0.9820137900379085, 'generation': 950}","{'id': 42179, 'rank': 2, 'fitness': 0.9347653659389884, 'generation': 950}","{'id': 42188, 'rank': 3, 'fitness': 0.7720034636335189, 'generation': 950}","{'id': 42186, 'rank': 4, 'fitness': 0.7698872808752424, 'generation': 950}","{'id': 42185, 'rank': 5, 'fitness': 0.7256726753379086, 'generation': 950}","{'id': 42189, 'rank': 6, 'fitness': 0.6488112914973982, 'generation': 950}","{'id': 42167, 'rank': 7, 'fitness': 0.23114022941078088, 'generation': 950}","{'id': 42166, 'rank': 8, 'fitness': 0.20418055802129093, 'generation': 950}","{'id': 42175, 'rank': 9, 'fitness': 0.16613929667255262, 'generation': 950}","{'id': 42169, 'rank': 10, 'fitness': 0.16291393492486067, 'generation': 950}","{'id': 42158, 'rank': 11, 'fitness': 0.15590529300819278, 'generation': 950}","{'id': 42180, 'rank': 12, 'fitness': 0.1455204501727151, 'generation': 950}","{'id': 42170, 'rank': 13, 'fitness': 0.12791461213935973, 'generation': 950}","{'id': 42177, 'rank': 14, 'fitness': 0.12401696905234483, 'generation': 950}","{'id': 42173, 'rank': 15, 'fitness': 0.09542207268073033, 'generation': 950}","{'id': 42151, 'rank': 16, 'fitness': 0.095126072676537, 'generation': 950}","{'id': 42183, 'rank': 17, 'fitness': 0.08740890682789082, 'generation': 950}","{'id': 42143, 'rank': 18, 'fitness': 0.08271539984487519, 'generation': 950}","{'id': 42162, 'rank': 19, 'fitness': 0.06195856151766921, 'generation': 950}","{'id': 42182, 'rank': 20, 'fitness': 0.05538320085170123, 'generation': 950}","{'id': 42153, 'rank': 21, 'fitness': 0.055045113702831716, 'generation': 950}","{'id': 42142, 'rank': 22, 'fitness': 0.053446614309553664, 'generation': 950}","{'id': 42181, 'rank': 23, 'fitness': 0.04201143060052914, 'generation': 950}","{'id': 42164, 'rank': 24, 'fitness': 0.04200890845562555, 'generation': 950}","{'id': 42187, 'rank': 25, 'fitness': 0.03572010210301657, 'generation': 950}","{'id': 42184, 'rank': 26, 'fitness': 0.031202697264031964, 'generation': 950}","{'id': 42144, 'rank': 27, 'fitness': 0.022062341525358464, 'generation': 950}","{'id': 42176, 'rank': 28, 'fitness': 0.021572812161439858, 'generation': 950}","{'id': 42168, 'rank': 29, 'fitness': 0.018076634530421243, 'generation': 950}","{'id': 42155, 'rank': 30, 'fitness': 0.01798620996209155, 'generation': 950}"
"{'id': 42224, 'rank': 1, 'fitness': 0.9820137900379085, 'generation': 951}","{'id': 42216, 'rank': 2, 'fitness': 0.9605961209174922, 'generation': 951}","{'id': 42226, 'rank': 3, 'fitness': 0.9604909628194108, 'generation': 951}","{'id': 42228, 'rank': 4, 'fitness': 0.9542828607869227, 'generation': 951}","{'id': 42229, 'rank': 5, 'fitness': 0.8985646641217431, 'generation': 951}","{'id': 42230, 'rank': 6, 'fitness': 0.873271397564395, 'generation': 951}","{'id': 42212, 'rank': 7, 'fitness': 0.766312767731098, 'generation': 951}","{'id': 42197, 'rank': 8, 'fitness': 0.7227990424328551, 'generation': 951}","{'id': 42231, 'rank': 9, 'fitness': 0.7175744122299267, 'generation': 951}","{'id': 42221, 'rank': 10, 'fitness': 0.698725837020755, 'generation': 951}","{'id': 42227, 'rank': 11, 'fitness': 0.6663975359196759, 'generation': 951}","{'id': 42219, 'rank': 12, 'fitness': 0.6627318353751123, 'generation': 951}","{'id': 42211, 'rank': 13, 'fitness': 0.6555874113450072, 'generation': 951}","{'id': 42213, 'rank': 14, 'fitness': 0.5282296461962545, 'generation': 951}","{'id': 42215, 'rank': 15, 'fitness': 0.4468845015592103, 'generation': 951}","{'id': 42223, 'rank': 16, 'fitness': 0.25914264424432343, 'generation': 951}","{'id': 42204, 'rank': 17, 'fitness': 0.19338885355287777, 'generation': 951}","{'id': 42208, 'rank': 18, 'fitness': 0.15198588721178685, 'generation': 951}","{'id': 42218, 'rank': 19, 'fitness': 0.11352734338151771, 'generation': 951}","{'id': 42206, 'rank': 20, 'fitness': 0.11039465694031958, 'generation': 951}","{'id': 42203, 'rank': 21, 'fitness': 0.09921099679107681, 'generation': 951}","{'id': 42220, 'rank': 22, 'fitness': 0.09488699449477012, 'generation': 951}","{'id': 42202, 'rank': 23, 'fitness': 0.05383648857163037, 'generation': 951}","{'id': 42210, 'rank': 24, 'fitness': 0.046837370648346366, 'generation': 951}","{'id': 42222, 'rank': 25, 'fitness': 0.04498624937506607, 'generation': 951}","{'id': 42217, 'rank': 26, 'fitness': 0.035427924313440884, 'generation': 951}","{'id': 42205, 'rank': 27, 'fitness': 0.03153366955192394, 'generation': 951}","{'id': 42201, 'rank': 28, 'fitness': 0.023424083993835165, 'generation': 951}","{'id': 42199, 'rank': 29, 'fitness': 0.021447266961460265, 'generation': 951}","{'id': 42196, 'rank': 30, 'fitness': 0.01798620996209155, 'generation': 951}"
"{'id': 42271, 'rank': 1, 'fitness': 0.9820137900379085, 'generation': 952}","{'id': 42265, 'rank': 2, 'fitness': 0.9743320544846527, 'generation': 952}","{'id': 42277, 'rank': 3, 'fitness': 0.9505441175651295, 'generation': 952}","{'id': 42272, 'rank': 4, 'fitness': 0.9264615810626354, 'generation': 952}","{'id': 42260, 'rank': 5, 'fitness': 0.9225422373330137, 'generation': 952}","{'id': 42269, 'rank': 6, 'fitness': 0.922212174144188, 'generation': 952}","{'id': 42263, 'rank': 7, 'fitness': 0.9155828144854526, 'generation': 952}","{'id': 42245, 'rank': 8, 'fitness': 0.8091327267872008, 'generation': 952}","{'id': 42276, 'rank': 9, 'fitness': 0.7101644391657952, 'generation': 952}","{'id': 42275, 'rank': 10, 'fitness': 0.6726390638775553, 'generation': 952}","{'id': 42267, 'rank': 11, 'fitness': 0.618452028402888, 'generation': 952}","{'id': 42250, 'rank': 12, 'fitness': 0.39801218174914016, 'generation': 952}","{'id': 42251, 'rank': 13, 'fitness': 0.3764159915821726, 'generation': 952}","{'id': 42274, 'rank': 14, 'fitness': 0.3158854149631739, 'generation': 952}","{'id': 42243, 'rank': 15, 'fitness': 0.20439049236340007, 'generation': 952}","{'id': 42257, 'rank': 16, 'fitness': 0.17954207942694844, 'generation': 952}","{'id': 42248, 'rank': 17, 'fitness': 0.12863609552552863, 'generation': 952}","{'id': 42262, 'rank': 18, 'fitness': 0.12604028508337373, 'generation': 952}","{'id': 42255, 'rank': 19, 'fitness': 0.11405911599037977, 'generation': 952}","{'id': 42234, 'rank': 20, 'fitness': 0.11153773204280482, 'generation': 952}","{'id': 42244, 'rank': 21, 'fitness': 0.10449621121217251, 'generation': 952}","{'id': 42273, 'rank': 22, 'fitness': 0.04358008714281719, 'generation': 952}","{'id': 42249, 'rank': 23, 'fitness': 0.040254037268975806, 'generation': 952}","{'id': 42252, 'rank': 24, 'fitness': 0.03375494869665563, 'generation': 952}","{'id': 42254, 'rank': 25, 'fitness': 0.032570481752929314, 'generation': 952}","{'id': 42236, 'rank': 26, 'fitness': 0.02381624289975731, 'generation': 952}","{'id': 42268, 'rank': 27, 'fitness': 0.02217010164458183, 'generation': 952}","{'id': 42247, 'rank': 28, 'fitness': 0.020864141106002432, 'generation': 952}","{'id': 42240, 'rank': 29, 'fitness': 0.018487948829378542, 'generation': 952}","{'id': 42241, 'rank': 30, 'fitness': 0.01798620996209155, 'generation': 952}"
"{'id': 42293, 'rank': 1, 'fitness': 0.9820137900379085, 'generation': 953}","{'id': 42296, 'rank': 2, 'fitness': 0.9764251404384199, 'generation': 953}","{'id': 42299, 'rank': 3, 'fitness': 0.9531255106839236, 'generation': 953}","{'id': 42312, 'rank': 4, 'fitness': 0.8657719882525239, 'generation': 953}","{'id': 42325, 'rank': 5, 'fitness': 0.8358691808901906, 'generation': 953}","{'id': 42288, 'rank': 6, 'fitness': 0.8327684485837714, 'generation': 953}","{'id': 42313, 'rank': 7, 'fitness': 0.8253584865523509, 'generation': 953}","{'id': 42324, 'rank': 8, 'fitness': 0.7595573102766466, 'generation': 953}","{'id': 42292, 'rank': 9, 'fitness': 0.7075848927374946, 'generation': 953}","{'id': 42316, 'rank': 10, 'fitness': 0.5848966073505742, 'generation': 953}","{'id': 42314, 'rank': 11, 'fitness': 0.3709689989578622, 'generation': 953}","{'id': 42309, 'rank': 12, 'fitness': 0.36747860326152965, 'generation': 953}","{'id': 42317, 'rank': 13, 'fitness': 0.3198741153231007, 'generation': 953}","{'id': 42323, 'rank': 14, 'fitness': 0.2656828842491528, 'generation': 953}","{'id': 42319, 'rank': 15, 'fitness': 0.1874659866973773, 'generation': 953}","{'id': 42321, 'rank': 16, 'fitness': 0.186337986757806, 'generation': 953}","{'id': 42282, 'rank': 17, 'fitness': 0.17005108553144882, 'generation': 953}","{'id': 42301, 'rank': 18, 'fitness': 0.13645750154029623, 'generation': 953}","{'id': 42315, 'rank': 19, 'fitness': 0.11038117394059571, 'generation': 953}","{'id': 42291, 'rank': 20, 'fitness': 0.09924210751986529, 'generation': 953}","{'id': 42310, 'rank': 21, 'fitness': 0.09206967188772608, 'generation': 953}","{'id': 42289, 'rank': 22, 'fitness': 0.08176433358426238, 'generation': 953}","{'id': 42318, 'rank': 23, 'fitness': 0.07894265568652575, 'generation': 953}","{'id': 42283, 'rank': 24, 'fitness': 0.07355539689482976, 'generation': 953}","{'id': 42306, 'rank': 25, 'fitness': 0.05628764985017343, 'generation': 953}","{'id': 42284, 'rank': 26, 'fitness': 0.05096247971667667, 'generation': 953}","{'id': 42322, 'rank': 27, 'fitness': 0.04641648950011695, 'generation': 953}","{'id': 42305, 'rank': 28, 'fitness': 0.034888281286372225, 'generation': 953}","{'id': 42320, 'rank': 29, 'fitness': 0.024112858804006876, 'generation': 953}","{'id': 42280, 'rank': 30, 'fitness': 0.01798620996209155, 'generation': 953}"
"{'id': 42354, 'rank': 1, 'fitness': 0.9820137900379085, 'generation': 954}","{'id': 42358, 'rank': 2, 'fitness': 0.9332355164155339, 'generation': 954}","{'id': 42367, 'rank': 3, 'fitness': 0.7915733822871563, 'generation': 954}","{'id': 42343, 'rank': 4, 'fitness': 0.517940152387157, 'generation': 954}","{'id': 42365, 'rank': 5, 'fitness': 0.41682882992182335, 'generation': 954}","{'id': 42366, 'rank': 6, 'fitness': 0.3618985333369976, 'generation': 954}","{'id': 42350, 'rank': 7, 'fitness': 0.3200298660227333, 'generation': 954}","{'id': 42353, 'rank': 8, 'fitness': 0.30070826830617287, 'generation': 954}","{'id': 42351, 'rank': 9, 'fitness': 0.25672453696848063, 'generation': 954}","{'id': 42356, 'rank': 10, 'fitness': 0.23851457882365545, 'generation': 954}","{'id': 42368, 'rank': 11, 'fitness': 0.23478453600594795, 'generation': 954}","{'id': 42369, 'rank': 12, 'fitness': 0.22961075321547747, 'generation': 954}","{'id': 42364, 'rank': 13, 'fitness': 0.2235434962206314, 'generation': 954}","{'id': 42361, 'rank': 14, 'fitness': 0.15757299459640056, 'generation': 954}","{'id': 42363, 'rank': 15, 'fitness': 0.15458997683746523, 'generation': 954}","{'id': 42355, 'rank': 16, 'fitness': 0.1466487934693671, 'generation': 954}","{'id': 42349, 'rank': 17, 'fitness': 0.12131670942915984, 'generation': 954}","{'id': 42357, 'rank': 18, 'fitness': 0.11576465135106406, 'generation': 954}","{'id': 42348, 'rank': 19, 'fitness': 0.11169734236348644, 'generation': 954}","{'id': 42359, 'rank': 20, 'fitness': 0.10832012449193695, 'generation': 954}","{'id': 42360, 'rank': 21, 'fitness': 0.10333278735202728, 'generation': 954}","{'id': 42352, 'rank': 22, 'fitness': 0.08970334249648132, 'generation': 954}","{'id': 42339, 'rank': 23, 'fitness': 0.08645187194360193, 'generation': 954}","{'id': 42370, 'rank': 24, 'fitness': 0.06621549966336004, 'generation': 954}","{'id': 42342, 'rank': 25, 'fitness': 0.05261146023545865, 'generation': 954}","{'id': 42335, 'rank': 26, 'fitness': 0.04887012464027446, 'generation': 954}","{'id': 42329, 'rank': 27, 'fitness': 0.028686482601874952, 'generation': 954}","{'id': 42333, 'rank': 28, 'fitness': 0.023342943549210016, 'generation': 954}","{'id': 42338, 'rank': 29, 'fitness': 0.01880733151228403, 'generation': 954}","{'id': 42344, 'rank': 30, 'fitness': 0.01798620996209155, 'generation': 954}"
"{'id': 42402, 'rank': 1, 'fitness': 0.9820137900379085, 'generation': 955}","{'id': 42384, 'rank': 2, 'fitness': 0.9361631100257384, 'generation': 955}","{'id': 42397, 'rank': 3, 'fitness': 0.874499700308413, 'generation': 955}","{'id': 42401, 'rank': 4, 'fitness': 0.8495114470705117, 'generation': 955}","{'id': 42396, 'rank': 5, 'fitness': 0.8370097351600421, 'generation': 955}","{'id': 42393, 'rank': 6, 'fitness': 0.8194425933675804, 'generation': 955}","{'id': 42391, 'rank': 7, 'fitness': 0.7807182429819364, 'generation': 955}","{'id': 42387, 'rank': 8, 'fitness': 0.7439574285289949, 'generation': 955}","{'id': 42403, 'rank': 9, 'fitness': 0.7019894624120986, 'generation': 955}","{'id': 42398, 'rank': 10, 'fitness': 0.5342268946596394, 'generation': 955}","{'id': 42380, 'rank': 11, 'fitness': 0.5230884118310355, 'generation': 955}","{'id': 42385, 'rank': 12, 'fitness': 0.5119607094305757, 'generation': 955}","{'id': 42394, 'rank': 13, 'fitness': 0.4593862202374573, 'generation': 955}","{'id': 42374, 'rank': 14, 'fitness': 0.3965298526914741, 'generation': 955}","{'id': 42376, 'rank': 15, 'fitness': 0.38259870340903235, 'generation': 955}","{'id': 42388, 'rank': 16, 'fitness': 0.24150784828061672, 'generation': 955}","{'id': 42386, 'rank': 17, 'fitness': 0.2194964246267203, 'generation': 955}","{'id': 42377, 'rank': 18, 'fitness': 0.2054682273382854, 'generation': 955}","{'id': 42372, 'rank': 19, 'fitness': 0.19227827315641993, 'generation': 955}","{'id': 42392, 'rank': 20, 'fitness': 0.10721984693120029, 'generation': 955}","{'id': 42400, 'rank': 21, 'fitness': 0.0996084933911186, 'generation': 955}","{'id': 42404, 'rank': 22, 'fitness': 0.08274872277019563, 'generation': 955}","{'id': 42375, 'rank': 23, 'fitness': 0.07614502502476406, 'generation': 955}","{'id': 42371, 'rank': 24, 'fitness': 0.061783746570589826, 'generation': 955}","{'id': 42378, 'rank': 25, 'fitness': 0.03825190201278905, 'generation': 955}","{'id': 42383, 'rank': 26, 'fitness': 0.03749369768907823, 'generation': 955}","{'id': 42405, 'rank': 27, 'fitness': 0.03268712083123626, 'generation': 955}","{'id': 42399, 'rank': 28, 'fitness': 0.01958970837284285, 'generation': 955}","{'id': 42390, 'rank': 29, 'fitness': 0.018581324764213147, 'generation': 955}","{'id': 42389, 'rank': 30, 'fitness': 0.01798620996209155, 'generation': 955}"
"{'id': 42448, 'rank': 1, 'fitness': 0.9820137900379085, 'generation': 956}","{'id': 42438, 'rank': 2, 'fitness': 0.9384035575888827, 'generation': 956}","{'id': 42443, 'rank': 3, 'fitness': 0.6425391840666953, 'generation': 956}","{'id': 42453, 'rank': 4, 'fitness': 0.48101489224577687, 'generation': 956}","{'id': 42428, 'rank': 5, 'fitness': 0.3790122726676051, 'generation': 956}","{'id': 42406, 'rank': 6, 'fitness': 0.3425857502161639, 'generation': 956}","{'id': 42419, 'rank': 7, 'fitness': 0.3353045438679233, 'generation': 956}","{'id': 42431, 'rank': 8, 'fitness': 0.27270219175923827, 'generation': 956}","{'id': 42425, 'rank': 9, 'fitness': 0.2270896460872759, 'generation': 956}","{'id': 42427, 'rank': 10, 'fitness': 0.19864888581242057, 'generation': 956}","{'id': 42446, 'rank': 11, 'fitness': 0.18228189918922927, 'generation': 956}","{'id': 42452, 'rank': 12, 'fitness': 0.15461836391003997, 'generation': 956}","{'id': 42454, 'rank': 13, 'fitness': 0.14959593042791913, 'generation': 956}","{'id': 42447, 'rank': 14, 'fitness': 0.14954083208654784, 'generation': 956}","{'id': 42449, 'rank': 15, 'fitness': 0.1148155817984815, 'generation': 956}","{'id': 42442, 'rank': 16, 'fitness': 0.11394619878274048, 'generation': 956}","{'id': 42433, 'rank': 17, 'fitness': 0.105896073293262, 'generation': 956}","{'id': 42422, 'rank': 18, 'fitness': 0.09771630412132826, 'generation': 956}","{'id': 42409, 'rank': 19, 'fitness': 0.07106324677358739, 'generation': 956}","{'id': 42420, 'rank': 20, 'fitness': 0.05301773166487128, 'generation': 956}","{'id': 42435, 'rank': 21, 'fitness': 0.04828057461283042, 'generation': 956}","{'id': 42439, 'rank': 22, 'fitness': 0.04668300483089488, 'generation': 956}","{'id': 42440, 'rank': 23, 'fitness': 0.039229977990988485, 'generation': 956}","{'id': 42437, 'rank': 24, 'fitness': 0.036751616133349985, 'generation': 956}","{'id': 42451, 'rank': 25, 'fitness': 0.029072128914323203, 'generation': 956}","{'id': 42441, 'rank': 26, 'fitness': 0.02717148111072698, 'generation': 956}","{'id': 42423, 'rank': 27, 'fitness': 0.024264083545413095, 'generation': 956}","{'id': 42450, 'rank': 28, 'fitness': 0.02415297459018012, 'generation': 956}","{'id': 42410, 'rank': 29, 'fitness': 0.020327345398150842, 'generation': 956}","{'id': 42417, 'rank': 30, 'fitness': 0.01798620996209155, 'generation': 956}"
"{'id': 42478, 'rank': 1, 'fitness': 0.9820137900379085, 'generation': 957}","{'id': 42465, 'rank': 2, 'fitness': 0.9762753531328882, 'generation': 957}","{'id': 42459, 'rank': 3, 'fitness': 0.9675283256987728, 'generation': 957}","{'id': 42473, 'rank': 4, 'fitness': 0.9444835145254719, 'generation': 957}","{'id': 42485, 'rank': 5, 'fitness': 0.9285243593403717, 'generation': 957}","{'id': 42481, 'rank': 6, 'fitness': 0.9181277982454856, 'generation': 957}","{'id': 42479, 'rank': 7, 'fitness': 0.8959268725071527, 'generation': 957}","{'id': 42477, 'rank': 8, 'fitness': 0.811380249974408, 'generation': 957}","{'id': 42476, 'rank': 9, 'fitness': 0.7992448364342688, 'generation': 957}","{'id': 42486, 'rank': 10, 'fitness': 0.7982071314326449, 'generation': 957}","{'id': 42483, 'rank': 11, 'fitness': 0.6892288209832631, 'generation': 957}","{'id': 42472, 'rank': 12, 'fitness': 0.6466748807764924, 'generation': 957}","{'id': 42470, 'rank': 13, 'fitness': 0.4075596702842213, 'generation': 957}","{'id': 42474, 'rank': 14, 'fitness': 0.38733650961426586, 'generation': 957}","{'id': 42467, 'rank': 15, 'fitness': 0.2949697665681409, 'generation': 957}","{'id': 42457, 'rank': 16, 'fitness': 0.2874055195515288, 'generation': 957}","{'id': 42463, 'rank': 17, 'fitness': 0.23690427055942875, 'generation': 957}","{'id': 42464, 'rank': 18, 'fitness': 0.20465215256280866, 'generation': 957}","{'id': 42482, 'rank': 19, 'fitness': 0.18422308881968447, 'generation': 957}","{'id': 42461, 'rank': 20, 'fitness': 0.16591182395592452, 'generation': 957}","{'id': 42469, 'rank': 21, 'fitness': 0.119465401773164, 'generation': 957}","{'id': 42487, 'rank': 22, 'fitness': 0.08725513386970202, 'generation': 957}","{'id': 42480, 'rank': 23, 'fitness': 0.08705292073751114, 'generation': 957}","{'id': 42455, 'rank': 24, 'fitness': 0.07218781521339074, 'generation': 957}","{'id': 42468, 'rank': 25, 'fitness': 0.05345072931457484, 'generation': 957}","{'id': 42466, 'rank': 26, 'fitness': 0.04934187623124453, 'generation': 957}","{'id': 42484, 'rank': 27, 'fitness': 0.04407878844279589, 'generation': 957}","{'id': 42462, 'rank': 28, 'fitness': 0.03321300837462582, 'generation': 957}","{'id': 42475, 'rank': 29, 'fitness': 0.028438067821518753, 'generation': 957}","{'id': 42471, 'rank': 30, 'fitness': 0.01798620996209155, 'generation': 957}"
"{'id': 42542, 'rank': 1, 'fitness': 0.9820137900379085, 'generation': 958}","{'id': 42541, 'rank': 2, 'fitness': 0.7102070393512669, 'generation': 958}","{'id': 42512, 'rank': 3, 'fitness': 0.5746503811583508, 'generation': 958}","{'id': 42539, 'rank': 4, 'fitness': 0.5143845637292936, 'generation': 958}","{'id': 42547, 'rank': 5, 'fitness': 0.4901637219262174, 'generation': 958}","{'id': 42489, 'rank': 6, 'fitness': 0.27313362468674757, 'generation': 958}","{'id': 42531, 'rank': 7, 'fitness': 0.2205934563426054, 'generation': 958}","{'id': 42488, 'rank': 8, 'fitness': 0.21277913261304016, 'generation': 958}","{'id': 42492, 'rank': 9, 'fitness': 0.17405743299285248, 'generation': 958}","{'id': 42533, 'rank': 10, 'fitness': 0.16398843964486504, 'generation': 958}","{'id': 42534, 'rank': 11, 'fitness': 0.16375776457184676, 'generation': 958}","{'id': 42520, 'rank': 12, 'fitness': 0.15205530068313544, 'generation': 958}","{'id': 42524, 'rank': 13, 'fitness': 0.13656744568260026, 'generation': 958}","{'id': 42548, 'rank': 14, 'fitness': 0.12837780766043605, 'generation': 958}","{'id': 42528, 'rank': 15, 'fitness': 0.09766826747602314, 'generation': 958}","{'id': 42501, 'rank': 16, 'fitness': 0.09537819133075365, 'generation': 958}","{'id': 42544, 'rank': 17, 'fitness': 0.09301504631209401, 'generation': 958}","{'id': 42529, 'rank': 18, 'fitness': 0.07182712728765478, 'generation': 958}","{'id': 42543, 'rank': 19, 'fitness': 0.06367271908849398, 'generation': 958}","{'id': 42518, 'rank': 20, 'fitness': 0.05113111937178638, 'generation': 958}","{'id': 42491, 'rank': 21, 'fitness': 0.04483018572854591, 'generation': 958}","{'id': 42526, 'rank': 22, 'fitness': 0.0405566420835356, 'generation': 958}","{'id': 42545, 'rank': 23, 'fitness': 0.038225920891781395, 'generation': 958}","{'id': 42513, 'rank': 24, 'fitness': 0.032789787297231865, 'generation': 958}","{'id': 42546, 'rank': 25, 'fitness': 0.03138912221552409, 'generation': 958}","{'id': 42515, 'rank': 26, 'fitness': 0.02922890827289315, 'generation': 958}","{'id': 42506, 'rank': 27, 'fitness': 0.026834009109438395, 'generation': 958}","{'id': 42497, 'rank': 28, 'fitness': 0.025726972450565766, 'generation': 958}","{'id': 42521, 'rank': 29, 'fitness': 0.021958035552491928, 'generation': 958}","{'id': 42540, 'rank': 30, 'fitness': 0.01798620996209155, 'generation': 958}"
"{'id': 42562, 'rank': 1, 'fitness': 0.9820137900379085, 'generation': 959}","{'id': 42577, 'rank': 2, 'fitness': 0.9327450714961538, 'generation': 959}","{'id': 42566, 'rank': 3, 'fitness': 0.8313573733875695, 'generation': 959}","{'id': 42572, 'rank': 4, 'fitness': 0.7839998097334624, 'generation': 959}","{'id': 42556, 'rank': 5, 'fitness': 0.7607336445277548, 'generation': 959}","{'id': 42573, 'rank': 6, 'fitness': 0.73665680348665, 'generation': 959}","{'id': 42569, 'rank': 7, 'fitness': 0.7356047442979783, 'generation': 959}","{'id': 42567, 'rank': 8, 'fitness': 0.7164034758444092, 'generation': 959}","{'id': 42571, 'rank': 9, 'fitness': 0.7159190786666861, 'generation': 959}","{'id': 42579, 'rank': 10, 'fitness': 0.6849330289448436, 'generation': 959}","{'id': 42574, 'rank': 11, 'fitness': 0.6230044595092687, 'generation': 959}","{'id': 42559, 'rank': 12, 'fitness': 0.5772234762826447, 'generation': 959}","{'id': 42580, 'rank': 13, 'fitness': 0.5555425708931153, 'generation': 959}","{'id': 42563, 'rank': 14, 'fitness': 0.49496575549342464, 'generation': 959}","{'id': 42578, 'rank': 15, 'fitness': 0.43737120941030083, 'generation': 959}","{'id': 42565, 'rank': 16, 'fitness': 0.28100231634289263, 'generation': 959}","{'id': 42554, 'rank': 17, 'fitness': 0.20229721453068739, 'generation': 959}","{'id': 42555, 'rank': 18, 'fitness': 0.19792143442968146, 'generation': 959}","{'id': 42560, 'rank': 19, 'fitness': 0.16112240728447325, 'generation': 959}","{'id': 42575, 'rank': 20, 'fitness': 0.13595494320100937, 'generation': 959}","{'id': 42557, 'rank': 21, 'fitness': 0.13460149380061215, 'generation': 959}","{'id': 42576, 'rank': 22, 'fitness': 0.11747416797127158, 'generation': 959}","{'id': 42570, 'rank': 23, 'fitness': 0.108573920960158, 'generation': 959}","{'id': 42552, 'rank': 24, 'fitness': 0.08146834618281662, 'generation': 959}","{'id': 42558, 'rank': 25, 'fitness': 0.05063055233464642, 'generation': 959}","{'id': 42568, 'rank': 26, 'fitness': 0.042024974956855865, 'generation': 959}","{'id': 42550, 'rank': 27, 'fitness': 0.03926771076632074, 'generation': 959}","{'id': 42553, 'rank': 28, 'fitness': 0.021025419129791223, 'generation': 959}","{'id': 42561, 'rank': 29, 'fitness': 0.019667865772531934, 'generation': 959}","{'id': 42549, 'rank': 30, 'fitness': 0.01798620996209155, 'generation': 959}"
"{'id': 42620, 'rank': 1, 'fitness': 0.9820137900379085, 'generation': 960}","{'id': 42622, 'rank': 2, 'fitness': 0.9691823053520661, 'generation': 960}","{'id': 42621, 'rank': 3, 'fitness': 0.9688953616305824, 'generation': 960}","{'id': 42616, 'rank': 4, 'fitness': 0.9534618079600474, 'generation': 960}","{'id': 42619, 'rank': 5, 'fitness': 0.9292066513672389, 'generation': 960}","{'id': 42612, 'rank': 6, 'fitness': 0.9019402728735401, 'generation': 960}","{'id': 42618, 'rank': 7, 'fitness': 0.8036024921774539, 'generation': 960}","{'id': 42623, 'rank': 8, 'fitness': 0.6871574166315957, 'generation': 960}","{'id': 42624, 'rank': 9, 'fitness': 0.49450697182632614, 'generation': 960}","{'id': 42601, 'rank': 10, 'fitness': 0.477501092945397, 'generation': 960}","{'id': 42614, 'rank': 11, 'fitness': 0.4485729912057883, 'generation': 960}","{'id': 42584, 'rank': 12, 'fitness': 0.4122622412392367, 'generation': 960}","{'id': 42615, 'rank': 13, 'fitness': 0.3175739577358281, 'generation': 960}","{'id': 42617, 'rank': 14, 'fitness': 0.20755661254520186, 'generation': 960}","{'id': 42593, 'rank': 15, 'fitness': 0.18492108587960499, 'generation': 960}","{'id': 42589, 'rank': 16, 'fitness': 0.17542328504108734, 'generation': 960}","{'id': 42605, 'rank': 17, 'fitness': 0.16149374332484423, 'generation': 960}","{'id': 42602, 'rank': 18, 'fitness': 0.15366884037798245, 'generation': 960}","{'id': 42583, 'rank': 19, 'fitness': 0.14263308085250648, 'generation': 960}","{'id': 42611, 'rank': 20, 'fitness': 0.1281459656266915, 'generation': 960}","{'id': 42591, 'rank': 21, 'fitness': 0.11834291501664884, 'generation': 960}","{'id': 42600, 'rank': 22, 'fitness': 0.08488757972045519, 'generation': 960}","{'id': 42603, 'rank': 23, 'fitness': 0.057205872211421926, 'generation': 960}","{'id': 42607, 'rank': 24, 'fitness': 0.04264631163074928, 'generation': 960}","{'id': 42590, 'rank': 25, 'fitness': 0.03207873837078573, 'generation': 960}","{'id': 42586, 'rank': 26, 'fitness': 0.029356435724673724, 'generation': 960}","{'id': 42609, 'rank': 27, 'fitness': 0.02800859987320159, 'generation': 960}","{'id': 42595, 'rank': 28, 'fitness': 0.021569544922102835, 'generation': 960}","{'id': 42613, 'rank': 29, 'fitness': 0.020159905962893465, 'generation': 960}","{'id': 42610, 'rank': 30, 'fitness': 0.01798620996209155, 'generation': 960}"
"{'id': 42674, 'rank': 1, 'fitness': 0.9820137900379085, 'generation': 961}","{'id': 42667, 'rank': 2, 'fitness': 0.9819974541992342, 'generation': 961}","{'id': 42666, 'rank': 3, 'fitness': 0.8724649375774818, 'generation': 961}","{'id': 42672, 'rank': 4, 'fitness': 0.8543890677696349, 'generation': 961}","{'id': 42659, 'rank': 5, 'fitness': 0.8132114922082221, 'generation': 961}","{'id': 42660, 'rank': 6, 'fitness': 0.7468147256580208, 'generation': 961}","{'id': 42661, 'rank': 7, 'fitness': 0.7377045522438938, 'generation': 961}","{'id': 42675, 'rank': 8, 'fitness': 0.4737681389522648, 'generation': 961}","{'id': 42650, 'rank': 9, 'fitness': 0.4168362638229474, 'generation': 961}","{'id': 42669, 'rank': 10, 'fitness': 0.39087804564313056, 'generation': 961}","{'id': 42676, 'rank': 11, 'fitness': 0.3489126630412108, 'generation': 961}","{'id': 42631, 'rank': 12, 'fitness': 0.33577869465240173, 'generation': 961}","{'id': 42649, 'rank': 13, 'fitness': 0.24718586678855003, 'generation': 961}","{'id': 42658, 'rank': 14, 'fitness': 0.23367366964521302, 'generation': 961}","{'id': 42654, 'rank': 15, 'fitness': 0.214805757970377, 'generation': 961}","{'id': 42665, 'rank': 16, 'fitness': 0.20283606238607144, 'generation': 961}","{'id': 42663, 'rank': 17, 'fitness': 0.17584977327214746, 'generation': 961}","{'id': 42627, 'rank': 18, 'fitness': 0.1750163551174988, 'generation': 961}","{'id': 42668, 'rank': 19, 'fitness': 0.15504031939912233, 'generation': 961}","{'id': 42648, 'rank': 20, 'fitness': 0.13692920543929127, 'generation': 961}","{'id': 42670, 'rank': 21, 'fitness': 0.12578940380815262, 'generation': 961}","{'id': 42656, 'rank': 22, 'fitness': 0.0989998863333012, 'generation': 961}","{'id': 42639, 'rank': 23, 'fitness': 0.0766483642009732, 'generation': 961}","{'id': 42673, 'rank': 24, 'fitness': 0.06947263122447128, 'generation': 961}","{'id': 42652, 'rank': 25, 'fitness': 0.05000674412357409, 'generation': 961}","{'id': 42671, 'rank': 26, 'fitness': 0.04005662722382475, 'generation': 961}","{'id': 42641, 'rank': 27, 'fitness': 0.027177589830210236, 'generation': 961}","{'id': 42662, 'rank': 28, 'fitness': 0.02504277409720368, 'generation': 961}","{'id': 42664, 'rank': 29, 'fitness': 0.021452195325442014, 'generation': 961}","{'id': 42625, 'rank': 30, 'fitness': 0.01798620996209155, 'generation': 961}"
"{'id': 42723, 'rank': 1, 'fitness': 0.9820137900379085, 'generation': 962}","{'id': 42680, 'rank': 2, 'fitness': 0.6718527270072694, 'generation': 962}","{'id': 42722, 'rank': 3, 'fitness': 0.6369454949185729, 'generation': 962}","{'id': 42706, 'rank': 4, 'fitness': 0.6257263884792803, 'generation': 962}","{'id': 42709, 'rank': 5, 'fitness': 0.41977591976700257, 'generation': 962}","{'id': 42684, 'rank': 6, 'fitness': 0.39702750497595524, 'generation': 962}","{'id': 42710, 'rank': 7, 'fitness': 0.3592127830932484, 'generation': 962}","{'id': 42697, 'rank': 8, 'fitness': 0.3412127641639776, 'generation': 962}","{'id': 42694, 'rank': 9, 'fitness': 0.30885934545785787, 'generation': 962}","{'id': 42708, 'rank': 10, 'fitness': 0.21961436218895092, 'generation': 962}","{'id': 42701, 'rank': 11, 'fitness': 0.18813239455125014, 'generation': 962}","{'id': 42718, 'rank': 12, 'fitness': 0.18629941492125202, 'generation': 962}","{'id': 42717, 'rank': 13, 'fitness': 0.13807916586021085, 'generation': 962}","{'id': 42688, 'rank': 14, 'fitness': 0.12712947399492408, 'generation': 962}","{'id': 42699, 'rank': 15, 'fitness': 0.12508311604162442, 'generation': 962}","{'id': 42711, 'rank': 16, 'fitness': 0.11713368402766788, 'generation': 962}","{'id': 42686, 'rank': 17, 'fitness': 0.0868258571383686, 'generation': 962}","{'id': 42721, 'rank': 18, 'fitness': 0.08175409378440768, 'generation': 962}","{'id': 42678, 'rank': 19, 'fitness': 0.06947337044215851, 'generation': 962}","{'id': 42719, 'rank': 20, 'fitness': 0.06746161962400965, 'generation': 962}","{'id': 42713, 'rank': 21, 'fitness': 0.060970960200575686, 'generation': 962}","{'id': 42683, 'rank': 22, 'fitness': 0.05587954595604089, 'generation': 962}","{'id': 42707, 'rank': 23, 'fitness': 0.04979176333796709, 'generation': 962}","{'id': 42715, 'rank': 24, 'fitness': 0.03500330478416952, 'generation': 962}","{'id': 42681, 'rank': 25, 'fitness': 0.03195180541316628, 'generation': 962}","{'id': 42716, 'rank': 26, 'fitness': 0.027809802644305104, 'generation': 962}","{'id': 42677, 'rank': 27, 'fitness': 0.023291916949452596, 'generation': 962}","{'id': 42704, 'rank': 28, 'fitness': 0.022468185883606162, 'generation': 962}","{'id': 42679, 'rank': 29, 'fitness': 0.01857672087613277, 'generation': 962}","{'id': 42700, 'rank': 30, 'fitness': 0.01798620996209155, 'generation': 962}"
"{'id': 42735, 'rank': 1, 'fitness': 0.9820137900379085, 'generation': 963}","{'id': 42761, 'rank': 2, 'fitness': 0.9447447761512957, 'generation': 963}","{'id': 42741, 'rank': 3, 'fitness': 0.9432073018688735, 'generation': 963}","{'id': 42727, 'rank': 4, 'fitness': 0.8380882225366724, 'generation': 963}","{'id': 42750, 'rank': 5, 'fitness': 0.8047721193158577, 'generation': 963}","{'id': 42729, 'rank': 6, 'fitness': 0.6512628095571165, 'generation': 963}","{'id': 42739, 'rank': 7, 'fitness': 0.546348135335774, 'generation': 963}","{'id': 42743, 'rank': 8, 'fitness': 0.5448020525554498, 'generation': 963}","{'id': 42757, 'rank': 9, 'fitness': 0.5204395885164069, 'generation': 963}","{'id': 42746, 'rank': 10, 'fitness': 0.4903440960463952, 'generation': 963}","{'id': 42753, 'rank': 11, 'fitness': 0.44548717414733763, 'generation': 963}","{'id': 42744, 'rank': 12, 'fitness': 0.4279057592198616, 'generation': 963}","{'id': 42742, 'rank': 13, 'fitness': 0.30625378590824137, 'generation': 963}","{'id': 42760, 'rank': 14, 'fitness': 0.26839668585397475, 'generation': 963}","{'id': 42733, 'rank': 15, 'fitness': 0.24598277357371795, 'generation': 963}","{'id': 42732, 'rank': 16, 'fitness': 0.24496022842901666, 'generation': 963}","{'id': 42745, 'rank': 17, 'fitness': 0.14018137215778892, 'generation': 963}","{'id': 42756, 'rank': 18, 'fitness': 0.1274223838986256, 'generation': 963}","{'id': 42734, 'rank': 19, 'fitness': 0.12015478426357651, 'generation': 963}","{'id': 42752, 'rank': 20, 'fitness': 0.10725526312463451, 'generation': 963}","{'id': 42747, 'rank': 21, 'fitness': 0.10583375064754419, 'generation': 963}","{'id': 42759, 'rank': 22, 'fitness': 0.09480267284135102, 'generation': 963}","{'id': 42748, 'rank': 23, 'fitness': 0.07896324890935302, 'generation': 963}","{'id': 42754, 'rank': 24, 'fitness': 0.07628066407450207, 'generation': 963}","{'id': 42755, 'rank': 25, 'fitness': 0.05863893754663407, 'generation': 963}","{'id': 42737, 'rank': 26, 'fitness': 0.03946262444548371, 'generation': 963}","{'id': 42758, 'rank': 27, 'fitness': 0.031597302832882646, 'generation': 963}","{'id': 42726, 'rank': 28, 'fitness': 0.02672202229926346, 'generation': 963}","{'id': 42738, 'rank': 29, 'fitness': 0.02417738478522763, 'generation': 963}","{'id': 42724, 'rank': 30, 'fitness': 0.01798620996209155, 'generation': 963}"
"{'id': 42797, 'rank': 1, 'fitness': 0.9820137900379085, 'generation': 964}","{'id': 42792, 'rank': 2, 'fitness': 0.9781953708494954, 'generation': 964}","{'id': 42802, 'rank': 3, 'fitness': 0.9777286242724303, 'generation': 964}","{'id': 42800, 'rank': 4, 'fitness': 0.9410158786014631, 'generation': 964}","{'id': 42788, 'rank': 5, 'fitness': 0.9406499203504517, 'generation': 964}","{'id': 42798, 'rank': 6, 'fitness': 0.9051489150347549, 'generation': 964}","{'id': 42799, 'rank': 7, 'fitness': 0.8866568770537981, 'generation': 964}","{'id': 42801, 'rank': 8, 'fitness': 0.8065499678878607, 'generation': 964}","{'id': 42790, 'rank': 9, 'fitness': 0.7600040390660232, 'generation': 964}","{'id': 42787, 'rank': 10, 'fitness': 0.6996531116140805, 'generation': 964}","{'id': 42795, 'rank': 11, 'fitness': 0.3104080495487461, 'generation': 964}","{'id': 42785, 'rank': 12, 'fitness': 0.28345541042696126, 'generation': 964}","{'id': 42778, 'rank': 13, 'fitness': 0.2186190466965242, 'generation': 964}","{'id': 42791, 'rank': 14, 'fitness': 0.19078000573577025, 'generation': 964}","{'id': 42774, 'rank': 15, 'fitness': 0.15867840757058593, 'generation': 964}","{'id': 42784, 'rank': 16, 'fitness': 0.13714410841703778, 'generation': 964}","{'id': 42789, 'rank': 17, 'fitness': 0.13288991881590828, 'generation': 964}","{'id': 42767, 'rank': 18, 'fitness': 0.11430067566020907, 'generation': 964}","{'id': 42772, 'rank': 19, 'fitness': 0.10209445368482017, 'generation': 964}","{'id': 42781, 'rank': 20, 'fitness': 0.09978288796439233, 'generation': 964}","{'id': 42793, 'rank': 21, 'fitness': 0.09915465407508722, 'generation': 964}","{'id': 42777, 'rank': 22, 'fitness': 0.08969166527891453, 'generation': 964}","{'id': 42775, 'rank': 23, 'fitness': 0.07975866214368021, 'generation': 964}","{'id': 42803, 'rank': 24, 'fitness': 0.05218587608891628, 'generation': 964}","{'id': 42773, 'rank': 25, 'fitness': 0.04748701316491938, 'generation': 964}","{'id': 42766, 'rank': 26, 'fitness': 0.041779108094895656, 'generation': 964}","{'id': 42768, 'rank': 27, 'fitness': 0.026260541574175178, 'generation': 964}","{'id': 42782, 'rank': 28, 'fitness': 0.019088745148568065, 'generation': 964}","{'id': 42780, 'rank': 29, 'fitness': 0.01856655845226496, 'generation': 964}","{'id': 42786, 'rank': 30, 'fitness': 0.01798620996209155, 'generation': 964}"
"{'id': 42845, 'rank': 1, 'fitness': 0.9820137900379085, 'generation': 965}","{'id': 42839, 'rank': 2, 'fitness': 0.9778276675335675, 'generation': 965}","{'id': 42847, 'rank': 3, 'fitness': 0.976294230265967, 'generation': 965}","{'id': 42837, 'rank': 4, 'fitness': 0.9682261167852488, 'generation': 965}","{'id': 42836, 'rank': 5, 'fitness': 0.8872596382274619, 'generation': 965}","{'id': 42853, 'rank': 6, 'fitness': 0.8405046869539721, 'generation': 965}","{'id': 42833, 'rank': 7, 'fitness': 0.6453448076853313, 'generation': 965}","{'id': 42848, 'rank': 8, 'fitness': 0.49293634808296893, 'generation': 965}","{'id': 42809, 'rank': 9, 'fitness': 0.48315413473784175, 'generation': 965}","{'id': 42813, 'rank': 10, 'fitness': 0.4071023275198582, 'generation': 965}","{'id': 42840, 'rank': 11, 'fitness': 0.37010104997503346, 'generation': 965}","{'id': 42846, 'rank': 12, 'fitness': 0.3652456459481386, 'generation': 965}","{'id': 42838, 'rank': 13, 'fitness': 0.3054206254738358, 'generation': 965}","{'id': 42806, 'rank': 14, 'fitness': 0.19415458971409394, 'generation': 965}","{'id': 42808, 'rank': 15, 'fitness': 0.17908291339422844, 'generation': 965}","{'id': 42812, 'rank': 16, 'fitness': 0.17021482493746865, 'generation': 965}","{'id': 42831, 'rank': 17, 'fitness': 0.16074123817258157, 'generation': 965}","{'id': 42844, 'rank': 18, 'fitness': 0.09931500939372606, 'generation': 965}","{'id': 42805, 'rank': 19, 'fitness': 0.09533360536181612, 'generation': 965}","{'id': 42820, 'rank': 20, 'fitness': 0.0912844396657202, 'generation': 965}","{'id': 42852, 'rank': 21, 'fitness': 0.08170449324982959, 'generation': 965}","{'id': 42818, 'rank': 22, 'fitness': 0.06280866632451504, 'generation': 965}","{'id': 42810, 'rank': 23, 'fitness': 0.03129847321932866, 'generation': 965}","{'id': 42830, 'rank': 24, 'fitness': 0.02731461570780136, 'generation': 965}","{'id': 42814, 'rank': 25, 'fitness': 0.02472641799700892, 'generation': 965}","{'id': 42849, 'rank': 26, 'fitness': 0.023466869911516863, 'generation': 965}","{'id': 42842, 'rank': 27, 'fitness': 0.019890176936314563, 'generation': 965}","{'id': 42828, 'rank': 28, 'fitness': 0.01902795155829412, 'generation': 965}","{'id': 42816, 'rank': 29, 'fitness': 0.018183054595832693, 'generation': 965}","{'id': 42824, 'rank': 30, 'fitness': 0.01798620996209155, 'generation': 965}"
"{'id': 42899, 'rank': 1, 'fitness': 0.9820137900379085, 'generation': 966}","{'id': 42894, 'rank': 2, 'fitness': 0.9461718814635112, 'generation': 966}","{'id': 42896, 'rank': 3, 'fitness': 0.9166284673872067, 'generation': 966}","{'id': 42881, 'rank': 4, 'fitness': 0.8972492340792257, 'generation': 966}","{'id': 42885, 'rank': 5, 'fitness': 0.7774470302136303, 'generation': 966}","{'id': 42893, 'rank': 6, 'fitness': 0.6897661705490581, 'generation': 966}","{'id': 42887, 'rank': 7, 'fitness': 0.4908228047576207, 'generation': 966}","{'id': 42873, 'rank': 8, 'fitness': 0.4907530602054924, 'generation': 966}","{'id': 42895, 'rank': 9, 'fitness': 0.4762513984309316, 'generation': 966}","{'id': 42891, 'rank': 10, 'fitness': 0.40713620232054726, 'generation': 966}","{'id': 42898, 'rank': 11, 'fitness': 0.19285578211939103, 'generation': 966}","{'id': 42897, 'rank': 12, 'fitness': 0.1785895883999445, 'generation': 966}","{'id': 42879, 'rank': 13, 'fitness': 0.17737457716410382, 'generation': 966}","{'id': 42890, 'rank': 14, 'fitness': 0.15270402502527725, 'generation': 966}","{'id': 42858, 'rank': 15, 'fitness': 0.1483758429423231, 'generation': 966}","{'id': 42871, 'rank': 16, 'fitness': 0.13128394597471227, 'generation': 966}","{'id': 42900, 'rank': 17, 'fitness': 0.11955865835686352, 'generation': 966}","{'id': 42857, 'rank': 18, 'fitness': 0.11235924440344952, 'generation': 966}","{'id': 42872, 'rank': 19, 'fitness': 0.11160642616959127, 'generation': 966}","{'id': 42883, 'rank': 20, 'fitness': 0.10078709134225877, 'generation': 966}","{'id': 42864, 'rank': 21, 'fitness': 0.09073871146653656, 'generation': 966}","{'id': 42856, 'rank': 22, 'fitness': 0.08988731454137738, 'generation': 966}","{'id': 42854, 'rank': 23, 'fitness': 0.08110059562059868, 'generation': 966}","{'id': 42866, 'rank': 24, 'fitness': 0.07352042086129712, 'generation': 966}","{'id': 42888, 'rank': 25, 'fitness': 0.06643645985882385, 'generation': 966}","{'id': 42886, 'rank': 26, 'fitness': 0.041696618908144245, 'generation': 966}","{'id': 42880, 'rank': 27, 'fitness': 0.033308167877107164, 'generation': 966}","{'id': 42875, 'rank': 28, 'fitness': 0.03250814228107074, 'generation': 966}","{'id': 42874, 'rank': 29, 'fitness': 0.018032946865196242, 'generation': 966}","{'id': 42855, 'rank': 30, 'fitness': 0.01798620996209155, 'generation': 966}"
"{'id': 42920, 'rank': 1, 'fitness': 0.9820137900379085, 'generation': 967}","{'id': 42938, 'rank': 2, 'fitness': 0.9753503045854541, 'generation': 967}","{'id': 42950, 'rank': 3, 'fitness': 0.9718701131332559, 'generation': 967}","{'id': 42943, 'rank': 4, 'fitness': 0.9298353841140785, 'generation': 967}","{'id': 42936, 'rank': 5, 'fitness': 0.8650472053232254, 'generation': 967}","{'id': 42947, 'rank': 6, 'fitness': 0.8575904305033567, 'generation': 967}","{'id': 42901, 'rank': 7, 'fitness': 0.7637468327934345, 'generation': 967}","{'id': 42934, 'rank': 8, 'fitness': 0.6792864024333508, 'generation': 967}","{'id': 42948, 'rank': 9, 'fitness': 0.6516666318166513, 'generation': 967}","{'id': 42928, 'rank': 10, 'fitness': 0.5960808173789334, 'generation': 967}","{'id': 42941, 'rank': 11, 'fitness': 0.5273412032342325, 'generation': 967}","{'id': 42949, 'rank': 12, 'fitness': 0.5229280783516063, 'generation': 967}","{'id': 42923, 'rank': 13, 'fitness': 0.4742049866141098, 'generation': 967}","{'id': 42946, 'rank': 14, 'fitness': 0.44326878209956394, 'generation': 967}","{'id': 42940, 'rank': 15, 'fitness': 0.2613326951499263, 'generation': 967}","{'id': 42942, 'rank': 16, 'fitness': 0.2396675665346441, 'generation': 967}","{'id': 42922, 'rank': 17, 'fitness': 0.22038858803869205, 'generation': 967}","{'id': 42911, 'rank': 18, 'fitness': 0.17272059046002386, 'generation': 967}","{'id': 42907, 'rank': 19, 'fitness': 0.12589254803517008, 'generation': 967}","{'id': 42944, 'rank': 20, 'fitness': 0.09347776426392473, 'generation': 967}","{'id': 42917, 'rank': 21, 'fitness': 0.07225734821928315, 'generation': 967}","{'id': 42903, 'rank': 22, 'fitness': 0.05733520611045928, 'generation': 967}","{'id': 42929, 'rank': 23, 'fitness': 0.049569398239521556, 'generation': 967}","{'id': 42905, 'rank': 24, 'fitness': 0.04830110033031104, 'generation': 967}","{'id': 42909, 'rank': 25, 'fitness': 0.04718380327704952, 'generation': 967}","{'id': 42939, 'rank': 26, 'fitness': 0.033415073896111314, 'generation': 967}","{'id': 42945, 'rank': 27, 'fitness': 0.027668525305059755, 'generation': 967}","{'id': 42927, 'rank': 28, 'fitness': 0.021137523295571836, 'generation': 967}","{'id': 42935, 'rank': 29, 'fitness': 0.018528304450394162, 'generation': 967}","{'id': 42918, 'rank': 30, 'fitness': 0.01798620996209155, 'generation': 967}"
"{'id': 42999, 'rank': 1, 'fitness': 0.9820137900379085, 'generation': 968}","{'id': 42952, 'rank': 2, 'fitness': 0.9275729574431628, 'generation': 968}","{'id': 42991, 'rank': 3, 'fitness': 0.91779324639356, 'generation': 968}","{'id': 42978, 'rank': 4, 'fitness': 0.8528806353692473, 'generation': 968}","{'id': 43001, 'rank': 5, 'fitness': 0.8432291405310466, 'generation': 968}","{'id': 42959, 'rank': 6, 'fitness': 0.814742124942771, 'generation': 968}","{'id': 42990, 'rank': 7, 'fitness': 0.7702336520206424, 'generation': 968}","{'id': 42998, 'rank': 8, 'fitness': 0.6322025879290589, 'generation': 968}","{'id': 42996, 'rank': 9, 'fitness': 0.5824224533667727, 'generation': 968}","{'id': 42973, 'rank': 10, 'fitness': 0.45919732325854273, 'generation': 968}","{'id': 42988, 'rank': 11, 'fitness': 0.4354165415138538, 'generation': 968}","{'id': 42993, 'rank': 12, 'fitness': 0.40593940133239675, 'generation': 968}","{'id': 42971, 'rank': 13, 'fitness': 0.3911909130942286, 'generation': 968}","{'id': 42981, 'rank': 14, 'fitness': 0.36200370919604363, 'generation': 968}","{'id': 42974, 'rank': 15, 'fitness': 0.31632324383041244, 'generation': 968}","{'id': 42976, 'rank': 16, 'fitness': 0.30957431602680485, 'generation': 968}","{'id': 42957, 'rank': 17, 'fitness': 0.2706934965586322, 'generation': 968}","{'id': 42985, 'rank': 18, 'fitness': 0.18665110843262783, 'generation': 968}","{'id': 42989, 'rank': 19, 'fitness': 0.1478904119672052, 'generation': 968}","{'id': 42968, 'rank': 20, 'fitness': 0.14350333304595614, 'generation': 968}","{'id': 42986, 'rank': 21, 'fitness': 0.10521045788693384, 'generation': 968}","{'id': 42983, 'rank': 22, 'fitness': 0.08924927503295582, 'generation': 968}","{'id': 42964, 'rank': 23, 'fitness': 0.08196825232980298, 'generation': 968}","{'id': 42987, 'rank': 24, 'fitness': 0.06829615376202425, 'generation': 968}","{'id': 42970, 'rank': 25, 'fitness': 0.047120087841040825, 'generation': 968}","{'id': 42958, 'rank': 26, 'fitness': 0.029893727047686225, 'generation': 968}","{'id': 42995, 'rank': 27, 'fitness': 0.028871163724649984, 'generation': 968}","{'id': 42977, 'rank': 28, 'fitness': 0.020495890298509012, 'generation': 968}","{'id': 42975, 'rank': 29, 'fitness': 0.019997746073000366, 'generation': 968}","{'id': 42960, 'rank': 30, 'fitness': 0.01798620996209155, 'generation': 968}"
"{'id': 43032, 'rank': 1, 'fitness': 0.9820137900379085, 'generation': 969}","{'id': 43047, 'rank': 2, 'fitness': 0.5702077527210272, 'generation': 969}","{'id': 43013, 'rank': 3, 'fitness': 0.519132567530083, 'generation': 969}","{'id': 43028, 'rank': 4, 'fitness': 0.3586437260162374, 'generation': 969}","{'id': 43041, 'rank': 5, 'fitness': 0.3200945699475976, 'generation': 969}","{'id': 43044, 'rank': 6, 'fitness': 0.3119398954790047, 'generation': 969}","{'id': 43022, 'rank': 7, 'fitness': 0.22835367135923978, 'generation': 969}","{'id': 43034, 'rank': 8, 'fitness': 0.17102762987820896, 'generation': 969}","{'id': 43043, 'rank': 9, 'fitness': 0.16413367347908275, 'generation': 969}","{'id': 43020, 'rank': 10, 'fitness': 0.15763555274952523, 'generation': 969}","{'id': 43049, 'rank': 11, 'fitness': 0.1445942016781957, 'generation': 969}","{'id': 43029, 'rank': 12, 'fitness': 0.14326165412889774, 'generation': 969}","{'id': 43016, 'rank': 13, 'fitness': 0.13319416070863543, 'generation': 969}","{'id': 43045, 'rank': 14, 'fitness': 0.12886112954900503, 'generation': 969}","{'id': 43008, 'rank': 15, 'fitness': 0.0857542249837242, 'generation': 969}","{'id': 43027, 'rank': 16, 'fitness': 0.08132471620665749, 'generation': 969}","{'id': 43030, 'rank': 17, 'fitness': 0.07750329827295271, 'generation': 969}","{'id': 43021, 'rank': 18, 'fitness': 0.061913962609251305, 'generation': 969}","{'id': 43009, 'rank': 19, 'fitness': 0.06032621790238141, 'generation': 969}","{'id': 43031, 'rank': 20, 'fitness': 0.05547650332640797, 'generation': 969}","{'id': 43046, 'rank': 21, 'fitness': 0.046622048156457374, 'generation': 969}","{'id': 43023, 'rank': 22, 'fitness': 0.043811144544931235, 'generation': 969}","{'id': 43015, 'rank': 23, 'fitness': 0.03858159530645089, 'generation': 969}","{'id': 43035, 'rank': 24, 'fitness': 0.03593407440709545, 'generation': 969}","{'id': 43002, 'rank': 25, 'fitness': 0.02985487508189022, 'generation': 969}","{'id': 43019, 'rank': 26, 'fitness': 0.028568199888103774, 'generation': 969}","{'id': 43048, 'rank': 27, 'fitness': 0.023707558326909184, 'generation': 969}","{'id': 43018, 'rank': 28, 'fitness': 0.019244374521359908, 'generation': 969}","{'id': 43036, 'rank': 29, 'fitness': 0.01893754337990755, 'generation': 969}","{'id': 43014, 'rank': 30, 'fitness': 0.01798620996209155, 'generation': 969}"
"{'id': 43070, 'rank': 1, 'fitness': 0.9820137900379085, 'generation': 970}","{'id': 43065, 'rank': 2, 'fitness': 0.9680468140239629, 'generation': 970}","{'id': 43082, 'rank': 3, 'fitness': 0.955585798945559, 'generation': 970}","{'id': 43066, 'rank': 4, 'fitness': 0.9451723526228806, 'generation': 970}","{'id': 43085, 'rank': 5, 'fitness': 0.9145953351857903, 'generation': 970}","{'id': 43075, 'rank': 6, 'fitness': 0.9020513963144019, 'generation': 970}","{'id': 43080, 'rank': 7, 'fitness': 0.886234290609808, 'generation': 970}","{'id': 43077, 'rank': 8, 'fitness': 0.8846980832171534, 'generation': 970}","{'id': 43062, 'rank': 9, 'fitness': 0.8761651239871757, 'generation': 970}","{'id': 43057, 'rank': 10, 'fitness': 0.7880464028435117, 'generation': 970}","{'id': 43068, 'rank': 11, 'fitness': 0.756263446504172, 'generation': 970}","{'id': 43051, 'rank': 12, 'fitness': 0.719691092071069, 'generation': 970}","{'id': 43064, 'rank': 13, 'fitness': 0.7126341514188341, 'generation': 970}","{'id': 43081, 'rank': 14, 'fitness': 0.6637672046290845, 'generation': 970}","{'id': 43054, 'rank': 15, 'fitness': 0.540128841399485, 'generation': 970}","{'id': 43061, 'rank': 16, 'fitness': 0.4929419268723142, 'generation': 970}","{'id': 43056, 'rank': 17, 'fitness': 0.4883654599216363, 'generation': 970}","{'id': 43083, 'rank': 18, 'fitness': 0.33910626130559923, 'generation': 970}","{'id': 43063, 'rank': 19, 'fitness': 0.22381785572199814, 'generation': 970}","{'id': 43071, 'rank': 20, 'fitness': 0.19450123429069077, 'generation': 970}","{'id': 43059, 'rank': 21, 'fitness': 0.14580417449035654, 'generation': 970}","{'id': 43074, 'rank': 22, 'fitness': 0.10798795768682184, 'generation': 970}","{'id': 43072, 'rank': 23, 'fitness': 0.051730190586229075, 'generation': 970}","{'id': 43076, 'rank': 24, 'fitness': 0.04665443944312225, 'generation': 970}","{'id': 43050, 'rank': 25, 'fitness': 0.04071337146515397, 'generation': 970}","{'id': 43079, 'rank': 26, 'fitness': 0.03777501780724263, 'generation': 970}","{'id': 43069, 'rank': 27, 'fitness': 0.03642950739331918, 'generation': 970}","{'id': 43084, 'rank': 28, 'fitness': 0.02743613616272128, 'generation': 970}","{'id': 43067, 'rank': 29, 'fitness': 0.026931985649318757, 'generation': 970}","{'id': 43073, 'rank': 30, 'fitness': 0.01798620996209155, 'generation': 970}"
"{'id': 43116, 'rank': 1, 'fitness': 0.9820137900379085, 'generation': 971}","{'id': 43109, 'rank': 2, 'fitness': 0.9415122470595343, 'generation': 971}","{'id': 43125, 'rank': 3, 'fitness': 0.9146243998703619, 'generation': 971}","{'id': 43127, 'rank': 4, 'fitness': 0.8177361463778142, 'generation': 971}","{'id': 43130, 'rank': 5, 'fitness': 0.4703258011928186, 'generation': 971}","{'id': 43128, 'rank': 6, 'fitness': 0.2882058044854087, 'generation': 971}","{'id': 43106, 'rank': 7, 'fitness': 0.2582042355675445, 'generation': 971}","{'id': 43099, 'rank': 8, 'fitness': 0.2556317501077832, 'generation': 971}","{'id': 43086, 'rank': 9, 'fitness': 0.24562950234512548, 'generation': 971}","{'id': 43120, 'rank': 10, 'fitness': 0.18104566715838044, 'generation': 971}","{'id': 43122, 'rank': 11, 'fitness': 0.13780106243893608, 'generation': 971}","{'id': 43112, 'rank': 12, 'fitness': 0.1347855642173756, 'generation': 971}","{'id': 43098, 'rank': 13, 'fitness': 0.10482617999030741, 'generation': 971}","{'id': 43100, 'rank': 14, 'fitness': 0.09081301556949478, 'generation': 971}","{'id': 43123, 'rank': 15, 'fitness': 0.08694544631615297, 'generation': 971}","{'id': 43113, 'rank': 16, 'fitness': 0.06624502986215658, 'generation': 971}","{'id': 43093, 'rank': 17, 'fitness': 0.06279387803874309, 'generation': 971}","{'id': 43104, 'rank': 18, 'fitness': 0.05827000243461128, 'generation': 971}","{'id': 43090, 'rank': 19, 'fitness': 0.05205621575409253, 'generation': 971}","{'id': 43103, 'rank': 20, 'fitness': 0.05132686418989263, 'generation': 971}","{'id': 43102, 'rank': 21, 'fitness': 0.048548249717684955, 'generation': 971}","{'id': 43124, 'rank': 22, 'fitness': 0.04511998627671493, 'generation': 971}","{'id': 43118, 'rank': 23, 'fitness': 0.04020240693000604, 'generation': 971}","{'id': 43088, 'rank': 24, 'fitness': 0.03807185859666523, 'generation': 971}","{'id': 43126, 'rank': 25, 'fitness': 0.037182921253751666, 'generation': 971}","{'id': 43129, 'rank': 26, 'fitness': 0.035287660868219495, 'generation': 971}","{'id': 43121, 'rank': 27, 'fitness': 0.03450819685473816, 'generation': 971}","{'id': 43097, 'rank': 28, 'fitness': 0.023526244692629428, 'generation': 971}","{'id': 43089, 'rank': 29, 'fitness': 0.018147163685487577, 'generation': 971}","{'id': 43092, 'rank': 30, 'fitness': 0.01798620996209155, 'generation': 971}"
"{'id': 43166, 'rank': 1, 'fitness': 0.9820137900379085, 'generation': 972}","{'id': 43167, 'rank': 2, 'fitness': 0.9718664012966467, 'generation': 972}","{'id': 43170, 'rank': 3, 'fitness': 0.9501561701235901, 'generation': 972}","{'id': 43158, 'rank': 4, 'fitness': 0.9164971931999958, 'generation': 972}","{'id': 43140, 'rank': 5, 'fitness': 0.8967300855068723, 'generation': 972}","{'id': 43149, 'rank': 6, 'fitness': 0.8583912262639812, 'generation': 972}","{'id': 43156, 'rank': 7, 'fitness': 0.7543066224224192, 'generation': 972}","{'id': 43160, 'rank': 8, 'fitness': 0.660569531646471, 'generation': 972}","{'id': 43150, 'rank': 9, 'fitness': 0.646844717593591, 'generation': 972}","{'id': 43153, 'rank': 10, 'fitness': 0.6121190970610202, 'generation': 972}","{'id': 43141, 'rank': 11, 'fitness': 0.513010617696062, 'generation': 972}","{'id': 43168, 'rank': 12, 'fitness': 0.40329873019020546, 'generation': 972}","{'id': 43162, 'rank': 13, 'fitness': 0.3987479321783432, 'generation': 972}","{'id': 43163, 'rank': 14, 'fitness': 0.34230952469536924, 'generation': 972}","{'id': 43137, 'rank': 15, 'fitness': 0.3391355099253496, 'generation': 972}","{'id': 43147, 'rank': 16, 'fitness': 0.31774957847280344, 'generation': 972}","{'id': 43146, 'rank': 17, 'fitness': 0.2691642579272546, 'generation': 972}","{'id': 43155, 'rank': 18, 'fitness': 0.21822563808097512, 'generation': 972}","{'id': 43164, 'rank': 19, 'fitness': 0.21272950267442664, 'generation': 972}","{'id': 43144, 'rank': 20, 'fitness': 0.17624379235476173, 'generation': 972}","{'id': 43135, 'rank': 21, 'fitness': 0.11505994878395309, 'generation': 972}","{'id': 43154, 'rank': 22, 'fitness': 0.10944516505049201, 'generation': 972}","{'id': 43131, 'rank': 23, 'fitness': 0.10481413060148914, 'generation': 972}","{'id': 43145, 'rank': 24, 'fitness': 0.09899565112386205, 'generation': 972}","{'id': 43134, 'rank': 25, 'fitness': 0.0885710180127211, 'generation': 972}","{'id': 43161, 'rank': 26, 'fitness': 0.08261234489591418, 'generation': 972}","{'id': 43159, 'rank': 27, 'fitness': 0.039835281212143414, 'generation': 972}","{'id': 43133, 'rank': 28, 'fitness': 0.038563833112762236, 'generation': 972}","{'id': 43142, 'rank': 29, 'fitness': 0.01999444404452344, 'generation': 972}","{'id': 43139, 'rank': 30, 'fitness': 0.01798620996209155, 'generation': 972}"
"{'id': 43190, 'rank': 1, 'fitness': 0.9820137900379085, 'generation': 973}","{'id': 43193, 'rank': 2, 'fitness': 0.6216251218991542, 'generation': 973}","{'id': 43207, 'rank': 3, 'fitness': 0.6134250654825532, 'generation': 973}","{'id': 43206, 'rank': 4, 'fitness': 0.46929435992824853, 'generation': 973}","{'id': 43208, 'rank': 5, 'fitness': 0.4420392380176167, 'generation': 973}","{'id': 43173, 'rank': 6, 'fitness': 0.3173829120234527, 'generation': 973}","{'id': 43198, 'rank': 7, 'fitness': 0.30133019254772264, 'generation': 973}","{'id': 43194, 'rank': 8, 'fitness': 0.2733897169804039, 'generation': 973}","{'id': 43210, 'rank': 9, 'fitness': 0.2365692431409045, 'generation': 973}","{'id': 43178, 'rank': 10, 'fitness': 0.1845310573946089, 'generation': 973}","{'id': 43197, 'rank': 11, 'fitness': 0.14660223664955796, 'generation': 973}","{'id': 43203, 'rank': 12, 'fitness': 0.10557197175559463, 'generation': 973}","{'id': 43202, 'rank': 13, 'fitness': 0.08769163302372307, 'generation': 973}","{'id': 43204, 'rank': 14, 'fitness': 0.0817176775450752, 'generation': 973}","{'id': 43181, 'rank': 15, 'fitness': 0.06242854508864926, 'generation': 973}","{'id': 43171, 'rank': 16, 'fitness': 0.05388986958687464, 'generation': 973}","{'id': 43188, 'rank': 17, 'fitness': 0.05159066191799372, 'generation': 973}","{'id': 43189, 'rank': 18, 'fitness': 0.04809260611037974, 'generation': 973}","{'id': 43209, 'rank': 19, 'fitness': 0.046815572228740276, 'generation': 973}","{'id': 43215, 'rank': 20, 'fitness': 0.04393072633463785, 'generation': 973}","{'id': 43216, 'rank': 21, 'fitness': 0.041288656594062056, 'generation': 973}","{'id': 43179, 'rank': 22, 'fitness': 0.039270199145868157, 'generation': 973}","{'id': 43200, 'rank': 23, 'fitness': 0.02940220513095826, 'generation': 973}","{'id': 43199, 'rank': 24, 'fitness': 0.02642241333565931, 'generation': 973}","{'id': 43212, 'rank': 25, 'fitness': 0.02541847791901808, 'generation': 973}","{'id': 43201, 'rank': 26, 'fitness': 0.021429508701301003, 'generation': 973}","{'id': 43213, 'rank': 27, 'fitness': 0.020192522758746723, 'generation': 973}","{'id': 43205, 'rank': 28, 'fitness': 0.019850543900167827, 'generation': 973}","{'id': 43211, 'rank': 29, 'fitness': 0.019621370471892885, 'generation': 973}","{'id': 43175, 'rank': 30, 'fitness': 0.01798620996209155, 'generation': 973}"
"{'id': 43243, 'rank': 1, 'fitness': 0.9820137900379085, 'generation': 974}","{'id': 43229, 'rank': 2, 'fitness': 0.971656477135245, 'generation': 974}","{'id': 43246, 'rank': 3, 'fitness': 0.9626191298274305, 'generation': 974}","{'id': 43231, 'rank': 4, 'fitness': 0.8491861968089016, 'generation': 974}","{'id': 43228, 'rank': 5, 'fitness': 0.8382998037158145, 'generation': 974}","{'id': 43239, 'rank': 6, 'fitness': 0.8298675485416726, 'generation': 974}","{'id': 43251, 'rank': 7, 'fitness': 0.8292529208453316, 'generation': 974}","{'id': 43227, 'rank': 8, 'fitness': 0.6112085507077444, 'generation': 974}","{'id': 43242, 'rank': 9, 'fitness': 0.5710523577252649, 'generation': 974}","{'id': 43247, 'rank': 10, 'fitness': 0.4638606051337592, 'generation': 974}","{'id': 43250, 'rank': 11, 'fitness': 0.4100610011716721, 'generation': 974}","{'id': 43235, 'rank': 12, 'fitness': 0.30115175758965795, 'generation': 974}","{'id': 43222, 'rank': 13, 'fitness': 0.2915279714845107, 'generation': 974}","{'id': 43223, 'rank': 14, 'fitness': 0.24475692663803872, 'generation': 974}","{'id': 43252, 'rank': 15, 'fitness': 0.17509260531323068, 'generation': 974}","{'id': 43233, 'rank': 16, 'fitness': 0.17268535692168796, 'generation': 974}","{'id': 43226, 'rank': 17, 'fitness': 0.1703809842915741, 'generation': 974}","{'id': 43230, 'rank': 18, 'fitness': 0.14310518569712904, 'generation': 974}","{'id': 43241, 'rank': 19, 'fitness': 0.14044389660371548, 'generation': 974}","{'id': 43237, 'rank': 20, 'fitness': 0.13486391184441693, 'generation': 974}","{'id': 43248, 'rank': 21, 'fitness': 0.12211835311111557, 'generation': 974}","{'id': 43234, 'rank': 22, 'fitness': 0.11749009430966112, 'generation': 974}","{'id': 43245, 'rank': 23, 'fitness': 0.06791445329800166, 'generation': 974}","{'id': 43236, 'rank': 24, 'fitness': 0.05098670813740952, 'generation': 974}","{'id': 43232, 'rank': 25, 'fitness': 0.049778476312204445, 'generation': 974}","{'id': 43244, 'rank': 26, 'fitness': 0.04327228379051773, 'generation': 974}","{'id': 43240, 'rank': 27, 'fitness': 0.03944545442164482, 'generation': 974}","{'id': 43219, 'rank': 28, 'fitness': 0.028323184373905574, 'generation': 974}","{'id': 43221, 'rank': 29, 'fitness': 0.028095600236505702, 'generation': 974}","{'id': 43238, 'rank': 30, 'fitness': 0.01798620996209155, 'generation': 974}"
"{'id': 43294, 'rank': 1, 'fitness': 0.9820137900379085, 'generation': 975}","{'id': 43280, 'rank': 2, 'fitness': 0.952437405513014, 'generation': 975}","{'id': 43300, 'rank': 3, 'fitness': 0.882383605876816, 'generation': 975}","{'id': 43257, 'rank': 4, 'fitness': 0.8126525919668854, 'generation': 975}","{'id': 43292, 'rank': 5, 'fitness': 0.7764270285411095, 'generation': 975}","{'id': 43298, 'rank': 6, 'fitness': 0.5490377312550409, 'generation': 975}","{'id': 43291, 'rank': 7, 'fitness': 0.47864155537717606, 'generation': 975}","{'id': 43299, 'rank': 8, 'fitness': 0.3601298543201894, 'generation': 975}","{'id': 43288, 'rank': 9, 'fitness': 0.3530487425508883, 'generation': 975}","{'id': 43267, 'rank': 10, 'fitness': 0.3412521916673449, 'generation': 975}","{'id': 43290, 'rank': 11, 'fitness': 0.33476698554091244, 'generation': 975}","{'id': 43265, 'rank': 12, 'fitness': 0.2754107415192907, 'generation': 975}","{'id': 43270, 'rank': 13, 'fitness': 0.22980406250484453, 'generation': 975}","{'id': 43283, 'rank': 14, 'fitness': 0.22309806224048068, 'generation': 975}","{'id': 43286, 'rank': 15, 'fitness': 0.20905064317904648, 'generation': 975}","{'id': 43262, 'rank': 16, 'fitness': 0.1952583450782765, 'generation': 975}","{'id': 43260, 'rank': 17, 'fitness': 0.1951558632053973, 'generation': 975}","{'id': 43261, 'rank': 18, 'fitness': 0.18371394909585748, 'generation': 975}","{'id': 43282, 'rank': 19, 'fitness': 0.1605197058335513, 'generation': 975}","{'id': 43297, 'rank': 20, 'fitness': 0.14211340555613994, 'generation': 975}","{'id': 43279, 'rank': 21, 'fitness': 0.0959470344979012, 'generation': 975}","{'id': 43276, 'rank': 22, 'fitness': 0.08165920850959452, 'generation': 975}","{'id': 43277, 'rank': 23, 'fitness': 0.07267428477271926, 'generation': 975}","{'id': 43285, 'rank': 24, 'fitness': 0.06805554502140926, 'generation': 975}","{'id': 43256, 'rank': 25, 'fitness': 0.06465783874422515, 'generation': 975}","{'id': 43289, 'rank': 26, 'fitness': 0.0595600508302645, 'generation': 975}","{'id': 43281, 'rank': 27, 'fitness': 0.05948505959165995, 'generation': 975}","{'id': 43272, 'rank': 28, 'fitness': 0.027622316988876128, 'generation': 975}","{'id': 43259, 'rank': 29, 'fitness': 0.026813504796916576, 'generation': 975}","{'id': 43278, 'rank': 30, 'fitness': 0.01798620996209155, 'generation': 975}"
"{'id': 43338, 'rank': 1, 'fitness': 0.9820137900379085, 'generation': 976}","{'id': 43337, 'rank': 2, 'fitness': 0.9810738040123553, 'generation': 976}","{'id': 43327, 'rank': 3, 'fitness': 0.9294907744901685, 'generation': 976}","{'id': 43326, 'rank': 4, 'fitness': 0.927884972918041, 'generation': 976}","{'id': 43332, 'rank': 5, 'fitness': 0.8510717177852152, 'generation': 976}","{'id': 43314, 'rank': 6, 'fitness': 0.7674893794617377, 'generation': 976}","{'id': 43310, 'rank': 7, 'fitness': 0.6520369400031116, 'generation': 976}","{'id': 43313, 'rank': 8, 'fitness': 0.6118768478942207, 'generation': 976}","{'id': 43333, 'rank': 9, 'fitness': 0.5929599246516878, 'generation': 976}","{'id': 43318, 'rank': 10, 'fitness': 0.5450826118054685, 'generation': 976}","{'id': 43336, 'rank': 11, 'fitness': 0.5412023317394321, 'generation': 976}","{'id': 43309, 'rank': 12, 'fitness': 0.5017506003806129, 'generation': 976}","{'id': 43323, 'rank': 13, 'fitness': 0.44780628965453817, 'generation': 976}","{'id': 43342, 'rank': 14, 'fitness': 0.3931858011256649, 'generation': 976}","{'id': 43306, 'rank': 15, 'fitness': 0.3755721065048148, 'generation': 976}","{'id': 43303, 'rank': 16, 'fitness': 0.3454165891010209, 'generation': 976}","{'id': 43331, 'rank': 17, 'fitness': 0.31941280176516357, 'generation': 976}","{'id': 43334, 'rank': 18, 'fitness': 0.23806186401512847, 'generation': 976}","{'id': 43315, 'rank': 19, 'fitness': 0.18778599571304572, 'generation': 976}","{'id': 43319, 'rank': 20, 'fitness': 0.14267280583753372, 'generation': 976}","{'id': 43324, 'rank': 21, 'fitness': 0.14247135539970052, 'generation': 976}","{'id': 43343, 'rank': 22, 'fitness': 0.11993704655033882, 'generation': 976}","{'id': 43325, 'rank': 23, 'fitness': 0.11720032482569187, 'generation': 976}","{'id': 43321, 'rank': 24, 'fitness': 0.10569817076725208, 'generation': 976}","{'id': 43340, 'rank': 25, 'fitness': 0.09244023363506793, 'generation': 976}","{'id': 43341, 'rank': 26, 'fitness': 0.05903620386771369, 'generation': 976}","{'id': 43307, 'rank': 27, 'fitness': 0.04010851463259085, 'generation': 976}","{'id': 43302, 'rank': 28, 'fitness': 0.027824519870222164, 'generation': 976}","{'id': 43322, 'rank': 29, 'fitness': 0.02698099882944166, 'generation': 976}","{'id': 43308, 'rank': 30, 'fitness': 0.01798620996209155, 'generation': 976}"
"{'id': 43381, 'rank': 1, 'fitness': 0.9820137900379085, 'generation': 977}","{'id': 43384, 'rank': 2, 'fitness': 0.9723327823096402, 'generation': 977}","{'id': 43385, 'rank': 3, 'fitness': 0.9171885707760581, 'generation': 977}","{'id': 43383, 'rank': 4, 'fitness': 0.8844764449961875, 'generation': 977}","{'id': 43377, 'rank': 5, 'fitness': 0.8394833332419231, 'generation': 977}","{'id': 43354, 'rank': 6, 'fitness': 0.8306706127234569, 'generation': 977}","{'id': 43378, 'rank': 7, 'fitness': 0.7004815548997337, 'generation': 977}","{'id': 43359, 'rank': 8, 'fitness': 0.6697569424501596, 'generation': 977}","{'id': 43370, 'rank': 9, 'fitness': 0.5732751878790111, 'generation': 977}","{'id': 43347, 'rank': 10, 'fitness': 0.5098630431997414, 'generation': 977}","{'id': 43356, 'rank': 11, 'fitness': 0.4947043733700386, 'generation': 977}","{'id': 43366, 'rank': 12, 'fitness': 0.476806713216261, 'generation': 977}","{'id': 43371, 'rank': 13, 'fitness': 0.44969046976207494, 'generation': 977}","{'id': 43362, 'rank': 14, 'fitness': 0.42130790999555684, 'generation': 977}","{'id': 43375, 'rank': 15, 'fitness': 0.3748803409562542, 'generation': 977}","{'id': 43353, 'rank': 16, 'fitness': 0.3625706348316089, 'generation': 977}","{'id': 43386, 'rank': 17, 'fitness': 0.3163809661102712, 'generation': 977}","{'id': 43345, 'rank': 18, 'fitness': 0.27769548150236223, 'generation': 977}","{'id': 43382, 'rank': 19, 'fitness': 0.19917077476273232, 'generation': 977}","{'id': 43374, 'rank': 20, 'fitness': 0.17391083364422855, 'generation': 977}","{'id': 43379, 'rank': 21, 'fitness': 0.15483313601007426, 'generation': 977}","{'id': 43364, 'rank': 22, 'fitness': 0.13117829584960483, 'generation': 977}","{'id': 43368, 'rank': 23, 'fitness': 0.11910457559204468, 'generation': 977}","{'id': 43360, 'rank': 24, 'fitness': 0.10782999400479831, 'generation': 977}","{'id': 43361, 'rank': 25, 'fitness': 0.06545285797754574, 'generation': 977}","{'id': 43357, 'rank': 26, 'fitness': 0.0572359746599953, 'generation': 977}","{'id': 43363, 'rank': 27, 'fitness': 0.04898186007800087, 'generation': 977}","{'id': 43372, 'rank': 28, 'fitness': 0.04240576254298001, 'generation': 977}","{'id': 43346, 'rank': 29, 'fitness': 0.0323626964786502, 'generation': 977}","{'id': 43355, 'rank': 30, 'fitness': 0.01798620996209155, 'generation': 977}"
"{'id': 43425, 'rank': 1, 'fitness': 0.9820137900379085, 'generation': 978}","{'id': 43423, 'rank': 2, 'fitness': 0.9797810109574783, 'generation': 978}","{'id': 43421, 'rank': 3, 'fitness': 0.9295676245182166, 'generation': 978}","{'id': 43404, 'rank': 4, 'fitness': 0.8090628461663796, 'generation': 978}","{'id': 43420, 'rank': 5, 'fitness': 0.8047535736114664, 'generation': 978}","{'id': 43417, 'rank': 6, 'fitness': 0.799459262148732, 'generation': 978}","{'id': 43405, 'rank': 7, 'fitness': 0.7673956223951287, 'generation': 978}","{'id': 43424, 'rank': 8, 'fitness': 0.5659819166952605, 'generation': 978}","{'id': 43406, 'rank': 9, 'fitness': 0.5639235620409444, 'generation': 978}","{'id': 43418, 'rank': 10, 'fitness': 0.555536542019331, 'generation': 978}","{'id': 43398, 'rank': 11, 'fitness': 0.4549662955414311, 'generation': 978}","{'id': 43410, 'rank': 12, 'fitness': 0.3941692188258668, 'generation': 978}","{'id': 43409, 'rank': 13, 'fitness': 0.35176562681368695, 'generation': 978}","{'id': 43411, 'rank': 14, 'fitness': 0.3296545005163521, 'generation': 978}","{'id': 43389, 'rank': 15, 'fitness': 0.3228213639063292, 'generation': 978}","{'id': 43426, 'rank': 16, 'fitness': 0.28769552500937856, 'generation': 978}","{'id': 43422, 'rank': 17, 'fitness': 0.28132196587683445, 'generation': 978}","{'id': 43419, 'rank': 18, 'fitness': 0.27911142641644937, 'generation': 978}","{'id': 43393, 'rank': 19, 'fitness': 0.24724844285921027, 'generation': 978}","{'id': 43402, 'rank': 20, 'fitness': 0.24510452645830327, 'generation': 978}","{'id': 43415, 'rank': 21, 'fitness': 0.212404325380822, 'generation': 978}","{'id': 43391, 'rank': 22, 'fitness': 0.15482261845864026, 'generation': 978}","{'id': 43400, 'rank': 23, 'fitness': 0.11669640601352815, 'generation': 978}","{'id': 43412, 'rank': 24, 'fitness': 0.10926242771207317, 'generation': 978}","{'id': 43408, 'rank': 25, 'fitness': 0.10804394339137191, 'generation': 978}","{'id': 43388, 'rank': 26, 'fitness': 0.10110386438962127, 'generation': 978}","{'id': 43427, 'rank': 27, 'fitness': 0.09836137311114013, 'generation': 978}","{'id': 43401, 'rank': 28, 'fitness': 0.0878248355812895, 'generation': 978}","{'id': 43414, 'rank': 29, 'fitness': 0.03473867863607155, 'generation': 978}","{'id': 43387, 'rank': 30, 'fitness': 0.01798620996209155, 'generation': 978}"
"{'id': 43460, 'rank': 1, 'fitness': 0.9820137900379085, 'generation': 979}","{'id': 43461, 'rank': 2, 'fitness': 0.9311943018615911, 'generation': 979}","{'id': 43465, 'rank': 3, 'fitness': 0.9162056663980361, 'generation': 979}","{'id': 43446, 'rank': 4, 'fitness': 0.9140083411866631, 'generation': 979}","{'id': 43459, 'rank': 5, 'fitness': 0.8777489062337697, 'generation': 979}","{'id': 43462, 'rank': 6, 'fitness': 0.6859692802909382, 'generation': 979}","{'id': 43466, 'rank': 7, 'fitness': 0.6465296050579962, 'generation': 979}","{'id': 43452, 'rank': 8, 'fitness': 0.37358063683406684, 'generation': 979}","{'id': 43454, 'rank': 9, 'fitness': 0.35195857324798885, 'generation': 979}","{'id': 43443, 'rank': 10, 'fitness': 0.3045556203057074, 'generation': 979}","{'id': 43438, 'rank': 11, 'fitness': 0.2752209032969661, 'generation': 979}","{'id': 43433, 'rank': 12, 'fitness': 0.25762211854655104, 'generation': 979}","{'id': 43434, 'rank': 13, 'fitness': 0.2249687960404016, 'generation': 979}","{'id': 43444, 'rank': 14, 'fitness': 0.17558834148396696, 'generation': 979}","{'id': 43437, 'rank': 15, 'fitness': 0.16843739487343778, 'generation': 979}","{'id': 43457, 'rank': 16, 'fitness': 0.131777414057069, 'generation': 979}","{'id': 43431, 'rank': 17, 'fitness': 0.11452726183021172, 'generation': 979}","{'id': 43442, 'rank': 18, 'fitness': 0.10533989068092314, 'generation': 979}","{'id': 43463, 'rank': 19, 'fitness': 0.09748413933966277, 'generation': 979}","{'id': 43445, 'rank': 20, 'fitness': 0.09574390679082051, 'generation': 979}","{'id': 43429, 'rank': 21, 'fitness': 0.09116028240426555, 'generation': 979}","{'id': 43453, 'rank': 22, 'fitness': 0.08531993531454829, 'generation': 979}","{'id': 43430, 'rank': 23, 'fitness': 0.05971912838789151, 'generation': 979}","{'id': 43441, 'rank': 24, 'fitness': 0.053402120037567447, 'generation': 979}","{'id': 43449, 'rank': 25, 'fitness': 0.05273583420871569, 'generation': 979}","{'id': 43447, 'rank': 26, 'fitness': 0.0522433630710924, 'generation': 979}","{'id': 43450, 'rank': 27, 'fitness': 0.03828801823593747, 'generation': 979}","{'id': 43432, 'rank': 28, 'fitness': 0.037861297735286736, 'generation': 979}","{'id': 43435, 'rank': 29, 'fitness': 0.027747655740231858, 'generation': 979}","{'id': 43448, 'rank': 30, 'fitness': 0.01798620996209155, 'generation': 979}"
"{'id': 43494, 'rank': 1, 'fitness': 0.9820137900379085, 'generation': 980}","{'id': 43501, 'rank': 2, 'fitness': 0.8640656673033937, 'generation': 980}","{'id': 43493, 'rank': 3, 'fitness': 0.7052808008573672, 'generation': 980}","{'id': 43475, 'rank': 4, 'fitness': 0.6561983229895137, 'generation': 980}","{'id': 43492, 'rank': 5, 'fitness': 0.6144024057748336, 'generation': 980}","{'id': 43485, 'rank': 6, 'fitness': 0.5342297458250169, 'generation': 980}","{'id': 43503, 'rank': 7, 'fitness': 0.4271302570874386, 'generation': 980}","{'id': 43468, 'rank': 8, 'fitness': 0.3393428727172043, 'generation': 980}","{'id': 43502, 'rank': 9, 'fitness': 0.28460077769373915, 'generation': 980}","{'id': 43484, 'rank': 10, 'fitness': 0.2650296829354264, 'generation': 980}","{'id': 43489, 'rank': 11, 'fitness': 0.25468465593599476, 'generation': 980}","{'id': 43480, 'rank': 12, 'fitness': 0.21081643077246387, 'generation': 980}","{'id': 43472, 'rank': 13, 'fitness': 0.1915759265153767, 'generation': 980}","{'id': 43490, 'rank': 14, 'fitness': 0.14637183298026613, 'generation': 980}","{'id': 43491, 'rank': 15, 'fitness': 0.13761002120200966, 'generation': 980}","{'id': 43479, 'rank': 16, 'fitness': 0.1375683335110479, 'generation': 980}","{'id': 43481, 'rank': 17, 'fitness': 0.09030206684983044, 'generation': 980}","{'id': 43496, 'rank': 18, 'fitness': 0.0698290086015087, 'generation': 980}","{'id': 43487, 'rank': 19, 'fitness': 0.05729945090574179, 'generation': 980}","{'id': 43495, 'rank': 20, 'fitness': 0.05398940040656236, 'generation': 980}","{'id': 43471, 'rank': 21, 'fitness': 0.05208892734336207, 'generation': 980}","{'id': 43482, 'rank': 22, 'fitness': 0.04505600435072177, 'generation': 980}","{'id': 43497, 'rank': 23, 'fitness': 0.03473338904373813, 'generation': 980}","{'id': 43498, 'rank': 24, 'fitness': 0.03134938837145068, 'generation': 980}","{'id': 43469, 'rank': 25, 'fitness': 0.030468702547466642, 'generation': 980}","{'id': 43470, 'rank': 26, 'fitness': 0.029468874060111894, 'generation': 980}","{'id': 43500, 'rank': 27, 'fitness': 0.024269997713689373, 'generation': 980}","{'id': 43483, 'rank': 28, 'fitness': 0.021221843115121597, 'generation': 980}","{'id': 43488, 'rank': 29, 'fitness': 0.02017147043076617, 'generation': 980}","{'id': 43499, 'rank': 30, 'fitness': 0.01798620996209155, 'generation': 980}"
"{'id': 43536, 'rank': 1, 'fitness': 0.9820137900379085, 'generation': 981}","{'id': 43531, 'rank': 2, 'fitness': 0.9819611174945958, 'generation': 981}","{'id': 43535, 'rank': 3, 'fitness': 0.9723882223603217, 'generation': 981}","{'id': 43529, 'rank': 4, 'fitness': 0.9625245833841033, 'generation': 981}","{'id': 43526, 'rank': 5, 'fitness': 0.9057850290317562, 'generation': 981}","{'id': 43541, 'rank': 6, 'fitness': 0.8664185698659055, 'generation': 981}","{'id': 43518, 'rank': 7, 'fitness': 0.7330249625998393, 'generation': 981}","{'id': 43538, 'rank': 8, 'fitness': 0.7088605894477993, 'generation': 981}","{'id': 43514, 'rank': 9, 'fitness': 0.6327736610124113, 'generation': 981}","{'id': 43524, 'rank': 10, 'fitness': 0.5512098191002871, 'generation': 981}","{'id': 43505, 'rank': 11, 'fitness': 0.4631839550118618, 'generation': 981}","{'id': 43522, 'rank': 12, 'fitness': 0.4604796118332808, 'generation': 981}","{'id': 43534, 'rank': 13, 'fitness': 0.44460542776236156, 'generation': 981}","{'id': 43527, 'rank': 14, 'fitness': 0.4217842943723834, 'generation': 981}","{'id': 43537, 'rank': 15, 'fitness': 0.3841264355763923, 'generation': 981}","{'id': 43530, 'rank': 16, 'fitness': 0.33918616840990023, 'generation': 981}","{'id': 43539, 'rank': 17, 'fitness': 0.33686345677047835, 'generation': 981}","{'id': 43510, 'rank': 18, 'fitness': 0.2860576512385277, 'generation': 981}","{'id': 43517, 'rank': 19, 'fitness': 0.26632189554815133, 'generation': 981}","{'id': 43523, 'rank': 20, 'fitness': 0.18318740143938084, 'generation': 981}","{'id': 43533, 'rank': 21, 'fitness': 0.1446313572386425, 'generation': 981}","{'id': 43520, 'rank': 22, 'fitness': 0.07941707862127279, 'generation': 981}","{'id': 43512, 'rank': 23, 'fitness': 0.06073557858806111, 'generation': 981}","{'id': 43516, 'rank': 24, 'fitness': 0.060022457181250266, 'generation': 981}","{'id': 43508, 'rank': 25, 'fitness': 0.05984345441073441, 'generation': 981}","{'id': 43528, 'rank': 26, 'fitness': 0.043134703925492346, 'generation': 981}","{'id': 43525, 'rank': 27, 'fitness': 0.039613123236374115, 'generation': 981}","{'id': 43519, 'rank': 28, 'fitness': 0.03895270573955251, 'generation': 981}","{'id': 43504, 'rank': 29, 'fitness': 0.03301675512195584, 'generation': 981}","{'id': 43515, 'rank': 30, 'fitness': 0.01798620996209155, 'generation': 981}"
"{'id': 43577, 'rank': 1, 'fitness': 0.9820137900379085, 'generation': 982}","{'id': 43581, 'rank': 2, 'fitness': 0.7278876661362375, 'generation': 982}","{'id': 43545, 'rank': 3, 'fitness': 0.7121697916549974, 'generation': 982}","{'id': 43591, 'rank': 4, 'fitness': 0.6967004577920631, 'generation': 982}","{'id': 43588, 'rank': 5, 'fitness': 0.6768322802414783, 'generation': 982}","{'id': 43586, 'rank': 6, 'fitness': 0.5265796418600617, 'generation': 982}","{'id': 43554, 'rank': 7, 'fitness': 0.48872247751017617, 'generation': 982}","{'id': 43574, 'rank': 8, 'fitness': 0.44586414289933507, 'generation': 982}","{'id': 43587, 'rank': 9, 'fitness': 0.4278181334982925, 'generation': 982}","{'id': 43553, 'rank': 10, 'fitness': 0.39494544360129946, 'generation': 982}","{'id': 43584, 'rank': 11, 'fitness': 0.39290278012162505, 'generation': 982}","{'id': 43590, 'rank': 12, 'fitness': 0.3850237758904689, 'generation': 982}","{'id': 43585, 'rank': 13, 'fitness': 0.3293687529184649, 'generation': 982}","{'id': 43560, 'rank': 14, 'fitness': 0.2571836737336377, 'generation': 982}","{'id': 43558, 'rank': 15, 'fitness': 0.1830858594754975, 'generation': 982}","{'id': 43573, 'rank': 16, 'fitness': 0.1602634211604575, 'generation': 982}","{'id': 43578, 'rank': 17, 'fitness': 0.15067267920571137, 'generation': 982}","{'id': 43542, 'rank': 18, 'fitness': 0.11195179338707772, 'generation': 982}","{'id': 43593, 'rank': 19, 'fitness': 0.09279574358894438, 'generation': 982}","{'id': 43555, 'rank': 20, 'fitness': 0.06760240397203676, 'generation': 982}","{'id': 43582, 'rank': 21, 'fitness': 0.06629645538071682, 'generation': 982}","{'id': 43547, 'rank': 22, 'fitness': 0.06272256079970284, 'generation': 982}","{'id': 43549, 'rank': 23, 'fitness': 0.05114308723028299, 'generation': 982}","{'id': 43557, 'rank': 24, 'fitness': 0.049966883014344265, 'generation': 982}","{'id': 43564, 'rank': 25, 'fitness': 0.038796760270538855, 'generation': 982}","{'id': 43594, 'rank': 26, 'fitness': 0.03517044938806335, 'generation': 982}","{'id': 43583, 'rank': 27, 'fitness': 0.02670108837108609, 'generation': 982}","{'id': 43565, 'rank': 28, 'fitness': 0.025505950556842405, 'generation': 982}","{'id': 43551, 'rank': 29, 'fitness': 0.020316624848105924, 'generation': 982}","{'id': 43559, 'rank': 30, 'fitness': 0.01798620996209155, 'generation': 982}"
"{'id': 43630, 'rank': 1, 'fitness': 0.9820137900379085, 'generation': 983}","{'id': 43632, 'rank': 2, 'fitness': 0.7120500952321487, 'generation': 983}","{'id': 43633, 'rank': 3, 'fitness': 0.6694865483925823, 'generation': 983}","{'id': 43624, 'rank': 4, 'fitness': 0.5535248088857728, 'generation': 983}","{'id': 43619, 'rank': 5, 'fitness': 0.5343559494287855, 'generation': 983}","{'id': 43618, 'rank': 6, 'fitness': 0.5132309285184188, 'generation': 983}","{'id': 43617, 'rank': 7, 'fitness': 0.50415454636335, 'generation': 983}","{'id': 43614, 'rank': 8, 'fitness': 0.42669765456533976, 'generation': 983}","{'id': 43604, 'rank': 9, 'fitness': 0.38022794702958884, 'generation': 983}","{'id': 43628, 'rank': 10, 'fitness': 0.3736014356355257, 'generation': 983}","{'id': 43605, 'rank': 11, 'fitness': 0.3684911562494755, 'generation': 983}","{'id': 43620, 'rank': 12, 'fitness': 0.3447273691703586, 'generation': 983}","{'id': 43601, 'rank': 13, 'fitness': 0.32425747522308523, 'generation': 983}","{'id': 43625, 'rank': 14, 'fitness': 0.22271847296436798, 'generation': 983}","{'id': 43600, 'rank': 15, 'fitness': 0.1802626710805071, 'generation': 983}","{'id': 43598, 'rank': 16, 'fitness': 0.1692716092247581, 'generation': 983}","{'id': 43608, 'rank': 17, 'fitness': 0.16195523006100093, 'generation': 983}","{'id': 43607, 'rank': 18, 'fitness': 0.12152521665680327, 'generation': 983}","{'id': 43616, 'rank': 19, 'fitness': 0.11108295863229778, 'generation': 983}","{'id': 43603, 'rank': 20, 'fitness': 0.10096095307960462, 'generation': 983}","{'id': 43631, 'rank': 21, 'fitness': 0.09816179965046024, 'generation': 983}","{'id': 43622, 'rank': 22, 'fitness': 0.08593146148939923, 'generation': 983}","{'id': 43613, 'rank': 23, 'fitness': 0.06418612872019974, 'generation': 983}","{'id': 43629, 'rank': 24, 'fitness': 0.059612444775009155, 'generation': 983}","{'id': 43599, 'rank': 25, 'fitness': 0.03899418456947945, 'generation': 983}","{'id': 43623, 'rank': 26, 'fitness': 0.03244789854122515, 'generation': 983}","{'id': 43626, 'rank': 27, 'fitness': 0.029696783058415055, 'generation': 983}","{'id': 43610, 'rank': 28, 'fitness': 0.027738727277766273, 'generation': 983}","{'id': 43611, 'rank': 29, 'fitness': 0.023855900883342773, 'generation': 983}","{'id': 43602, 'rank': 30, 'fitness': 0.01798620996209155, 'generation': 983}"
"{'id': 43672, 'rank': 1, 'fitness': 0.9820137900379085, 'generation': 984}","{'id': 43643, 'rank': 2, 'fitness': 0.918796092171706, 'generation': 984}","{'id': 43641, 'rank': 3, 'fitness': 0.9014774072332741, 'generation': 984}","{'id': 43660, 'rank': 4, 'fitness': 0.8991789655831156, 'generation': 984}","{'id': 43669, 'rank': 5, 'fitness': 0.8724651427660004, 'generation': 984}","{'id': 43671, 'rank': 6, 'fitness': 0.8587282769038979, 'generation': 984}","{'id': 43675, 'rank': 7, 'fitness': 0.8440862958750998, 'generation': 984}","{'id': 43667, 'rank': 8, 'fitness': 0.7928758472675814, 'generation': 984}","{'id': 43663, 'rank': 9, 'fitness': 0.7378294703518651, 'generation': 984}","{'id': 43659, 'rank': 10, 'fitness': 0.7350668558552613, 'generation': 984}","{'id': 43668, 'rank': 11, 'fitness': 0.7279637091437324, 'generation': 984}","{'id': 43655, 'rank': 12, 'fitness': 0.66012428507419, 'generation': 984}","{'id': 43662, 'rank': 13, 'fitness': 0.550899004496545, 'generation': 984}","{'id': 43647, 'rank': 14, 'fitness': 0.5336548154293781, 'generation': 984}","{'id': 43664, 'rank': 15, 'fitness': 0.5152809489795025, 'generation': 984}","{'id': 43670, 'rank': 16, 'fitness': 0.46842629047684703, 'generation': 984}","{'id': 43654, 'rank': 17, 'fitness': 0.34550052972765694, 'generation': 984}","{'id': 43651, 'rank': 18, 'fitness': 0.31172527568400343, 'generation': 984}","{'id': 43661, 'rank': 19, 'fitness': 0.2839499725029473, 'generation': 984}","{'id': 43673, 'rank': 20, 'fitness': 0.23532772689996728, 'generation': 984}","{'id': 43674, 'rank': 21, 'fitness': 0.21329046525814238, 'generation': 984}","{'id': 43649, 'rank': 22, 'fitness': 0.17885068034104235, 'generation': 984}","{'id': 43658, 'rank': 23, 'fitness': 0.13869362499890042, 'generation': 984}","{'id': 43646, 'rank': 24, 'fitness': 0.10885591813294004, 'generation': 984}","{'id': 43652, 'rank': 25, 'fitness': 0.0648683327614864, 'generation': 984}","{'id': 43656, 'rank': 26, 'fitness': 0.03760351090824393, 'generation': 984}","{'id': 43639, 'rank': 27, 'fitness': 0.03514747239968263, 'generation': 984}","{'id': 43665, 'rank': 28, 'fitness': 0.03239477709141192, 'generation': 984}","{'id': 43645, 'rank': 29, 'fitness': 0.021667580368811834, 'generation': 984}","{'id': 43650, 'rank': 30, 'fitness': 0.01798620996209155, 'generation': 984}"
"{'id': 43712, 'rank': 1, 'fitness': 0.9820137900379085, 'generation': 985}","{'id': 43686, 'rank': 2, 'fitness': 0.9799019225955747, 'generation': 985}","{'id': 43710, 'rank': 3, 'fitness': 0.9798626458518294, 'generation': 985}","{'id': 43733, 'rank': 4, 'fitness': 0.9763265772664915, 'generation': 985}","{'id': 43727, 'rank': 5, 'fitness': 0.9703354647878046, 'generation': 985}","{'id': 43700, 'rank': 6, 'fitness': 0.9505128912923904, 'generation': 985}","{'id': 43678, 'rank': 7, 'fitness': 0.9253637684666337, 'generation': 985}","{'id': 43717, 'rank': 8, 'fitness': 0.8440599638429953, 'generation': 985}","{'id': 43725, 'rank': 9, 'fitness': 0.837634201250773, 'generation': 985}","{'id': 43680, 'rank': 10, 'fitness': 0.8260719758953459, 'generation': 985}","{'id': 43724, 'rank': 11, 'fitness': 0.8138808005763154, 'generation': 985}","{'id': 43729, 'rank': 12, 'fitness': 0.7160338539444414, 'generation': 985}","{'id': 43722, 'rank': 13, 'fitness': 0.6265446435362543, 'generation': 985}","{'id': 43702, 'rank': 14, 'fitness': 0.6114060270761039, 'generation': 985}","{'id': 43730, 'rank': 15, 'fitness': 0.44707952464862155, 'generation': 985}","{'id': 43720, 'rank': 16, 'fitness': 0.4189616398974517, 'generation': 985}","{'id': 43718, 'rank': 17, 'fitness': 0.3867793977350682, 'generation': 985}","{'id': 43689, 'rank': 18, 'fitness': 0.3676365011339, 'generation': 985}","{'id': 43691, 'rank': 19, 'fitness': 0.31083269662633073, 'generation': 985}","{'id': 43732, 'rank': 20, 'fitness': 0.21498378956997377, 'generation': 985}","{'id': 43726, 'rank': 21, 'fitness': 0.20883622597156581, 'generation': 985}","{'id': 43719, 'rank': 22, 'fitness': 0.17687284073219106, 'generation': 985}","{'id': 43694, 'rank': 23, 'fitness': 0.14193760752040846, 'generation': 985}","{'id': 43697, 'rank': 24, 'fitness': 0.08468133248242782, 'generation': 985}","{'id': 43698, 'rank': 25, 'fitness': 0.06117106307770526, 'generation': 985}","{'id': 43723, 'rank': 26, 'fitness': 0.05147436118315779, 'generation': 985}","{'id': 43706, 'rank': 27, 'fitness': 0.03886253308195298, 'generation': 985}","{'id': 43728, 'rank': 28, 'fitness': 0.02639415786669924, 'generation': 985}","{'id': 43709, 'rank': 29, 'fitness': 0.018103121093341668, 'generation': 985}","{'id': 43711, 'rank': 30, 'fitness': 0.01798620996209155, 'generation': 985}"
"{'id': 43794, 'rank': 1, 'fitness': 0.9820137900379085, 'generation': 986}","{'id': 43735, 'rank': 2, 'fitness': 0.9769741695906166, 'generation': 986}","{'id': 43795, 'rank': 3, 'fitness': 0.9427409439663423, 'generation': 986}","{'id': 43764, 'rank': 4, 'fitness': 0.9039510449366276, 'generation': 986}","{'id': 43749, 'rank': 5, 'fitness': 0.8985955208464953, 'generation': 986}","{'id': 43745, 'rank': 6, 'fitness': 0.8847296541764759, 'generation': 986}","{'id': 43799, 'rank': 7, 'fitness': 0.8814324983320274, 'generation': 986}","{'id': 43770, 'rank': 8, 'fitness': 0.8084231453922994, 'generation': 986}","{'id': 43778, 'rank': 9, 'fitness': 0.766479708858544, 'generation': 986}","{'id': 43792, 'rank': 10, 'fitness': 0.7583070133835619, 'generation': 986}","{'id': 43760, 'rank': 11, 'fitness': 0.6111232565551327, 'generation': 986}","{'id': 43744, 'rank': 12, 'fitness': 0.6105883803939759, 'generation': 986}","{'id': 43798, 'rank': 13, 'fitness': 0.46461066308123244, 'generation': 986}","{'id': 43775, 'rank': 14, 'fitness': 0.44528823177706056, 'generation': 986}","{'id': 43751, 'rank': 15, 'fitness': 0.32468511846821574, 'generation': 986}","{'id': 43736, 'rank': 16, 'fitness': 0.3140362332204769, 'generation': 986}","{'id': 43784, 'rank': 17, 'fitness': 0.3001264598274497, 'generation': 986}","{'id': 43781, 'rank': 18, 'fitness': 0.27340832217138666, 'generation': 986}","{'id': 43789, 'rank': 19, 'fitness': 0.24372937536158323, 'generation': 986}","{'id': 43796, 'rank': 20, 'fitness': 0.17237948161318267, 'generation': 986}","{'id': 43750, 'rank': 21, 'fitness': 0.15229507123891362, 'generation': 986}","{'id': 43762, 'rank': 22, 'fitness': 0.14879324777757874, 'generation': 986}","{'id': 43790, 'rank': 23, 'fitness': 0.08625686182142933, 'generation': 986}","{'id': 43756, 'rank': 24, 'fitness': 0.08528356961763972, 'generation': 986}","{'id': 43774, 'rank': 25, 'fitness': 0.08336347801171795, 'generation': 986}","{'id': 43739, 'rank': 26, 'fitness': 0.05171226140748025, 'generation': 986}","{'id': 43793, 'rank': 27, 'fitness': 0.04008594347545741, 'generation': 986}","{'id': 43786, 'rank': 28, 'fitness': 0.023685324413262432, 'generation': 986}","{'id': 43772, 'rank': 29, 'fitness': 0.018059072658002495, 'generation': 986}","{'id': 43771, 'rank': 30, 'fitness': 0.01798620996209155, 'generation': 986}"
"{'id': 43840, 'rank': 1, 'fitness': 0.9820137900379085, 'generation': 987}","{'id': 43846, 'rank': 2, 'fitness': 0.967485716562695, 'generation': 987}","{'id': 43842, 'rank': 3, 'fitness': 0.6523038419307923, 'generation': 987}","{'id': 43845, 'rank': 4, 'fitness': 0.6229475486515467, 'generation': 987}","{'id': 43838, 'rank': 5, 'fitness': 0.6110331671611061, 'generation': 987}","{'id': 43835, 'rank': 6, 'fitness': 0.4152818745874346, 'generation': 987}","{'id': 43836, 'rank': 7, 'fitness': 0.3499190262264794, 'generation': 987}","{'id': 43839, 'rank': 8, 'fitness': 0.32204823699023577, 'generation': 987}","{'id': 43831, 'rank': 9, 'fitness': 0.18430220238585904, 'generation': 987}","{'id': 43812, 'rank': 10, 'fitness': 0.16399962890630548, 'generation': 987}","{'id': 43844, 'rank': 11, 'fitness': 0.1609690582939, 'generation': 987}","{'id': 43830, 'rank': 12, 'fitness': 0.12220001503040279, 'generation': 987}","{'id': 43813, 'rank': 13, 'fitness': 0.09741858596215963, 'generation': 987}","{'id': 43829, 'rank': 14, 'fitness': 0.09681995374153751, 'generation': 987}","{'id': 43841, 'rank': 15, 'fitness': 0.08921520200218613, 'generation': 987}","{'id': 43819, 'rank': 16, 'fitness': 0.08310454187469235, 'generation': 987}","{'id': 43828, 'rank': 17, 'fitness': 0.06571501296359095, 'generation': 987}","{'id': 43821, 'rank': 18, 'fitness': 0.06506205574801882, 'generation': 987}","{'id': 43814, 'rank': 19, 'fitness': 0.06160938233777857, 'generation': 987}","{'id': 43809, 'rank': 20, 'fitness': 0.04281874743273956, 'generation': 987}","{'id': 43807, 'rank': 21, 'fitness': 0.042342404047711, 'generation': 987}","{'id': 43834, 'rank': 22, 'fitness': 0.0398278738277803, 'generation': 987}","{'id': 43808, 'rank': 23, 'fitness': 0.03376021978388455, 'generation': 987}","{'id': 43822, 'rank': 24, 'fitness': 0.03028534244090708, 'generation': 987}","{'id': 43817, 'rank': 25, 'fitness': 0.029837328126207596, 'generation': 987}","{'id': 43818, 'rank': 26, 'fitness': 0.026347354883550334, 'generation': 987}","{'id': 43826, 'rank': 27, 'fitness': 0.02610939448914157, 'generation': 987}","{'id': 43832, 'rank': 28, 'fitness': 0.023327694721829717, 'generation': 987}","{'id': 43806, 'rank': 29, 'fitness': 0.018037946272166427, 'generation': 987}","{'id': 43804, 'rank': 30, 'fitness': 0.01798620996209155, 'generation': 987}"
"{'id': 43870, 'rank': 1, 'fitness': 0.9820137900379085, 'generation': 988}","{'id': 43883, 'rank': 2, 'fitness': 0.8476167191363572, 'generation': 988}","{'id': 43882, 'rank': 3, 'fitness': 0.8451718053793316, 'generation': 988}","{'id': 43872, 'rank': 4, 'fitness': 0.7101289095226679, 'generation': 988}","{'id': 43867, 'rank': 5, 'fitness': 0.6596234047152852, 'generation': 988}","{'id': 43853, 'rank': 6, 'fitness': 0.6353658915622467, 'generation': 988}","{'id': 43851, 'rank': 7, 'fitness': 0.5534809704830296, 'generation': 988}","{'id': 43877, 'rank': 8, 'fitness': 0.5241204273730743, 'generation': 988}","{'id': 43879, 'rank': 9, 'fitness': 0.5096686531947825, 'generation': 988}","{'id': 43869, 'rank': 10, 'fitness': 0.37495784059402326, 'generation': 988}","{'id': 43874, 'rank': 11, 'fitness': 0.323927564747465, 'generation': 988}","{'id': 43871, 'rank': 12, 'fitness': 0.3025491214873536, 'generation': 988}","{'id': 43881, 'rank': 13, 'fitness': 0.27286767368686793, 'generation': 988}","{'id': 43856, 'rank': 14, 'fitness': 0.24750724687727943, 'generation': 988}","{'id': 43866, 'rank': 15, 'fitness': 0.21819246968942968, 'generation': 988}","{'id': 43861, 'rank': 16, 'fitness': 0.1957200912555469, 'generation': 988}","{'id': 43873, 'rank': 17, 'fitness': 0.1297574224201602, 'generation': 988}","{'id': 43858, 'rank': 18, 'fitness': 0.1259278827458411, 'generation': 988}","{'id': 43884, 'rank': 19, 'fitness': 0.09745233898485645, 'generation': 988}","{'id': 43876, 'rank': 20, 'fitness': 0.07662067662376953, 'generation': 988}","{'id': 43875, 'rank': 21, 'fitness': 0.04523714850400107, 'generation': 988}","{'id': 43885, 'rank': 22, 'fitness': 0.041370395891185796, 'generation': 988}","{'id': 43880, 'rank': 23, 'fitness': 0.04096830925928063, 'generation': 988}","{'id': 43865, 'rank': 24, 'fitness': 0.03930434237647218, 'generation': 988}","{'id': 43860, 'rank': 25, 'fitness': 0.0385606578457498, 'generation': 988}","{'id': 43864, 'rank': 26, 'fitness': 0.03532594211938356, 'generation': 988}","{'id': 43850, 'rank': 27, 'fitness': 0.03386536473857871, 'generation': 988}","{'id': 43857, 'rank': 28, 'fitness': 0.0280024170947909, 'generation': 988}","{'id': 43878, 'rank': 29, 'fitness': 0.024917156914934235, 'generation': 988}","{'id': 43849, 'rank': 30, 'fitness': 0.01798620996209155, 'generation': 988}"
"{'id': 43926, 'rank': 1, 'fitness': 0.9820137900379085, 'generation': 989}","{'id': 43918, 'rank': 2, 'fitness': 0.972826061216875, 'generation': 989}","{'id': 43916, 'rank': 3, 'fitness': 0.9712879976503352, 'generation': 989}","{'id': 43921, 'rank': 4, 'fitness': 0.9150531742223728, 'generation': 989}","{'id': 43924, 'rank': 5, 'fitness': 0.9139890572778548, 'generation': 989}","{'id': 43917, 'rank': 6, 'fitness': 0.8980037618335774, 'generation': 989}","{'id': 43905, 'rank': 7, 'fitness': 0.8903039463721845, 'generation': 989}","{'id': 43911, 'rank': 8, 'fitness': 0.8227498146117994, 'generation': 989}","{'id': 43922, 'rank': 9, 'fitness': 0.7348067260783548, 'generation': 989}","{'id': 43915, 'rank': 10, 'fitness': 0.6052450249272738, 'generation': 989}","{'id': 43928, 'rank': 11, 'fitness': 0.5984741739113284, 'generation': 989}","{'id': 43914, 'rank': 12, 'fitness': 0.5783967030343831, 'generation': 989}","{'id': 43923, 'rank': 13, 'fitness': 0.4995223508740174, 'generation': 989}","{'id': 43906, 'rank': 14, 'fitness': 0.46484510009698693, 'generation': 989}","{'id': 43927, 'rank': 15, 'fitness': 0.21844099730728184, 'generation': 989}","{'id': 43898, 'rank': 16, 'fitness': 0.19297576792363041, 'generation': 989}","{'id': 43910, 'rank': 17, 'fitness': 0.18152560091336506, 'generation': 989}","{'id': 43912, 'rank': 18, 'fitness': 0.17721363600400447, 'generation': 989}","{'id': 43900, 'rank': 19, 'fitness': 0.16301247160378451, 'generation': 989}","{'id': 43907, 'rank': 20, 'fitness': 0.14489235122365957, 'generation': 989}","{'id': 43909, 'rank': 21, 'fitness': 0.08823347616969096, 'generation': 989}","{'id': 43902, 'rank': 22, 'fitness': 0.08343746880112285, 'generation': 989}","{'id': 43919, 'rank': 23, 'fitness': 0.08275020124655397, 'generation': 989}","{'id': 43908, 'rank': 24, 'fitness': 0.08244908024025238, 'generation': 989}","{'id': 43903, 'rank': 25, 'fitness': 0.06318383842414343, 'generation': 989}","{'id': 43889, 'rank': 26, 'fitness': 0.06285830358751637, 'generation': 989}","{'id': 43893, 'rank': 27, 'fitness': 0.05485824246751614, 'generation': 989}","{'id': 43899, 'rank': 28, 'fitness': 0.018979143310557334, 'generation': 989}","{'id': 43896, 'rank': 29, 'fitness': 0.01808999663786781, 'generation': 989}","{'id': 43887, 'rank': 30, 'fitness': 0.01798620996209155, 'generation': 989}"
"{'id': 43965, 'rank': 1, 'fitness': 0.9820137900379085, 'generation': 990}","{'id': 43975, 'rank': 2, 'fitness': 0.97691927851761, 'generation': 990}","{'id': 43971, 'rank': 3, 'fitness': 0.9298221832800628, 'generation': 990}","{'id': 43973, 'rank': 4, 'fitness': 0.8547956004481945, 'generation': 990}","{'id': 43970, 'rank': 5, 'fitness': 0.7928428904510836, 'generation': 990}","{'id': 43967, 'rank': 6, 'fitness': 0.6784837939379453, 'generation': 990}","{'id': 43934, 'rank': 7, 'fitness': 0.6686590795674121, 'generation': 990}","{'id': 43978, 'rank': 8, 'fitness': 0.6176416456130939, 'generation': 990}","{'id': 43964, 'rank': 9, 'fitness': 0.41711251066462124, 'generation': 990}","{'id': 43947, 'rank': 10, 'fitness': 0.4083737431294596, 'generation': 990}","{'id': 43957, 'rank': 11, 'fitness': 0.3850793898772612, 'generation': 990}","{'id': 43940, 'rank': 12, 'fitness': 0.20853464781351994, 'generation': 990}","{'id': 43935, 'rank': 13, 'fitness': 0.2051906064316089, 'generation': 990}","{'id': 43943, 'rank': 14, 'fitness': 0.1764890589480787, 'generation': 990}","{'id': 43959, 'rank': 15, 'fitness': 0.17356622331971167, 'generation': 990}","{'id': 43955, 'rank': 16, 'fitness': 0.17340345534659585, 'generation': 990}","{'id': 43933, 'rank': 17, 'fitness': 0.16235619355206832, 'generation': 990}","{'id': 43941, 'rank': 18, 'fitness': 0.11802343885155403, 'generation': 990}","{'id': 43968, 'rank': 19, 'fitness': 0.10612375182891914, 'generation': 990}","{'id': 43976, 'rank': 20, 'fitness': 0.09775724535332359, 'generation': 990}","{'id': 43929, 'rank': 21, 'fitness': 0.07352807528233352, 'generation': 990}","{'id': 43958, 'rank': 22, 'fitness': 0.06802095712623113, 'generation': 990}","{'id': 43977, 'rank': 23, 'fitness': 0.04916868193963153, 'generation': 990}","{'id': 43936, 'rank': 24, 'fitness': 0.042268897954608475, 'generation': 990}","{'id': 43961, 'rank': 25, 'fitness': 0.0348784671489194, 'generation': 990}","{'id': 43966, 'rank': 26, 'fitness': 0.029091870635534478, 'generation': 990}","{'id': 43979, 'rank': 27, 'fitness': 0.024810979515476672, 'generation': 990}","{'id': 43946, 'rank': 28, 'fitness': 0.024715750806589942, 'generation': 990}","{'id': 43950, 'rank': 29, 'fitness': 0.018928231628709324, 'generation': 990}","{'id': 43932, 'rank': 30, 'fitness': 0.01798620996209155, 'generation': 990}"
"{'id': 44000, 'rank': 1, 'fitness': 0.9820137900379085, 'generation': 991}","{'id': 44014, 'rank': 2, 'fitness': 0.839838525565167, 'generation': 991}","{'id': 44023, 'rank': 3, 'fitness': 0.8281653770577064, 'generation': 991}","{'id': 44020, 'rank': 4, 'fitness': 0.6684475702008374, 'generation': 991}","{'id': 44004, 'rank': 5, 'fitness': 0.49960158307818425, 'generation': 991}","{'id': 44002, 'rank': 6, 'fitness': 0.48431162531343985, 'generation': 991}","{'id': 44022, 'rank': 7, 'fitness': 0.47631586018292976, 'generation': 991}","{'id': 44021, 'rank': 8, 'fitness': 0.4320308692453556, 'generation': 991}","{'id': 44005, 'rank': 9, 'fitness': 0.41861653196275045, 'generation': 991}","{'id': 43991, 'rank': 10, 'fitness': 0.3396532398126031, 'generation': 991}","{'id': 44016, 'rank': 11, 'fitness': 0.29334626532373226, 'generation': 991}","{'id': 44012, 'rank': 12, 'fitness': 0.2430564353262416, 'generation': 991}","{'id': 44011, 'rank': 13, 'fitness': 0.22013277762001465, 'generation': 991}","{'id': 44013, 'rank': 14, 'fitness': 0.20411921158479773, 'generation': 991}","{'id': 44015, 'rank': 15, 'fitness': 0.2001379974370172, 'generation': 991}","{'id': 44006, 'rank': 16, 'fitness': 0.16273475761734674, 'generation': 991}","{'id': 43987, 'rank': 17, 'fitness': 0.15043228696656613, 'generation': 991}","{'id': 44001, 'rank': 18, 'fitness': 0.11776532171079324, 'generation': 991}","{'id': 44017, 'rank': 19, 'fitness': 0.10824461654113521, 'generation': 991}","{'id': 44008, 'rank': 20, 'fitness': 0.09343434015311747, 'generation': 991}","{'id': 43999, 'rank': 21, 'fitness': 0.07035392548978636, 'generation': 991}","{'id': 43998, 'rank': 22, 'fitness': 0.06464154557255558, 'generation': 991}","{'id': 44010, 'rank': 23, 'fitness': 0.06292996524837485, 'generation': 991}","{'id': 43986, 'rank': 24, 'fitness': 0.060305738280002796, 'generation': 991}","{'id': 44019, 'rank': 25, 'fitness': 0.048860035213978026, 'generation': 991}","{'id': 43992, 'rank': 26, 'fitness': 0.03154812746500435, 'generation': 991}","{'id': 43994, 'rank': 27, 'fitness': 0.02873528818039156, 'generation': 991}","{'id': 43988, 'rank': 28, 'fitness': 0.022074215209261117, 'generation': 991}","{'id': 43985, 'rank': 29, 'fitness': 0.02057505210351246, 'generation': 991}","{'id': 44007, 'rank': 30, 'fitness': 0.01798620996209155, 'generation': 991}"
"{'id': 44058, 'rank': 1, 'fitness': 0.9820137900379085, 'generation': 992}","{'id': 44063, 'rank': 2, 'fitness': 0.9792525511731067, 'generation': 992}","{'id': 44031, 'rank': 3, 'fitness': 0.9415678151287518, 'generation': 992}","{'id': 44065, 'rank': 4, 'fitness': 0.827505847954682, 'generation': 992}","{'id': 44043, 'rank': 5, 'fitness': 0.5671983976063932, 'generation': 992}","{'id': 44045, 'rank': 6, 'fitness': 0.4976627986983533, 'generation': 992}","{'id': 44046, 'rank': 7, 'fitness': 0.3600135480657569, 'generation': 992}","{'id': 44053, 'rank': 8, 'fitness': 0.2536597978188795, 'generation': 992}","{'id': 44039, 'rank': 9, 'fitness': 0.23340865027589652, 'generation': 992}","{'id': 44057, 'rank': 10, 'fitness': 0.22175113056747625, 'generation': 992}","{'id': 44035, 'rank': 11, 'fitness': 0.1929985353274037, 'generation': 992}","{'id': 44027, 'rank': 12, 'fitness': 0.18805833330207372, 'generation': 992}","{'id': 44042, 'rank': 13, 'fitness': 0.15535420940173722, 'generation': 992}","{'id': 44064, 'rank': 14, 'fitness': 0.1444856915394691, 'generation': 992}","{'id': 44044, 'rank': 15, 'fitness': 0.13782131008161214, 'generation': 992}","{'id': 44061, 'rank': 16, 'fitness': 0.1369057579330767, 'generation': 992}","{'id': 44050, 'rank': 17, 'fitness': 0.11291572192901433, 'generation': 992}","{'id': 44025, 'rank': 18, 'fitness': 0.08920186109952266, 'generation': 992}","{'id': 44041, 'rank': 19, 'fitness': 0.05224995784285946, 'generation': 992}","{'id': 44024, 'rank': 20, 'fitness': 0.046900017037313, 'generation': 992}","{'id': 44056, 'rank': 21, 'fitness': 0.04645305076885581, 'generation': 992}","{'id': 44030, 'rank': 22, 'fitness': 0.03876452435145833, 'generation': 992}","{'id': 44062, 'rank': 23, 'fitness': 0.03864343822405952, 'generation': 992}","{'id': 44047, 'rank': 24, 'fitness': 0.02979476998994085, 'generation': 992}","{'id': 44048, 'rank': 25, 'fitness': 0.028236993155786982, 'generation': 992}","{'id': 44028, 'rank': 26, 'fitness': 0.024485124700753313, 'generation': 992}","{'id': 44040, 'rank': 27, 'fitness': 0.023525243651282224, 'generation': 992}","{'id': 44036, 'rank': 28, 'fitness': 0.02242827906164374, 'generation': 992}","{'id': 44060, 'rank': 29, 'fitness': 0.020077567849839828, 'generation': 992}","{'id': 44026, 'rank': 30, 'fitness': 0.01798620996209155, 'generation': 992}"
"{'id': 44100, 'rank': 1, 'fitness': 0.9820137900379085, 'generation': 993}","{'id': 44094, 'rank': 2, 'fitness': 0.9595186456547157, 'generation': 993}","{'id': 44093, 'rank': 3, 'fitness': 0.8925951788916185, 'generation': 993}","{'id': 44106, 'rank': 4, 'fitness': 0.863064180651576, 'generation': 993}","{'id': 44080, 'rank': 5, 'fitness': 0.8007793640827282, 'generation': 993}","{'id': 44108, 'rank': 6, 'fitness': 0.775358320213752, 'generation': 993}","{'id': 44066, 'rank': 7, 'fitness': 0.5968137398622372, 'generation': 993}","{'id': 44104, 'rank': 8, 'fitness': 0.42919992110404587, 'generation': 993}","{'id': 44102, 'rank': 9, 'fitness': 0.36771049850987114, 'generation': 993}","{'id': 44110, 'rank': 10, 'fitness': 0.32832969028406045, 'generation': 993}","{'id': 44107, 'rank': 11, 'fitness': 0.29156372231578903, 'generation': 993}","{'id': 44098, 'rank': 12, 'fitness': 0.2674624101885294, 'generation': 993}","{'id': 44096, 'rank': 13, 'fitness': 0.2590695446563655, 'generation': 993}","{'id': 44095, 'rank': 14, 'fitness': 0.1851267863939544, 'generation': 993}","{'id': 44070, 'rank': 15, 'fitness': 0.12946392891710773, 'generation': 993}","{'id': 44109, 'rank': 16, 'fitness': 0.12388891570854521, 'generation': 993}","{'id': 44099, 'rank': 17, 'fitness': 0.1013712490698307, 'generation': 993}","{'id': 44089, 'rank': 18, 'fitness': 0.09010544589099478, 'generation': 993}","{'id': 44069, 'rank': 19, 'fitness': 0.08259093664811396, 'generation': 993}","{'id': 44087, 'rank': 20, 'fitness': 0.0729168763364672, 'generation': 993}","{'id': 44101, 'rank': 21, 'fitness': 0.06525296681140158, 'generation': 993}","{'id': 44078, 'rank': 22, 'fitness': 0.06223061487393411, 'generation': 993}","{'id': 44068, 'rank': 23, 'fitness': 0.04762705292668867, 'generation': 993}","{'id': 44079, 'rank': 24, 'fitness': 0.04542873815968834, 'generation': 993}","{'id': 44073, 'rank': 25, 'fitness': 0.036065897917496315, 'generation': 993}","{'id': 44090, 'rank': 26, 'fitness': 0.02789503590378095, 'generation': 993}","{'id': 44083, 'rank': 27, 'fitness': 0.024480136890709325, 'generation': 993}","{'id': 44071, 'rank': 28, 'fitness': 0.02030501481565128, 'generation': 993}","{'id': 44077, 'rank': 29, 'fitness': 0.019378358948361152, 'generation': 993}","{'id': 44067, 'rank': 30, 'fitness': 0.01798620996209155, 'generation': 993}"
"{'id': 44142, 'rank': 1, 'fitness': 0.9820137900379085, 'generation': 994}","{'id': 44134, 'rank': 2, 'fitness': 0.9457408715939083, 'generation': 994}","{'id': 44149, 'rank': 3, 'fitness': 0.4661160600194942, 'generation': 994}","{'id': 44139, 'rank': 4, 'fitness': 0.374173082505221, 'generation': 994}","{'id': 44151, 'rank': 5, 'fitness': 0.30683781923640174, 'generation': 994}","{'id': 44150, 'rank': 6, 'fitness': 0.3061846269517343, 'generation': 994}","{'id': 44137, 'rank': 7, 'fitness': 0.30392270601754223, 'generation': 994}","{'id': 44141, 'rank': 8, 'fitness': 0.2531028995414486, 'generation': 994}","{'id': 44144, 'rank': 9, 'fitness': 0.22072106116957402, 'generation': 994}","{'id': 44123, 'rank': 10, 'fitness': 0.19276152157316329, 'generation': 994}","{'id': 44140, 'rank': 11, 'fitness': 0.18841551989602257, 'generation': 994}","{'id': 44146, 'rank': 12, 'fitness': 0.14761113703566126, 'generation': 994}","{'id': 44122, 'rank': 13, 'fitness': 0.13870765120339734, 'generation': 994}","{'id': 44115, 'rank': 14, 'fitness': 0.1306046715100656, 'generation': 994}","{'id': 44130, 'rank': 15, 'fitness': 0.10460254932304569, 'generation': 994}","{'id': 44124, 'rank': 16, 'fitness': 0.09929287335600634, 'generation': 994}","{'id': 44147, 'rank': 17, 'fitness': 0.07848408807620255, 'generation': 994}","{'id': 44152, 'rank': 18, 'fitness': 0.07434854632323551, 'generation': 994}","{'id': 44148, 'rank': 19, 'fitness': 0.06246129685772489, 'generation': 994}","{'id': 44133, 'rank': 20, 'fitness': 0.060817761073407084, 'generation': 994}","{'id': 44117, 'rank': 21, 'fitness': 0.060743962655301686, 'generation': 994}","{'id': 44114, 'rank': 22, 'fitness': 0.05203998543367089, 'generation': 994}","{'id': 44111, 'rank': 23, 'fitness': 0.05061503448876603, 'generation': 994}","{'id': 44131, 'rank': 24, 'fitness': 0.04245885095283858, 'generation': 994}","{'id': 44138, 'rank': 25, 'fitness': 0.03588505635486733, 'generation': 994}","{'id': 44129, 'rank': 26, 'fitness': 0.027936745035258947, 'generation': 994}","{'id': 44121, 'rank': 27, 'fitness': 0.02549210477043401, 'generation': 994}","{'id': 44127, 'rank': 28, 'fitness': 0.022246065225644318, 'generation': 994}","{'id': 44153, 'rank': 29, 'fitness': 0.02030305034506008, 'generation': 994}","{'id': 44116, 'rank': 30, 'fitness': 0.01798620996209155, 'generation': 994}"
"{'id': 44185, 'rank': 1, 'fitness': 0.9820137900379085, 'generation': 995}","{'id': 44171, 'rank': 2, 'fitness': 0.9744693769039124, 'generation': 995}","{'id': 44177, 'rank': 3, 'fitness': 0.9024885918795483, 'generation': 995}","{'id': 44155, 'rank': 4, 'fitness': 0.8958984873629336, 'generation': 995}","{'id': 44186, 'rank': 5, 'fitness': 0.7506965407820773, 'generation': 995}","{'id': 44174, 'rank': 6, 'fitness': 0.6592225656504165, 'generation': 995}","{'id': 44184, 'rank': 7, 'fitness': 0.5235879682182163, 'generation': 995}","{'id': 44167, 'rank': 8, 'fitness': 0.5042446345143459, 'generation': 995}","{'id': 44159, 'rank': 9, 'fitness': 0.31934550028744124, 'generation': 995}","{'id': 44166, 'rank': 10, 'fitness': 0.2959979118810002, 'generation': 995}","{'id': 44189, 'rank': 11, 'fitness': 0.28109144872451175, 'generation': 995}","{'id': 44178, 'rank': 12, 'fitness': 0.2261992913686589, 'generation': 995}","{'id': 44187, 'rank': 13, 'fitness': 0.19316779945503915, 'generation': 995}","{'id': 44156, 'rank': 14, 'fitness': 0.18116574897267124, 'generation': 995}","{'id': 44164, 'rank': 15, 'fitness': 0.1783838675569439, 'generation': 995}","{'id': 44169, 'rank': 16, 'fitness': 0.14474657104504574, 'generation': 995}","{'id': 44161, 'rank': 17, 'fitness': 0.14380228052648913, 'generation': 995}","{'id': 44179, 'rank': 18, 'fitness': 0.10487201770324539, 'generation': 995}","{'id': 44173, 'rank': 19, 'fitness': 0.10163705004254814, 'generation': 995}","{'id': 44188, 'rank': 20, 'fitness': 0.09655287653998396, 'generation': 995}","{'id': 44183, 'rank': 21, 'fitness': 0.08860327653536915, 'generation': 995}","{'id': 44170, 'rank': 22, 'fitness': 0.08595373222419689, 'generation': 995}","{'id': 44163, 'rank': 23, 'fitness': 0.0652372437145382, 'generation': 995}","{'id': 44172, 'rank': 24, 'fitness': 0.05981251920234265, 'generation': 995}","{'id': 44181, 'rank': 25, 'fitness': 0.045693459000465675, 'generation': 995}","{'id': 44158, 'rank': 26, 'fitness': 0.03935167802206857, 'generation': 995}","{'id': 44182, 'rank': 27, 'fitness': 0.03284232894965583, 'generation': 995}","{'id': 44160, 'rank': 28, 'fitness': 0.030564439761030016, 'generation': 995}","{'id': 44157, 'rank': 29, 'fitness': 0.01852662928013643, 'generation': 995}","{'id': 44180, 'rank': 30, 'fitness': 0.01798620996209155, 'generation': 995}"
"{'id': 44232, 'rank': 1, 'fitness': 0.9820137900379085, 'generation': 996}","{'id': 44230, 'rank': 2, 'fitness': 0.9130803674905033, 'generation': 996}","{'id': 44203, 'rank': 3, 'fitness': 0.9057911193645422, 'generation': 996}","{'id': 44214, 'rank': 4, 'fitness': 0.8561242048802498, 'generation': 996}","{'id': 44215, 'rank': 5, 'fitness': 0.7544364432604034, 'generation': 996}","{'id': 44202, 'rank': 6, 'fitness': 0.6881644283583459, 'generation': 996}","{'id': 44221, 'rank': 7, 'fitness': 0.649022837134465, 'generation': 996}","{'id': 44207, 'rank': 8, 'fitness': 0.6410640695079339, 'generation': 996}","{'id': 44212, 'rank': 9, 'fitness': 0.5401290107308875, 'generation': 996}","{'id': 44209, 'rank': 10, 'fitness': 0.4535397182683961, 'generation': 996}","{'id': 44216, 'rank': 11, 'fitness': 0.43054417069823353, 'generation': 996}","{'id': 44219, 'rank': 12, 'fitness': 0.3558771785183297, 'generation': 996}","{'id': 44198, 'rank': 13, 'fitness': 0.33951793127774876, 'generation': 996}","{'id': 44223, 'rank': 14, 'fitness': 0.32767124421260985, 'generation': 996}","{'id': 44213, 'rank': 15, 'fitness': 0.1891516482537216, 'generation': 996}","{'id': 44208, 'rank': 16, 'fitness': 0.18899570278925204, 'generation': 996}","{'id': 44227, 'rank': 17, 'fitness': 0.17531892440495384, 'generation': 996}","{'id': 44200, 'rank': 18, 'fitness': 0.10325826978767627, 'generation': 996}","{'id': 44194, 'rank': 19, 'fitness': 0.07016783588645542, 'generation': 996}","{'id': 44195, 'rank': 20, 'fitness': 0.05121141161912135, 'generation': 996}","{'id': 44222, 'rank': 21, 'fitness': 0.04071801043198514, 'generation': 996}","{'id': 44226, 'rank': 22, 'fitness': 0.04071513535492832, 'generation': 996}","{'id': 44197, 'rank': 23, 'fitness': 0.03584734446275817, 'generation': 996}","{'id': 44199, 'rank': 24, 'fitness': 0.030234834248468456, 'generation': 996}","{'id': 44192, 'rank': 25, 'fitness': 0.022047715607276808, 'generation': 996}","{'id': 44205, 'rank': 26, 'fitness': 0.021355382798267097, 'generation': 996}","{'id': 44225, 'rank': 27, 'fitness': 0.02012137055585078, 'generation': 996}","{'id': 44206, 'rank': 28, 'fitness': 0.020097136615966682, 'generation': 996}","{'id': 44196, 'rank': 29, 'fitness': 0.0190301888914835, 'generation': 996}","{'id': 44218, 'rank': 30, 'fitness': 0.01798620996209155, 'generation': 996}"
"{'id': 44263, 'rank': 1, 'fitness': 0.9820137900379085, 'generation': 997}","{'id': 44254, 'rank': 2, 'fitness': 0.8440666519781475, 'generation': 997}","{'id': 44267, 'rank': 3, 'fitness': 0.6219429997100624, 'generation': 997}","{'id': 44237, 'rank': 4, 'fitness': 0.6041885512321834, 'generation': 997}","{'id': 44257, 'rank': 5, 'fitness': 0.4644515801261158, 'generation': 997}","{'id': 44238, 'rank': 6, 'fitness': 0.4634988937322976, 'generation': 997}","{'id': 44234, 'rank': 7, 'fitness': 0.390407733816712, 'generation': 997}","{'id': 44268, 'rank': 8, 'fitness': 0.38607041361332217, 'generation': 997}","{'id': 44252, 'rank': 9, 'fitness': 0.35623596626460086, 'generation': 997}","{'id': 44245, 'rank': 10, 'fitness': 0.31073337037169, 'generation': 997}","{'id': 44261, 'rank': 11, 'fitness': 0.2958981174230588, 'generation': 997}","{'id': 44265, 'rank': 12, 'fitness': 0.2785166552418544, 'generation': 997}","{'id': 44266, 'rank': 13, 'fitness': 0.269492561702082, 'generation': 997}","{'id': 44241, 'rank': 14, 'fitness': 0.23317129036596662, 'generation': 997}","{'id': 44242, 'rank': 15, 'fitness': 0.2189735480282885, 'generation': 997}","{'id': 44255, 'rank': 16, 'fitness': 0.20512121020776247, 'generation': 997}","{'id': 44253, 'rank': 17, 'fitness': 0.18912992517967175, 'generation': 997}","{'id': 44240, 'rank': 18, 'fitness': 0.18111435073933158, 'generation': 997}","{'id': 44270, 'rank': 19, 'fitness': 0.14834497538908287, 'generation': 997}","{'id': 44259, 'rank': 20, 'fitness': 0.1369239244525014, 'generation': 997}","{'id': 44262, 'rank': 21, 'fitness': 0.10369506365307524, 'generation': 997}","{'id': 44248, 'rank': 22, 'fitness': 0.07727753047311131, 'generation': 997}","{'id': 44244, 'rank': 23, 'fitness': 0.05790186004335385, 'generation': 997}","{'id': 44249, 'rank': 24, 'fitness': 0.05302392135110662, 'generation': 997}","{'id': 44235, 'rank': 25, 'fitness': 0.051969212927971575, 'generation': 997}","{'id': 44243, 'rank': 26, 'fitness': 0.05053057872795058, 'generation': 997}","{'id': 44239, 'rank': 27, 'fitness': 0.043596496059012946, 'generation': 997}","{'id': 44264, 'rank': 28, 'fitness': 0.020514111241496047, 'generation': 997}","{'id': 44251, 'rank': 29, 'fitness': 0.018123749134880796, 'generation': 997}","{'id': 44256, 'rank': 30, 'fitness': 0.01798620996209155, 'generation': 997}"
"{'id': 44295, 'rank': 1, 'fitness': 0.9820137900379085, 'generation': 998}","{'id': 44304, 'rank': 2, 'fitness': 0.9483291481643901, 'generation': 998}","{'id': 44299, 'rank': 3, 'fitness': 0.9434352497034084, 'generation': 998}","{'id': 44286, 'rank': 4, 'fitness': 0.8895266056001853, 'generation': 998}","{'id': 44300, 'rank': 5, 'fitness': 0.6989592468464265, 'generation': 998}","{'id': 44296, 'rank': 6, 'fitness': 0.6511564099862225, 'generation': 998}","{'id': 44307, 'rank': 7, 'fitness': 0.5544345834989365, 'generation': 998}","{'id': 44284, 'rank': 8, 'fitness': 0.46095017097093866, 'generation': 998}","{'id': 44279, 'rank': 9, 'fitness': 0.3248352213129003, 'generation': 998}","{'id': 44298, 'rank': 10, 'fitness': 0.2837716809889654, 'generation': 998}","{'id': 44291, 'rank': 11, 'fitness': 0.24228862001770402, 'generation': 998}","{'id': 44285, 'rank': 12, 'fitness': 0.22082728418835312, 'generation': 998}","{'id': 44308, 'rank': 13, 'fitness': 0.2193050922338522, 'generation': 998}","{'id': 44306, 'rank': 14, 'fitness': 0.20415635927702797, 'generation': 998}","{'id': 44292, 'rank': 15, 'fitness': 0.19331356661379706, 'generation': 998}","{'id': 44309, 'rank': 16, 'fitness': 0.12226056589710499, 'generation': 998}","{'id': 44294, 'rank': 17, 'fitness': 0.0914733542704107, 'generation': 998}","{'id': 44287, 'rank': 18, 'fitness': 0.08321303791872264, 'generation': 998}","{'id': 44288, 'rank': 19, 'fitness': 0.07975032013807443, 'generation': 998}","{'id': 44274, 'rank': 20, 'fitness': 0.07817648366492824, 'generation': 998}","{'id': 44302, 'rank': 21, 'fitness': 0.07551609827269301, 'generation': 998}","{'id': 44276, 'rank': 22, 'fitness': 0.07371844359833485, 'generation': 998}","{'id': 44293, 'rank': 23, 'fitness': 0.06303547746324356, 'generation': 998}","{'id': 44281, 'rank': 24, 'fitness': 0.05932547349187045, 'generation': 998}","{'id': 44289, 'rank': 25, 'fitness': 0.05086264332679158, 'generation': 998}","{'id': 44283, 'rank': 26, 'fitness': 0.03685096166627294, 'generation': 998}","{'id': 44305, 'rank': 27, 'fitness': 0.036036577979033146, 'generation': 998}","{'id': 44275, 'rank': 28, 'fitness': 0.023478776017396896, 'generation': 998}","{'id': 44272, 'rank': 29, 'fitness': 0.019882987417282394, 'generation': 998}","{'id': 44280, 'rank': 30, 'fitness': 0.01798620996209155, 'generation': 998}"
"{'id': 44327, 'rank': 1, 'fitness': 0.9820137900379085, 'generation': 999}","{'id': 44346, 'rank': 2, 'fitness': 0.9720865850607444, 'generation': 999}","{'id': 44328, 'rank': 3, 'fitness': 0.9434410537928719, 'generation': 999}","{'id': 44335, 'rank': 4, 'fitness': 0.8603483081375922, 'generation': 999}","{'id': 44325, 'rank': 5, 'fitness': 0.8161678579876184, 'generation': 999}","{'id': 44349, 'rank': 6, 'fitness': 0.7207083102605786, 'generation': 999}","{'id': 44339, 'rank': 7, 'fitness': 0.6511730245264962, 'generation': 999}","{'id': 44342, 'rank': 8, 'fitness': 0.6262705423400716, 'generation': 999}","{'id': 44324, 'rank': 9, 'fitness': 0.5357417932192166, 'generation': 999}","{'id': 44323, 'rank': 10, 'fitness': 0.5235766069659723, 'generation': 999}","{'id': 44329, 'rank': 11, 'fitness': 0.3729462642237092, 'generation': 999}","{'id': 44338, 'rank': 12, 'fitness': 0.36037297832536624, 'generation': 999}","{'id': 44344, 'rank': 13, 'fitness': 0.29981857667891204, 'generation': 999}","{'id': 44337, 'rank': 14, 'fitness': 0.27723207356928586, 'generation': 999}","{'id': 44315, 'rank': 15, 'fitness': 0.2716912029599047, 'generation': 999}","{'id': 44336, 'rank': 16, 'fitness': 0.2522528667736213, 'generation': 999}","{'id': 44330, 'rank': 17, 'fitness': 0.24001907549410612, 'generation': 999}","{'id': 44326, 'rank': 18, 'fitness': 0.20738565482437094, 'generation': 999}","{'id': 44311, 'rank': 19, 'fitness': 0.20021998136431995, 'generation': 999}","{'id': 44341, 'rank': 20, 'fitness': 0.17294404949669584, 'generation': 999}","{'id': 44348, 'rank': 21, 'fitness': 0.10814174493590067, 'generation': 999}","{'id': 44334, 'rank': 22, 'fitness': 0.07007017235138585, 'generation': 999}","{'id': 44313, 'rank': 23, 'fitness': 0.06543157317775783, 'generation': 999}","{'id': 44343, 'rank': 24, 'fitness': 0.05043909636462779, 'generation': 999}","{'id': 44320, 'rank': 25, 'fitness': 0.039424347283908756, 'generation': 999}","{'id': 44333, 'rank': 26, 'fitness': 0.0382902822103281, 'generation': 999}","{'id': 44314, 'rank': 27, 'fitness': 0.03725934598922925, 'generation': 999}","{'id': 44340, 'rank': 28, 'fitness': 0.0367778842454487, 'generation': 999}","{'id': 44332, 'rank': 29, 'fitness': 0.035698370041841565, 'generation': 999}","{'id': 44312, 'rank': 30, 'fitness': 0.01798620996209155, 'generation': 999}"
"{'id': 44390, 'rank': 1, 'fitness': 0.9820137900379085, 'generation': 1000}","{'id': 44395, 'rank': 2, 'fitness': 0.9744205706762306, 'generation': 1000}","{'id': 44387, 'rank': 3, 'fitness': 0.8967197585766029, 'generation': 1000}","{'id': 44384, 'rank': 4, 'fitness': 0.8776002913098311, 'generation': 1000}","{'id': 44397, 'rank': 5, 'fitness': 0.8058637516146387, 'generation': 1000}","{'id': 44392, 'rank': 6, 'fitness': 0.7514152492195224, 'generation': 1000}","{'id': 44401, 'rank': 7, 'fitness': 0.6747867881335052, 'generation': 1000}","{'id': 44379, 'rank': 8, 'fitness': 0.6634508871329727, 'generation': 1000}","{'id': 44396, 'rank': 9, 'fitness': 0.6117026383905215, 'generation': 1000}","{'id': 44400, 'rank': 10, 'fitness': 0.608049404295673, 'generation': 1000}","{'id': 44389, 'rank': 11, 'fitness': 0.44255801238389025, 'generation': 1000}","{'id': 44353, 'rank': 12, 'fitness': 0.43410070450116134, 'generation': 1000}","{'id': 44374, 'rank': 13, 'fitness': 0.3839894760904156, 'generation': 1000}","{'id': 44375, 'rank': 14, 'fitness': 0.3527398702130996, 'generation': 1000}","{'id': 44380, 'rank': 15, 'fitness': 0.33705473721142853, 'generation': 1000}","{'id': 44352, 'rank': 16, 'fitness': 0.2043280637454561, 'generation': 1000}","{'id': 44376, 'rank': 17, 'fitness': 0.1885482455200016, 'generation': 1000}","{'id': 44399, 'rank': 18, 'fitness': 0.16998267851131238, 'generation': 1000}","{'id': 44359, 'rank': 19, 'fitness': 0.15225132848253353, 'generation': 1000}","{'id': 44378, 'rank': 20, 'fitness': 0.13432832878171952, 'generation': 1000}","{'id': 44370, 'rank': 21, 'fitness': 0.13030736547746752, 'generation': 1000}","{'id': 44373, 'rank': 22, 'fitness': 0.10978520381899953, 'generation': 1000}","{'id': 44367, 'rank': 23, 'fitness': 0.10465741470395257, 'generation': 1000}","{'id': 44388, 'rank': 24, 'fitness': 0.09969109307579865, 'generation': 1000}","{'id': 44383, 'rank': 25, 'fitness': 0.0816634558313944, 'generation': 1000}","{'id': 44381, 'rank': 26, 'fitness': 0.057101239210372856, 'generation': 1000}","{'id': 44377, 'rank': 27, 'fitness': 0.03344799758645084, 'generation': 1000}","{'id': 44371, 'rank': 28, 'fitness': 0.03195335673825478, 'generation': 1000}","{'id': 44366, 'rank': 29, 'fitness': 0.02387516844301424, 'generation': 1000}","{'id': 44362, 'rank': 30, 'fitness': 0.01798620996209155, 'generation': 1000}"
"{'id': 44433, 'rank': 1, 'fitness': 0.9820137900379085, 'generation': 1001}","{'id': 44434, 'rank': 2, 'fitness': 0.9442466863333898, 'generation': 1001}","{'id': 44415, 'rank': 3, 'fitness': 0.8702304370373075, 'generation': 1001}","{'id': 44424, 'rank': 4, 'fitness': 0.8176330750058777, 'generation': 1001}","{'id': 44429, 'rank': 5, 'fitness': 0.5022007187630632, 'generation': 1001}","{'id': 44444, 'rank': 6, 'fitness': 0.49740557096432436, 'generation': 1001}","{'id': 44412, 'rank': 7, 'fitness': 0.43805447538399156, 'generation': 1001}","{'id': 44404, 'rank': 8, 'fitness': 0.39491950211401455, 'generation': 1001}","{'id': 44446, 'rank': 9, 'fitness': 0.3340713244162776, 'generation': 1001}","{'id': 44420, 'rank': 10, 'fitness': 0.3197000041417606, 'generation': 1001}","{'id': 44443, 'rank': 11, 'fitness': 0.23643809316283237, 'generation': 1001}","{'id': 44422, 'rank': 12, 'fitness': 0.21740523983246984, 'generation': 1001}","{'id': 44414, 'rank': 13, 'fitness': 0.2026080972227296, 'generation': 1001}","{'id': 44435, 'rank': 14, 'fitness': 0.18786980179248658, 'generation': 1001}","{'id': 44426, 'rank': 15, 'fitness': 0.18331307061854396, 'generation': 1001}","{'id': 44410, 'rank': 16, 'fitness': 0.10183909626181109, 'generation': 1001}","{'id': 44409, 'rank': 17, 'fitness': 0.09507971977825302, 'generation': 1001}","{'id': 44421, 'rank': 18, 'fitness': 0.08961166867837989, 'generation': 1001}","{'id': 44440, 'rank': 19, 'fitness': 0.06986520257871387, 'generation': 1001}","{'id': 44407, 'rank': 20, 'fitness': 0.04964419460285174, 'generation': 1001}","{'id': 44445, 'rank': 21, 'fitness': 0.045124079557117835, 'generation': 1001}","{'id': 44437, 'rank': 22, 'fitness': 0.042476437452519555, 'generation': 1001}","{'id': 44419, 'rank': 23, 'fitness': 0.03999800582171498, 'generation': 1001}","{'id': 44425, 'rank': 24, 'fitness': 0.037872420932378525, 'generation': 1001}","{'id': 44416, 'rank': 25, 'fitness': 0.03382755092115286, 'generation': 1001}","{'id': 44432, 'rank': 26, 'fitness': 0.029116757521842285, 'generation': 1001}","{'id': 44418, 'rank': 27, 'fitness': 0.024521140926304474, 'generation': 1001}","{'id': 44442, 'rank': 28, 'fitness': 0.018245474653447447, 'generation': 1001}","{'id': 44430, 'rank': 29, 'fitness': 0.01806825799651235, 'generation': 1001}","{'id': 44438, 'rank': 30, 'fitness': 0.01798620996209155, 'generation': 1001}"
"{'id': 44467, 'rank': 1, 'fitness': 0.9820137900379085, 'generation': 1002}","{'id': 44478, 'rank': 2, 'fitness': 0.7457787134732825, 'generation': 1002}","{'id': 44483, 'rank': 3, 'fitness': 0.6671182598717966, 'generation': 1002}","{'id': 44470, 'rank': 4, 'fitness': 0.6092472010770993, 'generation': 1002}","{'id': 44485, 'rank': 5, 'fitness': 0.5095184956701262, 'generation': 1002}","{'id': 44473, 'rank': 6, 'fitness': 0.3563976068138901, 'generation': 1002}","{'id': 44482, 'rank': 7, 'fitness': 0.3435859327871268, 'generation': 1002}","{'id': 44475, 'rank': 8, 'fitness': 0.3390851825224408, 'generation': 1002}","{'id': 44474, 'rank': 9, 'fitness': 0.31761096336531985, 'generation': 1002}","{'id': 44463, 'rank': 10, 'fitness': 0.2962056751534765, 'generation': 1002}","{'id': 44447, 'rank': 11, 'fitness': 0.2586690302185273, 'generation': 1002}","{'id': 44471, 'rank': 12, 'fitness': 0.2502618175004694, 'generation': 1002}","{'id': 44479, 'rank': 13, 'fitness': 0.1501277031625451, 'generation': 1002}","{'id': 44472, 'rank': 14, 'fitness': 0.1363567261419567, 'generation': 1002}","{'id': 44452, 'rank': 15, 'fitness': 0.10380270274396597, 'generation': 1002}","{'id': 44484, 'rank': 16, 'fitness': 0.08352111023266645, 'generation': 1002}","{'id': 44469, 'rank': 17, 'fitness': 0.07439334033995149, 'generation': 1002}","{'id': 44468, 'rank': 18, 'fitness': 0.07061741335383953, 'generation': 1002}","{'id': 44460, 'rank': 19, 'fitness': 0.06781818660105754, 'generation': 1002}","{'id': 44461, 'rank': 20, 'fitness': 0.06770765738141898, 'generation': 1002}","{'id': 44476, 'rank': 21, 'fitness': 0.05651192232187863, 'generation': 1002}","{'id': 44466, 'rank': 22, 'fitness': 0.05372639381367378, 'generation': 1002}","{'id': 44457, 'rank': 23, 'fitness': 0.04051769362536867, 'generation': 1002}","{'id': 44454, 'rank': 24, 'fitness': 0.03148525916799011, 'generation': 1002}","{'id': 44481, 'rank': 25, 'fitness': 0.027256022185097595, 'generation': 1002}","{'id': 44459, 'rank': 26, 'fitness': 0.0229944804232306, 'generation': 1002}","{'id': 44456, 'rank': 27, 'fitness': 0.020769250098824243, 'generation': 1002}","{'id': 44453, 'rank': 28, 'fitness': 0.01946718700035882, 'generation': 1002}","{'id': 44450, 'rank': 29, 'fitness': 0.019375329525561757, 'generation': 1002}","{'id': 44462, 'rank': 30, 'fitness': 0.01798620996209155, 'generation': 1002}"
"{'id': 44510, 'rank': 1, 'fitness': 0.9820137900379085, 'generation': 1003}","{'id': 44521, 'rank': 2, 'fitness': 0.914267305487134, 'generation': 1003}","{'id': 44507, 'rank': 3, 'fitness': 0.8904871626594439, 'generation': 1003}","{'id': 44505, 'rank': 4, 'fitness': 0.7416604915456988, 'generation': 1003}","{'id': 44520, 'rank': 5, 'fitness': 0.6372441321067569, 'generation': 1003}","{'id': 44509, 'rank': 6, 'fitness': 0.6275074487098662, 'generation': 1003}","{'id': 44498, 'rank': 7, 'fitness': 0.6261186465117252, 'generation': 1003}","{'id': 44486, 'rank': 8, 'fitness': 0.4918887484469319, 'generation': 1003}","{'id': 44508, 'rank': 9, 'fitness': 0.43454256852769674, 'generation': 1003}","{'id': 44519, 'rank': 10, 'fitness': 0.2865905669416578, 'generation': 1003}","{'id': 44514, 'rank': 11, 'fitness': 0.27814768592549166, 'generation': 1003}","{'id': 44512, 'rank': 12, 'fitness': 0.24550856617443, 'generation': 1003}","{'id': 44490, 'rank': 13, 'fitness': 0.22701983393971115, 'generation': 1003}","{'id': 44496, 'rank': 14, 'fitness': 0.22545423495249306, 'generation': 1003}","{'id': 44503, 'rank': 15, 'fitness': 0.22217863237355107, 'generation': 1003}","{'id': 44504, 'rank': 16, 'fitness': 0.1537571242513312, 'generation': 1003}","{'id': 44515, 'rank': 17, 'fitness': 0.13490617724024478, 'generation': 1003}","{'id': 44517, 'rank': 18, 'fitness': 0.12178858762019307, 'generation': 1003}","{'id': 44501, 'rank': 19, 'fitness': 0.0971030344815974, 'generation': 1003}","{'id': 44491, 'rank': 20, 'fitness': 0.061917785018110794, 'generation': 1003}","{'id': 44518, 'rank': 21, 'fitness': 0.05113642353387865, 'generation': 1003}","{'id': 44516, 'rank': 22, 'fitness': 0.04138991239549844, 'generation': 1003}","{'id': 44511, 'rank': 23, 'fitness': 0.03879948906086261, 'generation': 1003}","{'id': 44513, 'rank': 24, 'fitness': 0.037888844168170344, 'generation': 1003}","{'id': 44497, 'rank': 25, 'fitness': 0.030334684313921056, 'generation': 1003}","{'id': 44506, 'rank': 26, 'fitness': 0.028094235983510796, 'generation': 1003}","{'id': 44487, 'rank': 27, 'fitness': 0.021512518148552373, 'generation': 1003}","{'id': 44499, 'rank': 28, 'fitness': 0.021188372526449173, 'generation': 1003}","{'id': 44493, 'rank': 29, 'fitness': 0.0203930242464907, 'generation': 1003}","{'id': 44495, 'rank': 30, 'fitness': 0.01798620996209155, 'generation': 1003}"
"{'id': 44545, 'rank': 1, 'fitness': 0.9820137900379085, 'generation': 1004}","{'id': 44527, 'rank': 2, 'fitness': 0.905385430363358, 'generation': 1004}","{'id': 44552, 'rank': 3, 'fitness': 0.890068231839664, 'generation': 1004}","{'id': 44553, 'rank': 4, 'fitness': 0.8175632170173973, 'generation': 1004}","{'id': 44556, 'rank': 5, 'fitness': 0.7077437358315416, 'generation': 1004}","{'id': 44522, 'rank': 6, 'fitness': 0.6723256018957029, 'generation': 1004}","{'id': 44554, 'rank': 7, 'fitness': 0.6527867423774979, 'generation': 1004}","{'id': 44544, 'rank': 8, 'fitness': 0.5796413227461583, 'generation': 1004}","{'id': 44557, 'rank': 9, 'fitness': 0.5642587273621533, 'generation': 1004}","{'id': 44547, 'rank': 10, 'fitness': 0.5261560548426532, 'generation': 1004}","{'id': 44538, 'rank': 11, 'fitness': 0.5145216050647644, 'generation': 1004}","{'id': 44539, 'rank': 12, 'fitness': 0.3685226243318326, 'generation': 1004}","{'id': 44535, 'rank': 13, 'fitness': 0.3420839481974466, 'generation': 1004}","{'id': 44534, 'rank': 14, 'fitness': 0.31704501221817466, 'generation': 1004}","{'id': 44524, 'rank': 15, 'fitness': 0.29020804401782574, 'generation': 1004}","{'id': 44559, 'rank': 16, 'fitness': 0.25523831512447054, 'generation': 1004}","{'id': 44525, 'rank': 17, 'fitness': 0.2526313069895854, 'generation': 1004}","{'id': 44536, 'rank': 18, 'fitness': 0.10612436556444238, 'generation': 1004}","{'id': 44531, 'rank': 19, 'fitness': 0.0855225718323736, 'generation': 1004}","{'id': 44523, 'rank': 20, 'fitness': 0.059552530055684505, 'generation': 1004}","{'id': 44555, 'rank': 21, 'fitness': 0.049671075385116226, 'generation': 1004}","{'id': 44542, 'rank': 22, 'fitness': 0.04942195036888303, 'generation': 1004}","{'id': 44549, 'rank': 23, 'fitness': 0.03860449326454107, 'generation': 1004}","{'id': 44532, 'rank': 24, 'fitness': 0.03507188294138436, 'generation': 1004}","{'id': 44558, 'rank': 25, 'fitness': 0.031838996656359364, 'generation': 1004}","{'id': 44540, 'rank': 26, 'fitness': 0.029542931897374836, 'generation': 1004}","{'id': 44528, 'rank': 27, 'fitness': 0.02943759158580972, 'generation': 1004}","{'id': 44551, 'rank': 28, 'fitness': 0.02323821518223118, 'generation': 1004}","{'id': 44529, 'rank': 29, 'fitness': 0.019514971484638932, 'generation': 1004}","{'id': 44530, 'rank': 30, 'fitness': 0.01798620996209155, 'generation': 1004}"
"{'id': 44588, 'rank': 1, 'fitness': 0.9820137900379085, 'generation': 1005}","{'id': 44604, 'rank': 2, 'fitness': 0.9567036122191546, 'generation': 1005}","{'id': 44561, 'rank': 3, 'fitness': 0.9266738013836786, 'generation': 1005}","{'id': 44598, 'rank': 4, 'fitness': 0.8681496773569161, 'generation': 1005}","{'id': 44590, 'rank': 5, 'fitness': 0.7797117859445366, 'generation': 1005}","{'id': 44596, 'rank': 6, 'fitness': 0.7694310629270685, 'generation': 1005}","{'id': 44602, 'rank': 7, 'fitness': 0.6925917590957223, 'generation': 1005}","{'id': 44595, 'rank': 8, 'fitness': 0.5916040937608973, 'generation': 1005}","{'id': 44584, 'rank': 9, 'fitness': 0.47213316840662933, 'generation': 1005}","{'id': 44600, 'rank': 10, 'fitness': 0.30423250460030904, 'generation': 1005}","{'id': 44571, 'rank': 11, 'fitness': 0.22124895415557044, 'generation': 1005}","{'id': 44564, 'rank': 12, 'fitness': 0.17258796584144487, 'generation': 1005}","{'id': 44589, 'rank': 13, 'fitness': 0.1523756891485774, 'generation': 1005}","{'id': 44581, 'rank': 14, 'fitness': 0.12167099102046403, 'generation': 1005}","{'id': 44597, 'rank': 15, 'fitness': 0.10723216995799206, 'generation': 1005}","{'id': 44594, 'rank': 16, 'fitness': 0.10628864240668484, 'generation': 1005}","{'id': 44563, 'rank': 17, 'fitness': 0.09906362208539643, 'generation': 1005}","{'id': 44603, 'rank': 18, 'fitness': 0.07261460468982872, 'generation': 1005}","{'id': 44565, 'rank': 19, 'fitness': 0.0717394712583162, 'generation': 1005}","{'id': 44591, 'rank': 20, 'fitness': 0.06803476614787751, 'generation': 1005}","{'id': 44592, 'rank': 21, 'fitness': 0.061378987443250266, 'generation': 1005}","{'id': 44574, 'rank': 22, 'fitness': 0.059931188586835604, 'generation': 1005}","{'id': 44575, 'rank': 23, 'fitness': 0.05519115024527471, 'generation': 1005}","{'id': 44593, 'rank': 24, 'fitness': 0.04626764631861524, 'generation': 1005}","{'id': 44576, 'rank': 25, 'fitness': 0.04259459193059517, 'generation': 1005}","{'id': 44605, 'rank': 26, 'fitness': 0.04174214143155114, 'generation': 1005}","{'id': 44579, 'rank': 27, 'fitness': 0.03961114461910459, 'generation': 1005}","{'id': 44570, 'rank': 28, 'fitness': 0.033249829852411705, 'generation': 1005}","{'id': 44560, 'rank': 29, 'fitness': 0.020720951861240233, 'generation': 1005}","{'id': 44586, 'rank': 30, 'fitness': 0.01798620996209155, 'generation': 1005}"
"{'id': 44640, 'rank': 1, 'fitness': 0.9820137900379085, 'generation': 1006}","{'id': 44641, 'rank': 2, 'fitness': 0.9671523760862732, 'generation': 1006}","{'id': 44645, 'rank': 3, 'fitness': 0.9342595667718642, 'generation': 1006}","{'id': 44631, 'rank': 4, 'fitness': 0.8899604240134658, 'generation': 1006}","{'id': 44647, 'rank': 5, 'fitness': 0.7560544718885515, 'generation': 1006}","{'id': 44644, 'rank': 6, 'fitness': 0.30191612761806286, 'generation': 1006}","{'id': 44637, 'rank': 7, 'fitness': 0.28584647675117525, 'generation': 1006}","{'id': 44639, 'rank': 8, 'fitness': 0.26967484253747065, 'generation': 1006}","{'id': 44636, 'rank': 9, 'fitness': 0.2125975191630997, 'generation': 1006}","{'id': 44610, 'rank': 10, 'fitness': 0.2086377750500778, 'generation': 1006}","{'id': 44634, 'rank': 11, 'fitness': 0.1841986535901841, 'generation': 1006}","{'id': 44617, 'rank': 12, 'fitness': 0.17242942297090147, 'generation': 1006}","{'id': 44623, 'rank': 13, 'fitness': 0.16837218462623876, 'generation': 1006}","{'id': 44633, 'rank': 14, 'fitness': 0.15839381149147563, 'generation': 1006}","{'id': 44616, 'rank': 15, 'fitness': 0.13651778692888006, 'generation': 1006}","{'id': 44624, 'rank': 16, 'fitness': 0.13037679173092087, 'generation': 1006}","{'id': 44607, 'rank': 17, 'fitness': 0.12331228049318266, 'generation': 1006}","{'id': 44649, 'rank': 18, 'fitness': 0.11850006607856989, 'generation': 1006}","{'id': 44650, 'rank': 19, 'fitness': 0.08713288986987971, 'generation': 1006}","{'id': 44626, 'rank': 20, 'fitness': 0.08185364613056412, 'generation': 1006}","{'id': 44606, 'rank': 21, 'fitness': 0.07126131538825575, 'generation': 1006}","{'id': 44642, 'rank': 22, 'fitness': 0.06847683222284362, 'generation': 1006}","{'id': 44632, 'rank': 23, 'fitness': 0.06000549936547994, 'generation': 1006}","{'id': 44635, 'rank': 24, 'fitness': 0.05801776186451063, 'generation': 1006}","{'id': 44651, 'rank': 25, 'fitness': 0.05801012153008922, 'generation': 1006}","{'id': 44618, 'rank': 26, 'fitness': 0.045386948022021756, 'generation': 1006}","{'id': 44648, 'rank': 27, 'fitness': 0.03785691090355725, 'generation': 1006}","{'id': 44638, 'rank': 28, 'fitness': 0.026198387379476162, 'generation': 1006}","{'id': 44643, 'rank': 29, 'fitness': 0.023080345155143733, 'generation': 1006}","{'id': 44629, 'rank': 30, 'fitness': 0.01798620996209155, 'generation': 1006}"
"{'id': 44670, 'rank': 1, 'fitness': 0.9820137900379085, 'generation': 1007}","{'id': 44686, 'rank': 2, 'fitness': 0.9630542334208431, 'generation': 1007}","{'id': 44681, 'rank': 3, 'fitness': 0.8916094989596626, 'generation': 1007}","{'id': 44662, 'rank': 4, 'fitness': 0.836983971708714, 'generation': 1007}","{'id': 44682, 'rank': 5, 'fitness': 0.6898537944160902, 'generation': 1007}","{'id': 44666, 'rank': 6, 'fitness': 0.5337413382848418, 'generation': 1007}","{'id': 44671, 'rank': 7, 'fitness': 0.49694462116769156, 'generation': 1007}","{'id': 44677, 'rank': 8, 'fitness': 0.44823512595757325, 'generation': 1007}","{'id': 44664, 'rank': 9, 'fitness': 0.42609289293107966, 'generation': 1007}","{'id': 44667, 'rank': 10, 'fitness': 0.38743710094870004, 'generation': 1007}","{'id': 44676, 'rank': 11, 'fitness': 0.338104890866223, 'generation': 1007}","{'id': 44661, 'rank': 12, 'fitness': 0.3312695843050857, 'generation': 1007}","{'id': 44657, 'rank': 13, 'fitness': 0.3157036460196141, 'generation': 1007}","{'id': 44674, 'rank': 14, 'fitness': 0.20015371245189467, 'generation': 1007}","{'id': 44665, 'rank': 15, 'fitness': 0.1968983524469236, 'generation': 1007}","{'id': 44679, 'rank': 16, 'fitness': 0.16699595626354974, 'generation': 1007}","{'id': 44660, 'rank': 17, 'fitness': 0.16535529575999902, 'generation': 1007}","{'id': 44685, 'rank': 18, 'fitness': 0.159754936226989, 'generation': 1007}","{'id': 44684, 'rank': 19, 'fitness': 0.12525728059332897, 'generation': 1007}","{'id': 44669, 'rank': 20, 'fitness': 0.06872980658569, 'generation': 1007}","{'id': 44678, 'rank': 21, 'fitness': 0.05763960376542343, 'generation': 1007}","{'id': 44668, 'rank': 22, 'fitness': 0.05704116958651989, 'generation': 1007}","{'id': 44656, 'rank': 23, 'fitness': 0.041910871741829225, 'generation': 1007}","{'id': 44687, 'rank': 24, 'fitness': 0.038736558665319, 'generation': 1007}","{'id': 44673, 'rank': 25, 'fitness': 0.03832380895636611, 'generation': 1007}","{'id': 44653, 'rank': 26, 'fitness': 0.03324488712470586, 'generation': 1007}","{'id': 44658, 'rank': 27, 'fitness': 0.027856796945863738, 'generation': 1007}","{'id': 44680, 'rank': 28, 'fitness': 0.020536603336825554, 'generation': 1007}","{'id': 44663, 'rank': 29, 'fitness': 0.018573126476246482, 'generation': 1007}","{'id': 44683, 'rank': 30, 'fitness': 0.01798620996209155, 'generation': 1007}"
"{'id': 44707, 'rank': 1, 'fitness': 0.9820137900379085, 'generation': 1008}","{'id': 44708, 'rank': 2, 'fitness': 0.905284630628915, 'generation': 1008}","{'id': 44714, 'rank': 3, 'fitness': 0.8971301374210998, 'generation': 1008}","{'id': 44713, 'rank': 4, 'fitness': 0.8649347886173715, 'generation': 1008}","{'id': 44716, 'rank': 5, 'fitness': 0.8559729490547889, 'generation': 1008}","{'id': 44703, 'rank': 6, 'fitness': 0.707935209482093, 'generation': 1008}","{'id': 44720, 'rank': 7, 'fitness': 0.4562880541842929, 'generation': 1008}","{'id': 44718, 'rank': 8, 'fitness': 0.4378109821892633, 'generation': 1008}","{'id': 44705, 'rank': 9, 'fitness': 0.40444394285766394, 'generation': 1008}","{'id': 44697, 'rank': 10, 'fitness': 0.37451023045714565, 'generation': 1008}","{'id': 44709, 'rank': 11, 'fitness': 0.3675215393981648, 'generation': 1008}","{'id': 44712, 'rank': 12, 'fitness': 0.35278515771210595, 'generation': 1008}","{'id': 44695, 'rank': 13, 'fitness': 0.26729562342124186, 'generation': 1008}","{'id': 44711, 'rank': 14, 'fitness': 0.26262150435300224, 'generation': 1008}","{'id': 44696, 'rank': 15, 'fitness': 0.23966773655383689, 'generation': 1008}","{'id': 44698, 'rank': 16, 'fitness': 0.1653261577955758, 'generation': 1008}","{'id': 44721, 'rank': 17, 'fitness': 0.1412740204849054, 'generation': 1008}","{'id': 44700, 'rank': 18, 'fitness': 0.08076356529672102, 'generation': 1008}","{'id': 44704, 'rank': 19, 'fitness': 0.0699569712758486, 'generation': 1008}","{'id': 44717, 'rank': 20, 'fitness': 0.06183713979430566, 'generation': 1008}","{'id': 44702, 'rank': 21, 'fitness': 0.04892739131957757, 'generation': 1008}","{'id': 44694, 'rank': 22, 'fitness': 0.04888441055888504, 'generation': 1008}","{'id': 44719, 'rank': 23, 'fitness': 0.04816681787684779, 'generation': 1008}","{'id': 44699, 'rank': 24, 'fitness': 0.048109804434804504, 'generation': 1008}","{'id': 44722, 'rank': 25, 'fitness': 0.04486501104454921, 'generation': 1008}","{'id': 44701, 'rank': 26, 'fitness': 0.02605658870325167, 'generation': 1008}","{'id': 44693, 'rank': 27, 'fitness': 0.025626606900872817, 'generation': 1008}","{'id': 44691, 'rank': 28, 'fitness': 0.021928236565490866, 'generation': 1008}","{'id': 44706, 'rank': 29, 'fitness': 0.021909642640941696, 'generation': 1008}","{'id': 44689, 'rank': 30, 'fitness': 0.01798620996209155, 'generation': 1008}"
"{'id': 44754, 'rank': 1, 'fitness': 0.9820137900379085, 'generation': 1009}","{'id': 44759, 'rank': 2, 'fitness': 0.6083318297257102, 'generation': 1009}","{'id': 44758, 'rank': 3, 'fitness': 0.5655523382606511, 'generation': 1009}","{'id': 44766, 'rank': 4, 'fitness': 0.3007827910795011, 'generation': 1009}","{'id': 44761, 'rank': 5, 'fitness': 0.27969568767696873, 'generation': 1009}","{'id': 44755, 'rank': 6, 'fitness': 0.230630195574748, 'generation': 1009}","{'id': 44771, 'rank': 7, 'fitness': 0.22429770573588215, 'generation': 1009}","{'id': 44739, 'rank': 8, 'fitness': 0.16690965516620354, 'generation': 1009}","{'id': 44764, 'rank': 9, 'fitness': 0.15526954143117855, 'generation': 1009}","{'id': 44768, 'rank': 10, 'fitness': 0.11591610019289789, 'generation': 1009}","{'id': 44757, 'rank': 11, 'fitness': 0.11400608549234525, 'generation': 1009}","{'id': 44738, 'rank': 12, 'fitness': 0.09128590753855303, 'generation': 1009}","{'id': 44749, 'rank': 13, 'fitness': 0.0812044187577482, 'generation': 1009}","{'id': 44770, 'rank': 14, 'fitness': 0.07554832938745504, 'generation': 1009}","{'id': 44750, 'rank': 15, 'fitness': 0.07389912402554322, 'generation': 1009}","{'id': 44769, 'rank': 16, 'fitness': 0.06588434938844229, 'generation': 1009}","{'id': 44740, 'rank': 17, 'fitness': 0.05710754639034449, 'generation': 1009}","{'id': 44731, 'rank': 18, 'fitness': 0.046883130489502656, 'generation': 1009}","{'id': 44747, 'rank': 19, 'fitness': 0.042037091181949815, 'generation': 1009}","{'id': 44760, 'rank': 20, 'fitness': 0.03381727202849988, 'generation': 1009}","{'id': 44748, 'rank': 21, 'fitness': 0.033404443933527594, 'generation': 1009}","{'id': 44752, 'rank': 22, 'fitness': 0.03289732435168352, 'generation': 1009}","{'id': 44746, 'rank': 23, 'fitness': 0.029085468832775963, 'generation': 1009}","{'id': 44763, 'rank': 24, 'fitness': 0.02902335843440851, 'generation': 1009}","{'id': 44736, 'rank': 25, 'fitness': 0.024171341368387833, 'generation': 1009}","{'id': 44753, 'rank': 26, 'fitness': 0.02386792119278064, 'generation': 1009}","{'id': 44762, 'rank': 27, 'fitness': 0.023839818977959226, 'generation': 1009}","{'id': 44724, 'rank': 28, 'fitness': 0.020227339327314964, 'generation': 1009}","{'id': 44743, 'rank': 29, 'fitness': 0.020212081854868225, 'generation': 1009}","{'id': 44733, 'rank': 30, 'fitness': 0.01798620996209155, 'generation': 1009}"
"{'id': 44800, 'rank': 1, 'fitness': 0.9820137900379085, 'generation': 1010}","{'id': 44793, 'rank': 2, 'fitness': 0.9684120259820689, 'generation': 1010}","{'id': 44801, 'rank': 3, 'fitness': 0.9591327972886367, 'generation': 1010}","{'id': 44806, 'rank': 4, 'fitness': 0.9208303591898432, 'generation': 1010}","{'id': 44790, 'rank': 5, 'fitness': 0.9128945878919994, 'generation': 1010}","{'id': 44785, 'rank': 6, 'fitness': 0.8566282116611181, 'generation': 1010}","{'id': 44804, 'rank': 7, 'fitness': 0.8556021855700053, 'generation': 1010}","{'id': 44795, 'rank': 8, 'fitness': 0.8497577001725709, 'generation': 1010}","{'id': 44805, 'rank': 9, 'fitness': 0.7887404599848479, 'generation': 1010}","{'id': 44794, 'rank': 10, 'fitness': 0.5896024404682776, 'generation': 1010}","{'id': 44780, 'rank': 11, 'fitness': 0.5065979471632405, 'generation': 1010}","{'id': 44782, 'rank': 12, 'fitness': 0.43015995923149897, 'generation': 1010}","{'id': 44777, 'rank': 13, 'fitness': 0.29243576364728685, 'generation': 1010}","{'id': 44786, 'rank': 14, 'fitness': 0.24228232525000937, 'generation': 1010}","{'id': 44792, 'rank': 15, 'fitness': 0.2251553182941503, 'generation': 1010}","{'id': 44803, 'rank': 16, 'fitness': 0.2080277609186959, 'generation': 1010}","{'id': 44788, 'rank': 17, 'fitness': 0.20529822267017572, 'generation': 1010}","{'id': 44797, 'rank': 18, 'fitness': 0.18942220129609894, 'generation': 1010}","{'id': 44798, 'rank': 19, 'fitness': 0.17185825878043764, 'generation': 1010}","{'id': 44773, 'rank': 20, 'fitness': 0.16640565468919055, 'generation': 1010}","{'id': 44789, 'rank': 21, 'fitness': 0.15797888511218777, 'generation': 1010}","{'id': 44791, 'rank': 22, 'fitness': 0.1338408506049989, 'generation': 1010}","{'id': 44787, 'rank': 23, 'fitness': 0.11153925051768132, 'generation': 1010}","{'id': 44781, 'rank': 24, 'fitness': 0.09816453214461385, 'generation': 1010}","{'id': 44799, 'rank': 25, 'fitness': 0.08954483059628782, 'generation': 1010}","{'id': 44779, 'rank': 26, 'fitness': 0.07092146183918785, 'generation': 1010}","{'id': 44802, 'rank': 27, 'fitness': 0.022539610483832184, 'generation': 1010}","{'id': 44796, 'rank': 28, 'fitness': 0.020986699214453064, 'generation': 1010}","{'id': 44775, 'rank': 29, 'fitness': 0.01922750040493354, 'generation': 1010}","{'id': 44807, 'rank': 30, 'fitness': 0.01798620996209155, 'generation': 1010}"
"{'id': 44840, 'rank': 1, 'fitness': 0.9820137900379085, 'generation': 1011}","{'id': 44843, 'rank': 2, 'fitness': 0.972040255726982, 'generation': 1011}","{'id': 44853, 'rank': 3, 'fitness': 0.9197573134659711, 'generation': 1011}","{'id': 44835, 'rank': 4, 'fitness': 0.9119953425261794, 'generation': 1011}","{'id': 44847, 'rank': 5, 'fitness': 0.8960166657192805, 'generation': 1011}","{'id': 44821, 'rank': 6, 'fitness': 0.7880416564504777, 'generation': 1011}","{'id': 44859, 'rank': 7, 'fitness': 0.7042145522054591, 'generation': 1011}","{'id': 44848, 'rank': 8, 'fitness': 0.5390155503431519, 'generation': 1011}","{'id': 44849, 'rank': 9, 'fitness': 0.5322285006076088, 'generation': 1011}","{'id': 44819, 'rank': 10, 'fitness': 0.49592835778849254, 'generation': 1011}","{'id': 44852, 'rank': 11, 'fitness': 0.3628521963911792, 'generation': 1011}","{'id': 44829, 'rank': 12, 'fitness': 0.24385883071519432, 'generation': 1011}","{'id': 44858, 'rank': 13, 'fitness': 0.1971640347057908, 'generation': 1011}","{'id': 44854, 'rank': 14, 'fitness': 0.1706325577328318, 'generation': 1011}","{'id': 44814, 'rank': 15, 'fitness': 0.15620751896012064, 'generation': 1011}","{'id': 44841, 'rank': 16, 'fitness': 0.11091188202472263, 'generation': 1011}","{'id': 44855, 'rank': 17, 'fitness': 0.11039084376194253, 'generation': 1011}","{'id': 44838, 'rank': 18, 'fitness': 0.10897409622329934, 'generation': 1011}","{'id': 44857, 'rank': 19, 'fitness': 0.0991811392533139, 'generation': 1011}","{'id': 44846, 'rank': 20, 'fitness': 0.06382603659722108, 'generation': 1011}","{'id': 44817, 'rank': 21, 'fitness': 0.06273796530003578, 'generation': 1011}","{'id': 44808, 'rank': 22, 'fitness': 0.058173392647269395, 'generation': 1011}","{'id': 44839, 'rank': 23, 'fitness': 0.049169697164206605, 'generation': 1011}","{'id': 44820, 'rank': 24, 'fitness': 0.04692110960385587, 'generation': 1011}","{'id': 44812, 'rank': 25, 'fitness': 0.038214810836786794, 'generation': 1011}","{'id': 44813, 'rank': 26, 'fitness': 0.02429237842394316, 'generation': 1011}","{'id': 44826, 'rank': 27, 'fitness': 0.023964032363518573, 'generation': 1011}","{'id': 44822, 'rank': 28, 'fitness': 0.020956121496727653, 'generation': 1011}","{'id': 44836, 'rank': 29, 'fitness': 0.020029169056089202, 'generation': 1011}","{'id': 44824, 'rank': 30, 'fitness': 0.01798620996209155, 'generation': 1011}"
"{'id': 44887, 'rank': 1, 'fitness': 0.9820137900379085, 'generation': 1012}","{'id': 44899, 'rank': 2, 'fitness': 0.9312019174267693, 'generation': 1012}","{'id': 44906, 'rank': 3, 'fitness': 0.9123441094228325, 'generation': 1012}","{'id': 44902, 'rank': 4, 'fitness': 0.8848520000040501, 'generation': 1012}","{'id': 44894, 'rank': 5, 'fitness': 0.8795143325762554, 'generation': 1012}","{'id': 44883, 'rank': 6, 'fitness': 0.8723729178796538, 'generation': 1012}","{'id': 44877, 'rank': 7, 'fitness': 0.5260438888949588, 'generation': 1012}","{'id': 44891, 'rank': 8, 'fitness': 0.4946170938305401, 'generation': 1012}","{'id': 44901, 'rank': 9, 'fitness': 0.4663789112640996, 'generation': 1012}","{'id': 44878, 'rank': 10, 'fitness': 0.38577073244807925, 'generation': 1012}","{'id': 44897, 'rank': 11, 'fitness': 0.31054703519047155, 'generation': 1012}","{'id': 44880, 'rank': 12, 'fitness': 0.20054400404253275, 'generation': 1012}","{'id': 44886, 'rank': 13, 'fitness': 0.19780497320407353, 'generation': 1012}","{'id': 44896, 'rank': 14, 'fitness': 0.1664157610743603, 'generation': 1012}","{'id': 44903, 'rank': 15, 'fitness': 0.09879638224777237, 'generation': 1012}","{'id': 44893, 'rank': 16, 'fitness': 0.09069417714007394, 'generation': 1012}","{'id': 44905, 'rank': 17, 'fitness': 0.07159105395763332, 'generation': 1012}","{'id': 44900, 'rank': 18, 'fitness': 0.05702641387965035, 'generation': 1012}","{'id': 44870, 'rank': 19, 'fitness': 0.04849139377713685, 'generation': 1012}","{'id': 44882, 'rank': 20, 'fitness': 0.04482113293857698, 'generation': 1012}","{'id': 44898, 'rank': 21, 'fitness': 0.037934693079809234, 'generation': 1012}","{'id': 44862, 'rank': 22, 'fitness': 0.031128763529885084, 'generation': 1012}","{'id': 44867, 'rank': 23, 'fitness': 0.02895581443752243, 'generation': 1012}","{'id': 44885, 'rank': 24, 'fitness': 0.02801789985680242, 'generation': 1012}","{'id': 44864, 'rank': 25, 'fitness': 0.0243825046674101, 'generation': 1012}","{'id': 44904, 'rank': 26, 'fitness': 0.02400923966005225, 'generation': 1012}","{'id': 44874, 'rank': 27, 'fitness': 0.022425630846957867, 'generation': 1012}","{'id': 44892, 'rank': 28, 'fitness': 0.022037821595834894, 'generation': 1012}","{'id': 44876, 'rank': 29, 'fitness': 0.020895109230234188, 'generation': 1012}","{'id': 44861, 'rank': 30, 'fitness': 0.01798620996209155, 'generation': 1012}"
"{'id': 44938, 'rank': 1, 'fitness': 0.9820137900379085, 'generation': 1013}","{'id': 44941, 'rank': 2, 'fitness': 0.9618824013883549, 'generation': 1013}","{'id': 44913, 'rank': 3, 'fitness': 0.703760676590678, 'generation': 1013}","{'id': 44933, 'rank': 4, 'fitness': 0.6858084336304231, 'generation': 1013}","{'id': 44937, 'rank': 5, 'fitness': 0.5486295378588552, 'generation': 1013}","{'id': 44945, 'rank': 6, 'fitness': 0.41556207589278193, 'generation': 1013}","{'id': 44944, 'rank': 7, 'fitness': 0.3708020271529717, 'generation': 1013}","{'id': 44929, 'rank': 8, 'fitness': 0.36314719561508446, 'generation': 1013}","{'id': 44942, 'rank': 9, 'fitness': 0.30963554791863535, 'generation': 1013}","{'id': 44928, 'rank': 10, 'fitness': 0.2895232165300605, 'generation': 1013}","{'id': 44923, 'rank': 11, 'fitness': 0.2794057624736074, 'generation': 1013}","{'id': 44946, 'rank': 12, 'fitness': 0.24792271380799474, 'generation': 1013}","{'id': 44922, 'rank': 13, 'fitness': 0.18707618971184303, 'generation': 1013}","{'id': 44935, 'rank': 14, 'fitness': 0.1645464300292161, 'generation': 1013}","{'id': 44909, 'rank': 15, 'fitness': 0.14699911773548147, 'generation': 1013}","{'id': 44927, 'rank': 16, 'fitness': 0.12612677277605017, 'generation': 1013}","{'id': 44912, 'rank': 17, 'fitness': 0.1024258670185626, 'generation': 1013}","{'id': 44930, 'rank': 18, 'fitness': 0.09465029823392468, 'generation': 1013}","{'id': 44931, 'rank': 19, 'fitness': 0.09196767742900164, 'generation': 1013}","{'id': 44918, 'rank': 20, 'fitness': 0.08802721772807853, 'generation': 1013}","{'id': 44943, 'rank': 21, 'fitness': 0.07695628685860517, 'generation': 1013}","{'id': 44915, 'rank': 22, 'fitness': 0.0682076739483286, 'generation': 1013}","{'id': 44910, 'rank': 23, 'fitness': 0.050104199089874846, 'generation': 1013}","{'id': 44911, 'rank': 24, 'fitness': 0.042813196827582056, 'generation': 1013}","{'id': 44939, 'rank': 25, 'fitness': 0.035108341832807144, 'generation': 1013}","{'id': 44936, 'rank': 26, 'fitness': 0.034563446069494796, 'generation': 1013}","{'id': 44932, 'rank': 27, 'fitness': 0.02896315448217618, 'generation': 1013}","{'id': 44920, 'rank': 28, 'fitness': 0.025849841769568394, 'generation': 1013}","{'id': 44908, 'rank': 29, 'fitness': 0.02008668176218903, 'generation': 1013}","{'id': 44925, 'rank': 30, 'fitness': 0.01798620996209155, 'generation': 1013}"
"{'id': 44970, 'rank': 1, 'fitness': 0.9820137900379085, 'generation': 1014}","{'id': 44979, 'rank': 2, 'fitness': 0.9707980239276184, 'generation': 1014}","{'id': 44962, 'rank': 3, 'fitness': 0.9629118114443201, 'generation': 1014}","{'id': 44982, 'rank': 4, 'fitness': 0.9526184027339522, 'generation': 1014}","{'id': 44959, 'rank': 5, 'fitness': 0.8460764142707398, 'generation': 1014}","{'id': 44957, 'rank': 6, 'fitness': 0.8214975998642071, 'generation': 1014}","{'id': 44980, 'rank': 7, 'fitness': 0.7039874907129312, 'generation': 1014}","{'id': 44973, 'rank': 8, 'fitness': 0.6710502573355613, 'generation': 1014}","{'id': 44985, 'rank': 9, 'fitness': 0.6655108889609709, 'generation': 1014}","{'id': 44972, 'rank': 10, 'fitness': 0.5273728738010882, 'generation': 1014}","{'id': 44983, 'rank': 11, 'fitness': 0.5239664936325017, 'generation': 1014}","{'id': 44978, 'rank': 12, 'fitness': 0.4687919592360452, 'generation': 1014}","{'id': 44981, 'rank': 13, 'fitness': 0.43418472971585875, 'generation': 1014}","{'id': 44974, 'rank': 14, 'fitness': 0.38483405807898025, 'generation': 1014}","{'id': 44954, 'rank': 15, 'fitness': 0.3269104247341309, 'generation': 1014}","{'id': 44965, 'rank': 16, 'fitness': 0.2978961785637637, 'generation': 1014}","{'id': 44967, 'rank': 17, 'fitness': 0.12478678819797295, 'generation': 1014}","{'id': 44971, 'rank': 18, 'fitness': 0.10420235172051723, 'generation': 1014}","{'id': 44961, 'rank': 19, 'fitness': 0.08749921078803818, 'generation': 1014}","{'id': 44984, 'rank': 20, 'fitness': 0.07616985815981858, 'generation': 1014}","{'id': 44950, 'rank': 21, 'fitness': 0.062304484141891325, 'generation': 1014}","{'id': 44964, 'rank': 22, 'fitness': 0.05629943175408547, 'generation': 1014}","{'id': 44947, 'rank': 23, 'fitness': 0.04858390870307383, 'generation': 1014}","{'id': 44956, 'rank': 24, 'fitness': 0.04249626064597445, 'generation': 1014}","{'id': 44976, 'rank': 25, 'fitness': 0.04055152850401689, 'generation': 1014}","{'id': 44953, 'rank': 26, 'fitness': 0.03938934570731578, 'generation': 1014}","{'id': 44969, 'rank': 27, 'fitness': 0.035885740746472494, 'generation': 1014}","{'id': 44949, 'rank': 28, 'fitness': 0.025349260882115365, 'generation': 1014}","{'id': 44963, 'rank': 29, 'fitness': 0.023748935088722667, 'generation': 1014}","{'id': 44951, 'rank': 30, 'fitness': 0.01798620996209155, 'generation': 1014}"
"{'id': 44996, 'rank': 1, 'fitness': 0.9820137900379085, 'generation': 1015}","{'id': 45042, 'rank': 2, 'fitness': 0.9739627971544691, 'generation': 1015}","{'id': 45011, 'rank': 3, 'fitness': 0.9413830021712677, 'generation': 1015}","{'id': 45030, 'rank': 4, 'fitness': 0.8345930075043586, 'generation': 1015}","{'id': 45014, 'rank': 5, 'fitness': 0.7337226318758943, 'generation': 1015}","{'id': 45027, 'rank': 6, 'fitness': 0.7232805455666749, 'generation': 1015}","{'id': 45015, 'rank': 7, 'fitness': 0.6471136330630967, 'generation': 1015}","{'id': 45033, 'rank': 8, 'fitness': 0.5734085867234546, 'generation': 1015}","{'id': 45039, 'rank': 9, 'fitness': 0.49797214378720844, 'generation': 1015}","{'id': 45035, 'rank': 10, 'fitness': 0.46579578707472613, 'generation': 1015}","{'id': 45037, 'rank': 11, 'fitness': 0.42781312856688447, 'generation': 1015}","{'id': 45020, 'rank': 12, 'fitness': 0.40148170344250295, 'generation': 1015}","{'id': 44995, 'rank': 13, 'fitness': 0.3354899644130308, 'generation': 1015}","{'id': 45021, 'rank': 14, 'fitness': 0.22650821116561048, 'generation': 1015}","{'id': 45009, 'rank': 15, 'fitness': 0.18668148065412782, 'generation': 1015}","{'id': 45032, 'rank': 16, 'fitness': 0.18073415120503383, 'generation': 1015}","{'id': 45000, 'rank': 17, 'fitness': 0.15075026984807754, 'generation': 1015}","{'id': 45004, 'rank': 18, 'fitness': 0.13219944337645984, 'generation': 1015}","{'id': 45034, 'rank': 19, 'fitness': 0.1294992109864399, 'generation': 1015}","{'id': 45028, 'rank': 20, 'fitness': 0.11422143685613406, 'generation': 1015}","{'id': 45013, 'rank': 21, 'fitness': 0.07240046994829158, 'generation': 1015}","{'id': 45040, 'rank': 22, 'fitness': 0.05816227087038295, 'generation': 1015}","{'id': 45001, 'rank': 23, 'fitness': 0.04555925696560442, 'generation': 1015}","{'id': 45031, 'rank': 24, 'fitness': 0.03247456651254871, 'generation': 1015}","{'id': 45018, 'rank': 25, 'fitness': 0.026584663505063777, 'generation': 1015}","{'id': 45016, 'rank': 26, 'fitness': 0.024908412097913002, 'generation': 1015}","{'id': 44999, 'rank': 27, 'fitness': 0.022069334100377702, 'generation': 1015}","{'id': 45025, 'rank': 28, 'fitness': 0.021434284190409714, 'generation': 1015}","{'id': 45019, 'rank': 29, 'fitness': 0.018200689812406856, 'generation': 1015}","{'id': 45022, 'rank': 30, 'fitness': 0.01798620996209155, 'generation': 1015}"
"{'id': 45073, 'rank': 1, 'fitness': 0.9820137900379085, 'generation': 1016}","{'id': 45080, 'rank': 2, 'fitness': 0.9502732064146737, 'generation': 1016}","{'id': 45082, 'rank': 3, 'fitness': 0.9476979954895048, 'generation': 1016}","{'id': 45087, 'rank': 4, 'fitness': 0.9261875163362111, 'generation': 1016}","{'id': 45055, 'rank': 5, 'fitness': 0.9011896161106666, 'generation': 1016}","{'id': 45068, 'rank': 6, 'fitness': 0.8838920886528057, 'generation': 1016}","{'id': 45084, 'rank': 7, 'fitness': 0.8707325355886355, 'generation': 1016}","{'id': 45086, 'rank': 8, 'fitness': 0.834180539459393, 'generation': 1016}","{'id': 45083, 'rank': 9, 'fitness': 0.5349692366992512, 'generation': 1016}","{'id': 45047, 'rank': 10, 'fitness': 0.5186770608820567, 'generation': 1016}","{'id': 45054, 'rank': 11, 'fitness': 0.48695093812324464, 'generation': 1016}","{'id': 45063, 'rank': 12, 'fitness': 0.4173987537908774, 'generation': 1016}","{'id': 45072, 'rank': 13, 'fitness': 0.4147565671252072, 'generation': 1016}","{'id': 45062, 'rank': 14, 'fitness': 0.39243950002809513, 'generation': 1016}","{'id': 45071, 'rank': 15, 'fitness': 0.38565852351918545, 'generation': 1016}","{'id': 45044, 'rank': 16, 'fitness': 0.32261159571753173, 'generation': 1016}","{'id': 45085, 'rank': 17, 'fitness': 0.2517135726517449, 'generation': 1016}","{'id': 45076, 'rank': 18, 'fitness': 0.23943666338993086, 'generation': 1016}","{'id': 45052, 'rank': 19, 'fitness': 0.22830741818306233, 'generation': 1016}","{'id': 45077, 'rank': 20, 'fitness': 0.1624201371081107, 'generation': 1016}","{'id': 45064, 'rank': 21, 'fitness': 0.12782475665122117, 'generation': 1016}","{'id': 45046, 'rank': 22, 'fitness': 0.09954636056354904, 'generation': 1016}","{'id': 45058, 'rank': 23, 'fitness': 0.06572875609857265, 'generation': 1016}","{'id': 45079, 'rank': 24, 'fitness': 0.06493433712691155, 'generation': 1016}","{'id': 45070, 'rank': 25, 'fitness': 0.052027315245544326, 'generation': 1016}","{'id': 45056, 'rank': 26, 'fitness': 0.050467936878078434, 'generation': 1016}","{'id': 45069, 'rank': 27, 'fitness': 0.045517293597116315, 'generation': 1016}","{'id': 45045, 'rank': 28, 'fitness': 0.02305323299249684, 'generation': 1016}","{'id': 45074, 'rank': 29, 'fitness': 0.020984933207539525, 'generation': 1016}","{'id': 45081, 'rank': 30, 'fitness': 0.01798620996209155, 'generation': 1016}"
"{'id': 45133, 'rank': 1, 'fitness': 0.9820137900379085, 'generation': 1017}","{'id': 45128, 'rank': 2, 'fitness': 0.7340558571514102, 'generation': 1017}","{'id': 45127, 'rank': 3, 'fitness': 0.6784757314731253, 'generation': 1017}","{'id': 45093, 'rank': 4, 'fitness': 0.5752197156744737, 'generation': 1017}","{'id': 45118, 'rank': 5, 'fitness': 0.28686656830638824, 'generation': 1017}","{'id': 45117, 'rank': 6, 'fitness': 0.2699728879554844, 'generation': 1017}","{'id': 45126, 'rank': 7, 'fitness': 0.24198660456051324, 'generation': 1017}","{'id': 45116, 'rank': 8, 'fitness': 0.22420988926105645, 'generation': 1017}","{'id': 45090, 'rank': 9, 'fitness': 0.2041452564312778, 'generation': 1017}","{'id': 45131, 'rank': 10, 'fitness': 0.15105995916897957, 'generation': 1017}","{'id': 45094, 'rank': 11, 'fitness': 0.11505192728441649, 'generation': 1017}","{'id': 45119, 'rank': 12, 'fitness': 0.10151623471268278, 'generation': 1017}","{'id': 45102, 'rank': 13, 'fitness': 0.09718253021670054, 'generation': 1017}","{'id': 45125, 'rank': 14, 'fitness': 0.08298092918540101, 'generation': 1017}","{'id': 45135, 'rank': 15, 'fitness': 0.06652322338516586, 'generation': 1017}","{'id': 45114, 'rank': 16, 'fitness': 0.05826718888719512, 'generation': 1017}","{'id': 45121, 'rank': 17, 'fitness': 0.05763184877963323, 'generation': 1017}","{'id': 45100, 'rank': 18, 'fitness': 0.050233466637837565, 'generation': 1017}","{'id': 45097, 'rank': 19, 'fitness': 0.04713681233458494, 'generation': 1017}","{'id': 45107, 'rank': 20, 'fitness': 0.03894000282300747, 'generation': 1017}","{'id': 45098, 'rank': 21, 'fitness': 0.03560210551418619, 'generation': 1017}","{'id': 45122, 'rank': 22, 'fitness': 0.03319027255435181, 'generation': 1017}","{'id': 45110, 'rank': 23, 'fitness': 0.029068705225438973, 'generation': 1017}","{'id': 45124, 'rank': 24, 'fitness': 0.021274411685395234, 'generation': 1017}","{'id': 45088, 'rank': 25, 'fitness': 0.021255097067925666, 'generation': 1017}","{'id': 45111, 'rank': 26, 'fitness': 0.020066557672600682, 'generation': 1017}","{'id': 45129, 'rank': 27, 'fitness': 0.01940085142779463, 'generation': 1017}","{'id': 45136, 'rank': 28, 'fitness': 0.018809410650151626, 'generation': 1017}","{'id': 45123, 'rank': 29, 'fitness': 0.018061590706136277, 'generation': 1017}","{'id': 45106, 'rank': 30, 'fitness': 0.01798620996209155, 'generation': 1017}"
"{'id': 45162, 'rank': 1, 'fitness': 0.9820137900379085, 'generation': 1018}","{'id': 45169, 'rank': 2, 'fitness': 0.9423043583021395, 'generation': 1018}","{'id': 45152, 'rank': 3, 'fitness': 0.7683205536953627, 'generation': 1018}","{'id': 45154, 'rank': 4, 'fitness': 0.6885949150550351, 'generation': 1018}","{'id': 45168, 'rank': 5, 'fitness': 0.622200226462033, 'generation': 1018}","{'id': 45158, 'rank': 6, 'fitness': 0.6082279380447247, 'generation': 1018}","{'id': 45146, 'rank': 7, 'fitness': 0.5055915361820629, 'generation': 1018}","{'id': 45163, 'rank': 8, 'fitness': 0.44429752773421993, 'generation': 1018}","{'id': 45151, 'rank': 9, 'fitness': 0.4377041265313505, 'generation': 1018}","{'id': 45165, 'rank': 10, 'fitness': 0.3981946491282073, 'generation': 1018}","{'id': 45167, 'rank': 11, 'fitness': 0.3363045954259737, 'generation': 1018}","{'id': 45144, 'rank': 12, 'fitness': 0.3278872244770058, 'generation': 1018}","{'id': 45160, 'rank': 13, 'fitness': 0.25614136649005537, 'generation': 1018}","{'id': 45140, 'rank': 14, 'fitness': 0.24463063861360707, 'generation': 1018}","{'id': 45157, 'rank': 15, 'fitness': 0.2180135647244481, 'generation': 1018}","{'id': 45150, 'rank': 16, 'fitness': 0.16549289427673985, 'generation': 1018}","{'id': 45161, 'rank': 17, 'fitness': 0.1550121737814817, 'generation': 1018}","{'id': 45147, 'rank': 18, 'fitness': 0.12465846671234948, 'generation': 1018}","{'id': 45171, 'rank': 19, 'fitness': 0.12235366117656821, 'generation': 1018}","{'id': 45138, 'rank': 20, 'fitness': 0.09876994563172015, 'generation': 1018}","{'id': 45143, 'rank': 21, 'fitness': 0.08187187415434843, 'generation': 1018}","{'id': 45148, 'rank': 22, 'fitness': 0.07245207516711893, 'generation': 1018}","{'id': 45142, 'rank': 23, 'fitness': 0.06897962291160065, 'generation': 1018}","{'id': 45166, 'rank': 24, 'fitness': 0.051594800525529894, 'generation': 1018}","{'id': 45159, 'rank': 25, 'fitness': 0.04712380599955707, 'generation': 1018}","{'id': 45149, 'rank': 26, 'fitness': 0.04161774278144259, 'generation': 1018}","{'id': 45139, 'rank': 27, 'fitness': 0.033510110490617084, 'generation': 1018}","{'id': 45156, 'rank': 28, 'fitness': 0.027528434301658744, 'generation': 1018}","{'id': 45164, 'rank': 29, 'fitness': 0.022255595811469353, 'generation': 1018}","{'id': 45145, 'rank': 30, 'fitness': 0.01798620996209155, 'generation': 1018}"
"{'id': 45192, 'rank': 1, 'fitness': 0.9820137900379085, 'generation': 1019}","{'id': 45204, 'rank': 2, 'fitness': 0.9744785733652945, 'generation': 1019}","{'id': 45214, 'rank': 3, 'fitness': 0.9727964042899411, 'generation': 1019}","{'id': 45207, 'rank': 4, 'fitness': 0.9263367378292205, 'generation': 1019}","{'id': 45197, 'rank': 5, 'fitness': 0.9050833315933582, 'generation': 1019}","{'id': 45212, 'rank': 6, 'fitness': 0.8235048002552908, 'generation': 1019}","{'id': 45179, 'rank': 7, 'fitness': 0.780180072726232, 'generation': 1019}","{'id': 45210, 'rank': 8, 'fitness': 0.718027550207301, 'generation': 1019}","{'id': 45209, 'rank': 9, 'fitness': 0.6715765573714202, 'generation': 1019}","{'id': 45193, 'rank': 10, 'fitness': 0.6533784925691118, 'generation': 1019}","{'id': 45213, 'rank': 11, 'fitness': 0.47473154452579225, 'generation': 1019}","{'id': 45190, 'rank': 12, 'fitness': 0.40392461768521676, 'generation': 1019}","{'id': 45199, 'rank': 13, 'fitness': 0.3163124210669185, 'generation': 1019}","{'id': 45182, 'rank': 14, 'fitness': 0.2678738138190307, 'generation': 1019}","{'id': 45196, 'rank': 15, 'fitness': 0.2668952602886302, 'generation': 1019}","{'id': 45173, 'rank': 16, 'fitness': 0.23461968872030992, 'generation': 1019}","{'id': 45200, 'rank': 17, 'fitness': 0.1457699241022703, 'generation': 1019}","{'id': 45181, 'rank': 18, 'fitness': 0.13098204419177711, 'generation': 1019}","{'id': 45172, 'rank': 19, 'fitness': 0.12242426700628423, 'generation': 1019}","{'id': 45206, 'rank': 20, 'fitness': 0.09070102219079862, 'generation': 1019}","{'id': 45203, 'rank': 21, 'fitness': 0.07072755315771462, 'generation': 1019}","{'id': 45175, 'rank': 22, 'fitness': 0.06699133307006644, 'generation': 1019}","{'id': 45186, 'rank': 23, 'fitness': 0.06243939668403237, 'generation': 1019}","{'id': 45183, 'rank': 24, 'fitness': 0.048501230983795884, 'generation': 1019}","{'id': 45177, 'rank': 25, 'fitness': 0.04078283232200636, 'generation': 1019}","{'id': 45208, 'rank': 26, 'fitness': 0.0308722600083568, 'generation': 1019}","{'id': 45185, 'rank': 27, 'fitness': 0.029640483248076555, 'generation': 1019}","{'id': 45180, 'rank': 28, 'fitness': 0.028495349854122276, 'generation': 1019}","{'id': 45195, 'rank': 29, 'fitness': 0.024917109374177127, 'generation': 1019}","{'id': 45205, 'rank': 30, 'fitness': 0.01798620996209155, 'generation': 1019}"
"{'id': 45251, 'rank': 1, 'fitness': 0.9820137900379085, 'generation': 1020}","{'id': 45245, 'rank': 2, 'fitness': 0.9507117351689789, 'generation': 1020}","{'id': 45253, 'rank': 3, 'fitness': 0.9421250011271283, 'generation': 1020}","{'id': 45248, 'rank': 4, 'fitness': 0.9315008997534999, 'generation': 1020}","{'id': 45230, 'rank': 5, 'fitness': 0.8531684676557829, 'generation': 1020}","{'id': 45227, 'rank': 6, 'fitness': 0.7750754850304078, 'generation': 1020}","{'id': 45231, 'rank': 7, 'fitness': 0.6784655929133669, 'generation': 1020}","{'id': 45246, 'rank': 8, 'fitness': 0.6422160586772041, 'generation': 1020}","{'id': 45250, 'rank': 9, 'fitness': 0.5821127865903765, 'generation': 1020}","{'id': 45234, 'rank': 10, 'fitness': 0.5153091119800283, 'generation': 1020}","{'id': 45241, 'rank': 11, 'fitness': 0.4306571168169454, 'generation': 1020}","{'id': 45244, 'rank': 12, 'fitness': 0.38702727637521206, 'generation': 1020}","{'id': 45222, 'rank': 13, 'fitness': 0.3415741713834014, 'generation': 1020}","{'id': 45226, 'rank': 14, 'fitness': 0.31450006336116365, 'generation': 1020}","{'id': 45219, 'rank': 15, 'fitness': 0.3057312870028771, 'generation': 1020}","{'id': 45249, 'rank': 16, 'fitness': 0.2913220721976343, 'generation': 1020}","{'id': 45239, 'rank': 17, 'fitness': 0.26675618274990825, 'generation': 1020}","{'id': 45225, 'rank': 18, 'fitness': 0.25248782038721423, 'generation': 1020}","{'id': 45255, 'rank': 19, 'fitness': 0.22645988427878472, 'generation': 1020}","{'id': 45242, 'rank': 20, 'fitness': 0.19421420040865567, 'generation': 1020}","{'id': 45235, 'rank': 21, 'fitness': 0.18808162227663688, 'generation': 1020}","{'id': 45223, 'rank': 22, 'fitness': 0.16537390587595674, 'generation': 1020}","{'id': 45220, 'rank': 23, 'fitness': 0.1536662804687713, 'generation': 1020}","{'id': 45240, 'rank': 24, 'fitness': 0.12201566091908356, 'generation': 1020}","{'id': 45254, 'rank': 25, 'fitness': 0.08293827649534902, 'generation': 1020}","{'id': 45257, 'rank': 26, 'fitness': 0.05822079332581859, 'generation': 1020}","{'id': 45256, 'rank': 27, 'fitness': 0.021025231753854567, 'generation': 1020}","{'id': 45217, 'rank': 28, 'fitness': 0.01979046001053869, 'generation': 1020}","{'id': 45228, 'rank': 29, 'fitness': 0.01945555599764126, 'generation': 1020}","{'id': 45236, 'rank': 30, 'fitness': 0.01798620996209155, 'generation': 1020}"
"{'id': 45300, 'rank': 1, 'fitness': 0.9820137900379085, 'generation': 1021}","{'id': 45299, 'rank': 2, 'fitness': 0.8523892592630053, 'generation': 1021}","{'id': 45266, 'rank': 3, 'fitness': 0.5859633333693295, 'generation': 1021}","{'id': 45283, 'rank': 4, 'fitness': 0.511423280058739, 'generation': 1021}","{'id': 45293, 'rank': 5, 'fitness': 0.409166776548878, 'generation': 1021}","{'id': 45285, 'rank': 6, 'fitness': 0.4063379330993111, 'generation': 1021}","{'id': 45282, 'rank': 7, 'fitness': 0.3980484420517299, 'generation': 1021}","{'id': 45298, 'rank': 8, 'fitness': 0.38642034778371825, 'generation': 1021}","{'id': 45290, 'rank': 9, 'fitness': 0.26283714617491616, 'generation': 1021}","{'id': 45278, 'rank': 10, 'fitness': 0.2618765841824917, 'generation': 1021}","{'id': 45292, 'rank': 11, 'fitness': 0.23367631988933973, 'generation': 1021}","{'id': 45288, 'rank': 12, 'fitness': 0.23169500084416328, 'generation': 1021}","{'id': 45281, 'rank': 13, 'fitness': 0.13454642701764336, 'generation': 1021}","{'id': 45284, 'rank': 14, 'fitness': 0.12650475235235004, 'generation': 1021}","{'id': 45296, 'rank': 15, 'fitness': 0.11178100844820721, 'generation': 1021}","{'id': 45271, 'rank': 16, 'fitness': 0.10201605140978515, 'generation': 1021}","{'id': 45280, 'rank': 17, 'fitness': 0.07737315489668928, 'generation': 1021}","{'id': 45289, 'rank': 18, 'fitness': 0.06765744345330199, 'generation': 1021}","{'id': 45279, 'rank': 19, 'fitness': 0.06152205925553167, 'generation': 1021}","{'id': 45297, 'rank': 20, 'fitness': 0.04922988540724621, 'generation': 1021}","{'id': 45294, 'rank': 21, 'fitness': 0.048597000904495924, 'generation': 1021}","{'id': 45272, 'rank': 22, 'fitness': 0.04465971149366643, 'generation': 1021}","{'id': 45286, 'rank': 23, 'fitness': 0.04234008658407429, 'generation': 1021}","{'id': 45258, 'rank': 24, 'fitness': 0.040599687790359884, 'generation': 1021}","{'id': 45265, 'rank': 25, 'fitness': 0.03568429913675408, 'generation': 1021}","{'id': 45273, 'rank': 26, 'fitness': 0.029729931614412508, 'generation': 1021}","{'id': 45274, 'rank': 27, 'fitness': 0.022607515623223162, 'generation': 1021}","{'id': 45291, 'rank': 28, 'fitness': 0.020818519076781394, 'generation': 1021}","{'id': 45268, 'rank': 29, 'fitness': 0.02034930214357017, 'generation': 1021}","{'id': 45275, 'rank': 30, 'fitness': 0.01798620996209155, 'generation': 1021}"
"{'id': 45337, 'rank': 1, 'fitness': 0.9820137900379085, 'generation': 1022}","{'id': 45335, 'rank': 2, 'fitness': 0.9806931734127277, 'generation': 1022}","{'id': 45331, 'rank': 3, 'fitness': 0.9472625238925271, 'generation': 1022}","{'id': 45323, 'rank': 4, 'fitness': 0.9235164524689543, 'generation': 1022}","{'id': 45340, 'rank': 5, 'fitness': 0.8825121726217118, 'generation': 1022}","{'id': 45334, 'rank': 6, 'fitness': 0.866569644262768, 'generation': 1022}","{'id': 45341, 'rank': 7, 'fitness': 0.8048257169312021, 'generation': 1022}","{'id': 45309, 'rank': 8, 'fitness': 0.7204101815062675, 'generation': 1022}","{'id': 45332, 'rank': 9, 'fitness': 0.7026606142011667, 'generation': 1022}","{'id': 45308, 'rank': 10, 'fitness': 0.5630914684023077, 'generation': 1022}","{'id': 45342, 'rank': 11, 'fitness': 0.5481076519676087, 'generation': 1022}","{'id': 45336, 'rank': 12, 'fitness': 0.36314630838792994, 'generation': 1022}","{'id': 45306, 'rank': 13, 'fitness': 0.3593555484042032, 'generation': 1022}","{'id': 45345, 'rank': 14, 'fitness': 0.29883505573841296, 'generation': 1022}","{'id': 45312, 'rank': 15, 'fitness': 0.27204275402765055, 'generation': 1022}","{'id': 45304, 'rank': 16, 'fitness': 0.24476036036149568, 'generation': 1022}","{'id': 45322, 'rank': 17, 'fitness': 0.20120523932782108, 'generation': 1022}","{'id': 45343, 'rank': 18, 'fitness': 0.14641932707138305, 'generation': 1022}","{'id': 45344, 'rank': 19, 'fitness': 0.12078161389610476, 'generation': 1022}","{'id': 45320, 'rank': 20, 'fitness': 0.08992785377217388, 'generation': 1022}","{'id': 45315, 'rank': 21, 'fitness': 0.08864855790558573, 'generation': 1022}","{'id': 45327, 'rank': 22, 'fitness': 0.05791501624216722, 'generation': 1022}","{'id': 45321, 'rank': 23, 'fitness': 0.04301288036246975, 'generation': 1022}","{'id': 45319, 'rank': 24, 'fitness': 0.029516280799806338, 'generation': 1022}","{'id': 45326, 'rank': 25, 'fitness': 0.0281203922603272, 'generation': 1022}","{'id': 45310, 'rank': 26, 'fitness': 0.023020477142460805, 'generation': 1022}","{'id': 45330, 'rank': 27, 'fitness': 0.022729909630692546, 'generation': 1022}","{'id': 45316, 'rank': 28, 'fitness': 0.021248059434538724, 'generation': 1022}","{'id': 45313, 'rank': 29, 'fitness': 0.019180212960624665, 'generation': 1022}","{'id': 45311, 'rank': 30, 'fitness': 0.01798620996209155, 'generation': 1022}"
"{'id': 45391, 'rank': 1, 'fitness': 0.9820137900379085, 'generation': 1023}","{'id': 45383, 'rank': 2, 'fitness': 0.9779307708264431, 'generation': 1023}","{'id': 45390, 'rank': 3, 'fitness': 0.9659049302833522, 'generation': 1023}","{'id': 45389, 'rank': 4, 'fitness': 0.9423333821963236, 'generation': 1023}","{'id': 45373, 'rank': 5, 'fitness': 0.9373698149693486, 'generation': 1023}","{'id': 45387, 'rank': 6, 'fitness': 0.7435040700871898, 'generation': 1023}","{'id': 45386, 'rank': 7, 'fitness': 0.5689331676628893, 'generation': 1023}","{'id': 45379, 'rank': 8, 'fitness': 0.508958605155421, 'generation': 1023}","{'id': 45358, 'rank': 9, 'fitness': 0.4768136998968955, 'generation': 1023}","{'id': 45347, 'rank': 10, 'fitness': 0.40216586499067486, 'generation': 1023}","{'id': 45385, 'rank': 11, 'fitness': 0.39968448429278736, 'generation': 1023}","{'id': 45392, 'rank': 12, 'fitness': 0.38856498950522045, 'generation': 1023}","{'id': 45375, 'rank': 13, 'fitness': 0.31047761841574467, 'generation': 1023}","{'id': 45380, 'rank': 14, 'fitness': 0.30616017037092597, 'generation': 1023}","{'id': 45354, 'rank': 15, 'fitness': 0.2590476946109357, 'generation': 1023}","{'id': 45388, 'rank': 16, 'fitness': 0.24565164408903145, 'generation': 1023}","{'id': 45366, 'rank': 17, 'fitness': 0.24442409620049416, 'generation': 1023}","{'id': 45374, 'rank': 18, 'fitness': 0.2291608959677719, 'generation': 1023}","{'id': 45377, 'rank': 19, 'fitness': 0.14360333062476782, 'generation': 1023}","{'id': 45350, 'rank': 20, 'fitness': 0.07405226902728834, 'generation': 1023}","{'id': 45346, 'rank': 21, 'fitness': 0.06471000459006315, 'generation': 1023}","{'id': 45381, 'rank': 22, 'fitness': 0.06248324340678546, 'generation': 1023}","{'id': 45371, 'rank': 23, 'fitness': 0.06224264506542743, 'generation': 1023}","{'id': 45384, 'rank': 24, 'fitness': 0.05120013837142423, 'generation': 1023}","{'id': 45378, 'rank': 25, 'fitness': 0.03146199828528318, 'generation': 1023}","{'id': 45351, 'rank': 26, 'fitness': 0.029864938538057606, 'generation': 1023}","{'id': 45356, 'rank': 27, 'fitness': 0.02926907666685974, 'generation': 1023}","{'id': 45349, 'rank': 28, 'fitness': 0.023234555643288413, 'generation': 1023}","{'id': 45369, 'rank': 29, 'fitness': 0.021622849855313098, 'generation': 1023}","{'id': 45364, 'rank': 30, 'fitness': 0.01798620996209155, 'generation': 1023}"
"{'id': 45436, 'rank': 1, 'fitness': 0.9820137900379085, 'generation': 1024}","{'id': 45431, 'rank': 2, 'fitness': 0.9788513592767436, 'generation': 1024}","{'id': 45434, 'rank': 3, 'fitness': 0.9149493934559114, 'generation': 1024}","{'id': 45408, 'rank': 4, 'fitness': 0.8846389586586154, 'generation': 1024}","{'id': 45425, 'rank': 5, 'fitness': 0.8376868872203002, 'generation': 1024}","{'id': 45396, 'rank': 6, 'fitness': 0.8315800827730395, 'generation': 1024}","{'id': 45432, 'rank': 7, 'fitness': 0.7852643694064498, 'generation': 1024}","{'id': 45420, 'rank': 8, 'fitness': 0.7094813068227703, 'generation': 1024}","{'id': 45421, 'rank': 9, 'fitness': 0.667503971501851, 'generation': 1024}","{'id': 45419, 'rank': 10, 'fitness': 0.6218452479952087, 'generation': 1024}","{'id': 45428, 'rank': 11, 'fitness': 0.6119622203898878, 'generation': 1024}","{'id': 45407, 'rank': 12, 'fitness': 0.3833328999217475, 'generation': 1024}","{'id': 45406, 'rank': 13, 'fitness': 0.3398047631400075, 'generation': 1024}","{'id': 45405, 'rank': 14, 'fitness': 0.32258729491510163, 'generation': 1024}","{'id': 45427, 'rank': 15, 'fitness': 0.31815716288434864, 'generation': 1024}","{'id': 45426, 'rank': 16, 'fitness': 0.29842357411041687, 'generation': 1024}","{'id': 45433, 'rank': 17, 'fitness': 0.23547665285282593, 'generation': 1024}","{'id': 45422, 'rank': 18, 'fitness': 0.22168643493163742, 'generation': 1024}","{'id': 45429, 'rank': 19, 'fitness': 0.21585651202764328, 'generation': 1024}","{'id': 45424, 'rank': 20, 'fitness': 0.20266634671016126, 'generation': 1024}","{'id': 45416, 'rank': 21, 'fitness': 0.17359434370826526, 'generation': 1024}","{'id': 45435, 'rank': 22, 'fitness': 0.16516639764145435, 'generation': 1024}","{'id': 45417, 'rank': 23, 'fitness': 0.16320908771265508, 'generation': 1024}","{'id': 45409, 'rank': 24, 'fitness': 0.14629815316272454, 'generation': 1024}","{'id': 45398, 'rank': 25, 'fitness': 0.12692255596842805, 'generation': 1024}","{'id': 45414, 'rank': 26, 'fitness': 0.12027540051527669, 'generation': 1024}","{'id': 45397, 'rank': 27, 'fitness': 0.04093044987391853, 'generation': 1024}","{'id': 45412, 'rank': 28, 'fitness': 0.029108217424569705, 'generation': 1024}","{'id': 45393, 'rank': 29, 'fitness': 0.01934626391000166, 'generation': 1024}","{'id': 45423, 'rank': 30, 'fitness': 0.01798620996209155, 'generation': 1024}"
"{'id': 45473, 'rank': 1, 'fitness': 0.9820137900379085, 'generation': 1025}","{'id': 45462, 'rank': 2, 'fitness': 0.7748995110654946, 'generation': 1025}","{'id': 45487, 'rank': 3, 'fitness': 0.7505971428733356, 'generation': 1025}","{'id': 45490, 'rank': 4, 'fitness': 0.6554791130871745, 'generation': 1025}","{'id': 45482, 'rank': 5, 'fitness': 0.6481410143088757, 'generation': 1025}","{'id': 45481, 'rank': 6, 'fitness': 0.6063613483666356, 'generation': 1025}","{'id': 45483, 'rank': 7, 'fitness': 0.5160827468328469, 'generation': 1025}","{'id': 45480, 'rank': 8, 'fitness': 0.3981749873109379, 'generation': 1025}","{'id': 45484, 'rank': 9, 'fitness': 0.353261016139792, 'generation': 1025}","{'id': 45453, 'rank': 10, 'fitness': 0.31832223823143213, 'generation': 1025}","{'id': 45488, 'rank': 11, 'fitness': 0.2156967249333817, 'generation': 1025}","{'id': 45478, 'rank': 12, 'fitness': 0.20114039044523369, 'generation': 1025}","{'id': 45470, 'rank': 13, 'fitness': 0.19643628514643485, 'generation': 1025}","{'id': 45465, 'rank': 14, 'fitness': 0.17740818887643228, 'generation': 1025}","{'id': 45456, 'rank': 15, 'fitness': 0.16159261807299152, 'generation': 1025}","{'id': 45443, 'rank': 16, 'fitness': 0.14366359890144154, 'generation': 1025}","{'id': 45452, 'rank': 17, 'fitness': 0.1313734988922624, 'generation': 1025}","{'id': 45466, 'rank': 18, 'fitness': 0.09446254202347437, 'generation': 1025}","{'id': 45471, 'rank': 19, 'fitness': 0.08041871096475717, 'generation': 1025}","{'id': 45454, 'rank': 20, 'fitness': 0.05416251364797181, 'generation': 1025}","{'id': 45460, 'rank': 21, 'fitness': 0.04697137588869993, 'generation': 1025}","{'id': 45464, 'rank': 22, 'fitness': 0.046300312187910087, 'generation': 1025}","{'id': 45475, 'rank': 23, 'fitness': 0.03521700679768308, 'generation': 1025}","{'id': 45489, 'rank': 24, 'fitness': 0.03135807656107481, 'generation': 1025}","{'id': 45463, 'rank': 25, 'fitness': 0.03081043177728099, 'generation': 1025}","{'id': 45448, 'rank': 26, 'fitness': 0.03028990177088542, 'generation': 1025}","{'id': 45467, 'rank': 27, 'fitness': 0.028429402657402958, 'generation': 1025}","{'id': 45441, 'rank': 28, 'fitness': 0.022570663311259398, 'generation': 1025}","{'id': 45449, 'rank': 29, 'fitness': 0.019281012549860477, 'generation': 1025}","{'id': 45479, 'rank': 30, 'fitness': 0.01798620996209155, 'generation': 1025}"
"{'id': 45517, 'rank': 1, 'fitness': 0.9820137900379085, 'generation': 1026}","{'id': 45508, 'rank': 2, 'fitness': 0.8416893149743769, 'generation': 1026}","{'id': 45519, 'rank': 3, 'fitness': 0.7475352069881329, 'generation': 1026}","{'id': 45522, 'rank': 4, 'fitness': 0.7236170082792346, 'generation': 1026}","{'id': 45510, 'rank': 5, 'fitness': 0.7218833260184453, 'generation': 1026}","{'id': 45523, 'rank': 6, 'fitness': 0.5811985635257734, 'generation': 1026}","{'id': 45511, 'rank': 7, 'fitness': 0.5719944955483132, 'generation': 1026}","{'id': 45526, 'rank': 8, 'fitness': 0.47264139559201696, 'generation': 1026}","{'id': 45509, 'rank': 9, 'fitness': 0.437169052189226, 'generation': 1026}","{'id': 45513, 'rank': 10, 'fitness': 0.42648162179359245, 'generation': 1026}","{'id': 45514, 'rank': 11, 'fitness': 0.41669768986920414, 'generation': 1026}","{'id': 45525, 'rank': 12, 'fitness': 0.2769072042988277, 'generation': 1026}","{'id': 45515, 'rank': 13, 'fitness': 0.19991055566311366, 'generation': 1026}","{'id': 45507, 'rank': 14, 'fitness': 0.1824014559360868, 'generation': 1026}","{'id': 45499, 'rank': 15, 'fitness': 0.16823094165627916, 'generation': 1026}","{'id': 45520, 'rank': 16, 'fitness': 0.16767929015714877, 'generation': 1026}","{'id': 45505, 'rank': 17, 'fitness': 0.14513071923759624, 'generation': 1026}","{'id': 45521, 'rank': 18, 'fitness': 0.12428439738048169, 'generation': 1026}","{'id': 45516, 'rank': 19, 'fitness': 0.10132454716399442, 'generation': 1026}","{'id': 45518, 'rank': 20, 'fitness': 0.09146124504141562, 'generation': 1026}","{'id': 45498, 'rank': 21, 'fitness': 0.08327090081224653, 'generation': 1026}","{'id': 45496, 'rank': 22, 'fitness': 0.07122944792692354, 'generation': 1026}","{'id': 45497, 'rank': 23, 'fitness': 0.04548211357739418, 'generation': 1026}","{'id': 45512, 'rank': 24, 'fitness': 0.045105284121266465, 'generation': 1026}","{'id': 45524, 'rank': 25, 'fitness': 0.044571569446839876, 'generation': 1026}","{'id': 45495, 'rank': 26, 'fitness': 0.040998602033050946, 'generation': 1026}","{'id': 45503, 'rank': 27, 'fitness': 0.03852675582786913, 'generation': 1026}","{'id': 45494, 'rank': 28, 'fitness': 0.032328777024305755, 'generation': 1026}","{'id': 45506, 'rank': 29, 'fitness': 0.03203913807624692, 'generation': 1026}","{'id': 45491, 'rank': 30, 'fitness': 0.01798620996209155, 'generation': 1026}"
"{'id': 45560, 'rank': 1, 'fitness': 0.9820137900379085, 'generation': 1027}","{'id': 45564, 'rank': 2, 'fitness': 0.9322615627440444, 'generation': 1027}","{'id': 45550, 'rank': 3, 'fitness': 0.9275404876713739, 'generation': 1027}","{'id': 45532, 'rank': 4, 'fitness': 0.8717607847529014, 'generation': 1027}","{'id': 45562, 'rank': 5, 'fitness': 0.8501058918261618, 'generation': 1027}","{'id': 45548, 'rank': 6, 'fitness': 0.8158677598259524, 'generation': 1027}","{'id': 45535, 'rank': 7, 'fitness': 0.808166890950254, 'generation': 1027}","{'id': 45552, 'rank': 8, 'fitness': 0.7563961960106065, 'generation': 1027}","{'id': 45566, 'rank': 9, 'fitness': 0.7446046915032777, 'generation': 1027}","{'id': 45534, 'rank': 10, 'fitness': 0.5135814943832521, 'generation': 1027}","{'id': 45561, 'rank': 11, 'fitness': 0.4805997629761508, 'generation': 1027}","{'id': 45546, 'rank': 12, 'fitness': 0.2346064588620907, 'generation': 1027}","{'id': 45553, 'rank': 13, 'fitness': 0.2090035886878333, 'generation': 1027}","{'id': 45556, 'rank': 14, 'fitness': 0.18965055943075593, 'generation': 1027}","{'id': 45527, 'rank': 15, 'fitness': 0.16048281104056833, 'generation': 1027}","{'id': 45557, 'rank': 16, 'fitness': 0.12366791800413268, 'generation': 1027}","{'id': 45555, 'rank': 17, 'fitness': 0.07833074459117229, 'generation': 1027}","{'id': 45563, 'rank': 18, 'fitness': 0.061867506722952825, 'generation': 1027}","{'id': 45544, 'rank': 19, 'fitness': 0.04544153202031809, 'generation': 1027}","{'id': 45551, 'rank': 20, 'fitness': 0.044535555944771044, 'generation': 1027}","{'id': 45545, 'rank': 21, 'fitness': 0.03915861533557108, 'generation': 1027}","{'id': 45540, 'rank': 22, 'fitness': 0.036632797439902, 'generation': 1027}","{'id': 45558, 'rank': 23, 'fitness': 0.03244228260280185, 'generation': 1027}","{'id': 45528, 'rank': 24, 'fitness': 0.03063601956418538, 'generation': 1027}","{'id': 45538, 'rank': 25, 'fitness': 0.027896796316819905, 'generation': 1027}","{'id': 45565, 'rank': 26, 'fitness': 0.0258353213395775, 'generation': 1027}","{'id': 45529, 'rank': 27, 'fitness': 0.023392271829591804, 'generation': 1027}","{'id': 45537, 'rank': 28, 'fitness': 0.02193440863746743, 'generation': 1027}","{'id': 45542, 'rank': 29, 'fitness': 0.018810156707351366, 'generation': 1027}","{'id': 45543, 'rank': 30, 'fitness': 0.01798620996209155, 'generation': 1027}"
"{'id': 45607, 'rank': 1, 'fitness': 0.9820137900379085, 'generation': 1028}","{'id': 45611, 'rank': 2, 'fitness': 0.9085639355112498, 'generation': 1028}","{'id': 45567, 'rank': 3, 'fitness': 0.8603565784144125, 'generation': 1028}","{'id': 45606, 'rank': 4, 'fitness': 0.793812969592365, 'generation': 1028}","{'id': 45609, 'rank': 5, 'fitness': 0.6446108926596406, 'generation': 1028}","{'id': 45580, 'rank': 6, 'fitness': 0.63089330499459, 'generation': 1028}","{'id': 45604, 'rank': 7, 'fitness': 0.5851460593123953, 'generation': 1028}","{'id': 45599, 'rank': 8, 'fitness': 0.5070828477575899, 'generation': 1028}","{'id': 45591, 'rank': 9, 'fitness': 0.3610563510767332, 'generation': 1028}","{'id': 45584, 'rank': 10, 'fitness': 0.34050605511405707, 'generation': 1028}","{'id': 45594, 'rank': 11, 'fitness': 0.18886186160125207, 'generation': 1028}","{'id': 45608, 'rank': 12, 'fitness': 0.16647567327463014, 'generation': 1028}","{'id': 45602, 'rank': 13, 'fitness': 0.1497384741786788, 'generation': 1028}","{'id': 45590, 'rank': 14, 'fitness': 0.12898169574349, 'generation': 1028}","{'id': 45574, 'rank': 15, 'fitness': 0.12476908257194919, 'generation': 1028}","{'id': 45601, 'rank': 16, 'fitness': 0.1199118316293889, 'generation': 1028}","{'id': 45569, 'rank': 17, 'fitness': 0.119906250199459, 'generation': 1028}","{'id': 45595, 'rank': 18, 'fitness': 0.11443789021254225, 'generation': 1028}","{'id': 45612, 'rank': 19, 'fitness': 0.10883511781544447, 'generation': 1028}","{'id': 45582, 'rank': 20, 'fitness': 0.10549071792987874, 'generation': 1028}","{'id': 45587, 'rank': 21, 'fitness': 0.0827489192587475, 'generation': 1028}","{'id': 45605, 'rank': 22, 'fitness': 0.062020859822736474, 'generation': 1028}","{'id': 45570, 'rank': 23, 'fitness': 0.05569915158499539, 'generation': 1028}","{'id': 45588, 'rank': 24, 'fitness': 0.05233047026573806, 'generation': 1028}","{'id': 45598, 'rank': 25, 'fitness': 0.04988784188050782, 'generation': 1028}","{'id': 45579, 'rank': 26, 'fitness': 0.049135287896535595, 'generation': 1028}","{'id': 45575, 'rank': 27, 'fitness': 0.037568144636249856, 'generation': 1028}","{'id': 45571, 'rank': 28, 'fitness': 0.029104174168589292, 'generation': 1028}","{'id': 45596, 'rank': 29, 'fitness': 0.019940847019049912, 'generation': 1028}","{'id': 45592, 'rank': 30, 'fitness': 0.01798620996209155, 'generation': 1028}"
"{'id': 45642, 'rank': 1, 'fitness': 0.9820137900379085, 'generation': 1029}","{'id': 45641, 'rank': 2, 'fitness': 0.9799229641166922, 'generation': 1029}","{'id': 45631, 'rank': 3, 'fitness': 0.9564409107369571, 'generation': 1029}","{'id': 45651, 'rank': 4, 'fitness': 0.9546547822870213, 'generation': 1029}","{'id': 45649, 'rank': 5, 'fitness': 0.9281869914774812, 'generation': 1029}","{'id': 45628, 'rank': 6, 'fitness': 0.9168357115897492, 'generation': 1029}","{'id': 45644, 'rank': 7, 'fitness': 0.8509564305205316, 'generation': 1029}","{'id': 45629, 'rank': 8, 'fitness': 0.8366795680811776, 'generation': 1029}","{'id': 45633, 'rank': 9, 'fitness': 0.8224224268548463, 'generation': 1029}","{'id': 45637, 'rank': 10, 'fitness': 0.7785518187128683, 'generation': 1029}","{'id': 45621, 'rank': 11, 'fitness': 0.6447360300470365, 'generation': 1029}","{'id': 45643, 'rank': 12, 'fitness': 0.6320278787880105, 'generation': 1029}","{'id': 45645, 'rank': 13, 'fitness': 0.407565513801053, 'generation': 1029}","{'id': 45646, 'rank': 14, 'fitness': 0.3669815351572401, 'generation': 1029}","{'id': 45634, 'rank': 15, 'fitness': 0.33423798496490104, 'generation': 1029}","{'id': 45630, 'rank': 16, 'fitness': 0.2816721810485673, 'generation': 1029}","{'id': 45650, 'rank': 17, 'fitness': 0.2648054838660884, 'generation': 1029}","{'id': 45619, 'rank': 18, 'fitness': 0.23472867878874293, 'generation': 1029}","{'id': 45640, 'rank': 19, 'fitness': 0.2271399084619632, 'generation': 1029}","{'id': 45639, 'rank': 20, 'fitness': 0.18441326564484767, 'generation': 1029}","{'id': 45636, 'rank': 21, 'fitness': 0.157195774310796, 'generation': 1029}","{'id': 45615, 'rank': 22, 'fitness': 0.146181789594789, 'generation': 1029}","{'id': 45638, 'rank': 23, 'fitness': 0.08578908772399463, 'generation': 1029}","{'id': 45616, 'rank': 24, 'fitness': 0.0590789267663967, 'generation': 1029}","{'id': 45617, 'rank': 25, 'fitness': 0.058248979191239114, 'generation': 1029}","{'id': 45635, 'rank': 26, 'fitness': 0.04963895200691265, 'generation': 1029}","{'id': 45620, 'rank': 27, 'fitness': 0.0463517443334977, 'generation': 1029}","{'id': 45648, 'rank': 28, 'fitness': 0.042131946538898346, 'generation': 1029}","{'id': 45623, 'rank': 29, 'fitness': 0.02592361025876555, 'generation': 1029}","{'id': 45632, 'rank': 30, 'fitness': 0.01798620996209155, 'generation': 1029}"
"{'id': 45700, 'rank': 1, 'fitness': 0.9820137900379085, 'generation': 1030}","{'id': 45680, 'rank': 2, 'fitness': 0.96878002312579, 'generation': 1030}","{'id': 45692, 'rank': 3, 'fitness': 0.8541759939162357, 'generation': 1030}","{'id': 45693, 'rank': 4, 'fitness': 0.7794866786630065, 'generation': 1030}","{'id': 45661, 'rank': 5, 'fitness': 0.7756975768908754, 'generation': 1030}","{'id': 45694, 'rank': 6, 'fitness': 0.7756915297625191, 'generation': 1030}","{'id': 45701, 'rank': 7, 'fitness': 0.7610285405274717, 'generation': 1030}","{'id': 45660, 'rank': 8, 'fitness': 0.6414892381703126, 'generation': 1030}","{'id': 45690, 'rank': 9, 'fitness': 0.5910639322788678, 'generation': 1030}","{'id': 45687, 'rank': 10, 'fitness': 0.5620679380793996, 'generation': 1030}","{'id': 45698, 'rank': 11, 'fitness': 0.5191005234126082, 'generation': 1030}","{'id': 45703, 'rank': 12, 'fitness': 0.5150662146170628, 'generation': 1030}","{'id': 45681, 'rank': 13, 'fitness': 0.5021941432590953, 'generation': 1030}","{'id': 45699, 'rank': 14, 'fitness': 0.466595565039259, 'generation': 1030}","{'id': 45688, 'rank': 15, 'fitness': 0.43500967955065983, 'generation': 1030}","{'id': 45677, 'rank': 16, 'fitness': 0.3690402114067395, 'generation': 1030}","{'id': 45664, 'rank': 17, 'fitness': 0.3109009440158, 'generation': 1030}","{'id': 45695, 'rank': 18, 'fitness': 0.28885798983399125, 'generation': 1030}","{'id': 45684, 'rank': 19, 'fitness': 0.1984493602038605, 'generation': 1030}","{'id': 45691, 'rank': 20, 'fitness': 0.12234076767748725, 'generation': 1030}","{'id': 45689, 'rank': 21, 'fitness': 0.11478521619587767, 'generation': 1030}","{'id': 45666, 'rank': 22, 'fitness': 0.09771645178163041, 'generation': 1030}","{'id': 45662, 'rank': 23, 'fitness': 0.07472179671901913, 'generation': 1030}","{'id': 45696, 'rank': 24, 'fitness': 0.06261510045230456, 'generation': 1030}","{'id': 45671, 'rank': 25, 'fitness': 0.057671727067102385, 'generation': 1030}","{'id': 45669, 'rank': 26, 'fitness': 0.05710567660550059, 'generation': 1030}","{'id': 45685, 'rank': 27, 'fitness': 0.026304494198028994, 'generation': 1030}","{'id': 45676, 'rank': 28, 'fitness': 0.02279784502748955, 'generation': 1030}","{'id': 45653, 'rank': 29, 'fitness': 0.01810822370262344, 'generation': 1030}","{'id': 45659, 'rank': 30, 'fitness': 0.01798620996209155, 'generation': 1030}"
"{'id': 45748, 'rank': 1, 'fitness': 0.9820137900379085, 'generation': 1031}","{'id': 45751, 'rank': 2, 'fitness': 0.8571039755753049, 'generation': 1031}","{'id': 45714, 'rank': 3, 'fitness': 0.7869779526692415, 'generation': 1031}","{'id': 45720, 'rank': 4, 'fitness': 0.7188888504746356, 'generation': 1031}","{'id': 45752, 'rank': 5, 'fitness': 0.6969573102290151, 'generation': 1031}","{'id': 45741, 'rank': 6, 'fitness': 0.21236858274258152, 'generation': 1031}","{'id': 45745, 'rank': 7, 'fitness': 0.20741351377597406, 'generation': 1031}","{'id': 45736, 'rank': 8, 'fitness': 0.20559151997921293, 'generation': 1031}","{'id': 45746, 'rank': 9, 'fitness': 0.2050695595021365, 'generation': 1031}","{'id': 45733, 'rank': 10, 'fitness': 0.20059840398895712, 'generation': 1031}","{'id': 45704, 'rank': 11, 'fitness': 0.1663181539185104, 'generation': 1031}","{'id': 45723, 'rank': 12, 'fitness': 0.14200311425569156, 'generation': 1031}","{'id': 45705, 'rank': 13, 'fitness': 0.14019053508985135, 'generation': 1031}","{'id': 45712, 'rank': 14, 'fitness': 0.13680944653739513, 'generation': 1031}","{'id': 45711, 'rank': 15, 'fitness': 0.12105786007449337, 'generation': 1031}","{'id': 45742, 'rank': 16, 'fitness': 0.10759430560730793, 'generation': 1031}","{'id': 45747, 'rank': 17, 'fitness': 0.10063434752891531, 'generation': 1031}","{'id': 45727, 'rank': 18, 'fitness': 0.08553769802839789, 'generation': 1031}","{'id': 45734, 'rank': 19, 'fitness': 0.07330091494492497, 'generation': 1031}","{'id': 45743, 'rank': 20, 'fitness': 0.05586254186268069, 'generation': 1031}","{'id': 45706, 'rank': 21, 'fitness': 0.05272494114314796, 'generation': 1031}","{'id': 45708, 'rank': 22, 'fitness': 0.04862362045024099, 'generation': 1031}","{'id': 45744, 'rank': 23, 'fitness': 0.037721034437581014, 'generation': 1031}","{'id': 45709, 'rank': 24, 'fitness': 0.03372905966125794, 'generation': 1031}","{'id': 45722, 'rank': 25, 'fitness': 0.02978195261213512, 'generation': 1031}","{'id': 45731, 'rank': 26, 'fitness': 0.029714922463360938, 'generation': 1031}","{'id': 45718, 'rank': 27, 'fitness': 0.023306301876669655, 'generation': 1031}","{'id': 45721, 'rank': 28, 'fitness': 0.022730836183881886, 'generation': 1031}","{'id': 45738, 'rank': 29, 'fitness': 0.01893107935411037, 'generation': 1031}","{'id': 45750, 'rank': 30, 'fitness': 0.01798620996209155, 'generation': 1031}"
"{'id': 45771, 'rank': 1, 'fitness': 0.9820137900379085, 'generation': 1032}","{'id': 45786, 'rank': 2, 'fitness': 0.8044114866019937, 'generation': 1032}","{'id': 45775, 'rank': 3, 'fitness': 0.7994848328260665, 'generation': 1032}","{'id': 45779, 'rank': 4, 'fitness': 0.7492386802960491, 'generation': 1032}","{'id': 45784, 'rank': 5, 'fitness': 0.7290081784239097, 'generation': 1032}","{'id': 45778, 'rank': 6, 'fitness': 0.5517645567540114, 'generation': 1032}","{'id': 45772, 'rank': 7, 'fitness': 0.4196321873343896, 'generation': 1032}","{'id': 45759, 'rank': 8, 'fitness': 0.3777685519319418, 'generation': 1032}","{'id': 45756, 'rank': 9, 'fitness': 0.3628640843207178, 'generation': 1032}","{'id': 45788, 'rank': 10, 'fitness': 0.27735123302912507, 'generation': 1032}","{'id': 45780, 'rank': 11, 'fitness': 0.23392756304679585, 'generation': 1032}","{'id': 45781, 'rank': 12, 'fitness': 0.20906519305708654, 'generation': 1032}","{'id': 45762, 'rank': 13, 'fitness': 0.1476439833871701, 'generation': 1032}","{'id': 45767, 'rank': 14, 'fitness': 0.14040739578857858, 'generation': 1032}","{'id': 45789, 'rank': 15, 'fitness': 0.13656965388888043, 'generation': 1032}","{'id': 45776, 'rank': 16, 'fitness': 0.13121601241208725, 'generation': 1032}","{'id': 45760, 'rank': 17, 'fitness': 0.12480943862368588, 'generation': 1032}","{'id': 45773, 'rank': 18, 'fitness': 0.09986942916523545, 'generation': 1032}","{'id': 45764, 'rank': 19, 'fitness': 0.09642923128990677, 'generation': 1032}","{'id': 45790, 'rank': 20, 'fitness': 0.07414110837873933, 'generation': 1032}","{'id': 45774, 'rank': 21, 'fitness': 0.061004988125064996, 'generation': 1032}","{'id': 45758, 'rank': 22, 'fitness': 0.056122024791561975, 'generation': 1032}","{'id': 45753, 'rank': 23, 'fitness': 0.04688371987239803, 'generation': 1032}","{'id': 45757, 'rank': 24, 'fitness': 0.0449713475007833, 'generation': 1032}","{'id': 45766, 'rank': 25, 'fitness': 0.037746040582648965, 'generation': 1032}","{'id': 45770, 'rank': 26, 'fitness': 0.029209338851910294, 'generation': 1032}","{'id': 45765, 'rank': 27, 'fitness': 0.028791821118696936, 'generation': 1032}","{'id': 45785, 'rank': 28, 'fitness': 0.025057637669003374, 'generation': 1032}","{'id': 45777, 'rank': 29, 'fitness': 0.02289464287341436, 'generation': 1032}","{'id': 45791, 'rank': 30, 'fitness': 0.01798620996209155, 'generation': 1032}"
"{'id': 45807, 'rank': 1, 'fitness': 0.9820137900379085, 'generation': 1033}","{'id': 45819, 'rank': 2, 'fitness': 0.769912371977329, 'generation': 1033}","{'id': 45811, 'rank': 3, 'fitness': 0.7628315941467396, 'generation': 1033}","{'id': 45830, 'rank': 4, 'fitness': 0.729418757050311, 'generation': 1033}","{'id': 45800, 'rank': 5, 'fitness': 0.7281853407841051, 'generation': 1033}","{'id': 45814, 'rank': 6, 'fitness': 0.4913954394885006, 'generation': 1033}","{'id': 45823, 'rank': 7, 'fitness': 0.3810772064041814, 'generation': 1033}","{'id': 45820, 'rank': 8, 'fitness': 0.35536297160766966, 'generation': 1033}","{'id': 45817, 'rank': 9, 'fitness': 0.33008772880747705, 'generation': 1033}","{'id': 45816, 'rank': 10, 'fitness': 0.3123419668999423, 'generation': 1033}","{'id': 45827, 'rank': 11, 'fitness': 0.26161522642529894, 'generation': 1033}","{'id': 45806, 'rank': 12, 'fitness': 0.2447729044738663, 'generation': 1033}","{'id': 45813, 'rank': 13, 'fitness': 0.17227427008384127, 'generation': 1033}","{'id': 45802, 'rank': 14, 'fitness': 0.1679308318341297, 'generation': 1033}","{'id': 45821, 'rank': 15, 'fitness': 0.1459017634550131, 'generation': 1033}","{'id': 45798, 'rank': 16, 'fitness': 0.07976149847114761, 'generation': 1033}","{'id': 45804, 'rank': 17, 'fitness': 0.07671949496098684, 'generation': 1033}","{'id': 45809, 'rank': 18, 'fitness': 0.07629239253173692, 'generation': 1033}","{'id': 45815, 'rank': 19, 'fitness': 0.06763560883196573, 'generation': 1033}","{'id': 45812, 'rank': 20, 'fitness': 0.06378509801529797, 'generation': 1033}","{'id': 45810, 'rank': 21, 'fitness': 0.06272080977918837, 'generation': 1033}","{'id': 45828, 'rank': 22, 'fitness': 0.06177626955100285, 'generation': 1033}","{'id': 45829, 'rank': 23, 'fitness': 0.05870794011172603, 'generation': 1033}","{'id': 45825, 'rank': 24, 'fitness': 0.054045823505102286, 'generation': 1033}","{'id': 45805, 'rank': 25, 'fitness': 0.03561119908745852, 'generation': 1033}","{'id': 45826, 'rank': 26, 'fitness': 0.03253600122453981, 'generation': 1033}","{'id': 45831, 'rank': 27, 'fitness': 0.030028496759213263, 'generation': 1033}","{'id': 45792, 'rank': 28, 'fitness': 0.029762840917031463, 'generation': 1033}","{'id': 45822, 'rank': 29, 'fitness': 0.029072488528354312, 'generation': 1033}","{'id': 45808, 'rank': 30, 'fitness': 0.01798620996209155, 'generation': 1033}"
"{'id': 45857, 'rank': 1, 'fitness': 0.9820137900379085, 'generation': 1034}","{'id': 45855, 'rank': 2, 'fitness': 0.9736921008958659, 'generation': 1034}","{'id': 45849, 'rank': 3, 'fitness': 0.9691357668673481, 'generation': 1034}","{'id': 45859, 'rank': 4, 'fitness': 0.9553509692040683, 'generation': 1034}","{'id': 45853, 'rank': 5, 'fitness': 0.9429131671425338, 'generation': 1034}","{'id': 45847, 'rank': 6, 'fitness': 0.8383413523076155, 'generation': 1034}","{'id': 45864, 'rank': 7, 'fitness': 0.8037041018710072, 'generation': 1034}","{'id': 45861, 'rank': 8, 'fitness': 0.8006137668855611, 'generation': 1034}","{'id': 45862, 'rank': 9, 'fitness': 0.7878373805054628, 'generation': 1034}","{'id': 45852, 'rank': 10, 'fitness': 0.5125781107079211, 'generation': 1034}","{'id': 45866, 'rank': 11, 'fitness': 0.4995894958735466, 'generation': 1034}","{'id': 45840, 'rank': 12, 'fitness': 0.44563544805195154, 'generation': 1034}","{'id': 45856, 'rank': 13, 'fitness': 0.3507036050939524, 'generation': 1034}","{'id': 45845, 'rank': 14, 'fitness': 0.2830325808569871, 'generation': 1034}","{'id': 45860, 'rank': 15, 'fitness': 0.20052900509706095, 'generation': 1034}","{'id': 45868, 'rank': 16, 'fitness': 0.19555404018148448, 'generation': 1034}","{'id': 45871, 'rank': 17, 'fitness': 0.16170180806349022, 'generation': 1034}","{'id': 45844, 'rank': 18, 'fitness': 0.13359581274606552, 'generation': 1034}","{'id': 45843, 'rank': 19, 'fitness': 0.10684191602184451, 'generation': 1034}","{'id': 45834, 'rank': 20, 'fitness': 0.08403265820691097, 'generation': 1034}","{'id': 45851, 'rank': 21, 'fitness': 0.06500437798364905, 'generation': 1034}","{'id': 45865, 'rank': 22, 'fitness': 0.0578088179190589, 'generation': 1034}","{'id': 45850, 'rank': 23, 'fitness': 0.05512225409333926, 'generation': 1034}","{'id': 45833, 'rank': 24, 'fitness': 0.05062759777458048, 'generation': 1034}","{'id': 45854, 'rank': 25, 'fitness': 0.04506544774573673, 'generation': 1034}","{'id': 45848, 'rank': 26, 'fitness': 0.04052111816302978, 'generation': 1034}","{'id': 45841, 'rank': 27, 'fitness': 0.034151661179114834, 'generation': 1034}","{'id': 45858, 'rank': 28, 'fitness': 0.02836902500454236, 'generation': 1034}","{'id': 45838, 'rank': 29, 'fitness': 0.026878442617129183, 'generation': 1034}","{'id': 45869, 'rank': 30, 'fitness': 0.01798620996209155, 'generation': 1034}"
"{'id': 45904, 'rank': 1, 'fitness': 0.9820137900379085, 'generation': 1035}","{'id': 45914, 'rank': 2, 'fitness': 0.8877140482885384, 'generation': 1035}","{'id': 45901, 'rank': 3, 'fitness': 0.8360003478414759, 'generation': 1035}","{'id': 45913, 'rank': 4, 'fitness': 0.7489782498345159, 'generation': 1035}","{'id': 45875, 'rank': 5, 'fitness': 0.5820882511924651, 'generation': 1035}","{'id': 45892, 'rank': 6, 'fitness': 0.4544121460710795, 'generation': 1035}","{'id': 45898, 'rank': 7, 'fitness': 0.35551926596973005, 'generation': 1035}","{'id': 45918, 'rank': 8, 'fitness': 0.24117099871300596, 'generation': 1035}","{'id': 45887, 'rank': 9, 'fitness': 0.21818988168440645, 'generation': 1035}","{'id': 45919, 'rank': 10, 'fitness': 0.18865922377566474, 'generation': 1035}","{'id': 45896, 'rank': 11, 'fitness': 0.18151926988698697, 'generation': 1035}","{'id': 45909, 'rank': 12, 'fitness': 0.15947296573572534, 'generation': 1035}","{'id': 45908, 'rank': 13, 'fitness': 0.15050537007135972, 'generation': 1035}","{'id': 45872, 'rank': 14, 'fitness': 0.06416402900495738, 'generation': 1035}","{'id': 45880, 'rank': 15, 'fitness': 0.06391784323900207, 'generation': 1035}","{'id': 45881, 'rank': 16, 'fitness': 0.05864475206147185, 'generation': 1035}","{'id': 45917, 'rank': 17, 'fitness': 0.05562698418753792, 'generation': 1035}","{'id': 45900, 'rank': 18, 'fitness': 0.04747410726851925, 'generation': 1035}","{'id': 45905, 'rank': 19, 'fitness': 0.046744334150361944, 'generation': 1035}","{'id': 45876, 'rank': 20, 'fitness': 0.04492357015751902, 'generation': 1035}","{'id': 45915, 'rank': 21, 'fitness': 0.044083495139046525, 'generation': 1035}","{'id': 45906, 'rank': 22, 'fitness': 0.04270253585578687, 'generation': 1035}","{'id': 45920, 'rank': 23, 'fitness': 0.03669174141082687, 'generation': 1035}","{'id': 45903, 'rank': 24, 'fitness': 0.03571552194815564, 'generation': 1035}","{'id': 45889, 'rank': 25, 'fitness': 0.0350597803235812, 'generation': 1035}","{'id': 45897, 'rank': 26, 'fitness': 0.02815365044966689, 'generation': 1035}","{'id': 45912, 'rank': 27, 'fitness': 0.025427121122068908, 'generation': 1035}","{'id': 45873, 'rank': 28, 'fitness': 0.02495713772957503, 'generation': 1035}","{'id': 45907, 'rank': 29, 'fitness': 0.020910055129005567, 'generation': 1035}","{'id': 45895, 'rank': 30, 'fitness': 0.01798620996209155, 'generation': 1035}"
"{'id': 45960, 'rank': 1, 'fitness': 0.9820137900379085, 'generation': 1036}","{'id': 45947, 'rank': 2, 'fitness': 0.8896199690951574, 'generation': 1036}","{'id': 45959, 'rank': 3, 'fitness': 0.8576361942229216, 'generation': 1036}","{'id': 45952, 'rank': 4, 'fitness': 0.8413162904037189, 'generation': 1036}","{'id': 45938, 'rank': 5, 'fitness': 0.8013028422513788, 'generation': 1036}","{'id': 45948, 'rank': 6, 'fitness': 0.7266040650867379, 'generation': 1036}","{'id': 45953, 'rank': 7, 'fitness': 0.7060321857323419, 'generation': 1036}","{'id': 45935, 'rank': 8, 'fitness': 0.67287669740728, 'generation': 1036}","{'id': 45939, 'rank': 9, 'fitness': 0.6411557202571025, 'generation': 1036}","{'id': 45937, 'rank': 10, 'fitness': 0.6368709860826959, 'generation': 1036}","{'id': 45942, 'rank': 11, 'fitness': 0.6029056806351873, 'generation': 1036}","{'id': 45945, 'rank': 12, 'fitness': 0.41769541425825885, 'generation': 1036}","{'id': 45949, 'rank': 13, 'fitness': 0.4109749428630364, 'generation': 1036}","{'id': 45955, 'rank': 14, 'fitness': 0.3804424732341682, 'generation': 1036}","{'id': 45943, 'rank': 15, 'fitness': 0.30070504500418527, 'generation': 1036}","{'id': 45946, 'rank': 16, 'fitness': 0.2139463260489599, 'generation': 1036}","{'id': 45926, 'rank': 17, 'fitness': 0.20125318703597783, 'generation': 1036}","{'id': 45944, 'rank': 18, 'fitness': 0.16469417096547145, 'generation': 1036}","{'id': 45951, 'rank': 19, 'fitness': 0.1491482246601047, 'generation': 1036}","{'id': 45931, 'rank': 20, 'fitness': 0.14353453325231608, 'generation': 1036}","{'id': 45940, 'rank': 21, 'fitness': 0.13708576795871025, 'generation': 1036}","{'id': 45936, 'rank': 22, 'fitness': 0.1138525580043252, 'generation': 1036}","{'id': 45957, 'rank': 23, 'fitness': 0.10679232605906519, 'generation': 1036}","{'id': 45923, 'rank': 24, 'fitness': 0.09194040228855099, 'generation': 1036}","{'id': 45941, 'rank': 25, 'fitness': 0.0788711148103039, 'generation': 1036}","{'id': 45933, 'rank': 26, 'fitness': 0.07848376352782249, 'generation': 1036}","{'id': 45958, 'rank': 27, 'fitness': 0.06474531103865422, 'generation': 1036}","{'id': 45929, 'rank': 28, 'fitness': 0.057804513871359875, 'generation': 1036}","{'id': 45954, 'rank': 29, 'fitness': 0.023215225515534788, 'generation': 1036}","{'id': 45927, 'rank': 30, 'fitness': 0.01798620996209155, 'generation': 1036}"
"{'id': 46003, 'rank': 1, 'fitness': 0.9820137900379085, 'generation': 1037}","{'id': 46006, 'rank': 2, 'fitness': 0.9791461983372101, 'generation': 1037}","{'id': 45997, 'rank': 3, 'fitness': 0.9743118464287159, 'generation': 1037}","{'id': 46001, 'rank': 4, 'fitness': 0.8933987639954528, 'generation': 1037}","{'id': 45987, 'rank': 5, 'fitness': 0.7352697346991911, 'generation': 1037}","{'id': 45972, 'rank': 6, 'fitness': 0.6121682038605136, 'generation': 1037}","{'id': 46010, 'rank': 7, 'fitness': 0.5676530184993934, 'generation': 1037}","{'id': 45976, 'rank': 8, 'fitness': 0.4396082798983917, 'generation': 1037}","{'id': 45971, 'rank': 9, 'fitness': 0.4120728708562804, 'generation': 1037}","{'id': 45979, 'rank': 10, 'fitness': 0.3695725236456927, 'generation': 1037}","{'id': 45964, 'rank': 11, 'fitness': 0.3404791215929212, 'generation': 1037}","{'id': 45999, 'rank': 12, 'fitness': 0.31764008885301215, 'generation': 1037}","{'id': 46002, 'rank': 13, 'fitness': 0.2829720148550421, 'generation': 1037}","{'id': 45973, 'rank': 14, 'fitness': 0.2695749165882529, 'generation': 1037}","{'id': 46004, 'rank': 15, 'fitness': 0.22259700589476228, 'generation': 1037}","{'id': 45991, 'rank': 16, 'fitness': 0.20264310422101306, 'generation': 1037}","{'id': 46007, 'rank': 17, 'fitness': 0.10884077744750165, 'generation': 1037}","{'id': 45998, 'rank': 18, 'fitness': 0.10437515469357761, 'generation': 1037}","{'id': 45968, 'rank': 19, 'fitness': 0.08751691783002358, 'generation': 1037}","{'id': 45974, 'rank': 20, 'fitness': 0.0808987921001077, 'generation': 1037}","{'id': 45962, 'rank': 21, 'fitness': 0.07821495304592152, 'generation': 1037}","{'id': 45966, 'rank': 22, 'fitness': 0.07439863796367951, 'generation': 1037}","{'id': 46009, 'rank': 23, 'fitness': 0.0604238610097117, 'generation': 1037}","{'id': 45990, 'rank': 24, 'fitness': 0.04755902246180521, 'generation': 1037}","{'id': 45977, 'rank': 25, 'fitness': 0.04403039199702713, 'generation': 1037}","{'id': 46000, 'rank': 26, 'fitness': 0.04183057338046553, 'generation': 1037}","{'id': 45981, 'rank': 27, 'fitness': 0.032115298849602236, 'generation': 1037}","{'id': 46008, 'rank': 28, 'fitness': 0.03200607614628631, 'generation': 1037}","{'id': 45993, 'rank': 29, 'fitness': 0.02067939346923242, 'generation': 1037}","{'id': 45988, 'rank': 30, 'fitness': 0.01798620996209155, 'generation': 1037}"
"{'id': 46052, 'rank': 1, 'fitness': 0.9820137900379085, 'generation': 1038}","{'id': 46051, 'rank': 2, 'fitness': 0.9739273410111324, 'generation': 1038}","{'id': 46037, 'rank': 3, 'fitness': 0.9376958705444294, 'generation': 1038}","{'id': 46033, 'rank': 4, 'fitness': 0.8737794676939827, 'generation': 1038}","{'id': 46039, 'rank': 5, 'fitness': 0.7441616851948993, 'generation': 1038}","{'id': 46048, 'rank': 6, 'fitness': 0.7019891643810039, 'generation': 1038}","{'id': 46018, 'rank': 7, 'fitness': 0.6554614265806192, 'generation': 1038}","{'id': 46029, 'rank': 8, 'fitness': 0.6199416837592245, 'generation': 1038}","{'id': 46044, 'rank': 9, 'fitness': 0.5505182657361917, 'generation': 1038}","{'id': 46041, 'rank': 10, 'fitness': 0.5422145872240547, 'generation': 1038}","{'id': 46043, 'rank': 11, 'fitness': 0.4794608627391969, 'generation': 1038}","{'id': 46031, 'rank': 12, 'fitness': 0.43542896515137297, 'generation': 1038}","{'id': 46030, 'rank': 13, 'fitness': 0.41648615063523076, 'generation': 1038}","{'id': 46046, 'rank': 14, 'fitness': 0.35350960399662223, 'generation': 1038}","{'id': 46045, 'rank': 15, 'fitness': 0.31663113148191663, 'generation': 1038}","{'id': 46042, 'rank': 16, 'fitness': 0.23194545106229292, 'generation': 1038}","{'id': 46013, 'rank': 17, 'fitness': 0.2132007306497825, 'generation': 1038}","{'id': 46024, 'rank': 18, 'fitness': 0.1888463506848253, 'generation': 1038}","{'id': 46012, 'rank': 19, 'fitness': 0.13936903171651183, 'generation': 1038}","{'id': 46036, 'rank': 20, 'fitness': 0.12039367441773824, 'generation': 1038}","{'id': 46038, 'rank': 21, 'fitness': 0.10161165506051262, 'generation': 1038}","{'id': 46050, 'rank': 22, 'fitness': 0.09413693158610925, 'generation': 1038}","{'id': 46016, 'rank': 23, 'fitness': 0.07272328913203219, 'generation': 1038}","{'id': 46020, 'rank': 24, 'fitness': 0.060787949606670444, 'generation': 1038}","{'id': 46011, 'rank': 25, 'fitness': 0.04916273414345573, 'generation': 1038}","{'id': 46027, 'rank': 26, 'fitness': 0.045608655507746676, 'generation': 1038}","{'id': 46014, 'rank': 27, 'fitness': 0.040817908528861524, 'generation': 1038}","{'id': 46047, 'rank': 28, 'fitness': 0.025249704644550564, 'generation': 1038}","{'id': 46022, 'rank': 29, 'fitness': 0.019753656639175332, 'generation': 1038}","{'id': 46032, 'rank': 30, 'fitness': 0.01798620996209155, 'generation': 1038}"
"{'id': 46094, 'rank': 1, 'fitness': 0.9820137900379085, 'generation': 1039}","{'id': 46083, 'rank': 2, 'fitness': 0.8741495886018573, 'generation': 1039}","{'id': 46088, 'rank': 3, 'fitness': 0.8617304429232573, 'generation': 1039}","{'id': 46080, 'rank': 4, 'fitness': 0.7591394946837089, 'generation': 1039}","{'id': 46072, 'rank': 5, 'fitness': 0.7327308395968605, 'generation': 1039}","{'id': 46073, 'rank': 6, 'fitness': 0.6959985881042822, 'generation': 1039}","{'id': 46087, 'rank': 7, 'fitness': 0.5747283682256689, 'generation': 1039}","{'id': 46092, 'rank': 8, 'fitness': 0.4980199941051905, 'generation': 1039}","{'id': 46093, 'rank': 9, 'fitness': 0.3221854536932916, 'generation': 1039}","{'id': 46091, 'rank': 10, 'fitness': 0.31739652799382645, 'generation': 1039}","{'id': 46063, 'rank': 11, 'fitness': 0.2384430597905554, 'generation': 1039}","{'id': 46085, 'rank': 12, 'fitness': 0.223103581810571, 'generation': 1039}","{'id': 46059, 'rank': 13, 'fitness': 0.19877674337184598, 'generation': 1039}","{'id': 46066, 'rank': 14, 'fitness': 0.16059886248702981, 'generation': 1039}","{'id': 46079, 'rank': 15, 'fitness': 0.1596997822743994, 'generation': 1039}","{'id': 46086, 'rank': 16, 'fitness': 0.1591806821043386, 'generation': 1039}","{'id': 46076, 'rank': 17, 'fitness': 0.09953081023004329, 'generation': 1039}","{'id': 46064, 'rank': 18, 'fitness': 0.09777439557324724, 'generation': 1039}","{'id': 46070, 'rank': 19, 'fitness': 0.0947429700941308, 'generation': 1039}","{'id': 46071, 'rank': 20, 'fitness': 0.0927371344876402, 'generation': 1039}","{'id': 46054, 'rank': 21, 'fitness': 0.08325445088598127, 'generation': 1039}","{'id': 46058, 'rank': 22, 'fitness': 0.0523105838662567, 'generation': 1039}","{'id': 46082, 'rank': 23, 'fitness': 0.04844807625812603, 'generation': 1039}","{'id': 46053, 'rank': 24, 'fitness': 0.03584545463581418, 'generation': 1039}","{'id': 46055, 'rank': 25, 'fitness': 0.03497418051059137, 'generation': 1039}","{'id': 46084, 'rank': 26, 'fitness': 0.03267607398100797, 'generation': 1039}","{'id': 46075, 'rank': 27, 'fitness': 0.023710691255693417, 'generation': 1039}","{'id': 46081, 'rank': 28, 'fitness': 0.02279547760108297, 'generation': 1039}","{'id': 46090, 'rank': 29, 'fitness': 0.019432657789110186, 'generation': 1039}","{'id': 46089, 'rank': 30, 'fitness': 0.01798620996209155, 'generation': 1039}"
"{'id': 46136, 'rank': 1, 'fitness': 0.9820137900379085, 'generation': 1040}","{'id': 46138, 'rank': 2, 'fitness': 0.9509580897082743, 'generation': 1040}","{'id': 46127, 'rank': 3, 'fitness': 0.7722183532988798, 'generation': 1040}","{'id': 46130, 'rank': 4, 'fitness': 0.750701383787367, 'generation': 1040}","{'id': 46132, 'rank': 5, 'fitness': 0.6506609264909884, 'generation': 1040}","{'id': 46122, 'rank': 6, 'fitness': 0.6339500946389269, 'generation': 1040}","{'id': 46135, 'rank': 7, 'fitness': 0.6299344645838243, 'generation': 1040}","{'id': 46129, 'rank': 8, 'fitness': 0.6238735689521365, 'generation': 1040}","{'id': 46118, 'rank': 9, 'fitness': 0.5752475563805558, 'generation': 1040}","{'id': 46100, 'rank': 10, 'fitness': 0.5303037238097061, 'generation': 1040}","{'id': 46131, 'rank': 11, 'fitness': 0.5266194932509313, 'generation': 1040}","{'id': 46134, 'rank': 12, 'fitness': 0.4731834236340351, 'generation': 1040}","{'id': 46133, 'rank': 13, 'fitness': 0.4589280186148405, 'generation': 1040}","{'id': 46119, 'rank': 14, 'fitness': 0.4254423532670674, 'generation': 1040}","{'id': 46125, 'rank': 15, 'fitness': 0.2610822517219125, 'generation': 1040}","{'id': 46126, 'rank': 16, 'fitness': 0.2535942859009409, 'generation': 1040}","{'id': 46117, 'rank': 17, 'fitness': 0.14421975836140932, 'generation': 1040}","{'id': 46105, 'rank': 18, 'fitness': 0.13857375731309196, 'generation': 1040}","{'id': 46116, 'rank': 19, 'fitness': 0.0795699781384695, 'generation': 1040}","{'id': 46095, 'rank': 20, 'fitness': 0.07885955276695827, 'generation': 1040}","{'id': 46098, 'rank': 21, 'fitness': 0.054763686890386964, 'generation': 1040}","{'id': 46114, 'rank': 22, 'fitness': 0.05450060965395115, 'generation': 1040}","{'id': 46107, 'rank': 23, 'fitness': 0.04467635650052931, 'generation': 1040}","{'id': 46128, 'rank': 24, 'fitness': 0.044288878517676156, 'generation': 1040}","{'id': 46096, 'rank': 25, 'fitness': 0.04421615914557564, 'generation': 1040}","{'id': 46109, 'rank': 26, 'fitness': 0.04252980717940591, 'generation': 1040}","{'id': 46139, 'rank': 27, 'fitness': 0.039645375862945365, 'generation': 1040}","{'id': 46106, 'rank': 28, 'fitness': 0.030812042191631972, 'generation': 1040}","{'id': 46121, 'rank': 29, 'fitness': 0.02998743975703544, 'generation': 1040}","{'id': 46112, 'rank': 30, 'fitness': 0.01798620996209155, 'generation': 1040}"
"{'id': 46153, 'rank': 1, 'fitness': 0.9820137900379085, 'generation': 1041}","{'id': 46170, 'rank': 2, 'fitness': 0.8367209982239011, 'generation': 1041}","{'id': 46186, 'rank': 3, 'fitness': 0.8228457387765962, 'generation': 1041}","{'id': 46178, 'rank': 4, 'fitness': 0.7766866115317028, 'generation': 1041}","{'id': 46162, 'rank': 5, 'fitness': 0.3486447813027142, 'generation': 1041}","{'id': 46182, 'rank': 6, 'fitness': 0.297421690331769, 'generation': 1041}","{'id': 46154, 'rank': 7, 'fitness': 0.2375900645433724, 'generation': 1041}","{'id': 46167, 'rank': 8, 'fitness': 0.212749789131864, 'generation': 1041}","{'id': 46145, 'rank': 9, 'fitness': 0.1972320849583778, 'generation': 1041}","{'id': 46184, 'rank': 10, 'fitness': 0.167227998984387, 'generation': 1041}","{'id': 46165, 'rank': 11, 'fitness': 0.1556086608513147, 'generation': 1041}","{'id': 46175, 'rank': 12, 'fitness': 0.13744408309989464, 'generation': 1041}","{'id': 46181, 'rank': 13, 'fitness': 0.12317516808690077, 'generation': 1041}","{'id': 46177, 'rank': 14, 'fitness': 0.09436224980906827, 'generation': 1041}","{'id': 46141, 'rank': 15, 'fitness': 0.09357548041215075, 'generation': 1041}","{'id': 46183, 'rank': 16, 'fitness': 0.08160415504365098, 'generation': 1041}","{'id': 46180, 'rank': 17, 'fitness': 0.07129791942787345, 'generation': 1041}","{'id': 46166, 'rank': 18, 'fitness': 0.06522989468486862, 'generation': 1041}","{'id': 46146, 'rank': 19, 'fitness': 0.06393827649972395, 'generation': 1041}","{'id': 46174, 'rank': 20, 'fitness': 0.060289678972073435, 'generation': 1041}","{'id': 46179, 'rank': 21, 'fitness': 0.05687915826306067, 'generation': 1041}","{'id': 46161, 'rank': 22, 'fitness': 0.056427752290313604, 'generation': 1041}","{'id': 46173, 'rank': 23, 'fitness': 0.04791587387102886, 'generation': 1041}","{'id': 46157, 'rank': 24, 'fitness': 0.045823698960559045, 'generation': 1041}","{'id': 46168, 'rank': 25, 'fitness': 0.03838639935681498, 'generation': 1041}","{'id': 46151, 'rank': 26, 'fitness': 0.03282608136767706, 'generation': 1041}","{'id': 46176, 'rank': 27, 'fitness': 0.019532472599673112, 'generation': 1041}","{'id': 46172, 'rank': 28, 'fitness': 0.019003906934308146, 'generation': 1041}","{'id': 46156, 'rank': 29, 'fitness': 0.01801121793922983, 'generation': 1041}","{'id': 46188, 'rank': 30, 'fitness': 0.01798620996209155, 'generation': 1041}"
"{'id': 46205, 'rank': 1, 'fitness': 0.9820137900379085, 'generation': 1042}","{'id': 46198, 'rank': 2, 'fitness': 0.9735523728185875, 'generation': 1042}","{'id': 46207, 'rank': 3, 'fitness': 0.96542766565259, 'generation': 1042}","{'id': 46214, 'rank': 4, 'fitness': 0.9544490238939745, 'generation': 1042}","{'id': 46224, 'rank': 5, 'fitness': 0.9418234230941822, 'generation': 1042}","{'id': 46200, 'rank': 6, 'fitness': 0.8919324636810441, 'generation': 1042}","{'id': 46220, 'rank': 7, 'fitness': 0.8768464521044284, 'generation': 1042}","{'id': 46216, 'rank': 8, 'fitness': 0.8323353752512352, 'generation': 1042}","{'id': 46212, 'rank': 9, 'fitness': 0.8242708995965274, 'generation': 1042}","{'id': 46190, 'rank': 10, 'fitness': 0.6752986858619063, 'generation': 1042}","{'id': 46195, 'rank': 11, 'fitness': 0.6454820382895642, 'generation': 1042}","{'id': 46206, 'rank': 12, 'fitness': 0.5691490120276493, 'generation': 1042}","{'id': 46203, 'rank': 13, 'fitness': 0.5662064238852891, 'generation': 1042}","{'id': 46215, 'rank': 14, 'fitness': 0.5650564560629889, 'generation': 1042}","{'id': 46219, 'rank': 15, 'fitness': 0.4640602254934529, 'generation': 1042}","{'id': 46223, 'rank': 16, 'fitness': 0.366244895571059, 'generation': 1042}","{'id': 46211, 'rank': 17, 'fitness': 0.25743889504682144, 'generation': 1042}","{'id': 46210, 'rank': 18, 'fitness': 0.24395209292946013, 'generation': 1042}","{'id': 46201, 'rank': 19, 'fitness': 0.21119075652758335, 'generation': 1042}","{'id': 46208, 'rank': 20, 'fitness': 0.18178138432646923, 'generation': 1042}","{'id': 46192, 'rank': 21, 'fitness': 0.17822431525261068, 'generation': 1042}","{'id': 46196, 'rank': 22, 'fitness': 0.1523494410181362, 'generation': 1042}","{'id': 46209, 'rank': 23, 'fitness': 0.14383664622724074, 'generation': 1042}","{'id': 46213, 'rank': 24, 'fitness': 0.13385959188193425, 'generation': 1042}","{'id': 46202, 'rank': 25, 'fitness': 0.11232903145185519, 'generation': 1042}","{'id': 46218, 'rank': 26, 'fitness': 0.08101817253363863, 'generation': 1042}","{'id': 46217, 'rank': 27, 'fitness': 0.05258817499202817, 'generation': 1042}","{'id': 46191, 'rank': 28, 'fitness': 0.024019029996764307, 'generation': 1042}","{'id': 46222, 'rank': 29, 'fitness': 0.019932757081315255, 'generation': 1042}","{'id': 46193, 'rank': 30, 'fitness': 0.01798620996209155, 'generation': 1042}"
"{'id': 46270, 'rank': 1, 'fitness': 0.9820137900379085, 'generation': 1043}","{'id': 46261, 'rank': 2, 'fitness': 0.9392102168981138, 'generation': 1043}","{'id': 46263, 'rank': 3, 'fitness': 0.9192885646195657, 'generation': 1043}","{'id': 46269, 'rank': 4, 'fitness': 0.717042962053425, 'generation': 1043}","{'id': 46271, 'rank': 5, 'fitness': 0.6254835709834315, 'generation': 1043}","{'id': 46249, 'rank': 6, 'fitness': 0.5598636266941959, 'generation': 1043}","{'id': 46260, 'rank': 7, 'fitness': 0.287990382266364, 'generation': 1043}","{'id': 46267, 'rank': 8, 'fitness': 0.24389582789207576, 'generation': 1043}","{'id': 46268, 'rank': 9, 'fitness': 0.2410368909559792, 'generation': 1043}","{'id': 46236, 'rank': 10, 'fitness': 0.2374853253767476, 'generation': 1043}","{'id': 46258, 'rank': 11, 'fitness': 0.21828598618852596, 'generation': 1043}","{'id': 46232, 'rank': 12, 'fitness': 0.20782739231900282, 'generation': 1043}","{'id': 46256, 'rank': 13, 'fitness': 0.1966904095214932, 'generation': 1043}","{'id': 46241, 'rank': 14, 'fitness': 0.16172065528083945, 'generation': 1043}","{'id': 46234, 'rank': 15, 'fitness': 0.10474230637626186, 'generation': 1043}","{'id': 46243, 'rank': 16, 'fitness': 0.08615007239428879, 'generation': 1043}","{'id': 46245, 'rank': 17, 'fitness': 0.08427671808023085, 'generation': 1043}","{'id': 46264, 'rank': 18, 'fitness': 0.07126191942984911, 'generation': 1043}","{'id': 46225, 'rank': 19, 'fitness': 0.06951125337185649, 'generation': 1043}","{'id': 46252, 'rank': 20, 'fitness': 0.052408532191353996, 'generation': 1043}","{'id': 46251, 'rank': 21, 'fitness': 0.0503261592956642, 'generation': 1043}","{'id': 46242, 'rank': 22, 'fitness': 0.04592816335366734, 'generation': 1043}","{'id': 46272, 'rank': 23, 'fitness': 0.04329152590754931, 'generation': 1043}","{'id': 46233, 'rank': 24, 'fitness': 0.04314533635020812, 'generation': 1043}","{'id': 46248, 'rank': 25, 'fitness': 0.026275228244038384, 'generation': 1043}","{'id': 46237, 'rank': 26, 'fitness': 0.022844886101144157, 'generation': 1043}","{'id': 46229, 'rank': 27, 'fitness': 0.02219971615669858, 'generation': 1043}","{'id': 46231, 'rank': 28, 'fitness': 0.02087464064090755, 'generation': 1043}","{'id': 46246, 'rank': 29, 'fitness': 0.018346283231493843, 'generation': 1043}","{'id': 46253, 'rank': 30, 'fitness': 0.01798620996209155, 'generation': 1043}"
"{'id': 46305, 'rank': 1, 'fitness': 0.9820137900379085, 'generation': 1044}","{'id': 46283, 'rank': 2, 'fitness': 0.8122808126221444, 'generation': 1044}","{'id': 46291, 'rank': 3, 'fitness': 0.810944666715753, 'generation': 1044}","{'id': 46274, 'rank': 4, 'fitness': 0.7759013255470856, 'generation': 1044}","{'id': 46309, 'rank': 5, 'fitness': 0.7000633393240949, 'generation': 1044}","{'id': 46307, 'rank': 6, 'fitness': 0.5807252409656088, 'generation': 1044}","{'id': 46294, 'rank': 7, 'fitness': 0.5495029575965789, 'generation': 1044}","{'id': 46303, 'rank': 8, 'fitness': 0.5247756896557043, 'generation': 1044}","{'id': 46297, 'rank': 9, 'fitness': 0.4467660739614638, 'generation': 1044}","{'id': 46286, 'rank': 10, 'fitness': 0.3916354544848971, 'generation': 1044}","{'id': 46296, 'rank': 11, 'fitness': 0.35761598689605234, 'generation': 1044}","{'id': 46273, 'rank': 12, 'fitness': 0.3523619626663251, 'generation': 1044}","{'id': 46295, 'rank': 13, 'fitness': 0.33242864455396587, 'generation': 1044}","{'id': 46277, 'rank': 14, 'fitness': 0.33003702344645225, 'generation': 1044}","{'id': 46308, 'rank': 15, 'fitness': 0.3271389885682378, 'generation': 1044}","{'id': 46292, 'rank': 16, 'fitness': 0.26994185550606065, 'generation': 1044}","{'id': 46282, 'rank': 17, 'fitness': 0.18131820872125126, 'generation': 1044}","{'id': 46310, 'rank': 18, 'fitness': 0.12934643315909844, 'generation': 1044}","{'id': 46302, 'rank': 19, 'fitness': 0.12854161068345826, 'generation': 1044}","{'id': 46289, 'rank': 20, 'fitness': 0.12648236037330207, 'generation': 1044}","{'id': 46293, 'rank': 21, 'fitness': 0.12567509100579133, 'generation': 1044}","{'id': 46304, 'rank': 22, 'fitness': 0.12440326542506552, 'generation': 1044}","{'id': 46298, 'rank': 23, 'fitness': 0.09840773021679072, 'generation': 1044}","{'id': 46290, 'rank': 24, 'fitness': 0.0945103956513087, 'generation': 1044}","{'id': 46280, 'rank': 25, 'fitness': 0.08169071150138102, 'generation': 1044}","{'id': 46278, 'rank': 26, 'fitness': 0.05125703751600191, 'generation': 1044}","{'id': 46311, 'rank': 27, 'fitness': 0.02831722876475018, 'generation': 1044}","{'id': 46287, 'rank': 28, 'fitness': 0.022173991181875297, 'generation': 1044}","{'id': 46276, 'rank': 29, 'fitness': 0.019462834177806088, 'generation': 1044}","{'id': 46279, 'rank': 30, 'fitness': 0.01798620996209155, 'generation': 1044}"
"{'id': 46355, 'rank': 1, 'fitness': 0.9820137900379085, 'generation': 1045}","{'id': 46359, 'rank': 2, 'fitness': 0.975959033394878, 'generation': 1045}","{'id': 46348, 'rank': 3, 'fitness': 0.9491882130755092, 'generation': 1045}","{'id': 46357, 'rank': 4, 'fitness': 0.9490112373028073, 'generation': 1045}","{'id': 46353, 'rank': 5, 'fitness': 0.8543479105365549, 'generation': 1045}","{'id': 46352, 'rank': 6, 'fitness': 0.815370056406125, 'generation': 1045}","{'id': 46350, 'rank': 7, 'fitness': 0.8109159836275692, 'generation': 1045}","{'id': 46354, 'rank': 8, 'fitness': 0.701755222071487, 'generation': 1045}","{'id': 46341, 'rank': 9, 'fitness': 0.6893565039669273, 'generation': 1045}","{'id': 46349, 'rank': 10, 'fitness': 0.6068569504029654, 'generation': 1045}","{'id': 46333, 'rank': 11, 'fitness': 0.5609569633785455, 'generation': 1045}","{'id': 46347, 'rank': 12, 'fitness': 0.4240603383180074, 'generation': 1045}","{'id': 46351, 'rank': 13, 'fitness': 0.3851368831000743, 'generation': 1045}","{'id': 46344, 'rank': 14, 'fitness': 0.33016954645853513, 'generation': 1045}","{'id': 46358, 'rank': 15, 'fitness': 0.32349951675292793, 'generation': 1045}","{'id': 46356, 'rank': 16, 'fitness': 0.29343305612308324, 'generation': 1045}","{'id': 46326, 'rank': 17, 'fitness': 0.28356892105908954, 'generation': 1045}","{'id': 46324, 'rank': 18, 'fitness': 0.2310994167420276, 'generation': 1045}","{'id': 46318, 'rank': 19, 'fitness': 0.2034409805155401, 'generation': 1045}","{'id': 46323, 'rank': 20, 'fitness': 0.19172507230801672, 'generation': 1045}","{'id': 46334, 'rank': 21, 'fitness': 0.08554970546326623, 'generation': 1045}","{'id': 46360, 'rank': 22, 'fitness': 0.0829596986587412, 'generation': 1045}","{'id': 46328, 'rank': 23, 'fitness': 0.058855558132302865, 'generation': 1045}","{'id': 46340, 'rank': 24, 'fitness': 0.05140871989626683, 'generation': 1045}","{'id': 46316, 'rank': 25, 'fitness': 0.030545553360724897, 'generation': 1045}","{'id': 46325, 'rank': 26, 'fitness': 0.026431098199874936, 'generation': 1045}","{'id': 46314, 'rank': 27, 'fitness': 0.02063379007615812, 'generation': 1045}","{'id': 46322, 'rank': 28, 'fitness': 0.020314106118535513, 'generation': 1045}","{'id': 46343, 'rank': 29, 'fitness': 0.018863737731916075, 'generation': 1045}","{'id': 46317, 'rank': 30, 'fitness': 0.01798620996209155, 'generation': 1045}"
"{'id': 46395, 'rank': 1, 'fitness': 0.9820137900379085, 'generation': 1046}","{'id': 46410, 'rank': 2, 'fitness': 0.7271634520591779, 'generation': 1046}","{'id': 46393, 'rank': 3, 'fitness': 0.3550466453567818, 'generation': 1046}","{'id': 46387, 'rank': 4, 'fitness': 0.32091982874168545, 'generation': 1046}","{'id': 46405, 'rank': 5, 'fitness': 0.304676800611285, 'generation': 1046}","{'id': 46411, 'rank': 6, 'fitness': 0.2637577672437539, 'generation': 1046}","{'id': 46404, 'rank': 7, 'fitness': 0.24813644040816607, 'generation': 1046}","{'id': 46396, 'rank': 8, 'fitness': 0.1488527130770521, 'generation': 1046}","{'id': 46391, 'rank': 9, 'fitness': 0.14438257577466795, 'generation': 1046}","{'id': 46366, 'rank': 10, 'fitness': 0.11346053268051559, 'generation': 1046}","{'id': 46406, 'rank': 11, 'fitness': 0.10534244836222056, 'generation': 1046}","{'id': 46399, 'rank': 12, 'fitness': 0.10252516370758569, 'generation': 1046}","{'id': 46383, 'rank': 13, 'fitness': 0.0996195889310158, 'generation': 1046}","{'id': 46401, 'rank': 14, 'fitness': 0.09838904295279943, 'generation': 1046}","{'id': 46365, 'rank': 15, 'fitness': 0.09096586422412145, 'generation': 1046}","{'id': 46398, 'rank': 16, 'fitness': 0.08705212424156766, 'generation': 1046}","{'id': 46400, 'rank': 17, 'fitness': 0.07719817398570544, 'generation': 1046}","{'id': 46362, 'rank': 18, 'fitness': 0.06425566742332689, 'generation': 1046}","{'id': 46368, 'rank': 19, 'fitness': 0.049548303258674875, 'generation': 1046}","{'id': 46371, 'rank': 20, 'fitness': 0.037404055378537415, 'generation': 1046}","{'id': 46376, 'rank': 21, 'fitness': 0.034787099782773556, 'generation': 1046}","{'id': 46373, 'rank': 22, 'fitness': 0.03125819244864625, 'generation': 1046}","{'id': 46379, 'rank': 23, 'fitness': 0.0272750035638053, 'generation': 1046}","{'id': 46369, 'rank': 24, 'fitness': 0.02696173282758202, 'generation': 1046}","{'id': 46364, 'rank': 25, 'fitness': 0.026853740884762445, 'generation': 1046}","{'id': 46382, 'rank': 26, 'fitness': 0.024622542604065156, 'generation': 1046}","{'id': 46386, 'rank': 27, 'fitness': 0.022386697118442878, 'generation': 1046}","{'id': 46407, 'rank': 28, 'fitness': 0.0223160174910485, 'generation': 1046}","{'id': 46363, 'rank': 29, 'fitness': 0.018606443159303265, 'generation': 1046}","{'id': 46402, 'rank': 30, 'fitness': 0.01798620996209155, 'generation': 1046}"
"{'id': 46441, 'rank': 1, 'fitness': 0.9820137900379085, 'generation': 1047}","{'id': 46439, 'rank': 2, 'fitness': 0.9788805445451507, 'generation': 1047}","{'id': 46433, 'rank': 3, 'fitness': 0.891442928804784, 'generation': 1047}","{'id': 46436, 'rank': 4, 'fitness': 0.7159574528103102, 'generation': 1047}","{'id': 46443, 'rank': 5, 'fitness': 0.6668294821900403, 'generation': 1047}","{'id': 46421, 'rank': 6, 'fitness': 0.5093613858646475, 'generation': 1047}","{'id': 46414, 'rank': 7, 'fitness': 0.47585874935367345, 'generation': 1047}","{'id': 46427, 'rank': 8, 'fitness': 0.4098202801203346, 'generation': 1047}","{'id': 46430, 'rank': 9, 'fitness': 0.4068558745188474, 'generation': 1047}","{'id': 46423, 'rank': 10, 'fitness': 0.40222970729072055, 'generation': 1047}","{'id': 46429, 'rank': 11, 'fitness': 0.30955279620694853, 'generation': 1047}","{'id': 46415, 'rank': 12, 'fitness': 0.22517046183333422, 'generation': 1047}","{'id': 46417, 'rank': 13, 'fitness': 0.21397698926796893, 'generation': 1047}","{'id': 46431, 'rank': 14, 'fitness': 0.19541237582051546, 'generation': 1047}","{'id': 46425, 'rank': 15, 'fitness': 0.1941902694696162, 'generation': 1047}","{'id': 46428, 'rank': 16, 'fitness': 0.1937233944562467, 'generation': 1047}","{'id': 46422, 'rank': 17, 'fitness': 0.18364420112097146, 'generation': 1047}","{'id': 46416, 'rank': 18, 'fitness': 0.17851595989373958, 'generation': 1047}","{'id': 46418, 'rank': 19, 'fitness': 0.1514958290474459, 'generation': 1047}","{'id': 46420, 'rank': 20, 'fitness': 0.13948290983192418, 'generation': 1047}","{'id': 46444, 'rank': 21, 'fitness': 0.1393984084597747, 'generation': 1047}","{'id': 46434, 'rank': 22, 'fitness': 0.12252675978502708, 'generation': 1047}","{'id': 46440, 'rank': 23, 'fitness': 0.09189063770780737, 'generation': 1047}","{'id': 46445, 'rank': 24, 'fitness': 0.08899654151948594, 'generation': 1047}","{'id': 46424, 'rank': 25, 'fitness': 0.04656910350047727, 'generation': 1047}","{'id': 46438, 'rank': 26, 'fitness': 0.04630903047025614, 'generation': 1047}","{'id': 46426, 'rank': 27, 'fitness': 0.03402865109083397, 'generation': 1047}","{'id': 46413, 'rank': 28, 'fitness': 0.0299176921254819, 'generation': 1047}","{'id': 46435, 'rank': 29, 'fitness': 0.029091509227880674, 'generation': 1047}","{'id': 46432, 'rank': 30, 'fitness': 0.01798620996209155, 'generation': 1047}"
"{'id': 46452, 'rank': 1, 'fitness': 0.9820137900379085, 'generation': 1048}","{'id': 46464, 'rank': 2, 'fitness': 0.9229437275535106, 'generation': 1048}","{'id': 46453, 'rank': 3, 'fitness': 0.9152222744310923, 'generation': 1048}","{'id': 46473, 'rank': 4, 'fitness': 0.9004436052445929, 'generation': 1048}","{'id': 46480, 'rank': 5, 'fitness': 0.8028672778709659, 'generation': 1048}","{'id': 46471, 'rank': 6, 'fitness': 0.7378303061519704, 'generation': 1048}","{'id': 46477, 'rank': 7, 'fitness': 0.7266392274532691, 'generation': 1048}","{'id': 46450, 'rank': 8, 'fitness': 0.5609215260919724, 'generation': 1048}","{'id': 46475, 'rank': 9, 'fitness': 0.5352860943115738, 'generation': 1048}","{'id': 46460, 'rank': 10, 'fitness': 0.5095510403413209, 'generation': 1048}","{'id': 46458, 'rank': 11, 'fitness': 0.4892939238158001, 'generation': 1048}","{'id': 46447, 'rank': 12, 'fitness': 0.4389361634121379, 'generation': 1048}","{'id': 46483, 'rank': 13, 'fitness': 0.39298496019063134, 'generation': 1048}","{'id': 46478, 'rank': 14, 'fitness': 0.23100831418355966, 'generation': 1048}","{'id': 46465, 'rank': 15, 'fitness': 0.20651674960585686, 'generation': 1048}","{'id': 46448, 'rank': 16, 'fitness': 0.1904750227420866, 'generation': 1048}","{'id': 46481, 'rank': 17, 'fitness': 0.18538515629205854, 'generation': 1048}","{'id': 46459, 'rank': 18, 'fitness': 0.18182849716002536, 'generation': 1048}","{'id': 46479, 'rank': 19, 'fitness': 0.1650986214985899, 'generation': 1048}","{'id': 46456, 'rank': 20, 'fitness': 0.1368926233859426, 'generation': 1048}","{'id': 46461, 'rank': 21, 'fitness': 0.12184783789041165, 'generation': 1048}","{'id': 46469, 'rank': 22, 'fitness': 0.09466743868094307, 'generation': 1048}","{'id': 46457, 'rank': 23, 'fitness': 0.073539724235265, 'generation': 1048}","{'id': 46474, 'rank': 24, 'fitness': 0.06521532960409793, 'generation': 1048}","{'id': 46486, 'rank': 25, 'fitness': 0.05647742551674295, 'generation': 1048}","{'id': 46476, 'rank': 26, 'fitness': 0.04688700828937997, 'generation': 1048}","{'id': 46466, 'rank': 27, 'fitness': 0.038488109561611084, 'generation': 1048}","{'id': 46446, 'rank': 28, 'fitness': 0.02229142173566734, 'generation': 1048}","{'id': 46462, 'rank': 29, 'fitness': 0.02219005534108287, 'generation': 1048}","{'id': 46467, 'rank': 30, 'fitness': 0.01798620996209155, 'generation': 1048}"
"{'id': 46523, 'rank': 1, 'fitness': 0.9820137900379085, 'generation': 1049}","{'id': 46495, 'rank': 2, 'fitness': 0.9748409444828543, 'generation': 1049}","{'id': 46525, 'rank': 3, 'fitness': 0.9508626991699547, 'generation': 1049}","{'id': 46532, 'rank': 4, 'fitness': 0.9489259595202021, 'generation': 1049}","{'id': 46521, 'rank': 5, 'fitness': 0.765353967862693, 'generation': 1049}","{'id': 46498, 'rank': 6, 'fitness': 0.666917194454425, 'generation': 1049}","{'id': 46533, 'rank': 7, 'fitness': 0.5351480010898388, 'generation': 1049}","{'id': 46524, 'rank': 8, 'fitness': 0.45575029587753374, 'generation': 1049}","{'id': 46518, 'rank': 9, 'fitness': 0.3617159366177879, 'generation': 1049}","{'id': 46526, 'rank': 10, 'fitness': 0.3413843638091735, 'generation': 1049}","{'id': 46527, 'rank': 11, 'fitness': 0.33599268681152555, 'generation': 1049}","{'id': 46529, 'rank': 12, 'fitness': 0.28237670579179436, 'generation': 1049}","{'id': 46494, 'rank': 13, 'fitness': 0.26406712392113096, 'generation': 1049}","{'id': 46493, 'rank': 14, 'fitness': 0.2020491491799582, 'generation': 1049}","{'id': 46510, 'rank': 15, 'fitness': 0.19768849147398015, 'generation': 1049}","{'id': 46488, 'rank': 16, 'fitness': 0.15825702142857484, 'generation': 1049}","{'id': 46531, 'rank': 17, 'fitness': 0.13285397657971076, 'generation': 1049}","{'id': 46489, 'rank': 18, 'fitness': 0.10334706848508124, 'generation': 1049}","{'id': 46519, 'rank': 19, 'fitness': 0.07841953883748332, 'generation': 1049}","{'id': 46534, 'rank': 20, 'fitness': 0.07813624514839912, 'generation': 1049}","{'id': 46507, 'rank': 21, 'fitness': 0.03659153710411245, 'generation': 1049}","{'id': 46502, 'rank': 22, 'fitness': 0.027101542427263425, 'generation': 1049}","{'id': 46516, 'rank': 23, 'fitness': 0.02632336481853581, 'generation': 1049}","{'id': 46508, 'rank': 24, 'fitness': 0.026240555049140746, 'generation': 1049}","{'id': 46491, 'rank': 25, 'fitness': 0.025382252457729237, 'generation': 1049}","{'id': 46500, 'rank': 26, 'fitness': 0.024677149153728928, 'generation': 1049}","{'id': 46512, 'rank': 27, 'fitness': 0.02188255378314341, 'generation': 1049}","{'id': 46513, 'rank': 28, 'fitness': 0.021544275024575676, 'generation': 1049}","{'id': 46490, 'rank': 29, 'fitness': 0.01821775487531163, 'generation': 1049}","{'id': 46497, 'rank': 30, 'fitness': 0.01798620996209155, 'generation': 1049}"
"{'id': 46572, 'rank': 1, 'fitness': 0.9820137900379085, 'generation': 1050}","{'id': 46568, 'rank': 2, 'fitness': 0.9765567986708892, 'generation': 1050}","{'id': 46546, 'rank': 3, 'fitness': 0.9641480009666119, 'generation': 1050}","{'id': 46559, 'rank': 4, 'fitness': 0.8682082968266316, 'generation': 1050}","{'id': 46576, 'rank': 5, 'fitness': 0.7149953253050854, 'generation': 1050}","{'id': 46569, 'rank': 6, 'fitness': 0.7123658543999977, 'generation': 1050}","{'id': 46539, 'rank': 7, 'fitness': 0.3130703457472088, 'generation': 1050}","{'id': 46558, 'rank': 8, 'fitness': 0.28467981949793686, 'generation': 1050}","{'id': 46567, 'rank': 9, 'fitness': 0.2590205684478132, 'generation': 1050}","{'id': 46564, 'rank': 10, 'fitness': 0.24905688414373617, 'generation': 1050}","{'id': 46538, 'rank': 11, 'fitness': 0.24165333607800255, 'generation': 1050}","{'id': 46579, 'rank': 12, 'fitness': 0.23784794484405197, 'generation': 1050}","{'id': 46551, 'rank': 13, 'fitness': 0.23344853408521093, 'generation': 1050}","{'id': 46578, 'rank': 14, 'fitness': 0.22487741980010417, 'generation': 1050}","{'id': 46557, 'rank': 15, 'fitness': 0.2164469491360264, 'generation': 1050}","{'id': 46574, 'rank': 16, 'fitness': 0.20404591299084396, 'generation': 1050}","{'id': 46563, 'rank': 17, 'fitness': 0.16327934713753706, 'generation': 1050}","{'id': 46573, 'rank': 18, 'fitness': 0.08735531840053673, 'generation': 1050}","{'id': 46565, 'rank': 19, 'fitness': 0.0768130110638584, 'generation': 1050}","{'id': 46537, 'rank': 20, 'fitness': 0.07027344595199958, 'generation': 1050}","{'id': 46580, 'rank': 21, 'fitness': 0.06510003895089789, 'generation': 1050}","{'id': 46581, 'rank': 22, 'fitness': 0.06257002100591297, 'generation': 1050}","{'id': 46562, 'rank': 23, 'fitness': 0.050080803098034365, 'generation': 1050}","{'id': 46544, 'rank': 24, 'fitness': 0.04453778167292577, 'generation': 1050}","{'id': 46543, 'rank': 25, 'fitness': 0.0383803547431002, 'generation': 1050}","{'id': 46582, 'rank': 26, 'fitness': 0.03635095116638748, 'generation': 1050}","{'id': 46570, 'rank': 27, 'fitness': 0.026303636584499357, 'generation': 1050}","{'id': 46536, 'rank': 28, 'fitness': 0.02106612051893464, 'generation': 1050}","{'id': 46571, 'rank': 29, 'fitness': 0.020362394277355367, 'generation': 1050}","{'id': 46535, 'rank': 30, 'fitness': 0.01798620996209155, 'generation': 1050}"
"{'id': 46596, 'rank': 1, 'fitness': 0.9820137900379085, 'generation': 1051}","{'id': 46619, 'rank': 2, 'fitness': 0.8710413609289841, 'generation': 1051}","{'id': 46611, 'rank': 3, 'fitness': 0.8191867762242544, 'generation': 1051}","{'id': 46610, 'rank': 4, 'fitness': 0.6959921635589328, 'generation': 1051}","{'id': 46602, 'rank': 5, 'fitness': 0.46150587563720347, 'generation': 1051}","{'id': 46597, 'rank': 6, 'fitness': 0.39012311790758397, 'generation': 1051}","{'id': 46613, 'rank': 7, 'fitness': 0.3587397334745964, 'generation': 1051}","{'id': 46620, 'rank': 8, 'fitness': 0.18521530062797315, 'generation': 1051}","{'id': 46606, 'rank': 9, 'fitness': 0.1753914027748159, 'generation': 1051}","{'id': 46618, 'rank': 10, 'fitness': 0.15621068361152401, 'generation': 1051}","{'id': 46601, 'rank': 11, 'fitness': 0.15260796576275149, 'generation': 1051}","{'id': 46587, 'rank': 12, 'fitness': 0.13742074565265117, 'generation': 1051}","{'id': 46593, 'rank': 13, 'fitness': 0.13075918391626318, 'generation': 1051}","{'id': 46615, 'rank': 14, 'fitness': 0.12859964399541135, 'generation': 1051}","{'id': 46598, 'rank': 15, 'fitness': 0.11283616112978112, 'generation': 1051}","{'id': 46603, 'rank': 16, 'fitness': 0.09467599148090877, 'generation': 1051}","{'id': 46585, 'rank': 17, 'fitness': 0.07685458360086489, 'generation': 1051}","{'id': 46617, 'rank': 18, 'fitness': 0.07406486707064042, 'generation': 1051}","{'id': 46614, 'rank': 19, 'fitness': 0.05851708727931171, 'generation': 1051}","{'id': 46591, 'rank': 20, 'fitness': 0.056182392433969164, 'generation': 1051}","{'id': 46594, 'rank': 21, 'fitness': 0.05250276465088238, 'generation': 1051}","{'id': 46592, 'rank': 22, 'fitness': 0.04700496077779853, 'generation': 1051}","{'id': 46590, 'rank': 23, 'fitness': 0.04661758436821051, 'generation': 1051}","{'id': 46616, 'rank': 24, 'fitness': 0.044720080825509045, 'generation': 1051}","{'id': 46584, 'rank': 25, 'fitness': 0.04418693777128485, 'generation': 1051}","{'id': 46588, 'rank': 26, 'fitness': 0.03915193370728076, 'generation': 1051}","{'id': 46600, 'rank': 27, 'fitness': 0.03831977718917218, 'generation': 1051}","{'id': 46583, 'rank': 28, 'fitness': 0.02677341010064238, 'generation': 1051}","{'id': 46589, 'rank': 29, 'fitness': 0.02479496191831626, 'generation': 1051}","{'id': 46609, 'rank': 30, 'fitness': 0.01798620996209155, 'generation': 1051}"
"{'id': 46651, 'rank': 1, 'fitness': 0.9820137900379085, 'generation': 1052}","{'id': 46652, 'rank': 2, 'fitness': 0.8751264436098041, 'generation': 1052}","{'id': 46656, 'rank': 3, 'fitness': 0.8226799544971359, 'generation': 1052}","{'id': 46639, 'rank': 4, 'fitness': 0.6893456635363142, 'generation': 1052}","{'id': 46638, 'rank': 5, 'fitness': 0.6416394717785915, 'generation': 1052}","{'id': 46653, 'rank': 6, 'fitness': 0.5806237500856248, 'generation': 1052}","{'id': 46647, 'rank': 7, 'fitness': 0.43565900760140047, 'generation': 1052}","{'id': 46643, 'rank': 8, 'fitness': 0.42142301848177877, 'generation': 1052}","{'id': 46649, 'rank': 9, 'fitness': 0.3942719152413259, 'generation': 1052}","{'id': 46645, 'rank': 10, 'fitness': 0.2857888169143288, 'generation': 1052}","{'id': 46632, 'rank': 11, 'fitness': 0.28414814222846085, 'generation': 1052}","{'id': 46628, 'rank': 12, 'fitness': 0.25658150307774563, 'generation': 1052}","{'id': 46631, 'rank': 13, 'fitness': 0.24382175483391, 'generation': 1052}","{'id': 46624, 'rank': 14, 'fitness': 0.23751358229473313, 'generation': 1052}","{'id': 46655, 'rank': 15, 'fitness': 0.2133655055301264, 'generation': 1052}","{'id': 46648, 'rank': 16, 'fitness': 0.20465275595646326, 'generation': 1052}","{'id': 46641, 'rank': 17, 'fitness': 0.19018633617239467, 'generation': 1052}","{'id': 46637, 'rank': 18, 'fitness': 0.17372380279315114, 'generation': 1052}","{'id': 46622, 'rank': 19, 'fitness': 0.1714462537044273, 'generation': 1052}","{'id': 46634, 'rank': 20, 'fitness': 0.16838242893834243, 'generation': 1052}","{'id': 46635, 'rank': 21, 'fitness': 0.16064546859934964, 'generation': 1052}","{'id': 46650, 'rank': 22, 'fitness': 0.14790106724673058, 'generation': 1052}","{'id': 46633, 'rank': 23, 'fitness': 0.14270933399067698, 'generation': 1052}","{'id': 46623, 'rank': 24, 'fitness': 0.13442371537696185, 'generation': 1052}","{'id': 46636, 'rank': 25, 'fitness': 0.08884050453346715, 'generation': 1052}","{'id': 46654, 'rank': 26, 'fitness': 0.07563898307873607, 'generation': 1052}","{'id': 46642, 'rank': 27, 'fitness': 0.05169517899799875, 'generation': 1052}","{'id': 46644, 'rank': 28, 'fitness': 0.04207772109184199, 'generation': 1052}","{'id': 46627, 'rank': 29, 'fitness': 0.03650584840558674, 'generation': 1052}","{'id': 46626, 'rank': 30, 'fitness': 0.01798620996209155, 'generation': 1052}"
"{'id': 46688, 'rank': 1, 'fitness': 0.9820137900379085, 'generation': 1053}","{'id': 46693, 'rank': 2, 'fitness': 0.9686428635189449, 'generation': 1053}","{'id': 46692, 'rank': 3, 'fitness': 0.9624367772179117, 'generation': 1053}","{'id': 46685, 'rank': 4, 'fitness': 0.9395310471040842, 'generation': 1053}","{'id': 46691, 'rank': 5, 'fitness': 0.9342477486701501, 'generation': 1053}","{'id': 46678, 'rank': 6, 'fitness': 0.9124188632261152, 'generation': 1053}","{'id': 46686, 'rank': 7, 'fitness': 0.8635880079609459, 'generation': 1053}","{'id': 46661, 'rank': 8, 'fitness': 0.6965708268323039, 'generation': 1053}","{'id': 46681, 'rank': 9, 'fitness': 0.6083452146234628, 'generation': 1053}","{'id': 46694, 'rank': 10, 'fitness': 0.38786082485191015, 'generation': 1053}","{'id': 46680, 'rank': 11, 'fitness': 0.316947823680934, 'generation': 1053}","{'id': 46671, 'rank': 12, 'fitness': 0.30371697423521704, 'generation': 1053}","{'id': 46663, 'rank': 13, 'fitness': 0.2984829417098887, 'generation': 1053}","{'id': 46660, 'rank': 14, 'fitness': 0.2866765303361516, 'generation': 1053}","{'id': 46696, 'rank': 15, 'fitness': 0.2790414656397746, 'generation': 1053}","{'id': 46689, 'rank': 16, 'fitness': 0.27137692696052185, 'generation': 1053}","{'id': 46668, 'rank': 17, 'fitness': 0.24750768456126188, 'generation': 1053}","{'id': 46674, 'rank': 18, 'fitness': 0.22643381937464047, 'generation': 1053}","{'id': 46662, 'rank': 19, 'fitness': 0.2249282882046285, 'generation': 1053}","{'id': 46695, 'rank': 20, 'fitness': 0.20596425919289796, 'generation': 1053}","{'id': 46666, 'rank': 21, 'fitness': 0.19659648399433838, 'generation': 1053}","{'id': 46672, 'rank': 22, 'fitness': 0.19019121555232155, 'generation': 1053}","{'id': 46679, 'rank': 23, 'fitness': 0.17434550351099276, 'generation': 1053}","{'id': 46673, 'rank': 24, 'fitness': 0.06743056020380928, 'generation': 1053}","{'id': 46676, 'rank': 25, 'fitness': 0.048338694010643835, 'generation': 1053}","{'id': 46677, 'rank': 26, 'fitness': 0.043599960939527393, 'generation': 1053}","{'id': 46684, 'rank': 27, 'fitness': 0.0322375887440432, 'generation': 1053}","{'id': 46687, 'rank': 28, 'fitness': 0.027875365985404132, 'generation': 1053}","{'id': 46665, 'rank': 29, 'fitness': 0.020855487086419433, 'generation': 1053}","{'id': 46657, 'rank': 30, 'fitness': 0.01798620996209155, 'generation': 1053}"
"{'id': 46726, 'rank': 1, 'fitness': 0.9820137900379085, 'generation': 1054}","{'id': 46735, 'rank': 2, 'fitness': 0.8529969866674216, 'generation': 1054}","{'id': 46734, 'rank': 3, 'fitness': 0.6611048580568082, 'generation': 1054}","{'id': 46720, 'rank': 4, 'fitness': 0.3823587613827737, 'generation': 1054}","{'id': 46736, 'rank': 5, 'fitness': 0.310107442738028, 'generation': 1054}","{'id': 46732, 'rank': 6, 'fitness': 0.2868190255834615, 'generation': 1054}","{'id': 46725, 'rank': 7, 'fitness': 0.283121814462424, 'generation': 1054}","{'id': 46704, 'rank': 8, 'fitness': 0.2495866982743083, 'generation': 1054}","{'id': 46718, 'rank': 9, 'fitness': 0.1852386420733133, 'generation': 1054}","{'id': 46717, 'rank': 10, 'fitness': 0.16039740654550705, 'generation': 1054}","{'id': 46729, 'rank': 11, 'fitness': 0.14855401367880128, 'generation': 1054}","{'id': 46723, 'rank': 12, 'fitness': 0.10800509288557003, 'generation': 1054}","{'id': 46700, 'rank': 13, 'fitness': 0.09244420853949942, 'generation': 1054}","{'id': 46702, 'rank': 14, 'fitness': 0.07922082717046064, 'generation': 1054}","{'id': 46716, 'rank': 15, 'fitness': 0.06913799675710286, 'generation': 1054}","{'id': 46730, 'rank': 16, 'fitness': 0.06278561730779353, 'generation': 1054}","{'id': 46714, 'rank': 17, 'fitness': 0.05177708356991645, 'generation': 1054}","{'id': 46738, 'rank': 18, 'fitness': 0.05023433136726513, 'generation': 1054}","{'id': 46737, 'rank': 19, 'fitness': 0.04171756294689127, 'generation': 1054}","{'id': 46697, 'rank': 20, 'fitness': 0.03749978730046699, 'generation': 1054}","{'id': 46722, 'rank': 21, 'fitness': 0.0272119404579082, 'generation': 1054}","{'id': 46708, 'rank': 22, 'fitness': 0.02588895182867923, 'generation': 1054}","{'id': 46728, 'rank': 23, 'fitness': 0.025190028005559806, 'generation': 1054}","{'id': 46727, 'rank': 24, 'fitness': 0.02501590828830874, 'generation': 1054}","{'id': 46719, 'rank': 25, 'fitness': 0.02348676524755372, 'generation': 1054}","{'id': 46710, 'rank': 26, 'fitness': 0.02175351749694998, 'generation': 1054}","{'id': 46731, 'rank': 27, 'fitness': 0.02005627800148918, 'generation': 1054}","{'id': 46712, 'rank': 28, 'fitness': 0.01863180320707375, 'generation': 1054}","{'id': 46715, 'rank': 29, 'fitness': 0.018623448563441836, 'generation': 1054}","{'id': 46706, 'rank': 30, 'fitness': 0.01798620996209155, 'generation': 1054}"
"{'id': 46774, 'rank': 1, 'fitness': 0.9820137900379085, 'generation': 1055}","{'id': 46752, 'rank': 2, 'fitness': 0.9791540703706194, 'generation': 1055}","{'id': 46771, 'rank': 3, 'fitness': 0.9385471966163565, 'generation': 1055}","{'id': 46773, 'rank': 4, 'fitness': 0.9249435587281765, 'generation': 1055}","{'id': 46758, 'rank': 5, 'fitness': 0.8670703528288625, 'generation': 1055}","{'id': 46749, 'rank': 6, 'fitness': 0.6628236861163571, 'generation': 1055}","{'id': 46768, 'rank': 7, 'fitness': 0.6602335448285718, 'generation': 1055}","{'id': 46762, 'rank': 8, 'fitness': 0.6367308852515461, 'generation': 1055}","{'id': 46759, 'rank': 9, 'fitness': 0.5995211272461757, 'generation': 1055}","{'id': 46772, 'rank': 10, 'fitness': 0.5259939920271528, 'generation': 1055}","{'id': 46748, 'rank': 11, 'fitness': 0.5192130474271052, 'generation': 1055}","{'id': 46770, 'rank': 12, 'fitness': 0.3253411253103302, 'generation': 1055}","{'id': 46764, 'rank': 13, 'fitness': 0.2972032959079, 'generation': 1055}","{'id': 46757, 'rank': 14, 'fitness': 0.2899571958409286, 'generation': 1055}","{'id': 46742, 'rank': 15, 'fitness': 0.26530441234119184, 'generation': 1055}","{'id': 46763, 'rank': 16, 'fitness': 0.15468074575690527, 'generation': 1055}","{'id': 46760, 'rank': 17, 'fitness': 0.14487506033069109, 'generation': 1055}","{'id': 46753, 'rank': 18, 'fitness': 0.09469985163572237, 'generation': 1055}","{'id': 46745, 'rank': 19, 'fitness': 0.08792670098893907, 'generation': 1055}","{'id': 46755, 'rank': 20, 'fitness': 0.08280810510602316, 'generation': 1055}","{'id': 46756, 'rank': 21, 'fitness': 0.07146303653628683, 'generation': 1055}","{'id': 46766, 'rank': 22, 'fitness': 0.055639383971481327, 'generation': 1055}","{'id': 46754, 'rank': 23, 'fitness': 0.04560345616775502, 'generation': 1055}","{'id': 46747, 'rank': 24, 'fitness': 0.043517557118517014, 'generation': 1055}","{'id': 46761, 'rank': 25, 'fitness': 0.03572849133254313, 'generation': 1055}","{'id': 46769, 'rank': 26, 'fitness': 0.031870634363980965, 'generation': 1055}","{'id': 46743, 'rank': 27, 'fitness': 0.023309990039575956, 'generation': 1055}","{'id': 46750, 'rank': 28, 'fitness': 0.02274357267220095, 'generation': 1055}","{'id': 46765, 'rank': 29, 'fitness': 0.018971894364814834, 'generation': 1055}","{'id': 46751, 'rank': 30, 'fitness': 0.01798620996209155, 'generation': 1055}"
"{'id': 46819, 'rank': 1, 'fitness': 0.9820137900379085, 'generation': 1056}","{'id': 46820, 'rank': 2, 'fitness': 0.897030314194794, 'generation': 1056}","{'id': 46821, 'rank': 3, 'fitness': 0.7384190217577994, 'generation': 1056}","{'id': 46812, 'rank': 4, 'fitness': 0.48859986479156614, 'generation': 1056}","{'id': 46826, 'rank': 5, 'fitness': 0.40857526506646824, 'generation': 1056}","{'id': 46816, 'rank': 6, 'fitness': 0.4072254343172924, 'generation': 1056}","{'id': 46813, 'rank': 7, 'fitness': 0.38970036688929693, 'generation': 1056}","{'id': 46798, 'rank': 8, 'fitness': 0.3234721998308566, 'generation': 1056}","{'id': 46776, 'rank': 9, 'fitness': 0.31095126994820504, 'generation': 1056}","{'id': 46817, 'rank': 10, 'fitness': 0.2860583792369342, 'generation': 1056}","{'id': 46792, 'rank': 11, 'fitness': 0.27064924524795053, 'generation': 1056}","{'id': 46799, 'rank': 12, 'fitness': 0.14037989098227355, 'generation': 1056}","{'id': 46828, 'rank': 13, 'fitness': 0.10483474490748979, 'generation': 1056}","{'id': 46803, 'rank': 14, 'fitness': 0.09883289378850446, 'generation': 1056}","{'id': 46825, 'rank': 15, 'fitness': 0.09782566413671812, 'generation': 1056}","{'id': 46791, 'rank': 16, 'fitness': 0.08997060604882906, 'generation': 1056}","{'id': 46805, 'rank': 17, 'fitness': 0.08640219369975194, 'generation': 1056}","{'id': 46827, 'rank': 18, 'fitness': 0.06880553709398674, 'generation': 1056}","{'id': 46801, 'rank': 19, 'fitness': 0.06766100429309674, 'generation': 1056}","{'id': 46815, 'rank': 20, 'fitness': 0.053344858392696926, 'generation': 1056}","{'id': 46824, 'rank': 21, 'fitness': 0.04663075131956518, 'generation': 1056}","{'id': 46814, 'rank': 22, 'fitness': 0.044861971912019016, 'generation': 1056}","{'id': 46778, 'rank': 23, 'fitness': 0.034377178766208716, 'generation': 1056}","{'id': 46809, 'rank': 24, 'fitness': 0.0337843281792467, 'generation': 1056}","{'id': 46811, 'rank': 25, 'fitness': 0.03254168555710085, 'generation': 1056}","{'id': 46794, 'rank': 26, 'fitness': 0.026890256290568404, 'generation': 1056}","{'id': 46775, 'rank': 27, 'fitness': 0.026331207291202807, 'generation': 1056}","{'id': 46786, 'rank': 28, 'fitness': 0.02580755020559916, 'generation': 1056}","{'id': 46783, 'rank': 29, 'fitness': 0.020847768163484437, 'generation': 1056}","{'id': 46823, 'rank': 30, 'fitness': 0.01798620996209155, 'generation': 1056}"
"{'id': 46840, 'rank': 1, 'fitness': 0.9820137900379085, 'generation': 1057}","{'id': 46860, 'rank': 2, 'fitness': 0.9687213420596448, 'generation': 1057}","{'id': 46862, 'rank': 3, 'fitness': 0.8461681971051257, 'generation': 1057}","{'id': 46838, 'rank': 4, 'fitness': 0.7322636704031117, 'generation': 1057}","{'id': 46845, 'rank': 5, 'fitness': 0.584285802650651, 'generation': 1057}","{'id': 46861, 'rank': 6, 'fitness': 0.5754104077892962, 'generation': 1057}","{'id': 46859, 'rank': 7, 'fitness': 0.41472618970385006, 'generation': 1057}","{'id': 46865, 'rank': 8, 'fitness': 0.39213778573045505, 'generation': 1057}","{'id': 46839, 'rank': 9, 'fitness': 0.37442371736117197, 'generation': 1057}","{'id': 46849, 'rank': 10, 'fitness': 0.36379013565188273, 'generation': 1057}","{'id': 46834, 'rank': 11, 'fitness': 0.35416658634807363, 'generation': 1057}","{'id': 46868, 'rank': 12, 'fitness': 0.331825908020128, 'generation': 1057}","{'id': 46866, 'rank': 13, 'fitness': 0.27073522586334553, 'generation': 1057}","{'id': 46844, 'rank': 14, 'fitness': 0.26021413833683416, 'generation': 1057}","{'id': 46842, 'rank': 15, 'fitness': 0.21529116307223023, 'generation': 1057}","{'id': 46852, 'rank': 16, 'fitness': 0.21240478951121322, 'generation': 1057}","{'id': 46851, 'rank': 17, 'fitness': 0.1900564129848386, 'generation': 1057}","{'id': 46853, 'rank': 18, 'fitness': 0.18497379353312954, 'generation': 1057}","{'id': 46867, 'rank': 19, 'fitness': 0.14415123245546613, 'generation': 1057}","{'id': 46833, 'rank': 20, 'fitness': 0.12903385348826696, 'generation': 1057}","{'id': 46846, 'rank': 21, 'fitness': 0.1002675709579387, 'generation': 1057}","{'id': 46837, 'rank': 22, 'fitness': 0.07496580666132191, 'generation': 1057}","{'id': 46829, 'rank': 23, 'fitness': 0.06715194482510939, 'generation': 1057}","{'id': 46835, 'rank': 24, 'fitness': 0.06443882243580945, 'generation': 1057}","{'id': 46848, 'rank': 25, 'fitness': 0.038493597746889374, 'generation': 1057}","{'id': 46864, 'rank': 26, 'fitness': 0.03719829505180222, 'generation': 1057}","{'id': 46832, 'rank': 27, 'fitness': 0.03496922231294364, 'generation': 1057}","{'id': 46850, 'rank': 28, 'fitness': 0.02971483440433964, 'generation': 1057}","{'id': 46856, 'rank': 29, 'fitness': 0.02932245400489697, 'generation': 1057}","{'id': 46841, 'rank': 30, 'fitness': 0.01798620996209155, 'generation': 1057}"
"{'id': 46910, 'rank': 1, 'fitness': 0.9820137900379085, 'generation': 1058}","{'id': 46882, 'rank': 2, 'fitness': 0.9734282151516045, 'generation': 1058}","{'id': 46889, 'rank': 3, 'fitness': 0.9211984612700411, 'generation': 1058}","{'id': 46906, 'rank': 4, 'fitness': 0.856421408835395, 'generation': 1058}","{'id': 46905, 'rank': 5, 'fitness': 0.8214645221787953, 'generation': 1058}","{'id': 46904, 'rank': 6, 'fitness': 0.7048694315598103, 'generation': 1058}","{'id': 46901, 'rank': 7, 'fitness': 0.6879017522205146, 'generation': 1058}","{'id': 46869, 'rank': 8, 'fitness': 0.5508986463430193, 'generation': 1058}","{'id': 46877, 'rank': 9, 'fitness': 0.5311663066532162, 'generation': 1058}","{'id': 46902, 'rank': 10, 'fitness': 0.509851578982792, 'generation': 1058}","{'id': 46872, 'rank': 11, 'fitness': 0.47290207820048635, 'generation': 1058}","{'id': 46903, 'rank': 12, 'fitness': 0.38297710716140576, 'generation': 1058}","{'id': 46895, 'rank': 13, 'fitness': 0.36705668287778126, 'generation': 1058}","{'id': 46900, 'rank': 14, 'fitness': 0.3431490124189415, 'generation': 1058}","{'id': 46880, 'rank': 15, 'fitness': 0.22887031058771107, 'generation': 1058}","{'id': 46871, 'rank': 16, 'fitness': 0.10859366697144307, 'generation': 1058}","{'id': 46908, 'rank': 17, 'fitness': 0.07124042426848459, 'generation': 1058}","{'id': 46886, 'rank': 18, 'fitness': 0.05547034433262832, 'generation': 1058}","{'id': 46912, 'rank': 19, 'fitness': 0.049041548482379405, 'generation': 1058}","{'id': 46909, 'rank': 20, 'fitness': 0.044013498007193175, 'generation': 1058}","{'id': 46891, 'rank': 21, 'fitness': 0.04056989334695599, 'generation': 1058}","{'id': 46899, 'rank': 22, 'fitness': 0.04033003279454517, 'generation': 1058}","{'id': 46907, 'rank': 23, 'fitness': 0.03371172055427596, 'generation': 1058}","{'id': 46876, 'rank': 24, 'fitness': 0.029884889490169653, 'generation': 1058}","{'id': 46896, 'rank': 25, 'fitness': 0.02820460038913747, 'generation': 1058}","{'id': 46879, 'rank': 26, 'fitness': 0.027932468146127265, 'generation': 1058}","{'id': 46892, 'rank': 27, 'fitness': 0.024299449545413743, 'generation': 1058}","{'id': 46887, 'rank': 28, 'fitness': 0.020306066687870494, 'generation': 1058}","{'id': 46898, 'rank': 29, 'fitness': 0.018797503635442026, 'generation': 1058}","{'id': 46893, 'rank': 30, 'fitness': 0.01798620996209155, 'generation': 1058}"
"{'id': 46956, 'rank': 1, 'fitness': 0.9820137900379085, 'generation': 1059}","{'id': 46950, 'rank': 2, 'fitness': 0.8983614122285459, 'generation': 1059}","{'id': 46962, 'rank': 3, 'fitness': 0.8982369579420922, 'generation': 1059}","{'id': 46955, 'rank': 4, 'fitness': 0.8315247826153622, 'generation': 1059}","{'id': 46952, 'rank': 5, 'fitness': 0.7200867869818384, 'generation': 1059}","{'id': 46923, 'rank': 6, 'fitness': 0.6084181925244918, 'generation': 1059}","{'id': 46942, 'rank': 7, 'fitness': 0.5699629664452993, 'generation': 1059}","{'id': 46921, 'rank': 8, 'fitness': 0.5372619481207471, 'generation': 1059}","{'id': 46947, 'rank': 9, 'fitness': 0.49374932705673374, 'generation': 1059}","{'id': 46945, 'rank': 10, 'fitness': 0.41900656929536795, 'generation': 1059}","{'id': 46961, 'rank': 11, 'fitness': 0.3541704818328753, 'generation': 1059}","{'id': 46960, 'rank': 12, 'fitness': 0.2997037332099569, 'generation': 1059}","{'id': 46959, 'rank': 13, 'fitness': 0.18020919757022913, 'generation': 1059}","{'id': 46953, 'rank': 14, 'fitness': 0.1743416107264164, 'generation': 1059}","{'id': 46919, 'rank': 15, 'fitness': 0.16416963110887012, 'generation': 1059}","{'id': 46958, 'rank': 16, 'fitness': 0.14388037755416527, 'generation': 1059}","{'id': 46941, 'rank': 17, 'fitness': 0.12132586868982348, 'generation': 1059}","{'id': 46963, 'rank': 18, 'fitness': 0.11304719525693402, 'generation': 1059}","{'id': 46928, 'rank': 19, 'fitness': 0.10308579171950721, 'generation': 1059}","{'id': 46931, 'rank': 20, 'fitness': 0.08592248526535451, 'generation': 1059}","{'id': 46946, 'rank': 21, 'fitness': 0.0566200052657273, 'generation': 1059}","{'id': 46938, 'rank': 22, 'fitness': 0.031241386238681612, 'generation': 1059}","{'id': 46940, 'rank': 23, 'fitness': 0.0311076786498935, 'generation': 1059}","{'id': 46915, 'rank': 24, 'fitness': 0.031010461557413327, 'generation': 1059}","{'id': 46957, 'rank': 25, 'fitness': 0.02973904408001732, 'generation': 1059}","{'id': 46935, 'rank': 26, 'fitness': 0.029587695948331216, 'generation': 1059}","{'id': 46932, 'rank': 27, 'fitness': 0.029111443755920896, 'generation': 1059}","{'id': 46948, 'rank': 28, 'fitness': 0.027669371951770327, 'generation': 1059}","{'id': 46943, 'rank': 29, 'fitness': 0.022872368023616363, 'generation': 1059}","{'id': 46934, 'rank': 30, 'fitness': 0.01798620996209155, 'generation': 1059}"
"{'id': 46998, 'rank': 1, 'fitness': 0.9820137900379085, 'generation': 1060}","{'id': 46996, 'rank': 2, 'fitness': 0.9770498473629847, 'generation': 1060}","{'id': 47004, 'rank': 3, 'fitness': 0.9727785486499001, 'generation': 1060}","{'id': 46997, 'rank': 4, 'fitness': 0.9713037532274709, 'generation': 1060}","{'id': 46983, 'rank': 5, 'fitness': 0.9593897297179439, 'generation': 1060}","{'id': 46976, 'rank': 6, 'fitness': 0.9386177376779108, 'generation': 1060}","{'id': 47000, 'rank': 7, 'fitness': 0.935286117311745, 'generation': 1060}","{'id': 47001, 'rank': 8, 'fitness': 0.92964535348128, 'generation': 1060}","{'id': 47008, 'rank': 9, 'fitness': 0.8660240935319423, 'generation': 1060}","{'id': 46984, 'rank': 10, 'fitness': 0.8473083136333448, 'generation': 1060}","{'id': 47005, 'rank': 11, 'fitness': 0.6517525625665912, 'generation': 1060}","{'id': 47003, 'rank': 12, 'fitness': 0.5244980570599136, 'generation': 1060}","{'id': 47006, 'rank': 13, 'fitness': 0.49599380769527474, 'generation': 1060}","{'id': 47002, 'rank': 14, 'fitness': 0.32127307902724667, 'generation': 1060}","{'id': 46979, 'rank': 15, 'fitness': 0.2759757137590634, 'generation': 1060}","{'id': 47007, 'rank': 16, 'fitness': 0.1659437893263474, 'generation': 1060}","{'id': 47009, 'rank': 17, 'fitness': 0.12309236177790295, 'generation': 1060}","{'id': 46981, 'rank': 18, 'fitness': 0.10654852317432628, 'generation': 1060}","{'id': 46992, 'rank': 19, 'fitness': 0.0981318522148612, 'generation': 1060}","{'id': 46965, 'rank': 20, 'fitness': 0.09540573286100429, 'generation': 1060}","{'id': 46967, 'rank': 21, 'fitness': 0.0828952507718489, 'generation': 1060}","{'id': 46988, 'rank': 22, 'fitness': 0.07288060569344373, 'generation': 1060}","{'id': 47010, 'rank': 23, 'fitness': 0.06420631246684388, 'generation': 1060}","{'id': 46982, 'rank': 24, 'fitness': 0.05486075056204909, 'generation': 1060}","{'id': 46974, 'rank': 25, 'fitness': 0.04721622488342292, 'generation': 1060}","{'id': 46968, 'rank': 26, 'fitness': 0.030999240631632563, 'generation': 1060}","{'id': 46985, 'rank': 27, 'fitness': 0.020952581127970937, 'generation': 1060}","{'id': 46978, 'rank': 28, 'fitness': 0.020827951657640675, 'generation': 1060}","{'id': 46990, 'rank': 29, 'fitness': 0.02018906686880595, 'generation': 1060}","{'id': 46972, 'rank': 30, 'fitness': 0.01798620996209155, 'generation': 1060}"
"{'id': 47056, 'rank': 1, 'fitness': 0.9820137900379085, 'generation': 1061}","{'id': 47050, 'rank': 2, 'fitness': 0.9573050022995395, 'generation': 1061}","{'id': 47046, 'rank': 3, 'fitness': 0.9102808823993997, 'generation': 1061}","{'id': 47057, 'rank': 4, 'fitness': 0.8459735151969777, 'generation': 1061}","{'id': 47045, 'rank': 5, 'fitness': 0.7483015941353761, 'generation': 1061}","{'id': 47047, 'rank': 6, 'fitness': 0.7109427778739154, 'generation': 1061}","{'id': 47054, 'rank': 7, 'fitness': 0.5349677528297334, 'generation': 1061}","{'id': 47038, 'rank': 8, 'fitness': 0.3001260329967752, 'generation': 1061}","{'id': 47051, 'rank': 9, 'fitness': 0.2874763908311752, 'generation': 1061}","{'id': 47019, 'rank': 10, 'fitness': 0.24856084201839557, 'generation': 1061}","{'id': 47053, 'rank': 11, 'fitness': 0.2082791621286072, 'generation': 1061}","{'id': 47055, 'rank': 12, 'fitness': 0.1752651055419402, 'generation': 1061}","{'id': 47025, 'rank': 13, 'fitness': 0.14859497060158738, 'generation': 1061}","{'id': 47011, 'rank': 14, 'fitness': 0.1446343537286382, 'generation': 1061}","{'id': 47026, 'rank': 15, 'fitness': 0.11891720311284076, 'generation': 1061}","{'id': 47044, 'rank': 16, 'fitness': 0.10072749406621428, 'generation': 1061}","{'id': 47052, 'rank': 17, 'fitness': 0.09659842839217153, 'generation': 1061}","{'id': 47043, 'rank': 18, 'fitness': 0.08905933634671526, 'generation': 1061}","{'id': 47016, 'rank': 19, 'fitness': 0.08297342409462127, 'generation': 1061}","{'id': 47042, 'rank': 20, 'fitness': 0.06421939800210019, 'generation': 1061}","{'id': 47023, 'rank': 21, 'fitness': 0.0614224330459191, 'generation': 1061}","{'id': 47013, 'rank': 22, 'fitness': 0.05181489544083906, 'generation': 1061}","{'id': 47027, 'rank': 23, 'fitness': 0.05013933975382412, 'generation': 1061}","{'id': 47014, 'rank': 24, 'fitness': 0.05012890191898428, 'generation': 1061}","{'id': 47035, 'rank': 25, 'fitness': 0.04792464272876534, 'generation': 1061}","{'id': 47028, 'rank': 26, 'fitness': 0.037576742454353496, 'generation': 1061}","{'id': 47037, 'rank': 27, 'fitness': 0.03373407432138181, 'generation': 1061}","{'id': 47032, 'rank': 28, 'fitness': 0.026117406781513308, 'generation': 1061}","{'id': 47041, 'rank': 29, 'fitness': 0.019213129893299763, 'generation': 1061}","{'id': 47048, 'rank': 30, 'fitness': 0.01798620996209155, 'generation': 1061}"
"{'id': 47081, 'rank': 1, 'fitness': 0.9820137900379085, 'generation': 1062}","{'id': 47075, 'rank': 2, 'fitness': 0.9533920066341454, 'generation': 1062}","{'id': 47088, 'rank': 3, 'fitness': 0.9528155101230007, 'generation': 1062}","{'id': 47062, 'rank': 4, 'fitness': 0.9454477357335747, 'generation': 1062}","{'id': 47090, 'rank': 5, 'fitness': 0.7586810503976592, 'generation': 1062}","{'id': 47086, 'rank': 6, 'fitness': 0.7057466288750239, 'generation': 1062}","{'id': 47095, 'rank': 7, 'fitness': 0.5371302389930857, 'generation': 1062}","{'id': 47093, 'rank': 8, 'fitness': 0.5252659564706467, 'generation': 1062}","{'id': 47092, 'rank': 9, 'fitness': 0.3855100414429915, 'generation': 1062}","{'id': 47079, 'rank': 10, 'fitness': 0.3189837974832733, 'generation': 1062}","{'id': 47071, 'rank': 11, 'fitness': 0.3115239151461583, 'generation': 1062}","{'id': 47091, 'rank': 12, 'fitness': 0.30466486323772546, 'generation': 1062}","{'id': 47097, 'rank': 13, 'fitness': 0.2924205073170065, 'generation': 1062}","{'id': 47094, 'rank': 14, 'fitness': 0.24756589721193023, 'generation': 1062}","{'id': 47084, 'rank': 15, 'fitness': 0.2282637916339968, 'generation': 1062}","{'id': 47064, 'rank': 16, 'fitness': 0.13550815016500306, 'generation': 1062}","{'id': 47073, 'rank': 17, 'fitness': 0.10179918428024781, 'generation': 1062}","{'id': 47083, 'rank': 18, 'fitness': 0.09080399001400108, 'generation': 1062}","{'id': 47096, 'rank': 19, 'fitness': 0.08981332202140169, 'generation': 1062}","{'id': 47089, 'rank': 20, 'fitness': 0.05547223813284735, 'generation': 1062}","{'id': 47061, 'rank': 21, 'fitness': 0.04236711390892356, 'generation': 1062}","{'id': 47085, 'rank': 22, 'fitness': 0.04234889305775269, 'generation': 1062}","{'id': 47082, 'rank': 23, 'fitness': 0.032577327762462305, 'generation': 1062}","{'id': 47059, 'rank': 24, 'fitness': 0.03206884261556853, 'generation': 1062}","{'id': 47077, 'rank': 25, 'fitness': 0.0272404954697692, 'generation': 1062}","{'id': 47074, 'rank': 26, 'fitness': 0.026971356407115232, 'generation': 1062}","{'id': 47080, 'rank': 27, 'fitness': 0.020290926701562628, 'generation': 1062}","{'id': 47087, 'rank': 28, 'fitness': 0.020231386170971755, 'generation': 1062}","{'id': 47067, 'rank': 29, 'fitness': 0.019489982043897458, 'generation': 1062}","{'id': 47068, 'rank': 30, 'fitness': 0.01798620996209155, 'generation': 1062}"
"{'id': 47130, 'rank': 1, 'fitness': 0.9820137900379085, 'generation': 1063}","{'id': 47127, 'rank': 2, 'fitness': 0.8421193650292508, 'generation': 1063}","{'id': 47138, 'rank': 3, 'fitness': 0.8224502427855143, 'generation': 1063}","{'id': 47126, 'rank': 4, 'fitness': 0.8144623284700474, 'generation': 1063}","{'id': 47122, 'rank': 5, 'fitness': 0.7240316368434379, 'generation': 1063}","{'id': 47120, 'rank': 6, 'fitness': 0.6956261840415511, 'generation': 1063}","{'id': 47141, 'rank': 7, 'fitness': 0.6451039601874813, 'generation': 1063}","{'id': 47136, 'rank': 8, 'fitness': 0.615915461700161, 'generation': 1063}","{'id': 47137, 'rank': 9, 'fitness': 0.5835446668832257, 'generation': 1063}","{'id': 47133, 'rank': 10, 'fitness': 0.4755070610358816, 'generation': 1063}","{'id': 47124, 'rank': 11, 'fitness': 0.46502225889128307, 'generation': 1063}","{'id': 47140, 'rank': 12, 'fitness': 0.4299204140524395, 'generation': 1063}","{'id': 47114, 'rank': 13, 'fitness': 0.19891621488729133, 'generation': 1063}","{'id': 47103, 'rank': 14, 'fitness': 0.17832750328975933, 'generation': 1063}","{'id': 47132, 'rank': 15, 'fitness': 0.17096672710137045, 'generation': 1063}","{'id': 47125, 'rank': 16, 'fitness': 0.16920075430719184, 'generation': 1063}","{'id': 47139, 'rank': 17, 'fitness': 0.15272135581920593, 'generation': 1063}","{'id': 47118, 'rank': 18, 'fitness': 0.1431058941167439, 'generation': 1063}","{'id': 47131, 'rank': 19, 'fitness': 0.11761378168020564, 'generation': 1063}","{'id': 47099, 'rank': 20, 'fitness': 0.11186549009638147, 'generation': 1063}","{'id': 47102, 'rank': 21, 'fitness': 0.08447491956954895, 'generation': 1063}","{'id': 47111, 'rank': 22, 'fitness': 0.05872237121757218, 'generation': 1063}","{'id': 47134, 'rank': 23, 'fitness': 0.039900995856398, 'generation': 1063}","{'id': 47128, 'rank': 24, 'fitness': 0.03811933788187949, 'generation': 1063}","{'id': 47112, 'rank': 25, 'fitness': 0.035526312155806705, 'generation': 1063}","{'id': 47108, 'rank': 26, 'fitness': 0.03316329547089736, 'generation': 1063}","{'id': 47115, 'rank': 27, 'fitness': 0.029512111499662375, 'generation': 1063}","{'id': 47109, 'rank': 28, 'fitness': 0.027540701179034843, 'generation': 1063}","{'id': 47119, 'rank': 29, 'fitness': 0.018508581869747354, 'generation': 1063}","{'id': 47116, 'rank': 30, 'fitness': 0.01798620996209155, 'generation': 1063}"
"{'id': 47174, 'rank': 1, 'fitness': 0.9820137900379085, 'generation': 1064}","{'id': 47176, 'rank': 2, 'fitness': 0.9174563211773624, 'generation': 1064}","{'id': 47182, 'rank': 3, 'fitness': 0.835810615220658, 'generation': 1064}","{'id': 47177, 'rank': 4, 'fitness': 0.8332163523417244, 'generation': 1064}","{'id': 47160, 'rank': 5, 'fitness': 0.7411139142594009, 'generation': 1064}","{'id': 47165, 'rank': 6, 'fitness': 0.6167587181529534, 'generation': 1064}","{'id': 47167, 'rank': 7, 'fitness': 0.606284076466346, 'generation': 1064}","{'id': 47156, 'rank': 8, 'fitness': 0.467025471115628, 'generation': 1064}","{'id': 47180, 'rank': 9, 'fitness': 0.40336406277231857, 'generation': 1064}","{'id': 47171, 'rank': 10, 'fitness': 0.3260222121405825, 'generation': 1064}","{'id': 47159, 'rank': 11, 'fitness': 0.3254099241685351, 'generation': 1064}","{'id': 47147, 'rank': 12, 'fitness': 0.2435683417834864, 'generation': 1064}","{'id': 47175, 'rank': 13, 'fitness': 0.23057823081036977, 'generation': 1064}","{'id': 47164, 'rank': 14, 'fitness': 0.1883392217171207, 'generation': 1064}","{'id': 47158, 'rank': 15, 'fitness': 0.1770844530924332, 'generation': 1064}","{'id': 47143, 'rank': 16, 'fitness': 0.10130259315483958, 'generation': 1064}","{'id': 47169, 'rank': 17, 'fitness': 0.09145888331507607, 'generation': 1064}","{'id': 47157, 'rank': 18, 'fitness': 0.08963464807963861, 'generation': 1064}","{'id': 47170, 'rank': 19, 'fitness': 0.08917467555629632, 'generation': 1064}","{'id': 47146, 'rank': 20, 'fitness': 0.07218642196502012, 'generation': 1064}","{'id': 47179, 'rank': 21, 'fitness': 0.05580169731026635, 'generation': 1064}","{'id': 47163, 'rank': 22, 'fitness': 0.053834432139056365, 'generation': 1064}","{'id': 47151, 'rank': 23, 'fitness': 0.053793331244759934, 'generation': 1064}","{'id': 47168, 'rank': 24, 'fitness': 0.048946933790963265, 'generation': 1064}","{'id': 47145, 'rank': 25, 'fitness': 0.04786946134845532, 'generation': 1064}","{'id': 47154, 'rank': 26, 'fitness': 0.04057920915926544, 'generation': 1064}","{'id': 47161, 'rank': 27, 'fitness': 0.03312883297638236, 'generation': 1064}","{'id': 47148, 'rank': 28, 'fitness': 0.025439873959675174, 'generation': 1064}","{'id': 47152, 'rank': 29, 'fitness': 0.02505208950396709, 'generation': 1064}","{'id': 47172, 'rank': 30, 'fitness': 0.01798620996209155, 'generation': 1064}"
"{'id': 47223, 'rank': 1, 'fitness': 0.9820137900379085, 'generation': 1065}","{'id': 47205, 'rank': 2, 'fitness': 0.8672770229117617, 'generation': 1065}","{'id': 47220, 'rank': 3, 'fitness': 0.7685587643948171, 'generation': 1065}","{'id': 47211, 'rank': 4, 'fitness': 0.707752427034145, 'generation': 1065}","{'id': 47221, 'rank': 5, 'fitness': 0.6374762264254437, 'generation': 1065}","{'id': 47207, 'rank': 6, 'fitness': 0.5913216216192176, 'generation': 1065}","{'id': 47208, 'rank': 7, 'fitness': 0.4820711762613937, 'generation': 1065}","{'id': 47218, 'rank': 8, 'fitness': 0.46991389417447416, 'generation': 1065}","{'id': 47216, 'rank': 9, 'fitness': 0.4235665416357689, 'generation': 1065}","{'id': 47219, 'rank': 10, 'fitness': 0.40176104373934896, 'generation': 1065}","{'id': 47224, 'rank': 11, 'fitness': 0.24344896997653875, 'generation': 1065}","{'id': 47209, 'rank': 12, 'fitness': 0.2311146453511838, 'generation': 1065}","{'id': 47222, 'rank': 13, 'fitness': 0.1685845935667452, 'generation': 1065}","{'id': 47212, 'rank': 14, 'fitness': 0.1401897856917214, 'generation': 1065}","{'id': 47210, 'rank': 15, 'fitness': 0.13943536426023018, 'generation': 1065}","{'id': 47201, 'rank': 16, 'fitness': 0.12327071425096697, 'generation': 1065}","{'id': 47192, 'rank': 17, 'fitness': 0.11529271999713242, 'generation': 1065}","{'id': 47202, 'rank': 18, 'fitness': 0.10862761306505148, 'generation': 1065}","{'id': 47213, 'rank': 19, 'fitness': 0.07750994450772786, 'generation': 1065}","{'id': 47184, 'rank': 20, 'fitness': 0.07245416141100658, 'generation': 1065}","{'id': 47194, 'rank': 21, 'fitness': 0.06572239980540812, 'generation': 1065}","{'id': 47204, 'rank': 22, 'fitness': 0.06202605705254166, 'generation': 1065}","{'id': 47196, 'rank': 23, 'fitness': 0.05395151280408117, 'generation': 1065}","{'id': 47214, 'rank': 24, 'fitness': 0.04111940299168343, 'generation': 1065}","{'id': 47190, 'rank': 25, 'fitness': 0.0366009667365898, 'generation': 1065}","{'id': 47203, 'rank': 26, 'fitness': 0.020582265374683106, 'generation': 1065}","{'id': 47187, 'rank': 27, 'fitness': 0.020508584835187416, 'generation': 1065}","{'id': 47195, 'rank': 28, 'fitness': 0.019420518781544605, 'generation': 1065}","{'id': 47197, 'rank': 29, 'fitness': 0.018592064751947524, 'generation': 1065}","{'id': 47191, 'rank': 30, 'fitness': 0.01798620996209155, 'generation': 1065}"
"{'id': 47258, 'rank': 1, 'fitness': 0.9820137900379085, 'generation': 1066}","{'id': 47263, 'rank': 2, 'fitness': 0.8835720954680646, 'generation': 1066}","{'id': 47237, 'rank': 3, 'fitness': 0.6055667426440212, 'generation': 1066}","{'id': 47255, 'rank': 4, 'fitness': 0.5809481088436216, 'generation': 1066}","{'id': 47252, 'rank': 5, 'fitness': 0.5465396293322963, 'generation': 1066}","{'id': 47264, 'rank': 6, 'fitness': 0.4499187425387524, 'generation': 1066}","{'id': 47229, 'rank': 7, 'fitness': 0.4489398519167395, 'generation': 1066}","{'id': 47247, 'rank': 8, 'fitness': 0.42736833893617504, 'generation': 1066}","{'id': 47233, 'rank': 9, 'fitness': 0.4083418736991398, 'generation': 1066}","{'id': 47244, 'rank': 10, 'fitness': 0.4074768425043534, 'generation': 1066}","{'id': 47230, 'rank': 11, 'fitness': 0.34444208259983167, 'generation': 1066}","{'id': 47253, 'rank': 12, 'fitness': 0.2707744201547536, 'generation': 1066}","{'id': 47243, 'rank': 13, 'fitness': 0.2262323176206894, 'generation': 1066}","{'id': 47241, 'rank': 14, 'fitness': 0.2247676409766286, 'generation': 1066}","{'id': 47234, 'rank': 15, 'fitness': 0.21718631256612514, 'generation': 1066}","{'id': 47260, 'rank': 16, 'fitness': 0.1910457773098279, 'generation': 1066}","{'id': 47249, 'rank': 17, 'fitness': 0.15124253079102934, 'generation': 1066}","{'id': 47236, 'rank': 18, 'fitness': 0.1486083255728649, 'generation': 1066}","{'id': 47245, 'rank': 19, 'fitness': 0.13890850680650468, 'generation': 1066}","{'id': 47261, 'rank': 20, 'fitness': 0.10606726179828457, 'generation': 1066}","{'id': 47250, 'rank': 21, 'fitness': 0.09231083415176122, 'generation': 1066}","{'id': 47254, 'rank': 22, 'fitness': 0.08000412917864025, 'generation': 1066}","{'id': 47259, 'rank': 23, 'fitness': 0.06690473298226485, 'generation': 1066}","{'id': 47251, 'rank': 24, 'fitness': 0.04826933779138887, 'generation': 1066}","{'id': 47265, 'rank': 25, 'fitness': 0.04628330628514549, 'generation': 1066}","{'id': 47240, 'rank': 26, 'fitness': 0.042038437771477255, 'generation': 1066}","{'id': 47242, 'rank': 27, 'fitness': 0.04175869003492905, 'generation': 1066}","{'id': 47239, 'rank': 28, 'fitness': 0.026949961187737237, 'generation': 1066}","{'id': 47227, 'rank': 29, 'fitness': 0.02242449886337361, 'generation': 1066}","{'id': 47262, 'rank': 30, 'fitness': 0.01798620996209155, 'generation': 1066}"
"{'id': 47296, 'rank': 1, 'fitness': 0.9820137900379085, 'generation': 1067}","{'id': 47283, 'rank': 2, 'fitness': 0.9777275029889783, 'generation': 1067}","{'id': 47266, 'rank': 3, 'fitness': 0.9604989298742196, 'generation': 1067}","{'id': 47301, 'rank': 4, 'fitness': 0.9551382933830126, 'generation': 1067}","{'id': 47276, 'rank': 5, 'fitness': 0.939717929261062, 'generation': 1067}","{'id': 47269, 'rank': 6, 'fitness': 0.8319705356200408, 'generation': 1067}","{'id': 47277, 'rank': 7, 'fitness': 0.755569184403569, 'generation': 1067}","{'id': 47297, 'rank': 8, 'fitness': 0.6878662822571527, 'generation': 1067}","{'id': 47267, 'rank': 9, 'fitness': 0.6521490082055266, 'generation': 1067}","{'id': 47295, 'rank': 10, 'fitness': 0.4787316971179035, 'generation': 1067}","{'id': 47270, 'rank': 11, 'fitness': 0.46644007779025026, 'generation': 1067}","{'id': 47292, 'rank': 12, 'fitness': 0.42710190850794627, 'generation': 1067}","{'id': 47291, 'rank': 13, 'fitness': 0.3916318172375297, 'generation': 1067}","{'id': 47274, 'rank': 14, 'fitness': 0.3685003883504596, 'generation': 1067}","{'id': 47299, 'rank': 15, 'fitness': 0.3415383329583143, 'generation': 1067}","{'id': 47304, 'rank': 16, 'fitness': 0.3377525351051283, 'generation': 1067}","{'id': 47300, 'rank': 17, 'fitness': 0.3087953362747545, 'generation': 1067}","{'id': 47289, 'rank': 18, 'fitness': 0.2785537210500415, 'generation': 1067}","{'id': 47302, 'rank': 19, 'fitness': 0.25378811686291414, 'generation': 1067}","{'id': 47280, 'rank': 20, 'fitness': 0.18960613971690438, 'generation': 1067}","{'id': 47303, 'rank': 21, 'fitness': 0.17827213940503533, 'generation': 1067}","{'id': 47290, 'rank': 22, 'fitness': 0.061196693800918245, 'generation': 1067}","{'id': 47273, 'rank': 23, 'fitness': 0.057551005507587794, 'generation': 1067}","{'id': 47298, 'rank': 24, 'fitness': 0.05632527713075253, 'generation': 1067}","{'id': 47293, 'rank': 25, 'fitness': 0.046652822496339175, 'generation': 1067}","{'id': 47294, 'rank': 26, 'fitness': 0.0338873557807951, 'generation': 1067}","{'id': 47288, 'rank': 27, 'fitness': 0.026127551034832663, 'generation': 1067}","{'id': 47285, 'rank': 28, 'fitness': 0.02174622003120541, 'generation': 1067}","{'id': 47282, 'rank': 29, 'fitness': 0.021128061714590807, 'generation': 1067}","{'id': 47287, 'rank': 30, 'fitness': 0.01798620996209155, 'generation': 1067}"
"{'id': 47347, 'rank': 1, 'fitness': 0.9820137900379085, 'generation': 1068}","{'id': 47313, 'rank': 2, 'fitness': 0.9521820291802351, 'generation': 1068}","{'id': 47338, 'rank': 3, 'fitness': 0.8862657000273384, 'generation': 1068}","{'id': 47333, 'rank': 4, 'fitness': 0.8135743194426346, 'generation': 1068}","{'id': 47346, 'rank': 5, 'fitness': 0.7780211194805606, 'generation': 1068}","{'id': 47348, 'rank': 6, 'fitness': 0.6723525795326224, 'generation': 1068}","{'id': 47343, 'rank': 7, 'fitness': 0.6552690743378472, 'generation': 1068}","{'id': 47342, 'rank': 8, 'fitness': 0.6028160865021005, 'generation': 1068}","{'id': 47353, 'rank': 9, 'fitness': 0.5968699678357553, 'generation': 1068}","{'id': 47345, 'rank': 10, 'fitness': 0.5414385717536772, 'generation': 1068}","{'id': 47340, 'rank': 11, 'fitness': 0.4050250827151659, 'generation': 1068}","{'id': 47349, 'rank': 12, 'fitness': 0.22687939537396357, 'generation': 1068}","{'id': 47330, 'rank': 13, 'fitness': 0.2231151806115782, 'generation': 1068}","{'id': 47318, 'rank': 14, 'fitness': 0.19486306148537752, 'generation': 1068}","{'id': 47350, 'rank': 15, 'fitness': 0.1313578138363245, 'generation': 1068}","{'id': 47328, 'rank': 16, 'fitness': 0.12235281343765037, 'generation': 1068}","{'id': 47337, 'rank': 17, 'fitness': 0.11470060513478353, 'generation': 1068}","{'id': 47329, 'rank': 18, 'fitness': 0.10109924082787108, 'generation': 1068}","{'id': 47314, 'rank': 19, 'fitness': 0.09622063026579591, 'generation': 1068}","{'id': 47310, 'rank': 20, 'fitness': 0.06299777844289933, 'generation': 1068}","{'id': 47308, 'rank': 21, 'fitness': 0.05106717737463956, 'generation': 1068}","{'id': 47317, 'rank': 22, 'fitness': 0.049489957536188844, 'generation': 1068}","{'id': 47339, 'rank': 23, 'fitness': 0.04651041905492842, 'generation': 1068}","{'id': 47354, 'rank': 24, 'fitness': 0.035983884544448785, 'generation': 1068}","{'id': 47335, 'rank': 25, 'fitness': 0.033544711776276936, 'generation': 1068}","{'id': 47352, 'rank': 26, 'fitness': 0.030945257375494972, 'generation': 1068}","{'id': 47324, 'rank': 27, 'fitness': 0.023625704361810995, 'generation': 1068}","{'id': 47315, 'rank': 28, 'fitness': 0.02141043121177122, 'generation': 1068}","{'id': 47325, 'rank': 29, 'fitness': 0.018672481685963638, 'generation': 1068}","{'id': 47334, 'rank': 30, 'fitness': 0.01798620996209155, 'generation': 1068}"
"{'id': 47393, 'rank': 1, 'fitness': 0.9820137900379085, 'generation': 1069}","{'id': 47399, 'rank': 2, 'fitness': 0.9764893386104521, 'generation': 1069}","{'id': 47392, 'rank': 3, 'fitness': 0.9548670623378408, 'generation': 1069}","{'id': 47387, 'rank': 4, 'fitness': 0.9314873957753136, 'generation': 1069}","{'id': 47394, 'rank': 5, 'fitness': 0.8914345761220678, 'generation': 1069}","{'id': 47378, 'rank': 6, 'fitness': 0.7891913169067992, 'generation': 1069}","{'id': 47396, 'rank': 7, 'fitness': 0.7698382676352611, 'generation': 1069}","{'id': 47383, 'rank': 8, 'fitness': 0.6425795829096661, 'generation': 1069}","{'id': 47359, 'rank': 9, 'fitness': 0.4068818257350267, 'generation': 1069}","{'id': 47389, 'rank': 10, 'fitness': 0.33167867134687967, 'generation': 1069}","{'id': 47372, 'rank': 11, 'fitness': 0.2563984093588174, 'generation': 1069}","{'id': 47390, 'rank': 12, 'fitness': 0.23671187121770848, 'generation': 1069}","{'id': 47380, 'rank': 13, 'fitness': 0.20958171784054141, 'generation': 1069}","{'id': 47391, 'rank': 14, 'fitness': 0.18181508679734887, 'generation': 1069}","{'id': 47379, 'rank': 15, 'fitness': 0.1413798938978192, 'generation': 1069}","{'id': 47397, 'rank': 16, 'fitness': 0.11885618833098877, 'generation': 1069}","{'id': 47366, 'rank': 17, 'fitness': 0.1103446046335877, 'generation': 1069}","{'id': 47388, 'rank': 18, 'fitness': 0.10339858096644383, 'generation': 1069}","{'id': 47384, 'rank': 19, 'fitness': 0.10130028421157217, 'generation': 1069}","{'id': 47361, 'rank': 20, 'fitness': 0.08995469791861122, 'generation': 1069}","{'id': 47365, 'rank': 21, 'fitness': 0.08630709811624032, 'generation': 1069}","{'id': 47355, 'rank': 22, 'fitness': 0.0802010868249276, 'generation': 1069}","{'id': 47368, 'rank': 23, 'fitness': 0.06539527120249639, 'generation': 1069}","{'id': 47375, 'rank': 24, 'fitness': 0.05946542066856936, 'generation': 1069}","{'id': 47371, 'rank': 25, 'fitness': 0.05510065433052824, 'generation': 1069}","{'id': 47398, 'rank': 26, 'fitness': 0.05435878577166181, 'generation': 1069}","{'id': 47382, 'rank': 27, 'fitness': 0.036508478142536605, 'generation': 1069}","{'id': 47385, 'rank': 28, 'fitness': 0.02246884130865101, 'generation': 1069}","{'id': 47369, 'rank': 29, 'fitness': 0.0184612803814429, 'generation': 1069}","{'id': 47357, 'rank': 30, 'fitness': 0.01798620996209155, 'generation': 1069}"
"{'id': 47441, 'rank': 1, 'fitness': 0.9820137900379085, 'generation': 1070}","{'id': 47442, 'rank': 2, 'fitness': 0.7725764578850747, 'generation': 1070}","{'id': 47447, 'rank': 3, 'fitness': 0.7081245939932136, 'generation': 1070}","{'id': 47437, 'rank': 4, 'fitness': 0.6197455365183034, 'generation': 1070}","{'id': 47451, 'rank': 5, 'fitness': 0.5163617137804353, 'generation': 1070}","{'id': 47426, 'rank': 6, 'fitness': 0.30008567909311074, 'generation': 1070}","{'id': 47450, 'rank': 7, 'fitness': 0.19018069593784426, 'generation': 1070}","{'id': 47407, 'rank': 8, 'fitness': 0.14760112713543694, 'generation': 1070}","{'id': 47446, 'rank': 9, 'fitness': 0.13981266645948676, 'generation': 1070}","{'id': 47405, 'rank': 10, 'fitness': 0.12361723582026807, 'generation': 1070}","{'id': 47430, 'rank': 11, 'fitness': 0.09479773588771245, 'generation': 1070}","{'id': 47448, 'rank': 12, 'fitness': 0.08948987766624128, 'generation': 1070}","{'id': 47410, 'rank': 13, 'fitness': 0.07110236440360829, 'generation': 1070}","{'id': 47429, 'rank': 14, 'fitness': 0.06630117305328564, 'generation': 1070}","{'id': 47423, 'rank': 15, 'fitness': 0.05983883974821014, 'generation': 1070}","{'id': 47419, 'rank': 16, 'fitness': 0.052849704592552726, 'generation': 1070}","{'id': 47418, 'rank': 17, 'fitness': 0.0413082445867376, 'generation': 1070}","{'id': 47417, 'rank': 18, 'fitness': 0.04034727548913819, 'generation': 1070}","{'id': 47427, 'rank': 19, 'fitness': 0.03709781269492407, 'generation': 1070}","{'id': 47433, 'rank': 20, 'fitness': 0.03581054873132061, 'generation': 1070}","{'id': 47432, 'rank': 21, 'fitness': 0.03575170932098637, 'generation': 1070}","{'id': 47401, 'rank': 22, 'fitness': 0.03454420841836303, 'generation': 1070}","{'id': 47406, 'rank': 23, 'fitness': 0.032159424611263976, 'generation': 1070}","{'id': 47412, 'rank': 24, 'fitness': 0.032143783532990855, 'generation': 1070}","{'id': 47424, 'rank': 25, 'fitness': 0.031034106270549755, 'generation': 1070}","{'id': 47438, 'rank': 26, 'fitness': 0.029438893991552362, 'generation': 1070}","{'id': 47422, 'rank': 27, 'fitness': 0.022335303483280444, 'generation': 1070}","{'id': 47440, 'rank': 28, 'fitness': 0.02174239435678177, 'generation': 1070}","{'id': 47413, 'rank': 29, 'fitness': 0.020856185680593053, 'generation': 1070}","{'id': 47436, 'rank': 30, 'fitness': 0.01798620996209155, 'generation': 1070}"
"{'id': 47480, 'rank': 1, 'fitness': 0.9820137900379085, 'generation': 1071}","{'id': 47476, 'rank': 2, 'fitness': 0.9484538770458423, 'generation': 1071}","{'id': 47490, 'rank': 3, 'fitness': 0.8990675930031805, 'generation': 1071}","{'id': 47484, 'rank': 4, 'fitness': 0.8414264466346519, 'generation': 1071}","{'id': 47491, 'rank': 5, 'fitness': 0.8092627263917601, 'generation': 1071}","{'id': 47486, 'rank': 6, 'fitness': 0.8051514969770481, 'generation': 1071}","{'id': 47488, 'rank': 7, 'fitness': 0.5120562643076432, 'generation': 1071}","{'id': 47453, 'rank': 8, 'fitness': 0.5094442478138602, 'generation': 1071}","{'id': 47470, 'rank': 9, 'fitness': 0.5088793980140986, 'generation': 1071}","{'id': 47483, 'rank': 10, 'fitness': 0.46853236573999735, 'generation': 1071}","{'id': 47472, 'rank': 11, 'fitness': 0.4569027582113426, 'generation': 1071}","{'id': 47462, 'rank': 12, 'fitness': 0.44195786515719515, 'generation': 1071}","{'id': 47469, 'rank': 13, 'fitness': 0.32267389644441713, 'generation': 1071}","{'id': 47477, 'rank': 14, 'fitness': 0.3226187550703429, 'generation': 1071}","{'id': 47455, 'rank': 15, 'fitness': 0.22288422964494847, 'generation': 1071}","{'id': 47479, 'rank': 16, 'fitness': 0.20889413897146175, 'generation': 1071}","{'id': 47475, 'rank': 17, 'fitness': 0.20572183225042973, 'generation': 1071}","{'id': 47454, 'rank': 18, 'fitness': 0.17500606727271645, 'generation': 1071}","{'id': 47492, 'rank': 19, 'fitness': 0.16676534867249782, 'generation': 1071}","{'id': 47474, 'rank': 20, 'fitness': 0.1647932790963415, 'generation': 1071}","{'id': 47473, 'rank': 21, 'fitness': 0.11268676452971865, 'generation': 1071}","{'id': 47468, 'rank': 22, 'fitness': 0.10148706075581221, 'generation': 1071}","{'id': 47467, 'rank': 23, 'fitness': 0.09538688268303874, 'generation': 1071}","{'id': 47460, 'rank': 24, 'fitness': 0.06760996462742436, 'generation': 1071}","{'id': 47459, 'rank': 25, 'fitness': 0.05176764496006331, 'generation': 1071}","{'id': 47489, 'rank': 26, 'fitness': 0.04779149910991831, 'generation': 1071}","{'id': 47482, 'rank': 27, 'fitness': 0.03942302111962298, 'generation': 1071}","{'id': 47481, 'rank': 28, 'fitness': 0.039422217198857024, 'generation': 1071}","{'id': 47461, 'rank': 29, 'fitness': 0.031022379663814603, 'generation': 1071}","{'id': 47487, 'rank': 30, 'fitness': 0.01798620996209155, 'generation': 1071}"
"{'id': 47523, 'rank': 1, 'fitness': 0.9820137900379085, 'generation': 1072}","{'id': 47535, 'rank': 2, 'fitness': 0.9375602858826155, 'generation': 1072}","{'id': 47534, 'rank': 3, 'fitness': 0.9360183609027866, 'generation': 1072}","{'id': 47521, 'rank': 4, 'fitness': 0.8303086021778524, 'generation': 1072}","{'id': 47499, 'rank': 5, 'fitness': 0.6951190813430643, 'generation': 1072}","{'id': 47518, 'rank': 6, 'fitness': 0.6364564259546344, 'generation': 1072}","{'id': 47510, 'rank': 7, 'fitness': 0.5507916939288371, 'generation': 1072}","{'id': 47540, 'rank': 8, 'fitness': 0.5074608309527274, 'generation': 1072}","{'id': 47522, 'rank': 9, 'fitness': 0.44844674946046253, 'generation': 1072}","{'id': 47520, 'rank': 10, 'fitness': 0.4328674918443999, 'generation': 1072}","{'id': 47526, 'rank': 11, 'fitness': 0.41077848911725967, 'generation': 1072}","{'id': 47538, 'rank': 12, 'fitness': 0.37991256047427235, 'generation': 1072}","{'id': 47528, 'rank': 13, 'fitness': 0.36831689487109354, 'generation': 1072}","{'id': 47527, 'rank': 14, 'fitness': 0.3145025547743232, 'generation': 1072}","{'id': 47541, 'rank': 15, 'fitness': 0.27536319491050676, 'generation': 1072}","{'id': 47505, 'rank': 16, 'fitness': 0.26995298155844466, 'generation': 1072}","{'id': 47506, 'rank': 17, 'fitness': 0.2690968888117721, 'generation': 1072}","{'id': 47542, 'rank': 18, 'fitness': 0.2592140433477821, 'generation': 1072}","{'id': 47514, 'rank': 19, 'fitness': 0.2362561550671714, 'generation': 1072}","{'id': 47533, 'rank': 20, 'fitness': 0.2238997927354639, 'generation': 1072}","{'id': 47530, 'rank': 21, 'fitness': 0.2043686134289831, 'generation': 1072}","{'id': 47493, 'rank': 22, 'fitness': 0.1829708627064932, 'generation': 1072}","{'id': 47495, 'rank': 23, 'fitness': 0.11687383563334097, 'generation': 1072}","{'id': 47504, 'rank': 24, 'fitness': 0.11622759235298208, 'generation': 1072}","{'id': 47497, 'rank': 25, 'fitness': 0.10248224056492483, 'generation': 1072}","{'id': 47509, 'rank': 26, 'fitness': 0.05200626670573588, 'generation': 1072}","{'id': 47536, 'rank': 27, 'fitness': 0.03420166017734794, 'generation': 1072}","{'id': 47513, 'rank': 28, 'fitness': 0.032232577151326325, 'generation': 1072}","{'id': 47516, 'rank': 29, 'fitness': 0.021578699032267834, 'generation': 1072}","{'id': 47511, 'rank': 30, 'fitness': 0.01798620996209155, 'generation': 1072}"
"{'id': 47584, 'rank': 1, 'fitness': 0.9820137900379085, 'generation': 1073}","{'id': 47564, 'rank': 2, 'fitness': 0.968407920962084, 'generation': 1073}","{'id': 47572, 'rank': 3, 'fitness': 0.9139311504376031, 'generation': 1073}","{'id': 47552, 'rank': 4, 'fitness': 0.8543213480668829, 'generation': 1073}","{'id': 47575, 'rank': 5, 'fitness': 0.787717462178399, 'generation': 1073}","{'id': 47580, 'rank': 6, 'fitness': 0.5768852750291861, 'generation': 1073}","{'id': 47565, 'rank': 7, 'fitness': 0.4685822922920574, 'generation': 1073}","{'id': 47569, 'rank': 8, 'fitness': 0.317062558255077, 'generation': 1073}","{'id': 47553, 'rank': 9, 'fitness': 0.3077372196959085, 'generation': 1073}","{'id': 47554, 'rank': 10, 'fitness': 0.29991302660955377, 'generation': 1073}","{'id': 47574, 'rank': 11, 'fitness': 0.22854533034028723, 'generation': 1073}","{'id': 47543, 'rank': 12, 'fitness': 0.21746942641631584, 'generation': 1073}","{'id': 47582, 'rank': 13, 'fitness': 0.18504342003115792, 'generation': 1073}","{'id': 47545, 'rank': 14, 'fitness': 0.12361676940611904, 'generation': 1073}","{'id': 47579, 'rank': 15, 'fitness': 0.09725146890036235, 'generation': 1073}","{'id': 47586, 'rank': 16, 'fitness': 0.0960663111083821, 'generation': 1073}","{'id': 47570, 'rank': 17, 'fitness': 0.09532663960283166, 'generation': 1073}","{'id': 47577, 'rank': 18, 'fitness': 0.08265306523083815, 'generation': 1073}","{'id': 47561, 'rank': 19, 'fitness': 0.05650209514037635, 'generation': 1073}","{'id': 47576, 'rank': 20, 'fitness': 0.044581869562519694, 'generation': 1073}","{'id': 47587, 'rank': 21, 'fitness': 0.03909624739700124, 'generation': 1073}","{'id': 47560, 'rank': 22, 'fitness': 0.0360408126098703, 'generation': 1073}","{'id': 47567, 'rank': 23, 'fitness': 0.030369827304105812, 'generation': 1073}","{'id': 47562, 'rank': 24, 'fitness': 0.0302427928372902, 'generation': 1073}","{'id': 47558, 'rank': 25, 'fitness': 0.026992019434071646, 'generation': 1073}","{'id': 47547, 'rank': 26, 'fitness': 0.024072210309537878, 'generation': 1073}","{'id': 47557, 'rank': 27, 'fitness': 0.023844427208399077, 'generation': 1073}","{'id': 47563, 'rank': 28, 'fitness': 0.02135262613179545, 'generation': 1073}","{'id': 47556, 'rank': 29, 'fitness': 0.020688554977541407, 'generation': 1073}","{'id': 47551, 'rank': 30, 'fitness': 0.01798620996209155, 'generation': 1073}"
"{'id': 47614, 'rank': 1, 'fitness': 0.9820137900379085, 'generation': 1074}","{'id': 47622, 'rank': 2, 'fitness': 0.9091912073469395, 'generation': 1074}","{'id': 47611, 'rank': 3, 'fitness': 0.8937376074535227, 'generation': 1074}","{'id': 47619, 'rank': 4, 'fitness': 0.8133381857666819, 'generation': 1074}","{'id': 47626, 'rank': 5, 'fitness': 0.7782406028286117, 'generation': 1074}","{'id': 47629, 'rank': 6, 'fitness': 0.5646595659612397, 'generation': 1074}","{'id': 47612, 'rank': 7, 'fitness': 0.42759718120714496, 'generation': 1074}","{'id': 47621, 'rank': 8, 'fitness': 0.42063548001864076, 'generation': 1074}","{'id': 47632, 'rank': 9, 'fitness': 0.4159305212295148, 'generation': 1074}","{'id': 47603, 'rank': 10, 'fitness': 0.35158667997336934, 'generation': 1074}","{'id': 47624, 'rank': 11, 'fitness': 0.3308151795498303, 'generation': 1074}","{'id': 47627, 'rank': 12, 'fitness': 0.3236182521716159, 'generation': 1074}","{'id': 47600, 'rank': 13, 'fitness': 0.20850131695443663, 'generation': 1074}","{'id': 47625, 'rank': 14, 'fitness': 0.13949355863706475, 'generation': 1074}","{'id': 47630, 'rank': 15, 'fitness': 0.12239439225044035, 'generation': 1074}","{'id': 47609, 'rank': 16, 'fitness': 0.11995825278104244, 'generation': 1074}","{'id': 47596, 'rank': 17, 'fitness': 0.09824369074785089, 'generation': 1074}","{'id': 47620, 'rank': 18, 'fitness': 0.06664279812457485, 'generation': 1074}","{'id': 47601, 'rank': 19, 'fitness': 0.04960145916921749, 'generation': 1074}","{'id': 47605, 'rank': 20, 'fitness': 0.04760114726095038, 'generation': 1074}","{'id': 47616, 'rank': 21, 'fitness': 0.04439607089546238, 'generation': 1074}","{'id': 47623, 'rank': 22, 'fitness': 0.03850427070237905, 'generation': 1074}","{'id': 47588, 'rank': 23, 'fitness': 0.03718895280453294, 'generation': 1074}","{'id': 47631, 'rank': 24, 'fitness': 0.03514242416632246, 'generation': 1074}","{'id': 47613, 'rank': 25, 'fitness': 0.032388863006913626, 'generation': 1074}","{'id': 47618, 'rank': 26, 'fitness': 0.022951419068420742, 'generation': 1074}","{'id': 47608, 'rank': 27, 'fitness': 0.022547481123467605, 'generation': 1074}","{'id': 47597, 'rank': 28, 'fitness': 0.021982395808558985, 'generation': 1074}","{'id': 47607, 'rank': 29, 'fitness': 0.02025776465922896, 'generation': 1074}","{'id': 47617, 'rank': 30, 'fitness': 0.01798620996209155, 'generation': 1074}"
"{'id': 47674, 'rank': 1, 'fitness': 0.9820137900379085, 'generation': 1075}","{'id': 47673, 'rank': 2, 'fitness': 0.8376422273992017, 'generation': 1075}","{'id': 47644, 'rank': 3, 'fitness': 0.7470439149653834, 'generation': 1075}","{'id': 47649, 'rank': 4, 'fitness': 0.7077956647066169, 'generation': 1075}","{'id': 47661, 'rank': 5, 'fitness': 0.6571148463499404, 'generation': 1075}","{'id': 47635, 'rank': 6, 'fitness': 0.5624240623863944, 'generation': 1075}","{'id': 47663, 'rank': 7, 'fitness': 0.328669266458295, 'generation': 1075}","{'id': 47656, 'rank': 8, 'fitness': 0.31995256796615124, 'generation': 1075}","{'id': 47645, 'rank': 9, 'fitness': 0.317948285358683, 'generation': 1075}","{'id': 47672, 'rank': 10, 'fitness': 0.2652738702578684, 'generation': 1075}","{'id': 47662, 'rank': 11, 'fitness': 0.26470975168518873, 'generation': 1075}","{'id': 47655, 'rank': 12, 'fitness': 0.25813470141045275, 'generation': 1075}","{'id': 47660, 'rank': 13, 'fitness': 0.174682915464274, 'generation': 1075}","{'id': 47652, 'rank': 14, 'fitness': 0.17290544564172255, 'generation': 1075}","{'id': 47667, 'rank': 15, 'fitness': 0.1452271947984845, 'generation': 1075}","{'id': 47643, 'rank': 16, 'fitness': 0.144026883915426, 'generation': 1075}","{'id': 47666, 'rank': 17, 'fitness': 0.10068843091762603, 'generation': 1075}","{'id': 47665, 'rank': 18, 'fitness': 0.1005992465797535, 'generation': 1075}","{'id': 47664, 'rank': 19, 'fitness': 0.09609776234429601, 'generation': 1075}","{'id': 47636, 'rank': 20, 'fitness': 0.0834158205438319, 'generation': 1075}","{'id': 47676, 'rank': 21, 'fitness': 0.07112620746727477, 'generation': 1075}","{'id': 47651, 'rank': 22, 'fitness': 0.06748378761567286, 'generation': 1075}","{'id': 47634, 'rank': 23, 'fitness': 0.056951333098828494, 'generation': 1075}","{'id': 47670, 'rank': 24, 'fitness': 0.05030698438255349, 'generation': 1075}","{'id': 47658, 'rank': 25, 'fitness': 0.04613406103227902, 'generation': 1075}","{'id': 47659, 'rank': 26, 'fitness': 0.03968872677051932, 'generation': 1075}","{'id': 47637, 'rank': 27, 'fitness': 0.03394721402966544, 'generation': 1075}","{'id': 47650, 'rank': 28, 'fitness': 0.02522121240575681, 'generation': 1075}","{'id': 47640, 'rank': 29, 'fitness': 0.02000177235986067, 'generation': 1075}","{'id': 47633, 'rank': 30, 'fitness': 0.01798620996209155, 'generation': 1075}"
"{'id': 47704, 'rank': 1, 'fitness': 0.9820137900379085, 'generation': 1076}","{'id': 47697, 'rank': 2, 'fitness': 0.9371513669730281, 'generation': 1076}","{'id': 47693, 'rank': 3, 'fitness': 0.7126269347480468, 'generation': 1076}","{'id': 47712, 'rank': 4, 'fitness': 0.708475718642425, 'generation': 1076}","{'id': 47705, 'rank': 5, 'fitness': 0.6306506384769656, 'generation': 1076}","{'id': 47700, 'rank': 6, 'fitness': 0.561862282840009, 'generation': 1076}","{'id': 47706, 'rank': 7, 'fitness': 0.4876746523972237, 'generation': 1076}","{'id': 47707, 'rank': 8, 'fitness': 0.4389084122966169, 'generation': 1076}","{'id': 47709, 'rank': 9, 'fitness': 0.3963938303547795, 'generation': 1076}","{'id': 47699, 'rank': 10, 'fitness': 0.3951608446690589, 'generation': 1076}","{'id': 47687, 'rank': 11, 'fitness': 0.32141214118552675, 'generation': 1076}","{'id': 47702, 'rank': 12, 'fitness': 0.3087624724203525, 'generation': 1076}","{'id': 47688, 'rank': 13, 'fitness': 0.2778008558339294, 'generation': 1076}","{'id': 47696, 'rank': 14, 'fitness': 0.15458011002938815, 'generation': 1076}","{'id': 47690, 'rank': 15, 'fitness': 0.11407362495467588, 'generation': 1076}","{'id': 47708, 'rank': 16, 'fitness': 0.10138532182612625, 'generation': 1076}","{'id': 47710, 'rank': 17, 'fitness': 0.08329856368980149, 'generation': 1076}","{'id': 47689, 'rank': 18, 'fitness': 0.08182519782317743, 'generation': 1076}","{'id': 47679, 'rank': 19, 'fitness': 0.08147371666340536, 'generation': 1076}","{'id': 47711, 'rank': 20, 'fitness': 0.07826825323210879, 'generation': 1076}","{'id': 47677, 'rank': 21, 'fitness': 0.05580973679193946, 'generation': 1076}","{'id': 47680, 'rank': 22, 'fitness': 0.05087692108101849, 'generation': 1076}","{'id': 47691, 'rank': 23, 'fitness': 0.0420605733091039, 'generation': 1076}","{'id': 47678, 'rank': 24, 'fitness': 0.04086426276171923, 'generation': 1076}","{'id': 47698, 'rank': 25, 'fitness': 0.03502018604116486, 'generation': 1076}","{'id': 47701, 'rank': 26, 'fitness': 0.03500824830676841, 'generation': 1076}","{'id': 47695, 'rank': 27, 'fitness': 0.030651900142662503, 'generation': 1076}","{'id': 47685, 'rank': 28, 'fitness': 0.023961547454201704, 'generation': 1076}","{'id': 47684, 'rank': 29, 'fitness': 0.022747192847840436, 'generation': 1076}","{'id': 47703, 'rank': 30, 'fitness': 0.01798620996209155, 'generation': 1076}"
"{'id': 47726, 'rank': 1, 'fitness': 0.9820137900379085, 'generation': 1077}","{'id': 47746, 'rank': 2, 'fitness': 0.9466938862771626, 'generation': 1077}","{'id': 47714, 'rank': 3, 'fitness': 0.9172884262457562, 'generation': 1077}","{'id': 47744, 'rank': 4, 'fitness': 0.9030828156384655, 'generation': 1077}","{'id': 47728, 'rank': 5, 'fitness': 0.8016778454939066, 'generation': 1077}","{'id': 47716, 'rank': 6, 'fitness': 0.7386547410662005, 'generation': 1077}","{'id': 47743, 'rank': 7, 'fitness': 0.7053124064486583, 'generation': 1077}","{'id': 47749, 'rank': 8, 'fitness': 0.6953662197666342, 'generation': 1077}","{'id': 47732, 'rank': 9, 'fitness': 0.6487290523606082, 'generation': 1077}","{'id': 47735, 'rank': 10, 'fitness': 0.6201727322072661, 'generation': 1077}","{'id': 47718, 'rank': 11, 'fitness': 0.5716353505894809, 'generation': 1077}","{'id': 47734, 'rank': 12, 'fitness': 0.5010626644889234, 'generation': 1077}","{'id': 47725, 'rank': 13, 'fitness': 0.43563850416409655, 'generation': 1077}","{'id': 47745, 'rank': 14, 'fitness': 0.40081342876514503, 'generation': 1077}","{'id': 47747, 'rank': 15, 'fitness': 0.3500649621056686, 'generation': 1077}","{'id': 47723, 'rank': 16, 'fitness': 0.3273649971743412, 'generation': 1077}","{'id': 47736, 'rank': 17, 'fitness': 0.23764327513892913, 'generation': 1077}","{'id': 47750, 'rank': 18, 'fitness': 0.20817774758206625, 'generation': 1077}","{'id': 47738, 'rank': 19, 'fitness': 0.19945596515297365, 'generation': 1077}","{'id': 47751, 'rank': 20, 'fitness': 0.16868155256460404, 'generation': 1077}","{'id': 47741, 'rank': 21, 'fitness': 0.14662664047250068, 'generation': 1077}","{'id': 47737, 'rank': 22, 'fitness': 0.11871008159190538, 'generation': 1077}","{'id': 47731, 'rank': 23, 'fitness': 0.05383971809861754, 'generation': 1077}","{'id': 47730, 'rank': 24, 'fitness': 0.048306175016442576, 'generation': 1077}","{'id': 47742, 'rank': 25, 'fitness': 0.04625331154210638, 'generation': 1077}","{'id': 47721, 'rank': 26, 'fitness': 0.03553661352787496, 'generation': 1077}","{'id': 47739, 'rank': 27, 'fitness': 0.03330304861540273, 'generation': 1077}","{'id': 47748, 'rank': 28, 'fitness': 0.030561639140256225, 'generation': 1077}","{'id': 47719, 'rank': 29, 'fitness': 0.0187151266536576, 'generation': 1077}","{'id': 47724, 'rank': 30, 'fitness': 0.01798620996209155, 'generation': 1077}"
"{'id': 47803, 'rank': 1, 'fitness': 0.9820137900379085, 'generation': 1078}","{'id': 47802, 'rank': 2, 'fitness': 0.9795677859239915, 'generation': 1078}","{'id': 47768, 'rank': 3, 'fitness': 0.968215292651609, 'generation': 1078}","{'id': 47771, 'rank': 4, 'fitness': 0.9267848105838394, 'generation': 1078}","{'id': 47798, 'rank': 5, 'fitness': 0.9232307839454237, 'generation': 1078}","{'id': 47797, 'rank': 6, 'fitness': 0.8462388282260891, 'generation': 1078}","{'id': 47796, 'rank': 7, 'fitness': 0.8325069356261696, 'generation': 1078}","{'id': 47762, 'rank': 8, 'fitness': 0.689060040233365, 'generation': 1078}","{'id': 47787, 'rank': 9, 'fitness': 0.6308183325211388, 'generation': 1078}","{'id': 47799, 'rank': 10, 'fitness': 0.617740159193938, 'generation': 1078}","{'id': 47801, 'rank': 11, 'fitness': 0.4646194110561621, 'generation': 1078}","{'id': 47783, 'rank': 12, 'fitness': 0.4564156307395454, 'generation': 1078}","{'id': 47772, 'rank': 13, 'fitness': 0.3802804449918836, 'generation': 1078}","{'id': 47805, 'rank': 14, 'fitness': 0.3260226737945678, 'generation': 1078}","{'id': 47790, 'rank': 15, 'fitness': 0.24093105194220538, 'generation': 1078}","{'id': 47758, 'rank': 16, 'fitness': 0.21717143532028305, 'generation': 1078}","{'id': 47770, 'rank': 17, 'fitness': 0.17358135143883607, 'generation': 1078}","{'id': 47774, 'rank': 18, 'fitness': 0.17192009030438948, 'generation': 1078}","{'id': 47804, 'rank': 19, 'fitness': 0.10464986481703897, 'generation': 1078}","{'id': 47786, 'rank': 20, 'fitness': 0.06084214977620539, 'generation': 1078}","{'id': 47761, 'rank': 21, 'fitness': 0.046832491251303066, 'generation': 1078}","{'id': 47765, 'rank': 22, 'fitness': 0.042327805007417285, 'generation': 1078}","{'id': 47795, 'rank': 23, 'fitness': 0.04191840740941816, 'generation': 1078}","{'id': 47788, 'rank': 24, 'fitness': 0.03527716728781427, 'generation': 1078}","{'id': 47760, 'rank': 25, 'fitness': 0.03404119885809709, 'generation': 1078}","{'id': 47782, 'rank': 26, 'fitness': 0.029057175508337474, 'generation': 1078}","{'id': 47794, 'rank': 27, 'fitness': 0.023507683300571847, 'generation': 1078}","{'id': 47793, 'rank': 28, 'fitness': 0.020192432348518086, 'generation': 1078}","{'id': 47780, 'rank': 29, 'fitness': 0.01851185647514303, 'generation': 1078}","{'id': 47781, 'rank': 30, 'fitness': 0.01798620996209155, 'generation': 1078}"
"{'id': 47829, 'rank': 1, 'fitness': 0.9820137900379085, 'generation': 1079}","{'id': 47841, 'rank': 2, 'fitness': 0.9409725641110823, 'generation': 1079}","{'id': 47844, 'rank': 3, 'fitness': 0.8911285320776232, 'generation': 1079}","{'id': 47851, 'rank': 4, 'fitness': 0.7991653518032731, 'generation': 1079}","{'id': 47849, 'rank': 5, 'fitness': 0.7173296292527813, 'generation': 1079}","{'id': 47830, 'rank': 6, 'fitness': 0.6017638258689431, 'generation': 1079}","{'id': 47854, 'rank': 7, 'fitness': 0.4369664443304655, 'generation': 1079}","{'id': 47853, 'rank': 8, 'fitness': 0.41268609115665594, 'generation': 1079}","{'id': 47834, 'rank': 9, 'fitness': 0.39621436246628017, 'generation': 1079}","{'id': 47838, 'rank': 10, 'fitness': 0.3738050308895198, 'generation': 1079}","{'id': 47848, 'rank': 11, 'fitness': 0.3247812034600725, 'generation': 1079}","{'id': 47836, 'rank': 12, 'fitness': 0.2383345737968593, 'generation': 1079}","{'id': 47823, 'rank': 13, 'fitness': 0.22301950529199444, 'generation': 1079}","{'id': 47828, 'rank': 14, 'fitness': 0.21460899291353508, 'generation': 1079}","{'id': 47835, 'rank': 15, 'fitness': 0.14961568853505747, 'generation': 1079}","{'id': 47855, 'rank': 16, 'fitness': 0.13011780807111428, 'generation': 1079}","{'id': 47850, 'rank': 17, 'fitness': 0.12555308896778317, 'generation': 1079}","{'id': 47808, 'rank': 18, 'fitness': 0.12320306279712473, 'generation': 1079}","{'id': 47842, 'rank': 19, 'fitness': 0.10469502354069915, 'generation': 1079}","{'id': 47845, 'rank': 20, 'fitness': 0.10142048422682726, 'generation': 1079}","{'id': 47847, 'rank': 21, 'fitness': 0.09126809310750195, 'generation': 1079}","{'id': 47843, 'rank': 22, 'fitness': 0.06959895237883362, 'generation': 1079}","{'id': 47812, 'rank': 23, 'fitness': 0.060185102832066295, 'generation': 1079}","{'id': 47822, 'rank': 24, 'fitness': 0.04814418403633808, 'generation': 1079}","{'id': 47840, 'rank': 25, 'fitness': 0.02755885662072366, 'generation': 1079}","{'id': 47846, 'rank': 26, 'fitness': 0.025400787390559232, 'generation': 1079}","{'id': 47833, 'rank': 27, 'fitness': 0.018479234050947646, 'generation': 1079}","{'id': 47816, 'rank': 28, 'fitness': 0.01828677731534556, 'generation': 1079}","{'id': 47806, 'rank': 29, 'fitness': 0.018080939998396106, 'generation': 1079}","{'id': 47825, 'rank': 30, 'fitness': 0.01798620996209155, 'generation': 1079}"
"{'id': 47889, 'rank': 1, 'fitness': 0.9820137900379085, 'generation': 1080}","{'id': 47897, 'rank': 2, 'fitness': 0.9436307105930186, 'generation': 1080}","{'id': 47884, 'rank': 3, 'fitness': 0.8668453042109175, 'generation': 1080}","{'id': 47895, 'rank': 4, 'fitness': 0.8658555242428407, 'generation': 1080}","{'id': 47894, 'rank': 5, 'fitness': 0.8008608760689209, 'generation': 1080}","{'id': 47896, 'rank': 6, 'fitness': 0.6521974881838928, 'generation': 1080}","{'id': 47864, 'rank': 7, 'fitness': 0.49223505324751493, 'generation': 1080}","{'id': 47870, 'rank': 8, 'fitness': 0.4678320917187941, 'generation': 1080}","{'id': 47876, 'rank': 9, 'fitness': 0.36328515548925144, 'generation': 1080}","{'id': 47892, 'rank': 10, 'fitness': 0.3510550758639004, 'generation': 1080}","{'id': 47883, 'rank': 11, 'fitness': 0.28026623001356044, 'generation': 1080}","{'id': 47891, 'rank': 12, 'fitness': 0.21333109854514948, 'generation': 1080}","{'id': 47899, 'rank': 13, 'fitness': 0.1774813543612459, 'generation': 1080}","{'id': 47900, 'rank': 14, 'fitness': 0.16693693915492536, 'generation': 1080}","{'id': 47885, 'rank': 15, 'fitness': 0.15863927312604886, 'generation': 1080}","{'id': 47867, 'rank': 16, 'fitness': 0.15465945493028066, 'generation': 1080}","{'id': 47861, 'rank': 17, 'fitness': 0.14859884874699586, 'generation': 1080}","{'id': 47859, 'rank': 18, 'fitness': 0.10639070036847065, 'generation': 1080}","{'id': 47875, 'rank': 19, 'fitness': 0.09146744373325899, 'generation': 1080}","{'id': 47865, 'rank': 20, 'fitness': 0.0901178702674576, 'generation': 1080}","{'id': 47887, 'rank': 21, 'fitness': 0.08524850038851045, 'generation': 1080}","{'id': 47866, 'rank': 22, 'fitness': 0.04115972009475266, 'generation': 1080}","{'id': 47882, 'rank': 23, 'fitness': 0.040836913992789325, 'generation': 1080}","{'id': 47890, 'rank': 24, 'fitness': 0.037216455149725214, 'generation': 1080}","{'id': 47872, 'rank': 25, 'fitness': 0.03518558682798073, 'generation': 1080}","{'id': 47901, 'rank': 26, 'fitness': 0.027252446323006163, 'generation': 1080}","{'id': 47869, 'rank': 27, 'fitness': 0.02717587727691334, 'generation': 1080}","{'id': 47856, 'rank': 28, 'fitness': 0.026415620644035687, 'generation': 1080}","{'id': 47893, 'rank': 29, 'fitness': 0.02362818514479098, 'generation': 1080}","{'id': 47862, 'rank': 30, 'fitness': 0.01798620996209155, 'generation': 1080}"
"{'id': 47939, 'rank': 1, 'fitness': 0.9820137900379085, 'generation': 1081}","{'id': 47924, 'rank': 2, 'fitness': 0.9485862457491289, 'generation': 1081}","{'id': 47904, 'rank': 3, 'fitness': 0.8923647266813574, 'generation': 1081}","{'id': 47926, 'rank': 4, 'fitness': 0.8818733149131162, 'generation': 1081}","{'id': 47936, 'rank': 5, 'fitness': 0.8296223114461682, 'generation': 1081}","{'id': 47930, 'rank': 6, 'fitness': 0.7774569320942082, 'generation': 1081}","{'id': 47933, 'rank': 7, 'fitness': 0.6805651337739755, 'generation': 1081}","{'id': 47923, 'rank': 8, 'fitness': 0.6667252454538589, 'generation': 1081}","{'id': 47932, 'rank': 9, 'fitness': 0.6372311598176121, 'generation': 1081}","{'id': 47931, 'rank': 10, 'fitness': 0.4421451107138139, 'generation': 1081}","{'id': 47927, 'rank': 11, 'fitness': 0.3375728858725052, 'generation': 1081}","{'id': 47929, 'rank': 12, 'fitness': 0.31413770659229723, 'generation': 1081}","{'id': 47928, 'rank': 13, 'fitness': 0.19936447557527587, 'generation': 1081}","{'id': 47907, 'rank': 14, 'fitness': 0.17391924760287447, 'generation': 1081}","{'id': 47903, 'rank': 15, 'fitness': 0.10484026100300775, 'generation': 1081}","{'id': 47937, 'rank': 16, 'fitness': 0.09355755170922686, 'generation': 1081}","{'id': 47925, 'rank': 17, 'fitness': 0.085363377025853, 'generation': 1081}","{'id': 47938, 'rank': 18, 'fitness': 0.08201519412572428, 'generation': 1081}","{'id': 47913, 'rank': 19, 'fitness': 0.06819652744940263, 'generation': 1081}","{'id': 47912, 'rank': 20, 'fitness': 0.06178166375866101, 'generation': 1081}","{'id': 47910, 'rank': 21, 'fitness': 0.06120926959523865, 'generation': 1081}","{'id': 47940, 'rank': 22, 'fitness': 0.05347791210665903, 'generation': 1081}","{'id': 47941, 'rank': 23, 'fitness': 0.048644862441493075, 'generation': 1081}","{'id': 47919, 'rank': 24, 'fitness': 0.04831209503529993, 'generation': 1081}","{'id': 47909, 'rank': 25, 'fitness': 0.0458917554029003, 'generation': 1081}","{'id': 47934, 'rank': 26, 'fitness': 0.03763023600851123, 'generation': 1081}","{'id': 47935, 'rank': 27, 'fitness': 0.03475511341841114, 'generation': 1081}","{'id': 47917, 'rank': 28, 'fitness': 0.031120965303066017, 'generation': 1081}","{'id': 47921, 'rank': 29, 'fitness': 0.020236823983669383, 'generation': 1081}","{'id': 47922, 'rank': 30, 'fitness': 0.01798620996209155, 'generation': 1081}"
"{'id': 47979, 'rank': 1, 'fitness': 0.9820137900379085, 'generation': 1082}","{'id': 47978, 'rank': 2, 'fitness': 0.9787041333114637, 'generation': 1082}","{'id': 47977, 'rank': 3, 'fitness': 0.9393917139076169, 'generation': 1082}","{'id': 47986, 'rank': 4, 'fitness': 0.9211591395630722, 'generation': 1082}","{'id': 47970, 'rank': 5, 'fitness': 0.9032742926910898, 'generation': 1082}","{'id': 47982, 'rank': 6, 'fitness': 0.8997660588012528, 'generation': 1082}","{'id': 47954, 'rank': 7, 'fitness': 0.8845688881859449, 'generation': 1082}","{'id': 47956, 'rank': 8, 'fitness': 0.8836989161985584, 'generation': 1082}","{'id': 47988, 'rank': 9, 'fitness': 0.8705911200219807, 'generation': 1082}","{'id': 47967, 'rank': 10, 'fitness': 0.8413422080255831, 'generation': 1082}","{'id': 47948, 'rank': 11, 'fitness': 0.7463408918110311, 'generation': 1082}","{'id': 47987, 'rank': 12, 'fitness': 0.7399047564964608, 'generation': 1082}","{'id': 47984, 'rank': 13, 'fitness': 0.5624879307089679, 'generation': 1082}","{'id': 47980, 'rank': 14, 'fitness': 0.47421146941803666, 'generation': 1082}","{'id': 47976, 'rank': 15, 'fitness': 0.38589160827185814, 'generation': 1082}","{'id': 47965, 'rank': 16, 'fitness': 0.29595174236723265, 'generation': 1082}","{'id': 47983, 'rank': 17, 'fitness': 0.2129033785302626, 'generation': 1082}","{'id': 47946, 'rank': 18, 'fitness': 0.16037517284915281, 'generation': 1082}","{'id': 47974, 'rank': 19, 'fitness': 0.15857861582442967, 'generation': 1082}","{'id': 47951, 'rank': 20, 'fitness': 0.1348899731858063, 'generation': 1082}","{'id': 47985, 'rank': 21, 'fitness': 0.10308272694286308, 'generation': 1082}","{'id': 47973, 'rank': 22, 'fitness': 0.10187042981598915, 'generation': 1082}","{'id': 47968, 'rank': 23, 'fitness': 0.08862062799619641, 'generation': 1082}","{'id': 47971, 'rank': 24, 'fitness': 0.07989162235960812, 'generation': 1082}","{'id': 47955, 'rank': 25, 'fitness': 0.07842437781279105, 'generation': 1082}","{'id': 47949, 'rank': 26, 'fitness': 0.048279658147763804, 'generation': 1082}","{'id': 47958, 'rank': 27, 'fitness': 0.04087357569907757, 'generation': 1082}","{'id': 47960, 'rank': 28, 'fitness': 0.03022425569991133, 'generation': 1082}","{'id': 47962, 'rank': 29, 'fitness': 0.026766481043035972, 'generation': 1082}","{'id': 47989, 'rank': 30, 'fitness': 0.01798620996209155, 'generation': 1082}"
"{'id': 48047, 'rank': 1, 'fitness': 0.9820137900379085, 'generation': 1083}","{'id': 48045, 'rank': 2, 'fitness': 0.970968759299348, 'generation': 1083}","{'id': 48030, 'rank': 3, 'fitness': 0.9683310303307525, 'generation': 1083}","{'id': 48046, 'rank': 4, 'fitness': 0.9375582241458543, 'generation': 1083}","{'id': 48039, 'rank': 5, 'fitness': 0.8274704816904771, 'generation': 1083}","{'id': 48037, 'rank': 6, 'fitness': 0.7989714630058389, 'generation': 1083}","{'id': 48025, 'rank': 7, 'fitness': 0.7796821948664552, 'generation': 1083}","{'id': 48048, 'rank': 8, 'fitness': 0.7542145406878743, 'generation': 1083}","{'id': 48003, 'rank': 9, 'fitness': 0.6827503403288885, 'generation': 1083}","{'id': 47992, 'rank': 10, 'fitness': 0.6207339373897947, 'generation': 1083}","{'id': 48040, 'rank': 11, 'fitness': 0.6181169841631436, 'generation': 1083}","{'id': 48002, 'rank': 12, 'fitness': 0.38524694166922635, 'generation': 1083}","{'id': 47990, 'rank': 13, 'fitness': 0.37360541181112766, 'generation': 1083}","{'id': 48006, 'rank': 14, 'fitness': 0.3147329991271165, 'generation': 1083}","{'id': 48041, 'rank': 15, 'fitness': 0.2855257383250448, 'generation': 1083}","{'id': 48028, 'rank': 16, 'fitness': 0.23606812697800073, 'generation': 1083}","{'id': 47994, 'rank': 17, 'fitness': 0.16425391408155926, 'generation': 1083}","{'id': 48013, 'rank': 18, 'fitness': 0.1551471811863513, 'generation': 1083}","{'id': 48011, 'rank': 19, 'fitness': 0.12782682658042344, 'generation': 1083}","{'id': 48023, 'rank': 20, 'fitness': 0.12249005241495209, 'generation': 1083}","{'id': 47993, 'rank': 21, 'fitness': 0.09804996314381104, 'generation': 1083}","{'id': 48033, 'rank': 22, 'fitness': 0.0903171768557558, 'generation': 1083}","{'id': 48049, 'rank': 23, 'fitness': 0.05223515648230248, 'generation': 1083}","{'id': 48017, 'rank': 24, 'fitness': 0.04985906454589972, 'generation': 1083}","{'id': 48042, 'rank': 25, 'fitness': 0.049463464469493124, 'generation': 1083}","{'id': 48050, 'rank': 26, 'fitness': 0.04471799386104908, 'generation': 1083}","{'id': 48034, 'rank': 27, 'fitness': 0.04024307030108354, 'generation': 1083}","{'id': 48036, 'rank': 28, 'fitness': 0.027485681802554174, 'generation': 1083}","{'id': 48026, 'rank': 29, 'fitness': 0.01868180401138364, 'generation': 1083}","{'id': 48000, 'rank': 30, 'fitness': 0.01798620996209155, 'generation': 1083}"
"{'id': 48097, 'rank': 1, 'fitness': 0.9820137900379085, 'generation': 1084}","{'id': 48088, 'rank': 2, 'fitness': 0.8838668935887398, 'generation': 1084}","{'id': 48090, 'rank': 3, 'fitness': 0.8193654679234657, 'generation': 1084}","{'id': 48084, 'rank': 4, 'fitness': 0.8035231979967656, 'generation': 1084}","{'id': 48091, 'rank': 5, 'fitness': 0.7935314165278429, 'generation': 1084}","{'id': 48051, 'rank': 6, 'fitness': 0.5542084107595016, 'generation': 1084}","{'id': 48065, 'rank': 7, 'fitness': 0.4651025700610218, 'generation': 1084}","{'id': 48077, 'rank': 8, 'fitness': 0.40291228685034136, 'generation': 1084}","{'id': 48078, 'rank': 9, 'fitness': 0.35580862988948336, 'generation': 1084}","{'id': 48075, 'rank': 10, 'fitness': 0.33136414605585734, 'generation': 1084}","{'id': 48068, 'rank': 11, 'fitness': 0.31787298160163896, 'generation': 1084}","{'id': 48099, 'rank': 12, 'fitness': 0.26999988079175147, 'generation': 1084}","{'id': 48055, 'rank': 13, 'fitness': 0.26748764514236356, 'generation': 1084}","{'id': 48096, 'rank': 14, 'fitness': 0.2615253155438227, 'generation': 1084}","{'id': 48066, 'rank': 15, 'fitness': 0.2595660353976894, 'generation': 1084}","{'id': 48083, 'rank': 16, 'fitness': 0.17203853413897002, 'generation': 1084}","{'id': 48074, 'rank': 17, 'fitness': 0.1690770591371178, 'generation': 1084}","{'id': 48087, 'rank': 18, 'fitness': 0.13088413044864478, 'generation': 1084}","{'id': 48095, 'rank': 19, 'fitness': 0.12983029032807641, 'generation': 1084}","{'id': 48071, 'rank': 20, 'fitness': 0.11833521504538247, 'generation': 1084}","{'id': 48086, 'rank': 21, 'fitness': 0.10733466750292775, 'generation': 1084}","{'id': 48079, 'rank': 22, 'fitness': 0.09053254798441546, 'generation': 1084}","{'id': 48069, 'rank': 23, 'fitness': 0.08043406021583538, 'generation': 1084}","{'id': 48063, 'rank': 24, 'fitness': 0.07287022096631818, 'generation': 1084}","{'id': 48072, 'rank': 25, 'fitness': 0.06673434989321131, 'generation': 1084}","{'id': 48098, 'rank': 26, 'fitness': 0.0342871400977548, 'generation': 1084}","{'id': 48061, 'rank': 27, 'fitness': 0.026116400860149658, 'generation': 1084}","{'id': 48064, 'rank': 28, 'fitness': 0.02326161644850211, 'generation': 1084}","{'id': 48081, 'rank': 29, 'fitness': 0.021054145368776644, 'generation': 1084}","{'id': 48070, 'rank': 30, 'fitness': 0.01798620996209155, 'generation': 1084}"
"{'id': 48134, 'rank': 1, 'fitness': 0.9820137900379085, 'generation': 1085}","{'id': 48132, 'rank': 2, 'fitness': 0.9186205499109259, 'generation': 1085}","{'id': 48131, 'rank': 3, 'fitness': 0.9122616067433549, 'generation': 1085}","{'id': 48123, 'rank': 4, 'fitness': 0.8740502285506102, 'generation': 1085}","{'id': 48128, 'rank': 5, 'fitness': 0.518644076240058, 'generation': 1085}","{'id': 48104, 'rank': 6, 'fitness': 0.44990104602864, 'generation': 1085}","{'id': 48130, 'rank': 7, 'fitness': 0.4374904634226563, 'generation': 1085}","{'id': 48116, 'rank': 8, 'fitness': 0.4091900909491728, 'generation': 1085}","{'id': 48115, 'rank': 9, 'fitness': 0.35363578834079235, 'generation': 1085}","{'id': 48138, 'rank': 10, 'fitness': 0.2828352293723601, 'generation': 1085}","{'id': 48135, 'rank': 11, 'fitness': 0.25938229944584634, 'generation': 1085}","{'id': 48122, 'rank': 12, 'fitness': 0.24910681626739117, 'generation': 1085}","{'id': 48137, 'rank': 13, 'fitness': 0.22202513452396366, 'generation': 1085}","{'id': 48126, 'rank': 14, 'fitness': 0.1615548903194527, 'generation': 1085}","{'id': 48127, 'rank': 15, 'fitness': 0.09240586152906666, 'generation': 1085}","{'id': 48141, 'rank': 16, 'fitness': 0.08713282408687628, 'generation': 1085}","{'id': 48100, 'rank': 17, 'fitness': 0.07633639828780103, 'generation': 1085}","{'id': 48136, 'rank': 18, 'fitness': 0.07319324977492597, 'generation': 1085}","{'id': 48139, 'rank': 19, 'fitness': 0.06543091228635084, 'generation': 1085}","{'id': 48140, 'rank': 20, 'fitness': 0.061675407340517685, 'generation': 1085}","{'id': 48101, 'rank': 21, 'fitness': 0.05115481413095874, 'generation': 1085}","{'id': 48110, 'rank': 22, 'fitness': 0.04142723655345043, 'generation': 1085}","{'id': 48117, 'rank': 23, 'fitness': 0.039723818332141225, 'generation': 1085}","{'id': 48114, 'rank': 24, 'fitness': 0.0343890379313605, 'generation': 1085}","{'id': 48129, 'rank': 25, 'fitness': 0.031241470663402493, 'generation': 1085}","{'id': 48125, 'rank': 26, 'fitness': 0.03025035025766415, 'generation': 1085}","{'id': 48118, 'rank': 27, 'fitness': 0.027715702359365657, 'generation': 1085}","{'id': 48120, 'rank': 28, 'fitness': 0.0228836191066889, 'generation': 1085}","{'id': 48133, 'rank': 29, 'fitness': 0.021638791849046157, 'generation': 1085}","{'id': 48124, 'rank': 30, 'fitness': 0.01798620996209155, 'generation': 1085}"
"{'id': 48174, 'rank': 1, 'fitness': 0.9820137900379085, 'generation': 1086}","{'id': 48170, 'rank': 2, 'fitness': 0.9782354438643265, 'generation': 1086}","{'id': 48162, 'rank': 3, 'fitness': 0.9534853203972102, 'generation': 1086}","{'id': 48159, 'rank': 4, 'fitness': 0.9184012279100016, 'generation': 1086}","{'id': 48161, 'rank': 5, 'fitness': 0.9160117163783943, 'generation': 1086}","{'id': 48155, 'rank': 6, 'fitness': 0.9048116651004832, 'generation': 1086}","{'id': 48175, 'rank': 7, 'fitness': 0.8992643321903827, 'generation': 1086}","{'id': 48176, 'rank': 8, 'fitness': 0.8562276787957869, 'generation': 1086}","{'id': 48149, 'rank': 9, 'fitness': 0.8157303307862565, 'generation': 1086}","{'id': 48169, 'rank': 10, 'fitness': 0.7207877024268486, 'generation': 1086}","{'id': 48171, 'rank': 11, 'fitness': 0.6419124389981739, 'generation': 1086}","{'id': 48156, 'rank': 12, 'fitness': 0.629405615184473, 'generation': 1086}","{'id': 48142, 'rank': 13, 'fitness': 0.607864617685818, 'generation': 1086}","{'id': 48178, 'rank': 14, 'fitness': 0.5923451691802069, 'generation': 1086}","{'id': 48166, 'rank': 15, 'fitness': 0.4184337951539791, 'generation': 1086}","{'id': 48144, 'rank': 16, 'fitness': 0.3670100985724891, 'generation': 1086}","{'id': 48164, 'rank': 17, 'fitness': 0.32430434669359065, 'generation': 1086}","{'id': 48152, 'rank': 18, 'fitness': 0.3140772177268364, 'generation': 1086}","{'id': 48151, 'rank': 19, 'fitness': 0.2978204134586627, 'generation': 1086}","{'id': 48163, 'rank': 20, 'fitness': 0.2652435208989805, 'generation': 1086}","{'id': 48173, 'rank': 21, 'fitness': 0.2577895166284869, 'generation': 1086}","{'id': 48172, 'rank': 22, 'fitness': 0.12223602671249878, 'generation': 1086}","{'id': 48158, 'rank': 23, 'fitness': 0.12124043347218916, 'generation': 1086}","{'id': 48146, 'rank': 24, 'fitness': 0.06716260846170485, 'generation': 1086}","{'id': 48154, 'rank': 25, 'fitness': 0.04588683168753782, 'generation': 1086}","{'id': 48167, 'rank': 26, 'fitness': 0.0429248416506009, 'generation': 1086}","{'id': 48168, 'rank': 27, 'fitness': 0.03831065443127435, 'generation': 1086}","{'id': 48160, 'rank': 28, 'fitness': 0.03337555942098874, 'generation': 1086}","{'id': 48177, 'rank': 29, 'fitness': 0.03159475500489217, 'generation': 1086}","{'id': 48148, 'rank': 30, 'fitness': 0.01798620996209155, 'generation': 1086}"
"{'id': 48232, 'rank': 1, 'fitness': 0.9820137900379085, 'generation': 1087}","{'id': 48228, 'rank': 2, 'fitness': 0.9270914109296794, 'generation': 1087}","{'id': 48211, 'rank': 3, 'fitness': 0.912035861771513, 'generation': 1087}","{'id': 48196, 'rank': 4, 'fitness': 0.8711390336461378, 'generation': 1087}","{'id': 48231, 'rank': 5, 'fitness': 0.8708013636313106, 'generation': 1087}","{'id': 48223, 'rank': 6, 'fitness': 0.7732689248528878, 'generation': 1087}","{'id': 48221, 'rank': 7, 'fitness': 0.7725378818371678, 'generation': 1087}","{'id': 48230, 'rank': 8, 'fitness': 0.7494794050992488, 'generation': 1087}","{'id': 48210, 'rank': 9, 'fitness': 0.7365709183729187, 'generation': 1087}","{'id': 48205, 'rank': 10, 'fitness': 0.6844163752885549, 'generation': 1087}","{'id': 48229, 'rank': 11, 'fitness': 0.6419307382029846, 'generation': 1087}","{'id': 48189, 'rank': 12, 'fitness': 0.5910841615708357, 'generation': 1087}","{'id': 48209, 'rank': 13, 'fitness': 0.4437993028989122, 'generation': 1087}","{'id': 48192, 'rank': 14, 'fitness': 0.24730516654910073, 'generation': 1087}","{'id': 48233, 'rank': 15, 'fitness': 0.1458319261811611, 'generation': 1087}","{'id': 48186, 'rank': 16, 'fitness': 0.12001061966896343, 'generation': 1087}","{'id': 48227, 'rank': 17, 'fitness': 0.09808061516620842, 'generation': 1087}","{'id': 48217, 'rank': 18, 'fitness': 0.09291153415041209, 'generation': 1087}","{'id': 48215, 'rank': 19, 'fitness': 0.09016826690237467, 'generation': 1087}","{'id': 48226, 'rank': 20, 'fitness': 0.08662826091713888, 'generation': 1087}","{'id': 48187, 'rank': 21, 'fitness': 0.08397499241783946, 'generation': 1087}","{'id': 48185, 'rank': 22, 'fitness': 0.04718895575016474, 'generation': 1087}","{'id': 48206, 'rank': 23, 'fitness': 0.03999758995917985, 'generation': 1087}","{'id': 48179, 'rank': 24, 'fitness': 0.036687030286213285, 'generation': 1087}","{'id': 48197, 'rank': 25, 'fitness': 0.027788987538920673, 'generation': 1087}","{'id': 48202, 'rank': 26, 'fitness': 0.023506070715783756, 'generation': 1087}","{'id': 48198, 'rank': 27, 'fitness': 0.023251418462996554, 'generation': 1087}","{'id': 48220, 'rank': 28, 'fitness': 0.02299331813929717, 'generation': 1087}","{'id': 48204, 'rank': 29, 'fitness': 0.022396825732402093, 'generation': 1087}","{'id': 48219, 'rank': 30, 'fitness': 0.01798620996209155, 'generation': 1087}"
"{'id': 48268, 'rank': 1, 'fitness': 0.9820137900379085, 'generation': 1088}","{'id': 48264, 'rank': 2, 'fitness': 0.9223909786803207, 'generation': 1088}","{'id': 48261, 'rank': 3, 'fitness': 0.8804192587139852, 'generation': 1088}","{'id': 48253, 'rank': 4, 'fitness': 0.7893978364297772, 'generation': 1088}","{'id': 48265, 'rank': 5, 'fitness': 0.6127797766181353, 'generation': 1088}","{'id': 48258, 'rank': 6, 'fitness': 0.5916284228544069, 'generation': 1088}","{'id': 48242, 'rank': 7, 'fitness': 0.5725406359019765, 'generation': 1088}","{'id': 48267, 'rank': 8, 'fitness': 0.5458250591208553, 'generation': 1088}","{'id': 48266, 'rank': 9, 'fitness': 0.5130512498981119, 'generation': 1088}","{'id': 48262, 'rank': 10, 'fitness': 0.49625163884052786, 'generation': 1088}","{'id': 48238, 'rank': 11, 'fitness': 0.47103869877066645, 'generation': 1088}","{'id': 48271, 'rank': 12, 'fitness': 0.4622971708968394, 'generation': 1088}","{'id': 48240, 'rank': 13, 'fitness': 0.4078470098401701, 'generation': 1088}","{'id': 48247, 'rank': 14, 'fitness': 0.34790546298476166, 'generation': 1088}","{'id': 48260, 'rank': 15, 'fitness': 0.26675673057821014, 'generation': 1088}","{'id': 48236, 'rank': 16, 'fitness': 0.25037786344267104, 'generation': 1088}","{'id': 48272, 'rank': 17, 'fitness': 0.1999906645650648, 'generation': 1088}","{'id': 48251, 'rank': 18, 'fitness': 0.15245158755485627, 'generation': 1088}","{'id': 48254, 'rank': 19, 'fitness': 0.14879006654001542, 'generation': 1088}","{'id': 48263, 'rank': 20, 'fitness': 0.09330396394563045, 'generation': 1088}","{'id': 48237, 'rank': 21, 'fitness': 0.0675894610024943, 'generation': 1088}","{'id': 48270, 'rank': 22, 'fitness': 0.05512033031484931, 'generation': 1088}","{'id': 48239, 'rank': 23, 'fitness': 0.047488602394457735, 'generation': 1088}","{'id': 48244, 'rank': 24, 'fitness': 0.040438125705608896, 'generation': 1088}","{'id': 48257, 'rank': 25, 'fitness': 0.035770107711970534, 'generation': 1088}","{'id': 48249, 'rank': 26, 'fitness': 0.029956812777455766, 'generation': 1088}","{'id': 48269, 'rank': 27, 'fitness': 0.02671610852109091, 'generation': 1088}","{'id': 48246, 'rank': 28, 'fitness': 0.02624686286942307, 'generation': 1088}","{'id': 48273, 'rank': 29, 'fitness': 0.02162140552142794, 'generation': 1088}","{'id': 48234, 'rank': 30, 'fitness': 0.01798620996209155, 'generation': 1088}"
"{'id': 48321, 'rank': 1, 'fitness': 0.9820137900379085, 'generation': 1089}","{'id': 48282, 'rank': 2, 'fitness': 0.9230567795487785, 'generation': 1089}","{'id': 48323, 'rank': 3, 'fitness': 0.6978672878439196, 'generation': 1089}","{'id': 48275, 'rank': 4, 'fitness': 0.6857132044282818, 'generation': 1089}","{'id': 48316, 'rank': 5, 'fitness': 0.624989904571267, 'generation': 1089}","{'id': 48276, 'rank': 6, 'fitness': 0.4389778299838876, 'generation': 1089}","{'id': 48322, 'rank': 7, 'fitness': 0.4316741169886017, 'generation': 1089}","{'id': 48295, 'rank': 8, 'fitness': 0.30228016647818795, 'generation': 1089}","{'id': 48306, 'rank': 9, 'fitness': 0.29709681931378956, 'generation': 1089}","{'id': 48310, 'rank': 10, 'fitness': 0.23894168862196752, 'generation': 1089}","{'id': 48291, 'rank': 11, 'fitness': 0.20757545569033276, 'generation': 1089}","{'id': 48312, 'rank': 12, 'fitness': 0.18453402844755246, 'generation': 1089}","{'id': 48300, 'rank': 13, 'fitness': 0.1781520094136892, 'generation': 1089}","{'id': 48304, 'rank': 14, 'fitness': 0.17272654101612284, 'generation': 1089}","{'id': 48314, 'rank': 15, 'fitness': 0.17155241462665105, 'generation': 1089}","{'id': 48277, 'rank': 16, 'fitness': 0.1471007987280344, 'generation': 1089}","{'id': 48313, 'rank': 17, 'fitness': 0.14225588917041043, 'generation': 1089}","{'id': 48320, 'rank': 18, 'fitness': 0.10963522424367161, 'generation': 1089}","{'id': 48307, 'rank': 19, 'fitness': 0.08148986361562427, 'generation': 1089}","{'id': 48286, 'rank': 20, 'fitness': 0.0677042510589781, 'generation': 1089}","{'id': 48305, 'rank': 21, 'fitness': 0.06311205121328883, 'generation': 1089}","{'id': 48324, 'rank': 22, 'fitness': 0.06296638826636591, 'generation': 1089}","{'id': 48309, 'rank': 23, 'fitness': 0.053396336252954035, 'generation': 1089}","{'id': 48283, 'rank': 24, 'fitness': 0.03606168667288506, 'generation': 1089}","{'id': 48290, 'rank': 25, 'fitness': 0.035672385494445735, 'generation': 1089}","{'id': 48308, 'rank': 26, 'fitness': 0.031317303471701585, 'generation': 1089}","{'id': 48294, 'rank': 27, 'fitness': 0.028456409701626606, 'generation': 1089}","{'id': 48302, 'rank': 28, 'fitness': 0.026500613748512702, 'generation': 1089}","{'id': 48279, 'rank': 29, 'fitness': 0.018159077915399113, 'generation': 1089}","{'id': 48297, 'rank': 30, 'fitness': 0.01798620996209155, 'generation': 1089}"
"{'id': 48358, 'rank': 1, 'fitness': 0.9820137900379085, 'generation': 1090}","{'id': 48340, 'rank': 2, 'fitness': 0.9424634130761614, 'generation': 1090}","{'id': 48343, 'rank': 3, 'fitness': 0.9359957614968057, 'generation': 1090}","{'id': 48349, 'rank': 4, 'fitness': 0.9341138205898074, 'generation': 1090}","{'id': 48342, 'rank': 5, 'fitness': 0.9237795996988617, 'generation': 1090}","{'id': 48355, 'rank': 6, 'fitness': 0.8753966722409896, 'generation': 1090}","{'id': 48353, 'rank': 7, 'fitness': 0.8647176169135313, 'generation': 1090}","{'id': 48338, 'rank': 8, 'fitness': 0.8359675132117357, 'generation': 1090}","{'id': 48341, 'rank': 9, 'fitness': 0.8128007638025578, 'generation': 1090}","{'id': 48356, 'rank': 10, 'fitness': 0.6605265146430344, 'generation': 1090}","{'id': 48339, 'rank': 11, 'fitness': 0.6169590443145262, 'generation': 1090}","{'id': 48362, 'rank': 12, 'fitness': 0.6149747395488312, 'generation': 1090}","{'id': 48337, 'rank': 13, 'fitness': 0.44307994907562653, 'generation': 1090}","{'id': 48329, 'rank': 14, 'fitness': 0.41712676043672736, 'generation': 1090}","{'id': 48361, 'rank': 15, 'fitness': 0.31163212850274424, 'generation': 1090}","{'id': 48354, 'rank': 16, 'fitness': 0.29453861675176796, 'generation': 1090}","{'id': 48347, 'rank': 17, 'fitness': 0.27902379314143155, 'generation': 1090}","{'id': 48325, 'rank': 18, 'fitness': 0.2269177907752427, 'generation': 1090}","{'id': 48345, 'rank': 19, 'fitness': 0.22544256256322792, 'generation': 1090}","{'id': 48333, 'rank': 20, 'fitness': 0.16658570943503576, 'generation': 1090}","{'id': 48334, 'rank': 21, 'fitness': 0.12780602307593458, 'generation': 1090}","{'id': 48357, 'rank': 22, 'fitness': 0.08341638127005419, 'generation': 1090}","{'id': 48328, 'rank': 23, 'fitness': 0.06158816924323718, 'generation': 1090}","{'id': 48332, 'rank': 24, 'fitness': 0.048946226321326614, 'generation': 1090}","{'id': 48359, 'rank': 25, 'fitness': 0.04866338216141591, 'generation': 1090}","{'id': 48330, 'rank': 26, 'fitness': 0.03935284227940161, 'generation': 1090}","{'id': 48331, 'rank': 27, 'fitness': 0.03295248662946604, 'generation': 1090}","{'id': 48350, 'rank': 28, 'fitness': 0.029794133821794466, 'generation': 1090}","{'id': 48352, 'rank': 29, 'fitness': 0.01914435712440632, 'generation': 1090}","{'id': 48346, 'rank': 30, 'fitness': 0.01798620996209155, 'generation': 1090}"
"{'id': 48415, 'rank': 1, 'fitness': 0.9820137900379085, 'generation': 1091}","{'id': 48405, 'rank': 2, 'fitness': 0.9573106246193617, 'generation': 1091}","{'id': 48403, 'rank': 3, 'fitness': 0.9443628190287683, 'generation': 1091}","{'id': 48408, 'rank': 4, 'fitness': 0.8445342106898308, 'generation': 1091}","{'id': 48384, 'rank': 5, 'fitness': 0.7896600244033135, 'generation': 1091}","{'id': 48417, 'rank': 6, 'fitness': 0.5892419260395179, 'generation': 1091}","{'id': 48404, 'rank': 7, 'fitness': 0.5480806444708364, 'generation': 1091}","{'id': 48401, 'rank': 8, 'fitness': 0.5088975390352847, 'generation': 1091}","{'id': 48398, 'rank': 9, 'fitness': 0.5078361832637169, 'generation': 1091}","{'id': 48414, 'rank': 10, 'fitness': 0.44405922254290936, 'generation': 1091}","{'id': 48400, 'rank': 11, 'fitness': 0.4422908307376525, 'generation': 1091}","{'id': 48396, 'rank': 12, 'fitness': 0.42492801814445447, 'generation': 1091}","{'id': 48413, 'rank': 13, 'fitness': 0.27456993042985645, 'generation': 1091}","{'id': 48406, 'rank': 14, 'fitness': 0.2567944941977768, 'generation': 1091}","{'id': 48364, 'rank': 15, 'fitness': 0.1700489637192592, 'generation': 1091}","{'id': 48387, 'rank': 16, 'fitness': 0.11614190642867034, 'generation': 1091}","{'id': 48380, 'rank': 17, 'fitness': 0.09433851132275872, 'generation': 1091}","{'id': 48389, 'rank': 18, 'fitness': 0.06560286196763082, 'generation': 1091}","{'id': 48410, 'rank': 19, 'fitness': 0.05816254136235033, 'generation': 1091}","{'id': 48376, 'rank': 20, 'fitness': 0.04628706218253409, 'generation': 1091}","{'id': 48370, 'rank': 21, 'fitness': 0.043800761295724966, 'generation': 1091}","{'id': 48411, 'rank': 22, 'fitness': 0.04072113770863578, 'generation': 1091}","{'id': 48393, 'rank': 23, 'fitness': 0.03116697626453052, 'generation': 1091}","{'id': 48412, 'rank': 24, 'fitness': 0.027756664048544544, 'generation': 1091}","{'id': 48416, 'rank': 25, 'fitness': 0.027168945483567408, 'generation': 1091}","{'id': 48418, 'rank': 26, 'fitness': 0.026913454947755544, 'generation': 1091}","{'id': 48394, 'rank': 27, 'fitness': 0.02507692680229695, 'generation': 1091}","{'id': 48390, 'rank': 28, 'fitness': 0.024693253214000677, 'generation': 1091}","{'id': 48395, 'rank': 29, 'fitness': 0.02000363588127929, 'generation': 1091}","{'id': 48399, 'rank': 30, 'fitness': 0.01798620996209155, 'generation': 1091}"
"{'id': 48460, 'rank': 1, 'fitness': 0.9820137900379085, 'generation': 1092}","{'id': 48448, 'rank': 2, 'fitness': 0.8412277594458535, 'generation': 1092}","{'id': 48452, 'rank': 3, 'fitness': 0.8080996012817698, 'generation': 1092}","{'id': 48464, 'rank': 4, 'fitness': 0.7061777190904586, 'generation': 1092}","{'id': 48461, 'rank': 5, 'fitness': 0.6827839090055366, 'generation': 1092}","{'id': 48465, 'rank': 6, 'fitness': 0.6105019501993223, 'generation': 1092}","{'id': 48451, 'rank': 7, 'fitness': 0.6086501305909617, 'generation': 1092}","{'id': 48444, 'rank': 8, 'fitness': 0.5979070898034174, 'generation': 1092}","{'id': 48424, 'rank': 9, 'fitness': 0.5452666520781213, 'generation': 1092}","{'id': 48462, 'rank': 10, 'fitness': 0.47797254891336005, 'generation': 1092}","{'id': 48463, 'rank': 11, 'fitness': 0.4093592675772406, 'generation': 1092}","{'id': 48447, 'rank': 12, 'fitness': 0.23453112024727124, 'generation': 1092}","{'id': 48457, 'rank': 13, 'fitness': 0.1890659562899597, 'generation': 1092}","{'id': 48455, 'rank': 14, 'fitness': 0.18527711495823412, 'generation': 1092}","{'id': 48443, 'rank': 15, 'fitness': 0.18084637488793526, 'generation': 1092}","{'id': 48459, 'rank': 16, 'fitness': 0.14983260250890446, 'generation': 1092}","{'id': 48446, 'rank': 17, 'fitness': 0.1314466144856568, 'generation': 1092}","{'id': 48429, 'rank': 18, 'fitness': 0.1224472194674257, 'generation': 1092}","{'id': 48439, 'rank': 19, 'fitness': 0.11804098528472834, 'generation': 1092}","{'id': 48445, 'rank': 20, 'fitness': 0.11073667845309615, 'generation': 1092}","{'id': 48422, 'rank': 21, 'fitness': 0.0963202531672202, 'generation': 1092}","{'id': 48456, 'rank': 22, 'fitness': 0.07339322765789813, 'generation': 1092}","{'id': 48425, 'rank': 23, 'fitness': 0.07198602246375962, 'generation': 1092}","{'id': 48454, 'rank': 24, 'fitness': 0.0553220285105685, 'generation': 1092}","{'id': 48427, 'rank': 25, 'fitness': 0.04494685716545732, 'generation': 1092}","{'id': 48441, 'rank': 26, 'fitness': 0.04401260302897503, 'generation': 1092}","{'id': 48431, 'rank': 27, 'fitness': 0.03006100228886821, 'generation': 1092}","{'id': 48458, 'rank': 28, 'fitness': 0.02609675441868886, 'generation': 1092}","{'id': 48421, 'rank': 29, 'fitness': 0.018253197977005364, 'generation': 1092}","{'id': 48466, 'rank': 30, 'fitness': 0.01798620996209155, 'generation': 1092}"
"{'id': 48515, 'rank': 1, 'fitness': 0.9820137900379085, 'generation': 1093}","{'id': 48505, 'rank': 2, 'fitness': 0.9513393201566854, 'generation': 1093}","{'id': 48513, 'rank': 3, 'fitness': 0.7188780744951797, 'generation': 1093}","{'id': 48498, 'rank': 4, 'fitness': 0.6072366036606159, 'generation': 1093}","{'id': 48503, 'rank': 5, 'fitness': 0.5680502334117808, 'generation': 1093}","{'id': 48511, 'rank': 6, 'fitness': 0.48219124918005174, 'generation': 1093}","{'id': 48510, 'rank': 7, 'fitness': 0.44115303848202936, 'generation': 1093}","{'id': 48512, 'rank': 8, 'fitness': 0.3445476978822006, 'generation': 1093}","{'id': 48508, 'rank': 9, 'fitness': 0.32661823325096506, 'generation': 1093}","{'id': 48472, 'rank': 10, 'fitness': 0.21741798910264098, 'generation': 1093}","{'id': 48506, 'rank': 11, 'fitness': 0.21334428656897975, 'generation': 1093}","{'id': 48486, 'rank': 12, 'fitness': 0.1445426658780793, 'generation': 1093}","{'id': 48481, 'rank': 13, 'fitness': 0.14337490327459768, 'generation': 1093}","{'id': 48502, 'rank': 14, 'fitness': 0.13034884070717012, 'generation': 1093}","{'id': 48495, 'rank': 15, 'fitness': 0.12637798750428547, 'generation': 1093}","{'id': 48467, 'rank': 16, 'fitness': 0.09989387562493485, 'generation': 1093}","{'id': 48477, 'rank': 17, 'fitness': 0.09046152316748413, 'generation': 1093}","{'id': 48493, 'rank': 18, 'fitness': 0.07440388442830198, 'generation': 1093}","{'id': 48496, 'rank': 19, 'fitness': 0.07396657865779094, 'generation': 1093}","{'id': 48494, 'rank': 20, 'fitness': 0.06724688327473, 'generation': 1093}","{'id': 48514, 'rank': 21, 'fitness': 0.06693733961176462, 'generation': 1093}","{'id': 48497, 'rank': 22, 'fitness': 0.06535913208669097, 'generation': 1093}","{'id': 48501, 'rank': 23, 'fitness': 0.06087436284128622, 'generation': 1093}","{'id': 48475, 'rank': 24, 'fitness': 0.045126308522459024, 'generation': 1093}","{'id': 48490, 'rank': 25, 'fitness': 0.042821724987125, 'generation': 1093}","{'id': 48487, 'rank': 26, 'fitness': 0.036748409267950366, 'generation': 1093}","{'id': 48479, 'rank': 27, 'fitness': 0.025540459652114822, 'generation': 1093}","{'id': 48509, 'rank': 28, 'fitness': 0.02063171589738566, 'generation': 1093}","{'id': 48471, 'rank': 29, 'fitness': 0.019883208298125843, 'generation': 1093}","{'id': 48483, 'rank': 30, 'fitness': 0.01798620996209155, 'generation': 1093}"
"{'id': 48539, 'rank': 1, 'fitness': 0.9820137900379085, 'generation': 1094}","{'id': 48555, 'rank': 2, 'fitness': 0.9116095755564984, 'generation': 1094}","{'id': 48551, 'rank': 3, 'fitness': 0.8623694943918163, 'generation': 1094}","{'id': 48548, 'rank': 4, 'fitness': 0.6100150631671354, 'generation': 1094}","{'id': 48552, 'rank': 5, 'fitness': 0.6058814922787892, 'generation': 1094}","{'id': 48543, 'rank': 6, 'fitness': 0.5786122764747479, 'generation': 1094}","{'id': 48546, 'rank': 7, 'fitness': 0.5751237931894322, 'generation': 1094}","{'id': 48535, 'rank': 8, 'fitness': 0.5079298328776317, 'generation': 1094}","{'id': 48521, 'rank': 9, 'fitness': 0.5030403949220584, 'generation': 1094}","{'id': 48540, 'rank': 10, 'fitness': 0.4083993720305068, 'generation': 1094}","{'id': 48554, 'rank': 11, 'fitness': 0.37450708723026027, 'generation': 1094}","{'id': 48553, 'rank': 12, 'fitness': 0.33668480932939976, 'generation': 1094}","{'id': 48533, 'rank': 13, 'fitness': 0.3277115964284886, 'generation': 1094}","{'id': 48520, 'rank': 14, 'fitness': 0.2592075484647297, 'generation': 1094}","{'id': 48532, 'rank': 15, 'fitness': 0.23318372661291153, 'generation': 1094}","{'id': 48538, 'rank': 16, 'fitness': 0.21076571329183558, 'generation': 1094}","{'id': 48544, 'rank': 17, 'fitness': 0.17580119870693434, 'generation': 1094}","{'id': 48528, 'rank': 18, 'fitness': 0.1718378200436681, 'generation': 1094}","{'id': 48537, 'rank': 19, 'fitness': 0.15074535459006627, 'generation': 1094}","{'id': 48536, 'rank': 20, 'fitness': 0.13939271651918395, 'generation': 1094}","{'id': 48531, 'rank': 21, 'fitness': 0.09525599938218793, 'generation': 1094}","{'id': 48545, 'rank': 22, 'fitness': 0.08196491170905384, 'generation': 1094}","{'id': 48534, 'rank': 23, 'fitness': 0.07401951158451847, 'generation': 1094}","{'id': 48542, 'rank': 24, 'fitness': 0.06457403698822212, 'generation': 1094}","{'id': 48517, 'rank': 25, 'fitness': 0.04163554148908871, 'generation': 1094}","{'id': 48530, 'rank': 26, 'fitness': 0.04162299918436929, 'generation': 1094}","{'id': 48518, 'rank': 27, 'fitness': 0.04078514772588776, 'generation': 1094}","{'id': 48524, 'rank': 28, 'fitness': 0.03754300177585412, 'generation': 1094}","{'id': 48547, 'rank': 29, 'fitness': 0.028098476837675967, 'generation': 1094}","{'id': 48527, 'rank': 30, 'fitness': 0.01798620996209155, 'generation': 1094}"
"{'id': 48588, 'rank': 1, 'fitness': 0.9820137900379085, 'generation': 1095}","{'id': 48579, 'rank': 2, 'fitness': 0.9720429032100933, 'generation': 1095}","{'id': 48598, 'rank': 3, 'fitness': 0.6812977771552778, 'generation': 1095}","{'id': 48586, 'rank': 4, 'fitness': 0.6368348854347661, 'generation': 1095}","{'id': 48591, 'rank': 5, 'fitness': 0.3925377043960748, 'generation': 1095}","{'id': 48590, 'rank': 6, 'fitness': 0.382896570544681, 'generation': 1095}","{'id': 48603, 'rank': 7, 'fitness': 0.3596544716229178, 'generation': 1095}","{'id': 48596, 'rank': 8, 'fitness': 0.3317910464983066, 'generation': 1095}","{'id': 48585, 'rank': 9, 'fitness': 0.2345989791706432, 'generation': 1095}","{'id': 48592, 'rank': 10, 'fitness': 0.18428399765416537, 'generation': 1095}","{'id': 48593, 'rank': 11, 'fitness': 0.1737567438718698, 'generation': 1095}","{'id': 48568, 'rank': 12, 'fitness': 0.1522242057776257, 'generation': 1095}","{'id': 48574, 'rank': 13, 'fitness': 0.15135002055030672, 'generation': 1095}","{'id': 48572, 'rank': 14, 'fitness': 0.14283789860555424, 'generation': 1095}","{'id': 48600, 'rank': 15, 'fitness': 0.13737727710071523, 'generation': 1095}","{'id': 48570, 'rank': 16, 'fitness': 0.11131073750258003, 'generation': 1095}","{'id': 48604, 'rank': 17, 'fitness': 0.1087437035122899, 'generation': 1095}","{'id': 48575, 'rank': 18, 'fitness': 0.08101634485374598, 'generation': 1095}","{'id': 48602, 'rank': 19, 'fitness': 0.07044438983706519, 'generation': 1095}","{'id': 48583, 'rank': 20, 'fitness': 0.05928372059972109, 'generation': 1095}","{'id': 48582, 'rank': 21, 'fitness': 0.04900887093680273, 'generation': 1095}","{'id': 48577, 'rank': 22, 'fitness': 0.04592443720262296, 'generation': 1095}","{'id': 48569, 'rank': 23, 'fitness': 0.04565182574316251, 'generation': 1095}","{'id': 48597, 'rank': 24, 'fitness': 0.039180774496500925, 'generation': 1095}","{'id': 48580, 'rank': 25, 'fitness': 0.028753685861029887, 'generation': 1095}","{'id': 48559, 'rank': 26, 'fitness': 0.02803884405567242, 'generation': 1095}","{'id': 48561, 'rank': 27, 'fitness': 0.025063950580340277, 'generation': 1095}","{'id': 48566, 'rank': 28, 'fitness': 0.024013728636241405, 'generation': 1095}","{'id': 48563, 'rank': 29, 'fitness': 0.021506135711923613, 'generation': 1095}","{'id': 48556, 'rank': 30, 'fitness': 0.01798620996209155, 'generation': 1095}"
"{'id': 48639, 'rank': 1, 'fitness': 0.9820137900379085, 'generation': 1096}","{'id': 48634, 'rank': 2, 'fitness': 0.9498243237796765, 'generation': 1096}","{'id': 48640, 'rank': 3, 'fitness': 0.9241093786318523, 'generation': 1096}","{'id': 48636, 'rank': 4, 'fitness': 0.901216852712133, 'generation': 1096}","{'id': 48623, 'rank': 5, 'fitness': 0.8283922525545395, 'generation': 1096}","{'id': 48638, 'rank': 6, 'fitness': 0.683937524829107, 'generation': 1096}","{'id': 48644, 'rank': 7, 'fitness': 0.6450210421804478, 'generation': 1096}","{'id': 48641, 'rank': 8, 'fitness': 0.5311331376382579, 'generation': 1096}","{'id': 48615, 'rank': 9, 'fitness': 0.48942329137684826, 'generation': 1096}","{'id': 48642, 'rank': 10, 'fitness': 0.4768267856269527, 'generation': 1096}","{'id': 48620, 'rank': 11, 'fitness': 0.3830157440042117, 'generation': 1096}","{'id': 48633, 'rank': 12, 'fitness': 0.34333947566121653, 'generation': 1096}","{'id': 48612, 'rank': 13, 'fitness': 0.2875357534898817, 'generation': 1096}","{'id': 48632, 'rank': 14, 'fitness': 0.2743284495184844, 'generation': 1096}","{'id': 48610, 'rank': 15, 'fitness': 0.22017922870214351, 'generation': 1096}","{'id': 48637, 'rank': 16, 'fitness': 0.2015986408207765, 'generation': 1096}","{'id': 48635, 'rank': 17, 'fitness': 0.19169262547249666, 'generation': 1096}","{'id': 48617, 'rank': 18, 'fitness': 0.17950582322942366, 'generation': 1096}","{'id': 48616, 'rank': 19, 'fitness': 0.1701910574513228, 'generation': 1096}","{'id': 48629, 'rank': 20, 'fitness': 0.15617608601222327, 'generation': 1096}","{'id': 48619, 'rank': 21, 'fitness': 0.11092249716735486, 'generation': 1096}","{'id': 48630, 'rank': 22, 'fitness': 0.06023217201094433, 'generation': 1096}","{'id': 48626, 'rank': 23, 'fitness': 0.04315501136100952, 'generation': 1096}","{'id': 48609, 'rank': 24, 'fitness': 0.03734420606624833, 'generation': 1096}","{'id': 48607, 'rank': 25, 'fitness': 0.034768755702590415, 'generation': 1096}","{'id': 48643, 'rank': 26, 'fitness': 0.03452986768609645, 'generation': 1096}","{'id': 48613, 'rank': 27, 'fitness': 0.03445179186760572, 'generation': 1096}","{'id': 48624, 'rank': 28, 'fitness': 0.0328083744765838, 'generation': 1096}","{'id': 48625, 'rank': 29, 'fitness': 0.018527816642671058, 'generation': 1096}","{'id': 48618, 'rank': 30, 'fitness': 0.01798620996209155, 'generation': 1096}"
"{'id': 48667, 'rank': 1, 'fitness': 0.9820137900379085, 'generation': 1097}","{'id': 48672, 'rank': 2, 'fitness': 0.9347307180481048, 'generation': 1097}","{'id': 48678, 'rank': 3, 'fitness': 0.9145152793097093, 'generation': 1097}","{'id': 48674, 'rank': 4, 'fitness': 0.903731791585721, 'generation': 1097}","{'id': 48647, 'rank': 5, 'fitness': 0.8354316179598429, 'generation': 1097}","{'id': 48665, 'rank': 6, 'fitness': 0.6192157156750024, 'generation': 1097}","{'id': 48681, 'rank': 7, 'fitness': 0.5740452539825015, 'generation': 1097}","{'id': 48660, 'rank': 8, 'fitness': 0.5471526486713295, 'generation': 1097}","{'id': 48645, 'rank': 9, 'fitness': 0.45766212637881165, 'generation': 1097}","{'id': 48685, 'rank': 10, 'fitness': 0.4388510536043183, 'generation': 1097}","{'id': 48666, 'rank': 11, 'fitness': 0.43127689341123265, 'generation': 1097}","{'id': 48671, 'rank': 12, 'fitness': 0.3685608752227173, 'generation': 1097}","{'id': 48658, 'rank': 13, 'fitness': 0.2906481639873958, 'generation': 1097}","{'id': 48670, 'rank': 14, 'fitness': 0.21928968611132676, 'generation': 1097}","{'id': 48656, 'rank': 15, 'fitness': 0.192485607637028, 'generation': 1097}","{'id': 48676, 'rank': 16, 'fitness': 0.18030880063369598, 'generation': 1097}","{'id': 48662, 'rank': 17, 'fitness': 0.17559539649296507, 'generation': 1097}","{'id': 48682, 'rank': 18, 'fitness': 0.1752968224710123, 'generation': 1097}","{'id': 48675, 'rank': 19, 'fitness': 0.16066514218634487, 'generation': 1097}","{'id': 48661, 'rank': 20, 'fitness': 0.1429666112624821, 'generation': 1097}","{'id': 48683, 'rank': 21, 'fitness': 0.10280356141929714, 'generation': 1097}","{'id': 48650, 'rank': 22, 'fitness': 0.0884812576618989, 'generation': 1097}","{'id': 48680, 'rank': 23, 'fitness': 0.06940560437203541, 'generation': 1097}","{'id': 48668, 'rank': 24, 'fitness': 0.05439997629061272, 'generation': 1097}","{'id': 48677, 'rank': 25, 'fitness': 0.050755661312046396, 'generation': 1097}","{'id': 48655, 'rank': 26, 'fitness': 0.04593420358728356, 'generation': 1097}","{'id': 48686, 'rank': 27, 'fitness': 0.043960905435393216, 'generation': 1097}","{'id': 48669, 'rank': 28, 'fitness': 0.0419519365802008, 'generation': 1097}","{'id': 48653, 'rank': 29, 'fitness': 0.02838051522078011, 'generation': 1097}","{'id': 48659, 'rank': 30, 'fitness': 0.01798620996209155, 'generation': 1097}"
"{'id': 48723, 'rank': 1, 'fitness': 0.9820137900379085, 'generation': 1098}","{'id': 48727, 'rank': 2, 'fitness': 0.823935596557712, 'generation': 1098}","{'id': 48701, 'rank': 3, 'fitness': 0.7593021522461034, 'generation': 1098}","{'id': 48725, 'rank': 4, 'fitness': 0.6709591429639357, 'generation': 1098}","{'id': 48721, 'rank': 5, 'fitness': 0.4790263090204137, 'generation': 1098}","{'id': 48694, 'rank': 6, 'fitness': 0.47258109609294663, 'generation': 1098}","{'id': 48729, 'rank': 7, 'fitness': 0.4622791252126355, 'generation': 1098}","{'id': 48718, 'rank': 8, 'fitness': 0.37607086211723145, 'generation': 1098}","{'id': 48714, 'rank': 9, 'fitness': 0.32312341783895693, 'generation': 1098}","{'id': 48730, 'rank': 10, 'fitness': 0.2665274985704817, 'generation': 1098}","{'id': 48698, 'rank': 11, 'fitness': 0.24868639358815992, 'generation': 1098}","{'id': 48702, 'rank': 12, 'fitness': 0.24319441326859126, 'generation': 1098}","{'id': 48705, 'rank': 13, 'fitness': 0.2332987516403658, 'generation': 1098}","{'id': 48690, 'rank': 14, 'fitness': 0.20523334600857718, 'generation': 1098}","{'id': 48712, 'rank': 15, 'fitness': 0.16098572131661287, 'generation': 1098}","{'id': 48708, 'rank': 16, 'fitness': 0.1437356691344921, 'generation': 1098}","{'id': 48710, 'rank': 17, 'fitness': 0.1373205258159076, 'generation': 1098}","{'id': 48695, 'rank': 18, 'fitness': 0.10927816554904551, 'generation': 1098}","{'id': 48700, 'rank': 19, 'fitness': 0.09679173872191116, 'generation': 1098}","{'id': 48724, 'rank': 20, 'fitness': 0.0964044262294021, 'generation': 1098}","{'id': 48715, 'rank': 21, 'fitness': 0.06695116666858991, 'generation': 1098}","{'id': 48726, 'rank': 22, 'fitness': 0.06540965586048492, 'generation': 1098}","{'id': 48716, 'rank': 23, 'fitness': 0.06026696010725696, 'generation': 1098}","{'id': 48688, 'rank': 24, 'fitness': 0.04281453117745493, 'generation': 1098}","{'id': 48692, 'rank': 25, 'fitness': 0.032545197073432786, 'generation': 1098}","{'id': 48706, 'rank': 26, 'fitness': 0.0306926063505647, 'generation': 1098}","{'id': 48720, 'rank': 27, 'fitness': 0.02943377615517323, 'generation': 1098}","{'id': 48717, 'rank': 28, 'fitness': 0.027603718983571945, 'generation': 1098}","{'id': 48711, 'rank': 29, 'fitness': 0.02455604090208613, 'generation': 1098}","{'id': 48687, 'rank': 30, 'fitness': 0.01798620996209155, 'generation': 1098}"
"{'id': 48772, 'rank': 1, 'fitness': 0.9820137900379085, 'generation': 1099}","{'id': 48769, 'rank': 2, 'fitness': 0.9702526736344593, 'generation': 1099}","{'id': 48767, 'rank': 3, 'fitness': 0.9190473903237445, 'generation': 1099}","{'id': 48748, 'rank': 4, 'fitness': 0.9022692182578457, 'generation': 1099}","{'id': 48740, 'rank': 5, 'fitness': 0.9002117554830982, 'generation': 1099}","{'id': 48752, 'rank': 6, 'fitness': 0.8035262900506447, 'generation': 1099}","{'id': 48763, 'rank': 7, 'fitness': 0.6037260191593912, 'generation': 1099}","{'id': 48753, 'rank': 8, 'fitness': 0.5670455264892313, 'generation': 1099}","{'id': 48750, 'rank': 9, 'fitness': 0.5665497853357285, 'generation': 1099}","{'id': 48758, 'rank': 10, 'fitness': 0.4975835017723711, 'generation': 1099}","{'id': 48754, 'rank': 11, 'fitness': 0.4549573322672891, 'generation': 1099}","{'id': 48747, 'rank': 12, 'fitness': 0.3677032474526887, 'generation': 1099}","{'id': 48760, 'rank': 13, 'fitness': 0.3484799704813209, 'generation': 1099}","{'id': 48756, 'rank': 14, 'fitness': 0.34136672183309574, 'generation': 1099}","{'id': 48766, 'rank': 15, 'fitness': 0.2591375887023168, 'generation': 1099}","{'id': 48737, 'rank': 16, 'fitness': 0.22694977522479975, 'generation': 1099}","{'id': 48755, 'rank': 17, 'fitness': 0.2050116231140311, 'generation': 1099}","{'id': 48764, 'rank': 18, 'fitness': 0.18956517865393324, 'generation': 1099}","{'id': 48771, 'rank': 19, 'fitness': 0.1670826616364337, 'generation': 1099}","{'id': 48736, 'rank': 20, 'fitness': 0.15313903513116423, 'generation': 1099}","{'id': 48773, 'rank': 21, 'fitness': 0.1111925650518748, 'generation': 1099}","{'id': 48741, 'rank': 22, 'fitness': 0.10259097931575467, 'generation': 1099}","{'id': 48770, 'rank': 23, 'fitness': 0.06901283347408282, 'generation': 1099}","{'id': 48745, 'rank': 24, 'fitness': 0.05584069485968923, 'generation': 1099}","{'id': 48731, 'rank': 25, 'fitness': 0.04639389159693341, 'generation': 1099}","{'id': 48746, 'rank': 26, 'fitness': 0.034966530781068705, 'generation': 1099}","{'id': 48749, 'rank': 27, 'fitness': 0.025652991826196347, 'generation': 1099}","{'id': 48765, 'rank': 28, 'fitness': 0.019444703835943655, 'generation': 1099}","{'id': 48762, 'rank': 29, 'fitness': 0.018135909075043755, 'generation': 1099}","{'id': 48733, 'rank': 30, 'fitness': 0.01798620996209155, 'generation': 1099}"
"{'id': 48816, 'rank': 1, 'fitness': 0.9820137900379085, 'generation': 1100}","{'id': 48818, 'rank': 2, 'fitness': 0.9129276780850555, 'generation': 1100}","{'id': 48815, 'rank': 3, 'fitness': 0.8441895522320801, 'generation': 1100}","{'id': 48811, 'rank': 4, 'fitness': 0.782148501853642, 'generation': 1100}","{'id': 48801, 'rank': 5, 'fitness': 0.7091169582822708, 'generation': 1100}","{'id': 48821, 'rank': 6, 'fitness': 0.5930847527893512, 'generation': 1100}","{'id': 48820, 'rank': 7, 'fitness': 0.5834632953519369, 'generation': 1100}","{'id': 48807, 'rank': 8, 'fitness': 0.4936329782480133, 'generation': 1100}","{'id': 48799, 'rank': 9, 'fitness': 0.441997480459048, 'generation': 1100}","{'id': 48792, 'rank': 10, 'fitness': 0.39604595140567517, 'generation': 1100}","{'id': 48786, 'rank': 11, 'fitness': 0.30639755653440887, 'generation': 1100}","{'id': 48814, 'rank': 12, 'fitness': 0.2993761952541461, 'generation': 1100}","{'id': 48790, 'rank': 13, 'fitness': 0.2913471139383603, 'generation': 1100}","{'id': 48806, 'rank': 14, 'fitness': 0.2433523226976837, 'generation': 1100}","{'id': 48819, 'rank': 15, 'fitness': 0.24105463898364654, 'generation': 1100}","{'id': 48802, 'rank': 16, 'fitness': 0.22773811966045288, 'generation': 1100}","{'id': 48796, 'rank': 17, 'fitness': 0.13664410630877, 'generation': 1100}","{'id': 48777, 'rank': 18, 'fitness': 0.12034881855323498, 'generation': 1100}","{'id': 48803, 'rank': 19, 'fitness': 0.1096363714929206, 'generation': 1100}","{'id': 48798, 'rank': 20, 'fitness': 0.10443697964884069, 'generation': 1100}","{'id': 48789, 'rank': 21, 'fitness': 0.1001006675566522, 'generation': 1100}","{'id': 48794, 'rank': 22, 'fitness': 0.082580185343813, 'generation': 1100}","{'id': 48795, 'rank': 23, 'fitness': 0.07627413216506812, 'generation': 1100}","{'id': 48791, 'rank': 24, 'fitness': 0.05426263287711092, 'generation': 1100}","{'id': 48808, 'rank': 25, 'fitness': 0.04955937698322599, 'generation': 1100}","{'id': 48810, 'rank': 26, 'fitness': 0.0472518888358035, 'generation': 1100}","{'id': 48813, 'rank': 27, 'fitness': 0.04053845514148641, 'generation': 1100}","{'id': 48804, 'rank': 28, 'fitness': 0.021356732923851707, 'generation': 1100}","{'id': 48778, 'rank': 29, 'fitness': 0.018872174579455114, 'generation': 1100}","{'id': 48787, 'rank': 30, 'fitness': 0.01798620996209155, 'generation': 1100}"
"{'id': 48856, 'rank': 1, 'fitness': 0.9820137900379085, 'generation': 1101}","{'id': 48827, 'rank': 2, 'fitness': 0.9279998165089041, 'generation': 1101}","{'id': 48855, 'rank': 3, 'fitness': 0.7988173956162032, 'generation': 1101}","{'id': 48853, 'rank': 4, 'fitness': 0.7469103757638043, 'generation': 1101}","{'id': 48852, 'rank': 5, 'fitness': 0.7071942995918651, 'generation': 1101}","{'id': 48860, 'rank': 6, 'fitness': 0.5958585192481791, 'generation': 1101}","{'id': 48851, 'rank': 7, 'fitness': 0.4930921756043354, 'generation': 1101}","{'id': 48828, 'rank': 8, 'fitness': 0.4709916597210428, 'generation': 1101}","{'id': 48824, 'rank': 9, 'fitness': 0.37270211584170887, 'generation': 1101}","{'id': 48837, 'rank': 10, 'fitness': 0.3701616690201231, 'generation': 1101}","{'id': 48833, 'rank': 11, 'fitness': 0.33846230825672213, 'generation': 1101}","{'id': 48841, 'rank': 12, 'fitness': 0.3080107071730857, 'generation': 1101}","{'id': 48854, 'rank': 13, 'fitness': 0.2502558633160297, 'generation': 1101}","{'id': 48840, 'rank': 14, 'fitness': 0.20482044340006883, 'generation': 1101}","{'id': 48846, 'rank': 15, 'fitness': 0.16760699170223758, 'generation': 1101}","{'id': 48850, 'rank': 16, 'fitness': 0.14810748667612517, 'generation': 1101}","{'id': 48836, 'rank': 17, 'fitness': 0.1374063190612908, 'generation': 1101}","{'id': 48849, 'rank': 18, 'fitness': 0.12045360824751855, 'generation': 1101}","{'id': 48838, 'rank': 19, 'fitness': 0.11130760393974015, 'generation': 1101}","{'id': 48825, 'rank': 20, 'fitness': 0.10575188446092748, 'generation': 1101}","{'id': 48859, 'rank': 21, 'fitness': 0.09716461729368686, 'generation': 1101}","{'id': 48831, 'rank': 22, 'fitness': 0.09047476052084968, 'generation': 1101}","{'id': 48848, 'rank': 23, 'fitness': 0.07054539924719472, 'generation': 1101}","{'id': 48835, 'rank': 24, 'fitness': 0.06827641353523584, 'generation': 1101}","{'id': 48847, 'rank': 25, 'fitness': 0.05729936594807988, 'generation': 1101}","{'id': 48857, 'rank': 26, 'fitness': 0.04714668923044263, 'generation': 1101}","{'id': 48843, 'rank': 27, 'fitness': 0.0334019167307793, 'generation': 1101}","{'id': 48844, 'rank': 28, 'fitness': 0.0294993000621272, 'generation': 1101}","{'id': 48845, 'rank': 29, 'fitness': 0.02434564204495343, 'generation': 1101}","{'id': 48839, 'rank': 30, 'fitness': 0.01798620996209155, 'generation': 1101}"
"{'id': 48890, 'rank': 1, 'fitness': 0.9820137900379085, 'generation': 1102}","{'id': 48903, 'rank': 2, 'fitness': 0.8506897603694764, 'generation': 1102}","{'id': 48880, 'rank': 3, 'fitness': 0.8414370322973398, 'generation': 1102}","{'id': 48900, 'rank': 4, 'fitness': 0.8099832477264131, 'generation': 1102}","{'id': 48896, 'rank': 5, 'fitness': 0.7677378434352521, 'generation': 1102}","{'id': 48895, 'rank': 6, 'fitness': 0.6214477642309034, 'generation': 1102}","{'id': 48863, 'rank': 7, 'fitness': 0.5428290564350584, 'generation': 1102}","{'id': 48883, 'rank': 8, 'fitness': 0.4194476184306358, 'generation': 1102}","{'id': 48875, 'rank': 9, 'fitness': 0.4128207843306605, 'generation': 1102}","{'id': 48879, 'rank': 10, 'fitness': 0.39303787407534185, 'generation': 1102}","{'id': 48893, 'rank': 11, 'fitness': 0.33452464358844614, 'generation': 1102}","{'id': 48897, 'rank': 12, 'fitness': 0.27515754406170884, 'generation': 1102}","{'id': 48861, 'rank': 13, 'fitness': 0.21297412686322686, 'generation': 1102}","{'id': 48885, 'rank': 14, 'fitness': 0.20435049524756893, 'generation': 1102}","{'id': 48905, 'rank': 15, 'fitness': 0.16687283235593486, 'generation': 1102}","{'id': 48877, 'rank': 16, 'fitness': 0.14886731450116575, 'generation': 1102}","{'id': 48904, 'rank': 17, 'fitness': 0.11216774085335046, 'generation': 1102}","{'id': 48866, 'rank': 18, 'fitness': 0.06829039805088327, 'generation': 1102}","{'id': 48902, 'rank': 19, 'fitness': 0.06586005771855441, 'generation': 1102}","{'id': 48871, 'rank': 20, 'fitness': 0.06407552503052016, 'generation': 1102}","{'id': 48892, 'rank': 21, 'fitness': 0.06158556022329559, 'generation': 1102}","{'id': 48869, 'rank': 22, 'fitness': 0.051765974626069244, 'generation': 1102}","{'id': 48894, 'rank': 23, 'fitness': 0.05152735072372311, 'generation': 1102}","{'id': 48864, 'rank': 24, 'fitness': 0.04469687426558877, 'generation': 1102}","{'id': 48884, 'rank': 25, 'fitness': 0.04131906179950007, 'generation': 1102}","{'id': 48899, 'rank': 26, 'fitness': 0.03204530252285326, 'generation': 1102}","{'id': 48881, 'rank': 27, 'fitness': 0.025701793042591625, 'generation': 1102}","{'id': 48870, 'rank': 28, 'fitness': 0.024869043590866002, 'generation': 1102}","{'id': 48901, 'rank': 29, 'fitness': 0.024657018575433176, 'generation': 1102}","{'id': 48887, 'rank': 30, 'fitness': 0.01798620996209155, 'generation': 1102}"
"{'id': 48932, 'rank': 1, 'fitness': 0.9820137900379085, 'generation': 1103}","{'id': 48906, 'rank': 2, 'fitness': 0.9255441376880036, 'generation': 1103}","{'id': 48926, 'rank': 3, 'fitness': 0.907397434139801, 'generation': 1103}","{'id': 48913, 'rank': 4, 'fitness': 0.9002342936826625, 'generation': 1103}","{'id': 48917, 'rank': 5, 'fitness': 0.8244886606248507, 'generation': 1103}","{'id': 48939, 'rank': 6, 'fitness': 0.811824832881648, 'generation': 1103}","{'id': 48915, 'rank': 7, 'fitness': 0.5839321517259857, 'generation': 1103}","{'id': 48910, 'rank': 8, 'fitness': 0.5741258834700831, 'generation': 1103}","{'id': 48924, 'rank': 9, 'fitness': 0.507914351426, 'generation': 1103}","{'id': 48944, 'rank': 10, 'fitness': 0.5060954850067582, 'generation': 1103}","{'id': 48931, 'rank': 11, 'fitness': 0.4544703932645137, 'generation': 1103}","{'id': 48927, 'rank': 12, 'fitness': 0.42726733954091767, 'generation': 1103}","{'id': 48909, 'rank': 13, 'fitness': 0.4266011833030615, 'generation': 1103}","{'id': 48923, 'rank': 14, 'fitness': 0.42625292943934145, 'generation': 1103}","{'id': 48928, 'rank': 15, 'fitness': 0.38179447962633317, 'generation': 1103}","{'id': 48936, 'rank': 16, 'fitness': 0.2963498137361197, 'generation': 1103}","{'id': 48911, 'rank': 17, 'fitness': 0.24017687971220775, 'generation': 1103}","{'id': 48941, 'rank': 18, 'fitness': 0.23837634795707774, 'generation': 1103}","{'id': 48940, 'rank': 19, 'fitness': 0.1525242840868049, 'generation': 1103}","{'id': 48942, 'rank': 20, 'fitness': 0.1442444380085765, 'generation': 1103}","{'id': 48929, 'rank': 21, 'fitness': 0.13740492356991085, 'generation': 1103}","{'id': 48935, 'rank': 22, 'fitness': 0.13240399520057988, 'generation': 1103}","{'id': 48914, 'rank': 23, 'fitness': 0.13179483426053057, 'generation': 1103}","{'id': 48916, 'rank': 24, 'fitness': 0.09686141965841416, 'generation': 1103}","{'id': 48921, 'rank': 25, 'fitness': 0.0783876471603423, 'generation': 1103}","{'id': 48945, 'rank': 26, 'fitness': 0.07386477720718998, 'generation': 1103}","{'id': 48946, 'rank': 27, 'fitness': 0.06745773312378534, 'generation': 1103}","{'id': 48930, 'rank': 28, 'fitness': 0.06596257136161754, 'generation': 1103}","{'id': 48919, 'rank': 29, 'fitness': 0.029622418560900254, 'generation': 1103}","{'id': 48920, 'rank': 30, 'fitness': 0.01798620996209155, 'generation': 1103}"
"{'id': 48978, 'rank': 1, 'fitness': 0.9820137900379085, 'generation': 1104}","{'id': 48989, 'rank': 2, 'fitness': 0.9669733237752585, 'generation': 1104}","{'id': 48948, 'rank': 3, 'fitness': 0.9175643551914039, 'generation': 1104}","{'id': 48992, 'rank': 4, 'fitness': 0.8998464633694157, 'generation': 1104}","{'id': 48973, 'rank': 5, 'fitness': 0.8978246229561573, 'generation': 1104}","{'id': 48952, 'rank': 6, 'fitness': 0.8789684626775982, 'generation': 1104}","{'id': 48988, 'rank': 7, 'fitness': 0.8081198769031289, 'generation': 1104}","{'id': 48981, 'rank': 8, 'fitness': 0.7303316190690596, 'generation': 1104}","{'id': 48986, 'rank': 9, 'fitness': 0.5877538736971605, 'generation': 1104}","{'id': 48980, 'rank': 10, 'fitness': 0.2403947163343093, 'generation': 1104}","{'id': 48982, 'rank': 11, 'fitness': 0.2314712741108293, 'generation': 1104}","{'id': 48968, 'rank': 12, 'fitness': 0.2196550395198929, 'generation': 1104}","{'id': 48984, 'rank': 13, 'fitness': 0.18075874060929303, 'generation': 1104}","{'id': 48972, 'rank': 14, 'fitness': 0.16566467001827984, 'generation': 1104}","{'id': 48983, 'rank': 15, 'fitness': 0.14971158635871534, 'generation': 1104}","{'id': 48990, 'rank': 16, 'fitness': 0.11737643045209734, 'generation': 1104}","{'id': 48951, 'rank': 17, 'fitness': 0.11665437278495888, 'generation': 1104}","{'id': 48969, 'rank': 18, 'fitness': 0.10739820125871158, 'generation': 1104}","{'id': 48985, 'rank': 19, 'fitness': 0.05964996851032811, 'generation': 1104}","{'id': 48975, 'rank': 20, 'fitness': 0.039917586123805915, 'generation': 1104}","{'id': 48961, 'rank': 21, 'fitness': 0.03708949314639737, 'generation': 1104}","{'id': 48974, 'rank': 22, 'fitness': 0.03670908750970853, 'generation': 1104}","{'id': 48977, 'rank': 23, 'fitness': 0.03660548218026294, 'generation': 1104}","{'id': 48964, 'rank': 24, 'fitness': 0.03490700793913404, 'generation': 1104}","{'id': 48970, 'rank': 25, 'fitness': 0.0329151289887738, 'generation': 1104}","{'id': 48955, 'rank': 26, 'fitness': 0.02674368764282653, 'generation': 1104}","{'id': 48976, 'rank': 27, 'fitness': 0.023571001674343228, 'generation': 1104}","{'id': 48987, 'rank': 28, 'fitness': 0.018761819791545287, 'generation': 1104}","{'id': 48966, 'rank': 29, 'fitness': 0.01824636306032612, 'generation': 1104}","{'id': 48949, 'rank': 30, 'fitness': 0.01798620996209155, 'generation': 1104}"
"{'id': 49002, 'rank': 1, 'fitness': 0.9820137900379085, 'generation': 1105}","{'id': 49034, 'rank': 2, 'fitness': 0.9797930221157789, 'generation': 1105}","{'id': 49033, 'rank': 3, 'fitness': 0.9774164880104341, 'generation': 1105}","{'id': 49037, 'rank': 4, 'fitness': 0.8456857084474332, 'generation': 1105}","{'id': 49030, 'rank': 5, 'fitness': 0.744148111070336, 'generation': 1105}","{'id': 49007, 'rank': 6, 'fitness': 0.730491492250523, 'generation': 1105}","{'id': 49020, 'rank': 7, 'fitness': 0.6313558463617787, 'generation': 1105}","{'id': 49035, 'rank': 8, 'fitness': 0.6165988373373368, 'generation': 1105}","{'id': 49025, 'rank': 9, 'fitness': 0.564005191176498, 'generation': 1105}","{'id': 48996, 'rank': 10, 'fitness': 0.5015712522422788, 'generation': 1105}","{'id': 49029, 'rank': 11, 'fitness': 0.2711580714545121, 'generation': 1105}","{'id': 49000, 'rank': 12, 'fitness': 0.23352719828718144, 'generation': 1105}","{'id': 49001, 'rank': 13, 'fitness': 0.22501319274595888, 'generation': 1105}","{'id': 49032, 'rank': 14, 'fitness': 0.1731099653058341, 'generation': 1105}","{'id': 49026, 'rank': 15, 'fitness': 0.15559764487526306, 'generation': 1105}","{'id': 49014, 'rank': 16, 'fitness': 0.15189115273462667, 'generation': 1105}","{'id': 49011, 'rank': 17, 'fitness': 0.09993020526543062, 'generation': 1105}","{'id': 49023, 'rank': 18, 'fitness': 0.08164731678630976, 'generation': 1105}","{'id': 49012, 'rank': 19, 'fitness': 0.07262593095452297, 'generation': 1105}","{'id': 49010, 'rank': 20, 'fitness': 0.058587160479978695, 'generation': 1105}","{'id': 48994, 'rank': 21, 'fitness': 0.04211948446899938, 'generation': 1105}","{'id': 49024, 'rank': 22, 'fitness': 0.04111677186053164, 'generation': 1105}","{'id': 49019, 'rank': 23, 'fitness': 0.04011516409811955, 'generation': 1105}","{'id': 49004, 'rank': 24, 'fitness': 0.037528703939074204, 'generation': 1105}","{'id': 49009, 'rank': 25, 'fitness': 0.02908347084867402, 'generation': 1105}","{'id': 49018, 'rank': 26, 'fitness': 0.02558159176033553, 'generation': 1105}","{'id': 49028, 'rank': 27, 'fitness': 0.025468081056496672, 'generation': 1105}","{'id': 49003, 'rank': 28, 'fitness': 0.023195268127863877, 'generation': 1105}","{'id': 49027, 'rank': 29, 'fitness': 0.01899928318300742, 'generation': 1105}","{'id': 49022, 'rank': 30, 'fitness': 0.01798620996209155, 'generation': 1105}"
"{'id': 49079, 'rank': 1, 'fitness': 0.9820137900379085, 'generation': 1106}","{'id': 49083, 'rank': 2, 'fitness': 0.9590233308538741, 'generation': 1106}","{'id': 49071, 'rank': 3, 'fitness': 0.9513146902488997, 'generation': 1106}","{'id': 49074, 'rank': 4, 'fitness': 0.9008424225491753, 'generation': 1106}","{'id': 49043, 'rank': 5, 'fitness': 0.7414257657900166, 'generation': 1106}","{'id': 49067, 'rank': 6, 'fitness': 0.6557524732539404, 'generation': 1106}","{'id': 49069, 'rank': 7, 'fitness': 0.6439439833046519, 'generation': 1106}","{'id': 49082, 'rank': 8, 'fitness': 0.425578344290063, 'generation': 1106}","{'id': 49055, 'rank': 9, 'fitness': 0.3913179070427529, 'generation': 1106}","{'id': 49084, 'rank': 10, 'fitness': 0.3589120131693905, 'generation': 1106}","{'id': 49058, 'rank': 11, 'fitness': 0.290509340814301, 'generation': 1106}","{'id': 49061, 'rank': 12, 'fitness': 0.2761256298416305, 'generation': 1106}","{'id': 49068, 'rank': 13, 'fitness': 0.2752178948599293, 'generation': 1106}","{'id': 49075, 'rank': 14, 'fitness': 0.2721345246800938, 'generation': 1106}","{'id': 49062, 'rank': 15, 'fitness': 0.2279526241292128, 'generation': 1106}","{'id': 49063, 'rank': 16, 'fitness': 0.22481183136588034, 'generation': 1106}","{'id': 49081, 'rank': 17, 'fitness': 0.20861984403693629, 'generation': 1106}","{'id': 49076, 'rank': 18, 'fitness': 0.20227898483282847, 'generation': 1106}","{'id': 49078, 'rank': 19, 'fitness': 0.13183091074422248, 'generation': 1106}","{'id': 49053, 'rank': 20, 'fitness': 0.11016434594331453, 'generation': 1106}","{'id': 49072, 'rank': 21, 'fitness': 0.09079828181165989, 'generation': 1106}","{'id': 49045, 'rank': 22, 'fitness': 0.06822052635793602, 'generation': 1106}","{'id': 49073, 'rank': 23, 'fitness': 0.06670969661469905, 'generation': 1106}","{'id': 49065, 'rank': 24, 'fitness': 0.057760352611436194, 'generation': 1106}","{'id': 49064, 'rank': 25, 'fitness': 0.05535555011146692, 'generation': 1106}","{'id': 49040, 'rank': 26, 'fitness': 0.05222248901938681, 'generation': 1106}","{'id': 49057, 'rank': 27, 'fitness': 0.032980339794925484, 'generation': 1106}","{'id': 49051, 'rank': 28, 'fitness': 0.02951910811766001, 'generation': 1106}","{'id': 49080, 'rank': 29, 'fitness': 0.020057646151287134, 'generation': 1106}","{'id': 49052, 'rank': 30, 'fitness': 0.01798620996209155, 'generation': 1106}"
"{'id': 49117, 'rank': 1, 'fitness': 0.9820137900379085, 'generation': 1107}","{'id': 49121, 'rank': 2, 'fitness': 0.9731714101576445, 'generation': 1107}","{'id': 49114, 'rank': 3, 'fitness': 0.9646573156308627, 'generation': 1107}","{'id': 49122, 'rank': 4, 'fitness': 0.9259684197526103, 'generation': 1107}","{'id': 49123, 'rank': 5, 'fitness': 0.9111760431391993, 'generation': 1107}","{'id': 49111, 'rank': 6, 'fitness': 0.7823193936107711, 'generation': 1107}","{'id': 49098, 'rank': 7, 'fitness': 0.7395804184845062, 'generation': 1107}","{'id': 49107, 'rank': 8, 'fitness': 0.6438194980923844, 'generation': 1107}","{'id': 49094, 'rank': 9, 'fitness': 0.5565114162815421, 'generation': 1107}","{'id': 49093, 'rank': 10, 'fitness': 0.3590154110817445, 'generation': 1107}","{'id': 49126, 'rank': 11, 'fitness': 0.3062781874828189, 'generation': 1107}","{'id': 49112, 'rank': 12, 'fitness': 0.27715791782506216, 'generation': 1107}","{'id': 49090, 'rank': 13, 'fitness': 0.25306423902178443, 'generation': 1107}","{'id': 49124, 'rank': 14, 'fitness': 0.2488742708103841, 'generation': 1107}","{'id': 49125, 'rank': 15, 'fitness': 0.229935892293672, 'generation': 1107}","{'id': 49120, 'rank': 16, 'fitness': 0.19851636630551384, 'generation': 1107}","{'id': 49104, 'rank': 17, 'fitness': 0.1616212015485169, 'generation': 1107}","{'id': 49116, 'rank': 18, 'fitness': 0.13537306732103377, 'generation': 1107}","{'id': 49128, 'rank': 19, 'fitness': 0.13506037385875802, 'generation': 1107}","{'id': 49087, 'rank': 20, 'fitness': 0.13452549129361668, 'generation': 1107}","{'id': 49095, 'rank': 21, 'fitness': 0.12553014376042837, 'generation': 1107}","{'id': 49119, 'rank': 22, 'fitness': 0.11263055383312454, 'generation': 1107}","{'id': 49106, 'rank': 23, 'fitness': 0.08167403323692779, 'generation': 1107}","{'id': 49099, 'rank': 24, 'fitness': 0.07617659544583921, 'generation': 1107}","{'id': 49092, 'rank': 25, 'fitness': 0.045632147872862405, 'generation': 1107}","{'id': 49102, 'rank': 26, 'fitness': 0.04114017486340038, 'generation': 1107}","{'id': 49118, 'rank': 27, 'fitness': 0.020736055098672546, 'generation': 1107}","{'id': 49096, 'rank': 28, 'fitness': 0.01967126032056493, 'generation': 1107}","{'id': 49089, 'rank': 29, 'fitness': 0.01841891846156768, 'generation': 1107}","{'id': 49097, 'rank': 30, 'fitness': 0.01798620996209155, 'generation': 1107}"
"{'id': 49179, 'rank': 1, 'fitness': 0.9820137900379085, 'generation': 1108}","{'id': 49172, 'rank': 2, 'fitness': 0.7978270979683997, 'generation': 1108}","{'id': 49159, 'rank': 3, 'fitness': 0.7636652940236107, 'generation': 1108}","{'id': 49169, 'rank': 4, 'fitness': 0.7350020820824411, 'generation': 1108}","{'id': 49171, 'rank': 5, 'fitness': 0.6673302905551328, 'generation': 1108}","{'id': 49167, 'rank': 6, 'fitness': 0.6188557902242151, 'generation': 1108}","{'id': 49160, 'rank': 7, 'fitness': 0.4950041421100128, 'generation': 1108}","{'id': 49177, 'rank': 8, 'fitness': 0.47840813554280365, 'generation': 1108}","{'id': 49163, 'rank': 9, 'fitness': 0.43744805803314013, 'generation': 1108}","{'id': 49180, 'rank': 10, 'fitness': 0.42934234333167715, 'generation': 1108}","{'id': 49161, 'rank': 11, 'fitness': 0.3920151533767001, 'generation': 1108}","{'id': 49176, 'rank': 12, 'fitness': 0.27359186481680675, 'generation': 1108}","{'id': 49174, 'rank': 13, 'fitness': 0.2140280492395112, 'generation': 1108}","{'id': 49162, 'rank': 14, 'fitness': 0.1794991521835289, 'generation': 1108}","{'id': 49140, 'rank': 15, 'fitness': 0.14510264952832563, 'generation': 1108}","{'id': 49166, 'rank': 16, 'fitness': 0.12966803026467516, 'generation': 1108}","{'id': 49139, 'rank': 17, 'fitness': 0.1273521117983179, 'generation': 1108}","{'id': 49131, 'rank': 18, 'fitness': 0.11988211464992587, 'generation': 1108}","{'id': 49156, 'rank': 19, 'fitness': 0.08551671055125659, 'generation': 1108}","{'id': 49134, 'rank': 20, 'fitness': 0.08105820862272939, 'generation': 1108}","{'id': 49138, 'rank': 21, 'fitness': 0.06279755413191496, 'generation': 1108}","{'id': 49168, 'rank': 22, 'fitness': 0.05821614467286318, 'generation': 1108}","{'id': 49178, 'rank': 23, 'fitness': 0.05200620075460721, 'generation': 1108}","{'id': 49170, 'rank': 24, 'fitness': 0.0446859739541664, 'generation': 1108}","{'id': 49144, 'rank': 25, 'fitness': 0.03734919099387424, 'generation': 1108}","{'id': 49155, 'rank': 26, 'fitness': 0.03353943388216751, 'generation': 1108}","{'id': 49141, 'rank': 27, 'fitness': 0.027162058029788272, 'generation': 1108}","{'id': 49143, 'rank': 28, 'fitness': 0.024235527853457783, 'generation': 1108}","{'id': 49150, 'rank': 29, 'fitness': 0.023238555260350957, 'generation': 1108}","{'id': 49175, 'rank': 30, 'fitness': 0.01798620996209155, 'generation': 1108}"
"{'id': 49220, 'rank': 1, 'fitness': 0.9820137900379085, 'generation': 1109}","{'id': 49211, 'rank': 2, 'fitness': 0.76867986290699, 'generation': 1109}","{'id': 49225, 'rank': 3, 'fitness': 0.7065370465971655, 'generation': 1109}","{'id': 49208, 'rank': 4, 'fitness': 0.6973935846971273, 'generation': 1109}","{'id': 49215, 'rank': 5, 'fitness': 0.6547623370793554, 'generation': 1109}","{'id': 49218, 'rank': 6, 'fitness': 0.4349765708288066, 'generation': 1109}","{'id': 49216, 'rank': 7, 'fitness': 0.259166187970862, 'generation': 1109}","{'id': 49203, 'rank': 8, 'fitness': 0.2250745863690763, 'generation': 1109}","{'id': 49189, 'rank': 9, 'fitness': 0.22018531976008804, 'generation': 1109}","{'id': 49219, 'rank': 10, 'fitness': 0.20196573892223424, 'generation': 1109}","{'id': 49210, 'rank': 11, 'fitness': 0.18376762441310812, 'generation': 1109}","{'id': 49190, 'rank': 12, 'fitness': 0.1490479221626302, 'generation': 1109}","{'id': 49198, 'rank': 13, 'fitness': 0.1478108931327481, 'generation': 1109}","{'id': 49213, 'rank': 14, 'fitness': 0.1268801002092012, 'generation': 1109}","{'id': 49209, 'rank': 15, 'fitness': 0.095800592722321, 'generation': 1109}","{'id': 49221, 'rank': 16, 'fitness': 0.08051134945471411, 'generation': 1109}","{'id': 49207, 'rank': 17, 'fitness': 0.07945264075920944, 'generation': 1109}","{'id': 49224, 'rank': 18, 'fitness': 0.048432282443246655, 'generation': 1109}","{'id': 49192, 'rank': 19, 'fitness': 0.037460448517199096, 'generation': 1109}","{'id': 49185, 'rank': 20, 'fitness': 0.035884417933424895, 'generation': 1109}","{'id': 49202, 'rank': 21, 'fitness': 0.035723977198390655, 'generation': 1109}","{'id': 49188, 'rank': 22, 'fitness': 0.03530934132759678, 'generation': 1109}","{'id': 49201, 'rank': 23, 'fitness': 0.03147288003740284, 'generation': 1109}","{'id': 49199, 'rank': 24, 'fitness': 0.027220026425960275, 'generation': 1109}","{'id': 49217, 'rank': 25, 'fitness': 0.025308806174853204, 'generation': 1109}","{'id': 49212, 'rank': 26, 'fitness': 0.024687380245659585, 'generation': 1109}","{'id': 49196, 'rank': 27, 'fitness': 0.02033191062895323, 'generation': 1109}","{'id': 49222, 'rank': 28, 'fitness': 0.019340289830196533, 'generation': 1109}","{'id': 49206, 'rank': 29, 'fitness': 0.018168984613766925, 'generation': 1109}","{'id': 49191, 'rank': 30, 'fitness': 0.01798620996209155, 'generation': 1109}"
"{'id': 49257, 'rank': 1, 'fitness': 0.9820137900379085, 'generation': 1110}","{'id': 49236, 'rank': 2, 'fitness': 0.95447856273675, 'generation': 1110}","{'id': 49234, 'rank': 3, 'fitness': 0.9099420701853754, 'generation': 1110}","{'id': 49247, 'rank': 4, 'fitness': 0.9044533867097065, 'generation': 1110}","{'id': 49246, 'rank': 5, 'fitness': 0.8770659026977119, 'generation': 1110}","{'id': 49254, 'rank': 6, 'fitness': 0.8464777745142942, 'generation': 1110}","{'id': 49248, 'rank': 7, 'fitness': 0.8166821612145994, 'generation': 1110}","{'id': 49238, 'rank': 8, 'fitness': 0.7807191800670561, 'generation': 1110}","{'id': 49235, 'rank': 9, 'fitness': 0.7581736455492454, 'generation': 1110}","{'id': 49253, 'rank': 10, 'fitness': 0.6818350544913725, 'generation': 1110}","{'id': 49245, 'rank': 11, 'fitness': 0.5771013712905453, 'generation': 1110}","{'id': 49227, 'rank': 12, 'fitness': 0.57566027825122, 'generation': 1110}","{'id': 49237, 'rank': 13, 'fitness': 0.517906677889427, 'generation': 1110}","{'id': 49249, 'rank': 14, 'fitness': 0.45785792680120235, 'generation': 1110}","{'id': 49241, 'rank': 15, 'fitness': 0.44641919616107834, 'generation': 1110}","{'id': 49244, 'rank': 16, 'fitness': 0.4224612199846367, 'generation': 1110}","{'id': 49258, 'rank': 17, 'fitness': 0.39670845825793455, 'generation': 1110}","{'id': 49251, 'rank': 18, 'fitness': 0.32822427544403854, 'generation': 1110}","{'id': 49259, 'rank': 19, 'fitness': 0.2932678767886222, 'generation': 1110}","{'id': 49242, 'rank': 20, 'fitness': 0.2930058733659773, 'generation': 1110}","{'id': 49255, 'rank': 21, 'fitness': 0.24863136981045636, 'generation': 1110}","{'id': 49240, 'rank': 22, 'fitness': 0.205206643221362, 'generation': 1110}","{'id': 49228, 'rank': 23, 'fitness': 0.20471552641100393, 'generation': 1110}","{'id': 49232, 'rank': 24, 'fitness': 0.17289380062685622, 'generation': 1110}","{'id': 49256, 'rank': 25, 'fitness': 0.13458784826381348, 'generation': 1110}","{'id': 49229, 'rank': 26, 'fitness': 0.11550069494933235, 'generation': 1110}","{'id': 49230, 'rank': 27, 'fitness': 0.04612515288477442, 'generation': 1110}","{'id': 49239, 'rank': 28, 'fitness': 0.03749338397714286, 'generation': 1110}","{'id': 49252, 'rank': 29, 'fitness': 0.03639524391714016, 'generation': 1110}","{'id': 49250, 'rank': 30, 'fitness': 0.01798620996209155, 'generation': 1110}"
"{'id': 49302, 'rank': 1, 'fitness': 0.9820137900379085, 'generation': 1111}","{'id': 49308, 'rank': 2, 'fitness': 0.9640434251794037, 'generation': 1111}","{'id': 49294, 'rank': 3, 'fitness': 0.9159129483150696, 'generation': 1111}","{'id': 49273, 'rank': 4, 'fitness': 0.9074677671511281, 'generation': 1111}","{'id': 49301, 'rank': 5, 'fitness': 0.8901942736959172, 'generation': 1111}","{'id': 49286, 'rank': 6, 'fitness': 0.8748240850271924, 'generation': 1111}","{'id': 49283, 'rank': 7, 'fitness': 0.8328184528587553, 'generation': 1111}","{'id': 49282, 'rank': 8, 'fitness': 0.8057824213102278, 'generation': 1111}","{'id': 49289, 'rank': 9, 'fitness': 0.7629393704148753, 'generation': 1111}","{'id': 49295, 'rank': 10, 'fitness': 0.5209683726545807, 'generation': 1111}","{'id': 49287, 'rank': 11, 'fitness': 0.4493024186449557, 'generation': 1111}","{'id': 49314, 'rank': 12, 'fitness': 0.43828596173240053, 'generation': 1111}","{'id': 49311, 'rank': 13, 'fitness': 0.3894888591249006, 'generation': 1111}","{'id': 49267, 'rank': 14, 'fitness': 0.3048556792960424, 'generation': 1111}","{'id': 49303, 'rank': 15, 'fitness': 0.2963029389446527, 'generation': 1111}","{'id': 49310, 'rank': 16, 'fitness': 0.25851651609966464, 'generation': 1111}","{'id': 49269, 'rank': 17, 'fitness': 0.23673671139494523, 'generation': 1111}","{'id': 49288, 'rank': 18, 'fitness': 0.1761826833401146, 'generation': 1111}","{'id': 49274, 'rank': 19, 'fitness': 0.15926244458199668, 'generation': 1111}","{'id': 49292, 'rank': 20, 'fitness': 0.11224923676418375, 'generation': 1111}","{'id': 49275, 'rank': 21, 'fitness': 0.09553004762905132, 'generation': 1111}","{'id': 49279, 'rank': 22, 'fitness': 0.0929420883177432, 'generation': 1111}","{'id': 49306, 'rank': 23, 'fitness': 0.038607593407647633, 'generation': 1111}","{'id': 49261, 'rank': 24, 'fitness': 0.03507553315556167, 'generation': 1111}","{'id': 49300, 'rank': 25, 'fitness': 0.03369567091691272, 'generation': 1111}","{'id': 49290, 'rank': 26, 'fitness': 0.033071744917096524, 'generation': 1111}","{'id': 49309, 'rank': 27, 'fitness': 0.030488831616796774, 'generation': 1111}","{'id': 49312, 'rank': 28, 'fitness': 0.024206659747385673, 'generation': 1111}","{'id': 49266, 'rank': 29, 'fitness': 0.021534065138473613, 'generation': 1111}","{'id': 49271, 'rank': 30, 'fitness': 0.01798620996209155, 'generation': 1111}"
"{'id': 49366, 'rank': 1, 'fitness': 0.9820137900379085, 'generation': 1112}","{'id': 49338, 'rank': 2, 'fitness': 0.9769089049320457, 'generation': 1112}","{'id': 49355, 'rank': 3, 'fitness': 0.9366576931976885, 'generation': 1112}","{'id': 49367, 'rank': 4, 'fitness': 0.8680853257697752, 'generation': 1112}","{'id': 49323, 'rank': 5, 'fitness': 0.8613527319244467, 'generation': 1112}","{'id': 49356, 'rank': 6, 'fitness': 0.7807730327200912, 'generation': 1112}","{'id': 49349, 'rank': 7, 'fitness': 0.688274650999433, 'generation': 1112}","{'id': 49359, 'rank': 8, 'fitness': 0.6431386855149304, 'generation': 1112}","{'id': 49364, 'rank': 9, 'fitness': 0.5227510001539182, 'generation': 1112}","{'id': 49357, 'rank': 10, 'fitness': 0.43230589516682116, 'generation': 1112}","{'id': 49368, 'rank': 11, 'fitness': 0.33989229075231253, 'generation': 1112}","{'id': 49340, 'rank': 12, 'fitness': 0.2531601236000648, 'generation': 1112}","{'id': 49336, 'rank': 13, 'fitness': 0.24822345665494688, 'generation': 1112}","{'id': 49324, 'rank': 14, 'fitness': 0.21477848606621486, 'generation': 1112}","{'id': 49348, 'rank': 15, 'fitness': 0.20852189123946402, 'generation': 1112}","{'id': 49362, 'rank': 16, 'fitness': 0.20551395729025124, 'generation': 1112}","{'id': 49322, 'rank': 17, 'fitness': 0.17891517369328053, 'generation': 1112}","{'id': 49346, 'rank': 18, 'fitness': 0.10242333754809219, 'generation': 1112}","{'id': 49358, 'rank': 19, 'fitness': 0.09500103576442831, 'generation': 1112}","{'id': 49351, 'rank': 20, 'fitness': 0.09246985832160998, 'generation': 1112}","{'id': 49353, 'rank': 21, 'fitness': 0.08163463231789103, 'generation': 1112}","{'id': 49354, 'rank': 22, 'fitness': 0.07294523711344686, 'generation': 1112}","{'id': 49333, 'rank': 23, 'fitness': 0.06945069411285965, 'generation': 1112}","{'id': 49360, 'rank': 24, 'fitness': 0.05070284764244182, 'generation': 1112}","{'id': 49363, 'rank': 25, 'fitness': 0.04706128253086839, 'generation': 1112}","{'id': 49347, 'rank': 26, 'fitness': 0.03682622642708949, 'generation': 1112}","{'id': 49328, 'rank': 27, 'fitness': 0.032876553197153324, 'generation': 1112}","{'id': 49317, 'rank': 28, 'fitness': 0.029753254203190305, 'generation': 1112}","{'id': 49365, 'rank': 29, 'fitness': 0.018746747562636445, 'generation': 1112}","{'id': 49335, 'rank': 30, 'fitness': 0.01798620996209155, 'generation': 1112}"
"{'id': 49410, 'rank': 1, 'fitness': 0.9820137900379085, 'generation': 1113}","{'id': 49372, 'rank': 2, 'fitness': 0.8750590703370853, 'generation': 1113}","{'id': 49397, 'rank': 3, 'fitness': 0.8197188138341422, 'generation': 1113}","{'id': 49411, 'rank': 4, 'fitness': 0.7863238838234567, 'generation': 1113}","{'id': 49402, 'rank': 5, 'fitness': 0.609037114720638, 'generation': 1113}","{'id': 49393, 'rank': 6, 'fitness': 0.41952813011096374, 'generation': 1113}","{'id': 49395, 'rank': 7, 'fitness': 0.36805851401910117, 'generation': 1113}","{'id': 49401, 'rank': 8, 'fitness': 0.3616891258445405, 'generation': 1113}","{'id': 49406, 'rank': 9, 'fitness': 0.26597105042743774, 'generation': 1113}","{'id': 49398, 'rank': 10, 'fitness': 0.24385745921635393, 'generation': 1113}","{'id': 49370, 'rank': 11, 'fitness': 0.23080444260801913, 'generation': 1113}","{'id': 49391, 'rank': 12, 'fitness': 0.21393008064902985, 'generation': 1113}","{'id': 49404, 'rank': 13, 'fitness': 0.18760231423197044, 'generation': 1113}","{'id': 49373, 'rank': 14, 'fitness': 0.18582708611622395, 'generation': 1113}","{'id': 49408, 'rank': 15, 'fitness': 0.17120033066714646, 'generation': 1113}","{'id': 49394, 'rank': 16, 'fitness': 0.1493227034349348, 'generation': 1113}","{'id': 49403, 'rank': 17, 'fitness': 0.13309625180579365, 'generation': 1113}","{'id': 49381, 'rank': 18, 'fitness': 0.11104726561628442, 'generation': 1113}","{'id': 49396, 'rank': 19, 'fitness': 0.10981921394160454, 'generation': 1113}","{'id': 49392, 'rank': 20, 'fitness': 0.10136292568889005, 'generation': 1113}","{'id': 49390, 'rank': 21, 'fitness': 0.0847992359319753, 'generation': 1113}","{'id': 49378, 'rank': 22, 'fitness': 0.08258721763408527, 'generation': 1113}","{'id': 49389, 'rank': 23, 'fitness': 0.07061092833619564, 'generation': 1113}","{'id': 49383, 'rank': 24, 'fitness': 0.06806590426587228, 'generation': 1113}","{'id': 49412, 'rank': 25, 'fitness': 0.04765108139681623, 'generation': 1113}","{'id': 49379, 'rank': 26, 'fitness': 0.042882512017996866, 'generation': 1113}","{'id': 49400, 'rank': 27, 'fitness': 0.02610347340490199, 'generation': 1113}","{'id': 49384, 'rank': 28, 'fitness': 0.021220584587230418, 'generation': 1113}","{'id': 49371, 'rank': 29, 'fitness': 0.018745134437578415, 'generation': 1113}","{'id': 49380, 'rank': 30, 'fitness': 0.01798620996209155, 'generation': 1113}"
"{'id': 49434, 'rank': 1, 'fitness': 0.9820137900379085, 'generation': 1114}","{'id': 49447, 'rank': 2, 'fitness': 0.9599070012013218, 'generation': 1114}","{'id': 49433, 'rank': 3, 'fitness': 0.948290588581147, 'generation': 1114}","{'id': 49439, 'rank': 4, 'fitness': 0.9382207278008621, 'generation': 1114}","{'id': 49444, 'rank': 5, 'fitness': 0.9260022679701568, 'generation': 1114}","{'id': 49426, 'rank': 6, 'fitness': 0.915065646566477, 'generation': 1114}","{'id': 49440, 'rank': 7, 'fitness': 0.9042053198807976, 'generation': 1114}","{'id': 49443, 'rank': 8, 'fitness': 0.8729820131297447, 'generation': 1114}","{'id': 49429, 'rank': 9, 'fitness': 0.8599272516469638, 'generation': 1114}","{'id': 49414, 'rank': 10, 'fitness': 0.752186440049757, 'generation': 1114}","{'id': 49413, 'rank': 11, 'fitness': 0.7442432439682742, 'generation': 1114}","{'id': 49445, 'rank': 12, 'fitness': 0.7124457878936623, 'generation': 1114}","{'id': 49415, 'rank': 13, 'fitness': 0.6956676760507738, 'generation': 1114}","{'id': 49418, 'rank': 14, 'fitness': 0.6615695608570781, 'generation': 1114}","{'id': 49446, 'rank': 15, 'fitness': 0.6605773160021757, 'generation': 1114}","{'id': 49442, 'rank': 16, 'fitness': 0.6523423246484847, 'generation': 1114}","{'id': 49435, 'rank': 17, 'fitness': 0.46015241676936747, 'generation': 1114}","{'id': 49428, 'rank': 18, 'fitness': 0.4375353376551917, 'generation': 1114}","{'id': 49430, 'rank': 19, 'fitness': 0.4298492690484161, 'generation': 1114}","{'id': 49431, 'rank': 20, 'fitness': 0.28335909557047534, 'generation': 1114}","{'id': 49448, 'rank': 21, 'fitness': 0.12443844718886221, 'generation': 1114}","{'id': 49452, 'rank': 22, 'fitness': 0.07256169266823465, 'generation': 1114}","{'id': 49449, 'rank': 23, 'fitness': 0.03836363452095859, 'generation': 1114}","{'id': 49417, 'rank': 24, 'fitness': 0.03529325118919824, 'generation': 1114}","{'id': 49424, 'rank': 25, 'fitness': 0.034122021208643605, 'generation': 1114}","{'id': 49419, 'rank': 26, 'fitness': 0.03256947737174887, 'generation': 1114}","{'id': 49450, 'rank': 27, 'fitness': 0.029266702370412512, 'generation': 1114}","{'id': 49421, 'rank': 28, 'fitness': 0.025946039977978064, 'generation': 1114}","{'id': 49420, 'rank': 29, 'fitness': 0.023179436640061835, 'generation': 1114}","{'id': 49441, 'rank': 30, 'fitness': 0.01798620996209155, 'generation': 1114}"
"{'id': 49506, 'rank': 1, 'fitness': 0.9820137900379085, 'generation': 1115}","{'id': 49505, 'rank': 2, 'fitness': 0.9342387526415675, 'generation': 1115}","{'id': 49479, 'rank': 3, 'fitness': 0.8842406734250978, 'generation': 1115}","{'id': 49504, 'rank': 4, 'fitness': 0.8236061552447504, 'generation': 1115}","{'id': 49500, 'rank': 5, 'fitness': 0.6576670962477701, 'generation': 1115}","{'id': 49481, 'rank': 6, 'fitness': 0.6410774932129462, 'generation': 1115}","{'id': 49507, 'rank': 7, 'fitness': 0.5903791768655439, 'generation': 1115}","{'id': 49473, 'rank': 8, 'fitness': 0.44891538285532273, 'generation': 1115}","{'id': 49478, 'rank': 9, 'fitness': 0.41302299006059884, 'generation': 1115}","{'id': 49455, 'rank': 10, 'fitness': 0.3922740271314809, 'generation': 1115}","{'id': 49503, 'rank': 11, 'fitness': 0.295023949296777, 'generation': 1115}","{'id': 49498, 'rank': 12, 'fitness': 0.15363432243112152, 'generation': 1115}","{'id': 49497, 'rank': 13, 'fitness': 0.1511509324203848, 'generation': 1115}","{'id': 49457, 'rank': 14, 'fitness': 0.1287255136379315, 'generation': 1115}","{'id': 49490, 'rank': 15, 'fitness': 0.11657711654417258, 'generation': 1115}","{'id': 49483, 'rank': 16, 'fitness': 0.11311447682315545, 'generation': 1115}","{'id': 49487, 'rank': 17, 'fitness': 0.10936021210431518, 'generation': 1115}","{'id': 49488, 'rank': 18, 'fitness': 0.09681102541946268, 'generation': 1115}","{'id': 49489, 'rank': 19, 'fitness': 0.07663582692423326, 'generation': 1115}","{'id': 49499, 'rank': 20, 'fitness': 0.0765585216008387, 'generation': 1115}","{'id': 49508, 'rank': 21, 'fitness': 0.04813307831302527, 'generation': 1115}","{'id': 49480, 'rank': 22, 'fitness': 0.045666550367351955, 'generation': 1115}","{'id': 49486, 'rank': 23, 'fitness': 0.045142150712061124, 'generation': 1115}","{'id': 49466, 'rank': 24, 'fitness': 0.04506537035009511, 'generation': 1115}","{'id': 49453, 'rank': 25, 'fitness': 0.0374906233910684, 'generation': 1115}","{'id': 49474, 'rank': 26, 'fitness': 0.0355323716588708, 'generation': 1115}","{'id': 49471, 'rank': 27, 'fitness': 0.029732052193158276, 'generation': 1115}","{'id': 49476, 'rank': 28, 'fitness': 0.02179791183368307, 'generation': 1115}","{'id': 49501, 'rank': 29, 'fitness': 0.02054882282367343, 'generation': 1115}","{'id': 49475, 'rank': 30, 'fitness': 0.01798620996209155, 'generation': 1115}"
"{'id': 49544, 'rank': 1, 'fitness': 0.9820137900379085, 'generation': 1116}","{'id': 49549, 'rank': 2, 'fitness': 0.9403036721322419, 'generation': 1116}","{'id': 49543, 'rank': 3, 'fitness': 0.8932868889277676, 'generation': 1116}","{'id': 49527, 'rank': 4, 'fitness': 0.838665176072652, 'generation': 1116}","{'id': 49538, 'rank': 5, 'fitness': 0.8277942374482872, 'generation': 1116}","{'id': 49536, 'rank': 6, 'fitness': 0.8071267287830144, 'generation': 1116}","{'id': 49530, 'rank': 7, 'fitness': 0.6977603840063713, 'generation': 1116}","{'id': 49545, 'rank': 8, 'fitness': 0.5309223615023863, 'generation': 1116}","{'id': 49510, 'rank': 9, 'fitness': 0.4852532052467908, 'generation': 1116}","{'id': 49542, 'rank': 10, 'fitness': 0.4083342688884535, 'generation': 1116}","{'id': 49535, 'rank': 11, 'fitness': 0.37542809524276377, 'generation': 1116}","{'id': 49517, 'rank': 12, 'fitness': 0.36458499135816075, 'generation': 1116}","{'id': 49532, 'rank': 13, 'fitness': 0.3469607417206825, 'generation': 1116}","{'id': 49537, 'rank': 14, 'fitness': 0.3262090064094607, 'generation': 1116}","{'id': 49533, 'rank': 15, 'fitness': 0.3105692690055349, 'generation': 1116}","{'id': 49521, 'rank': 16, 'fitness': 0.2678465089815605, 'generation': 1116}","{'id': 49520, 'rank': 17, 'fitness': 0.15853901940876247, 'generation': 1116}","{'id': 49518, 'rank': 18, 'fitness': 0.12338462116900833, 'generation': 1116}","{'id': 49512, 'rank': 19, 'fitness': 0.12124359822299746, 'generation': 1116}","{'id': 49513, 'rank': 20, 'fitness': 0.1184382721887115, 'generation': 1116}","{'id': 49539, 'rank': 21, 'fitness': 0.10814304147197512, 'generation': 1116}","{'id': 49548, 'rank': 22, 'fitness': 0.08822278580652221, 'generation': 1116}","{'id': 49546, 'rank': 23, 'fitness': 0.08673502691016255, 'generation': 1116}","{'id': 49547, 'rank': 24, 'fitness': 0.08332147710257076, 'generation': 1116}","{'id': 49526, 'rank': 25, 'fitness': 0.0801253204585598, 'generation': 1116}","{'id': 49522, 'rank': 26, 'fitness': 0.06728544649987622, 'generation': 1116}","{'id': 49528, 'rank': 27, 'fitness': 0.04642544187596476, 'generation': 1116}","{'id': 49519, 'rank': 28, 'fitness': 0.040129993041996714, 'generation': 1116}","{'id': 49514, 'rank': 29, 'fitness': 0.018488521258749224, 'generation': 1116}","{'id': 49534, 'rank': 30, 'fitness': 0.01798620996209155, 'generation': 1116}"
"{'id': 49587, 'rank': 1, 'fitness': 0.9820137900379085, 'generation': 1117}","{'id': 49557, 'rank': 2, 'fitness': 0.8763960793686576, 'generation': 1117}","{'id': 49584, 'rank': 3, 'fitness': 0.8747673882539752, 'generation': 1117}","{'id': 49559, 'rank': 4, 'fitness': 0.7816886647136687, 'generation': 1117}","{'id': 49577, 'rank': 5, 'fitness': 0.7071008607269893, 'generation': 1117}","{'id': 49560, 'rank': 6, 'fitness': 0.48172421892419376, 'generation': 1117}","{'id': 49594, 'rank': 7, 'fitness': 0.41091638741982717, 'generation': 1117}","{'id': 49550, 'rank': 8, 'fitness': 0.31576649466029183, 'generation': 1117}","{'id': 49571, 'rank': 9, 'fitness': 0.28504667542577555, 'generation': 1117}","{'id': 49552, 'rank': 10, 'fitness': 0.2757882452922189, 'generation': 1117}","{'id': 49585, 'rank': 11, 'fitness': 0.21416014968881913, 'generation': 1117}","{'id': 49578, 'rank': 12, 'fitness': 0.170569703300801, 'generation': 1117}","{'id': 49556, 'rank': 13, 'fitness': 0.1308887895943347, 'generation': 1117}","{'id': 49576, 'rank': 14, 'fitness': 0.12719911538533762, 'generation': 1117}","{'id': 49579, 'rank': 15, 'fitness': 0.10849561265852636, 'generation': 1117}","{'id': 49593, 'rank': 16, 'fitness': 0.10424563595698277, 'generation': 1117}","{'id': 49563, 'rank': 17, 'fitness': 0.0977090051680759, 'generation': 1117}","{'id': 49566, 'rank': 18, 'fitness': 0.06656715273402664, 'generation': 1117}","{'id': 49575, 'rank': 19, 'fitness': 0.06293425835848998, 'generation': 1117}","{'id': 49592, 'rank': 20, 'fitness': 0.061284175459605184, 'generation': 1117}","{'id': 49551, 'rank': 21, 'fitness': 0.05074739585714555, 'generation': 1117}","{'id': 49590, 'rank': 22, 'fitness': 0.04875608257707348, 'generation': 1117}","{'id': 49588, 'rank': 23, 'fitness': 0.038737264011671824, 'generation': 1117}","{'id': 49555, 'rank': 24, 'fitness': 0.03854198705237638, 'generation': 1117}","{'id': 49572, 'rank': 25, 'fitness': 0.03811824653542639, 'generation': 1117}","{'id': 49554, 'rank': 26, 'fitness': 0.037566858067930475, 'generation': 1117}","{'id': 49565, 'rank': 27, 'fitness': 0.031153060106654307, 'generation': 1117}","{'id': 49580, 'rank': 28, 'fitness': 0.027831763098782658, 'generation': 1117}","{'id': 49586, 'rank': 29, 'fitness': 0.027757527888085443, 'generation': 1117}","{'id': 49569, 'rank': 30, 'fitness': 0.01798620996209155, 'generation': 1117}"
"{'id': 49626, 'rank': 1, 'fitness': 0.9820137900379085, 'generation': 1118}","{'id': 49618, 'rank': 2, 'fitness': 0.9730054508428597, 'generation': 1118}","{'id': 49606, 'rank': 3, 'fitness': 0.9016499546350102, 'generation': 1118}","{'id': 49608, 'rank': 4, 'fitness': 0.6066558870629271, 'generation': 1118}","{'id': 49617, 'rank': 5, 'fitness': 0.5849625386518872, 'generation': 1118}","{'id': 49609, 'rank': 6, 'fitness': 0.5580631411055502, 'generation': 1118}","{'id': 49630, 'rank': 7, 'fitness': 0.5577042716531281, 'generation': 1118}","{'id': 49628, 'rank': 8, 'fitness': 0.5202291649183177, 'generation': 1118}","{'id': 49619, 'rank': 9, 'fitness': 0.4766733889844389, 'generation': 1118}","{'id': 49600, 'rank': 10, 'fitness': 0.3429957013638608, 'generation': 1118}","{'id': 49616, 'rank': 11, 'fitness': 0.30039528142436717, 'generation': 1118}","{'id': 49622, 'rank': 12, 'fitness': 0.20778343126031756, 'generation': 1118}","{'id': 49633, 'rank': 13, 'fitness': 0.17967930823260986, 'generation': 1118}","{'id': 49615, 'rank': 14, 'fitness': 0.16340522511172656, 'generation': 1118}","{'id': 49629, 'rank': 15, 'fitness': 0.14563791980307467, 'generation': 1118}","{'id': 49631, 'rank': 16, 'fitness': 0.10956363854676304, 'generation': 1118}","{'id': 49611, 'rank': 17, 'fitness': 0.09472843607844228, 'generation': 1118}","{'id': 49624, 'rank': 18, 'fitness': 0.08669410076149231, 'generation': 1118}","{'id': 49602, 'rank': 19, 'fitness': 0.08522227554172207, 'generation': 1118}","{'id': 49627, 'rank': 20, 'fitness': 0.07951971402198604, 'generation': 1118}","{'id': 49605, 'rank': 21, 'fitness': 0.07806975022017615, 'generation': 1118}","{'id': 49596, 'rank': 22, 'fitness': 0.07761355220676053, 'generation': 1118}","{'id': 49625, 'rank': 23, 'fitness': 0.06227485719244591, 'generation': 1118}","{'id': 49632, 'rank': 24, 'fitness': 0.04127977793567711, 'generation': 1118}","{'id': 49595, 'rank': 25, 'fitness': 0.04100573470853308, 'generation': 1118}","{'id': 49601, 'rank': 26, 'fitness': 0.0402278244198358, 'generation': 1118}","{'id': 49603, 'rank': 27, 'fitness': 0.03109184663868203, 'generation': 1118}","{'id': 49620, 'rank': 28, 'fitness': 0.03076756589764562, 'generation': 1118}","{'id': 49621, 'rank': 29, 'fitness': 0.018047739424814413, 'generation': 1118}","{'id': 49597, 'rank': 30, 'fitness': 0.01798620996209155, 'generation': 1118}"
"{'id': 49664, 'rank': 1, 'fitness': 0.9820137900379085, 'generation': 1119}","{'id': 49660, 'rank': 2, 'fitness': 0.9743412010348612, 'generation': 1119}","{'id': 49665, 'rank': 3, 'fitness': 0.9449287300399011, 'generation': 1119}","{'id': 49657, 'rank': 4, 'fitness': 0.8986870654603953, 'generation': 1119}","{'id': 49649, 'rank': 5, 'fitness': 0.8760370481693368, 'generation': 1119}","{'id': 49671, 'rank': 6, 'fitness': 0.7438623794081942, 'generation': 1119}","{'id': 49669, 'rank': 7, 'fitness': 0.7329756926502733, 'generation': 1119}","{'id': 49651, 'rank': 8, 'fitness': 0.7096728132954114, 'generation': 1119}","{'id': 49648, 'rank': 9, 'fitness': 0.6136274487173228, 'generation': 1119}","{'id': 49652, 'rank': 10, 'fitness': 0.5921248418800444, 'generation': 1119}","{'id': 49668, 'rank': 11, 'fitness': 0.5709126587901503, 'generation': 1119}","{'id': 49670, 'rank': 12, 'fitness': 0.5209060490096319, 'generation': 1119}","{'id': 49658, 'rank': 13, 'fitness': 0.42231225352923557, 'generation': 1119}","{'id': 49659, 'rank': 14, 'fitness': 0.4114727815831224, 'generation': 1119}","{'id': 49656, 'rank': 15, 'fitness': 0.3706840347180572, 'generation': 1119}","{'id': 49662, 'rank': 16, 'fitness': 0.33707816270254265, 'generation': 1119}","{'id': 49647, 'rank': 17, 'fitness': 0.20626727110135445, 'generation': 1119}","{'id': 49673, 'rank': 18, 'fitness': 0.18350985802708875, 'generation': 1119}","{'id': 49654, 'rank': 19, 'fitness': 0.1684511075854248, 'generation': 1119}","{'id': 49672, 'rank': 20, 'fitness': 0.14536227231115767, 'generation': 1119}","{'id': 49655, 'rank': 21, 'fitness': 0.14201149119913165, 'generation': 1119}","{'id': 49645, 'rank': 22, 'fitness': 0.13941159437734452, 'generation': 1119}","{'id': 49661, 'rank': 23, 'fitness': 0.13425187049846865, 'generation': 1119}","{'id': 49646, 'rank': 24, 'fitness': 0.08034156055016695, 'generation': 1119}","{'id': 49653, 'rank': 25, 'fitness': 0.06672874422270386, 'generation': 1119}","{'id': 49635, 'rank': 26, 'fitness': 0.041054207737816095, 'generation': 1119}","{'id': 49666, 'rank': 27, 'fitness': 0.029857916657796746, 'generation': 1119}","{'id': 49637, 'rank': 28, 'fitness': 0.020357529814415687, 'generation': 1119}","{'id': 49643, 'rank': 29, 'fitness': 0.018552488309034332, 'generation': 1119}","{'id': 49667, 'rank': 30, 'fitness': 0.01798620996209155, 'generation': 1119}"
"{'id': 49717, 'rank': 1, 'fitness': 0.9820137900379085, 'generation': 1120}","{'id': 49725, 'rank': 2, 'fitness': 0.9763441759590561, 'generation': 1120}","{'id': 49718, 'rank': 3, 'fitness': 0.9689373506653578, 'generation': 1120}","{'id': 49723, 'rank': 4, 'fitness': 0.9465816860332152, 'generation': 1120}","{'id': 49713, 'rank': 5, 'fitness': 0.9081649030294698, 'generation': 1120}","{'id': 49719, 'rank': 6, 'fitness': 0.899500780819778, 'generation': 1120}","{'id': 49703, 'rank': 7, 'fitness': 0.7579218261660976, 'generation': 1120}","{'id': 49712, 'rank': 8, 'fitness': 0.7570172518057378, 'generation': 1120}","{'id': 49715, 'rank': 9, 'fitness': 0.6583394892625761, 'generation': 1120}","{'id': 49716, 'rank': 10, 'fitness': 0.6332661424582511, 'generation': 1120}","{'id': 49699, 'rank': 11, 'fitness': 0.6134115952604232, 'generation': 1120}","{'id': 49714, 'rank': 12, 'fitness': 0.5666373661949458, 'generation': 1120}","{'id': 49702, 'rank': 13, 'fitness': 0.37931217933848543, 'generation': 1120}","{'id': 49692, 'rank': 14, 'fitness': 0.2847956775942527, 'generation': 1120}","{'id': 49720, 'rank': 15, 'fitness': 0.22969606725271213, 'generation': 1120}","{'id': 49711, 'rank': 16, 'fitness': 0.22940335809607393, 'generation': 1120}","{'id': 49706, 'rank': 17, 'fitness': 0.22169113469474644, 'generation': 1120}","{'id': 49698, 'rank': 18, 'fitness': 0.21240752633380444, 'generation': 1120}","{'id': 49701, 'rank': 19, 'fitness': 0.19753239765032382, 'generation': 1120}","{'id': 49680, 'rank': 20, 'fitness': 0.15438727416829595, 'generation': 1120}","{'id': 49685, 'rank': 21, 'fitness': 0.10985621167693727, 'generation': 1120}","{'id': 49709, 'rank': 22, 'fitness': 0.07641130292431908, 'generation': 1120}","{'id': 49704, 'rank': 23, 'fitness': 0.06844420754468639, 'generation': 1120}","{'id': 49721, 'rank': 24, 'fitness': 0.057103899462842445, 'generation': 1120}","{'id': 49707, 'rank': 25, 'fitness': 0.05275977099679752, 'generation': 1120}","{'id': 49694, 'rank': 26, 'fitness': 0.05270920168087079, 'generation': 1120}","{'id': 49684, 'rank': 27, 'fitness': 0.023327749045364665, 'generation': 1120}","{'id': 49710, 'rank': 28, 'fitness': 0.022676946182149438, 'generation': 1120}","{'id': 49691, 'rank': 29, 'fitness': 0.018071012587949242, 'generation': 1120}","{'id': 49688, 'rank': 30, 'fitness': 0.01798620996209155, 'generation': 1120}"
"{'id': 49767, 'rank': 1, 'fitness': 0.9820137900379085, 'generation': 1121}","{'id': 49754, 'rank': 2, 'fitness': 0.811682502433713, 'generation': 1121}","{'id': 49766, 'rank': 3, 'fitness': 0.7277131157647372, 'generation': 1121}","{'id': 49735, 'rank': 4, 'fitness': 0.6819690761883692, 'generation': 1121}","{'id': 49726, 'rank': 5, 'fitness': 0.646519228251847, 'generation': 1121}","{'id': 49736, 'rank': 6, 'fitness': 0.566800889089524, 'generation': 1121}","{'id': 49761, 'rank': 7, 'fitness': 0.5218426677909984, 'generation': 1121}","{'id': 49773, 'rank': 8, 'fitness': 0.42321786055007204, 'generation': 1121}","{'id': 49752, 'rank': 9, 'fitness': 0.4079446518113043, 'generation': 1121}","{'id': 49744, 'rank': 10, 'fitness': 0.3131654159757279, 'generation': 1121}","{'id': 49769, 'rank': 11, 'fitness': 0.26165262703972075, 'generation': 1121}","{'id': 49762, 'rank': 12, 'fitness': 0.2567130768766261, 'generation': 1121}","{'id': 49771, 'rank': 13, 'fitness': 0.2541870378323364, 'generation': 1121}","{'id': 49757, 'rank': 14, 'fitness': 0.2016941654883712, 'generation': 1121}","{'id': 49753, 'rank': 15, 'fitness': 0.18109943119115535, 'generation': 1121}","{'id': 49729, 'rank': 16, 'fitness': 0.14650984445700577, 'generation': 1121}","{'id': 49737, 'rank': 17, 'fitness': 0.11016175818498475, 'generation': 1121}","{'id': 49749, 'rank': 18, 'fitness': 0.10781502551051136, 'generation': 1121}","{'id': 49772, 'rank': 19, 'fitness': 0.08411224890023955, 'generation': 1121}","{'id': 49733, 'rank': 20, 'fitness': 0.07254073476955747, 'generation': 1121}","{'id': 49739, 'rank': 21, 'fitness': 0.0628947104796051, 'generation': 1121}","{'id': 49758, 'rank': 22, 'fitness': 0.055326067657820666, 'generation': 1121}","{'id': 49730, 'rank': 23, 'fitness': 0.04905649357912534, 'generation': 1121}","{'id': 49768, 'rank': 24, 'fitness': 0.04901287614477012, 'generation': 1121}","{'id': 49750, 'rank': 25, 'fitness': 0.043816427091210974, 'generation': 1121}","{'id': 49763, 'rank': 26, 'fitness': 0.04294285722454505, 'generation': 1121}","{'id': 49770, 'rank': 27, 'fitness': 0.02509265563530949, 'generation': 1121}","{'id': 49765, 'rank': 28, 'fitness': 0.01997708420608596, 'generation': 1121}","{'id': 49748, 'rank': 29, 'fitness': 0.019144070957809678, 'generation': 1121}","{'id': 49764, 'rank': 30, 'fitness': 0.01798620996209155, 'generation': 1121}"
"{'id': 49789, 'rank': 1, 'fitness': 0.9820137900379085, 'generation': 1122}","{'id': 49810, 'rank': 2, 'fitness': 0.972532525995734, 'generation': 1122}","{'id': 49798, 'rank': 3, 'fitness': 0.9708756667901751, 'generation': 1122}","{'id': 49806, 'rank': 4, 'fitness': 0.9701537268688416, 'generation': 1122}","{'id': 49805, 'rank': 5, 'fitness': 0.8151970539362872, 'generation': 1122}","{'id': 49809, 'rank': 6, 'fitness': 0.7807348162426635, 'generation': 1122}","{'id': 49788, 'rank': 7, 'fitness': 0.775665531336011, 'generation': 1122}","{'id': 49790, 'rank': 8, 'fitness': 0.6680809231384006, 'generation': 1122}","{'id': 49800, 'rank': 9, 'fitness': 0.5121752724642806, 'generation': 1122}","{'id': 49776, 'rank': 10, 'fitness': 0.48024717623614543, 'generation': 1122}","{'id': 49811, 'rank': 11, 'fitness': 0.4436009359240804, 'generation': 1122}","{'id': 49781, 'rank': 12, 'fitness': 0.37340467700531277, 'generation': 1122}","{'id': 49785, 'rank': 13, 'fitness': 0.32707178488804733, 'generation': 1122}","{'id': 49792, 'rank': 14, 'fitness': 0.23576777893772716, 'generation': 1122}","{'id': 49795, 'rank': 15, 'fitness': 0.20992979143476953, 'generation': 1122}","{'id': 49794, 'rank': 16, 'fitness': 0.18826589987547593, 'generation': 1122}","{'id': 49799, 'rank': 17, 'fitness': 0.17446441350353092, 'generation': 1122}","{'id': 49782, 'rank': 18, 'fitness': 0.1335053694648451, 'generation': 1122}","{'id': 49803, 'rank': 19, 'fitness': 0.12378410323431083, 'generation': 1122}","{'id': 49774, 'rank': 20, 'fitness': 0.1140266259404728, 'generation': 1122}","{'id': 49783, 'rank': 21, 'fitness': 0.10529523760776549, 'generation': 1122}","{'id': 49804, 'rank': 22, 'fitness': 0.09581266824058277, 'generation': 1122}","{'id': 49797, 'rank': 23, 'fitness': 0.08066151043994257, 'generation': 1122}","{'id': 49786, 'rank': 24, 'fitness': 0.04897252557314069, 'generation': 1122}","{'id': 49812, 'rank': 25, 'fitness': 0.04767008915850507, 'generation': 1122}","{'id': 49802, 'rank': 26, 'fitness': 0.045334356677733945, 'generation': 1122}","{'id': 49807, 'rank': 27, 'fitness': 0.03849231811103021, 'generation': 1122}","{'id': 49791, 'rank': 28, 'fitness': 0.028240127286638772, 'generation': 1122}","{'id': 49808, 'rank': 29, 'fitness': 0.01846265010206294, 'generation': 1122}","{'id': 49775, 'rank': 30, 'fitness': 0.01798620996209155, 'generation': 1122}"
"{'id': 49821, 'rank': 1, 'fitness': 0.9820137900379085, 'generation': 1123}","{'id': 49850, 'rank': 2, 'fitness': 0.9744606088972801, 'generation': 1123}","{'id': 49852, 'rank': 3, 'fitness': 0.9727397707462108, 'generation': 1123}","{'id': 49836, 'rank': 4, 'fitness': 0.9641685851220496, 'generation': 1123}","{'id': 49828, 'rank': 5, 'fitness': 0.9180432242350808, 'generation': 1123}","{'id': 49843, 'rank': 6, 'fitness': 0.8630782620412272, 'generation': 1123}","{'id': 49853, 'rank': 7, 'fitness': 0.8419376873068113, 'generation': 1123}","{'id': 49834, 'rank': 8, 'fitness': 0.8249985231622874, 'generation': 1123}","{'id': 49848, 'rank': 9, 'fitness': 0.7425871033293624, 'generation': 1123}","{'id': 49826, 'rank': 10, 'fitness': 0.699207677768127, 'generation': 1123}","{'id': 49818, 'rank': 11, 'fitness': 0.609493104864366, 'generation': 1123}","{'id': 49847, 'rank': 12, 'fitness': 0.6052282867814092, 'generation': 1123}","{'id': 49844, 'rank': 13, 'fitness': 0.5857932965918077, 'generation': 1123}","{'id': 49817, 'rank': 14, 'fitness': 0.43443656146692994, 'generation': 1123}","{'id': 49832, 'rank': 15, 'fitness': 0.37185346459087043, 'generation': 1123}","{'id': 49851, 'rank': 16, 'fitness': 0.31097479547434864, 'generation': 1123}","{'id': 49849, 'rank': 17, 'fitness': 0.25262363514642816, 'generation': 1123}","{'id': 49830, 'rank': 18, 'fitness': 0.14070901321488827, 'generation': 1123}","{'id': 49819, 'rank': 19, 'fitness': 0.13201032782832034, 'generation': 1123}","{'id': 49825, 'rank': 20, 'fitness': 0.12327708881530614, 'generation': 1123}","{'id': 49816, 'rank': 21, 'fitness': 0.11131239378111912, 'generation': 1123}","{'id': 49822, 'rank': 22, 'fitness': 0.1004453200189045, 'generation': 1123}","{'id': 49842, 'rank': 23, 'fitness': 0.06765013652055102, 'generation': 1123}","{'id': 49845, 'rank': 24, 'fitness': 0.06654478109898321, 'generation': 1123}","{'id': 49833, 'rank': 25, 'fitness': 0.06397031646855877, 'generation': 1123}","{'id': 49846, 'rank': 26, 'fitness': 0.050192164824348906, 'generation': 1123}","{'id': 49841, 'rank': 27, 'fitness': 0.043643288013273884, 'generation': 1123}","{'id': 49839, 'rank': 28, 'fitness': 0.03129580748932309, 'generation': 1123}","{'id': 49824, 'rank': 29, 'fitness': 0.020481169813571176, 'generation': 1123}","{'id': 49835, 'rank': 30, 'fitness': 0.01798620996209155, 'generation': 1123}"
"{'id': 49892, 'rank': 1, 'fitness': 0.9820137900379085, 'generation': 1124}","{'id': 49902, 'rank': 2, 'fitness': 0.9792338266126774, 'generation': 1124}","{'id': 49895, 'rank': 3, 'fitness': 0.9722415697062792, 'generation': 1124}","{'id': 49898, 'rank': 4, 'fitness': 0.9611256948395093, 'generation': 1124}","{'id': 49893, 'rank': 5, 'fitness': 0.9574375529850903, 'generation': 1124}","{'id': 49896, 'rank': 6, 'fitness': 0.9063018290466129, 'generation': 1124}","{'id': 49906, 'rank': 7, 'fitness': 0.8462251341278706, 'generation': 1124}","{'id': 49889, 'rank': 8, 'fitness': 0.8046043017730773, 'generation': 1124}","{'id': 49900, 'rank': 9, 'fitness': 0.6900603176996449, 'generation': 1124}","{'id': 49876, 'rank': 10, 'fitness': 0.6032233720863598, 'generation': 1124}","{'id': 49888, 'rank': 11, 'fitness': 0.4691879563971019, 'generation': 1124}","{'id': 49897, 'rank': 12, 'fitness': 0.3786515990976307, 'generation': 1124}","{'id': 49890, 'rank': 13, 'fitness': 0.2958972528612457, 'generation': 1124}","{'id': 49901, 'rank': 14, 'fitness': 0.23614252769161975, 'generation': 1124}","{'id': 49884, 'rank': 15, 'fitness': 0.18307203898848617, 'generation': 1124}","{'id': 49862, 'rank': 16, 'fitness': 0.17384608693514392, 'generation': 1124}","{'id': 49894, 'rank': 17, 'fitness': 0.14728198916917407, 'generation': 1124}","{'id': 49875, 'rank': 18, 'fitness': 0.1342255749741531, 'generation': 1124}","{'id': 49882, 'rank': 19, 'fitness': 0.11496648902584422, 'generation': 1124}","{'id': 49871, 'rank': 20, 'fitness': 0.06719982673834712, 'generation': 1124}","{'id': 49872, 'rank': 21, 'fitness': 0.05586694356925337, 'generation': 1124}","{'id': 49887, 'rank': 22, 'fitness': 0.047591769070030765, 'generation': 1124}","{'id': 49903, 'rank': 23, 'fitness': 0.044131029040267056, 'generation': 1124}","{'id': 49870, 'rank': 24, 'fitness': 0.04141198786090472, 'generation': 1124}","{'id': 49886, 'rank': 25, 'fitness': 0.029328490729124745, 'generation': 1124}","{'id': 49904, 'rank': 26, 'fitness': 0.028612215624163884, 'generation': 1124}","{'id': 49864, 'rank': 27, 'fitness': 0.022055285410528813, 'generation': 1124}","{'id': 49860, 'rank': 28, 'fitness': 0.02169534732851791, 'generation': 1124}","{'id': 49899, 'rank': 29, 'fitness': 0.02061738993446538, 'generation': 1124}","{'id': 49878, 'rank': 30, 'fitness': 0.01798620996209155, 'generation': 1124}"
"{'id': 49949, 'rank': 1, 'fitness': 0.9820137900379085, 'generation': 1125}","{'id': 49935, 'rank': 2, 'fitness': 0.9439222280134738, 'generation': 1125}","{'id': 49930, 'rank': 3, 'fitness': 0.8493696671802479, 'generation': 1125}","{'id': 49941, 'rank': 4, 'fitness': 0.8181447985251294, 'generation': 1125}","{'id': 49932, 'rank': 5, 'fitness': 0.8045674610220133, 'generation': 1125}","{'id': 49940, 'rank': 6, 'fitness': 0.6769765954943964, 'generation': 1125}","{'id': 49933, 'rank': 7, 'fitness': 0.6227836947776131, 'generation': 1125}","{'id': 49920, 'rank': 8, 'fitness': 0.6114441502501207, 'generation': 1125}","{'id': 49948, 'rank': 9, 'fitness': 0.46758108769705586, 'generation': 1125}","{'id': 49947, 'rank': 10, 'fitness': 0.37245649664076397, 'generation': 1125}","{'id': 49911, 'rank': 11, 'fitness': 0.30075877541392415, 'generation': 1125}","{'id': 49928, 'rank': 12, 'fitness': 0.24004369406021608, 'generation': 1125}","{'id': 49916, 'rank': 13, 'fitness': 0.23735790625247355, 'generation': 1125}","{'id': 49914, 'rank': 14, 'fitness': 0.18957794570311498, 'generation': 1125}","{'id': 49919, 'rank': 15, 'fitness': 0.1818723998510951, 'generation': 1125}","{'id': 49946, 'rank': 16, 'fitness': 0.15893562172190184, 'generation': 1125}","{'id': 49943, 'rank': 17, 'fitness': 0.14744226716221231, 'generation': 1125}","{'id': 49924, 'rank': 18, 'fitness': 0.14062592880924973, 'generation': 1125}","{'id': 49942, 'rank': 19, 'fitness': 0.11197219962795757, 'generation': 1125}","{'id': 49936, 'rank': 20, 'fitness': 0.10199506098249328, 'generation': 1125}","{'id': 49944, 'rank': 21, 'fitness': 0.08124930579978928, 'generation': 1125}","{'id': 49907, 'rank': 22, 'fitness': 0.06985029706463253, 'generation': 1125}","{'id': 49929, 'rank': 23, 'fitness': 0.06809849765177212, 'generation': 1125}","{'id': 49925, 'rank': 24, 'fitness': 0.06126501960587044, 'generation': 1125}","{'id': 49937, 'rank': 25, 'fitness': 0.05370677232191945, 'generation': 1125}","{'id': 49922, 'rank': 26, 'fitness': 0.04506728291276463, 'generation': 1125}","{'id': 49923, 'rank': 27, 'fitness': 0.042588055902138267, 'generation': 1125}","{'id': 49931, 'rank': 28, 'fitness': 0.0291766913454527, 'generation': 1125}","{'id': 49939, 'rank': 29, 'fitness': 0.01943301056394814, 'generation': 1125}","{'id': 49938, 'rank': 30, 'fitness': 0.01798620996209155, 'generation': 1125}"
"{'id': 49991, 'rank': 1, 'fitness': 0.9820137900379085, 'generation': 1126}","{'id': 49986, 'rank': 2, 'fitness': 0.9518712439893975, 'generation': 1126}","{'id': 49982, 'rank': 3, 'fitness': 0.9372392730285097, 'generation': 1126}","{'id': 49973, 'rank': 4, 'fitness': 0.8743548858071224, 'generation': 1126}","{'id': 49976, 'rank': 5, 'fitness': 0.8688949407244775, 'generation': 1126}","{'id': 49975, 'rank': 6, 'fitness': 0.8410077432235779, 'generation': 1126}","{'id': 49980, 'rank': 7, 'fitness': 0.6248771078792545, 'generation': 1126}","{'id': 49985, 'rank': 8, 'fitness': 0.6032964022591893, 'generation': 1126}","{'id': 49983, 'rank': 9, 'fitness': 0.5411209786964328, 'generation': 1126}","{'id': 49963, 'rank': 10, 'fitness': 0.48188739408144265, 'generation': 1126}","{'id': 49950, 'rank': 11, 'fitness': 0.45291094745206917, 'generation': 1126}","{'id': 49988, 'rank': 12, 'fitness': 0.3793165229279009, 'generation': 1126}","{'id': 49965, 'rank': 13, 'fitness': 0.3386162442901741, 'generation': 1126}","{'id': 49979, 'rank': 14, 'fitness': 0.290021775312876, 'generation': 1126}","{'id': 49970, 'rank': 15, 'fitness': 0.28215961422666724, 'generation': 1126}","{'id': 49989, 'rank': 16, 'fitness': 0.2602893846908665, 'generation': 1126}","{'id': 49969, 'rank': 17, 'fitness': 0.18786216383590404, 'generation': 1126}","{'id': 49957, 'rank': 18, 'fitness': 0.1797096276017447, 'generation': 1126}","{'id': 49977, 'rank': 19, 'fitness': 0.14517922933187344, 'generation': 1126}","{'id': 49951, 'rank': 20, 'fitness': 0.10653864879923608, 'generation': 1126}","{'id': 49984, 'rank': 21, 'fitness': 0.06138505766790037, 'generation': 1126}","{'id': 49956, 'rank': 22, 'fitness': 0.04322238326252181, 'generation': 1126}","{'id': 49967, 'rank': 23, 'fitness': 0.041445052794899406, 'generation': 1126}","{'id': 49987, 'rank': 24, 'fitness': 0.036909953339395174, 'generation': 1126}","{'id': 49972, 'rank': 25, 'fitness': 0.03478968980975844, 'generation': 1126}","{'id': 49966, 'rank': 26, 'fitness': 0.029271978174055024, 'generation': 1126}","{'id': 49952, 'rank': 27, 'fitness': 0.028855046602412115, 'generation': 1126}","{'id': 49961, 'rank': 28, 'fitness': 0.025801342486612366, 'generation': 1126}","{'id': 49990, 'rank': 29, 'fitness': 0.02300248117141912, 'generation': 1126}","{'id': 49959, 'rank': 30, 'fitness': 0.01798620996209155, 'generation': 1126}"
