objective_value,generation,evaluations
21.39911510065879,0,30
20.70261411128641,1,80
20.425118651115778,2,128
20.425118651115778,3,163
20.412434598447245,4,203
20.412434598447245,5,245
20.412434598447245,6,287
20.412434598447245,7,332
20.412434598447245,8,381
20.412434598447245,9,428
20.295853788568625,10,475
20.295853788568625,11,514
20.295853788568625,12,559
20.295853788568625,13,599
20.295853788568625,14,642
20.295853788568625,15,680
20.295853788568625,16,718
20.295853788568625,17,752
20.295853788568625,18,790
20.295853788568625,19,834
20.294962800783967,20,872
20.294962800783967,21,912
20.294962800783967,22,952
20.294962800783967,23,993
20.294962800783967,24,1035
20.294962800783967,25,1078
20.294962800783967,26,1122
20.294962800783967,27,1163
20.294962800783967,28,1204
20.294962800783967,29,1245
20.294962800783967,30,1284
20.294962800783967,31,1322
20.294962800783967,32,1364
20.294962800783967,33,1404
20.294962800783967,34,1442
20.294962800783967,35,1479
20.294962800783967,36,1521
20.294962800783967,37,1560
20.294962800783967,38,1600
20.294962800783967,39,1636
20.294962800783967,40,1674
20.294962800783967,41,1714
20.294962800783967,42,1755
20.294962800783967,43,1795
20.294962800783967,44,1835
20.294962800783967,45,1872
20.294962800783967,46,1912
20.245395149887255,47,1950
20.245395149887255,48,1985
20.245395149887255,49,2028
20.245395149887255,50,2069
20.245395149887255,51,2116
20.245395149887255,52,2156
20.245395149887255,53,2195
20.245395149887255,54,2233
20.245395149887255,55,2271
20.245395149887255,56,2309
20.245395149887255,57,2344
20.245395149887255,58,2387
20.245395149887255,59,2426
20.245395149887255,60,2461
20.245395149887255,61,2499
20.245395149887255,62,2537
20.245395149887255,63,2573
20.245395149887255,64,2611
20.245395149887255,65,2651
20.245395149887255,66,2692
20.245395149887255,67,2728
20.245395149887255,68,2768
20.245395149887255,69,2803
20.245395149887255,70,2843
20.245395149887255,71,2880
20.245395149887255,72,2911
20.245395149887255,73,2946
20.245395149887255,74,2981
20.245395149887255,75,3017
20.245395149887255,76,3057
20.245395149887255,77,3093
20.245395149887255,78,3131
20.245395149887255,79,3172
20.245395149887255,80,3213
20.245395149887255,81,3249
20.245395149887255,82,3286
20.245395149887255,83,3326
20.245395149887255,84,3368
20.245395149887255,85,3402
20.245395149887255,86,3436
20.245395149887255,87,3476
20.245395149887255,88,3516
20.245395149887255,89,3553
20.245395149887255,90,3591
20.245395149887255,91,3628
20.245395149887255,92,3666
20.245395149887255,93,3706
20.245395149887255,94,3741
20.245395149887255,95,3781
20.245395149887255,96,3820
20.245395149887255,97,3860
20.245395149887255,98,3902
20.225972108873066,99,3940
20.225972108873066,100,3981
20.225972108873066,101,4023
20.225972108873066,102,4066
20.225972108873066,103,4102
20.225972108873066,104,4142
20.225972108873066,105,4182
20.225972108873066,106,4230
20.225972108873066,107,4274
20.225972108873066,108,4316
20.225972108873066,109,4360
20.225972108873066,110,4401
20.225972108873066,111,4437
20.225972108873066,112,4473
20.225972108873066,113,4513
20.225972108873066,114,4557
20.225972108873066,115,4594
20.225972108873066,116,4635
20.225972108873066,117,4680
20.225972108873066,118,4721
20.225972108873066,119,4765
20.225972108873066,120,4803
20.225972108873066,121,4839
20.225972108873066,122,4876
20.225972108873066,123,4914
20.225972108873066,124,4952
20.225972108873066,125,4995
20.225972108873066,126,5033
20.225972108873066,127,5078
20.225972108873066,128,5118
20.225972108873066,129,5164
20.225972108873066,130,5206
20.225972108873066,131,5250
20.225972108873066,132,5293
20.225972108873066,133,5333
20.225972108873066,134,5377
20.225972108873066,135,5418
20.225972108873066,136,5463
20.225972108873066,137,5502
20.225972108873066,138,5546
20.225972108873066,139,5590
20.225972108873066,140,5633
20.225972108873066,141,5674
20.225972108873066,142,5712
20.225972108873066,143,5749
20.225972108873066,144,5787
20.225972108873066,145,5827
20.225972108873066,146,5872
20.225972108873066,147,5907
20.225972108873066,148,5948
20.225972108873066,149,5992
20.225972108873066,150,6035
20.225972108873066,151,6082
20.225972108873066,152,6125
20.225972108873066,153,6167
20.225972108873066,154,6208
20.225972108873066,155,6246
20.225972108873066,156,6290
20.225972108873066,157,6338
20.225972108873066,158,6383
20.225972108873066,159,6430
20.225972108873066,160,6477
20.225972108873066,161,6519
20.225972108873066,162,6569
20.225972108873066,163,6612
20.225972108873066,164,6652
20.225972108873066,165,6700
20.225972108873066,166,6748
20.225972108873066,167,6795
20.225972108873066,168,6838
20.225972108873066,169,6880
20.225972108873066,170,6923
20.225972108873066,171,6964
20.225972108873066,172,7010
20.225972108873066,173,7061
20.225972108873066,174,7111
20.225972108873066,175,7157
20.225972108873066,176,7206
20.225972108873066,177,7258
20.225972108873066,178,7309
20.225972108873066,179,7358
20.225972108873066,180,7406
20.225972108873066,181,7457
20.225972108873066,182,7504
20.225972108873066,183,7548
20.225972108873066,184,7598
20.225972108873066,185,7649
20.225972108873066,186,7691
20.225972108873066,187,7743
20.225972108873066,188,7789
20.225972108873066,189,7828
20.225972108873066,190,7874
20.225972108873066,191,7924
20.225972108873066,192,7977
20.225972108873066,193,8023
20.225972108873066,194,8071
20.225972108873066,195,8109
20.225972108873066,196,8155
20.225972108873066,197,8202
20.225972108873066,198,8248
20.225972108873066,199,8288
20.225972108873066,200,8331
20.225972108873066,201,8381
20.225972108873066,202,8425
20.225972108873066,203,8476
20.225972108873066,204,8529
20.225972108873066,205,8578
20.225972108873066,206,8620
20.225972108873066,207,8666
20.225972108873066,208,8713
20.085115602497822,209,8761
20.085115602497822,210,8794
20.085115602497822,211,8831
20.085115602497822,212,8863
20.085115602497822,213,8902
20.085115602497822,214,8935
20.085115602497822,215,8969
20.085115602497822,216,9005
20.085115602497822,217,9044
20.085115602497822,218,9078
20.085115602497822,219,9109
20.085115602497822,220,9146
20.085115602497822,221,9183
20.085115602497822,222,9218
20.085115602497822,223,9252
20.085115602497822,224,9291
20.085115602497822,225,9326
20.085115602497822,226,9365
20.085115602497822,227,9398
20.085115602497822,228,9434
20.085115602497822,229,9469
20.085115602497822,230,9502
20.085115602497822,231,9538
20.085115602497822,232,9576
20.085115602497822,233,9608
20.085115602497822,234,9639
20.085115602497822,235,9676
20.085115602497822,236,9709
20.085115602497822,237,9744
20.085115602497822,238,9778
20.085115602497822,239,9816
20.085115602497822,240,9851
20.085115602497822,241,9885
20.085115602497822,242,9920
20.085115602497822,243,9958
20.085115602497822,244,9993
20.085115602497822,245,10028
20.085115602497822,246,10063
20.085115602497822,247,10098
20.085115602497822,248,10135
20.085115602497822,249,10173
20.085115602497822,250,10208
20.085115602497822,251,10245
20.085115602497822,252,10280
20.085115602497822,253,10321
20.085115602497822,254,10356
20.085115602497822,255,10394
20.085115602497822,256,10430
20.085115602497822,257,10468
20.085115602497822,258,10500
20.085115602497822,259,10535
20.085115602497822,260,10572
20.085115602497822,261,10610
20.085115602497822,262,10650
20.085115602497822,263,10686
20.085115602497822,264,10717
20.085115602497822,265,10755
20.085115602497822,266,10789
20.085115602497822,267,10825
20.085115602497822,268,10856
20.085115602497822,269,10893
20.085115602497822,270,10934
20.085115602497822,271,10968
20.085115602497822,272,11001
20.085115602497822,273,11033
20.085115602497822,274,11071
20.085115602497822,275,11105
20.085115602497822,276,11136
20.085115602497822,277,11174
20.085115602497822,278,11207
20.085115602497822,279,11246
20.085115602497822,280,11281
20.085115602497822,281,11317
20.085115602497822,282,11355
20.085115602497822,283,11390
20.085115602497822,284,11427
20.085115602497822,285,11463
20.085115602497822,286,11500
20.085115602497822,287,11533
20.085115602497822,288,11571
20.085115602497822,289,11604
20.085115602497822,290,11639
20.085115602497822,291,11674
20.085115602497822,292,11707
20.085115602497822,293,11741
20.085115602497822,294,11776
20.085115602497822,295,11811
20.085115602497822,296,11847
20.085115602497822,297,11879
20.085115602497822,298,11914
20.085115602497822,299,11949
20.085115602497822,300,11988
20.085115602497822,301,12022
20.085115602497822,302,12058
20.085115602497822,303,12095
20.085115602497822,304,12127
20.085115602497822,305,12161
20.085115602497822,306,12196
20.085115602497822,307,12230
20.085115602497822,308,12267
20.085115602497822,309,12304
20.085115602497822,310,12339
20.085115602497822,311,12373
20.085115602497822,312,12408
20.085115602497822,313,12443
20.085115602497822,314,12480
20.085115602497822,315,12515
20.085115602497822,316,12552
20.085115602497822,317,12585
20.085115602497822,318,12621
20.085115602497822,319,12653
20.085115602497822,320,12689
20.085115602497822,321,12722
20.085115602497822,322,12757
20.085115602497822,323,12792
20.085115602497822,324,12825
20.085115602497822,325,12858
20.085115602497822,326,12895
20.085115602497822,327,12929
20.085115602497822,328,12962
20.085115602497822,329,13000
20.085115602497822,330,13032
20.085115602497822,331,13065
20.085115602497822,332,13101
20.085115602497822,333,13139
20.085115602497822,334,13170
20.085115602497822,335,13201
20.085115602497822,336,13236
20.085115602497822,337,13269
20.085115602497822,338,13299
20.085115602497822,339,13333
20.085115602497822,340,13369
20.085115602497822,341,13400
20.085115602497822,342,13435
20.085115602497822,343,13468
20.085115602497822,344,13505
20.085115602497822,345,13538
20.085115602497822,346,13573
20.085115602497822,347,13608
20.085115602497822,348,13641
20.085115602497822,349,13676
20.085115602497822,350,13712
20.085115602497822,351,13746
20.085115602497822,352,13781
20.085115602497822,353,13817
20.085115602497822,354,13849
20.085115602497822,355,13886
20.085115602497822,356,13919
20.085115602497822,357,13955
20.085115602497822,358,13991
20.085115602497822,359,14027
20.085115602497822,360,14062
20.085115602497822,361,14098
20.085115602497822,362,14131
20.085115602497822,363,14163
20.085115602497822,364,14198
20.085115602497822,365,14234
20.085115602497822,366,14268
20.085115602497822,367,14303
20.085115602497822,368,14336
20.085115602497822,369,14371
20.085115602497822,370,14404
20.085115602497822,371,14438
20.085115602497822,372,14474
20.085115602497822,373,14509
20.085115602497822,374,14544
20.085115602497822,375,14581
20.085115602497822,376,14617
20.085115602497822,377,14649
20.085115602497822,378,14687
20.085115602497822,379,14721
20.085115602497822,380,14755
20.085115602497822,381,14787
20.085115602497822,382,14825
20.085115602497822,383,14861
20.085115602497822,384,14897
20.085115602497822,385,14933
20.085115602497822,386,14967
20.085115602497822,387,15002
20.085115602497822,388,15037
20.085115602497822,389,15071
20.085115602497822,390,15105
20.085115602497822,391,15138
20.085115602497822,392,15173
20.085115602497822,393,15207
20.085115602497822,394,15239
20.085115602497822,395,15272
20.085115602497822,396,15309
20.085115602497822,397,15345
20.085115602497822,398,15378
20.085115602497822,399,15412
20.085115602497822,400,15450
20.085115602497822,401,15484
20.085115602497822,402,15519
20.085115602497822,403,15555
20.085115602497822,404,15590
20.085115602497822,405,15627
20.085115602497822,406,15658
20.085115602497822,407,15691
20.085115602497822,408,15728
20.085115602497822,409,15763
20.085115602497822,410,15795
20.085115602497822,411,15830
20.085115602497822,412,15862
20.085115602497822,413,15898
20.085115602497822,414,15932
20.085115602497822,415,15966
20.085115602497822,416,16001
20.085115602497822,417,16033
20.085115602497822,418,16065
20.085115602497822,419,16099
20.085115602497822,420,16132
20.085115602497822,421,16165
20.085115602497822,422,16201
20.085115602497822,423,16236
20.085115602497822,424,16272
20.085115602497822,425,16303
20.085115602497822,426,16335
20.085115602497822,427,16368
20.085115602497822,428,16404
20.085115602497822,429,16439
20.085115602497822,430,16472
20.085115602497822,431,16505
20.085115602497822,432,16542
20.085115602497822,433,16577
20.085115602497822,434,16612
20.085115602497822,435,16646
20.085115602497822,436,16680
20.085115602497822,437,16712
20.085115602497822,438,16743
20.085115602497822,439,16776
20.085115602497822,440,16811
20.085115602497822,441,16847
20.085115602497822,442,16881
20.085115602497822,443,16916
20.085115602497822,444,16949
20.085115602497822,445,16982
20.085115602497822,446,17016
20.085115602497822,447,17055
20.085115602497822,448,17088
20.085115602497822,449,17125
20.085115602497822,450,17159
20.085115602497822,451,17192
20.085115602497822,452,17226
20.085115602497822,453,17257
20.085115602497822,454,17290
20.085115602497822,455,17327
20.085115602497822,456,17363
20.085115602497822,457,17396
20.085115602497822,458,17432
20.085115602497822,459,17466
20.085115602497822,460,17501
20.085115602497822,461,17536
20.085115602497822,462,17568
20.085115602497822,463,17602
20.085115602497822,464,17634
20.085115602497822,465,17667
20.085115602497822,466,17704
20.085115602497822,467,17735
20.085115602497822,468,17769
20.085115602497822,469,17804
20.085115602497822,470,17839
20.085115602497822,471,17876
20.085115602497822,472,17911
20.085115602497822,473,17947
20.085115602497822,474,17982
20.085115602497822,475,18016
20.085115602497822,476,18049
20.085115602497822,477,18080
20.085115602497822,478,18117
20.085115602497822,479,18149
20.085115602497822,480,18181
20.085115602497822,481,18215
20.085115602497822,482,18250
20.085115602497822,483,18286
20.085115602497822,484,18320
20.085115602497822,485,18354
20.085115602497822,486,18386
20.085115602497822,487,18417
20.085115602497822,488,18452
20.085115602497822,489,18486
20.085115602497822,490,18523
20.085115602497822,491,18558
20.085115602497822,492,18590
20.085115602497822,493,18623
20.085115602497822,494,18661
20.085115602497822,495,18694
20.085115602497822,496,18728
20.085115602497822,497,18765
20.085115602497822,498,18800
20.085115602497822,499,18834
20.085115602497822,500,18866
20.085115602497822,501,18897
20.085115602497822,502,18930
20.085115602497822,503,18961
20.085115602497822,504,18995
20.085115602497822,505,19031
20.085115602497822,506,19064
20.085115602497822,507,19096
20.085115602497822,508,19132
20.085115602497822,509,19167
20.085115602497822,510,19203
20.085115602497822,511,19240
20.085115602497822,512,19271
20.085115602497822,513,19308
20.085115602497822,514,19344
20.085115602497822,515,19379
20.085115602497822,516,19411
20.085115602497822,517,19445
20.085115602497822,518,19477
20.085115602497822,519,19511
20.085115602497822,520,19544
20.085115602497822,521,19576
20.085115602497822,522,19614
20.085115602497822,523,19651
20.085115602497822,524,19690
20.085115602497822,525,19723
20.085115602497822,526,19755
20.085115602497822,527,19786
20.085115602497822,528,19819
20.085115602497822,529,19852
20.085115602497822,530,19887
20.085115602497822,531,19922
20.085115602497822,532,19957
20.085115602497822,533,19992
20.085115602497822,534,20024
20.085115602497822,535,20058
20.085115602497822,536,20095
20.085115602497822,537,20131
20.085115602497822,538,20169
20.085115602497822,539,20206
20.085115602497822,540,20237
20.085115602497822,541,20270
20.085115602497822,542,20307
20.085115602497822,543,20338
20.085115602497822,544,20373
20.085115602497822,545,20405
20.085115602497822,546,20438
20.085115602497822,547,20474
20.085115602497822,548,20511
20.085115602497822,549,20546
20.085115602497822,550,20582
20.085115602497822,551,20618
20.085115602497822,552,20653
20.085115602497822,553,20686
20.085115602497822,554,20717
20.085115602497822,555,20751
20.085115602497822,556,20787
20.085115602497822,557,20820
20.085115602497822,558,20851
20.085115602497822,559,20882
20.085115602497822,560,20916
20.085115602497822,561,20951
20.085115602497822,562,20985
20.085115602497822,563,21019
20.085115602497822,564,21054
20.085115602497822,565,21086
20.085115602497822,566,21122
20.085115602497822,567,21157
20.085115602497822,568,21190
20.085115602497822,569,21221
20.085115602497822,570,21254
20.085115602497822,571,21290
20.085115602497822,572,21326
20.085115602497822,573,21361
20.085115602497822,574,21394
20.085115602497822,575,21425
20.085115602497822,576,21458
20.085115602497822,577,21488
20.085115602497822,578,21525
20.085115602497822,579,21557
20.085115602497822,580,21594
20.085115602497822,581,21629
20.085115602497822,582,21660
20.085115602497822,583,21694
20.085115602497822,584,21725
20.085115602497822,585,21757
20.085115602497822,586,21791
20.085115602497822,587,21823
20.085115602497822,588,21854
20.085115602497822,589,21887
20.085115602497822,590,21923
20.085115602497822,591,21955
20.085115602497822,592,21991
20.085115602497822,593,22024
20.085115602497822,594,22056
20.085115602497822,595,22094
20.085115602497822,596,22127
20.085115602497822,597,22158
20.085115602497822,598,22190
20.085115602497822,599,22222
20.085115602497822,600,22258
20.085115602497822,601,22292
20.085115602497822,602,22325
20.085115602497822,603,22357
20.085115602497822,604,22395
20.085115602497822,605,22431
20.085115602497822,606,22465
20.085115602497822,607,22499
20.085115602497822,608,22532
20.085115602497822,609,22565
20.085115602497822,610,22595
20.085115602497822,611,22632
20.085115602497822,612,22665
20.085115602497822,613,22700
20.085115602497822,614,22733
20.085115602497822,615,22767
20.085115602497822,616,22803
20.085115602497822,617,22839
20.085115602497822,618,22871
20.085115602497822,619,22903
20.085115602497822,620,22935
20.085115602497822,621,22970
20.085115602497822,622,23010
20.085115602497822,623,23044
20.085115602497822,624,23076
20.085115602497822,625,23109
20.085115602497822,626,23143
20.085115602497822,627,23177
20.085115602497822,628,23209
20.085115602497822,629,23243
20.085115602497822,630,23277
20.085115602497822,631,23314
20.085115602497822,632,23344
20.085115602497822,633,23378
20.085115602497822,634,23410
20.085115602497822,635,23446
20.085115602497822,636,23481
20.085115602497822,637,23518
20.085115602497822,638,23553
20.085115602497822,639,23587
20.085115602497822,640,23619
20.085115602497822,641,23652
20.085115602497822,642,23689
20.085115602497822,643,23725
20.085115602497822,644,23762
20.085115602497822,645,23794
20.085115602497822,646,23826
20.085115602497822,647,23858
20.085115602497822,648,23895
20.085115602497822,649,23930
20.085115602497822,650,23964
20.085115602497822,651,24001
20.085115602497822,652,24035
20.085115602497822,653,24073
20.085115602497822,654,24108
20.085115602497822,655,24148
20.085115602497822,656,24185
20.085115602497822,657,24219
20.085115602497822,658,24256
20.085115602497822,659,24295
20.085115602497822,660,24328
20.085115602497822,661,24366
20.085115602497822,662,24400
20.085115602497822,663,24434
20.085115602497822,664,24466
20.085115602497822,665,24499
20.085115602497822,666,24534
20.085115602497822,667,24567
20.085115602497822,668,24602
20.085115602497822,669,24639
20.085115602497822,670,24676
20.085115602497822,671,24714
20.085115602497822,672,24749
20.085115602497822,673,24785
20.085115602497822,674,24819
20.085115602497822,675,24852
20.085115602497822,676,24891
20.085115602497822,677,24928
20.085115602497822,678,24962
20.085115602497822,679,24995
20.085115602497822,680,25029
20.085115602497822,681,25066
20.085115602497822,682,25103
20.085115602497822,683,25138
20.085115602497822,684,25175
20.085115602497822,685,25211
20.085115602497822,686,25248
20.085115602497822,687,25283
20.085115602497822,688,25319
20.085115602497822,689,25355
20.085115602497822,690,25395
20.085115602497822,691,25429
20.085115602497822,692,25466
20.085115602497822,693,25506
20.085115602497822,694,25546
20.085115602497822,695,25580
20.085115602497822,696,25618
20.085115602497822,697,25650
20.085115602497822,698,25684
20.085115602497822,699,25721
20.085115602497822,700,25758
20.085115602497822,701,25794
20.085115602497822,702,25832
20.085115602497822,703,25873
20.085115602497822,704,25910
20.085115602497822,705,25950
20.085115602497822,706,25986
20.085115602497822,707,26024
20.085115602497822,708,26058
20.085115602497822,709,26100
20.085115602497822,710,26136
20.085115602497822,711,26176
20.085115602497822,712,26218
20.085115602497822,713,26256
20.085115602497822,714,26294
20.085115602497822,715,26336
20.085115602497822,716,26377
20.085115602497822,717,26417
20.085115602497822,718,26460
20.085115602497822,719,26495
20.085115602497822,720,26530
20.085115602497822,721,26572
20.085115602497822,722,26613
20.085115602497822,723,26651
20.085115602497822,724,26693
20.085115602497822,725,26734
20.085115602497822,726,26775
20.085115602497822,727,26813
20.085115602497822,728,26854
20.085115602497822,729,26888
20.085115602497822,730,26919
20.085115602497822,731,26960
20.085115602497822,732,26996
20.085115602497822,733,27040
20.085115602497822,734,27078
20.085115602497822,735,27113
20.085115602497822,736,27155
20.085115602497822,737,27188
20.085115602497822,738,27226
20.085115602497822,739,27265
20.085115602497822,740,27304
20.085115602497822,741,27341
20.085115602497822,742,27376
20.085115602497822,743,27410
20.085115602497822,744,27454
20.085115602497822,745,27491
20.085115602497822,746,27530
20.085115602497822,747,27570
20.085115602497822,748,27609
20.085115602497822,749,27650
20.085115602497822,750,27687
20.085115602497822,751,27732
20.085115602497822,752,27769
20.085115602497822,753,27810
20.085115602497822,754,27851
20.085115602497822,755,27894
20.085115602497822,756,27933
20.085115602497822,757,27978
20.085115602497822,758,28017
20.085115602497822,759,28055
20.085115602497822,760,28093
20.085115602497822,761,28132
20.085115602497822,762,28173
20.085115602497822,763,28214
20.085115602497822,764,28254
20.085115602497822,765,28289
20.085115602497822,766,28330
20.085115602497822,767,28367
20.085115602497822,768,28407
20.085115602497822,769,28446
20.085115602497822,770,28484
20.085115602497822,771,28521
20.085115602497822,772,28561
20.085115602497822,773,28596
20.085115602497822,774,28634
20.085115602497822,775,28676
20.085115602497822,776,28712
20.085115602497822,777,28752
20.085115602497822,778,28794
20.085115602497822,779,28831
20.085115602497822,780,28870
20.085115602497822,781,28902
20.085115602497822,782,28939
20.085115602497822,783,28976
20.085115602497822,784,29016
20.085115602497822,785,29058
20.085115602497822,786,29097
20.085115602497822,787,29138
20.085115602497822,788,29175
20.085115602497822,789,29214
20.085115602497822,790,29252
20.085115602497822,791,29294
20.085115602497822,792,29330
20.085115602497822,793,29370
20.085115602497822,794,29409
20.085115602497822,795,29450
20.085115602497822,796,29486
20.085115602497822,797,29523
20.085115602497822,798,29562
20.085115602497822,799,29599
20.085115602497822,800,29636
20.085115602497822,801,29675
20.085115602497822,802,29714
20.085115602497822,803,29752
20.085115602497822,804,29789
20.085115602497822,805,29834
20.085115602497822,806,29871
20.085115602497822,807,29907
20.085115602497822,808,29946
20.085115602497822,809,29987
20.085115602497822,810,30025
20.085115602497822,811,30069
20.085115602497822,812,30110
20.085115602497822,813,30149
20.085115602497822,814,30188
20.085115602497822,815,30222
20.085115602497822,816,30258
20.085115602497822,817,30298
20.085115602497822,818,30337
20.085115602497822,819,30375
20.085115602497822,820,30416
20.085115602497822,821,30455
20.085115602497822,822,30499
20.085115602497822,823,30538
20.085115602497822,824,30574
20.085115602497822,825,30618
20.085115602497822,826,30655
20.085115602497822,827,30696
20.085115602497822,828,30734
20.065484984379008,829,30771
20.065484984379008,830,30813
20.065484984379008,831,30846
20.065484984379008,832,30887
20.065484984379008,833,30928
20.065484984379008,834,30965
20.065484984379008,835,31010
20.065484984379008,836,31047
20.065484984379008,837,31085
20.065484984379008,838,31125
20.065484984379008,839,31163
20.065484984379008,840,31204
20.065484984379008,841,31242
20.065484984379008,842,31280
20.065484984379008,843,31320
20.065484984379008,844,31366
20.065484984379008,845,31402
20.065484984379008,846,31442
20.065484984379008,847,31484
20.065484984379008,848,31526
20.065484984379008,849,31565
20.065484984379008,850,31610
20.065484984379008,851,31650
20.065484984379008,852,31690
20.065484984379008,853,31727
20.065484984379008,854,31766
20.065484984379008,855,31809
20.065484984379008,856,31850
20.065484984379008,857,31887
20.065484984379008,858,31931
20.065484984379008,859,31974
20.065484984379008,860,32017
20.065484984379008,861,32053
20.065484984379008,862,32093
20.065484984379008,863,32131
20.065484984379008,864,32170
20.065484984379008,865,32207
20.065484984379008,866,32242
20.065484984379008,867,32281
20.065484984379008,868,32318
20.065484984379008,869,32362
20.065484984379008,870,32399
20.065484984379008,871,32437
20.065484984379008,872,32478
20.065484984379008,873,32521
20.065484984379008,874,32561
20.065484984379008,875,32602
20.065484984379008,876,32638
20.065484984379008,877,32678
20.065484984379008,878,32718
20.065484984379008,879,32755
20.065484984379008,880,32796
20.065484984379008,881,32841
20.065484984379008,882,32880
20.065484984379008,883,32920
20.065484984379008,884,32962
20.065484984379008,885,32999
20.065484984379008,886,33037
20.065484984379008,887,33080
20.065484984379008,888,33120
20.065484984379008,889,33162
20.065484984379008,890,33196
20.065484984379008,891,33238
20.065484984379008,892,33279
20.065484984379008,893,33319
20.065484984379008,894,33359
20.065484984379008,895,33399
20.065484984379008,896,33440
20.065484984379008,897,33479
20.065484984379008,898,33517
20.065484984379008,899,33558
20.065484984379008,900,33603
20.065484984379008,901,33642
20.065484984379008,902,33681
20.065484984379008,903,33718
20.065484984379008,904,33757
20.065484984379008,905,33792
20.065484984379008,906,33833
20.065484984379008,907,33874
20.065484984379008,908,33915
20.065484984379008,909,33952
20.065484984379008,910,33991
20.065484984379008,911,34033
20.065484984379008,912,34072
20.065484984379008,913,34114
20.065484984379008,914,34154
20.065484984379008,915,34187
20.065484984379008,916,34227
20.065484984379008,917,34262
20.065484984379008,918,34300
20.065484984379008,919,34338
20.065484984379008,920,34379
20.065484984379008,921,34419
20.065484984379008,922,34460
20.065484984379008,923,34503
20.065484984379008,924,34544
20.065484984379008,925,34581
20.065484984379008,926,34621
20.065484984379008,927,34664
20.065484984379008,928,34704
20.065484984379008,929,34743
20.065484984379008,930,34781
20.065484984379008,931,34825
20.065484984379008,932,34866
20.065484984379008,933,34908
20.065484984379008,934,34953
20.065484984379008,935,34995
20.065484984379008,936,35039
20.065484984379008,937,35077
20.065484984379008,938,35114
20.065484984379008,939,35152
20.065484984379008,940,35193
20.065484984379008,941,35230
20.065484984379008,942,35267
20.065484984379008,943,35313
20.065484984379008,944,35353
20.065484984379008,945,35388
20.065484984379008,946,35428
20.065484984379008,947,35471
20.065484984379008,948,35511
20.065484984379008,949,35550
20.065484984379008,950,35590
20.065484984379008,951,35637
20.065484984379008,952,35675
20.065484984379008,953,35711
20.065484984379008,954,35750
20.065484984379008,955,35785
20.065484984379008,956,35828
20.065484984379008,957,35870
20.065484984379008,958,35906
20.065484984379008,959,35944
20.065484984379008,960,35982
20.065484984379008,961,36019
20.065484984379008,962,36053
20.065484984379008,963,36094
20.065484984379008,964,36136
20.065484984379008,965,36177
20.065484984379008,966,36216
20.065484984379008,967,36258
20.065484984379008,968,36299
20.065484984379008,969,36336
20.065484984379008,970,36379
20.065484984379008,971,36418
20.065484984379008,972,36459
20.065484984379008,973,36498
20.065484984379008,974,36536
20.065484984379008,975,36573
20.065484984379008,976,36616
20.065484984379008,977,36652
20.065484984379008,978,36689
20.065484984379008,979,36728
20.065484984379008,980,36763
20.065484984379008,981,36806
20.065484984379008,982,36843
20.065484984379008,983,36882
20.065484984379008,984,36918
20.065484984379008,985,36955
20.065484984379008,986,36993
20.065484984379008,987,37029
20.065484984379008,988,37070
20.065484984379008,989,37109
20.065484984379008,990,37150
20.065484984379008,991,37193
20.065484984379008,992,37234
20.065484984379008,993,37274
20.065484984379008,994,37312
20.065484984379008,995,37349
20.065484984379008,996,37386
20.065484984379008,997,37433
20.065484984379008,998,37472
20.065484984379008,999,37517
20.065484984379008,1000,37560
20.065484984379008,1001,37601
20.065484984379008,1002,37642
20.065484984379008,1003,37679
20.065484984379008,1004,37718
20.065484984379008,1005,37767
20.065484984379008,1006,37809
20.065484984379008,1007,37847
20.065484984379008,1008,37885
20.065484984379008,1009,37925
20.065484984379008,1010,37968
20.065484984379008,1011,38007
20.065484984379008,1012,38049
20.065484984379008,1013,38095
20.065484984379008,1014,38135
20.065484984379008,1015,38178
20.065484984379008,1016,38217
20.065484984379008,1017,38265
20.065484984379008,1018,38304
20.065484984379008,1019,38348
20.065484984379008,1020,38387
20.065484984379008,1021,38427
20.065484984379008,1022,38469
20.065484984379008,1023,38515
20.065484984379008,1024,38556
20.065484984379008,1025,38600
20.065484984379008,1026,38639
20.065484984379008,1027,38682
20.065484984379008,1028,38718
20.065484984379008,1029,38762
20.065484984379008,1030,38811
20.065484984379008,1031,38857
20.065484984379008,1032,38901
20.065484984379008,1033,38940
20.065484984379008,1034,38985
20.065484984379008,1035,39028
20.065484984379008,1036,39071
20.065484984379008,1037,39116
20.065484984379008,1038,39157
20.065484984379008,1039,39200
20.065484984379008,1040,39237
20.065484984379008,1041,39274
20.065484984379008,1042,39309
20.065484984379008,1043,39346
20.065484984379008,1044,39386
20.065484984379008,1045,39421
20.065484984379008,1046,39469
20.065484984379008,1047,39511
20.065484984379008,1048,39548
20.065484984379008,1049,39586
20.065484984379008,1050,39625
20.065484984379008,1051,39668
20.065484984379008,1052,39706
20.065484984379008,1053,39742
20.065484984379008,1054,39782
20.065484984379008,1055,39826
20.065484984379008,1056,39868
20.065484984379008,1057,39907
20.065484984379008,1058,39952
20.065484984379008,1059,39998
20.065484984379008,1060,40042
20.065484984379008,1061,40087
20.065484984379008,1062,40134
20.065484984379008,1063,40175
20.065484984379008,1064,40209
20.065484984379008,1065,40252
20.065484984379008,1066,40287
20.065484984379008,1067,40325
20.065484984379008,1068,40371
20.065484984379008,1069,40409
20.065484984379008,1070,40445
20.065484984379008,1071,40486
20.065484984379008,1072,40524
20.065484984379008,1073,40563
20.065484984379008,1074,40605
20.065484984379008,1075,40647
20.065484984379008,1076,40686
20.065484984379008,1077,40724
20.065484984379008,1078,40768
20.065484984379008,1079,40811
20.065484984379008,1080,40850
20.065484984379008,1081,40897
20.065484984379008,1082,40939
20.065484984379008,1083,40980
20.065484984379008,1084,41015
20.065484984379008,1085,41059
20.065484984379008,1086,41102
20.065484984379008,1087,41147
20.065484984379008,1088,41187
20.065484984379008,1089,41232
20.065484984379008,1090,41278
20.065484984379008,1091,41320
20.065484984379008,1092,41360
20.065484984379008,1093,41406
20.065484984379008,1094,41446
20.065484984379008,1095,41481
20.065484984379008,1096,41525
20.065484984379008,1097,41568
20.065484984379008,1098,41604
20.065484984379008,1099,41643
20.065484984379008,1100,41687
20.065484984379008,1101,41726
20.065484984379008,1102,41764
20.065484984379008,1103,41811
20.065484984379008,1104,41852
20.065484984379008,1105,41898
20.065484984379008,1106,41941
20.065484984379008,1107,41984
20.065484984379008,1108,42027
20.065484984379008,1109,42061
20.065484984379008,1110,42108
20.065484984379008,1111,42150
20.065484984379008,1112,42193
20.065484984379008,1113,42228
20.065484984379008,1114,42266
20.065484984379008,1115,42309
20.065484984379008,1116,42352
20.065484984379008,1117,42393
20.065484984379008,1118,42438
20.065484984379008,1119,42476
20.065484984379008,1120,42516
20.065484984379008,1121,42558
20.065484984379008,1122,42592
20.065484984379008,1123,42632
20.065484984379008,1124,42676
20.065484984379008,1125,42716
20.065484984379008,1126,42754
20.065484984379008,1127,42797
20.065484984379008,1128,42834
20.065484984379008,1129,42879
20.065484984379008,1130,42916
20.065484984379008,1131,42965
20.065484984379008,1132,43004
20.065484984379008,1133,43040
20.065484984379008,1134,43081
20.065484984379008,1135,43121
20.065484984379008,1136,43162
20.065484984379008,1137,43207
20.065484984379008,1138,43248
20.065484984379008,1139,43287
20.065484984379008,1140,43332
20.065484984379008,1141,43367
20.065484984379008,1142,43402
20.065484984379008,1143,43452
20.065484984379008,1144,43497
20.065484984379008,1145,43537
20.065484984379008,1146,43578
20.065484984379008,1147,43615
20.065484984379008,1148,43652
20.065484984379008,1149,43689
20.065484984379008,1150,43723
20.065484984379008,1151,43768
20.065484984379008,1152,43807
20.065484984379008,1153,43845
20.065484984379008,1154,43888
20.065484984379008,1155,43928
20.065484984379008,1156,43967
20.065484984379008,1157,44010
20.065484984379008,1158,44047
20.065484984379008,1159,44086
20.065484984379008,1160,44128
20.065484984379008,1161,44170
20.065484984379008,1162,44211
20.065484984379008,1163,44250
20.065484984379008,1164,44295
20.065484984379008,1165,44337
20.065484984379008,1166,44379
20.065484984379008,1167,44420
20.065484984379008,1168,44466
20.065484984379008,1169,44508
20.065484984379008,1170,44552
20.065484984379008,1171,44593
20.065484984379008,1172,44638
20.065484984379008,1173,44677
20.065484984379008,1174,44712
20.065484984379008,1175,44759
20.065484984379008,1176,44802
20.065484984379008,1177,44841
20.065484984379008,1178,44887
20.065484984379008,1179,44931
20.065484984379008,1180,44970
20.065484984379008,1181,45014
20.065484984379008,1182,45057
20.065484984379008,1183,45092
20.065484984379008,1184,45137
20.065484984379008,1185,45179
20.065484984379008,1186,45217
20.065484984379008,1187,45264
20.065484984379008,1188,45305
20.065484984379008,1189,45349
20.065484984379008,1190,45388
20.065484984379008,1191,45430
20.065484984379008,1192,45468
20.065484984379008,1193,45511
20.065484984379008,1194,45556
20.065484984379008,1195,45594
20.065484984379008,1196,45635
20.065484984379008,1197,45680
20.065484984379008,1198,45720
20.065484984379008,1199,45762
20.065484984379008,1200,45802
20.065484984379008,1201,45846
20.065484984379008,1202,45886
20.065484984379008,1203,45922
20.065484984379008,1204,45962
20.065484984379008,1205,46005
20.065484984379008,1206,46048
20.065484984379008,1207,46086
20.065484984379008,1208,46126
20.065484984379008,1209,46170
20.065484984379008,1210,46211
20.065484984379008,1211,46255
20.065484984379008,1212,46299
20.065484984379008,1213,46339
20.065484984379008,1214,46378
20.065484984379008,1215,46415
20.065484984379008,1216,46455
20.065484984379008,1217,46499
20.065484984379008,1218,46538
20.065484984379008,1219,46574
20.065484984379008,1220,46620
20.065484984379008,1221,46662
20.065484984379008,1222,46703
20.065484984379008,1223,46743
20.065484984379008,1224,46784
20.065484984379008,1225,46822
20.065484984379008,1226,46868
20.065484984379008,1227,46911
20.065484984379008,1228,46951
20.065484984379008,1229,46992
20.065484984379008,1230,47035
20.065484984379008,1231,47077
20.065484984379008,1232,47120
20.065484984379008,1233,47163
20.065484984379008,1234,47201
20.065484984379008,1235,47239
20.065484984379008,1236,47277
20.065484984379008,1237,47313
20.065484984379008,1238,47357
20.065484984379008,1239,47395
20.065484984379008,1240,47437
20.065484984379008,1241,47484
20.065484984379008,1242,47522
20.065484984379008,1243,47564
20.065484984379008,1244,47602
20.065484984379008,1245,47639
20.065484984379008,1246,47678
20.065484984379008,1247,47717
20.065484984379008,1248,47759
20.065484984379008,1249,47806
20.065484984379008,1250,47854
20.065484984379008,1251,47899
20.065484984379008,1252,47943
20.065484984379008,1253,47989
20.065484984379008,1254,48032
20.065484984379008,1255,48072
20.065484984379008,1256,48116
20.065484984379008,1257,48157
20.065484984379008,1258,48196
20.065484984379008,1259,48242
20.065484984379008,1260,48289
20.065484984379008,1261,48330
20.065484984379008,1262,48372
20.065484984379008,1263,48419
20.065484984379008,1264,48467
20.065484984379008,1265,48504
20.065484984379008,1266,48543
20.065484984379008,1267,48589
20.065484984379008,1268,48631
20.065484984379008,1269,48675
20.065484984379008,1270,48712
20.065484984379008,1271,48751
20.065484984379008,1272,48785
20.065484984379008,1273,48827
20.065484984379008,1274,48864
20.065484984379008,1275,48902
20.065484984379008,1276,48942
20.065484984379008,1277,48988
20.065484984379008,1278,49028
20.065484984379008,1279,49069
20.065484984379008,1280,49117
20.065484984379008,1281,49161
20.065484984379008,1282,49200
20.065484984379008,1283,49241
20.065484984379008,1284,49287
20.065484984379008,1285,49327
20.065484984379008,1286,49365
20.065484984379008,1287,49408
20.065484984379008,1288,49451
20.065484984379008,1289,49493
20.065484984379008,1290,49535
20.065484984379008,1291,49577
20.065484984379008,1292,49612
20.065484984379008,1293,49649
20.065484984379008,1294,49694
20.065484984379008,1295,49737
20.065484984379008,1296,49780
20.065484984379008,1297,49821
20.065484984379008,1298,49865
20.065484984379008,1299,49912
20.065484984379008,1300,49956
20.065484984379008,1301,49995
20.065484984379008,1302,50039
