rank_data
"{'id': 16, 'rank': 1, 'fitness': 0.9820137900379085, 'generation': 0}","{'id': 5, 'rank': 2, 'fitness': 0.8775608995346973, 'generation': 0}","{'id': 11, 'rank': 3, 'fitness': 0.735245153875904, 'generation': 0}","{'id': 25, 'rank': 4, 'fitness': 0.7041795431763833, 'generation': 0}","{'id': 18, 'rank': 5, 'fitness': 0.6980014777216923, 'generation': 0}","{'id': 1, 'rank': 6, 'fitness': 0.6076899403591604, 'generation': 0}","{'id': 4, 'rank': 7, 'fitness': 0.5833532334506937, 'generation': 0}","{'id': 21, 'rank': 8, 'fitness': 0.5826416474599158, 'generation': 0}","{'id': 6, 'rank': 9, 'fitness': 0.544482957298473, 'generation': 0}","{'id': 19, 'rank': 10, 'fitness': 0.5306484298935343, 'generation': 0}","{'id': 30, 'rank': 11, 'fitness': 0.5091141776722261, 'generation': 0}","{'id': 27, 'rank': 12, 'fitness': 0.5023319214757168, 'generation': 0}","{'id': 8, 'rank': 13, 'fitness': 0.4739160604519393, 'generation': 0}","{'id': 12, 'rank': 14, 'fitness': 0.40410460289045635, 'generation': 0}","{'id': 29, 'rank': 15, 'fitness': 0.40322632402610503, 'generation': 0}","{'id': 15, 'rank': 16, 'fitness': 0.3624744386269686, 'generation': 0}","{'id': 17, 'rank': 17, 'fitness': 0.31701203656057086, 'generation': 0}","{'id': 3, 'rank': 18, 'fitness': 0.28304515502684746, 'generation': 0}","{'id': 2, 'rank': 19, 'fitness': 0.26215192067293713, 'generation': 0}","{'id': 26, 'rank': 20, 'fitness': 0.24838909433437856, 'generation': 0}","{'id': 13, 'rank': 21, 'fitness': 0.22022588356040596, 'generation': 0}","{'id': 10, 'rank': 22, 'fitness': 0.21900969212602456, 'generation': 0}","{'id': 7, 'rank': 23, 'fitness': 0.1896101123733197, 'generation': 0}","{'id': 22, 'rank': 24, 'fitness': 0.18850447979070473, 'generation': 0}","{'id': 14, 'rank': 25, 'fitness': 0.14922532872423128, 'generation': 0}","{'id': 28, 'rank': 26, 'fitness': 0.12972166595101142, 'generation': 0}","{'id': 9, 'rank': 27, 'fitness': 0.07186976216824126, 'generation': 0}","{'id': 20, 'rank': 28, 'fitness': 0.0715315079281833, 'generation': 0}","{'id': 23, 'rank': 29, 'fitness': 0.033158886138385024, 'generation': 0}","{'id': 24, 'rank': 30, 'fitness': 0.01798620996209155, 'generation': 0}"
"{'id': 16, 'rank': 1, 'fitness': 0.9820137900379085, 'generation': 1}","{'id': 5, 'rank': 2, 'fitness': 0.8775608995346973, 'generation': 1}","{'id': 11, 'rank': 3, 'fitness': 0.735245153875904, 'generation': 1}","{'id': 25, 'rank': 4, 'fitness': 0.7041795431763833, 'generation': 1}","{'id': 18, 'rank': 5, 'fitness': 0.6980014777216923, 'generation': 1}","{'id': 1, 'rank': 6, 'fitness': 0.6076899403591604, 'generation': 1}","{'id': 4, 'rank': 7, 'fitness': 0.5833532334506937, 'generation': 1}","{'id': 21, 'rank': 8, 'fitness': 0.5826416474599158, 'generation': 1}","{'id': 6, 'rank': 9, 'fitness': 0.544482957298473, 'generation': 1}","{'id': 19, 'rank': 10, 'fitness': 0.5306484298935343, 'generation': 1}","{'id': 30, 'rank': 11, 'fitness': 0.5091141776722261, 'generation': 1}","{'id': 27, 'rank': 12, 'fitness': 0.5023319214757168, 'generation': 1}","{'id': 8, 'rank': 13, 'fitness': 0.4739160604519393, 'generation': 1}","{'id': 12, 'rank': 14, 'fitness': 0.40410460289045635, 'generation': 1}","{'id': 29, 'rank': 15, 'fitness': 0.40322632402610503, 'generation': 1}","{'id': 15, 'rank': 16, 'fitness': 0.3624744386269686, 'generation': 1}","{'id': 17, 'rank': 17, 'fitness': 0.31701203656057086, 'generation': 1}","{'id': 3, 'rank': 18, 'fitness': 0.28304515502684746, 'generation': 1}","{'id': 2, 'rank': 19, 'fitness': 0.26215192067293713, 'generation': 1}","{'id': 26, 'rank': 20, 'fitness': 0.24838909433437856, 'generation': 1}","{'id': 13, 'rank': 21, 'fitness': 0.22022588356040596, 'generation': 1}","{'id': 10, 'rank': 22, 'fitness': 0.21900969212602456, 'generation': 1}","{'id': 7, 'rank': 23, 'fitness': 0.1896101123733197, 'generation': 1}","{'id': 22, 'rank': 24, 'fitness': 0.18850447979070473, 'generation': 1}","{'id': 14, 'rank': 25, 'fitness': 0.14922532872423128, 'generation': 1}","{'id': 28, 'rank': 26, 'fitness': 0.12972166595101142, 'generation': 1}","{'id': 9, 'rank': 27, 'fitness': 0.07186976216824126, 'generation': 1}","{'id': 20, 'rank': 28, 'fitness': 0.0715315079281833, 'generation': 1}","{'id': 23, 'rank': 29, 'fitness': 0.033158886138385024, 'generation': 1}","{'id': 24, 'rank': 30, 'fitness': 0.01798620996209155, 'generation': 1}"
"{'id': 16, 'rank': 1, 'fitness': 0.9820137900379085, 'generation': 2}","{'id': 16, 'rank': 2, 'fitness': 0.9820137900379085, 'generation': 2}","{'id': 55, 'rank': 3, 'fitness': 0.9807024321408239, 'generation': 2}","{'id': 55, 'rank': 4, 'fitness': 0.9807024321408239, 'generation': 2}","{'id': 55, 'rank': 5, 'fitness': 0.9807024321408239, 'generation': 2}","{'id': 55, 'rank': 6, 'fitness': 0.9807024321408239, 'generation': 2}","{'id': 55, 'rank': 7, 'fitness': 0.9807024321408239, 'generation': 2}","{'id': 55, 'rank': 8, 'fitness': 0.9807024321408239, 'generation': 2}","{'id': 57, 'rank': 9, 'fitness': 0.9799432749984188, 'generation': 2}","{'id': 56, 'rank': 10, 'fitness': 0.9724304371825452, 'generation': 2}","{'id': 5, 'rank': 11, 'fitness': 0.7359111537224899, 'generation': 2}","{'id': 40, 'rank': 12, 'fitness': 0.4725607527460732, 'generation': 2}","{'id': 50, 'rank': 13, 'fitness': 0.36023091414028774, 'generation': 2}","{'id': 50, 'rank': 14, 'fitness': 0.36023091414028774, 'generation': 2}","{'id': 25, 'rank': 15, 'fitness': 0.35657309133828635, 'generation': 2}","{'id': 25, 'rank': 16, 'fitness': 0.35657309133828635, 'generation': 2}","{'id': 18, 'rank': 17, 'fitness': 0.3467247015399155, 'generation': 2}","{'id': 41, 'rank': 18, 'fitness': 0.3291132141514965, 'generation': 2}","{'id': 41, 'rank': 19, 'fitness': 0.3291132141514965, 'generation': 2}","{'id': 42, 'rank': 20, 'fitness': 0.30489227668416374, 'generation': 2}","{'id': 42, 'rank': 21, 'fitness': 0.30489227668416374, 'generation': 2}","{'id': 59, 'rank': 22, 'fitness': 0.22807919208173733, 'generation': 2}","{'id': 6, 'rank': 23, 'fitness': 0.16802943432187456, 'generation': 2}","{'id': 39, 'rank': 24, 'fitness': 0.1629337447627383, 'generation': 2}","{'id': 39, 'rank': 25, 'fitness': 0.1629337447627383, 'generation': 2}","{'id': 19, 'rank': 26, 'fitness': 0.1569354922214738, 'generation': 2}","{'id': 8, 'rank': 27, 'fitness': 0.11773197714269762, 'generation': 2}","{'id': 8, 'rank': 28, 'fitness': 0.11773197714269762, 'generation': 2}","{'id': 13, 'rank': 29, 'fitness': 0.023807078886070643, 'generation': 2}","{'id': 22, 'rank': 30, 'fitness': 0.01798620996209155, 'generation': 2}"
"{'id': 118, 'rank': 1, 'fitness': 0.9820137900379085, 'generation': 3}","{'id': 118, 'rank': 2, 'fitness': 0.9820137900379085, 'generation': 3}","{'id': 87, 'rank': 3, 'fitness': 0.9770839792720258, 'generation': 3}","{'id': 87, 'rank': 4, 'fitness': 0.9770839792720258, 'generation': 3}","{'id': 87, 'rank': 5, 'fitness': 0.9770839792720258, 'generation': 3}","{'id': 87, 'rank': 6, 'fitness': 0.9770839792720258, 'generation': 3}","{'id': 113, 'rank': 7, 'fitness': 0.9763739405889915, 'generation': 3}","{'id': 113, 'rank': 8, 'fitness': 0.9763739405889915, 'generation': 3}","{'id': 113, 'rank': 9, 'fitness': 0.9763739405889915, 'generation': 3}","{'id': 113, 'rank': 10, 'fitness': 0.9763739405889915, 'generation': 3}","{'id': 115, 'rank': 11, 'fitness': 0.9760840688164165, 'generation': 3}","{'id': 115, 'rank': 12, 'fitness': 0.9760840688164165, 'generation': 3}","{'id': 115, 'rank': 13, 'fitness': 0.9760840688164165, 'generation': 3}","{'id': 115, 'rank': 14, 'fitness': 0.9760840688164165, 'generation': 3}","{'id': 95, 'rank': 15, 'fitness': 0.9743211787519124, 'generation': 3}","{'id': 83, 'rank': 16, 'fitness': 0.9739801638873642, 'generation': 3}","{'id': 83, 'rank': 17, 'fitness': 0.9739801638873642, 'generation': 3}","{'id': 116, 'rank': 18, 'fitness': 0.9739524276245166, 'generation': 3}","{'id': 116, 'rank': 19, 'fitness': 0.9739524276245166, 'generation': 3}","{'id': 136, 'rank': 20, 'fitness': 0.9737080698134888, 'generation': 3}","{'id': 136, 'rank': 21, 'fitness': 0.9737080698134888, 'generation': 3}","{'id': 84, 'rank': 22, 'fitness': 0.9736554360408122, 'generation': 3}","{'id': 16, 'rank': 23, 'fitness': 0.9729304506523668, 'generation': 3}","{'id': 16, 'rank': 24, 'fitness': 0.9729304506523668, 'generation': 3}","{'id': 55, 'rank': 25, 'fitness': 0.9697200647058104, 'generation': 3}","{'id': 105, 'rank': 26, 'fitness': 0.9694679786216942, 'generation': 3}","{'id': 105, 'rank': 27, 'fitness': 0.9694679786216942, 'generation': 3}","{'id': 57, 'rank': 28, 'fitness': 0.9678041561081343, 'generation': 3}","{'id': 131, 'rank': 29, 'fitness': 0.9612841346708738, 'generation': 3}","{'id': 41, 'rank': 30, 'fitness': 0.01798620996209155, 'generation': 3}"
"{'id': 161, 'rank': 1, 'fitness': 0.9820137900379085, 'generation': 4}","{'id': 161, 'rank': 2, 'fitness': 0.9820137900379085, 'generation': 4}","{'id': 161, 'rank': 3, 'fitness': 0.9820137900379085, 'generation': 4}","{'id': 217, 'rank': 4, 'fitness': 0.9613746400565774, 'generation': 4}","{'id': 175, 'rank': 5, 'fitness': 0.9548554657038705, 'generation': 4}","{'id': 175, 'rank': 6, 'fitness': 0.9548554657038705, 'generation': 4}","{'id': 221, 'rank': 7, 'fitness': 0.932568732182075, 'generation': 4}","{'id': 221, 'rank': 8, 'fitness': 0.932568732182075, 'generation': 4}","{'id': 184, 'rank': 9, 'fitness': 0.8886744025203478, 'generation': 4}","{'id': 151, 'rank': 10, 'fitness': 0.8082975951049831, 'generation': 4}","{'id': 202, 'rank': 11, 'fitness': 0.7899325768520711, 'generation': 4}","{'id': 202, 'rank': 12, 'fitness': 0.7899325768520711, 'generation': 4}","{'id': 202, 'rank': 13, 'fitness': 0.7899325768520711, 'generation': 4}","{'id': 152, 'rank': 14, 'fitness': 0.7053457704813295, 'generation': 4}","{'id': 152, 'rank': 15, 'fitness': 0.7053457704813295, 'generation': 4}","{'id': 200, 'rank': 16, 'fitness': 0.6730280611090357, 'generation': 4}","{'id': 200, 'rank': 17, 'fitness': 0.6730280611090357, 'generation': 4}","{'id': 200, 'rank': 18, 'fitness': 0.6730280611090357, 'generation': 4}","{'id': 153, 'rank': 19, 'fitness': 0.5984225563589646, 'generation': 4}","{'id': 196, 'rank': 20, 'fitness': 0.5142186730843374, 'generation': 4}","{'id': 178, 'rank': 21, 'fitness': 0.4180607647355393, 'generation': 4}","{'id': 212, 'rank': 22, 'fitness': 0.377424662502965, 'generation': 4}","{'id': 118, 'rank': 23, 'fitness': 0.3424449473982678, 'generation': 4}","{'id': 118, 'rank': 24, 'fitness': 0.3424449473982678, 'generation': 4}","{'id': 171, 'rank': 25, 'fitness': 0.3254304923848521, 'generation': 4}","{'id': 139, 'rank': 26, 'fitness': 0.13357514264343728, 'generation': 4}","{'id': 139, 'rank': 27, 'fitness': 0.13357514264343728, 'generation': 4}","{'id': 139, 'rank': 28, 'fitness': 0.13357514264343728, 'generation': 4}","{'id': 145, 'rank': 29, 'fitness': 0.11455217988037014, 'generation': 4}","{'id': 113, 'rank': 30, 'fitness': 0.01798620996209155, 'generation': 4}"
"{'id': 252, 'rank': 1, 'fitness': 0.9820137900379085, 'generation': 5}","{'id': 252, 'rank': 2, 'fitness': 0.9820137900379085, 'generation': 5}","{'id': 252, 'rank': 3, 'fitness': 0.9820137900379085, 'generation': 5}","{'id': 252, 'rank': 4, 'fitness': 0.9820137900379085, 'generation': 5}","{'id': 234, 'rank': 5, 'fitness': 0.8489681382614498, 'generation': 5}","{'id': 234, 'rank': 6, 'fitness': 0.8489681382614498, 'generation': 5}","{'id': 248, 'rank': 7, 'fitness': 0.35042340627681934, 'generation': 5}","{'id': 238, 'rank': 8, 'fitness': 0.3182884137721312, 'generation': 5}","{'id': 274, 'rank': 9, 'fitness': 0.3115996188113643, 'generation': 5}","{'id': 249, 'rank': 10, 'fitness': 0.3106919640328223, 'generation': 5}","{'id': 273, 'rank': 11, 'fitness': 0.26753571308069346, 'generation': 5}","{'id': 272, 'rank': 12, 'fitness': 0.25136084793106084, 'generation': 5}","{'id': 161, 'rank': 13, 'fitness': 0.14034536511424217, 'generation': 5}","{'id': 161, 'rank': 14, 'fitness': 0.14034536511424217, 'generation': 5}","{'id': 161, 'rank': 15, 'fitness': 0.14034536511424217, 'generation': 5}","{'id': 161, 'rank': 16, 'fitness': 0.14034536511424217, 'generation': 5}","{'id': 217, 'rank': 17, 'fitness': 0.1013977926001195, 'generation': 5}","{'id': 175, 'rank': 18, 'fitness': 0.09463410479645246, 'generation': 5}","{'id': 175, 'rank': 19, 'fitness': 0.09463410479645246, 'generation': 5}","{'id': 221, 'rank': 20, 'fitness': 0.07884897551098463, 'generation': 5}","{'id': 221, 'rank': 21, 'fitness': 0.07884897551098463, 'generation': 5}","{'id': 266, 'rank': 22, 'fitness': 0.074419320760234, 'generation': 5}","{'id': 267, 'rank': 23, 'fitness': 0.05007201350256857, 'generation': 5}","{'id': 151, 'rank': 24, 'fitness': 0.046680747477106155, 'generation': 5}","{'id': 202, 'rank': 25, 'fitness': 0.0443431505062149, 'generation': 5}","{'id': 202, 'rank': 26, 'fitness': 0.0443431505062149, 'generation': 5}","{'id': 200, 'rank': 27, 'fitness': 0.03377136246388596, 'generation': 5}","{'id': 235, 'rank': 28, 'fitness': 0.029965558453755536, 'generation': 5}","{'id': 153, 'rank': 29, 'fitness': 0.029151331267671665, 'generation': 5}","{'id': 118, 'rank': 30, 'fitness': 0.01798620996209155, 'generation': 5}"
"{'id': 312, 'rank': 1, 'fitness': 0.9820137900379085, 'generation': 6}","{'id': 312, 'rank': 2, 'fitness': 0.9820137900379085, 'generation': 6}","{'id': 319, 'rank': 3, 'fitness': 0.9812701314701899, 'generation': 6}","{'id': 319, 'rank': 4, 'fitness': 0.9812701314701899, 'generation': 6}","{'id': 319, 'rank': 5, 'fitness': 0.9812701314701899, 'generation': 6}","{'id': 319, 'rank': 6, 'fitness': 0.9812701314701899, 'generation': 6}","{'id': 252, 'rank': 7, 'fitness': 0.9477028882973959, 'generation': 6}","{'id': 252, 'rank': 8, 'fitness': 0.9477028882973959, 'generation': 6}","{'id': 252, 'rank': 9, 'fitness': 0.9477028882973959, 'generation': 6}","{'id': 252, 'rank': 10, 'fitness': 0.9477028882973959, 'generation': 6}","{'id': 252, 'rank': 11, 'fitness': 0.9477028882973959, 'generation': 6}","{'id': 252, 'rank': 12, 'fitness': 0.9477028882973959, 'generation': 6}","{'id': 252, 'rank': 13, 'fitness': 0.9477028882973959, 'generation': 6}","{'id': 252, 'rank': 14, 'fitness': 0.9477028882973959, 'generation': 6}","{'id': 252, 'rank': 15, 'fitness': 0.9477028882973959, 'generation': 6}","{'id': 252, 'rank': 16, 'fitness': 0.9477028882973959, 'generation': 6}","{'id': 252, 'rank': 17, 'fitness': 0.9477028882973959, 'generation': 6}","{'id': 323, 'rank': 18, 'fitness': 0.8303285752132785, 'generation': 6}","{'id': 323, 'rank': 19, 'fitness': 0.8303285752132785, 'generation': 6}","{'id': 323, 'rank': 20, 'fitness': 0.8303285752132785, 'generation': 6}","{'id': 313, 'rank': 21, 'fitness': 0.7376902783367854, 'generation': 6}","{'id': 321, 'rank': 22, 'fitness': 0.7002454112994196, 'generation': 6}","{'id': 321, 'rank': 23, 'fitness': 0.7002454112994196, 'generation': 6}","{'id': 234, 'rank': 24, 'fitness': 0.5891764124699108, 'generation': 6}","{'id': 290, 'rank': 25, 'fitness': 0.38032806227555527, 'generation': 6}","{'id': 274, 'rank': 26, 'fitness': 0.0794296499553605, 'generation': 6}","{'id': 274, 'rank': 27, 'fitness': 0.0794296499553605, 'generation': 6}","{'id': 274, 'rank': 28, 'fitness': 0.0794296499553605, 'generation': 6}","{'id': 161, 'rank': 29, 'fitness': 0.026912185042288927, 'generation': 6}","{'id': 217, 'rank': 30, 'fitness': 0.01798620996209155, 'generation': 6}"
"{'id': 385, 'rank': 1, 'fitness': 0.9820137900379085, 'generation': 7}","{'id': 378, 'rank': 2, 'fitness': 0.9594996005147599, 'generation': 7}","{'id': 378, 'rank': 3, 'fitness': 0.9594996005147599, 'generation': 7}","{'id': 378, 'rank': 4, 'fitness': 0.9594996005147599, 'generation': 7}","{'id': 378, 'rank': 5, 'fitness': 0.9594996005147599, 'generation': 7}","{'id': 378, 'rank': 6, 'fitness': 0.9594996005147599, 'generation': 7}","{'id': 378, 'rank': 7, 'fitness': 0.9594996005147599, 'generation': 7}","{'id': 377, 'rank': 8, 'fitness': 0.850333318767126, 'generation': 7}","{'id': 352, 'rank': 9, 'fitness': 0.583453271302031, 'generation': 7}","{'id': 352, 'rank': 10, 'fitness': 0.583453271302031, 'generation': 7}","{'id': 352, 'rank': 11, 'fitness': 0.583453271302031, 'generation': 7}","{'id': 337, 'rank': 12, 'fitness': 0.16931467175487286, 'generation': 7}","{'id': 354, 'rank': 13, 'fitness': 0.12623858401989924, 'generation': 7}","{'id': 384, 'rank': 14, 'fitness': 0.12033541577350032, 'generation': 7}","{'id': 384, 'rank': 15, 'fitness': 0.12033541577350032, 'generation': 7}","{'id': 384, 'rank': 16, 'fitness': 0.12033541577350032, 'generation': 7}","{'id': 336, 'rank': 17, 'fitness': 0.06825504098582824, 'generation': 7}","{'id': 371, 'rank': 18, 'fitness': 0.061292163482259854, 'generation': 7}","{'id': 386, 'rank': 19, 'fitness': 0.06043214773279959, 'generation': 7}","{'id': 389, 'rank': 20, 'fitness': 0.043712836728160065, 'generation': 7}","{'id': 388, 'rank': 21, 'fitness': 0.03533646848733929, 'generation': 7}","{'id': 363, 'rank': 22, 'fitness': 0.03101571157137928, 'generation': 7}","{'id': 327, 'rank': 23, 'fitness': 0.02703067906341755, 'generation': 7}","{'id': 312, 'rank': 24, 'fitness': 0.024727477970817868, 'generation': 7}","{'id': 312, 'rank': 25, 'fitness': 0.024727477970817868, 'generation': 7}","{'id': 364, 'rank': 26, 'fitness': 0.024219002746105667, 'generation': 7}","{'id': 319, 'rank': 27, 'fitness': 0.023744545007375217, 'generation': 7}","{'id': 319, 'rank': 28, 'fitness': 0.023744545007375217, 'generation': 7}","{'id': 319, 'rank': 29, 'fitness': 0.023744545007375217, 'generation': 7}","{'id': 369, 'rank': 30, 'fitness': 0.01798620996209155, 'generation': 7}"
"{'id': 416, 'rank': 1, 'fitness': 0.9820137900379085, 'generation': 8}","{'id': 416, 'rank': 2, 'fitness': 0.9820137900379085, 'generation': 8}","{'id': 416, 'rank': 3, 'fitness': 0.9820137900379085, 'generation': 8}","{'id': 416, 'rank': 4, 'fitness': 0.9820137900379085, 'generation': 8}","{'id': 416, 'rank': 5, 'fitness': 0.9820137900379085, 'generation': 8}","{'id': 419, 'rank': 6, 'fitness': 0.979711385927442, 'generation': 8}","{'id': 419, 'rank': 7, 'fitness': 0.979711385927442, 'generation': 8}","{'id': 419, 'rank': 8, 'fitness': 0.979711385927442, 'generation': 8}","{'id': 419, 'rank': 9, 'fitness': 0.979711385927442, 'generation': 8}","{'id': 397, 'rank': 10, 'fitness': 0.9580100629921847, 'generation': 8}","{'id': 397, 'rank': 11, 'fitness': 0.9580100629921847, 'generation': 8}","{'id': 397, 'rank': 12, 'fitness': 0.9580100629921847, 'generation': 8}","{'id': 397, 'rank': 13, 'fitness': 0.9580100629921847, 'generation': 8}","{'id': 403, 'rank': 14, 'fitness': 0.9122286014573769, 'generation': 8}","{'id': 385, 'rank': 15, 'fitness': 0.8771288931814611, 'generation': 8}","{'id': 409, 'rank': 16, 'fitness': 0.8211340853583445, 'generation': 8}","{'id': 409, 'rank': 17, 'fitness': 0.8211340853583445, 'generation': 8}","{'id': 409, 'rank': 18, 'fitness': 0.8211340853583445, 'generation': 8}","{'id': 420, 'rank': 19, 'fitness': 0.8205564174282474, 'generation': 8}","{'id': 420, 'rank': 20, 'fitness': 0.8205564174282474, 'generation': 8}","{'id': 402, 'rank': 21, 'fitness': 0.7938127862825914, 'generation': 8}","{'id': 378, 'rank': 22, 'fitness': 0.7873019482779658, 'generation': 8}","{'id': 378, 'rank': 23, 'fitness': 0.7873019482779658, 'generation': 8}","{'id': 378, 'rank': 24, 'fitness': 0.7873019482779658, 'generation': 8}","{'id': 378, 'rank': 25, 'fitness': 0.7873019482779658, 'generation': 8}","{'id': 405, 'rank': 26, 'fitness': 0.6182041077775382, 'generation': 8}","{'id': 393, 'rank': 27, 'fitness': 0.29539521262055, 'generation': 8}","{'id': 393, 'rank': 28, 'fitness': 0.29539521262055, 'generation': 8}","{'id': 433, 'rank': 29, 'fitness': 0.27910502685117483, 'generation': 8}","{'id': 327, 'rank': 30, 'fitness': 0.01798620996209155, 'generation': 8}"
"{'id': 447, 'rank': 1, 'fitness': 0.9820137900379085, 'generation': 9}","{'id': 447, 'rank': 2, 'fitness': 0.9820137900379085, 'generation': 9}","{'id': 447, 'rank': 3, 'fitness': 0.9820137900379085, 'generation': 9}","{'id': 447, 'rank': 4, 'fitness': 0.9820137900379085, 'generation': 9}","{'id': 498, 'rank': 5, 'fitness': 0.9664730063887593, 'generation': 9}","{'id': 484, 'rank': 6, 'fitness': 0.9442543852443386, 'generation': 9}","{'id': 484, 'rank': 7, 'fitness': 0.9442543852443386, 'generation': 9}","{'id': 441, 'rank': 8, 'fitness': 0.8709892715389318, 'generation': 9}","{'id': 441, 'rank': 9, 'fitness': 0.8709892715389318, 'generation': 9}","{'id': 495, 'rank': 10, 'fitness': 0.5621873674350988, 'generation': 9}","{'id': 495, 'rank': 11, 'fitness': 0.5621873674350988, 'generation': 9}","{'id': 495, 'rank': 12, 'fitness': 0.5621873674350988, 'generation': 9}","{'id': 495, 'rank': 13, 'fitness': 0.5621873674350988, 'generation': 9}","{'id': 437, 'rank': 14, 'fitness': 0.5540612413679159, 'generation': 9}","{'id': 490, 'rank': 15, 'fitness': 0.5056488442061313, 'generation': 9}","{'id': 490, 'rank': 16, 'fitness': 0.5056488442061313, 'generation': 9}","{'id': 479, 'rank': 17, 'fitness': 0.47079532603457785, 'generation': 9}","{'id': 479, 'rank': 18, 'fitness': 0.47079532603457785, 'generation': 9}","{'id': 482, 'rank': 19, 'fitness': 0.4620602373020352, 'generation': 9}","{'id': 482, 'rank': 20, 'fitness': 0.4620602373020352, 'generation': 9}","{'id': 451, 'rank': 21, 'fitness': 0.43712468474587013, 'generation': 9}","{'id': 491, 'rank': 22, 'fitness': 0.4285041150600089, 'generation': 9}","{'id': 491, 'rank': 23, 'fitness': 0.4285041150600089, 'generation': 9}","{'id': 416, 'rank': 24, 'fitness': 0.2826307302144967, 'generation': 9}","{'id': 416, 'rank': 25, 'fitness': 0.2826307302144967, 'generation': 9}","{'id': 416, 'rank': 26, 'fitness': 0.2826307302144967, 'generation': 9}","{'id': 416, 'rank': 27, 'fitness': 0.2826307302144967, 'generation': 9}","{'id': 483, 'rank': 28, 'fitness': 0.2734599932131783, 'generation': 9}","{'id': 478, 'rank': 29, 'fitness': 0.2679946980703417, 'generation': 9}","{'id': 409, 'rank': 30, 'fitness': 0.01798620996209155, 'generation': 9}"
"{'id': 558, 'rank': 1, 'fitness': 0.9820137900379085, 'generation': 10}","{'id': 558, 'rank': 2, 'fitness': 0.9820137900379085, 'generation': 10}","{'id': 558, 'rank': 3, 'fitness': 0.9820137900379085, 'generation': 10}","{'id': 517, 'rank': 4, 'fitness': 0.9795153875157605, 'generation': 10}","{'id': 517, 'rank': 5, 'fitness': 0.9795153875157605, 'generation': 10}","{'id': 510, 'rank': 6, 'fitness': 0.9678778248177828, 'generation': 10}","{'id': 510, 'rank': 7, 'fitness': 0.9678778248177828, 'generation': 10}","{'id': 514, 'rank': 8, 'fitness': 0.9551096300714009, 'generation': 10}","{'id': 514, 'rank': 9, 'fitness': 0.9551096300714009, 'generation': 10}","{'id': 515, 'rank': 10, 'fitness': 0.9286260925949372, 'generation': 10}","{'id': 515, 'rank': 11, 'fitness': 0.9286260925949372, 'generation': 10}","{'id': 515, 'rank': 12, 'fitness': 0.9286260925949372, 'generation': 10}","{'id': 547, 'rank': 13, 'fitness': 0.9142560673115687, 'generation': 10}","{'id': 547, 'rank': 14, 'fitness': 0.9142560673115687, 'generation': 10}","{'id': 547, 'rank': 15, 'fitness': 0.9142560673115687, 'generation': 10}","{'id': 447, 'rank': 16, 'fitness': 0.8920548283545433, 'generation': 10}","{'id': 447, 'rank': 17, 'fitness': 0.8920548283545433, 'generation': 10}","{'id': 447, 'rank': 18, 'fitness': 0.8920548283545433, 'generation': 10}","{'id': 447, 'rank': 19, 'fitness': 0.8920548283545433, 'generation': 10}","{'id': 447, 'rank': 20, 'fitness': 0.8920548283545433, 'generation': 10}","{'id': 447, 'rank': 21, 'fitness': 0.8920548283545433, 'generation': 10}","{'id': 498, 'rank': 22, 'fitness': 0.7634572892211436, 'generation': 10}","{'id': 560, 'rank': 23, 'fitness': 0.6405571167649443, 'generation': 10}","{'id': 560, 'rank': 24, 'fitness': 0.6405571167649443, 'generation': 10}","{'id': 484, 'rank': 25, 'fitness': 0.5960532363357264, 'generation': 10}","{'id': 529, 'rank': 26, 'fitness': 0.4179161870402677, 'generation': 10}","{'id': 516, 'rank': 27, 'fitness': 0.24444478684293275, 'generation': 10}","{'id': 531, 'rank': 28, 'fitness': 0.15738958396302172, 'generation': 10}","{'id': 546, 'rank': 29, 'fitness': 0.0973742464079656, 'generation': 10}","{'id': 482, 'rank': 30, 'fitness': 0.01798620996209155, 'generation': 10}"
"{'id': 612, 'rank': 1, 'fitness': 0.9820137900379085, 'generation': 11}","{'id': 641, 'rank': 2, 'fitness': 0.9603906189974452, 'generation': 11}","{'id': 641, 'rank': 3, 'fitness': 0.9603906189974452, 'generation': 11}","{'id': 596, 'rank': 4, 'fitness': 0.3028440558766614, 'generation': 11}","{'id': 599, 'rank': 5, 'fitness': 0.24756176765041749, 'generation': 11}","{'id': 626, 'rank': 6, 'fitness': 0.20797480615610997, 'generation': 11}","{'id': 626, 'rank': 7, 'fitness': 0.20797480615610997, 'generation': 11}","{'id': 570, 'rank': 8, 'fitness': 0.2024264218396329, 'generation': 11}","{'id': 570, 'rank': 9, 'fitness': 0.2024264218396329, 'generation': 11}","{'id': 587, 'rank': 10, 'fitness': 0.18084031632688607, 'generation': 11}","{'id': 587, 'rank': 11, 'fitness': 0.18084031632688607, 'generation': 11}","{'id': 620, 'rank': 12, 'fitness': 0.17482734589675253, 'generation': 11}","{'id': 627, 'rank': 13, 'fitness': 0.1291069289421048, 'generation': 11}","{'id': 628, 'rank': 14, 'fitness': 0.08079033254248258, 'generation': 11}","{'id': 577, 'rank': 15, 'fitness': 0.0765142809724847, 'generation': 11}","{'id': 577, 'rank': 16, 'fitness': 0.0765142809724847, 'generation': 11}","{'id': 598, 'rank': 17, 'fitness': 0.061407296789864396, 'generation': 11}","{'id': 558, 'rank': 18, 'fitness': 0.05441550051402244, 'generation': 11}","{'id': 568, 'rank': 19, 'fitness': 0.05219810409151615, 'generation': 11}","{'id': 609, 'rank': 20, 'fitness': 0.04975128409180085, 'generation': 11}","{'id': 510, 'rank': 21, 'fitness': 0.03858312886749132, 'generation': 11}","{'id': 510, 'rank': 22, 'fitness': 0.03858312886749132, 'generation': 11}","{'id': 623, 'rank': 23, 'fitness': 0.03703327963850217, 'generation': 11}","{'id': 514, 'rank': 24, 'fitness': 0.03147513856522788, 'generation': 11}","{'id': 586, 'rank': 25, 'fitness': 0.03139774864892586, 'generation': 11}","{'id': 547, 'rank': 26, 'fitness': 0.02092881999282431, 'generation': 11}","{'id': 581, 'rank': 27, 'fitness': 0.019481342815983016, 'generation': 11}","{'id': 447, 'rank': 28, 'fitness': 0.01798620996209155, 'generation': 11}","{'id': 447, 'rank': 29, 'fitness': 0.01798620996209155, 'generation': 11}","{'id': 447, 'rank': 30, 'fitness': 0.01798620996209155, 'generation': 11}"
"{'id': 679, 'rank': 1, 'fitness': 0.9820137900379085, 'generation': 12}","{'id': 677, 'rank': 2, 'fitness': 0.9777390612765418, 'generation': 12}","{'id': 677, 'rank': 3, 'fitness': 0.9777390612765418, 'generation': 12}","{'id': 682, 'rank': 4, 'fitness': 0.8481715408581962, 'generation': 12}","{'id': 678, 'rank': 5, 'fitness': 0.8116321107090761, 'generation': 12}","{'id': 678, 'rank': 6, 'fitness': 0.8116321107090761, 'generation': 12}","{'id': 678, 'rank': 7, 'fitness': 0.8116321107090761, 'generation': 12}","{'id': 683, 'rank': 8, 'fitness': 0.7838888149101644, 'generation': 12}","{'id': 683, 'rank': 9, 'fitness': 0.7838888149101644, 'generation': 12}","{'id': 683, 'rank': 10, 'fitness': 0.7838888149101644, 'generation': 12}","{'id': 683, 'rank': 11, 'fitness': 0.7838888149101644, 'generation': 12}","{'id': 652, 'rank': 12, 'fitness': 0.7321864038037125, 'generation': 12}","{'id': 652, 'rank': 13, 'fitness': 0.7321864038037125, 'generation': 12}","{'id': 652, 'rank': 14, 'fitness': 0.7321864038037125, 'generation': 12}","{'id': 612, 'rank': 15, 'fitness': 0.5972205614901882, 'generation': 12}","{'id': 612, 'rank': 16, 'fitness': 0.5972205614901882, 'generation': 12}","{'id': 612, 'rank': 17, 'fitness': 0.5972205614901882, 'generation': 12}","{'id': 641, 'rank': 18, 'fitness': 0.43287435961223775, 'generation': 12}","{'id': 651, 'rank': 19, 'fitness': 0.3649610619702024, 'generation': 12}","{'id': 651, 'rank': 20, 'fitness': 0.3649610619702024, 'generation': 12}","{'id': 651, 'rank': 21, 'fitness': 0.3649610619702024, 'generation': 12}","{'id': 651, 'rank': 22, 'fitness': 0.3649610619702024, 'generation': 12}","{'id': 684, 'rank': 23, 'fitness': 0.3627821494791962, 'generation': 12}","{'id': 684, 'rank': 24, 'fitness': 0.3627821494791962, 'generation': 12}","{'id': 676, 'rank': 25, 'fitness': 0.3482906267118319, 'generation': 12}","{'id': 676, 'rank': 26, 'fitness': 0.3482906267118319, 'generation': 12}","{'id': 685, 'rank': 27, 'fitness': 0.2770738044670622, 'generation': 12}","{'id': 650, 'rank': 28, 'fitness': 0.2629216834361444, 'generation': 12}","{'id': 599, 'rank': 29, 'fitness': 0.022146404862979474, 'generation': 12}","{'id': 570, 'rank': 30, 'fitness': 0.01798620996209155, 'generation': 12}"
"{'id': 734, 'rank': 1, 'fitness': 0.9820137900379085, 'generation': 13}","{'id': 734, 'rank': 2, 'fitness': 0.9820137900379085, 'generation': 13}","{'id': 734, 'rank': 3, 'fitness': 0.9820137900379085, 'generation': 13}","{'id': 734, 'rank': 4, 'fitness': 0.9820137900379085, 'generation': 13}","{'id': 715, 'rank': 5, 'fitness': 0.9754288537253455, 'generation': 13}","{'id': 715, 'rank': 6, 'fitness': 0.9754288537253455, 'generation': 13}","{'id': 715, 'rank': 7, 'fitness': 0.9754288537253455, 'generation': 13}","{'id': 715, 'rank': 8, 'fitness': 0.9754288537253455, 'generation': 13}","{'id': 712, 'rank': 9, 'fitness': 0.9700840822995602, 'generation': 13}","{'id': 679, 'rank': 10, 'fitness': 0.9491558379810088, 'generation': 13}","{'id': 679, 'rank': 11, 'fitness': 0.9491558379810088, 'generation': 13}","{'id': 735, 'rank': 12, 'fitness': 0.9472809747559282, 'generation': 13}","{'id': 735, 'rank': 13, 'fitness': 0.9472809747559282, 'generation': 13}","{'id': 714, 'rank': 14, 'fitness': 0.9424088458131952, 'generation': 13}","{'id': 707, 'rank': 15, 'fitness': 0.9327001601310994, 'generation': 13}","{'id': 707, 'rank': 16, 'fitness': 0.9327001601310994, 'generation': 13}","{'id': 707, 'rank': 17, 'fitness': 0.9327001601310994, 'generation': 13}","{'id': 707, 'rank': 18, 'fitness': 0.9327001601310994, 'generation': 13}","{'id': 713, 'rank': 19, 'fitness': 0.918554631250161, 'generation': 13}","{'id': 716, 'rank': 20, 'fitness': 0.8902126614320522, 'generation': 13}","{'id': 709, 'rank': 21, 'fitness': 0.6534387195128569, 'generation': 13}","{'id': 678, 'rank': 22, 'fitness': 0.34974083734438477, 'generation': 13}","{'id': 683, 'rank': 23, 'fitness': 0.2971981973039551, 'generation': 13}","{'id': 652, 'rank': 24, 'fitness': 0.22173298447993317, 'generation': 13}","{'id': 652, 'rank': 25, 'fitness': 0.22173298447993317, 'generation': 13}","{'id': 651, 'rank': 26, 'fitness': 0.031246155498613426, 'generation': 13}","{'id': 684, 'rank': 27, 'fitness': 0.030850588505505983, 'generation': 13}","{'id': 684, 'rank': 28, 'fitness': 0.030850588505505983, 'generation': 13}","{'id': 676, 'rank': 29, 'fitness': 0.02831570257812427, 'generation': 13}","{'id': 685, 'rank': 30, 'fitness': 0.01798620996209155, 'generation': 13}"
"{'id': 754, 'rank': 1, 'fitness': 0.9820137900379085, 'generation': 14}","{'id': 754, 'rank': 2, 'fitness': 0.9820137900379085, 'generation': 14}","{'id': 754, 'rank': 3, 'fitness': 0.9820137900379085, 'generation': 14}","{'id': 810, 'rank': 4, 'fitness': 0.973726628794453, 'generation': 14}","{'id': 769, 'rank': 5, 'fitness': 0.9286529411092306, 'generation': 14}","{'id': 769, 'rank': 6, 'fitness': 0.9286529411092306, 'generation': 14}","{'id': 762, 'rank': 7, 'fitness': 0.903423635165524, 'generation': 14}","{'id': 756, 'rank': 8, 'fitness': 0.806516755851903, 'generation': 14}","{'id': 756, 'rank': 9, 'fitness': 0.806516755851903, 'generation': 14}","{'id': 756, 'rank': 10, 'fitness': 0.806516755851903, 'generation': 14}","{'id': 756, 'rank': 11, 'fitness': 0.806516755851903, 'generation': 14}","{'id': 776, 'rank': 12, 'fitness': 0.4522262898505732, 'generation': 14}","{'id': 776, 'rank': 13, 'fitness': 0.4522262898505732, 'generation': 14}","{'id': 776, 'rank': 14, 'fitness': 0.4522262898505732, 'generation': 14}","{'id': 813, 'rank': 15, 'fitness': 0.3703638403267065, 'generation': 14}","{'id': 816, 'rank': 16, 'fitness': 0.347120810575702, 'generation': 14}","{'id': 814, 'rank': 17, 'fitness': 0.23282756650879088, 'generation': 14}","{'id': 779, 'rank': 18, 'fitness': 0.2182182970018583, 'generation': 14}","{'id': 779, 'rank': 19, 'fitness': 0.2182182970018583, 'generation': 14}","{'id': 763, 'rank': 20, 'fitness': 0.07642839843288335, 'generation': 14}","{'id': 763, 'rank': 21, 'fitness': 0.07642839843288335, 'generation': 14}","{'id': 734, 'rank': 22, 'fitness': 0.07366873732723661, 'generation': 14}","{'id': 734, 'rank': 23, 'fitness': 0.07366873732723661, 'generation': 14}","{'id': 734, 'rank': 24, 'fitness': 0.07366873732723661, 'generation': 14}","{'id': 715, 'rank': 25, 'fitness': 0.032046155765537765, 'generation': 14}","{'id': 715, 'rank': 26, 'fitness': 0.032046155765537765, 'generation': 14}","{'id': 715, 'rank': 27, 'fitness': 0.032046155765537765, 'generation': 14}","{'id': 715, 'rank': 28, 'fitness': 0.032046155765537765, 'generation': 14}","{'id': 817, 'rank': 29, 'fitness': 0.01995379647699469, 'generation': 14}","{'id': 755, 'rank': 30, 'fitness': 0.01798620996209155, 'generation': 14}"
"{'id': 857, 'rank': 1, 'fitness': 0.9820137900379085, 'generation': 15}","{'id': 832, 'rank': 2, 'fitness': 0.816573569440051, 'generation': 15}","{'id': 832, 'rank': 3, 'fitness': 0.816573569440051, 'generation': 15}","{'id': 832, 'rank': 4, 'fitness': 0.816573569440051, 'generation': 15}","{'id': 832, 'rank': 5, 'fitness': 0.816573569440051, 'generation': 15}","{'id': 859, 'rank': 6, 'fitness': 0.56979731467332, 'generation': 15}","{'id': 859, 'rank': 7, 'fitness': 0.56979731467332, 'generation': 15}","{'id': 858, 'rank': 8, 'fitness': 0.522355211855939, 'generation': 15}","{'id': 833, 'rank': 9, 'fitness': 0.4132179326217595, 'generation': 15}","{'id': 833, 'rank': 10, 'fitness': 0.4132179326217595, 'generation': 15}","{'id': 833, 'rank': 11, 'fitness': 0.4132179326217595, 'generation': 15}","{'id': 833, 'rank': 12, 'fitness': 0.4132179326217595, 'generation': 15}","{'id': 879, 'rank': 13, 'fitness': 0.3681689978156033, 'generation': 15}","{'id': 879, 'rank': 14, 'fitness': 0.3681689978156033, 'generation': 15}","{'id': 754, 'rank': 15, 'fitness': 0.30584604028995394, 'generation': 15}","{'id': 754, 'rank': 16, 'fitness': 0.30584604028995394, 'generation': 15}","{'id': 754, 'rank': 17, 'fitness': 0.30584604028995394, 'generation': 15}","{'id': 754, 'rank': 18, 'fitness': 0.30584604028995394, 'generation': 15}","{'id': 754, 'rank': 19, 'fitness': 0.30584604028995394, 'generation': 15}","{'id': 754, 'rank': 20, 'fitness': 0.30584604028995394, 'generation': 15}","{'id': 754, 'rank': 21, 'fitness': 0.30584604028995394, 'generation': 15}","{'id': 810, 'rank': 22, 'fitness': 0.25132215407341535, 'generation': 15}","{'id': 877, 'rank': 23, 'fitness': 0.23580426140623356, 'generation': 15}","{'id': 769, 'rank': 24, 'fitness': 0.13870205641528455, 'generation': 15}","{'id': 860, 'rank': 25, 'fitness': 0.10067372235534178, 'generation': 15}","{'id': 756, 'rank': 26, 'fitness': 0.06752100217584911, 'generation': 15}","{'id': 756, 'rank': 27, 'fitness': 0.06752100217584911, 'generation': 15}","{'id': 834, 'rank': 28, 'fitness': 0.05851270258235697, 'generation': 15}","{'id': 813, 'rank': 29, 'fitness': 0.01798620996209155, 'generation': 15}","{'id': 813, 'rank': 30, 'fitness': 0.01798620996209155, 'generation': 15}"
"{'id': 900, 'rank': 1, 'fitness': 0.9820137900379085, 'generation': 16}","{'id': 900, 'rank': 2, 'fitness': 0.9820137900379085, 'generation': 16}","{'id': 900, 'rank': 3, 'fitness': 0.9820137900379085, 'generation': 16}","{'id': 857, 'rank': 4, 'fitness': 0.974487957547634, 'generation': 16}","{'id': 857, 'rank': 5, 'fitness': 0.974487957547634, 'generation': 16}","{'id': 857, 'rank': 6, 'fitness': 0.974487957547634, 'generation': 16}","{'id': 857, 'rank': 7, 'fitness': 0.974487957547634, 'generation': 16}","{'id': 898, 'rank': 8, 'fitness': 0.9694860296054261, 'generation': 16}","{'id': 898, 'rank': 9, 'fitness': 0.9694860296054261, 'generation': 16}","{'id': 899, 'rank': 10, 'fitness': 0.9645934949478242, 'generation': 16}","{'id': 899, 'rank': 11, 'fitness': 0.9645934949478242, 'generation': 16}","{'id': 899, 'rank': 12, 'fitness': 0.9645934949478242, 'generation': 16}","{'id': 899, 'rank': 13, 'fitness': 0.9645934949478242, 'generation': 16}","{'id': 899, 'rank': 14, 'fitness': 0.9645934949478242, 'generation': 16}","{'id': 832, 'rank': 15, 'fitness': 0.9620196990355206, 'generation': 16}","{'id': 832, 'rank': 16, 'fitness': 0.9620196990355206, 'generation': 16}","{'id': 859, 'rank': 17, 'fitness': 0.9540560626767391, 'generation': 16}","{'id': 859, 'rank': 18, 'fitness': 0.9540560626767391, 'generation': 16}","{'id': 859, 'rank': 19, 'fitness': 0.9540560626767391, 'generation': 16}","{'id': 859, 'rank': 20, 'fitness': 0.9540560626767391, 'generation': 16}","{'id': 858, 'rank': 21, 'fitness': 0.9526603662951005, 'generation': 16}","{'id': 858, 'rank': 22, 'fitness': 0.9526603662951005, 'generation': 16}","{'id': 833, 'rank': 23, 'fitness': 0.9492989870859321, 'generation': 16}","{'id': 901, 'rank': 24, 'fitness': 0.9490239436022367, 'generation': 16}","{'id': 901, 'rank': 25, 'fitness': 0.9490239436022367, 'generation': 16}","{'id': 879, 'rank': 26, 'fitness': 0.9477840674860637, 'generation': 16}","{'id': 754, 'rank': 27, 'fitness': 0.945469923856095, 'generation': 16}","{'id': 810, 'rank': 28, 'fitness': 0.9431259685801926, 'generation': 16}","{'id': 902, 'rank': 29, 'fitness': 0.9320902725149394, 'generation': 16}","{'id': 885, 'rank': 30, 'fitness': 0.01798620996209155, 'generation': 16}"
"{'id': 939, 'rank': 1, 'fitness': 0.9820137900379085, 'generation': 17}","{'id': 939, 'rank': 2, 'fitness': 0.9820137900379085, 'generation': 17}","{'id': 942, 'rank': 3, 'fitness': 0.8975650844928671, 'generation': 17}","{'id': 988, 'rank': 4, 'fitness': 0.8729414981049803, 'generation': 17}","{'id': 988, 'rank': 5, 'fitness': 0.8729414981049803, 'generation': 17}","{'id': 988, 'rank': 6, 'fitness': 0.8729414981049803, 'generation': 17}","{'id': 964, 'rank': 7, 'fitness': 0.8394515905145158, 'generation': 17}","{'id': 964, 'rank': 8, 'fitness': 0.8394515905145158, 'generation': 17}","{'id': 968, 'rank': 9, 'fitness': 0.7804966301650772, 'generation': 17}","{'id': 941, 'rank': 10, 'fitness': 0.7384689572612104, 'generation': 17}","{'id': 941, 'rank': 11, 'fitness': 0.7384689572612104, 'generation': 17}","{'id': 960, 'rank': 12, 'fitness': 0.7281566086061207, 'generation': 17}","{'id': 960, 'rank': 13, 'fitness': 0.7281566086061207, 'generation': 17}","{'id': 932, 'rank': 14, 'fitness': 0.6176693751692567, 'generation': 17}","{'id': 900, 'rank': 15, 'fitness': 0.4947896274349132, 'generation': 17}","{'id': 900, 'rank': 16, 'fitness': 0.4947896274349132, 'generation': 17}","{'id': 928, 'rank': 17, 'fitness': 0.43757258757932854, 'generation': 17}","{'id': 966, 'rank': 18, 'fitness': 0.1840545930762093, 'generation': 17}","{'id': 962, 'rank': 19, 'fitness': 0.15497194681866716, 'generation': 17}","{'id': 1000, 'rank': 20, 'fitness': 0.15290721440964317, 'generation': 17}","{'id': 1000, 'rank': 21, 'fitness': 0.15290721440964317, 'generation': 17}","{'id': 857, 'rank': 22, 'fitness': 0.13936451388249815, 'generation': 17}","{'id': 857, 'rank': 23, 'fitness': 0.13936451388249815, 'generation': 17}","{'id': 952, 'rank': 24, 'fitness': 0.11452017741528664, 'generation': 17}","{'id': 959, 'rank': 25, 'fitness': 0.08955599953018722, 'generation': 17}","{'id': 969, 'rank': 26, 'fitness': 0.0750749039838996, 'generation': 17}","{'id': 989, 'rank': 27, 'fitness': 0.04404775992731935, 'generation': 17}","{'id': 1009, 'rank': 28, 'fitness': 0.039362878599845, 'generation': 17}","{'id': 899, 'rank': 29, 'fitness': 0.028660881712017805, 'generation': 17}","{'id': 1007, 'rank': 30, 'fitness': 0.01798620996209155, 'generation': 17}"
"{'id': 1021, 'rank': 1, 'fitness': 0.9820137900379085, 'generation': 18}","{'id': 1021, 'rank': 2, 'fitness': 0.9820137900379085, 'generation': 18}","{'id': 1021, 'rank': 3, 'fitness': 0.9820137900379085, 'generation': 18}","{'id': 1023, 'rank': 4, 'fitness': 0.9814452458079812, 'generation': 18}","{'id': 1025, 'rank': 5, 'fitness': 0.9790671853838075, 'generation': 18}","{'id': 1024, 'rank': 6, 'fitness': 0.9773619541686701, 'generation': 18}","{'id': 1024, 'rank': 7, 'fitness': 0.9773619541686701, 'generation': 18}","{'id': 939, 'rank': 8, 'fitness': 0.9758515986429087, 'generation': 18}","{'id': 939, 'rank': 9, 'fitness': 0.9758515986429087, 'generation': 18}","{'id': 988, 'rank': 10, 'fitness': 0.9667305122981835, 'generation': 18}","{'id': 964, 'rank': 11, 'fitness': 0.9653043636437959, 'generation': 18}","{'id': 964, 'rank': 12, 'fitness': 0.9653043636437959, 'generation': 18}","{'id': 964, 'rank': 13, 'fitness': 0.9653043636437959, 'generation': 18}","{'id': 964, 'rank': 14, 'fitness': 0.9653043636437959, 'generation': 18}","{'id': 964, 'rank': 15, 'fitness': 0.9653043636437959, 'generation': 18}","{'id': 964, 'rank': 16, 'fitness': 0.9653043636437959, 'generation': 18}","{'id': 1045, 'rank': 17, 'fitness': 0.964121420046298, 'generation': 18}","{'id': 1045, 'rank': 18, 'fitness': 0.964121420046298, 'generation': 18}","{'id': 968, 'rank': 19, 'fitness': 0.9631898084143045, 'generation': 18}","{'id': 960, 'rank': 20, 'fitness': 0.9615579297591117, 'generation': 18}","{'id': 960, 'rank': 21, 'fitness': 0.9615579297591117, 'generation': 18}","{'id': 932, 'rank': 22, 'fitness': 0.9584710873900062, 'generation': 18}","{'id': 966, 'rank': 23, 'fitness': 0.944048051732174, 'generation': 18}","{'id': 966, 'rank': 24, 'fitness': 0.944048051732174, 'generation': 18}","{'id': 969, 'rank': 25, 'fitness': 0.9348107222892159, 'generation': 18}","{'id': 969, 'rank': 26, 'fitness': 0.9348107222892159, 'generation': 18}","{'id': 989, 'rank': 27, 'fitness': 0.9291006765747061, 'generation': 18}","{'id': 899, 'rank': 28, 'fitness': 0.9242844681608913, 'generation': 18}","{'id': 1062, 'rank': 29, 'fitness': 0.5664854492404575, 'generation': 18}","{'id': 1036, 'rank': 30, 'fitness': 0.01798620996209155, 'generation': 18}"
"{'id': 1124, 'rank': 1, 'fitness': 0.9820137900379085, 'generation': 19}","{'id': 1124, 'rank': 2, 'fitness': 0.9820137900379085, 'generation': 19}","{'id': 1130, 'rank': 3, 'fitness': 0.9043204832837246, 'generation': 19}","{'id': 1130, 'rank': 4, 'fitness': 0.9043204832837246, 'generation': 19}","{'id': 1115, 'rank': 5, 'fitness': 0.7594967293474943, 'generation': 19}","{'id': 1127, 'rank': 6, 'fitness': 0.7558797109045611, 'generation': 19}","{'id': 1127, 'rank': 7, 'fitness': 0.7558797109045611, 'generation': 19}","{'id': 1093, 'rank': 8, 'fitness': 0.7527374131007791, 'generation': 19}","{'id': 1093, 'rank': 9, 'fitness': 0.7527374131007791, 'generation': 19}","{'id': 1093, 'rank': 10, 'fitness': 0.7527374131007791, 'generation': 19}","{'id': 1021, 'rank': 11, 'fitness': 0.6697397271967751, 'generation': 19}","{'id': 1021, 'rank': 12, 'fitness': 0.6697397271967751, 'generation': 19}","{'id': 1021, 'rank': 13, 'fitness': 0.6697397271967751, 'generation': 19}","{'id': 1123, 'rank': 14, 'fitness': 0.6618089088577421, 'generation': 19}","{'id': 1128, 'rank': 15, 'fitness': 0.583845126008745, 'generation': 19}","{'id': 1112, 'rank': 16, 'fitness': 0.41887165866954845, 'generation': 19}","{'id': 1112, 'rank': 17, 'fitness': 0.41887165866954845, 'generation': 19}","{'id': 1112, 'rank': 18, 'fitness': 0.41887165866954845, 'generation': 19}","{'id': 1140, 'rank': 19, 'fitness': 0.41339437154129, 'generation': 19}","{'id': 1092, 'rank': 20, 'fitness': 0.38898698323152975, 'generation': 19}","{'id': 1092, 'rank': 21, 'fitness': 0.38898698323152975, 'generation': 19}","{'id': 1024, 'rank': 22, 'fitness': 0.2600136283213217, 'generation': 19}","{'id': 1142, 'rank': 23, 'fitness': 0.22176033849447818, 'generation': 19}","{'id': 1110, 'rank': 24, 'fitness': 0.2154391819029698, 'generation': 19}","{'id': 1141, 'rank': 25, 'fitness': 0.1898250998266114, 'generation': 19}","{'id': 1076, 'rank': 26, 'fitness': 0.18384466435304214, 'generation': 19}","{'id': 1090, 'rank': 27, 'fitness': 0.07471437249313151, 'generation': 19}","{'id': 1089, 'rank': 28, 'fitness': 0.028715614210050977, 'generation': 19}","{'id': 1089, 'rank': 29, 'fitness': 0.028715614210050977, 'generation': 19}","{'id': 1099, 'rank': 30, 'fitness': 0.01798620996209155, 'generation': 19}"
"{'id': 1183, 'rank': 1, 'fitness': 0.9820137900379085, 'generation': 20}","{'id': 1184, 'rank': 2, 'fitness': 0.9805245418517012, 'generation': 20}","{'id': 1196, 'rank': 3, 'fitness': 0.9801691380553035, 'generation': 20}","{'id': 1124, 'rank': 4, 'fitness': 0.97784327928642, 'generation': 20}","{'id': 1124, 'rank': 5, 'fitness': 0.97784327928642, 'generation': 20}","{'id': 1124, 'rank': 6, 'fitness': 0.97784327928642, 'generation': 20}","{'id': 1124, 'rank': 7, 'fitness': 0.97784327928642, 'generation': 20}","{'id': 1124, 'rank': 8, 'fitness': 0.97784327928642, 'generation': 20}","{'id': 1182, 'rank': 9, 'fitness': 0.9770816161751773, 'generation': 20}","{'id': 1182, 'rank': 10, 'fitness': 0.9770816161751773, 'generation': 20}","{'id': 1182, 'rank': 11, 'fitness': 0.9770816161751773, 'generation': 20}","{'id': 1186, 'rank': 12, 'fitness': 0.9756528894663861, 'generation': 20}","{'id': 1130, 'rank': 13, 'fitness': 0.9740953368159595, 'generation': 20}","{'id': 1130, 'rank': 14, 'fitness': 0.9740953368159595, 'generation': 20}","{'id': 1130, 'rank': 15, 'fitness': 0.9740953368159595, 'generation': 20}","{'id': 1130, 'rank': 16, 'fitness': 0.9740953368159595, 'generation': 20}","{'id': 1130, 'rank': 17, 'fitness': 0.9740953368159595, 'generation': 20}","{'id': 1130, 'rank': 18, 'fitness': 0.9740953368159595, 'generation': 20}","{'id': 1115, 'rank': 19, 'fitness': 0.9714462814606977, 'generation': 20}","{'id': 1115, 'rank': 20, 'fitness': 0.9714462814606977, 'generation': 20}","{'id': 1115, 'rank': 21, 'fitness': 0.9714462814606977, 'generation': 20}","{'id': 1115, 'rank': 22, 'fitness': 0.9714462814606977, 'generation': 20}","{'id': 1127, 'rank': 23, 'fitness': 0.9713963460518038, 'generation': 20}","{'id': 1093, 'rank': 24, 'fitness': 0.9713533018467844, 'generation': 20}","{'id': 1021, 'rank': 25, 'fitness': 0.9703029634998817, 'generation': 20}","{'id': 1123, 'rank': 26, 'fitness': 0.9702090520515588, 'generation': 20}","{'id': 1185, 'rank': 27, 'fitness': 0.9683322648668347, 'generation': 20}","{'id': 1112, 'rank': 28, 'fitness': 0.9674573511983506, 'generation': 20}","{'id': 1112, 'rank': 29, 'fitness': 0.9674573511983506, 'generation': 20}","{'id': 1206, 'rank': 30, 'fitness': 0.01798620996209155, 'generation': 20}"
"{'id': 1251, 'rank': 1, 'fitness': 0.9820137900379085, 'generation': 21}","{'id': 1251, 'rank': 2, 'fitness': 0.9820137900379085, 'generation': 21}","{'id': 1251, 'rank': 3, 'fitness': 0.9820137900379085, 'generation': 21}","{'id': 1251, 'rank': 4, 'fitness': 0.9820137900379085, 'generation': 21}","{'id': 1251, 'rank': 5, 'fitness': 0.9820137900379085, 'generation': 21}","{'id': 1260, 'rank': 6, 'fitness': 0.9561131627347244, 'generation': 21}","{'id': 1233, 'rank': 7, 'fitness': 0.709394042956751, 'generation': 21}","{'id': 1277, 'rank': 8, 'fitness': 0.6715268205653768, 'generation': 21}","{'id': 1277, 'rank': 9, 'fitness': 0.6715268205653768, 'generation': 21}","{'id': 1277, 'rank': 10, 'fitness': 0.6715268205653768, 'generation': 21}","{'id': 1239, 'rank': 11, 'fitness': 0.6511151602334813, 'generation': 21}","{'id': 1239, 'rank': 12, 'fitness': 0.6511151602334813, 'generation': 21}","{'id': 1215, 'rank': 13, 'fitness': 0.6475141730628695, 'generation': 21}","{'id': 1215, 'rank': 14, 'fitness': 0.6475141730628695, 'generation': 21}","{'id': 1265, 'rank': 15, 'fitness': 0.5657348933171638, 'generation': 21}","{'id': 1183, 'rank': 16, 'fitness': 0.44681628383587907, 'generation': 21}","{'id': 1237, 'rank': 17, 'fitness': 0.3934636141062862, 'generation': 21}","{'id': 1273, 'rank': 18, 'fitness': 0.3348618064083271, 'generation': 21}","{'id': 1269, 'rank': 19, 'fitness': 0.2687160704623925, 'generation': 21}","{'id': 1269, 'rank': 20, 'fitness': 0.2687160704623925, 'generation': 21}","{'id': 1184, 'rank': 21, 'fitness': 0.2617915553882291, 'generation': 21}","{'id': 1184, 'rank': 22, 'fitness': 0.2617915553882291, 'generation': 21}","{'id': 1196, 'rank': 23, 'fitness': 0.22723658720471618, 'generation': 21}","{'id': 1234, 'rank': 24, 'fitness': 0.1188001808378768, 'generation': 21}","{'id': 1235, 'rank': 25, 'fitness': 0.10880803489619678, 'generation': 21}","{'id': 1235, 'rank': 26, 'fitness': 0.10880803489619678, 'generation': 21}","{'id': 1276, 'rank': 27, 'fitness': 0.05758761446200533, 'generation': 21}","{'id': 1211, 'rank': 28, 'fitness': 0.04827879492474607, 'generation': 21}","{'id': 1267, 'rank': 29, 'fitness': 0.04381423965432785, 'generation': 21}","{'id': 1130, 'rank': 30, 'fitness': 0.01798620996209155, 'generation': 21}"
"{'id': 1328, 'rank': 1, 'fitness': 0.9820137900379085, 'generation': 22}","{'id': 1302, 'rank': 2, 'fitness': 0.9554724339673133, 'generation': 22}","{'id': 1302, 'rank': 3, 'fitness': 0.9554724339673133, 'generation': 22}","{'id': 1302, 'rank': 4, 'fitness': 0.9554724339673133, 'generation': 22}","{'id': 1302, 'rank': 5, 'fitness': 0.9554724339673133, 'generation': 22}","{'id': 1329, 'rank': 6, 'fitness': 0.9474988893781714, 'generation': 22}","{'id': 1329, 'rank': 7, 'fitness': 0.9474988893781714, 'generation': 22}","{'id': 1329, 'rank': 8, 'fitness': 0.9474988893781714, 'generation': 22}","{'id': 1301, 'rank': 9, 'fitness': 0.9457670200772652, 'generation': 22}","{'id': 1301, 'rank': 10, 'fitness': 0.9457670200772652, 'generation': 22}","{'id': 1309, 'rank': 11, 'fitness': 0.9106762056075863, 'generation': 22}","{'id': 1309, 'rank': 12, 'fitness': 0.9106762056075863, 'generation': 22}","{'id': 1309, 'rank': 13, 'fitness': 0.9106762056075863, 'generation': 22}","{'id': 1309, 'rank': 14, 'fitness': 0.9106762056075863, 'generation': 22}","{'id': 1251, 'rank': 15, 'fitness': 0.8760356520382228, 'generation': 22}","{'id': 1251, 'rank': 16, 'fitness': 0.8760356520382228, 'generation': 22}","{'id': 1251, 'rank': 17, 'fitness': 0.8760356520382228, 'generation': 22}","{'id': 1330, 'rank': 18, 'fitness': 0.857035688502445, 'generation': 22}","{'id': 1330, 'rank': 19, 'fitness': 0.857035688502445, 'generation': 22}","{'id': 1324, 'rank': 20, 'fitness': 0.7989619606281246, 'generation': 22}","{'id': 1333, 'rank': 21, 'fitness': 0.7857249521473578, 'generation': 22}","{'id': 1333, 'rank': 22, 'fitness': 0.7857249521473578, 'generation': 22}","{'id': 1333, 'rank': 23, 'fitness': 0.7857249521473578, 'generation': 22}","{'id': 1334, 'rank': 24, 'fitness': 0.7658934480075603, 'generation': 22}","{'id': 1260, 'rank': 25, 'fitness': 0.7424780782191298, 'generation': 22}","{'id': 1292, 'rank': 26, 'fitness': 0.6242639391664594, 'generation': 22}","{'id': 1292, 'rank': 27, 'fitness': 0.6242639391664594, 'generation': 22}","{'id': 1215, 'rank': 28, 'fitness': 0.20514445444310214, 'generation': 22}","{'id': 1265, 'rank': 29, 'fitness': 0.15580258544638942, 'generation': 22}","{'id': 1235, 'rank': 30, 'fitness': 0.01798620996209155, 'generation': 22}"
"{'id': 1407, 'rank': 1, 'fitness': 0.9820137900379085, 'generation': 23}","{'id': 1407, 'rank': 2, 'fitness': 0.9820137900379085, 'generation': 23}","{'id': 1374, 'rank': 3, 'fitness': 0.8607302089441627, 'generation': 23}","{'id': 1374, 'rank': 4, 'fitness': 0.8607302089441627, 'generation': 23}","{'id': 1374, 'rank': 5, 'fitness': 0.8607302089441627, 'generation': 23}","{'id': 1350, 'rank': 6, 'fitness': 0.6018753378504199, 'generation': 23}","{'id': 1350, 'rank': 7, 'fitness': 0.6018753378504199, 'generation': 23}","{'id': 1414, 'rank': 8, 'fitness': 0.16390006704007876, 'generation': 23}","{'id': 1414, 'rank': 9, 'fitness': 0.16390006704007876, 'generation': 23}","{'id': 1414, 'rank': 10, 'fitness': 0.16390006704007876, 'generation': 23}","{'id': 1409, 'rank': 11, 'fitness': 0.14801414023537135, 'generation': 23}","{'id': 1409, 'rank': 12, 'fitness': 0.14801414023537135, 'generation': 23}","{'id': 1416, 'rank': 13, 'fitness': 0.145423735240778, 'generation': 23}","{'id': 1424, 'rank': 14, 'fitness': 0.1269525975571833, 'generation': 23}","{'id': 1424, 'rank': 15, 'fitness': 0.1269525975571833, 'generation': 23}","{'id': 1349, 'rank': 16, 'fitness': 0.08928408871001076, 'generation': 23}","{'id': 1349, 'rank': 17, 'fitness': 0.08928408871001076, 'generation': 23}","{'id': 1328, 'rank': 18, 'fitness': 0.07229397437135071, 'generation': 23}","{'id': 1328, 'rank': 19, 'fitness': 0.07229397437135071, 'generation': 23}","{'id': 1363, 'rank': 20, 'fitness': 0.05956755439077266, 'generation': 23}","{'id': 1421, 'rank': 21, 'fitness': 0.05415308113163514, 'generation': 23}","{'id': 1302, 'rank': 22, 'fitness': 0.0386650656631054, 'generation': 23}","{'id': 1302, 'rank': 23, 'fitness': 0.0386650656631054, 'generation': 23}","{'id': 1401, 'rank': 24, 'fitness': 0.036083824668858344, 'generation': 23}","{'id': 1401, 'rank': 25, 'fitness': 0.036083824668858344, 'generation': 23}","{'id': 1401, 'rank': 26, 'fitness': 0.036083824668858344, 'generation': 23}","{'id': 1401, 'rank': 27, 'fitness': 0.036083824668858344, 'generation': 23}","{'id': 1329, 'rank': 28, 'fitness': 0.034357139126830916, 'generation': 23}","{'id': 1309, 'rank': 29, 'fitness': 0.0231931690169786, 'generation': 23}","{'id': 1251, 'rank': 30, 'fitness': 0.01798620996209155, 'generation': 23}"
"{'id': 1459, 'rank': 1, 'fitness': 0.9820137900379085, 'generation': 24}","{'id': 1459, 'rank': 2, 'fitness': 0.9820137900379085, 'generation': 24}","{'id': 1459, 'rank': 3, 'fitness': 0.9820137900379085, 'generation': 24}","{'id': 1427, 'rank': 4, 'fitness': 0.9561742421980941, 'generation': 24}","{'id': 1427, 'rank': 5, 'fitness': 0.9561742421980941, 'generation': 24}","{'id': 1427, 'rank': 6, 'fitness': 0.9561742421980941, 'generation': 24}","{'id': 1427, 'rank': 7, 'fitness': 0.9561742421980941, 'generation': 24}","{'id': 1427, 'rank': 8, 'fitness': 0.9561742421980941, 'generation': 24}","{'id': 1426, 'rank': 9, 'fitness': 0.928610624974837, 'generation': 24}","{'id': 1426, 'rank': 10, 'fitness': 0.928610624974837, 'generation': 24}","{'id': 1458, 'rank': 11, 'fitness': 0.9198586490713816, 'generation': 24}","{'id': 1458, 'rank': 12, 'fitness': 0.9198586490713816, 'generation': 24}","{'id': 1458, 'rank': 13, 'fitness': 0.9198586490713816, 'generation': 24}","{'id': 1407, 'rank': 14, 'fitness': 0.9169347719323876, 'generation': 24}","{'id': 1407, 'rank': 15, 'fitness': 0.9169347719323876, 'generation': 24}","{'id': 1407, 'rank': 16, 'fitness': 0.9169347719323876, 'generation': 24}","{'id': 1407, 'rank': 17, 'fitness': 0.9169347719323876, 'generation': 24}","{'id': 1457, 'rank': 18, 'fitness': 0.913302327590567, 'generation': 24}","{'id': 1425, 'rank': 19, 'fitness': 0.902058450889481, 'generation': 24}","{'id': 1374, 'rank': 20, 'fitness': 0.6588380861469239, 'generation': 24}","{'id': 1374, 'rank': 21, 'fitness': 0.6588380861469239, 'generation': 24}","{'id': 1350, 'rank': 22, 'fitness': 0.38494909350623985, 'generation': 24}","{'id': 1414, 'rank': 23, 'fitness': 0.10878859629690296, 'generation': 24}","{'id': 1414, 'rank': 24, 'fitness': 0.10878859629690296, 'generation': 24}","{'id': 1414, 'rank': 25, 'fitness': 0.10878859629690296, 'generation': 24}","{'id': 1414, 'rank': 26, 'fitness': 0.10878859629690296, 'generation': 24}","{'id': 1409, 'rank': 27, 'fitness': 0.09976727097811544, 'generation': 24}","{'id': 1424, 'rank': 28, 'fitness': 0.08768970479483906, 'generation': 24}","{'id': 1302, 'rank': 29, 'fitness': 0.03322797899302121, 'generation': 24}","{'id': 1251, 'rank': 30, 'fitness': 0.01798620996209155, 'generation': 24}"
"{'id': 1467, 'rank': 1, 'fitness': 0.9820137900379085, 'generation': 25}","{'id': 1467, 'rank': 2, 'fitness': 0.9820137900379085, 'generation': 25}","{'id': 1467, 'rank': 3, 'fitness': 0.9820137900379085, 'generation': 25}","{'id': 1467, 'rank': 4, 'fitness': 0.9820137900379085, 'generation': 25}","{'id': 1493, 'rank': 5, 'fitness': 0.8258482933413069, 'generation': 25}","{'id': 1493, 'rank': 6, 'fitness': 0.8258482933413069, 'generation': 25}","{'id': 1459, 'rank': 7, 'fitness': 0.6395437416209188, 'generation': 25}","{'id': 1459, 'rank': 8, 'fitness': 0.6395437416209188, 'generation': 25}","{'id': 1459, 'rank': 9, 'fitness': 0.6395437416209188, 'generation': 25}","{'id': 1468, 'rank': 10, 'fitness': 0.615228321512811, 'generation': 25}","{'id': 1499, 'rank': 11, 'fitness': 0.2455079666784014, 'generation': 25}","{'id': 1499, 'rank': 12, 'fitness': 0.2455079666784014, 'generation': 25}","{'id': 1497, 'rank': 13, 'fitness': 0.20749430756231052, 'generation': 25}","{'id': 1497, 'rank': 14, 'fitness': 0.20749430756231052, 'generation': 25}","{'id': 1492, 'rank': 15, 'fitness': 0.17864693213210936, 'generation': 25}","{'id': 1492, 'rank': 16, 'fitness': 0.17864693213210936, 'generation': 25}","{'id': 1427, 'rank': 17, 'fitness': 0.13782529703288343, 'generation': 25}","{'id': 1427, 'rank': 18, 'fitness': 0.13782529703288343, 'generation': 25}","{'id': 1427, 'rank': 19, 'fitness': 0.13782529703288343, 'generation': 25}","{'id': 1427, 'rank': 20, 'fitness': 0.13782529703288343, 'generation': 25}","{'id': 1427, 'rank': 21, 'fitness': 0.13782529703288343, 'generation': 25}","{'id': 1427, 'rank': 22, 'fitness': 0.13782529703288343, 'generation': 25}","{'id': 1427, 'rank': 23, 'fitness': 0.13782529703288343, 'generation': 25}","{'id': 1491, 'rank': 24, 'fitness': 0.08646449546660062, 'generation': 25}","{'id': 1517, 'rank': 25, 'fitness': 0.08392076456219227, 'generation': 25}","{'id': 1458, 'rank': 26, 'fitness': 0.02878266553118808, 'generation': 25}","{'id': 1458, 'rank': 27, 'fitness': 0.02878266553118808, 'generation': 25}","{'id': 1457, 'rank': 28, 'fitness': 0.023115242225980936, 'generation': 25}","{'id': 1501, 'rank': 29, 'fitness': 0.02141211313542829, 'generation': 25}","{'id': 1500, 'rank': 30, 'fitness': 0.01798620996209155, 'generation': 25}"
"{'id': 1570, 'rank': 1, 'fitness': 0.9820137900379085, 'generation': 26}","{'id': 1570, 'rank': 2, 'fitness': 0.9820137900379085, 'generation': 26}","{'id': 1564, 'rank': 3, 'fitness': 0.9738698621298623, 'generation': 26}","{'id': 1564, 'rank': 4, 'fitness': 0.9738698621298623, 'generation': 26}","{'id': 1564, 'rank': 5, 'fitness': 0.9738698621298623, 'generation': 26}","{'id': 1564, 'rank': 6, 'fitness': 0.9738698621298623, 'generation': 26}","{'id': 1564, 'rank': 7, 'fitness': 0.9738698621298623, 'generation': 26}","{'id': 1564, 'rank': 8, 'fitness': 0.9738698621298623, 'generation': 26}","{'id': 1564, 'rank': 9, 'fitness': 0.9738698621298623, 'generation': 26}","{'id': 1535, 'rank': 10, 'fitness': 0.9439650226819276, 'generation': 26}","{'id': 1535, 'rank': 11, 'fitness': 0.9439650226819276, 'generation': 26}","{'id': 1535, 'rank': 12, 'fitness': 0.9439650226819276, 'generation': 26}","{'id': 1566, 'rank': 13, 'fitness': 0.9134072638347477, 'generation': 26}","{'id': 1467, 'rank': 14, 'fitness': 0.8884988829748545, 'generation': 26}","{'id': 1467, 'rank': 15, 'fitness': 0.8884988829748545, 'generation': 26}","{'id': 1467, 'rank': 16, 'fitness': 0.8884988829748545, 'generation': 26}","{'id': 1467, 'rank': 17, 'fitness': 0.8884988829748545, 'generation': 26}","{'id': 1540, 'rank': 18, 'fitness': 0.7768252455818396, 'generation': 26}","{'id': 1565, 'rank': 19, 'fitness': 0.5882768971294337, 'generation': 26}","{'id': 1493, 'rank': 20, 'fitness': 0.5252364920762351, 'generation': 26}","{'id': 1493, 'rank': 21, 'fitness': 0.5252364920762351, 'generation': 26}","{'id': 1493, 'rank': 22, 'fitness': 0.5252364920762351, 'generation': 26}","{'id': 1459, 'rank': 23, 'fitness': 0.3332870088750619, 'generation': 26}","{'id': 1468, 'rank': 24, 'fitness': 0.3148750461052489, 'generation': 26}","{'id': 1499, 'rank': 25, 'fitness': 0.11265758050559749, 'generation': 26}","{'id': 1499, 'rank': 26, 'fitness': 0.11265758050559749, 'generation': 26}","{'id': 1499, 'rank': 27, 'fitness': 0.11265758050559749, 'generation': 26}","{'id': 1497, 'rank': 28, 'fitness': 0.09625634500068353, 'generation': 26}","{'id': 1492, 'rank': 29, 'fitness': 0.08398618028220745, 'generation': 26}","{'id': 1458, 'rank': 30, 'fitness': 0.01798620996209155, 'generation': 26}"
"{'id': 1610, 'rank': 1, 'fitness': 0.9820137900379085, 'generation': 27}","{'id': 1610, 'rank': 2, 'fitness': 0.9820137900379085, 'generation': 27}","{'id': 1576, 'rank': 3, 'fitness': 0.9760494262321364, 'generation': 27}","{'id': 1576, 'rank': 4, 'fitness': 0.9760494262321364, 'generation': 27}","{'id': 1576, 'rank': 5, 'fitness': 0.9760494262321364, 'generation': 27}","{'id': 1577, 'rank': 6, 'fitness': 0.9235527822116456, 'generation': 27}","{'id': 1577, 'rank': 7, 'fitness': 0.9235527822116456, 'generation': 27}","{'id': 1603, 'rank': 8, 'fitness': 0.8700190687951095, 'generation': 27}","{'id': 1627, 'rank': 9, 'fitness': 0.8502803378497227, 'generation': 27}","{'id': 1627, 'rank': 10, 'fitness': 0.8502803378497227, 'generation': 27}","{'id': 1628, 'rank': 11, 'fitness': 0.5013381580335156, 'generation': 27}","{'id': 1605, 'rank': 12, 'fitness': 0.4009470341893316, 'generation': 27}","{'id': 1625, 'rank': 13, 'fitness': 0.224776999531278, 'generation': 27}","{'id': 1625, 'rank': 14, 'fitness': 0.224776999531278, 'generation': 27}","{'id': 1574, 'rank': 15, 'fitness': 0.19907503099829826, 'generation': 27}","{'id': 1574, 'rank': 16, 'fitness': 0.19907503099829826, 'generation': 27}","{'id': 1624, 'rank': 17, 'fitness': 0.15296137719166736, 'generation': 27}","{'id': 1613, 'rank': 18, 'fitness': 0.14611172155729213, 'generation': 27}","{'id': 1613, 'rank': 19, 'fitness': 0.14611172155729213, 'generation': 27}","{'id': 1613, 'rank': 20, 'fitness': 0.14611172155729213, 'generation': 27}","{'id': 1575, 'rank': 21, 'fitness': 0.11031979793777935, 'generation': 27}","{'id': 1570, 'rank': 22, 'fitness': 0.10848392455161582, 'generation': 27}","{'id': 1570, 'rank': 23, 'fitness': 0.10848392455161582, 'generation': 27}","{'id': 1564, 'rank': 24, 'fitness': 0.06173387747782544, 'generation': 27}","{'id': 1564, 'rank': 25, 'fitness': 0.06173387747782544, 'generation': 27}","{'id': 1564, 'rank': 26, 'fitness': 0.06173387747782544, 'generation': 27}","{'id': 1564, 'rank': 27, 'fitness': 0.06173387747782544, 'generation': 27}","{'id': 1578, 'rank': 28, 'fitness': 0.035192206301591866, 'generation': 27}","{'id': 1607, 'rank': 29, 'fitness': 0.023812460862336404, 'generation': 27}","{'id': 1535, 'rank': 30, 'fitness': 0.01798620996209155, 'generation': 27}"
"{'id': 1661, 'rank': 1, 'fitness': 0.9820137900379085, 'generation': 28}","{'id': 1661, 'rank': 2, 'fitness': 0.9820137900379085, 'generation': 28}","{'id': 1660, 'rank': 3, 'fitness': 0.9311631184425903, 'generation': 28}","{'id': 1660, 'rank': 4, 'fitness': 0.9311631184425903, 'generation': 28}","{'id': 1660, 'rank': 5, 'fitness': 0.9311631184425903, 'generation': 28}","{'id': 1660, 'rank': 6, 'fitness': 0.9311631184425903, 'generation': 28}","{'id': 1675, 'rank': 7, 'fitness': 0.9224815370448032, 'generation': 28}","{'id': 1675, 'rank': 8, 'fitness': 0.9224815370448032, 'generation': 28}","{'id': 1675, 'rank': 9, 'fitness': 0.9224815370448032, 'generation': 28}","{'id': 1673, 'rank': 10, 'fitness': 0.9147425985118565, 'generation': 28}","{'id': 1673, 'rank': 11, 'fitness': 0.9147425985118565, 'generation': 28}","{'id': 1673, 'rank': 12, 'fitness': 0.9147425985118565, 'generation': 28}","{'id': 1674, 'rank': 13, 'fitness': 0.8002150288661014, 'generation': 28}","{'id': 1674, 'rank': 14, 'fitness': 0.8002150288661014, 'generation': 28}","{'id': 1655, 'rank': 15, 'fitness': 0.7578067965358986, 'generation': 28}","{'id': 1655, 'rank': 16, 'fitness': 0.7578067965358986, 'generation': 28}","{'id': 1610, 'rank': 17, 'fitness': 0.6421693994635091, 'generation': 28}","{'id': 1610, 'rank': 18, 'fitness': 0.6421693994635091, 'generation': 28}","{'id': 1576, 'rank': 19, 'fitness': 0.6013146690019426, 'generation': 28}","{'id': 1576, 'rank': 20, 'fitness': 0.6013146690019426, 'generation': 28}","{'id': 1576, 'rank': 21, 'fitness': 0.6013146690019426, 'generation': 28}","{'id': 1577, 'rank': 22, 'fitness': 0.422683092094134, 'generation': 28}","{'id': 1603, 'rank': 23, 'fitness': 0.34012083891496436, 'generation': 28}","{'id': 1627, 'rank': 24, 'fitness': 0.3185530503685996, 'generation': 28}","{'id': 1627, 'rank': 25, 'fitness': 0.3185530503685996, 'generation': 28}","{'id': 1638, 'rank': 26, 'fitness': 0.300426057795202, 'generation': 28}","{'id': 1662, 'rank': 27, 'fitness': 0.2743158115653763, 'generation': 28}","{'id': 1605, 'rank': 28, 'fitness': 0.11594267895281818, 'generation': 28}","{'id': 1564, 'rank': 29, 'fitness': 0.03197759097584307, 'generation': 28}","{'id': 1607, 'rank': 30, 'fitness': 0.01798620996209155, 'generation': 28}"
"{'id': 1735, 'rank': 1, 'fitness': 0.9820137900379085, 'generation': 29}","{'id': 1735, 'rank': 2, 'fitness': 0.9820137900379085, 'generation': 29}","{'id': 1735, 'rank': 3, 'fitness': 0.9820137900379085, 'generation': 29}","{'id': 1735, 'rank': 4, 'fitness': 0.9820137900379085, 'generation': 29}","{'id': 1735, 'rank': 5, 'fitness': 0.9820137900379085, 'generation': 29}","{'id': 1710, 'rank': 6, 'fitness': 0.9783975954706989, 'generation': 29}","{'id': 1710, 'rank': 7, 'fitness': 0.9783975954706989, 'generation': 29}","{'id': 1710, 'rank': 8, 'fitness': 0.9783975954706989, 'generation': 29}","{'id': 1661, 'rank': 9, 'fitness': 0.7969127422117896, 'generation': 29}","{'id': 1661, 'rank': 10, 'fitness': 0.7969127422117896, 'generation': 29}","{'id': 1661, 'rank': 11, 'fitness': 0.7969127422117896, 'generation': 29}","{'id': 1661, 'rank': 12, 'fitness': 0.7969127422117896, 'generation': 29}","{'id': 1661, 'rank': 13, 'fitness': 0.7969127422117896, 'generation': 29}","{'id': 1661, 'rank': 14, 'fitness': 0.7969127422117896, 'generation': 29}","{'id': 1661, 'rank': 15, 'fitness': 0.7969127422117896, 'generation': 29}","{'id': 1713, 'rank': 16, 'fitness': 0.7115404394955032, 'generation': 29}","{'id': 1696, 'rank': 17, 'fitness': 0.700286348135285, 'generation': 29}","{'id': 1660, 'rank': 18, 'fitness': 0.4486772338637368, 'generation': 29}","{'id': 1660, 'rank': 19, 'fitness': 0.4486772338637368, 'generation': 29}","{'id': 1660, 'rank': 20, 'fitness': 0.4486772338637368, 'generation': 29}","{'id': 1675, 'rank': 21, 'fitness': 0.4132633268999905, 'generation': 29}","{'id': 1681, 'rank': 22, 'fitness': 0.38775420857784754, 'generation': 29}","{'id': 1681, 'rank': 23, 'fitness': 0.38775420857784754, 'generation': 29}","{'id': 1681, 'rank': 24, 'fitness': 0.38775420857784754, 'generation': 29}","{'id': 1673, 'rank': 25, 'fitness': 0.3852613006276972, 'generation': 29}","{'id': 1673, 'rank': 26, 'fitness': 0.3852613006276972, 'generation': 29}","{'id': 1690, 'rank': 27, 'fitness': 0.19151847519202125, 'generation': 29}","{'id': 1576, 'rank': 28, 'fitness': 0.06420340196309904, 'generation': 29}","{'id': 1576, 'rank': 29, 'fitness': 0.06420340196309904, 'generation': 29}","{'id': 1627, 'rank': 30, 'fitness': 0.01798620996209155, 'generation': 29}"
"{'id': 1765, 'rank': 1, 'fitness': 0.9820137900379085, 'generation': 30}","{'id': 1765, 'rank': 2, 'fitness': 0.9820137900379085, 'generation': 30}","{'id': 1776, 'rank': 3, 'fitness': 0.9470763289311119, 'generation': 30}","{'id': 1776, 'rank': 4, 'fitness': 0.9470763289311119, 'generation': 30}","{'id': 1776, 'rank': 5, 'fitness': 0.9470763289311119, 'generation': 30}","{'id': 1742, 'rank': 6, 'fitness': 0.8696003192451633, 'generation': 30}","{'id': 1793, 'rank': 7, 'fitness': 0.7830164127353423, 'generation': 30}","{'id': 1793, 'rank': 8, 'fitness': 0.7830164127353423, 'generation': 30}","{'id': 1757, 'rank': 9, 'fitness': 0.729267384061785, 'generation': 30}","{'id': 1757, 'rank': 10, 'fitness': 0.729267384061785, 'generation': 30}","{'id': 1735, 'rank': 11, 'fitness': 0.6797665447865933, 'generation': 30}","{'id': 1735, 'rank': 12, 'fitness': 0.6797665447865933, 'generation': 30}","{'id': 1735, 'rank': 13, 'fitness': 0.6797665447865933, 'generation': 30}","{'id': 1735, 'rank': 14, 'fitness': 0.6797665447865933, 'generation': 30}","{'id': 1735, 'rank': 15, 'fitness': 0.6797665447865933, 'generation': 30}","{'id': 1746, 'rank': 16, 'fitness': 0.6560538745790295, 'generation': 30}","{'id': 1778, 'rank': 17, 'fitness': 0.6559225108166888, 'generation': 30}","{'id': 1710, 'rank': 18, 'fitness': 0.6321658366584109, 'generation': 30}","{'id': 1710, 'rank': 19, 'fitness': 0.6321658366584109, 'generation': 30}","{'id': 1791, 'rank': 20, 'fitness': 0.6229441804917546, 'generation': 30}","{'id': 1791, 'rank': 21, 'fitness': 0.6229441804917546, 'generation': 30}","{'id': 1777, 'rank': 22, 'fitness': 0.4967326675233656, 'generation': 30}","{'id': 1775, 'rank': 23, 'fitness': 0.24966364955830223, 'generation': 30}","{'id': 1775, 'rank': 24, 'fitness': 0.24966364955830223, 'generation': 30}","{'id': 1752, 'rank': 25, 'fitness': 0.11519761020263197, 'generation': 30}","{'id': 1661, 'rank': 26, 'fitness': 0.09775649756841331, 'generation': 30}","{'id': 1661, 'rank': 27, 'fitness': 0.09775649756841331, 'generation': 30}","{'id': 1661, 'rank': 28, 'fitness': 0.09775649756841331, 'generation': 30}","{'id': 1713, 'rank': 29, 'fitness': 0.06025765818546336, 'generation': 30}","{'id': 1660, 'rank': 30, 'fitness': 0.01798620996209155, 'generation': 30}"
"{'id': 1834, 'rank': 1, 'fitness': 0.9820137900379085, 'generation': 31}","{'id': 1834, 'rank': 2, 'fitness': 0.9820137900379085, 'generation': 31}","{'id': 1834, 'rank': 3, 'fitness': 0.9820137900379085, 'generation': 31}","{'id': 1834, 'rank': 4, 'fitness': 0.9820137900379085, 'generation': 31}","{'id': 1845, 'rank': 5, 'fitness': 0.9646581817691441, 'generation': 31}","{'id': 1846, 'rank': 6, 'fitness': 0.8537313886351751, 'generation': 31}","{'id': 1846, 'rank': 7, 'fitness': 0.8537313886351751, 'generation': 31}","{'id': 1857, 'rank': 8, 'fitness': 0.7384597163561468, 'generation': 31}","{'id': 1776, 'rank': 9, 'fitness': 0.6823669599233798, 'generation': 31}","{'id': 1776, 'rank': 10, 'fitness': 0.6823669599233798, 'generation': 31}","{'id': 1776, 'rank': 11, 'fitness': 0.6823669599233798, 'generation': 31}","{'id': 1776, 'rank': 12, 'fitness': 0.6823669599233798, 'generation': 31}","{'id': 1776, 'rank': 13, 'fitness': 0.6823669599233798, 'generation': 31}","{'id': 1843, 'rank': 14, 'fitness': 0.651844090507257, 'generation': 31}","{'id': 1742, 'rank': 15, 'fitness': 0.39757609140620587, 'generation': 31}","{'id': 1742, 'rank': 16, 'fitness': 0.39757609140620587, 'generation': 31}","{'id': 1742, 'rank': 17, 'fitness': 0.39757609140620587, 'generation': 31}","{'id': 1821, 'rank': 18, 'fitness': 0.2928913319470089, 'generation': 31}","{'id': 1821, 'rank': 19, 'fitness': 0.2928913319470089, 'generation': 31}","{'id': 1821, 'rank': 20, 'fitness': 0.2928913319470089, 'generation': 31}","{'id': 1793, 'rank': 21, 'fitness': 0.24051950849454462, 'generation': 31}","{'id': 1793, 'rank': 22, 'fitness': 0.24051950849454462, 'generation': 31}","{'id': 1757, 'rank': 23, 'fitness': 0.18250380493157364, 'generation': 31}","{'id': 1836, 'rank': 24, 'fitness': 0.15269438930400353, 'generation': 31}","{'id': 1836, 'rank': 25, 'fitness': 0.15269438930400353, 'generation': 31}","{'id': 1735, 'rank': 26, 'fitness': 0.1437735398647455, 'generation': 31}","{'id': 1735, 'rank': 27, 'fitness': 0.1437735398647455, 'generation': 31}","{'id': 1735, 'rank': 28, 'fitness': 0.1437735398647455, 'generation': 31}","{'id': 1746, 'rank': 29, 'fitness': 0.12873815678905254, 'generation': 31}","{'id': 1775, 'rank': 30, 'fitness': 0.01798620996209155, 'generation': 31}"
"{'id': 1907, 'rank': 1, 'fitness': 0.9820137900379085, 'generation': 32}","{'id': 1907, 'rank': 2, 'fitness': 0.9820137900379085, 'generation': 32}","{'id': 1907, 'rank': 3, 'fitness': 0.9820137900379085, 'generation': 32}","{'id': 1875, 'rank': 4, 'fitness': 0.9026547588813887, 'generation': 32}","{'id': 1875, 'rank': 5, 'fitness': 0.9026547588813887, 'generation': 32}","{'id': 1875, 'rank': 6, 'fitness': 0.9026547588813887, 'generation': 32}","{'id': 1875, 'rank': 7, 'fitness': 0.9026547588813887, 'generation': 32}","{'id': 1921, 'rank': 8, 'fitness': 0.8682092689287101, 'generation': 32}","{'id': 1921, 'rank': 9, 'fitness': 0.8682092689287101, 'generation': 32}","{'id': 1908, 'rank': 10, 'fitness': 0.8521765866671022, 'generation': 32}","{'id': 1834, 'rank': 11, 'fitness': 0.8218749773051159, 'generation': 32}","{'id': 1834, 'rank': 12, 'fitness': 0.8218749773051159, 'generation': 32}","{'id': 1834, 'rank': 13, 'fitness': 0.8218749773051159, 'generation': 32}","{'id': 1834, 'rank': 14, 'fitness': 0.8218749773051159, 'generation': 32}","{'id': 1834, 'rank': 15, 'fitness': 0.8218749773051159, 'generation': 32}","{'id': 1834, 'rank': 16, 'fitness': 0.8218749773051159, 'generation': 32}","{'id': 1834, 'rank': 17, 'fitness': 0.8218749773051159, 'generation': 32}","{'id': 1887, 'rank': 18, 'fitness': 0.7884144462936415, 'generation': 32}","{'id': 1887, 'rank': 19, 'fitness': 0.7884144462936415, 'generation': 32}","{'id': 1874, 'rank': 20, 'fitness': 0.7776208394174584, 'generation': 32}","{'id': 1845, 'rank': 21, 'fitness': 0.7039953067003643, 'generation': 32}","{'id': 1845, 'rank': 22, 'fitness': 0.7039953067003643, 'generation': 32}","{'id': 1886, 'rank': 23, 'fitness': 0.6731900125519544, 'generation': 32}","{'id': 1904, 'rank': 24, 'fitness': 0.42203623419014785, 'generation': 32}","{'id': 1873, 'rank': 25, 'fitness': 0.2162727596657461, 'generation': 32}","{'id': 1776, 'rank': 26, 'fitness': 0.17314648547646644, 'generation': 32}","{'id': 1776, 'rank': 27, 'fitness': 0.17314648547646644, 'generation': 32}","{'id': 1821, 'rank': 28, 'fitness': 0.04160968641239898, 'generation': 32}","{'id': 1836, 'rank': 29, 'fitness': 0.019219082436721047, 'generation': 32}","{'id': 1735, 'rank': 30, 'fitness': 0.01798620996209155, 'generation': 32}"
"{'id': 1983, 'rank': 1, 'fitness': 0.9820137900379085, 'generation': 33}","{'id': 1983, 'rank': 2, 'fitness': 0.9820137900379085, 'generation': 33}","{'id': 1983, 'rank': 3, 'fitness': 0.9820137900379085, 'generation': 33}","{'id': 1929, 'rank': 4, 'fitness': 0.9782028766044809, 'generation': 33}","{'id': 1929, 'rank': 5, 'fitness': 0.9782028766044809, 'generation': 33}","{'id': 1971, 'rank': 6, 'fitness': 0.9763033382235777, 'generation': 33}","{'id': 1971, 'rank': 7, 'fitness': 0.9763033382235777, 'generation': 33}","{'id': 1982, 'rank': 8, 'fitness': 0.9738160566149723, 'generation': 33}","{'id': 1982, 'rank': 9, 'fitness': 0.9738160566149723, 'generation': 33}","{'id': 1982, 'rank': 10, 'fitness': 0.9738160566149723, 'generation': 33}","{'id': 1982, 'rank': 11, 'fitness': 0.9738160566149723, 'generation': 33}","{'id': 1967, 'rank': 12, 'fitness': 0.9738107286981221, 'generation': 33}","{'id': 1932, 'rank': 13, 'fitness': 0.9712081650155433, 'generation': 33}","{'id': 1907, 'rank': 14, 'fitness': 0.9674143163647366, 'generation': 33}","{'id': 1928, 'rank': 15, 'fitness': 0.9588638598176232, 'generation': 33}","{'id': 1928, 'rank': 16, 'fitness': 0.9588638598176232, 'generation': 33}","{'id': 1928, 'rank': 17, 'fitness': 0.9588638598176232, 'generation': 33}","{'id': 1969, 'rank': 18, 'fitness': 0.9570172615867107, 'generation': 33}","{'id': 1875, 'rank': 19, 'fitness': 0.954504348341136, 'generation': 33}","{'id': 1921, 'rank': 20, 'fitness': 0.9515071940499342, 'generation': 33}","{'id': 1921, 'rank': 21, 'fitness': 0.9515071940499342, 'generation': 33}","{'id': 1834, 'rank': 22, 'fitness': 0.9481863035595697, 'generation': 33}","{'id': 1970, 'rank': 23, 'fitness': 0.9442536645403288, 'generation': 33}","{'id': 1845, 'rank': 24, 'fitness': 0.9414270392547526, 'generation': 33}","{'id': 1886, 'rank': 25, 'fitness': 0.9398554157885645, 'generation': 33}","{'id': 1886, 'rank': 26, 'fitness': 0.9398554157885645, 'generation': 33}","{'id': 1776, 'rank': 27, 'fitness': 0.9089844242851187, 'generation': 33}","{'id': 1776, 'rank': 28, 'fitness': 0.9089844242851187, 'generation': 33}","{'id': 1944, 'rank': 29, 'fitness': 0.020487990054493144, 'generation': 33}","{'id': 1956, 'rank': 30, 'fitness': 0.01798620996209155, 'generation': 33}"
"{'id': 2026, 'rank': 1, 'fitness': 0.9820137900379085, 'generation': 34}","{'id': 2026, 'rank': 2, 'fitness': 0.9820137900379085, 'generation': 34}","{'id': 2026, 'rank': 3, 'fitness': 0.9820137900379085, 'generation': 34}","{'id': 2026, 'rank': 4, 'fitness': 0.9820137900379085, 'generation': 34}","{'id': 2039, 'rank': 5, 'fitness': 0.9752230675831681, 'generation': 34}","{'id': 2055, 'rank': 6, 'fitness': 0.9535148158078672, 'generation': 34}","{'id': 1995, 'rank': 7, 'fitness': 0.9398678006629537, 'generation': 34}","{'id': 1998, 'rank': 8, 'fitness': 0.923533116194803, 'generation': 34}","{'id': 1997, 'rank': 9, 'fitness': 0.8682664079701947, 'generation': 34}","{'id': 1997, 'rank': 10, 'fitness': 0.8682664079701947, 'generation': 34}","{'id': 1997, 'rank': 11, 'fitness': 0.8682664079701947, 'generation': 34}","{'id': 1997, 'rank': 12, 'fitness': 0.8682664079701947, 'generation': 34}","{'id': 1983, 'rank': 13, 'fitness': 0.8143662567507121, 'generation': 34}","{'id': 1983, 'rank': 14, 'fitness': 0.8143662567507121, 'generation': 34}","{'id': 1983, 'rank': 15, 'fitness': 0.8143662567507121, 'generation': 34}","{'id': 2073, 'rank': 16, 'fitness': 0.772529564573388, 'generation': 34}","{'id': 2054, 'rank': 17, 'fitness': 0.7490926262387823, 'generation': 34}","{'id': 2054, 'rank': 18, 'fitness': 0.7490926262387823, 'generation': 34}","{'id': 1993, 'rank': 19, 'fitness': 0.7326077936296054, 'generation': 34}","{'id': 2028, 'rank': 20, 'fitness': 0.6785265763899462, 'generation': 34}","{'id': 2050, 'rank': 21, 'fitness': 0.6477705083519073, 'generation': 34}","{'id': 2047, 'rank': 22, 'fitness': 0.5194386006215491, 'generation': 34}","{'id': 2047, 'rank': 23, 'fitness': 0.5194386006215491, 'generation': 34}","{'id': 2012, 'rank': 24, 'fitness': 0.4474530271808852, 'generation': 34}","{'id': 2059, 'rank': 25, 'fitness': 0.29205747556324396, 'generation': 34}","{'id': 2066, 'rank': 26, 'fitness': 0.25561544405957687, 'generation': 34}","{'id': 2010, 'rank': 27, 'fitness': 0.2033988454128987, 'generation': 34}","{'id': 2010, 'rank': 28, 'fitness': 0.2033988454128987, 'generation': 34}","{'id': 1982, 'rank': 29, 'fitness': 0.08856100350569795, 'generation': 34}","{'id': 2056, 'rank': 30, 'fitness': 0.01798620996209155, 'generation': 34}"
"{'id': 2145, 'rank': 1, 'fitness': 0.9820137900379085, 'generation': 35}","{'id': 2145, 'rank': 2, 'fitness': 0.9820137900379085, 'generation': 35}","{'id': 2145, 'rank': 3, 'fitness': 0.9820137900379085, 'generation': 35}","{'id': 2145, 'rank': 4, 'fitness': 0.9820137900379085, 'generation': 35}","{'id': 2145, 'rank': 5, 'fitness': 0.9820137900379085, 'generation': 35}","{'id': 2145, 'rank': 6, 'fitness': 0.9820137900379085, 'generation': 35}","{'id': 2144, 'rank': 7, 'fitness': 0.8949442177186329, 'generation': 35}","{'id': 2144, 'rank': 8, 'fitness': 0.8949442177186329, 'generation': 35}","{'id': 2144, 'rank': 9, 'fitness': 0.8949442177186329, 'generation': 35}","{'id': 2105, 'rank': 10, 'fitness': 0.8945339471713362, 'generation': 35}","{'id': 2105, 'rank': 11, 'fitness': 0.8945339471713362, 'generation': 35}","{'id': 2130, 'rank': 12, 'fitness': 0.7567859945944506, 'generation': 35}","{'id': 2130, 'rank': 13, 'fitness': 0.7567859945944506, 'generation': 35}","{'id': 2114, 'rank': 14, 'fitness': 0.2807750470101758, 'generation': 35}","{'id': 2114, 'rank': 15, 'fitness': 0.2807750470101758, 'generation': 35}","{'id': 2026, 'rank': 16, 'fitness': 0.23843162404664997, 'generation': 35}","{'id': 2026, 'rank': 17, 'fitness': 0.23843162404664997, 'generation': 35}","{'id': 2026, 'rank': 18, 'fitness': 0.23843162404664997, 'generation': 35}","{'id': 2026, 'rank': 19, 'fitness': 0.23843162404664997, 'generation': 35}","{'id': 2026, 'rank': 20, 'fitness': 0.23843162404664997, 'generation': 35}","{'id': 2039, 'rank': 21, 'fitness': 0.1864240732754454, 'generation': 35}","{'id': 2132, 'rank': 22, 'fitness': 0.1591724392262231, 'generation': 35}","{'id': 1995, 'rank': 23, 'fitness': 0.08672638590186521, 'generation': 35}","{'id': 1997, 'rank': 24, 'fitness': 0.04000841913902192, 'generation': 35}","{'id': 1983, 'rank': 25, 'fitness': 0.027488957601195407, 'generation': 35}","{'id': 1983, 'rank': 26, 'fitness': 0.027488957601195407, 'generation': 35}","{'id': 2073, 'rank': 27, 'fitness': 0.021663027193159656, 'generation': 35}","{'id': 2054, 'rank': 28, 'fitness': 0.019205608408287222, 'generation': 35}","{'id': 2054, 'rank': 29, 'fitness': 0.019205608408287222, 'generation': 35}","{'id': 2120, 'rank': 30, 'fitness': 0.01798620996209155, 'generation': 35}"
"{'id': 2147, 'rank': 1, 'fitness': 0.9820137900379085, 'generation': 36}","{'id': 2206, 'rank': 2, 'fitness': 0.9673480574474983, 'generation': 36}","{'id': 2206, 'rank': 3, 'fitness': 0.9673480574474983, 'generation': 36}","{'id': 2206, 'rank': 4, 'fitness': 0.9673480574474983, 'generation': 36}","{'id': 2206, 'rank': 5, 'fitness': 0.9673480574474983, 'generation': 36}","{'id': 2208, 'rank': 6, 'fitness': 0.8042282545545445, 'generation': 36}","{'id': 2189, 'rank': 7, 'fitness': 0.7522766542805319, 'generation': 36}","{'id': 2189, 'rank': 8, 'fitness': 0.7522766542805319, 'generation': 36}","{'id': 2189, 'rank': 9, 'fitness': 0.7522766542805319, 'generation': 36}","{'id': 2190, 'rank': 10, 'fitness': 0.7086323334181849, 'generation': 36}","{'id': 2157, 'rank': 11, 'fitness': 0.6816482979286524, 'generation': 36}","{'id': 2157, 'rank': 12, 'fitness': 0.6816482979286524, 'generation': 36}","{'id': 2167, 'rank': 13, 'fitness': 0.5470867733236222, 'generation': 36}","{'id': 2165, 'rank': 14, 'fitness': 0.4612927414918836, 'generation': 36}","{'id': 2155, 'rank': 15, 'fitness': 0.4084160606937803, 'generation': 36}","{'id': 2155, 'rank': 16, 'fitness': 0.4084160606937803, 'generation': 36}","{'id': 2146, 'rank': 17, 'fitness': 0.3887057048300022, 'generation': 36}","{'id': 2145, 'rank': 18, 'fitness': 0.36511349284855743, 'generation': 36}","{'id': 2145, 'rank': 19, 'fitness': 0.36511349284855743, 'generation': 36}","{'id': 2145, 'rank': 20, 'fitness': 0.36511349284855743, 'generation': 36}","{'id': 2145, 'rank': 21, 'fitness': 0.36511349284855743, 'generation': 36}","{'id': 2158, 'rank': 22, 'fitness': 0.32173464273372765, 'generation': 36}","{'id': 2144, 'rank': 23, 'fitness': 0.20527718794244793, 'generation': 36}","{'id': 2105, 'rank': 24, 'fitness': 0.2049711715713704, 'generation': 36}","{'id': 2161, 'rank': 25, 'fitness': 0.14773877106725503, 'generation': 36}","{'id': 2161, 'rank': 26, 'fitness': 0.14773877106725503, 'generation': 36}","{'id': 2156, 'rank': 27, 'fitness': 0.0778615246969242, 'generation': 36}","{'id': 2026, 'rank': 28, 'fitness': 0.05858207185611486, 'generation': 36}","{'id': 2163, 'rank': 29, 'fitness': 0.047526299464374144, 'generation': 36}","{'id': 2120, 'rank': 30, 'fitness': 0.01798620996209155, 'generation': 36}"
"{'id': 2258, 'rank': 1, 'fitness': 0.9820137900379085, 'generation': 37}","{'id': 2258, 'rank': 2, 'fitness': 0.9820137900379085, 'generation': 37}","{'id': 2258, 'rank': 3, 'fitness': 0.9820137900379085, 'generation': 37}","{'id': 2258, 'rank': 4, 'fitness': 0.9820137900379085, 'generation': 37}","{'id': 2216, 'rank': 5, 'fitness': 0.9639140265180368, 'generation': 37}","{'id': 2216, 'rank': 6, 'fitness': 0.9639140265180368, 'generation': 37}","{'id': 2216, 'rank': 7, 'fitness': 0.9639140265180368, 'generation': 37}","{'id': 2256, 'rank': 8, 'fitness': 0.9545929397262587, 'generation': 37}","{'id': 2147, 'rank': 9, 'fitness': 0.896484838113512, 'generation': 37}","{'id': 2147, 'rank': 10, 'fitness': 0.896484838113512, 'generation': 37}","{'id': 2224, 'rank': 11, 'fitness': 0.8948257159662424, 'generation': 37}","{'id': 2224, 'rank': 12, 'fitness': 0.8948257159662424, 'generation': 37}","{'id': 2225, 'rank': 13, 'fitness': 0.8701752052505483, 'generation': 37}","{'id': 2225, 'rank': 14, 'fitness': 0.8701752052505483, 'generation': 37}","{'id': 2225, 'rank': 15, 'fitness': 0.8701752052505483, 'generation': 37}","{'id': 2206, 'rank': 16, 'fitness': 0.8108777445007465, 'generation': 37}","{'id': 2206, 'rank': 17, 'fitness': 0.8108777445007465, 'generation': 37}","{'id': 2206, 'rank': 18, 'fitness': 0.8108777445007465, 'generation': 37}","{'id': 2206, 'rank': 19, 'fitness': 0.8108777445007465, 'generation': 37}","{'id': 2257, 'rank': 20, 'fitness': 0.45890376263184596, 'generation': 37}","{'id': 2239, 'rank': 21, 'fitness': 0.3362277448009793, 'generation': 37}","{'id': 2208, 'rank': 22, 'fitness': 0.30654365446954107, 'generation': 37}","{'id': 2208, 'rank': 23, 'fitness': 0.30654365446954107, 'generation': 37}","{'id': 2189, 'rank': 24, 'fitness': 0.2379797552680723, 'generation': 37}","{'id': 2157, 'rank': 25, 'fitness': 0.1728399093840468, 'generation': 37}","{'id': 2157, 'rank': 26, 'fitness': 0.1728399093840468, 'generation': 37}","{'id': 2217, 'rank': 27, 'fitness': 0.09125563720835861, 'generation': 37}","{'id': 2155, 'rank': 28, 'fitness': 0.05379531060010018, 'generation': 37}","{'id': 2145, 'rank': 29, 'fitness': 0.04404920559110653, 'generation': 37}","{'id': 2105, 'rank': 30, 'fitness': 0.01798620996209155, 'generation': 37}"
"{'id': 2266, 'rank': 1, 'fitness': 0.9820137900379085, 'generation': 38}","{'id': 2266, 'rank': 2, 'fitness': 0.9820137900379085, 'generation': 38}","{'id': 2266, 'rank': 3, 'fitness': 0.9820137900379085, 'generation': 38}","{'id': 2305, 'rank': 4, 'fitness': 0.9630000766398402, 'generation': 38}","{'id': 2305, 'rank': 5, 'fitness': 0.9630000766398402, 'generation': 38}","{'id': 2305, 'rank': 6, 'fitness': 0.9630000766398402, 'generation': 38}","{'id': 2305, 'rank': 7, 'fitness': 0.9630000766398402, 'generation': 38}","{'id': 2307, 'rank': 8, 'fitness': 0.9184063325699275, 'generation': 38}","{'id': 2304, 'rank': 9, 'fitness': 0.9168993197151856, 'generation': 38}","{'id': 2327, 'rank': 10, 'fitness': 0.8711003523697505, 'generation': 38}","{'id': 2327, 'rank': 11, 'fitness': 0.8711003523697505, 'generation': 38}","{'id': 2269, 'rank': 12, 'fitness': 0.8690365626054204, 'generation': 38}","{'id': 2293, 'rank': 13, 'fitness': 0.7576077965150716, 'generation': 38}","{'id': 2293, 'rank': 14, 'fitness': 0.7576077965150716, 'generation': 38}","{'id': 2293, 'rank': 15, 'fitness': 0.7576077965150716, 'generation': 38}","{'id': 2258, 'rank': 16, 'fitness': 0.7493837408884473, 'generation': 38}","{'id': 2258, 'rank': 17, 'fitness': 0.7493837408884473, 'generation': 38}","{'id': 2258, 'rank': 18, 'fitness': 0.7493837408884473, 'generation': 38}","{'id': 2285, 'rank': 19, 'fitness': 0.7067478703906902, 'generation': 38}","{'id': 2285, 'rank': 20, 'fitness': 0.7067478703906902, 'generation': 38}","{'id': 2285, 'rank': 21, 'fitness': 0.7067478703906902, 'generation': 38}","{'id': 2285, 'rank': 22, 'fitness': 0.7067478703906902, 'generation': 38}","{'id': 2216, 'rank': 23, 'fitness': 0.5549493296387251, 'generation': 38}","{'id': 2325, 'rank': 24, 'fitness': 0.4280386885804483, 'generation': 38}","{'id': 2325, 'rank': 25, 'fitness': 0.4280386885804483, 'generation': 38}","{'id': 2306, 'rank': 26, 'fitness': 0.336793559363565, 'generation': 38}","{'id': 2147, 'rank': 27, 'fitness': 0.23915574693621833, 'generation': 38}","{'id': 2224, 'rank': 28, 'fitness': 0.23522600724131765, 'generation': 38}","{'id': 2323, 'rank': 29, 'fitness': 0.035593370455294926, 'generation': 38}","{'id': 2257, 'rank': 30, 'fitness': 0.01798620996209155, 'generation': 38}"
"{'id': 2353, 'rank': 1, 'fitness': 0.9820137900379085, 'generation': 39}","{'id': 2353, 'rank': 2, 'fitness': 0.9820137900379085, 'generation': 39}","{'id': 2353, 'rank': 3, 'fitness': 0.9820137900379085, 'generation': 39}","{'id': 2353, 'rank': 4, 'fitness': 0.9820137900379085, 'generation': 39}","{'id': 2353, 'rank': 5, 'fitness': 0.9820137900379085, 'generation': 39}","{'id': 2353, 'rank': 6, 'fitness': 0.9820137900379085, 'generation': 39}","{'id': 2354, 'rank': 7, 'fitness': 0.9514788232557692, 'generation': 39}","{'id': 2395, 'rank': 8, 'fitness': 0.8372426992944234, 'generation': 39}","{'id': 2395, 'rank': 9, 'fitness': 0.8372426992944234, 'generation': 39}","{'id': 2359, 'rank': 10, 'fitness': 0.8145275057974413, 'generation': 39}","{'id': 2359, 'rank': 11, 'fitness': 0.8145275057974413, 'generation': 39}","{'id': 2367, 'rank': 12, 'fitness': 0.7916648986870382, 'generation': 39}","{'id': 2366, 'rank': 13, 'fitness': 0.6652172790908357, 'generation': 39}","{'id': 2266, 'rank': 14, 'fitness': 0.5977936465101975, 'generation': 39}","{'id': 2266, 'rank': 15, 'fitness': 0.5977936465101975, 'generation': 39}","{'id': 2266, 'rank': 16, 'fitness': 0.5977936465101975, 'generation': 39}","{'id': 2379, 'rank': 17, 'fitness': 0.5360883462561568, 'generation': 39}","{'id': 2363, 'rank': 18, 'fitness': 0.49595133526931073, 'generation': 39}","{'id': 2363, 'rank': 19, 'fitness': 0.49595133526931073, 'generation': 39}","{'id': 2305, 'rank': 20, 'fitness': 0.4251522859322531, 'generation': 39}","{'id': 2350, 'rank': 21, 'fitness': 0.38187368855789755, 'generation': 39}","{'id': 2350, 'rank': 22, 'fitness': 0.38187368855789755, 'generation': 39}","{'id': 2365, 'rank': 23, 'fitness': 0.2943332139677177, 'generation': 39}","{'id': 2365, 'rank': 24, 'fitness': 0.2943332139677177, 'generation': 39}","{'id': 2364, 'rank': 25, 'fitness': 0.28547124679667363, 'generation': 39}","{'id': 2364, 'rank': 26, 'fitness': 0.28547124679667363, 'generation': 39}","{'id': 2304, 'rank': 27, 'fitness': 0.2478469496532742, 'generation': 39}","{'id': 2293, 'rank': 28, 'fitness': 0.0912568152004038, 'generation': 39}","{'id': 2258, 'rank': 29, 'fitness': 0.08785591731527109, 'generation': 39}","{'id': 2342, 'rank': 30, 'fitness': 0.01798620996209155, 'generation': 39}"
"{'id': 2415, 'rank': 1, 'fitness': 0.9820137900379085, 'generation': 40}","{'id': 2454, 'rank': 2, 'fitness': 0.9567272366229199, 'generation': 40}","{'id': 2454, 'rank': 3, 'fitness': 0.9567272366229199, 'generation': 40}","{'id': 2446, 'rank': 4, 'fitness': 0.8100732590351838, 'generation': 40}","{'id': 2446, 'rank': 5, 'fitness': 0.8100732590351838, 'generation': 40}","{'id': 2413, 'rank': 6, 'fitness': 0.7379837878003723, 'generation': 40}","{'id': 2413, 'rank': 7, 'fitness': 0.7379837878003723, 'generation': 40}","{'id': 2448, 'rank': 8, 'fitness': 0.7186866779022635, 'generation': 40}","{'id': 2448, 'rank': 9, 'fitness': 0.7186866779022635, 'generation': 40}","{'id': 2448, 'rank': 10, 'fitness': 0.7186866779022635, 'generation': 40}","{'id': 2448, 'rank': 11, 'fitness': 0.7186866779022635, 'generation': 40}","{'id': 2434, 'rank': 12, 'fitness': 0.6829568607574823, 'generation': 40}","{'id': 2434, 'rank': 13, 'fitness': 0.6829568607574823, 'generation': 40}","{'id': 2452, 'rank': 14, 'fitness': 0.5506291176342668, 'generation': 40}","{'id': 2452, 'rank': 15, 'fitness': 0.5506291176342668, 'generation': 40}","{'id': 2452, 'rank': 16, 'fitness': 0.5506291176342668, 'generation': 40}","{'id': 2452, 'rank': 17, 'fitness': 0.5506291176342668, 'generation': 40}","{'id': 2353, 'rank': 18, 'fitness': 0.5098170697179077, 'generation': 40}","{'id': 2353, 'rank': 19, 'fitness': 0.5098170697179077, 'generation': 40}","{'id': 2353, 'rank': 20, 'fitness': 0.5098170697179077, 'generation': 40}","{'id': 2353, 'rank': 21, 'fitness': 0.5098170697179077, 'generation': 40}","{'id': 2353, 'rank': 22, 'fitness': 0.5098170697179077, 'generation': 40}","{'id': 2353, 'rank': 23, 'fitness': 0.5098170697179077, 'generation': 40}","{'id': 2353, 'rank': 24, 'fitness': 0.5098170697179077, 'generation': 40}","{'id': 2353, 'rank': 25, 'fitness': 0.5098170697179077, 'generation': 40}","{'id': 2353, 'rank': 26, 'fitness': 0.5098170697179077, 'generation': 40}","{'id': 2407, 'rank': 27, 'fitness': 0.4014847482832474, 'generation': 40}","{'id': 2447, 'rank': 28, 'fitness': 0.3989765218936559, 'generation': 40}","{'id': 2432, 'rank': 29, 'fitness': 0.20603455914360524, 'generation': 40}","{'id': 2350, 'rank': 30, 'fitness': 0.01798620996209155, 'generation': 40}"
"{'id': 2484, 'rank': 1, 'fitness': 0.9820137900379085, 'generation': 41}","{'id': 2484, 'rank': 2, 'fitness': 0.9820137900379085, 'generation': 41}","{'id': 2415, 'rank': 3, 'fitness': 0.8095978318307319, 'generation': 41}","{'id': 2415, 'rank': 4, 'fitness': 0.8095978318307319, 'generation': 41}","{'id': 2454, 'rank': 5, 'fitness': 0.5508418263703905, 'generation': 41}","{'id': 2466, 'rank': 6, 'fitness': 0.14802331194409168, 'generation': 41}","{'id': 2475, 'rank': 7, 'fitness': 0.11508290923146203, 'generation': 41}","{'id': 2475, 'rank': 8, 'fitness': 0.11508290923146203, 'generation': 41}","{'id': 2475, 'rank': 9, 'fitness': 0.11508290923146203, 'generation': 41}","{'id': 2475, 'rank': 10, 'fitness': 0.11508290923146203, 'generation': 41}","{'id': 2475, 'rank': 11, 'fitness': 0.11508290923146203, 'generation': 41}","{'id': 2446, 'rank': 12, 'fitness': 0.11313776559861682, 'generation': 41}","{'id': 2446, 'rank': 13, 'fitness': 0.11313776559861682, 'generation': 41}","{'id': 2413, 'rank': 14, 'fitness': 0.06724405842754855, 'generation': 41}","{'id': 2413, 'rank': 15, 'fitness': 0.06724405842754855, 'generation': 41}","{'id': 2413, 'rank': 16, 'fitness': 0.06724405842754855, 'generation': 41}","{'id': 2413, 'rank': 17, 'fitness': 0.06724405842754855, 'generation': 41}","{'id': 2413, 'rank': 18, 'fitness': 0.06724405842754855, 'generation': 41}","{'id': 2448, 'rank': 19, 'fitness': 0.05930121958627799, 'generation': 41}","{'id': 2448, 'rank': 20, 'fitness': 0.05930121958627799, 'generation': 41}","{'id': 2448, 'rank': 21, 'fitness': 0.05930121958627799, 'generation': 41}","{'id': 2448, 'rank': 22, 'fitness': 0.05930121958627799, 'generation': 41}","{'id': 2448, 'rank': 23, 'fitness': 0.05930121958627799, 'generation': 41}","{'id': 2434, 'rank': 24, 'fitness': 0.0474902042128339, 'generation': 41}","{'id': 2452, 'rank': 25, 'fitness': 0.022433188922787617, 'generation': 41}","{'id': 2452, 'rank': 26, 'fitness': 0.022433188922787617, 'generation': 41}","{'id': 2452, 'rank': 27, 'fitness': 0.022433188922787617, 'generation': 41}","{'id': 2452, 'rank': 28, 'fitness': 0.022433188922787617, 'generation': 41}","{'id': 2353, 'rank': 29, 'fitness': 0.01798620996209155, 'generation': 41}","{'id': 2353, 'rank': 30, 'fitness': 0.01798620996209155, 'generation': 41}"
"{'id': 2529, 'rank': 1, 'fitness': 0.9820137900379085, 'generation': 42}","{'id': 2529, 'rank': 2, 'fitness': 0.9820137900379085, 'generation': 42}","{'id': 2529, 'rank': 3, 'fitness': 0.9820137900379085, 'generation': 42}","{'id': 2529, 'rank': 4, 'fitness': 0.9820137900379085, 'generation': 42}","{'id': 2529, 'rank': 5, 'fitness': 0.9820137900379085, 'generation': 42}","{'id': 2529, 'rank': 6, 'fitness': 0.9820137900379085, 'generation': 42}","{'id': 2529, 'rank': 7, 'fitness': 0.9820137900379085, 'generation': 42}","{'id': 2484, 'rank': 8, 'fitness': 0.9651995129812254, 'generation': 42}","{'id': 2484, 'rank': 9, 'fitness': 0.9651995129812254, 'generation': 42}","{'id': 2484, 'rank': 10, 'fitness': 0.9651995129812254, 'generation': 42}","{'id': 2484, 'rank': 11, 'fitness': 0.9651995129812254, 'generation': 42}","{'id': 2513, 'rank': 12, 'fitness': 0.919384415497265, 'generation': 42}","{'id': 2513, 'rank': 13, 'fitness': 0.919384415497265, 'generation': 42}","{'id': 2528, 'rank': 14, 'fitness': 0.8678428603300811, 'generation': 42}","{'id': 2526, 'rank': 15, 'fitness': 0.7629803524073792, 'generation': 42}","{'id': 2526, 'rank': 16, 'fitness': 0.7629803524073792, 'generation': 42}","{'id': 2415, 'rank': 17, 'fitness': 0.6232410358705565, 'generation': 42}","{'id': 2415, 'rank': 18, 'fitness': 0.6232410358705565, 'generation': 42}","{'id': 2415, 'rank': 19, 'fitness': 0.6232410358705565, 'generation': 42}","{'id': 2415, 'rank': 20, 'fitness': 0.6232410358705565, 'generation': 42}","{'id': 2525, 'rank': 21, 'fitness': 0.5167114589601616, 'generation': 42}","{'id': 2525, 'rank': 22, 'fitness': 0.5167114589601616, 'generation': 42}","{'id': 2454, 'rank': 23, 'fitness': 0.2952667676519089, 'generation': 42}","{'id': 2454, 'rank': 24, 'fitness': 0.2952667676519089, 'generation': 42}","{'id': 2475, 'rank': 25, 'fitness': 0.033948663916098964, 'generation': 42}","{'id': 2475, 'rank': 26, 'fitness': 0.033948663916098964, 'generation': 42}","{'id': 2475, 'rank': 27, 'fitness': 0.033948663916098964, 'generation': 42}","{'id': 2475, 'rank': 28, 'fitness': 0.033948663916098964, 'generation': 42}","{'id': 2446, 'rank': 29, 'fitness': 0.0332584995095786, 'generation': 42}","{'id': 2413, 'rank': 30, 'fitness': 0.01798620996209155, 'generation': 42}"
"{'id': 2557, 'rank': 1, 'fitness': 0.9820137900379085, 'generation': 43}","{'id': 2557, 'rank': 2, 'fitness': 0.9820137900379085, 'generation': 43}","{'id': 2557, 'rank': 3, 'fitness': 0.9820137900379085, 'generation': 43}","{'id': 2557, 'rank': 4, 'fitness': 0.9820137900379085, 'generation': 43}","{'id': 2613, 'rank': 5, 'fitness': 0.8493555549687613, 'generation': 43}","{'id': 2594, 'rank': 6, 'fitness': 0.7947072764758876, 'generation': 43}","{'id': 2598, 'rank': 7, 'fitness': 0.7560096561513276, 'generation': 43}","{'id': 2598, 'rank': 8, 'fitness': 0.7560096561513276, 'generation': 43}","{'id': 2573, 'rank': 9, 'fitness': 0.6586977426792118, 'generation': 43}","{'id': 2554, 'rank': 10, 'fitness': 0.2791734031641543, 'generation': 43}","{'id': 2554, 'rank': 11, 'fitness': 0.2791734031641543, 'generation': 43}","{'id': 2529, 'rank': 12, 'fitness': 0.16083605654818323, 'generation': 43}","{'id': 2529, 'rank': 13, 'fitness': 0.16083605654818323, 'generation': 43}","{'id': 2529, 'rank': 14, 'fitness': 0.16083605654818323, 'generation': 43}","{'id': 2529, 'rank': 15, 'fitness': 0.16083605654818323, 'generation': 43}","{'id': 2529, 'rank': 16, 'fitness': 0.16083605654818323, 'generation': 43}","{'id': 2529, 'rank': 17, 'fitness': 0.16083605654818323, 'generation': 43}","{'id': 2529, 'rank': 18, 'fitness': 0.16083605654818323, 'generation': 43}","{'id': 2529, 'rank': 19, 'fitness': 0.16083605654818323, 'generation': 43}","{'id': 2529, 'rank': 20, 'fitness': 0.16083605654818323, 'generation': 43}","{'id': 2555, 'rank': 21, 'fitness': 0.11502065558952185, 'generation': 43}","{'id': 2572, 'rank': 22, 'fitness': 0.09759824617061602, 'generation': 43}","{'id': 2572, 'rank': 23, 'fitness': 0.09759824617061602, 'generation': 43}","{'id': 2602, 'rank': 24, 'fitness': 0.0737448738193513, 'generation': 43}","{'id': 2602, 'rank': 25, 'fitness': 0.0737448738193513, 'generation': 43}","{'id': 2484, 'rank': 26, 'fitness': 0.035066120774466414, 'generation': 43}","{'id': 2484, 'rank': 27, 'fitness': 0.035066120774466414, 'generation': 43}","{'id': 2484, 'rank': 28, 'fitness': 0.035066120774466414, 'generation': 43}","{'id': 2484, 'rank': 29, 'fitness': 0.035066120774466414, 'generation': 43}","{'id': 2549, 'rank': 30, 'fitness': 0.01798620996209155, 'generation': 43}"
"{'id': 2624, 'rank': 1, 'fitness': 0.9820137900379085, 'generation': 44}","{'id': 2633, 'rank': 2, 'fitness': 0.9108449932311313, 'generation': 44}","{'id': 2633, 'rank': 3, 'fitness': 0.9108449932311313, 'generation': 44}","{'id': 2633, 'rank': 4, 'fitness': 0.9108449932311313, 'generation': 44}","{'id': 2633, 'rank': 5, 'fitness': 0.9108449932311313, 'generation': 44}","{'id': 2619, 'rank': 6, 'fitness': 0.8620662959358841, 'generation': 44}","{'id': 2619, 'rank': 7, 'fitness': 0.8620662959358841, 'generation': 44}","{'id': 2619, 'rank': 8, 'fitness': 0.8620662959358841, 'generation': 44}","{'id': 2625, 'rank': 9, 'fitness': 0.6095971943358443, 'generation': 44}","{'id': 2625, 'rank': 10, 'fitness': 0.6095971943358443, 'generation': 44}","{'id': 2625, 'rank': 11, 'fitness': 0.6095971943358443, 'generation': 44}","{'id': 2632, 'rank': 12, 'fitness': 0.28774192782735614, 'generation': 44}","{'id': 2557, 'rank': 13, 'fitness': 0.24029390436847514, 'generation': 44}","{'id': 2557, 'rank': 14, 'fitness': 0.24029390436847514, 'generation': 44}","{'id': 2557, 'rank': 15, 'fitness': 0.24029390436847514, 'generation': 44}","{'id': 2557, 'rank': 16, 'fitness': 0.24029390436847514, 'generation': 44}","{'id': 2557, 'rank': 17, 'fitness': 0.24029390436847514, 'generation': 44}","{'id': 2557, 'rank': 18, 'fitness': 0.24029390436847514, 'generation': 44}","{'id': 2557, 'rank': 19, 'fitness': 0.24029390436847514, 'generation': 44}","{'id': 2557, 'rank': 20, 'fitness': 0.24029390436847514, 'generation': 44}","{'id': 2613, 'rank': 21, 'fitness': 0.0978005115078261, 'generation': 44}","{'id': 2594, 'rank': 22, 'fitness': 0.08322975405505662, 'generation': 44}","{'id': 2598, 'rank': 23, 'fitness': 0.07556113190346558, 'generation': 44}","{'id': 2598, 'rank': 24, 'fitness': 0.07556113190346558, 'generation': 44}","{'id': 2573, 'rank': 25, 'fitness': 0.061368056065979004, 'generation': 44}","{'id': 2573, 'rank': 26, 'fitness': 0.061368056065979004, 'generation': 44}","{'id': 2618, 'rank': 27, 'fitness': 0.03693161391781463, 'generation': 44}","{'id': 2529, 'rank': 28, 'fitness': 0.021524601025937007, 'generation': 44}","{'id': 2529, 'rank': 29, 'fitness': 0.021524601025937007, 'generation': 44}","{'id': 2555, 'rank': 30, 'fitness': 0.01798620996209155, 'generation': 44}"
"{'id': 2624, 'rank': 1, 'fitness': 0.9820137900379085, 'generation': 45}","{'id': 2633, 'rank': 2, 'fitness': 0.965414417672126, 'generation': 45}","{'id': 2633, 'rank': 3, 'fitness': 0.965414417672126, 'generation': 45}","{'id': 2633, 'rank': 4, 'fitness': 0.965414417672126, 'generation': 45}","{'id': 2633, 'rank': 5, 'fitness': 0.965414417672126, 'generation': 45}","{'id': 2633, 'rank': 6, 'fitness': 0.965414417672126, 'generation': 45}","{'id': 2633, 'rank': 7, 'fitness': 0.965414417672126, 'generation': 45}","{'id': 2633, 'rank': 8, 'fitness': 0.965414417672126, 'generation': 45}","{'id': 2633, 'rank': 9, 'fitness': 0.965414417672126, 'generation': 45}","{'id': 2705, 'rank': 10, 'fitness': 0.9594069640853129, 'generation': 45}","{'id': 2705, 'rank': 11, 'fitness': 0.9594069640853129, 'generation': 45}","{'id': 2619, 'rank': 12, 'fitness': 0.9582098257289413, 'generation': 45}","{'id': 2619, 'rank': 13, 'fitness': 0.9582098257289413, 'generation': 45}","{'id': 2619, 'rank': 14, 'fitness': 0.9582098257289413, 'generation': 45}","{'id': 2619, 'rank': 15, 'fitness': 0.9582098257289413, 'generation': 45}","{'id': 2619, 'rank': 16, 'fitness': 0.9582098257289413, 'generation': 45}","{'id': 2706, 'rank': 17, 'fitness': 0.9307150856772642, 'generation': 45}","{'id': 2706, 'rank': 18, 'fitness': 0.9307150856772642, 'generation': 45}","{'id': 2706, 'rank': 19, 'fitness': 0.9307150856772642, 'generation': 45}","{'id': 2625, 'rank': 20, 'fitness': 0.9293819598666443, 'generation': 45}","{'id': 2625, 'rank': 21, 'fitness': 0.9293819598666443, 'generation': 45}","{'id': 2625, 'rank': 22, 'fitness': 0.9293819598666443, 'generation': 45}","{'id': 2625, 'rank': 23, 'fitness': 0.9293819598666443, 'generation': 45}","{'id': 2625, 'rank': 24, 'fitness': 0.9293819598666443, 'generation': 45}","{'id': 2632, 'rank': 25, 'fitness': 0.8845304786032897, 'generation': 45}","{'id': 2557, 'rank': 26, 'fitness': 0.8741436519070187, 'generation': 45}","{'id': 2557, 'rank': 27, 'fitness': 0.8741436519070187, 'generation': 45}","{'id': 2557, 'rank': 28, 'fitness': 0.8741436519070187, 'generation': 45}","{'id': 2557, 'rank': 29, 'fitness': 0.8741436519070187, 'generation': 45}","{'id': 2703, 'rank': 30, 'fitness': 0.01798620996209155, 'generation': 45}"
"{'id': 2720, 'rank': 1, 'fitness': 0.9820137900379085, 'generation': 46}","{'id': 2720, 'rank': 2, 'fitness': 0.9820137900379085, 'generation': 46}","{'id': 2720, 'rank': 3, 'fitness': 0.9820137900379085, 'generation': 46}","{'id': 2714, 'rank': 4, 'fitness': 0.9402237240641846, 'generation': 46}","{'id': 2731, 'rank': 5, 'fitness': 0.8663101591619158, 'generation': 46}","{'id': 2731, 'rank': 6, 'fitness': 0.8663101591619158, 'generation': 46}","{'id': 2794, 'rank': 7, 'fitness': 0.6379233511301315, 'generation': 46}","{'id': 2777, 'rank': 8, 'fitness': 0.5494918052450944, 'generation': 46}","{'id': 2738, 'rank': 9, 'fitness': 0.5312445266290968, 'generation': 46}","{'id': 2752, 'rank': 10, 'fitness': 0.508994917862366, 'generation': 46}","{'id': 2633, 'rank': 11, 'fitness': 0.488292746426639, 'generation': 46}","{'id': 2633, 'rank': 12, 'fitness': 0.488292746426639, 'generation': 46}","{'id': 2633, 'rank': 13, 'fitness': 0.488292746426639, 'generation': 46}","{'id': 2633, 'rank': 14, 'fitness': 0.488292746426639, 'generation': 46}","{'id': 2633, 'rank': 15, 'fitness': 0.488292746426639, 'generation': 46}","{'id': 2633, 'rank': 16, 'fitness': 0.488292746426639, 'generation': 46}","{'id': 2633, 'rank': 17, 'fitness': 0.488292746426639, 'generation': 46}","{'id': 2633, 'rank': 18, 'fitness': 0.488292746426639, 'generation': 46}","{'id': 2705, 'rank': 19, 'fitness': 0.409855650154387, 'generation': 46}","{'id': 2705, 'rank': 20, 'fitness': 0.409855650154387, 'generation': 46}","{'id': 2705, 'rank': 21, 'fitness': 0.409855650154387, 'generation': 46}","{'id': 2619, 'rank': 22, 'fitness': 0.39593259291291594, 'generation': 46}","{'id': 2619, 'rank': 23, 'fitness': 0.39593259291291594, 'generation': 46}","{'id': 2619, 'rank': 24, 'fitness': 0.39593259291291594, 'generation': 46}","{'id': 2770, 'rank': 25, 'fitness': 0.22465780871994812, 'generation': 46}","{'id': 2706, 'rank': 26, 'fitness': 0.19102718186665657, 'generation': 46}","{'id': 2706, 'rank': 27, 'fitness': 0.19102718186665657, 'generation': 46}","{'id': 2706, 'rank': 28, 'fitness': 0.19102718186665657, 'generation': 46}","{'id': 2793, 'rank': 29, 'fitness': 0.0961525926082738, 'generation': 46}","{'id': 2713, 'rank': 30, 'fitness': 0.01798620996209155, 'generation': 46}"
"{'id': 2854, 'rank': 1, 'fitness': 0.9820137900379085, 'generation': 47}","{'id': 2854, 'rank': 2, 'fitness': 0.9820137900379085, 'generation': 47}","{'id': 2831, 'rank': 3, 'fitness': 0.9742861226507651, 'generation': 47}","{'id': 2831, 'rank': 4, 'fitness': 0.9742861226507651, 'generation': 47}","{'id': 2850, 'rank': 5, 'fitness': 0.9601704789922993, 'generation': 47}","{'id': 2850, 'rank': 6, 'fitness': 0.9601704789922993, 'generation': 47}","{'id': 2850, 'rank': 7, 'fitness': 0.9601704789922993, 'generation': 47}","{'id': 2720, 'rank': 8, 'fitness': 0.9543877324502038, 'generation': 47}","{'id': 2720, 'rank': 9, 'fitness': 0.9543877324502038, 'generation': 47}","{'id': 2720, 'rank': 10, 'fitness': 0.9543877324502038, 'generation': 47}","{'id': 2720, 'rank': 11, 'fitness': 0.9543877324502038, 'generation': 47}","{'id': 2720, 'rank': 12, 'fitness': 0.9543877324502038, 'generation': 47}","{'id': 2720, 'rank': 13, 'fitness': 0.9543877324502038, 'generation': 47}","{'id': 2852, 'rank': 14, 'fitness': 0.9186207305149029, 'generation': 47}","{'id': 2714, 'rank': 15, 'fitness': 0.8693486951873142, 'generation': 47}","{'id': 2714, 'rank': 16, 'fitness': 0.8693486951873142, 'generation': 47}","{'id': 2714, 'rank': 17, 'fitness': 0.8693486951873142, 'generation': 47}","{'id': 2731, 'rank': 18, 'fitness': 0.7462730782436416, 'generation': 47}","{'id': 2731, 'rank': 19, 'fitness': 0.7462730782436416, 'generation': 47}","{'id': 2829, 'rank': 20, 'fitness': 0.6082811980622163, 'generation': 47}","{'id': 2830, 'rank': 21, 'fitness': 0.5823015991477128, 'generation': 47}","{'id': 2830, 'rank': 22, 'fitness': 0.5823015991477128, 'generation': 47}","{'id': 2738, 'rank': 23, 'fitness': 0.3713779986032811, 'generation': 47}","{'id': 2633, 'rank': 24, 'fitness': 0.33522789526935803, 'generation': 47}","{'id': 2633, 'rank': 25, 'fitness': 0.33522789526935803, 'generation': 47}","{'id': 2633, 'rank': 26, 'fitness': 0.33522789526935803, 'generation': 47}","{'id': 2633, 'rank': 27, 'fitness': 0.33522789526935803, 'generation': 47}","{'id': 2633, 'rank': 28, 'fitness': 0.33522789526935803, 'generation': 47}","{'id': 2633, 'rank': 29, 'fitness': 0.33522789526935803, 'generation': 47}","{'id': 2818, 'rank': 30, 'fitness': 0.01798620996209155, 'generation': 47}"
"{'id': 2889, 'rank': 1, 'fitness': 0.9820137900379085, 'generation': 48}","{'id': 2889, 'rank': 2, 'fitness': 0.9820137900379085, 'generation': 48}","{'id': 2912, 'rank': 3, 'fitness': 0.9787270240852244, 'generation': 48}","{'id': 2912, 'rank': 4, 'fitness': 0.9787270240852244, 'generation': 48}","{'id': 2913, 'rank': 5, 'fitness': 0.9567345358106769, 'generation': 48}","{'id': 2913, 'rank': 6, 'fitness': 0.9567345358106769, 'generation': 48}","{'id': 2913, 'rank': 7, 'fitness': 0.9567345358106769, 'generation': 48}","{'id': 2913, 'rank': 8, 'fitness': 0.9567345358106769, 'generation': 48}","{'id': 2913, 'rank': 9, 'fitness': 0.9567345358106769, 'generation': 48}","{'id': 2913, 'rank': 10, 'fitness': 0.9567345358106769, 'generation': 48}","{'id': 2913, 'rank': 11, 'fitness': 0.9567345358106769, 'generation': 48}","{'id': 2896, 'rank': 12, 'fitness': 0.9552796076492767, 'generation': 48}","{'id': 2854, 'rank': 13, 'fitness': 0.8896642853153551, 'generation': 48}","{'id': 2854, 'rank': 14, 'fitness': 0.8896642853153551, 'generation': 48}","{'id': 2854, 'rank': 15, 'fitness': 0.8896642853153551, 'generation': 48}","{'id': 2831, 'rank': 16, 'fitness': 0.8257137645011086, 'generation': 48}","{'id': 2903, 'rank': 17, 'fitness': 0.8191857530300344, 'generation': 48}","{'id': 2866, 'rank': 18, 'fitness': 0.7500867875058592, 'generation': 48}","{'id': 2866, 'rank': 19, 'fitness': 0.7500867875058592, 'generation': 48}","{'id': 2850, 'rank': 20, 'fitness': 0.7104085699542588, 'generation': 48}","{'id': 2850, 'rank': 21, 'fitness': 0.7104085699542588, 'generation': 48}","{'id': 2874, 'rank': 22, 'fitness': 0.7032523703440726, 'generation': 48}","{'id': 2865, 'rank': 23, 'fitness': 0.6894914163130726, 'generation': 48}","{'id': 2925, 'rank': 24, 'fitness': 0.43914693350243306, 'generation': 48}","{'id': 2925, 'rank': 25, 'fitness': 0.43914693350243306, 'generation': 48}","{'id': 2714, 'rank': 26, 'fitness': 0.27360527283056296, 'generation': 48}","{'id': 2905, 'rank': 27, 'fitness': 0.22951246739571607, 'generation': 48}","{'id': 2731, 'rank': 28, 'fitness': 0.1029630582215234, 'generation': 48}","{'id': 2891, 'rank': 29, 'fitness': 0.052281729815405575, 'generation': 48}","{'id': 2904, 'rank': 30, 'fitness': 0.01798620996209155, 'generation': 48}"
"{'id': 2973, 'rank': 1, 'fitness': 0.9820137900379085, 'generation': 49}","{'id': 2973, 'rank': 2, 'fitness': 0.9820137900379085, 'generation': 49}","{'id': 2973, 'rank': 3, 'fitness': 0.9820137900379085, 'generation': 49}","{'id': 2973, 'rank': 4, 'fitness': 0.9820137900379085, 'generation': 49}","{'id': 2973, 'rank': 5, 'fitness': 0.9820137900379085, 'generation': 49}","{'id': 2959, 'rank': 6, 'fitness': 0.814882066688283, 'generation': 49}","{'id': 2959, 'rank': 7, 'fitness': 0.814882066688283, 'generation': 49}","{'id': 2991, 'rank': 8, 'fitness': 0.761340151736698, 'generation': 49}","{'id': 2949, 'rank': 9, 'fitness': 0.6570292268196333, 'generation': 49}","{'id': 2948, 'rank': 10, 'fitness': 0.369728971717612, 'generation': 49}","{'id': 2948, 'rank': 11, 'fitness': 0.369728971717612, 'generation': 49}","{'id': 2889, 'rank': 12, 'fitness': 0.36146064681329504, 'generation': 49}","{'id': 2889, 'rank': 13, 'fitness': 0.36146064681329504, 'generation': 49}","{'id': 2889, 'rank': 14, 'fitness': 0.36146064681329504, 'generation': 49}","{'id': 2912, 'rank': 15, 'fitness': 0.31900880074100346, 'generation': 49}","{'id': 2961, 'rank': 16, 'fitness': 0.18840577265180486, 'generation': 49}","{'id': 2913, 'rank': 17, 'fitness': 0.17242926483283927, 'generation': 49}","{'id': 2913, 'rank': 18, 'fitness': 0.17242926483283927, 'generation': 49}","{'id': 2913, 'rank': 19, 'fitness': 0.17242926483283927, 'generation': 49}","{'id': 2913, 'rank': 20, 'fitness': 0.17242926483283927, 'generation': 49}","{'id': 2913, 'rank': 21, 'fitness': 0.17242926483283927, 'generation': 49}","{'id': 2913, 'rank': 22, 'fitness': 0.17242926483283927, 'generation': 49}","{'id': 2913, 'rank': 23, 'fitness': 0.17242926483283927, 'generation': 49}","{'id': 2913, 'rank': 24, 'fitness': 0.17242926483283927, 'generation': 49}","{'id': 2896, 'rank': 25, 'fitness': 0.16703816748558725, 'generation': 49}","{'id': 2990, 'rank': 26, 'fitness': 0.1064186310915542, 'generation': 49}","{'id': 2854, 'rank': 27, 'fitness': 0.06391661059330567, 'generation': 49}","{'id': 2903, 'rank': 28, 'fitness': 0.03483732367228082, 'generation': 49}","{'id': 2866, 'rank': 29, 'fitness': 0.02238011179194488, 'generation': 49}","{'id': 2850, 'rank': 30, 'fitness': 0.01798620996209155, 'generation': 49}"
"{'id': 3014, 'rank': 1, 'fitness': 0.9820137900379085, 'generation': 50}","{'id': 3014, 'rank': 2, 'fitness': 0.9820137900379085, 'generation': 50}","{'id': 3014, 'rank': 3, 'fitness': 0.9820137900379085, 'generation': 50}","{'id': 3043, 'rank': 4, 'fitness': 0.9076549524408355, 'generation': 50}","{'id': 3034, 'rank': 5, 'fitness': 0.7048205070811714, 'generation': 50}","{'id': 3034, 'rank': 6, 'fitness': 0.7048205070811714, 'generation': 50}","{'id': 3032, 'rank': 7, 'fitness': 0.6615239066204996, 'generation': 50}","{'id': 2973, 'rank': 8, 'fitness': 0.5811160117861283, 'generation': 50}","{'id': 2973, 'rank': 9, 'fitness': 0.5811160117861283, 'generation': 50}","{'id': 2973, 'rank': 10, 'fitness': 0.5811160117861283, 'generation': 50}","{'id': 2973, 'rank': 11, 'fitness': 0.5811160117861283, 'generation': 50}","{'id': 2973, 'rank': 12, 'fitness': 0.5811160117861283, 'generation': 50}","{'id': 2973, 'rank': 13, 'fitness': 0.5811160117861283, 'generation': 50}","{'id': 2973, 'rank': 14, 'fitness': 0.5811160117861283, 'generation': 50}","{'id': 2973, 'rank': 15, 'fitness': 0.5811160117861283, 'generation': 50}","{'id': 3002, 'rank': 16, 'fitness': 0.46935432359768897, 'generation': 50}","{'id': 3041, 'rank': 17, 'fitness': 0.3011395919705392, 'generation': 50}","{'id': 3041, 'rank': 18, 'fitness': 0.3011395919705392, 'generation': 50}","{'id': 3033, 'rank': 19, 'fitness': 0.2338356425546248, 'generation': 50}","{'id': 3005, 'rank': 20, 'fitness': 0.22698836110431492, 'generation': 50}","{'id': 3035, 'rank': 21, 'fitness': 0.15586031739552764, 'generation': 50}","{'id': 3035, 'rank': 22, 'fitness': 0.15586031739552764, 'generation': 50}","{'id': 3042, 'rank': 23, 'fitness': 0.15192739616231393, 'generation': 50}","{'id': 2991, 'rank': 24, 'fitness': 0.1324335501543082, 'generation': 50}","{'id': 2991, 'rank': 25, 'fitness': 0.1324335501543082, 'generation': 50}","{'id': 2991, 'rank': 26, 'fitness': 0.1324335501543082, 'generation': 50}","{'id': 3003, 'rank': 27, 'fitness': 0.10246594915673712, 'generation': 50}","{'id': 3003, 'rank': 28, 'fitness': 0.10246594915673712, 'generation': 50}","{'id': 3031, 'rank': 29, 'fitness': 0.10066902740136424, 'generation': 50}","{'id': 2913, 'rank': 30, 'fitness': 0.01798620996209155, 'generation': 50}"
"{'id': 3058, 'rank': 1, 'fitness': 0.9820137900379085, 'generation': 51}","{'id': 3058, 'rank': 2, 'fitness': 0.9820137900379085, 'generation': 51}","{'id': 3058, 'rank': 3, 'fitness': 0.9820137900379085, 'generation': 51}","{'id': 3014, 'rank': 4, 'fitness': 0.942486315282709, 'generation': 51}","{'id': 3014, 'rank': 5, 'fitness': 0.942486315282709, 'generation': 51}","{'id': 3014, 'rank': 6, 'fitness': 0.942486315282709, 'generation': 51}","{'id': 3014, 'rank': 7, 'fitness': 0.942486315282709, 'generation': 51}","{'id': 3014, 'rank': 8, 'fitness': 0.942486315282709, 'generation': 51}","{'id': 3014, 'rank': 9, 'fitness': 0.942486315282709, 'generation': 51}","{'id': 3014, 'rank': 10, 'fitness': 0.942486315282709, 'generation': 51}","{'id': 3014, 'rank': 11, 'fitness': 0.942486315282709, 'generation': 51}","{'id': 3014, 'rank': 12, 'fitness': 0.942486315282709, 'generation': 51}","{'id': 3090, 'rank': 13, 'fitness': 0.9304423274751517, 'generation': 51}","{'id': 3090, 'rank': 14, 'fitness': 0.9304423274751517, 'generation': 51}","{'id': 3090, 'rank': 15, 'fitness': 0.9304423274751517, 'generation': 51}","{'id': 3089, 'rank': 16, 'fitness': 0.914944423072539, 'generation': 51}","{'id': 3089, 'rank': 17, 'fitness': 0.914944423072539, 'generation': 51}","{'id': 3078, 'rank': 18, 'fitness': 0.8817838009638873, 'generation': 51}","{'id': 3076, 'rank': 19, 'fitness': 0.7046711188576128, 'generation': 51}","{'id': 3076, 'rank': 20, 'fitness': 0.7046711188576128, 'generation': 51}","{'id': 3059, 'rank': 21, 'fitness': 0.4840552667565086, 'generation': 51}","{'id': 3059, 'rank': 22, 'fitness': 0.4840552667565086, 'generation': 51}","{'id': 3034, 'rank': 23, 'fitness': 0.3055112866336167, 'generation': 51}","{'id': 3034, 'rank': 24, 'fitness': 0.3055112866336167, 'generation': 51}","{'id': 3034, 'rank': 25, 'fitness': 0.3055112866336167, 'generation': 51}","{'id': 2973, 'rank': 26, 'fitness': 0.19017551023772045, 'generation': 51}","{'id': 2973, 'rank': 27, 'fitness': 0.19017551023772045, 'generation': 51}","{'id': 2973, 'rank': 28, 'fitness': 0.19017551023772045, 'generation': 51}","{'id': 3042, 'rank': 29, 'fitness': 0.021562651964323554, 'generation': 51}","{'id': 2991, 'rank': 30, 'fitness': 0.01798620996209155, 'generation': 51}"
"{'id': 3099, 'rank': 1, 'fitness': 0.9820137900379085, 'generation': 52}","{'id': 3099, 'rank': 2, 'fitness': 0.9820137900379085, 'generation': 52}","{'id': 3157, 'rank': 3, 'fitness': 0.9509213256949736, 'generation': 52}","{'id': 3157, 'rank': 4, 'fitness': 0.9509213256949736, 'generation': 52}","{'id': 3124, 'rank': 5, 'fitness': 0.9323028967603424, 'generation': 52}","{'id': 3124, 'rank': 6, 'fitness': 0.9323028967603424, 'generation': 52}","{'id': 3124, 'rank': 7, 'fitness': 0.9323028967603424, 'generation': 52}","{'id': 3123, 'rank': 8, 'fitness': 0.8499997133668153, 'generation': 52}","{'id': 3123, 'rank': 9, 'fitness': 0.8499997133668153, 'generation': 52}","{'id': 3058, 'rank': 10, 'fitness': 0.8349086125919313, 'generation': 52}","{'id': 3058, 'rank': 11, 'fitness': 0.8349086125919313, 'generation': 52}","{'id': 3058, 'rank': 12, 'fitness': 0.8349086125919313, 'generation': 52}","{'id': 3140, 'rank': 13, 'fitness': 0.7805072749570913, 'generation': 52}","{'id': 3098, 'rank': 14, 'fitness': 0.7086293329092705, 'generation': 52}","{'id': 3098, 'rank': 15, 'fitness': 0.7086293329092705, 'generation': 52}","{'id': 3125, 'rank': 16, 'fitness': 0.6961314860027461, 'generation': 52}","{'id': 3125, 'rank': 17, 'fitness': 0.6961314860027461, 'generation': 52}","{'id': 3014, 'rank': 18, 'fitness': 0.6844552769155624, 'generation': 52}","{'id': 3014, 'rank': 19, 'fitness': 0.6844552769155624, 'generation': 52}","{'id': 3014, 'rank': 20, 'fitness': 0.6844552769155624, 'generation': 52}","{'id': 3014, 'rank': 21, 'fitness': 0.6844552769155624, 'generation': 52}","{'id': 3014, 'rank': 22, 'fitness': 0.6844552769155624, 'generation': 52}","{'id': 3014, 'rank': 23, 'fitness': 0.6844552769155624, 'generation': 52}","{'id': 3014, 'rank': 24, 'fitness': 0.6844552769155624, 'generation': 52}","{'id': 3090, 'rank': 25, 'fitness': 0.652839403798455, 'generation': 52}","{'id': 3089, 'rank': 26, 'fitness': 0.6173342229367186, 'generation': 52}","{'id': 3089, 'rank': 27, 'fitness': 0.6173342229367186, 'generation': 52}","{'id': 3171, 'rank': 28, 'fitness': 0.4530055244218567, 'generation': 52}","{'id': 3153, 'rank': 29, 'fitness': 0.33803526776683357, 'generation': 52}","{'id': 3146, 'rank': 30, 'fitness': 0.01798620996209155, 'generation': 52}"
"{'id': 3189, 'rank': 1, 'fitness': 0.9820137900379085, 'generation': 53}","{'id': 3189, 'rank': 2, 'fitness': 0.9820137900379085, 'generation': 53}","{'id': 3213, 'rank': 3, 'fitness': 0.9287099557734931, 'generation': 53}","{'id': 3099, 'rank': 4, 'fitness': 0.9286355920662379, 'generation': 53}","{'id': 3099, 'rank': 5, 'fitness': 0.9286355920662379, 'generation': 53}","{'id': 3099, 'rank': 6, 'fitness': 0.9286355920662379, 'generation': 53}","{'id': 3099, 'rank': 7, 'fitness': 0.9286355920662379, 'generation': 53}","{'id': 3099, 'rank': 8, 'fitness': 0.9286355920662379, 'generation': 53}","{'id': 3212, 'rank': 9, 'fitness': 0.9208799284460198, 'generation': 53}","{'id': 3212, 'rank': 10, 'fitness': 0.9208799284460198, 'generation': 53}","{'id': 3188, 'rank': 11, 'fitness': 0.9032145991974797, 'generation': 53}","{'id': 3188, 'rank': 12, 'fitness': 0.9032145991974797, 'generation': 53}","{'id': 3188, 'rank': 13, 'fitness': 0.9032145991974797, 'generation': 53}","{'id': 3211, 'rank': 14, 'fitness': 0.8719039304163638, 'generation': 53}","{'id': 3211, 'rank': 15, 'fitness': 0.8719039304163638, 'generation': 53}","{'id': 3157, 'rank': 16, 'fitness': 0.8699290396322127, 'generation': 53}","{'id': 3157, 'rank': 17, 'fitness': 0.8699290396322127, 'generation': 53}","{'id': 3124, 'rank': 18, 'fitness': 0.8430369149776531, 'generation': 53}","{'id': 3124, 'rank': 19, 'fitness': 0.8430369149776531, 'generation': 53}","{'id': 3124, 'rank': 20, 'fitness': 0.8430369149776531, 'generation': 53}","{'id': 3123, 'rank': 21, 'fitness': 0.7522194093488641, 'generation': 53}","{'id': 3058, 'rank': 22, 'fitness': 0.7383456865853111, 'generation': 53}","{'id': 3058, 'rank': 23, 'fitness': 0.7383456865853111, 'generation': 53}","{'id': 3058, 'rank': 24, 'fitness': 0.7383456865853111, 'generation': 53}","{'id': 3058, 'rank': 25, 'fitness': 0.7383456865853111, 'generation': 53}","{'id': 3058, 'rank': 26, 'fitness': 0.7383456865853111, 'generation': 53}","{'id': 3125, 'rank': 27, 'fitness': 0.6291648890835473, 'generation': 53}","{'id': 3014, 'rank': 28, 'fitness': 0.6209410060846811, 'generation': 53}","{'id': 3209, 'rank': 29, 'fitness': 0.020206933669029148, 'generation': 53}","{'id': 3197, 'rank': 30, 'fitness': 0.01798620996209155, 'generation': 53}"
"{'id': 3310, 'rank': 1, 'fitness': 0.9820137900379085, 'generation': 54}","{'id': 3286, 'rank': 2, 'fitness': 0.922009988425819, 'generation': 54}","{'id': 3286, 'rank': 3, 'fitness': 0.922009988425819, 'generation': 54}","{'id': 3286, 'rank': 4, 'fitness': 0.922009988425819, 'generation': 54}","{'id': 3263, 'rank': 5, 'fitness': 0.9078639727947547, 'generation': 54}","{'id': 3263, 'rank': 6, 'fitness': 0.9078639727947547, 'generation': 54}","{'id': 3263, 'rank': 7, 'fitness': 0.9078639727947547, 'generation': 54}","{'id': 3263, 'rank': 8, 'fitness': 0.9078639727947547, 'generation': 54}","{'id': 3189, 'rank': 9, 'fitness': 0.8855599624797235, 'generation': 54}","{'id': 3189, 'rank': 10, 'fitness': 0.8855599624797235, 'generation': 54}","{'id': 3189, 'rank': 11, 'fitness': 0.8855599624797235, 'generation': 54}","{'id': 3189, 'rank': 12, 'fitness': 0.8855599624797235, 'generation': 54}","{'id': 3189, 'rank': 13, 'fitness': 0.8855599624797235, 'generation': 54}","{'id': 3264, 'rank': 14, 'fitness': 0.6256789260174614, 'generation': 54}","{'id': 3301, 'rank': 15, 'fitness': 0.4302081695551159, 'generation': 54}","{'id': 3330, 'rank': 16, 'fitness': 0.33298565869928587, 'generation': 54}","{'id': 3330, 'rank': 17, 'fitness': 0.33298565869928587, 'generation': 54}","{'id': 3213, 'rank': 18, 'fitness': 0.31039759332435535, 'generation': 54}","{'id': 3099, 'rank': 19, 'fitness': 0.3099207917627974, 'generation': 54}","{'id': 3099, 'rank': 20, 'fitness': 0.3099207917627974, 'generation': 54}","{'id': 3099, 'rank': 21, 'fitness': 0.3099207917627974, 'generation': 54}","{'id': 3099, 'rank': 22, 'fitness': 0.3099207917627974, 'generation': 54}","{'id': 3212, 'rank': 23, 'fitness': 0.26465263834936187, 'generation': 54}","{'id': 3212, 'rank': 24, 'fitness': 0.26465263834936187, 'generation': 54}","{'id': 3188, 'rank': 25, 'fitness': 0.18840460783295027, 'generation': 54}","{'id': 3188, 'rank': 26, 'fitness': 0.18840460783295027, 'generation': 54}","{'id': 3124, 'rank': 27, 'fitness': 0.07195410811524883, 'generation': 54}","{'id': 3319, 'rank': 28, 'fitness': 0.06873946017653565, 'generation': 54}","{'id': 3058, 'rank': 29, 'fitness': 0.021152354159218623, 'generation': 54}","{'id': 3307, 'rank': 30, 'fitness': 0.01798620996209155, 'generation': 54}"
"{'id': 3363, 'rank': 1, 'fitness': 0.9820137900379085, 'generation': 55}","{'id': 3364, 'rank': 2, 'fitness': 0.9787430013292734, 'generation': 55}","{'id': 3364, 'rank': 3, 'fitness': 0.9787430013292734, 'generation': 55}","{'id': 3364, 'rank': 4, 'fitness': 0.9787430013292734, 'generation': 55}","{'id': 3364, 'rank': 5, 'fitness': 0.9787430013292734, 'generation': 55}","{'id': 3310, 'rank': 6, 'fitness': 0.9511958433046536, 'generation': 55}","{'id': 3310, 'rank': 7, 'fitness': 0.9511958433046536, 'generation': 55}","{'id': 3310, 'rank': 8, 'fitness': 0.9511958433046536, 'generation': 55}","{'id': 3366, 'rank': 9, 'fitness': 0.8432348355124826, 'generation': 55}","{'id': 3366, 'rank': 10, 'fitness': 0.8432348355124826, 'generation': 55}","{'id': 3286, 'rank': 11, 'fitness': 0.7515948209262514, 'generation': 55}","{'id': 3286, 'rank': 12, 'fitness': 0.7515948209262514, 'generation': 55}","{'id': 3286, 'rank': 13, 'fitness': 0.7515948209262514, 'generation': 55}","{'id': 3286, 'rank': 14, 'fitness': 0.7515948209262514, 'generation': 55}","{'id': 3263, 'rank': 15, 'fitness': 0.7079351962917266, 'generation': 55}","{'id': 3263, 'rank': 16, 'fitness': 0.7079351962917266, 'generation': 55}","{'id': 3263, 'rank': 17, 'fitness': 0.7079351962917266, 'generation': 55}","{'id': 3263, 'rank': 18, 'fitness': 0.7079351962917266, 'generation': 55}","{'id': 3263, 'rank': 19, 'fitness': 0.7079351962917266, 'generation': 55}","{'id': 3263, 'rank': 20, 'fitness': 0.7079351962917266, 'generation': 55}","{'id': 3189, 'rank': 21, 'fitness': 0.6436318120523294, 'generation': 55}","{'id': 3189, 'rank': 22, 'fitness': 0.6436318120523294, 'generation': 55}","{'id': 3189, 'rank': 23, 'fitness': 0.6436318120523294, 'generation': 55}","{'id': 3362, 'rank': 24, 'fitness': 0.6121094553608752, 'generation': 55}","{'id': 3362, 'rank': 25, 'fitness': 0.6121094553608752, 'generation': 55}","{'id': 3330, 'rank': 26, 'fitness': 0.06032458913145328, 'generation': 55}","{'id': 3213, 'rank': 27, 'fitness': 0.05356212244729425, 'generation': 55}","{'id': 3099, 'rank': 28, 'fitness': 0.053424753520162904, 'generation': 55}","{'id': 3099, 'rank': 29, 'fitness': 0.053424753520162904, 'generation': 55}","{'id': 3350, 'rank': 30, 'fitness': 0.01798620996209155, 'generation': 55}"
"{'id': 3408, 'rank': 1, 'fitness': 0.9820137900379085, 'generation': 56}","{'id': 3408, 'rank': 2, 'fitness': 0.9820137900379085, 'generation': 56}","{'id': 3405, 'rank': 3, 'fitness': 0.9575815578234621, 'generation': 56}","{'id': 3405, 'rank': 4, 'fitness': 0.9575815578234621, 'generation': 56}","{'id': 3453, 'rank': 5, 'fitness': 0.8725567134726241, 'generation': 56}","{'id': 3453, 'rank': 6, 'fitness': 0.8725567134726241, 'generation': 56}","{'id': 3453, 'rank': 7, 'fitness': 0.8725567134726241, 'generation': 56}","{'id': 3400, 'rank': 8, 'fitness': 0.8620928303658308, 'generation': 56}","{'id': 3410, 'rank': 9, 'fitness': 0.8080764103187699, 'generation': 56}","{'id': 3410, 'rank': 10, 'fitness': 0.8080764103187699, 'generation': 56}","{'id': 3409, 'rank': 11, 'fitness': 0.8079084077597347, 'generation': 56}","{'id': 3409, 'rank': 12, 'fitness': 0.8079084077597347, 'generation': 56}","{'id': 3409, 'rank': 13, 'fitness': 0.8079084077597347, 'generation': 56}","{'id': 3363, 'rank': 14, 'fitness': 0.7902211524156343, 'generation': 56}","{'id': 3364, 'rank': 15, 'fitness': 0.7426876320644635, 'generation': 56}","{'id': 3364, 'rank': 16, 'fitness': 0.7426876320644635, 'generation': 56}","{'id': 3364, 'rank': 17, 'fitness': 0.7426876320644635, 'generation': 56}","{'id': 3364, 'rank': 18, 'fitness': 0.7426876320644635, 'generation': 56}","{'id': 3364, 'rank': 19, 'fitness': 0.7426876320644635, 'generation': 56}","{'id': 3406, 'rank': 20, 'fitness': 0.5933828648468615, 'generation': 56}","{'id': 3456, 'rank': 21, 'fitness': 0.5670031184510594, 'generation': 56}","{'id': 3413, 'rank': 22, 'fitness': 0.5623301288559712, 'generation': 56}","{'id': 3413, 'rank': 23, 'fitness': 0.5623301288559712, 'generation': 56}","{'id': 3415, 'rank': 24, 'fitness': 0.4568286133306334, 'generation': 56}","{'id': 3310, 'rank': 25, 'fitness': 0.42965712096905334, 'generation': 56}","{'id': 3310, 'rank': 26, 'fitness': 0.42965712096905334, 'generation': 56}","{'id': 3310, 'rank': 27, 'fitness': 0.42965712096905334, 'generation': 56}","{'id': 3407, 'rank': 28, 'fitness': 0.2025166784342347, 'generation': 56}","{'id': 3263, 'rank': 29, 'fitness': 0.028187227069408183, 'generation': 56}","{'id': 3189, 'rank': 30, 'fitness': 0.01798620996209155, 'generation': 56}"
"{'id': 3527, 'rank': 1, 'fitness': 0.9820137900379085, 'generation': 57}","{'id': 3527, 'rank': 2, 'fitness': 0.9820137900379085, 'generation': 57}","{'id': 3498, 'rank': 3, 'fitness': 0.9509231315012585, 'generation': 57}","{'id': 3465, 'rank': 4, 'fitness': 0.9453114092692068, 'generation': 57}","{'id': 3529, 'rank': 5, 'fitness': 0.9095391210748003, 'generation': 57}","{'id': 3529, 'rank': 6, 'fitness': 0.9095391210748003, 'generation': 57}","{'id': 3529, 'rank': 7, 'fitness': 0.9095391210748003, 'generation': 57}","{'id': 3529, 'rank': 8, 'fitness': 0.9095391210748003, 'generation': 57}","{'id': 3408, 'rank': 9, 'fitness': 0.8829877636722306, 'generation': 57}","{'id': 3408, 'rank': 10, 'fitness': 0.8829877636722306, 'generation': 57}","{'id': 3408, 'rank': 11, 'fitness': 0.8829877636722306, 'generation': 57}","{'id': 3408, 'rank': 12, 'fitness': 0.8829877636722306, 'generation': 57}","{'id': 3408, 'rank': 13, 'fitness': 0.8829877636722306, 'generation': 57}","{'id': 3408, 'rank': 14, 'fitness': 0.8829877636722306, 'generation': 57}","{'id': 3497, 'rank': 15, 'fitness': 0.8819639414026097, 'generation': 57}","{'id': 3487, 'rank': 16, 'fitness': 0.8073814199471888, 'generation': 57}","{'id': 3487, 'rank': 17, 'fitness': 0.8073814199471888, 'generation': 57}","{'id': 3528, 'rank': 18, 'fitness': 0.6578774449245297, 'generation': 57}","{'id': 3453, 'rank': 19, 'fitness': 0.6470934710091759, 'generation': 57}","{'id': 3453, 'rank': 20, 'fitness': 0.6470934710091759, 'generation': 57}","{'id': 3453, 'rank': 21, 'fitness': 0.6470934710091759, 'generation': 57}","{'id': 3453, 'rank': 22, 'fitness': 0.6470934710091759, 'generation': 57}","{'id': 3364, 'rank': 23, 'fitness': 0.5044290496567704, 'generation': 57}","{'id': 3464, 'rank': 24, 'fitness': 0.4888645181564463, 'generation': 57}","{'id': 3526, 'rank': 25, 'fitness': 0.474132574107257, 'generation': 57}","{'id': 3466, 'rank': 26, 'fitness': 0.44979650625045703, 'generation': 57}","{'id': 3413, 'rank': 27, 'fitness': 0.36963597144417054, 'generation': 57}","{'id': 3415, 'rank': 28, 'fitness': 0.3052302007469233, 'generation': 57}","{'id': 3499, 'rank': 29, 'fitness': 0.02148663350643093, 'generation': 57}","{'id': 3479, 'rank': 30, 'fitness': 0.01798620996209155, 'generation': 57}"
"{'id': 3595, 'rank': 1, 'fitness': 0.9820137900379085, 'generation': 58}","{'id': 3572, 'rank': 2, 'fitness': 0.9273278988451996, 'generation': 58}","{'id': 3572, 'rank': 3, 'fitness': 0.9273278988451996, 'generation': 58}","{'id': 3572, 'rank': 4, 'fitness': 0.9273278988451996, 'generation': 58}","{'id': 3572, 'rank': 5, 'fitness': 0.9273278988451996, 'generation': 58}","{'id': 3527, 'rank': 6, 'fitness': 0.9018185887213097, 'generation': 58}","{'id': 3527, 'rank': 7, 'fitness': 0.9018185887213097, 'generation': 58}","{'id': 3527, 'rank': 8, 'fitness': 0.9018185887213097, 'generation': 58}","{'id': 3594, 'rank': 9, 'fitness': 0.8316533808179765, 'generation': 58}","{'id': 3594, 'rank': 10, 'fitness': 0.8316533808179765, 'generation': 58}","{'id': 3594, 'rank': 11, 'fitness': 0.8316533808179765, 'generation': 58}","{'id': 3594, 'rank': 12, 'fitness': 0.8316533808179765, 'generation': 58}","{'id': 3498, 'rank': 13, 'fitness': 0.8041525625356496, 'generation': 58}","{'id': 3498, 'rank': 14, 'fitness': 0.8041525625356496, 'generation': 58}","{'id': 3465, 'rank': 15, 'fitness': 0.7897978979836812, 'generation': 58}","{'id': 3529, 'rank': 16, 'fitness': 0.7114816171013749, 'generation': 58}","{'id': 3529, 'rank': 17, 'fitness': 0.7114816171013749, 'generation': 58}","{'id': 3408, 'rank': 18, 'fitness': 0.6636369293144448, 'generation': 58}","{'id': 3408, 'rank': 19, 'fitness': 0.6636369293144448, 'generation': 58}","{'id': 3408, 'rank': 20, 'fitness': 0.6636369293144448, 'generation': 58}","{'id': 3497, 'rank': 21, 'fitness': 0.661922135454116, 'generation': 58}","{'id': 3497, 'rank': 22, 'fitness': 0.661922135454116, 'generation': 58}","{'id': 3497, 'rank': 23, 'fitness': 0.661922135454116, 'generation': 58}","{'id': 3487, 'rank': 24, 'fitness': 0.5554190377967241, 'generation': 58}","{'id': 3487, 'rank': 25, 'fitness': 0.5554190377967241, 'generation': 58}","{'id': 3528, 'rank': 26, 'fitness': 0.4053962795854674, 'generation': 58}","{'id': 3453, 'rank': 27, 'fitness': 0.39651785854440214, 'generation': 58}","{'id': 3453, 'rank': 28, 'fitness': 0.39651785854440214, 'generation': 58}","{'id': 3453, 'rank': 29, 'fitness': 0.39651785854440214, 'generation': 58}","{'id': 3479, 'rank': 30, 'fitness': 0.01798620996209155, 'generation': 58}"
"{'id': 3651, 'rank': 1, 'fitness': 0.9820137900379085, 'generation': 59}","{'id': 3651, 'rank': 2, 'fitness': 0.9820137900379085, 'generation': 59}","{'id': 3595, 'rank': 3, 'fitness': 0.9612995085653215, 'generation': 59}","{'id': 3595, 'rank': 4, 'fitness': 0.9612995085653215, 'generation': 59}","{'id': 3595, 'rank': 5, 'fitness': 0.9612995085653215, 'generation': 59}","{'id': 3606, 'rank': 6, 'fitness': 0.9548941836695164, 'generation': 59}","{'id': 3606, 'rank': 7, 'fitness': 0.9548941836695164, 'generation': 59}","{'id': 3606, 'rank': 8, 'fitness': 0.9548941836695164, 'generation': 59}","{'id': 3654, 'rank': 9, 'fitness': 0.9264632644342409, 'generation': 59}","{'id': 3654, 'rank': 10, 'fitness': 0.9264632644342409, 'generation': 59}","{'id': 3572, 'rank': 11, 'fitness': 0.515546890440862, 'generation': 59}","{'id': 3572, 'rank': 12, 'fitness': 0.515546890440862, 'generation': 59}","{'id': 3572, 'rank': 13, 'fitness': 0.515546890440862, 'generation': 59}","{'id': 3572, 'rank': 14, 'fitness': 0.515546890440862, 'generation': 59}","{'id': 3572, 'rank': 15, 'fitness': 0.515546890440862, 'generation': 59}","{'id': 3572, 'rank': 16, 'fitness': 0.515546890440862, 'generation': 59}","{'id': 3527, 'rank': 17, 'fitness': 0.34293589475225394, 'generation': 59}","{'id': 3527, 'rank': 18, 'fitness': 0.34293589475225394, 'generation': 59}","{'id': 3594, 'rank': 19, 'fitness': 0.11980323778283941, 'generation': 59}","{'id': 3594, 'rank': 20, 'fitness': 0.11980323778283941, 'generation': 59}","{'id': 3594, 'rank': 21, 'fitness': 0.11980323778283941, 'generation': 59}","{'id': 3594, 'rank': 22, 'fitness': 0.11980323778283941, 'generation': 59}","{'id': 3498, 'rank': 23, 'fitness': 0.08354896652667554, 'generation': 59}","{'id': 3498, 'rank': 24, 'fitness': 0.08354896652667554, 'generation': 59}","{'id': 3498, 'rank': 25, 'fitness': 0.08354896652667554, 'generation': 59}","{'id': 3465, 'rank': 26, 'fitness': 0.06995393517588039, 'generation': 59}","{'id': 3529, 'rank': 27, 'fitness': 0.0293120765546373, 'generation': 59}","{'id': 3529, 'rank': 28, 'fitness': 0.0293120765546373, 'generation': 59}","{'id': 3408, 'rank': 29, 'fitness': 0.018282251854533194, 'generation': 59}","{'id': 3497, 'rank': 30, 'fitness': 0.01798620996209155, 'generation': 59}"
"{'id': 3692, 'rank': 1, 'fitness': 0.9820137900379085, 'generation': 60}","{'id': 3681, 'rank': 2, 'fitness': 0.9176849820561517, 'generation': 60}","{'id': 3681, 'rank': 3, 'fitness': 0.9176849820561517, 'generation': 60}","{'id': 3681, 'rank': 4, 'fitness': 0.9176849820561517, 'generation': 60}","{'id': 3695, 'rank': 5, 'fitness': 0.7727499657660164, 'generation': 60}","{'id': 3695, 'rank': 6, 'fitness': 0.7727499657660164, 'generation': 60}","{'id': 3651, 'rank': 7, 'fitness': 0.5113305852560524, 'generation': 60}","{'id': 3651, 'rank': 8, 'fitness': 0.5113305852560524, 'generation': 60}","{'id': 3651, 'rank': 9, 'fitness': 0.5113305852560524, 'generation': 60}","{'id': 3651, 'rank': 10, 'fitness': 0.5113305852560524, 'generation': 60}","{'id': 3651, 'rank': 11, 'fitness': 0.5113305852560524, 'generation': 60}","{'id': 3651, 'rank': 12, 'fitness': 0.5113305852560524, 'generation': 60}","{'id': 3595, 'rank': 13, 'fitness': 0.33841538115618747, 'generation': 60}","{'id': 3595, 'rank': 14, 'fitness': 0.33841538115618747, 'generation': 60}","{'id': 3595, 'rank': 15, 'fitness': 0.33841538115618747, 'generation': 60}","{'id': 3682, 'rank': 16, 'fitness': 0.32849668418586236, 'generation': 60}","{'id': 3682, 'rank': 17, 'fitness': 0.32849668418586236, 'generation': 60}","{'id': 3606, 'rank': 18, 'fitness': 0.3066939890486433, 'generation': 60}","{'id': 3606, 'rank': 19, 'fitness': 0.3066939890486433, 'generation': 60}","{'id': 3606, 'rank': 20, 'fitness': 0.3066939890486433, 'generation': 60}","{'id': 3684, 'rank': 21, 'fitness': 0.22595371097056555, 'generation': 60}","{'id': 3654, 'rank': 22, 'fitness': 0.21631733513498352, 'generation': 60}","{'id': 3654, 'rank': 23, 'fitness': 0.21631733513498352, 'generation': 60}","{'id': 3654, 'rank': 24, 'fitness': 0.21631733513498352, 'generation': 60}","{'id': 3683, 'rank': 25, 'fitness': 0.11764193477450474, 'generation': 60}","{'id': 3683, 'rank': 26, 'fitness': 0.11764193477450474, 'generation': 60}","{'id': 3678, 'rank': 27, 'fitness': 0.08963225828753535, 'generation': 60}","{'id': 3678, 'rank': 28, 'fitness': 0.08963225828753535, 'generation': 60}","{'id': 3572, 'rank': 29, 'fitness': 0.028384855052101532, 'generation': 60}","{'id': 3687, 'rank': 30, 'fitness': 0.01798620996209155, 'generation': 60}"
"{'id': 3736, 'rank': 1, 'fitness': 0.9820137900379085, 'generation': 61}","{'id': 3736, 'rank': 2, 'fitness': 0.9820137900379085, 'generation': 61}","{'id': 3736, 'rank': 3, 'fitness': 0.9820137900379085, 'generation': 61}","{'id': 3692, 'rank': 4, 'fitness': 0.7673696013208199, 'generation': 61}","{'id': 3692, 'rank': 5, 'fitness': 0.7673696013208199, 'generation': 61}","{'id': 3692, 'rank': 6, 'fitness': 0.7673696013208199, 'generation': 61}","{'id': 3692, 'rank': 7, 'fitness': 0.7673696013208199, 'generation': 61}","{'id': 3735, 'rank': 8, 'fitness': 0.7058217656113517, 'generation': 61}","{'id': 3735, 'rank': 9, 'fitness': 0.7058217656113517, 'generation': 61}","{'id': 3681, 'rank': 10, 'fitness': 0.40926249454262276, 'generation': 61}","{'id': 3681, 'rank': 11, 'fitness': 0.40926249454262276, 'generation': 61}","{'id': 3681, 'rank': 12, 'fitness': 0.40926249454262276, 'generation': 61}","{'id': 3681, 'rank': 13, 'fitness': 0.40926249454262276, 'generation': 61}","{'id': 3681, 'rank': 14, 'fitness': 0.40926249454262276, 'generation': 61}","{'id': 3681, 'rank': 15, 'fitness': 0.40926249454262276, 'generation': 61}","{'id': 3695, 'rank': 16, 'fitness': 0.1775027378902787, 'generation': 61}","{'id': 3651, 'rank': 17, 'fitness': 0.06350424598752252, 'generation': 61}","{'id': 3651, 'rank': 18, 'fitness': 0.06350424598752252, 'generation': 61}","{'id': 3651, 'rank': 19, 'fitness': 0.06350424598752252, 'generation': 61}","{'id': 3651, 'rank': 20, 'fitness': 0.06350424598752252, 'generation': 61}","{'id': 3651, 'rank': 21, 'fitness': 0.06350424598752252, 'generation': 61}","{'id': 3651, 'rank': 22, 'fitness': 0.06350424598752252, 'generation': 61}","{'id': 3651, 'rank': 23, 'fitness': 0.06350424598752252, 'generation': 61}","{'id': 3651, 'rank': 24, 'fitness': 0.06350424598752252, 'generation': 61}","{'id': 3651, 'rank': 25, 'fitness': 0.06350424598752252, 'generation': 61}","{'id': 3651, 'rank': 26, 'fitness': 0.06350424598752252, 'generation': 61}","{'id': 3651, 'rank': 27, 'fitness': 0.06350424598752252, 'generation': 61}","{'id': 3595, 'rank': 28, 'fitness': 0.032482146081308505, 'generation': 61}","{'id': 3595, 'rank': 29, 'fitness': 0.032482146081308505, 'generation': 61}","{'id': 3654, 'rank': 30, 'fitness': 0.01798620996209155, 'generation': 61}"
"{'id': 3796, 'rank': 1, 'fitness': 0.9820137900379085, 'generation': 62}","{'id': 3796, 'rank': 2, 'fitness': 0.9820137900379085, 'generation': 62}","{'id': 3796, 'rank': 3, 'fitness': 0.9820137900379085, 'generation': 62}","{'id': 3796, 'rank': 4, 'fitness': 0.9820137900379085, 'generation': 62}","{'id': 3789, 'rank': 5, 'fitness': 0.9669319789210735, 'generation': 62}","{'id': 3789, 'rank': 6, 'fitness': 0.9669319789210735, 'generation': 62}","{'id': 3786, 'rank': 7, 'fitness': 0.9163211012564473, 'generation': 62}","{'id': 3782, 'rank': 8, 'fitness': 0.8846051042176861, 'generation': 62}","{'id': 3736, 'rank': 9, 'fitness': 0.8050411165129472, 'generation': 62}","{'id': 3736, 'rank': 10, 'fitness': 0.8050411165129472, 'generation': 62}","{'id': 3736, 'rank': 11, 'fitness': 0.8050411165129472, 'generation': 62}","{'id': 3736, 'rank': 12, 'fitness': 0.8050411165129472, 'generation': 62}","{'id': 3799, 'rank': 13, 'fitness': 0.7774187643428621, 'generation': 62}","{'id': 3785, 'rank': 14, 'fitness': 0.6922214401336456, 'generation': 62}","{'id': 3785, 'rank': 15, 'fitness': 0.6922214401336456, 'generation': 62}","{'id': 3798, 'rank': 16, 'fitness': 0.6195949397440852, 'generation': 62}","{'id': 3788, 'rank': 17, 'fitness': 0.31674525210840465, 'generation': 62}","{'id': 3692, 'rank': 18, 'fitness': 0.2984981676524672, 'generation': 62}","{'id': 3692, 'rank': 19, 'fitness': 0.2984981676524672, 'generation': 62}","{'id': 3692, 'rank': 20, 'fitness': 0.2984981676524672, 'generation': 62}","{'id': 3692, 'rank': 21, 'fitness': 0.2984981676524672, 'generation': 62}","{'id': 3692, 'rank': 22, 'fitness': 0.2984981676524672, 'generation': 62}","{'id': 3692, 'rank': 23, 'fitness': 0.2984981676524672, 'generation': 62}","{'id': 3735, 'rank': 24, 'fitness': 0.2474539200486343, 'generation': 62}","{'id': 3735, 'rank': 25, 'fitness': 0.2474539200486343, 'generation': 62}","{'id': 3784, 'rank': 26, 'fitness': 0.20422463096774757, 'generation': 62}","{'id': 3681, 'rank': 27, 'fitness': 0.10734908927545006, 'generation': 62}","{'id': 3681, 'rank': 28, 'fitness': 0.10734908927545006, 'generation': 62}","{'id': 3651, 'rank': 29, 'fitness': 0.01798620996209155, 'generation': 62}","{'id': 3651, 'rank': 30, 'fitness': 0.01798620996209155, 'generation': 62}"
"{'id': 3862, 'rank': 1, 'fitness': 0.9820137900379085, 'generation': 63}","{'id': 3862, 'rank': 2, 'fitness': 0.9820137900379085, 'generation': 63}","{'id': 3862, 'rank': 3, 'fitness': 0.9820137900379085, 'generation': 63}","{'id': 3891, 'rank': 4, 'fitness': 0.9697610474085767, 'generation': 63}","{'id': 3891, 'rank': 5, 'fitness': 0.9697610474085767, 'generation': 63}","{'id': 3891, 'rank': 6, 'fitness': 0.9697610474085767, 'generation': 63}","{'id': 3891, 'rank': 7, 'fitness': 0.9697610474085767, 'generation': 63}","{'id': 3891, 'rank': 8, 'fitness': 0.9697610474085767, 'generation': 63}","{'id': 3884, 'rank': 9, 'fitness': 0.9563670702792548, 'generation': 63}","{'id': 3883, 'rank': 10, 'fitness': 0.8002226728111745, 'generation': 63}","{'id': 3848, 'rank': 11, 'fitness': 0.7022275895262607, 'generation': 63}","{'id': 3848, 'rank': 12, 'fitness': 0.7022275895262607, 'generation': 63}","{'id': 3848, 'rank': 13, 'fitness': 0.7022275895262607, 'generation': 63}","{'id': 3796, 'rank': 14, 'fitness': 0.5714768739222917, 'generation': 63}","{'id': 3796, 'rank': 15, 'fitness': 0.5714768739222917, 'generation': 63}","{'id': 3796, 'rank': 16, 'fitness': 0.5714768739222917, 'generation': 63}","{'id': 3796, 'rank': 17, 'fitness': 0.5714768739222917, 'generation': 63}","{'id': 3796, 'rank': 18, 'fitness': 0.5714768739222917, 'generation': 63}","{'id': 3796, 'rank': 19, 'fitness': 0.5714768739222917, 'generation': 63}","{'id': 3842, 'rank': 20, 'fitness': 0.47674090968081123, 'generation': 63}","{'id': 3789, 'rank': 21, 'fitness': 0.43445957126374707, 'generation': 63}","{'id': 3789, 'rank': 22, 'fitness': 0.43445957126374707, 'generation': 63}","{'id': 3789, 'rank': 23, 'fitness': 0.43445957126374707, 'generation': 63}","{'id': 3839, 'rank': 24, 'fitness': 0.30332651855596704, 'generation': 63}","{'id': 3786, 'rank': 25, 'fitness': 0.24393480210641327, 'generation': 63}","{'id': 3882, 'rank': 26, 'fitness': 0.20919884309700382, 'generation': 63}","{'id': 3782, 'rank': 27, 'fitness': 0.19058621884819682, 'generation': 63}","{'id': 3798, 'rank': 28, 'fitness': 0.05655235297378225, 'generation': 63}","{'id': 3788, 'rank': 29, 'fitness': 0.019373008529063207, 'generation': 63}","{'id': 3692, 'rank': 30, 'fitness': 0.01798620996209155, 'generation': 63}"
"{'id': 3908, 'rank': 1, 'fitness': 0.9820137900379085, 'generation': 64}","{'id': 3908, 'rank': 2, 'fitness': 0.9820137900379085, 'generation': 64}","{'id': 3903, 'rank': 3, 'fitness': 0.9575488367527412, 'generation': 64}","{'id': 3903, 'rank': 4, 'fitness': 0.9575488367527412, 'generation': 64}","{'id': 3927, 'rank': 5, 'fitness': 0.9548147082705059, 'generation': 64}","{'id': 3927, 'rank': 6, 'fitness': 0.9548147082705059, 'generation': 64}","{'id': 3904, 'rank': 7, 'fitness': 0.9529409506217051, 'generation': 64}","{'id': 3904, 'rank': 8, 'fitness': 0.9529409506217051, 'generation': 64}","{'id': 3929, 'rank': 9, 'fitness': 0.7861845214406936, 'generation': 64}","{'id': 3929, 'rank': 10, 'fitness': 0.7861845214406936, 'generation': 64}","{'id': 3929, 'rank': 11, 'fitness': 0.7861845214406936, 'generation': 64}","{'id': 3929, 'rank': 12, 'fitness': 0.7861845214406936, 'generation': 64}","{'id': 3862, 'rank': 13, 'fitness': 0.7790949310777145, 'generation': 64}","{'id': 3862, 'rank': 14, 'fitness': 0.7790949310777145, 'generation': 64}","{'id': 3862, 'rank': 15, 'fitness': 0.7790949310777145, 'generation': 64}","{'id': 3862, 'rank': 16, 'fitness': 0.7790949310777145, 'generation': 64}","{'id': 3947, 'rank': 17, 'fitness': 0.7706730447637644, 'generation': 64}","{'id': 3891, 'rank': 18, 'fitness': 0.6239608115666899, 'generation': 64}","{'id': 3891, 'rank': 19, 'fitness': 0.6239608115666899, 'generation': 64}","{'id': 3891, 'rank': 20, 'fitness': 0.6239608115666899, 'generation': 64}","{'id': 3891, 'rank': 21, 'fitness': 0.6239608115666899, 'generation': 64}","{'id': 3891, 'rank': 22, 'fitness': 0.6239608115666899, 'generation': 64}","{'id': 3949, 'rank': 23, 'fitness': 0.6233441709987194, 'generation': 64}","{'id': 3954, 'rank': 24, 'fitness': 0.5844338529576932, 'generation': 64}","{'id': 3884, 'rank': 25, 'fitness': 0.49176727510391954, 'generation': 64}","{'id': 3884, 'rank': 26, 'fitness': 0.49176727510391954, 'generation': 64}","{'id': 3955, 'rank': 27, 'fitness': 0.27980183893952737, 'generation': 64}","{'id': 3955, 'rank': 28, 'fitness': 0.27980183893952737, 'generation': 64}","{'id': 3905, 'rank': 29, 'fitness': 0.05234063079950607, 'generation': 64}","{'id': 3796, 'rank': 30, 'fitness': 0.01798620996209155, 'generation': 64}"
"{'id': 3994, 'rank': 1, 'fitness': 0.9820137900379085, 'generation': 65}","{'id': 3994, 'rank': 2, 'fitness': 0.9820137900379085, 'generation': 65}","{'id': 3991, 'rank': 3, 'fitness': 0.9712237059424655, 'generation': 65}","{'id': 3993, 'rank': 4, 'fitness': 0.9656391409644127, 'generation': 65}","{'id': 3993, 'rank': 5, 'fitness': 0.9656391409644127, 'generation': 65}","{'id': 4017, 'rank': 6, 'fitness': 0.9480814407406096, 'generation': 65}","{'id': 4017, 'rank': 7, 'fitness': 0.9480814407406096, 'generation': 65}","{'id': 3908, 'rank': 8, 'fitness': 0.9448192025909916, 'generation': 65}","{'id': 3908, 'rank': 9, 'fitness': 0.9448192025909916, 'generation': 65}","{'id': 3908, 'rank': 10, 'fitness': 0.9448192025909916, 'generation': 65}","{'id': 3908, 'rank': 11, 'fitness': 0.9448192025909916, 'generation': 65}","{'id': 3908, 'rank': 12, 'fitness': 0.9448192025909916, 'generation': 65}","{'id': 3903, 'rank': 13, 'fitness': 0.876917620588587, 'generation': 65}","{'id': 3927, 'rank': 14, 'fitness': 0.8697568978922678, 'generation': 65}","{'id': 3927, 'rank': 15, 'fitness': 0.8697568978922678, 'generation': 65}","{'id': 3927, 'rank': 16, 'fitness': 0.8697568978922678, 'generation': 65}","{'id': 3927, 'rank': 17, 'fitness': 0.8697568978922678, 'generation': 65}","{'id': 4014, 'rank': 18, 'fitness': 0.8662693891312359, 'generation': 65}","{'id': 4014, 'rank': 19, 'fitness': 0.8662693891312359, 'generation': 65}","{'id': 3904, 'rank': 20, 'fitness': 0.864895488849335, 'generation': 65}","{'id': 3987, 'rank': 21, 'fitness': 0.5575367494749489, 'generation': 65}","{'id': 3987, 'rank': 22, 'fitness': 0.5575367494749489, 'generation': 65}","{'id': 3929, 'rank': 23, 'fitness': 0.540983764843952, 'generation': 65}","{'id': 3929, 'rank': 24, 'fitness': 0.540983764843952, 'generation': 65}","{'id': 3862, 'rank': 25, 'fitness': 0.5307020505057706, 'generation': 65}","{'id': 3862, 'rank': 26, 'fitness': 0.5307020505057706, 'generation': 65}","{'id': 3862, 'rank': 27, 'fitness': 0.5307020505057706, 'generation': 65}","{'id': 3947, 'rank': 28, 'fitness': 0.5187585735030278, 'generation': 65}","{'id': 3891, 'rank': 29, 'fitness': 0.3486594368745961, 'generation': 65}","{'id': 3905, 'rank': 30, 'fitness': 0.01798620996209155, 'generation': 65}"
"{'id': 4036, 'rank': 1, 'fitness': 0.9820137900379085, 'generation': 66}","{'id': 4036, 'rank': 2, 'fitness': 0.9820137900379085, 'generation': 66}","{'id': 4036, 'rank': 3, 'fitness': 0.9820137900379085, 'generation': 66}","{'id': 4084, 'rank': 4, 'fitness': 0.6148213765635376, 'generation': 66}","{'id': 4084, 'rank': 5, 'fitness': 0.6148213765635376, 'generation': 66}","{'id': 4049, 'rank': 6, 'fitness': 0.526575741852914, 'generation': 66}","{'id': 4049, 'rank': 7, 'fitness': 0.526575741852914, 'generation': 66}","{'id': 3994, 'rank': 8, 'fitness': 0.2919565511098034, 'generation': 66}","{'id': 3994, 'rank': 9, 'fitness': 0.2919565511098034, 'generation': 66}","{'id': 3994, 'rank': 10, 'fitness': 0.2919565511098034, 'generation': 66}","{'id': 3994, 'rank': 11, 'fitness': 0.2919565511098034, 'generation': 66}","{'id': 3994, 'rank': 12, 'fitness': 0.2919565511098034, 'generation': 66}","{'id': 4038, 'rank': 13, 'fitness': 0.2614540091465224, 'generation': 66}","{'id': 4038, 'rank': 14, 'fitness': 0.2614540091465224, 'generation': 66}","{'id': 4038, 'rank': 15, 'fitness': 0.2614540091465224, 'generation': 66}","{'id': 3991, 'rank': 16, 'fitness': 0.21968048993788458, 'generation': 66}","{'id': 3991, 'rank': 17, 'fitness': 0.21968048993788458, 'generation': 66}","{'id': 4029, 'rank': 18, 'fitness': 0.21805110022808094, 'generation': 66}","{'id': 4017, 'rank': 19, 'fitness': 0.14743308324924803, 'generation': 66}","{'id': 4017, 'rank': 20, 'fitness': 0.14743308324924803, 'generation': 66}","{'id': 4017, 'rank': 21, 'fitness': 0.14743308324924803, 'generation': 66}","{'id': 3908, 'rank': 22, 'fitness': 0.14112689373946874, 'generation': 66}","{'id': 3908, 'rank': 23, 'fitness': 0.14112689373946874, 'generation': 66}","{'id': 3908, 'rank': 24, 'fitness': 0.14112689373946874, 'generation': 66}","{'id': 3908, 'rank': 25, 'fitness': 0.14112689373946874, 'generation': 66}","{'id': 4027, 'rank': 26, 'fitness': 0.11586675562879406, 'generation': 66}","{'id': 4045, 'rank': 27, 'fitness': 0.10138125428469436, 'generation': 66}","{'id': 3903, 'rank': 28, 'fitness': 0.07574303833137502, 'generation': 66}","{'id': 3927, 'rank': 29, 'fitness': 0.07222414509952646, 'generation': 66}","{'id': 3947, 'rank': 30, 'fitness': 0.01798620996209155, 'generation': 66}"
"{'id': 4103, 'rank': 1, 'fitness': 0.9820137900379085, 'generation': 67}","{'id': 4103, 'rank': 2, 'fitness': 0.9820137900379085, 'generation': 67}","{'id': 4103, 'rank': 3, 'fitness': 0.9820137900379085, 'generation': 67}","{'id': 4036, 'rank': 4, 'fitness': 0.9098022361072045, 'generation': 67}","{'id': 4036, 'rank': 5, 'fitness': 0.9098022361072045, 'generation': 67}","{'id': 4036, 'rank': 6, 'fitness': 0.9098022361072045, 'generation': 67}","{'id': 4036, 'rank': 7, 'fitness': 0.9098022361072045, 'generation': 67}","{'id': 4036, 'rank': 8, 'fitness': 0.9098022361072045, 'generation': 67}","{'id': 4036, 'rank': 9, 'fitness': 0.9098022361072045, 'generation': 67}","{'id': 4036, 'rank': 10, 'fitness': 0.9098022361072045, 'generation': 67}","{'id': 4098, 'rank': 11, 'fitness': 0.8045457358441266, 'generation': 67}","{'id': 4098, 'rank': 12, 'fitness': 0.8045457358441266, 'generation': 67}","{'id': 4104, 'rank': 13, 'fitness': 0.7874852902930612, 'generation': 67}","{'id': 4104, 'rank': 14, 'fitness': 0.7874852902930612, 'generation': 67}","{'id': 4104, 'rank': 15, 'fitness': 0.7874852902930612, 'generation': 67}","{'id': 4114, 'rank': 16, 'fitness': 0.7772051604852782, 'generation': 67}","{'id': 4114, 'rank': 17, 'fitness': 0.7772051604852782, 'generation': 67}","{'id': 4114, 'rank': 18, 'fitness': 0.7772051604852782, 'generation': 67}","{'id': 4105, 'rank': 19, 'fitness': 0.7212812684295917, 'generation': 67}","{'id': 4100, 'rank': 20, 'fitness': 0.6401860339321337, 'generation': 67}","{'id': 4113, 'rank': 21, 'fitness': 0.41080493910371274, 'generation': 67}","{'id': 4113, 'rank': 22, 'fitness': 0.41080493910371274, 'generation': 67}","{'id': 4084, 'rank': 23, 'fitness': 0.17326806359786456, 'generation': 67}","{'id': 4084, 'rank': 24, 'fitness': 0.17326806359786456, 'generation': 67}","{'id': 3994, 'rank': 25, 'fitness': 0.04534647820117704, 'generation': 67}","{'id': 3994, 'rank': 26, 'fitness': 0.04534647820117704, 'generation': 67}","{'id': 3994, 'rank': 27, 'fitness': 0.04534647820117704, 'generation': 67}","{'id': 4038, 'rank': 28, 'fitness': 0.038631656162220085, 'generation': 67}","{'id': 3991, 'rank': 29, 'fitness': 0.030308838736883725, 'generation': 67}","{'id': 4017, 'rank': 30, 'fitness': 0.01798620996209155, 'generation': 67}"
"{'id': 4175, 'rank': 1, 'fitness': 0.9820137900379085, 'generation': 68}","{'id': 4175, 'rank': 2, 'fitness': 0.9820137900379085, 'generation': 68}","{'id': 4175, 'rank': 3, 'fitness': 0.9820137900379085, 'generation': 68}","{'id': 4175, 'rank': 4, 'fitness': 0.9820137900379085, 'generation': 68}","{'id': 4164, 'rank': 5, 'fitness': 0.9406953171407896, 'generation': 68}","{'id': 4103, 'rank': 6, 'fitness': 0.800443285829578, 'generation': 68}","{'id': 4103, 'rank': 7, 'fitness': 0.800443285829578, 'generation': 68}","{'id': 4103, 'rank': 8, 'fitness': 0.800443285829578, 'generation': 68}","{'id': 4103, 'rank': 9, 'fitness': 0.800443285829578, 'generation': 68}","{'id': 4166, 'rank': 10, 'fitness': 0.6110822619216936, 'generation': 68}","{'id': 4166, 'rank': 11, 'fitness': 0.6110822619216936, 'generation': 68}","{'id': 4174, 'rank': 12, 'fitness': 0.6042877957161926, 'generation': 68}","{'id': 4173, 'rank': 13, 'fitness': 0.5308870464001203, 'generation': 68}","{'id': 4173, 'rank': 14, 'fitness': 0.5308870464001203, 'generation': 68}","{'id': 4036, 'rank': 15, 'fitness': 0.3840556459238984, 'generation': 68}","{'id': 4036, 'rank': 16, 'fitness': 0.3840556459238984, 'generation': 68}","{'id': 4036, 'rank': 17, 'fitness': 0.3840556459238984, 'generation': 68}","{'id': 4036, 'rank': 18, 'fitness': 0.3840556459238984, 'generation': 68}","{'id': 4036, 'rank': 19, 'fitness': 0.3840556459238984, 'generation': 68}","{'id': 4036, 'rank': 20, 'fitness': 0.3840556459238984, 'generation': 68}","{'id': 4036, 'rank': 21, 'fitness': 0.3840556459238984, 'generation': 68}","{'id': 4167, 'rank': 22, 'fitness': 0.3327087528824651, 'generation': 68}","{'id': 4165, 'rank': 23, 'fitness': 0.20449958313529115, 'generation': 68}","{'id': 4098, 'rank': 24, 'fitness': 0.18842537556100208, 'generation': 68}","{'id': 4104, 'rank': 25, 'fitness': 0.1713429354606727, 'generation': 68}","{'id': 4205, 'rank': 26, 'fitness': 0.12472663250112881, 'generation': 68}","{'id': 4144, 'rank': 27, 'fitness': 0.11642387923949704, 'generation': 68}","{'id': 4144, 'rank': 28, 'fitness': 0.11642387923949704, 'generation': 68}","{'id': 4143, 'rank': 29, 'fitness': 0.06849784273076698, 'generation': 68}","{'id': 4176, 'rank': 30, 'fitness': 0.01798620996209155, 'generation': 68}"
"{'id': 4242, 'rank': 1, 'fitness': 0.9820137900379085, 'generation': 69}","{'id': 4242, 'rank': 2, 'fitness': 0.9820137900379085, 'generation': 69}","{'id': 4242, 'rank': 3, 'fitness': 0.9820137900379085, 'generation': 69}","{'id': 4242, 'rank': 4, 'fitness': 0.9820137900379085, 'generation': 69}","{'id': 4215, 'rank': 5, 'fitness': 0.7571654870667772, 'generation': 69}","{'id': 4215, 'rank': 6, 'fitness': 0.7571654870667772, 'generation': 69}","{'id': 4215, 'rank': 7, 'fitness': 0.7571654870667772, 'generation': 69}","{'id': 4215, 'rank': 8, 'fitness': 0.7571654870667772, 'generation': 69}","{'id': 4215, 'rank': 9, 'fitness': 0.7571654870667772, 'generation': 69}","{'id': 4259, 'rank': 10, 'fitness': 0.7433084835417464, 'generation': 69}","{'id': 4259, 'rank': 11, 'fitness': 0.7433084835417464, 'generation': 69}","{'id': 4262, 'rank': 12, 'fitness': 0.6223740368479223, 'generation': 69}","{'id': 4175, 'rank': 13, 'fitness': 0.550497044581286, 'generation': 69}","{'id': 4175, 'rank': 14, 'fitness': 0.550497044581286, 'generation': 69}","{'id': 4175, 'rank': 15, 'fitness': 0.550497044581286, 'generation': 69}","{'id': 4175, 'rank': 16, 'fitness': 0.550497044581286, 'generation': 69}","{'id': 4175, 'rank': 17, 'fitness': 0.550497044581286, 'generation': 69}","{'id': 4240, 'rank': 18, 'fitness': 0.31068348626799414, 'generation': 69}","{'id': 4164, 'rank': 19, 'fitness': 0.2771078715062805, 'generation': 69}","{'id': 4164, 'rank': 20, 'fitness': 0.2771078715062805, 'generation': 69}","{'id': 4216, 'rank': 21, 'fitness': 0.1703425812306988, 'generation': 69}","{'id': 4217, 'rank': 22, 'fitness': 0.16070054564037334, 'generation': 69}","{'id': 4236, 'rank': 23, 'fitness': 0.10198985420510737, 'generation': 69}","{'id': 4236, 'rank': 24, 'fitness': 0.10198985420510737, 'generation': 69}","{'id': 4103, 'rank': 25, 'fitness': 0.09527955005903577, 'generation': 69}","{'id': 4103, 'rank': 26, 'fitness': 0.09527955005903577, 'generation': 69}","{'id': 4103, 'rank': 27, 'fitness': 0.09527955005903577, 'generation': 69}","{'id': 4218, 'rank': 28, 'fitness': 0.045164089542020225, 'generation': 69}","{'id': 4174, 'rank': 29, 'fitness': 0.040766206972703445, 'generation': 69}","{'id': 4036, 'rank': 30, 'fitness': 0.01798620996209155, 'generation': 69}"
"{'id': 4277, 'rank': 1, 'fitness': 0.9820137900379085, 'generation': 70}","{'id': 4296, 'rank': 2, 'fitness': 0.9504740064110742, 'generation': 70}","{'id': 4296, 'rank': 3, 'fitness': 0.9504740064110742, 'generation': 70}","{'id': 4278, 'rank': 4, 'fitness': 0.9300720887127135, 'generation': 70}","{'id': 4278, 'rank': 5, 'fitness': 0.9300720887127135, 'generation': 70}","{'id': 4278, 'rank': 6, 'fitness': 0.9300720887127135, 'generation': 70}","{'id': 4278, 'rank': 7, 'fitness': 0.9300720887127135, 'generation': 70}","{'id': 4308, 'rank': 8, 'fitness': 0.8750318434165137, 'generation': 70}","{'id': 4242, 'rank': 9, 'fitness': 0.8710626092769982, 'generation': 70}","{'id': 4242, 'rank': 10, 'fitness': 0.8710626092769982, 'generation': 70}","{'id': 4242, 'rank': 11, 'fitness': 0.8710626092769982, 'generation': 70}","{'id': 4271, 'rank': 12, 'fitness': 0.7611476541051583, 'generation': 70}","{'id': 4271, 'rank': 13, 'fitness': 0.7611476541051583, 'generation': 70}","{'id': 4276, 'rank': 14, 'fitness': 0.7568416721972429, 'generation': 70}","{'id': 4269, 'rank': 15, 'fitness': 0.6762298386367596, 'generation': 70}","{'id': 4270, 'rank': 16, 'fitness': 0.6316093875270252, 'generation': 70}","{'id': 4279, 'rank': 17, 'fitness': 0.607067891255656, 'generation': 70}","{'id': 4307, 'rank': 18, 'fitness': 0.24769125565651656, 'generation': 70}","{'id': 4307, 'rank': 19, 'fitness': 0.24769125565651656, 'generation': 70}","{'id': 4307, 'rank': 20, 'fitness': 0.24769125565651656, 'generation': 70}","{'id': 4215, 'rank': 21, 'fitness': 0.18216586284052827, 'generation': 70}","{'id': 4215, 'rank': 22, 'fitness': 0.18216586284052827, 'generation': 70}","{'id': 4215, 'rank': 23, 'fitness': 0.18216586284052827, 'generation': 70}","{'id': 4259, 'rank': 24, 'fitness': 0.1693979073982605, 'generation': 70}","{'id': 4259, 'rank': 25, 'fitness': 0.1693979073982605, 'generation': 70}","{'id': 4259, 'rank': 26, 'fitness': 0.1693979073982605, 'generation': 70}","{'id': 4272, 'rank': 27, 'fitness': 0.09912510761185267, 'generation': 70}","{'id': 4175, 'rank': 28, 'fitness': 0.06814203859996626, 'generation': 70}","{'id': 4175, 'rank': 29, 'fitness': 0.06814203859996626, 'generation': 70}","{'id': 4164, 'rank': 30, 'fitness': 0.01798620996209155, 'generation': 70}"
"{'id': 4379, 'rank': 1, 'fitness': 0.9820137900379085, 'generation': 71}","{'id': 4379, 'rank': 2, 'fitness': 0.9820137900379085, 'generation': 71}","{'id': 4379, 'rank': 3, 'fitness': 0.9820137900379085, 'generation': 71}","{'id': 4348, 'rank': 4, 'fitness': 0.9728233235297576, 'generation': 71}","{'id': 4348, 'rank': 5, 'fitness': 0.9728233235297576, 'generation': 71}","{'id': 4348, 'rank': 6, 'fitness': 0.9728233235297576, 'generation': 71}","{'id': 4348, 'rank': 7, 'fitness': 0.9728233235297576, 'generation': 71}","{'id': 4348, 'rank': 8, 'fitness': 0.9728233235297576, 'generation': 71}","{'id': 4347, 'rank': 9, 'fitness': 0.9196667208418847, 'generation': 71}","{'id': 4277, 'rank': 10, 'fitness': 0.8374129561442107, 'generation': 71}","{'id': 4296, 'rank': 11, 'fitness': 0.6381775875496127, 'generation': 71}","{'id': 4296, 'rank': 12, 'fitness': 0.6381775875496127, 'generation': 71}","{'id': 4296, 'rank': 13, 'fitness': 0.6381775875496127, 'generation': 71}","{'id': 4296, 'rank': 14, 'fitness': 0.6381775875496127, 'generation': 71}","{'id': 4296, 'rank': 15, 'fitness': 0.6381775875496127, 'generation': 71}","{'id': 4296, 'rank': 16, 'fitness': 0.6381775875496127, 'generation': 71}","{'id': 4296, 'rank': 17, 'fitness': 0.6381775875496127, 'generation': 71}","{'id': 4278, 'rank': 18, 'fitness': 0.5477645530493356, 'generation': 71}","{'id': 4278, 'rank': 19, 'fitness': 0.5477645530493356, 'generation': 71}","{'id': 4278, 'rank': 20, 'fitness': 0.5477645530493356, 'generation': 71}","{'id': 4278, 'rank': 21, 'fitness': 0.5477645530493356, 'generation': 71}","{'id': 4278, 'rank': 22, 'fitness': 0.5477645530493356, 'generation': 71}","{'id': 4278, 'rank': 23, 'fitness': 0.5477645530493356, 'generation': 71}","{'id': 4242, 'rank': 24, 'fitness': 0.3769109253919923, 'generation': 71}","{'id': 4349, 'rank': 25, 'fitness': 0.3763608946533498, 'generation': 71}","{'id': 4271, 'rank': 26, 'fitness': 0.21877044937726464, 'generation': 71}","{'id': 4269, 'rank': 27, 'fitness': 0.15369927748738588, 'generation': 71}","{'id': 4270, 'rank': 28, 'fitness': 0.12918586324326453, 'generation': 71}","{'id': 4307, 'rank': 29, 'fitness': 0.026610840845655903, 'generation': 71}","{'id': 4215, 'rank': 30, 'fitness': 0.01798620996209155, 'generation': 71}"
"{'id': 4386, 'rank': 1, 'fitness': 0.9820137900379085, 'generation': 72}","{'id': 4386, 'rank': 2, 'fitness': 0.9820137900379085, 'generation': 72}","{'id': 4386, 'rank': 3, 'fitness': 0.9820137900379085, 'generation': 72}","{'id': 4386, 'rank': 4, 'fitness': 0.9820137900379085, 'generation': 72}","{'id': 4390, 'rank': 5, 'fitness': 0.9725646243055808, 'generation': 72}","{'id': 4390, 'rank': 6, 'fitness': 0.9725646243055808, 'generation': 72}","{'id': 4390, 'rank': 7, 'fitness': 0.9725646243055808, 'generation': 72}","{'id': 4397, 'rank': 8, 'fitness': 0.8971089237566852, 'generation': 72}","{'id': 4435, 'rank': 9, 'fitness': 0.7160834950002113, 'generation': 72}","{'id': 4435, 'rank': 10, 'fitness': 0.7160834950002113, 'generation': 72}","{'id': 4435, 'rank': 11, 'fitness': 0.7160834950002113, 'generation': 72}","{'id': 4414, 'rank': 12, 'fitness': 0.714909126791537, 'generation': 72}","{'id': 4379, 'rank': 13, 'fitness': 0.6546410789622087, 'generation': 72}","{'id': 4379, 'rank': 14, 'fitness': 0.6546410789622087, 'generation': 72}","{'id': 4379, 'rank': 15, 'fitness': 0.6546410789622087, 'generation': 72}","{'id': 4379, 'rank': 16, 'fitness': 0.6546410789622087, 'generation': 72}","{'id': 4348, 'rank': 17, 'fitness': 0.5312625963257034, 'generation': 72}","{'id': 4348, 'rank': 18, 'fitness': 0.5312625963257034, 'generation': 72}","{'id': 4348, 'rank': 19, 'fitness': 0.5312625963257034, 'generation': 72}","{'id': 4348, 'rank': 20, 'fitness': 0.5312625963257034, 'generation': 72}","{'id': 4416, 'rank': 21, 'fitness': 0.30742611892294097, 'generation': 72}","{'id': 4347, 'rank': 22, 'fitness': 0.22035441365803815, 'generation': 72}","{'id': 4388, 'rank': 23, 'fitness': 0.15007698284699533, 'generation': 72}","{'id': 4389, 'rank': 24, 'fitness': 0.14477984455313386, 'generation': 72}","{'id': 4389, 'rank': 25, 'fitness': 0.14477984455313386, 'generation': 72}","{'id': 4389, 'rank': 26, 'fitness': 0.14477984455313386, 'generation': 72}","{'id': 4434, 'rank': 27, 'fitness': 0.14252503764634156, 'generation': 72}","{'id': 4296, 'rank': 28, 'fitness': 0.0281361766783344, 'generation': 72}","{'id': 4278, 'rank': 29, 'fitness': 0.01798620996209155, 'generation': 72}","{'id': 4278, 'rank': 30, 'fitness': 0.01798620996209155, 'generation': 72}"
"{'id': 4464, 'rank': 1, 'fitness': 0.9820137900379085, 'generation': 73}","{'id': 4464, 'rank': 2, 'fitness': 0.9820137900379085, 'generation': 73}","{'id': 4464, 'rank': 3, 'fitness': 0.9820137900379085, 'generation': 73}","{'id': 4464, 'rank': 4, 'fitness': 0.9820137900379085, 'generation': 73}","{'id': 4465, 'rank': 5, 'fitness': 0.9308844282880684, 'generation': 73}","{'id': 4465, 'rank': 6, 'fitness': 0.9308844282880684, 'generation': 73}","{'id': 4465, 'rank': 7, 'fitness': 0.9308844282880684, 'generation': 73}","{'id': 4476, 'rank': 8, 'fitness': 0.6297211611491287, 'generation': 73}","{'id': 4488, 'rank': 9, 'fitness': 0.6043401496153922, 'generation': 73}","{'id': 4462, 'rank': 10, 'fitness': 0.5466860614686061, 'generation': 73}","{'id': 4462, 'rank': 11, 'fitness': 0.5466860614686061, 'generation': 73}","{'id': 4386, 'rank': 12, 'fitness': 0.5029503103122839, 'generation': 73}","{'id': 4386, 'rank': 13, 'fitness': 0.5029503103122839, 'generation': 73}","{'id': 4386, 'rank': 14, 'fitness': 0.5029503103122839, 'generation': 73}","{'id': 4386, 'rank': 15, 'fitness': 0.5029503103122839, 'generation': 73}","{'id': 4386, 'rank': 16, 'fitness': 0.5029503103122839, 'generation': 73}","{'id': 4386, 'rank': 17, 'fitness': 0.5029503103122839, 'generation': 73}","{'id': 4386, 'rank': 18, 'fitness': 0.5029503103122839, 'generation': 73}","{'id': 4491, 'rank': 19, 'fitness': 0.4209304683498007, 'generation': 73}","{'id': 4491, 'rank': 20, 'fitness': 0.4209304683498007, 'generation': 73}","{'id': 4469, 'rank': 21, 'fitness': 0.3859310188335177, 'generation': 73}","{'id': 4469, 'rank': 22, 'fitness': 0.3859310188335177, 'generation': 73}","{'id': 4390, 'rank': 23, 'fitness': 0.365471376684371, 'generation': 73}","{'id': 4390, 'rank': 24, 'fitness': 0.365471376684371, 'generation': 73}","{'id': 4502, 'rank': 25, 'fitness': 0.11764229792456826, 'generation': 73}","{'id': 4501, 'rank': 26, 'fitness': 0.07455943063287163, 'generation': 73}","{'id': 4489, 'rank': 27, 'fitness': 0.0724029721834204, 'generation': 73}","{'id': 4490, 'rank': 28, 'fitness': 0.05073478620952443, 'generation': 73}","{'id': 4470, 'rank': 29, 'fitness': 0.025971087663689385, 'generation': 73}","{'id': 4435, 'rank': 30, 'fitness': 0.01798620996209155, 'generation': 73}"
"{'id': 4517, 'rank': 1, 'fitness': 0.9820137900379085, 'generation': 74}","{'id': 4517, 'rank': 2, 'fitness': 0.9820137900379085, 'generation': 74}","{'id': 4517, 'rank': 3, 'fitness': 0.9820137900379085, 'generation': 74}","{'id': 4520, 'rank': 4, 'fitness': 0.11277717262757703, 'generation': 74}","{'id': 4520, 'rank': 5, 'fitness': 0.11277717262757703, 'generation': 74}","{'id': 4520, 'rank': 6, 'fitness': 0.11277717262757703, 'generation': 74}","{'id': 4464, 'rank': 7, 'fitness': 0.09351064280008597, 'generation': 74}","{'id': 4464, 'rank': 8, 'fitness': 0.09351064280008597, 'generation': 74}","{'id': 4464, 'rank': 9, 'fitness': 0.09351064280008597, 'generation': 74}","{'id': 4464, 'rank': 10, 'fitness': 0.09351064280008597, 'generation': 74}","{'id': 4523, 'rank': 11, 'fitness': 0.06205851378191468, 'generation': 74}","{'id': 4523, 'rank': 12, 'fitness': 0.06205851378191468, 'generation': 74}","{'id': 4465, 'rank': 13, 'fitness': 0.05716140793880675, 'generation': 74}","{'id': 4465, 'rank': 14, 'fitness': 0.05716140793880675, 'generation': 74}","{'id': 4465, 'rank': 15, 'fitness': 0.05716140793880675, 'generation': 74}","{'id': 4503, 'rank': 16, 'fitness': 0.05570748861480923, 'generation': 74}","{'id': 4503, 'rank': 17, 'fitness': 0.05570748861480923, 'generation': 74}","{'id': 4503, 'rank': 18, 'fitness': 0.05570748861480923, 'generation': 74}","{'id': 4505, 'rank': 19, 'fitness': 0.053022383098635384, 'generation': 74}","{'id': 4476, 'rank': 20, 'fitness': 0.02688741961895913, 'generation': 74}","{'id': 4488, 'rank': 21, 'fitness': 0.02584027914344389, 'generation': 74}","{'id': 4488, 'rank': 22, 'fitness': 0.02584027914344389, 'generation': 74}","{'id': 4516, 'rank': 23, 'fitness': 0.02545254980928391, 'generation': 74}","{'id': 4504, 'rank': 24, 'fitness': 0.02542980731226263, 'generation': 74}","{'id': 4462, 'rank': 25, 'fitness': 0.02367508148665809, 'generation': 74}","{'id': 4386, 'rank': 26, 'fitness': 0.02218262266201032, 'generation': 74}","{'id': 4386, 'rank': 27, 'fitness': 0.02218262266201032, 'generation': 74}","{'id': 4386, 'rank': 28, 'fitness': 0.02218262266201032, 'generation': 74}","{'id': 4386, 'rank': 29, 'fitness': 0.02218262266201032, 'generation': 74}","{'id': 4390, 'rank': 30, 'fitness': 0.01798620996209155, 'generation': 74}"
"{'id': 4566, 'rank': 1, 'fitness': 0.9820137900379085, 'generation': 75}","{'id': 4566, 'rank': 2, 'fitness': 0.9820137900379085, 'generation': 75}","{'id': 4566, 'rank': 3, 'fitness': 0.9820137900379085, 'generation': 75}","{'id': 4574, 'rank': 4, 'fitness': 0.9787895791872853, 'generation': 75}","{'id': 4574, 'rank': 5, 'fitness': 0.9787895791872853, 'generation': 75}","{'id': 4574, 'rank': 6, 'fitness': 0.9787895791872853, 'generation': 75}","{'id': 4574, 'rank': 7, 'fitness': 0.9787895791872853, 'generation': 75}","{'id': 4573, 'rank': 8, 'fitness': 0.9552438988255253, 'generation': 75}","{'id': 4573, 'rank': 9, 'fitness': 0.9552438988255253, 'generation': 75}","{'id': 4573, 'rank': 10, 'fitness': 0.9552438988255253, 'generation': 75}","{'id': 4573, 'rank': 11, 'fitness': 0.9552438988255253, 'generation': 75}","{'id': 4517, 'rank': 12, 'fitness': 0.9286559440460095, 'generation': 75}","{'id': 4517, 'rank': 13, 'fitness': 0.9286559440460095, 'generation': 75}","{'id': 4517, 'rank': 14, 'fitness': 0.9286559440460095, 'generation': 75}","{'id': 4517, 'rank': 15, 'fitness': 0.9286559440460095, 'generation': 75}","{'id': 4565, 'rank': 16, 'fitness': 0.8487627990060196, 'generation': 75}","{'id': 4565, 'rank': 17, 'fitness': 0.8487627990060196, 'generation': 75}","{'id': 4572, 'rank': 18, 'fitness': 0.848521685643889, 'generation': 75}","{'id': 4572, 'rank': 19, 'fitness': 0.848521685643889, 'generation': 75}","{'id': 4564, 'rank': 20, 'fitness': 0.7942407360601816, 'generation': 75}","{'id': 4575, 'rank': 21, 'fitness': 0.5199200442981816, 'generation': 75}","{'id': 4575, 'rank': 22, 'fitness': 0.5199200442981816, 'generation': 75}","{'id': 4575, 'rank': 23, 'fitness': 0.5199200442981816, 'generation': 75}","{'id': 4570, 'rank': 24, 'fitness': 0.2723254095392992, 'generation': 75}","{'id': 4520, 'rank': 25, 'fitness': 0.03607425473344722, 'generation': 75}","{'id': 4464, 'rank': 26, 'fitness': 0.02968473204153671, 'generation': 75}","{'id': 4464, 'rank': 27, 'fitness': 0.02968473204153671, 'generation': 75}","{'id': 4464, 'rank': 28, 'fitness': 0.02968473204153671, 'generation': 75}","{'id': 4465, 'rank': 29, 'fitness': 0.01798620996209155, 'generation': 75}","{'id': 4465, 'rank': 30, 'fitness': 0.01798620996209155, 'generation': 75}"
"{'id': 4596, 'rank': 1, 'fitness': 0.9820137900379085, 'generation': 76}","{'id': 4596, 'rank': 2, 'fitness': 0.9820137900379085, 'generation': 76}","{'id': 4617, 'rank': 3, 'fitness': 0.8204287374305668, 'generation': 76}","{'id': 4634, 'rank': 4, 'fitness': 0.8160835123362988, 'generation': 76}","{'id': 4603, 'rank': 5, 'fitness': 0.7855176170555433, 'generation': 76}","{'id': 4603, 'rank': 6, 'fitness': 0.7855176170555433, 'generation': 76}","{'id': 4612, 'rank': 7, 'fitness': 0.7279053848622912, 'generation': 76}","{'id': 4612, 'rank': 8, 'fitness': 0.7279053848622912, 'generation': 76}","{'id': 4597, 'rank': 9, 'fitness': 0.6638324222848485, 'generation': 76}","{'id': 4597, 'rank': 10, 'fitness': 0.6638324222848485, 'generation': 76}","{'id': 4597, 'rank': 11, 'fitness': 0.6638324222848485, 'generation': 76}","{'id': 4566, 'rank': 12, 'fitness': 0.6082683466593573, 'generation': 76}","{'id': 4566, 'rank': 13, 'fitness': 0.6082683466593573, 'generation': 76}","{'id': 4566, 'rank': 14, 'fitness': 0.6082683466593573, 'generation': 76}","{'id': 4566, 'rank': 15, 'fitness': 0.6082683466593573, 'generation': 76}","{'id': 4566, 'rank': 16, 'fitness': 0.6082683466593573, 'generation': 76}","{'id': 4595, 'rank': 17, 'fitness': 0.5544412045778588, 'generation': 76}","{'id': 4605, 'rank': 18, 'fitness': 0.5462551522949739, 'generation': 76}","{'id': 4574, 'rank': 19, 'fitness': 0.5181699930867668, 'generation': 76}","{'id': 4574, 'rank': 20, 'fitness': 0.5181699930867668, 'generation': 76}","{'id': 4602, 'rank': 21, 'fitness': 0.3458579963332655, 'generation': 76}","{'id': 4645, 'rank': 22, 'fitness': 0.3402790890148711, 'generation': 76}","{'id': 4645, 'rank': 23, 'fitness': 0.3402790890148711, 'generation': 76}","{'id': 4573, 'rank': 24, 'fitness': 0.16638329177344696, 'generation': 76}","{'id': 4573, 'rank': 25, 'fitness': 0.16638329177344696, 'generation': 76}","{'id': 4573, 'rank': 26, 'fitness': 0.16638329177344696, 'generation': 76}","{'id': 4573, 'rank': 27, 'fitness': 0.16638329177344696, 'generation': 76}","{'id': 4517, 'rank': 28, 'fitness': 0.06347141518458643, 'generation': 76}","{'id': 4644, 'rank': 29, 'fitness': 0.01970172591237901, 'generation': 76}","{'id': 4600, 'rank': 30, 'fitness': 0.01798620996209155, 'generation': 76}"
"{'id': 4596, 'rank': 1, 'fitness': 0.9820137900379085, 'generation': 77}","{'id': 4596, 'rank': 2, 'fitness': 0.9820137900379085, 'generation': 77}","{'id': 4596, 'rank': 3, 'fitness': 0.9820137900379085, 'generation': 77}","{'id': 4657, 'rank': 4, 'fitness': 0.9818536324593388, 'generation': 77}","{'id': 4657, 'rank': 5, 'fitness': 0.9818536324593388, 'generation': 77}","{'id': 4657, 'rank': 6, 'fitness': 0.9818536324593388, 'generation': 77}","{'id': 4681, 'rank': 7, 'fitness': 0.981766282593925, 'generation': 77}","{'id': 4681, 'rank': 8, 'fitness': 0.981766282593925, 'generation': 77}","{'id': 4617, 'rank': 9, 'fitness': 0.9800113172179443, 'generation': 77}","{'id': 4612, 'rank': 10, 'fitness': 0.979551437140268, 'generation': 77}","{'id': 4612, 'rank': 11, 'fitness': 0.979551437140268, 'generation': 77}","{'id': 4597, 'rank': 12, 'fitness': 0.9792859904484761, 'generation': 77}","{'id': 4597, 'rank': 13, 'fitness': 0.9792859904484761, 'generation': 77}","{'id': 4566, 'rank': 14, 'fitness': 0.9790734291834549, 'generation': 77}","{'id': 4566, 'rank': 15, 'fitness': 0.9790734291834549, 'generation': 77}","{'id': 4566, 'rank': 16, 'fitness': 0.9790734291834549, 'generation': 77}","{'id': 4566, 'rank': 17, 'fitness': 0.9790734291834549, 'generation': 77}","{'id': 4566, 'rank': 18, 'fitness': 0.9790734291834549, 'generation': 77}","{'id': 4566, 'rank': 19, 'fitness': 0.9790734291834549, 'generation': 77}","{'id': 4605, 'rank': 20, 'fitness': 0.978846067334957, 'generation': 77}","{'id': 4605, 'rank': 21, 'fitness': 0.978846067334957, 'generation': 77}","{'id': 4574, 'rank': 22, 'fitness': 0.978744484049789, 'generation': 77}","{'id': 4574, 'rank': 23, 'fitness': 0.978744484049789, 'generation': 77}","{'id': 4574, 'rank': 24, 'fitness': 0.978744484049789, 'generation': 77}","{'id': 4602, 'rank': 25, 'fitness': 0.978094266028541, 'generation': 77}","{'id': 4602, 'rank': 26, 'fitness': 0.978094266028541, 'generation': 77}","{'id': 4602, 'rank': 27, 'fitness': 0.978094266028541, 'generation': 77}","{'id': 4645, 'rank': 28, 'fitness': 0.9780712486641472, 'generation': 77}","{'id': 4600, 'rank': 29, 'fitness': 0.974741278961943, 'generation': 77}","{'id': 4691, 'rank': 30, 'fitness': 0.01798620996209155, 'generation': 77}"
"{'id': 4747, 'rank': 1, 'fitness': 0.9820137900379085, 'generation': 78}","{'id': 4714, 'rank': 2, 'fitness': 0.9797804189747451, 'generation': 78}","{'id': 4714, 'rank': 3, 'fitness': 0.9797804189747451, 'generation': 78}","{'id': 4714, 'rank': 4, 'fitness': 0.9797804189747451, 'generation': 78}","{'id': 4741, 'rank': 5, 'fitness': 0.9769828278007877, 'generation': 78}","{'id': 4741, 'rank': 6, 'fitness': 0.9769828278007877, 'generation': 78}","{'id': 4713, 'rank': 7, 'fitness': 0.9625249947112253, 'generation': 78}","{'id': 4713, 'rank': 8, 'fitness': 0.9625249947112253, 'generation': 78}","{'id': 4770, 'rank': 9, 'fitness': 0.9338434608303346, 'generation': 78}","{'id': 4770, 'rank': 10, 'fitness': 0.9338434608303346, 'generation': 78}","{'id': 4770, 'rank': 11, 'fitness': 0.9338434608303346, 'generation': 78}","{'id': 4739, 'rank': 12, 'fitness': 0.9299799881679338, 'generation': 78}","{'id': 4716, 'rank': 13, 'fitness': 0.906202071827462, 'generation': 78}","{'id': 4596, 'rank': 14, 'fitness': 0.860267175554878, 'generation': 78}","{'id': 4596, 'rank': 15, 'fitness': 0.860267175554878, 'generation': 78}","{'id': 4596, 'rank': 16, 'fitness': 0.860267175554878, 'generation': 78}","{'id': 4657, 'rank': 17, 'fitness': 0.8256453695881922, 'generation': 78}","{'id': 4657, 'rank': 18, 'fitness': 0.8256453695881922, 'generation': 78}","{'id': 4657, 'rank': 19, 'fitness': 0.8256453695881922, 'generation': 78}","{'id': 4657, 'rank': 20, 'fitness': 0.8256453695881922, 'generation': 78}","{'id': 4657, 'rank': 21, 'fitness': 0.8256453695881922, 'generation': 78}","{'id': 4681, 'rank': 22, 'fitness': 0.8042225739671968, 'generation': 78}","{'id': 4681, 'rank': 23, 'fitness': 0.8042225739671968, 'generation': 78}","{'id': 4681, 'rank': 24, 'fitness': 0.8042225739671968, 'generation': 78}","{'id': 4721, 'rank': 25, 'fitness': 0.7944900158692844, 'generation': 78}","{'id': 4721, 'rank': 26, 'fitness': 0.7944900158692844, 'generation': 78}","{'id': 4748, 'rank': 27, 'fitness': 0.6534585937750631, 'generation': 78}","{'id': 4617, 'rank': 28, 'fitness': 0.21242947304318782, 'generation': 78}","{'id': 4597, 'rank': 29, 'fitness': 0.08564640957417058, 'generation': 78}","{'id': 4757, 'rank': 30, 'fitness': 0.01798620996209155, 'generation': 78}"
"{'id': 4778, 'rank': 1, 'fitness': 0.9820137900379085, 'generation': 79}","{'id': 4778, 'rank': 2, 'fitness': 0.9820137900379085, 'generation': 79}","{'id': 4843, 'rank': 3, 'fitness': 0.9586990315086998, 'generation': 79}","{'id': 4843, 'rank': 4, 'fitness': 0.9586990315086998, 'generation': 79}","{'id': 4794, 'rank': 5, 'fitness': 0.93921487962461, 'generation': 79}","{'id': 4794, 'rank': 6, 'fitness': 0.93921487962461, 'generation': 79}","{'id': 4835, 'rank': 7, 'fitness': 0.7124229305871826, 'generation': 79}","{'id': 4835, 'rank': 8, 'fitness': 0.7124229305871826, 'generation': 79}","{'id': 4835, 'rank': 9, 'fitness': 0.7124229305871826, 'generation': 79}","{'id': 4842, 'rank': 10, 'fitness': 0.6899470179980838, 'generation': 79}","{'id': 4747, 'rank': 11, 'fitness': 0.5814111956673428, 'generation': 79}","{'id': 4714, 'rank': 12, 'fitness': 0.5408721591007101, 'generation': 79}","{'id': 4714, 'rank': 13, 'fitness': 0.5408721591007101, 'generation': 79}","{'id': 4714, 'rank': 14, 'fitness': 0.5408721591007101, 'generation': 79}","{'id': 4839, 'rank': 15, 'fitness': 0.539763080174872, 'generation': 79}","{'id': 4713, 'rank': 16, 'fitness': 0.32906452206302783, 'generation': 79}","{'id': 4770, 'rank': 17, 'fitness': 0.1767192622287766, 'generation': 79}","{'id': 4770, 'rank': 18, 'fitness': 0.1767192622287766, 'generation': 79}","{'id': 4770, 'rank': 19, 'fitness': 0.1767192622287766, 'generation': 79}","{'id': 4770, 'rank': 20, 'fitness': 0.1767192622287766, 'generation': 79}","{'id': 4854, 'rank': 21, 'fitness': 0.16876561594270867, 'generation': 79}","{'id': 4739, 'rank': 22, 'fitness': 0.16481821737329733, 'generation': 79}","{'id': 4596, 'rank': 23, 'fitness': 0.06391421470820963, 'generation': 79}","{'id': 4841, 'rank': 24, 'fitness': 0.049234682841665434, 'generation': 79}","{'id': 4657, 'rank': 25, 'fitness': 0.04537157989349283, 'generation': 79}","{'id': 4657, 'rank': 26, 'fitness': 0.04537157989349283, 'generation': 79}","{'id': 4657, 'rank': 27, 'fitness': 0.04537157989349283, 'generation': 79}","{'id': 4681, 'rank': 28, 'fitness': 0.037590153199544674, 'generation': 79}","{'id': 4681, 'rank': 29, 'fitness': 0.037590153199544674, 'generation': 79}","{'id': 4849, 'rank': 30, 'fitness': 0.01798620996209155, 'generation': 79}"
"{'id': 4859, 'rank': 1, 'fitness': 0.9820137900379085, 'generation': 80}","{'id': 4859, 'rank': 2, 'fitness': 0.9820137900379085, 'generation': 80}","{'id': 4858, 'rank': 3, 'fitness': 0.955060457836902, 'generation': 80}","{'id': 4858, 'rank': 4, 'fitness': 0.955060457836902, 'generation': 80}","{'id': 4911, 'rank': 5, 'fitness': 0.9082106004082922, 'generation': 80}","{'id': 4911, 'rank': 6, 'fitness': 0.9082106004082922, 'generation': 80}","{'id': 4911, 'rank': 7, 'fitness': 0.9082106004082922, 'generation': 80}","{'id': 4778, 'rank': 8, 'fitness': 0.8358565768287824, 'generation': 80}","{'id': 4778, 'rank': 9, 'fitness': 0.8358565768287824, 'generation': 80}","{'id': 4778, 'rank': 10, 'fitness': 0.8358565768287824, 'generation': 80}","{'id': 4778, 'rank': 11, 'fitness': 0.8358565768287824, 'generation': 80}","{'id': 4778, 'rank': 12, 'fitness': 0.8358565768287824, 'generation': 80}","{'id': 4843, 'rank': 13, 'fitness': 0.7492742557274698, 'generation': 80}","{'id': 4843, 'rank': 14, 'fitness': 0.7492742557274698, 'generation': 80}","{'id': 4843, 'rank': 15, 'fitness': 0.7492742557274698, 'generation': 80}","{'id': 4794, 'rank': 16, 'fitness': 0.6987042647029099, 'generation': 80}","{'id': 4794, 'rank': 17, 'fitness': 0.6987042647029099, 'generation': 80}","{'id': 4896, 'rank': 18, 'fitness': 0.6908051701026897, 'generation': 80}","{'id': 4896, 'rank': 19, 'fitness': 0.6908051701026897, 'generation': 80}","{'id': 4895, 'rank': 20, 'fitness': 0.570048283428588, 'generation': 80}","{'id': 4861, 'rank': 21, 'fitness': 0.48486603186606975, 'generation': 80}","{'id': 4835, 'rank': 22, 'fitness': 0.4256745663338422, 'generation': 80}","{'id': 4835, 'rank': 23, 'fitness': 0.4256745663338422, 'generation': 80}","{'id': 4835, 'rank': 24, 'fitness': 0.4256745663338422, 'generation': 80}","{'id': 4747, 'rank': 25, 'fitness': 0.3407231989530616, 'generation': 80}","{'id': 4747, 'rank': 26, 'fitness': 0.3407231989530616, 'generation': 80}","{'id': 4839, 'rank': 27, 'fitness': 0.3174544612072653, 'generation': 80}","{'id': 4912, 'rank': 28, 'fitness': 0.16527740259015916, 'generation': 80}","{'id': 4770, 'rank': 29, 'fitness': 0.138996268393748, 'generation': 80}","{'id': 4902, 'rank': 30, 'fitness': 0.01798620996209155, 'generation': 80}"
"{'id': 4954, 'rank': 1, 'fitness': 0.9820137900379085, 'generation': 81}","{'id': 4929, 'rank': 2, 'fitness': 0.9130298858808225, 'generation': 81}","{'id': 4929, 'rank': 3, 'fitness': 0.9130298858808225, 'generation': 81}","{'id': 4929, 'rank': 4, 'fitness': 0.9130298858808225, 'generation': 81}","{'id': 4927, 'rank': 5, 'fitness': 0.8678348905563309, 'generation': 81}","{'id': 4963, 'rank': 6, 'fitness': 0.7221884844026735, 'generation': 81}","{'id': 4963, 'rank': 7, 'fitness': 0.7221884844026735, 'generation': 81}","{'id': 4859, 'rank': 8, 'fitness': 0.6036846332642456, 'generation': 81}","{'id': 4859, 'rank': 9, 'fitness': 0.6036846332642456, 'generation': 81}","{'id': 4859, 'rank': 10, 'fitness': 0.6036846332642456, 'generation': 81}","{'id': 4928, 'rank': 11, 'fitness': 0.48747947747804016, 'generation': 81}","{'id': 4928, 'rank': 12, 'fitness': 0.48747947747804016, 'generation': 81}","{'id': 4928, 'rank': 13, 'fitness': 0.48747947747804016, 'generation': 81}","{'id': 4858, 'rank': 14, 'fitness': 0.3883003592791534, 'generation': 81}","{'id': 4858, 'rank': 15, 'fitness': 0.3883003592791534, 'generation': 81}","{'id': 4953, 'rank': 16, 'fitness': 0.29540122531468016, 'generation': 81}","{'id': 4953, 'rank': 17, 'fitness': 0.29540122531468016, 'generation': 81}","{'id': 4953, 'rank': 18, 'fitness': 0.29540122531468016, 'generation': 81}","{'id': 4956, 'rank': 19, 'fitness': 0.25383811172652726, 'generation': 81}","{'id': 4956, 'rank': 20, 'fitness': 0.25383811172652726, 'generation': 81}","{'id': 4956, 'rank': 21, 'fitness': 0.25383811172652726, 'generation': 81}","{'id': 4911, 'rank': 22, 'fitness': 0.23800463910947445, 'generation': 81}","{'id': 4911, 'rank': 23, 'fitness': 0.23800463910947445, 'generation': 81}","{'id': 4778, 'rank': 24, 'fitness': 0.14431893385990063, 'generation': 81}","{'id': 4843, 'rank': 25, 'fitness': 0.09327414100132014, 'generation': 81}","{'id': 4955, 'rank': 26, 'fitness': 0.08410681156451855, 'generation': 81}","{'id': 4794, 'rank': 27, 'fitness': 0.07519031057861914, 'generation': 81}","{'id': 4896, 'rank': 28, 'fitness': 0.07282245659591646, 'generation': 81}","{'id': 4747, 'rank': 29, 'fitness': 0.01979751818869796, 'generation': 81}","{'id': 4839, 'rank': 30, 'fitness': 0.01798620996209155, 'generation': 81}"
"{'id': 4974, 'rank': 1, 'fitness': 0.9820137900379085, 'generation': 82}","{'id': 4974, 'rank': 2, 'fitness': 0.9820137900379085, 'generation': 82}","{'id': 4974, 'rank': 3, 'fitness': 0.9820137900379085, 'generation': 82}","{'id': 4977, 'rank': 4, 'fitness': 0.9793943289903905, 'generation': 82}","{'id': 4977, 'rank': 5, 'fitness': 0.9793943289903905, 'generation': 82}","{'id': 4977, 'rank': 6, 'fitness': 0.9793943289903905, 'generation': 82}","{'id': 4977, 'rank': 7, 'fitness': 0.9793943289903905, 'generation': 82}","{'id': 4954, 'rank': 8, 'fitness': 0.9793071272494581, 'generation': 82}","{'id': 4954, 'rank': 9, 'fitness': 0.9793071272494581, 'generation': 82}","{'id': 4954, 'rank': 10, 'fitness': 0.9793071272494581, 'generation': 82}","{'id': 4976, 'rank': 11, 'fitness': 0.926276237254394, 'generation': 82}","{'id': 4929, 'rank': 12, 'fitness': 0.8342029010284502, 'generation': 82}","{'id': 4929, 'rank': 13, 'fitness': 0.8342029010284502, 'generation': 82}","{'id': 4929, 'rank': 14, 'fitness': 0.8342029010284502, 'generation': 82}","{'id': 4929, 'rank': 15, 'fitness': 0.8342029010284502, 'generation': 82}","{'id': 4929, 'rank': 16, 'fitness': 0.8342029010284502, 'generation': 82}","{'id': 4929, 'rank': 17, 'fitness': 0.8342029010284502, 'generation': 82}","{'id': 4929, 'rank': 18, 'fitness': 0.8342029010284502, 'generation': 82}","{'id': 4929, 'rank': 19, 'fitness': 0.8342029010284502, 'generation': 82}","{'id': 4963, 'rank': 20, 'fitness': 0.4300133737940568, 'generation': 82}","{'id': 4859, 'rank': 21, 'fitness': 0.26729531174940074, 'generation': 82}","{'id': 4859, 'rank': 22, 'fitness': 0.26729531174940074, 'generation': 82}","{'id': 4859, 'rank': 23, 'fitness': 0.26729531174940074, 'generation': 82}","{'id': 4859, 'rank': 24, 'fitness': 0.26729531174940074, 'generation': 82}","{'id': 4928, 'rank': 25, 'fitness': 0.1613025398506409, 'generation': 82}","{'id': 4928, 'rank': 26, 'fitness': 0.1613025398506409, 'generation': 82}","{'id': 4858, 'rank': 27, 'fitness': 0.09990673534738453, 'generation': 82}","{'id': 4953, 'rank': 28, 'fitness': 0.059402651229754855, 'generation': 82}","{'id': 4911, 'rank': 29, 'fitness': 0.04060860858404092, 'generation': 82}","{'id': 4778, 'rank': 30, 'fitness': 0.01798620996209155, 'generation': 82}"
"{'id': 5065, 'rank': 1, 'fitness': 0.9820137900379085, 'generation': 83}","{'id': 5068, 'rank': 2, 'fitness': 0.9085141098078402, 'generation': 83}","{'id': 5068, 'rank': 3, 'fitness': 0.9085141098078402, 'generation': 83}","{'id': 5068, 'rank': 4, 'fitness': 0.9085141098078402, 'generation': 83}","{'id': 5068, 'rank': 5, 'fitness': 0.9085141098078402, 'generation': 83}","{'id': 5068, 'rank': 6, 'fitness': 0.9085141098078402, 'generation': 83}","{'id': 5068, 'rank': 7, 'fitness': 0.9085141098078402, 'generation': 83}","{'id': 5068, 'rank': 8, 'fitness': 0.9085141098078402, 'generation': 83}","{'id': 5045, 'rank': 9, 'fitness': 0.814228290933297, 'generation': 83}","{'id': 5045, 'rank': 10, 'fitness': 0.814228290933297, 'generation': 83}","{'id': 5045, 'rank': 11, 'fitness': 0.814228290933297, 'generation': 83}","{'id': 5039, 'rank': 12, 'fitness': 0.633110507752557, 'generation': 83}","{'id': 5070, 'rank': 13, 'fitness': 0.615850110107986, 'generation': 83}","{'id': 5070, 'rank': 14, 'fitness': 0.615850110107986, 'generation': 83}","{'id': 5062, 'rank': 15, 'fitness': 0.5489750829271889, 'generation': 83}","{'id': 5062, 'rank': 16, 'fitness': 0.5489750829271889, 'generation': 83}","{'id': 5062, 'rank': 17, 'fitness': 0.5489750829271889, 'generation': 83}","{'id': 5053, 'rank': 18, 'fitness': 0.24374093917785034, 'generation': 83}","{'id': 5040, 'rank': 19, 'fitness': 0.18947803415017206, 'generation': 83}","{'id': 5040, 'rank': 20, 'fitness': 0.18947803415017206, 'generation': 83}","{'id': 5038, 'rank': 21, 'fitness': 0.17975397862991227, 'generation': 83}","{'id': 5038, 'rank': 22, 'fitness': 0.17975397862991227, 'generation': 83}","{'id': 5046, 'rank': 23, 'fitness': 0.1099415966187155, 'generation': 83}","{'id': 5076, 'rank': 24, 'fitness': 0.044223683836796035, 'generation': 83}","{'id': 5031, 'rank': 25, 'fitness': 0.02538868238546621, 'generation': 83}","{'id': 4974, 'rank': 26, 'fitness': 0.023011056127542284, 'generation': 83}","{'id': 4974, 'rank': 27, 'fitness': 0.023011056127542284, 'generation': 83}","{'id': 4977, 'rank': 28, 'fitness': 0.01812070309363134, 'generation': 83}","{'id': 4954, 'rank': 29, 'fitness': 0.01798620996209155, 'generation': 83}","{'id': 4954, 'rank': 30, 'fitness': 0.01798620996209155, 'generation': 83}"
"{'id': 5093, 'rank': 1, 'fitness': 0.9820137900379085, 'generation': 84}","{'id': 5096, 'rank': 2, 'fitness': 0.9474467651447643, 'generation': 84}","{'id': 5096, 'rank': 3, 'fitness': 0.9474467651447643, 'generation': 84}","{'id': 5096, 'rank': 4, 'fitness': 0.9474467651447643, 'generation': 84}","{'id': 5065, 'rank': 5, 'fitness': 0.9238650500970389, 'generation': 84}","{'id': 5065, 'rank': 6, 'fitness': 0.9238650500970389, 'generation': 84}","{'id': 5065, 'rank': 7, 'fitness': 0.9238650500970389, 'generation': 84}","{'id': 5065, 'rank': 8, 'fitness': 0.9238650500970389, 'generation': 84}","{'id': 5068, 'rank': 9, 'fitness': 0.9002515348777811, 'generation': 84}","{'id': 5068, 'rank': 10, 'fitness': 0.9002515348777811, 'generation': 84}","{'id': 5068, 'rank': 11, 'fitness': 0.9002515348777811, 'generation': 84}","{'id': 5068, 'rank': 12, 'fitness': 0.9002515348777811, 'generation': 84}","{'id': 5068, 'rank': 13, 'fitness': 0.9002515348777811, 'generation': 84}","{'id': 5068, 'rank': 14, 'fitness': 0.9002515348777811, 'generation': 84}","{'id': 5068, 'rank': 15, 'fitness': 0.9002515348777811, 'generation': 84}","{'id': 5068, 'rank': 16, 'fitness': 0.9002515348777811, 'generation': 84}","{'id': 5068, 'rank': 17, 'fitness': 0.9002515348777811, 'generation': 84}","{'id': 5068, 'rank': 18, 'fitness': 0.9002515348777811, 'generation': 84}","{'id': 5045, 'rank': 19, 'fitness': 0.8867493967464863, 'generation': 84}","{'id': 5045, 'rank': 20, 'fitness': 0.8867493967464863, 'generation': 84}","{'id': 5045, 'rank': 21, 'fitness': 0.8867493967464863, 'generation': 84}","{'id': 5045, 'rank': 22, 'fitness': 0.8867493967464863, 'generation': 84}","{'id': 5039, 'rank': 23, 'fitness': 0.8694443201983586, 'generation': 84}","{'id': 5053, 'rank': 24, 'fitness': 0.8326635722867044, 'generation': 84}","{'id': 5040, 'rank': 25, 'fitness': 0.824747017280214, 'generation': 84}","{'id': 5038, 'rank': 26, 'fitness': 0.8231190503509116, 'generation': 84}","{'id': 4974, 'rank': 27, 'fitness': 0.7595486619133117, 'generation': 84}","{'id': 4977, 'rank': 28, 'fitness': 0.7517263851858631, 'generation': 84}","{'id': 5119, 'rank': 29, 'fitness': 0.6972233759473614, 'generation': 84}","{'id': 5085, 'rank': 30, 'fitness': 0.01798620996209155, 'generation': 84}"
"{'id': 5201, 'rank': 1, 'fitness': 0.9820137900379085, 'generation': 85}","{'id': 5201, 'rank': 2, 'fitness': 0.9820137900379085, 'generation': 85}","{'id': 5201, 'rank': 3, 'fitness': 0.9820137900379085, 'generation': 85}","{'id': 5204, 'rank': 4, 'fitness': 0.9782196389942176, 'generation': 85}","{'id': 5204, 'rank': 5, 'fitness': 0.9782196389942176, 'generation': 85}","{'id': 5204, 'rank': 6, 'fitness': 0.9782196389942176, 'generation': 85}","{'id': 5205, 'rank': 7, 'fitness': 0.9779176727150308, 'generation': 85}","{'id': 5203, 'rank': 8, 'fitness': 0.9776844173991315, 'generation': 85}","{'id': 5202, 'rank': 9, 'fitness': 0.975088240078839, 'generation': 85}","{'id': 5096, 'rank': 10, 'fitness': 0.9623498828917326, 'generation': 85}","{'id': 5096, 'rank': 11, 'fitness': 0.9623498828917326, 'generation': 85}","{'id': 5096, 'rank': 12, 'fitness': 0.9623498828917326, 'generation': 85}","{'id': 5065, 'rank': 13, 'fitness': 0.9522746224141954, 'generation': 85}","{'id': 5065, 'rank': 14, 'fitness': 0.9522746224141954, 'generation': 85}","{'id': 5065, 'rank': 15, 'fitness': 0.9522746224141954, 'generation': 85}","{'id': 5065, 'rank': 16, 'fitness': 0.9522746224141954, 'generation': 85}","{'id': 5065, 'rank': 17, 'fitness': 0.9522746224141954, 'generation': 85}","{'id': 5065, 'rank': 18, 'fitness': 0.9522746224141954, 'generation': 85}","{'id': 5068, 'rank': 19, 'fitness': 0.9431173634613637, 'generation': 85}","{'id': 5068, 'rank': 20, 'fitness': 0.9431173634613637, 'generation': 85}","{'id': 5068, 'rank': 21, 'fitness': 0.9431173634613637, 'generation': 85}","{'id': 5045, 'rank': 22, 'fitness': 0.9381577264474246, 'generation': 85}","{'id': 5039, 'rank': 23, 'fitness': 0.9320141902581724, 'generation': 85}","{'id': 5040, 'rank': 24, 'fitness': 0.916891936484312, 'generation': 85}","{'id': 5038, 'rank': 25, 'fitness': 0.9163554204039099, 'generation': 85}","{'id': 5119, 'rank': 26, 'fitness': 0.8758533125203887, 'generation': 85}","{'id': 5181, 'rank': 27, 'fitness': 0.7282606924681263, 'generation': 85}","{'id': 5162, 'rank': 28, 'fitness': 0.3423436381803808, 'generation': 85}","{'id': 5221, 'rank': 29, 'fitness': 0.05763013631864805, 'generation': 85}","{'id': 5157, 'rank': 30, 'fitness': 0.01798620996209155, 'generation': 85}"
"{'id': 5270, 'rank': 1, 'fitness': 0.9820137900379085, 'generation': 86}","{'id': 5270, 'rank': 2, 'fitness': 0.9820137900379085, 'generation': 86}","{'id': 5270, 'rank': 3, 'fitness': 0.9820137900379085, 'generation': 86}","{'id': 5270, 'rank': 4, 'fitness': 0.9820137900379085, 'generation': 86}","{'id': 5269, 'rank': 5, 'fitness': 0.881062844840582, 'generation': 86}","{'id': 5269, 'rank': 6, 'fitness': 0.881062844840582, 'generation': 86}","{'id': 5235, 'rank': 7, 'fitness': 0.8481847914036054, 'generation': 86}","{'id': 5201, 'rank': 8, 'fitness': 0.7091935457776025, 'generation': 86}","{'id': 5201, 'rank': 9, 'fitness': 0.7091935457776025, 'generation': 86}","{'id': 5201, 'rank': 10, 'fitness': 0.7091935457776025, 'generation': 86}","{'id': 5201, 'rank': 11, 'fitness': 0.7091935457776025, 'generation': 86}","{'id': 5201, 'rank': 12, 'fitness': 0.7091935457776025, 'generation': 86}","{'id': 5253, 'rank': 13, 'fitness': 0.5207762324883699, 'generation': 86}","{'id': 5253, 'rank': 14, 'fitness': 0.5207762324883699, 'generation': 86}","{'id': 5253, 'rank': 15, 'fitness': 0.5207762324883699, 'generation': 86}","{'id': 5204, 'rank': 16, 'fitness': 0.4856447794040602, 'generation': 86}","{'id': 5204, 'rank': 17, 'fitness': 0.4856447794040602, 'generation': 86}","{'id': 5204, 'rank': 18, 'fitness': 0.4856447794040602, 'generation': 86}","{'id': 5204, 'rank': 19, 'fitness': 0.4856447794040602, 'generation': 86}","{'id': 5204, 'rank': 20, 'fitness': 0.4856447794040602, 'generation': 86}","{'id': 5203, 'rank': 21, 'fitness': 0.45560119169533825, 'generation': 86}","{'id': 5257, 'rank': 22, 'fitness': 0.45491842366576907, 'generation': 86}","{'id': 5274, 'rank': 23, 'fitness': 0.3286510976064333, 'generation': 86}","{'id': 5276, 'rank': 24, 'fitness': 0.21049644619422225, 'generation': 86}","{'id': 5236, 'rank': 25, 'fitness': 0.18547524555388478, 'generation': 86}","{'id': 5264, 'rank': 26, 'fitness': 0.06107350411579093, 'generation': 86}","{'id': 5096, 'rank': 27, 'fitness': 0.057509659487942955, 'generation': 86}","{'id': 5279, 'rank': 28, 'fitness': 0.02998641331043367, 'generation': 86}","{'id': 5065, 'rank': 29, 'fitness': 0.01798620996209155, 'generation': 86}","{'id': 5065, 'rank': 30, 'fitness': 0.01798620996209155, 'generation': 86}"
"{'id': 5332, 'rank': 1, 'fitness': 0.9820137900379085, 'generation': 87}","{'id': 5307, 'rank': 2, 'fitness': 0.9610224813427768, 'generation': 87}","{'id': 5307, 'rank': 3, 'fitness': 0.9610224813427768, 'generation': 87}","{'id': 5307, 'rank': 4, 'fitness': 0.9610224813427768, 'generation': 87}","{'id': 5361, 'rank': 5, 'fitness': 0.9530347678730727, 'generation': 87}","{'id': 5361, 'rank': 6, 'fitness': 0.9530347678730727, 'generation': 87}","{'id': 5361, 'rank': 7, 'fitness': 0.9530347678730727, 'generation': 87}","{'id': 5361, 'rank': 8, 'fitness': 0.9530347678730727, 'generation': 87}","{'id': 5361, 'rank': 9, 'fitness': 0.9530347678730727, 'generation': 87}","{'id': 5270, 'rank': 10, 'fitness': 0.8921765169029887, 'generation': 87}","{'id': 5270, 'rank': 11, 'fitness': 0.8921765169029887, 'generation': 87}","{'id': 5270, 'rank': 12, 'fitness': 0.8921765169029887, 'generation': 87}","{'id': 5270, 'rank': 13, 'fitness': 0.8921765169029887, 'generation': 87}","{'id': 5270, 'rank': 14, 'fitness': 0.8921765169029887, 'generation': 87}","{'id': 5358, 'rank': 15, 'fitness': 0.8788764121843253, 'generation': 87}","{'id': 5360, 'rank': 16, 'fitness': 0.8387709018652523, 'generation': 87}","{'id': 5269, 'rank': 17, 'fitness': 0.5743189691952529, 'generation': 87}","{'id': 5269, 'rank': 18, 'fitness': 0.5743189691952529, 'generation': 87}","{'id': 5269, 'rank': 19, 'fitness': 0.5743189691952529, 'generation': 87}","{'id': 5235, 'rank': 20, 'fitness': 0.5108363332997101, 'generation': 87}","{'id': 5235, 'rank': 21, 'fitness': 0.5108363332997101, 'generation': 87}","{'id': 5235, 'rank': 22, 'fitness': 0.5108363332997101, 'generation': 87}","{'id': 5235, 'rank': 23, 'fitness': 0.5108363332997101, 'generation': 87}","{'id': 5333, 'rank': 24, 'fitness': 0.48589507083968286, 'generation': 87}","{'id': 5357, 'rank': 25, 'fitness': 0.4526429984076138, 'generation': 87}","{'id': 5357, 'rank': 26, 'fitness': 0.4526429984076138, 'generation': 87}","{'id': 5201, 'rank': 27, 'fitness': 0.32974545220044615, 'generation': 87}","{'id': 5204, 'rank': 28, 'fitness': 0.17208354094207523, 'generation': 87}","{'id': 5264, 'rank': 29, 'fitness': 0.01798620996209155, 'generation': 87}","{'id': 5264, 'rank': 30, 'fitness': 0.01798620996209155, 'generation': 87}"
"{'id': 5379, 'rank': 1, 'fitness': 0.9820137900379085, 'generation': 88}","{'id': 5379, 'rank': 2, 'fitness': 0.9820137900379085, 'generation': 88}","{'id': 5379, 'rank': 3, 'fitness': 0.9820137900379085, 'generation': 88}","{'id': 5411, 'rank': 4, 'fitness': 0.9782969876900292, 'generation': 88}","{'id': 5410, 'rank': 5, 'fitness': 0.9708707508439978, 'generation': 88}","{'id': 5410, 'rank': 6, 'fitness': 0.9708707508439978, 'generation': 88}","{'id': 5410, 'rank': 7, 'fitness': 0.9708707508439978, 'generation': 88}","{'id': 5423, 'rank': 8, 'fitness': 0.9613491848233937, 'generation': 88}","{'id': 5307, 'rank': 9, 'fitness': 0.9561321781581701, 'generation': 88}","{'id': 5307, 'rank': 10, 'fitness': 0.9561321781581701, 'generation': 88}","{'id': 5307, 'rank': 11, 'fitness': 0.9561321781581701, 'generation': 88}","{'id': 5307, 'rank': 12, 'fitness': 0.9561321781581701, 'generation': 88}","{'id': 5307, 'rank': 13, 'fitness': 0.9561321781581701, 'generation': 88}","{'id': 5307, 'rank': 14, 'fitness': 0.9561321781581701, 'generation': 88}","{'id': 5361, 'rank': 15, 'fitness': 0.9513358418939116, 'generation': 88}","{'id': 5361, 'rank': 16, 'fitness': 0.9513358418939116, 'generation': 88}","{'id': 5361, 'rank': 17, 'fitness': 0.9513358418939116, 'generation': 88}","{'id': 5361, 'rank': 18, 'fitness': 0.9513358418939116, 'generation': 88}","{'id': 5382, 'rank': 19, 'fitness': 0.9257772008273919, 'generation': 88}","{'id': 5408, 'rank': 20, 'fitness': 0.9241721803591869, 'generation': 88}","{'id': 5270, 'rank': 21, 'fitness': 0.9221447802166295, 'generation': 88}","{'id': 5270, 'rank': 22, 'fitness': 0.9221447802166295, 'generation': 88}","{'id': 5270, 'rank': 23, 'fitness': 0.9221447802166295, 'generation': 88}","{'id': 5394, 'rank': 24, 'fitness': 0.9077975581547311, 'generation': 88}","{'id': 5235, 'rank': 25, 'fitness': 0.7884701470783944, 'generation': 88}","{'id': 5357, 'rank': 26, 'fitness': 0.76591518538791, 'generation': 88}","{'id': 5357, 'rank': 27, 'fitness': 0.76591518538791, 'generation': 88}","{'id': 5264, 'rank': 28, 'fitness': 0.28034750399781483, 'generation': 88}","{'id': 5386, 'rank': 29, 'fitness': 0.0963434757763611, 'generation': 88}","{'id': 5377, 'rank': 30, 'fitness': 0.01798620996209155, 'generation': 88}"
"{'id': 5512, 'rank': 1, 'fitness': 0.9820137900379085, 'generation': 89}","{'id': 5512, 'rank': 2, 'fitness': 0.9820137900379085, 'generation': 89}","{'id': 5455, 'rank': 3, 'fitness': 0.7812218631129517, 'generation': 89}","{'id': 5455, 'rank': 4, 'fitness': 0.7812218631129517, 'generation': 89}","{'id': 5455, 'rank': 5, 'fitness': 0.7812218631129517, 'generation': 89}","{'id': 5379, 'rank': 6, 'fitness': 0.7769696757316833, 'generation': 89}","{'id': 5379, 'rank': 7, 'fitness': 0.7769696757316833, 'generation': 89}","{'id': 5411, 'rank': 8, 'fitness': 0.6380486460625497, 'generation': 89}","{'id': 5411, 'rank': 9, 'fitness': 0.6380486460625497, 'generation': 89}","{'id': 5449, 'rank': 10, 'fitness': 0.5508185427308843, 'generation': 89}","{'id': 5449, 'rank': 11, 'fitness': 0.5508185427308843, 'generation': 89}","{'id': 5449, 'rank': 12, 'fitness': 0.5508185427308843, 'generation': 89}","{'id': 5449, 'rank': 13, 'fitness': 0.5508185427308843, 'generation': 89}","{'id': 5410, 'rank': 14, 'fitness': 0.3760707101206805, 'generation': 89}","{'id': 5410, 'rank': 15, 'fitness': 0.3760707101206805, 'generation': 89}","{'id': 5410, 'rank': 16, 'fitness': 0.3760707101206805, 'generation': 89}","{'id': 5410, 'rank': 17, 'fitness': 0.3760707101206805, 'generation': 89}","{'id': 5410, 'rank': 18, 'fitness': 0.3760707101206805, 'generation': 89}","{'id': 5410, 'rank': 19, 'fitness': 0.3760707101206805, 'generation': 89}","{'id': 5423, 'rank': 20, 'fitness': 0.17557607779285672, 'generation': 89}","{'id': 5423, 'rank': 21, 'fitness': 0.17557607779285672, 'generation': 89}","{'id': 5307, 'rank': 22, 'fitness': 0.11753224671976858, 'generation': 89}","{'id': 5307, 'rank': 23, 'fitness': 0.11753224671976858, 'generation': 89}","{'id': 5361, 'rank': 24, 'fitness': 0.08296603218378484, 'generation': 89}","{'id': 5361, 'rank': 25, 'fitness': 0.08296603218378484, 'generation': 89}","{'id': 5361, 'rank': 26, 'fitness': 0.08296603218378484, 'generation': 89}","{'id': 5507, 'rank': 27, 'fitness': 0.05824647132065841, 'generation': 89}","{'id': 5507, 'rank': 28, 'fitness': 0.05824647132065841, 'generation': 89}","{'id': 5382, 'rank': 29, 'fitness': 0.01798620996209155, 'generation': 89}","{'id': 5382, 'rank': 30, 'fitness': 0.01798620996209155, 'generation': 89}"
"{'id': 5547, 'rank': 1, 'fitness': 0.9820137900379085, 'generation': 90}","{'id': 5512, 'rank': 2, 'fitness': 0.9817755123141321, 'generation': 90}","{'id': 5512, 'rank': 3, 'fitness': 0.9817755123141321, 'generation': 90}","{'id': 5512, 'rank': 4, 'fitness': 0.9817755123141321, 'generation': 90}","{'id': 5512, 'rank': 5, 'fitness': 0.9817755123141321, 'generation': 90}","{'id': 5512, 'rank': 6, 'fitness': 0.9817755123141321, 'generation': 90}","{'id': 5512, 'rank': 7, 'fitness': 0.9817755123141321, 'generation': 90}","{'id': 5512, 'rank': 8, 'fitness': 0.9817755123141321, 'generation': 90}","{'id': 5562, 'rank': 9, 'fitness': 0.9816603799281995, 'generation': 90}","{'id': 5562, 'rank': 10, 'fitness': 0.9816603799281995, 'generation': 90}","{'id': 5548, 'rank': 11, 'fitness': 0.9814591945676234, 'generation': 90}","{'id': 5548, 'rank': 12, 'fitness': 0.9814591945676234, 'generation': 90}","{'id': 5455, 'rank': 13, 'fitness': 0.9803746841747272, 'generation': 90}","{'id': 5455, 'rank': 14, 'fitness': 0.9803746841747272, 'generation': 90}","{'id': 5455, 'rank': 15, 'fitness': 0.9803746841747272, 'generation': 90}","{'id': 5455, 'rank': 16, 'fitness': 0.9803746841747272, 'generation': 90}","{'id': 5455, 'rank': 17, 'fitness': 0.9803746841747272, 'generation': 90}","{'id': 5455, 'rank': 18, 'fitness': 0.9803746841747272, 'generation': 90}","{'id': 5455, 'rank': 19, 'fitness': 0.9803746841747272, 'generation': 90}","{'id': 5455, 'rank': 20, 'fitness': 0.9803746841747272, 'generation': 90}","{'id': 5455, 'rank': 21, 'fitness': 0.9803746841747272, 'generation': 90}","{'id': 5379, 'rank': 22, 'fitness': 0.9803615226433982, 'generation': 90}","{'id': 5379, 'rank': 23, 'fitness': 0.9803615226433982, 'generation': 90}","{'id': 5379, 'rank': 24, 'fitness': 0.9803615226433982, 'generation': 90}","{'id': 5379, 'rank': 25, 'fitness': 0.9803615226433982, 'generation': 90}","{'id': 5411, 'rank': 26, 'fitness': 0.9799952313766775, 'generation': 90}","{'id': 5449, 'rank': 27, 'fitness': 0.9797973531592551, 'generation': 90}","{'id': 5410, 'rank': 28, 'fitness': 0.979404548253626, 'generation': 90}","{'id': 5410, 'rank': 29, 'fitness': 0.979404548253626, 'generation': 90}","{'id': 5526, 'rank': 30, 'fitness': 0.01798620996209155, 'generation': 90}"
"{'id': 5608, 'rank': 1, 'fitness': 0.9820137900379085, 'generation': 91}","{'id': 5584, 'rank': 2, 'fitness': 0.9352678624336941, 'generation': 91}","{'id': 5584, 'rank': 3, 'fitness': 0.9352678624336941, 'generation': 91}","{'id': 5573, 'rank': 4, 'fitness': 0.9235786339600416, 'generation': 91}","{'id': 5573, 'rank': 5, 'fitness': 0.9235786339600416, 'generation': 91}","{'id': 5573, 'rank': 6, 'fitness': 0.9235786339600416, 'generation': 91}","{'id': 5602, 'rank': 7, 'fitness': 0.7138871120108514, 'generation': 91}","{'id': 5602, 'rank': 8, 'fitness': 0.7138871120108514, 'generation': 91}","{'id': 5602, 'rank': 9, 'fitness': 0.7138871120108514, 'generation': 91}","{'id': 5570, 'rank': 10, 'fitness': 0.7092417474258695, 'generation': 91}","{'id': 5570, 'rank': 11, 'fitness': 0.7092417474258695, 'generation': 91}","{'id': 5636, 'rank': 12, 'fitness': 0.6769128009280978, 'generation': 91}","{'id': 5656, 'rank': 13, 'fitness': 0.5233636957465386, 'generation': 91}","{'id': 5613, 'rank': 14, 'fitness': 0.4484430469999827, 'generation': 91}","{'id': 5547, 'rank': 15, 'fitness': 0.32338767533049817, 'generation': 91}","{'id': 5512, 'rank': 16, 'fitness': 0.2261634825111804, 'generation': 91}","{'id': 5512, 'rank': 17, 'fitness': 0.2261634825111804, 'generation': 91}","{'id': 5512, 'rank': 18, 'fitness': 0.2261634825111804, 'generation': 91}","{'id': 5512, 'rank': 19, 'fitness': 0.2261634825111804, 'generation': 91}","{'id': 5512, 'rank': 20, 'fitness': 0.2261634825111804, 'generation': 91}","{'id': 5512, 'rank': 21, 'fitness': 0.2261634825111804, 'generation': 91}","{'id': 5655, 'rank': 22, 'fitness': 0.20661670249598518, 'generation': 91}","{'id': 5562, 'rank': 23, 'fitness': 0.18762710446283637, 'generation': 91}","{'id': 5632, 'rank': 24, 'fitness': 0.08442936649667959, 'generation': 91}","{'id': 5623, 'rank': 25, 'fitness': 0.06241659185345899, 'generation': 91}","{'id': 5611, 'rank': 26, 'fitness': 0.059348362086177275, 'generation': 91}","{'id': 5598, 'rank': 27, 'fitness': 0.05788575897721959, 'generation': 91}","{'id': 5600, 'rank': 28, 'fitness': 0.037331474139490395, 'generation': 91}","{'id': 5595, 'rank': 29, 'fitness': 0.018454365521136717, 'generation': 91}","{'id': 5455, 'rank': 30, 'fitness': 0.01798620996209155, 'generation': 91}"
"{'id': 5608, 'rank': 1, 'fitness': 0.9820137900379085, 'generation': 92}","{'id': 5608, 'rank': 2, 'fitness': 0.9820137900379085, 'generation': 92}","{'id': 5608, 'rank': 3, 'fitness': 0.9820137900379085, 'generation': 92}","{'id': 5584, 'rank': 4, 'fitness': 0.9350031817659246, 'generation': 92}","{'id': 5584, 'rank': 5, 'fitness': 0.9350031817659246, 'generation': 92}","{'id': 5584, 'rank': 6, 'fitness': 0.9350031817659246, 'generation': 92}","{'id': 5584, 'rank': 7, 'fitness': 0.9350031817659246, 'generation': 92}","{'id': 5584, 'rank': 8, 'fitness': 0.9350031817659246, 'generation': 92}","{'id': 5602, 'rank': 9, 'fitness': 0.7118139613040749, 'generation': 92}","{'id': 5602, 'rank': 10, 'fitness': 0.7118139613040749, 'generation': 92}","{'id': 5602, 'rank': 11, 'fitness': 0.7118139613040749, 'generation': 92}","{'id': 5602, 'rank': 12, 'fitness': 0.7118139613040749, 'generation': 92}","{'id': 5602, 'rank': 13, 'fitness': 0.7118139613040749, 'generation': 92}","{'id': 5602, 'rank': 14, 'fitness': 0.7118139613040749, 'generation': 92}","{'id': 5602, 'rank': 15, 'fitness': 0.7118139613040749, 'generation': 92}","{'id': 5570, 'rank': 16, 'fitness': 0.7071333594867958, 'generation': 92}","{'id': 5570, 'rank': 17, 'fitness': 0.7071333594867958, 'generation': 92}","{'id': 5636, 'rank': 18, 'fitness': 0.6745679402676031, 'generation': 92}","{'id': 5636, 'rank': 19, 'fitness': 0.6745679402676031, 'generation': 92}","{'id': 5512, 'rank': 20, 'fitness': 0.22317320132582175, 'generation': 92}","{'id': 5512, 'rank': 21, 'fitness': 0.22317320132582175, 'generation': 92}","{'id': 5512, 'rank': 22, 'fitness': 0.22317320132582175, 'generation': 92}","{'id': 5512, 'rank': 23, 'fitness': 0.22317320132582175, 'generation': 92}","{'id': 5512, 'rank': 24, 'fitness': 0.22317320132582175, 'generation': 92}","{'id': 5512, 'rank': 25, 'fitness': 0.22317320132582175, 'generation': 92}","{'id': 5655, 'rank': 26, 'fitness': 0.20375536777959957, 'generation': 92}","{'id': 5655, 'rank': 27, 'fitness': 0.20375536777959957, 'generation': 92}","{'id': 5562, 'rank': 28, 'fitness': 0.1849080357851472, 'generation': 92}","{'id': 5623, 'rank': 29, 'fitness': 0.0611401721537822, 'generation': 92}","{'id': 5595, 'rank': 30, 'fitness': 0.01798620996209155, 'generation': 92}"
"{'id': 5766, 'rank': 1, 'fitness': 0.9820137900379085, 'generation': 93}","{'id': 5766, 'rank': 2, 'fitness': 0.9820137900379085, 'generation': 93}","{'id': 5766, 'rank': 3, 'fitness': 0.9820137900379085, 'generation': 93}","{'id': 5766, 'rank': 4, 'fitness': 0.9820137900379085, 'generation': 93}","{'id': 5766, 'rank': 5, 'fitness': 0.9820137900379085, 'generation': 93}","{'id': 5766, 'rank': 6, 'fitness': 0.9820137900379085, 'generation': 93}","{'id': 5608, 'rank': 7, 'fitness': 0.5634810869887374, 'generation': 93}","{'id': 5726, 'rank': 8, 'fitness': 0.5549561142898998, 'generation': 93}","{'id': 5726, 'rank': 9, 'fitness': 0.5549561142898998, 'generation': 93}","{'id': 5764, 'rank': 10, 'fitness': 0.47118659879770985, 'generation': 93}","{'id': 5764, 'rank': 11, 'fitness': 0.47118659879770985, 'generation': 93}","{'id': 5584, 'rank': 12, 'fitness': 0.3044192992075174, 'generation': 93}","{'id': 5584, 'rank': 13, 'fitness': 0.3044192992075174, 'generation': 93}","{'id': 5765, 'rank': 14, 'fitness': 0.12494802789270237, 'generation': 93}","{'id': 5602, 'rank': 15, 'fitness': 0.09489794123222872, 'generation': 93}","{'id': 5602, 'rank': 16, 'fitness': 0.09489794123222872, 'generation': 93}","{'id': 5602, 'rank': 17, 'fitness': 0.09489794123222872, 'generation': 93}","{'id': 5602, 'rank': 18, 'fitness': 0.09489794123222872, 'generation': 93}","{'id': 5570, 'rank': 19, 'fitness': 0.09332794593456872, 'generation': 93}","{'id': 5570, 'rank': 20, 'fitness': 0.09332794593456872, 'generation': 93}","{'id': 5570, 'rank': 21, 'fitness': 0.09332794593456872, 'generation': 93}","{'id': 5755, 'rank': 22, 'fitness': 0.08928976839765407, 'generation': 93}","{'id': 5755, 'rank': 23, 'fitness': 0.08928976839765407, 'generation': 93}","{'id': 5636, 'rank': 24, 'fitness': 0.0833712169604316, 'generation': 93}","{'id': 5636, 'rank': 25, 'fitness': 0.0833712169604316, 'generation': 93}","{'id': 5723, 'rank': 26, 'fitness': 0.07981842364915726, 'generation': 93}","{'id': 5723, 'rank': 27, 'fitness': 0.07981842364915726, 'generation': 93}","{'id': 5512, 'rank': 28, 'fitness': 0.01798620996209155, 'generation': 93}","{'id': 5512, 'rank': 29, 'fitness': 0.01798620996209155, 'generation': 93}","{'id': 5512, 'rank': 30, 'fitness': 0.01798620996209155, 'generation': 93}"
"{'id': 5799, 'rank': 1, 'fitness': 0.9820137900379085, 'generation': 94}","{'id': 5811, 'rank': 2, 'fitness': 0.9788984132689804, 'generation': 94}","{'id': 5811, 'rank': 3, 'fitness': 0.9788984132689804, 'generation': 94}","{'id': 5811, 'rank': 4, 'fitness': 0.9788984132689804, 'generation': 94}","{'id': 5805, 'rank': 5, 'fitness': 0.9620467821895637, 'generation': 94}","{'id': 5805, 'rank': 6, 'fitness': 0.9620467821895637, 'generation': 94}","{'id': 5805, 'rank': 7, 'fitness': 0.9620467821895637, 'generation': 94}","{'id': 5803, 'rank': 8, 'fitness': 0.9075195714646327, 'generation': 94}","{'id': 5803, 'rank': 9, 'fitness': 0.9075195714646327, 'generation': 94}","{'id': 5778, 'rank': 10, 'fitness': 0.8891499800188469, 'generation': 94}","{'id': 5766, 'rank': 11, 'fitness': 0.8700560335151357, 'generation': 94}","{'id': 5766, 'rank': 12, 'fitness': 0.8700560335151357, 'generation': 94}","{'id': 5766, 'rank': 13, 'fitness': 0.8700560335151357, 'generation': 94}","{'id': 5766, 'rank': 14, 'fitness': 0.8700560335151357, 'generation': 94}","{'id': 5766, 'rank': 15, 'fitness': 0.8700560335151357, 'generation': 94}","{'id': 5766, 'rank': 16, 'fitness': 0.8700560335151357, 'generation': 94}","{'id': 5766, 'rank': 17, 'fitness': 0.8700560335151357, 'generation': 94}","{'id': 5766, 'rank': 18, 'fitness': 0.8700560335151357, 'generation': 94}","{'id': 5766, 'rank': 19, 'fitness': 0.8700560335151357, 'generation': 94}","{'id': 5766, 'rank': 20, 'fitness': 0.8700560335151357, 'generation': 94}","{'id': 5802, 'rank': 21, 'fitness': 0.6572234859964086, 'generation': 94}","{'id': 5806, 'rank': 22, 'fitness': 0.5972374101548581, 'generation': 94}","{'id': 5800, 'rank': 23, 'fitness': 0.5194909262656697, 'generation': 94}","{'id': 5800, 'rank': 24, 'fitness': 0.5194909262656697, 'generation': 94}","{'id': 5796, 'rank': 25, 'fitness': 0.4236562704039176, 'generation': 94}","{'id': 5777, 'rank': 26, 'fitness': 0.2876872508638175, 'generation': 94}","{'id': 5777, 'rank': 27, 'fitness': 0.2876872508638175, 'generation': 94}","{'id': 5764, 'rank': 28, 'fitness': 0.10130288533401743, 'generation': 94}","{'id': 5584, 'rank': 29, 'fitness': 0.052729046226517196, 'generation': 94}","{'id': 5765, 'rank': 30, 'fitness': 0.01798620996209155, 'generation': 94}"
"{'id': 5824, 'rank': 1, 'fitness': 0.9820137900379085, 'generation': 95}","{'id': 5824, 'rank': 2, 'fitness': 0.9820137900379085, 'generation': 95}","{'id': 5824, 'rank': 3, 'fitness': 0.9820137900379085, 'generation': 95}","{'id': 5824, 'rank': 4, 'fitness': 0.9820137900379085, 'generation': 95}","{'id': 5826, 'rank': 5, 'fitness': 0.9204729493478278, 'generation': 95}","{'id': 5826, 'rank': 6, 'fitness': 0.9204729493478278, 'generation': 95}","{'id': 5826, 'rank': 7, 'fitness': 0.9204729493478278, 'generation': 95}","{'id': 5865, 'rank': 8, 'fitness': 0.90957403529377, 'generation': 95}","{'id': 5799, 'rank': 9, 'fitness': 0.86457942506271, 'generation': 95}","{'id': 5799, 'rank': 10, 'fitness': 0.86457942506271, 'generation': 95}","{'id': 5811, 'rank': 11, 'fitness': 0.8500054479845751, 'generation': 95}","{'id': 5811, 'rank': 12, 'fitness': 0.8500054479845751, 'generation': 95}","{'id': 5811, 'rank': 13, 'fitness': 0.8500054479845751, 'generation': 95}","{'id': 5811, 'rank': 14, 'fitness': 0.8500054479845751, 'generation': 95}","{'id': 5811, 'rank': 15, 'fitness': 0.8500054479845751, 'generation': 95}","{'id': 5805, 'rank': 16, 'fitness': 0.7845541778017524, 'generation': 95}","{'id': 5805, 'rank': 17, 'fitness': 0.7845541778017524, 'generation': 95}","{'id': 5805, 'rank': 18, 'fitness': 0.7845541778017524, 'generation': 95}","{'id': 5805, 'rank': 19, 'fitness': 0.7845541778017524, 'generation': 95}","{'id': 5873, 'rank': 20, 'fitness': 0.7771889908942434, 'generation': 95}","{'id': 5803, 'rank': 21, 'fitness': 0.6451983931005214, 'generation': 95}","{'id': 5803, 'rank': 22, 'fitness': 0.6451983931005214, 'generation': 95}","{'id': 5766, 'rank': 23, 'fitness': 0.5789060724609697, 'generation': 95}","{'id': 5766, 'rank': 24, 'fitness': 0.5789060724609697, 'generation': 95}","{'id': 5766, 'rank': 25, 'fitness': 0.5789060724609697, 'generation': 95}","{'id': 5766, 'rank': 26, 'fitness': 0.5789060724609697, 'generation': 95}","{'id': 5766, 'rank': 27, 'fitness': 0.5789060724609697, 'generation': 95}","{'id': 5840, 'rank': 28, 'fitness': 0.4835509282098536, 'generation': 95}","{'id': 5827, 'rank': 29, 'fitness': 0.4736190614162198, 'generation': 95}","{'id': 5765, 'rank': 30, 'fitness': 0.01798620996209155, 'generation': 95}"
"{'id': 5932, 'rank': 1, 'fitness': 0.9820137900379085, 'generation': 96}","{'id': 5932, 'rank': 2, 'fitness': 0.9820137900379085, 'generation': 96}","{'id': 5932, 'rank': 3, 'fitness': 0.9820137900379085, 'generation': 96}","{'id': 5944, 'rank': 4, 'fitness': 0.973477694108374, 'generation': 96}","{'id': 5904, 'rank': 5, 'fitness': 0.9724395700357462, 'generation': 96}","{'id': 5824, 'rank': 6, 'fitness': 0.9723291587537073, 'generation': 96}","{'id': 5824, 'rank': 7, 'fitness': 0.9723291587537073, 'generation': 96}","{'id': 5824, 'rank': 8, 'fitness': 0.9723291587537073, 'generation': 96}","{'id': 5824, 'rank': 9, 'fitness': 0.9723291587537073, 'generation': 96}","{'id': 5824, 'rank': 10, 'fitness': 0.9723291587537073, 'generation': 96}","{'id': 5905, 'rank': 11, 'fitness': 0.9714546771612171, 'generation': 96}","{'id': 5905, 'rank': 12, 'fitness': 0.9714546771612171, 'generation': 96}","{'id': 5907, 'rank': 13, 'fitness': 0.971036219714271, 'generation': 96}","{'id': 5945, 'rank': 14, 'fitness': 0.9687056436664898, 'generation': 96}","{'id': 5906, 'rank': 15, 'fitness': 0.968175295389839, 'generation': 96}","{'id': 5946, 'rank': 16, 'fitness': 0.9590472429947341, 'generation': 96}","{'id': 5826, 'rank': 17, 'fitness': 0.953589971689061, 'generation': 96}","{'id': 5826, 'rank': 18, 'fitness': 0.953589971689061, 'generation': 96}","{'id': 5826, 'rank': 19, 'fitness': 0.953589971689061, 'generation': 96}","{'id': 5942, 'rank': 20, 'fitness': 0.9521304238650699, 'generation': 96}","{'id': 5865, 'rank': 21, 'fitness': 0.9513934633211845, 'generation': 96}","{'id': 5865, 'rank': 22, 'fitness': 0.9513934633211845, 'generation': 96}","{'id': 5894, 'rank': 23, 'fitness': 0.9448176780447575, 'generation': 96}","{'id': 5799, 'rank': 24, 'fitness': 0.9435832333143459, 'generation': 96}","{'id': 5811, 'rank': 25, 'fitness': 0.9413473504540946, 'generation': 96}","{'id': 5805, 'rank': 26, 'fitness': 0.9323082938993072, 'generation': 96}","{'id': 5805, 'rank': 27, 'fitness': 0.9323082938993072, 'generation': 96}","{'id': 5766, 'rank': 28, 'fitness': 0.9076882931207518, 'generation': 96}","{'id': 5840, 'rank': 29, 'fitness': 0.8959357353557519, 'generation': 96}","{'id': 5925, 'rank': 30, 'fitness': 0.01798620996209155, 'generation': 96}"
"{'id': 5992, 'rank': 1, 'fitness': 0.9820137900379085, 'generation': 97}","{'id': 5964, 'rank': 2, 'fitness': 0.8920225501003991, 'generation': 97}","{'id': 5964, 'rank': 3, 'fitness': 0.8920225501003991, 'generation': 97}","{'id': 5932, 'rank': 4, 'fitness': 0.5731985831229451, 'generation': 97}","{'id': 5932, 'rank': 5, 'fitness': 0.5731985831229451, 'generation': 97}","{'id': 5932, 'rank': 6, 'fitness': 0.5731985831229451, 'generation': 97}","{'id': 5932, 'rank': 7, 'fitness': 0.5731985831229451, 'generation': 97}","{'id': 5932, 'rank': 8, 'fitness': 0.5731985831229451, 'generation': 97}","{'id': 5998, 'rank': 9, 'fitness': 0.5413349669544854, 'generation': 97}","{'id': 5999, 'rank': 10, 'fitness': 0.45132935461062984, 'generation': 97}","{'id': 6036, 'rank': 11, 'fitness': 0.369183125798734, 'generation': 97}","{'id': 6036, 'rank': 12, 'fitness': 0.369183125798734, 'generation': 97}","{'id': 5944, 'rank': 13, 'fitness': 0.24109056033852627, 'generation': 97}","{'id': 5944, 'rank': 14, 'fitness': 0.24109056033852627, 'generation': 97}","{'id': 5975, 'rank': 15, 'fitness': 0.22025789078724145, 'generation': 97}","{'id': 5904, 'rank': 16, 'fitness': 0.21585831961672147, 'generation': 97}","{'id': 5824, 'rank': 17, 'fitness': 0.21334250942054545, 'generation': 97}","{'id': 5824, 'rank': 18, 'fitness': 0.21334250942054545, 'generation': 97}","{'id': 5989, 'rank': 19, 'fitness': 0.20754432252584787, 'generation': 97}","{'id': 5905, 'rank': 20, 'fitness': 0.19448723492304232, 'generation': 97}","{'id': 5905, 'rank': 21, 'fitness': 0.19448723492304232, 'generation': 97}","{'id': 5905, 'rank': 22, 'fitness': 0.19448723492304232, 'generation': 97}","{'id': 5906, 'rank': 23, 'fitness': 0.13845525670026554, 'generation': 97}","{'id': 6000, 'rank': 24, 'fitness': 0.10637936756901728, 'generation': 97}","{'id': 6000, 'rank': 25, 'fitness': 0.10637936756901728, 'generation': 97}","{'id': 5973, 'rank': 26, 'fitness': 0.07515436311958296, 'generation': 97}","{'id': 5946, 'rank': 27, 'fitness': 0.05852255385467792, 'generation': 97}","{'id': 5946, 'rank': 28, 'fitness': 0.05852255385467792, 'generation': 97}","{'id': 5799, 'rank': 29, 'fitness': 0.01798620996209155, 'generation': 97}","{'id': 5799, 'rank': 30, 'fitness': 0.01798620996209155, 'generation': 97}"
"{'id': 6071, 'rank': 1, 'fitness': 0.9820137900379085, 'generation': 98}","{'id': 6071, 'rank': 2, 'fitness': 0.9820137900379085, 'generation': 98}","{'id': 5992, 'rank': 3, 'fitness': 0.9727618578479109, 'generation': 98}","{'id': 5992, 'rank': 4, 'fitness': 0.9727618578479109, 'generation': 98}","{'id': 6073, 'rank': 5, 'fitness': 0.876511678495878, 'generation': 98}","{'id': 6073, 'rank': 6, 'fitness': 0.876511678495878, 'generation': 98}","{'id': 5964, 'rank': 7, 'fitness': 0.7986744117754043, 'generation': 98}","{'id': 5964, 'rank': 8, 'fitness': 0.7986744117754043, 'generation': 98}","{'id': 5964, 'rank': 9, 'fitness': 0.7986744117754043, 'generation': 98}","{'id': 5964, 'rank': 10, 'fitness': 0.7986744117754043, 'generation': 98}","{'id': 5964, 'rank': 11, 'fitness': 0.7986744117754043, 'generation': 98}","{'id': 5932, 'rank': 12, 'fitness': 0.32389279828935025, 'generation': 98}","{'id': 5932, 'rank': 13, 'fitness': 0.32389279828935025, 'generation': 98}","{'id': 5932, 'rank': 14, 'fitness': 0.32389279828935025, 'generation': 98}","{'id': 5932, 'rank': 15, 'fitness': 0.32389279828935025, 'generation': 98}","{'id': 5932, 'rank': 16, 'fitness': 0.32389279828935025, 'generation': 98}","{'id': 5932, 'rank': 17, 'fitness': 0.32389279828935025, 'generation': 98}","{'id': 5932, 'rank': 18, 'fitness': 0.32389279828935025, 'generation': 98}","{'id': 5932, 'rank': 19, 'fitness': 0.32389279828935025, 'generation': 98}","{'id': 5932, 'rank': 20, 'fitness': 0.32389279828935025, 'generation': 98}","{'id': 5932, 'rank': 21, 'fitness': 0.32389279828935025, 'generation': 98}","{'id': 5998, 'rank': 22, 'fitness': 0.29187842636533606, 'generation': 98}","{'id': 5999, 'rank': 23, 'fitness': 0.21309293212737718, 'generation': 98}","{'id': 5999, 'rank': 24, 'fitness': 0.21309293212737718, 'generation': 98}","{'id': 6036, 'rank': 25, 'fitness': 0.15413682400920053, 'generation': 98}","{'id': 6072, 'rank': 26, 'fitness': 0.10350226394831297, 'generation': 98}","{'id': 5824, 'rank': 27, 'fitness': 0.06929494053429958, 'generation': 98}","{'id': 5989, 'rank': 28, 'fitness': 0.06672130933260689, 'generation': 98}","{'id': 5989, 'rank': 29, 'fitness': 0.06672130933260689, 'generation': 98}","{'id': 5973, 'rank': 30, 'fitness': 0.01798620996209155, 'generation': 98}"
"{'id': 6071, 'rank': 1, 'fitness': 0.9820137900379085, 'generation': 99}","{'id': 6071, 'rank': 2, 'fitness': 0.9820137900379085, 'generation': 99}","{'id': 6071, 'rank': 3, 'fitness': 0.9820137900379085, 'generation': 99}","{'id': 6071, 'rank': 4, 'fitness': 0.9820137900379085, 'generation': 99}","{'id': 6071, 'rank': 5, 'fitness': 0.9820137900379085, 'generation': 99}","{'id': 6071, 'rank': 6, 'fitness': 0.9820137900379085, 'generation': 99}","{'id': 6126, 'rank': 7, 'fitness': 0.9775135833278081, 'generation': 99}","{'id': 6126, 'rank': 8, 'fitness': 0.9775135833278081, 'generation': 99}","{'id': 5992, 'rank': 9, 'fitness': 0.9703570361522049, 'generation': 99}","{'id': 5992, 'rank': 10, 'fitness': 0.9703570361522049, 'generation': 99}","{'id': 5992, 'rank': 11, 'fitness': 0.9703570361522049, 'generation': 99}","{'id': 5992, 'rank': 12, 'fitness': 0.9703570361522049, 'generation': 99}","{'id': 6073, 'rank': 13, 'fitness': 0.8236474876291685, 'generation': 99}","{'id': 6073, 'rank': 14, 'fitness': 0.8236474876291685, 'generation': 99}","{'id': 6073, 'rank': 15, 'fitness': 0.8236474876291685, 'generation': 99}","{'id': 6073, 'rank': 16, 'fitness': 0.8236474876291685, 'generation': 99}","{'id': 6116, 'rank': 17, 'fitness': 0.7675131445777859, 'generation': 99}","{'id': 5964, 'rank': 18, 'fitness': 0.698493344028262, 'generation': 99}","{'id': 5964, 'rank': 19, 'fitness': 0.698493344028262, 'generation': 99}","{'id': 5964, 'rank': 20, 'fitness': 0.698493344028262, 'generation': 99}","{'id': 5964, 'rank': 21, 'fitness': 0.698493344028262, 'generation': 99}","{'id': 5964, 'rank': 22, 'fitness': 0.698493344028262, 'generation': 99}","{'id': 5964, 'rank': 23, 'fitness': 0.698493344028262, 'generation': 99}","{'id': 5964, 'rank': 24, 'fitness': 0.698493344028262, 'generation': 99}","{'id': 6122, 'rank': 25, 'fitness': 0.44582533142183484, 'generation': 99}","{'id': 5932, 'rank': 26, 'fitness': 0.15348624120894167, 'generation': 99}","{'id': 5932, 'rank': 27, 'fitness': 0.15348624120894167, 'generation': 99}","{'id': 5932, 'rank': 28, 'fitness': 0.15348624120894167, 'generation': 99}","{'id': 5932, 'rank': 29, 'fitness': 0.15348624120894167, 'generation': 99}","{'id': 5989, 'rank': 30, 'fitness': 0.01798620996209155, 'generation': 99}"
"{'id': 6171, 'rank': 1, 'fitness': 0.9820137900379085, 'generation': 100}","{'id': 6172, 'rank': 2, 'fitness': 0.9613843829077917, 'generation': 100}","{'id': 6172, 'rank': 3, 'fitness': 0.9613843829077917, 'generation': 100}","{'id': 6172, 'rank': 4, 'fitness': 0.9613843829077917, 'generation': 100}","{'id': 6071, 'rank': 5, 'fitness': 0.9461678652062031, 'generation': 100}","{'id': 6071, 'rank': 6, 'fitness': 0.9461678652062031, 'generation': 100}","{'id': 6071, 'rank': 7, 'fitness': 0.9461678652062031, 'generation': 100}","{'id': 6071, 'rank': 8, 'fitness': 0.9461678652062031, 'generation': 100}","{'id': 6071, 'rank': 9, 'fitness': 0.9461678652062031, 'generation': 100}","{'id': 6071, 'rank': 10, 'fitness': 0.9461678652062031, 'generation': 100}","{'id': 6071, 'rank': 11, 'fitness': 0.9461678652062031, 'generation': 100}","{'id': 6071, 'rank': 12, 'fitness': 0.9461678652062031, 'generation': 100}","{'id': 6071, 'rank': 13, 'fitness': 0.9461678652062031, 'generation': 100}","{'id': 6071, 'rank': 14, 'fitness': 0.9461678652062031, 'generation': 100}","{'id': 6071, 'rank': 15, 'fitness': 0.9461678652062031, 'generation': 100}","{'id': 6071, 'rank': 16, 'fitness': 0.9461678652062031, 'generation': 100}","{'id': 6126, 'rank': 17, 'fitness': 0.9356045224264065, 'generation': 100}","{'id': 6126, 'rank': 18, 'fitness': 0.9356045224264065, 'generation': 100}","{'id': 6126, 'rank': 19, 'fitness': 0.9356045224264065, 'generation': 100}","{'id': 6126, 'rank': 20, 'fitness': 0.9356045224264065, 'generation': 100}","{'id': 5992, 'rank': 21, 'fitness': 0.9197653101845533, 'generation': 100}","{'id': 5992, 'rank': 22, 'fitness': 0.9197653101845533, 'generation': 100}","{'id': 5992, 'rank': 23, 'fitness': 0.9197653101845533, 'generation': 100}","{'id': 6165, 'rank': 24, 'fitness': 0.9001161766844741, 'generation': 100}","{'id': 6174, 'rank': 25, 'fitness': 0.863415304870557, 'generation': 100}","{'id': 6174, 'rank': 26, 'fitness': 0.863415304870557, 'generation': 100}","{'id': 6073, 'rank': 27, 'fitness': 0.6926157218029588, 'generation': 100}","{'id': 5964, 'rank': 28, 'fitness': 0.5564132140480365, 'generation': 100}","{'id': 5964, 'rank': 29, 'fitness': 0.5564132140480365, 'generation': 100}","{'id': 6160, 'rank': 30, 'fitness': 0.01798620996209155, 'generation': 100}"
"{'id': 6229, 'rank': 1, 'fitness': 0.9820137900379085, 'generation': 101}","{'id': 6229, 'rank': 2, 'fitness': 0.9820137900379085, 'generation': 101}","{'id': 6204, 'rank': 3, 'fitness': 0.9217304691885941, 'generation': 101}","{'id': 6204, 'rank': 4, 'fitness': 0.9217304691885941, 'generation': 101}","{'id': 6204, 'rank': 5, 'fitness': 0.9217304691885941, 'generation': 101}","{'id': 6171, 'rank': 6, 'fitness': 0.9091434824905015, 'generation': 101}","{'id': 6172, 'rank': 7, 'fitness': 0.8674129209831972, 'generation': 101}","{'id': 6172, 'rank': 8, 'fitness': 0.8674129209831972, 'generation': 101}","{'id': 6172, 'rank': 9, 'fitness': 0.8674129209831972, 'generation': 101}","{'id': 6172, 'rank': 10, 'fitness': 0.8674129209831972, 'generation': 101}","{'id': 6172, 'rank': 11, 'fitness': 0.8674129209831972, 'generation': 101}","{'id': 6172, 'rank': 12, 'fitness': 0.8674129209831972, 'generation': 101}","{'id': 6230, 'rank': 13, 'fitness': 0.8635231843551909, 'generation': 101}","{'id': 6071, 'rank': 14, 'fitness': 0.8442068821518267, 'generation': 101}","{'id': 6071, 'rank': 15, 'fitness': 0.8442068821518267, 'generation': 101}","{'id': 6071, 'rank': 16, 'fitness': 0.8442068821518267, 'generation': 101}","{'id': 6071, 'rank': 17, 'fitness': 0.8442068821518267, 'generation': 101}","{'id': 6071, 'rank': 18, 'fitness': 0.8442068821518267, 'generation': 101}","{'id': 6071, 'rank': 19, 'fitness': 0.8442068821518267, 'generation': 101}","{'id': 6071, 'rank': 20, 'fitness': 0.8442068821518267, 'generation': 101}","{'id': 6071, 'rank': 21, 'fitness': 0.8442068821518267, 'generation': 101}","{'id': 6071, 'rank': 22, 'fitness': 0.8442068821518267, 'generation': 101}","{'id': 6071, 'rank': 23, 'fitness': 0.8442068821518267, 'generation': 101}","{'id': 6231, 'rank': 24, 'fitness': 0.8430890381945362, 'generation': 101}","{'id': 6231, 'rank': 25, 'fitness': 0.8430890381945362, 'generation': 101}","{'id': 6126, 'rank': 26, 'fitness': 0.8301704914429833, 'generation': 101}","{'id': 6126, 'rank': 27, 'fitness': 0.8301704914429833, 'generation': 101}","{'id': 6126, 'rank': 28, 'fitness': 0.8301704914429833, 'generation': 101}","{'id': 6219, 'rank': 29, 'fitness': 0.15401811434535512, 'generation': 101}","{'id': 6197, 'rank': 30, 'fitness': 0.01798620996209155, 'generation': 101}"
"{'id': 6305, 'rank': 1, 'fitness': 0.9820137900379085, 'generation': 102}","{'id': 6305, 'rank': 2, 'fitness': 0.9820137900379085, 'generation': 102}","{'id': 6305, 'rank': 3, 'fitness': 0.9820137900379085, 'generation': 102}","{'id': 6302, 'rank': 4, 'fitness': 0.9814960744769864, 'generation': 102}","{'id': 6302, 'rank': 5, 'fitness': 0.9814960744769864, 'generation': 102}","{'id': 6302, 'rank': 6, 'fitness': 0.9814960744769864, 'generation': 102}","{'id': 6229, 'rank': 7, 'fitness': 0.9809732937437494, 'generation': 102}","{'id': 6229, 'rank': 8, 'fitness': 0.9809732937437494, 'generation': 102}","{'id': 6304, 'rank': 9, 'fitness': 0.9700398270966424, 'generation': 102}","{'id': 6304, 'rank': 10, 'fitness': 0.9700398270966424, 'generation': 102}","{'id': 6306, 'rank': 11, 'fitness': 0.9664992494366319, 'generation': 102}","{'id': 6306, 'rank': 12, 'fitness': 0.9664992494366319, 'generation': 102}","{'id': 6204, 'rank': 13, 'fitness': 0.9657236707916401, 'generation': 102}","{'id': 6204, 'rank': 14, 'fitness': 0.9657236707916401, 'generation': 102}","{'id': 6204, 'rank': 15, 'fitness': 0.9657236707916401, 'generation': 102}","{'id': 6204, 'rank': 16, 'fitness': 0.9657236707916401, 'generation': 102}","{'id': 6204, 'rank': 17, 'fitness': 0.9657236707916401, 'generation': 102}","{'id': 6204, 'rank': 18, 'fitness': 0.9657236707916401, 'generation': 102}","{'id': 6171, 'rank': 19, 'fitness': 0.9635351163576075, 'generation': 102}","{'id': 6171, 'rank': 20, 'fitness': 0.9635351163576075, 'generation': 102}","{'id': 6171, 'rank': 21, 'fitness': 0.9635351163576075, 'generation': 102}","{'id': 6171, 'rank': 22, 'fitness': 0.9635351163576075, 'generation': 102}","{'id': 6172, 'rank': 23, 'fitness': 0.9571745276341808, 'generation': 102}","{'id': 6172, 'rank': 24, 'fitness': 0.9571745276341808, 'generation': 102}","{'id': 6172, 'rank': 25, 'fitness': 0.9571745276341808, 'generation': 102}","{'id': 6172, 'rank': 26, 'fitness': 0.9571745276341808, 'generation': 102}","{'id': 6071, 'rank': 27, 'fitness': 0.9540266696137505, 'generation': 102}","{'id': 6126, 'rank': 28, 'fitness': 0.9522132542774506, 'generation': 102}","{'id': 6339, 'rank': 29, 'fitness': 0.028442526715768357, 'generation': 102}","{'id': 6296, 'rank': 30, 'fitness': 0.01798620996209155, 'generation': 102}"
"{'id': 6347, 'rank': 1, 'fitness': 0.9820137900379085, 'generation': 103}","{'id': 6347, 'rank': 2, 'fitness': 0.9820137900379085, 'generation': 103}","{'id': 6417, 'rank': 3, 'fitness': 0.8724019913662097, 'generation': 103}","{'id': 6417, 'rank': 4, 'fitness': 0.8724019913662097, 'generation': 103}","{'id': 6417, 'rank': 5, 'fitness': 0.8724019913662097, 'generation': 103}","{'id': 6402, 'rank': 6, 'fitness': 0.807613595626546, 'generation': 103}","{'id': 6402, 'rank': 7, 'fitness': 0.807613595626546, 'generation': 103}","{'id': 6402, 'rank': 8, 'fitness': 0.807613595626546, 'generation': 103}","{'id': 6418, 'rank': 9, 'fitness': 0.7923794092484892, 'generation': 103}","{'id': 6418, 'rank': 10, 'fitness': 0.7923794092484892, 'generation': 103}","{'id': 6418, 'rank': 11, 'fitness': 0.7923794092484892, 'generation': 103}","{'id': 6349, 'rank': 12, 'fitness': 0.7626715815844779, 'generation': 103}","{'id': 6349, 'rank': 13, 'fitness': 0.7626715815844779, 'generation': 103}","{'id': 6349, 'rank': 14, 'fitness': 0.7626715815844779, 'generation': 103}","{'id': 6416, 'rank': 15, 'fitness': 0.6431547030913065, 'generation': 103}","{'id': 6403, 'rank': 16, 'fitness': 0.4721199813829738, 'generation': 103}","{'id': 6305, 'rank': 17, 'fitness': 0.30707522188118674, 'generation': 103}","{'id': 6305, 'rank': 18, 'fitness': 0.30707522188118674, 'generation': 103}","{'id': 6305, 'rank': 19, 'fitness': 0.30707522188118674, 'generation': 103}","{'id': 6305, 'rank': 20, 'fitness': 0.30707522188118674, 'generation': 103}","{'id': 6302, 'rank': 21, 'fitness': 0.2727606659147579, 'generation': 103}","{'id': 6302, 'rank': 22, 'fitness': 0.2727606659147579, 'generation': 103}","{'id': 6229, 'rank': 23, 'fitness': 0.24148755154961404, 'generation': 103}","{'id': 6395, 'rank': 24, 'fitness': 0.19893085417674478, 'generation': 103}","{'id': 6430, 'rank': 25, 'fitness': 0.06630735026998796, 'generation': 103}","{'id': 6430, 'rank': 26, 'fitness': 0.06630735026998796, 'generation': 103}","{'id': 6404, 'rank': 27, 'fitness': 0.04515680633593416, 'generation': 103}","{'id': 6304, 'rank': 28, 'fitness': 0.021253330997026643, 'generation': 103}","{'id': 6304, 'rank': 29, 'fitness': 0.021253330997026643, 'generation': 103}","{'id': 6389, 'rank': 30, 'fitness': 0.01798620996209155, 'generation': 103}"
"{'id': 6448, 'rank': 1, 'fitness': 0.9820137900379085, 'generation': 104}","{'id': 6448, 'rank': 2, 'fitness': 0.9820137900379085, 'generation': 104}","{'id': 6449, 'rank': 3, 'fitness': 0.9503787261009817, 'generation': 104}","{'id': 6449, 'rank': 4, 'fitness': 0.9503787261009817, 'generation': 104}","{'id': 6449, 'rank': 5, 'fitness': 0.9503787261009817, 'generation': 104}","{'id': 6347, 'rank': 6, 'fitness': 0.8786161940165926, 'generation': 104}","{'id': 6347, 'rank': 7, 'fitness': 0.8786161940165926, 'generation': 104}","{'id': 6442, 'rank': 8, 'fitness': 0.8248807585749725, 'generation': 104}","{'id': 6442, 'rank': 9, 'fitness': 0.8248807585749725, 'generation': 104}","{'id': 6442, 'rank': 10, 'fitness': 0.8248807585749725, 'generation': 104}","{'id': 6440, 'rank': 11, 'fitness': 0.4365347602338783, 'generation': 104}","{'id': 6440, 'rank': 12, 'fitness': 0.4365347602338783, 'generation': 104}","{'id': 6417, 'rank': 13, 'fitness': 0.3540470360881346, 'generation': 104}","{'id': 6417, 'rank': 14, 'fitness': 0.3540470360881346, 'generation': 104}","{'id': 6417, 'rank': 15, 'fitness': 0.3540470360881346, 'generation': 104}","{'id': 6417, 'rank': 16, 'fitness': 0.3540470360881346, 'generation': 104}","{'id': 6417, 'rank': 17, 'fitness': 0.3540470360881346, 'generation': 104}","{'id': 6402, 'rank': 18, 'fitness': 0.2301983411554372, 'generation': 104}","{'id': 6402, 'rank': 19, 'fitness': 0.2301983411554372, 'generation': 104}","{'id': 6402, 'rank': 20, 'fitness': 0.2301983411554372, 'generation': 104}","{'id': 6402, 'rank': 21, 'fitness': 0.2301983411554372, 'generation': 104}","{'id': 6402, 'rank': 22, 'fitness': 0.2301983411554372, 'generation': 104}","{'id': 6402, 'rank': 23, 'fitness': 0.2301983411554372, 'generation': 104}","{'id': 6402, 'rank': 24, 'fitness': 0.2301983411554372, 'generation': 104}","{'id': 6418, 'rank': 25, 'fitness': 0.20990401269213738, 'generation': 104}","{'id': 6418, 'rank': 26, 'fitness': 0.20990401269213738, 'generation': 104}","{'id': 6305, 'rank': 27, 'fitness': 0.01798620996209155, 'generation': 104}","{'id': 6305, 'rank': 28, 'fitness': 0.01798620996209155, 'generation': 104}","{'id': 6305, 'rank': 29, 'fitness': 0.01798620996209155, 'generation': 104}","{'id': 6305, 'rank': 30, 'fitness': 0.01798620996209155, 'generation': 104}"
"{'id': 6534, 'rank': 1, 'fitness': 0.9820137900379085, 'generation': 105}","{'id': 6534, 'rank': 2, 'fitness': 0.9820137900379085, 'generation': 105}","{'id': 6534, 'rank': 3, 'fitness': 0.9820137900379085, 'generation': 105}","{'id': 6519, 'rank': 4, 'fitness': 0.8510765299045067, 'generation': 105}","{'id': 6519, 'rank': 5, 'fitness': 0.8510765299045067, 'generation': 105}","{'id': 6519, 'rank': 6, 'fitness': 0.8510765299045067, 'generation': 105}","{'id': 6506, 'rank': 7, 'fitness': 0.6048391343321269, 'generation': 105}","{'id': 6448, 'rank': 8, 'fitness': 0.6036364638383269, 'generation': 105}","{'id': 6448, 'rank': 9, 'fitness': 0.6036364638383269, 'generation': 105}","{'id': 6448, 'rank': 10, 'fitness': 0.6036364638383269, 'generation': 105}","{'id': 6448, 'rank': 11, 'fitness': 0.6036364638383269, 'generation': 105}","{'id': 6448, 'rank': 12, 'fitness': 0.6036364638383269, 'generation': 105}","{'id': 6532, 'rank': 13, 'fitness': 0.5896953058109361, 'generation': 105}","{'id': 6532, 'rank': 14, 'fitness': 0.5896953058109361, 'generation': 105}","{'id': 6449, 'rank': 15, 'fitness': 0.38492778030526575, 'generation': 105}","{'id': 6449, 'rank': 16, 'fitness': 0.38492778030526575, 'generation': 105}","{'id': 6449, 'rank': 17, 'fitness': 0.38492778030526575, 'generation': 105}","{'id': 6449, 'rank': 18, 'fitness': 0.38492778030526575, 'generation': 105}","{'id': 6449, 'rank': 19, 'fitness': 0.38492778030526575, 'generation': 105}","{'id': 6449, 'rank': 20, 'fitness': 0.38492778030526575, 'generation': 105}","{'id': 6449, 'rank': 21, 'fitness': 0.38492778030526575, 'generation': 105}","{'id': 6531, 'rank': 22, 'fitness': 0.35273137087203393, 'generation': 105}","{'id': 6442, 'rank': 23, 'fitness': 0.1598319975445654, 'generation': 105}","{'id': 6442, 'rank': 24, 'fitness': 0.1598319975445654, 'generation': 105}","{'id': 6442, 'rank': 25, 'fitness': 0.1598319975445654, 'generation': 105}","{'id': 6516, 'rank': 26, 'fitness': 0.07319448029682196, 'generation': 105}","{'id': 6515, 'rank': 27, 'fitness': 0.03393017274004767, 'generation': 105}","{'id': 6402, 'rank': 28, 'fitness': 0.01798620996209155, 'generation': 105}","{'id': 6402, 'rank': 29, 'fitness': 0.01798620996209155, 'generation': 105}","{'id': 6402, 'rank': 30, 'fitness': 0.01798620996209155, 'generation': 105}"
"{'id': 6587, 'rank': 1, 'fitness': 0.9820137900379085, 'generation': 106}","{'id': 6587, 'rank': 2, 'fitness': 0.9820137900379085, 'generation': 106}","{'id': 6586, 'rank': 3, 'fitness': 0.9629798180968903, 'generation': 106}","{'id': 6586, 'rank': 4, 'fitness': 0.9629798180968903, 'generation': 106}","{'id': 6586, 'rank': 5, 'fitness': 0.9629798180968903, 'generation': 106}","{'id': 6576, 'rank': 6, 'fitness': 0.8222277789886347, 'generation': 106}","{'id': 6576, 'rank': 7, 'fitness': 0.8222277789886347, 'generation': 106}","{'id': 6534, 'rank': 8, 'fitness': 0.8156982801172068, 'generation': 106}","{'id': 6534, 'rank': 9, 'fitness': 0.8156982801172068, 'generation': 106}","{'id': 6534, 'rank': 10, 'fitness': 0.8156982801172068, 'generation': 106}","{'id': 6534, 'rank': 11, 'fitness': 0.8156982801172068, 'generation': 106}","{'id': 6534, 'rank': 12, 'fitness': 0.8156982801172068, 'generation': 106}","{'id': 6581, 'rank': 13, 'fitness': 0.6857373670036111, 'generation': 106}","{'id': 6582, 'rank': 14, 'fitness': 0.4310696742627407, 'generation': 106}","{'id': 6582, 'rank': 15, 'fitness': 0.4310696742627407, 'generation': 106}","{'id': 6588, 'rank': 16, 'fitness': 0.2691449757309644, 'generation': 106}","{'id': 6588, 'rank': 17, 'fitness': 0.2691449757309644, 'generation': 106}","{'id': 6588, 'rank': 18, 'fitness': 0.2691449757309644, 'generation': 106}","{'id': 6588, 'rank': 19, 'fitness': 0.2691449757309644, 'generation': 106}","{'id': 6585, 'rank': 20, 'fitness': 0.24711805402737969, 'generation': 106}","{'id': 6519, 'rank': 21, 'fitness': 0.21686956770995014, 'generation': 106}","{'id': 6589, 'rank': 22, 'fitness': 0.06974308914612187, 'generation': 106}","{'id': 6589, 'rank': 23, 'fitness': 0.06974308914612187, 'generation': 106}","{'id': 6448, 'rank': 24, 'fitness': 0.05176321802755407, 'generation': 106}","{'id': 6448, 'rank': 25, 'fitness': 0.05176321802755407, 'generation': 106}","{'id': 6448, 'rank': 26, 'fitness': 0.05176321802755407, 'generation': 106}","{'id': 6448, 'rank': 27, 'fitness': 0.05176321802755407, 'generation': 106}","{'id': 6449, 'rank': 28, 'fitness': 0.01798620996209155, 'generation': 106}","{'id': 6449, 'rank': 29, 'fitness': 0.01798620996209155, 'generation': 106}","{'id': 6449, 'rank': 30, 'fitness': 0.01798620996209155, 'generation': 106}"
"{'id': 6625, 'rank': 1, 'fitness': 0.9820137900379085, 'generation': 107}","{'id': 6625, 'rank': 2, 'fitness': 0.9820137900379085, 'generation': 107}","{'id': 6625, 'rank': 3, 'fitness': 0.9820137900379085, 'generation': 107}","{'id': 6625, 'rank': 4, 'fitness': 0.9820137900379085, 'generation': 107}","{'id': 6624, 'rank': 5, 'fitness': 0.9676191939540126, 'generation': 107}","{'id': 6624, 'rank': 6, 'fitness': 0.9676191939540126, 'generation': 107}","{'id': 6624, 'rank': 7, 'fitness': 0.9676191939540126, 'generation': 107}","{'id': 6587, 'rank': 8, 'fitness': 0.9621226281550541, 'generation': 107}","{'id': 6587, 'rank': 9, 'fitness': 0.9621226281550541, 'generation': 107}","{'id': 6587, 'rank': 10, 'fitness': 0.9621226281550541, 'generation': 107}","{'id': 6587, 'rank': 11, 'fitness': 0.9621226281550541, 'generation': 107}","{'id': 6621, 'rank': 12, 'fitness': 0.9598564976273788, 'generation': 107}","{'id': 6622, 'rank': 13, 'fitness': 0.9596577768586783, 'generation': 107}","{'id': 6622, 'rank': 14, 'fitness': 0.9596577768586783, 'generation': 107}","{'id': 6586, 'rank': 15, 'fitness': 0.9285267691804373, 'generation': 107}","{'id': 6586, 'rank': 16, 'fitness': 0.9285267691804373, 'generation': 107}","{'id': 6586, 'rank': 17, 'fitness': 0.9285267691804373, 'generation': 107}","{'id': 6586, 'rank': 18, 'fitness': 0.9285267691804373, 'generation': 107}","{'id': 6586, 'rank': 19, 'fitness': 0.9285267691804373, 'generation': 107}","{'id': 6586, 'rank': 20, 'fitness': 0.9285267691804373, 'generation': 107}","{'id': 6606, 'rank': 21, 'fitness': 0.9196938182081885, 'generation': 107}","{'id': 6534, 'rank': 22, 'fitness': 0.723639183932131, 'generation': 107}","{'id': 6534, 'rank': 23, 'fitness': 0.723639183932131, 'generation': 107}","{'id': 6534, 'rank': 24, 'fitness': 0.723639183932131, 'generation': 107}","{'id': 6534, 'rank': 25, 'fitness': 0.723639183932131, 'generation': 107}","{'id': 6534, 'rank': 26, 'fitness': 0.723639183932131, 'generation': 107}","{'id': 6582, 'rank': 27, 'fitness': 0.34670555550195387, 'generation': 107}","{'id': 6582, 'rank': 28, 'fitness': 0.34670555550195387, 'generation': 107}","{'id': 6588, 'rank': 29, 'fitness': 0.21652749504093283, 'generation': 107}","{'id': 6449, 'rank': 30, 'fitness': 0.01798620996209155, 'generation': 107}"
"{'id': 6673, 'rank': 1, 'fitness': 0.9820137900379085, 'generation': 108}","{'id': 6673, 'rank': 2, 'fitness': 0.9820137900379085, 'generation': 108}","{'id': 6673, 'rank': 3, 'fitness': 0.9820137900379085, 'generation': 108}","{'id': 6676, 'rank': 4, 'fitness': 0.9818011683786754, 'generation': 108}","{'id': 6676, 'rank': 5, 'fitness': 0.9818011683786754, 'generation': 108}","{'id': 6676, 'rank': 6, 'fitness': 0.9818011683786754, 'generation': 108}","{'id': 6625, 'rank': 7, 'fitness': 0.9742438084777265, 'generation': 108}","{'id': 6625, 'rank': 8, 'fitness': 0.9742438084777265, 'generation': 108}","{'id': 6625, 'rank': 9, 'fitness': 0.9742438084777265, 'generation': 108}","{'id': 6713, 'rank': 10, 'fitness': 0.968788356863365, 'generation': 108}","{'id': 6624, 'rank': 11, 'fitness': 0.9569942825449742, 'generation': 108}","{'id': 6624, 'rank': 12, 'fitness': 0.9569942825449742, 'generation': 108}","{'id': 6587, 'rank': 13, 'fitness': 0.9507079833129102, 'generation': 108}","{'id': 6587, 'rank': 14, 'fitness': 0.9507079833129102, 'generation': 108}","{'id': 6587, 'rank': 15, 'fitness': 0.9507079833129102, 'generation': 108}","{'id': 6622, 'rank': 16, 'fitness': 0.9479301519518534, 'generation': 108}","{'id': 6688, 'rank': 17, 'fitness': 0.9465403568839633, 'generation': 108}","{'id': 6688, 'rank': 18, 'fitness': 0.9465403568839633, 'generation': 108}","{'id': 6586, 'rank': 19, 'fitness': 0.9144528673918385, 'generation': 108}","{'id': 6586, 'rank': 20, 'fitness': 0.9144528673918385, 'generation': 108}","{'id': 6586, 'rank': 21, 'fitness': 0.9144528673918385, 'generation': 108}","{'id': 6586, 'rank': 22, 'fitness': 0.9144528673918385, 'generation': 108}","{'id': 6586, 'rank': 23, 'fitness': 0.9144528673918385, 'generation': 108}","{'id': 6586, 'rank': 24, 'fitness': 0.9144528673918385, 'generation': 108}","{'id': 6586, 'rank': 25, 'fitness': 0.9144528673918385, 'generation': 108}","{'id': 6689, 'rank': 26, 'fitness': 0.8827335377091431, 'generation': 108}","{'id': 6689, 'rank': 27, 'fitness': 0.8827335377091431, 'generation': 108}","{'id': 6689, 'rank': 28, 'fitness': 0.8827335377091431, 'generation': 108}","{'id': 6588, 'rank': 29, 'fitness': 0.26506991981010664, 'generation': 108}","{'id': 6659, 'rank': 30, 'fitness': 0.01798620996209155, 'generation': 108}"
"{'id': 6755, 'rank': 1, 'fitness': 0.9820137900379085, 'generation': 109}","{'id': 6781, 'rank': 2, 'fitness': 0.9571471407521804, 'generation': 109}","{'id': 6784, 'rank': 3, 'fitness': 0.9467712331857416, 'generation': 109}","{'id': 6784, 'rank': 4, 'fitness': 0.9467712331857416, 'generation': 109}","{'id': 6735, 'rank': 5, 'fitness': 0.928960495350584, 'generation': 109}","{'id': 6735, 'rank': 6, 'fitness': 0.928960495350584, 'generation': 109}","{'id': 6673, 'rank': 7, 'fitness': 0.8606200266053832, 'generation': 109}","{'id': 6673, 'rank': 8, 'fitness': 0.8606200266053832, 'generation': 109}","{'id': 6673, 'rank': 9, 'fitness': 0.8606200266053832, 'generation': 109}","{'id': 6673, 'rank': 10, 'fitness': 0.8606200266053832, 'generation': 109}","{'id': 6676, 'rank': 11, 'fitness': 0.8572374861999003, 'generation': 109}","{'id': 6676, 'rank': 12, 'fitness': 0.8572374861999003, 'generation': 109}","{'id': 6676, 'rank': 13, 'fitness': 0.8572374861999003, 'generation': 109}","{'id': 6676, 'rank': 14, 'fitness': 0.8572374861999003, 'generation': 109}","{'id': 6625, 'rank': 15, 'fitness': 0.7239996186513917, 'generation': 109}","{'id': 6625, 'rank': 16, 'fitness': 0.7239996186513917, 'generation': 109}","{'id': 6625, 'rank': 17, 'fitness': 0.7239996186513917, 'generation': 109}","{'id': 6625, 'rank': 18, 'fitness': 0.7239996186513917, 'generation': 109}","{'id': 6624, 'rank': 19, 'fitness': 0.4321567726623317, 'generation': 109}","{'id': 6624, 'rank': 20, 'fitness': 0.4321567726623317, 'generation': 109}","{'id': 6624, 'rank': 21, 'fitness': 0.4321567726623317, 'generation': 109}","{'id': 6587, 'rank': 22, 'fitness': 0.35282359990174617, 'generation': 109}","{'id': 6587, 'rank': 23, 'fitness': 0.35282359990174617, 'generation': 109}","{'id': 6587, 'rank': 24, 'fitness': 0.35282359990174617, 'generation': 109}","{'id': 6587, 'rank': 25, 'fitness': 0.35282359990174617, 'generation': 109}","{'id': 6806, 'rank': 26, 'fitness': 0.20342426013969006, 'generation': 109}","{'id': 6800, 'rank': 27, 'fitness': 0.19192360037426465, 'generation': 109}","{'id': 6586, 'rank': 28, 'fitness': 0.1209714052286251, 'generation': 109}","{'id': 6734, 'rank': 29, 'fitness': 0.01798620996209155, 'generation': 109}","{'id': 6734, 'rank': 30, 'fitness': 0.01798620996209155, 'generation': 109}"
"{'id': 6852, 'rank': 1, 'fitness': 0.9820137900379085, 'generation': 110}","{'id': 6852, 'rank': 2, 'fitness': 0.9820137900379085, 'generation': 110}","{'id': 6852, 'rank': 3, 'fitness': 0.9820137900379085, 'generation': 110}","{'id': 6852, 'rank': 4, 'fitness': 0.9820137900379085, 'generation': 110}","{'id': 6820, 'rank': 5, 'fitness': 0.9575399559505561, 'generation': 110}","{'id': 6820, 'rank': 6, 'fitness': 0.9575399559505561, 'generation': 110}","{'id': 6755, 'rank': 7, 'fitness': 0.9012201900568544, 'generation': 110}","{'id': 6781, 'rank': 8, 'fitness': 0.8856271901890684, 'generation': 110}","{'id': 6784, 'rank': 9, 'fitness': 0.8813255193488518, 'generation': 110}","{'id': 6735, 'rank': 10, 'fitness': 0.8752928132123399, 'generation': 110}","{'id': 6735, 'rank': 11, 'fitness': 0.8752928132123399, 'generation': 110}","{'id': 6673, 'rank': 12, 'fitness': 0.8594691520092588, 'generation': 110}","{'id': 6673, 'rank': 13, 'fitness': 0.8594691520092588, 'generation': 110}","{'id': 6673, 'rank': 14, 'fitness': 0.8594691520092588, 'generation': 110}","{'id': 6673, 'rank': 15, 'fitness': 0.8594691520092588, 'generation': 110}","{'id': 6673, 'rank': 16, 'fitness': 0.8594691520092588, 'generation': 110}","{'id': 6673, 'rank': 17, 'fitness': 0.8594691520092588, 'generation': 110}","{'id': 6673, 'rank': 18, 'fitness': 0.8594691520092588, 'generation': 110}","{'id': 6673, 'rank': 19, 'fitness': 0.8594691520092588, 'generation': 110}","{'id': 6673, 'rank': 20, 'fitness': 0.8594691520092588, 'generation': 110}","{'id': 6673, 'rank': 21, 'fitness': 0.8594691520092588, 'generation': 110}","{'id': 6676, 'rank': 22, 'fitness': 0.858849246341086, 'generation': 110}","{'id': 6676, 'rank': 23, 'fitness': 0.858849246341086, 'generation': 110}","{'id': 6676, 'rank': 24, 'fitness': 0.858849246341086, 'generation': 110}","{'id': 6624, 'rank': 25, 'fitness': 0.8063880896973635, 'generation': 110}","{'id': 6587, 'rank': 26, 'fitness': 0.7966508067988002, 'generation': 110}","{'id': 6873, 'rank': 27, 'fitness': 0.768662697201, 'generation': 110}","{'id': 6734, 'rank': 28, 'fitness': 0.6776033851128769, 'generation': 110}","{'id': 6872, 'rank': 29, 'fitness': 0.3515931931484992, 'generation': 110}","{'id': 6818, 'rank': 30, 'fitness': 0.01798620996209155, 'generation': 110}"
"{'id': 6884, 'rank': 1, 'fitness': 0.9820137900379085, 'generation': 111}","{'id': 6852, 'rank': 2, 'fitness': 0.9807915265250681, 'generation': 111}","{'id': 6852, 'rank': 3, 'fitness': 0.9807915265250681, 'generation': 111}","{'id': 6852, 'rank': 4, 'fitness': 0.9807915265250681, 'generation': 111}","{'id': 6852, 'rank': 5, 'fitness': 0.9807915265250681, 'generation': 111}","{'id': 6852, 'rank': 6, 'fitness': 0.9807915265250681, 'generation': 111}","{'id': 6852, 'rank': 7, 'fitness': 0.9807915265250681, 'generation': 111}","{'id': 6885, 'rank': 8, 'fitness': 0.978519176203537, 'generation': 111}","{'id': 6911, 'rank': 9, 'fitness': 0.977675283415645, 'generation': 111}","{'id': 6911, 'rank': 10, 'fitness': 0.977675283415645, 'generation': 111}","{'id': 6911, 'rank': 11, 'fitness': 0.977675283415645, 'generation': 111}","{'id': 6932, 'rank': 12, 'fitness': 0.9757670351611147, 'generation': 111}","{'id': 6820, 'rank': 13, 'fitness': 0.9705202767175449, 'generation': 111}","{'id': 6820, 'rank': 14, 'fitness': 0.9705202767175449, 'generation': 111}","{'id': 6820, 'rank': 15, 'fitness': 0.9705202767175449, 'generation': 111}","{'id': 6931, 'rank': 16, 'fitness': 0.9675459305408847, 'generation': 111}","{'id': 6910, 'rank': 17, 'fitness': 0.9633714954942558, 'generation': 111}","{'id': 6908, 'rank': 18, 'fitness': 0.9591397102193389, 'generation': 111}","{'id': 6908, 'rank': 19, 'fitness': 0.9591397102193389, 'generation': 111}","{'id': 6781, 'rank': 20, 'fitness': 0.9508993500298859, 'generation': 111}","{'id': 6933, 'rank': 21, 'fitness': 0.9503504731860715, 'generation': 111}","{'id': 6784, 'rank': 22, 'fitness': 0.949921763936252, 'generation': 111}","{'id': 6925, 'rank': 23, 'fitness': 0.9457620069172994, 'generation': 111}","{'id': 6673, 'rank': 24, 'fitness': 0.9451334669035903, 'generation': 111}","{'id': 6673, 'rank': 25, 'fitness': 0.9451334669035903, 'generation': 111}","{'id': 6673, 'rank': 26, 'fitness': 0.9451334669035903, 'generation': 111}","{'id': 6673, 'rank': 27, 'fitness': 0.9451334669035903, 'generation': 111}","{'id': 6673, 'rank': 28, 'fitness': 0.9451334669035903, 'generation': 111}","{'id': 6955, 'rank': 29, 'fitness': 0.6807812306818993, 'generation': 111}","{'id': 6921, 'rank': 30, 'fitness': 0.01798620996209155, 'generation': 111}"
"{'id': 7000, 'rank': 1, 'fitness': 0.9820137900379085, 'generation': 112}","{'id': 7000, 'rank': 2, 'fitness': 0.9820137900379085, 'generation': 112}","{'id': 7002, 'rank': 3, 'fitness': 0.9724638256484103, 'generation': 112}","{'id': 7002, 'rank': 4, 'fitness': 0.9724638256484103, 'generation': 112}","{'id': 6987, 'rank': 5, 'fitness': 0.9151411835269532, 'generation': 112}","{'id': 6987, 'rank': 6, 'fitness': 0.9151411835269532, 'generation': 112}","{'id': 7008, 'rank': 7, 'fitness': 0.9090344450415402, 'generation': 112}","{'id': 6852, 'rank': 8, 'fitness': 0.9040982411166185, 'generation': 112}","{'id': 6852, 'rank': 9, 'fitness': 0.9040982411166185, 'generation': 112}","{'id': 6852, 'rank': 10, 'fitness': 0.9040982411166185, 'generation': 112}","{'id': 6852, 'rank': 11, 'fitness': 0.9040982411166185, 'generation': 112}","{'id': 6852, 'rank': 12, 'fitness': 0.9040982411166185, 'generation': 112}","{'id': 6852, 'rank': 13, 'fitness': 0.9040982411166185, 'generation': 112}","{'id': 6852, 'rank': 14, 'fitness': 0.9040982411166185, 'generation': 112}","{'id': 6995, 'rank': 15, 'fitness': 0.8417586401286122, 'generation': 112}","{'id': 6885, 'rank': 16, 'fitness': 0.8287768709228656, 'generation': 112}","{'id': 6911, 'rank': 17, 'fitness': 0.7936168171375638, 'generation': 112}","{'id': 6911, 'rank': 18, 'fitness': 0.7936168171375638, 'generation': 112}","{'id': 6998, 'rank': 19, 'fitness': 0.7312277535418876, 'generation': 112}","{'id': 7020, 'rank': 20, 'fitness': 0.705553308388041, 'generation': 112}","{'id': 6932, 'rank': 21, 'fitness': 0.7019027851966726, 'generation': 112}","{'id': 7026, 'rank': 22, 'fitness': 0.596985550619839, 'generation': 112}","{'id': 6984, 'rank': 23, 'fitness': 0.4911905250994458, 'generation': 112}","{'id': 6820, 'rank': 24, 'fitness': 0.420701106121089, 'generation': 112}","{'id': 6985, 'rank': 25, 'fitness': 0.4095498832876463, 'generation': 112}","{'id': 6931, 'rank': 26, 'fitness': 0.2891976807649148, 'generation': 112}","{'id': 7029, 'rank': 27, 'fitness': 0.14471161787715509, 'generation': 112}","{'id': 7033, 'rank': 28, 'fitness': 0.04193056841548881, 'generation': 112}","{'id': 6966, 'rank': 29, 'fitness': 0.020543525494402914, 'generation': 112}","{'id': 7037, 'rank': 30, 'fitness': 0.01798620996209155, 'generation': 112}"
"{'id': 7100, 'rank': 1, 'fitness': 0.9820137900379085, 'generation': 113}","{'id': 7100, 'rank': 2, 'fitness': 0.9820137900379085, 'generation': 113}","{'id': 7108, 'rank': 3, 'fitness': 0.975579402833864, 'generation': 113}","{'id': 7105, 'rank': 4, 'fitness': 0.9673124171247495, 'generation': 113}","{'id': 7105, 'rank': 5, 'fitness': 0.9673124171247495, 'generation': 113}","{'id': 7105, 'rank': 6, 'fitness': 0.9673124171247495, 'generation': 113}","{'id': 7076, 'rank': 7, 'fitness': 0.9643259421555961, 'generation': 113}","{'id': 7076, 'rank': 8, 'fitness': 0.9643259421555961, 'generation': 113}","{'id': 7000, 'rank': 9, 'fitness': 0.9630341509049356, 'generation': 113}","{'id': 7000, 'rank': 10, 'fitness': 0.9630341509049356, 'generation': 113}","{'id': 7000, 'rank': 11, 'fitness': 0.9630341509049356, 'generation': 113}","{'id': 7002, 'rank': 12, 'fitness': 0.960695995466351, 'generation': 113}","{'id': 7002, 'rank': 13, 'fitness': 0.960695995466351, 'generation': 113}","{'id': 7002, 'rank': 14, 'fitness': 0.960695995466351, 'generation': 113}","{'id': 7002, 'rank': 15, 'fitness': 0.960695995466351, 'generation': 113}","{'id': 6987, 'rank': 16, 'fitness': 0.9535899316175127, 'generation': 113}","{'id': 6987, 'rank': 17, 'fitness': 0.9535899316175127, 'generation': 113}","{'id': 6987, 'rank': 18, 'fitness': 0.9535899316175127, 'generation': 113}","{'id': 7008, 'rank': 19, 'fitness': 0.9530939490076629, 'generation': 113}","{'id': 7008, 'rank': 20, 'fitness': 0.9530939490076629, 'generation': 113}","{'id': 7008, 'rank': 21, 'fitness': 0.9530939490076629, 'generation': 113}","{'id': 6852, 'rank': 22, 'fitness': 0.9527110911178098, 'generation': 113}","{'id': 6852, 'rank': 23, 'fitness': 0.9527110911178098, 'generation': 113}","{'id': 6852, 'rank': 24, 'fitness': 0.9527110911178098, 'generation': 113}","{'id': 6852, 'rank': 25, 'fitness': 0.9527110911178098, 'generation': 113}","{'id': 6998, 'rank': 26, 'fitness': 0.9438081392641526, 'generation': 113}","{'id': 6984, 'rank': 27, 'fitness': 0.9352033898323594, 'generation': 113}","{'id': 7037, 'rank': 28, 'fitness': 0.8898532271234616, 'generation': 113}","{'id': 7072, 'rank': 29, 'fitness': 0.01982307266623823, 'generation': 113}","{'id': 7102, 'rank': 30, 'fitness': 0.01798620996209155, 'generation': 113}"
"{'id': 7120, 'rank': 1, 'fitness': 0.9820137900379085, 'generation': 114}","{'id': 7100, 'rank': 2, 'fitness': 0.9591876616658459, 'generation': 114}","{'id': 7100, 'rank': 3, 'fitness': 0.9591876616658459, 'generation': 114}","{'id': 7118, 'rank': 4, 'fitness': 0.9405821761849267, 'generation': 114}","{'id': 7118, 'rank': 5, 'fitness': 0.9405821761849267, 'generation': 114}","{'id': 7121, 'rank': 6, 'fitness': 0.9381203620715796, 'generation': 114}","{'id': 7121, 'rank': 7, 'fitness': 0.9381203620715796, 'generation': 114}","{'id': 7121, 'rank': 8, 'fitness': 0.9381203620715796, 'generation': 114}","{'id': 7143, 'rank': 9, 'fitness': 0.9233816705331672, 'generation': 114}","{'id': 7142, 'rank': 10, 'fitness': 0.914454074016026, 'generation': 114}","{'id': 7142, 'rank': 11, 'fitness': 0.914454074016026, 'generation': 114}","{'id': 7122, 'rank': 12, 'fitness': 0.8679849464413684, 'generation': 114}","{'id': 7119, 'rank': 13, 'fitness': 0.8657137722931044, 'generation': 114}","{'id': 7108, 'rank': 14, 'fitness': 0.860775222489045, 'generation': 114}","{'id': 7108, 'rank': 15, 'fitness': 0.860775222489045, 'generation': 114}","{'id': 7105, 'rank': 16, 'fitness': 0.6315878966868078, 'generation': 114}","{'id': 7105, 'rank': 17, 'fitness': 0.6315878966868078, 'generation': 114}","{'id': 7105, 'rank': 18, 'fitness': 0.6315878966868078, 'generation': 114}","{'id': 7116, 'rank': 19, 'fitness': 0.5801344351920724, 'generation': 114}","{'id': 7076, 'rank': 20, 'fitness': 0.5379511968809566, 'generation': 114}","{'id': 7076, 'rank': 21, 'fitness': 0.5379511968809566, 'generation': 114}","{'id': 7076, 'rank': 22, 'fitness': 0.5379511968809566, 'generation': 114}","{'id': 7000, 'rank': 23, 'fitness': 0.49857936272029973, 'generation': 114}","{'id': 7000, 'rank': 24, 'fitness': 0.49857936272029973, 'generation': 114}","{'id': 7002, 'rank': 25, 'fitness': 0.43088492743341467, 'generation': 114}","{'id': 7002, 'rank': 26, 'fitness': 0.43088492743341467, 'generation': 114}","{'id': 6987, 'rank': 27, 'fitness': 0.26495541832575126, 'generation': 114}","{'id': 6852, 'rank': 28, 'fitness': 0.24889782104572244, 'generation': 114}","{'id': 6852, 'rank': 29, 'fitness': 0.24889782104572244, 'generation': 114}","{'id': 7170, 'rank': 30, 'fitness': 0.01798620996209155, 'generation': 114}"
"{'id': 7120, 'rank': 1, 'fitness': 0.9820137900379085, 'generation': 115}","{'id': 7217, 'rank': 2, 'fitness': 0.9787277512502537, 'generation': 115}","{'id': 7217, 'rank': 3, 'fitness': 0.9787277512502537, 'generation': 115}","{'id': 7217, 'rank': 4, 'fitness': 0.9787277512502537, 'generation': 115}","{'id': 7100, 'rank': 5, 'fitness': 0.973188790722783, 'generation': 115}","{'id': 7100, 'rank': 6, 'fitness': 0.973188790722783, 'generation': 115}","{'id': 7100, 'rank': 7, 'fitness': 0.973188790722783, 'generation': 115}","{'id': 7100, 'rank': 8, 'fitness': 0.973188790722783, 'generation': 115}","{'id': 7118, 'rank': 9, 'fitness': 0.9677155157128556, 'generation': 115}","{'id': 7118, 'rank': 10, 'fitness': 0.9677155157128556, 'generation': 115}","{'id': 7118, 'rank': 11, 'fitness': 0.9677155157128556, 'generation': 115}","{'id': 7118, 'rank': 12, 'fitness': 0.9677155157128556, 'generation': 115}","{'id': 7118, 'rank': 13, 'fitness': 0.9677155157128556, 'generation': 115}","{'id': 7121, 'rank': 14, 'fitness': 0.9670551225075147, 'generation': 115}","{'id': 7121, 'rank': 15, 'fitness': 0.9670551225075147, 'generation': 115}","{'id': 7121, 'rank': 16, 'fitness': 0.9670551225075147, 'generation': 115}","{'id': 7121, 'rank': 17, 'fitness': 0.9670551225075147, 'generation': 115}","{'id': 7121, 'rank': 18, 'fitness': 0.9670551225075147, 'generation': 115}","{'id': 7143, 'rank': 19, 'fitness': 0.9633242728412943, 'generation': 115}","{'id': 7122, 'rank': 20, 'fitness': 0.9514223828298143, 'generation': 115}","{'id': 7122, 'rank': 21, 'fitness': 0.9514223828298143, 'generation': 115}","{'id': 7108, 'rank': 22, 'fitness': 0.9500267227963873, 'generation': 115}","{'id': 7108, 'rank': 23, 'fitness': 0.9500267227963873, 'generation': 115}","{'id': 7108, 'rank': 24, 'fitness': 0.9500267227963873, 'generation': 115}","{'id': 7105, 'rank': 25, 'fitness': 0.9108246214699891, 'generation': 115}","{'id': 7002, 'rank': 26, 'fitness': 0.8730181920461197, 'generation': 115}","{'id': 7252, 'rank': 27, 'fitness': 0.5092813707004616, 'generation': 115}","{'id': 7205, 'rank': 28, 'fitness': 0.1719366725475877, 'generation': 115}","{'id': 7250, 'rank': 29, 'fitness': 0.03214166134387991, 'generation': 115}","{'id': 7228, 'rank': 30, 'fitness': 0.01798620996209155, 'generation': 115}"
"{'id': 7297, 'rank': 1, 'fitness': 0.9820137900379085, 'generation': 116}","{'id': 7297, 'rank': 2, 'fitness': 0.9820137900379085, 'generation': 116}","{'id': 7120, 'rank': 3, 'fitness': 0.9038278688633463, 'generation': 116}","{'id': 7120, 'rank': 4, 'fitness': 0.9038278688633463, 'generation': 116}","{'id': 7120, 'rank': 5, 'fitness': 0.9038278688633463, 'generation': 116}","{'id': 7120, 'rank': 6, 'fitness': 0.9038278688633463, 'generation': 116}","{'id': 7294, 'rank': 7, 'fitness': 0.7781940502471898, 'generation': 116}","{'id': 7294, 'rank': 8, 'fitness': 0.7781940502471898, 'generation': 116}","{'id': 7294, 'rank': 9, 'fitness': 0.7781940502471898, 'generation': 116}","{'id': 7276, 'rank': 10, 'fitness': 0.7504159985777125, 'generation': 116}","{'id': 7276, 'rank': 11, 'fitness': 0.7504159985777125, 'generation': 116}","{'id': 7276, 'rank': 12, 'fitness': 0.7504159985777125, 'generation': 116}","{'id': 7217, 'rank': 13, 'fitness': 0.7317419558518411, 'generation': 116}","{'id': 7217, 'rank': 14, 'fitness': 0.7317419558518411, 'generation': 116}","{'id': 7298, 'rank': 15, 'fitness': 0.7276601516537551, 'generation': 116}","{'id': 7296, 'rank': 16, 'fitness': 0.5446081915764411, 'generation': 116}","{'id': 7100, 'rank': 17, 'fitness': 0.32956486443395316, 'generation': 116}","{'id': 7100, 'rank': 18, 'fitness': 0.32956486443395316, 'generation': 116}","{'id': 7100, 'rank': 19, 'fitness': 0.32956486443395316, 'generation': 116}","{'id': 7100, 'rank': 20, 'fitness': 0.32956486443395316, 'generation': 116}","{'id': 7100, 'rank': 21, 'fitness': 0.32956486443395316, 'generation': 116}","{'id': 7100, 'rank': 22, 'fitness': 0.32956486443395316, 'generation': 116}","{'id': 7100, 'rank': 23, 'fitness': 0.32956486443395316, 'generation': 116}","{'id': 7308, 'rank': 24, 'fitness': 0.32611214047175086, 'generation': 116}","{'id': 7118, 'rank': 25, 'fitness': 0.10972191749381666, 'generation': 116}","{'id': 7118, 'rank': 26, 'fitness': 0.10972191749381666, 'generation': 116}","{'id': 7121, 'rank': 27, 'fitness': 0.09579264114886044, 'generation': 116}","{'id': 7121, 'rank': 28, 'fitness': 0.09579264114886044, 'generation': 116}","{'id': 7143, 'rank': 29, 'fitness': 0.04529547926609967, 'generation': 116}","{'id': 7328, 'rank': 30, 'fitness': 0.01798620996209155, 'generation': 116}"
"{'id': 7297, 'rank': 1, 'fitness': 0.9820137900379085, 'generation': 117}","{'id': 7297, 'rank': 2, 'fitness': 0.9820137900379085, 'generation': 117}","{'id': 7297, 'rank': 3, 'fitness': 0.9820137900379085, 'generation': 117}","{'id': 7297, 'rank': 4, 'fitness': 0.9820137900379085, 'generation': 117}","{'id': 7297, 'rank': 5, 'fitness': 0.9820137900379085, 'generation': 117}","{'id': 7120, 'rank': 6, 'fitness': 0.9818139875367913, 'generation': 117}","{'id': 7120, 'rank': 7, 'fitness': 0.9818139875367913, 'generation': 117}","{'id': 7120, 'rank': 8, 'fitness': 0.9818139875367913, 'generation': 117}","{'id': 7120, 'rank': 9, 'fitness': 0.9818139875367913, 'generation': 117}","{'id': 7120, 'rank': 10, 'fitness': 0.9818139875367913, 'generation': 117}","{'id': 7120, 'rank': 11, 'fitness': 0.9818139875367913, 'generation': 117}","{'id': 7120, 'rank': 12, 'fitness': 0.9818139875367913, 'generation': 117}","{'id': 7120, 'rank': 13, 'fitness': 0.9818139875367913, 'generation': 117}","{'id': 7120, 'rank': 14, 'fitness': 0.9818139875367913, 'generation': 117}","{'id': 7294, 'rank': 15, 'fitness': 0.9817011475737076, 'generation': 117}","{'id': 7294, 'rank': 16, 'fitness': 0.9817011475737076, 'generation': 117}","{'id': 7294, 'rank': 17, 'fitness': 0.9817011475737076, 'generation': 117}","{'id': 7294, 'rank': 18, 'fitness': 0.9817011475737076, 'generation': 117}","{'id': 7294, 'rank': 19, 'fitness': 0.9817011475737076, 'generation': 117}","{'id': 7276, 'rank': 20, 'fitness': 0.9816834102662887, 'generation': 117}","{'id': 7276, 'rank': 21, 'fitness': 0.9816834102662887, 'generation': 117}","{'id': 7276, 'rank': 22, 'fitness': 0.9816834102662887, 'generation': 117}","{'id': 7217, 'rank': 23, 'fitness': 0.9816722134228788, 'generation': 117}","{'id': 7100, 'rank': 24, 'fitness': 0.981474021809128, 'generation': 117}","{'id': 7100, 'rank': 25, 'fitness': 0.981474021809128, 'generation': 117}","{'id': 7100, 'rank': 26, 'fitness': 0.981474021809128, 'generation': 117}","{'id': 7100, 'rank': 27, 'fitness': 0.981474021809128, 'generation': 117}","{'id': 7308, 'rank': 28, 'fitness': 0.9814721999725997, 'generation': 117}","{'id': 7352, 'rank': 29, 'fitness': 0.981421930177927, 'generation': 117}","{'id': 7340, 'rank': 30, 'fitness': 0.01798620996209155, 'generation': 117}"
"{'id': 7392, 'rank': 1, 'fitness': 0.9820137900379085, 'generation': 118}","{'id': 7392, 'rank': 2, 'fitness': 0.9820137900379085, 'generation': 118}","{'id': 7392, 'rank': 3, 'fitness': 0.9820137900379085, 'generation': 118}","{'id': 7391, 'rank': 4, 'fitness': 0.9804068439732834, 'generation': 118}","{'id': 7391, 'rank': 5, 'fitness': 0.9804068439732834, 'generation': 118}","{'id': 7449, 'rank': 6, 'fitness': 0.9607708793334495, 'generation': 118}","{'id': 7449, 'rank': 7, 'fitness': 0.9607708793334495, 'generation': 118}","{'id': 7430, 'rank': 8, 'fitness': 0.9240055324223075, 'generation': 118}","{'id': 7460, 'rank': 9, 'fitness': 0.9069611880703667, 'generation': 118}","{'id': 7460, 'rank': 10, 'fitness': 0.9069611880703667, 'generation': 118}","{'id': 7423, 'rank': 11, 'fitness': 0.880961634639984, 'generation': 118}","{'id': 7423, 'rank': 12, 'fitness': 0.880961634639984, 'generation': 118}","{'id': 7457, 'rank': 13, 'fitness': 0.7711654607715263, 'generation': 118}","{'id': 7457, 'rank': 14, 'fitness': 0.7711654607715263, 'generation': 118}","{'id': 7455, 'rank': 15, 'fitness': 0.5748381606727317, 'generation': 118}","{'id': 7455, 'rank': 16, 'fitness': 0.5748381606727317, 'generation': 118}","{'id': 7297, 'rank': 17, 'fitness': 0.5686155960400108, 'generation': 118}","{'id': 7297, 'rank': 18, 'fitness': 0.5686155960400108, 'generation': 118}","{'id': 7451, 'rank': 19, 'fitness': 0.4146081218402536, 'generation': 118}","{'id': 7451, 'rank': 20, 'fitness': 0.4146081218402536, 'generation': 118}","{'id': 7451, 'rank': 21, 'fitness': 0.4146081218402536, 'generation': 118}","{'id': 7412, 'rank': 22, 'fitness': 0.3149478845265913, 'generation': 118}","{'id': 7412, 'rank': 23, 'fitness': 0.3149478845265913, 'generation': 118}","{'id': 7120, 'rank': 24, 'fitness': 0.2925697716528398, 'generation': 118}","{'id': 7398, 'rank': 25, 'fitness': 0.28712028642662024, 'generation': 118}","{'id': 7398, 'rank': 26, 'fitness': 0.28712028642662024, 'generation': 118}","{'id': 7276, 'rank': 27, 'fitness': 0.1633191039689274, 'generation': 118}","{'id': 7100, 'rank': 28, 'fitness': 0.05589325070172524, 'generation': 118}","{'id': 7441, 'rank': 29, 'fitness': 0.04215190777716621, 'generation': 118}","{'id': 7399, 'rank': 30, 'fitness': 0.01798620996209155, 'generation': 118}"
"{'id': 7479, 'rank': 1, 'fitness': 0.9820137900379085, 'generation': 119}","{'id': 7479, 'rank': 2, 'fitness': 0.9820137900379085, 'generation': 119}","{'id': 7479, 'rank': 3, 'fitness': 0.9820137900379085, 'generation': 119}","{'id': 7530, 'rank': 4, 'fitness': 0.7262985641944971, 'generation': 119}","{'id': 7530, 'rank': 5, 'fitness': 0.7262985641944971, 'generation': 119}","{'id': 7530, 'rank': 6, 'fitness': 0.7262985641944971, 'generation': 119}","{'id': 7493, 'rank': 7, 'fitness': 0.5276940695430012, 'generation': 119}","{'id': 7493, 'rank': 8, 'fitness': 0.5276940695430012, 'generation': 119}","{'id': 7392, 'rank': 9, 'fitness': 0.38537775841622435, 'generation': 119}","{'id': 7392, 'rank': 10, 'fitness': 0.38537775841622435, 'generation': 119}","{'id': 7392, 'rank': 11, 'fitness': 0.38537775841622435, 'generation': 119}","{'id': 7392, 'rank': 12, 'fitness': 0.38537775841622435, 'generation': 119}","{'id': 7392, 'rank': 13, 'fitness': 0.38537775841622435, 'generation': 119}","{'id': 7391, 'rank': 14, 'fitness': 0.36872202840592344, 'generation': 119}","{'id': 7449, 'rank': 15, 'fitness': 0.24625340137719653, 'generation': 119}","{'id': 7449, 'rank': 16, 'fitness': 0.24625340137719653, 'generation': 119}","{'id': 7529, 'rank': 17, 'fitness': 0.18543749872081083, 'generation': 119}","{'id': 7430, 'rank': 18, 'fitness': 0.15602185736815344, 'generation': 119}","{'id': 7460, 'rank': 19, 'fitness': 0.13379391498519105, 'generation': 119}","{'id': 7423, 'rank': 20, 'fitness': 0.10989004916072886, 'generation': 119}","{'id': 7423, 'rank': 21, 'fitness': 0.10989004916072886, 'generation': 119}","{'id': 7423, 'rank': 22, 'fitness': 0.10989004916072886, 'generation': 119}","{'id': 7423, 'rank': 23, 'fitness': 0.10989004916072886, 'generation': 119}","{'id': 7513, 'rank': 24, 'fitness': 0.10272844564938854, 'generation': 119}","{'id': 7481, 'rank': 25, 'fitness': 0.052876090884173665, 'generation': 119}","{'id': 7511, 'rank': 26, 'fitness': 0.04841840286644605, 'generation': 119}","{'id': 7490, 'rank': 27, 'fitness': 0.0424065827256892, 'generation': 119}","{'id': 7488, 'rank': 28, 'fitness': 0.03207135579717135, 'generation': 119}","{'id': 7455, 'rank': 29, 'fitness': 0.030054531152630626, 'generation': 119}","{'id': 7451, 'rank': 30, 'fitness': 0.01798620996209155, 'generation': 119}"
"{'id': 7540, 'rank': 1, 'fitness': 0.9820137900379085, 'generation': 120}","{'id': 7540, 'rank': 2, 'fitness': 0.9820137900379085, 'generation': 120}","{'id': 7541, 'rank': 3, 'fitness': 0.9117598482899139, 'generation': 120}","{'id': 7479, 'rank': 4, 'fitness': 0.9022412769506551, 'generation': 120}","{'id': 7479, 'rank': 5, 'fitness': 0.9022412769506551, 'generation': 120}","{'id': 7479, 'rank': 6, 'fitness': 0.9022412769506551, 'generation': 120}","{'id': 7479, 'rank': 7, 'fitness': 0.9022412769506551, 'generation': 120}","{'id': 7479, 'rank': 8, 'fitness': 0.9022412769506551, 'generation': 120}","{'id': 7479, 'rank': 9, 'fitness': 0.9022412769506551, 'generation': 120}","{'id': 7479, 'rank': 10, 'fitness': 0.9022412769506551, 'generation': 120}","{'id': 7553, 'rank': 11, 'fitness': 0.8794591430566747, 'generation': 120}","{'id': 7553, 'rank': 12, 'fitness': 0.8794591430566747, 'generation': 120}","{'id': 7539, 'rank': 13, 'fitness': 0.7712678434876525, 'generation': 120}","{'id': 7539, 'rank': 14, 'fitness': 0.7712678434876525, 'generation': 120}","{'id': 7539, 'rank': 15, 'fitness': 0.7712678434876525, 'generation': 120}","{'id': 7539, 'rank': 16, 'fitness': 0.7712678434876525, 'generation': 120}","{'id': 7539, 'rank': 17, 'fitness': 0.7712678434876525, 'generation': 120}","{'id': 7550, 'rank': 18, 'fitness': 0.7598657090555597, 'generation': 120}","{'id': 7550, 'rank': 19, 'fitness': 0.7598657090555597, 'generation': 120}","{'id': 7552, 'rank': 20, 'fitness': 0.514919684331616, 'generation': 120}","{'id': 7552, 'rank': 21, 'fitness': 0.514919684331616, 'generation': 120}","{'id': 7542, 'rank': 22, 'fitness': 0.3929382590669087, 'generation': 120}","{'id': 7551, 'rank': 23, 'fitness': 0.13497129222123494, 'generation': 120}","{'id': 7493, 'rank': 24, 'fitness': 0.11588288311898193, 'generation': 120}","{'id': 7493, 'rank': 25, 'fitness': 0.11588288311898193, 'generation': 120}","{'id': 7392, 'rank': 26, 'fitness': 0.06513499575129567, 'generation': 120}","{'id': 7392, 'rank': 27, 'fitness': 0.06513499575129567, 'generation': 120}","{'id': 7392, 'rank': 28, 'fitness': 0.06513499575129567, 'generation': 120}","{'id': 7392, 'rank': 29, 'fitness': 0.06513499575129567, 'generation': 120}","{'id': 7430, 'rank': 30, 'fitness': 0.01798620996209155, 'generation': 120}"
"{'id': 7588, 'rank': 1, 'fitness': 0.9820137900379085, 'generation': 121}","{'id': 7588, 'rank': 2, 'fitness': 0.9820137900379085, 'generation': 121}","{'id': 7588, 'rank': 3, 'fitness': 0.9820137900379085, 'generation': 121}","{'id': 7588, 'rank': 4, 'fitness': 0.9820137900379085, 'generation': 121}","{'id': 7540, 'rank': 5, 'fitness': 0.9737030814144149, 'generation': 121}","{'id': 7540, 'rank': 6, 'fitness': 0.9737030814144149, 'generation': 121}","{'id': 7540, 'rank': 7, 'fitness': 0.9737030814144149, 'generation': 121}","{'id': 7590, 'rank': 8, 'fitness': 0.9664163572814042, 'generation': 121}","{'id': 7590, 'rank': 9, 'fitness': 0.9664163572814042, 'generation': 121}","{'id': 7541, 'rank': 10, 'fitness': 0.9656450742165068, 'generation': 121}","{'id': 7541, 'rank': 11, 'fitness': 0.9656450742165068, 'generation': 121}","{'id': 7541, 'rank': 12, 'fitness': 0.9656450742165068, 'generation': 121}","{'id': 7479, 'rank': 13, 'fitness': 0.9650193645587075, 'generation': 121}","{'id': 7479, 'rank': 14, 'fitness': 0.9650193645587075, 'generation': 121}","{'id': 7479, 'rank': 15, 'fitness': 0.9650193645587075, 'generation': 121}","{'id': 7479, 'rank': 16, 'fitness': 0.9650193645587075, 'generation': 121}","{'id': 7479, 'rank': 17, 'fitness': 0.9650193645587075, 'generation': 121}","{'id': 7479, 'rank': 18, 'fitness': 0.9650193645587075, 'generation': 121}","{'id': 7479, 'rank': 19, 'fitness': 0.9650193645587075, 'generation': 121}","{'id': 7479, 'rank': 20, 'fitness': 0.9650193645587075, 'generation': 121}","{'id': 7479, 'rank': 21, 'fitness': 0.9650193645587075, 'generation': 121}","{'id': 7553, 'rank': 22, 'fitness': 0.9636816203430014, 'generation': 121}","{'id': 7539, 'rank': 23, 'fitness': 0.958934439771476, 'generation': 121}","{'id': 7539, 'rank': 24, 'fitness': 0.958934439771476, 'generation': 121}","{'id': 7649, 'rank': 25, 'fitness': 0.9553435930911198, 'generation': 121}","{'id': 7589, 'rank': 26, 'fitness': 0.953688721823915, 'generation': 121}","{'id': 7552, 'rank': 27, 'fitness': 0.9507012820394856, 'generation': 121}","{'id': 7616, 'rank': 28, 'fitness': 0.42151793087826084, 'generation': 121}","{'id': 7613, 'rank': 29, 'fitness': 0.028858786492828248, 'generation': 121}","{'id': 7629, 'rank': 30, 'fitness': 0.01798620996209155, 'generation': 121}"
"{'id': 7696, 'rank': 1, 'fitness': 0.9820137900379085, 'generation': 122}","{'id': 7696, 'rank': 2, 'fitness': 0.9820137900379085, 'generation': 122}","{'id': 7673, 'rank': 3, 'fitness': 0.9437580589591361, 'generation': 122}","{'id': 7748, 'rank': 4, 'fitness': 0.9220993250808807, 'generation': 122}","{'id': 7748, 'rank': 5, 'fitness': 0.9220993250808807, 'generation': 122}","{'id': 7692, 'rank': 6, 'fitness': 0.8449297373655877, 'generation': 122}","{'id': 7692, 'rank': 7, 'fitness': 0.8449297373655877, 'generation': 122}","{'id': 7588, 'rank': 8, 'fitness': 0.825297057228277, 'generation': 122}","{'id': 7588, 'rank': 9, 'fitness': 0.825297057228277, 'generation': 122}","{'id': 7588, 'rank': 10, 'fitness': 0.825297057228277, 'generation': 122}","{'id': 7588, 'rank': 11, 'fitness': 0.825297057228277, 'generation': 122}","{'id': 7588, 'rank': 12, 'fitness': 0.825297057228277, 'generation': 122}","{'id': 7588, 'rank': 13, 'fitness': 0.825297057228277, 'generation': 122}","{'id': 7672, 'rank': 14, 'fitness': 0.6642671892308234, 'generation': 122}","{'id': 7709, 'rank': 15, 'fitness': 0.5919722910835442, 'generation': 122}","{'id': 7540, 'rank': 16, 'fitness': 0.5005561842182541, 'generation': 122}","{'id': 7540, 'rank': 17, 'fitness': 0.5005561842182541, 'generation': 122}","{'id': 7540, 'rank': 18, 'fitness': 0.5005561842182541, 'generation': 122}","{'id': 7540, 'rank': 19, 'fitness': 0.5005561842182541, 'generation': 122}","{'id': 7711, 'rank': 20, 'fitness': 0.4491231161766338, 'generation': 122}","{'id': 7711, 'rank': 21, 'fitness': 0.4491231161766338, 'generation': 122}","{'id': 7711, 'rank': 22, 'fitness': 0.4491231161766338, 'generation': 122}","{'id': 7735, 'rank': 23, 'fitness': 0.41233559775397627, 'generation': 122}","{'id': 7705, 'rank': 24, 'fitness': 0.3959911992470533, 'generation': 122}","{'id': 7700, 'rank': 25, 'fitness': 0.38328720200244065, 'generation': 122}","{'id': 7737, 'rank': 26, 'fitness': 0.2627593115376605, 'generation': 122}","{'id': 7742, 'rank': 27, 'fitness': 0.25226633863226927, 'generation': 122}","{'id': 7668, 'rank': 28, 'fitness': 0.251647170747767, 'generation': 122}","{'id': 7541, 'rank': 29, 'fitness': 0.2500967002776303, 'generation': 122}","{'id': 7718, 'rank': 30, 'fitness': 0.01798620996209155, 'generation': 122}"
"{'id': 7786, 'rank': 1, 'fitness': 0.9820137900379085, 'generation': 123}","{'id': 7786, 'rank': 2, 'fitness': 0.9820137900379085, 'generation': 123}","{'id': 7787, 'rank': 3, 'fitness': 0.9743722565487059, 'generation': 123}","{'id': 7696, 'rank': 4, 'fitness': 0.9721541921577461, 'generation': 123}","{'id': 7696, 'rank': 5, 'fitness': 0.9721541921577461, 'generation': 123}","{'id': 7696, 'rank': 6, 'fitness': 0.9721541921577461, 'generation': 123}","{'id': 7696, 'rank': 7, 'fitness': 0.9721541921577461, 'generation': 123}","{'id': 7696, 'rank': 8, 'fitness': 0.9721541921577461, 'generation': 123}","{'id': 7673, 'rank': 9, 'fitness': 0.8559307859260569, 'generation': 123}","{'id': 7748, 'rank': 10, 'fitness': 0.7786891580591355, 'generation': 123}","{'id': 7748, 'rank': 11, 'fitness': 0.7786891580591355, 'generation': 123}","{'id': 7748, 'rank': 12, 'fitness': 0.7786891580591355, 'generation': 123}","{'id': 7748, 'rank': 13, 'fitness': 0.7786891580591355, 'generation': 123}","{'id': 7748, 'rank': 14, 'fitness': 0.7786891580591355, 'generation': 123}","{'id': 7748, 'rank': 15, 'fitness': 0.7786891580591355, 'generation': 123}","{'id': 7798, 'rank': 16, 'fitness': 0.7383275570417531, 'generation': 123}","{'id': 7790, 'rank': 17, 'fitness': 0.6795729306228997, 'generation': 123}","{'id': 7790, 'rank': 18, 'fitness': 0.6795729306228997, 'generation': 123}","{'id': 7692, 'rank': 19, 'fitness': 0.5233477422426256, 'generation': 123}","{'id': 7588, 'rank': 20, 'fitness': 0.4698441096423626, 'generation': 123}","{'id': 7588, 'rank': 21, 'fitness': 0.4698441096423626, 'generation': 123}","{'id': 7588, 'rank': 22, 'fitness': 0.4698441096423626, 'generation': 123}","{'id': 7588, 'rank': 23, 'fitness': 0.4698441096423626, 'generation': 123}","{'id': 7588, 'rank': 24, 'fitness': 0.4698441096423626, 'generation': 123}","{'id': 7672, 'rank': 25, 'fitness': 0.19354762890116928, 'generation': 123}","{'id': 7540, 'rank': 26, 'fitness': 0.07958081206357731, 'generation': 123}","{'id': 7711, 'rank': 27, 'fitness': 0.05964018856498832, 'generation': 123}","{'id': 7711, 'rank': 28, 'fitness': 0.05964018856498832, 'generation': 123}","{'id': 7735, 'rank': 29, 'fitness': 0.04818844368809039, 'generation': 123}","{'id': 7737, 'rank': 30, 'fitness': 0.01798620996209155, 'generation': 123}"
"{'id': 7853, 'rank': 1, 'fitness': 0.9820137900379085, 'generation': 124}","{'id': 7853, 'rank': 2, 'fitness': 0.9820137900379085, 'generation': 124}","{'id': 7852, 'rank': 3, 'fitness': 0.9346653608949028, 'generation': 124}","{'id': 7852, 'rank': 4, 'fitness': 0.9346653608949028, 'generation': 124}","{'id': 7852, 'rank': 5, 'fitness': 0.9346653608949028, 'generation': 124}","{'id': 7786, 'rank': 6, 'fitness': 0.9208544218975279, 'generation': 124}","{'id': 7786, 'rank': 7, 'fitness': 0.9208544218975279, 'generation': 124}","{'id': 7786, 'rank': 8, 'fitness': 0.9208544218975279, 'generation': 124}","{'id': 7786, 'rank': 9, 'fitness': 0.9208544218975279, 'generation': 124}","{'id': 7787, 'rank': 10, 'fitness': 0.8967907514344595, 'generation': 124}","{'id': 7696, 'rank': 11, 'fitness': 0.89024631212411, 'generation': 124}","{'id': 7696, 'rank': 12, 'fitness': 0.89024631212411, 'generation': 124}","{'id': 7696, 'rank': 13, 'fitness': 0.89024631212411, 'generation': 124}","{'id': 7696, 'rank': 14, 'fitness': 0.89024631212411, 'generation': 124}","{'id': 7696, 'rank': 15, 'fitness': 0.89024631212411, 'generation': 124}","{'id': 7696, 'rank': 16, 'fitness': 0.89024631212411, 'generation': 124}","{'id': 7696, 'rank': 17, 'fitness': 0.89024631212411, 'generation': 124}","{'id': 7866, 'rank': 18, 'fitness': 0.7750949455989422, 'generation': 124}","{'id': 7850, 'rank': 19, 'fitness': 0.7718600857409561, 'generation': 124}","{'id': 7851, 'rank': 20, 'fitness': 0.7467117057495277, 'generation': 124}","{'id': 7673, 'rank': 21, 'fitness': 0.6602825851358252, 'generation': 124}","{'id': 7847, 'rank': 22, 'fitness': 0.5971243828543643, 'generation': 124}","{'id': 7748, 'rank': 23, 'fitness': 0.5601905250331336, 'generation': 124}","{'id': 7748, 'rank': 24, 'fitness': 0.5601905250331336, 'generation': 124}","{'id': 7748, 'rank': 25, 'fitness': 0.5601905250331336, 'generation': 124}","{'id': 7748, 'rank': 26, 'fitness': 0.5601905250331336, 'generation': 124}","{'id': 7790, 'rank': 27, 'fitness': 0.45847843100951885, 'generation': 124}","{'id': 7588, 'rank': 28, 'fitness': 0.2951658791258227, 'generation': 124}","{'id': 7819, 'rank': 29, 'fitness': 0.15080612145630123, 'generation': 124}","{'id': 7737, 'rank': 30, 'fitness': 0.01798620996209155, 'generation': 124}"
"{'id': 7945, 'rank': 1, 'fitness': 0.9820137900379085, 'generation': 125}","{'id': 7945, 'rank': 2, 'fitness': 0.9820137900379085, 'generation': 125}","{'id': 7945, 'rank': 3, 'fitness': 0.9820137900379085, 'generation': 125}","{'id': 7946, 'rank': 4, 'fitness': 0.8983111800888532, 'generation': 125}","{'id': 7946, 'rank': 5, 'fitness': 0.8983111800888532, 'generation': 125}","{'id': 7946, 'rank': 6, 'fitness': 0.8983111800888532, 'generation': 125}","{'id': 7853, 'rank': 7, 'fitness': 0.8973012503349642, 'generation': 125}","{'id': 7853, 'rank': 8, 'fitness': 0.8973012503349642, 'generation': 125}","{'id': 7853, 'rank': 9, 'fitness': 0.8973012503349642, 'generation': 125}","{'id': 7853, 'rank': 10, 'fitness': 0.8973012503349642, 'generation': 125}","{'id': 7947, 'rank': 11, 'fitness': 0.7682142719944542, 'generation': 125}","{'id': 7852, 'rank': 12, 'fitness': 0.4923826931383191, 'generation': 125}","{'id': 7852, 'rank': 13, 'fitness': 0.4923826931383191, 'generation': 125}","{'id': 7852, 'rank': 14, 'fitness': 0.4923826931383191, 'generation': 125}","{'id': 7852, 'rank': 15, 'fitness': 0.4923826931383191, 'generation': 125}","{'id': 7786, 'rank': 16, 'fitness': 0.408632160205588, 'generation': 125}","{'id': 7786, 'rank': 17, 'fitness': 0.408632160205588, 'generation': 125}","{'id': 7786, 'rank': 18, 'fitness': 0.408632160205588, 'generation': 125}","{'id': 7696, 'rank': 19, 'fitness': 0.2765424208874825, 'generation': 125}","{'id': 7696, 'rank': 20, 'fitness': 0.2765424208874825, 'generation': 125}","{'id': 7696, 'rank': 21, 'fitness': 0.2765424208874825, 'generation': 125}","{'id': 7696, 'rank': 22, 'fitness': 0.2765424208874825, 'generation': 125}","{'id': 7696, 'rank': 23, 'fitness': 0.2765424208874825, 'generation': 125}","{'id': 7866, 'rank': 24, 'fitness': 0.0857683574833275, 'generation': 125}","{'id': 7851, 'rank': 25, 'fitness': 0.0676909617586477, 'generation': 125}","{'id': 7851, 'rank': 26, 'fitness': 0.0676909617586477, 'generation': 125}","{'id': 7673, 'rank': 27, 'fitness': 0.03535177763927888, 'generation': 125}","{'id': 7673, 'rank': 28, 'fitness': 0.03535177763927888, 'generation': 125}","{'id': 7847, 'rank': 29, 'fitness': 0.022949058882112405, 'generation': 125}","{'id': 7748, 'rank': 30, 'fitness': 0.01798620996209155, 'generation': 125}"
"{'id': 7987, 'rank': 1, 'fitness': 0.9820137900379085, 'generation': 126}","{'id': 7987, 'rank': 2, 'fitness': 0.9820137900379085, 'generation': 126}","{'id': 7987, 'rank': 3, 'fitness': 0.9820137900379085, 'generation': 126}","{'id': 7945, 'rank': 4, 'fitness': 0.9648567664617844, 'generation': 126}","{'id': 7945, 'rank': 5, 'fitness': 0.9648567664617844, 'generation': 126}","{'id': 7945, 'rank': 6, 'fitness': 0.9648567664617844, 'generation': 126}","{'id': 7945, 'rank': 7, 'fitness': 0.9648567664617844, 'generation': 126}","{'id': 7985, 'rank': 8, 'fitness': 0.9163897277562764, 'generation': 126}","{'id': 7985, 'rank': 9, 'fitness': 0.9163897277562764, 'generation': 126}","{'id': 7946, 'rank': 10, 'fitness': 0.5019878848341262, 'generation': 126}","{'id': 7946, 'rank': 11, 'fitness': 0.5019878848341262, 'generation': 126}","{'id': 7946, 'rank': 12, 'fitness': 0.5019878848341262, 'generation': 126}","{'id': 7946, 'rank': 13, 'fitness': 0.5019878848341262, 'generation': 126}","{'id': 7946, 'rank': 14, 'fitness': 0.5019878848341262, 'generation': 126}","{'id': 7946, 'rank': 15, 'fitness': 0.5019878848341262, 'generation': 126}","{'id': 7946, 'rank': 16, 'fitness': 0.5019878848341262, 'generation': 126}","{'id': 7946, 'rank': 17, 'fitness': 0.5019878848341262, 'generation': 126}","{'id': 7853, 'rank': 18, 'fitness': 0.4969951782330804, 'generation': 126}","{'id': 7853, 'rank': 19, 'fitness': 0.4969951782330804, 'generation': 126}","{'id': 7853, 'rank': 20, 'fitness': 0.4969951782330804, 'generation': 126}","{'id': 7853, 'rank': 21, 'fitness': 0.4969951782330804, 'generation': 126}","{'id': 7853, 'rank': 22, 'fitness': 0.4969951782330804, 'generation': 126}","{'id': 7853, 'rank': 23, 'fitness': 0.4969951782330804, 'generation': 126}","{'id': 7986, 'rank': 24, 'fitness': 0.4687952983070235, 'generation': 126}","{'id': 7947, 'rank': 25, 'fitness': 0.14545510582238447, 'generation': 126}","{'id': 8000, 'rank': 26, 'fitness': 0.06087894157773588, 'generation': 126}","{'id': 7969, 'rank': 27, 'fitness': 0.05763768155557103, 'generation': 126}","{'id': 7969, 'rank': 28, 'fitness': 0.05763768155557103, 'generation': 126}","{'id': 7970, 'rank': 29, 'fitness': 0.02494960908053956, 'generation': 126}","{'id': 7852, 'rank': 30, 'fitness': 0.01798620996209155, 'generation': 126}"
"{'id': 8031, 'rank': 1, 'fitness': 0.9820137900379085, 'generation': 127}","{'id': 8031, 'rank': 2, 'fitness': 0.9820137900379085, 'generation': 127}","{'id': 7987, 'rank': 3, 'fitness': 0.9794490308245192, 'generation': 127}","{'id': 7987, 'rank': 4, 'fitness': 0.9794490308245192, 'generation': 127}","{'id': 7987, 'rank': 5, 'fitness': 0.9794490308245192, 'generation': 127}","{'id': 7987, 'rank': 6, 'fitness': 0.9794490308245192, 'generation': 127}","{'id': 7987, 'rank': 7, 'fitness': 0.9794490308245192, 'generation': 127}","{'id': 8037, 'rank': 8, 'fitness': 0.9792681372852061, 'generation': 127}","{'id': 7945, 'rank': 9, 'fitness': 0.9780031758238363, 'generation': 127}","{'id': 7945, 'rank': 10, 'fitness': 0.9780031758238363, 'generation': 127}","{'id': 7945, 'rank': 11, 'fitness': 0.9780031758238363, 'generation': 127}","{'id': 7945, 'rank': 12, 'fitness': 0.9780031758238363, 'generation': 127}","{'id': 7945, 'rank': 13, 'fitness': 0.9780031758238363, 'generation': 127}","{'id': 7945, 'rank': 14, 'fitness': 0.9780031758238363, 'generation': 127}","{'id': 7945, 'rank': 15, 'fitness': 0.9780031758238363, 'generation': 127}","{'id': 7945, 'rank': 16, 'fitness': 0.9780031758238363, 'generation': 127}","{'id': 8038, 'rank': 17, 'fitness': 0.9771859317952923, 'generation': 127}","{'id': 7985, 'rank': 18, 'fitness': 0.975915867406293, 'generation': 127}","{'id': 7985, 'rank': 19, 'fitness': 0.975915867406293, 'generation': 127}","{'id': 8032, 'rank': 20, 'fitness': 0.9753952252387912, 'generation': 127}","{'id': 8032, 'rank': 21, 'fitness': 0.9753952252387912, 'generation': 127}","{'id': 8032, 'rank': 22, 'fitness': 0.9753952252387912, 'generation': 127}","{'id': 8032, 'rank': 23, 'fitness': 0.9753952252387912, 'generation': 127}","{'id': 8053, 'rank': 24, 'fitness': 0.9710946695578393, 'generation': 127}","{'id': 8053, 'rank': 25, 'fitness': 0.9710946695578393, 'generation': 127}","{'id': 7946, 'rank': 26, 'fitness': 0.9695481811331323, 'generation': 127}","{'id': 7946, 'rank': 27, 'fitness': 0.9695481811331323, 'generation': 127}","{'id': 7853, 'rank': 28, 'fitness': 0.9694885419242618, 'generation': 127}","{'id': 7853, 'rank': 29, 'fitness': 0.9694885419242618, 'generation': 127}","{'id': 8055, 'rank': 30, 'fitness': 0.01798620996209155, 'generation': 127}"
"{'id': 8087, 'rank': 1, 'fitness': 0.9820137900379085, 'generation': 128}","{'id': 8087, 'rank': 2, 'fitness': 0.9820137900379085, 'generation': 128}","{'id': 8087, 'rank': 3, 'fitness': 0.9820137900379085, 'generation': 128}","{'id': 8087, 'rank': 4, 'fitness': 0.9820137900379085, 'generation': 128}","{'id': 8079, 'rank': 5, 'fitness': 0.9774091791945247, 'generation': 128}","{'id': 8079, 'rank': 6, 'fitness': 0.9774091791945247, 'generation': 128}","{'id': 8031, 'rank': 7, 'fitness': 0.9544603271827441, 'generation': 128}","{'id': 8031, 'rank': 8, 'fitness': 0.9544603271827441, 'generation': 128}","{'id': 8031, 'rank': 9, 'fitness': 0.9544603271827441, 'generation': 128}","{'id': 7987, 'rank': 10, 'fitness': 0.8946916117730164, 'generation': 128}","{'id': 7987, 'rank': 11, 'fitness': 0.8946916117730164, 'generation': 128}","{'id': 7987, 'rank': 12, 'fitness': 0.8946916117730164, 'generation': 128}","{'id': 7987, 'rank': 13, 'fitness': 0.8946916117730164, 'generation': 128}","{'id': 7987, 'rank': 14, 'fitness': 0.8946916117730164, 'generation': 128}","{'id': 7987, 'rank': 15, 'fitness': 0.8946916117730164, 'generation': 128}","{'id': 7987, 'rank': 16, 'fitness': 0.8946916117730164, 'generation': 128}","{'id': 7987, 'rank': 17, 'fitness': 0.8946916117730164, 'generation': 128}","{'id': 7987, 'rank': 18, 'fitness': 0.8946916117730164, 'generation': 128}","{'id': 8037, 'rank': 19, 'fitness': 0.8889575638568358, 'generation': 128}","{'id': 8127, 'rank': 20, 'fitness': 0.8729074979622364, 'generation': 128}","{'id': 7945, 'rank': 21, 'fitness': 0.8426497727007077, 'generation': 128}","{'id': 7945, 'rank': 22, 'fitness': 0.8426497727007077, 'generation': 128}","{'id': 7945, 'rank': 23, 'fitness': 0.8426497727007077, 'generation': 128}","{'id': 7945, 'rank': 24, 'fitness': 0.8426497727007077, 'generation': 128}","{'id': 7945, 'rank': 25, 'fitness': 0.8426497727007077, 'generation': 128}","{'id': 8133, 'rank': 26, 'fitness': 0.7910304648841361, 'generation': 128}","{'id': 8032, 'rank': 27, 'fitness': 0.7142221821648894, 'generation': 128}","{'id': 8088, 'rank': 28, 'fitness': 0.6384925067542375, 'generation': 128}","{'id': 8062, 'rank': 29, 'fitness': 0.16202919931849696, 'generation': 128}","{'id': 8092, 'rank': 30, 'fitness': 0.01798620996209155, 'generation': 128}"
"{'id': 8186, 'rank': 1, 'fitness': 0.9820137900379085, 'generation': 129}","{'id': 8186, 'rank': 2, 'fitness': 0.9820137900379085, 'generation': 129}","{'id': 8186, 'rank': 3, 'fitness': 0.9820137900379085, 'generation': 129}","{'id': 8186, 'rank': 4, 'fitness': 0.9820137900379085, 'generation': 129}","{'id': 8184, 'rank': 5, 'fitness': 0.9732395069778736, 'generation': 129}","{'id': 8184, 'rank': 6, 'fitness': 0.9732395069778736, 'generation': 129}","{'id': 8184, 'rank': 7, 'fitness': 0.9732395069778736, 'generation': 129}","{'id': 8087, 'rank': 8, 'fitness': 0.8698049920918003, 'generation': 129}","{'id': 8087, 'rank': 9, 'fitness': 0.8698049920918003, 'generation': 129}","{'id': 8087, 'rank': 10, 'fitness': 0.8698049920918003, 'generation': 129}","{'id': 8087, 'rank': 11, 'fitness': 0.8698049920918003, 'generation': 129}","{'id': 8087, 'rank': 12, 'fitness': 0.8698049920918003, 'generation': 129}","{'id': 8087, 'rank': 13, 'fitness': 0.8698049920918003, 'generation': 129}","{'id': 8079, 'rank': 14, 'fitness': 0.8480975166606333, 'generation': 129}","{'id': 8079, 'rank': 15, 'fitness': 0.8480975166606333, 'generation': 129}","{'id': 8079, 'rank': 16, 'fitness': 0.8480975166606333, 'generation': 129}","{'id': 8031, 'rank': 17, 'fitness': 0.76143794275455, 'generation': 129}","{'id': 8031, 'rank': 18, 'fitness': 0.76143794275455, 'generation': 129}","{'id': 8141, 'rank': 19, 'fitness': 0.6980416484604501, 'generation': 129}","{'id': 7987, 'rank': 20, 'fitness': 0.6139483167174415, 'generation': 129}","{'id': 7987, 'rank': 21, 'fitness': 0.6139483167174415, 'generation': 129}","{'id': 7987, 'rank': 22, 'fitness': 0.6139483167174415, 'generation': 129}","{'id': 7987, 'rank': 23, 'fitness': 0.6139483167174415, 'generation': 129}","{'id': 7987, 'rank': 24, 'fitness': 0.6139483167174415, 'generation': 129}","{'id': 7987, 'rank': 25, 'fitness': 0.6139483167174415, 'generation': 129}","{'id': 7945, 'rank': 26, 'fitness': 0.5269460780072907, 'generation': 129}","{'id': 8133, 'rank': 27, 'fitness': 0.46014357118040816, 'generation': 129}","{'id': 8062, 'rank': 28, 'fitness': 0.07911314213651394, 'generation': 129}","{'id': 8203, 'rank': 29, 'fitness': 0.023563694427987558, 'generation': 129}","{'id': 8202, 'rank': 30, 'fitness': 0.01798620996209155, 'generation': 129}"
"{'id': 8228, 'rank': 1, 'fitness': 0.9820137900379085, 'generation': 130}","{'id': 8228, 'rank': 2, 'fitness': 0.9820137900379085, 'generation': 130}","{'id': 8228, 'rank': 3, 'fitness': 0.9820137900379085, 'generation': 130}","{'id': 8228, 'rank': 4, 'fitness': 0.9820137900379085, 'generation': 130}","{'id': 8252, 'rank': 5, 'fitness': 0.9681257995063735, 'generation': 130}","{'id': 8246, 'rank': 6, 'fitness': 0.8501375154276982, 'generation': 130}","{'id': 8246, 'rank': 7, 'fitness': 0.8501375154276982, 'generation': 130}","{'id': 8246, 'rank': 8, 'fitness': 0.8501375154276982, 'generation': 130}","{'id': 8186, 'rank': 9, 'fitness': 0.8482140023666604, 'generation': 130}","{'id': 8186, 'rank': 10, 'fitness': 0.8482140023666604, 'generation': 130}","{'id': 8186, 'rank': 11, 'fitness': 0.8482140023666604, 'generation': 130}","{'id': 8186, 'rank': 12, 'fitness': 0.8482140023666604, 'generation': 130}","{'id': 8184, 'rank': 13, 'fitness': 0.6489123950929575, 'generation': 130}","{'id': 8184, 'rank': 14, 'fitness': 0.6489123950929575, 'generation': 130}","{'id': 8184, 'rank': 15, 'fitness': 0.6489123950929575, 'generation': 130}","{'id': 8184, 'rank': 16, 'fitness': 0.6489123950929575, 'generation': 130}","{'id': 8184, 'rank': 17, 'fitness': 0.6489123950929575, 'generation': 130}","{'id': 8184, 'rank': 18, 'fitness': 0.6489123950929575, 'generation': 130}","{'id': 8227, 'rank': 19, 'fitness': 0.4874703086971563, 'generation': 130}","{'id': 8257, 'rank': 20, 'fitness': 0.4379329889333112, 'generation': 130}","{'id': 8257, 'rank': 21, 'fitness': 0.4379329889333112, 'generation': 130}","{'id': 8255, 'rank': 22, 'fitness': 0.24899964469057873, 'generation': 130}","{'id': 8255, 'rank': 23, 'fitness': 0.24899964469057873, 'generation': 130}","{'id': 8256, 'rank': 24, 'fitness': 0.09458000456928817, 'generation': 130}","{'id': 8247, 'rank': 25, 'fitness': 0.03486790013985852, 'generation': 130}","{'id': 8087, 'rank': 26, 'fitness': 0.01798620996209155, 'generation': 130}","{'id': 8087, 'rank': 27, 'fitness': 0.01798620996209155, 'generation': 130}","{'id': 8087, 'rank': 28, 'fitness': 0.01798620996209155, 'generation': 130}","{'id': 8087, 'rank': 29, 'fitness': 0.01798620996209155, 'generation': 130}","{'id': 8087, 'rank': 30, 'fitness': 0.01798620996209155, 'generation': 130}"
"{'id': 8333, 'rank': 1, 'fitness': 0.9820137900379085, 'generation': 131}","{'id': 8333, 'rank': 2, 'fitness': 0.9820137900379085, 'generation': 131}","{'id': 8333, 'rank': 3, 'fitness': 0.9820137900379085, 'generation': 131}","{'id': 8333, 'rank': 4, 'fitness': 0.9820137900379085, 'generation': 131}","{'id': 8228, 'rank': 5, 'fitness': 0.6729886395812833, 'generation': 131}","{'id': 8228, 'rank': 6, 'fitness': 0.6729886395812833, 'generation': 131}","{'id': 8228, 'rank': 7, 'fitness': 0.6729886395812833, 'generation': 131}","{'id': 8228, 'rank': 8, 'fitness': 0.6729886395812833, 'generation': 131}","{'id': 8228, 'rank': 9, 'fitness': 0.6729886395812833, 'generation': 131}","{'id': 8228, 'rank': 10, 'fitness': 0.6729886395812833, 'generation': 131}","{'id': 8228, 'rank': 11, 'fitness': 0.6729886395812833, 'generation': 131}","{'id': 8228, 'rank': 12, 'fitness': 0.6729886395812833, 'generation': 131}","{'id': 8316, 'rank': 13, 'fitness': 0.5921928002358953, 'generation': 131}","{'id': 8335, 'rank': 14, 'fitness': 0.22738332420759627, 'generation': 131}","{'id': 8335, 'rank': 15, 'fitness': 0.22738332420759627, 'generation': 131}","{'id': 8335, 'rank': 16, 'fitness': 0.22738332420759627, 'generation': 131}","{'id': 8336, 'rank': 17, 'fitness': 0.17541462694131588, 'generation': 131}","{'id': 8246, 'rank': 18, 'fitness': 0.14256094360196436, 'generation': 131}","{'id': 8246, 'rank': 19, 'fitness': 0.14256094360196436, 'generation': 131}","{'id': 8246, 'rank': 20, 'fitness': 0.14256094360196436, 'generation': 131}","{'id': 8186, 'rank': 21, 'fitness': 0.14053325864727417, 'generation': 131}","{'id': 8186, 'rank': 22, 'fitness': 0.14053325864727417, 'generation': 131}","{'id': 8186, 'rank': 23, 'fitness': 0.14053325864727417, 'generation': 131}","{'id': 8186, 'rank': 24, 'fitness': 0.14053325864727417, 'generation': 131}","{'id': 8186, 'rank': 25, 'fitness': 0.14053325864727417, 'generation': 131}","{'id': 8186, 'rank': 26, 'fitness': 0.14053325864727417, 'generation': 131}","{'id': 8184, 'rank': 27, 'fitness': 0.04564236796608123, 'generation': 131}","{'id': 8227, 'rank': 28, 'fitness': 0.02234803401714275, 'generation': 131}","{'id': 8257, 'rank': 29, 'fitness': 0.01798620996209155, 'generation': 131}","{'id': 8257, 'rank': 30, 'fitness': 0.01798620996209155, 'generation': 131}"
"{'id': 8352, 'rank': 1, 'fitness': 0.9820137900379085, 'generation': 132}","{'id': 8352, 'rank': 2, 'fitness': 0.9820137900379085, 'generation': 132}","{'id': 8352, 'rank': 3, 'fitness': 0.9820137900379085, 'generation': 132}","{'id': 8333, 'rank': 4, 'fitness': 0.939083298506448, 'generation': 132}","{'id': 8333, 'rank': 5, 'fitness': 0.939083298506448, 'generation': 132}","{'id': 8333, 'rank': 6, 'fitness': 0.939083298506448, 'generation': 132}","{'id': 8333, 'rank': 7, 'fitness': 0.939083298506448, 'generation': 132}","{'id': 8333, 'rank': 8, 'fitness': 0.939083298506448, 'generation': 132}","{'id': 8333, 'rank': 9, 'fitness': 0.939083298506448, 'generation': 132}","{'id': 8333, 'rank': 10, 'fitness': 0.939083298506448, 'generation': 132}","{'id': 8333, 'rank': 11, 'fitness': 0.939083298506448, 'generation': 132}","{'id': 8333, 'rank': 12, 'fitness': 0.939083298506448, 'generation': 132}","{'id': 8333, 'rank': 13, 'fitness': 0.939083298506448, 'generation': 132}","{'id': 8333, 'rank': 14, 'fitness': 0.939083298506448, 'generation': 132}","{'id': 8333, 'rank': 15, 'fitness': 0.939083298506448, 'generation': 132}","{'id': 8333, 'rank': 16, 'fitness': 0.939083298506448, 'generation': 132}","{'id': 8333, 'rank': 17, 'fitness': 0.939083298506448, 'generation': 132}","{'id': 8355, 'rank': 18, 'fitness': 0.43217289183583224, 'generation': 132}","{'id': 8355, 'rank': 19, 'fitness': 0.43217289183583224, 'generation': 132}","{'id': 8228, 'rank': 20, 'fitness': 0.2564594004088867, 'generation': 132}","{'id': 8228, 'rank': 21, 'fitness': 0.2564594004088867, 'generation': 132}","{'id': 8228, 'rank': 22, 'fitness': 0.2564594004088867, 'generation': 132}","{'id': 8228, 'rank': 23, 'fitness': 0.2564594004088867, 'generation': 132}","{'id': 8228, 'rank': 24, 'fitness': 0.2564594004088867, 'generation': 132}","{'id': 8228, 'rank': 25, 'fitness': 0.2564594004088867, 'generation': 132}","{'id': 8316, 'rank': 26, 'fitness': 0.1871513198011872, 'generation': 132}","{'id': 8353, 'rank': 27, 'fitness': 0.061168311056165214, 'generation': 132}","{'id': 8246, 'rank': 28, 'fitness': 0.018331054422986715, 'generation': 132}","{'id': 8186, 'rank': 29, 'fitness': 0.01798620996209155, 'generation': 132}","{'id': 8186, 'rank': 30, 'fitness': 0.01798620996209155, 'generation': 132}"
"{'id': 8438, 'rank': 1, 'fitness': 0.9820137900379085, 'generation': 133}","{'id': 8352, 'rank': 2, 'fitness': 0.807536760637653, 'generation': 133}","{'id': 8352, 'rank': 3, 'fitness': 0.807536760637653, 'generation': 133}","{'id': 8352, 'rank': 4, 'fitness': 0.807536760637653, 'generation': 133}","{'id': 8352, 'rank': 5, 'fitness': 0.807536760637653, 'generation': 133}","{'id': 8352, 'rank': 6, 'fitness': 0.807536760637653, 'generation': 133}","{'id': 8352, 'rank': 7, 'fitness': 0.807536760637653, 'generation': 133}","{'id': 8352, 'rank': 8, 'fitness': 0.807536760637653, 'generation': 133}","{'id': 8333, 'rank': 9, 'fitness': 0.5192861318426116, 'generation': 133}","{'id': 8333, 'rank': 10, 'fitness': 0.5192861318426116, 'generation': 133}","{'id': 8333, 'rank': 11, 'fitness': 0.5192861318426116, 'generation': 133}","{'id': 8333, 'rank': 12, 'fitness': 0.5192861318426116, 'generation': 133}","{'id': 8333, 'rank': 13, 'fitness': 0.5192861318426116, 'generation': 133}","{'id': 8333, 'rank': 14, 'fitness': 0.5192861318426116, 'generation': 133}","{'id': 8333, 'rank': 15, 'fitness': 0.5192861318426116, 'generation': 133}","{'id': 8333, 'rank': 16, 'fitness': 0.5192861318426116, 'generation': 133}","{'id': 8333, 'rank': 17, 'fitness': 0.5192861318426116, 'generation': 133}","{'id': 8333, 'rank': 18, 'fitness': 0.5192861318426116, 'generation': 133}","{'id': 8333, 'rank': 19, 'fitness': 0.5192861318426116, 'generation': 133}","{'id': 8333, 'rank': 20, 'fitness': 0.5192861318426116, 'generation': 133}","{'id': 8333, 'rank': 21, 'fitness': 0.5192861318426116, 'generation': 133}","{'id': 8333, 'rank': 22, 'fitness': 0.5192861318426116, 'generation': 133}","{'id': 8333, 'rank': 23, 'fitness': 0.5192861318426116, 'generation': 133}","{'id': 8333, 'rank': 24, 'fitness': 0.5192861318426116, 'generation': 133}","{'id': 8333, 'rank': 25, 'fitness': 0.5192861318426116, 'generation': 133}","{'id': 8439, 'rank': 26, 'fitness': 0.04506745438943216, 'generation': 133}","{'id': 8355, 'rank': 27, 'fitness': 0.041060821803022673, 'generation': 133}","{'id': 8355, 'rank': 28, 'fitness': 0.041060821803022673, 'generation': 133}","{'id': 8228, 'rank': 29, 'fitness': 0.01798620996209155, 'generation': 133}","{'id': 8228, 'rank': 30, 'fitness': 0.01798620996209155, 'generation': 133}"
"{'id': 8438, 'rank': 1, 'fitness': 0.9820137900379085, 'generation': 134}","{'id': 8438, 'rank': 2, 'fitness': 0.9820137900379085, 'generation': 134}","{'id': 8438, 'rank': 3, 'fitness': 0.9820137900379085, 'generation': 134}","{'id': 8352, 'rank': 4, 'fitness': 0.2256910674134905, 'generation': 134}","{'id': 8352, 'rank': 5, 'fitness': 0.2256910674134905, 'generation': 134}","{'id': 8352, 'rank': 6, 'fitness': 0.2256910674134905, 'generation': 134}","{'id': 8352, 'rank': 7, 'fitness': 0.2256910674134905, 'generation': 134}","{'id': 8352, 'rank': 8, 'fitness': 0.2256910674134905, 'generation': 134}","{'id': 8352, 'rank': 9, 'fitness': 0.2256910674134905, 'generation': 134}","{'id': 8352, 'rank': 10, 'fitness': 0.2256910674134905, 'generation': 134}","{'id': 8352, 'rank': 11, 'fitness': 0.2256910674134905, 'generation': 134}","{'id': 8352, 'rank': 12, 'fitness': 0.2256910674134905, 'generation': 134}","{'id': 8352, 'rank': 13, 'fitness': 0.2256910674134905, 'generation': 134}","{'id': 8352, 'rank': 14, 'fitness': 0.2256910674134905, 'generation': 134}","{'id': 8352, 'rank': 15, 'fitness': 0.2256910674134905, 'generation': 134}","{'id': 8333, 'rank': 16, 'fitness': 0.01798620996209155, 'generation': 134}","{'id': 8333, 'rank': 17, 'fitness': 0.01798620996209155, 'generation': 134}","{'id': 8333, 'rank': 18, 'fitness': 0.01798620996209155, 'generation': 134}","{'id': 8333, 'rank': 19, 'fitness': 0.01798620996209155, 'generation': 134}","{'id': 8333, 'rank': 20, 'fitness': 0.01798620996209155, 'generation': 134}","{'id': 8333, 'rank': 21, 'fitness': 0.01798620996209155, 'generation': 134}","{'id': 8333, 'rank': 22, 'fitness': 0.01798620996209155, 'generation': 134}","{'id': 8333, 'rank': 23, 'fitness': 0.01798620996209155, 'generation': 134}","{'id': 8333, 'rank': 24, 'fitness': 0.01798620996209155, 'generation': 134}","{'id': 8333, 'rank': 25, 'fitness': 0.01798620996209155, 'generation': 134}","{'id': 8333, 'rank': 26, 'fitness': 0.01798620996209155, 'generation': 134}","{'id': 8333, 'rank': 27, 'fitness': 0.01798620996209155, 'generation': 134}","{'id': 8333, 'rank': 28, 'fitness': 0.01798620996209155, 'generation': 134}","{'id': 8333, 'rank': 29, 'fitness': 0.01798620996209155, 'generation': 134}","{'id': 8333, 'rank': 30, 'fitness': 0.01798620996209155, 'generation': 134}"
"{'id': 8520, 'rank': 1, 'fitness': 0.9820137900379085, 'generation': 135}","{'id': 8520, 'rank': 2, 'fitness': 0.9820137900379085, 'generation': 135}","{'id': 8520, 'rank': 3, 'fitness': 0.9820137900379085, 'generation': 135}","{'id': 8520, 'rank': 4, 'fitness': 0.9820137900379085, 'generation': 135}","{'id': 8504, 'rank': 5, 'fitness': 0.5206558880686741, 'generation': 135}","{'id': 8502, 'rank': 6, 'fitness': 0.47671070561805307, 'generation': 135}","{'id': 8502, 'rank': 7, 'fitness': 0.47671070561805307, 'generation': 135}","{'id': 8502, 'rank': 8, 'fitness': 0.47671070561805307, 'generation': 135}","{'id': 8502, 'rank': 9, 'fitness': 0.47671070561805307, 'generation': 135}","{'id': 8438, 'rank': 10, 'fitness': 0.1954885779780287, 'generation': 135}","{'id': 8438, 'rank': 11, 'fitness': 0.1954885779780287, 'generation': 135}","{'id': 8438, 'rank': 12, 'fitness': 0.1954885779780287, 'generation': 135}","{'id': 8438, 'rank': 13, 'fitness': 0.1954885779780287, 'generation': 135}","{'id': 8438, 'rank': 14, 'fitness': 0.1954885779780287, 'generation': 135}","{'id': 8438, 'rank': 15, 'fitness': 0.1954885779780287, 'generation': 135}","{'id': 8352, 'rank': 16, 'fitness': 0.04287038934594306, 'generation': 135}","{'id': 8352, 'rank': 17, 'fitness': 0.04287038934594306, 'generation': 135}","{'id': 8352, 'rank': 18, 'fitness': 0.04287038934594306, 'generation': 135}","{'id': 8352, 'rank': 19, 'fitness': 0.04287038934594306, 'generation': 135}","{'id': 8352, 'rank': 20, 'fitness': 0.04287038934594306, 'generation': 135}","{'id': 8352, 'rank': 21, 'fitness': 0.04287038934594306, 'generation': 135}","{'id': 8352, 'rank': 22, 'fitness': 0.04287038934594306, 'generation': 135}","{'id': 8352, 'rank': 23, 'fitness': 0.04287038934594306, 'generation': 135}","{'id': 8352, 'rank': 24, 'fitness': 0.04287038934594306, 'generation': 135}","{'id': 8352, 'rank': 25, 'fitness': 0.04287038934594306, 'generation': 135}","{'id': 8352, 'rank': 26, 'fitness': 0.04287038934594306, 'generation': 135}","{'id': 8352, 'rank': 27, 'fitness': 0.04287038934594306, 'generation': 135}","{'id': 8523, 'rank': 28, 'fitness': 0.0410454380839283, 'generation': 135}","{'id': 8333, 'rank': 29, 'fitness': 0.01798620996209155, 'generation': 135}","{'id': 8333, 'rank': 30, 'fitness': 0.01798620996209155, 'generation': 135}"
"{'id': 8546, 'rank': 1, 'fitness': 0.9820137900379085, 'generation': 136}","{'id': 8546, 'rank': 2, 'fitness': 0.9820137900379085, 'generation': 136}","{'id': 8520, 'rank': 3, 'fitness': 0.8547263360370048, 'generation': 136}","{'id': 8520, 'rank': 4, 'fitness': 0.8547263360370048, 'generation': 136}","{'id': 8520, 'rank': 5, 'fitness': 0.8547263360370048, 'generation': 136}","{'id': 8520, 'rank': 6, 'fitness': 0.8547263360370048, 'generation': 136}","{'id': 8520, 'rank': 7, 'fitness': 0.8547263360370048, 'generation': 136}","{'id': 8520, 'rank': 8, 'fitness': 0.8547263360370048, 'generation': 136}","{'id': 8520, 'rank': 9, 'fitness': 0.8547263360370048, 'generation': 136}","{'id': 8520, 'rank': 10, 'fitness': 0.8547263360370048, 'generation': 136}","{'id': 8520, 'rank': 11, 'fitness': 0.8547263360370048, 'generation': 136}","{'id': 8520, 'rank': 12, 'fitness': 0.8547263360370048, 'generation': 136}","{'id': 8520, 'rank': 13, 'fitness': 0.8547263360370048, 'generation': 136}","{'id': 8520, 'rank': 14, 'fitness': 0.8547263360370048, 'generation': 136}","{'id': 8520, 'rank': 15, 'fitness': 0.8547263360370048, 'generation': 136}","{'id': 8557, 'rank': 16, 'fitness': 0.3285395516007019, 'generation': 136}","{'id': 8557, 'rank': 17, 'fitness': 0.3285395516007019, 'generation': 136}","{'id': 8557, 'rank': 18, 'fitness': 0.3285395516007019, 'generation': 136}","{'id': 8557, 'rank': 19, 'fitness': 0.3285395516007019, 'generation': 136}","{'id': 8557, 'rank': 20, 'fitness': 0.3285395516007019, 'generation': 136}","{'id': 8572, 'rank': 21, 'fitness': 0.22805978565991947, 'generation': 136}","{'id': 8504, 'rank': 22, 'fitness': 0.09230069665219343, 'generation': 136}","{'id': 8504, 'rank': 23, 'fitness': 0.09230069665219343, 'generation': 136}","{'id': 8504, 'rank': 24, 'fitness': 0.09230069665219343, 'generation': 136}","{'id': 8504, 'rank': 25, 'fitness': 0.09230069665219343, 'generation': 136}","{'id': 8504, 'rank': 26, 'fitness': 0.09230069665219343, 'generation': 136}","{'id': 8502, 'rank': 27, 'fitness': 0.07812682925497705, 'generation': 136}","{'id': 8502, 'rank': 28, 'fitness': 0.07812682925497705, 'generation': 136}","{'id': 8502, 'rank': 29, 'fitness': 0.07812682925497705, 'generation': 136}","{'id': 8558, 'rank': 30, 'fitness': 0.01798620996209155, 'generation': 136}"
"{'id': 8546, 'rank': 1, 'fitness': 0.9820137900379085, 'generation': 137}","{'id': 8546, 'rank': 2, 'fitness': 0.9820137900379085, 'generation': 137}","{'id': 8546, 'rank': 3, 'fitness': 0.9820137900379085, 'generation': 137}","{'id': 8546, 'rank': 4, 'fitness': 0.9820137900379085, 'generation': 137}","{'id': 8546, 'rank': 5, 'fitness': 0.9820137900379085, 'generation': 137}","{'id': 8520, 'rank': 6, 'fitness': 0.8547263360370048, 'generation': 137}","{'id': 8520, 'rank': 7, 'fitness': 0.8547263360370048, 'generation': 137}","{'id': 8520, 'rank': 8, 'fitness': 0.8547263360370048, 'generation': 137}","{'id': 8520, 'rank': 9, 'fitness': 0.8547263360370048, 'generation': 137}","{'id': 8520, 'rank': 10, 'fitness': 0.8547263360370048, 'generation': 137}","{'id': 8520, 'rank': 11, 'fitness': 0.8547263360370048, 'generation': 137}","{'id': 8520, 'rank': 12, 'fitness': 0.8547263360370048, 'generation': 137}","{'id': 8520, 'rank': 13, 'fitness': 0.8547263360370048, 'generation': 137}","{'id': 8520, 'rank': 14, 'fitness': 0.8547263360370048, 'generation': 137}","{'id': 8520, 'rank': 15, 'fitness': 0.8547263360370048, 'generation': 137}","{'id': 8520, 'rank': 16, 'fitness': 0.8547263360370048, 'generation': 137}","{'id': 8520, 'rank': 17, 'fitness': 0.8547263360370048, 'generation': 137}","{'id': 8520, 'rank': 18, 'fitness': 0.8547263360370048, 'generation': 137}","{'id': 8520, 'rank': 19, 'fitness': 0.8547263360370048, 'generation': 137}","{'id': 8520, 'rank': 20, 'fitness': 0.8547263360370048, 'generation': 137}","{'id': 8520, 'rank': 21, 'fitness': 0.8547263360370048, 'generation': 137}","{'id': 8557, 'rank': 22, 'fitness': 0.3285395516007019, 'generation': 137}","{'id': 8557, 'rank': 23, 'fitness': 0.3285395516007019, 'generation': 137}","{'id': 8557, 'rank': 24, 'fitness': 0.3285395516007019, 'generation': 137}","{'id': 8557, 'rank': 25, 'fitness': 0.3285395516007019, 'generation': 137}","{'id': 8557, 'rank': 26, 'fitness': 0.3285395516007019, 'generation': 137}","{'id': 8572, 'rank': 27, 'fitness': 0.22805978565991947, 'generation': 137}","{'id': 8504, 'rank': 28, 'fitness': 0.09230069665219343, 'generation': 137}","{'id': 8504, 'rank': 29, 'fitness': 0.09230069665219343, 'generation': 137}","{'id': 8558, 'rank': 30, 'fitness': 0.01798620996209155, 'generation': 137}"
"{'id': 8669, 'rank': 1, 'fitness': 0.9820137900379085, 'generation': 138}","{'id': 8546, 'rank': 2, 'fitness': 0.909799272412817, 'generation': 138}","{'id': 8546, 'rank': 3, 'fitness': 0.909799272412817, 'generation': 138}","{'id': 8546, 'rank': 4, 'fitness': 0.909799272412817, 'generation': 138}","{'id': 8546, 'rank': 5, 'fitness': 0.909799272412817, 'generation': 138}","{'id': 8546, 'rank': 6, 'fitness': 0.909799272412817, 'generation': 138}","{'id': 8546, 'rank': 7, 'fitness': 0.909799272412817, 'generation': 138}","{'id': 8546, 'rank': 8, 'fitness': 0.909799272412817, 'generation': 138}","{'id': 8546, 'rank': 9, 'fitness': 0.909799272412817, 'generation': 138}","{'id': 8546, 'rank': 10, 'fitness': 0.909799272412817, 'generation': 138}","{'id': 8546, 'rank': 11, 'fitness': 0.909799272412817, 'generation': 138}","{'id': 8546, 'rank': 12, 'fitness': 0.909799272412817, 'generation': 138}","{'id': 8642, 'rank': 13, 'fitness': 0.6515799685752333, 'generation': 138}","{'id': 8642, 'rank': 14, 'fitness': 0.6515799685752333, 'generation': 138}","{'id': 8520, 'rank': 15, 'fitness': 0.5185846428788482, 'generation': 138}","{'id': 8520, 'rank': 16, 'fitness': 0.5185846428788482, 'generation': 138}","{'id': 8520, 'rank': 17, 'fitness': 0.5185846428788482, 'generation': 138}","{'id': 8520, 'rank': 18, 'fitness': 0.5185846428788482, 'generation': 138}","{'id': 8520, 'rank': 19, 'fitness': 0.5185846428788482, 'generation': 138}","{'id': 8520, 'rank': 20, 'fitness': 0.5185846428788482, 'generation': 138}","{'id': 8520, 'rank': 21, 'fitness': 0.5185846428788482, 'generation': 138}","{'id': 8520, 'rank': 22, 'fitness': 0.5185846428788482, 'generation': 138}","{'id': 8520, 'rank': 23, 'fitness': 0.5185846428788482, 'generation': 138}","{'id': 8520, 'rank': 24, 'fitness': 0.5185846428788482, 'generation': 138}","{'id': 8520, 'rank': 25, 'fitness': 0.5185846428788482, 'generation': 138}","{'id': 8686, 'rank': 26, 'fitness': 0.3190085223118091, 'generation': 138}","{'id': 8640, 'rank': 27, 'fitness': 0.12643194162299265, 'generation': 138}","{'id': 8557, 'rank': 28, 'fitness': 0.08146498179718648, 'generation': 138}","{'id': 8557, 'rank': 29, 'fitness': 0.08146498179718648, 'generation': 138}","{'id': 8504, 'rank': 30, 'fitness': 0.01798620996209155, 'generation': 138}"
"{'id': 8669, 'rank': 1, 'fitness': 0.9820137900379085, 'generation': 139}","{'id': 8669, 'rank': 2, 'fitness': 0.9820137900379085, 'generation': 139}","{'id': 8669, 'rank': 3, 'fitness': 0.9820137900379085, 'generation': 139}","{'id': 8669, 'rank': 4, 'fitness': 0.9820137900379085, 'generation': 139}","{'id': 8546, 'rank': 5, 'fitness': 0.8694850820723888, 'generation': 139}","{'id': 8546, 'rank': 6, 'fitness': 0.8694850820723888, 'generation': 139}","{'id': 8546, 'rank': 7, 'fitness': 0.8694850820723888, 'generation': 139}","{'id': 8546, 'rank': 8, 'fitness': 0.8694850820723888, 'generation': 139}","{'id': 8546, 'rank': 9, 'fitness': 0.8694850820723888, 'generation': 139}","{'id': 8546, 'rank': 10, 'fitness': 0.8694850820723888, 'generation': 139}","{'id': 8546, 'rank': 11, 'fitness': 0.8694850820723888, 'generation': 139}","{'id': 8546, 'rank': 12, 'fitness': 0.8694850820723888, 'generation': 139}","{'id': 8546, 'rank': 13, 'fitness': 0.8694850820723888, 'generation': 139}","{'id': 8546, 'rank': 14, 'fitness': 0.8694850820723888, 'generation': 139}","{'id': 8546, 'rank': 15, 'fitness': 0.8694850820723888, 'generation': 139}","{'id': 8546, 'rank': 16, 'fitness': 0.8694850820723888, 'generation': 139}","{'id': 8546, 'rank': 17, 'fitness': 0.8694850820723888, 'generation': 139}","{'id': 8546, 'rank': 18, 'fitness': 0.8694850820723888, 'generation': 139}","{'id': 8546, 'rank': 19, 'fitness': 0.8694850820723888, 'generation': 139}","{'id': 8642, 'rank': 20, 'fitness': 0.44950629936390313, 'generation': 139}","{'id': 8520, 'rank': 21, 'fitness': 0.29115898365256493, 'generation': 139}","{'id': 8520, 'rank': 22, 'fitness': 0.29115898365256493, 'generation': 139}","{'id': 8520, 'rank': 23, 'fitness': 0.29115898365256493, 'generation': 139}","{'id': 8520, 'rank': 24, 'fitness': 0.29115898365256493, 'generation': 139}","{'id': 8520, 'rank': 25, 'fitness': 0.29115898365256493, 'generation': 139}","{'id': 8520, 'rank': 26, 'fitness': 0.29115898365256493, 'generation': 139}","{'id': 8732, 'rank': 27, 'fitness': 0.26083550441119907, 'generation': 139}","{'id': 8686, 'rank': 28, 'fitness': 0.12708533077517387, 'generation': 139}","{'id': 8640, 'rank': 29, 'fitness': 0.0326094992223786, 'generation': 139}","{'id': 8557, 'rank': 30, 'fitness': 0.01798620996209155, 'generation': 139}"
"{'id': 8804, 'rank': 1, 'fitness': 0.9820137900379085, 'generation': 140}","{'id': 8804, 'rank': 2, 'fitness': 0.9820137900379085, 'generation': 140}","{'id': 8669, 'rank': 3, 'fitness': 0.906793283652759, 'generation': 140}","{'id': 8669, 'rank': 4, 'fitness': 0.906793283652759, 'generation': 140}","{'id': 8669, 'rank': 5, 'fitness': 0.906793283652759, 'generation': 140}","{'id': 8669, 'rank': 6, 'fitness': 0.906793283652759, 'generation': 140}","{'id': 8669, 'rank': 7, 'fitness': 0.906793283652759, 'generation': 140}","{'id': 8669, 'rank': 8, 'fitness': 0.906793283652759, 'generation': 140}","{'id': 8669, 'rank': 9, 'fitness': 0.906793283652759, 'generation': 140}","{'id': 8805, 'rank': 10, 'fitness': 0.7787004104696199, 'generation': 140}","{'id': 8809, 'rank': 11, 'fitness': 0.7345963986984327, 'generation': 140}","{'id': 8546, 'rank': 12, 'fitness': 0.48958614934269296, 'generation': 140}","{'id': 8546, 'rank': 13, 'fitness': 0.48958614934269296, 'generation': 140}","{'id': 8546, 'rank': 14, 'fitness': 0.48958614934269296, 'generation': 140}","{'id': 8546, 'rank': 15, 'fitness': 0.48958614934269296, 'generation': 140}","{'id': 8546, 'rank': 16, 'fitness': 0.48958614934269296, 'generation': 140}","{'id': 8546, 'rank': 17, 'fitness': 0.48958614934269296, 'generation': 140}","{'id': 8546, 'rank': 18, 'fitness': 0.48958614934269296, 'generation': 140}","{'id': 8546, 'rank': 19, 'fitness': 0.48958614934269296, 'generation': 140}","{'id': 8546, 'rank': 20, 'fitness': 0.48958614934269296, 'generation': 140}","{'id': 8546, 'rank': 21, 'fitness': 0.48958614934269296, 'generation': 140}","{'id': 8546, 'rank': 22, 'fitness': 0.48958614934269296, 'generation': 140}","{'id': 8546, 'rank': 23, 'fitness': 0.48958614934269296, 'generation': 140}","{'id': 8546, 'rank': 24, 'fitness': 0.48958614934269296, 'generation': 140}","{'id': 8546, 'rank': 25, 'fitness': 0.48958614934269296, 'generation': 140}","{'id': 8800, 'rank': 26, 'fitness': 0.3884087216960588, 'generation': 140}","{'id': 8800, 'rank': 27, 'fitness': 0.3884087216960588, 'generation': 140}","{'id': 8520, 'rank': 28, 'fitness': 0.042689378272323886, 'generation': 140}","{'id': 8520, 'rank': 29, 'fitness': 0.042689378272323886, 'generation': 140}","{'id': 8850, 'rank': 30, 'fitness': 0.01798620996209155, 'generation': 140}"
"{'id': 8859, 'rank': 1, 'fitness': 0.9820137900379085, 'generation': 141}","{'id': 8862, 'rank': 2, 'fitness': 0.9811222198735035, 'generation': 141}","{'id': 8862, 'rank': 3, 'fitness': 0.9811222198735035, 'generation': 141}","{'id': 8862, 'rank': 4, 'fitness': 0.9811222198735035, 'generation': 141}","{'id': 8804, 'rank': 5, 'fitness': 0.9794554206170744, 'generation': 141}","{'id': 8804, 'rank': 6, 'fitness': 0.9794554206170744, 'generation': 141}","{'id': 8804, 'rank': 7, 'fitness': 0.9794554206170744, 'generation': 141}","{'id': 8804, 'rank': 8, 'fitness': 0.9794554206170744, 'generation': 141}","{'id': 8669, 'rank': 9, 'fitness': 0.9782348915563162, 'generation': 141}","{'id': 8669, 'rank': 10, 'fitness': 0.9782348915563162, 'generation': 141}","{'id': 8669, 'rank': 11, 'fitness': 0.9782348915563162, 'generation': 141}","{'id': 8669, 'rank': 12, 'fitness': 0.9782348915563162, 'generation': 141}","{'id': 8669, 'rank': 13, 'fitness': 0.9782348915563162, 'generation': 141}","{'id': 8669, 'rank': 14, 'fitness': 0.9782348915563162, 'generation': 141}","{'id': 8805, 'rank': 15, 'fitness': 0.9774823478089525, 'generation': 141}","{'id': 8809, 'rank': 16, 'fitness': 0.9773010494129727, 'generation': 141}","{'id': 8809, 'rank': 17, 'fitness': 0.9773010494129727, 'generation': 141}","{'id': 8546, 'rank': 18, 'fitness': 0.9764834650601183, 'generation': 141}","{'id': 8546, 'rank': 19, 'fitness': 0.9764834650601183, 'generation': 141}","{'id': 8546, 'rank': 20, 'fitness': 0.9764834650601183, 'generation': 141}","{'id': 8546, 'rank': 21, 'fitness': 0.9764834650601183, 'generation': 141}","{'id': 8546, 'rank': 22, 'fitness': 0.9764834650601183, 'generation': 141}","{'id': 8800, 'rank': 23, 'fitness': 0.9761576323359337, 'generation': 141}","{'id': 8800, 'rank': 24, 'fitness': 0.9761576323359337, 'generation': 141}","{'id': 8860, 'rank': 25, 'fitness': 0.9741865105301746, 'generation': 141}","{'id': 8890, 'rank': 26, 'fitness': 0.9697222304695536, 'generation': 141}","{'id': 8890, 'rank': 27, 'fitness': 0.9697222304695536, 'generation': 141}","{'id': 8929, 'rank': 28, 'fitness': 0.16550052721607156, 'generation': 141}","{'id': 8906, 'rank': 29, 'fitness': 0.0715435614827109, 'generation': 141}","{'id': 8886, 'rank': 30, 'fitness': 0.01798620996209155, 'generation': 141}"
"{'id': 8940, 'rank': 1, 'fitness': 0.9820137900379085, 'generation': 142}","{'id': 8997, 'rank': 2, 'fitness': 0.9706263939404154, 'generation': 142}","{'id': 8859, 'rank': 3, 'fitness': 0.9597494555130948, 'generation': 142}","{'id': 8859, 'rank': 4, 'fitness': 0.9597494555130948, 'generation': 142}","{'id': 8859, 'rank': 5, 'fitness': 0.9597494555130948, 'generation': 142}","{'id': 8859, 'rank': 6, 'fitness': 0.9597494555130948, 'generation': 142}","{'id': 8859, 'rank': 7, 'fitness': 0.9597494555130948, 'generation': 142}","{'id': 8862, 'rank': 8, 'fitness': 0.9203012672711595, 'generation': 142}","{'id': 8862, 'rank': 9, 'fitness': 0.9203012672711595, 'generation': 142}","{'id': 8862, 'rank': 10, 'fitness': 0.9203012672711595, 'generation': 142}","{'id': 8957, 'rank': 11, 'fitness': 0.8530397163058007, 'generation': 142}","{'id': 8957, 'rank': 12, 'fitness': 0.8530397163058007, 'generation': 142}","{'id': 8957, 'rank': 13, 'fitness': 0.8530397163058007, 'generation': 142}","{'id': 9000, 'rank': 14, 'fitness': 0.8120809227508676, 'generation': 142}","{'id': 8804, 'rank': 15, 'fitness': 0.7643507939302787, 'generation': 142}","{'id': 8804, 'rank': 16, 'fitness': 0.7643507939302787, 'generation': 142}","{'id': 8804, 'rank': 17, 'fitness': 0.7643507939302787, 'generation': 142}","{'id': 8804, 'rank': 18, 'fitness': 0.7643507939302787, 'generation': 142}","{'id': 8804, 'rank': 19, 'fitness': 0.7643507939302787, 'generation': 142}","{'id': 8804, 'rank': 20, 'fitness': 0.7643507939302787, 'generation': 142}","{'id': 8804, 'rank': 21, 'fitness': 0.7643507939302787, 'generation': 142}","{'id': 8669, 'rank': 22, 'fitness': 0.5767220117751601, 'generation': 142}","{'id': 8669, 'rank': 23, 'fitness': 0.5767220117751601, 'generation': 142}","{'id': 8669, 'rank': 24, 'fitness': 0.5767220117751601, 'generation': 142}","{'id': 8669, 'rank': 25, 'fitness': 0.5767220117751601, 'generation': 142}","{'id': 8669, 'rank': 26, 'fitness': 0.5767220117751601, 'generation': 142}","{'id': 8546, 'rank': 27, 'fitness': 0.29825392609281043, 'generation': 142}","{'id': 8941, 'rank': 28, 'fitness': 0.05279666439232711, 'generation': 142}","{'id': 8970, 'rank': 29, 'fitness': 0.046178756730586135, 'generation': 142}","{'id': 8993, 'rank': 30, 'fitness': 0.01798620996209155, 'generation': 142}"
"{'id': 8940, 'rank': 1, 'fitness': 0.9820137900379085, 'generation': 143}","{'id': 8940, 'rank': 2, 'fitness': 0.9820137900379085, 'generation': 143}","{'id': 8997, 'rank': 3, 'fitness': 0.9735454439873079, 'generation': 143}","{'id': 8997, 'rank': 4, 'fitness': 0.9735454439873079, 'generation': 143}","{'id': 8997, 'rank': 5, 'fitness': 0.9735454439873079, 'generation': 143}","{'id': 8997, 'rank': 6, 'fitness': 0.9735454439873079, 'generation': 143}","{'id': 8859, 'rank': 7, 'fitness': 0.9660780889833609, 'generation': 143}","{'id': 8859, 'rank': 8, 'fitness': 0.9660780889833609, 'generation': 143}","{'id': 8859, 'rank': 9, 'fitness': 0.9660780889833609, 'generation': 143}","{'id': 8862, 'rank': 10, 'fitness': 0.9415610676828278, 'generation': 143}","{'id': 8862, 'rank': 11, 'fitness': 0.9415610676828278, 'generation': 143}","{'id': 8862, 'rank': 12, 'fitness': 0.9415610676828278, 'generation': 143}","{'id': 8862, 'rank': 13, 'fitness': 0.9415610676828278, 'generation': 143}","{'id': 8862, 'rank': 14, 'fitness': 0.9415610676828278, 'generation': 143}","{'id': 8862, 'rank': 15, 'fitness': 0.9415610676828278, 'generation': 143}","{'id': 8862, 'rank': 16, 'fitness': 0.9415610676828278, 'generation': 143}","{'id': 9046, 'rank': 17, 'fitness': 0.909458782873557, 'generation': 143}","{'id': 9046, 'rank': 18, 'fitness': 0.909458782873557, 'generation': 143}","{'id': 8957, 'rank': 19, 'fitness': 0.9037175363970369, 'generation': 143}","{'id': 9000, 'rank': 20, 'fitness': 0.8815760815442841, 'generation': 143}","{'id': 8804, 'rank': 21, 'fitness': 0.8559501067037814, 'generation': 143}","{'id': 8804, 'rank': 22, 'fitness': 0.8559501067037814, 'generation': 143}","{'id': 8804, 'rank': 23, 'fitness': 0.8559501067037814, 'generation': 143}","{'id': 8804, 'rank': 24, 'fitness': 0.8559501067037814, 'generation': 143}","{'id': 8669, 'rank': 25, 'fitness': 0.7503868757398938, 'generation': 143}","{'id': 8669, 'rank': 26, 'fitness': 0.7503868757398938, 'generation': 143}","{'id': 8669, 'rank': 27, 'fitness': 0.7503868757398938, 'generation': 143}","{'id': 8669, 'rank': 28, 'fitness': 0.7503868757398938, 'generation': 143}","{'id': 9061, 'rank': 29, 'fitness': 0.01936943231291799, 'generation': 143}","{'id': 9021, 'rank': 30, 'fitness': 0.01798620996209155, 'generation': 143}"
"{'id': 9120, 'rank': 1, 'fitness': 0.9820137900379085, 'generation': 144}","{'id': 9120, 'rank': 2, 'fitness': 0.9820137900379085, 'generation': 144}","{'id': 9120, 'rank': 3, 'fitness': 0.9820137900379085, 'generation': 144}","{'id': 9120, 'rank': 4, 'fitness': 0.9820137900379085, 'generation': 144}","{'id': 9120, 'rank': 5, 'fitness': 0.9820137900379085, 'generation': 144}","{'id': 9120, 'rank': 6, 'fitness': 0.9820137900379085, 'generation': 144}","{'id': 9121, 'rank': 7, 'fitness': 0.9707594687557104, 'generation': 144}","{'id': 9121, 'rank': 8, 'fitness': 0.9707594687557104, 'generation': 144}","{'id': 9144, 'rank': 9, 'fitness': 0.9655703585476891, 'generation': 144}","{'id': 9144, 'rank': 10, 'fitness': 0.9655703585476891, 'generation': 144}","{'id': 8940, 'rank': 11, 'fitness': 0.9617108215741056, 'generation': 144}","{'id': 8940, 'rank': 12, 'fitness': 0.9617108215741056, 'generation': 144}","{'id': 8940, 'rank': 13, 'fitness': 0.9617108215741056, 'generation': 144}","{'id': 8940, 'rank': 14, 'fitness': 0.9617108215741056, 'generation': 144}","{'id': 8940, 'rank': 15, 'fitness': 0.9617108215741056, 'generation': 144}","{'id': 8997, 'rank': 16, 'fitness': 0.9439460146601683, 'generation': 144}","{'id': 8997, 'rank': 17, 'fitness': 0.9439460146601683, 'generation': 144}","{'id': 8997, 'rank': 18, 'fitness': 0.9439460146601683, 'generation': 144}","{'id': 8997, 'rank': 19, 'fitness': 0.9439460146601683, 'generation': 144}","{'id': 8997, 'rank': 20, 'fitness': 0.9439460146601683, 'generation': 144}","{'id': 8997, 'rank': 21, 'fitness': 0.9439460146601683, 'generation': 144}","{'id': 9141, 'rank': 22, 'fitness': 0.8856240261591284, 'generation': 144}","{'id': 8862, 'rank': 23, 'fitness': 0.8793913402671406, 'generation': 144}","{'id': 9046, 'rank': 24, 'fitness': 0.8187360590202919, 'generation': 144}","{'id': 9046, 'rank': 25, 'fitness': 0.8187360590202919, 'generation': 144}","{'id': 8804, 'rank': 26, 'fitness': 0.7262641485354993, 'generation': 144}","{'id': 9122, 'rank': 27, 'fitness': 0.6741095684904859, 'generation': 144}","{'id': 9122, 'rank': 28, 'fitness': 0.6741095684904859, 'generation': 144}","{'id': 8669, 'rank': 29, 'fitness': 0.5708217631456913, 'generation': 144}","{'id': 9131, 'rank': 30, 'fitness': 0.01798620996209155, 'generation': 144}"
"{'id': 9206, 'rank': 1, 'fitness': 0.9820137900379085, 'generation': 145}","{'id': 9178, 'rank': 2, 'fitness': 0.46091711332801444, 'generation': 145}","{'id': 9178, 'rank': 3, 'fitness': 0.46091711332801444, 'generation': 145}","{'id': 9178, 'rank': 4, 'fitness': 0.46091711332801444, 'generation': 145}","{'id': 9120, 'rank': 5, 'fitness': 0.39370695946585654, 'generation': 145}","{'id': 9120, 'rank': 6, 'fitness': 0.39370695946585654, 'generation': 145}","{'id': 9120, 'rank': 7, 'fitness': 0.39370695946585654, 'generation': 145}","{'id': 9120, 'rank': 8, 'fitness': 0.39370695946585654, 'generation': 145}","{'id': 9120, 'rank': 9, 'fitness': 0.39370695946585654, 'generation': 145}","{'id': 9120, 'rank': 10, 'fitness': 0.39370695946585654, 'generation': 145}","{'id': 9120, 'rank': 11, 'fitness': 0.39370695946585654, 'generation': 145}","{'id': 9120, 'rank': 12, 'fitness': 0.39370695946585654, 'generation': 145}","{'id': 9120, 'rank': 13, 'fitness': 0.39370695946585654, 'generation': 145}","{'id': 9120, 'rank': 14, 'fitness': 0.39370695946585654, 'generation': 145}","{'id': 9120, 'rank': 15, 'fitness': 0.39370695946585654, 'generation': 145}","{'id': 9120, 'rank': 16, 'fitness': 0.39370695946585654, 'generation': 145}","{'id': 9120, 'rank': 17, 'fitness': 0.39370695946585654, 'generation': 145}","{'id': 9121, 'rank': 18, 'fitness': 0.12407654487823383, 'generation': 145}","{'id': 9121, 'rank': 19, 'fitness': 0.12407654487823383, 'generation': 145}","{'id': 9121, 'rank': 20, 'fitness': 0.12407654487823383, 'generation': 145}","{'id': 9121, 'rank': 21, 'fitness': 0.12407654487823383, 'generation': 145}","{'id': 9144, 'rank': 22, 'fitness': 0.07793178505817511, 'generation': 145}","{'id': 9144, 'rank': 23, 'fitness': 0.07793178505817511, 'generation': 145}","{'id': 8940, 'rank': 24, 'fitness': 0.056880491439126546, 'generation': 145}","{'id': 8940, 'rank': 25, 'fitness': 0.056880491439126546, 'generation': 145}","{'id': 8940, 'rank': 26, 'fitness': 0.056880491439126546, 'generation': 145}","{'id': 8940, 'rank': 27, 'fitness': 0.056880491439126546, 'generation': 145}","{'id': 9186, 'rank': 28, 'fitness': 0.028162043566701767, 'generation': 145}","{'id': 9186, 'rank': 29, 'fitness': 0.028162043566701767, 'generation': 145}","{'id': 9187, 'rank': 30, 'fitness': 0.01798620996209155, 'generation': 145}"
"{'id': 9206, 'rank': 1, 'fitness': 0.9820137900379085, 'generation': 146}","{'id': 9206, 'rank': 2, 'fitness': 0.9820137900379085, 'generation': 146}","{'id': 9206, 'rank': 3, 'fitness': 0.9820137900379085, 'generation': 146}","{'id': 9206, 'rank': 4, 'fitness': 0.9820137900379085, 'generation': 146}","{'id': 9206, 'rank': 5, 'fitness': 0.9820137900379085, 'generation': 146}","{'id': 9206, 'rank': 6, 'fitness': 0.9820137900379085, 'generation': 146}","{'id': 9268, 'rank': 7, 'fitness': 0.5191949745595109, 'generation': 146}","{'id': 9178, 'rank': 8, 'fitness': 0.46091711332801444, 'generation': 146}","{'id': 9178, 'rank': 9, 'fitness': 0.46091711332801444, 'generation': 146}","{'id': 9178, 'rank': 10, 'fitness': 0.46091711332801444, 'generation': 146}","{'id': 9178, 'rank': 11, 'fitness': 0.46091711332801444, 'generation': 146}","{'id': 9178, 'rank': 12, 'fitness': 0.46091711332801444, 'generation': 146}","{'id': 9178, 'rank': 13, 'fitness': 0.46091711332801444, 'generation': 146}","{'id': 9120, 'rank': 14, 'fitness': 0.39370695946585654, 'generation': 146}","{'id': 9120, 'rank': 15, 'fitness': 0.39370695946585654, 'generation': 146}","{'id': 9120, 'rank': 16, 'fitness': 0.39370695946585654, 'generation': 146}","{'id': 9120, 'rank': 17, 'fitness': 0.39370695946585654, 'generation': 146}","{'id': 9120, 'rank': 18, 'fitness': 0.39370695946585654, 'generation': 146}","{'id': 9120, 'rank': 19, 'fitness': 0.39370695946585654, 'generation': 146}","{'id': 9120, 'rank': 20, 'fitness': 0.39370695946585654, 'generation': 146}","{'id': 9120, 'rank': 21, 'fitness': 0.39370695946585654, 'generation': 146}","{'id': 9120, 'rank': 22, 'fitness': 0.39370695946585654, 'generation': 146}","{'id': 9120, 'rank': 23, 'fitness': 0.39370695946585654, 'generation': 146}","{'id': 9120, 'rank': 24, 'fitness': 0.39370695946585654, 'generation': 146}","{'id': 9120, 'rank': 25, 'fitness': 0.39370695946585654, 'generation': 146}","{'id': 9120, 'rank': 26, 'fitness': 0.39370695946585654, 'generation': 146}","{'id': 9267, 'rank': 27, 'fitness': 0.26511118943619794, 'generation': 146}","{'id': 9121, 'rank': 28, 'fitness': 0.12407654487823383, 'generation': 146}","{'id': 9121, 'rank': 29, 'fitness': 0.12407654487823383, 'generation': 146}","{'id': 9187, 'rank': 30, 'fitness': 0.01798620996209155, 'generation': 146}"
"{'id': 9287, 'rank': 1, 'fitness': 0.9820137900379085, 'generation': 147}","{'id': 9287, 'rank': 2, 'fitness': 0.9820137900379085, 'generation': 147}","{'id': 9287, 'rank': 3, 'fitness': 0.9820137900379085, 'generation': 147}","{'id': 9206, 'rank': 4, 'fitness': 0.6005022122405049, 'generation': 147}","{'id': 9206, 'rank': 5, 'fitness': 0.6005022122405049, 'generation': 147}","{'id': 9206, 'rank': 6, 'fitness': 0.6005022122405049, 'generation': 147}","{'id': 9206, 'rank': 7, 'fitness': 0.6005022122405049, 'generation': 147}","{'id': 9206, 'rank': 8, 'fitness': 0.6005022122405049, 'generation': 147}","{'id': 9206, 'rank': 9, 'fitness': 0.6005022122405049, 'generation': 147}","{'id': 9206, 'rank': 10, 'fitness': 0.6005022122405049, 'generation': 147}","{'id': 9206, 'rank': 11, 'fitness': 0.6005022122405049, 'generation': 147}","{'id': 9206, 'rank': 12, 'fitness': 0.6005022122405049, 'generation': 147}","{'id': 9206, 'rank': 13, 'fitness': 0.6005022122405049, 'generation': 147}","{'id': 9206, 'rank': 14, 'fitness': 0.6005022122405049, 'generation': 147}","{'id': 9206, 'rank': 15, 'fitness': 0.6005022122405049, 'generation': 147}","{'id': 9206, 'rank': 16, 'fitness': 0.6005022122405049, 'generation': 147}","{'id': 9206, 'rank': 17, 'fitness': 0.6005022122405049, 'generation': 147}","{'id': 9305, 'rank': 18, 'fitness': 0.3344804172598883, 'generation': 147}","{'id': 9305, 'rank': 19, 'fitness': 0.3344804172598883, 'generation': 147}","{'id': 9299, 'rank': 20, 'fitness': 0.2814776509511147, 'generation': 147}","{'id': 9299, 'rank': 21, 'fitness': 0.2814776509511147, 'generation': 147}","{'id': 9299, 'rank': 22, 'fitness': 0.2814776509511147, 'generation': 147}","{'id': 9335, 'rank': 23, 'fitness': 0.26700040607563846, 'generation': 147}","{'id': 9320, 'rank': 24, 'fitness': 0.2151168555977221, 'generation': 147}","{'id': 9178, 'rank': 25, 'fitness': 0.19939610005035296, 'generation': 147}","{'id': 9120, 'rank': 26, 'fitness': 0.18107989979822464, 'generation': 147}","{'id': 9120, 'rank': 27, 'fitness': 0.18107989979822464, 'generation': 147}","{'id': 9120, 'rank': 28, 'fitness': 0.18107989979822464, 'generation': 147}","{'id': 9121, 'rank': 29, 'fitness': 0.10270363715311248, 'generation': 147}","{'id': 9285, 'rank': 30, 'fitness': 0.01798620996209155, 'generation': 147}"
"{'id': 9346, 'rank': 1, 'fitness': 0.9820137900379085, 'generation': 148}","{'id': 9346, 'rank': 2, 'fitness': 0.9820137900379085, 'generation': 148}","{'id': 9370, 'rank': 3, 'fitness': 0.9000894266033208, 'generation': 148}","{'id': 9370, 'rank': 4, 'fitness': 0.9000894266033208, 'generation': 148}","{'id': 9371, 'rank': 5, 'fitness': 0.8441583862658157, 'generation': 148}","{'id': 9371, 'rank': 6, 'fitness': 0.8441583862658157, 'generation': 148}","{'id': 9371, 'rank': 7, 'fitness': 0.8441583862658157, 'generation': 148}","{'id': 9347, 'rank': 8, 'fitness': 0.8228315032391955, 'generation': 148}","{'id': 9347, 'rank': 9, 'fitness': 0.8228315032391955, 'generation': 148}","{'id': 9347, 'rank': 10, 'fitness': 0.8228315032391955, 'generation': 148}","{'id': 9347, 'rank': 11, 'fitness': 0.8228315032391955, 'generation': 148}","{'id': 9287, 'rank': 12, 'fitness': 0.8222699051053444, 'generation': 148}","{'id': 9287, 'rank': 13, 'fitness': 0.8222699051053444, 'generation': 148}","{'id': 9287, 'rank': 14, 'fitness': 0.8222699051053444, 'generation': 148}","{'id': 9287, 'rank': 15, 'fitness': 0.8222699051053444, 'generation': 148}","{'id': 9206, 'rank': 16, 'fitness': 0.2784260598945034, 'generation': 148}","{'id': 9206, 'rank': 17, 'fitness': 0.2784260598945034, 'generation': 148}","{'id': 9206, 'rank': 18, 'fitness': 0.2784260598945034, 'generation': 148}","{'id': 9206, 'rank': 19, 'fitness': 0.2784260598945034, 'generation': 148}","{'id': 9206, 'rank': 20, 'fitness': 0.2784260598945034, 'generation': 148}","{'id': 9206, 'rank': 21, 'fitness': 0.2784260598945034, 'generation': 148}","{'id': 9206, 'rank': 22, 'fitness': 0.2784260598945034, 'generation': 148}","{'id': 9206, 'rank': 23, 'fitness': 0.2784260598945034, 'generation': 148}","{'id': 9206, 'rank': 24, 'fitness': 0.2784260598945034, 'generation': 148}","{'id': 9206, 'rank': 25, 'fitness': 0.2784260598945034, 'generation': 148}","{'id': 9206, 'rank': 26, 'fitness': 0.2784260598945034, 'generation': 148}","{'id': 9206, 'rank': 27, 'fitness': 0.2784260598945034, 'generation': 148}","{'id': 9374, 'rank': 28, 'fitness': 0.22899576254192094, 'generation': 148}","{'id': 9372, 'rank': 29, 'fitness': 0.18051601133829626, 'generation': 148}","{'id': 9285, 'rank': 30, 'fitness': 0.01798620996209155, 'generation': 148}"
"{'id': 9346, 'rank': 1, 'fitness': 0.9820137900379085, 'generation': 149}","{'id': 9346, 'rank': 2, 'fitness': 0.9820137900379085, 'generation': 149}","{'id': 9397, 'rank': 3, 'fitness': 0.9816106490867156, 'generation': 149}","{'id': 9387, 'rank': 4, 'fitness': 0.9805906349349373, 'generation': 149}","{'id': 9396, 'rank': 5, 'fitness': 0.979240765028078, 'generation': 149}","{'id': 9370, 'rank': 6, 'fitness': 0.9790733087948038, 'generation': 149}","{'id': 9370, 'rank': 7, 'fitness': 0.9790733087948038, 'generation': 149}","{'id': 9371, 'rank': 8, 'fitness': 0.9781611114375732, 'generation': 149}","{'id': 9371, 'rank': 9, 'fitness': 0.9781611114375732, 'generation': 149}","{'id': 9371, 'rank': 10, 'fitness': 0.9781611114375732, 'generation': 149}","{'id': 9371, 'rank': 11, 'fitness': 0.9781611114375732, 'generation': 149}","{'id': 9371, 'rank': 12, 'fitness': 0.9781611114375732, 'generation': 149}","{'id': 9371, 'rank': 13, 'fitness': 0.9781611114375732, 'generation': 149}","{'id': 9371, 'rank': 14, 'fitness': 0.9781611114375732, 'generation': 149}","{'id': 9371, 'rank': 15, 'fitness': 0.9781611114375732, 'generation': 149}","{'id': 9347, 'rank': 16, 'fitness': 0.9778776613835248, 'generation': 149}","{'id': 9347, 'rank': 17, 'fitness': 0.9778776613835248, 'generation': 149}","{'id': 9347, 'rank': 18, 'fitness': 0.9778776613835248, 'generation': 149}","{'id': 9287, 'rank': 19, 'fitness': 0.9778705267545544, 'generation': 149}","{'id': 9287, 'rank': 20, 'fitness': 0.9778705267545544, 'generation': 149}","{'id': 9287, 'rank': 21, 'fitness': 0.9778705267545544, 'generation': 149}","{'id': 9287, 'rank': 22, 'fitness': 0.9778705267545544, 'generation': 149}","{'id': 9394, 'rank': 23, 'fitness': 0.9774490675946904, 'generation': 149}","{'id': 9206, 'rank': 24, 'fitness': 0.9727632145506565, 'generation': 149}","{'id': 9206, 'rank': 25, 'fitness': 0.9727632145506565, 'generation': 149}","{'id': 9206, 'rank': 26, 'fitness': 0.9727632145506565, 'generation': 149}","{'id': 9206, 'rank': 27, 'fitness': 0.9727632145506565, 'generation': 149}","{'id': 9206, 'rank': 28, 'fitness': 0.9727632145506565, 'generation': 149}","{'id': 9285, 'rank': 29, 'fitness': 0.9649185860057603, 'generation': 149}","{'id': 9444, 'rank': 30, 'fitness': 0.01798620996209155, 'generation': 149}"
"{'id': 9477, 'rank': 1, 'fitness': 0.9820137900379085, 'generation': 150}","{'id': 9477, 'rank': 2, 'fitness': 0.9820137900379085, 'generation': 150}","{'id': 9477, 'rank': 3, 'fitness': 0.9820137900379085, 'generation': 150}","{'id': 9468, 'rank': 4, 'fitness': 0.5648248916885421, 'generation': 150}","{'id': 9468, 'rank': 5, 'fitness': 0.5648248916885421, 'generation': 150}","{'id': 9468, 'rank': 6, 'fitness': 0.5648248916885421, 'generation': 150}","{'id': 9466, 'rank': 7, 'fitness': 0.555166307021445, 'generation': 150}","{'id': 9466, 'rank': 8, 'fitness': 0.555166307021445, 'generation': 150}","{'id': 9465, 'rank': 9, 'fitness': 0.47369926540475893, 'generation': 150}","{'id': 9396, 'rank': 10, 'fitness': 0.2805557241212844, 'generation': 150}","{'id': 9370, 'rank': 11, 'fitness': 0.25237116241664503, 'generation': 150}","{'id': 9467, 'rank': 12, 'fitness': 0.2460254475754739, 'generation': 150}","{'id': 9467, 'rank': 13, 'fitness': 0.2460254475754739, 'generation': 150}","{'id': 9371, 'rank': 14, 'fitness': 0.1355509015489456, 'generation': 150}","{'id': 9371, 'rank': 15, 'fitness': 0.1355509015489456, 'generation': 150}","{'id': 9371, 'rank': 16, 'fitness': 0.1355509015489456, 'generation': 150}","{'id': 9371, 'rank': 17, 'fitness': 0.1355509015489456, 'generation': 150}","{'id': 9371, 'rank': 18, 'fitness': 0.1355509015489456, 'generation': 150}","{'id': 9371, 'rank': 19, 'fitness': 0.1355509015489456, 'generation': 150}","{'id': 9371, 'rank': 20, 'fitness': 0.1355509015489456, 'generation': 150}","{'id': 9347, 'rank': 21, 'fitness': 0.11059998759663137, 'generation': 150}","{'id': 9347, 'rank': 22, 'fitness': 0.11059998759663137, 'generation': 150}","{'id': 9347, 'rank': 23, 'fitness': 0.11059998759663137, 'generation': 150}","{'id': 9347, 'rank': 24, 'fitness': 0.11059998759663137, 'generation': 150}","{'id': 9287, 'rank': 25, 'fitness': 0.11003083264700003, 'generation': 150}","{'id': 9287, 'rank': 26, 'fitness': 0.11003083264700003, 'generation': 150}","{'id': 9456, 'rank': 27, 'fitness': 0.08474168399628168, 'generation': 150}","{'id': 9532, 'rank': 28, 'fitness': 0.05620465054749213, 'generation': 150}","{'id': 9532, 'rank': 29, 'fitness': 0.05620465054749213, 'generation': 150}","{'id': 9514, 'rank': 30, 'fitness': 0.01798620996209155, 'generation': 150}"
"{'id': 9556, 'rank': 1, 'fitness': 0.9820137900379085, 'generation': 151}","{'id': 9556, 'rank': 2, 'fitness': 0.9820137900379085, 'generation': 151}","{'id': 9556, 'rank': 3, 'fitness': 0.9820137900379085, 'generation': 151}","{'id': 9555, 'rank': 4, 'fitness': 0.9442142376864135, 'generation': 151}","{'id': 9555, 'rank': 5, 'fitness': 0.9442142376864135, 'generation': 151}","{'id': 9555, 'rank': 6, 'fitness': 0.9442142376864135, 'generation': 151}","{'id': 9567, 'rank': 7, 'fitness': 0.8229392427365249, 'generation': 151}","{'id': 9477, 'rank': 8, 'fitness': 0.7989183402276905, 'generation': 151}","{'id': 9477, 'rank': 9, 'fitness': 0.7989183402276905, 'generation': 151}","{'id': 9477, 'rank': 10, 'fitness': 0.7989183402276905, 'generation': 151}","{'id': 9477, 'rank': 11, 'fitness': 0.7989183402276905, 'generation': 151}","{'id': 9566, 'rank': 12, 'fitness': 0.430669221896229, 'generation': 151}","{'id': 9566, 'rank': 13, 'fitness': 0.430669221896229, 'generation': 151}","{'id': 9566, 'rank': 14, 'fitness': 0.430669221896229, 'generation': 151}","{'id': 9563, 'rank': 15, 'fitness': 0.30259162369921283, 'generation': 151}","{'id': 9563, 'rank': 16, 'fitness': 0.30259162369921283, 'generation': 151}","{'id': 9468, 'rank': 17, 'fitness': 0.12750076733616278, 'generation': 151}","{'id': 9468, 'rank': 18, 'fitness': 0.12750076733616278, 'generation': 151}","{'id': 9468, 'rank': 19, 'fitness': 0.12750076733616278, 'generation': 151}","{'id': 9468, 'rank': 20, 'fitness': 0.12750076733616278, 'generation': 151}","{'id': 9466, 'rank': 21, 'fitness': 0.12369840149615219, 'generation': 151}","{'id': 9541, 'rank': 22, 'fitness': 0.09696335439174142, 'generation': 151}","{'id': 9396, 'rank': 23, 'fitness': 0.04809166765765105, 'generation': 151}","{'id': 9370, 'rank': 24, 'fitness': 0.042581684245229845, 'generation': 151}","{'id': 9467, 'rank': 25, 'fitness': 0.041376903481366356, 'generation': 151}","{'id': 9564, 'rank': 26, 'fitness': 0.035662823070693184, 'generation': 151}","{'id': 9371, 'rank': 27, 'fitness': 0.02209499796860903, 'generation': 151}","{'id': 9371, 'rank': 28, 'fitness': 0.02209499796860903, 'generation': 151}","{'id': 9371, 'rank': 29, 'fitness': 0.02209499796860903, 'generation': 151}","{'id': 9287, 'rank': 30, 'fitness': 0.01798620996209155, 'generation': 151}"
"{'id': 9594, 'rank': 1, 'fitness': 0.9820137900379085, 'generation': 152}","{'id': 9594, 'rank': 2, 'fitness': 0.9820137900379085, 'generation': 152}","{'id': 9594, 'rank': 3, 'fitness': 0.9820137900379085, 'generation': 152}","{'id': 9556, 'rank': 4, 'fitness': 0.9614681965753087, 'generation': 152}","{'id': 9556, 'rank': 5, 'fitness': 0.9614681965753087, 'generation': 152}","{'id': 9556, 'rank': 6, 'fitness': 0.9614681965753087, 'generation': 152}","{'id': 9556, 'rank': 7, 'fitness': 0.9614681965753087, 'generation': 152}","{'id': 9556, 'rank': 8, 'fitness': 0.9614681965753087, 'generation': 152}","{'id': 9556, 'rank': 9, 'fitness': 0.9614681965753087, 'generation': 152}","{'id': 9555, 'rank': 10, 'fitness': 0.8128793239601404, 'generation': 152}","{'id': 9555, 'rank': 11, 'fitness': 0.8128793239601404, 'generation': 152}","{'id': 9555, 'rank': 12, 'fitness': 0.8128793239601404, 'generation': 152}","{'id': 9555, 'rank': 13, 'fitness': 0.8128793239601404, 'generation': 152}","{'id': 9555, 'rank': 14, 'fitness': 0.8128793239601404, 'generation': 152}","{'id': 9555, 'rank': 15, 'fitness': 0.8128793239601404, 'generation': 152}","{'id': 9592, 'rank': 16, 'fitness': 0.5555169363463366, 'generation': 152}","{'id': 9607, 'rank': 17, 'fitness': 0.35557917135831424, 'generation': 152}","{'id': 9477, 'rank': 18, 'fitness': 0.33304184008036875, 'generation': 152}","{'id': 9477, 'rank': 19, 'fitness': 0.33304184008036875, 'generation': 152}","{'id': 9477, 'rank': 20, 'fitness': 0.33304184008036875, 'generation': 152}","{'id': 9477, 'rank': 21, 'fitness': 0.33304184008036875, 'generation': 152}","{'id': 9477, 'rank': 22, 'fitness': 0.33304184008036875, 'generation': 152}","{'id': 9609, 'rank': 23, 'fitness': 0.19768813438428912, 'generation': 152}","{'id': 9608, 'rank': 24, 'fitness': 0.07924860881560558, 'generation': 152}","{'id': 9566, 'rank': 25, 'fitness': 0.0402994667794625, 'generation': 152}","{'id': 9566, 'rank': 26, 'fitness': 0.0402994667794625, 'generation': 152}","{'id': 9566, 'rank': 27, 'fitness': 0.0402994667794625, 'generation': 152}","{'id': 9563, 'rank': 28, 'fitness': 0.01798620996209155, 'generation': 152}","{'id': 9563, 'rank': 29, 'fitness': 0.01798620996209155, 'generation': 152}","{'id': 9563, 'rank': 30, 'fitness': 0.01798620996209155, 'generation': 152}"
"{'id': 9642, 'rank': 1, 'fitness': 0.9820137900379085, 'generation': 153}","{'id': 9642, 'rank': 2, 'fitness': 0.9820137900379085, 'generation': 153}","{'id': 9642, 'rank': 3, 'fitness': 0.9820137900379085, 'generation': 153}","{'id': 9675, 'rank': 4, 'fitness': 0.9592140181804185, 'generation': 153}","{'id': 9675, 'rank': 5, 'fitness': 0.9592140181804185, 'generation': 153}","{'id': 9675, 'rank': 6, 'fitness': 0.9592140181804185, 'generation': 153}","{'id': 9675, 'rank': 7, 'fitness': 0.9592140181804185, 'generation': 153}","{'id': 9676, 'rank': 8, 'fitness': 0.9515061772245587, 'generation': 153}","{'id': 9594, 'rank': 9, 'fitness': 0.9337774330581944, 'generation': 153}","{'id': 9594, 'rank': 10, 'fitness': 0.9337774330581944, 'generation': 153}","{'id': 9556, 'rank': 11, 'fitness': 0.9133919759237765, 'generation': 153}","{'id': 9556, 'rank': 12, 'fitness': 0.9133919759237765, 'generation': 153}","{'id': 9556, 'rank': 13, 'fitness': 0.9133919759237765, 'generation': 153}","{'id': 9556, 'rank': 14, 'fitness': 0.9133919759237765, 'generation': 153}","{'id': 9556, 'rank': 15, 'fitness': 0.9133919759237765, 'generation': 153}","{'id': 9556, 'rank': 16, 'fitness': 0.9133919759237765, 'generation': 153}","{'id': 9556, 'rank': 17, 'fitness': 0.9133919759237765, 'generation': 153}","{'id': 9556, 'rank': 18, 'fitness': 0.9133919759237765, 'generation': 153}","{'id': 9643, 'rank': 19, 'fitness': 0.9030200834274924, 'generation': 153}","{'id': 9643, 'rank': 20, 'fitness': 0.9030200834274924, 'generation': 153}","{'id': 9643, 'rank': 21, 'fitness': 0.9030200834274924, 'generation': 153}","{'id': 9663, 'rank': 22, 'fitness': 0.8548524697989793, 'generation': 153}","{'id': 9555, 'rank': 23, 'fitness': 0.8464905808155736, 'generation': 153}","{'id': 9555, 'rank': 24, 'fitness': 0.8464905808155736, 'generation': 153}","{'id': 9677, 'rank': 25, 'fitness': 0.8390296557658723, 'generation': 153}","{'id': 9592, 'rank': 26, 'fitness': 0.7764714623307778, 'generation': 153}","{'id': 9477, 'rank': 27, 'fitness': 0.7119585273806539, 'generation': 153}","{'id': 9609, 'rank': 28, 'fitness': 0.6554113884895585, 'generation': 153}","{'id': 9608, 'rank': 29, 'fitness': 0.5628589685663792, 'generation': 153}","{'id': 9665, 'rank': 30, 'fitness': 0.01798620996209155, 'generation': 153}"
"{'id': 9694, 'rank': 1, 'fitness': 0.9820137900379085, 'generation': 154}","{'id': 9694, 'rank': 2, 'fitness': 0.9820137900379085, 'generation': 154}","{'id': 9642, 'rank': 3, 'fitness': 0.9790406814900621, 'generation': 154}","{'id': 9642, 'rank': 4, 'fitness': 0.9790406814900621, 'generation': 154}","{'id': 9642, 'rank': 5, 'fitness': 0.9790406814900621, 'generation': 154}","{'id': 9675, 'rank': 6, 'fitness': 0.9038834419793332, 'generation': 154}","{'id': 9675, 'rank': 7, 'fitness': 0.9038834419793332, 'generation': 154}","{'id': 9675, 'rank': 8, 'fitness': 0.9038834419793332, 'generation': 154}","{'id': 9675, 'rank': 9, 'fitness': 0.9038834419793332, 'generation': 154}","{'id': 9675, 'rank': 10, 'fitness': 0.9038834419793332, 'generation': 154}","{'id': 9676, 'rank': 11, 'fitness': 0.8694788489694598, 'generation': 154}","{'id': 9676, 'rank': 12, 'fitness': 0.8694788489694598, 'generation': 154}","{'id': 9594, 'rank': 13, 'fitness': 0.7803286112947326, 'generation': 154}","{'id': 9696, 'rank': 14, 'fitness': 0.7532618176075266, 'generation': 154}","{'id': 9556, 'rank': 15, 'fitness': 0.6714682420153705, 'generation': 154}","{'id': 9556, 'rank': 16, 'fitness': 0.6714682420153705, 'generation': 154}","{'id': 9556, 'rank': 17, 'fitness': 0.6714682420153705, 'generation': 154}","{'id': 9556, 'rank': 18, 'fitness': 0.6714682420153705, 'generation': 154}","{'id': 9643, 'rank': 19, 'fitness': 0.6172364455840407, 'generation': 154}","{'id': 9643, 'rank': 20, 'fitness': 0.6172364455840407, 'generation': 154}","{'id': 9643, 'rank': 21, 'fitness': 0.6172364455840407, 'generation': 154}","{'id': 9643, 'rank': 22, 'fitness': 0.6172364455840407, 'generation': 154}","{'id': 9663, 'rank': 23, 'fitness': 0.40277592374971183, 'generation': 154}","{'id': 9555, 'rank': 24, 'fitness': 0.37303575000661143, 'generation': 154}","{'id': 9555, 'rank': 25, 'fitness': 0.37303575000661143, 'generation': 154}","{'id': 9555, 'rank': 26, 'fitness': 0.37303575000661143, 'generation': 154}","{'id': 9714, 'rank': 27, 'fitness': 0.3157823730571008, 'generation': 154}","{'id': 9695, 'rank': 28, 'fitness': 0.2945122543347857, 'generation': 154}","{'id': 9717, 'rank': 29, 'fitness': 0.08393801001155055, 'generation': 154}","{'id': 9754, 'rank': 30, 'fitness': 0.01798620996209155, 'generation': 154}"
"{'id': 9694, 'rank': 1, 'fitness': 0.9820137900379085, 'generation': 155}","{'id': 9694, 'rank': 2, 'fitness': 0.9820137900379085, 'generation': 155}","{'id': 9694, 'rank': 3, 'fitness': 0.9820137900379085, 'generation': 155}","{'id': 9694, 'rank': 4, 'fitness': 0.9820137900379085, 'generation': 155}","{'id': 9694, 'rank': 5, 'fitness': 0.9820137900379085, 'generation': 155}","{'id': 9642, 'rank': 6, 'fitness': 0.9790406814900621, 'generation': 155}","{'id': 9642, 'rank': 7, 'fitness': 0.9790406814900621, 'generation': 155}","{'id': 9642, 'rank': 8, 'fitness': 0.9790406814900621, 'generation': 155}","{'id': 9642, 'rank': 9, 'fitness': 0.9790406814900621, 'generation': 155}","{'id': 9642, 'rank': 10, 'fitness': 0.9790406814900621, 'generation': 155}","{'id': 9642, 'rank': 11, 'fitness': 0.9790406814900621, 'generation': 155}","{'id': 9796, 'rank': 12, 'fitness': 0.9673730862677872, 'generation': 155}","{'id': 9796, 'rank': 13, 'fitness': 0.9673730862677872, 'generation': 155}","{'id': 9675, 'rank': 14, 'fitness': 0.9038834419793332, 'generation': 155}","{'id': 9675, 'rank': 15, 'fitness': 0.9038834419793332, 'generation': 155}","{'id': 9675, 'rank': 16, 'fitness': 0.9038834419793332, 'generation': 155}","{'id': 9675, 'rank': 17, 'fitness': 0.9038834419793332, 'generation': 155}","{'id': 9675, 'rank': 18, 'fitness': 0.9038834419793332, 'generation': 155}","{'id': 9675, 'rank': 19, 'fitness': 0.9038834419793332, 'generation': 155}","{'id': 9798, 'rank': 20, 'fitness': 0.8859519713745669, 'generation': 155}","{'id': 9676, 'rank': 21, 'fitness': 0.8694788489694598, 'generation': 155}","{'id': 9594, 'rank': 22, 'fitness': 0.7803286112947326, 'generation': 155}","{'id': 9594, 'rank': 23, 'fitness': 0.7803286112947326, 'generation': 155}","{'id': 9827, 'rank': 24, 'fitness': 0.7609838406355041, 'generation': 155}","{'id': 9799, 'rank': 25, 'fitness': 0.7554924746214441, 'generation': 155}","{'id': 9799, 'rank': 26, 'fitness': 0.7554924746214441, 'generation': 155}","{'id': 9696, 'rank': 27, 'fitness': 0.7532618176075266, 'generation': 155}","{'id': 9556, 'rank': 28, 'fitness': 0.6714682420153705, 'generation': 155}","{'id': 9556, 'rank': 29, 'fitness': 0.6714682420153705, 'generation': 155}","{'id': 9754, 'rank': 30, 'fitness': 0.01798620996209155, 'generation': 155}"
"{'id': 9859, 'rank': 1, 'fitness': 0.9820137900379085, 'generation': 156}","{'id': 9909, 'rank': 2, 'fitness': 0.9753982958743377, 'generation': 156}","{'id': 9909, 'rank': 3, 'fitness': 0.9753982958743377, 'generation': 156}","{'id': 9909, 'rank': 4, 'fitness': 0.9753982958743377, 'generation': 156}","{'id': 9910, 'rank': 5, 'fitness': 0.9598841145973851, 'generation': 156}","{'id': 9910, 'rank': 6, 'fitness': 0.9598841145973851, 'generation': 156}","{'id': 9910, 'rank': 7, 'fitness': 0.9598841145973851, 'generation': 156}","{'id': 9910, 'rank': 8, 'fitness': 0.9598841145973851, 'generation': 156}","{'id': 9901, 'rank': 9, 'fitness': 0.9573570988142318, 'generation': 156}","{'id': 9901, 'rank': 10, 'fitness': 0.9573570988142318, 'generation': 156}","{'id': 9901, 'rank': 11, 'fitness': 0.9573570988142318, 'generation': 156}","{'id': 9901, 'rank': 12, 'fitness': 0.9573570988142318, 'generation': 156}","{'id': 9885, 'rank': 13, 'fitness': 0.9353221954018774, 'generation': 156}","{'id': 9694, 'rank': 14, 'fitness': 0.9265754636514064, 'generation': 156}","{'id': 9694, 'rank': 15, 'fitness': 0.9265754636514064, 'generation': 156}","{'id': 9694, 'rank': 16, 'fitness': 0.9265754636514064, 'generation': 156}","{'id': 9694, 'rank': 17, 'fitness': 0.9265754636514064, 'generation': 156}","{'id': 9694, 'rank': 18, 'fitness': 0.9265754636514064, 'generation': 156}","{'id': 9642, 'rank': 19, 'fitness': 0.9174195491526227, 'generation': 156}","{'id': 9642, 'rank': 20, 'fitness': 0.9174195491526227, 'generation': 156}","{'id': 9882, 'rank': 21, 'fitness': 0.9165155926106499, 'generation': 156}","{'id': 9882, 'rank': 22, 'fitness': 0.9165155926106499, 'generation': 156}","{'id': 9905, 'rank': 23, 'fitness': 0.8918053421938328, 'generation': 156}","{'id': 9796, 'rank': 24, 'fitness': 0.884573689920474, 'generation': 156}","{'id': 9796, 'rank': 25, 'fitness': 0.884573689920474, 'generation': 156}","{'id': 9796, 'rank': 26, 'fitness': 0.884573689920474, 'generation': 156}","{'id': 9869, 'rank': 27, 'fitness': 0.7859453164740834, 'generation': 156}","{'id': 9675, 'rank': 28, 'fitness': 0.7499630854955799, 'generation': 156}","{'id': 9675, 'rank': 29, 'fitness': 0.7499630854955799, 'generation': 156}","{'id': 9754, 'rank': 30, 'fitness': 0.01798620996209155, 'generation': 156}"
"{'id': 9859, 'rank': 1, 'fitness': 0.9820137900379085, 'generation': 157}","{'id': 9859, 'rank': 2, 'fitness': 0.9820137900379085, 'generation': 157}","{'id': 9859, 'rank': 3, 'fitness': 0.9820137900379085, 'generation': 157}","{'id': 9986, 'rank': 4, 'fitness': 0.9812708923824333, 'generation': 157}","{'id': 9986, 'rank': 5, 'fitness': 0.9812708923824333, 'generation': 157}","{'id': 9986, 'rank': 6, 'fitness': 0.9812708923824333, 'generation': 157}","{'id': 9909, 'rank': 7, 'fitness': 0.9746441580113695, 'generation': 157}","{'id': 9909, 'rank': 8, 'fitness': 0.9746441580113695, 'generation': 157}","{'id': 9909, 'rank': 9, 'fitness': 0.9746441580113695, 'generation': 157}","{'id': 9909, 'rank': 10, 'fitness': 0.9746441580113695, 'generation': 157}","{'id': 9909, 'rank': 11, 'fitness': 0.9746441580113695, 'generation': 157}","{'id': 9909, 'rank': 12, 'fitness': 0.9746441580113695, 'generation': 157}","{'id': 9910, 'rank': 13, 'fitness': 0.9566943140586195, 'generation': 157}","{'id': 9910, 'rank': 14, 'fitness': 0.9566943140586195, 'generation': 157}","{'id': 10000, 'rank': 15, 'fitness': 0.9554212322988083, 'generation': 157}","{'id': 9931, 'rank': 16, 'fitness': 0.9549262898895693, 'generation': 157}","{'id': 9931, 'rank': 17, 'fitness': 0.9549262898895693, 'generation': 157}","{'id': 9901, 'rank': 18, 'fitness': 0.9537044581039335, 'generation': 157}","{'id': 9901, 'rank': 19, 'fitness': 0.9537044581039335, 'generation': 157}","{'id': 9901, 'rank': 20, 'fitness': 0.9537044581039335, 'generation': 157}","{'id': 9901, 'rank': 21, 'fitness': 0.9537044581039335, 'generation': 157}","{'id': 9694, 'rank': 22, 'fitness': 0.9163285058995312, 'generation': 157}","{'id': 9694, 'rank': 23, 'fitness': 0.9163285058995312, 'generation': 157}","{'id': 9642, 'rank': 24, 'fitness': 0.9049689461947134, 'generation': 157}","{'id': 9796, 'rank': 25, 'fitness': 0.8637088173790964, 'generation': 157}","{'id': 9796, 'rank': 26, 'fitness': 0.8637088173790964, 'generation': 157}","{'id': 9796, 'rank': 27, 'fitness': 0.8637088173790964, 'generation': 157}","{'id': 9675, 'rank': 28, 'fitness': 0.6937262360838617, 'generation': 157}","{'id': 9929, 'rank': 29, 'fitness': 0.07655581187692095, 'generation': 157}","{'id': 9928, 'rank': 30, 'fitness': 0.01798620996209155, 'generation': 157}"
"{'id': 10031, 'rank': 1, 'fitness': 0.9820137900379085, 'generation': 158}","{'id': 10031, 'rank': 2, 'fitness': 0.9820137900379085, 'generation': 158}","{'id': 10031, 'rank': 3, 'fitness': 0.9820137900379085, 'generation': 158}","{'id': 10031, 'rank': 4, 'fitness': 0.9820137900379085, 'generation': 158}","{'id': 10031, 'rank': 5, 'fitness': 0.9820137900379085, 'generation': 158}","{'id': 9859, 'rank': 6, 'fitness': 0.7861563097912688, 'generation': 158}","{'id': 9859, 'rank': 7, 'fitness': 0.7861563097912688, 'generation': 158}","{'id': 9859, 'rank': 8, 'fitness': 0.7861563097912688, 'generation': 158}","{'id': 9859, 'rank': 9, 'fitness': 0.7861563097912688, 'generation': 158}","{'id': 9859, 'rank': 10, 'fitness': 0.7861563097912688, 'generation': 158}","{'id': 9859, 'rank': 11, 'fitness': 0.7861563097912688, 'generation': 158}","{'id': 9986, 'rank': 12, 'fitness': 0.7743717015051642, 'generation': 158}","{'id': 9986, 'rank': 13, 'fitness': 0.7743717015051642, 'generation': 158}","{'id': 10007, 'rank': 14, 'fitness': 0.7704600345545038, 'generation': 158}","{'id': 9909, 'rank': 15, 'fitness': 0.671893087490467, 'generation': 158}","{'id': 9909, 'rank': 16, 'fitness': 0.671893087490467, 'generation': 158}","{'id': 9909, 'rank': 17, 'fitness': 0.671893087490467, 'generation': 158}","{'id': 10043, 'rank': 18, 'fitness': 0.6676729630748581, 'generation': 158}","{'id': 10083, 'rank': 19, 'fitness': 0.5132113456337768, 'generation': 158}","{'id': 10000, 'rank': 20, 'fitness': 0.43603223724777007, 'generation': 158}","{'id': 10000, 'rank': 21, 'fitness': 0.43603223724777007, 'generation': 158}","{'id': 9931, 'rank': 22, 'fitness': 0.43129846508874287, 'generation': 158}","{'id': 9901, 'rank': 23, 'fitness': 0.41987482748365895, 'generation': 158}","{'id': 10084, 'rank': 24, 'fitness': 0.31842603938356084, 'generation': 158}","{'id': 10084, 'rank': 25, 'fitness': 0.31842603938356084, 'generation': 158}","{'id': 10077, 'rank': 26, 'fitness': 0.1667142953414701, 'generation': 158}","{'id': 10042, 'rank': 27, 'fitness': 0.12077156299301395, 'generation': 158}","{'id': 10042, 'rank': 28, 'fitness': 0.12077156299301395, 'generation': 158}","{'id': 10057, 'rank': 29, 'fitness': 0.027307484688715578, 'generation': 158}","{'id': 10009, 'rank': 30, 'fitness': 0.01798620996209155, 'generation': 158}"
"{'id': 10031, 'rank': 1, 'fitness': 0.9820137900379085, 'generation': 159}","{'id': 10031, 'rank': 2, 'fitness': 0.9820137900379085, 'generation': 159}","{'id': 10031, 'rank': 3, 'fitness': 0.9820137900379085, 'generation': 159}","{'id': 10031, 'rank': 4, 'fitness': 0.9820137900379085, 'generation': 159}","{'id': 10031, 'rank': 5, 'fitness': 0.9820137900379085, 'generation': 159}","{'id': 10031, 'rank': 6, 'fitness': 0.9820137900379085, 'generation': 159}","{'id': 10031, 'rank': 7, 'fitness': 0.9820137900379085, 'generation': 159}","{'id': 10031, 'rank': 8, 'fitness': 0.9820137900379085, 'generation': 159}","{'id': 10031, 'rank': 9, 'fitness': 0.9820137900379085, 'generation': 159}","{'id': 10031, 'rank': 10, 'fitness': 0.9820137900379085, 'generation': 159}","{'id': 10031, 'rank': 11, 'fitness': 0.9820137900379085, 'generation': 159}","{'id': 10031, 'rank': 12, 'fitness': 0.9820137900379085, 'generation': 159}","{'id': 10031, 'rank': 13, 'fitness': 0.9820137900379085, 'generation': 159}","{'id': 10111, 'rank': 14, 'fitness': 0.9500928681613603, 'generation': 159}","{'id': 9859, 'rank': 15, 'fitness': 0.7861563097912688, 'generation': 159}","{'id': 9859, 'rank': 16, 'fitness': 0.7861563097912688, 'generation': 159}","{'id': 9859, 'rank': 17, 'fitness': 0.7861563097912688, 'generation': 159}","{'id': 9859, 'rank': 18, 'fitness': 0.7861563097912688, 'generation': 159}","{'id': 9859, 'rank': 19, 'fitness': 0.7861563097912688, 'generation': 159}","{'id': 9986, 'rank': 20, 'fitness': 0.7743717015051642, 'generation': 159}","{'id': 9986, 'rank': 21, 'fitness': 0.7743717015051642, 'generation': 159}","{'id': 10007, 'rank': 22, 'fitness': 0.7704600345545038, 'generation': 159}","{'id': 10108, 'rank': 23, 'fitness': 0.7033005144407689, 'generation': 159}","{'id': 9909, 'rank': 24, 'fitness': 0.671893087490467, 'generation': 159}","{'id': 9909, 'rank': 25, 'fitness': 0.671893087490467, 'generation': 159}","{'id': 9909, 'rank': 26, 'fitness': 0.671893087490467, 'generation': 159}","{'id': 10043, 'rank': 27, 'fitness': 0.6676729630748581, 'generation': 159}","{'id': 10000, 'rank': 28, 'fitness': 0.43603223724777007, 'generation': 159}","{'id': 10112, 'rank': 29, 'fitness': 0.09169541461793873, 'generation': 159}","{'id': 10009, 'rank': 30, 'fitness': 0.01798620996209155, 'generation': 159}"
"{'id': 10182, 'rank': 1, 'fitness': 0.9820137900379085, 'generation': 160}","{'id': 10182, 'rank': 2, 'fitness': 0.9820137900379085, 'generation': 160}","{'id': 10182, 'rank': 3, 'fitness': 0.9820137900379085, 'generation': 160}","{'id': 10203, 'rank': 4, 'fitness': 0.9808708949518485, 'generation': 160}","{'id': 10203, 'rank': 5, 'fitness': 0.9808708949518485, 'generation': 160}","{'id': 10165, 'rank': 6, 'fitness': 0.9784268315285163, 'generation': 160}","{'id': 10165, 'rank': 7, 'fitness': 0.9784268315285163, 'generation': 160}","{'id': 10155, 'rank': 8, 'fitness': 0.9783210303390714, 'generation': 160}","{'id': 10031, 'rank': 9, 'fitness': 0.9756286567234835, 'generation': 160}","{'id': 10031, 'rank': 10, 'fitness': 0.9756286567234835, 'generation': 160}","{'id': 10031, 'rank': 11, 'fitness': 0.9756286567234835, 'generation': 160}","{'id': 10031, 'rank': 12, 'fitness': 0.9756286567234835, 'generation': 160}","{'id': 10031, 'rank': 13, 'fitness': 0.9756286567234835, 'generation': 160}","{'id': 10031, 'rank': 14, 'fitness': 0.9756286567234835, 'generation': 160}","{'id': 10031, 'rank': 15, 'fitness': 0.9756286567234835, 'generation': 160}","{'id': 10031, 'rank': 16, 'fitness': 0.9756286567234835, 'generation': 160}","{'id': 10161, 'rank': 17, 'fitness': 0.9749033875960902, 'generation': 160}","{'id': 10161, 'rank': 18, 'fitness': 0.9749033875960902, 'generation': 160}","{'id': 10161, 'rank': 19, 'fitness': 0.9749033875960902, 'generation': 160}","{'id': 10157, 'rank': 20, 'fitness': 0.9700986827761593, 'generation': 160}","{'id': 10168, 'rank': 21, 'fitness': 0.9577761612005771, 'generation': 160}","{'id': 9859, 'rank': 22, 'fitness': 0.9441402695278356, 'generation': 160}","{'id': 9859, 'rank': 23, 'fitness': 0.9441402695278356, 'generation': 160}","{'id': 9859, 'rank': 24, 'fitness': 0.9441402695278356, 'generation': 160}","{'id': 9859, 'rank': 25, 'fitness': 0.9441402695278356, 'generation': 160}","{'id': 10007, 'rank': 26, 'fitness': 0.9425865826214193, 'generation': 160}","{'id': 9909, 'rank': 27, 'fitness': 0.9334187731737978, 'generation': 160}","{'id': 10180, 'rank': 28, 'fitness': 0.9239089920992571, 'generation': 160}","{'id': 10000, 'rank': 29, 'fitness': 0.9112627791379175, 'generation': 160}","{'id': 10179, 'rank': 30, 'fitness': 0.01798620996209155, 'generation': 160}"
"{'id': 10182, 'rank': 1, 'fitness': 0.9820137900379085, 'generation': 161}","{'id': 10182, 'rank': 2, 'fitness': 0.9820137900379085, 'generation': 161}","{'id': 10182, 'rank': 3, 'fitness': 0.9820137900379085, 'generation': 161}","{'id': 10182, 'rank': 4, 'fitness': 0.9820137900379085, 'generation': 161}","{'id': 10227, 'rank': 5, 'fitness': 0.980795188051798, 'generation': 161}","{'id': 10203, 'rank': 6, 'fitness': 0.9776108822432634, 'generation': 161}","{'id': 10203, 'rank': 7, 'fitness': 0.9776108822432634, 'generation': 161}","{'id': 10203, 'rank': 8, 'fitness': 0.9776108822432634, 'generation': 161}","{'id': 10257, 'rank': 9, 'fitness': 0.9737727373303623, 'generation': 161}","{'id': 10291, 'rank': 10, 'fitness': 0.9669651742340614, 'generation': 161}","{'id': 10291, 'rank': 11, 'fitness': 0.9669651742340614, 'generation': 161}","{'id': 10165, 'rank': 12, 'fitness': 0.9657626176747784, 'generation': 161}","{'id': 10165, 'rank': 13, 'fitness': 0.9657626176747784, 'generation': 161}","{'id': 10165, 'rank': 14, 'fitness': 0.9657626176747784, 'generation': 161}","{'id': 10165, 'rank': 15, 'fitness': 0.9657626176747784, 'generation': 161}","{'id': 10155, 'rank': 16, 'fitness': 0.9651690950861934, 'generation': 161}","{'id': 10031, 'rank': 17, 'fitness': 0.9476102303743894, 'generation': 161}","{'id': 10031, 'rank': 18, 'fitness': 0.9476102303743894, 'generation': 161}","{'id': 10031, 'rank': 19, 'fitness': 0.9476102303743894, 'generation': 161}","{'id': 10031, 'rank': 20, 'fitness': 0.9476102303743894, 'generation': 161}","{'id': 10161, 'rank': 21, 'fitness': 0.9420341318057119, 'generation': 161}","{'id': 10161, 'rank': 22, 'fitness': 0.9420341318057119, 'generation': 161}","{'id': 10161, 'rank': 23, 'fitness': 0.9420341318057119, 'generation': 161}","{'id': 10294, 'rank': 24, 'fitness': 0.8719150069290282, 'generation': 161}","{'id': 10296, 'rank': 25, 'fitness': 0.659235294715599, 'generation': 161}","{'id': 10296, 'rank': 26, 'fitness': 0.659235294715599, 'generation': 161}","{'id': 9859, 'rank': 27, 'fitness': 0.4565164545455394, 'generation': 161}","{'id': 9859, 'rank': 28, 'fitness': 0.4565164545455394, 'generation': 161}","{'id': 10272, 'rank': 29, 'fitness': 0.15622621063662473, 'generation': 161}","{'id': 10258, 'rank': 30, 'fitness': 0.01798620996209155, 'generation': 161}"
"{'id': 10329, 'rank': 1, 'fitness': 0.9820137900379085, 'generation': 162}","{'id': 10329, 'rank': 2, 'fitness': 0.9820137900379085, 'generation': 162}","{'id': 10326, 'rank': 3, 'fitness': 0.9148483553329231, 'generation': 162}","{'id': 10326, 'rank': 4, 'fitness': 0.9148483553329231, 'generation': 162}","{'id': 10326, 'rank': 5, 'fitness': 0.9148483553329231, 'generation': 162}","{'id': 10326, 'rank': 6, 'fitness': 0.9148483553329231, 'generation': 162}","{'id': 10182, 'rank': 7, 'fitness': 0.8086736590520399, 'generation': 162}","{'id': 10182, 'rank': 8, 'fitness': 0.8086736590520399, 'generation': 162}","{'id': 10182, 'rank': 9, 'fitness': 0.8086736590520399, 'generation': 162}","{'id': 10182, 'rank': 10, 'fitness': 0.8086736590520399, 'generation': 162}","{'id': 10203, 'rank': 11, 'fitness': 0.7523755604803408, 'generation': 162}","{'id': 10203, 'rank': 12, 'fitness': 0.7523755604803408, 'generation': 162}","{'id': 10203, 'rank': 13, 'fitness': 0.7523755604803408, 'generation': 162}","{'id': 10203, 'rank': 14, 'fitness': 0.7523755604803408, 'generation': 162}","{'id': 10203, 'rank': 15, 'fitness': 0.7523755604803408, 'generation': 162}","{'id': 10203, 'rank': 16, 'fitness': 0.7523755604803408, 'generation': 162}","{'id': 10257, 'rank': 17, 'fitness': 0.705117554521424, 'generation': 162}","{'id': 10257, 'rank': 18, 'fitness': 0.705117554521424, 'generation': 162}","{'id': 10291, 'rank': 19, 'fitness': 0.6272762495331619, 'generation': 162}","{'id': 10165, 'rank': 20, 'fitness': 0.6144114799499809, 'generation': 162}","{'id': 10165, 'rank': 21, 'fitness': 0.6144114799499809, 'generation': 162}","{'id': 10165, 'rank': 22, 'fitness': 0.6144114799499809, 'generation': 162}","{'id': 10165, 'rank': 23, 'fitness': 0.6144114799499809, 'generation': 162}","{'id': 10031, 'rank': 24, 'fitness': 0.4525156552912553, 'generation': 162}","{'id': 10031, 'rank': 25, 'fitness': 0.4525156552912553, 'generation': 162}","{'id': 10318, 'rank': 26, 'fitness': 0.44258081300858815, 'generation': 162}","{'id': 10294, 'rank': 27, 'fitness': 0.16327645761475362, 'generation': 162}","{'id': 10296, 'rank': 28, 'fitness': 0.029526776752494877, 'generation': 162}","{'id': 10296, 'rank': 29, 'fitness': 0.029526776752494877, 'generation': 162}","{'id': 10374, 'rank': 30, 'fitness': 0.01798620996209155, 'generation': 162}"
"{'id': 10326, 'rank': 1, 'fitness': 0.9820137900379085, 'generation': 163}","{'id': 10326, 'rank': 2, 'fitness': 0.9820137900379085, 'generation': 163}","{'id': 10326, 'rank': 3, 'fitness': 0.9820137900379085, 'generation': 163}","{'id': 10326, 'rank': 4, 'fitness': 0.9820137900379085, 'generation': 163}","{'id': 10326, 'rank': 5, 'fitness': 0.9820137900379085, 'generation': 163}","{'id': 10326, 'rank': 6, 'fitness': 0.9820137900379085, 'generation': 163}","{'id': 10326, 'rank': 7, 'fitness': 0.9820137900379085, 'generation': 163}","{'id': 10326, 'rank': 8, 'fitness': 0.9820137900379085, 'generation': 163}","{'id': 10404, 'rank': 9, 'fitness': 0.9819785118024484, 'generation': 163}","{'id': 10404, 'rank': 10, 'fitness': 0.9819785118024484, 'generation': 163}","{'id': 10182, 'rank': 11, 'fitness': 0.9818890627628393, 'generation': 163}","{'id': 10182, 'rank': 12, 'fitness': 0.9818890627628393, 'generation': 163}","{'id': 10405, 'rank': 13, 'fitness': 0.9818644255345521, 'generation': 163}","{'id': 10203, 'rank': 14, 'fitness': 0.9818447273372797, 'generation': 163}","{'id': 10203, 'rank': 15, 'fitness': 0.9818447273372797, 'generation': 163}","{'id': 10257, 'rank': 16, 'fitness': 0.9818124882525239, 'generation': 163}","{'id': 10257, 'rank': 17, 'fitness': 0.9818124882525239, 'generation': 163}","{'id': 10257, 'rank': 18, 'fitness': 0.9818124882525239, 'generation': 163}","{'id': 10257, 'rank': 19, 'fitness': 0.9818124882525239, 'generation': 163}","{'id': 10165, 'rank': 20, 'fitness': 0.9817577305026826, 'generation': 163}","{'id': 10165, 'rank': 21, 'fitness': 0.9817577305026826, 'generation': 163}","{'id': 10165, 'rank': 22, 'fitness': 0.9817577305026826, 'generation': 163}","{'id': 10031, 'rank': 23, 'fitness': 0.9816688344499398, 'generation': 163}","{'id': 10031, 'rank': 24, 'fitness': 0.9816688344499398, 'generation': 163}","{'id': 10031, 'rank': 25, 'fitness': 0.9816688344499398, 'generation': 163}","{'id': 10031, 'rank': 26, 'fitness': 0.9816688344499398, 'generation': 163}","{'id': 10318, 'rank': 27, 'fitness': 0.9816633787437113, 'generation': 163}","{'id': 10294, 'rank': 28, 'fitness': 0.9814718402602352, 'generation': 163}","{'id': 10296, 'rank': 29, 'fitness': 0.9812151656024162, 'generation': 163}","{'id': 10447, 'rank': 30, 'fitness': 0.01798620996209155, 'generation': 163}"
"{'id': 10476, 'rank': 1, 'fitness': 0.9820137900379085, 'generation': 164}","{'id': 10483, 'rank': 2, 'fitness': 0.9114226605239943, 'generation': 164}","{'id': 10326, 'rank': 3, 'fitness': 0.854875462673206, 'generation': 164}","{'id': 10326, 'rank': 4, 'fitness': 0.854875462673206, 'generation': 164}","{'id': 10326, 'rank': 5, 'fitness': 0.854875462673206, 'generation': 164}","{'id': 10326, 'rank': 6, 'fitness': 0.854875462673206, 'generation': 164}","{'id': 10326, 'rank': 7, 'fitness': 0.854875462673206, 'generation': 164}","{'id': 10326, 'rank': 8, 'fitness': 0.854875462673206, 'generation': 164}","{'id': 10326, 'rank': 9, 'fitness': 0.854875462673206, 'generation': 164}","{'id': 10326, 'rank': 10, 'fitness': 0.854875462673206, 'generation': 164}","{'id': 10326, 'rank': 11, 'fitness': 0.854875462673206, 'generation': 164}","{'id': 10326, 'rank': 12, 'fitness': 0.854875462673206, 'generation': 164}","{'id': 10326, 'rank': 13, 'fitness': 0.854875462673206, 'generation': 164}","{'id': 10326, 'rank': 14, 'fitness': 0.854875462673206, 'generation': 164}","{'id': 10326, 'rank': 15, 'fitness': 0.854875462673206, 'generation': 164}","{'id': 10480, 'rank': 16, 'fitness': 0.8299672831675691, 'generation': 164}","{'id': 10404, 'rank': 17, 'fitness': 0.7645810344142436, 'generation': 164}","{'id': 10404, 'rank': 18, 'fitness': 0.7645810344142436, 'generation': 164}","{'id': 10481, 'rank': 19, 'fitness': 0.488194361169751, 'generation': 164}","{'id': 10182, 'rank': 20, 'fitness': 0.4190714854339796, 'generation': 164}","{'id': 10182, 'rank': 21, 'fitness': 0.4190714854339796, 'generation': 164}","{'id': 10405, 'rank': 22, 'fitness': 0.3230681532600318, 'generation': 164}","{'id': 10405, 'rank': 23, 'fitness': 0.3230681532600318, 'generation': 164}","{'id': 10203, 'rank': 24, 'fitness': 0.25547653156088956, 'generation': 164}","{'id': 10203, 'rank': 25, 'fitness': 0.25547653156088956, 'generation': 164}","{'id': 10257, 'rank': 26, 'fitness': 0.16675548444704613, 'generation': 164}","{'id': 10257, 'rank': 27, 'fitness': 0.16675548444704613, 'generation': 164}","{'id': 10165, 'rank': 28, 'fitness': 0.07429911302588477, 'generation': 164}","{'id': 10486, 'rank': 29, 'fitness': 0.07214397946426182, 'generation': 164}","{'id': 10031, 'rank': 30, 'fitness': 0.01798620996209155, 'generation': 164}"
"{'id': 10609, 'rank': 1, 'fitness': 0.9820137900379085, 'generation': 165}","{'id': 10609, 'rank': 2, 'fitness': 0.9820137900379085, 'generation': 165}","{'id': 10609, 'rank': 3, 'fitness': 0.9820137900379085, 'generation': 165}","{'id': 10476, 'rank': 4, 'fitness': 0.9814620098814906, 'generation': 165}","{'id': 10476, 'rank': 5, 'fitness': 0.9814620098814906, 'generation': 165}","{'id': 10476, 'rank': 6, 'fitness': 0.9814620098814906, 'generation': 165}","{'id': 10476, 'rank': 7, 'fitness': 0.9814620098814906, 'generation': 165}","{'id': 10326, 'rank': 8, 'fitness': 0.9811207130703044, 'generation': 165}","{'id': 10326, 'rank': 9, 'fitness': 0.9811207130703044, 'generation': 165}","{'id': 10326, 'rank': 10, 'fitness': 0.9811207130703044, 'generation': 165}","{'id': 10326, 'rank': 11, 'fitness': 0.9811207130703044, 'generation': 165}","{'id': 10326, 'rank': 12, 'fitness': 0.9811207130703044, 'generation': 165}","{'id': 10326, 'rank': 13, 'fitness': 0.9811207130703044, 'generation': 165}","{'id': 10326, 'rank': 14, 'fitness': 0.9811207130703044, 'generation': 165}","{'id': 10326, 'rank': 15, 'fitness': 0.9811207130703044, 'generation': 165}","{'id': 10326, 'rank': 16, 'fitness': 0.9811207130703044, 'generation': 165}","{'id': 10326, 'rank': 17, 'fitness': 0.9811207130703044, 'generation': 165}","{'id': 10326, 'rank': 18, 'fitness': 0.9811207130703044, 'generation': 165}","{'id': 10326, 'rank': 19, 'fitness': 0.9811207130703044, 'generation': 165}","{'id': 10404, 'rank': 20, 'fitness': 0.981028410841341, 'generation': 165}","{'id': 10404, 'rank': 21, 'fitness': 0.981028410841341, 'generation': 165}","{'id': 10481, 'rank': 22, 'fitness': 0.9808370809830776, 'generation': 165}","{'id': 10182, 'rank': 23, 'fitness': 0.9807931919008781, 'generation': 165}","{'id': 10405, 'rank': 24, 'fitness': 0.9807281062884186, 'generation': 165}","{'id': 10405, 'rank': 25, 'fitness': 0.9807281062884186, 'generation': 165}","{'id': 10203, 'rank': 26, 'fitness': 0.9806759755733123, 'generation': 165}","{'id': 10257, 'rank': 27, 'fitness': 0.9805904776924225, 'generation': 165}","{'id': 10600, 'rank': 28, 'fitness': 0.6092785455055075, 'generation': 165}","{'id': 10600, 'rank': 29, 'fitness': 0.6092785455055075, 'generation': 165}","{'id': 10576, 'rank': 30, 'fitness': 0.01798620996209155, 'generation': 165}"
"{'id': 10703, 'rank': 1, 'fitness': 0.9820137900379085, 'generation': 166}","{'id': 10703, 'rank': 2, 'fitness': 0.9820137900379085, 'generation': 166}","{'id': 10643, 'rank': 3, 'fitness': 0.8887080475386566, 'generation': 166}","{'id': 10643, 'rank': 4, 'fitness': 0.8887080475386566, 'generation': 166}","{'id': 10643, 'rank': 5, 'fitness': 0.8887080475386566, 'generation': 166}","{'id': 10643, 'rank': 6, 'fitness': 0.8887080475386566, 'generation': 166}","{'id': 10638, 'rank': 7, 'fitness': 0.8424764154767684, 'generation': 166}","{'id': 10638, 'rank': 8, 'fitness': 0.8424764154767684, 'generation': 166}","{'id': 10609, 'rank': 9, 'fitness': 0.7194623927329541, 'generation': 166}","{'id': 10609, 'rank': 10, 'fitness': 0.7194623927329541, 'generation': 166}","{'id': 10609, 'rank': 11, 'fitness': 0.7194623927329541, 'generation': 166}","{'id': 10648, 'rank': 12, 'fitness': 0.6495153912461259, 'generation': 166}","{'id': 10648, 'rank': 13, 'fitness': 0.6495153912461259, 'generation': 166}","{'id': 10653, 'rank': 14, 'fitness': 0.2797353713718268, 'generation': 166}","{'id': 10681, 'rank': 15, 'fitness': 0.19038643252187404, 'generation': 166}","{'id': 10476, 'rank': 16, 'fitness': 0.1880923903954349, 'generation': 166}","{'id': 10476, 'rank': 17, 'fitness': 0.1880923903954349, 'generation': 166}","{'id': 10476, 'rank': 18, 'fitness': 0.1880923903954349, 'generation': 166}","{'id': 10476, 'rank': 19, 'fitness': 0.1880923903954349, 'generation': 166}","{'id': 10476, 'rank': 20, 'fitness': 0.1880923903954349, 'generation': 166}","{'id': 10476, 'rank': 21, 'fitness': 0.1880923903954349, 'generation': 166}","{'id': 10626, 'rank': 22, 'fitness': 0.06576372849381662, 'generation': 166}","{'id': 10626, 'rank': 23, 'fitness': 0.06576372849381662, 'generation': 166}","{'id': 10326, 'rank': 24, 'fitness': 0.05143315297923601, 'generation': 166}","{'id': 10326, 'rank': 25, 'fitness': 0.05143315297923601, 'generation': 166}","{'id': 10326, 'rank': 26, 'fitness': 0.05143315297923601, 'generation': 166}","{'id': 10326, 'rank': 27, 'fitness': 0.05143315297923601, 'generation': 166}","{'id': 10326, 'rank': 28, 'fitness': 0.05143315297923601, 'generation': 166}","{'id': 10404, 'rank': 29, 'fitness': 0.035468699803238135, 'generation': 166}","{'id': 10641, 'rank': 30, 'fitness': 0.01798620996209155, 'generation': 166}"
"{'id': 10703, 'rank': 1, 'fitness': 0.9820137900379085, 'generation': 167}","{'id': 10703, 'rank': 2, 'fitness': 0.9820137900379085, 'generation': 167}","{'id': 10703, 'rank': 3, 'fitness': 0.9820137900379085, 'generation': 167}","{'id': 10703, 'rank': 4, 'fitness': 0.9820137900379085, 'generation': 167}","{'id': 10703, 'rank': 5, 'fitness': 0.9820137900379085, 'generation': 167}","{'id': 10703, 'rank': 6, 'fitness': 0.9820137900379085, 'generation': 167}","{'id': 10703, 'rank': 7, 'fitness': 0.9820137900379085, 'generation': 167}","{'id': 10751, 'rank': 8, 'fitness': 0.9781563903097609, 'generation': 167}","{'id': 10643, 'rank': 9, 'fitness': 0.8551864679973185, 'generation': 167}","{'id': 10643, 'rank': 10, 'fitness': 0.8551864679973185, 'generation': 167}","{'id': 10643, 'rank': 11, 'fitness': 0.8551864679973185, 'generation': 167}","{'id': 10643, 'rank': 12, 'fitness': 0.8551864679973185, 'generation': 167}","{'id': 10643, 'rank': 13, 'fitness': 0.8551864679973185, 'generation': 167}","{'id': 10643, 'rank': 14, 'fitness': 0.8551864679973185, 'generation': 167}","{'id': 10643, 'rank': 15, 'fitness': 0.8551864679973185, 'generation': 167}","{'id': 10643, 'rank': 16, 'fitness': 0.8551864679973185, 'generation': 167}","{'id': 10643, 'rank': 17, 'fitness': 0.8551864679973185, 'generation': 167}","{'id': 10643, 'rank': 18, 'fitness': 0.8551864679973185, 'generation': 167}","{'id': 10643, 'rank': 19, 'fitness': 0.8551864679973185, 'generation': 167}","{'id': 10643, 'rank': 20, 'fitness': 0.8551864679973185, 'generation': 167}","{'id': 10643, 'rank': 21, 'fitness': 0.8551864679973185, 'generation': 167}","{'id': 10638, 'rank': 22, 'fitness': 0.7878668498261449, 'generation': 167}","{'id': 10638, 'rank': 23, 'fitness': 0.7878668498261449, 'generation': 167}","{'id': 10609, 'rank': 24, 'fitness': 0.6134361149131176, 'generation': 167}","{'id': 10648, 'rank': 25, 'fitness': 0.5214612641957163, 'generation': 167}","{'id': 10653, 'rank': 26, 'fitness': 0.1516051864290669, 'generation': 167}","{'id': 10653, 'rank': 27, 'fitness': 0.1516051864290669, 'generation': 167}","{'id': 10476, 'rank': 28, 'fitness': 0.08949283017757215, 'generation': 167}","{'id': 10476, 'rank': 29, 'fitness': 0.08949283017757215, 'generation': 167}","{'id': 10326, 'rank': 30, 'fitness': 0.01798620996209155, 'generation': 167}"
"{'id': 10816, 'rank': 1, 'fitness': 0.9820137900379085, 'generation': 168}","{'id': 10816, 'rank': 2, 'fitness': 0.9820137900379085, 'generation': 168}","{'id': 10816, 'rank': 3, 'fitness': 0.9820137900379085, 'generation': 168}","{'id': 10816, 'rank': 4, 'fitness': 0.9820137900379085, 'generation': 168}","{'id': 10775, 'rank': 5, 'fitness': 0.953500536801656, 'generation': 168}","{'id': 10703, 'rank': 6, 'fitness': 0.9171900701730836, 'generation': 168}","{'id': 10703, 'rank': 7, 'fitness': 0.9171900701730836, 'generation': 168}","{'id': 10703, 'rank': 8, 'fitness': 0.9171900701730836, 'generation': 168}","{'id': 10703, 'rank': 9, 'fitness': 0.9171900701730836, 'generation': 168}","{'id': 10703, 'rank': 10, 'fitness': 0.9171900701730836, 'generation': 168}","{'id': 10703, 'rank': 11, 'fitness': 0.9171900701730836, 'generation': 168}","{'id': 10703, 'rank': 12, 'fitness': 0.9171900701730836, 'generation': 168}","{'id': 10773, 'rank': 13, 'fitness': 0.8503480768990475, 'generation': 168}","{'id': 10643, 'rank': 14, 'fitness': 0.7909447400552865, 'generation': 168}","{'id': 10643, 'rank': 15, 'fitness': 0.7909447400552865, 'generation': 168}","{'id': 10643, 'rank': 16, 'fitness': 0.7909447400552865, 'generation': 168}","{'id': 10643, 'rank': 17, 'fitness': 0.7909447400552865, 'generation': 168}","{'id': 10643, 'rank': 18, 'fitness': 0.7909447400552865, 'generation': 168}","{'id': 10643, 'rank': 19, 'fitness': 0.7909447400552865, 'generation': 168}","{'id': 10643, 'rank': 20, 'fitness': 0.7909447400552865, 'generation': 168}","{'id': 10643, 'rank': 21, 'fitness': 0.7909447400552865, 'generation': 168}","{'id': 10643, 'rank': 22, 'fitness': 0.7909447400552865, 'generation': 168}","{'id': 10643, 'rank': 23, 'fitness': 0.7909447400552865, 'generation': 168}","{'id': 10643, 'rank': 24, 'fitness': 0.7909447400552865, 'generation': 168}","{'id': 10643, 'rank': 25, 'fitness': 0.7909447400552865, 'generation': 168}","{'id': 10638, 'rank': 26, 'fitness': 0.7515056811431666, 'generation': 168}","{'id': 10638, 'rank': 27, 'fitness': 0.7515056811431666, 'generation': 168}","{'id': 10653, 'rank': 28, 'fitness': 0.41127618311901415, 'generation': 168}","{'id': 10476, 'rank': 29, 'fitness': 0.3435785747360942, 'generation': 168}","{'id': 10834, 'rank': 30, 'fitness': 0.01798620996209155, 'generation': 168}"
"{'id': 10874, 'rank': 1, 'fitness': 0.9820137900379085, 'generation': 169}","{'id': 10816, 'rank': 2, 'fitness': 0.9809829022747973, 'generation': 169}","{'id': 10816, 'rank': 3, 'fitness': 0.9809829022747973, 'generation': 169}","{'id': 10816, 'rank': 4, 'fitness': 0.9809829022747973, 'generation': 169}","{'id': 10816, 'rank': 5, 'fitness': 0.9809829022747973, 'generation': 169}","{'id': 10816, 'rank': 6, 'fitness': 0.9809829022747973, 'generation': 169}","{'id': 10816, 'rank': 7, 'fitness': 0.9809829022747973, 'generation': 169}","{'id': 10816, 'rank': 8, 'fitness': 0.9809829022747973, 'generation': 169}","{'id': 10816, 'rank': 9, 'fitness': 0.9809829022747973, 'generation': 169}","{'id': 10876, 'rank': 10, 'fitness': 0.9797465618411876, 'generation': 169}","{'id': 10703, 'rank': 11, 'fitness': 0.9782070682679282, 'generation': 169}","{'id': 10703, 'rank': 12, 'fitness': 0.9782070682679282, 'generation': 169}","{'id': 10703, 'rank': 13, 'fitness': 0.9782070682679282, 'generation': 169}","{'id': 10703, 'rank': 14, 'fitness': 0.9782070682679282, 'generation': 169}","{'id': 10703, 'rank': 15, 'fitness': 0.9782070682679282, 'generation': 169}","{'id': 10703, 'rank': 16, 'fitness': 0.9782070682679282, 'generation': 169}","{'id': 10773, 'rank': 17, 'fitness': 0.9769314290627578, 'generation': 169}","{'id': 10773, 'rank': 18, 'fitness': 0.9769314290627578, 'generation': 169}","{'id': 10643, 'rank': 19, 'fitness': 0.9761186589767001, 'generation': 169}","{'id': 10643, 'rank': 20, 'fitness': 0.9761186589767001, 'generation': 169}","{'id': 10643, 'rank': 21, 'fitness': 0.9761186589767001, 'generation': 169}","{'id': 10643, 'rank': 22, 'fitness': 0.9761186589767001, 'generation': 169}","{'id': 10643, 'rank': 23, 'fitness': 0.9761186589767001, 'generation': 169}","{'id': 10643, 'rank': 24, 'fitness': 0.9761186589767001, 'generation': 169}","{'id': 10643, 'rank': 25, 'fitness': 0.9761186589767001, 'generation': 169}","{'id': 10638, 'rank': 26, 'fitness': 0.9756592087753109, 'generation': 169}","{'id': 10638, 'rank': 27, 'fitness': 0.9756592087753109, 'generation': 169}","{'id': 10893, 'rank': 28, 'fitness': 0.9743787921802121, 'generation': 169}","{'id': 10476, 'rank': 29, 'fitness': 0.9717507584554443, 'generation': 169}","{'id': 10881, 'rank': 30, 'fitness': 0.01798620996209155, 'generation': 169}"
"{'id': 10947, 'rank': 1, 'fitness': 0.9820137900379085, 'generation': 170}","{'id': 10947, 'rank': 2, 'fitness': 0.9820137900379085, 'generation': 170}","{'id': 10907, 'rank': 3, 'fitness': 0.9564701376113169, 'generation': 170}","{'id': 10932, 'rank': 4, 'fitness': 0.8390797346748462, 'generation': 170}","{'id': 10932, 'rank': 5, 'fitness': 0.8390797346748462, 'generation': 170}","{'id': 10936, 'rank': 6, 'fitness': 0.4393372829861436, 'generation': 170}","{'id': 10816, 'rank': 7, 'fitness': 0.37721041796938204, 'generation': 170}","{'id': 10816, 'rank': 8, 'fitness': 0.37721041796938204, 'generation': 170}","{'id': 10816, 'rank': 9, 'fitness': 0.37721041796938204, 'generation': 170}","{'id': 10816, 'rank': 10, 'fitness': 0.37721041796938204, 'generation': 170}","{'id': 10816, 'rank': 11, 'fitness': 0.37721041796938204, 'generation': 170}","{'id': 10816, 'rank': 12, 'fitness': 0.37721041796938204, 'generation': 170}","{'id': 10816, 'rank': 13, 'fitness': 0.37721041796938204, 'generation': 170}","{'id': 10816, 'rank': 14, 'fitness': 0.37721041796938204, 'generation': 170}","{'id': 10816, 'rank': 15, 'fitness': 0.37721041796938204, 'generation': 170}","{'id': 10816, 'rank': 16, 'fitness': 0.37721041796938204, 'generation': 170}","{'id': 10989, 'rank': 17, 'fitness': 0.34971604670734696, 'generation': 170}","{'id': 10983, 'rank': 18, 'fitness': 0.34754845679962615, 'generation': 170}","{'id': 10876, 'rank': 19, 'fitness': 0.25666769423455965, 'generation': 170}","{'id': 10703, 'rank': 20, 'fitness': 0.15214008763537024, 'generation': 170}","{'id': 10703, 'rank': 21, 'fitness': 0.15214008763537024, 'generation': 170}","{'id': 10703, 'rank': 22, 'fitness': 0.15214008763537024, 'generation': 170}","{'id': 10703, 'rank': 23, 'fitness': 0.15214008763537024, 'generation': 170}","{'id': 10933, 'rank': 24, 'fitness': 0.12483015982302703, 'generation': 170}","{'id': 10926, 'rank': 25, 'fitness': 0.11237240144475685, 'generation': 170}","{'id': 10773, 'rank': 26, 'fitness': 0.09736151150706862, 'generation': 170}","{'id': 10773, 'rank': 27, 'fitness': 0.09736151150706862, 'generation': 170}","{'id': 10643, 'rank': 28, 'fitness': 0.07330202207038294, 'generation': 170}","{'id': 10985, 'rank': 29, 'fitness': 0.028653516940792156, 'generation': 170}","{'id': 10969, 'rank': 30, 'fitness': 0.01798620996209155, 'generation': 170}"
"{'id': 10947, 'rank': 1, 'fitness': 0.9820137900379085, 'generation': 171}","{'id': 10947, 'rank': 2, 'fitness': 0.9820137900379085, 'generation': 171}","{'id': 10947, 'rank': 3, 'fitness': 0.9820137900379085, 'generation': 171}","{'id': 10947, 'rank': 4, 'fitness': 0.9820137900379085, 'generation': 171}","{'id': 10947, 'rank': 5, 'fitness': 0.9820137900379085, 'generation': 171}","{'id': 10947, 'rank': 6, 'fitness': 0.9820137900379085, 'generation': 171}","{'id': 10947, 'rank': 7, 'fitness': 0.9820137900379085, 'generation': 171}","{'id': 10907, 'rank': 8, 'fitness': 0.9385741926038353, 'generation': 171}","{'id': 10907, 'rank': 9, 'fitness': 0.9385741926038353, 'generation': 171}","{'id': 10907, 'rank': 10, 'fitness': 0.9385741926038353, 'generation': 171}","{'id': 10907, 'rank': 11, 'fitness': 0.9385741926038353, 'generation': 171}","{'id': 10907, 'rank': 12, 'fitness': 0.9385741926038353, 'generation': 171}","{'id': 10932, 'rank': 13, 'fitness': 0.6712936083963991, 'generation': 171}","{'id': 10932, 'rank': 14, 'fitness': 0.6712936083963991, 'generation': 171}","{'id': 10932, 'rank': 15, 'fitness': 0.6712936083963991, 'generation': 171}","{'id': 11023, 'rank': 16, 'fitness': 0.48492263077095166, 'generation': 171}","{'id': 11023, 'rank': 17, 'fitness': 0.48492263077095166, 'generation': 171}","{'id': 11023, 'rank': 18, 'fitness': 0.48492263077095166, 'generation': 171}","{'id': 10816, 'rank': 19, 'fitness': 0.09129129104015749, 'generation': 171}","{'id': 10816, 'rank': 20, 'fitness': 0.09129129104015749, 'generation': 171}","{'id': 10816, 'rank': 21, 'fitness': 0.09129129104015749, 'generation': 171}","{'id': 10816, 'rank': 22, 'fitness': 0.09129129104015749, 'generation': 171}","{'id': 10816, 'rank': 23, 'fitness': 0.09129129104015749, 'generation': 171}","{'id': 10816, 'rank': 24, 'fitness': 0.09129129104015749, 'generation': 171}","{'id': 10816, 'rank': 25, 'fitness': 0.09129129104015749, 'generation': 171}","{'id': 10816, 'rank': 26, 'fitness': 0.09129129104015749, 'generation': 171}","{'id': 10816, 'rank': 27, 'fitness': 0.09129129104015749, 'generation': 171}","{'id': 10998, 'rank': 28, 'fitness': 0.06717038026298111, 'generation': 171}","{'id': 10876, 'rank': 29, 'fitness': 0.04376339646125543, 'generation': 171}","{'id': 10703, 'rank': 30, 'fitness': 0.01798620996209155, 'generation': 171}"
"{'id': 11063, 'rank': 1, 'fitness': 0.9820137900379085, 'generation': 172}","{'id': 11063, 'rank': 2, 'fitness': 0.9820137900379085, 'generation': 172}","{'id': 11063, 'rank': 3, 'fitness': 0.9820137900379085, 'generation': 172}","{'id': 10947, 'rank': 4, 'fitness': 0.9662054427528465, 'generation': 172}","{'id': 10947, 'rank': 5, 'fitness': 0.9662054427528465, 'generation': 172}","{'id': 10947, 'rank': 6, 'fitness': 0.9662054427528465, 'generation': 172}","{'id': 10947, 'rank': 7, 'fitness': 0.9662054427528465, 'generation': 172}","{'id': 10947, 'rank': 8, 'fitness': 0.9662054427528465, 'generation': 172}","{'id': 10947, 'rank': 9, 'fitness': 0.9662054427528465, 'generation': 172}","{'id': 10947, 'rank': 10, 'fitness': 0.9662054427528465, 'generation': 172}","{'id': 10947, 'rank': 11, 'fitness': 0.9662054427528465, 'generation': 172}","{'id': 10947, 'rank': 12, 'fitness': 0.9662054427528465, 'generation': 172}","{'id': 10947, 'rank': 13, 'fitness': 0.9662054427528465, 'generation': 172}","{'id': 10947, 'rank': 14, 'fitness': 0.9662054427528465, 'generation': 172}","{'id': 10947, 'rank': 15, 'fitness': 0.9662054427528465, 'generation': 172}","{'id': 10947, 'rank': 16, 'fitness': 0.9662054427528465, 'generation': 172}","{'id': 11085, 'rank': 17, 'fitness': 0.927119417052063, 'generation': 172}","{'id': 10907, 'rank': 18, 'fitness': 0.884041971513265, 'generation': 172}","{'id': 10907, 'rank': 19, 'fitness': 0.884041971513265, 'generation': 172}","{'id': 10907, 'rank': 20, 'fitness': 0.884041971513265, 'generation': 172}","{'id': 10907, 'rank': 21, 'fitness': 0.884041971513265, 'generation': 172}","{'id': 10907, 'rank': 22, 'fitness': 0.884041971513265, 'generation': 172}","{'id': 10907, 'rank': 23, 'fitness': 0.884041971513265, 'generation': 172}","{'id': 10907, 'rank': 24, 'fitness': 0.884041971513265, 'generation': 172}","{'id': 11088, 'rank': 25, 'fitness': 0.7681656570210772, 'generation': 172}","{'id': 10932, 'rank': 26, 'fitness': 0.4856053331841927, 'generation': 172}","{'id': 11023, 'rank': 27, 'fitness': 0.2970565513115417, 'generation': 172}","{'id': 11083, 'rank': 28, 'fitness': 0.0705500158771788, 'generation': 172}","{'id': 10816, 'rank': 29, 'fitness': 0.0397752985119198, 'generation': 172}","{'id': 10876, 'rank': 30, 'fitness': 0.01798620996209155, 'generation': 172}"
"{'id': 11063, 'rank': 1, 'fitness': 0.9820137900379085, 'generation': 173}","{'id': 11063, 'rank': 2, 'fitness': 0.9820137900379085, 'generation': 173}","{'id': 11063, 'rank': 3, 'fitness': 0.9820137900379085, 'generation': 173}","{'id': 11063, 'rank': 4, 'fitness': 0.9820137900379085, 'generation': 173}","{'id': 11063, 'rank': 5, 'fitness': 0.9820137900379085, 'generation': 173}","{'id': 10947, 'rank': 6, 'fitness': 0.974865481287959, 'generation': 173}","{'id': 10947, 'rank': 7, 'fitness': 0.974865481287959, 'generation': 173}","{'id': 10947, 'rank': 8, 'fitness': 0.974865481287959, 'generation': 173}","{'id': 10947, 'rank': 9, 'fitness': 0.974865481287959, 'generation': 173}","{'id': 10947, 'rank': 10, 'fitness': 0.974865481287959, 'generation': 173}","{'id': 10947, 'rank': 11, 'fitness': 0.974865481287959, 'generation': 173}","{'id': 10947, 'rank': 12, 'fitness': 0.974865481287959, 'generation': 173}","{'id': 10947, 'rank': 13, 'fitness': 0.974865481287959, 'generation': 173}","{'id': 10947, 'rank': 14, 'fitness': 0.974865481287959, 'generation': 173}","{'id': 10947, 'rank': 15, 'fitness': 0.974865481287959, 'generation': 173}","{'id': 10947, 'rank': 16, 'fitness': 0.974865481287959, 'generation': 173}","{'id': 10947, 'rank': 17, 'fitness': 0.974865481287959, 'generation': 173}","{'id': 10947, 'rank': 18, 'fitness': 0.974865481287959, 'generation': 173}","{'id': 10947, 'rank': 19, 'fitness': 0.974865481287959, 'generation': 173}","{'id': 10947, 'rank': 20, 'fitness': 0.974865481287959, 'generation': 173}","{'id': 10947, 'rank': 21, 'fitness': 0.974865481287959, 'generation': 173}","{'id': 10947, 'rank': 22, 'fitness': 0.974865481287959, 'generation': 173}","{'id': 11085, 'rank': 23, 'fitness': 0.9619482860545384, 'generation': 173}","{'id': 11100, 'rank': 24, 'fitness': 0.9571765034911079, 'generation': 173}","{'id': 10907, 'rank': 25, 'fitness': 0.9507057185897382, 'generation': 173}","{'id': 10907, 'rank': 26, 'fitness': 0.9507057185897382, 'generation': 173}","{'id': 10907, 'rank': 27, 'fitness': 0.9507057185897382, 'generation': 173}","{'id': 10907, 'rank': 28, 'fitness': 0.9507057185897382, 'generation': 173}","{'id': 11141, 'rank': 29, 'fitness': 0.8291985612625989, 'generation': 173}","{'id': 11104, 'rank': 30, 'fitness': 0.01798620996209155, 'generation': 173}"
"{'id': 11205, 'rank': 1, 'fitness': 0.9820137900379085, 'generation': 174}","{'id': 11205, 'rank': 2, 'fitness': 0.9820137900379085, 'generation': 174}","{'id': 11178, 'rank': 3, 'fitness': 0.9791256847008832, 'generation': 174}","{'id': 11063, 'rank': 4, 'fitness': 0.6961773997815086, 'generation': 174}","{'id': 11063, 'rank': 5, 'fitness': 0.6961773997815086, 'generation': 174}","{'id': 11063, 'rank': 6, 'fitness': 0.6961773997815086, 'generation': 174}","{'id': 10947, 'rank': 7, 'fitness': 0.6082400773308508, 'generation': 174}","{'id': 10947, 'rank': 8, 'fitness': 0.6082400773308508, 'generation': 174}","{'id': 10947, 'rank': 9, 'fitness': 0.6082400773308508, 'generation': 174}","{'id': 10947, 'rank': 10, 'fitness': 0.6082400773308508, 'generation': 174}","{'id': 10947, 'rank': 11, 'fitness': 0.6082400773308508, 'generation': 174}","{'id': 10947, 'rank': 12, 'fitness': 0.6082400773308508, 'generation': 174}","{'id': 10947, 'rank': 13, 'fitness': 0.6082400773308508, 'generation': 174}","{'id': 10947, 'rank': 14, 'fitness': 0.6082400773308508, 'generation': 174}","{'id': 10947, 'rank': 15, 'fitness': 0.6082400773308508, 'generation': 174}","{'id': 10947, 'rank': 16, 'fitness': 0.6082400773308508, 'generation': 174}","{'id': 10947, 'rank': 17, 'fitness': 0.6082400773308508, 'generation': 174}","{'id': 10947, 'rank': 18, 'fitness': 0.6082400773308508, 'generation': 174}","{'id': 10947, 'rank': 19, 'fitness': 0.6082400773308508, 'generation': 174}","{'id': 10947, 'rank': 20, 'fitness': 0.6082400773308508, 'generation': 174}","{'id': 10947, 'rank': 21, 'fitness': 0.6082400773308508, 'generation': 174}","{'id': 11176, 'rank': 22, 'fitness': 0.5230107611340669, 'generation': 174}","{'id': 11209, 'rank': 23, 'fitness': 0.5069765602236658, 'generation': 174}","{'id': 11220, 'rank': 24, 'fitness': 0.47487261313307916, 'generation': 174}","{'id': 11240, 'rank': 25, 'fitness': 0.329102101423299, 'generation': 174}","{'id': 11239, 'rank': 26, 'fitness': 0.23570216299898472, 'generation': 174}","{'id': 11185, 'rank': 27, 'fitness': 0.1545886140983983, 'generation': 174}","{'id': 11187, 'rank': 28, 'fitness': 0.14057111367549335, 'generation': 174}","{'id': 11203, 'rank': 29, 'fitness': 0.031206921712280566, 'generation': 174}","{'id': 11201, 'rank': 30, 'fitness': 0.01798620996209155, 'generation': 174}"
"{'id': 11205, 'rank': 1, 'fitness': 0.9820137900379085, 'generation': 175}","{'id': 11205, 'rank': 2, 'fitness': 0.9820137900379085, 'generation': 175}","{'id': 11205, 'rank': 3, 'fitness': 0.9820137900379085, 'generation': 175}","{'id': 11205, 'rank': 4, 'fitness': 0.9820137900379085, 'generation': 175}","{'id': 11178, 'rank': 5, 'fitness': 0.9820097292256038, 'generation': 175}","{'id': 11178, 'rank': 6, 'fitness': 0.9820097292256038, 'generation': 175}","{'id': 11178, 'rank': 7, 'fitness': 0.9820097292256038, 'generation': 175}","{'id': 11178, 'rank': 8, 'fitness': 0.9820097292256038, 'generation': 175}","{'id': 11178, 'rank': 9, 'fitness': 0.9820097292256038, 'generation': 175}","{'id': 11178, 'rank': 10, 'fitness': 0.9820097292256038, 'generation': 175}","{'id': 11290, 'rank': 11, 'fitness': 0.9819942257127514, 'generation': 175}","{'id': 11253, 'rank': 12, 'fitness': 0.9819892719530812, 'generation': 175}","{'id': 11263, 'rank': 13, 'fitness': 0.9819535570996993, 'generation': 175}","{'id': 11263, 'rank': 14, 'fitness': 0.9819535570996993, 'generation': 175}","{'id': 11263, 'rank': 15, 'fitness': 0.9819535570996993, 'generation': 175}","{'id': 11263, 'rank': 16, 'fitness': 0.9819535570996993, 'generation': 175}","{'id': 11252, 'rank': 17, 'fitness': 0.9819199405177603, 'generation': 175}","{'id': 10947, 'rank': 18, 'fitness': 0.9819183542580308, 'generation': 175}","{'id': 10947, 'rank': 19, 'fitness': 0.9819183542580308, 'generation': 175}","{'id': 10947, 'rank': 20, 'fitness': 0.9819183542580308, 'generation': 175}","{'id': 10947, 'rank': 21, 'fitness': 0.9819183542580308, 'generation': 175}","{'id': 10947, 'rank': 22, 'fitness': 0.9819183542580308, 'generation': 175}","{'id': 10947, 'rank': 23, 'fitness': 0.9819183542580308, 'generation': 175}","{'id': 10947, 'rank': 24, 'fitness': 0.9819183542580308, 'generation': 175}","{'id': 10947, 'rank': 25, 'fitness': 0.9819183542580308, 'generation': 175}","{'id': 10947, 'rank': 26, 'fitness': 0.9819183542580308, 'generation': 175}","{'id': 11176, 'rank': 27, 'fitness': 0.9819090037707792, 'generation': 175}","{'id': 11201, 'rank': 28, 'fitness': 0.981798635675033, 'generation': 175}","{'id': 11280, 'rank': 29, 'fitness': 0.532746030966965, 'generation': 175}","{'id': 11301, 'rank': 30, 'fitness': 0.01798620996209155, 'generation': 175}"
"{'id': 11316, 'rank': 1, 'fitness': 0.9820137900379085, 'generation': 176}","{'id': 11316, 'rank': 2, 'fitness': 0.9820137900379085, 'generation': 176}","{'id': 11316, 'rank': 3, 'fitness': 0.9820137900379085, 'generation': 176}","{'id': 11313, 'rank': 4, 'fitness': 0.824116403015376, 'generation': 176}","{'id': 11205, 'rank': 5, 'fitness': 0.8085288573369034, 'generation': 176}","{'id': 11205, 'rank': 6, 'fitness': 0.8085288573369034, 'generation': 176}","{'id': 11205, 'rank': 7, 'fitness': 0.8085288573369034, 'generation': 176}","{'id': 11205, 'rank': 8, 'fitness': 0.8085288573369034, 'generation': 176}","{'id': 11205, 'rank': 9, 'fitness': 0.8085288573369034, 'generation': 176}","{'id': 11205, 'rank': 10, 'fitness': 0.8085288573369034, 'generation': 176}","{'id': 11205, 'rank': 11, 'fitness': 0.8085288573369034, 'generation': 176}","{'id': 11379, 'rank': 12, 'fitness': 0.7957497269354821, 'generation': 176}","{'id': 11178, 'rank': 13, 'fitness': 0.7756360006246681, 'generation': 176}","{'id': 11178, 'rank': 14, 'fitness': 0.7756360006246681, 'generation': 176}","{'id': 11178, 'rank': 15, 'fitness': 0.7756360006246681, 'generation': 176}","{'id': 11178, 'rank': 16, 'fitness': 0.7756360006246681, 'generation': 176}","{'id': 11178, 'rank': 17, 'fitness': 0.7756360006246681, 'generation': 176}","{'id': 11365, 'rank': 18, 'fitness': 0.7702499585436609, 'generation': 176}","{'id': 11290, 'rank': 19, 'fitness': 0.6170400144532028, 'generation': 176}","{'id': 11342, 'rank': 20, 'fitness': 0.5685349663788948, 'generation': 176}","{'id': 11320, 'rank': 21, 'fitness': 0.5302917625383813, 'generation': 176}","{'id': 11320, 'rank': 22, 'fitness': 0.5302917625383813, 'generation': 176}","{'id': 11309, 'rank': 23, 'fitness': 0.4767251005567779, 'generation': 176}","{'id': 11307, 'rank': 24, 'fitness': 0.41032461200585385, 'generation': 176}","{'id': 11361, 'rank': 25, 'fitness': 0.2899975352754943, 'generation': 176}","{'id': 11361, 'rank': 26, 'fitness': 0.2899975352754943, 'generation': 176}","{'id': 11350, 'rank': 27, 'fitness': 0.21610521441723557, 'generation': 176}","{'id': 11263, 'rank': 28, 'fitness': 0.17909335607833765, 'generation': 176}","{'id': 11176, 'rank': 29, 'fitness': 0.023940962593306858, 'generation': 176}","{'id': 11312, 'rank': 30, 'fitness': 0.01798620996209155, 'generation': 176}"
"{'id': 11429, 'rank': 1, 'fitness': 0.9820137900379085, 'generation': 177}","{'id': 11429, 'rank': 2, 'fitness': 0.9820137900379085, 'generation': 177}","{'id': 11316, 'rank': 3, 'fitness': 0.9679904699338622, 'generation': 177}","{'id': 11316, 'rank': 4, 'fitness': 0.9679904699338622, 'generation': 177}","{'id': 11432, 'rank': 5, 'fitness': 0.9636803225167492, 'generation': 177}","{'id': 11400, 'rank': 6, 'fitness': 0.9585556461241684, 'generation': 177}","{'id': 11400, 'rank': 7, 'fitness': 0.9585556461241684, 'generation': 177}","{'id': 11400, 'rank': 8, 'fitness': 0.9585556461241684, 'generation': 177}","{'id': 11400, 'rank': 9, 'fitness': 0.9585556461241684, 'generation': 177}","{'id': 11411, 'rank': 10, 'fitness': 0.7678354302853851, 'generation': 177}","{'id': 11411, 'rank': 11, 'fitness': 0.7678354302853851, 'generation': 177}","{'id': 11411, 'rank': 12, 'fitness': 0.7678354302853851, 'generation': 177}","{'id': 11205, 'rank': 13, 'fitness': 0.7385975665349089, 'generation': 177}","{'id': 11205, 'rank': 14, 'fitness': 0.7385975665349089, 'generation': 177}","{'id': 11205, 'rank': 15, 'fitness': 0.7385975665349089, 'generation': 177}","{'id': 11205, 'rank': 16, 'fitness': 0.7385975665349089, 'generation': 177}","{'id': 11205, 'rank': 17, 'fitness': 0.7385975665349089, 'generation': 177}","{'id': 11205, 'rank': 18, 'fitness': 0.7385975665349089, 'generation': 177}","{'id': 11205, 'rank': 19, 'fitness': 0.7385975665349089, 'generation': 177}","{'id': 11205, 'rank': 20, 'fitness': 0.7385975665349089, 'generation': 177}","{'id': 11205, 'rank': 21, 'fitness': 0.7385975665349089, 'generation': 177}","{'id': 11205, 'rank': 22, 'fitness': 0.7385975665349089, 'generation': 177}","{'id': 11379, 'rank': 23, 'fitness': 0.723941846943936, 'generation': 177}","{'id': 11379, 'rank': 24, 'fitness': 0.723941846943936, 'generation': 177}","{'id': 11379, 'rank': 25, 'fitness': 0.723941846943936, 'generation': 177}","{'id': 11178, 'rank': 26, 'fitness': 0.701280213441313, 'generation': 177}","{'id': 11365, 'rank': 27, 'fitness': 0.6952919329935303, 'generation': 177}","{'id': 11309, 'rank': 28, 'fitness': 0.40571883955294286, 'generation': 177}","{'id': 11398, 'rank': 29, 'fitness': 0.12132287494882532, 'generation': 177}","{'id': 11312, 'rank': 30, 'fitness': 0.01798620996209155, 'generation': 177}"
"{'id': 11429, 'rank': 1, 'fitness': 0.9820137900379085, 'generation': 178}","{'id': 11429, 'rank': 2, 'fitness': 0.9820137900379085, 'generation': 178}","{'id': 11429, 'rank': 3, 'fitness': 0.9820137900379085, 'generation': 178}","{'id': 11429, 'rank': 4, 'fitness': 0.9820137900379085, 'generation': 178}","{'id': 11316, 'rank': 5, 'fitness': 0.975418406849445, 'generation': 178}","{'id': 11432, 'rank': 6, 'fitness': 0.9736663757708037, 'generation': 178}","{'id': 11400, 'rank': 7, 'fitness': 0.9716961545324176, 'generation': 178}","{'id': 11400, 'rank': 8, 'fitness': 0.9716961545324176, 'generation': 178}","{'id': 11400, 'rank': 9, 'fitness': 0.9716961545324176, 'generation': 178}","{'id': 11400, 'rank': 10, 'fitness': 0.9716961545324176, 'generation': 178}","{'id': 11400, 'rank': 11, 'fitness': 0.9716961545324176, 'generation': 178}","{'id': 11400, 'rank': 12, 'fitness': 0.9716961545324176, 'generation': 178}","{'id': 11400, 'rank': 13, 'fitness': 0.9716961545324176, 'generation': 178}","{'id': 11400, 'rank': 14, 'fitness': 0.9716961545324176, 'generation': 178}","{'id': 11411, 'rank': 15, 'fitness': 0.923116714904984, 'generation': 178}","{'id': 11411, 'rank': 16, 'fitness': 0.923116714904984, 'generation': 178}","{'id': 11411, 'rank': 17, 'fitness': 0.923116714904984, 'generation': 178}","{'id': 11205, 'rank': 18, 'fitness': 0.916859815749067, 'generation': 178}","{'id': 11205, 'rank': 19, 'fitness': 0.916859815749067, 'generation': 178}","{'id': 11205, 'rank': 20, 'fitness': 0.916859815749067, 'generation': 178}","{'id': 11205, 'rank': 21, 'fitness': 0.916859815749067, 'generation': 178}","{'id': 11205, 'rank': 22, 'fitness': 0.916859815749067, 'generation': 178}","{'id': 11205, 'rank': 23, 'fitness': 0.916859815749067, 'generation': 178}","{'id': 11205, 'rank': 24, 'fitness': 0.916859815749067, 'generation': 178}","{'id': 11379, 'rank': 25, 'fitness': 0.9137364216927497, 'generation': 178}","{'id': 11379, 'rank': 26, 'fitness': 0.9137364216927497, 'generation': 178}","{'id': 11379, 'rank': 27, 'fitness': 0.9137364216927497, 'generation': 178}","{'id': 11365, 'rank': 28, 'fitness': 0.9076260053065588, 'generation': 178}","{'id': 11480, 'rank': 29, 'fitness': 0.31321123195710454, 'generation': 178}","{'id': 11508, 'rank': 30, 'fitness': 0.01798620996209155, 'generation': 178}"
"{'id': 11429, 'rank': 1, 'fitness': 0.9820137900379085, 'generation': 179}","{'id': 11429, 'rank': 2, 'fitness': 0.9820137900379085, 'generation': 179}","{'id': 11429, 'rank': 3, 'fitness': 0.9820137900379085, 'generation': 179}","{'id': 11429, 'rank': 4, 'fitness': 0.9820137900379085, 'generation': 179}","{'id': 11429, 'rank': 5, 'fitness': 0.9820137900379085, 'generation': 179}","{'id': 11429, 'rank': 6, 'fitness': 0.9820137900379085, 'generation': 179}","{'id': 11429, 'rank': 7, 'fitness': 0.9820137900379085, 'generation': 179}","{'id': 11429, 'rank': 8, 'fitness': 0.9820137900379085, 'generation': 179}","{'id': 11429, 'rank': 9, 'fitness': 0.9820137900379085, 'generation': 179}","{'id': 11429, 'rank': 10, 'fitness': 0.9820137900379085, 'generation': 179}","{'id': 11429, 'rank': 11, 'fitness': 0.9820137900379085, 'generation': 179}","{'id': 11316, 'rank': 12, 'fitness': 0.9808726336379525, 'generation': 179}","{'id': 11316, 'rank': 13, 'fitness': 0.9808726336379525, 'generation': 179}","{'id': 11432, 'rank': 14, 'fitness': 0.9806105736138407, 'generation': 179}","{'id': 11432, 'rank': 15, 'fitness': 0.9806105736138407, 'generation': 179}","{'id': 11400, 'rank': 16, 'fitness': 0.9803316313141205, 'generation': 179}","{'id': 11400, 'rank': 17, 'fitness': 0.9803316313141205, 'generation': 179}","{'id': 11400, 'rank': 18, 'fitness': 0.9803316313141205, 'generation': 179}","{'id': 11400, 'rank': 19, 'fitness': 0.9803316313141205, 'generation': 179}","{'id': 11400, 'rank': 20, 'fitness': 0.9803316313141205, 'generation': 179}","{'id': 11400, 'rank': 21, 'fitness': 0.9803316313141205, 'generation': 179}","{'id': 11400, 'rank': 22, 'fitness': 0.9803316313141205, 'generation': 179}","{'id': 11400, 'rank': 23, 'fitness': 0.9803316313141205, 'generation': 179}","{'id': 11572, 'rank': 24, 'fitness': 0.9770240386586584, 'generation': 179}","{'id': 11205, 'rank': 25, 'fitness': 0.9755374067682772, 'generation': 179}","{'id': 11205, 'rank': 26, 'fitness': 0.9755374067682772, 'generation': 179}","{'id': 11548, 'rank': 27, 'fitness': 0.9732766316532357, 'generation': 179}","{'id': 11570, 'rank': 28, 'fitness': 0.9672834360337601, 'generation': 179}","{'id': 11581, 'rank': 29, 'fitness': 0.9633714318819815, 'generation': 179}","{'id': 11598, 'rank': 30, 'fitness': 0.01798620996209155, 'generation': 179}"
"{'id': 11674, 'rank': 1, 'fitness': 0.9820137900379085, 'generation': 180}","{'id': 11689, 'rank': 2, 'fitness': 0.6986269075907141, 'generation': 180}","{'id': 11689, 'rank': 3, 'fitness': 0.6986269075907141, 'generation': 180}","{'id': 11689, 'rank': 4, 'fitness': 0.6986269075907141, 'generation': 180}","{'id': 11690, 'rank': 5, 'fitness': 0.6613218546375471, 'generation': 180}","{'id': 11690, 'rank': 6, 'fitness': 0.6613218546375471, 'generation': 180}","{'id': 11690, 'rank': 7, 'fitness': 0.6613218546375471, 'generation': 180}","{'id': 11690, 'rank': 8, 'fitness': 0.6613218546375471, 'generation': 180}","{'id': 11429, 'rank': 9, 'fitness': 0.5252926656563945, 'generation': 180}","{'id': 11429, 'rank': 10, 'fitness': 0.5252926656563945, 'generation': 180}","{'id': 11429, 'rank': 11, 'fitness': 0.5252926656563945, 'generation': 180}","{'id': 11429, 'rank': 12, 'fitness': 0.5252926656563945, 'generation': 180}","{'id': 11429, 'rank': 13, 'fitness': 0.5252926656563945, 'generation': 180}","{'id': 11429, 'rank': 14, 'fitness': 0.5252926656563945, 'generation': 180}","{'id': 11429, 'rank': 15, 'fitness': 0.5252926656563945, 'generation': 180}","{'id': 11429, 'rank': 16, 'fitness': 0.5252926656563945, 'generation': 180}","{'id': 11429, 'rank': 17, 'fitness': 0.5252926656563945, 'generation': 180}","{'id': 11678, 'rank': 18, 'fitness': 0.5168802838977197, 'generation': 180}","{'id': 11678, 'rank': 19, 'fitness': 0.5168802838977197, 'generation': 180}","{'id': 11678, 'rank': 20, 'fitness': 0.5168802838977197, 'generation': 180}","{'id': 11619, 'rank': 21, 'fitness': 0.5156577305605636, 'generation': 180}","{'id': 11316, 'rank': 22, 'fitness': 0.39687480515663887, 'generation': 180}","{'id': 11316, 'rank': 23, 'fitness': 0.39687480515663887, 'generation': 180}","{'id': 11432, 'rank': 24, 'fitness': 0.3696860213529233, 'generation': 180}","{'id': 11400, 'rank': 25, 'fitness': 0.34200464412930065, 'generation': 180}","{'id': 11400, 'rank': 26, 'fitness': 0.34200464412930065, 'generation': 180}","{'id': 11400, 'rank': 27, 'fitness': 0.34200464412930065, 'generation': 180}","{'id': 11687, 'rank': 28, 'fitness': 0.13527825792905662, 'generation': 180}","{'id': 11659, 'rank': 29, 'fitness': 0.10998102806888133, 'generation': 180}","{'id': 11626, 'rank': 30, 'fitness': 0.01798620996209155, 'generation': 180}"
"{'id': 11674, 'rank': 1, 'fitness': 0.9820137900379085, 'generation': 181}","{'id': 11674, 'rank': 2, 'fitness': 0.9820137900379085, 'generation': 181}","{'id': 11674, 'rank': 3, 'fitness': 0.9820137900379085, 'generation': 181}","{'id': 11689, 'rank': 4, 'fitness': 0.9818678419883085, 'generation': 181}","{'id': 11689, 'rank': 5, 'fitness': 0.9818678419883085, 'generation': 181}","{'id': 11689, 'rank': 6, 'fitness': 0.9818678419883085, 'generation': 181}","{'id': 11689, 'rank': 7, 'fitness': 0.9818678419883085, 'generation': 181}","{'id': 11689, 'rank': 8, 'fitness': 0.9818678419883085, 'generation': 181}","{'id': 11689, 'rank': 9, 'fitness': 0.9818678419883085, 'generation': 181}","{'id': 11689, 'rank': 10, 'fitness': 0.9818678419883085, 'generation': 181}","{'id': 11689, 'rank': 11, 'fitness': 0.9818678419883085, 'generation': 181}","{'id': 11690, 'rank': 12, 'fitness': 0.9818598823766524, 'generation': 181}","{'id': 11690, 'rank': 13, 'fitness': 0.9818598823766524, 'generation': 181}","{'id': 11690, 'rank': 14, 'fitness': 0.9818598823766524, 'generation': 181}","{'id': 11690, 'rank': 15, 'fitness': 0.9818598823766524, 'generation': 181}","{'id': 11690, 'rank': 16, 'fitness': 0.9818598823766524, 'generation': 181}","{'id': 11429, 'rank': 17, 'fitness': 0.9818335110328469, 'generation': 181}","{'id': 11429, 'rank': 18, 'fitness': 0.9818335110328469, 'generation': 181}","{'id': 11429, 'rank': 19, 'fitness': 0.9818335110328469, 'generation': 181}","{'id': 11429, 'rank': 20, 'fitness': 0.9818335110328469, 'generation': 181}","{'id': 11429, 'rank': 21, 'fitness': 0.9818335110328469, 'generation': 181}","{'id': 11429, 'rank': 22, 'fitness': 0.9818335110328469, 'generation': 181}","{'id': 11429, 'rank': 23, 'fitness': 0.9818335110328469, 'generation': 181}","{'id': 11429, 'rank': 24, 'fitness': 0.9818335110328469, 'generation': 181}","{'id': 11678, 'rank': 25, 'fitness': 0.9818319445513337, 'generation': 181}","{'id': 11678, 'rank': 26, 'fitness': 0.9818319445513337, 'generation': 181}","{'id': 11400, 'rank': 27, 'fitness': 0.9817983658309883, 'generation': 181}","{'id': 11687, 'rank': 28, 'fitness': 0.981742382642369, 'generation': 181}","{'id': 11659, 'rank': 29, 'fitness': 0.9817313656791443, 'generation': 181}","{'id': 11721, 'rank': 30, 'fitness': 0.01798620996209155, 'generation': 181}"
"{'id': 11768, 'rank': 1, 'fitness': 0.9820137900379085, 'generation': 182}","{'id': 11674, 'rank': 2, 'fitness': 0.9815190934907636, 'generation': 182}","{'id': 11674, 'rank': 3, 'fitness': 0.9815190934907636, 'generation': 182}","{'id': 11674, 'rank': 4, 'fitness': 0.9815190934907636, 'generation': 182}","{'id': 11674, 'rank': 5, 'fitness': 0.9815190934907636, 'generation': 182}","{'id': 11674, 'rank': 6, 'fitness': 0.9815190934907636, 'generation': 182}","{'id': 11821, 'rank': 7, 'fitness': 0.9750520238393723, 'generation': 182}","{'id': 11766, 'rank': 8, 'fitness': 0.8710533661924634, 'generation': 182}","{'id': 11766, 'rank': 9, 'fitness': 0.8710533661924634, 'generation': 182}","{'id': 11766, 'rank': 10, 'fitness': 0.8710533661924634, 'generation': 182}","{'id': 11769, 'rank': 11, 'fitness': 0.8708059358447351, 'generation': 182}","{'id': 11820, 'rank': 12, 'fitness': 0.7972536102673474, 'generation': 182}","{'id': 11820, 'rank': 13, 'fitness': 0.7972536102673474, 'generation': 182}","{'id': 11767, 'rank': 14, 'fitness': 0.5223534989507651, 'generation': 182}","{'id': 11794, 'rank': 15, 'fitness': 0.45106908363721054, 'generation': 182}","{'id': 11689, 'rank': 16, 'fitness': 0.35206653903561425, 'generation': 182}","{'id': 11689, 'rank': 17, 'fitness': 0.35206653903561425, 'generation': 182}","{'id': 11689, 'rank': 18, 'fitness': 0.35206653903561425, 'generation': 182}","{'id': 11689, 'rank': 19, 'fitness': 0.35206653903561425, 'generation': 182}","{'id': 11690, 'rank': 20, 'fitness': 0.2975831087262629, 'generation': 182}","{'id': 11690, 'rank': 21, 'fitness': 0.2975831087262629, 'generation': 182}","{'id': 11690, 'rank': 22, 'fitness': 0.2975831087262629, 'generation': 182}","{'id': 11429, 'rank': 23, 'fitness': 0.15675194971651418, 'generation': 182}","{'id': 11429, 'rank': 24, 'fitness': 0.15675194971651418, 'generation': 182}","{'id': 11678, 'rank': 25, 'fitness': 0.15039685280712928, 'generation': 182}","{'id': 11678, 'rank': 26, 'fitness': 0.15039685280712928, 'generation': 182}","{'id': 11815, 'rank': 27, 'fitness': 0.1261685015687179, 'generation': 182}","{'id': 11763, 'rank': 28, 'fitness': 0.0870493445099409, 'generation': 182}","{'id': 11764, 'rank': 29, 'fitness': 0.048132317089133236, 'generation': 182}","{'id': 11788, 'rank': 30, 'fitness': 0.01798620996209155, 'generation': 182}"
"{'id': 11869, 'rank': 1, 'fitness': 0.9820137900379085, 'generation': 183}","{'id': 11869, 'rank': 2, 'fitness': 0.9820137900379085, 'generation': 183}","{'id': 11869, 'rank': 3, 'fitness': 0.9820137900379085, 'generation': 183}","{'id': 11869, 'rank': 4, 'fitness': 0.9820137900379085, 'generation': 183}","{'id': 11869, 'rank': 5, 'fitness': 0.9820137900379085, 'generation': 183}","{'id': 11869, 'rank': 6, 'fitness': 0.9820137900379085, 'generation': 183}","{'id': 11768, 'rank': 7, 'fitness': 0.9094343971456189, 'generation': 183}","{'id': 11768, 'rank': 8, 'fitness': 0.9094343971456189, 'generation': 183}","{'id': 11674, 'rank': 9, 'fitness': 0.9072442599310279, 'generation': 183}","{'id': 11674, 'rank': 10, 'fitness': 0.9072442599310279, 'generation': 183}","{'id': 11674, 'rank': 11, 'fitness': 0.9072442599310279, 'generation': 183}","{'id': 11674, 'rank': 12, 'fitness': 0.9072442599310279, 'generation': 183}","{'id': 11674, 'rank': 13, 'fitness': 0.9072442599310279, 'generation': 183}","{'id': 11674, 'rank': 14, 'fitness': 0.9072442599310279, 'generation': 183}","{'id': 11674, 'rank': 15, 'fitness': 0.9072442599310279, 'generation': 183}","{'id': 11674, 'rank': 16, 'fitness': 0.9072442599310279, 'generation': 183}","{'id': 11674, 'rank': 17, 'fitness': 0.9072442599310279, 'generation': 183}","{'id': 11821, 'rank': 18, 'fitness': 0.8795885340545301, 'generation': 183}","{'id': 11821, 'rank': 19, 'fitness': 0.8795885340545301, 'generation': 183}","{'id': 11821, 'rank': 20, 'fitness': 0.8795885340545301, 'generation': 183}","{'id': 11766, 'rank': 21, 'fitness': 0.5787511474082861, 'generation': 183}","{'id': 11766, 'rank': 22, 'fitness': 0.5787511474082861, 'generation': 183}","{'id': 11766, 'rank': 23, 'fitness': 0.5787511474082861, 'generation': 183}","{'id': 11769, 'rank': 24, 'fitness': 0.5782402671066567, 'generation': 183}","{'id': 11769, 'rank': 25, 'fitness': 0.5782402671066567, 'generation': 183}","{'id': 11849, 'rank': 26, 'fitness': 0.3468001523263398, 'generation': 183}","{'id': 11875, 'rank': 27, 'fitness': 0.3088621902060681, 'generation': 183}","{'id': 11875, 'rank': 28, 'fitness': 0.3088621902060681, 'generation': 183}","{'id': 11878, 'rank': 29, 'fitness': 0.11584834507116376, 'generation': 183}","{'id': 11880, 'rank': 30, 'fitness': 0.01798620996209155, 'generation': 183}"
"{'id': 11907, 'rank': 1, 'fitness': 0.9820137900379085, 'generation': 184}","{'id': 11918, 'rank': 2, 'fitness': 0.9748789090162595, 'generation': 184}","{'id': 11918, 'rank': 3, 'fitness': 0.9748789090162595, 'generation': 184}","{'id': 11869, 'rank': 4, 'fitness': 0.9745550244749879, 'generation': 184}","{'id': 11869, 'rank': 5, 'fitness': 0.9745550244749879, 'generation': 184}","{'id': 11869, 'rank': 6, 'fitness': 0.9745550244749879, 'generation': 184}","{'id': 11869, 'rank': 7, 'fitness': 0.9745550244749879, 'generation': 184}","{'id': 11869, 'rank': 8, 'fitness': 0.9745550244749879, 'generation': 184}","{'id': 11869, 'rank': 9, 'fitness': 0.9745550244749879, 'generation': 184}","{'id': 11869, 'rank': 10, 'fitness': 0.9745550244749879, 'generation': 184}","{'id': 11927, 'rank': 11, 'fitness': 0.8850893906060783, 'generation': 184}","{'id': 11927, 'rank': 12, 'fitness': 0.8850893906060783, 'generation': 184}","{'id': 11919, 'rank': 13, 'fitness': 0.8556276453089868, 'generation': 184}","{'id': 11919, 'rank': 14, 'fitness': 0.8556276453089868, 'generation': 184}","{'id': 11768, 'rank': 15, 'fitness': 0.8174874931863365, 'generation': 184}","{'id': 11768, 'rank': 16, 'fitness': 0.8174874931863365, 'generation': 184}","{'id': 11768, 'rank': 17, 'fitness': 0.8174874931863365, 'generation': 184}","{'id': 11768, 'rank': 18, 'fitness': 0.8174874931863365, 'generation': 184}","{'id': 11674, 'rank': 19, 'fitness': 0.8124602351884145, 'generation': 184}","{'id': 11674, 'rank': 20, 'fitness': 0.8124602351884145, 'generation': 184}","{'id': 11674, 'rank': 21, 'fitness': 0.8124602351884145, 'generation': 184}","{'id': 11674, 'rank': 22, 'fitness': 0.8124602351884145, 'generation': 184}","{'id': 11674, 'rank': 23, 'fitness': 0.8124602351884145, 'generation': 184}","{'id': 11950, 'rank': 24, 'fitness': 0.795808678965664, 'generation': 184}","{'id': 11821, 'rank': 25, 'fitness': 0.7495315423400333, 'generation': 184}","{'id': 11821, 'rank': 26, 'fitness': 0.7495315423400333, 'generation': 184}","{'id': 11920, 'rank': 27, 'fitness': 0.4215705411899895, 'generation': 184}","{'id': 11766, 'rank': 28, 'fitness': 0.26471783922517517, 'generation': 184}","{'id': 11769, 'rank': 29, 'fitness': 0.2642013036081652, 'generation': 184}","{'id': 11878, 'rank': 30, 'fitness': 0.01798620996209155, 'generation': 184}"
"{'id': 11907, 'rank': 1, 'fitness': 0.9820137900379085, 'generation': 185}","{'id': 11907, 'rank': 2, 'fitness': 0.9820137900379085, 'generation': 185}","{'id': 11907, 'rank': 3, 'fitness': 0.9820137900379085, 'generation': 185}","{'id': 12009, 'rank': 4, 'fitness': 0.9790986346942001, 'generation': 185}","{'id': 12009, 'rank': 5, 'fitness': 0.9790986346942001, 'generation': 185}","{'id': 12009, 'rank': 6, 'fitness': 0.9790986346942001, 'generation': 185}","{'id': 11918, 'rank': 7, 'fitness': 0.9772760847142061, 'generation': 185}","{'id': 11918, 'rank': 8, 'fitness': 0.9772760847142061, 'generation': 185}","{'id': 11918, 'rank': 9, 'fitness': 0.9772760847142061, 'generation': 185}","{'id': 11918, 'rank': 10, 'fitness': 0.9772760847142061, 'generation': 185}","{'id': 11869, 'rank': 11, 'fitness': 0.9770711588536469, 'generation': 185}","{'id': 11869, 'rank': 12, 'fitness': 0.9770711588536469, 'generation': 185}","{'id': 11869, 'rank': 13, 'fitness': 0.9770711588536469, 'generation': 185}","{'id': 11869, 'rank': 14, 'fitness': 0.9770711588536469, 'generation': 185}","{'id': 11869, 'rank': 15, 'fitness': 0.9770711588536469, 'generation': 185}","{'id': 11869, 'rank': 16, 'fitness': 0.9770711588536469, 'generation': 185}","{'id': 11869, 'rank': 17, 'fitness': 0.9770711588536469, 'generation': 185}","{'id': 11869, 'rank': 18, 'fitness': 0.9770711588536469, 'generation': 185}","{'id': 11869, 'rank': 19, 'fitness': 0.9770711588536469, 'generation': 185}","{'id': 11927, 'rank': 20, 'fitness': 0.9328272468315859, 'generation': 185}","{'id': 11927, 'rank': 21, 'fitness': 0.9328272468315859, 'generation': 185}","{'id': 11927, 'rank': 22, 'fitness': 0.9328272468315859, 'generation': 185}","{'id': 11927, 'rank': 23, 'fitness': 0.9328272468315859, 'generation': 185}","{'id': 11919, 'rank': 24, 'fitness': 0.9203958396840336, 'generation': 185}","{'id': 11674, 'rank': 25, 'fitness': 0.9027959004269143, 'generation': 185}","{'id': 11674, 'rank': 26, 'fitness': 0.9027959004269143, 'generation': 185}","{'id': 11821, 'rank': 27, 'fitness': 0.8776182013314451, 'generation': 185}","{'id': 11997, 'rank': 28, 'fitness': 0.7520668432082366, 'generation': 185}","{'id': 12011, 'rank': 29, 'fitness': 0.03765221683424819, 'generation': 185}","{'id': 12003, 'rank': 30, 'fitness': 0.01798620996209155, 'generation': 185}"
"{'id': 11907, 'rank': 1, 'fitness': 0.9820137900379085, 'generation': 186}","{'id': 11907, 'rank': 2, 'fitness': 0.9820137900379085, 'generation': 186}","{'id': 11907, 'rank': 3, 'fitness': 0.9820137900379085, 'generation': 186}","{'id': 11907, 'rank': 4, 'fitness': 0.9820137900379085, 'generation': 186}","{'id': 11907, 'rank': 5, 'fitness': 0.9820137900379085, 'generation': 186}","{'id': 11907, 'rank': 6, 'fitness': 0.9820137900379085, 'generation': 186}","{'id': 12009, 'rank': 7, 'fitness': 0.9769169103331613, 'generation': 186}","{'id': 12009, 'rank': 8, 'fitness': 0.9769169103331613, 'generation': 186}","{'id': 12009, 'rank': 9, 'fitness': 0.9769169103331613, 'generation': 186}","{'id': 12009, 'rank': 10, 'fitness': 0.9769169103331613, 'generation': 186}","{'id': 11918, 'rank': 11, 'fitness': 0.973485582720458, 'generation': 186}","{'id': 11918, 'rank': 12, 'fitness': 0.973485582720458, 'generation': 186}","{'id': 11918, 'rank': 13, 'fitness': 0.973485582720458, 'generation': 186}","{'id': 11918, 'rank': 14, 'fitness': 0.973485582720458, 'generation': 186}","{'id': 11918, 'rank': 15, 'fitness': 0.973485582720458, 'generation': 186}","{'id': 11918, 'rank': 16, 'fitness': 0.973485582720458, 'generation': 186}","{'id': 11918, 'rank': 17, 'fitness': 0.973485582720458, 'generation': 186}","{'id': 11918, 'rank': 18, 'fitness': 0.973485582720458, 'generation': 186}","{'id': 11869, 'rank': 19, 'fitness': 0.97308842285874, 'generation': 186}","{'id': 11869, 'rank': 20, 'fitness': 0.97308842285874, 'generation': 186}","{'id': 11869, 'rank': 21, 'fitness': 0.97308842285874, 'generation': 186}","{'id': 11869, 'rank': 22, 'fitness': 0.97308842285874, 'generation': 186}","{'id': 11869, 'rank': 23, 'fitness': 0.97308842285874, 'generation': 186}","{'id': 11869, 'rank': 24, 'fitness': 0.97308842285874, 'generation': 186}","{'id': 11869, 'rank': 25, 'fitness': 0.97308842285874, 'generation': 186}","{'id': 11869, 'rank': 26, 'fitness': 0.97308842285874, 'generation': 186}","{'id': 11869, 'rank': 27, 'fitness': 0.97308842285874, 'generation': 186}","{'id': 12095, 'rank': 28, 'fitness': 0.43635651765504396, 'generation': 186}","{'id': 12074, 'rank': 29, 'fitness': 0.14719080406534735, 'generation': 186}","{'id': 12069, 'rank': 30, 'fitness': 0.01798620996209155, 'generation': 186}"
"{'id': 12180, 'rank': 1, 'fitness': 0.9820137900379085, 'generation': 187}","{'id': 11907, 'rank': 2, 'fitness': 0.8270109228100508, 'generation': 187}","{'id': 11907, 'rank': 3, 'fitness': 0.8270109228100508, 'generation': 187}","{'id': 11907, 'rank': 4, 'fitness': 0.8270109228100508, 'generation': 187}","{'id': 11907, 'rank': 5, 'fitness': 0.8270109228100508, 'generation': 187}","{'id': 11907, 'rank': 6, 'fitness': 0.8270109228100508, 'generation': 187}","{'id': 11907, 'rank': 7, 'fitness': 0.8270109228100508, 'generation': 187}","{'id': 11907, 'rank': 8, 'fitness': 0.8270109228100508, 'generation': 187}","{'id': 11907, 'rank': 9, 'fitness': 0.8270109228100508, 'generation': 187}","{'id': 11907, 'rank': 10, 'fitness': 0.8270109228100508, 'generation': 187}","{'id': 11907, 'rank': 11, 'fitness': 0.8270109228100508, 'generation': 187}","{'id': 12009, 'rank': 12, 'fitness': 0.7866007985301633, 'generation': 187}","{'id': 12009, 'rank': 13, 'fitness': 0.7866007985301633, 'generation': 187}","{'id': 12009, 'rank': 14, 'fitness': 0.7866007985301633, 'generation': 187}","{'id': 12009, 'rank': 15, 'fitness': 0.7866007985301633, 'generation': 187}","{'id': 12009, 'rank': 16, 'fitness': 0.7866007985301633, 'generation': 187}","{'id': 12009, 'rank': 17, 'fitness': 0.7866007985301633, 'generation': 187}","{'id': 12009, 'rank': 18, 'fitness': 0.7866007985301633, 'generation': 187}","{'id': 12009, 'rank': 19, 'fitness': 0.7866007985301633, 'generation': 187}","{'id': 11918, 'rank': 20, 'fitness': 0.7612369494462435, 'generation': 187}","{'id': 11918, 'rank': 21, 'fitness': 0.7612369494462435, 'generation': 187}","{'id': 11918, 'rank': 22, 'fitness': 0.7612369494462435, 'generation': 187}","{'id': 11918, 'rank': 23, 'fitness': 0.7612369494462435, 'generation': 187}","{'id': 11869, 'rank': 24, 'fitness': 0.7583907666237975, 'generation': 187}","{'id': 11869, 'rank': 25, 'fitness': 0.7583907666237975, 'generation': 187}","{'id': 12178, 'rank': 26, 'fitness': 0.11239945784791194, 'generation': 187}","{'id': 12195, 'rank': 27, 'fitness': 0.03415804490239355, 'generation': 187}","{'id': 12149, 'rank': 28, 'fitness': 0.029273215744377912, 'generation': 187}","{'id': 12189, 'rank': 29, 'fitness': 0.01890791319671331, 'generation': 187}","{'id': 12179, 'rank': 30, 'fitness': 0.01798620996209155, 'generation': 187}"
"{'id': 12236, 'rank': 1, 'fitness': 0.9820137900379085, 'generation': 188}","{'id': 12233, 'rank': 2, 'fitness': 0.9818381017296578, 'generation': 188}","{'id': 11907, 'rank': 3, 'fitness': 0.9817831262384638, 'generation': 188}","{'id': 11907, 'rank': 4, 'fitness': 0.9817831262384638, 'generation': 188}","{'id': 11907, 'rank': 5, 'fitness': 0.9817831262384638, 'generation': 188}","{'id': 11907, 'rank': 6, 'fitness': 0.9817831262384638, 'generation': 188}","{'id': 11907, 'rank': 7, 'fitness': 0.9817831262384638, 'generation': 188}","{'id': 11907, 'rank': 8, 'fitness': 0.9817831262384638, 'generation': 188}","{'id': 11907, 'rank': 9, 'fitness': 0.9817831262384638, 'generation': 188}","{'id': 11907, 'rank': 10, 'fitness': 0.9817831262384638, 'generation': 188}","{'id': 11907, 'rank': 11, 'fitness': 0.9817831262384638, 'generation': 188}","{'id': 11907, 'rank': 12, 'fitness': 0.9817831262384638, 'generation': 188}","{'id': 11907, 'rank': 13, 'fitness': 0.9817831262384638, 'generation': 188}","{'id': 11907, 'rank': 14, 'fitness': 0.9817831262384638, 'generation': 188}","{'id': 12009, 'rank': 15, 'fitness': 0.981759195860682, 'generation': 188}","{'id': 12009, 'rank': 16, 'fitness': 0.981759195860682, 'generation': 188}","{'id': 12009, 'rank': 17, 'fitness': 0.981759195860682, 'generation': 188}","{'id': 12009, 'rank': 18, 'fitness': 0.981759195860682, 'generation': 188}","{'id': 11918, 'rank': 19, 'fitness': 0.9817458307087389, 'generation': 188}","{'id': 11918, 'rank': 20, 'fitness': 0.9817458307087389, 'generation': 188}","{'id': 11918, 'rank': 21, 'fitness': 0.9817458307087389, 'generation': 188}","{'id': 11918, 'rank': 22, 'fitness': 0.9817458307087389, 'generation': 188}","{'id': 11869, 'rank': 23, 'fitness': 0.9817443934295869, 'generation': 188}","{'id': 11869, 'rank': 24, 'fitness': 0.9817443934295869, 'generation': 188}","{'id': 11869, 'rank': 25, 'fitness': 0.9817443934295869, 'generation': 188}","{'id': 11869, 'rank': 26, 'fitness': 0.9817443934295869, 'generation': 188}","{'id': 12179, 'rank': 27, 'fitness': 0.98126423911765, 'generation': 188}","{'id': 12247, 'rank': 28, 'fitness': 0.43770955689140983, 'generation': 188}","{'id': 12298, 'rank': 29, 'fitness': 0.39545914472459354, 'generation': 188}","{'id': 12270, 'rank': 30, 'fitness': 0.01798620996209155, 'generation': 188}"
"{'id': 12236, 'rank': 1, 'fitness': 0.9820137900379085, 'generation': 189}","{'id': 12236, 'rank': 2, 'fitness': 0.9820137900379085, 'generation': 189}","{'id': 12351, 'rank': 3, 'fitness': 0.9727243014951161, 'generation': 189}","{'id': 12351, 'rank': 4, 'fitness': 0.9727243014951161, 'generation': 189}","{'id': 12301, 'rank': 5, 'fitness': 0.8377596993007557, 'generation': 189}","{'id': 12233, 'rank': 6, 'fitness': 0.8203104499855424, 'generation': 189}","{'id': 12233, 'rank': 7, 'fitness': 0.8203104499855424, 'generation': 189}","{'id': 12233, 'rank': 8, 'fitness': 0.8203104499855424, 'generation': 189}","{'id': 12233, 'rank': 9, 'fitness': 0.8203104499855424, 'generation': 189}","{'id': 12233, 'rank': 10, 'fitness': 0.8203104499855424, 'generation': 189}","{'id': 12233, 'rank': 11, 'fitness': 0.8203104499855424, 'generation': 189}","{'id': 11907, 'rank': 12, 'fitness': 0.6784760734128853, 'generation': 189}","{'id': 11907, 'rank': 13, 'fitness': 0.6784760734128853, 'generation': 189}","{'id': 11907, 'rank': 14, 'fitness': 0.6784760734128853, 'generation': 189}","{'id': 11907, 'rank': 15, 'fitness': 0.6784760734128853, 'generation': 189}","{'id': 11907, 'rank': 16, 'fitness': 0.6784760734128853, 'generation': 189}","{'id': 11907, 'rank': 17, 'fitness': 0.6784760734128853, 'generation': 189}","{'id': 11907, 'rank': 18, 'fitness': 0.6784760734128853, 'generation': 189}","{'id': 11907, 'rank': 19, 'fitness': 0.6784760734128853, 'generation': 189}","{'id': 12009, 'rank': 20, 'fitness': 0.6014684074005691, 'generation': 189}","{'id': 12009, 'rank': 21, 'fitness': 0.6014684074005691, 'generation': 189}","{'id': 12009, 'rank': 22, 'fitness': 0.6014684074005691, 'generation': 189}","{'id': 11918, 'rank': 23, 'fitness': 0.5559079560741933, 'generation': 189}","{'id': 11918, 'rank': 24, 'fitness': 0.5559079560741933, 'generation': 189}","{'id': 11869, 'rank': 25, 'fitness': 0.5509394756497596, 'generation': 189}","{'id': 11869, 'rank': 26, 'fitness': 0.5509394756497596, 'generation': 189}","{'id': 11869, 'rank': 27, 'fitness': 0.5509394756497596, 'generation': 189}","{'id': 11869, 'rank': 28, 'fitness': 0.5509394756497596, 'generation': 189}","{'id': 12349, 'rank': 29, 'fitness': 0.06269323879802868, 'generation': 189}","{'id': 12306, 'rank': 30, 'fitness': 0.01798620996209155, 'generation': 189}"
"{'id': 12236, 'rank': 1, 'fitness': 0.9820137900379085, 'generation': 190}","{'id': 12236, 'rank': 2, 'fitness': 0.9820137900379085, 'generation': 190}","{'id': 12236, 'rank': 3, 'fitness': 0.9820137900379085, 'generation': 190}","{'id': 12236, 'rank': 4, 'fitness': 0.9820137900379085, 'generation': 190}","{'id': 12236, 'rank': 5, 'fitness': 0.9820137900379085, 'generation': 190}","{'id': 12351, 'rank': 6, 'fitness': 0.9763354992167592, 'generation': 190}","{'id': 12351, 'rank': 7, 'fitness': 0.9763354992167592, 'generation': 190}","{'id': 12301, 'rank': 8, 'fitness': 0.9204584156324815, 'generation': 190}","{'id': 12301, 'rank': 9, 'fitness': 0.9204584156324815, 'generation': 190}","{'id': 12233, 'rank': 10, 'fitness': 0.9143188107636409, 'generation': 190}","{'id': 12233, 'rank': 11, 'fitness': 0.9143188107636409, 'generation': 190}","{'id': 12233, 'rank': 12, 'fitness': 0.9143188107636409, 'generation': 190}","{'id': 12233, 'rank': 13, 'fitness': 0.9143188107636409, 'generation': 190}","{'id': 12233, 'rank': 14, 'fitness': 0.9143188107636409, 'generation': 190}","{'id': 12233, 'rank': 15, 'fitness': 0.9143188107636409, 'generation': 190}","{'id': 12233, 'rank': 16, 'fitness': 0.9143188107636409, 'generation': 190}","{'id': 12233, 'rank': 17, 'fitness': 0.9143188107636409, 'generation': 190}","{'id': 12233, 'rank': 18, 'fitness': 0.9143188107636409, 'generation': 190}","{'id': 12233, 'rank': 19, 'fitness': 0.9143188107636409, 'generation': 190}","{'id': 12382, 'rank': 20, 'fitness': 0.8917149394763787, 'generation': 190}","{'id': 11907, 'rank': 21, 'fitness': 0.8652864165513288, 'generation': 190}","{'id': 11907, 'rank': 22, 'fitness': 0.8652864165513288, 'generation': 190}","{'id': 11907, 'rank': 23, 'fitness': 0.8652864165513288, 'generation': 190}","{'id': 11907, 'rank': 24, 'fitness': 0.8652864165513288, 'generation': 190}","{'id': 11907, 'rank': 25, 'fitness': 0.8652864165513288, 'generation': 190}","{'id': 12009, 'rank': 26, 'fitness': 0.8374545378179596, 'generation': 190}","{'id': 12009, 'rank': 27, 'fitness': 0.8374545378179596, 'generation': 190}","{'id': 12009, 'rank': 28, 'fitness': 0.8374545378179596, 'generation': 190}","{'id': 11869, 'rank': 29, 'fitness': 0.818045019616564, 'generation': 190}","{'id': 12396, 'rank': 30, 'fitness': 0.01798620996209155, 'generation': 190}"
"{'id': 12236, 'rank': 1, 'fitness': 0.9820137900379085, 'generation': 191}","{'id': 12236, 'rank': 2, 'fitness': 0.9820137900379085, 'generation': 191}","{'id': 12236, 'rank': 3, 'fitness': 0.9820137900379085, 'generation': 191}","{'id': 12236, 'rank': 4, 'fitness': 0.9820137900379085, 'generation': 191}","{'id': 12236, 'rank': 5, 'fitness': 0.9820137900379085, 'generation': 191}","{'id': 12236, 'rank': 6, 'fitness': 0.9820137900379085, 'generation': 191}","{'id': 12236, 'rank': 7, 'fitness': 0.9820137900379085, 'generation': 191}","{'id': 12236, 'rank': 8, 'fitness': 0.9820137900379085, 'generation': 191}","{'id': 12236, 'rank': 9, 'fitness': 0.9820137900379085, 'generation': 191}","{'id': 12351, 'rank': 10, 'fitness': 0.9778495895905248, 'generation': 191}","{'id': 12351, 'rank': 11, 'fitness': 0.9778495895905248, 'generation': 191}","{'id': 12351, 'rank': 12, 'fitness': 0.9778495895905248, 'generation': 191}","{'id': 12351, 'rank': 13, 'fitness': 0.9778495895905248, 'generation': 191}","{'id': 12301, 'rank': 14, 'fitness': 0.9439222508651535, 'generation': 191}","{'id': 12301, 'rank': 15, 'fitness': 0.9439222508651535, 'generation': 191}","{'id': 12233, 'rank': 16, 'fitness': 0.9405782157855579, 'generation': 191}","{'id': 12233, 'rank': 17, 'fitness': 0.9405782157855579, 'generation': 191}","{'id': 12233, 'rank': 18, 'fitness': 0.9405782157855579, 'generation': 191}","{'id': 12233, 'rank': 19, 'fitness': 0.9405782157855579, 'generation': 191}","{'id': 12233, 'rank': 20, 'fitness': 0.9405782157855579, 'generation': 191}","{'id': 12233, 'rank': 21, 'fitness': 0.9405782157855579, 'generation': 191}","{'id': 12233, 'rank': 22, 'fitness': 0.9405782157855579, 'generation': 191}","{'id': 12233, 'rank': 23, 'fitness': 0.9405782157855579, 'generation': 191}","{'id': 12233, 'rank': 24, 'fitness': 0.9405782157855579, 'generation': 191}","{'id': 12233, 'rank': 25, 'fitness': 0.9405782157855579, 'generation': 191}","{'id': 12233, 'rank': 26, 'fitness': 0.9405782157855579, 'generation': 191}","{'id': 11907, 'rank': 27, 'fitness': 0.9150415655148073, 'generation': 191}","{'id': 12009, 'rank': 28, 'fitness': 0.9011051327060611, 'generation': 191}","{'id': 12500, 'rank': 29, 'fitness': 0.40683690660721, 'generation': 191}","{'id': 12518, 'rank': 30, 'fitness': 0.01798620996209155, 'generation': 191}"
"{'id': 12600, 'rank': 1, 'fitness': 0.9820137900379085, 'generation': 192}","{'id': 12236, 'rank': 2, 'fitness': 0.9672367037955538, 'generation': 192}","{'id': 12236, 'rank': 3, 'fitness': 0.9672367037955538, 'generation': 192}","{'id': 12236, 'rank': 4, 'fitness': 0.9672367037955538, 'generation': 192}","{'id': 12236, 'rank': 5, 'fitness': 0.9672367037955538, 'generation': 192}","{'id': 12236, 'rank': 6, 'fitness': 0.9672367037955538, 'generation': 192}","{'id': 12236, 'rank': 7, 'fitness': 0.9672367037955538, 'generation': 192}","{'id': 12236, 'rank': 8, 'fitness': 0.9672367037955538, 'generation': 192}","{'id': 12236, 'rank': 9, 'fitness': 0.9672367037955538, 'generation': 192}","{'id': 12236, 'rank': 10, 'fitness': 0.9672367037955538, 'generation': 192}","{'id': 12236, 'rank': 11, 'fitness': 0.9672367037955538, 'generation': 192}","{'id': 12236, 'rank': 12, 'fitness': 0.9672367037955538, 'generation': 192}","{'id': 12236, 'rank': 13, 'fitness': 0.9672367037955538, 'generation': 192}","{'id': 12236, 'rank': 14, 'fitness': 0.9672367037955538, 'generation': 192}","{'id': 12236, 'rank': 15, 'fitness': 0.9672367037955538, 'generation': 192}","{'id': 12351, 'rank': 16, 'fitness': 0.9549678121497468, 'generation': 192}","{'id': 12351, 'rank': 17, 'fitness': 0.9549678121497468, 'generation': 192}","{'id': 12351, 'rank': 18, 'fitness': 0.9549678121497468, 'generation': 192}","{'id': 12301, 'rank': 19, 'fitness': 0.8253721943516814, 'generation': 192}","{'id': 12301, 'rank': 20, 'fitness': 0.8253721943516814, 'generation': 192}","{'id': 12563, 'rank': 21, 'fitness': 0.8115145459272063, 'generation': 192}","{'id': 12233, 'rank': 22, 'fitness': 0.8111462977266463, 'generation': 192}","{'id': 12233, 'rank': 23, 'fitness': 0.8111462977266463, 'generation': 192}","{'id': 12233, 'rank': 24, 'fitness': 0.8111462977266463, 'generation': 192}","{'id': 12233, 'rank': 25, 'fitness': 0.8111462977266463, 'generation': 192}","{'id': 12574, 'rank': 26, 'fitness': 0.5802676593463894, 'generation': 192}","{'id': 12574, 'rank': 27, 'fitness': 0.5802676593463894, 'generation': 192}","{'id': 12596, 'rank': 28, 'fitness': 0.11363026945544247, 'generation': 192}","{'id': 12525, 'rank': 29, 'fitness': 0.04465423808038993, 'generation': 192}","{'id': 12585, 'rank': 30, 'fitness': 0.01798620996209155, 'generation': 192}"
"{'id': 12659, 'rank': 1, 'fitness': 0.9820137900379085, 'generation': 193}","{'id': 12600, 'rank': 2, 'fitness': 0.9618834004213803, 'generation': 193}","{'id': 12600, 'rank': 3, 'fitness': 0.9618834004213803, 'generation': 193}","{'id': 12600, 'rank': 4, 'fitness': 0.9618834004213803, 'generation': 193}","{'id': 12236, 'rank': 5, 'fitness': 0.948354654215264, 'generation': 193}","{'id': 12236, 'rank': 6, 'fitness': 0.948354654215264, 'generation': 193}","{'id': 12236, 'rank': 7, 'fitness': 0.948354654215264, 'generation': 193}","{'id': 12236, 'rank': 8, 'fitness': 0.948354654215264, 'generation': 193}","{'id': 12236, 'rank': 9, 'fitness': 0.948354654215264, 'generation': 193}","{'id': 12236, 'rank': 10, 'fitness': 0.948354654215264, 'generation': 193}","{'id': 12236, 'rank': 11, 'fitness': 0.948354654215264, 'generation': 193}","{'id': 12236, 'rank': 12, 'fitness': 0.948354654215264, 'generation': 193}","{'id': 12236, 'rank': 13, 'fitness': 0.948354654215264, 'generation': 193}","{'id': 12236, 'rank': 14, 'fitness': 0.948354654215264, 'generation': 193}","{'id': 12236, 'rank': 15, 'fitness': 0.948354654215264, 'generation': 193}","{'id': 12236, 'rank': 16, 'fitness': 0.948354654215264, 'generation': 193}","{'id': 12236, 'rank': 17, 'fitness': 0.948354654215264, 'generation': 193}","{'id': 12236, 'rank': 18, 'fitness': 0.948354654215264, 'generation': 193}","{'id': 12236, 'rank': 19, 'fitness': 0.948354654215264, 'generation': 193}","{'id': 12236, 'rank': 20, 'fitness': 0.948354654215264, 'generation': 193}","{'id': 12351, 'rank': 21, 'fitness': 0.9393045678990537, 'generation': 193}","{'id': 12351, 'rank': 22, 'fitness': 0.9393045678990537, 'generation': 193}","{'id': 12351, 'rank': 23, 'fitness': 0.9393045678990537, 'generation': 193}","{'id': 12563, 'rank': 24, 'fitness': 0.8715664786979633, 'generation': 193}","{'id': 12563, 'rank': 25, 'fitness': 0.8715664786979633, 'generation': 193}","{'id': 12233, 'rank': 26, 'fitness': 0.8714271786048597, 'generation': 193}","{'id': 12641, 'rank': 27, 'fitness': 0.8551792055927911, 'generation': 193}","{'id': 12574, 'rank': 28, 'fitness': 0.7904284064654702, 'generation': 193}","{'id': 12604, 'rank': 29, 'fitness': 0.12486067699667314, 'generation': 193}","{'id': 12671, 'rank': 30, 'fitness': 0.01798620996209155, 'generation': 193}"
"{'id': 12659, 'rank': 1, 'fitness': 0.9820137900379085, 'generation': 194}","{'id': 12659, 'rank': 2, 'fitness': 0.9820137900379085, 'generation': 194}","{'id': 12659, 'rank': 3, 'fitness': 0.9820137900379085, 'generation': 194}","{'id': 12600, 'rank': 4, 'fitness': 0.9733522265403359, 'generation': 194}","{'id': 12600, 'rank': 5, 'fitness': 0.9733522265403359, 'generation': 194}","{'id': 12600, 'rank': 6, 'fitness': 0.9733522265403359, 'generation': 194}","{'id': 12236, 'rank': 7, 'fitness': 0.9687036876868561, 'generation': 194}","{'id': 12236, 'rank': 8, 'fitness': 0.9687036876868561, 'generation': 194}","{'id': 12236, 'rank': 9, 'fitness': 0.9687036876868561, 'generation': 194}","{'id': 12236, 'rank': 10, 'fitness': 0.9687036876868561, 'generation': 194}","{'id': 12236, 'rank': 11, 'fitness': 0.9687036876868561, 'generation': 194}","{'id': 12236, 'rank': 12, 'fitness': 0.9687036876868561, 'generation': 194}","{'id': 12236, 'rank': 13, 'fitness': 0.9687036876868561, 'generation': 194}","{'id': 12236, 'rank': 14, 'fitness': 0.9687036876868561, 'generation': 194}","{'id': 12236, 'rank': 15, 'fitness': 0.9687036876868561, 'generation': 194}","{'id': 12236, 'rank': 16, 'fitness': 0.9687036876868561, 'generation': 194}","{'id': 12236, 'rank': 17, 'fitness': 0.9687036876868561, 'generation': 194}","{'id': 12236, 'rank': 18, 'fitness': 0.9687036876868561, 'generation': 194}","{'id': 12236, 'rank': 19, 'fitness': 0.9687036876868561, 'generation': 194}","{'id': 12351, 'rank': 20, 'fitness': 0.9658869102943469, 'generation': 194}","{'id': 12351, 'rank': 21, 'fitness': 0.9658869102943469, 'generation': 194}","{'id': 12233, 'rank': 22, 'fitness': 0.9485021703002691, 'generation': 194}","{'id': 12641, 'rank': 23, 'fitness': 0.9448808235716748, 'generation': 194}","{'id': 12574, 'rank': 24, 'fitness': 0.931378992503889, 'generation': 194}","{'id': 12707, 'rank': 25, 'fitness': 0.44593409437784043, 'generation': 194}","{'id': 12730, 'rank': 26, 'fitness': 0.13810558239370374, 'generation': 194}","{'id': 12690, 'rank': 27, 'fitness': 0.09711730805188645, 'generation': 194}","{'id': 12690, 'rank': 28, 'fitness': 0.09711730805188645, 'generation': 194}","{'id': 12710, 'rank': 29, 'fitness': 0.03691381924100906, 'generation': 194}","{'id': 12736, 'rank': 30, 'fitness': 0.01798620996209155, 'generation': 194}"
"{'id': 12659, 'rank': 1, 'fitness': 0.9820137900379085, 'generation': 195}","{'id': 12659, 'rank': 2, 'fitness': 0.9820137900379085, 'generation': 195}","{'id': 12659, 'rank': 3, 'fitness': 0.9820137900379085, 'generation': 195}","{'id': 12659, 'rank': 4, 'fitness': 0.9820137900379085, 'generation': 195}","{'id': 12659, 'rank': 5, 'fitness': 0.9820137900379085, 'generation': 195}","{'id': 12659, 'rank': 6, 'fitness': 0.9820137900379085, 'generation': 195}","{'id': 12659, 'rank': 7, 'fitness': 0.9820137900379085, 'generation': 195}","{'id': 12659, 'rank': 8, 'fitness': 0.9820137900379085, 'generation': 195}","{'id': 12659, 'rank': 9, 'fitness': 0.9820137900379085, 'generation': 195}","{'id': 12659, 'rank': 10, 'fitness': 0.9820137900379085, 'generation': 195}","{'id': 12659, 'rank': 11, 'fitness': 0.9820137900379085, 'generation': 195}","{'id': 12659, 'rank': 12, 'fitness': 0.9820137900379085, 'generation': 195}","{'id': 12659, 'rank': 13, 'fitness': 0.9820137900379085, 'generation': 195}","{'id': 12804, 'rank': 14, 'fitness': 0.9602475146246893, 'generation': 195}","{'id': 12804, 'rank': 15, 'fitness': 0.9602475146246893, 'generation': 195}","{'id': 12600, 'rank': 16, 'fitness': 0.9529691309592523, 'generation': 195}","{'id': 12600, 'rank': 17, 'fitness': 0.9529691309592523, 'generation': 195}","{'id': 12600, 'rank': 18, 'fitness': 0.9529691309592523, 'generation': 195}","{'id': 12600, 'rank': 19, 'fitness': 0.9529691309592523, 'generation': 195}","{'id': 12236, 'rank': 20, 'fitness': 0.9308910321487676, 'generation': 195}","{'id': 12236, 'rank': 21, 'fitness': 0.9308910321487676, 'generation': 195}","{'id': 12236, 'rank': 22, 'fitness': 0.9308910321487676, 'generation': 195}","{'id': 12236, 'rank': 23, 'fitness': 0.9308910321487676, 'generation': 195}","{'id': 12236, 'rank': 24, 'fitness': 0.9308910321487676, 'generation': 195}","{'id': 12236, 'rank': 25, 'fitness': 0.9308910321487676, 'generation': 195}","{'id': 12351, 'rank': 26, 'fitness': 0.9153481062798622, 'generation': 195}","{'id': 12805, 'rank': 27, 'fitness': 0.8517463732042995, 'generation': 195}","{'id': 12805, 'rank': 28, 'fitness': 0.8517463732042995, 'generation': 195}","{'id': 12824, 'rank': 29, 'fitness': 0.809872734631613, 'generation': 195}","{'id': 12793, 'rank': 30, 'fitness': 0.01798620996209155, 'generation': 195}"
"{'id': 12902, 'rank': 1, 'fitness': 0.9820137900379085, 'generation': 196}","{'id': 12922, 'rank': 2, 'fitness': 0.9522344182035902, 'generation': 196}","{'id': 12922, 'rank': 3, 'fitness': 0.9522344182035902, 'generation': 196}","{'id': 12659, 'rank': 4, 'fitness': 0.9335938476381683, 'generation': 196}","{'id': 12659, 'rank': 5, 'fitness': 0.9335938476381683, 'generation': 196}","{'id': 12659, 'rank': 6, 'fitness': 0.9335938476381683, 'generation': 196}","{'id': 12659, 'rank': 7, 'fitness': 0.9335938476381683, 'generation': 196}","{'id': 12659, 'rank': 8, 'fitness': 0.9335938476381683, 'generation': 196}","{'id': 12659, 'rank': 9, 'fitness': 0.9335938476381683, 'generation': 196}","{'id': 12659, 'rank': 10, 'fitness': 0.9335938476381683, 'generation': 196}","{'id': 12659, 'rank': 11, 'fitness': 0.9335938476381683, 'generation': 196}","{'id': 12659, 'rank': 12, 'fitness': 0.9335938476381683, 'generation': 196}","{'id': 12659, 'rank': 13, 'fitness': 0.9335938476381683, 'generation': 196}","{'id': 12659, 'rank': 14, 'fitness': 0.9335938476381683, 'generation': 196}","{'id': 12659, 'rank': 15, 'fitness': 0.9335938476381683, 'generation': 196}","{'id': 12893, 'rank': 16, 'fitness': 0.9330114190843815, 'generation': 196}","{'id': 12600, 'rank': 17, 'fitness': 0.8845068726678074, 'generation': 196}","{'id': 12600, 'rank': 18, 'fitness': 0.8845068726678074, 'generation': 196}","{'id': 12600, 'rank': 19, 'fitness': 0.8845068726678074, 'generation': 196}","{'id': 12600, 'rank': 20, 'fitness': 0.8845068726678074, 'generation': 196}","{'id': 12600, 'rank': 21, 'fitness': 0.8845068726678074, 'generation': 196}","{'id': 12236, 'rank': 22, 'fitness': 0.856386421259156, 'generation': 196}","{'id': 12236, 'rank': 23, 'fitness': 0.856386421259156, 'generation': 196}","{'id': 12236, 'rank': 24, 'fitness': 0.856386421259156, 'generation': 196}","{'id': 12351, 'rank': 25, 'fitness': 0.8390207853261782, 'generation': 196}","{'id': 12903, 'rank': 26, 'fitness': 0.8124961646308915, 'generation': 196}","{'id': 12856, 'rank': 27, 'fitness': 0.8035242679615179, 'generation': 196}","{'id': 12864, 'rank': 28, 'fitness': 0.7912345027163827, 'generation': 196}","{'id': 12824, 'rank': 29, 'fitness': 0.7465092750502631, 'generation': 196}","{'id': 12872, 'rank': 30, 'fitness': 0.01798620996209155, 'generation': 196}"
"{'id': 12960, 'rank': 1, 'fitness': 0.9820137900379085, 'generation': 197}","{'id': 12902, 'rank': 2, 'fitness': 0.9805101014406851, 'generation': 197}","{'id': 12902, 'rank': 3, 'fitness': 0.9805101014406851, 'generation': 197}","{'id': 12902, 'rank': 4, 'fitness': 0.9805101014406851, 'generation': 197}","{'id': 12963, 'rank': 5, 'fitness': 0.9769274665020193, 'generation': 197}","{'id': 12922, 'rank': 6, 'fitness': 0.973372040016511, 'generation': 197}","{'id': 12922, 'rank': 7, 'fitness': 0.973372040016511, 'generation': 197}","{'id': 12922, 'rank': 8, 'fitness': 0.973372040016511, 'generation': 197}","{'id': 12922, 'rank': 9, 'fitness': 0.973372040016511, 'generation': 197}","{'id': 12922, 'rank': 10, 'fitness': 0.973372040016511, 'generation': 197}","{'id': 12659, 'rank': 11, 'fitness': 0.9703470524581084, 'generation': 197}","{'id': 12659, 'rank': 12, 'fitness': 0.9703470524581084, 'generation': 197}","{'id': 12659, 'rank': 13, 'fitness': 0.9703470524581084, 'generation': 197}","{'id': 12659, 'rank': 14, 'fitness': 0.9703470524581084, 'generation': 197}","{'id': 12659, 'rank': 15, 'fitness': 0.9703470524581084, 'generation': 197}","{'id': 12659, 'rank': 16, 'fitness': 0.9703470524581084, 'generation': 197}","{'id': 12659, 'rank': 17, 'fitness': 0.9703470524581084, 'generation': 197}","{'id': 12659, 'rank': 18, 'fitness': 0.9703470524581084, 'generation': 197}","{'id': 12659, 'rank': 19, 'fitness': 0.9703470524581084, 'generation': 197}","{'id': 12659, 'rank': 20, 'fitness': 0.9703470524581084, 'generation': 197}","{'id': 12659, 'rank': 21, 'fitness': 0.9703470524581084, 'generation': 197}","{'id': 12659, 'rank': 22, 'fitness': 0.9703470524581084, 'generation': 197}","{'id': 12600, 'rank': 23, 'fitness': 0.9642754307588302, 'generation': 197}","{'id': 12961, 'rank': 24, 'fitness': 0.9625497857559147, 'generation': 197}","{'id': 12236, 'rank': 25, 'fitness': 0.9614400580208701, 'generation': 197}","{'id': 12856, 'rank': 26, 'fitness': 0.9567551901130338, 'generation': 197}","{'id': 12940, 'rank': 27, 'fitness': 0.8463832235958564, 'generation': 197}","{'id': 12964, 'rank': 28, 'fitness': 0.1269490795628186, 'generation': 197}","{'id': 12953, 'rank': 29, 'fitness': 0.01798620996209155, 'generation': 197}","{'id': 12953, 'rank': 30, 'fitness': 0.01798620996209155, 'generation': 197}"
"{'id': 12960, 'rank': 1, 'fitness': 0.9820137900379085, 'generation': 198}","{'id': 12960, 'rank': 2, 'fitness': 0.9820137900379085, 'generation': 198}","{'id': 12960, 'rank': 3, 'fitness': 0.9820137900379085, 'generation': 198}","{'id': 12902, 'rank': 4, 'fitness': 0.9602104154080409, 'generation': 198}","{'id': 12902, 'rank': 5, 'fitness': 0.9602104154080409, 'generation': 198}","{'id': 12902, 'rank': 6, 'fitness': 0.9602104154080409, 'generation': 198}","{'id': 12902, 'rank': 7, 'fitness': 0.9602104154080409, 'generation': 198}","{'id': 12902, 'rank': 8, 'fitness': 0.9602104154080409, 'generation': 198}","{'id': 13049, 'rank': 9, 'fitness': 0.9309679059007314, 'generation': 198}","{'id': 13049, 'rank': 10, 'fitness': 0.9309679059007314, 'generation': 198}","{'id': 13049, 'rank': 11, 'fitness': 0.9309679059007314, 'generation': 198}","{'id': 12963, 'rank': 12, 'fitness': 0.8120259706372025, 'generation': 198}","{'id': 12963, 'rank': 13, 'fitness': 0.8120259706372025, 'generation': 198}","{'id': 12922, 'rank': 14, 'fitness': 0.4991944377811954, 'generation': 198}","{'id': 12922, 'rank': 15, 'fitness': 0.4991944377811954, 'generation': 198}","{'id': 12922, 'rank': 16, 'fitness': 0.4991944377811954, 'generation': 198}","{'id': 12922, 'rank': 17, 'fitness': 0.4991944377811954, 'generation': 198}","{'id': 12922, 'rank': 18, 'fitness': 0.4991944377811954, 'generation': 198}","{'id': 12922, 'rank': 19, 'fitness': 0.4991944377811954, 'generation': 198}","{'id': 13008, 'rank': 20, 'fitness': 0.3784822807328615, 'generation': 198}","{'id': 12659, 'rank': 21, 'fitness': 0.2482559149458506, 'generation': 198}","{'id': 12659, 'rank': 22, 'fitness': 0.2482559149458506, 'generation': 198}","{'id': 12659, 'rank': 23, 'fitness': 0.2482559149458506, 'generation': 198}","{'id': 12659, 'rank': 24, 'fitness': 0.2482559149458506, 'generation': 198}","{'id': 12659, 'rank': 25, 'fitness': 0.2482559149458506, 'generation': 198}","{'id': 12659, 'rank': 26, 'fitness': 0.2482559149458506, 'generation': 198}","{'id': 13060, 'rank': 27, 'fitness': 0.05269850118504116, 'generation': 198}","{'id': 13060, 'rank': 28, 'fitness': 0.05269850118504116, 'generation': 198}","{'id': 12600, 'rank': 29, 'fitness': 0.046120293662949285, 'generation': 198}","{'id': 13027, 'rank': 30, 'fitness': 0.01798620996209155, 'generation': 198}"
"{'id': 12960, 'rank': 1, 'fitness': 0.9820137900379085, 'generation': 199}","{'id': 12960, 'rank': 2, 'fitness': 0.9820137900379085, 'generation': 199}","{'id': 12960, 'rank': 3, 'fitness': 0.9820137900379085, 'generation': 199}","{'id': 12960, 'rank': 4, 'fitness': 0.9820137900379085, 'generation': 199}","{'id': 12960, 'rank': 5, 'fitness': 0.9820137900379085, 'generation': 199}","{'id': 12960, 'rank': 6, 'fitness': 0.9820137900379085, 'generation': 199}","{'id': 12960, 'rank': 7, 'fitness': 0.9820137900379085, 'generation': 199}","{'id': 12960, 'rank': 8, 'fitness': 0.9820137900379085, 'generation': 199}","{'id': 12902, 'rank': 9, 'fitness': 0.914386382518465, 'generation': 199}","{'id': 12902, 'rank': 10, 'fitness': 0.914386382518465, 'generation': 199}","{'id': 12902, 'rank': 11, 'fitness': 0.914386382518465, 'generation': 199}","{'id': 12902, 'rank': 12, 'fitness': 0.914386382518465, 'generation': 199}","{'id': 12902, 'rank': 13, 'fitness': 0.914386382518465, 'generation': 199}","{'id': 12902, 'rank': 14, 'fitness': 0.914386382518465, 'generation': 199}","{'id': 12902, 'rank': 15, 'fitness': 0.914386382518465, 'generation': 199}","{'id': 12902, 'rank': 16, 'fitness': 0.914386382518465, 'generation': 199}","{'id': 12902, 'rank': 17, 'fitness': 0.914386382518465, 'generation': 199}","{'id': 13049, 'rank': 18, 'fitness': 0.7695119828034562, 'generation': 199}","{'id': 13049, 'rank': 19, 'fitness': 0.7695119828034562, 'generation': 199}","{'id': 13049, 'rank': 20, 'fitness': 0.7695119828034562, 'generation': 199}","{'id': 13049, 'rank': 21, 'fitness': 0.7695119828034562, 'generation': 199}","{'id': 12963, 'rank': 22, 'fitness': 0.2555059413706571, 'generation': 199}","{'id': 12963, 'rank': 23, 'fitness': 0.2555059413706571, 'generation': 199}","{'id': 12963, 'rank': 24, 'fitness': 0.2555059413706571, 'generation': 199}","{'id': 13131, 'rank': 25, 'fitness': 0.07399548342015039, 'generation': 199}","{'id': 13131, 'rank': 26, 'fitness': 0.07399548342015039, 'generation': 199}","{'id': 12922, 'rank': 27, 'fitness': 0.01798620996209155, 'generation': 199}","{'id': 12922, 'rank': 28, 'fitness': 0.01798620996209155, 'generation': 199}","{'id': 12922, 'rank': 29, 'fitness': 0.01798620996209155, 'generation': 199}","{'id': 12922, 'rank': 30, 'fitness': 0.01798620996209155, 'generation': 199}"
"{'id': 12960, 'rank': 1, 'fitness': 0.9820137900379085, 'generation': 200}","{'id': 12960, 'rank': 2, 'fitness': 0.9820137900379085, 'generation': 200}","{'id': 12960, 'rank': 3, 'fitness': 0.9820137900379085, 'generation': 200}","{'id': 12960, 'rank': 4, 'fitness': 0.9820137900379085, 'generation': 200}","{'id': 12960, 'rank': 5, 'fitness': 0.9820137900379085, 'generation': 200}","{'id': 12960, 'rank': 6, 'fitness': 0.9820137900379085, 'generation': 200}","{'id': 12960, 'rank': 7, 'fitness': 0.9820137900379085, 'generation': 200}","{'id': 12960, 'rank': 8, 'fitness': 0.9820137900379085, 'generation': 200}","{'id': 12960, 'rank': 9, 'fitness': 0.9820137900379085, 'generation': 200}","{'id': 12960, 'rank': 10, 'fitness': 0.9820137900379085, 'generation': 200}","{'id': 12960, 'rank': 11, 'fitness': 0.9820137900379085, 'generation': 200}","{'id': 12960, 'rank': 12, 'fitness': 0.9820137900379085, 'generation': 200}","{'id': 12960, 'rank': 13, 'fitness': 0.9820137900379085, 'generation': 200}","{'id': 12960, 'rank': 14, 'fitness': 0.9820137900379085, 'generation': 200}","{'id': 12960, 'rank': 15, 'fitness': 0.9820137900379085, 'generation': 200}","{'id': 12960, 'rank': 16, 'fitness': 0.9820137900379085, 'generation': 200}","{'id': 12902, 'rank': 17, 'fitness': 0.9478706441311848, 'generation': 200}","{'id': 12902, 'rank': 18, 'fitness': 0.9478706441311848, 'generation': 200}","{'id': 12902, 'rank': 19, 'fitness': 0.9478706441311848, 'generation': 200}","{'id': 12902, 'rank': 20, 'fitness': 0.9478706441311848, 'generation': 200}","{'id': 12902, 'rank': 21, 'fitness': 0.9478706441311848, 'generation': 200}","{'id': 12902, 'rank': 22, 'fitness': 0.9478706441311848, 'generation': 200}","{'id': 13049, 'rank': 23, 'fitness': 0.8925309173394407, 'generation': 200}","{'id': 13049, 'rank': 24, 'fitness': 0.8925309173394407, 'generation': 200}","{'id': 13049, 'rank': 25, 'fitness': 0.8925309173394407, 'generation': 200}","{'id': 13154, 'rank': 26, 'fitness': 0.6061179011393889, 'generation': 200}","{'id': 13131, 'rank': 27, 'fitness': 0.4017004614468709, 'generation': 200}","{'id': 13160, 'rank': 28, 'fitness': 0.24436959441908745, 'generation': 200}","{'id': 12922, 'rank': 29, 'fitness': 0.19923116490286397, 'generation': 200}","{'id': 13153, 'rank': 30, 'fitness': 0.01798620996209155, 'generation': 200}"
"{'id': 13226, 'rank': 1, 'fitness': 0.9820137900379085, 'generation': 201}","{'id': 13247, 'rank': 2, 'fitness': 0.9005909169728917, 'generation': 201}","{'id': 13247, 'rank': 3, 'fitness': 0.9005909169728917, 'generation': 201}","{'id': 13247, 'rank': 4, 'fitness': 0.9005909169728917, 'generation': 201}","{'id': 12960, 'rank': 5, 'fitness': 0.657159297335198, 'generation': 201}","{'id': 12960, 'rank': 6, 'fitness': 0.657159297335198, 'generation': 201}","{'id': 12960, 'rank': 7, 'fitness': 0.657159297335198, 'generation': 201}","{'id': 12960, 'rank': 8, 'fitness': 0.657159297335198, 'generation': 201}","{'id': 12960, 'rank': 9, 'fitness': 0.657159297335198, 'generation': 201}","{'id': 12960, 'rank': 10, 'fitness': 0.657159297335198, 'generation': 201}","{'id': 12960, 'rank': 11, 'fitness': 0.657159297335198, 'generation': 201}","{'id': 12960, 'rank': 12, 'fitness': 0.657159297335198, 'generation': 201}","{'id': 12960, 'rank': 13, 'fitness': 0.657159297335198, 'generation': 201}","{'id': 12960, 'rank': 14, 'fitness': 0.657159297335198, 'generation': 201}","{'id': 12960, 'rank': 15, 'fitness': 0.657159297335198, 'generation': 201}","{'id': 12960, 'rank': 16, 'fitness': 0.657159297335198, 'generation': 201}","{'id': 12960, 'rank': 17, 'fitness': 0.657159297335198, 'generation': 201}","{'id': 12960, 'rank': 18, 'fitness': 0.657159297335198, 'generation': 201}","{'id': 12960, 'rank': 19, 'fitness': 0.657159297335198, 'generation': 201}","{'id': 12960, 'rank': 20, 'fitness': 0.657159297335198, 'generation': 201}","{'id': 12960, 'rank': 21, 'fitness': 0.657159297335198, 'generation': 201}","{'id': 12960, 'rank': 22, 'fitness': 0.657159297335198, 'generation': 201}","{'id': 12960, 'rank': 23, 'fitness': 0.657159297335198, 'generation': 201}","{'id': 12960, 'rank': 24, 'fitness': 0.657159297335198, 'generation': 201}","{'id': 12960, 'rank': 25, 'fitness': 0.657159297335198, 'generation': 201}","{'id': 12902, 'rank': 26, 'fitness': 0.41427203976944627, 'generation': 201}","{'id': 12902, 'rank': 27, 'fitness': 0.41427203976944627, 'generation': 201}","{'id': 12902, 'rank': 28, 'fitness': 0.41427203976944627, 'generation': 201}","{'id': 13224, 'rank': 29, 'fitness': 0.05671940569239725, 'generation': 201}","{'id': 13160, 'rank': 30, 'fitness': 0.01798620996209155, 'generation': 201}"
"{'id': 13247, 'rank': 1, 'fitness': 0.9820137900379085, 'generation': 202}","{'id': 13247, 'rank': 2, 'fitness': 0.9820137900379085, 'generation': 202}","{'id': 13247, 'rank': 3, 'fitness': 0.9820137900379085, 'generation': 202}","{'id': 13247, 'rank': 4, 'fitness': 0.9820137900379085, 'generation': 202}","{'id': 13247, 'rank': 5, 'fitness': 0.9820137900379085, 'generation': 202}","{'id': 13247, 'rank': 6, 'fitness': 0.9820137900379085, 'generation': 202}","{'id': 13247, 'rank': 7, 'fitness': 0.9820137900379085, 'generation': 202}","{'id': 12960, 'rank': 8, 'fitness': 0.981992013687873, 'generation': 202}","{'id': 12960, 'rank': 9, 'fitness': 0.981992013687873, 'generation': 202}","{'id': 12960, 'rank': 10, 'fitness': 0.981992013687873, 'generation': 202}","{'id': 12960, 'rank': 11, 'fitness': 0.981992013687873, 'generation': 202}","{'id': 12960, 'rank': 12, 'fitness': 0.981992013687873, 'generation': 202}","{'id': 12960, 'rank': 13, 'fitness': 0.981992013687873, 'generation': 202}","{'id': 12960, 'rank': 14, 'fitness': 0.981992013687873, 'generation': 202}","{'id': 12960, 'rank': 15, 'fitness': 0.981992013687873, 'generation': 202}","{'id': 12960, 'rank': 16, 'fitness': 0.981992013687873, 'generation': 202}","{'id': 12960, 'rank': 17, 'fitness': 0.981992013687873, 'generation': 202}","{'id': 12960, 'rank': 18, 'fitness': 0.981992013687873, 'generation': 202}","{'id': 12960, 'rank': 19, 'fitness': 0.981992013687873, 'generation': 202}","{'id': 12960, 'rank': 20, 'fitness': 0.981992013687873, 'generation': 202}","{'id': 12960, 'rank': 21, 'fitness': 0.981992013687873, 'generation': 202}","{'id': 12960, 'rank': 22, 'fitness': 0.981992013687873, 'generation': 202}","{'id': 12960, 'rank': 23, 'fitness': 0.981992013687873, 'generation': 202}","{'id': 12960, 'rank': 24, 'fitness': 0.981992013687873, 'generation': 202}","{'id': 12960, 'rank': 25, 'fitness': 0.981992013687873, 'generation': 202}","{'id': 12960, 'rank': 26, 'fitness': 0.981992013687873, 'generation': 202}","{'id': 12960, 'rank': 27, 'fitness': 0.981992013687873, 'generation': 202}","{'id': 13160, 'rank': 28, 'fitness': 0.9819266528584297, 'generation': 202}","{'id': 13277, 'rank': 29, 'fitness': 0.9758081046038578, 'generation': 202}","{'id': 13291, 'rank': 30, 'fitness': 0.01798620996209155, 'generation': 202}"
"{'id': 13327, 'rank': 1, 'fitness': 0.9820137900379085, 'generation': 203}","{'id': 13327, 'rank': 2, 'fitness': 0.9820137900379085, 'generation': 203}","{'id': 13247, 'rank': 3, 'fitness': 0.9761291346169583, 'generation': 203}","{'id': 13247, 'rank': 4, 'fitness': 0.9761291346169583, 'generation': 203}","{'id': 13247, 'rank': 5, 'fitness': 0.9761291346169583, 'generation': 203}","{'id': 13247, 'rank': 6, 'fitness': 0.9761291346169583, 'generation': 203}","{'id': 13247, 'rank': 7, 'fitness': 0.9761291346169583, 'generation': 203}","{'id': 13247, 'rank': 8, 'fitness': 0.9761291346169583, 'generation': 203}","{'id': 13247, 'rank': 9, 'fitness': 0.9761291346169583, 'generation': 203}","{'id': 13247, 'rank': 10, 'fitness': 0.9761291346169583, 'generation': 203}","{'id': 13247, 'rank': 11, 'fitness': 0.9761291346169583, 'generation': 203}","{'id': 13401, 'rank': 12, 'fitness': 0.9652910012534017, 'generation': 203}","{'id': 13401, 'rank': 13, 'fitness': 0.9652910012534017, 'generation': 203}","{'id': 13401, 'rank': 14, 'fitness': 0.9652910012534017, 'generation': 203}","{'id': 12960, 'rank': 15, 'fitness': 0.9412598868259208, 'generation': 203}","{'id': 12960, 'rank': 16, 'fitness': 0.9412598868259208, 'generation': 203}","{'id': 12960, 'rank': 17, 'fitness': 0.9412598868259208, 'generation': 203}","{'id': 12960, 'rank': 18, 'fitness': 0.9412598868259208, 'generation': 203}","{'id': 12960, 'rank': 19, 'fitness': 0.9412598868259208, 'generation': 203}","{'id': 12960, 'rank': 20, 'fitness': 0.9412598868259208, 'generation': 203}","{'id': 12960, 'rank': 21, 'fitness': 0.9412598868259208, 'generation': 203}","{'id': 12960, 'rank': 22, 'fitness': 0.9412598868259208, 'generation': 203}","{'id': 12960, 'rank': 23, 'fitness': 0.9412598868259208, 'generation': 203}","{'id': 12960, 'rank': 24, 'fitness': 0.9412598868259208, 'generation': 203}","{'id': 12960, 'rank': 25, 'fitness': 0.9412598868259208, 'generation': 203}","{'id': 12960, 'rank': 26, 'fitness': 0.9412598868259208, 'generation': 203}","{'id': 12960, 'rank': 27, 'fitness': 0.9412598868259208, 'generation': 203}","{'id': 12960, 'rank': 28, 'fitness': 0.9412598868259208, 'generation': 203}","{'id': 13355, 'rank': 29, 'fitness': 0.7864588042228113, 'generation': 203}","{'id': 13400, 'rank': 30, 'fitness': 0.01798620996209155, 'generation': 203}"
"{'id': 13327, 'rank': 1, 'fitness': 0.9820137900379085, 'generation': 204}","{'id': 13247, 'rank': 2, 'fitness': 0.9755725289726676, 'generation': 204}","{'id': 13247, 'rank': 3, 'fitness': 0.9755725289726676, 'generation': 204}","{'id': 13247, 'rank': 4, 'fitness': 0.9755725289726676, 'generation': 204}","{'id': 13247, 'rank': 5, 'fitness': 0.9755725289726676, 'generation': 204}","{'id': 13247, 'rank': 6, 'fitness': 0.9755725289726676, 'generation': 204}","{'id': 13247, 'rank': 7, 'fitness': 0.9755725289726676, 'generation': 204}","{'id': 13247, 'rank': 8, 'fitness': 0.9755725289726676, 'generation': 204}","{'id': 13247, 'rank': 9, 'fitness': 0.9755725289726676, 'generation': 204}","{'id': 13247, 'rank': 10, 'fitness': 0.9755725289726676, 'generation': 204}","{'id': 13247, 'rank': 11, 'fitness': 0.9755725289726676, 'generation': 204}","{'id': 13247, 'rank': 12, 'fitness': 0.9755725289726676, 'generation': 204}","{'id': 13247, 'rank': 13, 'fitness': 0.9755725289726676, 'generation': 204}","{'id': 13247, 'rank': 14, 'fitness': 0.9755725289726676, 'generation': 204}","{'id': 13401, 'rank': 15, 'fitness': 0.9633961073975007, 'generation': 204}","{'id': 13401, 'rank': 16, 'fitness': 0.9633961073975007, 'generation': 204}","{'id': 13401, 'rank': 17, 'fitness': 0.9633961073975007, 'generation': 204}","{'id': 12960, 'rank': 18, 'fitness': 0.9354703788938308, 'generation': 204}","{'id': 12960, 'rank': 19, 'fitness': 0.9354703788938308, 'generation': 204}","{'id': 12960, 'rank': 20, 'fitness': 0.9354703788938308, 'generation': 204}","{'id': 12960, 'rank': 21, 'fitness': 0.9354703788938308, 'generation': 204}","{'id': 12960, 'rank': 22, 'fitness': 0.9354703788938308, 'generation': 204}","{'id': 12960, 'rank': 23, 'fitness': 0.9354703788938308, 'generation': 204}","{'id': 12960, 'rank': 24, 'fitness': 0.9354703788938308, 'generation': 204}","{'id': 12960, 'rank': 25, 'fitness': 0.9354703788938308, 'generation': 204}","{'id': 12960, 'rank': 26, 'fitness': 0.9354703788938308, 'generation': 204}","{'id': 12960, 'rank': 27, 'fitness': 0.9354703788938308, 'generation': 204}","{'id': 12960, 'rank': 28, 'fitness': 0.9354703788938308, 'generation': 204}","{'id': 13507, 'rank': 29, 'fitness': 0.8338793487489751, 'generation': 204}","{'id': 13493, 'rank': 30, 'fitness': 0.01798620996209155, 'generation': 204}"
"{'id': 13327, 'rank': 1, 'fitness': 0.9820137900379085, 'generation': 205}","{'id': 13247, 'rank': 2, 'fitness': 0.9527665853322306, 'generation': 205}","{'id': 13247, 'rank': 3, 'fitness': 0.9527665853322306, 'generation': 205}","{'id': 13247, 'rank': 4, 'fitness': 0.9527665853322306, 'generation': 205}","{'id': 13247, 'rank': 5, 'fitness': 0.9527665853322306, 'generation': 205}","{'id': 13247, 'rank': 6, 'fitness': 0.9527665853322306, 'generation': 205}","{'id': 13247, 'rank': 7, 'fitness': 0.9527665853322306, 'generation': 205}","{'id': 13247, 'rank': 8, 'fitness': 0.9527665853322306, 'generation': 205}","{'id': 13247, 'rank': 9, 'fitness': 0.9527665853322306, 'generation': 205}","{'id': 13247, 'rank': 10, 'fitness': 0.9527665853322306, 'generation': 205}","{'id': 13247, 'rank': 11, 'fitness': 0.9527665853322306, 'generation': 205}","{'id': 13247, 'rank': 12, 'fitness': 0.9527665853322306, 'generation': 205}","{'id': 13247, 'rank': 13, 'fitness': 0.9527665853322306, 'generation': 205}","{'id': 13247, 'rank': 14, 'fitness': 0.9527665853322306, 'generation': 205}","{'id': 13247, 'rank': 15, 'fitness': 0.9527665853322306, 'generation': 205}","{'id': 13247, 'rank': 16, 'fitness': 0.9527665853322306, 'generation': 205}","{'id': 13247, 'rank': 17, 'fitness': 0.9527665853322306, 'generation': 205}","{'id': 13247, 'rank': 18, 'fitness': 0.9527665853322306, 'generation': 205}","{'id': 13247, 'rank': 19, 'fitness': 0.9527665853322306, 'generation': 205}","{'id': 13247, 'rank': 20, 'fitness': 0.9527665853322306, 'generation': 205}","{'id': 13247, 'rank': 21, 'fitness': 0.9527665853322306, 'generation': 205}","{'id': 13247, 'rank': 22, 'fitness': 0.9527665853322306, 'generation': 205}","{'id': 13247, 'rank': 23, 'fitness': 0.9527665853322306, 'generation': 205}","{'id': 13401, 'rank': 24, 'fitness': 0.8424174146017721, 'generation': 205}","{'id': 13401, 'rank': 25, 'fitness': 0.8424174146017721, 'generation': 205}","{'id': 13527, 'rank': 26, 'fitness': 0.815810429790655, 'generation': 205}","{'id': 13527, 'rank': 27, 'fitness': 0.815810429790655, 'generation': 205}","{'id': 13566, 'rank': 28, 'fitness': 0.7304543817724285, 'generation': 205}","{'id': 12960, 'rank': 29, 'fitness': 0.4445187473292274, 'generation': 205}","{'id': 13532, 'rank': 30, 'fitness': 0.01798620996209155, 'generation': 205}"
"{'id': 13327, 'rank': 1, 'fitness': 0.9820137900379085, 'generation': 206}","{'id': 13327, 'rank': 2, 'fitness': 0.9820137900379085, 'generation': 206}","{'id': 13247, 'rank': 3, 'fitness': 0.9805089527603699, 'generation': 206}","{'id': 13247, 'rank': 4, 'fitness': 0.9805089527603699, 'generation': 206}","{'id': 13247, 'rank': 5, 'fitness': 0.9805089527603699, 'generation': 206}","{'id': 13247, 'rank': 6, 'fitness': 0.9805089527603699, 'generation': 206}","{'id': 13247, 'rank': 7, 'fitness': 0.9805089527603699, 'generation': 206}","{'id': 13247, 'rank': 8, 'fitness': 0.9805089527603699, 'generation': 206}","{'id': 13247, 'rank': 9, 'fitness': 0.9805089527603699, 'generation': 206}","{'id': 13247, 'rank': 10, 'fitness': 0.9805089527603699, 'generation': 206}","{'id': 13247, 'rank': 11, 'fitness': 0.9805089527603699, 'generation': 206}","{'id': 13247, 'rank': 12, 'fitness': 0.9805089527603699, 'generation': 206}","{'id': 13247, 'rank': 13, 'fitness': 0.9805089527603699, 'generation': 206}","{'id': 13247, 'rank': 14, 'fitness': 0.9805089527603699, 'generation': 206}","{'id': 13247, 'rank': 15, 'fitness': 0.9805089527603699, 'generation': 206}","{'id': 13247, 'rank': 16, 'fitness': 0.9805089527603699, 'generation': 206}","{'id': 13247, 'rank': 17, 'fitness': 0.9805089527603699, 'generation': 206}","{'id': 13247, 'rank': 18, 'fitness': 0.9805089527603699, 'generation': 206}","{'id': 13247, 'rank': 19, 'fitness': 0.9805089527603699, 'generation': 206}","{'id': 13247, 'rank': 20, 'fitness': 0.9805089527603699, 'generation': 206}","{'id': 13247, 'rank': 21, 'fitness': 0.9805089527603699, 'generation': 206}","{'id': 13247, 'rank': 22, 'fitness': 0.9805089527603699, 'generation': 206}","{'id': 13247, 'rank': 23, 'fitness': 0.9805089527603699, 'generation': 206}","{'id': 13247, 'rank': 24, 'fitness': 0.9805089527603699, 'generation': 206}","{'id': 13247, 'rank': 25, 'fitness': 0.9805089527603699, 'generation': 206}","{'id': 13401, 'rank': 26, 'fitness': 0.9783086974516837, 'generation': 206}","{'id': 13401, 'rank': 27, 'fitness': 0.9783086974516837, 'generation': 206}","{'id': 13401, 'rank': 28, 'fitness': 0.9783086974516837, 'generation': 206}","{'id': 13649, 'rank': 29, 'fitness': 0.04634611245827641, 'generation': 206}","{'id': 13633, 'rank': 30, 'fitness': 0.01798620996209155, 'generation': 206}"
"{'id': 13687, 'rank': 1, 'fitness': 0.9820137900379085, 'generation': 207}","{'id': 13687, 'rank': 2, 'fitness': 0.9820137900379085, 'generation': 207}","{'id': 13687, 'rank': 3, 'fitness': 0.9820137900379085, 'generation': 207}","{'id': 13724, 'rank': 4, 'fitness': 0.9274549583780667, 'generation': 207}","{'id': 13327, 'rank': 5, 'fitness': 0.9036948224663133, 'generation': 207}","{'id': 13327, 'rank': 6, 'fitness': 0.9036948224663133, 'generation': 207}","{'id': 13327, 'rank': 7, 'fitness': 0.9036948224663133, 'generation': 207}","{'id': 13327, 'rank': 8, 'fitness': 0.9036948224663133, 'generation': 207}","{'id': 13327, 'rank': 9, 'fitness': 0.9036948224663133, 'generation': 207}","{'id': 13327, 'rank': 10, 'fitness': 0.9036948224663133, 'generation': 207}","{'id': 13327, 'rank': 11, 'fitness': 0.9036948224663133, 'generation': 207}","{'id': 13702, 'rank': 12, 'fitness': 0.858427645111741, 'generation': 207}","{'id': 13247, 'rank': 13, 'fitness': 0.6558156548686344, 'generation': 207}","{'id': 13247, 'rank': 14, 'fitness': 0.6558156548686344, 'generation': 207}","{'id': 13247, 'rank': 15, 'fitness': 0.6558156548686344, 'generation': 207}","{'id': 13247, 'rank': 16, 'fitness': 0.6558156548686344, 'generation': 207}","{'id': 13247, 'rank': 17, 'fitness': 0.6558156548686344, 'generation': 207}","{'id': 13247, 'rank': 18, 'fitness': 0.6558156548686344, 'generation': 207}","{'id': 13247, 'rank': 19, 'fitness': 0.6558156548686344, 'generation': 207}","{'id': 13247, 'rank': 20, 'fitness': 0.6558156548686344, 'generation': 207}","{'id': 13247, 'rank': 21, 'fitness': 0.6558156548686344, 'generation': 207}","{'id': 13247, 'rank': 22, 'fitness': 0.6558156548686344, 'generation': 207}","{'id': 13247, 'rank': 23, 'fitness': 0.6558156548686344, 'generation': 207}","{'id': 13247, 'rank': 24, 'fitness': 0.6558156548686344, 'generation': 207}","{'id': 13247, 'rank': 25, 'fitness': 0.6558156548686344, 'generation': 207}","{'id': 13247, 'rank': 26, 'fitness': 0.6558156548686344, 'generation': 207}","{'id': 13247, 'rank': 27, 'fitness': 0.6558156548686344, 'generation': 207}","{'id': 13247, 'rank': 28, 'fitness': 0.6558156548686344, 'generation': 207}","{'id': 13247, 'rank': 29, 'fitness': 0.6558156548686344, 'generation': 207}","{'id': 13677, 'rank': 30, 'fitness': 0.01798620996209155, 'generation': 207}"
"{'id': 13687, 'rank': 1, 'fitness': 0.9820137900379085, 'generation': 208}","{'id': 13687, 'rank': 2, 'fitness': 0.9820137900379085, 'generation': 208}","{'id': 13687, 'rank': 3, 'fitness': 0.9820137900379085, 'generation': 208}","{'id': 13687, 'rank': 4, 'fitness': 0.9820137900379085, 'generation': 208}","{'id': 13687, 'rank': 5, 'fitness': 0.9820137900379085, 'generation': 208}","{'id': 13687, 'rank': 6, 'fitness': 0.9820137900379085, 'generation': 208}","{'id': 13687, 'rank': 7, 'fitness': 0.9820137900379085, 'generation': 208}","{'id': 13687, 'rank': 8, 'fitness': 0.9820137900379085, 'generation': 208}","{'id': 13327, 'rank': 9, 'fitness': 0.9817265737509957, 'generation': 208}","{'id': 13327, 'rank': 10, 'fitness': 0.9817265737509957, 'generation': 208}","{'id': 13327, 'rank': 11, 'fitness': 0.9817265737509957, 'generation': 208}","{'id': 13327, 'rank': 12, 'fitness': 0.9817265737509957, 'generation': 208}","{'id': 13327, 'rank': 13, 'fitness': 0.9817265737509957, 'generation': 208}","{'id': 13327, 'rank': 14, 'fitness': 0.9817265737509957, 'generation': 208}","{'id': 13327, 'rank': 15, 'fitness': 0.9817265737509957, 'generation': 208}","{'id': 13327, 'rank': 16, 'fitness': 0.9817265737509957, 'generation': 208}","{'id': 13327, 'rank': 17, 'fitness': 0.9817265737509957, 'generation': 208}","{'id': 13327, 'rank': 18, 'fitness': 0.9817265737509957, 'generation': 208}","{'id': 13327, 'rank': 19, 'fitness': 0.9817265737509957, 'generation': 208}","{'id': 13247, 'rank': 20, 'fitness': 0.9814626768501737, 'generation': 208}","{'id': 13247, 'rank': 21, 'fitness': 0.9814626768501737, 'generation': 208}","{'id': 13247, 'rank': 22, 'fitness': 0.9814626768501737, 'generation': 208}","{'id': 13247, 'rank': 23, 'fitness': 0.9814626768501737, 'generation': 208}","{'id': 13247, 'rank': 24, 'fitness': 0.9814626768501737, 'generation': 208}","{'id': 13247, 'rank': 25, 'fitness': 0.9814626768501737, 'generation': 208}","{'id': 13247, 'rank': 26, 'fitness': 0.9814626768501737, 'generation': 208}","{'id': 13247, 'rank': 27, 'fitness': 0.9814626768501737, 'generation': 208}","{'id': 13247, 'rank': 28, 'fitness': 0.9814626768501737, 'generation': 208}","{'id': 13790, 'rank': 29, 'fitness': 0.9807959477149433, 'generation': 208}","{'id': 13776, 'rank': 30, 'fitness': 0.01798620996209155, 'generation': 208}"
"{'id': 13687, 'rank': 1, 'fitness': 0.9820137900379085, 'generation': 209}","{'id': 13687, 'rank': 2, 'fitness': 0.9820137900379085, 'generation': 209}","{'id': 13687, 'rank': 3, 'fitness': 0.9820137900379085, 'generation': 209}","{'id': 13687, 'rank': 4, 'fitness': 0.9820137900379085, 'generation': 209}","{'id': 13687, 'rank': 5, 'fitness': 0.9820137900379085, 'generation': 209}","{'id': 13687, 'rank': 6, 'fitness': 0.9820137900379085, 'generation': 209}","{'id': 13687, 'rank': 7, 'fitness': 0.9820137900379085, 'generation': 209}","{'id': 13687, 'rank': 8, 'fitness': 0.9820137900379085, 'generation': 209}","{'id': 13687, 'rank': 9, 'fitness': 0.9820137900379085, 'generation': 209}","{'id': 13687, 'rank': 10, 'fitness': 0.9820137900379085, 'generation': 209}","{'id': 13687, 'rank': 11, 'fitness': 0.9820137900379085, 'generation': 209}","{'id': 13867, 'rank': 12, 'fitness': 0.9674373858633645, 'generation': 209}","{'id': 13867, 'rank': 13, 'fitness': 0.9674373858633645, 'generation': 209}","{'id': 13327, 'rank': 14, 'fitness': 0.9657597513243159, 'generation': 209}","{'id': 13327, 'rank': 15, 'fitness': 0.9657597513243159, 'generation': 209}","{'id': 13327, 'rank': 16, 'fitness': 0.9657597513243159, 'generation': 209}","{'id': 13327, 'rank': 17, 'fitness': 0.9657597513243159, 'generation': 209}","{'id': 13327, 'rank': 18, 'fitness': 0.9657597513243159, 'generation': 209}","{'id': 13327, 'rank': 19, 'fitness': 0.9657597513243159, 'generation': 209}","{'id': 13327, 'rank': 20, 'fitness': 0.9657597513243159, 'generation': 209}","{'id': 13327, 'rank': 21, 'fitness': 0.9657597513243159, 'generation': 209}","{'id': 13327, 'rank': 22, 'fitness': 0.9657597513243159, 'generation': 209}","{'id': 13327, 'rank': 23, 'fitness': 0.9657597513243159, 'generation': 209}","{'id': 13327, 'rank': 24, 'fitness': 0.9657597513243159, 'generation': 209}","{'id': 13327, 'rank': 25, 'fitness': 0.9657597513243159, 'generation': 209}","{'id': 13880, 'rank': 26, 'fitness': 0.9608086609677472, 'generation': 209}","{'id': 13247, 'rank': 27, 'fitness': 0.9394356120156746, 'generation': 209}","{'id': 13247, 'rank': 28, 'fitness': 0.9394356120156746, 'generation': 209}","{'id': 13247, 'rank': 29, 'fitness': 0.9394356120156746, 'generation': 209}","{'id': 13859, 'rank': 30, 'fitness': 0.01798620996209155, 'generation': 209}"
"{'id': 13687, 'rank': 1, 'fitness': 0.9820137900379085, 'generation': 210}","{'id': 13687, 'rank': 2, 'fitness': 0.9820137900379085, 'generation': 210}","{'id': 13687, 'rank': 3, 'fitness': 0.9820137900379085, 'generation': 210}","{'id': 13687, 'rank': 4, 'fitness': 0.9820137900379085, 'generation': 210}","{'id': 13687, 'rank': 5, 'fitness': 0.9820137900379085, 'generation': 210}","{'id': 13687, 'rank': 6, 'fitness': 0.9820137900379085, 'generation': 210}","{'id': 13687, 'rank': 7, 'fitness': 0.9820137900379085, 'generation': 210}","{'id': 13687, 'rank': 8, 'fitness': 0.9820137900379085, 'generation': 210}","{'id': 13687, 'rank': 9, 'fitness': 0.9820137900379085, 'generation': 210}","{'id': 13687, 'rank': 10, 'fitness': 0.9820137900379085, 'generation': 210}","{'id': 13687, 'rank': 11, 'fitness': 0.9820137900379085, 'generation': 210}","{'id': 13687, 'rank': 12, 'fitness': 0.9820137900379085, 'generation': 210}","{'id': 13687, 'rank': 13, 'fitness': 0.9820137900379085, 'generation': 210}","{'id': 13687, 'rank': 14, 'fitness': 0.9820137900379085, 'generation': 210}","{'id': 13687, 'rank': 15, 'fitness': 0.9820137900379085, 'generation': 210}","{'id': 13903, 'rank': 16, 'fitness': 0.9413218751807281, 'generation': 210}","{'id': 13903, 'rank': 17, 'fitness': 0.9413218751807281, 'generation': 210}","{'id': 13867, 'rank': 18, 'fitness': 0.6409146418545248, 'generation': 210}","{'id': 13867, 'rank': 19, 'fitness': 0.6409146418545248, 'generation': 210}","{'id': 13948, 'rank': 20, 'fitness': 0.6006302437074329, 'generation': 210}","{'id': 13948, 'rank': 21, 'fitness': 0.6006302437074329, 'generation': 210}","{'id': 13327, 'rank': 22, 'fitness': 0.5713057581330417, 'generation': 210}","{'id': 13327, 'rank': 23, 'fitness': 0.5713057581330417, 'generation': 210}","{'id': 13327, 'rank': 24, 'fitness': 0.5713057581330417, 'generation': 210}","{'id': 13327, 'rank': 25, 'fitness': 0.5713057581330417, 'generation': 210}","{'id': 13327, 'rank': 26, 'fitness': 0.5713057581330417, 'generation': 210}","{'id': 13327, 'rank': 27, 'fitness': 0.5713057581330417, 'generation': 210}","{'id': 13247, 'rank': 28, 'fitness': 0.044190511168463065, 'generation': 210}","{'id': 13247, 'rank': 29, 'fitness': 0.044190511168463065, 'generation': 210}","{'id': 13932, 'rank': 30, 'fitness': 0.01798620996209155, 'generation': 210}"
"{'id': 13988, 'rank': 1, 'fitness': 0.9820137900379085, 'generation': 211}","{'id': 13988, 'rank': 2, 'fitness': 0.9820137900379085, 'generation': 211}","{'id': 14004, 'rank': 3, 'fitness': 0.7085101966273184, 'generation': 211}","{'id': 13687, 'rank': 4, 'fitness': 0.11813540459710309, 'generation': 211}","{'id': 13687, 'rank': 5, 'fitness': 0.11813540459710309, 'generation': 211}","{'id': 13687, 'rank': 6, 'fitness': 0.11813540459710309, 'generation': 211}","{'id': 13687, 'rank': 7, 'fitness': 0.11813540459710309, 'generation': 211}","{'id': 13687, 'rank': 8, 'fitness': 0.11813540459710309, 'generation': 211}","{'id': 13687, 'rank': 9, 'fitness': 0.11813540459710309, 'generation': 211}","{'id': 13687, 'rank': 10, 'fitness': 0.11813540459710309, 'generation': 211}","{'id': 13687, 'rank': 11, 'fitness': 0.11813540459710309, 'generation': 211}","{'id': 13687, 'rank': 12, 'fitness': 0.11813540459710309, 'generation': 211}","{'id': 13687, 'rank': 13, 'fitness': 0.11813540459710309, 'generation': 211}","{'id': 13687, 'rank': 14, 'fitness': 0.11813540459710309, 'generation': 211}","{'id': 13687, 'rank': 15, 'fitness': 0.11813540459710309, 'generation': 211}","{'id': 13687, 'rank': 16, 'fitness': 0.11813540459710309, 'generation': 211}","{'id': 13687, 'rank': 17, 'fitness': 0.11813540459710309, 'generation': 211}","{'id': 13687, 'rank': 18, 'fitness': 0.11813540459710309, 'generation': 211}","{'id': 13687, 'rank': 19, 'fitness': 0.11813540459710309, 'generation': 211}","{'id': 13687, 'rank': 20, 'fitness': 0.11813540459710309, 'generation': 211}","{'id': 13687, 'rank': 21, 'fitness': 0.11813540459710309, 'generation': 211}","{'id': 14035, 'rank': 22, 'fitness': 0.10242734967581435, 'generation': 211}","{'id': 13903, 'rank': 23, 'fitness': 0.08669176819201174, 'generation': 211}","{'id': 13903, 'rank': 24, 'fitness': 0.08669176819201174, 'generation': 211}","{'id': 13867, 'rank': 25, 'fitness': 0.04868966259797636, 'generation': 211}","{'id': 13867, 'rank': 26, 'fitness': 0.04868966259797636, 'generation': 211}","{'id': 13948, 'rank': 27, 'fitness': 0.046506464737829045, 'generation': 211}","{'id': 13327, 'rank': 28, 'fitness': 0.04502138711376957, 'generation': 211}","{'id': 13327, 'rank': 29, 'fitness': 0.04502138711376957, 'generation': 211}","{'id': 13247, 'rank': 30, 'fitness': 0.01798620996209155, 'generation': 211}"
"{'id': 13988, 'rank': 1, 'fitness': 0.9820137900379085, 'generation': 212}","{'id': 13988, 'rank': 2, 'fitness': 0.9820137900379085, 'generation': 212}","{'id': 13988, 'rank': 3, 'fitness': 0.9820137900379085, 'generation': 212}","{'id': 13988, 'rank': 4, 'fitness': 0.9820137900379085, 'generation': 212}","{'id': 13988, 'rank': 5, 'fitness': 0.9820137900379085, 'generation': 212}","{'id': 13988, 'rank': 6, 'fitness': 0.9820137900379085, 'generation': 212}","{'id': 13988, 'rank': 7, 'fitness': 0.9820137900379085, 'generation': 212}","{'id': 13988, 'rank': 8, 'fitness': 0.9820137900379085, 'generation': 212}","{'id': 13988, 'rank': 9, 'fitness': 0.9820137900379085, 'generation': 212}","{'id': 13988, 'rank': 10, 'fitness': 0.9820137900379085, 'generation': 212}","{'id': 13687, 'rank': 11, 'fitness': 0.01798620996209155, 'generation': 212}","{'id': 13687, 'rank': 12, 'fitness': 0.01798620996209155, 'generation': 212}","{'id': 13687, 'rank': 13, 'fitness': 0.01798620996209155, 'generation': 212}","{'id': 13687, 'rank': 14, 'fitness': 0.01798620996209155, 'generation': 212}","{'id': 13687, 'rank': 15, 'fitness': 0.01798620996209155, 'generation': 212}","{'id': 13687, 'rank': 16, 'fitness': 0.01798620996209155, 'generation': 212}","{'id': 13687, 'rank': 17, 'fitness': 0.01798620996209155, 'generation': 212}","{'id': 13687, 'rank': 18, 'fitness': 0.01798620996209155, 'generation': 212}","{'id': 13687, 'rank': 19, 'fitness': 0.01798620996209155, 'generation': 212}","{'id': 13687, 'rank': 20, 'fitness': 0.01798620996209155, 'generation': 212}","{'id': 13687, 'rank': 21, 'fitness': 0.01798620996209155, 'generation': 212}","{'id': 13687, 'rank': 22, 'fitness': 0.01798620996209155, 'generation': 212}","{'id': 13687, 'rank': 23, 'fitness': 0.01798620996209155, 'generation': 212}","{'id': 13687, 'rank': 24, 'fitness': 0.01798620996209155, 'generation': 212}","{'id': 13687, 'rank': 25, 'fitness': 0.01798620996209155, 'generation': 212}","{'id': 13687, 'rank': 26, 'fitness': 0.01798620996209155, 'generation': 212}","{'id': 13687, 'rank': 27, 'fitness': 0.01798620996209155, 'generation': 212}","{'id': 13687, 'rank': 28, 'fitness': 0.01798620996209155, 'generation': 212}","{'id': 13687, 'rank': 29, 'fitness': 0.01798620996209155, 'generation': 212}","{'id': 13687, 'rank': 30, 'fitness': 0.01798620996209155, 'generation': 212}"
"{'id': 14103, 'rank': 1, 'fitness': 0.9820137900379085, 'generation': 213}","{'id': 14103, 'rank': 2, 'fitness': 0.9820137900379085, 'generation': 213}","{'id': 14103, 'rank': 3, 'fitness': 0.9820137900379085, 'generation': 213}","{'id': 14103, 'rank': 4, 'fitness': 0.9820137900379085, 'generation': 213}","{'id': 14103, 'rank': 5, 'fitness': 0.9820137900379085, 'generation': 213}","{'id': 14103, 'rank': 6, 'fitness': 0.9820137900379085, 'generation': 213}","{'id': 14103, 'rank': 7, 'fitness': 0.9820137900379085, 'generation': 213}","{'id': 13988, 'rank': 8, 'fitness': 0.537955620622944, 'generation': 213}","{'id': 13988, 'rank': 9, 'fitness': 0.537955620622944, 'generation': 213}","{'id': 13988, 'rank': 10, 'fitness': 0.537955620622944, 'generation': 213}","{'id': 13988, 'rank': 11, 'fitness': 0.537955620622944, 'generation': 213}","{'id': 13988, 'rank': 12, 'fitness': 0.537955620622944, 'generation': 213}","{'id': 13988, 'rank': 13, 'fitness': 0.537955620622944, 'generation': 213}","{'id': 13988, 'rank': 14, 'fitness': 0.537955620622944, 'generation': 213}","{'id': 13988, 'rank': 15, 'fitness': 0.537955620622944, 'generation': 213}","{'id': 13988, 'rank': 16, 'fitness': 0.537955620622944, 'generation': 213}","{'id': 13988, 'rank': 17, 'fitness': 0.537955620622944, 'generation': 213}","{'id': 13988, 'rank': 18, 'fitness': 0.537955620622944, 'generation': 213}","{'id': 13988, 'rank': 19, 'fitness': 0.537955620622944, 'generation': 213}","{'id': 13988, 'rank': 20, 'fitness': 0.537955620622944, 'generation': 213}","{'id': 14107, 'rank': 21, 'fitness': 0.2512951750493372, 'generation': 213}","{'id': 14146, 'rank': 22, 'fitness': 0.07513719162992866, 'generation': 213}","{'id': 14119, 'rank': 23, 'fitness': 0.038405842808034385, 'generation': 213}","{'id': 14119, 'rank': 24, 'fitness': 0.038405842808034385, 'generation': 213}","{'id': 14119, 'rank': 25, 'fitness': 0.038405842808034385, 'generation': 213}","{'id': 13687, 'rank': 26, 'fitness': 0.01798620996209155, 'generation': 213}","{'id': 13687, 'rank': 27, 'fitness': 0.01798620996209155, 'generation': 213}","{'id': 13687, 'rank': 28, 'fitness': 0.01798620996209155, 'generation': 213}","{'id': 13687, 'rank': 29, 'fitness': 0.01798620996209155, 'generation': 213}","{'id': 13687, 'rank': 30, 'fitness': 0.01798620996209155, 'generation': 213}"
"{'id': 14103, 'rank': 1, 'fitness': 0.9820137900379085, 'generation': 214}","{'id': 14103, 'rank': 2, 'fitness': 0.9820137900379085, 'generation': 214}","{'id': 14103, 'rank': 3, 'fitness': 0.9820137900379085, 'generation': 214}","{'id': 14103, 'rank': 4, 'fitness': 0.9820137900379085, 'generation': 214}","{'id': 14103, 'rank': 5, 'fitness': 0.9820137900379085, 'generation': 214}","{'id': 14103, 'rank': 6, 'fitness': 0.9820137900379085, 'generation': 214}","{'id': 14103, 'rank': 7, 'fitness': 0.9820137900379085, 'generation': 214}","{'id': 14103, 'rank': 8, 'fitness': 0.9820137900379085, 'generation': 214}","{'id': 14193, 'rank': 9, 'fitness': 0.9328308208205259, 'generation': 214}","{'id': 14174, 'rank': 10, 'fitness': 0.8050508488957269, 'generation': 214}","{'id': 14174, 'rank': 11, 'fitness': 0.8050508488957269, 'generation': 214}","{'id': 13988, 'rank': 12, 'fitness': 0.43453835265769414, 'generation': 214}","{'id': 13988, 'rank': 13, 'fitness': 0.43453835265769414, 'generation': 214}","{'id': 13988, 'rank': 14, 'fitness': 0.43453835265769414, 'generation': 214}","{'id': 13988, 'rank': 15, 'fitness': 0.43453835265769414, 'generation': 214}","{'id': 13988, 'rank': 16, 'fitness': 0.43453835265769414, 'generation': 214}","{'id': 13988, 'rank': 17, 'fitness': 0.43453835265769414, 'generation': 214}","{'id': 13988, 'rank': 18, 'fitness': 0.43453835265769414, 'generation': 214}","{'id': 13988, 'rank': 19, 'fitness': 0.43453835265769414, 'generation': 214}","{'id': 13988, 'rank': 20, 'fitness': 0.43453835265769414, 'generation': 214}","{'id': 13988, 'rank': 21, 'fitness': 0.43453835265769414, 'generation': 214}","{'id': 13988, 'rank': 22, 'fitness': 0.43453835265769414, 'generation': 214}","{'id': 13988, 'rank': 23, 'fitness': 0.43453835265769414, 'generation': 214}","{'id': 13988, 'rank': 24, 'fitness': 0.43453835265769414, 'generation': 214}","{'id': 13988, 'rank': 25, 'fitness': 0.43453835265769414, 'generation': 214}","{'id': 13988, 'rank': 26, 'fitness': 0.43453835265769414, 'generation': 214}","{'id': 13988, 'rank': 27, 'fitness': 0.43453835265769414, 'generation': 214}","{'id': 14165, 'rank': 28, 'fitness': 0.4080806225279693, 'generation': 214}","{'id': 14165, 'rank': 29, 'fitness': 0.4080806225279693, 'generation': 214}","{'id': 14119, 'rank': 30, 'fitness': 0.01798620996209155, 'generation': 214}"
"{'id': 14263, 'rank': 1, 'fitness': 0.9820137900379085, 'generation': 215}","{'id': 14251, 'rank': 2, 'fitness': 0.9804577811517409, 'generation': 215}","{'id': 14251, 'rank': 3, 'fitness': 0.9804577811517409, 'generation': 215}","{'id': 14251, 'rank': 4, 'fitness': 0.9804577811517409, 'generation': 215}","{'id': 14251, 'rank': 5, 'fitness': 0.9804577811517409, 'generation': 215}","{'id': 14103, 'rank': 6, 'fitness': 0.9522414363321123, 'generation': 215}","{'id': 14103, 'rank': 7, 'fitness': 0.9522414363321123, 'generation': 215}","{'id': 14103, 'rank': 8, 'fitness': 0.9522414363321123, 'generation': 215}","{'id': 14103, 'rank': 9, 'fitness': 0.9522414363321123, 'generation': 215}","{'id': 14103, 'rank': 10, 'fitness': 0.9522414363321123, 'generation': 215}","{'id': 14103, 'rank': 11, 'fitness': 0.9522414363321123, 'generation': 215}","{'id': 14103, 'rank': 12, 'fitness': 0.9522414363321123, 'generation': 215}","{'id': 14103, 'rank': 13, 'fitness': 0.9522414363321123, 'generation': 215}","{'id': 14193, 'rank': 14, 'fitness': 0.9105752748014986, 'generation': 215}","{'id': 14174, 'rank': 15, 'fitness': 0.8488160352023937, 'generation': 215}","{'id': 13988, 'rank': 16, 'fitness': 0.7109400613462447, 'generation': 215}","{'id': 13988, 'rank': 17, 'fitness': 0.7109400613462447, 'generation': 215}","{'id': 13988, 'rank': 18, 'fitness': 0.7109400613462447, 'generation': 215}","{'id': 13988, 'rank': 19, 'fitness': 0.7109400613462447, 'generation': 215}","{'id': 13988, 'rank': 20, 'fitness': 0.7109400613462447, 'generation': 215}","{'id': 13988, 'rank': 21, 'fitness': 0.7109400613462447, 'generation': 215}","{'id': 13988, 'rank': 22, 'fitness': 0.7109400613462447, 'generation': 215}","{'id': 13988, 'rank': 23, 'fitness': 0.7109400613462447, 'generation': 215}","{'id': 13988, 'rank': 24, 'fitness': 0.7109400613462447, 'generation': 215}","{'id': 13988, 'rank': 25, 'fitness': 0.7109400613462447, 'generation': 215}","{'id': 13988, 'rank': 26, 'fitness': 0.7109400613462447, 'generation': 215}","{'id': 14235, 'rank': 27, 'fitness': 0.32421434771631114, 'generation': 215}","{'id': 14235, 'rank': 28, 'fitness': 0.32421434771631114, 'generation': 215}","{'id': 14267, 'rank': 29, 'fitness': 0.17833563241089395, 'generation': 215}","{'id': 14266, 'rank': 30, 'fitness': 0.01798620996209155, 'generation': 215}"
"{'id': 14263, 'rank': 1, 'fitness': 0.9820137900379085, 'generation': 216}","{'id': 14251, 'rank': 2, 'fitness': 0.9815260383535065, 'generation': 216}","{'id': 14251, 'rank': 3, 'fitness': 0.9815260383535065, 'generation': 216}","{'id': 14251, 'rank': 4, 'fitness': 0.9815260383535065, 'generation': 216}","{'id': 14251, 'rank': 5, 'fitness': 0.9815260383535065, 'generation': 216}","{'id': 14251, 'rank': 6, 'fitness': 0.9815260383535065, 'generation': 216}","{'id': 14251, 'rank': 7, 'fitness': 0.9815260383535065, 'generation': 216}","{'id': 14251, 'rank': 8, 'fitness': 0.9815260383535065, 'generation': 216}","{'id': 14251, 'rank': 9, 'fitness': 0.9815260383535065, 'generation': 216}","{'id': 14251, 'rank': 10, 'fitness': 0.9815260383535065, 'generation': 216}","{'id': 14337, 'rank': 11, 'fitness': 0.9809369415931258, 'generation': 216}","{'id': 14337, 'rank': 12, 'fitness': 0.9809369415931258, 'generation': 216}","{'id': 14337, 'rank': 13, 'fitness': 0.9809369415931258, 'generation': 216}","{'id': 14103, 'rank': 14, 'fitness': 0.9752851310976647, 'generation': 216}","{'id': 14103, 'rank': 15, 'fitness': 0.9752851310976647, 'generation': 216}","{'id': 14103, 'rank': 16, 'fitness': 0.9752851310976647, 'generation': 216}","{'id': 14103, 'rank': 17, 'fitness': 0.9752851310976647, 'generation': 216}","{'id': 14103, 'rank': 18, 'fitness': 0.9752851310976647, 'generation': 216}","{'id': 14193, 'rank': 19, 'fitness': 0.9694906909082559, 'generation': 216}","{'id': 14193, 'rank': 20, 'fitness': 0.9694906909082559, 'generation': 216}","{'id': 13988, 'rank': 21, 'fitness': 0.9526114185030483, 'generation': 216}","{'id': 13988, 'rank': 22, 'fitness': 0.9526114185030483, 'generation': 216}","{'id': 13988, 'rank': 23, 'fitness': 0.9526114185030483, 'generation': 216}","{'id': 13988, 'rank': 24, 'fitness': 0.9526114185030483, 'generation': 216}","{'id': 13988, 'rank': 25, 'fitness': 0.9526114185030483, 'generation': 216}","{'id': 14307, 'rank': 26, 'fitness': 0.9398535885406688, 'generation': 216}","{'id': 14235, 'rank': 27, 'fitness': 0.9223014150480061, 'generation': 216}","{'id': 14267, 'rank': 28, 'fitness': 0.9018880498114024, 'generation': 216}","{'id': 14334, 'rank': 29, 'fitness': 0.8129372212057695, 'generation': 216}","{'id': 14289, 'rank': 30, 'fitness': 0.01798620996209155, 'generation': 216}"
"{'id': 14263, 'rank': 1, 'fitness': 0.9820137900379085, 'generation': 217}","{'id': 14263, 'rank': 2, 'fitness': 0.9820137900379085, 'generation': 217}","{'id': 14263, 'rank': 3, 'fitness': 0.9820137900379085, 'generation': 217}","{'id': 14251, 'rank': 4, 'fitness': 0.9786191919086374, 'generation': 217}","{'id': 14251, 'rank': 5, 'fitness': 0.9786191919086374, 'generation': 217}","{'id': 14251, 'rank': 6, 'fitness': 0.9786191919086374, 'generation': 217}","{'id': 14251, 'rank': 7, 'fitness': 0.9786191919086374, 'generation': 217}","{'id': 14251, 'rank': 8, 'fitness': 0.9786191919086374, 'generation': 217}","{'id': 14251, 'rank': 9, 'fitness': 0.9786191919086374, 'generation': 217}","{'id': 14251, 'rank': 10, 'fitness': 0.9786191919086374, 'generation': 217}","{'id': 14251, 'rank': 11, 'fitness': 0.9786191919086374, 'generation': 217}","{'id': 14251, 'rank': 12, 'fitness': 0.9786191919086374, 'generation': 217}","{'id': 14251, 'rank': 13, 'fitness': 0.9786191919086374, 'generation': 217}","{'id': 14251, 'rank': 14, 'fitness': 0.9786191919086374, 'generation': 217}","{'id': 14337, 'rank': 15, 'fitness': 0.9738306294870704, 'generation': 217}","{'id': 14337, 'rank': 16, 'fitness': 0.9738306294870704, 'generation': 217}","{'id': 14337, 'rank': 17, 'fitness': 0.9738306294870704, 'generation': 217}","{'id': 14414, 'rank': 18, 'fitness': 0.9159291666810221, 'generation': 217}","{'id': 14414, 'rank': 19, 'fitness': 0.9159291666810221, 'generation': 217}","{'id': 14103, 'rank': 20, 'fitness': 0.8697917575690179, 'generation': 217}","{'id': 14103, 'rank': 21, 'fitness': 0.8697917575690179, 'generation': 217}","{'id': 14103, 'rank': 22, 'fitness': 0.8697917575690179, 'generation': 217}","{'id': 14193, 'rank': 23, 'fitness': 0.6219076851020958, 'generation': 217}","{'id': 14193, 'rank': 24, 'fitness': 0.6219076851020958, 'generation': 217}","{'id': 14411, 'rank': 25, 'fitness': 0.46646953800507523, 'generation': 217}","{'id': 14404, 'rank': 26, 'fitness': 0.3266264451724921, 'generation': 217}","{'id': 13988, 'rank': 27, 'fitness': 0.07832153474779524, 'generation': 217}","{'id': 14405, 'rank': 28, 'fitness': 0.030806727791888255, 'generation': 217}","{'id': 14352, 'rank': 29, 'fitness': 0.024666781512213687, 'generation': 217}","{'id': 14365, 'rank': 30, 'fitness': 0.01798620996209155, 'generation': 217}"
"{'id': 14484, 'rank': 1, 'fitness': 0.9820137900379085, 'generation': 218}","{'id': 14484, 'rank': 2, 'fitness': 0.9820137900379085, 'generation': 218}","{'id': 14484, 'rank': 3, 'fitness': 0.9820137900379085, 'generation': 218}","{'id': 14484, 'rank': 4, 'fitness': 0.9820137900379085, 'generation': 218}","{'id': 14495, 'rank': 5, 'fitness': 0.8362173225224306, 'generation': 218}","{'id': 14263, 'rank': 6, 'fitness': 0.49158094070038494, 'generation': 218}","{'id': 14263, 'rank': 7, 'fitness': 0.49158094070038494, 'generation': 218}","{'id': 14251, 'rank': 8, 'fitness': 0.45468421837586737, 'generation': 218}","{'id': 14251, 'rank': 9, 'fitness': 0.45468421837586737, 'generation': 218}","{'id': 14251, 'rank': 10, 'fitness': 0.45468421837586737, 'generation': 218}","{'id': 14251, 'rank': 11, 'fitness': 0.45468421837586737, 'generation': 218}","{'id': 14251, 'rank': 12, 'fitness': 0.45468421837586737, 'generation': 218}","{'id': 14251, 'rank': 13, 'fitness': 0.45468421837586737, 'generation': 218}","{'id': 14251, 'rank': 14, 'fitness': 0.45468421837586737, 'generation': 218}","{'id': 14251, 'rank': 15, 'fitness': 0.45468421837586737, 'generation': 218}","{'id': 14251, 'rank': 16, 'fitness': 0.45468421837586737, 'generation': 218}","{'id': 14251, 'rank': 17, 'fitness': 0.45468421837586737, 'generation': 218}","{'id': 14251, 'rank': 18, 'fitness': 0.45468421837586737, 'generation': 218}","{'id': 14251, 'rank': 19, 'fitness': 0.45468421837586737, 'generation': 218}","{'id': 14251, 'rank': 20, 'fitness': 0.45468421837586737, 'generation': 218}","{'id': 14251, 'rank': 21, 'fitness': 0.45468421837586737, 'generation': 218}","{'id': 14337, 'rank': 22, 'fitness': 0.41202963317326013, 'generation': 218}","{'id': 14337, 'rank': 23, 'fitness': 0.41202963317326013, 'generation': 218}","{'id': 14337, 'rank': 24, 'fitness': 0.41202963317326013, 'generation': 218}","{'id': 14337, 'rank': 25, 'fitness': 0.41202963317326013, 'generation': 218}","{'id': 14103, 'rank': 26, 'fitness': 0.1421197346511539, 'generation': 218}","{'id': 14103, 'rank': 27, 'fitness': 0.1421197346511539, 'generation': 218}","{'id': 14411, 'rank': 28, 'fitness': 0.029162338269887622, 'generation': 218}","{'id': 14404, 'rank': 29, 'fitness': 0.01798620996209155, 'generation': 218}","{'id': 14404, 'rank': 30, 'fitness': 0.01798620996209155, 'generation': 218}"
"{'id': 14484, 'rank': 1, 'fitness': 0.9820137900379085, 'generation': 219}","{'id': 14484, 'rank': 2, 'fitness': 0.9820137900379085, 'generation': 219}","{'id': 14484, 'rank': 3, 'fitness': 0.9820137900379085, 'generation': 219}","{'id': 14484, 'rank': 4, 'fitness': 0.9820137900379085, 'generation': 219}","{'id': 14484, 'rank': 5, 'fitness': 0.9820137900379085, 'generation': 219}","{'id': 14484, 'rank': 6, 'fitness': 0.9820137900379085, 'generation': 219}","{'id': 14495, 'rank': 7, 'fitness': 0.674864823452231, 'generation': 219}","{'id': 14495, 'rank': 8, 'fitness': 0.674864823452231, 'generation': 219}","{'id': 14263, 'rank': 9, 'fitness': 0.17281423393772627, 'generation': 219}","{'id': 14263, 'rank': 10, 'fitness': 0.17281423393772627, 'generation': 219}","{'id': 14263, 'rank': 11, 'fitness': 0.17281423393772627, 'generation': 219}","{'id': 14263, 'rank': 12, 'fitness': 0.17281423393772627, 'generation': 219}","{'id': 14251, 'rank': 13, 'fitness': 0.14552473953771672, 'generation': 219}","{'id': 14251, 'rank': 14, 'fitness': 0.14552473953771672, 'generation': 219}","{'id': 14251, 'rank': 15, 'fitness': 0.14552473953771672, 'generation': 219}","{'id': 14251, 'rank': 16, 'fitness': 0.14552473953771672, 'generation': 219}","{'id': 14251, 'rank': 17, 'fitness': 0.14552473953771672, 'generation': 219}","{'id': 14251, 'rank': 18, 'fitness': 0.14552473953771672, 'generation': 219}","{'id': 14251, 'rank': 19, 'fitness': 0.14552473953771672, 'generation': 219}","{'id': 14251, 'rank': 20, 'fitness': 0.14552473953771672, 'generation': 219}","{'id': 14251, 'rank': 21, 'fitness': 0.14552473953771672, 'generation': 219}","{'id': 14251, 'rank': 22, 'fitness': 0.14552473953771672, 'generation': 219}","{'id': 14251, 'rank': 23, 'fitness': 0.14552473953771672, 'generation': 219}","{'id': 14251, 'rank': 24, 'fitness': 0.14552473953771672, 'generation': 219}","{'id': 14337, 'rank': 25, 'fitness': 0.11815869465250517, 'generation': 219}","{'id': 14337, 'rank': 26, 'fitness': 0.11815869465250517, 'generation': 219}","{'id': 14337, 'rank': 27, 'fitness': 0.11815869465250517, 'generation': 219}","{'id': 14337, 'rank': 28, 'fitness': 0.11815869465250517, 'generation': 219}","{'id': 14103, 'rank': 29, 'fitness': 0.01798620996209155, 'generation': 219}","{'id': 14103, 'rank': 30, 'fitness': 0.01798620996209155, 'generation': 219}"
"{'id': 14587, 'rank': 1, 'fitness': 0.9820137900379085, 'generation': 220}","{'id': 14587, 'rank': 2, 'fitness': 0.9820137900379085, 'generation': 220}","{'id': 14587, 'rank': 3, 'fitness': 0.9820137900379085, 'generation': 220}","{'id': 14484, 'rank': 4, 'fitness': 0.9524129671354375, 'generation': 220}","{'id': 14484, 'rank': 5, 'fitness': 0.9524129671354375, 'generation': 220}","{'id': 14484, 'rank': 6, 'fitness': 0.9524129671354375, 'generation': 220}","{'id': 14484, 'rank': 7, 'fitness': 0.9524129671354375, 'generation': 220}","{'id': 14484, 'rank': 8, 'fitness': 0.9524129671354375, 'generation': 220}","{'id': 14484, 'rank': 9, 'fitness': 0.9524129671354375, 'generation': 220}","{'id': 14484, 'rank': 10, 'fitness': 0.9524129671354375, 'generation': 220}","{'id': 14484, 'rank': 11, 'fitness': 0.9524129671354375, 'generation': 220}","{'id': 14484, 'rank': 12, 'fitness': 0.9524129671354375, 'generation': 220}","{'id': 14484, 'rank': 13, 'fitness': 0.9524129671354375, 'generation': 220}","{'id': 14484, 'rank': 14, 'fitness': 0.9524129671354375, 'generation': 220}","{'id': 14484, 'rank': 15, 'fitness': 0.9524129671354375, 'generation': 220}","{'id': 14484, 'rank': 16, 'fitness': 0.9524129671354375, 'generation': 220}","{'id': 14484, 'rank': 17, 'fitness': 0.9524129671354375, 'generation': 220}","{'id': 14484, 'rank': 18, 'fitness': 0.9524129671354375, 'generation': 220}","{'id': 14484, 'rank': 19, 'fitness': 0.9524129671354375, 'generation': 220}","{'id': 14484, 'rank': 20, 'fitness': 0.9524129671354375, 'generation': 220}","{'id': 14263, 'rank': 21, 'fitness': 0.029802019220738996, 'generation': 220}","{'id': 14263, 'rank': 22, 'fitness': 0.029802019220738996, 'generation': 220}","{'id': 14263, 'rank': 23, 'fitness': 0.029802019220738996, 'generation': 220}","{'id': 14263, 'rank': 24, 'fitness': 0.029802019220738996, 'generation': 220}","{'id': 14263, 'rank': 25, 'fitness': 0.029802019220738996, 'generation': 220}","{'id': 14263, 'rank': 26, 'fitness': 0.029802019220738996, 'generation': 220}","{'id': 14251, 'rank': 27, 'fitness': 0.023642307843603882, 'generation': 220}","{'id': 14251, 'rank': 28, 'fitness': 0.023642307843603882, 'generation': 220}","{'id': 14337, 'rank': 29, 'fitness': 0.01798620996209155, 'generation': 220}","{'id': 14337, 'rank': 30, 'fitness': 0.01798620996209155, 'generation': 220}"
"{'id': 14621, 'rank': 1, 'fitness': 0.9820137900379085, 'generation': 221}","{'id': 14587, 'rank': 2, 'fitness': 0.9802533883055812, 'generation': 221}","{'id': 14587, 'rank': 3, 'fitness': 0.9802533883055812, 'generation': 221}","{'id': 14587, 'rank': 4, 'fitness': 0.9802533883055812, 'generation': 221}","{'id': 14587, 'rank': 5, 'fitness': 0.9802533883055812, 'generation': 221}","{'id': 14587, 'rank': 6, 'fitness': 0.9802533883055812, 'generation': 221}","{'id': 14587, 'rank': 7, 'fitness': 0.9802533883055812, 'generation': 221}","{'id': 14587, 'rank': 8, 'fitness': 0.9802533883055812, 'generation': 221}","{'id': 14587, 'rank': 9, 'fitness': 0.9802533883055812, 'generation': 221}","{'id': 14484, 'rank': 10, 'fitness': 0.9784266465779781, 'generation': 221}","{'id': 14484, 'rank': 11, 'fitness': 0.9784266465779781, 'generation': 221}","{'id': 14484, 'rank': 12, 'fitness': 0.9784266465779781, 'generation': 221}","{'id': 14484, 'rank': 13, 'fitness': 0.9784266465779781, 'generation': 221}","{'id': 14484, 'rank': 14, 'fitness': 0.9784266465779781, 'generation': 221}","{'id': 14484, 'rank': 15, 'fitness': 0.9784266465779781, 'generation': 221}","{'id': 14484, 'rank': 16, 'fitness': 0.9784266465779781, 'generation': 221}","{'id': 14484, 'rank': 17, 'fitness': 0.9784266465779781, 'generation': 221}","{'id': 14484, 'rank': 18, 'fitness': 0.9784266465779781, 'generation': 221}","{'id': 14484, 'rank': 19, 'fitness': 0.9784266465779781, 'generation': 221}","{'id': 14484, 'rank': 20, 'fitness': 0.9784266465779781, 'generation': 221}","{'id': 14484, 'rank': 21, 'fitness': 0.9784266465779781, 'generation': 221}","{'id': 14484, 'rank': 22, 'fitness': 0.9784266465779781, 'generation': 221}","{'id': 14484, 'rank': 23, 'fitness': 0.9784266465779781, 'generation': 221}","{'id': 14484, 'rank': 24, 'fitness': 0.9784266465779781, 'generation': 221}","{'id': 14484, 'rank': 25, 'fitness': 0.9784266465779781, 'generation': 221}","{'id': 14636, 'rank': 26, 'fitness': 0.9720378290255877, 'generation': 221}","{'id': 14263, 'rank': 27, 'fitness': 0.9619917982398252, 'generation': 221}","{'id': 14263, 'rank': 28, 'fitness': 0.9619917982398252, 'generation': 221}","{'id': 14251, 'rank': 29, 'fitness': 0.9612010627490395, 'generation': 221}","{'id': 14641, 'rank': 30, 'fitness': 0.01798620996209155, 'generation': 221}"
"{'id': 14742, 'rank': 1, 'fitness': 0.9820137900379085, 'generation': 222}","{'id': 14676, 'rank': 2, 'fitness': 0.9356235997233795, 'generation': 222}","{'id': 14676, 'rank': 3, 'fitness': 0.9356235997233795, 'generation': 222}","{'id': 14676, 'rank': 4, 'fitness': 0.9356235997233795, 'generation': 222}","{'id': 14621, 'rank': 5, 'fitness': 0.8420444790436329, 'generation': 222}","{'id': 14671, 'rank': 6, 'fitness': 0.7999592498368007, 'generation': 222}","{'id': 14671, 'rank': 7, 'fitness': 0.7999592498368007, 'generation': 222}","{'id': 14587, 'rank': 8, 'fitness': 0.7282206091726404, 'generation': 222}","{'id': 14587, 'rank': 9, 'fitness': 0.7282206091726404, 'generation': 222}","{'id': 14587, 'rank': 10, 'fitness': 0.7282206091726404, 'generation': 222}","{'id': 14587, 'rank': 11, 'fitness': 0.7282206091726404, 'generation': 222}","{'id': 14587, 'rank': 12, 'fitness': 0.7282206091726404, 'generation': 222}","{'id': 14587, 'rank': 13, 'fitness': 0.7282206091726404, 'generation': 222}","{'id': 14587, 'rank': 14, 'fitness': 0.7282206091726404, 'generation': 222}","{'id': 14587, 'rank': 15, 'fitness': 0.7282206091726404, 'generation': 222}","{'id': 14587, 'rank': 16, 'fitness': 0.7282206091726404, 'generation': 222}","{'id': 14587, 'rank': 17, 'fitness': 0.7282206091726404, 'generation': 222}","{'id': 14484, 'rank': 18, 'fitness': 0.582393963928684, 'generation': 222}","{'id': 14484, 'rank': 19, 'fitness': 0.582393963928684, 'generation': 222}","{'id': 14484, 'rank': 20, 'fitness': 0.582393963928684, 'generation': 222}","{'id': 14484, 'rank': 21, 'fitness': 0.582393963928684, 'generation': 222}","{'id': 14484, 'rank': 22, 'fitness': 0.582393963928684, 'generation': 222}","{'id': 14484, 'rank': 23, 'fitness': 0.582393963928684, 'generation': 222}","{'id': 14484, 'rank': 24, 'fitness': 0.582393963928684, 'generation': 222}","{'id': 14484, 'rank': 25, 'fitness': 0.582393963928684, 'generation': 222}","{'id': 14484, 'rank': 26, 'fitness': 0.582393963928684, 'generation': 222}","{'id': 14484, 'rank': 27, 'fitness': 0.582393963928684, 'generation': 222}","{'id': 14484, 'rank': 28, 'fitness': 0.582393963928684, 'generation': 222}","{'id': 14745, 'rank': 29, 'fitness': 0.3983328722428216, 'generation': 222}","{'id': 14699, 'rank': 30, 'fitness': 0.01798620996209155, 'generation': 222}"
"{'id': 14742, 'rank': 1, 'fitness': 0.9820137900379085, 'generation': 223}","{'id': 14742, 'rank': 2, 'fitness': 0.9820137900379085, 'generation': 223}","{'id': 14742, 'rank': 3, 'fitness': 0.9820137900379085, 'generation': 223}","{'id': 14742, 'rank': 4, 'fitness': 0.9820137900379085, 'generation': 223}","{'id': 14676, 'rank': 5, 'fitness': 0.9809266724041379, 'generation': 223}","{'id': 14676, 'rank': 6, 'fitness': 0.9809266724041379, 'generation': 223}","{'id': 14676, 'rank': 7, 'fitness': 0.9809266724041379, 'generation': 223}","{'id': 14676, 'rank': 8, 'fitness': 0.9809266724041379, 'generation': 223}","{'id': 14676, 'rank': 9, 'fitness': 0.9809266724041379, 'generation': 223}","{'id': 14621, 'rank': 10, 'fitness': 0.9800602096783348, 'generation': 223}","{'id': 14671, 'rank': 11, 'fitness': 0.9798048177344212, 'generation': 223}","{'id': 14671, 'rank': 12, 'fitness': 0.9798048177344212, 'generation': 223}","{'id': 14671, 'rank': 13, 'fitness': 0.9798048177344212, 'generation': 223}","{'id': 14671, 'rank': 14, 'fitness': 0.9798048177344212, 'generation': 223}","{'id': 14587, 'rank': 15, 'fitness': 0.9794437400206761, 'generation': 223}","{'id': 14587, 'rank': 16, 'fitness': 0.9794437400206761, 'generation': 223}","{'id': 14587, 'rank': 17, 'fitness': 0.9794437400206761, 'generation': 223}","{'id': 14587, 'rank': 18, 'fitness': 0.9794437400206761, 'generation': 223}","{'id': 14587, 'rank': 19, 'fitness': 0.9794437400206761, 'generation': 223}","{'id': 14587, 'rank': 20, 'fitness': 0.9794437400206761, 'generation': 223}","{'id': 14587, 'rank': 21, 'fitness': 0.9794437400206761, 'generation': 223}","{'id': 14587, 'rank': 22, 'fitness': 0.9794437400206761, 'generation': 223}","{'id': 14587, 'rank': 23, 'fitness': 0.9794437400206761, 'generation': 223}","{'id': 14587, 'rank': 24, 'fitness': 0.9794437400206761, 'generation': 223}","{'id': 14484, 'rank': 25, 'fitness': 0.9788413037279091, 'generation': 223}","{'id': 14484, 'rank': 26, 'fitness': 0.9788413037279091, 'generation': 223}","{'id': 14699, 'rank': 27, 'fitness': 0.9743839072037069, 'generation': 223}","{'id': 14769, 'rank': 28, 'fitness': 0.27280633948672406, 'generation': 223}","{'id': 14756, 'rank': 29, 'fitness': 0.061769366022179306, 'generation': 223}","{'id': 14754, 'rank': 30, 'fitness': 0.01798620996209155, 'generation': 223}"
"{'id': 14868, 'rank': 1, 'fitness': 0.9820137900379085, 'generation': 224}","{'id': 14868, 'rank': 2, 'fitness': 0.9820137900379085, 'generation': 224}","{'id': 14868, 'rank': 3, 'fitness': 0.9820137900379085, 'generation': 224}","{'id': 14742, 'rank': 4, 'fitness': 0.9734309146745466, 'generation': 224}","{'id': 14742, 'rank': 5, 'fitness': 0.9734309146745466, 'generation': 224}","{'id': 14742, 'rank': 6, 'fitness': 0.9734309146745466, 'generation': 224}","{'id': 14742, 'rank': 7, 'fitness': 0.9734309146745466, 'generation': 224}","{'id': 14742, 'rank': 8, 'fitness': 0.9734309146745466, 'generation': 224}","{'id': 14742, 'rank': 9, 'fitness': 0.9734309146745466, 'generation': 224}","{'id': 14742, 'rank': 10, 'fitness': 0.9734309146745466, 'generation': 224}","{'id': 14742, 'rank': 11, 'fitness': 0.9734309146745466, 'generation': 224}","{'id': 14676, 'rank': 12, 'fitness': 0.9049187029047595, 'generation': 224}","{'id': 14676, 'rank': 13, 'fitness': 0.9049187029047595, 'generation': 224}","{'id': 14676, 'rank': 14, 'fitness': 0.9049187029047595, 'generation': 224}","{'id': 14676, 'rank': 15, 'fitness': 0.9049187029047595, 'generation': 224}","{'id': 14676, 'rank': 16, 'fitness': 0.9049187029047595, 'generation': 224}","{'id': 14676, 'rank': 17, 'fitness': 0.9049187029047595, 'generation': 224}","{'id': 14676, 'rank': 18, 'fitness': 0.9049187029047595, 'generation': 224}","{'id': 14676, 'rank': 19, 'fitness': 0.9049187029047595, 'generation': 224}","{'id': 14676, 'rank': 20, 'fitness': 0.9049187029047595, 'generation': 224}","{'id': 14621, 'rank': 21, 'fitness': 0.7741075965197652, 'generation': 224}","{'id': 14671, 'rank': 22, 'fitness': 0.7188704710799233, 'generation': 224}","{'id': 14671, 'rank': 23, 'fitness': 0.7188704710799233, 'generation': 224}","{'id': 14671, 'rank': 24, 'fitness': 0.7188704710799233, 'generation': 224}","{'id': 14587, 'rank': 25, 'fitness': 0.62972742622916, 'generation': 224}","{'id': 14822, 'rank': 26, 'fitness': 0.2029848228729172, 'generation': 224}","{'id': 14880, 'rank': 27, 'fitness': 0.12434413288649698, 'generation': 224}","{'id': 14880, 'rank': 28, 'fitness': 0.12434413288649698, 'generation': 224}","{'id': 14847, 'rank': 29, 'fitness': 0.022007144820519575, 'generation': 224}","{'id': 14884, 'rank': 30, 'fitness': 0.01798620996209155, 'generation': 224}"
"{'id': 14932, 'rank': 1, 'fitness': 0.9820137900379085, 'generation': 225}","{'id': 14868, 'rank': 2, 'fitness': 0.9816592165705003, 'generation': 225}","{'id': 14868, 'rank': 3, 'fitness': 0.9816592165705003, 'generation': 225}","{'id': 14742, 'rank': 4, 'fitness': 0.9814973680587974, 'generation': 225}","{'id': 14742, 'rank': 5, 'fitness': 0.9814973680587974, 'generation': 225}","{'id': 14742, 'rank': 6, 'fitness': 0.9814973680587974, 'generation': 225}","{'id': 14742, 'rank': 7, 'fitness': 0.9814973680587974, 'generation': 225}","{'id': 14742, 'rank': 8, 'fitness': 0.9814973680587974, 'generation': 225}","{'id': 14742, 'rank': 9, 'fitness': 0.9814973680587974, 'generation': 225}","{'id': 14742, 'rank': 10, 'fitness': 0.9814973680587974, 'generation': 225}","{'id': 14742, 'rank': 11, 'fitness': 0.9814973680587974, 'generation': 225}","{'id': 14676, 'rank': 12, 'fitness': 0.9809400436008402, 'generation': 225}","{'id': 14676, 'rank': 13, 'fitness': 0.9809400436008402, 'generation': 225}","{'id': 14676, 'rank': 14, 'fitness': 0.9809400436008402, 'generation': 225}","{'id': 14676, 'rank': 15, 'fitness': 0.9809400436008402, 'generation': 225}","{'id': 14676, 'rank': 16, 'fitness': 0.9809400436008402, 'generation': 225}","{'id': 14676, 'rank': 17, 'fitness': 0.9809400436008402, 'generation': 225}","{'id': 14676, 'rank': 18, 'fitness': 0.9809400436008402, 'generation': 225}","{'id': 14676, 'rank': 19, 'fitness': 0.9809400436008402, 'generation': 225}","{'id': 14676, 'rank': 20, 'fitness': 0.9809400436008402, 'generation': 225}","{'id': 14621, 'rank': 21, 'fitness': 0.980506782564865, 'generation': 225}","{'id': 14671, 'rank': 22, 'fitness': 0.9803808245682365, 'generation': 225}","{'id': 14671, 'rank': 23, 'fitness': 0.9803808245682365, 'generation': 225}","{'id': 14587, 'rank': 24, 'fitness': 0.9802040493688042, 'generation': 225}","{'id': 14908, 'rank': 25, 'fitness': 0.9796884375256443, 'generation': 225}","{'id': 14909, 'rank': 26, 'fitness': 0.9786337746751841, 'generation': 225}","{'id': 14847, 'rank': 27, 'fitness': 0.9782305602020416, 'generation': 225}","{'id': 14986, 'rank': 28, 'fitness': 0.9781335549373176, 'generation': 225}","{'id': 14986, 'rank': 29, 'fitness': 0.9781335549373176, 'generation': 225}","{'id': 14928, 'rank': 30, 'fitness': 0.01798620996209155, 'generation': 225}"
"{'id': 14932, 'rank': 1, 'fitness': 0.9820137900379085, 'generation': 226}","{'id': 14932, 'rank': 2, 'fitness': 0.9820137900379085, 'generation': 226}","{'id': 14932, 'rank': 3, 'fitness': 0.9820137900379085, 'generation': 226}","{'id': 14868, 'rank': 4, 'fitness': 0.9655897639606819, 'generation': 226}","{'id': 14868, 'rank': 5, 'fitness': 0.9655897639606819, 'generation': 226}","{'id': 14868, 'rank': 6, 'fitness': 0.9655897639606819, 'generation': 226}","{'id': 14742, 'rank': 7, 'fitness': 0.9541193723676733, 'generation': 226}","{'id': 14742, 'rank': 8, 'fitness': 0.9541193723676733, 'generation': 226}","{'id': 14742, 'rank': 9, 'fitness': 0.9541193723676733, 'generation': 226}","{'id': 14742, 'rank': 10, 'fitness': 0.9541193723676733, 'generation': 226}","{'id': 14742, 'rank': 11, 'fitness': 0.9541193723676733, 'generation': 226}","{'id': 14742, 'rank': 12, 'fitness': 0.9541193723676733, 'generation': 226}","{'id': 14742, 'rank': 13, 'fitness': 0.9541193723676733, 'generation': 226}","{'id': 14742, 'rank': 14, 'fitness': 0.9541193723676733, 'generation': 226}","{'id': 14742, 'rank': 15, 'fitness': 0.9541193723676733, 'generation': 226}","{'id': 14742, 'rank': 16, 'fitness': 0.9541193723676733, 'generation': 226}","{'id': 14742, 'rank': 17, 'fitness': 0.9541193723676733, 'generation': 226}","{'id': 14742, 'rank': 18, 'fitness': 0.9541193723676733, 'generation': 226}","{'id': 14676, 'rank': 19, 'fitness': 0.8831142413815428, 'generation': 226}","{'id': 14676, 'rank': 20, 'fitness': 0.8831142413815428, 'generation': 226}","{'id': 14676, 'rank': 21, 'fitness': 0.8831142413815428, 'generation': 226}","{'id': 14676, 'rank': 22, 'fitness': 0.8831142413815428, 'generation': 226}","{'id': 14676, 'rank': 23, 'fitness': 0.8831142413815428, 'generation': 226}","{'id': 14676, 'rank': 24, 'fitness': 0.8831142413815428, 'generation': 226}","{'id': 14676, 'rank': 25, 'fitness': 0.8831142413815428, 'generation': 226}","{'id': 15022, 'rank': 26, 'fitness': 0.8417862888208283, 'generation': 226}","{'id': 15016, 'rank': 27, 'fitness': 0.7829360793380487, 'generation': 226}","{'id': 14994, 'rank': 28, 'fitness': 0.6210754766262848, 'generation': 226}","{'id': 14909, 'rank': 29, 'fitness': 0.13235387894050366, 'generation': 226}","{'id': 15045, 'rank': 30, 'fitness': 0.01798620996209155, 'generation': 226}"
"{'id': 14932, 'rank': 1, 'fitness': 0.9820137900379085, 'generation': 227}","{'id': 14932, 'rank': 2, 'fitness': 0.9820137900379085, 'generation': 227}","{'id': 14932, 'rank': 3, 'fitness': 0.9820137900379085, 'generation': 227}","{'id': 14932, 'rank': 4, 'fitness': 0.9820137900379085, 'generation': 227}","{'id': 14868, 'rank': 5, 'fitness': 0.977882605663517, 'generation': 227}","{'id': 14868, 'rank': 6, 'fitness': 0.977882605663517, 'generation': 227}","{'id': 14868, 'rank': 7, 'fitness': 0.977882605663517, 'generation': 227}","{'id': 14868, 'rank': 8, 'fitness': 0.977882605663517, 'generation': 227}","{'id': 14868, 'rank': 9, 'fitness': 0.977882605663517, 'generation': 227}","{'id': 14868, 'rank': 10, 'fitness': 0.977882605663517, 'generation': 227}","{'id': 14868, 'rank': 11, 'fitness': 0.977882605663517, 'generation': 227}","{'id': 14742, 'rank': 12, 'fitness': 0.9757325123993857, 'generation': 227}","{'id': 14742, 'rank': 13, 'fitness': 0.9757325123993857, 'generation': 227}","{'id': 14742, 'rank': 14, 'fitness': 0.9757325123993857, 'generation': 227}","{'id': 14742, 'rank': 15, 'fitness': 0.9757325123993857, 'generation': 227}","{'id': 14742, 'rank': 16, 'fitness': 0.9757325123993857, 'generation': 227}","{'id': 14742, 'rank': 17, 'fitness': 0.9757325123993857, 'generation': 227}","{'id': 14742, 'rank': 18, 'fitness': 0.9757325123993857, 'generation': 227}","{'id': 14742, 'rank': 19, 'fitness': 0.9757325123993857, 'generation': 227}","{'id': 14742, 'rank': 20, 'fitness': 0.9757325123993857, 'generation': 227}","{'id': 14742, 'rank': 21, 'fitness': 0.9757325123993857, 'generation': 227}","{'id': 14742, 'rank': 22, 'fitness': 0.9757325123993857, 'generation': 227}","{'id': 14742, 'rank': 23, 'fitness': 0.9757325123993857, 'generation': 227}","{'id': 14742, 'rank': 24, 'fitness': 0.9757325123993857, 'generation': 227}","{'id': 14676, 'rank': 25, 'fitness': 0.9668541633829951, 'generation': 227}","{'id': 14676, 'rank': 26, 'fitness': 0.9668541633829951, 'generation': 227}","{'id': 15016, 'rank': 27, 'fitness': 0.9584639124922695, 'generation': 227}","{'id': 15134, 'rank': 28, 'fitness': 0.08442585427609794, 'generation': 227}","{'id': 15138, 'rank': 29, 'fitness': 0.01798620996209155, 'generation': 227}","{'id': 15138, 'rank': 30, 'fitness': 0.01798620996209155, 'generation': 227}"
"{'id': 15193, 'rank': 1, 'fitness': 0.9820137900379085, 'generation': 228}","{'id': 14932, 'rank': 2, 'fitness': 0.9654095563434099, 'generation': 228}","{'id': 14932, 'rank': 3, 'fitness': 0.9654095563434099, 'generation': 228}","{'id': 14932, 'rank': 4, 'fitness': 0.9654095563434099, 'generation': 228}","{'id': 14932, 'rank': 5, 'fitness': 0.9654095563434099, 'generation': 228}","{'id': 14932, 'rank': 6, 'fitness': 0.9654095563434099, 'generation': 228}","{'id': 14932, 'rank': 7, 'fitness': 0.9654095563434099, 'generation': 228}","{'id': 15232, 'rank': 8, 'fitness': 0.9526784060269173, 'generation': 228}","{'id': 15232, 'rank': 9, 'fitness': 0.9526784060269173, 'generation': 228}","{'id': 14868, 'rank': 10, 'fitness': 0.9423190724697302, 'generation': 228}","{'id': 14868, 'rank': 11, 'fitness': 0.9423190724697302, 'generation': 228}","{'id': 14868, 'rank': 12, 'fitness': 0.9423190724697302, 'generation': 228}","{'id': 14868, 'rank': 13, 'fitness': 0.9423190724697302, 'generation': 228}","{'id': 14868, 'rank': 14, 'fitness': 0.9423190724697302, 'generation': 228}","{'id': 14868, 'rank': 15, 'fitness': 0.9423190724697302, 'generation': 228}","{'id': 14868, 'rank': 16, 'fitness': 0.9423190724697302, 'generation': 228}","{'id': 14742, 'rank': 17, 'fitness': 0.9277296211939491, 'generation': 228}","{'id': 14742, 'rank': 18, 'fitness': 0.9277296211939491, 'generation': 228}","{'id': 14742, 'rank': 19, 'fitness': 0.9277296211939491, 'generation': 228}","{'id': 14742, 'rank': 20, 'fitness': 0.9277296211939491, 'generation': 228}","{'id': 14742, 'rank': 21, 'fitness': 0.9277296211939491, 'generation': 228}","{'id': 14742, 'rank': 22, 'fitness': 0.9277296211939491, 'generation': 228}","{'id': 14742, 'rank': 23, 'fitness': 0.9277296211939491, 'generation': 228}","{'id': 14742, 'rank': 24, 'fitness': 0.9277296211939491, 'generation': 228}","{'id': 14676, 'rank': 25, 'fitness': 0.8503911467219054, 'generation': 228}","{'id': 15199, 'rank': 26, 'fitness': 0.7647801200529751, 'generation': 228}","{'id': 15188, 'rank': 27, 'fitness': 0.7621058245214015, 'generation': 228}","{'id': 15219, 'rank': 28, 'fitness': 0.18776399172257618, 'generation': 228}","{'id': 15233, 'rank': 29, 'fitness': 0.03692301557848321, 'generation': 228}","{'id': 15231, 'rank': 30, 'fitness': 0.01798620996209155, 'generation': 228}"
"{'id': 15193, 'rank': 1, 'fitness': 0.9820137900379085, 'generation': 229}","{'id': 14932, 'rank': 2, 'fitness': 0.978552252076571, 'generation': 229}","{'id': 14932, 'rank': 3, 'fitness': 0.978552252076571, 'generation': 229}","{'id': 14932, 'rank': 4, 'fitness': 0.978552252076571, 'generation': 229}","{'id': 14932, 'rank': 5, 'fitness': 0.978552252076571, 'generation': 229}","{'id': 14932, 'rank': 6, 'fitness': 0.978552252076571, 'generation': 229}","{'id': 14932, 'rank': 7, 'fitness': 0.978552252076571, 'generation': 229}","{'id': 14932, 'rank': 8, 'fitness': 0.978552252076571, 'generation': 229}","{'id': 14932, 'rank': 9, 'fitness': 0.978552252076571, 'generation': 229}","{'id': 14932, 'rank': 10, 'fitness': 0.978552252076571, 'generation': 229}","{'id': 14932, 'rank': 11, 'fitness': 0.978552252076571, 'generation': 229}","{'id': 14932, 'rank': 12, 'fitness': 0.978552252076571, 'generation': 229}","{'id': 15232, 'rank': 13, 'fitness': 0.9766390043924875, 'generation': 229}","{'id': 15232, 'rank': 14, 'fitness': 0.9766390043924875, 'generation': 229}","{'id': 14868, 'rank': 15, 'fitness': 0.975329230141049, 'generation': 229}","{'id': 14868, 'rank': 16, 'fitness': 0.975329230141049, 'generation': 229}","{'id': 14868, 'rank': 17, 'fitness': 0.975329230141049, 'generation': 229}","{'id': 14868, 'rank': 18, 'fitness': 0.975329230141049, 'generation': 229}","{'id': 14742, 'rank': 19, 'fitness': 0.9737284889357882, 'generation': 229}","{'id': 14742, 'rank': 20, 'fitness': 0.9737284889357882, 'generation': 229}","{'id': 14742, 'rank': 21, 'fitness': 0.9737284889357882, 'generation': 229}","{'id': 14742, 'rank': 22, 'fitness': 0.9737284889357882, 'generation': 229}","{'id': 14742, 'rank': 23, 'fitness': 0.9737284889357882, 'generation': 229}","{'id': 14742, 'rank': 24, 'fitness': 0.9737284889357882, 'generation': 229}","{'id': 14742, 'rank': 25, 'fitness': 0.9737284889357882, 'generation': 229}","{'id': 15199, 'rank': 26, 'fitness': 0.9625004675224437, 'generation': 229}","{'id': 15199, 'rank': 27, 'fitness': 0.9625004675224437, 'generation': 229}","{'id': 15268, 'rank': 28, 'fitness': 0.543397276079117, 'generation': 229}","{'id': 15255, 'rank': 29, 'fitness': 0.2991569384331446, 'generation': 229}","{'id': 15236, 'rank': 30, 'fitness': 0.01798620996209155, 'generation': 229}"
"{'id': 15193, 'rank': 1, 'fitness': 0.9820137900379085, 'generation': 230}","{'id': 15193, 'rank': 2, 'fitness': 0.9820137900379085, 'generation': 230}","{'id': 15193, 'rank': 3, 'fitness': 0.9820137900379085, 'generation': 230}","{'id': 14932, 'rank': 4, 'fitness': 0.9559702829400367, 'generation': 230}","{'id': 14932, 'rank': 5, 'fitness': 0.9559702829400367, 'generation': 230}","{'id': 14932, 'rank': 6, 'fitness': 0.9559702829400367, 'generation': 230}","{'id': 14932, 'rank': 7, 'fitness': 0.9559702829400367, 'generation': 230}","{'id': 14932, 'rank': 8, 'fitness': 0.9559702829400367, 'generation': 230}","{'id': 14932, 'rank': 9, 'fitness': 0.9559702829400367, 'generation': 230}","{'id': 14932, 'rank': 10, 'fitness': 0.9559702829400367, 'generation': 230}","{'id': 14932, 'rank': 11, 'fitness': 0.9559702829400367, 'generation': 230}","{'id': 14932, 'rank': 12, 'fitness': 0.9559702829400367, 'generation': 230}","{'id': 14932, 'rank': 13, 'fitness': 0.9559702829400367, 'generation': 230}","{'id': 14932, 'rank': 14, 'fitness': 0.9559702829400367, 'generation': 230}","{'id': 15232, 'rank': 15, 'fitness': 0.9327018262337176, 'generation': 230}","{'id': 15232, 'rank': 16, 'fitness': 0.9327018262337176, 'generation': 230}","{'id': 15232, 'rank': 17, 'fitness': 0.9327018262337176, 'generation': 230}","{'id': 15232, 'rank': 18, 'fitness': 0.9327018262337176, 'generation': 230}","{'id': 14868, 'rank': 19, 'fitness': 0.9122871586171055, 'generation': 230}","{'id': 14868, 'rank': 20, 'fitness': 0.9122871586171055, 'generation': 230}","{'id': 14742, 'rank': 21, 'fitness': 0.8819027346153892, 'generation': 230}","{'id': 14742, 'rank': 22, 'fitness': 0.8819027346153892, 'generation': 230}","{'id': 14742, 'rank': 23, 'fitness': 0.8819027346153892, 'generation': 230}","{'id': 14742, 'rank': 24, 'fitness': 0.8819027346153892, 'generation': 230}","{'id': 14742, 'rank': 25, 'fitness': 0.8819027346153892, 'generation': 230}","{'id': 14742, 'rank': 26, 'fitness': 0.8819027346153892, 'generation': 230}","{'id': 15342, 'rank': 27, 'fitness': 0.22735385192726676, 'generation': 230}","{'id': 15347, 'rank': 28, 'fitness': 0.1036325212259458, 'generation': 230}","{'id': 15333, 'rank': 29, 'fitness': 0.09424104484907442, 'generation': 230}","{'id': 15369, 'rank': 30, 'fitness': 0.01798620996209155, 'generation': 230}"
"{'id': 15193, 'rank': 1, 'fitness': 0.9820137900379085, 'generation': 231}","{'id': 15193, 'rank': 2, 'fitness': 0.9820137900379085, 'generation': 231}","{'id': 15193, 'rank': 3, 'fitness': 0.9820137900379085, 'generation': 231}","{'id': 15193, 'rank': 4, 'fitness': 0.9820137900379085, 'generation': 231}","{'id': 15193, 'rank': 5, 'fitness': 0.9820137900379085, 'generation': 231}","{'id': 15193, 'rank': 6, 'fitness': 0.9820137900379085, 'generation': 231}","{'id': 15193, 'rank': 7, 'fitness': 0.9820137900379085, 'generation': 231}","{'id': 15193, 'rank': 8, 'fitness': 0.9820137900379085, 'generation': 231}","{'id': 14932, 'rank': 9, 'fitness': 0.9773455202397087, 'generation': 231}","{'id': 14932, 'rank': 10, 'fitness': 0.9773455202397087, 'generation': 231}","{'id': 14932, 'rank': 11, 'fitness': 0.9773455202397087, 'generation': 231}","{'id': 14932, 'rank': 12, 'fitness': 0.9773455202397087, 'generation': 231}","{'id': 14932, 'rank': 13, 'fitness': 0.9773455202397087, 'generation': 231}","{'id': 14932, 'rank': 14, 'fitness': 0.9773455202397087, 'generation': 231}","{'id': 14932, 'rank': 15, 'fitness': 0.9773455202397087, 'generation': 231}","{'id': 14932, 'rank': 16, 'fitness': 0.9773455202397087, 'generation': 231}","{'id': 14932, 'rank': 17, 'fitness': 0.9773455202397087, 'generation': 231}","{'id': 14932, 'rank': 18, 'fitness': 0.9773455202397087, 'generation': 231}","{'id': 14932, 'rank': 19, 'fitness': 0.9773455202397087, 'generation': 231}","{'id': 14932, 'rank': 20, 'fitness': 0.9773455202397087, 'generation': 231}","{'id': 14932, 'rank': 21, 'fitness': 0.9773455202397087, 'generation': 231}","{'id': 14932, 'rank': 22, 'fitness': 0.9773455202397087, 'generation': 231}","{'id': 14932, 'rank': 23, 'fitness': 0.9773455202397087, 'generation': 231}","{'id': 14932, 'rank': 24, 'fitness': 0.9773455202397087, 'generation': 231}","{'id': 15232, 'rank': 25, 'fitness': 0.9746630866755472, 'generation': 231}","{'id': 15232, 'rank': 26, 'fitness': 0.9746630866755472, 'generation': 231}","{'id': 14742, 'rank': 27, 'fitness': 0.9704562241195469, 'generation': 231}","{'id': 15342, 'rank': 28, 'fitness': 0.9349870885818667, 'generation': 231}","{'id': 15469, 'rank': 29, 'fitness': 0.7627078447225502, 'generation': 231}","{'id': 15440, 'rank': 30, 'fitness': 0.01798620996209155, 'generation': 231}"
"{'id': 15537, 'rank': 1, 'fitness': 0.9820137900379085, 'generation': 232}","{'id': 15519, 'rank': 2, 'fitness': 0.8920880558056996, 'generation': 232}","{'id': 15520, 'rank': 3, 'fitness': 0.8553235609591622, 'generation': 232}","{'id': 15520, 'rank': 4, 'fitness': 0.8553235609591622, 'generation': 232}","{'id': 15520, 'rank': 5, 'fitness': 0.8553235609591622, 'generation': 232}","{'id': 15520, 'rank': 6, 'fitness': 0.8553235609591622, 'generation': 232}","{'id': 15193, 'rank': 7, 'fitness': 0.7811545136566557, 'generation': 232}","{'id': 15193, 'rank': 8, 'fitness': 0.7811545136566557, 'generation': 232}","{'id': 15193, 'rank': 9, 'fitness': 0.7811545136566557, 'generation': 232}","{'id': 15193, 'rank': 10, 'fitness': 0.7811545136566557, 'generation': 232}","{'id': 15193, 'rank': 11, 'fitness': 0.7811545136566557, 'generation': 232}","{'id': 15193, 'rank': 12, 'fitness': 0.7811545136566557, 'generation': 232}","{'id': 15193, 'rank': 13, 'fitness': 0.7811545136566557, 'generation': 232}","{'id': 14932, 'rank': 14, 'fitness': 0.5845857059908797, 'generation': 232}","{'id': 14932, 'rank': 15, 'fitness': 0.5845857059908797, 'generation': 232}","{'id': 14932, 'rank': 16, 'fitness': 0.5845857059908797, 'generation': 232}","{'id': 14932, 'rank': 17, 'fitness': 0.5845857059908797, 'generation': 232}","{'id': 14932, 'rank': 18, 'fitness': 0.5845857059908797, 'generation': 232}","{'id': 14932, 'rank': 19, 'fitness': 0.5845857059908797, 'generation': 232}","{'id': 14932, 'rank': 20, 'fitness': 0.5845857059908797, 'generation': 232}","{'id': 14932, 'rank': 21, 'fitness': 0.5845857059908797, 'generation': 232}","{'id': 14932, 'rank': 22, 'fitness': 0.5845857059908797, 'generation': 232}","{'id': 15232, 'rank': 23, 'fitness': 0.47215645278352036, 'generation': 232}","{'id': 15232, 'rank': 24, 'fitness': 0.47215645278352036, 'generation': 232}","{'id': 15232, 'rank': 25, 'fitness': 0.47215645278352036, 'generation': 232}","{'id': 15522, 'rank': 26, 'fitness': 0.429133386111628, 'generation': 232}","{'id': 15564, 'rank': 27, 'fitness': 0.12915365060888195, 'generation': 232}","{'id': 15564, 'rank': 28, 'fitness': 0.12915365060888195, 'generation': 232}","{'id': 15526, 'rank': 29, 'fitness': 0.037211717577161185, 'generation': 232}","{'id': 15500, 'rank': 30, 'fitness': 0.01798620996209155, 'generation': 232}"
"{'id': 15537, 'rank': 1, 'fitness': 0.9820137900379085, 'generation': 233}","{'id': 15519, 'rank': 2, 'fitness': 0.9816712393245011, 'generation': 233}","{'id': 15519, 'rank': 3, 'fitness': 0.9816712393245011, 'generation': 233}","{'id': 15520, 'rank': 4, 'fitness': 0.981609735478824, 'generation': 233}","{'id': 15520, 'rank': 5, 'fitness': 0.981609735478824, 'generation': 233}","{'id': 15520, 'rank': 6, 'fitness': 0.981609735478824, 'generation': 233}","{'id': 15520, 'rank': 7, 'fitness': 0.981609735478824, 'generation': 233}","{'id': 15520, 'rank': 8, 'fitness': 0.981609735478824, 'generation': 233}","{'id': 15520, 'rank': 9, 'fitness': 0.981609735478824, 'generation': 233}","{'id': 15520, 'rank': 10, 'fitness': 0.981609735478824, 'generation': 233}","{'id': 15193, 'rank': 11, 'fitness': 0.9815167915990987, 'generation': 233}","{'id': 15193, 'rank': 12, 'fitness': 0.9815167915990987, 'generation': 233}","{'id': 15193, 'rank': 13, 'fitness': 0.9815167915990987, 'generation': 233}","{'id': 15193, 'rank': 14, 'fitness': 0.9815167915990987, 'generation': 233}","{'id': 15193, 'rank': 15, 'fitness': 0.9815167915990987, 'generation': 233}","{'id': 15193, 'rank': 16, 'fitness': 0.9815167915990987, 'generation': 233}","{'id': 15193, 'rank': 17, 'fitness': 0.9815167915990987, 'generation': 233}","{'id': 15193, 'rank': 18, 'fitness': 0.9815167915990987, 'generation': 233}","{'id': 14932, 'rank': 19, 'fitness': 0.9813441283245035, 'generation': 233}","{'id': 14932, 'rank': 20, 'fitness': 0.9813441283245035, 'generation': 233}","{'id': 15617, 'rank': 21, 'fitness': 0.9812684068197124, 'generation': 233}","{'id': 15232, 'rank': 22, 'fitness': 0.9812595017713217, 'generation': 233}","{'id': 15232, 'rank': 23, 'fitness': 0.9812595017713217, 'generation': 233}","{'id': 15522, 'rank': 24, 'fitness': 0.9812269236836155, 'generation': 233}","{'id': 15522, 'rank': 25, 'fitness': 0.9812269236836155, 'generation': 233}","{'id': 15619, 'rank': 26, 'fitness': 0.9810534180778965, 'generation': 233}","{'id': 15564, 'rank': 27, 'fitness': 0.9809201660032063, 'generation': 233}","{'id': 15564, 'rank': 28, 'fitness': 0.9809201660032063, 'generation': 233}","{'id': 15564, 'rank': 29, 'fitness': 0.9809201660032063, 'generation': 233}","{'id': 15577, 'rank': 30, 'fitness': 0.01798620996209155, 'generation': 233}"
"{'id': 15680, 'rank': 1, 'fitness': 0.9820137900379085, 'generation': 234}","{'id': 15680, 'rank': 2, 'fitness': 0.9820137900379085, 'generation': 234}","{'id': 15537, 'rank': 3, 'fitness': 0.9713548998535992, 'generation': 234}","{'id': 15537, 'rank': 4, 'fitness': 0.9713548998535992, 'generation': 234}","{'id': 15537, 'rank': 5, 'fitness': 0.9713548998535992, 'generation': 234}","{'id': 15674, 'rank': 6, 'fitness': 0.8174722429599199, 'generation': 234}","{'id': 15674, 'rank': 7, 'fitness': 0.8174722429599199, 'generation': 234}","{'id': 15519, 'rank': 8, 'fitness': 0.7926910984959173, 'generation': 234}","{'id': 15519, 'rank': 9, 'fitness': 0.7926910984959173, 'generation': 234}","{'id': 15519, 'rank': 10, 'fitness': 0.7926910984959173, 'generation': 234}","{'id': 15519, 'rank': 11, 'fitness': 0.7926910984959173, 'generation': 234}","{'id': 15519, 'rank': 12, 'fitness': 0.7926910984959173, 'generation': 234}","{'id': 15519, 'rank': 13, 'fitness': 0.7926910984959173, 'generation': 234}","{'id': 15716, 'rank': 14, 'fitness': 0.7594945817242078, 'generation': 234}","{'id': 15520, 'rank': 15, 'fitness': 0.7218403396855261, 'generation': 234}","{'id': 15520, 'rank': 16, 'fitness': 0.7218403396855261, 'generation': 234}","{'id': 15520, 'rank': 17, 'fitness': 0.7218403396855261, 'generation': 234}","{'id': 15520, 'rank': 18, 'fitness': 0.7218403396855261, 'generation': 234}","{'id': 15520, 'rank': 19, 'fitness': 0.7218403396855261, 'generation': 234}","{'id': 15193, 'rank': 20, 'fitness': 0.5915209711791418, 'generation': 234}","{'id': 15193, 'rank': 21, 'fitness': 0.5915209711791418, 'generation': 234}","{'id': 15193, 'rank': 22, 'fitness': 0.5915209711791418, 'generation': 234}","{'id': 15193, 'rank': 23, 'fitness': 0.5915209711791418, 'generation': 234}","{'id': 15193, 'rank': 24, 'fitness': 0.5915209711791418, 'generation': 234}","{'id': 15193, 'rank': 25, 'fitness': 0.5915209711791418, 'generation': 234}","{'id': 15193, 'rank': 26, 'fitness': 0.5915209711791418, 'generation': 234}","{'id': 15193, 'rank': 27, 'fitness': 0.5915209711791418, 'generation': 234}","{'id': 15705, 'rank': 28, 'fitness': 0.3322650646179873, 'generation': 234}","{'id': 15522, 'rank': 29, 'fitness': 0.19298072099184688, 'generation': 234}","{'id': 15648, 'rank': 30, 'fitness': 0.01798620996209155, 'generation': 234}"
"{'id': 15680, 'rank': 1, 'fitness': 0.9820137900379085, 'generation': 235}","{'id': 15680, 'rank': 2, 'fitness': 0.9820137900379085, 'generation': 235}","{'id': 15680, 'rank': 3, 'fitness': 0.9820137900379085, 'generation': 235}","{'id': 15680, 'rank': 4, 'fitness': 0.9820137900379085, 'generation': 235}","{'id': 15680, 'rank': 5, 'fitness': 0.9820137900379085, 'generation': 235}","{'id': 15537, 'rank': 6, 'fitness': 0.9790383251662896, 'generation': 235}","{'id': 15537, 'rank': 7, 'fitness': 0.9790383251662896, 'generation': 235}","{'id': 15537, 'rank': 8, 'fitness': 0.9790383251662896, 'generation': 235}","{'id': 15537, 'rank': 9, 'fitness': 0.9790383251662896, 'generation': 235}","{'id': 15537, 'rank': 10, 'fitness': 0.9790383251662896, 'generation': 235}","{'id': 15537, 'rank': 11, 'fitness': 0.9790383251662896, 'generation': 235}","{'id': 15537, 'rank': 12, 'fitness': 0.9790383251662896, 'generation': 235}","{'id': 15537, 'rank': 13, 'fitness': 0.9790383251662896, 'generation': 235}","{'id': 15537, 'rank': 14, 'fitness': 0.9790383251662896, 'generation': 235}","{'id': 15674, 'rank': 15, 'fitness': 0.9600858338515216, 'generation': 235}","{'id': 15674, 'rank': 16, 'fitness': 0.9600858338515216, 'generation': 235}","{'id': 15674, 'rank': 17, 'fitness': 0.9600858338515216, 'generation': 235}","{'id': 15519, 'rank': 18, 'fitness': 0.9580519541119948, 'generation': 235}","{'id': 15519, 'rank': 19, 'fitness': 0.9580519541119948, 'generation': 235}","{'id': 15519, 'rank': 20, 'fitness': 0.9580519541119948, 'generation': 235}","{'id': 15519, 'rank': 21, 'fitness': 0.9580519541119948, 'generation': 235}","{'id': 15520, 'rank': 22, 'fitness': 0.952637896549356, 'generation': 235}","{'id': 15520, 'rank': 23, 'fitness': 0.952637896549356, 'generation': 235}","{'id': 15520, 'rank': 24, 'fitness': 0.952637896549356, 'generation': 235}","{'id': 15520, 'rank': 25, 'fitness': 0.952637896549356, 'generation': 235}","{'id': 15520, 'rank': 26, 'fitness': 0.952637896549356, 'generation': 235}","{'id': 15193, 'rank': 27, 'fitness': 0.943224175547285, 'generation': 235}","{'id': 15193, 'rank': 28, 'fitness': 0.943224175547285, 'generation': 235}","{'id': 15193, 'rank': 29, 'fitness': 0.943224175547285, 'generation': 235}","{'id': 15768, 'rank': 30, 'fitness': 0.01798620996209155, 'generation': 235}"
"{'id': 15866, 'rank': 1, 'fitness': 0.9820137900379085, 'generation': 236}","{'id': 15680, 'rank': 2, 'fitness': 0.5106892857160528, 'generation': 236}","{'id': 15680, 'rank': 3, 'fitness': 0.5106892857160528, 'generation': 236}","{'id': 15680, 'rank': 4, 'fitness': 0.5106892857160528, 'generation': 236}","{'id': 15680, 'rank': 5, 'fitness': 0.5106892857160528, 'generation': 236}","{'id': 15680, 'rank': 6, 'fitness': 0.5106892857160528, 'generation': 236}","{'id': 15680, 'rank': 7, 'fitness': 0.5106892857160528, 'generation': 236}","{'id': 15680, 'rank': 8, 'fitness': 0.5106892857160528, 'generation': 236}","{'id': 15680, 'rank': 9, 'fitness': 0.5106892857160528, 'generation': 236}","{'id': 15537, 'rank': 10, 'fitness': 0.38870625702473327, 'generation': 236}","{'id': 15537, 'rank': 11, 'fitness': 0.38870625702473327, 'generation': 236}","{'id': 15537, 'rank': 12, 'fitness': 0.38870625702473327, 'generation': 236}","{'id': 15537, 'rank': 13, 'fitness': 0.38870625702473327, 'generation': 236}","{'id': 15537, 'rank': 14, 'fitness': 0.38870625702473327, 'generation': 236}","{'id': 15537, 'rank': 15, 'fitness': 0.38870625702473327, 'generation': 236}","{'id': 15537, 'rank': 16, 'fitness': 0.38870625702473327, 'generation': 236}","{'id': 15537, 'rank': 17, 'fitness': 0.38870625702473327, 'generation': 236}","{'id': 15537, 'rank': 18, 'fitness': 0.38870625702473327, 'generation': 236}","{'id': 15537, 'rank': 19, 'fitness': 0.38870625702473327, 'generation': 236}","{'id': 15809, 'rank': 20, 'fitness': 0.3541590178863461, 'generation': 236}","{'id': 15674, 'rank': 21, 'fitness': 0.07183291768310301, 'generation': 236}","{'id': 15674, 'rank': 22, 'fitness': 0.07183291768310301, 'generation': 236}","{'id': 15674, 'rank': 23, 'fitness': 0.07183291768310301, 'generation': 236}","{'id': 15519, 'rank': 24, 'fitness': 0.06160998156920516, 'generation': 236}","{'id': 15519, 'rank': 25, 'fitness': 0.06160998156920516, 'generation': 236}","{'id': 15519, 'rank': 26, 'fitness': 0.06160998156920516, 'generation': 236}","{'id': 15520, 'rank': 27, 'fitness': 0.04202311259963637, 'generation': 236}","{'id': 15520, 'rank': 28, 'fitness': 0.04202311259963637, 'generation': 236}","{'id': 15193, 'rank': 29, 'fitness': 0.023350607954134572, 'generation': 236}","{'id': 15872, 'rank': 30, 'fitness': 0.01798620996209155, 'generation': 236}"
"{'id': 15866, 'rank': 1, 'fitness': 0.9820137900379085, 'generation': 237}","{'id': 15866, 'rank': 2, 'fitness': 0.9820137900379085, 'generation': 237}","{'id': 15866, 'rank': 3, 'fitness': 0.9820137900379085, 'generation': 237}","{'id': 15866, 'rank': 4, 'fitness': 0.9820137900379085, 'generation': 237}","{'id': 15680, 'rank': 5, 'fitness': 0.9820019339909168, 'generation': 237}","{'id': 15680, 'rank': 6, 'fitness': 0.9820019339909168, 'generation': 237}","{'id': 15680, 'rank': 7, 'fitness': 0.9820019339909168, 'generation': 237}","{'id': 15680, 'rank': 8, 'fitness': 0.9820019339909168, 'generation': 237}","{'id': 15680, 'rank': 9, 'fitness': 0.9820019339909168, 'generation': 237}","{'id': 15680, 'rank': 10, 'fitness': 0.9820019339909168, 'generation': 237}","{'id': 15680, 'rank': 11, 'fitness': 0.9820019339909168, 'generation': 237}","{'id': 15680, 'rank': 12, 'fitness': 0.9820019339909168, 'generation': 237}","{'id': 15680, 'rank': 13, 'fitness': 0.9820019339909168, 'generation': 237}","{'id': 15680, 'rank': 14, 'fitness': 0.9820019339909168, 'generation': 237}","{'id': 15680, 'rank': 15, 'fitness': 0.9820019339909168, 'generation': 237}","{'id': 15680, 'rank': 16, 'fitness': 0.9820019339909168, 'generation': 237}","{'id': 15680, 'rank': 17, 'fitness': 0.9820019339909168, 'generation': 237}","{'id': 15680, 'rank': 18, 'fitness': 0.9820019339909168, 'generation': 237}","{'id': 15680, 'rank': 19, 'fitness': 0.9820019339909168, 'generation': 237}","{'id': 15680, 'rank': 20, 'fitness': 0.9820019339909168, 'generation': 237}","{'id': 15680, 'rank': 21, 'fitness': 0.9820019339909168, 'generation': 237}","{'id': 15537, 'rank': 22, 'fitness': 0.9820004488597348, 'generation': 237}","{'id': 15537, 'rank': 23, 'fitness': 0.9820004488597348, 'generation': 237}","{'id': 15537, 'rank': 24, 'fitness': 0.9820004488597348, 'generation': 237}","{'id': 15537, 'rank': 25, 'fitness': 0.9820004488597348, 'generation': 237}","{'id': 15537, 'rank': 26, 'fitness': 0.9820004488597348, 'generation': 237}","{'id': 15537, 'rank': 27, 'fitness': 0.9820004488597348, 'generation': 237}","{'id': 15674, 'rank': 28, 'fitness': 0.9819941352103856, 'generation': 237}","{'id': 15519, 'rank': 29, 'fitness': 0.9819936420671265, 'generation': 237}","{'id': 15913, 'rank': 30, 'fitness': 0.01798620996209155, 'generation': 237}"
"{'id': 15866, 'rank': 1, 'fitness': 0.9820137900379085, 'generation': 238}","{'id': 15866, 'rank': 2, 'fitness': 0.9820137900379085, 'generation': 238}","{'id': 15866, 'rank': 3, 'fitness': 0.9820137900379085, 'generation': 238}","{'id': 15866, 'rank': 4, 'fitness': 0.9820137900379085, 'generation': 238}","{'id': 15866, 'rank': 5, 'fitness': 0.9820137900379085, 'generation': 238}","{'id': 15866, 'rank': 6, 'fitness': 0.9820137900379085, 'generation': 238}","{'id': 15939, 'rank': 7, 'fitness': 0.8416230848123186, 'generation': 238}","{'id': 15939, 'rank': 8, 'fitness': 0.8416230848123186, 'generation': 238}","{'id': 15680, 'rank': 9, 'fitness': 0.6616857882716052, 'generation': 238}","{'id': 15680, 'rank': 10, 'fitness': 0.6616857882716052, 'generation': 238}","{'id': 15680, 'rank': 11, 'fitness': 0.6616857882716052, 'generation': 238}","{'id': 15680, 'rank': 12, 'fitness': 0.6616857882716052, 'generation': 238}","{'id': 15680, 'rank': 13, 'fitness': 0.6616857882716052, 'generation': 238}","{'id': 15680, 'rank': 14, 'fitness': 0.6616857882716052, 'generation': 238}","{'id': 15680, 'rank': 15, 'fitness': 0.6616857882716052, 'generation': 238}","{'id': 15680, 'rank': 16, 'fitness': 0.6616857882716052, 'generation': 238}","{'id': 15680, 'rank': 17, 'fitness': 0.6616857882716052, 'generation': 238}","{'id': 15680, 'rank': 18, 'fitness': 0.6616857882716052, 'generation': 238}","{'id': 15680, 'rank': 19, 'fitness': 0.6616857882716052, 'generation': 238}","{'id': 15680, 'rank': 20, 'fitness': 0.6616857882716052, 'generation': 238}","{'id': 15680, 'rank': 21, 'fitness': 0.6616857882716052, 'generation': 238}","{'id': 15680, 'rank': 22, 'fitness': 0.6616857882716052, 'generation': 238}","{'id': 15680, 'rank': 23, 'fitness': 0.6616857882716052, 'generation': 238}","{'id': 15680, 'rank': 24, 'fitness': 0.6616857882716052, 'generation': 238}","{'id': 15537, 'rank': 25, 'fitness': 0.5631464814994619, 'generation': 238}","{'id': 15537, 'rank': 26, 'fitness': 0.5631464814994619, 'generation': 238}","{'id': 15936, 'rank': 27, 'fitness': 0.4490595931835989, 'generation': 238}","{'id': 15998, 'rank': 28, 'fitness': 0.3252799969482256, 'generation': 238}","{'id': 15977, 'rank': 29, 'fitness': 0.03164217305593564, 'generation': 238}","{'id': 15957, 'rank': 30, 'fitness': 0.01798620996209155, 'generation': 238}"
"{'id': 15866, 'rank': 1, 'fitness': 0.9820137900379085, 'generation': 239}","{'id': 15866, 'rank': 2, 'fitness': 0.9820137900379085, 'generation': 239}","{'id': 15866, 'rank': 3, 'fitness': 0.9820137900379085, 'generation': 239}","{'id': 15866, 'rank': 4, 'fitness': 0.9820137900379085, 'generation': 239}","{'id': 15866, 'rank': 5, 'fitness': 0.9820137900379085, 'generation': 239}","{'id': 15866, 'rank': 6, 'fitness': 0.9820137900379085, 'generation': 239}","{'id': 15866, 'rank': 7, 'fitness': 0.9820137900379085, 'generation': 239}","{'id': 15866, 'rank': 8, 'fitness': 0.9820137900379085, 'generation': 239}","{'id': 15866, 'rank': 9, 'fitness': 0.9820137900379085, 'generation': 239}","{'id': 15866, 'rank': 10, 'fitness': 0.9820137900379085, 'generation': 239}","{'id': 16052, 'rank': 11, 'fitness': 0.9710183177272484, 'generation': 239}","{'id': 16052, 'rank': 12, 'fitness': 0.9710183177272484, 'generation': 239}","{'id': 15939, 'rank': 13, 'fitness': 0.9438285113855674, 'generation': 239}","{'id': 15939, 'rank': 14, 'fitness': 0.9438285113855674, 'generation': 239}","{'id': 15939, 'rank': 15, 'fitness': 0.9438285113855674, 'generation': 239}","{'id': 15939, 'rank': 16, 'fitness': 0.9438285113855674, 'generation': 239}","{'id': 15939, 'rank': 17, 'fitness': 0.9438285113855674, 'generation': 239}","{'id': 16032, 'rank': 18, 'fitness': 0.9115940413738652, 'generation': 239}","{'id': 15680, 'rank': 19, 'fitness': 0.9101863674981582, 'generation': 239}","{'id': 15680, 'rank': 20, 'fitness': 0.9101863674981582, 'generation': 239}","{'id': 15680, 'rank': 21, 'fitness': 0.9101863674981582, 'generation': 239}","{'id': 15680, 'rank': 22, 'fitness': 0.9101863674981582, 'generation': 239}","{'id': 15680, 'rank': 23, 'fitness': 0.9101863674981582, 'generation': 239}","{'id': 15680, 'rank': 24, 'fitness': 0.9101863674981582, 'generation': 239}","{'id': 15680, 'rank': 25, 'fitness': 0.9101863674981582, 'generation': 239}","{'id': 15537, 'rank': 26, 'fitness': 0.8913915438524205, 'generation': 239}","{'id': 15936, 'rank': 27, 'fitness': 0.8668216063583842, 'generation': 239}","{'id': 15936, 'rank': 28, 'fitness': 0.8668216063583842, 'generation': 239}","{'id': 16084, 'rank': 29, 'fitness': 0.12327775027881421, 'generation': 239}","{'id': 16013, 'rank': 30, 'fitness': 0.01798620996209155, 'generation': 239}"
"{'id': 15866, 'rank': 1, 'fitness': 0.9820137900379085, 'generation': 240}","{'id': 15866, 'rank': 2, 'fitness': 0.9820137900379085, 'generation': 240}","{'id': 15866, 'rank': 3, 'fitness': 0.9820137900379085, 'generation': 240}","{'id': 15866, 'rank': 4, 'fitness': 0.9820137900379085, 'generation': 240}","{'id': 15866, 'rank': 5, 'fitness': 0.9820137900379085, 'generation': 240}","{'id': 15866, 'rank': 6, 'fitness': 0.9820137900379085, 'generation': 240}","{'id': 15866, 'rank': 7, 'fitness': 0.9820137900379085, 'generation': 240}","{'id': 15866, 'rank': 8, 'fitness': 0.9820137900379085, 'generation': 240}","{'id': 15866, 'rank': 9, 'fitness': 0.9820137900379085, 'generation': 240}","{'id': 15866, 'rank': 10, 'fitness': 0.9820137900379085, 'generation': 240}","{'id': 15866, 'rank': 11, 'fitness': 0.9820137900379085, 'generation': 240}","{'id': 15866, 'rank': 12, 'fitness': 0.9820137900379085, 'generation': 240}","{'id': 15866, 'rank': 13, 'fitness': 0.9820137900379085, 'generation': 240}","{'id': 16052, 'rank': 14, 'fitness': 0.8429464780337521, 'generation': 240}","{'id': 16052, 'rank': 15, 'fitness': 0.8429464780337521, 'generation': 240}","{'id': 16052, 'rank': 16, 'fitness': 0.8429464780337521, 'generation': 240}","{'id': 16052, 'rank': 17, 'fitness': 0.8429464780337521, 'generation': 240}","{'id': 16146, 'rank': 18, 'fitness': 0.3481460896652022, 'generation': 240}","{'id': 16146, 'rank': 19, 'fitness': 0.3481460896652022, 'generation': 240}","{'id': 15939, 'rank': 20, 'fitness': 0.1682449310724209, 'generation': 240}","{'id': 15939, 'rank': 21, 'fitness': 0.1682449310724209, 'generation': 240}","{'id': 15939, 'rank': 22, 'fitness': 0.1682449310724209, 'generation': 240}","{'id': 15939, 'rank': 23, 'fitness': 0.1682449310724209, 'generation': 240}","{'id': 16032, 'rank': 24, 'fitness': 0.019500619975805433, 'generation': 240}","{'id': 15680, 'rank': 25, 'fitness': 0.01798620996209155, 'generation': 240}","{'id': 15680, 'rank': 26, 'fitness': 0.01798620996209155, 'generation': 240}","{'id': 15680, 'rank': 27, 'fitness': 0.01798620996209155, 'generation': 240}","{'id': 15680, 'rank': 28, 'fitness': 0.01798620996209155, 'generation': 240}","{'id': 15680, 'rank': 29, 'fitness': 0.01798620996209155, 'generation': 240}","{'id': 15680, 'rank': 30, 'fitness': 0.01798620996209155, 'generation': 240}"
"{'id': 16186, 'rank': 1, 'fitness': 0.9820137900379085, 'generation': 241}","{'id': 16186, 'rank': 2, 'fitness': 0.9820137900379085, 'generation': 241}","{'id': 15866, 'rank': 3, 'fitness': 0.7221744535062717, 'generation': 241}","{'id': 15866, 'rank': 4, 'fitness': 0.7221744535062717, 'generation': 241}","{'id': 15866, 'rank': 5, 'fitness': 0.7221744535062717, 'generation': 241}","{'id': 15866, 'rank': 6, 'fitness': 0.7221744535062717, 'generation': 241}","{'id': 15866, 'rank': 7, 'fitness': 0.7221744535062717, 'generation': 241}","{'id': 15866, 'rank': 8, 'fitness': 0.7221744535062717, 'generation': 241}","{'id': 15866, 'rank': 9, 'fitness': 0.7221744535062717, 'generation': 241}","{'id': 15866, 'rank': 10, 'fitness': 0.7221744535062717, 'generation': 241}","{'id': 15866, 'rank': 11, 'fitness': 0.7221744535062717, 'generation': 241}","{'id': 15866, 'rank': 12, 'fitness': 0.7221744535062717, 'generation': 241}","{'id': 15866, 'rank': 13, 'fitness': 0.7221744535062717, 'generation': 241}","{'id': 15866, 'rank': 14, 'fitness': 0.7221744535062717, 'generation': 241}","{'id': 15866, 'rank': 15, 'fitness': 0.7221744535062717, 'generation': 241}","{'id': 15866, 'rank': 16, 'fitness': 0.7221744535062717, 'generation': 241}","{'id': 15866, 'rank': 17, 'fitness': 0.7221744535062717, 'generation': 241}","{'id': 15866, 'rank': 18, 'fitness': 0.7221744535062717, 'generation': 241}","{'id': 15866, 'rank': 19, 'fitness': 0.7221744535062717, 'generation': 241}","{'id': 15866, 'rank': 20, 'fitness': 0.7221744535062717, 'generation': 241}","{'id': 16052, 'rank': 21, 'fitness': 0.38188389617835916, 'generation': 241}","{'id': 16052, 'rank': 22, 'fitness': 0.38188389617835916, 'generation': 241}","{'id': 16052, 'rank': 23, 'fitness': 0.38188389617835916, 'generation': 241}","{'id': 16052, 'rank': 24, 'fitness': 0.38188389617835916, 'generation': 241}","{'id': 16052, 'rank': 25, 'fitness': 0.38188389617835916, 'generation': 241}","{'id': 16146, 'rank': 26, 'fitness': 0.12888475003611222, 'generation': 241}","{'id': 15939, 'rank': 27, 'fitness': 0.07500373744040278, 'generation': 241}","{'id': 15939, 'rank': 28, 'fitness': 0.07500373744040278, 'generation': 241}","{'id': 15939, 'rank': 29, 'fitness': 0.07500373744040278, 'generation': 241}","{'id': 15680, 'rank': 30, 'fitness': 0.01798620996209155, 'generation': 241}"
"{'id': 16186, 'rank': 1, 'fitness': 0.9820137900379085, 'generation': 242}","{'id': 16186, 'rank': 2, 'fitness': 0.9820137900379085, 'generation': 242}","{'id': 16186, 'rank': 3, 'fitness': 0.9820137900379085, 'generation': 242}","{'id': 15866, 'rank': 4, 'fitness': 0.7114826229249823, 'generation': 242}","{'id': 15866, 'rank': 5, 'fitness': 0.7114826229249823, 'generation': 242}","{'id': 15866, 'rank': 6, 'fitness': 0.7114826229249823, 'generation': 242}","{'id': 15866, 'rank': 7, 'fitness': 0.7114826229249823, 'generation': 242}","{'id': 15866, 'rank': 8, 'fitness': 0.7114826229249823, 'generation': 242}","{'id': 15866, 'rank': 9, 'fitness': 0.7114826229249823, 'generation': 242}","{'id': 15866, 'rank': 10, 'fitness': 0.7114826229249823, 'generation': 242}","{'id': 15866, 'rank': 11, 'fitness': 0.7114826229249823, 'generation': 242}","{'id': 15866, 'rank': 12, 'fitness': 0.7114826229249823, 'generation': 242}","{'id': 15866, 'rank': 13, 'fitness': 0.7114826229249823, 'generation': 242}","{'id': 15866, 'rank': 14, 'fitness': 0.7114826229249823, 'generation': 242}","{'id': 15866, 'rank': 15, 'fitness': 0.7114826229249823, 'generation': 242}","{'id': 15866, 'rank': 16, 'fitness': 0.7114826229249823, 'generation': 242}","{'id': 15866, 'rank': 17, 'fitness': 0.7114826229249823, 'generation': 242}","{'id': 15866, 'rank': 18, 'fitness': 0.7114826229249823, 'generation': 242}","{'id': 15866, 'rank': 19, 'fitness': 0.7114826229249823, 'generation': 242}","{'id': 15866, 'rank': 20, 'fitness': 0.7114826229249823, 'generation': 242}","{'id': 15866, 'rank': 21, 'fitness': 0.7114826229249823, 'generation': 242}","{'id': 15866, 'rank': 22, 'fitness': 0.7114826229249823, 'generation': 242}","{'id': 15866, 'rank': 23, 'fitness': 0.7114826229249823, 'generation': 242}","{'id': 15866, 'rank': 24, 'fitness': 0.7114826229249823, 'generation': 242}","{'id': 15866, 'rank': 25, 'fitness': 0.7114826229249823, 'generation': 242}","{'id': 16052, 'rank': 26, 'fitness': 0.36375655923881156, 'generation': 242}","{'id': 16052, 'rank': 27, 'fitness': 0.36375655923881156, 'generation': 242}","{'id': 16052, 'rank': 28, 'fitness': 0.36375655923881156, 'generation': 242}","{'id': 15939, 'rank': 29, 'fitness': 0.06755160091788143, 'generation': 242}","{'id': 16273, 'rank': 30, 'fitness': 0.01798620996209155, 'generation': 242}"
"{'id': 16186, 'rank': 1, 'fitness': 0.9820137900379085, 'generation': 243}","{'id': 16186, 'rank': 2, 'fitness': 0.9820137900379085, 'generation': 243}","{'id': 16186, 'rank': 3, 'fitness': 0.9820137900379085, 'generation': 243}","{'id': 16186, 'rank': 4, 'fitness': 0.9820137900379085, 'generation': 243}","{'id': 16186, 'rank': 5, 'fitness': 0.9820137900379085, 'generation': 243}","{'id': 16186, 'rank': 6, 'fitness': 0.9820137900379085, 'generation': 243}","{'id': 16364, 'rank': 7, 'fitness': 0.9819762378146565, 'generation': 243}","{'id': 15866, 'rank': 8, 'fitness': 0.9819731221022763, 'generation': 243}","{'id': 15866, 'rank': 9, 'fitness': 0.9819731221022763, 'generation': 243}","{'id': 15866, 'rank': 10, 'fitness': 0.9819731221022763, 'generation': 243}","{'id': 15866, 'rank': 11, 'fitness': 0.9819731221022763, 'generation': 243}","{'id': 15866, 'rank': 12, 'fitness': 0.9819731221022763, 'generation': 243}","{'id': 15866, 'rank': 13, 'fitness': 0.9819731221022763, 'generation': 243}","{'id': 15866, 'rank': 14, 'fitness': 0.9819731221022763, 'generation': 243}","{'id': 15866, 'rank': 15, 'fitness': 0.9819731221022763, 'generation': 243}","{'id': 15866, 'rank': 16, 'fitness': 0.9819731221022763, 'generation': 243}","{'id': 15866, 'rank': 17, 'fitness': 0.9819731221022763, 'generation': 243}","{'id': 15866, 'rank': 18, 'fitness': 0.9819731221022763, 'generation': 243}","{'id': 15866, 'rank': 19, 'fitness': 0.9819731221022763, 'generation': 243}","{'id': 15866, 'rank': 20, 'fitness': 0.9819731221022763, 'generation': 243}","{'id': 15866, 'rank': 21, 'fitness': 0.9819731221022763, 'generation': 243}","{'id': 15866, 'rank': 22, 'fitness': 0.9819731221022763, 'generation': 243}","{'id': 15866, 'rank': 23, 'fitness': 0.9819731221022763, 'generation': 243}","{'id': 15866, 'rank': 24, 'fitness': 0.9819731221022763, 'generation': 243}","{'id': 15866, 'rank': 25, 'fitness': 0.9819731221022763, 'generation': 243}","{'id': 15866, 'rank': 26, 'fitness': 0.9819731221022763, 'generation': 243}","{'id': 15866, 'rank': 27, 'fitness': 0.9819731221022763, 'generation': 243}","{'id': 15866, 'rank': 28, 'fitness': 0.9819731221022763, 'generation': 243}","{'id': 16370, 'rank': 29, 'fitness': 0.019481868632129085, 'generation': 243}","{'id': 16353, 'rank': 30, 'fitness': 0.01798620996209155, 'generation': 243}"
"{'id': 16422, 'rank': 1, 'fitness': 0.9820137900379085, 'generation': 244}","{'id': 16422, 'rank': 2, 'fitness': 0.9820137900379085, 'generation': 244}","{'id': 16422, 'rank': 3, 'fitness': 0.9820137900379085, 'generation': 244}","{'id': 16419, 'rank': 4, 'fitness': 0.9812815604842183, 'generation': 244}","{'id': 16419, 'rank': 5, 'fitness': 0.9812815604842183, 'generation': 244}","{'id': 16186, 'rank': 6, 'fitness': 0.9791725221426757, 'generation': 244}","{'id': 16186, 'rank': 7, 'fitness': 0.9791725221426757, 'generation': 244}","{'id': 16186, 'rank': 8, 'fitness': 0.9791725221426757, 'generation': 244}","{'id': 16186, 'rank': 9, 'fitness': 0.9791725221426757, 'generation': 244}","{'id': 16186, 'rank': 10, 'fitness': 0.9791725221426757, 'generation': 244}","{'id': 16186, 'rank': 11, 'fitness': 0.9791725221426757, 'generation': 244}","{'id': 16186, 'rank': 12, 'fitness': 0.9791725221426757, 'generation': 244}","{'id': 16186, 'rank': 13, 'fitness': 0.9791725221426757, 'generation': 244}","{'id': 16186, 'rank': 14, 'fitness': 0.9791725221426757, 'generation': 244}","{'id': 16186, 'rank': 15, 'fitness': 0.9791725221426757, 'generation': 244}","{'id': 16364, 'rank': 16, 'fitness': 0.8868507507350993, 'generation': 244}","{'id': 15866, 'rank': 17, 'fitness': 0.8710748044955889, 'generation': 244}","{'id': 15866, 'rank': 18, 'fitness': 0.8710748044955889, 'generation': 244}","{'id': 15866, 'rank': 19, 'fitness': 0.8710748044955889, 'generation': 244}","{'id': 15866, 'rank': 20, 'fitness': 0.8710748044955889, 'generation': 244}","{'id': 15866, 'rank': 21, 'fitness': 0.8710748044955889, 'generation': 244}","{'id': 15866, 'rank': 22, 'fitness': 0.8710748044955889, 'generation': 244}","{'id': 15866, 'rank': 23, 'fitness': 0.8710748044955889, 'generation': 244}","{'id': 15866, 'rank': 24, 'fitness': 0.8710748044955889, 'generation': 244}","{'id': 16440, 'rank': 25, 'fitness': 0.8703924545499371, 'generation': 244}","{'id': 16377, 'rank': 26, 'fitness': 0.6971091966048985, 'generation': 244}","{'id': 16413, 'rank': 27, 'fitness': 0.5035497192390943, 'generation': 244}","{'id': 16389, 'rank': 28, 'fitness': 0.3104372915725583, 'generation': 244}","{'id': 16408, 'rank': 29, 'fitness': 0.050981890027060106, 'generation': 244}","{'id': 16398, 'rank': 30, 'fitness': 0.01798620996209155, 'generation': 244}"
"{'id': 16462, 'rank': 1, 'fitness': 0.9820137900379085, 'generation': 245}","{'id': 16462, 'rank': 2, 'fitness': 0.9820137900379085, 'generation': 245}","{'id': 16462, 'rank': 3, 'fitness': 0.9820137900379085, 'generation': 245}","{'id': 16462, 'rank': 4, 'fitness': 0.9820137900379085, 'generation': 245}","{'id': 16462, 'rank': 5, 'fitness': 0.9820137900379085, 'generation': 245}","{'id': 16422, 'rank': 6, 'fitness': 0.9729176764668561, 'generation': 245}","{'id': 16422, 'rank': 7, 'fitness': 0.9729176764668561, 'generation': 245}","{'id': 16422, 'rank': 8, 'fitness': 0.9729176764668561, 'generation': 245}","{'id': 16422, 'rank': 9, 'fitness': 0.9729176764668561, 'generation': 245}","{'id': 16422, 'rank': 10, 'fitness': 0.9729176764668561, 'generation': 245}","{'id': 16422, 'rank': 11, 'fitness': 0.9729176764668561, 'generation': 245}","{'id': 16422, 'rank': 12, 'fitness': 0.9729176764668561, 'generation': 245}","{'id': 16422, 'rank': 13, 'fitness': 0.9729176764668561, 'generation': 245}","{'id': 16419, 'rank': 14, 'fitness': 0.9722352997624027, 'generation': 245}","{'id': 16419, 'rank': 15, 'fitness': 0.9722352997624027, 'generation': 245}","{'id': 16186, 'rank': 16, 'fitness': 0.9703236283882384, 'generation': 245}","{'id': 16186, 'rank': 17, 'fitness': 0.9703236283882384, 'generation': 245}","{'id': 16186, 'rank': 18, 'fitness': 0.9703236283882384, 'generation': 245}","{'id': 16186, 'rank': 19, 'fitness': 0.9703236283882384, 'generation': 245}","{'id': 16186, 'rank': 20, 'fitness': 0.9703236283882384, 'generation': 245}","{'id': 16186, 'rank': 21, 'fitness': 0.9703236283882384, 'generation': 245}","{'id': 16364, 'rank': 22, 'fitness': 0.9137013798768275, 'generation': 245}","{'id': 15866, 'rank': 23, 'fitness': 0.9060419919507392, 'generation': 245}","{'id': 16440, 'rank': 24, 'fitness': 0.9057166543754123, 'generation': 245}","{'id': 16440, 'rank': 25, 'fitness': 0.9057166543754123, 'generation': 245}","{'id': 16413, 'rank': 26, 'fitness': 0.7451037065922452, 'generation': 245}","{'id': 16487, 'rank': 27, 'fitness': 0.6822792633562498, 'generation': 245}","{'id': 16389, 'rank': 28, 'fitness': 0.6367770646597621, 'generation': 245}","{'id': 16510, 'rank': 29, 'fitness': 0.3889335270527179, 'generation': 245}","{'id': 16520, 'rank': 30, 'fitness': 0.01798620996209155, 'generation': 245}"
"{'id': 16574, 'rank': 1, 'fitness': 0.9820137900379085, 'generation': 246}","{'id': 16574, 'rank': 2, 'fitness': 0.9820137900379085, 'generation': 246}","{'id': 16574, 'rank': 3, 'fitness': 0.9820137900379085, 'generation': 246}","{'id': 16462, 'rank': 4, 'fitness': 0.8728585137351117, 'generation': 246}","{'id': 16462, 'rank': 5, 'fitness': 0.8728585137351117, 'generation': 246}","{'id': 16462, 'rank': 6, 'fitness': 0.8728585137351117, 'generation': 246}","{'id': 16462, 'rank': 7, 'fitness': 0.8728585137351117, 'generation': 246}","{'id': 16462, 'rank': 8, 'fitness': 0.8728585137351117, 'generation': 246}","{'id': 16462, 'rank': 9, 'fitness': 0.8728585137351117, 'generation': 246}","{'id': 16462, 'rank': 10, 'fitness': 0.8728585137351117, 'generation': 246}","{'id': 16462, 'rank': 11, 'fitness': 0.8728585137351117, 'generation': 246}","{'id': 16462, 'rank': 12, 'fitness': 0.8728585137351117, 'generation': 246}","{'id': 16462, 'rank': 13, 'fitness': 0.8728585137351117, 'generation': 246}","{'id': 16422, 'rank': 14, 'fitness': 0.8191332220576752, 'generation': 246}","{'id': 16422, 'rank': 15, 'fitness': 0.8191332220576752, 'generation': 246}","{'id': 16422, 'rank': 16, 'fitness': 0.8191332220576752, 'generation': 246}","{'id': 16422, 'rank': 17, 'fitness': 0.8191332220576752, 'generation': 246}","{'id': 16422, 'rank': 18, 'fitness': 0.8191332220576752, 'generation': 246}","{'id': 16422, 'rank': 19, 'fitness': 0.8191332220576752, 'generation': 246}","{'id': 16422, 'rank': 20, 'fitness': 0.8191332220576752, 'generation': 246}","{'id': 16422, 'rank': 21, 'fitness': 0.8191332220576752, 'generation': 246}","{'id': 16186, 'rank': 22, 'fitness': 0.8048566643148705, 'generation': 246}","{'id': 16186, 'rank': 23, 'fitness': 0.8048566643148705, 'generation': 246}","{'id': 16531, 'rank': 24, 'fitness': 0.6416382477620182, 'generation': 246}","{'id': 16531, 'rank': 25, 'fitness': 0.6416382477620182, 'generation': 246}","{'id': 16562, 'rank': 26, 'fitness': 0.49748501608356477, 'generation': 246}","{'id': 16565, 'rank': 27, 'fitness': 0.4130089495703402, 'generation': 246}","{'id': 16532, 'rank': 28, 'fitness': 0.2630298820829313, 'generation': 246}","{'id': 16487, 'rank': 29, 'fitness': 0.2159878962912824, 'generation': 246}","{'id': 16597, 'rank': 30, 'fitness': 0.01798620996209155, 'generation': 246}"
"{'id': 16574, 'rank': 1, 'fitness': 0.9820137900379085, 'generation': 247}","{'id': 16574, 'rank': 2, 'fitness': 0.9820137900379085, 'generation': 247}","{'id': 16574, 'rank': 3, 'fitness': 0.9820137900379085, 'generation': 247}","{'id': 16574, 'rank': 4, 'fitness': 0.9820137900379085, 'generation': 247}","{'id': 16574, 'rank': 5, 'fitness': 0.9820137900379085, 'generation': 247}","{'id': 16462, 'rank': 6, 'fitness': 0.7798386856386433, 'generation': 247}","{'id': 16462, 'rank': 7, 'fitness': 0.7798386856386433, 'generation': 247}","{'id': 16462, 'rank': 8, 'fitness': 0.7798386856386433, 'generation': 247}","{'id': 16462, 'rank': 9, 'fitness': 0.7798386856386433, 'generation': 247}","{'id': 16462, 'rank': 10, 'fitness': 0.7798386856386433, 'generation': 247}","{'id': 16462, 'rank': 11, 'fitness': 0.7798386856386433, 'generation': 247}","{'id': 16462, 'rank': 12, 'fitness': 0.7798386856386433, 'generation': 247}","{'id': 16462, 'rank': 13, 'fitness': 0.7798386856386433, 'generation': 247}","{'id': 16462, 'rank': 14, 'fitness': 0.7798386856386433, 'generation': 247}","{'id': 16462, 'rank': 15, 'fitness': 0.7798386856386433, 'generation': 247}","{'id': 16462, 'rank': 16, 'fitness': 0.7798386856386433, 'generation': 247}","{'id': 16462, 'rank': 17, 'fitness': 0.7798386856386433, 'generation': 247}","{'id': 16462, 'rank': 18, 'fitness': 0.7798386856386433, 'generation': 247}","{'id': 16462, 'rank': 19, 'fitness': 0.7798386856386433, 'generation': 247}","{'id': 16462, 'rank': 20, 'fitness': 0.7798386856386433, 'generation': 247}","{'id': 16663, 'rank': 21, 'fitness': 0.7452855929512046, 'generation': 247}","{'id': 16422, 'rank': 22, 'fitness': 0.6717214729692375, 'generation': 247}","{'id': 16422, 'rank': 23, 'fitness': 0.6717214729692375, 'generation': 247}","{'id': 16422, 'rank': 24, 'fitness': 0.6717214729692375, 'generation': 247}","{'id': 16422, 'rank': 25, 'fitness': 0.6717214729692375, 'generation': 247}","{'id': 16186, 'rank': 26, 'fitness': 0.6439540702907289, 'generation': 247}","{'id': 16531, 'rank': 27, 'fitness': 0.37561871244511064, 'generation': 247}","{'id': 16562, 'rank': 28, 'fitness': 0.21588117584524397, 'generation': 247}","{'id': 16562, 'rank': 29, 'fitness': 0.21588117584524397, 'generation': 247}","{'id': 16639, 'rank': 30, 'fitness': 0.01798620996209155, 'generation': 247}"
"{'id': 16574, 'rank': 1, 'fitness': 0.9820137900379085, 'generation': 248}","{'id': 16574, 'rank': 2, 'fitness': 0.9820137900379085, 'generation': 248}","{'id': 16574, 'rank': 3, 'fitness': 0.9820137900379085, 'generation': 248}","{'id': 16574, 'rank': 4, 'fitness': 0.9820137900379085, 'generation': 248}","{'id': 16717, 'rank': 5, 'fitness': 0.9640976838768521, 'generation': 248}","{'id': 16717, 'rank': 6, 'fitness': 0.9640976838768521, 'generation': 248}","{'id': 16714, 'rank': 7, 'fitness': 0.9632776511854104, 'generation': 248}","{'id': 16714, 'rank': 8, 'fitness': 0.9632776511854104, 'generation': 248}","{'id': 16714, 'rank': 9, 'fitness': 0.9632776511854104, 'generation': 248}","{'id': 16731, 'rank': 10, 'fitness': 0.8393624279423281, 'generation': 248}","{'id': 16736, 'rank': 11, 'fitness': 0.6614090696343966, 'generation': 248}","{'id': 16730, 'rank': 12, 'fitness': 0.6221577549648584, 'generation': 248}","{'id': 16462, 'rank': 13, 'fitness': 0.46589045711296334, 'generation': 248}","{'id': 16462, 'rank': 14, 'fitness': 0.46589045711296334, 'generation': 248}","{'id': 16462, 'rank': 15, 'fitness': 0.46589045711296334, 'generation': 248}","{'id': 16462, 'rank': 16, 'fitness': 0.46589045711296334, 'generation': 248}","{'id': 16462, 'rank': 17, 'fitness': 0.46589045711296334, 'generation': 248}","{'id': 16462, 'rank': 18, 'fitness': 0.46589045711296334, 'generation': 248}","{'id': 16462, 'rank': 19, 'fitness': 0.46589045711296334, 'generation': 248}","{'id': 16462, 'rank': 20, 'fitness': 0.46589045711296334, 'generation': 248}","{'id': 16462, 'rank': 21, 'fitness': 0.46589045711296334, 'generation': 248}","{'id': 16462, 'rank': 22, 'fitness': 0.46589045711296334, 'generation': 248}","{'id': 16462, 'rank': 23, 'fitness': 0.46589045711296334, 'generation': 248}","{'id': 16462, 'rank': 24, 'fitness': 0.46589045711296334, 'generation': 248}","{'id': 16462, 'rank': 25, 'fitness': 0.46589045711296334, 'generation': 248}","{'id': 16462, 'rank': 26, 'fitness': 0.46589045711296334, 'generation': 248}","{'id': 16462, 'rank': 27, 'fitness': 0.46589045711296334, 'generation': 248}","{'id': 16462, 'rank': 28, 'fitness': 0.46589045711296334, 'generation': 248}","{'id': 16422, 'rank': 29, 'fitness': 0.27557126596285786, 'generation': 248}","{'id': 16562, 'rank': 30, 'fitness': 0.01798620996209155, 'generation': 248}"
"{'id': 16574, 'rank': 1, 'fitness': 0.9820137900379085, 'generation': 249}","{'id': 16574, 'rank': 2, 'fitness': 0.9820137900379085, 'generation': 249}","{'id': 16574, 'rank': 3, 'fitness': 0.9820137900379085, 'generation': 249}","{'id': 16574, 'rank': 4, 'fitness': 0.9820137900379085, 'generation': 249}","{'id': 16574, 'rank': 5, 'fitness': 0.9820137900379085, 'generation': 249}","{'id': 16717, 'rank': 6, 'fitness': 0.9718174395909644, 'generation': 249}","{'id': 16717, 'rank': 7, 'fitness': 0.9718174395909644, 'generation': 249}","{'id': 16717, 'rank': 8, 'fitness': 0.9718174395909644, 'generation': 249}","{'id': 16714, 'rank': 9, 'fitness': 0.9713988042807045, 'generation': 249}","{'id': 16714, 'rank': 10, 'fitness': 0.9713988042807045, 'generation': 249}","{'id': 16714, 'rank': 11, 'fitness': 0.9713988042807045, 'generation': 249}","{'id': 16714, 'rank': 12, 'fitness': 0.9713988042807045, 'generation': 249}","{'id': 16788, 'rank': 13, 'fitness': 0.8892052215534503, 'generation': 249}","{'id': 16736, 'rank': 14, 'fitness': 0.8633332364332735, 'generation': 249}","{'id': 16730, 'rank': 15, 'fitness': 0.8497454735108331, 'generation': 249}","{'id': 16730, 'rank': 16, 'fitness': 0.8497454735108331, 'generation': 249}","{'id': 16730, 'rank': 17, 'fitness': 0.8497454735108331, 'generation': 249}","{'id': 16730, 'rank': 18, 'fitness': 0.8497454735108331, 'generation': 249}","{'id': 16462, 'rank': 19, 'fitness': 0.7893728074490637, 'generation': 249}","{'id': 16462, 'rank': 20, 'fitness': 0.7893728074490637, 'generation': 249}","{'id': 16462, 'rank': 21, 'fitness': 0.7893728074490637, 'generation': 249}","{'id': 16462, 'rank': 22, 'fitness': 0.7893728074490637, 'generation': 249}","{'id': 16462, 'rank': 23, 'fitness': 0.7893728074490637, 'generation': 249}","{'id': 16462, 'rank': 24, 'fitness': 0.7893728074490637, 'generation': 249}","{'id': 16462, 'rank': 25, 'fitness': 0.7893728074490637, 'generation': 249}","{'id': 16462, 'rank': 26, 'fitness': 0.7893728074490637, 'generation': 249}","{'id': 16462, 'rank': 27, 'fitness': 0.7893728074490637, 'generation': 249}","{'id': 16462, 'rank': 28, 'fitness': 0.7893728074490637, 'generation': 249}","{'id': 16814, 'rank': 29, 'fitness': 0.31123688628030377, 'generation': 249}","{'id': 16815, 'rank': 30, 'fitness': 0.01798620996209155, 'generation': 249}"
"{'id': 16574, 'rank': 1, 'fitness': 0.9820137900379085, 'generation': 250}","{'id': 16574, 'rank': 2, 'fitness': 0.9820137900379085, 'generation': 250}","{'id': 16574, 'rank': 3, 'fitness': 0.9820137900379085, 'generation': 250}","{'id': 16574, 'rank': 4, 'fitness': 0.9820137900379085, 'generation': 250}","{'id': 16574, 'rank': 5, 'fitness': 0.9820137900379085, 'generation': 250}","{'id': 16574, 'rank': 6, 'fitness': 0.9820137900379085, 'generation': 250}","{'id': 16574, 'rank': 7, 'fitness': 0.9820137900379085, 'generation': 250}","{'id': 16574, 'rank': 8, 'fitness': 0.9820137900379085, 'generation': 250}","{'id': 16574, 'rank': 9, 'fitness': 0.9820137900379085, 'generation': 250}","{'id': 16574, 'rank': 10, 'fitness': 0.9820137900379085, 'generation': 250}","{'id': 16717, 'rank': 11, 'fitness': 0.9768947244439449, 'generation': 250}","{'id': 16717, 'rank': 12, 'fitness': 0.9768947244439449, 'generation': 250}","{'id': 16717, 'rank': 13, 'fitness': 0.9768947244439449, 'generation': 250}","{'id': 16717, 'rank': 14, 'fitness': 0.9768947244439449, 'generation': 250}","{'id': 16717, 'rank': 15, 'fitness': 0.9768947244439449, 'generation': 250}","{'id': 16717, 'rank': 16, 'fitness': 0.9768947244439449, 'generation': 250}","{'id': 16714, 'rank': 17, 'fitness': 0.9767033657287068, 'generation': 250}","{'id': 16714, 'rank': 18, 'fitness': 0.9767033657287068, 'generation': 250}","{'id': 16714, 'rank': 19, 'fitness': 0.9767033657287068, 'generation': 250}","{'id': 16875, 'rank': 20, 'fitness': 0.969704272257828, 'generation': 250}","{'id': 16875, 'rank': 21, 'fitness': 0.969704272257828, 'generation': 250}","{'id': 16857, 'rank': 22, 'fitness': 0.9687466980579094, 'generation': 250}","{'id': 16876, 'rank': 23, 'fitness': 0.9516551826171903, 'generation': 250}","{'id': 16876, 'rank': 24, 'fitness': 0.9516551826171903, 'generation': 250}","{'id': 16730, 'rank': 25, 'fitness': 0.9392570930504955, 'generation': 250}","{'id': 16730, 'rank': 26, 'fitness': 0.9392570930504955, 'generation': 250}","{'id': 16730, 'rank': 27, 'fitness': 0.9392570930504955, 'generation': 250}","{'id': 16462, 'rank': 28, 'fitness': 0.9248056292728086, 'generation': 250}","{'id': 16462, 'rank': 29, 'fitness': 0.9248056292728086, 'generation': 250}","{'id': 16863, 'rank': 30, 'fitness': 0.01798620996209155, 'generation': 250}"
"{'id': 16574, 'rank': 1, 'fitness': 0.9820137900379085, 'generation': 251}","{'id': 16574, 'rank': 2, 'fitness': 0.9820137900379085, 'generation': 251}","{'id': 16574, 'rank': 3, 'fitness': 0.9820137900379085, 'generation': 251}","{'id': 16574, 'rank': 4, 'fitness': 0.9820137900379085, 'generation': 251}","{'id': 16574, 'rank': 5, 'fitness': 0.9820137900379085, 'generation': 251}","{'id': 16574, 'rank': 6, 'fitness': 0.9820137900379085, 'generation': 251}","{'id': 16574, 'rank': 7, 'fitness': 0.9820137900379085, 'generation': 251}","{'id': 16574, 'rank': 8, 'fitness': 0.9820137900379085, 'generation': 251}","{'id': 16574, 'rank': 9, 'fitness': 0.9820137900379085, 'generation': 251}","{'id': 16574, 'rank': 10, 'fitness': 0.9820137900379085, 'generation': 251}","{'id': 16574, 'rank': 11, 'fitness': 0.9820137900379085, 'generation': 251}","{'id': 16574, 'rank': 12, 'fitness': 0.9820137900379085, 'generation': 251}","{'id': 16574, 'rank': 13, 'fitness': 0.9820137900379085, 'generation': 251}","{'id': 16717, 'rank': 14, 'fitness': 0.9667187889383224, 'generation': 251}","{'id': 16717, 'rank': 15, 'fitness': 0.9667187889383224, 'generation': 251}","{'id': 16717, 'rank': 16, 'fitness': 0.9667187889383224, 'generation': 251}","{'id': 16717, 'rank': 17, 'fitness': 0.9667187889383224, 'generation': 251}","{'id': 16717, 'rank': 18, 'fitness': 0.9667187889383224, 'generation': 251}","{'id': 16717, 'rank': 19, 'fitness': 0.9667187889383224, 'generation': 251}","{'id': 16717, 'rank': 20, 'fitness': 0.9667187889383224, 'generation': 251}","{'id': 16717, 'rank': 21, 'fitness': 0.9667187889383224, 'generation': 251}","{'id': 16717, 'rank': 22, 'fitness': 0.9667187889383224, 'generation': 251}","{'id': 16714, 'rank': 23, 'fitness': 0.9660416841449837, 'generation': 251}","{'id': 16954, 'rank': 24, 'fitness': 0.9534744739081334, 'generation': 251}","{'id': 16875, 'rank': 25, 'fitness': 0.9359513256420582, 'generation': 251}","{'id': 16966, 'rank': 26, 'fitness': 0.8693903454387525, 'generation': 251}","{'id': 16876, 'rank': 27, 'fitness': 0.8148755361254565, 'generation': 251}","{'id': 16462, 'rank': 28, 'fitness': 0.5795928990782684, 'generation': 251}","{'id': 16970, 'rank': 29, 'fitness': 0.3192474688188393, 'generation': 251}","{'id': 16932, 'rank': 30, 'fitness': 0.01798620996209155, 'generation': 251}"
"{'id': 16574, 'rank': 1, 'fitness': 0.9820137900379085, 'generation': 252}","{'id': 16574, 'rank': 2, 'fitness': 0.9820137900379085, 'generation': 252}","{'id': 16574, 'rank': 3, 'fitness': 0.9820137900379085, 'generation': 252}","{'id': 16574, 'rank': 4, 'fitness': 0.9820137900379085, 'generation': 252}","{'id': 16574, 'rank': 5, 'fitness': 0.9820137900379085, 'generation': 252}","{'id': 16574, 'rank': 6, 'fitness': 0.9820137900379085, 'generation': 252}","{'id': 16574, 'rank': 7, 'fitness': 0.9820137900379085, 'generation': 252}","{'id': 16574, 'rank': 8, 'fitness': 0.9820137900379085, 'generation': 252}","{'id': 16574, 'rank': 9, 'fitness': 0.9820137900379085, 'generation': 252}","{'id': 16574, 'rank': 10, 'fitness': 0.9820137900379085, 'generation': 252}","{'id': 16574, 'rank': 11, 'fitness': 0.9820137900379085, 'generation': 252}","{'id': 16574, 'rank': 12, 'fitness': 0.9820137900379085, 'generation': 252}","{'id': 16574, 'rank': 13, 'fitness': 0.9820137900379085, 'generation': 252}","{'id': 16574, 'rank': 14, 'fitness': 0.9820137900379085, 'generation': 252}","{'id': 16574, 'rank': 15, 'fitness': 0.9820137900379085, 'generation': 252}","{'id': 16717, 'rank': 16, 'fitness': 0.9424785066949, 'generation': 252}","{'id': 16717, 'rank': 17, 'fitness': 0.9424785066949, 'generation': 252}","{'id': 16717, 'rank': 18, 'fitness': 0.9424785066949, 'generation': 252}","{'id': 16717, 'rank': 19, 'fitness': 0.9424785066949, 'generation': 252}","{'id': 16717, 'rank': 20, 'fitness': 0.9424785066949, 'generation': 252}","{'id': 16717, 'rank': 21, 'fitness': 0.9424785066949, 'generation': 252}","{'id': 16717, 'rank': 22, 'fitness': 0.9424785066949, 'generation': 252}","{'id': 16875, 'rank': 23, 'fitness': 0.815488490621142, 'generation': 252}","{'id': 17018, 'rank': 24, 'fitness': 0.6421287190821215, 'generation': 252}","{'id': 17018, 'rank': 25, 'fitness': 0.6421287190821215, 'generation': 252}","{'id': 16966, 'rank': 26, 'fitness': 0.4965791756569145, 'generation': 252}","{'id': 17014, 'rank': 27, 'fitness': 0.316795698880986, 'generation': 252}","{'id': 17029, 'rank': 28, 'fitness': 0.3019857127502113, 'generation': 252}","{'id': 16979, 'rank': 29, 'fitness': 0.15978952770494337, 'generation': 252}","{'id': 17043, 'rank': 30, 'fitness': 0.01798620996209155, 'generation': 252}"
"{'id': 17081, 'rank': 1, 'fitness': 0.9820137900379085, 'generation': 253}","{'id': 17081, 'rank': 2, 'fitness': 0.9820137900379085, 'generation': 253}","{'id': 17081, 'rank': 3, 'fitness': 0.9820137900379085, 'generation': 253}","{'id': 16574, 'rank': 4, 'fitness': 0.7758633809828606, 'generation': 253}","{'id': 16574, 'rank': 5, 'fitness': 0.7758633809828606, 'generation': 253}","{'id': 16574, 'rank': 6, 'fitness': 0.7758633809828606, 'generation': 253}","{'id': 16574, 'rank': 7, 'fitness': 0.7758633809828606, 'generation': 253}","{'id': 16574, 'rank': 8, 'fitness': 0.7758633809828606, 'generation': 253}","{'id': 16574, 'rank': 9, 'fitness': 0.7758633809828606, 'generation': 253}","{'id': 16574, 'rank': 10, 'fitness': 0.7758633809828606, 'generation': 253}","{'id': 16574, 'rank': 11, 'fitness': 0.7758633809828606, 'generation': 253}","{'id': 16574, 'rank': 12, 'fitness': 0.7758633809828606, 'generation': 253}","{'id': 16574, 'rank': 13, 'fitness': 0.7758633809828606, 'generation': 253}","{'id': 16574, 'rank': 14, 'fitness': 0.7758633809828606, 'generation': 253}","{'id': 16574, 'rank': 15, 'fitness': 0.7758633809828606, 'generation': 253}","{'id': 16574, 'rank': 16, 'fitness': 0.7758633809828606, 'generation': 253}","{'id': 16574, 'rank': 17, 'fitness': 0.7758633809828606, 'generation': 253}","{'id': 16574, 'rank': 18, 'fitness': 0.7758633809828606, 'generation': 253}","{'id': 16574, 'rank': 19, 'fitness': 0.7758633809828606, 'generation': 253}","{'id': 16574, 'rank': 20, 'fitness': 0.7758633809828606, 'generation': 253}","{'id': 16574, 'rank': 21, 'fitness': 0.7758633809828606, 'generation': 253}","{'id': 16574, 'rank': 22, 'fitness': 0.7758633809828606, 'generation': 253}","{'id': 16574, 'rank': 23, 'fitness': 0.7758633809828606, 'generation': 253}","{'id': 16574, 'rank': 24, 'fitness': 0.7758633809828606, 'generation': 253}","{'id': 16717, 'rank': 25, 'fitness': 0.607765635295873, 'generation': 253}","{'id': 17121, 'rank': 26, 'fitness': 0.3567666765747036, 'generation': 253}","{'id': 17014, 'rank': 27, 'fitness': 0.12535220991522733, 'generation': 253}","{'id': 17014, 'rank': 28, 'fitness': 0.12535220991522733, 'generation': 253}","{'id': 17072, 'rank': 29, 'fitness': 0.019270771631250683, 'generation': 253}","{'id': 17074, 'rank': 30, 'fitness': 0.01798620996209155, 'generation': 253}"
"{'id': 17081, 'rank': 1, 'fitness': 0.9820137900379085, 'generation': 254}","{'id': 17081, 'rank': 2, 'fitness': 0.9820137900379085, 'generation': 254}","{'id': 17081, 'rank': 3, 'fitness': 0.9820137900379085, 'generation': 254}","{'id': 17081, 'rank': 4, 'fitness': 0.9820137900379085, 'generation': 254}","{'id': 17081, 'rank': 5, 'fitness': 0.9820137900379085, 'generation': 254}","{'id': 17081, 'rank': 6, 'fitness': 0.9820137900379085, 'generation': 254}","{'id': 17081, 'rank': 7, 'fitness': 0.9820137900379085, 'generation': 254}","{'id': 17081, 'rank': 8, 'fitness': 0.9820137900379085, 'generation': 254}","{'id': 16574, 'rank': 9, 'fitness': 0.9818943356955565, 'generation': 254}","{'id': 16574, 'rank': 10, 'fitness': 0.9818943356955565, 'generation': 254}","{'id': 16574, 'rank': 11, 'fitness': 0.9818943356955565, 'generation': 254}","{'id': 16574, 'rank': 12, 'fitness': 0.9818943356955565, 'generation': 254}","{'id': 16574, 'rank': 13, 'fitness': 0.9818943356955565, 'generation': 254}","{'id': 16574, 'rank': 14, 'fitness': 0.9818943356955565, 'generation': 254}","{'id': 16574, 'rank': 15, 'fitness': 0.9818943356955565, 'generation': 254}","{'id': 16574, 'rank': 16, 'fitness': 0.9818943356955565, 'generation': 254}","{'id': 16574, 'rank': 17, 'fitness': 0.9818943356955565, 'generation': 254}","{'id': 16574, 'rank': 18, 'fitness': 0.9818943356955565, 'generation': 254}","{'id': 16574, 'rank': 19, 'fitness': 0.9818943356955565, 'generation': 254}","{'id': 16574, 'rank': 20, 'fitness': 0.9818943356955565, 'generation': 254}","{'id': 16574, 'rank': 21, 'fitness': 0.9818943356955565, 'generation': 254}","{'id': 16574, 'rank': 22, 'fitness': 0.9818943356955565, 'generation': 254}","{'id': 16574, 'rank': 23, 'fitness': 0.9818943356955565, 'generation': 254}","{'id': 16574, 'rank': 24, 'fitness': 0.9818943356955565, 'generation': 254}","{'id': 16574, 'rank': 25, 'fitness': 0.9818943356955565, 'generation': 254}","{'id': 16574, 'rank': 26, 'fitness': 0.9818943356955565, 'generation': 254}","{'id': 16574, 'rank': 27, 'fitness': 0.9818943356955565, 'generation': 254}","{'id': 16574, 'rank': 28, 'fitness': 0.9818943356955565, 'generation': 254}","{'id': 17121, 'rank': 29, 'fitness': 0.9818146034920195, 'generation': 254}","{'id': 17151, 'rank': 30, 'fitness': 0.01798620996209155, 'generation': 254}"
"{'id': 17081, 'rank': 1, 'fitness': 0.9820137900379085, 'generation': 255}","{'id': 17081, 'rank': 2, 'fitness': 0.9820137900379085, 'generation': 255}","{'id': 17081, 'rank': 3, 'fitness': 0.9820137900379085, 'generation': 255}","{'id': 17081, 'rank': 4, 'fitness': 0.9820137900379085, 'generation': 255}","{'id': 17081, 'rank': 5, 'fitness': 0.9820137900379085, 'generation': 255}","{'id': 17081, 'rank': 6, 'fitness': 0.9820137900379085, 'generation': 255}","{'id': 17081, 'rank': 7, 'fitness': 0.9820137900379085, 'generation': 255}","{'id': 17081, 'rank': 8, 'fitness': 0.9820137900379085, 'generation': 255}","{'id': 17081, 'rank': 9, 'fitness': 0.9820137900379085, 'generation': 255}","{'id': 17220, 'rank': 10, 'fitness': 0.8814199323025171, 'generation': 255}","{'id': 17264, 'rank': 11, 'fitness': 0.8717168897319331, 'generation': 255}","{'id': 17264, 'rank': 12, 'fitness': 0.8717168897319331, 'generation': 255}","{'id': 16574, 'rank': 13, 'fitness': 0.689168823693793, 'generation': 255}","{'id': 16574, 'rank': 14, 'fitness': 0.689168823693793, 'generation': 255}","{'id': 16574, 'rank': 15, 'fitness': 0.689168823693793, 'generation': 255}","{'id': 16574, 'rank': 16, 'fitness': 0.689168823693793, 'generation': 255}","{'id': 16574, 'rank': 17, 'fitness': 0.689168823693793, 'generation': 255}","{'id': 16574, 'rank': 18, 'fitness': 0.689168823693793, 'generation': 255}","{'id': 16574, 'rank': 19, 'fitness': 0.689168823693793, 'generation': 255}","{'id': 16574, 'rank': 20, 'fitness': 0.689168823693793, 'generation': 255}","{'id': 16574, 'rank': 21, 'fitness': 0.689168823693793, 'generation': 255}","{'id': 16574, 'rank': 22, 'fitness': 0.689168823693793, 'generation': 255}","{'id': 16574, 'rank': 23, 'fitness': 0.689168823693793, 'generation': 255}","{'id': 16574, 'rank': 24, 'fitness': 0.689168823693793, 'generation': 255}","{'id': 17276, 'rank': 25, 'fitness': 0.5135604643117536, 'generation': 255}","{'id': 17121, 'rank': 26, 'fitness': 0.20905108744192813, 'generation': 255}","{'id': 17252, 'rank': 27, 'fitness': 0.04055575551329699, 'generation': 255}","{'id': 17263, 'rank': 28, 'fitness': 0.01798620996209155, 'generation': 255}","{'id': 17263, 'rank': 29, 'fitness': 0.01798620996209155, 'generation': 255}","{'id': 17263, 'rank': 30, 'fitness': 0.01798620996209155, 'generation': 255}"
"{'id': 17353, 'rank': 1, 'fitness': 0.9820137900379085, 'generation': 256}","{'id': 17353, 'rank': 2, 'fitness': 0.9820137900379085, 'generation': 256}","{'id': 17353, 'rank': 3, 'fitness': 0.9820137900379085, 'generation': 256}","{'id': 17353, 'rank': 4, 'fitness': 0.9820137900379085, 'generation': 256}","{'id': 17081, 'rank': 5, 'fitness': 0.9379553376401069, 'generation': 256}","{'id': 17081, 'rank': 6, 'fitness': 0.9379553376401069, 'generation': 256}","{'id': 17081, 'rank': 7, 'fitness': 0.9379553376401069, 'generation': 256}","{'id': 17081, 'rank': 8, 'fitness': 0.9379553376401069, 'generation': 256}","{'id': 17081, 'rank': 9, 'fitness': 0.9379553376401069, 'generation': 256}","{'id': 17081, 'rank': 10, 'fitness': 0.9379553376401069, 'generation': 256}","{'id': 17081, 'rank': 11, 'fitness': 0.9379553376401069, 'generation': 256}","{'id': 17081, 'rank': 12, 'fitness': 0.9379553376401069, 'generation': 256}","{'id': 17081, 'rank': 13, 'fitness': 0.9379553376401069, 'generation': 256}","{'id': 17081, 'rank': 14, 'fitness': 0.9379553376401069, 'generation': 256}","{'id': 17081, 'rank': 15, 'fitness': 0.9379553376401069, 'generation': 256}","{'id': 17081, 'rank': 16, 'fitness': 0.9379553376401069, 'generation': 256}","{'id': 17081, 'rank': 17, 'fitness': 0.9379553376401069, 'generation': 256}","{'id': 17081, 'rank': 18, 'fitness': 0.9379553376401069, 'generation': 256}","{'id': 17081, 'rank': 19, 'fitness': 0.9379553376401069, 'generation': 256}","{'id': 17081, 'rank': 20, 'fitness': 0.9379553376401069, 'generation': 256}","{'id': 17264, 'rank': 21, 'fitness': 0.7244329898386173, 'generation': 256}","{'id': 17328, 'rank': 22, 'fitness': 0.664827628943548, 'generation': 256}","{'id': 16574, 'rank': 23, 'fitness': 0.5065869167277463, 'generation': 256}","{'id': 16574, 'rank': 24, 'fitness': 0.5065869167277463, 'generation': 256}","{'id': 16574, 'rank': 25, 'fitness': 0.5065869167277463, 'generation': 256}","{'id': 16574, 'rank': 26, 'fitness': 0.5065869167277463, 'generation': 256}","{'id': 16574, 'rank': 27, 'fitness': 0.5065869167277463, 'generation': 256}","{'id': 17293, 'rank': 28, 'fitness': 0.18334454348463458, 'generation': 256}","{'id': 17121, 'rank': 29, 'fitness': 0.1468986571419355, 'generation': 256}","{'id': 17263, 'rank': 30, 'fitness': 0.01798620996209155, 'generation': 256}"
"{'id': 17353, 'rank': 1, 'fitness': 0.9820137900379085, 'generation': 257}","{'id': 17353, 'rank': 2, 'fitness': 0.9820137900379085, 'generation': 257}","{'id': 17353, 'rank': 3, 'fitness': 0.9820137900379085, 'generation': 257}","{'id': 17353, 'rank': 4, 'fitness': 0.9820137900379085, 'generation': 257}","{'id': 17353, 'rank': 5, 'fitness': 0.9820137900379085, 'generation': 257}","{'id': 17081, 'rank': 6, 'fitness': 0.9794679323035773, 'generation': 257}","{'id': 17081, 'rank': 7, 'fitness': 0.9794679323035773, 'generation': 257}","{'id': 17081, 'rank': 8, 'fitness': 0.9794679323035773, 'generation': 257}","{'id': 17081, 'rank': 9, 'fitness': 0.9794679323035773, 'generation': 257}","{'id': 17081, 'rank': 10, 'fitness': 0.9794679323035773, 'generation': 257}","{'id': 17081, 'rank': 11, 'fitness': 0.9794679323035773, 'generation': 257}","{'id': 17081, 'rank': 12, 'fitness': 0.9794679323035773, 'generation': 257}","{'id': 17081, 'rank': 13, 'fitness': 0.9794679323035773, 'generation': 257}","{'id': 17081, 'rank': 14, 'fitness': 0.9794679323035773, 'generation': 257}","{'id': 17081, 'rank': 15, 'fitness': 0.9794679323035773, 'generation': 257}","{'id': 17081, 'rank': 16, 'fitness': 0.9794679323035773, 'generation': 257}","{'id': 17081, 'rank': 17, 'fitness': 0.9794679323035773, 'generation': 257}","{'id': 17081, 'rank': 18, 'fitness': 0.9794679323035773, 'generation': 257}","{'id': 17081, 'rank': 19, 'fitness': 0.9794679323035773, 'generation': 257}","{'id': 17081, 'rank': 20, 'fitness': 0.9794679323035773, 'generation': 257}","{'id': 17081, 'rank': 21, 'fitness': 0.9794679323035773, 'generation': 257}","{'id': 17081, 'rank': 22, 'fitness': 0.9794679323035773, 'generation': 257}","{'id': 17081, 'rank': 23, 'fitness': 0.9794679323035773, 'generation': 257}","{'id': 17081, 'rank': 24, 'fitness': 0.9794679323035773, 'generation': 257}","{'id': 16574, 'rank': 25, 'fitness': 0.9729415802415491, 'generation': 257}","{'id': 16574, 'rank': 26, 'fitness': 0.9729415802415491, 'generation': 257}","{'id': 16574, 'rank': 27, 'fitness': 0.9729415802415491, 'generation': 257}","{'id': 17404, 'rank': 28, 'fitness': 0.9710169406943185, 'generation': 257}","{'id': 17372, 'rank': 29, 'fitness': 0.9702135999559494, 'generation': 257}","{'id': 17416, 'rank': 30, 'fitness': 0.01798620996209155, 'generation': 257}"
"{'id': 17507, 'rank': 1, 'fitness': 0.9820137900379085, 'generation': 258}","{'id': 17507, 'rank': 2, 'fitness': 0.9820137900379085, 'generation': 258}","{'id': 17475, 'rank': 3, 'fitness': 0.9634660983537604, 'generation': 258}","{'id': 17353, 'rank': 4, 'fitness': 0.9626603413091219, 'generation': 258}","{'id': 17353, 'rank': 5, 'fitness': 0.9626603413091219, 'generation': 258}","{'id': 17353, 'rank': 6, 'fitness': 0.9626603413091219, 'generation': 258}","{'id': 17353, 'rank': 7, 'fitness': 0.9626603413091219, 'generation': 258}","{'id': 17353, 'rank': 8, 'fitness': 0.9626603413091219, 'generation': 258}","{'id': 17353, 'rank': 9, 'fitness': 0.9626603413091219, 'generation': 258}","{'id': 17353, 'rank': 10, 'fitness': 0.9626603413091219, 'generation': 258}","{'id': 17501, 'rank': 11, 'fitness': 0.9292522875369669, 'generation': 258}","{'id': 17081, 'rank': 12, 'fitness': 0.9218075714729974, 'generation': 258}","{'id': 17081, 'rank': 13, 'fitness': 0.9218075714729974, 'generation': 258}","{'id': 17081, 'rank': 14, 'fitness': 0.9218075714729974, 'generation': 258}","{'id': 17081, 'rank': 15, 'fitness': 0.9218075714729974, 'generation': 258}","{'id': 17081, 'rank': 16, 'fitness': 0.9218075714729974, 'generation': 258}","{'id': 17081, 'rank': 17, 'fitness': 0.9218075714729974, 'generation': 258}","{'id': 17081, 'rank': 18, 'fitness': 0.9218075714729974, 'generation': 258}","{'id': 17081, 'rank': 19, 'fitness': 0.9218075714729974, 'generation': 258}","{'id': 17081, 'rank': 20, 'fitness': 0.9218075714729974, 'generation': 258}","{'id': 17081, 'rank': 21, 'fitness': 0.9218075714729974, 'generation': 258}","{'id': 17081, 'rank': 22, 'fitness': 0.9218075714729974, 'generation': 258}","{'id': 17081, 'rank': 23, 'fitness': 0.9218075714729974, 'generation': 258}","{'id': 17081, 'rank': 24, 'fitness': 0.9218075714729974, 'generation': 258}","{'id': 17081, 'rank': 25, 'fitness': 0.9218075714729974, 'generation': 258}","{'id': 17478, 'rank': 26, 'fitness': 0.7677057594411889, 'generation': 258}","{'id': 16574, 'rank': 27, 'fitness': 0.6960066891676187, 'generation': 258}","{'id': 17503, 'rank': 28, 'fitness': 0.18617665328221356, 'generation': 258}","{'id': 17466, 'rank': 29, 'fitness': 0.05372178789248272, 'generation': 258}","{'id': 17435, 'rank': 30, 'fitness': 0.01798620996209155, 'generation': 258}"
"{'id': 17507, 'rank': 1, 'fitness': 0.9820137900379085, 'generation': 259}","{'id': 17507, 'rank': 2, 'fitness': 0.9820137900379085, 'generation': 259}","{'id': 17507, 'rank': 3, 'fitness': 0.9820137900379085, 'generation': 259}","{'id': 17475, 'rank': 4, 'fitness': 0.9562781083746877, 'generation': 259}","{'id': 17475, 'rank': 5, 'fitness': 0.9562781083746877, 'generation': 259}","{'id': 17353, 'rank': 6, 'fitness': 0.9550719289812034, 'generation': 259}","{'id': 17353, 'rank': 7, 'fitness': 0.9550719289812034, 'generation': 259}","{'id': 17353, 'rank': 8, 'fitness': 0.9550719289812034, 'generation': 259}","{'id': 17353, 'rank': 9, 'fitness': 0.9550719289812034, 'generation': 259}","{'id': 17353, 'rank': 10, 'fitness': 0.9550719289812034, 'generation': 259}","{'id': 17353, 'rank': 11, 'fitness': 0.9550719289812034, 'generation': 259}","{'id': 17353, 'rank': 12, 'fitness': 0.9550719289812034, 'generation': 259}","{'id': 17353, 'rank': 13, 'fitness': 0.9550719289812034, 'generation': 259}","{'id': 17353, 'rank': 14, 'fitness': 0.9550719289812034, 'generation': 259}","{'id': 17353, 'rank': 15, 'fitness': 0.9550719289812034, 'generation': 259}","{'id': 17353, 'rank': 16, 'fitness': 0.9550719289812034, 'generation': 259}","{'id': 17353, 'rank': 17, 'fitness': 0.9550719289812034, 'generation': 259}","{'id': 17501, 'rank': 18, 'fitness': 0.9010504432719539, 'generation': 259}","{'id': 17081, 'rank': 19, 'fitness': 0.8882572890769724, 'generation': 259}","{'id': 17081, 'rank': 20, 'fitness': 0.8882572890769724, 'generation': 259}","{'id': 17081, 'rank': 21, 'fitness': 0.8882572890769724, 'generation': 259}","{'id': 17081, 'rank': 22, 'fitness': 0.8882572890769724, 'generation': 259}","{'id': 17081, 'rank': 23, 'fitness': 0.8882572890769724, 'generation': 259}","{'id': 17081, 'rank': 24, 'fitness': 0.8882572890769724, 'generation': 259}","{'id': 17081, 'rank': 25, 'fitness': 0.8882572890769724, 'generation': 259}","{'id': 17081, 'rank': 26, 'fitness': 0.8882572890769724, 'generation': 259}","{'id': 17081, 'rank': 27, 'fitness': 0.8882572890769724, 'generation': 259}","{'id': 16574, 'rank': 28, 'fitness': 0.5032261102026249, 'generation': 259}","{'id': 17551, 'rank': 29, 'fitness': 0.31013174500887075, 'generation': 259}","{'id': 17554, 'rank': 30, 'fitness': 0.01798620996209155, 'generation': 259}"
"{'id': 17507, 'rank': 1, 'fitness': 0.9820137900379085, 'generation': 260}","{'id': 17507, 'rank': 2, 'fitness': 0.9820137900379085, 'generation': 260}","{'id': 17507, 'rank': 3, 'fitness': 0.9820137900379085, 'generation': 260}","{'id': 17507, 'rank': 4, 'fitness': 0.9820137900379085, 'generation': 260}","{'id': 17507, 'rank': 5, 'fitness': 0.9820137900379085, 'generation': 260}","{'id': 17475, 'rank': 6, 'fitness': 0.9771914080640134, 'generation': 260}","{'id': 17475, 'rank': 7, 'fitness': 0.9771914080640134, 'generation': 260}","{'id': 17353, 'rank': 8, 'fitness': 0.9770225871828412, 'generation': 260}","{'id': 17353, 'rank': 9, 'fitness': 0.9770225871828412, 'generation': 260}","{'id': 17353, 'rank': 10, 'fitness': 0.9770225871828412, 'generation': 260}","{'id': 17353, 'rank': 11, 'fitness': 0.9770225871828412, 'generation': 260}","{'id': 17353, 'rank': 12, 'fitness': 0.9770225871828412, 'generation': 260}","{'id': 17353, 'rank': 13, 'fitness': 0.9770225871828412, 'generation': 260}","{'id': 17353, 'rank': 14, 'fitness': 0.9770225871828412, 'generation': 260}","{'id': 17353, 'rank': 15, 'fitness': 0.9770225871828412, 'generation': 260}","{'id': 17353, 'rank': 16, 'fitness': 0.9770225871828412, 'generation': 260}","{'id': 17353, 'rank': 17, 'fitness': 0.9770225871828412, 'generation': 260}","{'id': 17353, 'rank': 18, 'fitness': 0.9770225871828412, 'generation': 260}","{'id': 17353, 'rank': 19, 'fitness': 0.9770225871828412, 'generation': 260}","{'id': 17353, 'rank': 20, 'fitness': 0.9770225871828412, 'generation': 260}","{'id': 17081, 'rank': 21, 'fitness': 0.970381571916769, 'generation': 260}","{'id': 17081, 'rank': 22, 'fitness': 0.970381571916769, 'generation': 260}","{'id': 17081, 'rank': 23, 'fitness': 0.970381571916769, 'generation': 260}","{'id': 17081, 'rank': 24, 'fitness': 0.970381571916769, 'generation': 260}","{'id': 17081, 'rank': 25, 'fitness': 0.970381571916769, 'generation': 260}","{'id': 17081, 'rank': 26, 'fitness': 0.970381571916769, 'generation': 260}","{'id': 17633, 'rank': 27, 'fitness': 0.9403208665313428, 'generation': 260}","{'id': 17632, 'rank': 28, 'fitness': 0.8362842335656364, 'generation': 260}","{'id': 17622, 'rank': 29, 'fitness': 0.01798620996209155, 'generation': 260}","{'id': 17622, 'rank': 30, 'fitness': 0.01798620996209155, 'generation': 260}"
"{'id': 17507, 'rank': 1, 'fitness': 0.9820137900379085, 'generation': 261}","{'id': 17507, 'rank': 2, 'fitness': 0.9820137900379085, 'generation': 261}","{'id': 17507, 'rank': 3, 'fitness': 0.9820137900379085, 'generation': 261}","{'id': 17507, 'rank': 4, 'fitness': 0.9820137900379085, 'generation': 261}","{'id': 17507, 'rank': 5, 'fitness': 0.9820137900379085, 'generation': 261}","{'id': 17507, 'rank': 6, 'fitness': 0.9820137900379085, 'generation': 261}","{'id': 17507, 'rank': 7, 'fitness': 0.9820137900379085, 'generation': 261}","{'id': 17507, 'rank': 8, 'fitness': 0.9820137900379085, 'generation': 261}","{'id': 17507, 'rank': 9, 'fitness': 0.9820137900379085, 'generation': 261}","{'id': 17507, 'rank': 10, 'fitness': 0.9820137900379085, 'generation': 261}","{'id': 17353, 'rank': 11, 'fitness': 0.9570716896815413, 'generation': 261}","{'id': 17353, 'rank': 12, 'fitness': 0.9570716896815413, 'generation': 261}","{'id': 17353, 'rank': 13, 'fitness': 0.9570716896815413, 'generation': 261}","{'id': 17353, 'rank': 14, 'fitness': 0.9570716896815413, 'generation': 261}","{'id': 17353, 'rank': 15, 'fitness': 0.9570716896815413, 'generation': 261}","{'id': 17353, 'rank': 16, 'fitness': 0.9570716896815413, 'generation': 261}","{'id': 17353, 'rank': 17, 'fitness': 0.9570716896815413, 'generation': 261}","{'id': 17353, 'rank': 18, 'fitness': 0.9570716896815413, 'generation': 261}","{'id': 17353, 'rank': 19, 'fitness': 0.9570716896815413, 'generation': 261}","{'id': 17353, 'rank': 20, 'fitness': 0.9570716896815413, 'generation': 261}","{'id': 17353, 'rank': 21, 'fitness': 0.9570716896815413, 'generation': 261}","{'id': 17353, 'rank': 22, 'fitness': 0.9570716896815413, 'generation': 261}","{'id': 17081, 'rank': 23, 'fitness': 0.8975548939724773, 'generation': 261}","{'id': 17081, 'rank': 24, 'fitness': 0.8975548939724773, 'generation': 261}","{'id': 17081, 'rank': 25, 'fitness': 0.8975548939724773, 'generation': 261}","{'id': 17728, 'rank': 26, 'fitness': 0.39124336776714175, 'generation': 261}","{'id': 17727, 'rank': 27, 'fitness': 0.34470267963751555, 'generation': 261}","{'id': 17699, 'rank': 28, 'fitness': 0.11210286818984866, 'generation': 261}","{'id': 17733, 'rank': 29, 'fitness': 0.06431241862952541, 'generation': 261}","{'id': 17710, 'rank': 30, 'fitness': 0.01798620996209155, 'generation': 261}"
"{'id': 17745, 'rank': 1, 'fitness': 0.9820137900379085, 'generation': 262}","{'id': 17745, 'rank': 2, 'fitness': 0.9820137900379085, 'generation': 262}","{'id': 17745, 'rank': 3, 'fitness': 0.9820137900379085, 'generation': 262}","{'id': 17507, 'rank': 4, 'fitness': 0.9814736289053859, 'generation': 262}","{'id': 17507, 'rank': 5, 'fitness': 0.9814736289053859, 'generation': 262}","{'id': 17507, 'rank': 6, 'fitness': 0.9814736289053859, 'generation': 262}","{'id': 17507, 'rank': 7, 'fitness': 0.9814736289053859, 'generation': 262}","{'id': 17507, 'rank': 8, 'fitness': 0.9814736289053859, 'generation': 262}","{'id': 17507, 'rank': 9, 'fitness': 0.9814736289053859, 'generation': 262}","{'id': 17507, 'rank': 10, 'fitness': 0.9814736289053859, 'generation': 262}","{'id': 17507, 'rank': 11, 'fitness': 0.9814736289053859, 'generation': 262}","{'id': 17507, 'rank': 12, 'fitness': 0.9814736289053859, 'generation': 262}","{'id': 17507, 'rank': 13, 'fitness': 0.9814736289053859, 'generation': 262}","{'id': 17786, 'rank': 14, 'fitness': 0.9652140111829814, 'generation': 262}","{'id': 17353, 'rank': 15, 'fitness': 0.9496624523834525, 'generation': 262}","{'id': 17353, 'rank': 16, 'fitness': 0.9496624523834525, 'generation': 262}","{'id': 17353, 'rank': 17, 'fitness': 0.9496624523834525, 'generation': 262}","{'id': 17353, 'rank': 18, 'fitness': 0.9496624523834525, 'generation': 262}","{'id': 17353, 'rank': 19, 'fitness': 0.9496624523834525, 'generation': 262}","{'id': 17353, 'rank': 20, 'fitness': 0.9496624523834525, 'generation': 262}","{'id': 17353, 'rank': 21, 'fitness': 0.9496624523834525, 'generation': 262}","{'id': 17353, 'rank': 22, 'fitness': 0.9496624523834525, 'generation': 262}","{'id': 17353, 'rank': 23, 'fitness': 0.9496624523834525, 'generation': 262}","{'id': 17787, 'rank': 24, 'fitness': 0.6444060157417537, 'generation': 262}","{'id': 17794, 'rank': 25, 'fitness': 0.5650257502036529, 'generation': 262}","{'id': 17829, 'rank': 26, 'fitness': 0.5363668563956295, 'generation': 262}","{'id': 17779, 'rank': 27, 'fitness': 0.5023412566846135, 'generation': 262}","{'id': 17774, 'rank': 28, 'fitness': 0.093637646656336, 'generation': 262}","{'id': 17809, 'rank': 29, 'fitness': 0.09278330714370453, 'generation': 262}","{'id': 17793, 'rank': 30, 'fitness': 0.01798620996209155, 'generation': 262}"
"{'id': 17861, 'rank': 1, 'fitness': 0.9820137900379085, 'generation': 263}","{'id': 17861, 'rank': 2, 'fitness': 0.9820137900379085, 'generation': 263}","{'id': 17861, 'rank': 3, 'fitness': 0.9820137900379085, 'generation': 263}","{'id': 17861, 'rank': 4, 'fitness': 0.9820137900379085, 'generation': 263}","{'id': 17861, 'rank': 5, 'fitness': 0.9820137900379085, 'generation': 263}","{'id': 17745, 'rank': 6, 'fitness': 0.8773759230500293, 'generation': 263}","{'id': 17745, 'rank': 7, 'fitness': 0.8773759230500293, 'generation': 263}","{'id': 17745, 'rank': 8, 'fitness': 0.8773759230500293, 'generation': 263}","{'id': 17745, 'rank': 9, 'fitness': 0.8773759230500293, 'generation': 263}","{'id': 17507, 'rank': 10, 'fitness': 0.8739238644181833, 'generation': 263}","{'id': 17507, 'rank': 11, 'fitness': 0.8739238644181833, 'generation': 263}","{'id': 17507, 'rank': 12, 'fitness': 0.8739238644181833, 'generation': 263}","{'id': 17507, 'rank': 13, 'fitness': 0.8739238644181833, 'generation': 263}","{'id': 17507, 'rank': 14, 'fitness': 0.8739238644181833, 'generation': 263}","{'id': 17507, 'rank': 15, 'fitness': 0.8739238644181833, 'generation': 263}","{'id': 17507, 'rank': 16, 'fitness': 0.8739238644181833, 'generation': 263}","{'id': 17507, 'rank': 17, 'fitness': 0.8739238644181833, 'generation': 263}","{'id': 17507, 'rank': 18, 'fitness': 0.8739238644181833, 'generation': 263}","{'id': 17507, 'rank': 19, 'fitness': 0.8739238644181833, 'generation': 263}","{'id': 17507, 'rank': 20, 'fitness': 0.8739238644181833, 'generation': 263}","{'id': 17507, 'rank': 21, 'fitness': 0.8739238644181833, 'generation': 263}","{'id': 17353, 'rank': 22, 'fitness': 0.7005663528139876, 'generation': 263}","{'id': 17353, 'rank': 23, 'fitness': 0.7005663528139876, 'generation': 263}","{'id': 17841, 'rank': 24, 'fitness': 0.6500676761691377, 'generation': 263}","{'id': 17856, 'rank': 25, 'fitness': 0.5963197116349097, 'generation': 263}","{'id': 17856, 'rank': 26, 'fitness': 0.5963197116349097, 'generation': 263}","{'id': 17857, 'rank': 27, 'fitness': 0.2829395617679175, 'generation': 263}","{'id': 17907, 'rank': 28, 'fitness': 0.1697761347187644, 'generation': 263}","{'id': 17779, 'rank': 29, 'fitness': 0.09708760625607998, 'generation': 263}","{'id': 17899, 'rank': 30, 'fitness': 0.01798620996209155, 'generation': 263}"
"{'id': 17958, 'rank': 1, 'fitness': 0.9820137900379085, 'generation': 264}","{'id': 17861, 'rank': 2, 'fitness': 0.9818854034064156, 'generation': 264}","{'id': 17861, 'rank': 3, 'fitness': 0.9818854034064156, 'generation': 264}","{'id': 17861, 'rank': 4, 'fitness': 0.9818854034064156, 'generation': 264}","{'id': 17861, 'rank': 5, 'fitness': 0.9818854034064156, 'generation': 264}","{'id': 17861, 'rank': 6, 'fitness': 0.9818854034064156, 'generation': 264}","{'id': 17861, 'rank': 7, 'fitness': 0.9818854034064156, 'generation': 264}","{'id': 17861, 'rank': 8, 'fitness': 0.9818854034064156, 'generation': 264}","{'id': 17861, 'rank': 9, 'fitness': 0.9818854034064156, 'generation': 264}","{'id': 17745, 'rank': 10, 'fitness': 0.8619129313395726, 'generation': 264}","{'id': 17745, 'rank': 11, 'fitness': 0.8619129313395726, 'generation': 264}","{'id': 17745, 'rank': 12, 'fitness': 0.8619129313395726, 'generation': 264}","{'id': 17745, 'rank': 13, 'fitness': 0.8619129313395726, 'generation': 264}","{'id': 17745, 'rank': 14, 'fitness': 0.8619129313395726, 'generation': 264}","{'id': 17745, 'rank': 15, 'fitness': 0.8619129313395726, 'generation': 264}","{'id': 17507, 'rank': 16, 'fitness': 0.85785015975395, 'generation': 264}","{'id': 17507, 'rank': 17, 'fitness': 0.85785015975395, 'generation': 264}","{'id': 17507, 'rank': 18, 'fitness': 0.85785015975395, 'generation': 264}","{'id': 17507, 'rank': 19, 'fitness': 0.85785015975395, 'generation': 264}","{'id': 17507, 'rank': 20, 'fitness': 0.85785015975395, 'generation': 264}","{'id': 17507, 'rank': 21, 'fitness': 0.85785015975395, 'generation': 264}","{'id': 17507, 'rank': 22, 'fitness': 0.85785015975395, 'generation': 264}","{'id': 17507, 'rank': 23, 'fitness': 0.85785015975395, 'generation': 264}","{'id': 17507, 'rank': 24, 'fitness': 0.85785015975395, 'generation': 264}","{'id': 17507, 'rank': 25, 'fitness': 0.85785015975395, 'generation': 264}","{'id': 17929, 'rank': 26, 'fitness': 0.8105458315855097, 'generation': 264}","{'id': 17353, 'rank': 27, 'fitness': 0.6552805071021561, 'generation': 264}","{'id': 17353, 'rank': 28, 'fitness': 0.6552805071021561, 'generation': 264}","{'id': 17930, 'rank': 29, 'fitness': 0.08227733447478502, 'generation': 264}","{'id': 17926, 'rank': 30, 'fitness': 0.01798620996209155, 'generation': 264}"
"{'id': 17958, 'rank': 1, 'fitness': 0.9820137900379085, 'generation': 265}","{'id': 17958, 'rank': 2, 'fitness': 0.9820137900379085, 'generation': 265}","{'id': 17958, 'rank': 3, 'fitness': 0.9820137900379085, 'generation': 265}","{'id': 17861, 'rank': 4, 'fitness': 0.9818837258844277, 'generation': 265}","{'id': 17861, 'rank': 5, 'fitness': 0.9818837258844277, 'generation': 265}","{'id': 17861, 'rank': 6, 'fitness': 0.9818837258844277, 'generation': 265}","{'id': 17861, 'rank': 7, 'fitness': 0.9818837258844277, 'generation': 265}","{'id': 17861, 'rank': 8, 'fitness': 0.9818837258844277, 'generation': 265}","{'id': 17861, 'rank': 9, 'fitness': 0.9818837258844277, 'generation': 265}","{'id': 17861, 'rank': 10, 'fitness': 0.9818837258844277, 'generation': 265}","{'id': 17861, 'rank': 11, 'fitness': 0.9818837258844277, 'generation': 265}","{'id': 17861, 'rank': 12, 'fitness': 0.9818837258844277, 'generation': 265}","{'id': 17861, 'rank': 13, 'fitness': 0.9818837258844277, 'generation': 265}","{'id': 17861, 'rank': 14, 'fitness': 0.9818837258844277, 'generation': 265}","{'id': 18067, 'rank': 15, 'fitness': 0.9812928275658923, 'generation': 265}","{'id': 18067, 'rank': 16, 'fitness': 0.9812928275658923, 'generation': 265}","{'id': 17745, 'rank': 17, 'fitness': 0.8585177159638973, 'generation': 265}","{'id': 17745, 'rank': 18, 'fitness': 0.8585177159638973, 'generation': 265}","{'id': 17745, 'rank': 19, 'fitness': 0.8585177159638973, 'generation': 265}","{'id': 17745, 'rank': 20, 'fitness': 0.8585177159638973, 'generation': 265}","{'id': 17745, 'rank': 21, 'fitness': 0.8585177159638973, 'generation': 265}","{'id': 17745, 'rank': 22, 'fitness': 0.8585177159638973, 'generation': 265}","{'id': 17507, 'rank': 23, 'fitness': 0.8543172917655764, 'generation': 265}","{'id': 17507, 'rank': 24, 'fitness': 0.8543172917655764, 'generation': 265}","{'id': 18060, 'rank': 25, 'fitness': 0.8202956753371327, 'generation': 265}","{'id': 17929, 'rank': 26, 'fitness': 0.8054020431187441, 'generation': 265}","{'id': 18033, 'rank': 27, 'fitness': 0.574373005078122, 'generation': 265}","{'id': 18034, 'rank': 28, 'fitness': 0.48249623082509524, 'generation': 265}","{'id': 18059, 'rank': 29, 'fitness': 0.16183632871719456, 'generation': 265}","{'id': 18066, 'rank': 30, 'fitness': 0.01798620996209155, 'generation': 265}"
"{'id': 17958, 'rank': 1, 'fitness': 0.9820137900379085, 'generation': 266}","{'id': 17958, 'rank': 2, 'fitness': 0.9820137900379085, 'generation': 266}","{'id': 17958, 'rank': 3, 'fitness': 0.9820137900379085, 'generation': 266}","{'id': 17958, 'rank': 4, 'fitness': 0.9820137900379085, 'generation': 266}","{'id': 17958, 'rank': 5, 'fitness': 0.9820137900379085, 'generation': 266}","{'id': 17861, 'rank': 6, 'fitness': 0.9818437394064983, 'generation': 266}","{'id': 17861, 'rank': 7, 'fitness': 0.9818437394064983, 'generation': 266}","{'id': 17861, 'rank': 8, 'fitness': 0.9818437394064983, 'generation': 266}","{'id': 17861, 'rank': 9, 'fitness': 0.9818437394064983, 'generation': 266}","{'id': 17861, 'rank': 10, 'fitness': 0.9818437394064983, 'generation': 266}","{'id': 17861, 'rank': 11, 'fitness': 0.9818437394064983, 'generation': 266}","{'id': 17861, 'rank': 12, 'fitness': 0.9818437394064983, 'generation': 266}","{'id': 17861, 'rank': 13, 'fitness': 0.9818437394064983, 'generation': 266}","{'id': 17861, 'rank': 14, 'fitness': 0.9818437394064983, 'generation': 266}","{'id': 17861, 'rank': 15, 'fitness': 0.9818437394064983, 'generation': 266}","{'id': 17861, 'rank': 16, 'fitness': 0.9818437394064983, 'generation': 266}","{'id': 17861, 'rank': 17, 'fitness': 0.9818437394064983, 'generation': 266}","{'id': 17861, 'rank': 18, 'fitness': 0.9818437394064983, 'generation': 266}","{'id': 17861, 'rank': 19, 'fitness': 0.9818437394064983, 'generation': 266}","{'id': 17861, 'rank': 20, 'fitness': 0.9818437394064983, 'generation': 266}","{'id': 17861, 'rank': 21, 'fitness': 0.9818437394064983, 'generation': 266}","{'id': 17861, 'rank': 22, 'fitness': 0.9818437394064983, 'generation': 266}","{'id': 17861, 'rank': 23, 'fitness': 0.9818437394064983, 'generation': 266}","{'id': 18067, 'rank': 24, 'fitness': 0.9810665861540874, 'generation': 266}","{'id': 18134, 'rank': 25, 'fitness': 0.7684404661726278, 'generation': 266}","{'id': 17745, 'rank': 26, 'fitness': 0.7559709385035849, 'generation': 266}","{'id': 18116, 'rank': 27, 'fitness': 0.7158980244219957, 'generation': 266}","{'id': 18033, 'rank': 28, 'fitness': 0.3030855524808821, 'generation': 266}","{'id': 18079, 'rank': 29, 'fitness': 0.04623602173983887, 'generation': 266}","{'id': 18101, 'rank': 30, 'fitness': 0.01798620996209155, 'generation': 266}"
"{'id': 18210, 'rank': 1, 'fitness': 0.9820137900379085, 'generation': 267}","{'id': 18210, 'rank': 2, 'fitness': 0.9820137900379085, 'generation': 267}","{'id': 18210, 'rank': 3, 'fitness': 0.9820137900379085, 'generation': 267}","{'id': 18210, 'rank': 4, 'fitness': 0.9820137900379085, 'generation': 267}","{'id': 18153, 'rank': 5, 'fitness': 0.9816049958521103, 'generation': 267}","{'id': 18153, 'rank': 6, 'fitness': 0.9816049958521103, 'generation': 267}","{'id': 18153, 'rank': 7, 'fitness': 0.9816049958521103, 'generation': 267}","{'id': 18167, 'rank': 8, 'fitness': 0.9800283898634382, 'generation': 267}","{'id': 18167, 'rank': 9, 'fitness': 0.9800283898634382, 'generation': 267}","{'id': 17958, 'rank': 10, 'fitness': 0.9783479789529848, 'generation': 267}","{'id': 17958, 'rank': 11, 'fitness': 0.9783479789529848, 'generation': 267}","{'id': 17958, 'rank': 12, 'fitness': 0.9783479789529848, 'generation': 267}","{'id': 17958, 'rank': 13, 'fitness': 0.9783479789529848, 'generation': 267}","{'id': 17861, 'rank': 14, 'fitness': 0.9781117586854661, 'generation': 267}","{'id': 17861, 'rank': 15, 'fitness': 0.9781117586854661, 'generation': 267}","{'id': 17861, 'rank': 16, 'fitness': 0.9781117586854661, 'generation': 267}","{'id': 17861, 'rank': 17, 'fitness': 0.9781117586854661, 'generation': 267}","{'id': 17861, 'rank': 18, 'fitness': 0.9781117586854661, 'generation': 267}","{'id': 17861, 'rank': 19, 'fitness': 0.9781117586854661, 'generation': 267}","{'id': 17861, 'rank': 20, 'fitness': 0.9781117586854661, 'generation': 267}","{'id': 17861, 'rank': 21, 'fitness': 0.9781117586854661, 'generation': 267}","{'id': 17861, 'rank': 22, 'fitness': 0.9781117586854661, 'generation': 267}","{'id': 17861, 'rank': 23, 'fitness': 0.9781117586854661, 'generation': 267}","{'id': 17861, 'rank': 24, 'fitness': 0.9781117586854661, 'generation': 267}","{'id': 17861, 'rank': 25, 'fitness': 0.9781117586854661, 'generation': 267}","{'id': 18211, 'rank': 26, 'fitness': 0.9728808193176981, 'generation': 267}","{'id': 18225, 'rank': 27, 'fitness': 0.5045710418018395, 'generation': 267}","{'id': 18225, 'rank': 28, 'fitness': 0.5045710418018395, 'generation': 267}","{'id': 18221, 'rank': 29, 'fitness': 0.09923066886069853, 'generation': 267}","{'id': 18189, 'rank': 30, 'fitness': 0.01798620996209155, 'generation': 267}"
"{'id': 18229, 'rank': 1, 'fitness': 0.9820137900379085, 'generation': 268}","{'id': 18210, 'rank': 2, 'fitness': 0.9265664240267286, 'generation': 268}","{'id': 18210, 'rank': 3, 'fitness': 0.9265664240267286, 'generation': 268}","{'id': 18210, 'rank': 4, 'fitness': 0.9265664240267286, 'generation': 268}","{'id': 18210, 'rank': 5, 'fitness': 0.9265664240267286, 'generation': 268}","{'id': 18210, 'rank': 6, 'fitness': 0.9265664240267286, 'generation': 268}","{'id': 18153, 'rank': 7, 'fitness': 0.9251907292151228, 'generation': 268}","{'id': 18153, 'rank': 8, 'fitness': 0.9251907292151228, 'generation': 268}","{'id': 18153, 'rank': 9, 'fitness': 0.9251907292151228, 'generation': 268}","{'id': 18153, 'rank': 10, 'fitness': 0.9251907292151228, 'generation': 268}","{'id': 18153, 'rank': 11, 'fitness': 0.9251907292151228, 'generation': 268}","{'id': 18153, 'rank': 12, 'fitness': 0.9251907292151228, 'generation': 268}","{'id': 18153, 'rank': 13, 'fitness': 0.9251907292151228, 'generation': 268}","{'id': 17958, 'rank': 14, 'fitness': 0.914462414441274, 'generation': 268}","{'id': 17958, 'rank': 15, 'fitness': 0.914462414441274, 'generation': 268}","{'id': 17958, 'rank': 16, 'fitness': 0.914462414441274, 'generation': 268}","{'id': 17958, 'rank': 17, 'fitness': 0.914462414441274, 'generation': 268}","{'id': 17958, 'rank': 18, 'fitness': 0.914462414441274, 'generation': 268}","{'id': 17861, 'rank': 19, 'fitness': 0.9136994954377102, 'generation': 268}","{'id': 17861, 'rank': 20, 'fitness': 0.9136994954377102, 'generation': 268}","{'id': 17861, 'rank': 21, 'fitness': 0.9136994954377102, 'generation': 268}","{'id': 17861, 'rank': 22, 'fitness': 0.9136994954377102, 'generation': 268}","{'id': 17861, 'rank': 23, 'fitness': 0.9136994954377102, 'generation': 268}","{'id': 17861, 'rank': 24, 'fitness': 0.9136994954377102, 'generation': 268}","{'id': 17861, 'rank': 25, 'fitness': 0.9136994954377102, 'generation': 268}","{'id': 18257, 'rank': 26, 'fitness': 0.8894371667690968, 'generation': 268}","{'id': 18246, 'rank': 27, 'fitness': 0.5587471314654965, 'generation': 268}","{'id': 18307, 'rank': 28, 'fitness': 0.25016467392867314, 'generation': 268}","{'id': 18248, 'rank': 29, 'fitness': 0.01798620996209155, 'generation': 268}","{'id': 18248, 'rank': 30, 'fitness': 0.01798620996209155, 'generation': 268}"
"{'id': 18229, 'rank': 1, 'fitness': 0.9820137900379085, 'generation': 269}","{'id': 18210, 'rank': 2, 'fitness': 0.9804851915935942, 'generation': 269}","{'id': 18210, 'rank': 3, 'fitness': 0.9804851915935942, 'generation': 269}","{'id': 18210, 'rank': 4, 'fitness': 0.9804851915935942, 'generation': 269}","{'id': 18210, 'rank': 5, 'fitness': 0.9804851915935942, 'generation': 269}","{'id': 18210, 'rank': 6, 'fitness': 0.9804851915935942, 'generation': 269}","{'id': 18210, 'rank': 7, 'fitness': 0.9804851915935942, 'generation': 269}","{'id': 18210, 'rank': 8, 'fitness': 0.9804851915935942, 'generation': 269}","{'id': 18210, 'rank': 9, 'fitness': 0.9804851915935942, 'generation': 269}","{'id': 18153, 'rank': 10, 'fitness': 0.9804634140434544, 'generation': 269}","{'id': 18153, 'rank': 11, 'fitness': 0.9804634140434544, 'generation': 269}","{'id': 18153, 'rank': 12, 'fitness': 0.9804634140434544, 'generation': 269}","{'id': 18153, 'rank': 13, 'fitness': 0.9804634140434544, 'generation': 269}","{'id': 18153, 'rank': 14, 'fitness': 0.9804634140434544, 'generation': 269}","{'id': 18153, 'rank': 15, 'fitness': 0.9804634140434544, 'generation': 269}","{'id': 18153, 'rank': 16, 'fitness': 0.9804634140434544, 'generation': 269}","{'id': 18153, 'rank': 17, 'fitness': 0.9804634140434544, 'generation': 269}","{'id': 17958, 'rank': 18, 'fitness': 0.9803044389272303, 'generation': 269}","{'id': 17958, 'rank': 19, 'fitness': 0.9803044389272303, 'generation': 269}","{'id': 17958, 'rank': 20, 'fitness': 0.9803044389272303, 'generation': 269}","{'id': 17958, 'rank': 21, 'fitness': 0.9803044389272303, 'generation': 269}","{'id': 17958, 'rank': 22, 'fitness': 0.9803044389272303, 'generation': 269}","{'id': 17861, 'rank': 23, 'fitness': 0.980293793044087, 'generation': 269}","{'id': 17861, 'rank': 24, 'fitness': 0.980293793044087, 'generation': 269}","{'id': 17861, 'rank': 25, 'fitness': 0.980293793044087, 'generation': 269}","{'id': 18257, 'rank': 26, 'fitness': 0.9799904446008374, 'generation': 269}","{'id': 18371, 'rank': 27, 'fitness': 0.9787760587139874, 'generation': 269}","{'id': 18372, 'rank': 28, 'fitness': 0.978482833512736, 'generation': 269}","{'id': 18246, 'rank': 29, 'fitness': 0.9778260779014993, 'generation': 269}","{'id': 18357, 'rank': 30, 'fitness': 0.01798620996209155, 'generation': 269}"
"{'id': 18229, 'rank': 1, 'fitness': 0.9820137900379085, 'generation': 270}","{'id': 18210, 'rank': 2, 'fitness': 0.9159468068589072, 'generation': 270}","{'id': 18210, 'rank': 3, 'fitness': 0.9159468068589072, 'generation': 270}","{'id': 18210, 'rank': 4, 'fitness': 0.9159468068589072, 'generation': 270}","{'id': 18210, 'rank': 5, 'fitness': 0.9159468068589072, 'generation': 270}","{'id': 18210, 'rank': 6, 'fitness': 0.9159468068589072, 'generation': 270}","{'id': 18210, 'rank': 7, 'fitness': 0.9159468068589072, 'generation': 270}","{'id': 18210, 'rank': 8, 'fitness': 0.9159468068589072, 'generation': 270}","{'id': 18210, 'rank': 9, 'fitness': 0.9159468068589072, 'generation': 270}","{'id': 18210, 'rank': 10, 'fitness': 0.9159468068589072, 'generation': 270}","{'id': 18462, 'rank': 11, 'fitness': 0.914249539722252, 'generation': 270}","{'id': 18153, 'rank': 12, 'fitness': 0.9142333784396274, 'generation': 270}","{'id': 18153, 'rank': 13, 'fitness': 0.9142333784396274, 'generation': 270}","{'id': 18153, 'rank': 14, 'fitness': 0.9142333784396274, 'generation': 270}","{'id': 18153, 'rank': 15, 'fitness': 0.9142333784396274, 'generation': 270}","{'id': 18153, 'rank': 16, 'fitness': 0.9142333784396274, 'generation': 270}","{'id': 18153, 'rank': 17, 'fitness': 0.9142333784396274, 'generation': 270}","{'id': 18153, 'rank': 18, 'fitness': 0.9142333784396274, 'generation': 270}","{'id': 18153, 'rank': 19, 'fitness': 0.9142333784396274, 'generation': 270}","{'id': 18153, 'rank': 20, 'fitness': 0.9142333784396274, 'generation': 270}","{'id': 17958, 'rank': 21, 'fitness': 0.9008048949438314, 'generation': 270}","{'id': 17958, 'rank': 22, 'fitness': 0.9008048949438314, 'generation': 270}","{'id': 17958, 'rank': 23, 'fitness': 0.9008048949438314, 'generation': 270}","{'id': 17958, 'rank': 24, 'fitness': 0.9008048949438314, 'generation': 270}","{'id': 18371, 'rank': 25, 'fitness': 0.6741684742053208, 'generation': 270}","{'id': 18437, 'rank': 26, 'fitness': 0.3842003690183219, 'generation': 270}","{'id': 18399, 'rank': 27, 'fitness': 0.1609680084411667, 'generation': 270}","{'id': 18466, 'rank': 28, 'fitness': 0.13247021647999258, 'generation': 270}","{'id': 18467, 'rank': 29, 'fitness': 0.12742897852745338, 'generation': 270}","{'id': 18468, 'rank': 30, 'fitness': 0.01798620996209155, 'generation': 270}"
"{'id': 18229, 'rank': 1, 'fitness': 0.9820137900379085, 'generation': 271}","{'id': 18210, 'rank': 2, 'fitness': 0.9811076757411624, 'generation': 271}","{'id': 18210, 'rank': 3, 'fitness': 0.9811076757411624, 'generation': 271}","{'id': 18210, 'rank': 4, 'fitness': 0.9811076757411624, 'generation': 271}","{'id': 18210, 'rank': 5, 'fitness': 0.9811076757411624, 'generation': 271}","{'id': 18210, 'rank': 6, 'fitness': 0.9811076757411624, 'generation': 271}","{'id': 18210, 'rank': 7, 'fitness': 0.9811076757411624, 'generation': 271}","{'id': 18210, 'rank': 8, 'fitness': 0.9811076757411624, 'generation': 271}","{'id': 18210, 'rank': 9, 'fitness': 0.9811076757411624, 'generation': 271}","{'id': 18210, 'rank': 10, 'fitness': 0.9811076757411624, 'generation': 271}","{'id': 18210, 'rank': 11, 'fitness': 0.9811076757411624, 'generation': 271}","{'id': 18210, 'rank': 12, 'fitness': 0.9811076757411624, 'generation': 271}","{'id': 18210, 'rank': 13, 'fitness': 0.9811076757411624, 'generation': 271}","{'id': 18210, 'rank': 14, 'fitness': 0.9811076757411624, 'generation': 271}","{'id': 18153, 'rank': 15, 'fitness': 0.9810949705147222, 'generation': 271}","{'id': 18153, 'rank': 16, 'fitness': 0.9810949705147222, 'generation': 271}","{'id': 18153, 'rank': 17, 'fitness': 0.9810949705147222, 'generation': 271}","{'id': 18153, 'rank': 18, 'fitness': 0.9810949705147222, 'generation': 271}","{'id': 18153, 'rank': 19, 'fitness': 0.9810949705147222, 'generation': 271}","{'id': 18153, 'rank': 20, 'fitness': 0.9810949705147222, 'generation': 271}","{'id': 18153, 'rank': 21, 'fitness': 0.9810949705147222, 'generation': 271}","{'id': 18153, 'rank': 22, 'fitness': 0.9810949705147222, 'generation': 271}","{'id': 18153, 'rank': 23, 'fitness': 0.9810949705147222, 'generation': 271}","{'id': 18153, 'rank': 24, 'fitness': 0.9810949705147222, 'generation': 271}","{'id': 18153, 'rank': 25, 'fitness': 0.9810949705147222, 'generation': 271}","{'id': 18399, 'rank': 26, 'fitness': 0.9786350372086866, 'generation': 271}","{'id': 18466, 'rank': 27, 'fitness': 0.9784862429087846, 'generation': 271}","{'id': 18466, 'rank': 28, 'fitness': 0.9784862429087846, 'generation': 271}","{'id': 18476, 'rank': 29, 'fitness': 0.9775961057799372, 'generation': 271}","{'id': 18517, 'rank': 30, 'fitness': 0.01798620996209155, 'generation': 271}"
"{'id': 18229, 'rank': 1, 'fitness': 0.9820137900379085, 'generation': 272}","{'id': 18229, 'rank': 2, 'fitness': 0.9820137900379085, 'generation': 272}","{'id': 18229, 'rank': 3, 'fitness': 0.9820137900379085, 'generation': 272}","{'id': 18210, 'rank': 4, 'fitness': 0.9508137689645484, 'generation': 272}","{'id': 18210, 'rank': 5, 'fitness': 0.9508137689645484, 'generation': 272}","{'id': 18210, 'rank': 6, 'fitness': 0.9508137689645484, 'generation': 272}","{'id': 18210, 'rank': 7, 'fitness': 0.9508137689645484, 'generation': 272}","{'id': 18210, 'rank': 8, 'fitness': 0.9508137689645484, 'generation': 272}","{'id': 18210, 'rank': 9, 'fitness': 0.9508137689645484, 'generation': 272}","{'id': 18210, 'rank': 10, 'fitness': 0.9508137689645484, 'generation': 272}","{'id': 18210, 'rank': 11, 'fitness': 0.9508137689645484, 'generation': 272}","{'id': 18210, 'rank': 12, 'fitness': 0.9508137689645484, 'generation': 272}","{'id': 18210, 'rank': 13, 'fitness': 0.9508137689645484, 'generation': 272}","{'id': 18210, 'rank': 14, 'fitness': 0.9508137689645484, 'generation': 272}","{'id': 18210, 'rank': 15, 'fitness': 0.9508137689645484, 'generation': 272}","{'id': 18210, 'rank': 16, 'fitness': 0.9508137689645484, 'generation': 272}","{'id': 18153, 'rank': 17, 'fitness': 0.9501450053706484, 'generation': 272}","{'id': 18153, 'rank': 18, 'fitness': 0.9501450053706484, 'generation': 272}","{'id': 18153, 'rank': 19, 'fitness': 0.9501450053706484, 'generation': 272}","{'id': 18153, 'rank': 20, 'fitness': 0.9501450053706484, 'generation': 272}","{'id': 18153, 'rank': 21, 'fitness': 0.9501450053706484, 'generation': 272}","{'id': 18153, 'rank': 22, 'fitness': 0.9501450053706484, 'generation': 272}","{'id': 18592, 'rank': 23, 'fitness': 0.8808825183336646, 'generation': 272}","{'id': 18625, 'rank': 24, 'fitness': 0.8459941919809935, 'generation': 272}","{'id': 18625, 'rank': 25, 'fitness': 0.8459941919809935, 'generation': 272}","{'id': 18561, 'rank': 26, 'fitness': 0.6439505301641787, 'generation': 272}","{'id': 18399, 'rank': 27, 'fitness': 0.5887965352636185, 'generation': 272}","{'id': 18578, 'rank': 28, 'fitness': 0.5245991120727695, 'generation': 272}","{'id': 18594, 'rank': 29, 'fitness': 0.13700349216438684, 'generation': 272}","{'id': 18545, 'rank': 30, 'fitness': 0.01798620996209155, 'generation': 272}"
"{'id': 18229, 'rank': 1, 'fitness': 0.9820137900379085, 'generation': 273}","{'id': 18229, 'rank': 2, 'fitness': 0.9820137900379085, 'generation': 273}","{'id': 18229, 'rank': 3, 'fitness': 0.9820137900379085, 'generation': 273}","{'id': 18229, 'rank': 4, 'fitness': 0.9820137900379085, 'generation': 273}","{'id': 18210, 'rank': 5, 'fitness': 0.8654142452731841, 'generation': 273}","{'id': 18210, 'rank': 6, 'fitness': 0.8654142452731841, 'generation': 273}","{'id': 18210, 'rank': 7, 'fitness': 0.8654142452731841, 'generation': 273}","{'id': 18210, 'rank': 8, 'fitness': 0.8654142452731841, 'generation': 273}","{'id': 18210, 'rank': 9, 'fitness': 0.8654142452731841, 'generation': 273}","{'id': 18210, 'rank': 10, 'fitness': 0.8654142452731841, 'generation': 273}","{'id': 18210, 'rank': 11, 'fitness': 0.8654142452731841, 'generation': 273}","{'id': 18210, 'rank': 12, 'fitness': 0.8654142452731841, 'generation': 273}","{'id': 18210, 'rank': 13, 'fitness': 0.8654142452731841, 'generation': 273}","{'id': 18210, 'rank': 14, 'fitness': 0.8654142452731841, 'generation': 273}","{'id': 18210, 'rank': 15, 'fitness': 0.8654142452731841, 'generation': 273}","{'id': 18210, 'rank': 16, 'fitness': 0.8654142452731841, 'generation': 273}","{'id': 18210, 'rank': 17, 'fitness': 0.8654142452731841, 'generation': 273}","{'id': 18210, 'rank': 18, 'fitness': 0.8654142452731841, 'generation': 273}","{'id': 18210, 'rank': 19, 'fitness': 0.8654142452731841, 'generation': 273}","{'id': 18210, 'rank': 20, 'fitness': 0.8654142452731841, 'generation': 273}","{'id': 18210, 'rank': 21, 'fitness': 0.8654142452731841, 'generation': 273}","{'id': 18210, 'rank': 22, 'fitness': 0.8654142452731841, 'generation': 273}","{'id': 18210, 'rank': 23, 'fitness': 0.8654142452731841, 'generation': 273}","{'id': 18153, 'rank': 24, 'fitness': 0.8619683610149826, 'generation': 273}","{'id': 18153, 'rank': 25, 'fitness': 0.8619683610149826, 'generation': 273}","{'id': 18643, 'rank': 26, 'fitness': 0.8399462715730024, 'generation': 273}","{'id': 18643, 'rank': 27, 'fitness': 0.8399462715730024, 'generation': 273}","{'id': 18592, 'rank': 28, 'fitness': 0.47040353936679763, 'generation': 273}","{'id': 18399, 'rank': 29, 'fitness': 0.0292882843872615, 'generation': 273}","{'id': 18672, 'rank': 30, 'fitness': 0.01798620996209155, 'generation': 273}"
"{'id': 18229, 'rank': 1, 'fitness': 0.9820137900379085, 'generation': 274}","{'id': 18229, 'rank': 2, 'fitness': 0.9820137900379085, 'generation': 274}","{'id': 18229, 'rank': 3, 'fitness': 0.9820137900379085, 'generation': 274}","{'id': 18229, 'rank': 4, 'fitness': 0.9820137900379085, 'generation': 274}","{'id': 18229, 'rank': 5, 'fitness': 0.9820137900379085, 'generation': 274}","{'id': 18229, 'rank': 6, 'fitness': 0.9820137900379085, 'generation': 274}","{'id': 18229, 'rank': 7, 'fitness': 0.9820137900379085, 'generation': 274}","{'id': 18229, 'rank': 8, 'fitness': 0.9820137900379085, 'generation': 274}","{'id': 18229, 'rank': 9, 'fitness': 0.9820137900379085, 'generation': 274}","{'id': 18210, 'rank': 10, 'fitness': 0.5457319647773748, 'generation': 274}","{'id': 18210, 'rank': 11, 'fitness': 0.5457319647773748, 'generation': 274}","{'id': 18210, 'rank': 12, 'fitness': 0.5457319647773748, 'generation': 274}","{'id': 18210, 'rank': 13, 'fitness': 0.5457319647773748, 'generation': 274}","{'id': 18210, 'rank': 14, 'fitness': 0.5457319647773748, 'generation': 274}","{'id': 18210, 'rank': 15, 'fitness': 0.5457319647773748, 'generation': 274}","{'id': 18210, 'rank': 16, 'fitness': 0.5457319647773748, 'generation': 274}","{'id': 18210, 'rank': 17, 'fitness': 0.5457319647773748, 'generation': 274}","{'id': 18210, 'rank': 18, 'fitness': 0.5457319647773748, 'generation': 274}","{'id': 18210, 'rank': 19, 'fitness': 0.5457319647773748, 'generation': 274}","{'id': 18210, 'rank': 20, 'fitness': 0.5457319647773748, 'generation': 274}","{'id': 18210, 'rank': 21, 'fitness': 0.5457319647773748, 'generation': 274}","{'id': 18210, 'rank': 22, 'fitness': 0.5457319647773748, 'generation': 274}","{'id': 18210, 'rank': 23, 'fitness': 0.5457319647773748, 'generation': 274}","{'id': 18210, 'rank': 24, 'fitness': 0.5457319647773748, 'generation': 274}","{'id': 18210, 'rank': 25, 'fitness': 0.5457319647773748, 'generation': 274}","{'id': 18210, 'rank': 26, 'fitness': 0.5457319647773748, 'generation': 274}","{'id': 18210, 'rank': 27, 'fitness': 0.5457319647773748, 'generation': 274}","{'id': 18210, 'rank': 28, 'fitness': 0.5457319647773748, 'generation': 274}","{'id': 18643, 'rank': 29, 'fitness': 0.45534772926316386, 'generation': 274}","{'id': 18745, 'rank': 30, 'fitness': 0.01798620996209155, 'generation': 274}"
"{'id': 18801, 'rank': 1, 'fitness': 0.9820137900379085, 'generation': 275}","{'id': 18801, 'rank': 2, 'fitness': 0.9820137900379085, 'generation': 275}","{'id': 18801, 'rank': 3, 'fitness': 0.9820137900379085, 'generation': 275}","{'id': 18801, 'rank': 4, 'fitness': 0.9820137900379085, 'generation': 275}","{'id': 18229, 'rank': 5, 'fitness': 0.978699386686827, 'generation': 275}","{'id': 18229, 'rank': 6, 'fitness': 0.978699386686827, 'generation': 275}","{'id': 18229, 'rank': 7, 'fitness': 0.978699386686827, 'generation': 275}","{'id': 18229, 'rank': 8, 'fitness': 0.978699386686827, 'generation': 275}","{'id': 18229, 'rank': 9, 'fitness': 0.978699386686827, 'generation': 275}","{'id': 18229, 'rank': 10, 'fitness': 0.978699386686827, 'generation': 275}","{'id': 18229, 'rank': 11, 'fitness': 0.978699386686827, 'generation': 275}","{'id': 18229, 'rank': 12, 'fitness': 0.978699386686827, 'generation': 275}","{'id': 18229, 'rank': 13, 'fitness': 0.978699386686827, 'generation': 275}","{'id': 18229, 'rank': 14, 'fitness': 0.978699386686827, 'generation': 275}","{'id': 18229, 'rank': 15, 'fitness': 0.978699386686827, 'generation': 275}","{'id': 18229, 'rank': 16, 'fitness': 0.978699386686827, 'generation': 275}","{'id': 18229, 'rank': 17, 'fitness': 0.978699386686827, 'generation': 275}","{'id': 18229, 'rank': 18, 'fitness': 0.978699386686827, 'generation': 275}","{'id': 18229, 'rank': 19, 'fitness': 0.978699386686827, 'generation': 275}","{'id': 18229, 'rank': 20, 'fitness': 0.978699386686827, 'generation': 275}","{'id': 18229, 'rank': 21, 'fitness': 0.978699386686827, 'generation': 275}","{'id': 18229, 'rank': 22, 'fitness': 0.978699386686827, 'generation': 275}","{'id': 18229, 'rank': 23, 'fitness': 0.978699386686827, 'generation': 275}","{'id': 18210, 'rank': 24, 'fitness': 0.9144776166072217, 'generation': 275}","{'id': 18210, 'rank': 25, 'fitness': 0.9144776166072217, 'generation': 275}","{'id': 18210, 'rank': 26, 'fitness': 0.9144776166072217, 'generation': 275}","{'id': 18210, 'rank': 27, 'fitness': 0.9144776166072217, 'generation': 275}","{'id': 18210, 'rank': 28, 'fitness': 0.9144776166072217, 'generation': 275}","{'id': 18210, 'rank': 29, 'fitness': 0.9144776166072217, 'generation': 275}","{'id': 18804, 'rank': 30, 'fitness': 0.01798620996209155, 'generation': 275}"
"{'id': 18801, 'rank': 1, 'fitness': 0.9820137900379085, 'generation': 276}","{'id': 18801, 'rank': 2, 'fitness': 0.9820137900379085, 'generation': 276}","{'id': 18801, 'rank': 3, 'fitness': 0.9820137900379085, 'generation': 276}","{'id': 18801, 'rank': 4, 'fitness': 0.9820137900379085, 'generation': 276}","{'id': 18229, 'rank': 5, 'fitness': 0.9798670325270507, 'generation': 276}","{'id': 18229, 'rank': 6, 'fitness': 0.9798670325270507, 'generation': 276}","{'id': 18229, 'rank': 7, 'fitness': 0.9798670325270507, 'generation': 276}","{'id': 18229, 'rank': 8, 'fitness': 0.9798670325270507, 'generation': 276}","{'id': 18229, 'rank': 9, 'fitness': 0.9798670325270507, 'generation': 276}","{'id': 18229, 'rank': 10, 'fitness': 0.9798670325270507, 'generation': 276}","{'id': 18229, 'rank': 11, 'fitness': 0.9798670325270507, 'generation': 276}","{'id': 18229, 'rank': 12, 'fitness': 0.9798670325270507, 'generation': 276}","{'id': 18229, 'rank': 13, 'fitness': 0.9798670325270507, 'generation': 276}","{'id': 18229, 'rank': 14, 'fitness': 0.9798670325270507, 'generation': 276}","{'id': 18229, 'rank': 15, 'fitness': 0.9798670325270507, 'generation': 276}","{'id': 18229, 'rank': 16, 'fitness': 0.9798670325270507, 'generation': 276}","{'id': 18229, 'rank': 17, 'fitness': 0.9798670325270507, 'generation': 276}","{'id': 18229, 'rank': 18, 'fitness': 0.9798670325270507, 'generation': 276}","{'id': 18229, 'rank': 19, 'fitness': 0.9798670325270507, 'generation': 276}","{'id': 18229, 'rank': 20, 'fitness': 0.9798670325270507, 'generation': 276}","{'id': 18229, 'rank': 21, 'fitness': 0.9798670325270507, 'generation': 276}","{'id': 18229, 'rank': 22, 'fitness': 0.9798670325270507, 'generation': 276}","{'id': 18852, 'rank': 23, 'fitness': 0.9598434919402214, 'generation': 276}","{'id': 18210, 'rank': 24, 'fitness': 0.9485181552358167, 'generation': 276}","{'id': 18210, 'rank': 25, 'fitness': 0.9485181552358167, 'generation': 276}","{'id': 18210, 'rank': 26, 'fitness': 0.9485181552358167, 'generation': 276}","{'id': 18863, 'rank': 27, 'fitness': 0.752917425130502, 'generation': 276}","{'id': 18850, 'rank': 28, 'fitness': 0.728332856697158, 'generation': 276}","{'id': 18853, 'rank': 29, 'fitness': 0.5417188771678362, 'generation': 276}","{'id': 18880, 'rank': 30, 'fitness': 0.01798620996209155, 'generation': 276}"
"{'id': 18801, 'rank': 1, 'fitness': 0.9820137900379085, 'generation': 277}","{'id': 18801, 'rank': 2, 'fitness': 0.9820137900379085, 'generation': 277}","{'id': 18801, 'rank': 3, 'fitness': 0.9820137900379085, 'generation': 277}","{'id': 18801, 'rank': 4, 'fitness': 0.9820137900379085, 'generation': 277}","{'id': 18801, 'rank': 5, 'fitness': 0.9820137900379085, 'generation': 277}","{'id': 18801, 'rank': 6, 'fitness': 0.9820137900379085, 'generation': 277}","{'id': 18229, 'rank': 7, 'fitness': 0.9793830219416925, 'generation': 277}","{'id': 18229, 'rank': 8, 'fitness': 0.9793830219416925, 'generation': 277}","{'id': 18229, 'rank': 9, 'fitness': 0.9793830219416925, 'generation': 277}","{'id': 18229, 'rank': 10, 'fitness': 0.9793830219416925, 'generation': 277}","{'id': 18229, 'rank': 11, 'fitness': 0.9793830219416925, 'generation': 277}","{'id': 18229, 'rank': 12, 'fitness': 0.9793830219416925, 'generation': 277}","{'id': 18229, 'rank': 13, 'fitness': 0.9793830219416925, 'generation': 277}","{'id': 18229, 'rank': 14, 'fitness': 0.9793830219416925, 'generation': 277}","{'id': 18229, 'rank': 15, 'fitness': 0.9793830219416925, 'generation': 277}","{'id': 18229, 'rank': 16, 'fitness': 0.9793830219416925, 'generation': 277}","{'id': 18229, 'rank': 17, 'fitness': 0.9793830219416925, 'generation': 277}","{'id': 18229, 'rank': 18, 'fitness': 0.9793830219416925, 'generation': 277}","{'id': 18229, 'rank': 19, 'fitness': 0.9793830219416925, 'generation': 277}","{'id': 18229, 'rank': 20, 'fitness': 0.9793830219416925, 'generation': 277}","{'id': 18229, 'rank': 21, 'fitness': 0.9793830219416925, 'generation': 277}","{'id': 18229, 'rank': 22, 'fitness': 0.9793830219416925, 'generation': 277}","{'id': 18210, 'rank': 23, 'fitness': 0.9361045368704038, 'generation': 277}","{'id': 18919, 'rank': 24, 'fitness': 0.9310569230837125, 'generation': 277}","{'id': 18983, 'rank': 25, 'fitness': 0.8908362608271359, 'generation': 277}","{'id': 18979, 'rank': 26, 'fitness': 0.7562079393688266, 'generation': 277}","{'id': 18954, 'rank': 27, 'fitness': 0.6451167047085393, 'generation': 277}","{'id': 18863, 'rank': 28, 'fitness': 0.6237264529346181, 'generation': 277}","{'id': 18914, 'rank': 29, 'fitness': 0.2767820294940483, 'generation': 277}","{'id': 18961, 'rank': 30, 'fitness': 0.01798620996209155, 'generation': 277}"
"{'id': 18801, 'rank': 1, 'fitness': 0.9820137900379085, 'generation': 278}","{'id': 18801, 'rank': 2, 'fitness': 0.9820137900379085, 'generation': 278}","{'id': 18801, 'rank': 3, 'fitness': 0.9820137900379085, 'generation': 278}","{'id': 18801, 'rank': 4, 'fitness': 0.9820137900379085, 'generation': 278}","{'id': 18801, 'rank': 5, 'fitness': 0.9820137900379085, 'generation': 278}","{'id': 18801, 'rank': 6, 'fitness': 0.9820137900379085, 'generation': 278}","{'id': 18801, 'rank': 7, 'fitness': 0.9820137900379085, 'generation': 278}","{'id': 18801, 'rank': 8, 'fitness': 0.9820137900379085, 'generation': 278}","{'id': 18801, 'rank': 9, 'fitness': 0.9820137900379085, 'generation': 278}","{'id': 18229, 'rank': 10, 'fitness': 0.9783321863538146, 'generation': 278}","{'id': 18229, 'rank': 11, 'fitness': 0.9783321863538146, 'generation': 278}","{'id': 18229, 'rank': 12, 'fitness': 0.9783321863538146, 'generation': 278}","{'id': 18229, 'rank': 13, 'fitness': 0.9783321863538146, 'generation': 278}","{'id': 18229, 'rank': 14, 'fitness': 0.9783321863538146, 'generation': 278}","{'id': 18229, 'rank': 15, 'fitness': 0.9783321863538146, 'generation': 278}","{'id': 18229, 'rank': 16, 'fitness': 0.9783321863538146, 'generation': 278}","{'id': 18229, 'rank': 17, 'fitness': 0.9783321863538146, 'generation': 278}","{'id': 18229, 'rank': 18, 'fitness': 0.9783321863538146, 'generation': 278}","{'id': 18229, 'rank': 19, 'fitness': 0.9783321863538146, 'generation': 278}","{'id': 18229, 'rank': 20, 'fitness': 0.9783321863538146, 'generation': 278}","{'id': 18229, 'rank': 21, 'fitness': 0.9783321863538146, 'generation': 278}","{'id': 18229, 'rank': 22, 'fitness': 0.9783321863538146, 'generation': 278}","{'id': 18229, 'rank': 23, 'fitness': 0.9783321863538146, 'generation': 278}","{'id': 18229, 'rank': 24, 'fitness': 0.9783321863538146, 'generation': 278}","{'id': 18210, 'rank': 25, 'fitness': 0.900651918394912, 'generation': 278}","{'id': 19019, 'rank': 26, 'fitness': 0.8891643793765105, 'generation': 278}","{'id': 19025, 'rank': 27, 'fitness': 0.8054444091393582, 'generation': 278}","{'id': 18995, 'rank': 28, 'fitness': 0.5687843232746597, 'generation': 278}","{'id': 18993, 'rank': 29, 'fitness': 0.05922297606935811, 'generation': 278}","{'id': 19047, 'rank': 30, 'fitness': 0.01798620996209155, 'generation': 278}"
"{'id': 18801, 'rank': 1, 'fitness': 0.9820137900379085, 'generation': 279}","{'id': 18801, 'rank': 2, 'fitness': 0.9820137900379085, 'generation': 279}","{'id': 18801, 'rank': 3, 'fitness': 0.9820137900379085, 'generation': 279}","{'id': 18801, 'rank': 4, 'fitness': 0.9820137900379085, 'generation': 279}","{'id': 18801, 'rank': 5, 'fitness': 0.9820137900379085, 'generation': 279}","{'id': 18801, 'rank': 6, 'fitness': 0.9820137900379085, 'generation': 279}","{'id': 18801, 'rank': 7, 'fitness': 0.9820137900379085, 'generation': 279}","{'id': 18801, 'rank': 8, 'fitness': 0.9820137900379085, 'generation': 279}","{'id': 18801, 'rank': 9, 'fitness': 0.9820137900379085, 'generation': 279}","{'id': 18801, 'rank': 10, 'fitness': 0.9820137900379085, 'generation': 279}","{'id': 18801, 'rank': 11, 'fitness': 0.9820137900379085, 'generation': 279}","{'id': 18801, 'rank': 12, 'fitness': 0.9820137900379085, 'generation': 279}","{'id': 18801, 'rank': 13, 'fitness': 0.9820137900379085, 'generation': 279}","{'id': 18229, 'rank': 14, 'fitness': 0.971028960553542, 'generation': 279}","{'id': 18229, 'rank': 15, 'fitness': 0.971028960553542, 'generation': 279}","{'id': 18229, 'rank': 16, 'fitness': 0.971028960553542, 'generation': 279}","{'id': 18229, 'rank': 17, 'fitness': 0.971028960553542, 'generation': 279}","{'id': 18229, 'rank': 18, 'fitness': 0.971028960553542, 'generation': 279}","{'id': 18229, 'rank': 19, 'fitness': 0.971028960553542, 'generation': 279}","{'id': 18229, 'rank': 20, 'fitness': 0.971028960553542, 'generation': 279}","{'id': 18229, 'rank': 21, 'fitness': 0.971028960553542, 'generation': 279}","{'id': 18229, 'rank': 22, 'fitness': 0.971028960553542, 'generation': 279}","{'id': 18229, 'rank': 23, 'fitness': 0.971028960553542, 'generation': 279}","{'id': 18229, 'rank': 24, 'fitness': 0.971028960553542, 'generation': 279}","{'id': 18229, 'rank': 25, 'fitness': 0.971028960553542, 'generation': 279}","{'id': 18229, 'rank': 26, 'fitness': 0.971028960553542, 'generation': 279}","{'id': 18229, 'rank': 27, 'fitness': 0.971028960553542, 'generation': 279}","{'id': 19117, 'rank': 28, 'fitness': 0.8261292252527482, 'generation': 279}","{'id': 18210, 'rank': 29, 'fitness': 0.35169822504243936, 'generation': 279}","{'id': 19084, 'rank': 30, 'fitness': 0.01798620996209155, 'generation': 279}"
"{'id': 18801, 'rank': 1, 'fitness': 0.9820137900379085, 'generation': 280}","{'id': 18801, 'rank': 2, 'fitness': 0.9820137900379085, 'generation': 280}","{'id': 18801, 'rank': 3, 'fitness': 0.9820137900379085, 'generation': 280}","{'id': 18801, 'rank': 4, 'fitness': 0.9820137900379085, 'generation': 280}","{'id': 18801, 'rank': 5, 'fitness': 0.9820137900379085, 'generation': 280}","{'id': 18801, 'rank': 6, 'fitness': 0.9820137900379085, 'generation': 280}","{'id': 18801, 'rank': 7, 'fitness': 0.9820137900379085, 'generation': 280}","{'id': 18801, 'rank': 8, 'fitness': 0.9820137900379085, 'generation': 280}","{'id': 18801, 'rank': 9, 'fitness': 0.9820137900379085, 'generation': 280}","{'id': 18801, 'rank': 10, 'fitness': 0.9820137900379085, 'generation': 280}","{'id': 18801, 'rank': 11, 'fitness': 0.9820137900379085, 'generation': 280}","{'id': 18801, 'rank': 12, 'fitness': 0.9820137900379085, 'generation': 280}","{'id': 18801, 'rank': 13, 'fitness': 0.9820137900379085, 'generation': 280}","{'id': 18801, 'rank': 14, 'fitness': 0.9820137900379085, 'generation': 280}","{'id': 18801, 'rank': 15, 'fitness': 0.9820137900379085, 'generation': 280}","{'id': 18801, 'rank': 16, 'fitness': 0.9820137900379085, 'generation': 280}","{'id': 18801, 'rank': 17, 'fitness': 0.9820137900379085, 'generation': 280}","{'id': 18801, 'rank': 18, 'fitness': 0.9820137900379085, 'generation': 280}","{'id': 18801, 'rank': 19, 'fitness': 0.9820137900379085, 'generation': 280}","{'id': 18801, 'rank': 20, 'fitness': 0.9820137900379085, 'generation': 280}","{'id': 18801, 'rank': 21, 'fitness': 0.9820137900379085, 'generation': 280}","{'id': 18801, 'rank': 22, 'fitness': 0.9820137900379085, 'generation': 280}","{'id': 18229, 'rank': 23, 'fitness': 0.9787019112822097, 'generation': 280}","{'id': 18229, 'rank': 24, 'fitness': 0.9787019112822097, 'generation': 280}","{'id': 18229, 'rank': 25, 'fitness': 0.9787019112822097, 'generation': 280}","{'id': 18229, 'rank': 26, 'fitness': 0.9787019112822097, 'generation': 280}","{'id': 18229, 'rank': 27, 'fitness': 0.9787019112822097, 'generation': 280}","{'id': 18229, 'rank': 28, 'fitness': 0.9787019112822097, 'generation': 280}","{'id': 19117, 'rank': 29, 'fitness': 0.9584090485909239, 'generation': 280}","{'id': 19160, 'rank': 30, 'fitness': 0.01798620996209155, 'generation': 280}"
"{'id': 19287, 'rank': 1, 'fitness': 0.9820137900379085, 'generation': 281}","{'id': 19287, 'rank': 2, 'fitness': 0.9820137900379085, 'generation': 281}","{'id': 19282, 'rank': 3, 'fitness': 0.9147077720108745, 'generation': 281}","{'id': 18801, 'rank': 4, 'fitness': 0.9087069335984801, 'generation': 281}","{'id': 18801, 'rank': 5, 'fitness': 0.9087069335984801, 'generation': 281}","{'id': 18801, 'rank': 6, 'fitness': 0.9087069335984801, 'generation': 281}","{'id': 18801, 'rank': 7, 'fitness': 0.9087069335984801, 'generation': 281}","{'id': 18801, 'rank': 8, 'fitness': 0.9087069335984801, 'generation': 281}","{'id': 18801, 'rank': 9, 'fitness': 0.9087069335984801, 'generation': 281}","{'id': 18801, 'rank': 10, 'fitness': 0.9087069335984801, 'generation': 281}","{'id': 18801, 'rank': 11, 'fitness': 0.9087069335984801, 'generation': 281}","{'id': 18801, 'rank': 12, 'fitness': 0.9087069335984801, 'generation': 281}","{'id': 18801, 'rank': 13, 'fitness': 0.9087069335984801, 'generation': 281}","{'id': 18801, 'rank': 14, 'fitness': 0.9087069335984801, 'generation': 281}","{'id': 18801, 'rank': 15, 'fitness': 0.9087069335984801, 'generation': 281}","{'id': 18801, 'rank': 16, 'fitness': 0.9087069335984801, 'generation': 281}","{'id': 18801, 'rank': 17, 'fitness': 0.9087069335984801, 'generation': 281}","{'id': 18801, 'rank': 18, 'fitness': 0.9087069335984801, 'generation': 281}","{'id': 18801, 'rank': 19, 'fitness': 0.9087069335984801, 'generation': 281}","{'id': 18801, 'rank': 20, 'fitness': 0.9087069335984801, 'generation': 281}","{'id': 18801, 'rank': 21, 'fitness': 0.9087069335984801, 'generation': 281}","{'id': 18801, 'rank': 22, 'fitness': 0.9087069335984801, 'generation': 281}","{'id': 18801, 'rank': 23, 'fitness': 0.9087069335984801, 'generation': 281}","{'id': 18801, 'rank': 24, 'fitness': 0.9087069335984801, 'generation': 281}","{'id': 18801, 'rank': 25, 'fitness': 0.9087069335984801, 'generation': 281}","{'id': 18229, 'rank': 26, 'fitness': 0.878867462223154, 'generation': 281}","{'id': 18229, 'rank': 27, 'fitness': 0.878867462223154, 'generation': 281}","{'id': 19217, 'rank': 28, 'fitness': 0.7743843186293731, 'generation': 281}","{'id': 19286, 'rank': 29, 'fitness': 0.024428089878379466, 'generation': 281}","{'id': 19218, 'rank': 30, 'fitness': 0.01798620996209155, 'generation': 281}"
"{'id': 19287, 'rank': 1, 'fitness': 0.9820137900379085, 'generation': 282}","{'id': 19287, 'rank': 2, 'fitness': 0.9820137900379085, 'generation': 282}","{'id': 19287, 'rank': 3, 'fitness': 0.9820137900379085, 'generation': 282}","{'id': 19287, 'rank': 4, 'fitness': 0.9820137900379085, 'generation': 282}","{'id': 19282, 'rank': 5, 'fitness': 0.9813955062846911, 'generation': 282}","{'id': 19282, 'rank': 6, 'fitness': 0.9813955062846911, 'generation': 282}","{'id': 19282, 'rank': 7, 'fitness': 0.9813955062846911, 'generation': 282}","{'id': 18801, 'rank': 8, 'fitness': 0.9813666813834799, 'generation': 282}","{'id': 18801, 'rank': 9, 'fitness': 0.9813666813834799, 'generation': 282}","{'id': 18801, 'rank': 10, 'fitness': 0.9813666813834799, 'generation': 282}","{'id': 18801, 'rank': 11, 'fitness': 0.9813666813834799, 'generation': 282}","{'id': 18801, 'rank': 12, 'fitness': 0.9813666813834799, 'generation': 282}","{'id': 18801, 'rank': 13, 'fitness': 0.9813666813834799, 'generation': 282}","{'id': 18801, 'rank': 14, 'fitness': 0.9813666813834799, 'generation': 282}","{'id': 18801, 'rank': 15, 'fitness': 0.9813666813834799, 'generation': 282}","{'id': 18801, 'rank': 16, 'fitness': 0.9813666813834799, 'generation': 282}","{'id': 18801, 'rank': 17, 'fitness': 0.9813666813834799, 'generation': 282}","{'id': 18801, 'rank': 18, 'fitness': 0.9813666813834799, 'generation': 282}","{'id': 18801, 'rank': 19, 'fitness': 0.9813666813834799, 'generation': 282}","{'id': 18801, 'rank': 20, 'fitness': 0.9813666813834799, 'generation': 282}","{'id': 18801, 'rank': 21, 'fitness': 0.9813666813834799, 'generation': 282}","{'id': 19217, 'rank': 22, 'fitness': 0.9809503290089026, 'generation': 282}","{'id': 19217, 'rank': 23, 'fitness': 0.9809503290089026, 'generation': 282}","{'id': 19217, 'rank': 24, 'fitness': 0.9809503290089026, 'generation': 282}","{'id': 19218, 'rank': 25, 'fitness': 0.9787676515550472, 'generation': 282}","{'id': 19218, 'rank': 26, 'fitness': 0.9787676515550472, 'generation': 282}","{'id': 19365, 'rank': 27, 'fitness': 0.976007902318351, 'generation': 282}","{'id': 19338, 'rank': 28, 'fitness': 0.9722791596624585, 'generation': 282}","{'id': 19366, 'rank': 29, 'fitness': 0.9711963153315004, 'generation': 282}","{'id': 19335, 'rank': 30, 'fitness': 0.01798620996209155, 'generation': 282}"
"{'id': 19287, 'rank': 1, 'fitness': 0.9820137900379085, 'generation': 283}","{'id': 19287, 'rank': 2, 'fitness': 0.9820137900379085, 'generation': 283}","{'id': 19287, 'rank': 3, 'fitness': 0.9820137900379085, 'generation': 283}","{'id': 19287, 'rank': 4, 'fitness': 0.9820137900379085, 'generation': 283}","{'id': 19287, 'rank': 5, 'fitness': 0.9820137900379085, 'generation': 283}","{'id': 19287, 'rank': 6, 'fitness': 0.9820137900379085, 'generation': 283}","{'id': 19287, 'rank': 7, 'fitness': 0.9820137900379085, 'generation': 283}","{'id': 19282, 'rank': 8, 'fitness': 0.9462774011729951, 'generation': 283}","{'id': 19282, 'rank': 9, 'fitness': 0.9462774011729951, 'generation': 283}","{'id': 19282, 'rank': 10, 'fitness': 0.9462774011729951, 'generation': 283}","{'id': 19282, 'rank': 11, 'fitness': 0.9462774011729951, 'generation': 283}","{'id': 19282, 'rank': 12, 'fitness': 0.9462774011729951, 'generation': 283}","{'id': 18801, 'rank': 13, 'fitness': 0.943580362137861, 'generation': 283}","{'id': 18801, 'rank': 14, 'fitness': 0.943580362137861, 'generation': 283}","{'id': 18801, 'rank': 15, 'fitness': 0.943580362137861, 'generation': 283}","{'id': 18801, 'rank': 16, 'fitness': 0.943580362137861, 'generation': 283}","{'id': 18801, 'rank': 17, 'fitness': 0.943580362137861, 'generation': 283}","{'id': 18801, 'rank': 18, 'fitness': 0.943580362137861, 'generation': 283}","{'id': 18801, 'rank': 19, 'fitness': 0.943580362137861, 'generation': 283}","{'id': 18801, 'rank': 20, 'fitness': 0.943580362137861, 'generation': 283}","{'id': 18801, 'rank': 21, 'fitness': 0.943580362137861, 'generation': 283}","{'id': 19217, 'rank': 22, 'fitness': 0.8886235713731285, 'generation': 283}","{'id': 19217, 'rank': 23, 'fitness': 0.8886235713731285, 'generation': 283}","{'id': 19447, 'rank': 24, 'fitness': 0.5919229604493684, 'generation': 283}","{'id': 19447, 'rank': 25, 'fitness': 0.5919229604493684, 'generation': 283}","{'id': 19472, 'rank': 26, 'fitness': 0.47689836276045744, 'generation': 283}","{'id': 19449, 'rank': 27, 'fitness': 0.27733654839474187, 'generation': 283}","{'id': 19430, 'rank': 28, 'fitness': 0.04953353215244072, 'generation': 283}","{'id': 19420, 'rank': 29, 'fitness': 0.026880219126127758, 'generation': 283}","{'id': 19400, 'rank': 30, 'fitness': 0.01798620996209155, 'generation': 283}"
"{'id': 19287, 'rank': 1, 'fitness': 0.9820137900379085, 'generation': 284}","{'id': 19287, 'rank': 2, 'fitness': 0.9820137900379085, 'generation': 284}","{'id': 19287, 'rank': 3, 'fitness': 0.9820137900379085, 'generation': 284}","{'id': 19287, 'rank': 4, 'fitness': 0.9820137900379085, 'generation': 284}","{'id': 19287, 'rank': 5, 'fitness': 0.9820137900379085, 'generation': 284}","{'id': 19287, 'rank': 6, 'fitness': 0.9820137900379085, 'generation': 284}","{'id': 19287, 'rank': 7, 'fitness': 0.9820137900379085, 'generation': 284}","{'id': 19287, 'rank': 8, 'fitness': 0.9820137900379085, 'generation': 284}","{'id': 19287, 'rank': 9, 'fitness': 0.9820137900379085, 'generation': 284}","{'id': 19287, 'rank': 10, 'fitness': 0.9820137900379085, 'generation': 284}","{'id': 19287, 'rank': 11, 'fitness': 0.9820137900379085, 'generation': 284}","{'id': 19287, 'rank': 12, 'fitness': 0.9820137900379085, 'generation': 284}","{'id': 19287, 'rank': 13, 'fitness': 0.9820137900379085, 'generation': 284}","{'id': 19287, 'rank': 14, 'fitness': 0.9820137900379085, 'generation': 284}","{'id': 19287, 'rank': 15, 'fitness': 0.9820137900379085, 'generation': 284}","{'id': 19282, 'rank': 16, 'fitness': 0.9802422967077362, 'generation': 284}","{'id': 19282, 'rank': 17, 'fitness': 0.9802422967077362, 'generation': 284}","{'id': 19282, 'rank': 18, 'fitness': 0.9802422967077362, 'generation': 284}","{'id': 19282, 'rank': 19, 'fitness': 0.9802422967077362, 'generation': 284}","{'id': 19282, 'rank': 20, 'fitness': 0.9802422967077362, 'generation': 284}","{'id': 18801, 'rank': 21, 'fitness': 0.9801571506563184, 'generation': 284}","{'id': 18801, 'rank': 22, 'fitness': 0.9801571506563184, 'generation': 284}","{'id': 18801, 'rank': 23, 'fitness': 0.9801571506563184, 'generation': 284}","{'id': 18801, 'rank': 24, 'fitness': 0.9801571506563184, 'generation': 284}","{'id': 18801, 'rank': 25, 'fitness': 0.9801571506563184, 'generation': 284}","{'id': 19217, 'rank': 26, 'fitness': 0.9789015760434447, 'generation': 284}","{'id': 19517, 'rank': 27, 'fitness': 0.9776274114607664, 'generation': 284}","{'id': 19400, 'rank': 28, 'fitness': 0.9652076724398491, 'generation': 284}","{'id': 19532, 'rank': 29, 'fitness': 0.951037341918817, 'generation': 284}","{'id': 19535, 'rank': 30, 'fitness': 0.01798620996209155, 'generation': 284}"
"{'id': 19638, 'rank': 1, 'fitness': 0.9820137900379085, 'generation': 285}","{'id': 19638, 'rank': 2, 'fitness': 0.9820137900379085, 'generation': 285}","{'id': 19638, 'rank': 3, 'fitness': 0.9820137900379085, 'generation': 285}","{'id': 19287, 'rank': 4, 'fitness': 0.968700009780792, 'generation': 285}","{'id': 19287, 'rank': 5, 'fitness': 0.968700009780792, 'generation': 285}","{'id': 19287, 'rank': 6, 'fitness': 0.968700009780792, 'generation': 285}","{'id': 19287, 'rank': 7, 'fitness': 0.968700009780792, 'generation': 285}","{'id': 19287, 'rank': 8, 'fitness': 0.968700009780792, 'generation': 285}","{'id': 19287, 'rank': 9, 'fitness': 0.968700009780792, 'generation': 285}","{'id': 19287, 'rank': 10, 'fitness': 0.968700009780792, 'generation': 285}","{'id': 19287, 'rank': 11, 'fitness': 0.968700009780792, 'generation': 285}","{'id': 19287, 'rank': 12, 'fitness': 0.968700009780792, 'generation': 285}","{'id': 19287, 'rank': 13, 'fitness': 0.968700009780792, 'generation': 285}","{'id': 19287, 'rank': 14, 'fitness': 0.968700009780792, 'generation': 285}","{'id': 19287, 'rank': 15, 'fitness': 0.968700009780792, 'generation': 285}","{'id': 19287, 'rank': 16, 'fitness': 0.968700009780792, 'generation': 285}","{'id': 19287, 'rank': 17, 'fitness': 0.968700009780792, 'generation': 285}","{'id': 19287, 'rank': 18, 'fitness': 0.968700009780792, 'generation': 285}","{'id': 19287, 'rank': 19, 'fitness': 0.968700009780792, 'generation': 285}","{'id': 19287, 'rank': 20, 'fitness': 0.968700009780792, 'generation': 285}","{'id': 19287, 'rank': 21, 'fitness': 0.968700009780792, 'generation': 285}","{'id': 19282, 'rank': 22, 'fitness': 0.9402709161158355, 'generation': 285}","{'id': 18801, 'rank': 23, 'fitness': 0.938507416376477, 'generation': 285}","{'id': 19618, 'rank': 24, 'fitness': 0.9235031742858335, 'generation': 285}","{'id': 19592, 'rank': 25, 'fitness': 0.8980210469865147, 'generation': 285}","{'id': 19589, 'rank': 26, 'fitness': 0.8532305829612401, 'generation': 285}","{'id': 19589, 'rank': 27, 'fitness': 0.8532305829612401, 'generation': 285}","{'id': 19573, 'rank': 28, 'fitness': 0.22263408145307717, 'generation': 285}","{'id': 19400, 'rank': 29, 'fitness': 0.20620912778938694, 'generation': 285}","{'id': 19603, 'rank': 30, 'fitness': 0.01798620996209155, 'generation': 285}"
"{'id': 19638, 'rank': 1, 'fitness': 0.9820137900379085, 'generation': 286}","{'id': 19638, 'rank': 2, 'fitness': 0.9820137900379085, 'generation': 286}","{'id': 19638, 'rank': 3, 'fitness': 0.9820137900379085, 'generation': 286}","{'id': 19638, 'rank': 4, 'fitness': 0.9820137900379085, 'generation': 286}","{'id': 19638, 'rank': 5, 'fitness': 0.9820137900379085, 'generation': 286}","{'id': 19638, 'rank': 6, 'fitness': 0.9820137900379085, 'generation': 286}","{'id': 19638, 'rank': 7, 'fitness': 0.9820137900379085, 'generation': 286}","{'id': 19638, 'rank': 8, 'fitness': 0.9820137900379085, 'generation': 286}","{'id': 19710, 'rank': 9, 'fitness': 0.9784286399235007, 'generation': 286}","{'id': 19710, 'rank': 10, 'fitness': 0.9784286399235007, 'generation': 286}","{'id': 19287, 'rank': 11, 'fitness': 0.9748066984097993, 'generation': 286}","{'id': 19287, 'rank': 12, 'fitness': 0.9748066984097993, 'generation': 286}","{'id': 19287, 'rank': 13, 'fitness': 0.9748066984097993, 'generation': 286}","{'id': 19287, 'rank': 14, 'fitness': 0.9748066984097993, 'generation': 286}","{'id': 19287, 'rank': 15, 'fitness': 0.9748066984097993, 'generation': 286}","{'id': 19287, 'rank': 16, 'fitness': 0.9748066984097993, 'generation': 286}","{'id': 19287, 'rank': 17, 'fitness': 0.9748066984097993, 'generation': 286}","{'id': 19287, 'rank': 18, 'fitness': 0.9748066984097993, 'generation': 286}","{'id': 19287, 'rank': 19, 'fitness': 0.9748066984097993, 'generation': 286}","{'id': 19287, 'rank': 20, 'fitness': 0.9748066984097993, 'generation': 286}","{'id': 19287, 'rank': 21, 'fitness': 0.9748066984097993, 'generation': 286}","{'id': 19287, 'rank': 22, 'fitness': 0.9748066984097993, 'generation': 286}","{'id': 19287, 'rank': 23, 'fitness': 0.9748066984097993, 'generation': 286}","{'id': 19287, 'rank': 24, 'fitness': 0.9748066984097993, 'generation': 286}","{'id': 19287, 'rank': 25, 'fitness': 0.9748066984097993, 'generation': 286}","{'id': 19287, 'rank': 26, 'fitness': 0.9748066984097993, 'generation': 286}","{'id': 19287, 'rank': 27, 'fitness': 0.9748066984097993, 'generation': 286}","{'id': 19711, 'rank': 28, 'fitness': 0.4006160978859878, 'generation': 286}","{'id': 19655, 'rank': 29, 'fitness': 0.15973209011009798, 'generation': 286}","{'id': 19665, 'rank': 30, 'fitness': 0.01798620996209155, 'generation': 286}"
"{'id': 19638, 'rank': 1, 'fitness': 0.9820137900379085, 'generation': 287}","{'id': 19638, 'rank': 2, 'fitness': 0.9820137900379085, 'generation': 287}","{'id': 19638, 'rank': 3, 'fitness': 0.9820137900379085, 'generation': 287}","{'id': 19638, 'rank': 4, 'fitness': 0.9820137900379085, 'generation': 287}","{'id': 19638, 'rank': 5, 'fitness': 0.9820137900379085, 'generation': 287}","{'id': 19638, 'rank': 6, 'fitness': 0.9820137900379085, 'generation': 287}","{'id': 19638, 'rank': 7, 'fitness': 0.9820137900379085, 'generation': 287}","{'id': 19638, 'rank': 8, 'fitness': 0.9820137900379085, 'generation': 287}","{'id': 19638, 'rank': 9, 'fitness': 0.9820137900379085, 'generation': 287}","{'id': 19638, 'rank': 10, 'fitness': 0.9820137900379085, 'generation': 287}","{'id': 19638, 'rank': 11, 'fitness': 0.9820137900379085, 'generation': 287}","{'id': 19638, 'rank': 12, 'fitness': 0.9820137900379085, 'generation': 287}","{'id': 19638, 'rank': 13, 'fitness': 0.9820137900379085, 'generation': 287}","{'id': 19638, 'rank': 14, 'fitness': 0.9820137900379085, 'generation': 287}","{'id': 19710, 'rank': 15, 'fitness': 0.9757204725119042, 'generation': 287}","{'id': 19710, 'rank': 16, 'fitness': 0.9757204725119042, 'generation': 287}","{'id': 19287, 'rank': 17, 'fitness': 0.9686558393617735, 'generation': 287}","{'id': 19287, 'rank': 18, 'fitness': 0.9686558393617735, 'generation': 287}","{'id': 19287, 'rank': 19, 'fitness': 0.9686558393617735, 'generation': 287}","{'id': 19287, 'rank': 20, 'fitness': 0.9686558393617735, 'generation': 287}","{'id': 19287, 'rank': 21, 'fitness': 0.9686558393617735, 'generation': 287}","{'id': 19287, 'rank': 22, 'fitness': 0.9686558393617735, 'generation': 287}","{'id': 19287, 'rank': 23, 'fitness': 0.9686558393617735, 'generation': 287}","{'id': 19287, 'rank': 24, 'fitness': 0.9686558393617735, 'generation': 287}","{'id': 19287, 'rank': 25, 'fitness': 0.9686558393617735, 'generation': 287}","{'id': 19287, 'rank': 26, 'fitness': 0.9686558393617735, 'generation': 287}","{'id': 19287, 'rank': 27, 'fitness': 0.9686558393617735, 'generation': 287}","{'id': 19798, 'rank': 28, 'fitness': 0.4442997698213125, 'generation': 287}","{'id': 19788, 'rank': 29, 'fitness': 0.09472846447075745, 'generation': 287}","{'id': 19764, 'rank': 30, 'fitness': 0.01798620996209155, 'generation': 287}"
"{'id': 19855, 'rank': 1, 'fitness': 0.9820137900379085, 'generation': 288}","{'id': 19855, 'rank': 2, 'fitness': 0.9820137900379085, 'generation': 288}","{'id': 19855, 'rank': 3, 'fitness': 0.9820137900379085, 'generation': 288}","{'id': 19855, 'rank': 4, 'fitness': 0.9820137900379085, 'generation': 288}","{'id': 19638, 'rank': 5, 'fitness': 0.9127511526899321, 'generation': 288}","{'id': 19638, 'rank': 6, 'fitness': 0.9127511526899321, 'generation': 288}","{'id': 19638, 'rank': 7, 'fitness': 0.9127511526899321, 'generation': 288}","{'id': 19638, 'rank': 8, 'fitness': 0.9127511526899321, 'generation': 288}","{'id': 19638, 'rank': 9, 'fitness': 0.9127511526899321, 'generation': 288}","{'id': 19638, 'rank': 10, 'fitness': 0.9127511526899321, 'generation': 288}","{'id': 19638, 'rank': 11, 'fitness': 0.9127511526899321, 'generation': 288}","{'id': 19638, 'rank': 12, 'fitness': 0.9127511526899321, 'generation': 288}","{'id': 19638, 'rank': 13, 'fitness': 0.9127511526899321, 'generation': 288}","{'id': 19638, 'rank': 14, 'fitness': 0.9127511526899321, 'generation': 288}","{'id': 19638, 'rank': 15, 'fitness': 0.9127511526899321, 'generation': 288}","{'id': 19638, 'rank': 16, 'fitness': 0.9127511526899321, 'generation': 288}","{'id': 19638, 'rank': 17, 'fitness': 0.9127511526899321, 'generation': 288}","{'id': 19638, 'rank': 18, 'fitness': 0.9127511526899321, 'generation': 288}","{'id': 19638, 'rank': 19, 'fitness': 0.9127511526899321, 'generation': 288}","{'id': 19638, 'rank': 20, 'fitness': 0.9127511526899321, 'generation': 288}","{'id': 19638, 'rank': 21, 'fitness': 0.9127511526899321, 'generation': 288}","{'id': 19638, 'rank': 22, 'fitness': 0.9127511526899321, 'generation': 288}","{'id': 19638, 'rank': 23, 'fitness': 0.9127511526899321, 'generation': 288}","{'id': 19710, 'rank': 24, 'fitness': 0.2553285748803007, 'generation': 288}","{'id': 19856, 'rank': 25, 'fitness': 0.11523386426943638, 'generation': 288}","{'id': 19287, 'rank': 26, 'fitness': 0.01798620996209155, 'generation': 288}","{'id': 19287, 'rank': 27, 'fitness': 0.01798620996209155, 'generation': 288}","{'id': 19287, 'rank': 28, 'fitness': 0.01798620996209155, 'generation': 288}","{'id': 19287, 'rank': 29, 'fitness': 0.01798620996209155, 'generation': 288}","{'id': 19287, 'rank': 30, 'fitness': 0.01798620996209155, 'generation': 288}"
"{'id': 19855, 'rank': 1, 'fitness': 0.9820137900379085, 'generation': 289}","{'id': 19855, 'rank': 2, 'fitness': 0.9820137900379085, 'generation': 289}","{'id': 19855, 'rank': 3, 'fitness': 0.9820137900379085, 'generation': 289}","{'id': 19855, 'rank': 4, 'fitness': 0.9820137900379085, 'generation': 289}","{'id': 19855, 'rank': 5, 'fitness': 0.9820137900379085, 'generation': 289}","{'id': 19855, 'rank': 6, 'fitness': 0.9820137900379085, 'generation': 289}","{'id': 19855, 'rank': 7, 'fitness': 0.9820137900379085, 'generation': 289}","{'id': 19638, 'rank': 8, 'fitness': 0.9818836040016464, 'generation': 289}","{'id': 19638, 'rank': 9, 'fitness': 0.9818836040016464, 'generation': 289}","{'id': 19638, 'rank': 10, 'fitness': 0.9818836040016464, 'generation': 289}","{'id': 19638, 'rank': 11, 'fitness': 0.9818836040016464, 'generation': 289}","{'id': 19638, 'rank': 12, 'fitness': 0.9818836040016464, 'generation': 289}","{'id': 19638, 'rank': 13, 'fitness': 0.9818836040016464, 'generation': 289}","{'id': 19638, 'rank': 14, 'fitness': 0.9818836040016464, 'generation': 289}","{'id': 19638, 'rank': 15, 'fitness': 0.9818836040016464, 'generation': 289}","{'id': 19638, 'rank': 16, 'fitness': 0.9818836040016464, 'generation': 289}","{'id': 19638, 'rank': 17, 'fitness': 0.9818836040016464, 'generation': 289}","{'id': 19638, 'rank': 18, 'fitness': 0.9818836040016464, 'generation': 289}","{'id': 19638, 'rank': 19, 'fitness': 0.9818836040016464, 'generation': 289}","{'id': 19638, 'rank': 20, 'fitness': 0.9818836040016464, 'generation': 289}","{'id': 19638, 'rank': 21, 'fitness': 0.9818836040016464, 'generation': 289}","{'id': 19638, 'rank': 22, 'fitness': 0.9818836040016464, 'generation': 289}","{'id': 19638, 'rank': 23, 'fitness': 0.9818836040016464, 'generation': 289}","{'id': 19638, 'rank': 24, 'fitness': 0.9818836040016464, 'generation': 289}","{'id': 19638, 'rank': 25, 'fitness': 0.9818836040016464, 'generation': 289}","{'id': 19638, 'rank': 26, 'fitness': 0.9818836040016464, 'generation': 289}","{'id': 19287, 'rank': 27, 'fitness': 0.9813748074162947, 'generation': 289}","{'id': 19287, 'rank': 28, 'fitness': 0.9813748074162947, 'generation': 289}","{'id': 19915, 'rank': 29, 'fitness': 0.9770222891439317, 'generation': 289}","{'id': 19901, 'rank': 30, 'fitness': 0.01798620996209155, 'generation': 289}"
"{'id': 19855, 'rank': 1, 'fitness': 0.9820137900379085, 'generation': 290}","{'id': 19855, 'rank': 2, 'fitness': 0.9820137900379085, 'generation': 290}","{'id': 19855, 'rank': 3, 'fitness': 0.9820137900379085, 'generation': 290}","{'id': 19855, 'rank': 4, 'fitness': 0.9820137900379085, 'generation': 290}","{'id': 19855, 'rank': 5, 'fitness': 0.9820137900379085, 'generation': 290}","{'id': 19855, 'rank': 6, 'fitness': 0.9820137900379085, 'generation': 290}","{'id': 19855, 'rank': 7, 'fitness': 0.9820137900379085, 'generation': 290}","{'id': 19638, 'rank': 8, 'fitness': 0.9759335713946111, 'generation': 290}","{'id': 19638, 'rank': 9, 'fitness': 0.9759335713946111, 'generation': 290}","{'id': 19638, 'rank': 10, 'fitness': 0.9759335713946111, 'generation': 290}","{'id': 19638, 'rank': 11, 'fitness': 0.9759335713946111, 'generation': 290}","{'id': 19638, 'rank': 12, 'fitness': 0.9759335713946111, 'generation': 290}","{'id': 19638, 'rank': 13, 'fitness': 0.9759335713946111, 'generation': 290}","{'id': 19638, 'rank': 14, 'fitness': 0.9759335713946111, 'generation': 290}","{'id': 19638, 'rank': 15, 'fitness': 0.9759335713946111, 'generation': 290}","{'id': 19638, 'rank': 16, 'fitness': 0.9759335713946111, 'generation': 290}","{'id': 19638, 'rank': 17, 'fitness': 0.9759335713946111, 'generation': 290}","{'id': 19638, 'rank': 18, 'fitness': 0.9759335713946111, 'generation': 290}","{'id': 19638, 'rank': 19, 'fitness': 0.9759335713946111, 'generation': 290}","{'id': 19638, 'rank': 20, 'fitness': 0.9759335713946111, 'generation': 290}","{'id': 19638, 'rank': 21, 'fitness': 0.9759335713946111, 'generation': 290}","{'id': 19638, 'rank': 22, 'fitness': 0.9759335713946111, 'generation': 290}","{'id': 19638, 'rank': 23, 'fitness': 0.9759335713946111, 'generation': 290}","{'id': 19638, 'rank': 24, 'fitness': 0.9759335713946111, 'generation': 290}","{'id': 19987, 'rank': 25, 'fitness': 0.15330019056583155, 'generation': 290}","{'id': 19987, 'rank': 26, 'fitness': 0.15330019056583155, 'generation': 290}","{'id': 20038, 'rank': 27, 'fitness': 0.09802699635915813, 'generation': 290}","{'id': 19974, 'rank': 28, 'fitness': 0.07851763107233084, 'generation': 290}","{'id': 19977, 'rank': 29, 'fitness': 0.019866248394195707, 'generation': 290}","{'id': 20041, 'rank': 30, 'fitness': 0.01798620996209155, 'generation': 290}"
"{'id': 19855, 'rank': 1, 'fitness': 0.9820137900379085, 'generation': 291}","{'id': 19855, 'rank': 2, 'fitness': 0.9820137900379085, 'generation': 291}","{'id': 19855, 'rank': 3, 'fitness': 0.9820137900379085, 'generation': 291}","{'id': 19855, 'rank': 4, 'fitness': 0.9820137900379085, 'generation': 291}","{'id': 19855, 'rank': 5, 'fitness': 0.9820137900379085, 'generation': 291}","{'id': 19855, 'rank': 6, 'fitness': 0.9820137900379085, 'generation': 291}","{'id': 19855, 'rank': 7, 'fitness': 0.9820137900379085, 'generation': 291}","{'id': 19855, 'rank': 8, 'fitness': 0.9820137900379085, 'generation': 291}","{'id': 19855, 'rank': 9, 'fitness': 0.9820137900379085, 'generation': 291}","{'id': 19855, 'rank': 10, 'fitness': 0.9820137900379085, 'generation': 291}","{'id': 19855, 'rank': 11, 'fitness': 0.9820137900379085, 'generation': 291}","{'id': 19855, 'rank': 12, 'fitness': 0.9820137900379085, 'generation': 291}","{'id': 19855, 'rank': 13, 'fitness': 0.9820137900379085, 'generation': 291}","{'id': 19855, 'rank': 14, 'fitness': 0.9820137900379085, 'generation': 291}","{'id': 19855, 'rank': 15, 'fitness': 0.9820137900379085, 'generation': 291}","{'id': 19855, 'rank': 16, 'fitness': 0.9820137900379085, 'generation': 291}","{'id': 19855, 'rank': 17, 'fitness': 0.9820137900379085, 'generation': 291}","{'id': 19638, 'rank': 18, 'fitness': 0.9759335713946111, 'generation': 291}","{'id': 19638, 'rank': 19, 'fitness': 0.9759335713946111, 'generation': 291}","{'id': 19638, 'rank': 20, 'fitness': 0.9759335713946111, 'generation': 291}","{'id': 19638, 'rank': 21, 'fitness': 0.9759335713946111, 'generation': 291}","{'id': 19638, 'rank': 22, 'fitness': 0.9759335713946111, 'generation': 291}","{'id': 19638, 'rank': 23, 'fitness': 0.9759335713946111, 'generation': 291}","{'id': 19638, 'rank': 24, 'fitness': 0.9759335713946111, 'generation': 291}","{'id': 19638, 'rank': 25, 'fitness': 0.9759335713946111, 'generation': 291}","{'id': 19638, 'rank': 26, 'fitness': 0.9759335713946111, 'generation': 291}","{'id': 20087, 'rank': 27, 'fitness': 0.9719405898685174, 'generation': 291}","{'id': 20099, 'rank': 28, 'fitness': 0.33934516068143095, 'generation': 291}","{'id': 19987, 'rank': 29, 'fitness': 0.15330019056583155, 'generation': 291}","{'id': 20041, 'rank': 30, 'fitness': 0.01798620996209155, 'generation': 291}"
"{'id': 20174, 'rank': 1, 'fitness': 0.9820137900379085, 'generation': 292}","{'id': 19855, 'rank': 2, 'fitness': 0.9418251880621712, 'generation': 292}","{'id': 19855, 'rank': 3, 'fitness': 0.9418251880621712, 'generation': 292}","{'id': 19855, 'rank': 4, 'fitness': 0.9418251880621712, 'generation': 292}","{'id': 19855, 'rank': 5, 'fitness': 0.9418251880621712, 'generation': 292}","{'id': 19855, 'rank': 6, 'fitness': 0.9418251880621712, 'generation': 292}","{'id': 19855, 'rank': 7, 'fitness': 0.9418251880621712, 'generation': 292}","{'id': 19855, 'rank': 8, 'fitness': 0.9418251880621712, 'generation': 292}","{'id': 19855, 'rank': 9, 'fitness': 0.9418251880621712, 'generation': 292}","{'id': 19855, 'rank': 10, 'fitness': 0.9418251880621712, 'generation': 292}","{'id': 19855, 'rank': 11, 'fitness': 0.9418251880621712, 'generation': 292}","{'id': 19855, 'rank': 12, 'fitness': 0.9418251880621712, 'generation': 292}","{'id': 19855, 'rank': 13, 'fitness': 0.9418251880621712, 'generation': 292}","{'id': 19855, 'rank': 14, 'fitness': 0.9418251880621712, 'generation': 292}","{'id': 19855, 'rank': 15, 'fitness': 0.9418251880621712, 'generation': 292}","{'id': 19855, 'rank': 16, 'fitness': 0.9418251880621712, 'generation': 292}","{'id': 19855, 'rank': 17, 'fitness': 0.9418251880621712, 'generation': 292}","{'id': 19855, 'rank': 18, 'fitness': 0.9418251880621712, 'generation': 292}","{'id': 19855, 'rank': 19, 'fitness': 0.9418251880621712, 'generation': 292}","{'id': 19855, 'rank': 20, 'fitness': 0.9418251880621712, 'generation': 292}","{'id': 19855, 'rank': 21, 'fitness': 0.9418251880621712, 'generation': 292}","{'id': 19855, 'rank': 22, 'fitness': 0.9418251880621712, 'generation': 292}","{'id': 19638, 'rank': 23, 'fitness': 0.9319127875553419, 'generation': 292}","{'id': 19638, 'rank': 24, 'fitness': 0.9319127875553419, 'generation': 292}","{'id': 19638, 'rank': 25, 'fitness': 0.9319127875553419, 'generation': 292}","{'id': 19638, 'rank': 26, 'fitness': 0.9319127875553419, 'generation': 292}","{'id': 19638, 'rank': 27, 'fitness': 0.9319127875553419, 'generation': 292}","{'id': 19638, 'rank': 28, 'fitness': 0.9319127875553419, 'generation': 292}","{'id': 20167, 'rank': 29, 'fitness': 0.9045117793902213, 'generation': 292}","{'id': 20217, 'rank': 30, 'fitness': 0.01798620996209155, 'generation': 292}"
"{'id': 20174, 'rank': 1, 'fitness': 0.9820137900379085, 'generation': 293}","{'id': 20174, 'rank': 2, 'fitness': 0.9820137900379085, 'generation': 293}","{'id': 20174, 'rank': 3, 'fitness': 0.9820137900379085, 'generation': 293}","{'id': 20174, 'rank': 4, 'fitness': 0.9820137900379085, 'generation': 293}","{'id': 19855, 'rank': 5, 'fitness': 0.9794174012255467, 'generation': 293}","{'id': 19855, 'rank': 6, 'fitness': 0.9794174012255467, 'generation': 293}","{'id': 19855, 'rank': 7, 'fitness': 0.9794174012255467, 'generation': 293}","{'id': 19855, 'rank': 8, 'fitness': 0.9794174012255467, 'generation': 293}","{'id': 19855, 'rank': 9, 'fitness': 0.9794174012255467, 'generation': 293}","{'id': 19855, 'rank': 10, 'fitness': 0.9794174012255467, 'generation': 293}","{'id': 19855, 'rank': 11, 'fitness': 0.9794174012255467, 'generation': 293}","{'id': 19855, 'rank': 12, 'fitness': 0.9794174012255467, 'generation': 293}","{'id': 19855, 'rank': 13, 'fitness': 0.9794174012255467, 'generation': 293}","{'id': 19855, 'rank': 14, 'fitness': 0.9794174012255467, 'generation': 293}","{'id': 19855, 'rank': 15, 'fitness': 0.9794174012255467, 'generation': 293}","{'id': 19855, 'rank': 16, 'fitness': 0.9794174012255467, 'generation': 293}","{'id': 19855, 'rank': 17, 'fitness': 0.9794174012255467, 'generation': 293}","{'id': 19855, 'rank': 18, 'fitness': 0.9794174012255467, 'generation': 293}","{'id': 19855, 'rank': 19, 'fitness': 0.9794174012255467, 'generation': 293}","{'id': 19855, 'rank': 20, 'fitness': 0.9794174012255467, 'generation': 293}","{'id': 19855, 'rank': 21, 'fitness': 0.9794174012255467, 'generation': 293}","{'id': 19855, 'rank': 22, 'fitness': 0.9794174012255467, 'generation': 293}","{'id': 19855, 'rank': 23, 'fitness': 0.9794174012255467, 'generation': 293}","{'id': 19855, 'rank': 24, 'fitness': 0.9794174012255467, 'generation': 293}","{'id': 19855, 'rank': 25, 'fitness': 0.9794174012255467, 'generation': 293}","{'id': 19638, 'rank': 26, 'fitness': 0.9790310471497297, 'generation': 293}","{'id': 20167, 'rank': 27, 'fitness': 0.9781592105144389, 'generation': 293}","{'id': 20284, 'rank': 28, 'fitness': 0.03990440182368599, 'generation': 293}","{'id': 20302, 'rank': 29, 'fitness': 0.019854333248090272, 'generation': 293}","{'id': 20252, 'rank': 30, 'fitness': 0.01798620996209155, 'generation': 293}"
"{'id': 20174, 'rank': 1, 'fitness': 0.9820137900379085, 'generation': 294}","{'id': 20174, 'rank': 2, 'fitness': 0.9820137900379085, 'generation': 294}","{'id': 20174, 'rank': 3, 'fitness': 0.9820137900379085, 'generation': 294}","{'id': 20174, 'rank': 4, 'fitness': 0.9820137900379085, 'generation': 294}","{'id': 20174, 'rank': 5, 'fitness': 0.9820137900379085, 'generation': 294}","{'id': 20174, 'rank': 6, 'fitness': 0.9820137900379085, 'generation': 294}","{'id': 20174, 'rank': 7, 'fitness': 0.9820137900379085, 'generation': 294}","{'id': 20174, 'rank': 8, 'fitness': 0.9820137900379085, 'generation': 294}","{'id': 20336, 'rank': 9, 'fitness': 0.9561303316465122, 'generation': 294}","{'id': 20336, 'rank': 10, 'fitness': 0.9561303316465122, 'generation': 294}","{'id': 20336, 'rank': 11, 'fitness': 0.9561303316465122, 'generation': 294}","{'id': 20336, 'rank': 12, 'fitness': 0.9561303316465122, 'generation': 294}","{'id': 19855, 'rank': 13, 'fitness': 0.9225871984626122, 'generation': 294}","{'id': 19855, 'rank': 14, 'fitness': 0.9225871984626122, 'generation': 294}","{'id': 19855, 'rank': 15, 'fitness': 0.9225871984626122, 'generation': 294}","{'id': 19855, 'rank': 16, 'fitness': 0.9225871984626122, 'generation': 294}","{'id': 19855, 'rank': 17, 'fitness': 0.9225871984626122, 'generation': 294}","{'id': 19855, 'rank': 18, 'fitness': 0.9225871984626122, 'generation': 294}","{'id': 19855, 'rank': 19, 'fitness': 0.9225871984626122, 'generation': 294}","{'id': 19855, 'rank': 20, 'fitness': 0.9225871984626122, 'generation': 294}","{'id': 19855, 'rank': 21, 'fitness': 0.9225871984626122, 'generation': 294}","{'id': 19855, 'rank': 22, 'fitness': 0.9225871984626122, 'generation': 294}","{'id': 19855, 'rank': 23, 'fitness': 0.9225871984626122, 'generation': 294}","{'id': 19855, 'rank': 24, 'fitness': 0.9225871984626122, 'generation': 294}","{'id': 19855, 'rank': 25, 'fitness': 0.9225871984626122, 'generation': 294}","{'id': 19855, 'rank': 26, 'fitness': 0.9225871984626122, 'generation': 294}","{'id': 19855, 'rank': 27, 'fitness': 0.9225871984626122, 'generation': 294}","{'id': 19855, 'rank': 28, 'fitness': 0.9225871984626122, 'generation': 294}","{'id': 20364, 'rank': 29, 'fitness': 0.4140012629302922, 'generation': 294}","{'id': 20334, 'rank': 30, 'fitness': 0.01798620996209155, 'generation': 294}"
"{'id': 20174, 'rank': 1, 'fitness': 0.9820137900379085, 'generation': 295}","{'id': 20174, 'rank': 2, 'fitness': 0.9820137900379085, 'generation': 295}","{'id': 20174, 'rank': 3, 'fitness': 0.9820137900379085, 'generation': 295}","{'id': 20174, 'rank': 4, 'fitness': 0.9820137900379085, 'generation': 295}","{'id': 20174, 'rank': 5, 'fitness': 0.9820137900379085, 'generation': 295}","{'id': 20174, 'rank': 6, 'fitness': 0.9820137900379085, 'generation': 295}","{'id': 20174, 'rank': 7, 'fitness': 0.9820137900379085, 'generation': 295}","{'id': 20174, 'rank': 8, 'fitness': 0.9820137900379085, 'generation': 295}","{'id': 20174, 'rank': 9, 'fitness': 0.9820137900379085, 'generation': 295}","{'id': 20174, 'rank': 10, 'fitness': 0.9820137900379085, 'generation': 295}","{'id': 20174, 'rank': 11, 'fitness': 0.9820137900379085, 'generation': 295}","{'id': 20174, 'rank': 12, 'fitness': 0.9820137900379085, 'generation': 295}","{'id': 20336, 'rank': 13, 'fitness': 0.957461833434568, 'generation': 295}","{'id': 20336, 'rank': 14, 'fitness': 0.957461833434568, 'generation': 295}","{'id': 20336, 'rank': 15, 'fitness': 0.957461833434568, 'generation': 295}","{'id': 20336, 'rank': 16, 'fitness': 0.957461833434568, 'generation': 295}","{'id': 20336, 'rank': 17, 'fitness': 0.957461833434568, 'generation': 295}","{'id': 20336, 'rank': 18, 'fitness': 0.957461833434568, 'generation': 295}","{'id': 19855, 'rank': 19, 'fitness': 0.9263151495563579, 'generation': 295}","{'id': 19855, 'rank': 20, 'fitness': 0.9263151495563579, 'generation': 295}","{'id': 19855, 'rank': 21, 'fitness': 0.9263151495563579, 'generation': 295}","{'id': 19855, 'rank': 22, 'fitness': 0.9263151495563579, 'generation': 295}","{'id': 19855, 'rank': 23, 'fitness': 0.9263151495563579, 'generation': 295}","{'id': 19855, 'rank': 24, 'fitness': 0.9263151495563579, 'generation': 295}","{'id': 19855, 'rank': 25, 'fitness': 0.9263151495563579, 'generation': 295}","{'id': 19855, 'rank': 26, 'fitness': 0.9263151495563579, 'generation': 295}","{'id': 20438, 'rank': 27, 'fitness': 0.756382350115195, 'generation': 295}","{'id': 20440, 'rank': 28, 'fitness': 0.041779269355327275, 'generation': 295}","{'id': 20462, 'rank': 29, 'fitness': 0.026057040643382268, 'generation': 295}","{'id': 20470, 'rank': 30, 'fitness': 0.01798620996209155, 'generation': 295}"
"{'id': 20174, 'rank': 1, 'fitness': 0.9820137900379085, 'generation': 296}","{'id': 20174, 'rank': 2, 'fitness': 0.9820137900379085, 'generation': 296}","{'id': 20174, 'rank': 3, 'fitness': 0.9820137900379085, 'generation': 296}","{'id': 20174, 'rank': 4, 'fitness': 0.9820137900379085, 'generation': 296}","{'id': 20174, 'rank': 5, 'fitness': 0.9820137900379085, 'generation': 296}","{'id': 20174, 'rank': 6, 'fitness': 0.9820137900379085, 'generation': 296}","{'id': 20174, 'rank': 7, 'fitness': 0.9820137900379085, 'generation': 296}","{'id': 20174, 'rank': 8, 'fitness': 0.9820137900379085, 'generation': 296}","{'id': 20174, 'rank': 9, 'fitness': 0.9820137900379085, 'generation': 296}","{'id': 20174, 'rank': 10, 'fitness': 0.9820137900379085, 'generation': 296}","{'id': 20174, 'rank': 11, 'fitness': 0.9820137900379085, 'generation': 296}","{'id': 20174, 'rank': 12, 'fitness': 0.9820137900379085, 'generation': 296}","{'id': 20174, 'rank': 13, 'fitness': 0.9820137900379085, 'generation': 296}","{'id': 20174, 'rank': 14, 'fitness': 0.9820137900379085, 'generation': 296}","{'id': 20174, 'rank': 15, 'fitness': 0.9820137900379085, 'generation': 296}","{'id': 20174, 'rank': 16, 'fitness': 0.9820137900379085, 'generation': 296}","{'id': 20336, 'rank': 17, 'fitness': 0.943567967531829, 'generation': 296}","{'id': 20336, 'rank': 18, 'fitness': 0.943567967531829, 'generation': 296}","{'id': 20336, 'rank': 19, 'fitness': 0.943567967531829, 'generation': 296}","{'id': 20336, 'rank': 20, 'fitness': 0.943567967531829, 'generation': 296}","{'id': 20336, 'rank': 21, 'fitness': 0.943567967531829, 'generation': 296}","{'id': 20336, 'rank': 22, 'fitness': 0.943567967531829, 'generation': 296}","{'id': 19855, 'rank': 23, 'fitness': 0.8848082380498525, 'generation': 296}","{'id': 19855, 'rank': 24, 'fitness': 0.8848082380498525, 'generation': 296}","{'id': 20504, 'rank': 25, 'fitness': 0.8582114910947509, 'generation': 296}","{'id': 20504, 'rank': 26, 'fitness': 0.8582114910947509, 'generation': 296}","{'id': 20438, 'rank': 27, 'fitness': 0.5426901771655211, 'generation': 296}","{'id': 20578, 'rank': 28, 'fitness': 0.2629608803731622, 'generation': 296}","{'id': 20578, 'rank': 29, 'fitness': 0.2629608803731622, 'generation': 296}","{'id': 20583, 'rank': 30, 'fitness': 0.01798620996209155, 'generation': 296}"
"{'id': 20174, 'rank': 1, 'fitness': 0.9820137900379085, 'generation': 297}","{'id': 20174, 'rank': 2, 'fitness': 0.9820137900379085, 'generation': 297}","{'id': 20174, 'rank': 3, 'fitness': 0.9820137900379085, 'generation': 297}","{'id': 20174, 'rank': 4, 'fitness': 0.9820137900379085, 'generation': 297}","{'id': 20174, 'rank': 5, 'fitness': 0.9820137900379085, 'generation': 297}","{'id': 20174, 'rank': 6, 'fitness': 0.9820137900379085, 'generation': 297}","{'id': 20174, 'rank': 7, 'fitness': 0.9820137900379085, 'generation': 297}","{'id': 20174, 'rank': 8, 'fitness': 0.9820137900379085, 'generation': 297}","{'id': 20174, 'rank': 9, 'fitness': 0.9820137900379085, 'generation': 297}","{'id': 20174, 'rank': 10, 'fitness': 0.9820137900379085, 'generation': 297}","{'id': 20174, 'rank': 11, 'fitness': 0.9820137900379085, 'generation': 297}","{'id': 20174, 'rank': 12, 'fitness': 0.9820137900379085, 'generation': 297}","{'id': 20174, 'rank': 13, 'fitness': 0.9820137900379085, 'generation': 297}","{'id': 20174, 'rank': 14, 'fitness': 0.9820137900379085, 'generation': 297}","{'id': 20174, 'rank': 15, 'fitness': 0.9820137900379085, 'generation': 297}","{'id': 20174, 'rank': 16, 'fitness': 0.9820137900379085, 'generation': 297}","{'id': 20174, 'rank': 17, 'fitness': 0.9820137900379085, 'generation': 297}","{'id': 20174, 'rank': 18, 'fitness': 0.9820137900379085, 'generation': 297}","{'id': 20174, 'rank': 19, 'fitness': 0.9820137900379085, 'generation': 297}","{'id': 20174, 'rank': 20, 'fitness': 0.9820137900379085, 'generation': 297}","{'id': 20174, 'rank': 21, 'fitness': 0.9820137900379085, 'generation': 297}","{'id': 20174, 'rank': 22, 'fitness': 0.9820137900379085, 'generation': 297}","{'id': 20336, 'rank': 23, 'fitness': 0.9294680981614394, 'generation': 297}","{'id': 20336, 'rank': 24, 'fitness': 0.9294680981614394, 'generation': 297}","{'id': 20643, 'rank': 25, 'fitness': 0.912553248558517, 'generation': 297}","{'id': 19855, 'rank': 26, 'fitness': 0.8381042385117116, 'generation': 297}","{'id': 19855, 'rank': 27, 'fitness': 0.8381042385117116, 'generation': 297}","{'id': 20609, 'rank': 28, 'fitness': 0.7957504553711672, 'generation': 297}","{'id': 20652, 'rank': 29, 'fitness': 0.5325996782115933, 'generation': 297}","{'id': 20607, 'rank': 30, 'fitness': 0.01798620996209155, 'generation': 297}"
"{'id': 20174, 'rank': 1, 'fitness': 0.9820137900379085, 'generation': 298}","{'id': 20174, 'rank': 2, 'fitness': 0.9820137900379085, 'generation': 298}","{'id': 20174, 'rank': 3, 'fitness': 0.9820137900379085, 'generation': 298}","{'id': 20174, 'rank': 4, 'fitness': 0.9820137900379085, 'generation': 298}","{'id': 20174, 'rank': 5, 'fitness': 0.9820137900379085, 'generation': 298}","{'id': 20174, 'rank': 6, 'fitness': 0.9820137900379085, 'generation': 298}","{'id': 20174, 'rank': 7, 'fitness': 0.9820137900379085, 'generation': 298}","{'id': 20174, 'rank': 8, 'fitness': 0.9820137900379085, 'generation': 298}","{'id': 20174, 'rank': 9, 'fitness': 0.9820137900379085, 'generation': 298}","{'id': 20174, 'rank': 10, 'fitness': 0.9820137900379085, 'generation': 298}","{'id': 20174, 'rank': 11, 'fitness': 0.9820137900379085, 'generation': 298}","{'id': 20174, 'rank': 12, 'fitness': 0.9820137900379085, 'generation': 298}","{'id': 20174, 'rank': 13, 'fitness': 0.9820137900379085, 'generation': 298}","{'id': 20174, 'rank': 14, 'fitness': 0.9820137900379085, 'generation': 298}","{'id': 20174, 'rank': 15, 'fitness': 0.9820137900379085, 'generation': 298}","{'id': 20174, 'rank': 16, 'fitness': 0.9820137900379085, 'generation': 298}","{'id': 20174, 'rank': 17, 'fitness': 0.9820137900379085, 'generation': 298}","{'id': 20718, 'rank': 18, 'fitness': 0.9366061473981993, 'generation': 298}","{'id': 20643, 'rank': 19, 'fitness': 0.9354470995972807, 'generation': 298}","{'id': 19855, 'rank': 20, 'fitness': 0.892025786744154, 'generation': 298}","{'id': 19855, 'rank': 21, 'fitness': 0.892025786744154, 'generation': 298}","{'id': 20609, 'rank': 22, 'fitness': 0.8680415979622738, 'generation': 298}","{'id': 20715, 'rank': 23, 'fitness': 0.7196890649703549, 'generation': 298}","{'id': 20682, 'rank': 24, 'fitness': 0.6785577218926974, 'generation': 298}","{'id': 20682, 'rank': 25, 'fitness': 0.6785577218926974, 'generation': 298}","{'id': 20752, 'rank': 26, 'fitness': 0.2643650187804616, 'generation': 298}","{'id': 20719, 'rank': 27, 'fitness': 0.16653923772433066, 'generation': 298}","{'id': 20607, 'rank': 28, 'fitness': 0.08220696612549772, 'generation': 298}","{'id': 20665, 'rank': 29, 'fitness': 0.06421729205331789, 'generation': 298}","{'id': 20706, 'rank': 30, 'fitness': 0.01798620996209155, 'generation': 298}"
"{'id': 20174, 'rank': 1, 'fitness': 0.9820137900379085, 'generation': 299}","{'id': 20174, 'rank': 2, 'fitness': 0.9820137900379085, 'generation': 299}","{'id': 20174, 'rank': 3, 'fitness': 0.9820137900379085, 'generation': 299}","{'id': 20174, 'rank': 4, 'fitness': 0.9820137900379085, 'generation': 299}","{'id': 20174, 'rank': 5, 'fitness': 0.9820137900379085, 'generation': 299}","{'id': 20174, 'rank': 6, 'fitness': 0.9820137900379085, 'generation': 299}","{'id': 20174, 'rank': 7, 'fitness': 0.9820137900379085, 'generation': 299}","{'id': 20174, 'rank': 8, 'fitness': 0.9820137900379085, 'generation': 299}","{'id': 20174, 'rank': 9, 'fitness': 0.9820137900379085, 'generation': 299}","{'id': 20174, 'rank': 10, 'fitness': 0.9820137900379085, 'generation': 299}","{'id': 20174, 'rank': 11, 'fitness': 0.9820137900379085, 'generation': 299}","{'id': 20174, 'rank': 12, 'fitness': 0.9820137900379085, 'generation': 299}","{'id': 20174, 'rank': 13, 'fitness': 0.9820137900379085, 'generation': 299}","{'id': 20174, 'rank': 14, 'fitness': 0.9820137900379085, 'generation': 299}","{'id': 20174, 'rank': 15, 'fitness': 0.9820137900379085, 'generation': 299}","{'id': 20174, 'rank': 16, 'fitness': 0.9820137900379085, 'generation': 299}","{'id': 20174, 'rank': 17, 'fitness': 0.9820137900379085, 'generation': 299}","{'id': 20174, 'rank': 18, 'fitness': 0.9820137900379085, 'generation': 299}","{'id': 20174, 'rank': 19, 'fitness': 0.9820137900379085, 'generation': 299}","{'id': 20174, 'rank': 20, 'fitness': 0.9820137900379085, 'generation': 299}","{'id': 20174, 'rank': 21, 'fitness': 0.9820137900379085, 'generation': 299}","{'id': 20174, 'rank': 22, 'fitness': 0.9820137900379085, 'generation': 299}","{'id': 20718, 'rank': 23, 'fitness': 0.946855361299088, 'generation': 299}","{'id': 20609, 'rank': 24, 'fitness': 0.8990660280622571, 'generation': 299}","{'id': 20682, 'rank': 25, 'fitness': 0.7708467265585843, 'generation': 299}","{'id': 20752, 'rank': 26, 'fitness': 0.4246197064184103, 'generation': 299}","{'id': 20607, 'rank': 27, 'fitness': 0.18329895874716523, 'generation': 299}","{'id': 20774, 'rank': 28, 'fitness': 0.09351413596741476, 'generation': 299}","{'id': 20789, 'rank': 29, 'fitness': 0.06312984651232728, 'generation': 299}","{'id': 20803, 'rank': 30, 'fitness': 0.01798620996209155, 'generation': 299}"
"{'id': 20174, 'rank': 1, 'fitness': 0.9820137900379085, 'generation': 300}","{'id': 20174, 'rank': 2, 'fitness': 0.9820137900379085, 'generation': 300}","{'id': 20174, 'rank': 3, 'fitness': 0.9820137900379085, 'generation': 300}","{'id': 20174, 'rank': 4, 'fitness': 0.9820137900379085, 'generation': 300}","{'id': 20174, 'rank': 5, 'fitness': 0.9820137900379085, 'generation': 300}","{'id': 20174, 'rank': 6, 'fitness': 0.9820137900379085, 'generation': 300}","{'id': 20174, 'rank': 7, 'fitness': 0.9820137900379085, 'generation': 300}","{'id': 20174, 'rank': 8, 'fitness': 0.9820137900379085, 'generation': 300}","{'id': 20174, 'rank': 9, 'fitness': 0.9820137900379085, 'generation': 300}","{'id': 20174, 'rank': 10, 'fitness': 0.9820137900379085, 'generation': 300}","{'id': 20174, 'rank': 11, 'fitness': 0.9820137900379085, 'generation': 300}","{'id': 20174, 'rank': 12, 'fitness': 0.9820137900379085, 'generation': 300}","{'id': 20174, 'rank': 13, 'fitness': 0.9820137900379085, 'generation': 300}","{'id': 20174, 'rank': 14, 'fitness': 0.9820137900379085, 'generation': 300}","{'id': 20174, 'rank': 15, 'fitness': 0.9820137900379085, 'generation': 300}","{'id': 20174, 'rank': 16, 'fitness': 0.9820137900379085, 'generation': 300}","{'id': 20174, 'rank': 17, 'fitness': 0.9820137900379085, 'generation': 300}","{'id': 20174, 'rank': 18, 'fitness': 0.9820137900379085, 'generation': 300}","{'id': 20174, 'rank': 19, 'fitness': 0.9820137900379085, 'generation': 300}","{'id': 20174, 'rank': 20, 'fitness': 0.9820137900379085, 'generation': 300}","{'id': 20891, 'rank': 21, 'fitness': 0.9297444555239132, 'generation': 300}","{'id': 20899, 'rank': 22, 'fitness': 0.9137364190339269, 'generation': 300}","{'id': 20899, 'rank': 23, 'fitness': 0.9137364190339269, 'generation': 300}","{'id': 20899, 'rank': 24, 'fitness': 0.9137364190339269, 'generation': 300}","{'id': 20879, 'rank': 25, 'fitness': 0.8520516178560803, 'generation': 300}","{'id': 20682, 'rank': 26, 'fitness': 0.7570502689270516, 'generation': 300}","{'id': 20907, 'rank': 27, 'fitness': 0.4565687790606401, 'generation': 300}","{'id': 20839, 'rank': 28, 'fitness': 0.12528248541700032, 'generation': 300}","{'id': 20908, 'rank': 29, 'fitness': 0.06404508794282338, 'generation': 300}","{'id': 20877, 'rank': 30, 'fitness': 0.01798620996209155, 'generation': 300}"
"{'id': 20962, 'rank': 1, 'fitness': 0.9820137900379085, 'generation': 301}","{'id': 20174, 'rank': 2, 'fitness': 0.9599226788216819, 'generation': 301}","{'id': 20174, 'rank': 3, 'fitness': 0.9599226788216819, 'generation': 301}","{'id': 20174, 'rank': 4, 'fitness': 0.9599226788216819, 'generation': 301}","{'id': 20174, 'rank': 5, 'fitness': 0.9599226788216819, 'generation': 301}","{'id': 20174, 'rank': 6, 'fitness': 0.9599226788216819, 'generation': 301}","{'id': 20174, 'rank': 7, 'fitness': 0.9599226788216819, 'generation': 301}","{'id': 20174, 'rank': 8, 'fitness': 0.9599226788216819, 'generation': 301}","{'id': 20174, 'rank': 9, 'fitness': 0.9599226788216819, 'generation': 301}","{'id': 20174, 'rank': 10, 'fitness': 0.9599226788216819, 'generation': 301}","{'id': 20174, 'rank': 11, 'fitness': 0.9599226788216819, 'generation': 301}","{'id': 20174, 'rank': 12, 'fitness': 0.9599226788216819, 'generation': 301}","{'id': 20174, 'rank': 13, 'fitness': 0.9599226788216819, 'generation': 301}","{'id': 20174, 'rank': 14, 'fitness': 0.9599226788216819, 'generation': 301}","{'id': 20174, 'rank': 15, 'fitness': 0.9599226788216819, 'generation': 301}","{'id': 20174, 'rank': 16, 'fitness': 0.9599226788216819, 'generation': 301}","{'id': 20174, 'rank': 17, 'fitness': 0.9599226788216819, 'generation': 301}","{'id': 20174, 'rank': 18, 'fitness': 0.9599226788216819, 'generation': 301}","{'id': 20174, 'rank': 19, 'fitness': 0.9599226788216819, 'generation': 301}","{'id': 20174, 'rank': 20, 'fitness': 0.9599226788216819, 'generation': 301}","{'id': 20174, 'rank': 21, 'fitness': 0.9599226788216819, 'generation': 301}","{'id': 20174, 'rank': 22, 'fitness': 0.9599226788216819, 'generation': 301}","{'id': 20174, 'rank': 23, 'fitness': 0.9599226788216819, 'generation': 301}","{'id': 20174, 'rank': 24, 'fitness': 0.9599226788216819, 'generation': 301}","{'id': 20879, 'rank': 25, 'fitness': 0.7551954912649154, 'generation': 301}","{'id': 20879, 'rank': 26, 'fitness': 0.7551954912649154, 'generation': 301}","{'id': 20931, 'rank': 27, 'fitness': 0.3829641304901, 'generation': 301}","{'id': 20925, 'rank': 28, 'fitness': 0.3243311338303644, 'generation': 301}","{'id': 20923, 'rank': 29, 'fitness': 0.16120967959473997, 'generation': 301}","{'id': 20963, 'rank': 30, 'fitness': 0.01798620996209155, 'generation': 301}"
"{'id': 20962, 'rank': 1, 'fitness': 0.9820137900379085, 'generation': 302}","{'id': 20962, 'rank': 2, 'fitness': 0.9820137900379085, 'generation': 302}","{'id': 20962, 'rank': 3, 'fitness': 0.9820137900379085, 'generation': 302}","{'id': 20174, 'rank': 4, 'fitness': 0.9785149848923267, 'generation': 302}","{'id': 20174, 'rank': 5, 'fitness': 0.9785149848923267, 'generation': 302}","{'id': 20174, 'rank': 6, 'fitness': 0.9785149848923267, 'generation': 302}","{'id': 20174, 'rank': 7, 'fitness': 0.9785149848923267, 'generation': 302}","{'id': 20174, 'rank': 8, 'fitness': 0.9785149848923267, 'generation': 302}","{'id': 20174, 'rank': 9, 'fitness': 0.9785149848923267, 'generation': 302}","{'id': 20174, 'rank': 10, 'fitness': 0.9785149848923267, 'generation': 302}","{'id': 20174, 'rank': 11, 'fitness': 0.9785149848923267, 'generation': 302}","{'id': 20174, 'rank': 12, 'fitness': 0.9785149848923267, 'generation': 302}","{'id': 20174, 'rank': 13, 'fitness': 0.9785149848923267, 'generation': 302}","{'id': 20174, 'rank': 14, 'fitness': 0.9785149848923267, 'generation': 302}","{'id': 20174, 'rank': 15, 'fitness': 0.9785149848923267, 'generation': 302}","{'id': 20174, 'rank': 16, 'fitness': 0.9785149848923267, 'generation': 302}","{'id': 20174, 'rank': 17, 'fitness': 0.9785149848923267, 'generation': 302}","{'id': 20174, 'rank': 18, 'fitness': 0.9785149848923267, 'generation': 302}","{'id': 20174, 'rank': 19, 'fitness': 0.9785149848923267, 'generation': 302}","{'id': 20174, 'rank': 20, 'fitness': 0.9785149848923267, 'generation': 302}","{'id': 20174, 'rank': 21, 'fitness': 0.9785149848923267, 'generation': 302}","{'id': 20174, 'rank': 22, 'fitness': 0.9785149848923267, 'generation': 302}","{'id': 20174, 'rank': 23, 'fitness': 0.9785149848923267, 'generation': 302}","{'id': 20174, 'rank': 24, 'fitness': 0.9785149848923267, 'generation': 302}","{'id': 20174, 'rank': 25, 'fitness': 0.9785149848923267, 'generation': 302}","{'id': 20879, 'rank': 26, 'fitness': 0.966678501557721, 'generation': 302}","{'id': 20931, 'rank': 27, 'fitness': 0.9532381690338925, 'generation': 302}","{'id': 21021, 'rank': 28, 'fitness': 0.03516326720336638, 'generation': 302}","{'id': 21009, 'rank': 29, 'fitness': 0.01798620996209155, 'generation': 302}","{'id': 21009, 'rank': 30, 'fitness': 0.01798620996209155, 'generation': 302}"
"{'id': 20962, 'rank': 1, 'fitness': 0.9820137900379085, 'generation': 303}","{'id': 20962, 'rank': 2, 'fitness': 0.9820137900379085, 'generation': 303}","{'id': 20962, 'rank': 3, 'fitness': 0.9820137900379085, 'generation': 303}","{'id': 20174, 'rank': 4, 'fitness': 0.9621110111637259, 'generation': 303}","{'id': 20174, 'rank': 5, 'fitness': 0.9621110111637259, 'generation': 303}","{'id': 20174, 'rank': 6, 'fitness': 0.9621110111637259, 'generation': 303}","{'id': 20174, 'rank': 7, 'fitness': 0.9621110111637259, 'generation': 303}","{'id': 20174, 'rank': 8, 'fitness': 0.9621110111637259, 'generation': 303}","{'id': 20174, 'rank': 9, 'fitness': 0.9621110111637259, 'generation': 303}","{'id': 20174, 'rank': 10, 'fitness': 0.9621110111637259, 'generation': 303}","{'id': 20174, 'rank': 11, 'fitness': 0.9621110111637259, 'generation': 303}","{'id': 20174, 'rank': 12, 'fitness': 0.9621110111637259, 'generation': 303}","{'id': 20174, 'rank': 13, 'fitness': 0.9621110111637259, 'generation': 303}","{'id': 20174, 'rank': 14, 'fitness': 0.9621110111637259, 'generation': 303}","{'id': 20174, 'rank': 15, 'fitness': 0.9621110111637259, 'generation': 303}","{'id': 20174, 'rank': 16, 'fitness': 0.9621110111637259, 'generation': 303}","{'id': 20174, 'rank': 17, 'fitness': 0.9621110111637259, 'generation': 303}","{'id': 20174, 'rank': 18, 'fitness': 0.9621110111637259, 'generation': 303}","{'id': 20174, 'rank': 19, 'fitness': 0.9621110111637259, 'generation': 303}","{'id': 20174, 'rank': 20, 'fitness': 0.9621110111637259, 'generation': 303}","{'id': 20174, 'rank': 21, 'fitness': 0.9621110111637259, 'generation': 303}","{'id': 20174, 'rank': 22, 'fitness': 0.9621110111637259, 'generation': 303}","{'id': 20174, 'rank': 23, 'fitness': 0.9621110111637259, 'generation': 303}","{'id': 20174, 'rank': 24, 'fitness': 0.9621110111637259, 'generation': 303}","{'id': 20174, 'rank': 25, 'fitness': 0.9621110111637259, 'generation': 303}","{'id': 20174, 'rank': 26, 'fitness': 0.9621110111637259, 'generation': 303}","{'id': 20174, 'rank': 27, 'fitness': 0.9621110111637259, 'generation': 303}","{'id': 20174, 'rank': 28, 'fitness': 0.9621110111637259, 'generation': 303}","{'id': 21075, 'rank': 29, 'fitness': 0.0318439328466702, 'generation': 303}","{'id': 21115, 'rank': 30, 'fitness': 0.01798620996209155, 'generation': 303}"
"{'id': 20962, 'rank': 1, 'fitness': 0.9820137900379085, 'generation': 304}","{'id': 20962, 'rank': 2, 'fitness': 0.9820137900379085, 'generation': 304}","{'id': 20962, 'rank': 3, 'fitness': 0.9820137900379085, 'generation': 304}","{'id': 20174, 'rank': 4, 'fitness': 0.9759732396657312, 'generation': 304}","{'id': 20174, 'rank': 5, 'fitness': 0.9759732396657312, 'generation': 304}","{'id': 20174, 'rank': 6, 'fitness': 0.9759732396657312, 'generation': 304}","{'id': 20174, 'rank': 7, 'fitness': 0.9759732396657312, 'generation': 304}","{'id': 20174, 'rank': 8, 'fitness': 0.9759732396657312, 'generation': 304}","{'id': 20174, 'rank': 9, 'fitness': 0.9759732396657312, 'generation': 304}","{'id': 20174, 'rank': 10, 'fitness': 0.9759732396657312, 'generation': 304}","{'id': 20174, 'rank': 11, 'fitness': 0.9759732396657312, 'generation': 304}","{'id': 20174, 'rank': 12, 'fitness': 0.9759732396657312, 'generation': 304}","{'id': 20174, 'rank': 13, 'fitness': 0.9759732396657312, 'generation': 304}","{'id': 20174, 'rank': 14, 'fitness': 0.9759732396657312, 'generation': 304}","{'id': 20174, 'rank': 15, 'fitness': 0.9759732396657312, 'generation': 304}","{'id': 20174, 'rank': 16, 'fitness': 0.9759732396657312, 'generation': 304}","{'id': 20174, 'rank': 17, 'fitness': 0.9759732396657312, 'generation': 304}","{'id': 20174, 'rank': 18, 'fitness': 0.9759732396657312, 'generation': 304}","{'id': 20174, 'rank': 19, 'fitness': 0.9759732396657312, 'generation': 304}","{'id': 20174, 'rank': 20, 'fitness': 0.9759732396657312, 'generation': 304}","{'id': 20174, 'rank': 21, 'fitness': 0.9759732396657312, 'generation': 304}","{'id': 20174, 'rank': 22, 'fitness': 0.9759732396657312, 'generation': 304}","{'id': 20174, 'rank': 23, 'fitness': 0.9759732396657312, 'generation': 304}","{'id': 20174, 'rank': 24, 'fitness': 0.9759732396657312, 'generation': 304}","{'id': 20174, 'rank': 25, 'fitness': 0.9759732396657312, 'generation': 304}","{'id': 21206, 'rank': 26, 'fitness': 0.9593728536273217, 'generation': 304}","{'id': 21206, 'rank': 27, 'fitness': 0.9593728536273217, 'generation': 304}","{'id': 21205, 'rank': 28, 'fitness': 0.3799207957672412, 'generation': 304}","{'id': 21227, 'rank': 29, 'fitness': 0.16761176525830357, 'generation': 304}","{'id': 21158, 'rank': 30, 'fitness': 0.01798620996209155, 'generation': 304}"
"{'id': 20962, 'rank': 1, 'fitness': 0.9820137900379085, 'generation': 305}","{'id': 20962, 'rank': 2, 'fitness': 0.9820137900379085, 'generation': 305}","{'id': 20174, 'rank': 3, 'fitness': 0.9728458786085259, 'generation': 305}","{'id': 20174, 'rank': 4, 'fitness': 0.9728458786085259, 'generation': 305}","{'id': 20174, 'rank': 5, 'fitness': 0.9728458786085259, 'generation': 305}","{'id': 20174, 'rank': 6, 'fitness': 0.9728458786085259, 'generation': 305}","{'id': 20174, 'rank': 7, 'fitness': 0.9728458786085259, 'generation': 305}","{'id': 20174, 'rank': 8, 'fitness': 0.9728458786085259, 'generation': 305}","{'id': 20174, 'rank': 9, 'fitness': 0.9728458786085259, 'generation': 305}","{'id': 20174, 'rank': 10, 'fitness': 0.9728458786085259, 'generation': 305}","{'id': 20174, 'rank': 11, 'fitness': 0.9728458786085259, 'generation': 305}","{'id': 20174, 'rank': 12, 'fitness': 0.9728458786085259, 'generation': 305}","{'id': 20174, 'rank': 13, 'fitness': 0.9728458786085259, 'generation': 305}","{'id': 20174, 'rank': 14, 'fitness': 0.9728458786085259, 'generation': 305}","{'id': 20174, 'rank': 15, 'fitness': 0.9728458786085259, 'generation': 305}","{'id': 20174, 'rank': 16, 'fitness': 0.9728458786085259, 'generation': 305}","{'id': 20174, 'rank': 17, 'fitness': 0.9728458786085259, 'generation': 305}","{'id': 20174, 'rank': 18, 'fitness': 0.9728458786085259, 'generation': 305}","{'id': 20174, 'rank': 19, 'fitness': 0.9728458786085259, 'generation': 305}","{'id': 20174, 'rank': 20, 'fitness': 0.9728458786085259, 'generation': 305}","{'id': 20174, 'rank': 21, 'fitness': 0.9728458786085259, 'generation': 305}","{'id': 20174, 'rank': 22, 'fitness': 0.9728458786085259, 'generation': 305}","{'id': 20174, 'rank': 23, 'fitness': 0.9728458786085259, 'generation': 305}","{'id': 21206, 'rank': 24, 'fitness': 0.9429968676766899, 'generation': 305}","{'id': 21296, 'rank': 25, 'fitness': 0.9388892867562681, 'generation': 305}","{'id': 21242, 'rank': 26, 'fitness': 0.8700358976984942, 'generation': 305}","{'id': 21294, 'rank': 27, 'fitness': 0.7615451801138582, 'generation': 305}","{'id': 21295, 'rank': 28, 'fitness': 0.2035185495495599, 'generation': 305}","{'id': 21313, 'rank': 29, 'fitness': 0.02076011752606327, 'generation': 305}","{'id': 21254, 'rank': 30, 'fitness': 0.01798620996209155, 'generation': 305}"
"{'id': 20962, 'rank': 1, 'fitness': 0.9820137900379085, 'generation': 306}","{'id': 20962, 'rank': 2, 'fitness': 0.9820137900379085, 'generation': 306}","{'id': 20962, 'rank': 3, 'fitness': 0.9820137900379085, 'generation': 306}","{'id': 20962, 'rank': 4, 'fitness': 0.9820137900379085, 'generation': 306}","{'id': 20962, 'rank': 5, 'fitness': 0.9820137900379085, 'generation': 306}","{'id': 20962, 'rank': 6, 'fitness': 0.9820137900379085, 'generation': 306}","{'id': 20962, 'rank': 7, 'fitness': 0.9820137900379085, 'generation': 306}","{'id': 20962, 'rank': 8, 'fitness': 0.9820137900379085, 'generation': 306}","{'id': 20962, 'rank': 9, 'fitness': 0.9820137900379085, 'generation': 306}","{'id': 20174, 'rank': 10, 'fitness': 0.971380392944696, 'generation': 306}","{'id': 20174, 'rank': 11, 'fitness': 0.971380392944696, 'generation': 306}","{'id': 20174, 'rank': 12, 'fitness': 0.971380392944696, 'generation': 306}","{'id': 20174, 'rank': 13, 'fitness': 0.971380392944696, 'generation': 306}","{'id': 20174, 'rank': 14, 'fitness': 0.971380392944696, 'generation': 306}","{'id': 20174, 'rank': 15, 'fitness': 0.971380392944696, 'generation': 306}","{'id': 20174, 'rank': 16, 'fitness': 0.971380392944696, 'generation': 306}","{'id': 20174, 'rank': 17, 'fitness': 0.971380392944696, 'generation': 306}","{'id': 20174, 'rank': 18, 'fitness': 0.971380392944696, 'generation': 306}","{'id': 20174, 'rank': 19, 'fitness': 0.971380392944696, 'generation': 306}","{'id': 20174, 'rank': 20, 'fitness': 0.971380392944696, 'generation': 306}","{'id': 20174, 'rank': 21, 'fitness': 0.971380392944696, 'generation': 306}","{'id': 20174, 'rank': 22, 'fitness': 0.971380392944696, 'generation': 306}","{'id': 20174, 'rank': 23, 'fitness': 0.971380392944696, 'generation': 306}","{'id': 20174, 'rank': 24, 'fitness': 0.971380392944696, 'generation': 306}","{'id': 20174, 'rank': 25, 'fitness': 0.971380392944696, 'generation': 306}","{'id': 21296, 'rank': 26, 'fitness': 0.928857770472229, 'generation': 306}","{'id': 21242, 'rank': 27, 'fitness': 0.8364328403906537, 'generation': 306}","{'id': 21402, 'rank': 28, 'fitness': 0.7215341069050689, 'generation': 306}","{'id': 21388, 'rank': 29, 'fitness': 0.07275446762804216, 'generation': 306}","{'id': 21329, 'rank': 30, 'fitness': 0.01798620996209155, 'generation': 306}"
"{'id': 20962, 'rank': 1, 'fitness': 0.9820137900379085, 'generation': 307}","{'id': 20962, 'rank': 2, 'fitness': 0.9820137900379085, 'generation': 307}","{'id': 20962, 'rank': 3, 'fitness': 0.9820137900379085, 'generation': 307}","{'id': 20962, 'rank': 4, 'fitness': 0.9820137900379085, 'generation': 307}","{'id': 20962, 'rank': 5, 'fitness': 0.9820137900379085, 'generation': 307}","{'id': 20962, 'rank': 6, 'fitness': 0.9820137900379085, 'generation': 307}","{'id': 20962, 'rank': 7, 'fitness': 0.9820137900379085, 'generation': 307}","{'id': 20962, 'rank': 8, 'fitness': 0.9820137900379085, 'generation': 307}","{'id': 20962, 'rank': 9, 'fitness': 0.9820137900379085, 'generation': 307}","{'id': 20962, 'rank': 10, 'fitness': 0.9820137900379085, 'generation': 307}","{'id': 20962, 'rank': 11, 'fitness': 0.9820137900379085, 'generation': 307}","{'id': 20962, 'rank': 12, 'fitness': 0.9820137900379085, 'generation': 307}","{'id': 20962, 'rank': 13, 'fitness': 0.9820137900379085, 'generation': 307}","{'id': 20962, 'rank': 14, 'fitness': 0.9820137900379085, 'generation': 307}","{'id': 20962, 'rank': 15, 'fitness': 0.9820137900379085, 'generation': 307}","{'id': 20962, 'rank': 16, 'fitness': 0.9820137900379085, 'generation': 307}","{'id': 20174, 'rank': 17, 'fitness': 0.9163731963692046, 'generation': 307}","{'id': 20174, 'rank': 18, 'fitness': 0.9163731963692046, 'generation': 307}","{'id': 20174, 'rank': 19, 'fitness': 0.9163731963692046, 'generation': 307}","{'id': 20174, 'rank': 20, 'fitness': 0.9163731963692046, 'generation': 307}","{'id': 20174, 'rank': 21, 'fitness': 0.9163731963692046, 'generation': 307}","{'id': 20174, 'rank': 22, 'fitness': 0.9163731963692046, 'generation': 307}","{'id': 20174, 'rank': 23, 'fitness': 0.9163731963692046, 'generation': 307}","{'id': 20174, 'rank': 24, 'fitness': 0.9163731963692046, 'generation': 307}","{'id': 20174, 'rank': 25, 'fitness': 0.9163731963692046, 'generation': 307}","{'id': 20174, 'rank': 26, 'fitness': 0.9163731963692046, 'generation': 307}","{'id': 21410, 'rank': 27, 'fitness': 0.07073354339654653, 'generation': 307}","{'id': 21454, 'rank': 28, 'fitness': 0.04641754781123053, 'generation': 307}","{'id': 21454, 'rank': 29, 'fitness': 0.04641754781123053, 'generation': 307}","{'id': 21242, 'rank': 30, 'fitness': 0.01798620996209155, 'generation': 307}"
"{'id': 21515, 'rank': 1, 'fitness': 0.9820137900379085, 'generation': 308}","{'id': 20962, 'rank': 2, 'fitness': 0.969867975182102, 'generation': 308}","{'id': 20962, 'rank': 3, 'fitness': 0.969867975182102, 'generation': 308}","{'id': 20962, 'rank': 4, 'fitness': 0.969867975182102, 'generation': 308}","{'id': 20962, 'rank': 5, 'fitness': 0.969867975182102, 'generation': 308}","{'id': 20962, 'rank': 6, 'fitness': 0.969867975182102, 'generation': 308}","{'id': 20962, 'rank': 7, 'fitness': 0.969867975182102, 'generation': 308}","{'id': 20962, 'rank': 8, 'fitness': 0.969867975182102, 'generation': 308}","{'id': 20962, 'rank': 9, 'fitness': 0.969867975182102, 'generation': 308}","{'id': 20962, 'rank': 10, 'fitness': 0.969867975182102, 'generation': 308}","{'id': 20962, 'rank': 11, 'fitness': 0.969867975182102, 'generation': 308}","{'id': 20962, 'rank': 12, 'fitness': 0.969867975182102, 'generation': 308}","{'id': 20962, 'rank': 13, 'fitness': 0.969867975182102, 'generation': 308}","{'id': 20962, 'rank': 14, 'fitness': 0.969867975182102, 'generation': 308}","{'id': 20962, 'rank': 15, 'fitness': 0.969867975182102, 'generation': 308}","{'id': 20962, 'rank': 16, 'fitness': 0.969867975182102, 'generation': 308}","{'id': 20962, 'rank': 17, 'fitness': 0.969867975182102, 'generation': 308}","{'id': 20962, 'rank': 18, 'fitness': 0.969867975182102, 'generation': 308}","{'id': 20962, 'rank': 19, 'fitness': 0.969867975182102, 'generation': 308}","{'id': 20962, 'rank': 20, 'fitness': 0.969867975182102, 'generation': 308}","{'id': 20962, 'rank': 21, 'fitness': 0.969867975182102, 'generation': 308}","{'id': 20962, 'rank': 22, 'fitness': 0.969867975182102, 'generation': 308}","{'id': 20962, 'rank': 23, 'fitness': 0.969867975182102, 'generation': 308}","{'id': 20962, 'rank': 24, 'fitness': 0.969867975182102, 'generation': 308}","{'id': 20962, 'rank': 25, 'fitness': 0.969867975182102, 'generation': 308}","{'id': 20174, 'rank': 26, 'fitness': 0.8801368950404244, 'generation': 308}","{'id': 20174, 'rank': 27, 'fitness': 0.8801368950404244, 'generation': 308}","{'id': 21511, 'rank': 28, 'fitness': 0.49203167481357335, 'generation': 308}","{'id': 21410, 'rank': 29, 'fitness': 0.07047482570322927, 'generation': 308}","{'id': 21535, 'rank': 30, 'fitness': 0.01798620996209155, 'generation': 308}"
"{'id': 21515, 'rank': 1, 'fitness': 0.9820137900379085, 'generation': 309}","{'id': 21515, 'rank': 2, 'fitness': 0.9820137900379085, 'generation': 309}","{'id': 21515, 'rank': 3, 'fitness': 0.9820137900379085, 'generation': 309}","{'id': 20962, 'rank': 4, 'fitness': 0.9742037995775557, 'generation': 309}","{'id': 20962, 'rank': 5, 'fitness': 0.9742037995775557, 'generation': 309}","{'id': 20962, 'rank': 6, 'fitness': 0.9742037995775557, 'generation': 309}","{'id': 20962, 'rank': 7, 'fitness': 0.9742037995775557, 'generation': 309}","{'id': 20962, 'rank': 8, 'fitness': 0.9742037995775557, 'generation': 309}","{'id': 20962, 'rank': 9, 'fitness': 0.9742037995775557, 'generation': 309}","{'id': 20962, 'rank': 10, 'fitness': 0.9742037995775557, 'generation': 309}","{'id': 20962, 'rank': 11, 'fitness': 0.9742037995775557, 'generation': 309}","{'id': 20962, 'rank': 12, 'fitness': 0.9742037995775557, 'generation': 309}","{'id': 20962, 'rank': 13, 'fitness': 0.9742037995775557, 'generation': 309}","{'id': 20962, 'rank': 14, 'fitness': 0.9742037995775557, 'generation': 309}","{'id': 20962, 'rank': 15, 'fitness': 0.9742037995775557, 'generation': 309}","{'id': 20962, 'rank': 16, 'fitness': 0.9742037995775557, 'generation': 309}","{'id': 20962, 'rank': 17, 'fitness': 0.9742037995775557, 'generation': 309}","{'id': 20962, 'rank': 18, 'fitness': 0.9742037995775557, 'generation': 309}","{'id': 20962, 'rank': 19, 'fitness': 0.9742037995775557, 'generation': 309}","{'id': 20962, 'rank': 20, 'fitness': 0.9742037995775557, 'generation': 309}","{'id': 20962, 'rank': 21, 'fitness': 0.9742037995775557, 'generation': 309}","{'id': 20962, 'rank': 22, 'fitness': 0.9742037995775557, 'generation': 309}","{'id': 20962, 'rank': 23, 'fitness': 0.9742037995775557, 'generation': 309}","{'id': 20962, 'rank': 24, 'fitness': 0.9742037995775557, 'generation': 309}","{'id': 20962, 'rank': 25, 'fitness': 0.9742037995775557, 'generation': 309}","{'id': 20962, 'rank': 26, 'fitness': 0.9742037995775557, 'generation': 309}","{'id': 20962, 'rank': 27, 'fitness': 0.9742037995775557, 'generation': 309}","{'id': 20962, 'rank': 28, 'fitness': 0.9742037995775557, 'generation': 309}","{'id': 21535, 'rank': 29, 'fitness': 0.17073601129685823, 'generation': 309}","{'id': 21620, 'rank': 30, 'fitness': 0.01798620996209155, 'generation': 309}"
"{'id': 21515, 'rank': 1, 'fitness': 0.9820137900379085, 'generation': 310}","{'id': 21515, 'rank': 2, 'fitness': 0.9820137900379085, 'generation': 310}","{'id': 21515, 'rank': 3, 'fitness': 0.9820137900379085, 'generation': 310}","{'id': 21515, 'rank': 4, 'fitness': 0.9820137900379085, 'generation': 310}","{'id': 21515, 'rank': 5, 'fitness': 0.9820137900379085, 'generation': 310}","{'id': 20962, 'rank': 6, 'fitness': 0.9765587992767443, 'generation': 310}","{'id': 20962, 'rank': 7, 'fitness': 0.9765587992767443, 'generation': 310}","{'id': 20962, 'rank': 8, 'fitness': 0.9765587992767443, 'generation': 310}","{'id': 20962, 'rank': 9, 'fitness': 0.9765587992767443, 'generation': 310}","{'id': 20962, 'rank': 10, 'fitness': 0.9765587992767443, 'generation': 310}","{'id': 20962, 'rank': 11, 'fitness': 0.9765587992767443, 'generation': 310}","{'id': 20962, 'rank': 12, 'fitness': 0.9765587992767443, 'generation': 310}","{'id': 20962, 'rank': 13, 'fitness': 0.9765587992767443, 'generation': 310}","{'id': 20962, 'rank': 14, 'fitness': 0.9765587992767443, 'generation': 310}","{'id': 20962, 'rank': 15, 'fitness': 0.9765587992767443, 'generation': 310}","{'id': 20962, 'rank': 16, 'fitness': 0.9765587992767443, 'generation': 310}","{'id': 20962, 'rank': 17, 'fitness': 0.9765587992767443, 'generation': 310}","{'id': 20962, 'rank': 18, 'fitness': 0.9765587992767443, 'generation': 310}","{'id': 20962, 'rank': 19, 'fitness': 0.9765587992767443, 'generation': 310}","{'id': 20962, 'rank': 20, 'fitness': 0.9765587992767443, 'generation': 310}","{'id': 20962, 'rank': 21, 'fitness': 0.9765587992767443, 'generation': 310}","{'id': 20962, 'rank': 22, 'fitness': 0.9765587992767443, 'generation': 310}","{'id': 20962, 'rank': 23, 'fitness': 0.9765587992767443, 'generation': 310}","{'id': 20962, 'rank': 24, 'fitness': 0.9765587992767443, 'generation': 310}","{'id': 20962, 'rank': 25, 'fitness': 0.9765587992767443, 'generation': 310}","{'id': 20962, 'rank': 26, 'fitness': 0.9765587992767443, 'generation': 310}","{'id': 20962, 'rank': 27, 'fitness': 0.9765587992767443, 'generation': 310}","{'id': 20962, 'rank': 28, 'fitness': 0.9765587992767443, 'generation': 310}","{'id': 21697, 'rank': 29, 'fitness': 0.02254886013658275, 'generation': 310}","{'id': 21624, 'rank': 30, 'fitness': 0.01798620996209155, 'generation': 310}"
"{'id': 21515, 'rank': 1, 'fitness': 0.9820137900379085, 'generation': 311}","{'id': 21515, 'rank': 2, 'fitness': 0.9820137900379085, 'generation': 311}","{'id': 21515, 'rank': 3, 'fitness': 0.9820137900379085, 'generation': 311}","{'id': 21515, 'rank': 4, 'fitness': 0.9820137900379085, 'generation': 311}","{'id': 21515, 'rank': 5, 'fitness': 0.9820137900379085, 'generation': 311}","{'id': 21515, 'rank': 6, 'fitness': 0.9820137900379085, 'generation': 311}","{'id': 21515, 'rank': 7, 'fitness': 0.9820137900379085, 'generation': 311}","{'id': 21515, 'rank': 8, 'fitness': 0.9820137900379085, 'generation': 311}","{'id': 21515, 'rank': 9, 'fitness': 0.9820137900379085, 'generation': 311}","{'id': 21515, 'rank': 10, 'fitness': 0.9820137900379085, 'generation': 311}","{'id': 21515, 'rank': 11, 'fitness': 0.9820137900379085, 'generation': 311}","{'id': 21515, 'rank': 12, 'fitness': 0.9820137900379085, 'generation': 311}","{'id': 20962, 'rank': 13, 'fitness': 0.976374220905287, 'generation': 311}","{'id': 20962, 'rank': 14, 'fitness': 0.976374220905287, 'generation': 311}","{'id': 20962, 'rank': 15, 'fitness': 0.976374220905287, 'generation': 311}","{'id': 20962, 'rank': 16, 'fitness': 0.976374220905287, 'generation': 311}","{'id': 20962, 'rank': 17, 'fitness': 0.976374220905287, 'generation': 311}","{'id': 20962, 'rank': 18, 'fitness': 0.976374220905287, 'generation': 311}","{'id': 20962, 'rank': 19, 'fitness': 0.976374220905287, 'generation': 311}","{'id': 20962, 'rank': 20, 'fitness': 0.976374220905287, 'generation': 311}","{'id': 20962, 'rank': 21, 'fitness': 0.976374220905287, 'generation': 311}","{'id': 20962, 'rank': 22, 'fitness': 0.976374220905287, 'generation': 311}","{'id': 20962, 'rank': 23, 'fitness': 0.976374220905287, 'generation': 311}","{'id': 20962, 'rank': 24, 'fitness': 0.976374220905287, 'generation': 311}","{'id': 20962, 'rank': 25, 'fitness': 0.976374220905287, 'generation': 311}","{'id': 20962, 'rank': 26, 'fitness': 0.976374220905287, 'generation': 311}","{'id': 21790, 'rank': 27, 'fitness': 0.24024537460180617, 'generation': 311}","{'id': 21742, 'rank': 28, 'fitness': 0.11332280743884243, 'generation': 311}","{'id': 21745, 'rank': 29, 'fitness': 0.056752170146277536, 'generation': 311}","{'id': 21697, 'rank': 30, 'fitness': 0.01798620996209155, 'generation': 311}"
"{'id': 21515, 'rank': 1, 'fitness': 0.9820137900379085, 'generation': 312}","{'id': 21515, 'rank': 2, 'fitness': 0.9820137900379085, 'generation': 312}","{'id': 21515, 'rank': 3, 'fitness': 0.9820137900379085, 'generation': 312}","{'id': 21515, 'rank': 4, 'fitness': 0.9820137900379085, 'generation': 312}","{'id': 21515, 'rank': 5, 'fitness': 0.9820137900379085, 'generation': 312}","{'id': 21515, 'rank': 6, 'fitness': 0.9820137900379085, 'generation': 312}","{'id': 21515, 'rank': 7, 'fitness': 0.9820137900379085, 'generation': 312}","{'id': 21515, 'rank': 8, 'fitness': 0.9820137900379085, 'generation': 312}","{'id': 21515, 'rank': 9, 'fitness': 0.9820137900379085, 'generation': 312}","{'id': 21515, 'rank': 10, 'fitness': 0.9820137900379085, 'generation': 312}","{'id': 21515, 'rank': 11, 'fitness': 0.9820137900379085, 'generation': 312}","{'id': 21515, 'rank': 12, 'fitness': 0.9820137900379085, 'generation': 312}","{'id': 21515, 'rank': 13, 'fitness': 0.9820137900379085, 'generation': 312}","{'id': 21825, 'rank': 14, 'fitness': 0.9777581272165599, 'generation': 312}","{'id': 20962, 'rank': 15, 'fitness': 0.9762188169721173, 'generation': 312}","{'id': 20962, 'rank': 16, 'fitness': 0.9762188169721173, 'generation': 312}","{'id': 20962, 'rank': 17, 'fitness': 0.9762188169721173, 'generation': 312}","{'id': 20962, 'rank': 18, 'fitness': 0.9762188169721173, 'generation': 312}","{'id': 20962, 'rank': 19, 'fitness': 0.9762188169721173, 'generation': 312}","{'id': 20962, 'rank': 20, 'fitness': 0.9762188169721173, 'generation': 312}","{'id': 20962, 'rank': 21, 'fitness': 0.9762188169721173, 'generation': 312}","{'id': 20962, 'rank': 22, 'fitness': 0.9762188169721173, 'generation': 312}","{'id': 20962, 'rank': 23, 'fitness': 0.9762188169721173, 'generation': 312}","{'id': 20962, 'rank': 24, 'fitness': 0.9762188169721173, 'generation': 312}","{'id': 21844, 'rank': 25, 'fitness': 0.8951791503428485, 'generation': 312}","{'id': 21824, 'rank': 26, 'fitness': 0.286352837516589, 'generation': 312}","{'id': 21824, 'rank': 27, 'fitness': 0.286352837516589, 'generation': 312}","{'id': 21855, 'rank': 28, 'fitness': 0.16750146449654502, 'generation': 312}","{'id': 21815, 'rank': 29, 'fitness': 0.13735759059897512, 'generation': 312}","{'id': 21878, 'rank': 30, 'fitness': 0.01798620996209155, 'generation': 312}"
"{'id': 21891, 'rank': 1, 'fitness': 0.9820137900379085, 'generation': 313}","{'id': 21891, 'rank': 2, 'fitness': 0.9820137900379085, 'generation': 313}","{'id': 21891, 'rank': 3, 'fitness': 0.9820137900379085, 'generation': 313}","{'id': 21920, 'rank': 4, 'fitness': 0.9470662859126588, 'generation': 313}","{'id': 21920, 'rank': 5, 'fitness': 0.9470662859126588, 'generation': 313}","{'id': 21515, 'rank': 6, 'fitness': 0.9468786958954674, 'generation': 313}","{'id': 21515, 'rank': 7, 'fitness': 0.9468786958954674, 'generation': 313}","{'id': 21515, 'rank': 8, 'fitness': 0.9468786958954674, 'generation': 313}","{'id': 21515, 'rank': 9, 'fitness': 0.9468786958954674, 'generation': 313}","{'id': 21515, 'rank': 10, 'fitness': 0.9468786958954674, 'generation': 313}","{'id': 21515, 'rank': 11, 'fitness': 0.9468786958954674, 'generation': 313}","{'id': 21515, 'rank': 12, 'fitness': 0.9468786958954674, 'generation': 313}","{'id': 21515, 'rank': 13, 'fitness': 0.9468786958954674, 'generation': 313}","{'id': 21515, 'rank': 14, 'fitness': 0.9468786958954674, 'generation': 313}","{'id': 21515, 'rank': 15, 'fitness': 0.9468786958954674, 'generation': 313}","{'id': 21515, 'rank': 16, 'fitness': 0.9468786958954674, 'generation': 313}","{'id': 21515, 'rank': 17, 'fitness': 0.9468786958954674, 'generation': 313}","{'id': 21515, 'rank': 18, 'fitness': 0.9468786958954674, 'generation': 313}","{'id': 21825, 'rank': 19, 'fitness': 0.9395800285334628, 'generation': 313}","{'id': 21825, 'rank': 20, 'fitness': 0.9395800285334628, 'generation': 313}","{'id': 20962, 'rank': 21, 'fitness': 0.9370843462946455, 'generation': 313}","{'id': 20962, 'rank': 22, 'fitness': 0.9370843462946455, 'generation': 313}","{'id': 20962, 'rank': 23, 'fitness': 0.9370843462946455, 'generation': 313}","{'id': 20962, 'rank': 24, 'fitness': 0.9370843462946455, 'generation': 313}","{'id': 20962, 'rank': 25, 'fitness': 0.9370843462946455, 'generation': 313}","{'id': 21944, 'rank': 26, 'fitness': 0.5932042496105018, 'generation': 313}","{'id': 21908, 'rank': 27, 'fitness': 0.42707802314719034, 'generation': 313}","{'id': 21922, 'rank': 28, 'fitness': 0.3674793210905801, 'generation': 313}","{'id': 21855, 'rank': 29, 'fitness': 0.3433793114895397, 'generation': 313}","{'id': 21933, 'rank': 30, 'fitness': 0.01798620996209155, 'generation': 313}"
"{'id': 21891, 'rank': 1, 'fitness': 0.9820137900379085, 'generation': 314}","{'id': 21891, 'rank': 2, 'fitness': 0.9820137900379085, 'generation': 314}","{'id': 21891, 'rank': 3, 'fitness': 0.9820137900379085, 'generation': 314}","{'id': 21891, 'rank': 4, 'fitness': 0.9820137900379085, 'generation': 314}","{'id': 21920, 'rank': 5, 'fitness': 0.9146182153658902, 'generation': 314}","{'id': 21920, 'rank': 6, 'fitness': 0.9146182153658902, 'generation': 314}","{'id': 21515, 'rank': 7, 'fitness': 0.9141913963983187, 'generation': 314}","{'id': 21515, 'rank': 8, 'fitness': 0.9141913963983187, 'generation': 314}","{'id': 21515, 'rank': 9, 'fitness': 0.9141913963983187, 'generation': 314}","{'id': 21515, 'rank': 10, 'fitness': 0.9141913963983187, 'generation': 314}","{'id': 21515, 'rank': 11, 'fitness': 0.9141913963983187, 'generation': 314}","{'id': 21515, 'rank': 12, 'fitness': 0.9141913963983187, 'generation': 314}","{'id': 21515, 'rank': 13, 'fitness': 0.9141913963983187, 'generation': 314}","{'id': 21515, 'rank': 14, 'fitness': 0.9141913963983187, 'generation': 314}","{'id': 21515, 'rank': 15, 'fitness': 0.9141913963983187, 'generation': 314}","{'id': 21515, 'rank': 16, 'fitness': 0.9141913963983187, 'generation': 314}","{'id': 21515, 'rank': 17, 'fitness': 0.9141913963983187, 'generation': 314}","{'id': 21515, 'rank': 18, 'fitness': 0.9141913963983187, 'generation': 314}","{'id': 21515, 'rank': 19, 'fitness': 0.9141913963983187, 'generation': 314}","{'id': 21515, 'rank': 20, 'fitness': 0.9141913963983187, 'generation': 314}","{'id': 20962, 'rank': 21, 'fitness': 0.8912646264028128, 'generation': 314}","{'id': 20962, 'rank': 22, 'fitness': 0.8912646264028128, 'generation': 314}","{'id': 20962, 'rank': 23, 'fitness': 0.8912646264028128, 'generation': 314}","{'id': 22021, 'rank': 24, 'fitness': 0.8838299979450928, 'generation': 314}","{'id': 21999, 'rank': 25, 'fitness': 0.5163401736579104, 'generation': 314}","{'id': 22022, 'rank': 26, 'fitness': 0.2545484179226304, 'generation': 314}","{'id': 22010, 'rank': 27, 'fitness': 0.14403934160327675, 'generation': 314}","{'id': 21855, 'rank': 28, 'fitness': 0.05811734424463588, 'generation': 314}","{'id': 22009, 'rank': 29, 'fitness': 0.031208255992014045, 'generation': 314}","{'id': 22006, 'rank': 30, 'fitness': 0.01798620996209155, 'generation': 314}"
"{'id': 21891, 'rank': 1, 'fitness': 0.9820137900379085, 'generation': 315}","{'id': 21891, 'rank': 2, 'fitness': 0.9820137900379085, 'generation': 315}","{'id': 21891, 'rank': 3, 'fitness': 0.9820137900379085, 'generation': 315}","{'id': 21891, 'rank': 4, 'fitness': 0.9820137900379085, 'generation': 315}","{'id': 21891, 'rank': 5, 'fitness': 0.9820137900379085, 'generation': 315}","{'id': 21891, 'rank': 6, 'fitness': 0.9820137900379085, 'generation': 315}","{'id': 22109, 'rank': 7, 'fitness': 0.9810468958410633, 'generation': 315}","{'id': 21920, 'rank': 8, 'fitness': 0.9805707939036028, 'generation': 315}","{'id': 21920, 'rank': 9, 'fitness': 0.9805707939036028, 'generation': 315}","{'id': 21920, 'rank': 10, 'fitness': 0.9805707939036028, 'generation': 315}","{'id': 21920, 'rank': 11, 'fitness': 0.9805707939036028, 'generation': 315}","{'id': 21515, 'rank': 12, 'fitness': 0.9805657764672248, 'generation': 315}","{'id': 21515, 'rank': 13, 'fitness': 0.9805657764672248, 'generation': 315}","{'id': 21515, 'rank': 14, 'fitness': 0.9805657764672248, 'generation': 315}","{'id': 21515, 'rank': 15, 'fitness': 0.9805657764672248, 'generation': 315}","{'id': 21515, 'rank': 16, 'fitness': 0.9805657764672248, 'generation': 315}","{'id': 21515, 'rank': 17, 'fitness': 0.9805657764672248, 'generation': 315}","{'id': 21515, 'rank': 18, 'fitness': 0.9805657764672248, 'generation': 315}","{'id': 21515, 'rank': 19, 'fitness': 0.9805657764672248, 'generation': 315}","{'id': 21515, 'rank': 20, 'fitness': 0.9805657764672248, 'generation': 315}","{'id': 21515, 'rank': 21, 'fitness': 0.9805657764672248, 'generation': 315}","{'id': 21515, 'rank': 22, 'fitness': 0.9805657764672248, 'generation': 315}","{'id': 21515, 'rank': 23, 'fitness': 0.9805657764672248, 'generation': 315}","{'id': 21515, 'rank': 24, 'fitness': 0.9805657764672248, 'generation': 315}","{'id': 21515, 'rank': 25, 'fitness': 0.9805657764672248, 'generation': 315}","{'id': 21515, 'rank': 26, 'fitness': 0.9805657764672248, 'generation': 315}","{'id': 21515, 'rank': 27, 'fitness': 0.9805657764672248, 'generation': 315}","{'id': 21855, 'rank': 28, 'fitness': 0.9752132769256288, 'generation': 315}","{'id': 22100, 'rank': 29, 'fitness': 0.9714110477160256, 'generation': 315}","{'id': 22049, 'rank': 30, 'fitness': 0.01798620996209155, 'generation': 315}"
"{'id': 21891, 'rank': 1, 'fitness': 0.9820137900379085, 'generation': 316}","{'id': 21891, 'rank': 2, 'fitness': 0.9820137900379085, 'generation': 316}","{'id': 21891, 'rank': 3, 'fitness': 0.9820137900379085, 'generation': 316}","{'id': 21891, 'rank': 4, 'fitness': 0.9820137900379085, 'generation': 316}","{'id': 21891, 'rank': 5, 'fitness': 0.9820137900379085, 'generation': 316}","{'id': 21891, 'rank': 6, 'fitness': 0.9820137900379085, 'generation': 316}","{'id': 21891, 'rank': 7, 'fitness': 0.9820137900379085, 'generation': 316}","{'id': 21891, 'rank': 8, 'fitness': 0.9820137900379085, 'generation': 316}","{'id': 21891, 'rank': 9, 'fitness': 0.9820137900379085, 'generation': 316}","{'id': 21891, 'rank': 10, 'fitness': 0.9820137900379085, 'generation': 316}","{'id': 21891, 'rank': 11, 'fitness': 0.9820137900379085, 'generation': 316}","{'id': 21891, 'rank': 12, 'fitness': 0.9820137900379085, 'generation': 316}","{'id': 21891, 'rank': 13, 'fitness': 0.9820137900379085, 'generation': 316}","{'id': 22182, 'rank': 14, 'fitness': 0.9721896479752283, 'generation': 316}","{'id': 22189, 'rank': 15, 'fitness': 0.9547643839437437, 'generation': 316}","{'id': 22109, 'rank': 16, 'fitness': 0.941618013027274, 'generation': 316}","{'id': 22109, 'rank': 17, 'fitness': 0.941618013027274, 'generation': 316}","{'id': 21920, 'rank': 18, 'fitness': 0.9004649228248478, 'generation': 316}","{'id': 21920, 'rank': 19, 'fitness': 0.9004649228248478, 'generation': 316}","{'id': 21920, 'rank': 20, 'fitness': 0.9004649228248478, 'generation': 316}","{'id': 21515, 'rank': 21, 'fitness': 0.8999241463281423, 'generation': 316}","{'id': 21515, 'rank': 22, 'fitness': 0.8999241463281423, 'generation': 316}","{'id': 21515, 'rank': 23, 'fitness': 0.8999241463281423, 'generation': 316}","{'id': 21515, 'rank': 24, 'fitness': 0.8999241463281423, 'generation': 316}","{'id': 21515, 'rank': 25, 'fitness': 0.8999241463281423, 'generation': 316}","{'id': 21515, 'rank': 26, 'fitness': 0.8999241463281423, 'generation': 316}","{'id': 21515, 'rank': 27, 'fitness': 0.8999241463281423, 'generation': 316}","{'id': 22130, 'rank': 28, 'fitness': 0.2063684387508889, 'generation': 316}","{'id': 22181, 'rank': 29, 'fitness': 0.11126918440507111, 'generation': 316}","{'id': 22118, 'rank': 30, 'fitness': 0.01798620996209155, 'generation': 316}"
"{'id': 21891, 'rank': 1, 'fitness': 0.9820137900379085, 'generation': 317}","{'id': 21891, 'rank': 2, 'fitness': 0.9820137900379085, 'generation': 317}","{'id': 21891, 'rank': 3, 'fitness': 0.9820137900379085, 'generation': 317}","{'id': 21891, 'rank': 4, 'fitness': 0.9820137900379085, 'generation': 317}","{'id': 21891, 'rank': 5, 'fitness': 0.9820137900379085, 'generation': 317}","{'id': 21891, 'rank': 6, 'fitness': 0.9820137900379085, 'generation': 317}","{'id': 21891, 'rank': 7, 'fitness': 0.9820137900379085, 'generation': 317}","{'id': 21891, 'rank': 8, 'fitness': 0.9820137900379085, 'generation': 317}","{'id': 21891, 'rank': 9, 'fitness': 0.9820137900379085, 'generation': 317}","{'id': 21891, 'rank': 10, 'fitness': 0.9820137900379085, 'generation': 317}","{'id': 21891, 'rank': 11, 'fitness': 0.9820137900379085, 'generation': 317}","{'id': 21891, 'rank': 12, 'fitness': 0.9820137900379085, 'generation': 317}","{'id': 21891, 'rank': 13, 'fitness': 0.9820137900379085, 'generation': 317}","{'id': 21891, 'rank': 14, 'fitness': 0.9820137900379085, 'generation': 317}","{'id': 21891, 'rank': 15, 'fitness': 0.9820137900379085, 'generation': 317}","{'id': 22182, 'rank': 16, 'fitness': 0.9730894121480256, 'generation': 317}","{'id': 22189, 'rank': 17, 'fitness': 0.9577773774033947, 'generation': 317}","{'id': 22189, 'rank': 18, 'fitness': 0.9577773774033947, 'generation': 317}","{'id': 22109, 'rank': 19, 'fitness': 0.9464990988843931, 'generation': 317}","{'id': 22109, 'rank': 20, 'fitness': 0.9464990988843931, 'generation': 317}","{'id': 22192, 'rank': 21, 'fitness': 0.9127228375556478, 'generation': 317}","{'id': 21920, 'rank': 22, 'fitness': 0.9120342527167993, 'generation': 317}","{'id': 21920, 'rank': 23, 'fitness': 0.9120342527167993, 'generation': 317}","{'id': 21515, 'rank': 24, 'fitness': 0.9115869560715639, 'generation': 317}","{'id': 21515, 'rank': 25, 'fitness': 0.9115869560715639, 'generation': 317}","{'id': 22267, 'rank': 26, 'fitness': 0.8737750047898184, 'generation': 317}","{'id': 22216, 'rank': 27, 'fitness': 0.4505858212255854, 'generation': 317}","{'id': 22254, 'rank': 28, 'fitness': 0.12377797669520874, 'generation': 317}","{'id': 22227, 'rank': 29, 'fitness': 0.04392350442390791, 'generation': 317}","{'id': 22269, 'rank': 30, 'fitness': 0.01798620996209155, 'generation': 317}"
"{'id': 22305, 'rank': 1, 'fitness': 0.9820137900379085, 'generation': 318}","{'id': 22305, 'rank': 2, 'fitness': 0.9820137900379085, 'generation': 318}","{'id': 21891, 'rank': 3, 'fitness': 0.8419324053544381, 'generation': 318}","{'id': 21891, 'rank': 4, 'fitness': 0.8419324053544381, 'generation': 318}","{'id': 21891, 'rank': 5, 'fitness': 0.8419324053544381, 'generation': 318}","{'id': 21891, 'rank': 6, 'fitness': 0.8419324053544381, 'generation': 318}","{'id': 21891, 'rank': 7, 'fitness': 0.8419324053544381, 'generation': 318}","{'id': 21891, 'rank': 8, 'fitness': 0.8419324053544381, 'generation': 318}","{'id': 21891, 'rank': 9, 'fitness': 0.8419324053544381, 'generation': 318}","{'id': 21891, 'rank': 10, 'fitness': 0.8419324053544381, 'generation': 318}","{'id': 21891, 'rank': 11, 'fitness': 0.8419324053544381, 'generation': 318}","{'id': 21891, 'rank': 12, 'fitness': 0.8419324053544381, 'generation': 318}","{'id': 21891, 'rank': 13, 'fitness': 0.8419324053544381, 'generation': 318}","{'id': 21891, 'rank': 14, 'fitness': 0.8419324053544381, 'generation': 318}","{'id': 21891, 'rank': 15, 'fitness': 0.8419324053544381, 'generation': 318}","{'id': 21891, 'rank': 16, 'fitness': 0.8419324053544381, 'generation': 318}","{'id': 21891, 'rank': 17, 'fitness': 0.8419324053544381, 'generation': 318}","{'id': 21891, 'rank': 18, 'fitness': 0.8419324053544381, 'generation': 318}","{'id': 21891, 'rank': 19, 'fitness': 0.8419324053544381, 'generation': 318}","{'id': 21891, 'rank': 20, 'fitness': 0.8419324053544381, 'generation': 318}","{'id': 21891, 'rank': 21, 'fitness': 0.8419324053544381, 'generation': 318}","{'id': 21891, 'rank': 22, 'fitness': 0.8419324053544381, 'generation': 318}","{'id': 21891, 'rank': 23, 'fitness': 0.8419324053544381, 'generation': 318}","{'id': 21891, 'rank': 24, 'fitness': 0.8419324053544381, 'generation': 318}","{'id': 22109, 'rank': 25, 'fitness': 0.6487734718595759, 'generation': 318}","{'id': 22109, 'rank': 26, 'fitness': 0.6487734718595759, 'generation': 318}","{'id': 22109, 'rank': 27, 'fitness': 0.6487734718595759, 'generation': 318}","{'id': 21920, 'rank': 28, 'fitness': 0.5278480991289697, 'generation': 318}","{'id': 22308, 'rank': 29, 'fitness': 0.20925547113879256, 'generation': 318}","{'id': 22328, 'rank': 30, 'fitness': 0.01798620996209155, 'generation': 318}"
"{'id': 22305, 'rank': 1, 'fitness': 0.9820137900379085, 'generation': 319}","{'id': 22305, 'rank': 2, 'fitness': 0.9820137900379085, 'generation': 319}","{'id': 22305, 'rank': 3, 'fitness': 0.9820137900379085, 'generation': 319}","{'id': 22305, 'rank': 4, 'fitness': 0.9820137900379085, 'generation': 319}","{'id': 22305, 'rank': 5, 'fitness': 0.9820137900379085, 'generation': 319}","{'id': 22305, 'rank': 6, 'fitness': 0.9820137900379085, 'generation': 319}","{'id': 21891, 'rank': 7, 'fitness': 0.9816857607942664, 'generation': 319}","{'id': 21891, 'rank': 8, 'fitness': 0.9816857607942664, 'generation': 319}","{'id': 21891, 'rank': 9, 'fitness': 0.9816857607942664, 'generation': 319}","{'id': 21891, 'rank': 10, 'fitness': 0.9816857607942664, 'generation': 319}","{'id': 21891, 'rank': 11, 'fitness': 0.9816857607942664, 'generation': 319}","{'id': 21891, 'rank': 12, 'fitness': 0.9816857607942664, 'generation': 319}","{'id': 21891, 'rank': 13, 'fitness': 0.9816857607942664, 'generation': 319}","{'id': 21891, 'rank': 14, 'fitness': 0.9816857607942664, 'generation': 319}","{'id': 21891, 'rank': 15, 'fitness': 0.9816857607942664, 'generation': 319}","{'id': 21891, 'rank': 16, 'fitness': 0.9816857607942664, 'generation': 319}","{'id': 21891, 'rank': 17, 'fitness': 0.9816857607942664, 'generation': 319}","{'id': 21891, 'rank': 18, 'fitness': 0.9816857607942664, 'generation': 319}","{'id': 21891, 'rank': 19, 'fitness': 0.9816857607942664, 'generation': 319}","{'id': 21891, 'rank': 20, 'fitness': 0.9816857607942664, 'generation': 319}","{'id': 21891, 'rank': 21, 'fitness': 0.9816857607942664, 'generation': 319}","{'id': 21891, 'rank': 22, 'fitness': 0.9816857607942664, 'generation': 319}","{'id': 21891, 'rank': 23, 'fitness': 0.9816857607942664, 'generation': 319}","{'id': 22308, 'rank': 24, 'fitness': 0.9812539419244759, 'generation': 319}","{'id': 22328, 'rank': 25, 'fitness': 0.9808614248215861, 'generation': 319}","{'id': 22328, 'rank': 26, 'fitness': 0.9808614248215861, 'generation': 319}","{'id': 22395, 'rank': 27, 'fitness': 0.9804602597372669, 'generation': 319}","{'id': 22395, 'rank': 28, 'fitness': 0.9804602597372669, 'generation': 319}","{'id': 22424, 'rank': 29, 'fitness': 0.026826702954765413, 'generation': 319}","{'id': 22382, 'rank': 30, 'fitness': 0.01798620996209155, 'generation': 319}"
"{'id': 22305, 'rank': 1, 'fitness': 0.9820137900379085, 'generation': 320}","{'id': 22305, 'rank': 2, 'fitness': 0.9820137900379085, 'generation': 320}","{'id': 22305, 'rank': 3, 'fitness': 0.9820137900379085, 'generation': 320}","{'id': 22305, 'rank': 4, 'fitness': 0.9820137900379085, 'generation': 320}","{'id': 22305, 'rank': 5, 'fitness': 0.9820137900379085, 'generation': 320}","{'id': 22305, 'rank': 6, 'fitness': 0.9820137900379085, 'generation': 320}","{'id': 22305, 'rank': 7, 'fitness': 0.9820137900379085, 'generation': 320}","{'id': 22305, 'rank': 8, 'fitness': 0.9820137900379085, 'generation': 320}","{'id': 22305, 'rank': 9, 'fitness': 0.9820137900379085, 'generation': 320}","{'id': 22305, 'rank': 10, 'fitness': 0.9820137900379085, 'generation': 320}","{'id': 22305, 'rank': 11, 'fitness': 0.9820137900379085, 'generation': 320}","{'id': 22305, 'rank': 12, 'fitness': 0.9820137900379085, 'generation': 320}","{'id': 22305, 'rank': 13, 'fitness': 0.9820137900379085, 'generation': 320}","{'id': 22305, 'rank': 14, 'fitness': 0.9820137900379085, 'generation': 320}","{'id': 22305, 'rank': 15, 'fitness': 0.9820137900379085, 'generation': 320}","{'id': 22305, 'rank': 16, 'fitness': 0.9820137900379085, 'generation': 320}","{'id': 21891, 'rank': 17, 'fitness': 0.623974249933392, 'generation': 320}","{'id': 21891, 'rank': 18, 'fitness': 0.623974249933392, 'generation': 320}","{'id': 21891, 'rank': 19, 'fitness': 0.623974249933392, 'generation': 320}","{'id': 21891, 'rank': 20, 'fitness': 0.623974249933392, 'generation': 320}","{'id': 21891, 'rank': 21, 'fitness': 0.623974249933392, 'generation': 320}","{'id': 21891, 'rank': 22, 'fitness': 0.623974249933392, 'generation': 320}","{'id': 21891, 'rank': 23, 'fitness': 0.623974249933392, 'generation': 320}","{'id': 21891, 'rank': 24, 'fitness': 0.623974249933392, 'generation': 320}","{'id': 21891, 'rank': 25, 'fitness': 0.623974249933392, 'generation': 320}","{'id': 21891, 'rank': 26, 'fitness': 0.623974249933392, 'generation': 320}","{'id': 21891, 'rank': 27, 'fitness': 0.623974249933392, 'generation': 320}","{'id': 22496, 'rank': 28, 'fitness': 0.13989031226086823, 'generation': 320}","{'id': 22490, 'rank': 29, 'fitness': 0.053320645187837634, 'generation': 320}","{'id': 22308, 'rank': 30, 'fitness': 0.01798620996209155, 'generation': 320}"
"{'id': 22555, 'rank': 1, 'fitness': 0.9820137900379085, 'generation': 321}","{'id': 22555, 'rank': 2, 'fitness': 0.9820137900379085, 'generation': 321}","{'id': 22305, 'rank': 3, 'fitness': 0.9482860139790684, 'generation': 321}","{'id': 22305, 'rank': 4, 'fitness': 0.9482860139790684, 'generation': 321}","{'id': 22305, 'rank': 5, 'fitness': 0.9482860139790684, 'generation': 321}","{'id': 22305, 'rank': 6, 'fitness': 0.9482860139790684, 'generation': 321}","{'id': 22305, 'rank': 7, 'fitness': 0.9482860139790684, 'generation': 321}","{'id': 22305, 'rank': 8, 'fitness': 0.9482860139790684, 'generation': 321}","{'id': 22305, 'rank': 9, 'fitness': 0.9482860139790684, 'generation': 321}","{'id': 22305, 'rank': 10, 'fitness': 0.9482860139790684, 'generation': 321}","{'id': 22305, 'rank': 11, 'fitness': 0.9482860139790684, 'generation': 321}","{'id': 22305, 'rank': 12, 'fitness': 0.9482860139790684, 'generation': 321}","{'id': 22305, 'rank': 13, 'fitness': 0.9482860139790684, 'generation': 321}","{'id': 22305, 'rank': 14, 'fitness': 0.9482860139790684, 'generation': 321}","{'id': 22305, 'rank': 15, 'fitness': 0.9482860139790684, 'generation': 321}","{'id': 22305, 'rank': 16, 'fitness': 0.9482860139790684, 'generation': 321}","{'id': 22305, 'rank': 17, 'fitness': 0.9482860139790684, 'generation': 321}","{'id': 22305, 'rank': 18, 'fitness': 0.9482860139790684, 'generation': 321}","{'id': 22305, 'rank': 19, 'fitness': 0.9482860139790684, 'generation': 321}","{'id': 22305, 'rank': 20, 'fitness': 0.9482860139790684, 'generation': 321}","{'id': 22305, 'rank': 21, 'fitness': 0.9482860139790684, 'generation': 321}","{'id': 22305, 'rank': 22, 'fitness': 0.9482860139790684, 'generation': 321}","{'id': 21891, 'rank': 23, 'fitness': 0.5838637376232422, 'generation': 321}","{'id': 21891, 'rank': 24, 'fitness': 0.5838637376232422, 'generation': 321}","{'id': 21891, 'rank': 25, 'fitness': 0.5838637376232422, 'generation': 321}","{'id': 21891, 'rank': 26, 'fitness': 0.5838637376232422, 'generation': 321}","{'id': 21891, 'rank': 27, 'fitness': 0.5838637376232422, 'generation': 321}","{'id': 21891, 'rank': 28, 'fitness': 0.5838637376232422, 'generation': 321}","{'id': 22510, 'rank': 29, 'fitness': 0.06742683495259993, 'generation': 321}","{'id': 22570, 'rank': 30, 'fitness': 0.01798620996209155, 'generation': 321}"
"{'id': 22555, 'rank': 1, 'fitness': 0.9820137900379085, 'generation': 322}","{'id': 22555, 'rank': 2, 'fitness': 0.9820137900379085, 'generation': 322}","{'id': 22555, 'rank': 3, 'fitness': 0.9820137900379085, 'generation': 322}","{'id': 22305, 'rank': 4, 'fitness': 0.979103036702015, 'generation': 322}","{'id': 22305, 'rank': 5, 'fitness': 0.979103036702015, 'generation': 322}","{'id': 22305, 'rank': 6, 'fitness': 0.979103036702015, 'generation': 322}","{'id': 22305, 'rank': 7, 'fitness': 0.979103036702015, 'generation': 322}","{'id': 22305, 'rank': 8, 'fitness': 0.979103036702015, 'generation': 322}","{'id': 22305, 'rank': 9, 'fitness': 0.979103036702015, 'generation': 322}","{'id': 22305, 'rank': 10, 'fitness': 0.979103036702015, 'generation': 322}","{'id': 22305, 'rank': 11, 'fitness': 0.979103036702015, 'generation': 322}","{'id': 22305, 'rank': 12, 'fitness': 0.979103036702015, 'generation': 322}","{'id': 22305, 'rank': 13, 'fitness': 0.979103036702015, 'generation': 322}","{'id': 22305, 'rank': 14, 'fitness': 0.979103036702015, 'generation': 322}","{'id': 22305, 'rank': 15, 'fitness': 0.979103036702015, 'generation': 322}","{'id': 22305, 'rank': 16, 'fitness': 0.979103036702015, 'generation': 322}","{'id': 22305, 'rank': 17, 'fitness': 0.979103036702015, 'generation': 322}","{'id': 22305, 'rank': 18, 'fitness': 0.979103036702015, 'generation': 322}","{'id': 22305, 'rank': 19, 'fitness': 0.979103036702015, 'generation': 322}","{'id': 22305, 'rank': 20, 'fitness': 0.979103036702015, 'generation': 322}","{'id': 22305, 'rank': 21, 'fitness': 0.979103036702015, 'generation': 322}","{'id': 22305, 'rank': 22, 'fitness': 0.979103036702015, 'generation': 322}","{'id': 22305, 'rank': 23, 'fitness': 0.979103036702015, 'generation': 322}","{'id': 21891, 'rank': 24, 'fitness': 0.970306502335061, 'generation': 322}","{'id': 21891, 'rank': 25, 'fitness': 0.970306502335061, 'generation': 322}","{'id': 22510, 'rank': 26, 'fitness': 0.9556769947051698, 'generation': 322}","{'id': 22510, 'rank': 27, 'fitness': 0.9556769947051698, 'generation': 322}","{'id': 22639, 'rank': 28, 'fitness': 0.9502733063316845, 'generation': 322}","{'id': 22640, 'rank': 29, 'fitness': 0.9408419659861027, 'generation': 322}","{'id': 22634, 'rank': 30, 'fitness': 0.01798620996209155, 'generation': 322}"
"{'id': 22555, 'rank': 1, 'fitness': 0.9820137900379085, 'generation': 323}","{'id': 22555, 'rank': 2, 'fitness': 0.9820137900379085, 'generation': 323}","{'id': 22305, 'rank': 3, 'fitness': 0.9360075005777155, 'generation': 323}","{'id': 22305, 'rank': 4, 'fitness': 0.9360075005777155, 'generation': 323}","{'id': 22305, 'rank': 5, 'fitness': 0.9360075005777155, 'generation': 323}","{'id': 22305, 'rank': 6, 'fitness': 0.9360075005777155, 'generation': 323}","{'id': 22305, 'rank': 7, 'fitness': 0.9360075005777155, 'generation': 323}","{'id': 22305, 'rank': 8, 'fitness': 0.9360075005777155, 'generation': 323}","{'id': 22305, 'rank': 9, 'fitness': 0.9360075005777155, 'generation': 323}","{'id': 22305, 'rank': 10, 'fitness': 0.9360075005777155, 'generation': 323}","{'id': 22305, 'rank': 11, 'fitness': 0.9360075005777155, 'generation': 323}","{'id': 22305, 'rank': 12, 'fitness': 0.9360075005777155, 'generation': 323}","{'id': 22305, 'rank': 13, 'fitness': 0.9360075005777155, 'generation': 323}","{'id': 22305, 'rank': 14, 'fitness': 0.9360075005777155, 'generation': 323}","{'id': 22305, 'rank': 15, 'fitness': 0.9360075005777155, 'generation': 323}","{'id': 22305, 'rank': 16, 'fitness': 0.9360075005777155, 'generation': 323}","{'id': 22305, 'rank': 17, 'fitness': 0.9360075005777155, 'generation': 323}","{'id': 22305, 'rank': 18, 'fitness': 0.9360075005777155, 'generation': 323}","{'id': 22305, 'rank': 19, 'fitness': 0.9360075005777155, 'generation': 323}","{'id': 22305, 'rank': 20, 'fitness': 0.9360075005777155, 'generation': 323}","{'id': 22305, 'rank': 21, 'fitness': 0.9360075005777155, 'generation': 323}","{'id': 22305, 'rank': 22, 'fitness': 0.9360075005777155, 'generation': 323}","{'id': 22676, 'rank': 23, 'fitness': 0.4454933968198941, 'generation': 323}","{'id': 21891, 'rank': 24, 'fitness': 0.3965224178097899, 'generation': 323}","{'id': 21891, 'rank': 25, 'fitness': 0.3965224178097899, 'generation': 323}","{'id': 22674, 'rank': 26, 'fitness': 0.13545630215688104, 'generation': 323}","{'id': 22708, 'rank': 27, 'fitness': 0.10236668754378575, 'generation': 323}","{'id': 22677, 'rank': 28, 'fitness': 0.03854345078048038, 'generation': 323}","{'id': 22677, 'rank': 29, 'fitness': 0.03854345078048038, 'generation': 323}","{'id': 22510, 'rank': 30, 'fitness': 0.01798620996209155, 'generation': 323}"
"{'id': 22555, 'rank': 1, 'fitness': 0.9820137900379085, 'generation': 324}","{'id': 22555, 'rank': 2, 'fitness': 0.9820137900379085, 'generation': 324}","{'id': 22555, 'rank': 3, 'fitness': 0.9820137900379085, 'generation': 324}","{'id': 22555, 'rank': 4, 'fitness': 0.9820137900379085, 'generation': 324}","{'id': 22555, 'rank': 5, 'fitness': 0.9820137900379085, 'generation': 324}","{'id': 22305, 'rank': 6, 'fitness': 0.9805352029910449, 'generation': 324}","{'id': 22305, 'rank': 7, 'fitness': 0.9805352029910449, 'generation': 324}","{'id': 22305, 'rank': 8, 'fitness': 0.9805352029910449, 'generation': 324}","{'id': 22305, 'rank': 9, 'fitness': 0.9805352029910449, 'generation': 324}","{'id': 22305, 'rank': 10, 'fitness': 0.9805352029910449, 'generation': 324}","{'id': 22305, 'rank': 11, 'fitness': 0.9805352029910449, 'generation': 324}","{'id': 22305, 'rank': 12, 'fitness': 0.9805352029910449, 'generation': 324}","{'id': 22305, 'rank': 13, 'fitness': 0.9805352029910449, 'generation': 324}","{'id': 22305, 'rank': 14, 'fitness': 0.9805352029910449, 'generation': 324}","{'id': 22305, 'rank': 15, 'fitness': 0.9805352029910449, 'generation': 324}","{'id': 22305, 'rank': 16, 'fitness': 0.9805352029910449, 'generation': 324}","{'id': 22305, 'rank': 17, 'fitness': 0.9805352029910449, 'generation': 324}","{'id': 22305, 'rank': 18, 'fitness': 0.9805352029910449, 'generation': 324}","{'id': 22305, 'rank': 19, 'fitness': 0.9805352029910449, 'generation': 324}","{'id': 22305, 'rank': 20, 'fitness': 0.9805352029910449, 'generation': 324}","{'id': 22305, 'rank': 21, 'fitness': 0.9805352029910449, 'generation': 324}","{'id': 22305, 'rank': 22, 'fitness': 0.9805352029910449, 'generation': 324}","{'id': 22305, 'rank': 23, 'fitness': 0.9805352029910449, 'generation': 324}","{'id': 22676, 'rank': 24, 'fitness': 0.9768451573168322, 'generation': 324}","{'id': 22676, 'rank': 25, 'fitness': 0.9768451573168322, 'generation': 324}","{'id': 21891, 'rank': 26, 'fitness': 0.97656551974032, 'generation': 324}","{'id': 22677, 'rank': 27, 'fitness': 0.9723176821141777, 'generation': 324}","{'id': 22752, 'rank': 28, 'fitness': 0.9660410509285463, 'generation': 324}","{'id': 22810, 'rank': 29, 'fitness': 0.1749285187350258, 'generation': 324}","{'id': 22799, 'rank': 30, 'fitness': 0.01798620996209155, 'generation': 324}"
"{'id': 22555, 'rank': 1, 'fitness': 0.9820137900379085, 'generation': 325}","{'id': 22555, 'rank': 2, 'fitness': 0.9820137900379085, 'generation': 325}","{'id': 22555, 'rank': 3, 'fitness': 0.9820137900379085, 'generation': 325}","{'id': 22555, 'rank': 4, 'fitness': 0.9820137900379085, 'generation': 325}","{'id': 22555, 'rank': 5, 'fitness': 0.9820137900379085, 'generation': 325}","{'id': 22555, 'rank': 6, 'fitness': 0.9820137900379085, 'generation': 325}","{'id': 22555, 'rank': 7, 'fitness': 0.9820137900379085, 'generation': 325}","{'id': 22305, 'rank': 8, 'fitness': 0.9463537781274651, 'generation': 325}","{'id': 22305, 'rank': 9, 'fitness': 0.9463537781274651, 'generation': 325}","{'id': 22305, 'rank': 10, 'fitness': 0.9463537781274651, 'generation': 325}","{'id': 22305, 'rank': 11, 'fitness': 0.9463537781274651, 'generation': 325}","{'id': 22305, 'rank': 12, 'fitness': 0.9463537781274651, 'generation': 325}","{'id': 22305, 'rank': 13, 'fitness': 0.9463537781274651, 'generation': 325}","{'id': 22305, 'rank': 14, 'fitness': 0.9463537781274651, 'generation': 325}","{'id': 22305, 'rank': 15, 'fitness': 0.9463537781274651, 'generation': 325}","{'id': 22305, 'rank': 16, 'fitness': 0.9463537781274651, 'generation': 325}","{'id': 22305, 'rank': 17, 'fitness': 0.9463537781274651, 'generation': 325}","{'id': 22305, 'rank': 18, 'fitness': 0.9463537781274651, 'generation': 325}","{'id': 22305, 'rank': 19, 'fitness': 0.9463537781274651, 'generation': 325}","{'id': 22305, 'rank': 20, 'fitness': 0.9463537781274651, 'generation': 325}","{'id': 22305, 'rank': 21, 'fitness': 0.9463537781274651, 'generation': 325}","{'id': 22305, 'rank': 22, 'fitness': 0.9463537781274651, 'generation': 325}","{'id': 22305, 'rank': 23, 'fitness': 0.9463537781274651, 'generation': 325}","{'id': 22305, 'rank': 24, 'fitness': 0.9463537781274651, 'generation': 325}","{'id': 22305, 'rank': 25, 'fitness': 0.9463537781274651, 'generation': 325}","{'id': 22305, 'rank': 26, 'fitness': 0.9463537781274651, 'generation': 325}","{'id': 22676, 'rank': 27, 'fitness': 0.5941604358224923, 'generation': 325}","{'id': 22836, 'rank': 28, 'fitness': 0.4383375998636633, 'generation': 325}","{'id': 22853, 'rank': 29, 'fitness': 0.19511057867021442, 'generation': 325}","{'id': 22894, 'rank': 30, 'fitness': 0.01798620996209155, 'generation': 325}"
"{'id': 22555, 'rank': 1, 'fitness': 0.9820137900379085, 'generation': 326}","{'id': 22555, 'rank': 2, 'fitness': 0.9820137900379085, 'generation': 326}","{'id': 22555, 'rank': 3, 'fitness': 0.9820137900379085, 'generation': 326}","{'id': 22555, 'rank': 4, 'fitness': 0.9820137900379085, 'generation': 326}","{'id': 22555, 'rank': 5, 'fitness': 0.9820137900379085, 'generation': 326}","{'id': 22555, 'rank': 6, 'fitness': 0.9820137900379085, 'generation': 326}","{'id': 22555, 'rank': 7, 'fitness': 0.9820137900379085, 'generation': 326}","{'id': 22555, 'rank': 8, 'fitness': 0.9820137900379085, 'generation': 326}","{'id': 22555, 'rank': 9, 'fitness': 0.9820137900379085, 'generation': 326}","{'id': 22555, 'rank': 10, 'fitness': 0.9820137900379085, 'generation': 326}","{'id': 22555, 'rank': 11, 'fitness': 0.9820137900379085, 'generation': 326}","{'id': 22555, 'rank': 12, 'fitness': 0.9820137900379085, 'generation': 326}","{'id': 22305, 'rank': 13, 'fitness': 0.9786346765081272, 'generation': 326}","{'id': 22305, 'rank': 14, 'fitness': 0.9786346765081272, 'generation': 326}","{'id': 22305, 'rank': 15, 'fitness': 0.9786346765081272, 'generation': 326}","{'id': 22305, 'rank': 16, 'fitness': 0.9786346765081272, 'generation': 326}","{'id': 22305, 'rank': 17, 'fitness': 0.9786346765081272, 'generation': 326}","{'id': 22305, 'rank': 18, 'fitness': 0.9786346765081272, 'generation': 326}","{'id': 22305, 'rank': 19, 'fitness': 0.9786346765081272, 'generation': 326}","{'id': 22305, 'rank': 20, 'fitness': 0.9786346765081272, 'generation': 326}","{'id': 22305, 'rank': 21, 'fitness': 0.9786346765081272, 'generation': 326}","{'id': 22305, 'rank': 22, 'fitness': 0.9786346765081272, 'generation': 326}","{'id': 22305, 'rank': 23, 'fitness': 0.9786346765081272, 'generation': 326}","{'id': 22305, 'rank': 24, 'fitness': 0.9786346765081272, 'generation': 326}","{'id': 22305, 'rank': 25, 'fitness': 0.9786346765081272, 'generation': 326}","{'id': 22305, 'rank': 26, 'fitness': 0.9786346765081272, 'generation': 326}","{'id': 22974, 'rank': 27, 'fitness': 0.9722502335770202, 'generation': 326}","{'id': 22954, 'rank': 28, 'fitness': 0.9547422940691401, 'generation': 326}","{'id': 22973, 'rank': 29, 'fitness': 0.9513557753660883, 'generation': 326}","{'id': 22972, 'rank': 30, 'fitness': 0.01798620996209155, 'generation': 326}"
"{'id': 22555, 'rank': 1, 'fitness': 0.9820137900379085, 'generation': 327}","{'id': 22555, 'rank': 2, 'fitness': 0.9820137900379085, 'generation': 327}","{'id': 22555, 'rank': 3, 'fitness': 0.9820137900379085, 'generation': 327}","{'id': 22555, 'rank': 4, 'fitness': 0.9820137900379085, 'generation': 327}","{'id': 22555, 'rank': 5, 'fitness': 0.9820137900379085, 'generation': 327}","{'id': 22555, 'rank': 6, 'fitness': 0.9820137900379085, 'generation': 327}","{'id': 22555, 'rank': 7, 'fitness': 0.9820137900379085, 'generation': 327}","{'id': 22555, 'rank': 8, 'fitness': 0.9820137900379085, 'generation': 327}","{'id': 22555, 'rank': 9, 'fitness': 0.9820137900379085, 'generation': 327}","{'id': 22555, 'rank': 10, 'fitness': 0.9820137900379085, 'generation': 327}","{'id': 22555, 'rank': 11, 'fitness': 0.9820137900379085, 'generation': 327}","{'id': 22555, 'rank': 12, 'fitness': 0.9820137900379085, 'generation': 327}","{'id': 22555, 'rank': 13, 'fitness': 0.9820137900379085, 'generation': 327}","{'id': 22555, 'rank': 14, 'fitness': 0.9820137900379085, 'generation': 327}","{'id': 22555, 'rank': 15, 'fitness': 0.9820137900379085, 'generation': 327}","{'id': 22555, 'rank': 16, 'fitness': 0.9820137900379085, 'generation': 327}","{'id': 22555, 'rank': 17, 'fitness': 0.9820137900379085, 'generation': 327}","{'id': 22555, 'rank': 18, 'fitness': 0.9820137900379085, 'generation': 327}","{'id': 22555, 'rank': 19, 'fitness': 0.9820137900379085, 'generation': 327}","{'id': 22555, 'rank': 20, 'fitness': 0.9820137900379085, 'generation': 327}","{'id': 23061, 'rank': 21, 'fitness': 0.9805758012400203, 'generation': 327}","{'id': 22305, 'rank': 22, 'fitness': 0.932866271781676, 'generation': 327}","{'id': 22305, 'rank': 23, 'fitness': 0.932866271781676, 'generation': 327}","{'id': 22305, 'rank': 24, 'fitness': 0.932866271781676, 'generation': 327}","{'id': 22305, 'rank': 25, 'fitness': 0.932866271781676, 'generation': 327}","{'id': 22305, 'rank': 26, 'fitness': 0.932866271781676, 'generation': 327}","{'id': 22305, 'rank': 27, 'fitness': 0.932866271781676, 'generation': 327}","{'id': 22305, 'rank': 28, 'fitness': 0.932866271781676, 'generation': 327}","{'id': 22954, 'rank': 29, 'fitness': 0.0319840173364111, 'generation': 327}","{'id': 22973, 'rank': 30, 'fitness': 0.01798620996209155, 'generation': 327}"
"{'id': 22555, 'rank': 1, 'fitness': 0.9820137900379085, 'generation': 328}","{'id': 22555, 'rank': 2, 'fitness': 0.9820137900379085, 'generation': 328}","{'id': 22555, 'rank': 3, 'fitness': 0.9820137900379085, 'generation': 328}","{'id': 22555, 'rank': 4, 'fitness': 0.9820137900379085, 'generation': 328}","{'id': 22555, 'rank': 5, 'fitness': 0.9820137900379085, 'generation': 328}","{'id': 22555, 'rank': 6, 'fitness': 0.9820137900379085, 'generation': 328}","{'id': 22555, 'rank': 7, 'fitness': 0.9820137900379085, 'generation': 328}","{'id': 22555, 'rank': 8, 'fitness': 0.9820137900379085, 'generation': 328}","{'id': 22555, 'rank': 9, 'fitness': 0.9820137900379085, 'generation': 328}","{'id': 22555, 'rank': 10, 'fitness': 0.9820137900379085, 'generation': 328}","{'id': 22555, 'rank': 11, 'fitness': 0.9820137900379085, 'generation': 328}","{'id': 22555, 'rank': 12, 'fitness': 0.9820137900379085, 'generation': 328}","{'id': 22555, 'rank': 13, 'fitness': 0.9820137900379085, 'generation': 328}","{'id': 22555, 'rank': 14, 'fitness': 0.9820137900379085, 'generation': 328}","{'id': 22555, 'rank': 15, 'fitness': 0.9820137900379085, 'generation': 328}","{'id': 22555, 'rank': 16, 'fitness': 0.9820137900379085, 'generation': 328}","{'id': 22555, 'rank': 17, 'fitness': 0.9820137900379085, 'generation': 328}","{'id': 22555, 'rank': 18, 'fitness': 0.9820137900379085, 'generation': 328}","{'id': 22555, 'rank': 19, 'fitness': 0.9820137900379085, 'generation': 328}","{'id': 22555, 'rank': 20, 'fitness': 0.9820137900379085, 'generation': 328}","{'id': 22555, 'rank': 21, 'fitness': 0.9820137900379085, 'generation': 328}","{'id': 22555, 'rank': 22, 'fitness': 0.9820137900379085, 'generation': 328}","{'id': 23061, 'rank': 23, 'fitness': 0.9808832907529494, 'generation': 328}","{'id': 22305, 'rank': 24, 'fitness': 0.9486141268175545, 'generation': 328}","{'id': 22305, 'rank': 25, 'fitness': 0.9486141268175545, 'generation': 328}","{'id': 22305, 'rank': 26, 'fitness': 0.9486141268175545, 'generation': 328}","{'id': 23086, 'rank': 27, 'fitness': 0.7112463094474126, 'generation': 328}","{'id': 23079, 'rank': 28, 'fitness': 0.4380905188905644, 'generation': 328}","{'id': 22973, 'rank': 29, 'fitness': 0.0879179975285414, 'generation': 328}","{'id': 23126, 'rank': 30, 'fitness': 0.01798620996209155, 'generation': 328}"
"{'id': 22555, 'rank': 1, 'fitness': 0.9820137900379085, 'generation': 329}","{'id': 22555, 'rank': 2, 'fitness': 0.9820137900379085, 'generation': 329}","{'id': 22555, 'rank': 3, 'fitness': 0.9820137900379085, 'generation': 329}","{'id': 22555, 'rank': 4, 'fitness': 0.9820137900379085, 'generation': 329}","{'id': 22555, 'rank': 5, 'fitness': 0.9820137900379085, 'generation': 329}","{'id': 22555, 'rank': 6, 'fitness': 0.9820137900379085, 'generation': 329}","{'id': 22555, 'rank': 7, 'fitness': 0.9820137900379085, 'generation': 329}","{'id': 22555, 'rank': 8, 'fitness': 0.9820137900379085, 'generation': 329}","{'id': 22555, 'rank': 9, 'fitness': 0.9820137900379085, 'generation': 329}","{'id': 22555, 'rank': 10, 'fitness': 0.9820137900379085, 'generation': 329}","{'id': 22555, 'rank': 11, 'fitness': 0.9820137900379085, 'generation': 329}","{'id': 22555, 'rank': 12, 'fitness': 0.9820137900379085, 'generation': 329}","{'id': 22555, 'rank': 13, 'fitness': 0.9820137900379085, 'generation': 329}","{'id': 22555, 'rank': 14, 'fitness': 0.9820137900379085, 'generation': 329}","{'id': 22555, 'rank': 15, 'fitness': 0.9820137900379085, 'generation': 329}","{'id': 22555, 'rank': 16, 'fitness': 0.9820137900379085, 'generation': 329}","{'id': 22555, 'rank': 17, 'fitness': 0.9820137900379085, 'generation': 329}","{'id': 22555, 'rank': 18, 'fitness': 0.9820137900379085, 'generation': 329}","{'id': 22555, 'rank': 19, 'fitness': 0.9820137900379085, 'generation': 329}","{'id': 22555, 'rank': 20, 'fitness': 0.9820137900379085, 'generation': 329}","{'id': 22555, 'rank': 21, 'fitness': 0.9820137900379085, 'generation': 329}","{'id': 22555, 'rank': 22, 'fitness': 0.9820137900379085, 'generation': 329}","{'id': 22555, 'rank': 23, 'fitness': 0.9820137900379085, 'generation': 329}","{'id': 22555, 'rank': 24, 'fitness': 0.9820137900379085, 'generation': 329}","{'id': 22555, 'rank': 25, 'fitness': 0.9820137900379085, 'generation': 329}","{'id': 23061, 'rank': 26, 'fitness': 0.9796711136044852, 'generation': 329}","{'id': 22305, 'rank': 27, 'fitness': 0.8606470099289457, 'generation': 329}","{'id': 22305, 'rank': 28, 'fitness': 0.8606470099289457, 'generation': 329}","{'id': 23226, 'rank': 29, 'fitness': 0.6369049429437579, 'generation': 329}","{'id': 23189, 'rank': 30, 'fitness': 0.01798620996209155, 'generation': 329}"
"{'id': 22555, 'rank': 1, 'fitness': 0.9820137900379085, 'generation': 330}","{'id': 22555, 'rank': 2, 'fitness': 0.9820137900379085, 'generation': 330}","{'id': 22555, 'rank': 3, 'fitness': 0.9820137900379085, 'generation': 330}","{'id': 22555, 'rank': 4, 'fitness': 0.9820137900379085, 'generation': 330}","{'id': 22555, 'rank': 5, 'fitness': 0.9820137900379085, 'generation': 330}","{'id': 22555, 'rank': 6, 'fitness': 0.9820137900379085, 'generation': 330}","{'id': 22555, 'rank': 7, 'fitness': 0.9820137900379085, 'generation': 330}","{'id': 22555, 'rank': 8, 'fitness': 0.9820137900379085, 'generation': 330}","{'id': 22555, 'rank': 9, 'fitness': 0.9820137900379085, 'generation': 330}","{'id': 22555, 'rank': 10, 'fitness': 0.9820137900379085, 'generation': 330}","{'id': 22555, 'rank': 11, 'fitness': 0.9820137900379085, 'generation': 330}","{'id': 22555, 'rank': 12, 'fitness': 0.9820137900379085, 'generation': 330}","{'id': 22555, 'rank': 13, 'fitness': 0.9820137900379085, 'generation': 330}","{'id': 22555, 'rank': 14, 'fitness': 0.9820137900379085, 'generation': 330}","{'id': 22555, 'rank': 15, 'fitness': 0.9820137900379085, 'generation': 330}","{'id': 22555, 'rank': 16, 'fitness': 0.9820137900379085, 'generation': 330}","{'id': 22555, 'rank': 17, 'fitness': 0.9820137900379085, 'generation': 330}","{'id': 22555, 'rank': 18, 'fitness': 0.9820137900379085, 'generation': 330}","{'id': 22555, 'rank': 19, 'fitness': 0.9820137900379085, 'generation': 330}","{'id': 22555, 'rank': 20, 'fitness': 0.9820137900379085, 'generation': 330}","{'id': 22555, 'rank': 21, 'fitness': 0.9820137900379085, 'generation': 330}","{'id': 22555, 'rank': 22, 'fitness': 0.9820137900379085, 'generation': 330}","{'id': 22555, 'rank': 23, 'fitness': 0.9820137900379085, 'generation': 330}","{'id': 22555, 'rank': 24, 'fitness': 0.9820137900379085, 'generation': 330}","{'id': 23061, 'rank': 25, 'fitness': 0.9803856358396639, 'generation': 330}","{'id': 22305, 'rank': 26, 'fitness': 0.9211514342476317, 'generation': 330}","{'id': 23189, 'rank': 27, 'fitness': 0.15974637838496658, 'generation': 330}","{'id': 23284, 'rank': 28, 'fitness': 0.04943192375073424, 'generation': 330}","{'id': 23284, 'rank': 29, 'fitness': 0.04943192375073424, 'generation': 330}","{'id': 23278, 'rank': 30, 'fitness': 0.01798620996209155, 'generation': 330}"
"{'id': 22555, 'rank': 1, 'fitness': 0.9820137900379085, 'generation': 331}","{'id': 22555, 'rank': 2, 'fitness': 0.9820137900379085, 'generation': 331}","{'id': 22555, 'rank': 3, 'fitness': 0.9820137900379085, 'generation': 331}","{'id': 22555, 'rank': 4, 'fitness': 0.9820137900379085, 'generation': 331}","{'id': 22555, 'rank': 5, 'fitness': 0.9820137900379085, 'generation': 331}","{'id': 22555, 'rank': 6, 'fitness': 0.9820137900379085, 'generation': 331}","{'id': 22555, 'rank': 7, 'fitness': 0.9820137900379085, 'generation': 331}","{'id': 22555, 'rank': 8, 'fitness': 0.9820137900379085, 'generation': 331}","{'id': 22555, 'rank': 9, 'fitness': 0.9820137900379085, 'generation': 331}","{'id': 22555, 'rank': 10, 'fitness': 0.9820137900379085, 'generation': 331}","{'id': 22555, 'rank': 11, 'fitness': 0.9820137900379085, 'generation': 331}","{'id': 22555, 'rank': 12, 'fitness': 0.9820137900379085, 'generation': 331}","{'id': 22555, 'rank': 13, 'fitness': 0.9820137900379085, 'generation': 331}","{'id': 22555, 'rank': 14, 'fitness': 0.9820137900379085, 'generation': 331}","{'id': 22555, 'rank': 15, 'fitness': 0.9820137900379085, 'generation': 331}","{'id': 22555, 'rank': 16, 'fitness': 0.9820137900379085, 'generation': 331}","{'id': 22555, 'rank': 17, 'fitness': 0.9820137900379085, 'generation': 331}","{'id': 22555, 'rank': 18, 'fitness': 0.9820137900379085, 'generation': 331}","{'id': 22555, 'rank': 19, 'fitness': 0.9820137900379085, 'generation': 331}","{'id': 22555, 'rank': 20, 'fitness': 0.9820137900379085, 'generation': 331}","{'id': 22555, 'rank': 21, 'fitness': 0.9820137900379085, 'generation': 331}","{'id': 22555, 'rank': 22, 'fitness': 0.9820137900379085, 'generation': 331}","{'id': 22555, 'rank': 23, 'fitness': 0.9820137900379085, 'generation': 331}","{'id': 22555, 'rank': 24, 'fitness': 0.9820137900379085, 'generation': 331}","{'id': 22555, 'rank': 25, 'fitness': 0.9820137900379085, 'generation': 331}","{'id': 22555, 'rank': 26, 'fitness': 0.9820137900379085, 'generation': 331}","{'id': 23349, 'rank': 27, 'fitness': 0.7078233692406347, 'generation': 331}","{'id': 23349, 'rank': 28, 'fitness': 0.7078233692406347, 'generation': 331}","{'id': 23395, 'rank': 29, 'fitness': 0.6498649757399377, 'generation': 331}","{'id': 23340, 'rank': 30, 'fitness': 0.01798620996209155, 'generation': 331}"
"{'id': 22555, 'rank': 1, 'fitness': 0.9820137900379085, 'generation': 332}","{'id': 22555, 'rank': 2, 'fitness': 0.9820137900379085, 'generation': 332}","{'id': 22555, 'rank': 3, 'fitness': 0.9820137900379085, 'generation': 332}","{'id': 22555, 'rank': 4, 'fitness': 0.9820137900379085, 'generation': 332}","{'id': 22555, 'rank': 5, 'fitness': 0.9820137900379085, 'generation': 332}","{'id': 22555, 'rank': 6, 'fitness': 0.9820137900379085, 'generation': 332}","{'id': 22555, 'rank': 7, 'fitness': 0.9820137900379085, 'generation': 332}","{'id': 22555, 'rank': 8, 'fitness': 0.9820137900379085, 'generation': 332}","{'id': 22555, 'rank': 9, 'fitness': 0.9820137900379085, 'generation': 332}","{'id': 22555, 'rank': 10, 'fitness': 0.9820137900379085, 'generation': 332}","{'id': 22555, 'rank': 11, 'fitness': 0.9820137900379085, 'generation': 332}","{'id': 22555, 'rank': 12, 'fitness': 0.9820137900379085, 'generation': 332}","{'id': 22555, 'rank': 13, 'fitness': 0.9820137900379085, 'generation': 332}","{'id': 22555, 'rank': 14, 'fitness': 0.9820137900379085, 'generation': 332}","{'id': 22555, 'rank': 15, 'fitness': 0.9820137900379085, 'generation': 332}","{'id': 22555, 'rank': 16, 'fitness': 0.9820137900379085, 'generation': 332}","{'id': 22555, 'rank': 17, 'fitness': 0.9820137900379085, 'generation': 332}","{'id': 22555, 'rank': 18, 'fitness': 0.9820137900379085, 'generation': 332}","{'id': 22555, 'rank': 19, 'fitness': 0.9820137900379085, 'generation': 332}","{'id': 22555, 'rank': 20, 'fitness': 0.9820137900379085, 'generation': 332}","{'id': 22555, 'rank': 21, 'fitness': 0.9820137900379085, 'generation': 332}","{'id': 22555, 'rank': 22, 'fitness': 0.9820137900379085, 'generation': 332}","{'id': 22555, 'rank': 23, 'fitness': 0.9820137900379085, 'generation': 332}","{'id': 22555, 'rank': 24, 'fitness': 0.9820137900379085, 'generation': 332}","{'id': 22555, 'rank': 25, 'fitness': 0.9820137900379085, 'generation': 332}","{'id': 22555, 'rank': 26, 'fitness': 0.9820137900379085, 'generation': 332}","{'id': 22555, 'rank': 27, 'fitness': 0.9820137900379085, 'generation': 332}","{'id': 22555, 'rank': 28, 'fitness': 0.9820137900379085, 'generation': 332}","{'id': 23462, 'rank': 29, 'fitness': 0.9237791270767226, 'generation': 332}","{'id': 23459, 'rank': 30, 'fitness': 0.01798620996209155, 'generation': 332}"
"{'id': 22555, 'rank': 1, 'fitness': 0.9820137900379085, 'generation': 333}","{'id': 22555, 'rank': 2, 'fitness': 0.9820137900379085, 'generation': 333}","{'id': 22555, 'rank': 3, 'fitness': 0.9820137900379085, 'generation': 333}","{'id': 22555, 'rank': 4, 'fitness': 0.9820137900379085, 'generation': 333}","{'id': 22555, 'rank': 5, 'fitness': 0.9820137900379085, 'generation': 333}","{'id': 22555, 'rank': 6, 'fitness': 0.9820137900379085, 'generation': 333}","{'id': 22555, 'rank': 7, 'fitness': 0.9820137900379085, 'generation': 333}","{'id': 22555, 'rank': 8, 'fitness': 0.9820137900379085, 'generation': 333}","{'id': 22555, 'rank': 9, 'fitness': 0.9820137900379085, 'generation': 333}","{'id': 22555, 'rank': 10, 'fitness': 0.9820137900379085, 'generation': 333}","{'id': 22555, 'rank': 11, 'fitness': 0.9820137900379085, 'generation': 333}","{'id': 22555, 'rank': 12, 'fitness': 0.9820137900379085, 'generation': 333}","{'id': 22555, 'rank': 13, 'fitness': 0.9820137900379085, 'generation': 333}","{'id': 22555, 'rank': 14, 'fitness': 0.9820137900379085, 'generation': 333}","{'id': 22555, 'rank': 15, 'fitness': 0.9820137900379085, 'generation': 333}","{'id': 22555, 'rank': 16, 'fitness': 0.9820137900379085, 'generation': 333}","{'id': 22555, 'rank': 17, 'fitness': 0.9820137900379085, 'generation': 333}","{'id': 22555, 'rank': 18, 'fitness': 0.9820137900379085, 'generation': 333}","{'id': 22555, 'rank': 19, 'fitness': 0.9820137900379085, 'generation': 333}","{'id': 22555, 'rank': 20, 'fitness': 0.9820137900379085, 'generation': 333}","{'id': 22555, 'rank': 21, 'fitness': 0.9820137900379085, 'generation': 333}","{'id': 22555, 'rank': 22, 'fitness': 0.9820137900379085, 'generation': 333}","{'id': 22555, 'rank': 23, 'fitness': 0.9820137900379085, 'generation': 333}","{'id': 22555, 'rank': 24, 'fitness': 0.9820137900379085, 'generation': 333}","{'id': 22555, 'rank': 25, 'fitness': 0.9820137900379085, 'generation': 333}","{'id': 22555, 'rank': 26, 'fitness': 0.9820137900379085, 'generation': 333}","{'id': 22555, 'rank': 27, 'fitness': 0.9820137900379085, 'generation': 333}","{'id': 22555, 'rank': 28, 'fitness': 0.9820137900379085, 'generation': 333}","{'id': 23570, 'rank': 29, 'fitness': 0.08128717762491938, 'generation': 333}","{'id': 23560, 'rank': 30, 'fitness': 0.01798620996209155, 'generation': 333}"
"{'id': 23614, 'rank': 1, 'fitness': 0.9820137900379085, 'generation': 334}","{'id': 22555, 'rank': 2, 'fitness': 0.9582855027236086, 'generation': 334}","{'id': 22555, 'rank': 3, 'fitness': 0.9582855027236086, 'generation': 334}","{'id': 22555, 'rank': 4, 'fitness': 0.9582855027236086, 'generation': 334}","{'id': 22555, 'rank': 5, 'fitness': 0.9582855027236086, 'generation': 334}","{'id': 22555, 'rank': 6, 'fitness': 0.9582855027236086, 'generation': 334}","{'id': 22555, 'rank': 7, 'fitness': 0.9582855027236086, 'generation': 334}","{'id': 22555, 'rank': 8, 'fitness': 0.9582855027236086, 'generation': 334}","{'id': 22555, 'rank': 9, 'fitness': 0.9582855027236086, 'generation': 334}","{'id': 22555, 'rank': 10, 'fitness': 0.9582855027236086, 'generation': 334}","{'id': 22555, 'rank': 11, 'fitness': 0.9582855027236086, 'generation': 334}","{'id': 22555, 'rank': 12, 'fitness': 0.9582855027236086, 'generation': 334}","{'id': 22555, 'rank': 13, 'fitness': 0.9582855027236086, 'generation': 334}","{'id': 22555, 'rank': 14, 'fitness': 0.9582855027236086, 'generation': 334}","{'id': 22555, 'rank': 15, 'fitness': 0.9582855027236086, 'generation': 334}","{'id': 22555, 'rank': 16, 'fitness': 0.9582855027236086, 'generation': 334}","{'id': 22555, 'rank': 17, 'fitness': 0.9582855027236086, 'generation': 334}","{'id': 22555, 'rank': 18, 'fitness': 0.9582855027236086, 'generation': 334}","{'id': 22555, 'rank': 19, 'fitness': 0.9582855027236086, 'generation': 334}","{'id': 22555, 'rank': 20, 'fitness': 0.9582855027236086, 'generation': 334}","{'id': 22555, 'rank': 21, 'fitness': 0.9582855027236086, 'generation': 334}","{'id': 22555, 'rank': 22, 'fitness': 0.9582855027236086, 'generation': 334}","{'id': 22555, 'rank': 23, 'fitness': 0.9582855027236086, 'generation': 334}","{'id': 22555, 'rank': 24, 'fitness': 0.9582855027236086, 'generation': 334}","{'id': 22555, 'rank': 25, 'fitness': 0.9582855027236086, 'generation': 334}","{'id': 22555, 'rank': 26, 'fitness': 0.9582855027236086, 'generation': 334}","{'id': 22555, 'rank': 27, 'fitness': 0.9582855027236086, 'generation': 334}","{'id': 23575, 'rank': 28, 'fitness': 0.7510735047571683, 'generation': 334}","{'id': 23582, 'rank': 29, 'fitness': 0.01798620996209155, 'generation': 334}","{'id': 23582, 'rank': 30, 'fitness': 0.01798620996209155, 'generation': 334}"
"{'id': 22555, 'rank': 1, 'fitness': 0.9820137900379085, 'generation': 335}","{'id': 22555, 'rank': 2, 'fitness': 0.9820137900379085, 'generation': 335}","{'id': 22555, 'rank': 3, 'fitness': 0.9820137900379085, 'generation': 335}","{'id': 22555, 'rank': 4, 'fitness': 0.9820137900379085, 'generation': 335}","{'id': 22555, 'rank': 5, 'fitness': 0.9820137900379085, 'generation': 335}","{'id': 22555, 'rank': 6, 'fitness': 0.9820137900379085, 'generation': 335}","{'id': 22555, 'rank': 7, 'fitness': 0.9820137900379085, 'generation': 335}","{'id': 22555, 'rank': 8, 'fitness': 0.9820137900379085, 'generation': 335}","{'id': 22555, 'rank': 9, 'fitness': 0.9820137900379085, 'generation': 335}","{'id': 22555, 'rank': 10, 'fitness': 0.9820137900379085, 'generation': 335}","{'id': 22555, 'rank': 11, 'fitness': 0.9820137900379085, 'generation': 335}","{'id': 22555, 'rank': 12, 'fitness': 0.9820137900379085, 'generation': 335}","{'id': 22555, 'rank': 13, 'fitness': 0.9820137900379085, 'generation': 335}","{'id': 22555, 'rank': 14, 'fitness': 0.9820137900379085, 'generation': 335}","{'id': 22555, 'rank': 15, 'fitness': 0.9820137900379085, 'generation': 335}","{'id': 22555, 'rank': 16, 'fitness': 0.9820137900379085, 'generation': 335}","{'id': 22555, 'rank': 17, 'fitness': 0.9820137900379085, 'generation': 335}","{'id': 22555, 'rank': 18, 'fitness': 0.9820137900379085, 'generation': 335}","{'id': 22555, 'rank': 19, 'fitness': 0.9820137900379085, 'generation': 335}","{'id': 22555, 'rank': 20, 'fitness': 0.9820137900379085, 'generation': 335}","{'id': 22555, 'rank': 21, 'fitness': 0.9820137900379085, 'generation': 335}","{'id': 22555, 'rank': 22, 'fitness': 0.9820137900379085, 'generation': 335}","{'id': 22555, 'rank': 23, 'fitness': 0.9820137900379085, 'generation': 335}","{'id': 22555, 'rank': 24, 'fitness': 0.9820137900379085, 'generation': 335}","{'id': 22555, 'rank': 25, 'fitness': 0.9820137900379085, 'generation': 335}","{'id': 22555, 'rank': 26, 'fitness': 0.9820137900379085, 'generation': 335}","{'id': 22555, 'rank': 27, 'fitness': 0.9820137900379085, 'generation': 335}","{'id': 22555, 'rank': 28, 'fitness': 0.9820137900379085, 'generation': 335}","{'id': 23708, 'rank': 29, 'fitness': 0.09732927848007084, 'generation': 335}","{'id': 23695, 'rank': 30, 'fitness': 0.01798620996209155, 'generation': 335}"
"{'id': 22555, 'rank': 1, 'fitness': 0.9820137900379085, 'generation': 336}","{'id': 22555, 'rank': 2, 'fitness': 0.9820137900379085, 'generation': 336}","{'id': 22555, 'rank': 3, 'fitness': 0.9820137900379085, 'generation': 336}","{'id': 22555, 'rank': 4, 'fitness': 0.9820137900379085, 'generation': 336}","{'id': 22555, 'rank': 5, 'fitness': 0.9820137900379085, 'generation': 336}","{'id': 22555, 'rank': 6, 'fitness': 0.9820137900379085, 'generation': 336}","{'id': 22555, 'rank': 7, 'fitness': 0.9820137900379085, 'generation': 336}","{'id': 22555, 'rank': 8, 'fitness': 0.9820137900379085, 'generation': 336}","{'id': 22555, 'rank': 9, 'fitness': 0.9820137900379085, 'generation': 336}","{'id': 22555, 'rank': 10, 'fitness': 0.9820137900379085, 'generation': 336}","{'id': 22555, 'rank': 11, 'fitness': 0.9820137900379085, 'generation': 336}","{'id': 22555, 'rank': 12, 'fitness': 0.9820137900379085, 'generation': 336}","{'id': 22555, 'rank': 13, 'fitness': 0.9820137900379085, 'generation': 336}","{'id': 22555, 'rank': 14, 'fitness': 0.9820137900379085, 'generation': 336}","{'id': 22555, 'rank': 15, 'fitness': 0.9820137900379085, 'generation': 336}","{'id': 22555, 'rank': 16, 'fitness': 0.9820137900379085, 'generation': 336}","{'id': 22555, 'rank': 17, 'fitness': 0.9820137900379085, 'generation': 336}","{'id': 22555, 'rank': 18, 'fitness': 0.9820137900379085, 'generation': 336}","{'id': 22555, 'rank': 19, 'fitness': 0.9820137900379085, 'generation': 336}","{'id': 22555, 'rank': 20, 'fitness': 0.9820137900379085, 'generation': 336}","{'id': 22555, 'rank': 21, 'fitness': 0.9820137900379085, 'generation': 336}","{'id': 22555, 'rank': 22, 'fitness': 0.9820137900379085, 'generation': 336}","{'id': 22555, 'rank': 23, 'fitness': 0.9820137900379085, 'generation': 336}","{'id': 22555, 'rank': 24, 'fitness': 0.9820137900379085, 'generation': 336}","{'id': 22555, 'rank': 25, 'fitness': 0.9820137900379085, 'generation': 336}","{'id': 23769, 'rank': 26, 'fitness': 0.9121663807212894, 'generation': 336}","{'id': 23774, 'rank': 27, 'fitness': 0.4644512441455679, 'generation': 336}","{'id': 23774, 'rank': 28, 'fitness': 0.4644512441455679, 'generation': 336}","{'id': 23731, 'rank': 29, 'fitness': 0.07221725702654946, 'generation': 336}","{'id': 23729, 'rank': 30, 'fitness': 0.01798620996209155, 'generation': 336}"
"{'id': 22555, 'rank': 1, 'fitness': 0.9820137900379085, 'generation': 337}","{'id': 22555, 'rank': 2, 'fitness': 0.9820137900379085, 'generation': 337}","{'id': 22555, 'rank': 3, 'fitness': 0.9820137900379085, 'generation': 337}","{'id': 22555, 'rank': 4, 'fitness': 0.9820137900379085, 'generation': 337}","{'id': 22555, 'rank': 5, 'fitness': 0.9820137900379085, 'generation': 337}","{'id': 22555, 'rank': 6, 'fitness': 0.9820137900379085, 'generation': 337}","{'id': 22555, 'rank': 7, 'fitness': 0.9820137900379085, 'generation': 337}","{'id': 22555, 'rank': 8, 'fitness': 0.9820137900379085, 'generation': 337}","{'id': 22555, 'rank': 9, 'fitness': 0.9820137900379085, 'generation': 337}","{'id': 22555, 'rank': 10, 'fitness': 0.9820137900379085, 'generation': 337}","{'id': 22555, 'rank': 11, 'fitness': 0.9820137900379085, 'generation': 337}","{'id': 22555, 'rank': 12, 'fitness': 0.9820137900379085, 'generation': 337}","{'id': 22555, 'rank': 13, 'fitness': 0.9820137900379085, 'generation': 337}","{'id': 22555, 'rank': 14, 'fitness': 0.9820137900379085, 'generation': 337}","{'id': 22555, 'rank': 15, 'fitness': 0.9820137900379085, 'generation': 337}","{'id': 22555, 'rank': 16, 'fitness': 0.9820137900379085, 'generation': 337}","{'id': 22555, 'rank': 17, 'fitness': 0.9820137900379085, 'generation': 337}","{'id': 22555, 'rank': 18, 'fitness': 0.9820137900379085, 'generation': 337}","{'id': 22555, 'rank': 19, 'fitness': 0.9820137900379085, 'generation': 337}","{'id': 22555, 'rank': 20, 'fitness': 0.9820137900379085, 'generation': 337}","{'id': 22555, 'rank': 21, 'fitness': 0.9820137900379085, 'generation': 337}","{'id': 22555, 'rank': 22, 'fitness': 0.9820137900379085, 'generation': 337}","{'id': 22555, 'rank': 23, 'fitness': 0.9820137900379085, 'generation': 337}","{'id': 22555, 'rank': 24, 'fitness': 0.9820137900379085, 'generation': 337}","{'id': 22555, 'rank': 25, 'fitness': 0.9820137900379085, 'generation': 337}","{'id': 22555, 'rank': 26, 'fitness': 0.9820137900379085, 'generation': 337}","{'id': 22555, 'rank': 27, 'fitness': 0.9820137900379085, 'generation': 337}","{'id': 23854, 'rank': 28, 'fitness': 0.4738316206526411, 'generation': 337}","{'id': 23873, 'rank': 29, 'fitness': 0.05477335926210136, 'generation': 337}","{'id': 23774, 'rank': 30, 'fitness': 0.01798620996209155, 'generation': 337}"
"{'id': 22555, 'rank': 1, 'fitness': 0.9820137900379085, 'generation': 338}","{'id': 22555, 'rank': 2, 'fitness': 0.9820137900379085, 'generation': 338}","{'id': 22555, 'rank': 3, 'fitness': 0.9820137900379085, 'generation': 338}","{'id': 22555, 'rank': 4, 'fitness': 0.9820137900379085, 'generation': 338}","{'id': 22555, 'rank': 5, 'fitness': 0.9820137900379085, 'generation': 338}","{'id': 22555, 'rank': 6, 'fitness': 0.9820137900379085, 'generation': 338}","{'id': 22555, 'rank': 7, 'fitness': 0.9820137900379085, 'generation': 338}","{'id': 22555, 'rank': 8, 'fitness': 0.9820137900379085, 'generation': 338}","{'id': 22555, 'rank': 9, 'fitness': 0.9820137900379085, 'generation': 338}","{'id': 22555, 'rank': 10, 'fitness': 0.9820137900379085, 'generation': 338}","{'id': 22555, 'rank': 11, 'fitness': 0.9820137900379085, 'generation': 338}","{'id': 22555, 'rank': 12, 'fitness': 0.9820137900379085, 'generation': 338}","{'id': 22555, 'rank': 13, 'fitness': 0.9820137900379085, 'generation': 338}","{'id': 22555, 'rank': 14, 'fitness': 0.9820137900379085, 'generation': 338}","{'id': 22555, 'rank': 15, 'fitness': 0.9820137900379085, 'generation': 338}","{'id': 22555, 'rank': 16, 'fitness': 0.9820137900379085, 'generation': 338}","{'id': 22555, 'rank': 17, 'fitness': 0.9820137900379085, 'generation': 338}","{'id': 22555, 'rank': 18, 'fitness': 0.9820137900379085, 'generation': 338}","{'id': 22555, 'rank': 19, 'fitness': 0.9820137900379085, 'generation': 338}","{'id': 22555, 'rank': 20, 'fitness': 0.9820137900379085, 'generation': 338}","{'id': 22555, 'rank': 21, 'fitness': 0.9820137900379085, 'generation': 338}","{'id': 22555, 'rank': 22, 'fitness': 0.9820137900379085, 'generation': 338}","{'id': 22555, 'rank': 23, 'fitness': 0.9820137900379085, 'generation': 338}","{'id': 22555, 'rank': 24, 'fitness': 0.9820137900379085, 'generation': 338}","{'id': 22555, 'rank': 25, 'fitness': 0.9820137900379085, 'generation': 338}","{'id': 22555, 'rank': 26, 'fitness': 0.9820137900379085, 'generation': 338}","{'id': 22555, 'rank': 27, 'fitness': 0.9820137900379085, 'generation': 338}","{'id': 22555, 'rank': 28, 'fitness': 0.9820137900379085, 'generation': 338}","{'id': 23935, 'rank': 29, 'fitness': 0.4912774989308971, 'generation': 338}","{'id': 23854, 'rank': 30, 'fitness': 0.01798620996209155, 'generation': 338}"
"{'id': 22555, 'rank': 1, 'fitness': 0.9820137900379085, 'generation': 339}","{'id': 22555, 'rank': 2, 'fitness': 0.9820137900379085, 'generation': 339}","{'id': 22555, 'rank': 3, 'fitness': 0.9820137900379085, 'generation': 339}","{'id': 22555, 'rank': 4, 'fitness': 0.9820137900379085, 'generation': 339}","{'id': 22555, 'rank': 5, 'fitness': 0.9820137900379085, 'generation': 339}","{'id': 22555, 'rank': 6, 'fitness': 0.9820137900379085, 'generation': 339}","{'id': 22555, 'rank': 7, 'fitness': 0.9820137900379085, 'generation': 339}","{'id': 22555, 'rank': 8, 'fitness': 0.9820137900379085, 'generation': 339}","{'id': 22555, 'rank': 9, 'fitness': 0.9820137900379085, 'generation': 339}","{'id': 22555, 'rank': 10, 'fitness': 0.9820137900379085, 'generation': 339}","{'id': 22555, 'rank': 11, 'fitness': 0.9820137900379085, 'generation': 339}","{'id': 22555, 'rank': 12, 'fitness': 0.9820137900379085, 'generation': 339}","{'id': 22555, 'rank': 13, 'fitness': 0.9820137900379085, 'generation': 339}","{'id': 22555, 'rank': 14, 'fitness': 0.9820137900379085, 'generation': 339}","{'id': 22555, 'rank': 15, 'fitness': 0.9820137900379085, 'generation': 339}","{'id': 22555, 'rank': 16, 'fitness': 0.9820137900379085, 'generation': 339}","{'id': 22555, 'rank': 17, 'fitness': 0.9820137900379085, 'generation': 339}","{'id': 22555, 'rank': 18, 'fitness': 0.9820137900379085, 'generation': 339}","{'id': 22555, 'rank': 19, 'fitness': 0.9820137900379085, 'generation': 339}","{'id': 22555, 'rank': 20, 'fitness': 0.9820137900379085, 'generation': 339}","{'id': 22555, 'rank': 21, 'fitness': 0.9820137900379085, 'generation': 339}","{'id': 22555, 'rank': 22, 'fitness': 0.9820137900379085, 'generation': 339}","{'id': 22555, 'rank': 23, 'fitness': 0.9820137900379085, 'generation': 339}","{'id': 22555, 'rank': 24, 'fitness': 0.9820137900379085, 'generation': 339}","{'id': 22555, 'rank': 25, 'fitness': 0.9820137900379085, 'generation': 339}","{'id': 23935, 'rank': 26, 'fitness': 0.9507154972399264, 'generation': 339}","{'id': 24015, 'rank': 27, 'fitness': 0.8255236751061473, 'generation': 339}","{'id': 24050, 'rank': 28, 'fitness': 0.6711984617582649, 'generation': 339}","{'id': 24013, 'rank': 29, 'fitness': 0.29851152439175577, 'generation': 339}","{'id': 24008, 'rank': 30, 'fitness': 0.01798620996209155, 'generation': 339}"
"{'id': 22555, 'rank': 1, 'fitness': 0.9820137900379085, 'generation': 340}","{'id': 22555, 'rank': 2, 'fitness': 0.9820137900379085, 'generation': 340}","{'id': 22555, 'rank': 3, 'fitness': 0.9820137900379085, 'generation': 340}","{'id': 22555, 'rank': 4, 'fitness': 0.9820137900379085, 'generation': 340}","{'id': 22555, 'rank': 5, 'fitness': 0.9820137900379085, 'generation': 340}","{'id': 22555, 'rank': 6, 'fitness': 0.9820137900379085, 'generation': 340}","{'id': 22555, 'rank': 7, 'fitness': 0.9820137900379085, 'generation': 340}","{'id': 22555, 'rank': 8, 'fitness': 0.9820137900379085, 'generation': 340}","{'id': 22555, 'rank': 9, 'fitness': 0.9820137900379085, 'generation': 340}","{'id': 22555, 'rank': 10, 'fitness': 0.9820137900379085, 'generation': 340}","{'id': 22555, 'rank': 11, 'fitness': 0.9820137900379085, 'generation': 340}","{'id': 22555, 'rank': 12, 'fitness': 0.9820137900379085, 'generation': 340}","{'id': 22555, 'rank': 13, 'fitness': 0.9820137900379085, 'generation': 340}","{'id': 22555, 'rank': 14, 'fitness': 0.9820137900379085, 'generation': 340}","{'id': 22555, 'rank': 15, 'fitness': 0.9820137900379085, 'generation': 340}","{'id': 22555, 'rank': 16, 'fitness': 0.9820137900379085, 'generation': 340}","{'id': 22555, 'rank': 17, 'fitness': 0.9820137900379085, 'generation': 340}","{'id': 22555, 'rank': 18, 'fitness': 0.9820137900379085, 'generation': 340}","{'id': 22555, 'rank': 19, 'fitness': 0.9820137900379085, 'generation': 340}","{'id': 22555, 'rank': 20, 'fitness': 0.9820137900379085, 'generation': 340}","{'id': 22555, 'rank': 21, 'fitness': 0.9820137900379085, 'generation': 340}","{'id': 22555, 'rank': 22, 'fitness': 0.9820137900379085, 'generation': 340}","{'id': 22555, 'rank': 23, 'fitness': 0.9820137900379085, 'generation': 340}","{'id': 22555, 'rank': 24, 'fitness': 0.9820137900379085, 'generation': 340}","{'id': 22555, 'rank': 25, 'fitness': 0.9820137900379085, 'generation': 340}","{'id': 23935, 'rank': 26, 'fitness': 0.9587218710160574, 'generation': 340}","{'id': 24050, 'rank': 27, 'fitness': 0.7858486526349242, 'generation': 340}","{'id': 24139, 'rank': 28, 'fitness': 0.452934053677725, 'generation': 340}","{'id': 24152, 'rank': 29, 'fitness': 0.332980538263133, 'generation': 340}","{'id': 24141, 'rank': 30, 'fitness': 0.01798620996209155, 'generation': 340}"
"{'id': 24215, 'rank': 1, 'fitness': 0.9820137900379085, 'generation': 341}","{'id': 22555, 'rank': 2, 'fitness': 0.9791661104030582, 'generation': 341}","{'id': 22555, 'rank': 3, 'fitness': 0.9791661104030582, 'generation': 341}","{'id': 22555, 'rank': 4, 'fitness': 0.9791661104030582, 'generation': 341}","{'id': 22555, 'rank': 5, 'fitness': 0.9791661104030582, 'generation': 341}","{'id': 22555, 'rank': 6, 'fitness': 0.9791661104030582, 'generation': 341}","{'id': 22555, 'rank': 7, 'fitness': 0.9791661104030582, 'generation': 341}","{'id': 22555, 'rank': 8, 'fitness': 0.9791661104030582, 'generation': 341}","{'id': 22555, 'rank': 9, 'fitness': 0.9791661104030582, 'generation': 341}","{'id': 22555, 'rank': 10, 'fitness': 0.9791661104030582, 'generation': 341}","{'id': 22555, 'rank': 11, 'fitness': 0.9791661104030582, 'generation': 341}","{'id': 22555, 'rank': 12, 'fitness': 0.9791661104030582, 'generation': 341}","{'id': 22555, 'rank': 13, 'fitness': 0.9791661104030582, 'generation': 341}","{'id': 22555, 'rank': 14, 'fitness': 0.9791661104030582, 'generation': 341}","{'id': 22555, 'rank': 15, 'fitness': 0.9791661104030582, 'generation': 341}","{'id': 22555, 'rank': 16, 'fitness': 0.9791661104030582, 'generation': 341}","{'id': 22555, 'rank': 17, 'fitness': 0.9791661104030582, 'generation': 341}","{'id': 22555, 'rank': 18, 'fitness': 0.9791661104030582, 'generation': 341}","{'id': 22555, 'rank': 19, 'fitness': 0.9791661104030582, 'generation': 341}","{'id': 22555, 'rank': 20, 'fitness': 0.9791661104030582, 'generation': 341}","{'id': 22555, 'rank': 21, 'fitness': 0.9791661104030582, 'generation': 341}","{'id': 22555, 'rank': 22, 'fitness': 0.9791661104030582, 'generation': 341}","{'id': 22555, 'rank': 23, 'fitness': 0.9791661104030582, 'generation': 341}","{'id': 22555, 'rank': 24, 'fitness': 0.9791661104030582, 'generation': 341}","{'id': 23935, 'rank': 25, 'fitness': 0.9464849930500308, 'generation': 341}","{'id': 23935, 'rank': 26, 'fitness': 0.9464849930500308, 'generation': 341}","{'id': 24164, 'rank': 27, 'fitness': 0.6873362697355613, 'generation': 341}","{'id': 24229, 'rank': 28, 'fitness': 0.42678864322174914, 'generation': 341}","{'id': 24223, 'rank': 29, 'fitness': 0.023489728298047186, 'generation': 341}","{'id': 24162, 'rank': 30, 'fitness': 0.01798620996209155, 'generation': 341}"
"{'id': 24215, 'rank': 1, 'fitness': 0.9820137900379085, 'generation': 342}","{'id': 22555, 'rank': 2, 'fitness': 0.9788155053958041, 'generation': 342}","{'id': 22555, 'rank': 3, 'fitness': 0.9788155053958041, 'generation': 342}","{'id': 22555, 'rank': 4, 'fitness': 0.9788155053958041, 'generation': 342}","{'id': 22555, 'rank': 5, 'fitness': 0.9788155053958041, 'generation': 342}","{'id': 22555, 'rank': 6, 'fitness': 0.9788155053958041, 'generation': 342}","{'id': 22555, 'rank': 7, 'fitness': 0.9788155053958041, 'generation': 342}","{'id': 22555, 'rank': 8, 'fitness': 0.9788155053958041, 'generation': 342}","{'id': 22555, 'rank': 9, 'fitness': 0.9788155053958041, 'generation': 342}","{'id': 22555, 'rank': 10, 'fitness': 0.9788155053958041, 'generation': 342}","{'id': 22555, 'rank': 11, 'fitness': 0.9788155053958041, 'generation': 342}","{'id': 22555, 'rank': 12, 'fitness': 0.9788155053958041, 'generation': 342}","{'id': 22555, 'rank': 13, 'fitness': 0.9788155053958041, 'generation': 342}","{'id': 22555, 'rank': 14, 'fitness': 0.9788155053958041, 'generation': 342}","{'id': 22555, 'rank': 15, 'fitness': 0.9788155053958041, 'generation': 342}","{'id': 22555, 'rank': 16, 'fitness': 0.9788155053958041, 'generation': 342}","{'id': 22555, 'rank': 17, 'fitness': 0.9788155053958041, 'generation': 342}","{'id': 22555, 'rank': 18, 'fitness': 0.9788155053958041, 'generation': 342}","{'id': 22555, 'rank': 19, 'fitness': 0.9788155053958041, 'generation': 342}","{'id': 22555, 'rank': 20, 'fitness': 0.9788155053958041, 'generation': 342}","{'id': 22555, 'rank': 21, 'fitness': 0.9788155053958041, 'generation': 342}","{'id': 22555, 'rank': 22, 'fitness': 0.9788155053958041, 'generation': 342}","{'id': 22555, 'rank': 23, 'fitness': 0.9788155053958041, 'generation': 342}","{'id': 22555, 'rank': 24, 'fitness': 0.9788155053958041, 'generation': 342}","{'id': 23935, 'rank': 25, 'fitness': 0.9396070383372505, 'generation': 342}","{'id': 23935, 'rank': 26, 'fitness': 0.9396070383372505, 'generation': 342}","{'id': 24291, 'rank': 27, 'fitness': 0.09239798441636665, 'generation': 342}","{'id': 24257, 'rank': 28, 'fitness': 0.0666248335614616, 'generation': 342}","{'id': 24252, 'rank': 29, 'fitness': 0.057018080038096164, 'generation': 342}","{'id': 24269, 'rank': 30, 'fitness': 0.01798620996209155, 'generation': 342}"
"{'id': 24215, 'rank': 1, 'fitness': 0.9820137900379085, 'generation': 343}","{'id': 22555, 'rank': 2, 'fitness': 0.9496108229738753, 'generation': 343}","{'id': 22555, 'rank': 3, 'fitness': 0.9496108229738753, 'generation': 343}","{'id': 22555, 'rank': 4, 'fitness': 0.9496108229738753, 'generation': 343}","{'id': 22555, 'rank': 5, 'fitness': 0.9496108229738753, 'generation': 343}","{'id': 22555, 'rank': 6, 'fitness': 0.9496108229738753, 'generation': 343}","{'id': 22555, 'rank': 7, 'fitness': 0.9496108229738753, 'generation': 343}","{'id': 22555, 'rank': 8, 'fitness': 0.9496108229738753, 'generation': 343}","{'id': 22555, 'rank': 9, 'fitness': 0.9496108229738753, 'generation': 343}","{'id': 22555, 'rank': 10, 'fitness': 0.9496108229738753, 'generation': 343}","{'id': 22555, 'rank': 11, 'fitness': 0.9496108229738753, 'generation': 343}","{'id': 22555, 'rank': 12, 'fitness': 0.9496108229738753, 'generation': 343}","{'id': 22555, 'rank': 13, 'fitness': 0.9496108229738753, 'generation': 343}","{'id': 22555, 'rank': 14, 'fitness': 0.9496108229738753, 'generation': 343}","{'id': 22555, 'rank': 15, 'fitness': 0.9496108229738753, 'generation': 343}","{'id': 22555, 'rank': 16, 'fitness': 0.9496108229738753, 'generation': 343}","{'id': 22555, 'rank': 17, 'fitness': 0.9496108229738753, 'generation': 343}","{'id': 22555, 'rank': 18, 'fitness': 0.9496108229738753, 'generation': 343}","{'id': 22555, 'rank': 19, 'fitness': 0.9496108229738753, 'generation': 343}","{'id': 22555, 'rank': 20, 'fitness': 0.9496108229738753, 'generation': 343}","{'id': 22555, 'rank': 21, 'fitness': 0.9496108229738753, 'generation': 343}","{'id': 22555, 'rank': 22, 'fitness': 0.9496108229738753, 'generation': 343}","{'id': 22555, 'rank': 23, 'fitness': 0.9496108229738753, 'generation': 343}","{'id': 22555, 'rank': 24, 'fitness': 0.9496108229738753, 'generation': 343}","{'id': 22555, 'rank': 25, 'fitness': 0.9496108229738753, 'generation': 343}","{'id': 22555, 'rank': 26, 'fitness': 0.9496108229738753, 'generation': 343}","{'id': 22555, 'rank': 27, 'fitness': 0.9496108229738753, 'generation': 343}","{'id': 22555, 'rank': 28, 'fitness': 0.9496108229738753, 'generation': 343}","{'id': 22555, 'rank': 29, 'fitness': 0.9496108229738753, 'generation': 343}","{'id': 23935, 'rank': 30, 'fitness': 0.01798620996209155, 'generation': 343}"
"{'id': 24215, 'rank': 1, 'fitness': 0.9820137900379085, 'generation': 344}","{'id': 24215, 'rank': 2, 'fitness': 0.9820137900379085, 'generation': 344}","{'id': 24215, 'rank': 3, 'fitness': 0.9820137900379085, 'generation': 344}","{'id': 22555, 'rank': 4, 'fitness': 0.9816691726310525, 'generation': 344}","{'id': 22555, 'rank': 5, 'fitness': 0.9816691726310525, 'generation': 344}","{'id': 22555, 'rank': 6, 'fitness': 0.9816691726310525, 'generation': 344}","{'id': 22555, 'rank': 7, 'fitness': 0.9816691726310525, 'generation': 344}","{'id': 22555, 'rank': 8, 'fitness': 0.9816691726310525, 'generation': 344}","{'id': 22555, 'rank': 9, 'fitness': 0.9816691726310525, 'generation': 344}","{'id': 22555, 'rank': 10, 'fitness': 0.9816691726310525, 'generation': 344}","{'id': 22555, 'rank': 11, 'fitness': 0.9816691726310525, 'generation': 344}","{'id': 22555, 'rank': 12, 'fitness': 0.9816691726310525, 'generation': 344}","{'id': 22555, 'rank': 13, 'fitness': 0.9816691726310525, 'generation': 344}","{'id': 22555, 'rank': 14, 'fitness': 0.9816691726310525, 'generation': 344}","{'id': 22555, 'rank': 15, 'fitness': 0.9816691726310525, 'generation': 344}","{'id': 22555, 'rank': 16, 'fitness': 0.9816691726310525, 'generation': 344}","{'id': 22555, 'rank': 17, 'fitness': 0.9816691726310525, 'generation': 344}","{'id': 22555, 'rank': 18, 'fitness': 0.9816691726310525, 'generation': 344}","{'id': 22555, 'rank': 19, 'fitness': 0.9816691726310525, 'generation': 344}","{'id': 22555, 'rank': 20, 'fitness': 0.9816691726310525, 'generation': 344}","{'id': 22555, 'rank': 21, 'fitness': 0.9816691726310525, 'generation': 344}","{'id': 22555, 'rank': 22, 'fitness': 0.9816691726310525, 'generation': 344}","{'id': 22555, 'rank': 23, 'fitness': 0.9816691726310525, 'generation': 344}","{'id': 22555, 'rank': 24, 'fitness': 0.9816691726310525, 'generation': 344}","{'id': 24426, 'rank': 25, 'fitness': 0.9685202288543444, 'generation': 344}","{'id': 24439, 'rank': 26, 'fitness': 0.05995403597051818, 'generation': 344}","{'id': 24477, 'rank': 27, 'fitness': 0.04943406914349957, 'generation': 344}","{'id': 24445, 'rank': 28, 'fitness': 0.03857323747579694, 'generation': 344}","{'id': 24469, 'rank': 29, 'fitness': 0.036668503952808906, 'generation': 344}","{'id': 24453, 'rank': 30, 'fitness': 0.01798620996209155, 'generation': 344}"
"{'id': 24215, 'rank': 1, 'fitness': 0.9820137900379085, 'generation': 345}","{'id': 24215, 'rank': 2, 'fitness': 0.9820137900379085, 'generation': 345}","{'id': 24215, 'rank': 3, 'fitness': 0.9820137900379085, 'generation': 345}","{'id': 24215, 'rank': 4, 'fitness': 0.9820137900379085, 'generation': 345}","{'id': 24215, 'rank': 5, 'fitness': 0.9820137900379085, 'generation': 345}","{'id': 24215, 'rank': 6, 'fitness': 0.9820137900379085, 'generation': 345}","{'id': 22555, 'rank': 7, 'fitness': 0.9785423539140143, 'generation': 345}","{'id': 22555, 'rank': 8, 'fitness': 0.9785423539140143, 'generation': 345}","{'id': 22555, 'rank': 9, 'fitness': 0.9785423539140143, 'generation': 345}","{'id': 22555, 'rank': 10, 'fitness': 0.9785423539140143, 'generation': 345}","{'id': 22555, 'rank': 11, 'fitness': 0.9785423539140143, 'generation': 345}","{'id': 22555, 'rank': 12, 'fitness': 0.9785423539140143, 'generation': 345}","{'id': 22555, 'rank': 13, 'fitness': 0.9785423539140143, 'generation': 345}","{'id': 22555, 'rank': 14, 'fitness': 0.9785423539140143, 'generation': 345}","{'id': 22555, 'rank': 15, 'fitness': 0.9785423539140143, 'generation': 345}","{'id': 22555, 'rank': 16, 'fitness': 0.9785423539140143, 'generation': 345}","{'id': 22555, 'rank': 17, 'fitness': 0.9785423539140143, 'generation': 345}","{'id': 22555, 'rank': 18, 'fitness': 0.9785423539140143, 'generation': 345}","{'id': 22555, 'rank': 19, 'fitness': 0.9785423539140143, 'generation': 345}","{'id': 22555, 'rank': 20, 'fitness': 0.9785423539140143, 'generation': 345}","{'id': 22555, 'rank': 21, 'fitness': 0.9785423539140143, 'generation': 345}","{'id': 22555, 'rank': 22, 'fitness': 0.9785423539140143, 'generation': 345}","{'id': 22555, 'rank': 23, 'fitness': 0.9785423539140143, 'generation': 345}","{'id': 22555, 'rank': 24, 'fitness': 0.9785423539140143, 'generation': 345}","{'id': 22555, 'rank': 25, 'fitness': 0.9785423539140143, 'generation': 345}","{'id': 22555, 'rank': 26, 'fitness': 0.9785423539140143, 'generation': 345}","{'id': 22555, 'rank': 27, 'fitness': 0.9785423539140143, 'generation': 345}","{'id': 24556, 'rank': 28, 'fitness': 0.595918628420005, 'generation': 345}","{'id': 24518, 'rank': 29, 'fitness': 0.041381494540946695, 'generation': 345}","{'id': 24530, 'rank': 30, 'fitness': 0.01798620996209155, 'generation': 345}"
"{'id': 24215, 'rank': 1, 'fitness': 0.9820137900379085, 'generation': 346}","{'id': 24215, 'rank': 2, 'fitness': 0.9820137900379085, 'generation': 346}","{'id': 24215, 'rank': 3, 'fitness': 0.9820137900379085, 'generation': 346}","{'id': 24215, 'rank': 4, 'fitness': 0.9820137900379085, 'generation': 346}","{'id': 24215, 'rank': 5, 'fitness': 0.9820137900379085, 'generation': 346}","{'id': 24215, 'rank': 6, 'fitness': 0.9820137900379085, 'generation': 346}","{'id': 22555, 'rank': 7, 'fitness': 0.9794175359939921, 'generation': 346}","{'id': 22555, 'rank': 8, 'fitness': 0.9794175359939921, 'generation': 346}","{'id': 22555, 'rank': 9, 'fitness': 0.9794175359939921, 'generation': 346}","{'id': 22555, 'rank': 10, 'fitness': 0.9794175359939921, 'generation': 346}","{'id': 22555, 'rank': 11, 'fitness': 0.9794175359939921, 'generation': 346}","{'id': 22555, 'rank': 12, 'fitness': 0.9794175359939921, 'generation': 346}","{'id': 22555, 'rank': 13, 'fitness': 0.9794175359939921, 'generation': 346}","{'id': 22555, 'rank': 14, 'fitness': 0.9794175359939921, 'generation': 346}","{'id': 22555, 'rank': 15, 'fitness': 0.9794175359939921, 'generation': 346}","{'id': 22555, 'rank': 16, 'fitness': 0.9794175359939921, 'generation': 346}","{'id': 22555, 'rank': 17, 'fitness': 0.9794175359939921, 'generation': 346}","{'id': 22555, 'rank': 18, 'fitness': 0.9794175359939921, 'generation': 346}","{'id': 22555, 'rank': 19, 'fitness': 0.9794175359939921, 'generation': 346}","{'id': 22555, 'rank': 20, 'fitness': 0.9794175359939921, 'generation': 346}","{'id': 22555, 'rank': 21, 'fitness': 0.9794175359939921, 'generation': 346}","{'id': 22555, 'rank': 22, 'fitness': 0.9794175359939921, 'generation': 346}","{'id': 22555, 'rank': 23, 'fitness': 0.9794175359939921, 'generation': 346}","{'id': 22555, 'rank': 24, 'fitness': 0.9794175359939921, 'generation': 346}","{'id': 22555, 'rank': 25, 'fitness': 0.9794175359939921, 'generation': 346}","{'id': 24590, 'rank': 26, 'fitness': 0.8793838617429137, 'generation': 346}","{'id': 24597, 'rank': 27, 'fitness': 0.4935957450305553, 'generation': 346}","{'id': 24594, 'rank': 28, 'fitness': 0.14139055082734897, 'generation': 346}","{'id': 24604, 'rank': 29, 'fitness': 0.025372049796786533, 'generation': 346}","{'id': 24600, 'rank': 30, 'fitness': 0.01798620996209155, 'generation': 346}"
"{'id': 24215, 'rank': 1, 'fitness': 0.9820137900379085, 'generation': 347}","{'id': 24215, 'rank': 2, 'fitness': 0.9820137900379085, 'generation': 347}","{'id': 24215, 'rank': 3, 'fitness': 0.9820137900379085, 'generation': 347}","{'id': 24215, 'rank': 4, 'fitness': 0.9820137900379085, 'generation': 347}","{'id': 24215, 'rank': 5, 'fitness': 0.9820137900379085, 'generation': 347}","{'id': 24215, 'rank': 6, 'fitness': 0.9820137900379085, 'generation': 347}","{'id': 24215, 'rank': 7, 'fitness': 0.9820137900379085, 'generation': 347}","{'id': 24215, 'rank': 8, 'fitness': 0.9820137900379085, 'generation': 347}","{'id': 24215, 'rank': 9, 'fitness': 0.9820137900379085, 'generation': 347}","{'id': 24215, 'rank': 10, 'fitness': 0.9820137900379085, 'generation': 347}","{'id': 24215, 'rank': 11, 'fitness': 0.9820137900379085, 'generation': 347}","{'id': 22555, 'rank': 12, 'fitness': 0.9792539740639028, 'generation': 347}","{'id': 22555, 'rank': 13, 'fitness': 0.9792539740639028, 'generation': 347}","{'id': 22555, 'rank': 14, 'fitness': 0.9792539740639028, 'generation': 347}","{'id': 22555, 'rank': 15, 'fitness': 0.9792539740639028, 'generation': 347}","{'id': 22555, 'rank': 16, 'fitness': 0.9792539740639028, 'generation': 347}","{'id': 22555, 'rank': 17, 'fitness': 0.9792539740639028, 'generation': 347}","{'id': 22555, 'rank': 18, 'fitness': 0.9792539740639028, 'generation': 347}","{'id': 22555, 'rank': 19, 'fitness': 0.9792539740639028, 'generation': 347}","{'id': 22555, 'rank': 20, 'fitness': 0.9792539740639028, 'generation': 347}","{'id': 22555, 'rank': 21, 'fitness': 0.9792539740639028, 'generation': 347}","{'id': 22555, 'rank': 22, 'fitness': 0.9792539740639028, 'generation': 347}","{'id': 24590, 'rank': 23, 'fitness': 0.8662550757507723, 'generation': 347}","{'id': 24720, 'rank': 24, 'fitness': 0.7475736454240167, 'generation': 347}","{'id': 24720, 'rank': 25, 'fitness': 0.7475736454240167, 'generation': 347}","{'id': 24597, 'rank': 26, 'fitness': 0.4348040967014527, 'generation': 347}","{'id': 24714, 'rank': 27, 'fitness': 0.4215390099011823, 'generation': 347}","{'id': 24733, 'rank': 28, 'fitness': 0.37298818896432234, 'generation': 347}","{'id': 24699, 'rank': 29, 'fitness': 0.025477103338242435, 'generation': 347}","{'id': 24706, 'rank': 30, 'fitness': 0.01798620996209155, 'generation': 347}"
"{'id': 24215, 'rank': 1, 'fitness': 0.9820137900379085, 'generation': 348}","{'id': 24215, 'rank': 2, 'fitness': 0.9820137900379085, 'generation': 348}","{'id': 24215, 'rank': 3, 'fitness': 0.9820137900379085, 'generation': 348}","{'id': 24215, 'rank': 4, 'fitness': 0.9820137900379085, 'generation': 348}","{'id': 24215, 'rank': 5, 'fitness': 0.9820137900379085, 'generation': 348}","{'id': 24215, 'rank': 6, 'fitness': 0.9820137900379085, 'generation': 348}","{'id': 24215, 'rank': 7, 'fitness': 0.9820137900379085, 'generation': 348}","{'id': 24215, 'rank': 8, 'fitness': 0.9820137900379085, 'generation': 348}","{'id': 24215, 'rank': 9, 'fitness': 0.9820137900379085, 'generation': 348}","{'id': 24215, 'rank': 10, 'fitness': 0.9820137900379085, 'generation': 348}","{'id': 24215, 'rank': 11, 'fitness': 0.9820137900379085, 'generation': 348}","{'id': 24215, 'rank': 12, 'fitness': 0.9820137900379085, 'generation': 348}","{'id': 24215, 'rank': 13, 'fitness': 0.9820137900379085, 'generation': 348}","{'id': 24215, 'rank': 14, 'fitness': 0.9820137900379085, 'generation': 348}","{'id': 24215, 'rank': 15, 'fitness': 0.9820137900379085, 'generation': 348}","{'id': 24215, 'rank': 16, 'fitness': 0.9820137900379085, 'generation': 348}","{'id': 22555, 'rank': 17, 'fitness': 0.979525965231463, 'generation': 348}","{'id': 22555, 'rank': 18, 'fitness': 0.979525965231463, 'generation': 348}","{'id': 22555, 'rank': 19, 'fitness': 0.979525965231463, 'generation': 348}","{'id': 22555, 'rank': 20, 'fitness': 0.979525965231463, 'generation': 348}","{'id': 22555, 'rank': 21, 'fitness': 0.979525965231463, 'generation': 348}","{'id': 22555, 'rank': 22, 'fitness': 0.979525965231463, 'generation': 348}","{'id': 24720, 'rank': 23, 'fitness': 0.795025877116527, 'generation': 348}","{'id': 24597, 'rank': 24, 'fitness': 0.5330231670185155, 'generation': 348}","{'id': 24714, 'rank': 25, 'fitness': 0.5207677800279223, 'generation': 348}","{'id': 24763, 'rank': 26, 'fitness': 0.22585391073073718, 'generation': 348}","{'id': 24755, 'rank': 27, 'fitness': 0.08175721699831157, 'generation': 348}","{'id': 24748, 'rank': 28, 'fitness': 0.07891770446612734, 'generation': 348}","{'id': 24699, 'rank': 29, 'fitness': 0.050376456913420575, 'generation': 348}","{'id': 24787, 'rank': 30, 'fitness': 0.01798620996209155, 'generation': 348}"
"{'id': 24215, 'rank': 1, 'fitness': 0.9820137900379085, 'generation': 349}","{'id': 24215, 'rank': 2, 'fitness': 0.9820137900379085, 'generation': 349}","{'id': 24215, 'rank': 3, 'fitness': 0.9820137900379085, 'generation': 349}","{'id': 24215, 'rank': 4, 'fitness': 0.9820137900379085, 'generation': 349}","{'id': 24215, 'rank': 5, 'fitness': 0.9820137900379085, 'generation': 349}","{'id': 24215, 'rank': 6, 'fitness': 0.9820137900379085, 'generation': 349}","{'id': 24215, 'rank': 7, 'fitness': 0.9820137900379085, 'generation': 349}","{'id': 24215, 'rank': 8, 'fitness': 0.9820137900379085, 'generation': 349}","{'id': 24215, 'rank': 9, 'fitness': 0.9820137900379085, 'generation': 349}","{'id': 24215, 'rank': 10, 'fitness': 0.9820137900379085, 'generation': 349}","{'id': 24215, 'rank': 11, 'fitness': 0.9820137900379085, 'generation': 349}","{'id': 24215, 'rank': 12, 'fitness': 0.9820137900379085, 'generation': 349}","{'id': 24215, 'rank': 13, 'fitness': 0.9820137900379085, 'generation': 349}","{'id': 24215, 'rank': 14, 'fitness': 0.9820137900379085, 'generation': 349}","{'id': 24215, 'rank': 15, 'fitness': 0.9820137900379085, 'generation': 349}","{'id': 24215, 'rank': 16, 'fitness': 0.9820137900379085, 'generation': 349}","{'id': 24215, 'rank': 17, 'fitness': 0.9820137900379085, 'generation': 349}","{'id': 24215, 'rank': 18, 'fitness': 0.9820137900379085, 'generation': 349}","{'id': 24215, 'rank': 19, 'fitness': 0.9820137900379085, 'generation': 349}","{'id': 22555, 'rank': 20, 'fitness': 0.9788630758398524, 'generation': 349}","{'id': 22555, 'rank': 21, 'fitness': 0.9788630758398524, 'generation': 349}","{'id': 22555, 'rank': 22, 'fitness': 0.9788630758398524, 'generation': 349}","{'id': 22555, 'rank': 23, 'fitness': 0.9788630758398524, 'generation': 349}","{'id': 24821, 'rank': 24, 'fitness': 0.918579776709951, 'generation': 349}","{'id': 24720, 'rank': 25, 'fitness': 0.669073615251092, 'generation': 349}","{'id': 24597, 'rank': 26, 'fitness': 0.30564637735871764, 'generation': 349}","{'id': 24829, 'rank': 27, 'fitness': 0.2651959088524115, 'generation': 349}","{'id': 24823, 'rank': 28, 'fitness': 0.18373757450992745, 'generation': 349}","{'id': 24872, 'rank': 29, 'fitness': 0.01826345595459994, 'generation': 349}","{'id': 24755, 'rank': 30, 'fitness': 0.01798620996209155, 'generation': 349}"
"{'id': 24215, 'rank': 1, 'fitness': 0.9820137900379085, 'generation': 350}","{'id': 24215, 'rank': 2, 'fitness': 0.9820137900379085, 'generation': 350}","{'id': 24215, 'rank': 3, 'fitness': 0.9820137900379085, 'generation': 350}","{'id': 24215, 'rank': 4, 'fitness': 0.9820137900379085, 'generation': 350}","{'id': 24215, 'rank': 5, 'fitness': 0.9820137900379085, 'generation': 350}","{'id': 24215, 'rank': 6, 'fitness': 0.9820137900379085, 'generation': 350}","{'id': 24215, 'rank': 7, 'fitness': 0.9820137900379085, 'generation': 350}","{'id': 24215, 'rank': 8, 'fitness': 0.9820137900379085, 'generation': 350}","{'id': 24215, 'rank': 9, 'fitness': 0.9820137900379085, 'generation': 350}","{'id': 24215, 'rank': 10, 'fitness': 0.9820137900379085, 'generation': 350}","{'id': 24215, 'rank': 11, 'fitness': 0.9820137900379085, 'generation': 350}","{'id': 24215, 'rank': 12, 'fitness': 0.9820137900379085, 'generation': 350}","{'id': 24215, 'rank': 13, 'fitness': 0.9820137900379085, 'generation': 350}","{'id': 24215, 'rank': 14, 'fitness': 0.9820137900379085, 'generation': 350}","{'id': 24215, 'rank': 15, 'fitness': 0.9820137900379085, 'generation': 350}","{'id': 24215, 'rank': 16, 'fitness': 0.9820137900379085, 'generation': 350}","{'id': 24215, 'rank': 17, 'fitness': 0.9820137900379085, 'generation': 350}","{'id': 24215, 'rank': 18, 'fitness': 0.9820137900379085, 'generation': 350}","{'id': 24215, 'rank': 19, 'fitness': 0.9820137900379085, 'generation': 350}","{'id': 24215, 'rank': 20, 'fitness': 0.9820137900379085, 'generation': 350}","{'id': 24215, 'rank': 21, 'fitness': 0.9820137900379085, 'generation': 350}","{'id': 24215, 'rank': 22, 'fitness': 0.9820137900379085, 'generation': 350}","{'id': 24215, 'rank': 23, 'fitness': 0.9820137900379085, 'generation': 350}","{'id': 24946, 'rank': 24, 'fitness': 0.9813701348529811, 'generation': 350}","{'id': 24821, 'rank': 25, 'fitness': 0.9207507963905962, 'generation': 350}","{'id': 24894, 'rank': 26, 'fitness': 0.6964989955303411, 'generation': 350}","{'id': 24934, 'rank': 27, 'fitness': 0.5631989450946141, 'generation': 350}","{'id': 24597, 'rank': 28, 'fitness': 0.3250386920464794, 'generation': 350}","{'id': 24890, 'rank': 29, 'fitness': 0.03211120302723003, 'generation': 350}","{'id': 24904, 'rank': 30, 'fitness': 0.01798620996209155, 'generation': 350}"
"{'id': 24215, 'rank': 1, 'fitness': 0.9820137900379085, 'generation': 351}","{'id': 24215, 'rank': 2, 'fitness': 0.9820137900379085, 'generation': 351}","{'id': 24215, 'rank': 3, 'fitness': 0.9820137900379085, 'generation': 351}","{'id': 24215, 'rank': 4, 'fitness': 0.9820137900379085, 'generation': 351}","{'id': 24215, 'rank': 5, 'fitness': 0.9820137900379085, 'generation': 351}","{'id': 24215, 'rank': 6, 'fitness': 0.9820137900379085, 'generation': 351}","{'id': 24215, 'rank': 7, 'fitness': 0.9820137900379085, 'generation': 351}","{'id': 24215, 'rank': 8, 'fitness': 0.9820137900379085, 'generation': 351}","{'id': 24215, 'rank': 9, 'fitness': 0.9820137900379085, 'generation': 351}","{'id': 24215, 'rank': 10, 'fitness': 0.9820137900379085, 'generation': 351}","{'id': 24215, 'rank': 11, 'fitness': 0.9820137900379085, 'generation': 351}","{'id': 24215, 'rank': 12, 'fitness': 0.9820137900379085, 'generation': 351}","{'id': 24215, 'rank': 13, 'fitness': 0.9820137900379085, 'generation': 351}","{'id': 24215, 'rank': 14, 'fitness': 0.9820137900379085, 'generation': 351}","{'id': 24215, 'rank': 15, 'fitness': 0.9820137900379085, 'generation': 351}","{'id': 24215, 'rank': 16, 'fitness': 0.9820137900379085, 'generation': 351}","{'id': 24215, 'rank': 17, 'fitness': 0.9820137900379085, 'generation': 351}","{'id': 24215, 'rank': 18, 'fitness': 0.9820137900379085, 'generation': 351}","{'id': 24215, 'rank': 19, 'fitness': 0.9820137900379085, 'generation': 351}","{'id': 24215, 'rank': 20, 'fitness': 0.9820137900379085, 'generation': 351}","{'id': 24215, 'rank': 21, 'fitness': 0.9820137900379085, 'generation': 351}","{'id': 24215, 'rank': 22, 'fitness': 0.9820137900379085, 'generation': 351}","{'id': 24980, 'rank': 23, 'fitness': 0.7413480257607321, 'generation': 351}","{'id': 24894, 'rank': 24, 'fitness': 0.6402489691151951, 'generation': 351}","{'id': 25033, 'rank': 25, 'fitness': 0.4933272762863885, 'generation': 351}","{'id': 24985, 'rank': 26, 'fitness': 0.22512501114634714, 'generation': 351}","{'id': 24982, 'rank': 27, 'fitness': 0.11050814207628684, 'generation': 351}","{'id': 25021, 'rank': 28, 'fitness': 0.09685085310979669, 'generation': 351}","{'id': 24993, 'rank': 29, 'fitness': 0.060700229018292695, 'generation': 351}","{'id': 24890, 'rank': 30, 'fitness': 0.01798620996209155, 'generation': 351}"
"{'id': 25088, 'rank': 1, 'fitness': 0.9820137900379085, 'generation': 352}","{'id': 24215, 'rank': 2, 'fitness': 0.9657034042840275, 'generation': 352}","{'id': 24215, 'rank': 3, 'fitness': 0.9657034042840275, 'generation': 352}","{'id': 24215, 'rank': 4, 'fitness': 0.9657034042840275, 'generation': 352}","{'id': 24215, 'rank': 5, 'fitness': 0.9657034042840275, 'generation': 352}","{'id': 24215, 'rank': 6, 'fitness': 0.9657034042840275, 'generation': 352}","{'id': 24215, 'rank': 7, 'fitness': 0.9657034042840275, 'generation': 352}","{'id': 24215, 'rank': 8, 'fitness': 0.9657034042840275, 'generation': 352}","{'id': 24215, 'rank': 9, 'fitness': 0.9657034042840275, 'generation': 352}","{'id': 24215, 'rank': 10, 'fitness': 0.9657034042840275, 'generation': 352}","{'id': 24215, 'rank': 11, 'fitness': 0.9657034042840275, 'generation': 352}","{'id': 24215, 'rank': 12, 'fitness': 0.9657034042840275, 'generation': 352}","{'id': 24215, 'rank': 13, 'fitness': 0.9657034042840275, 'generation': 352}","{'id': 24215, 'rank': 14, 'fitness': 0.9657034042840275, 'generation': 352}","{'id': 24215, 'rank': 15, 'fitness': 0.9657034042840275, 'generation': 352}","{'id': 24215, 'rank': 16, 'fitness': 0.9657034042840275, 'generation': 352}","{'id': 24215, 'rank': 17, 'fitness': 0.9657034042840275, 'generation': 352}","{'id': 24215, 'rank': 18, 'fitness': 0.9657034042840275, 'generation': 352}","{'id': 24215, 'rank': 19, 'fitness': 0.9657034042840275, 'generation': 352}","{'id': 24215, 'rank': 20, 'fitness': 0.9657034042840275, 'generation': 352}","{'id': 24215, 'rank': 21, 'fitness': 0.9657034042840275, 'generation': 352}","{'id': 24215, 'rank': 22, 'fitness': 0.9657034042840275, 'generation': 352}","{'id': 24215, 'rank': 23, 'fitness': 0.9657034042840275, 'generation': 352}","{'id': 24215, 'rank': 24, 'fitness': 0.9657034042840275, 'generation': 352}","{'id': 24215, 'rank': 25, 'fitness': 0.9657034042840275, 'generation': 352}","{'id': 24215, 'rank': 26, 'fitness': 0.9657034042840275, 'generation': 352}","{'id': 25049, 'rank': 27, 'fitness': 0.1624543992631522, 'generation': 352}","{'id': 24985, 'rank': 28, 'fitness': 0.14569321137607338, 'generation': 352}","{'id': 25102, 'rank': 29, 'fitness': 0.09429629341243428, 'generation': 352}","{'id': 25047, 'rank': 30, 'fitness': 0.01798620996209155, 'generation': 352}"
"{'id': 25088, 'rank': 1, 'fitness': 0.9820137900379085, 'generation': 353}","{'id': 24215, 'rank': 2, 'fitness': 0.979321568816331, 'generation': 353}","{'id': 24215, 'rank': 3, 'fitness': 0.979321568816331, 'generation': 353}","{'id': 24215, 'rank': 4, 'fitness': 0.979321568816331, 'generation': 353}","{'id': 24215, 'rank': 5, 'fitness': 0.979321568816331, 'generation': 353}","{'id': 24215, 'rank': 6, 'fitness': 0.979321568816331, 'generation': 353}","{'id': 24215, 'rank': 7, 'fitness': 0.979321568816331, 'generation': 353}","{'id': 24215, 'rank': 8, 'fitness': 0.979321568816331, 'generation': 353}","{'id': 24215, 'rank': 9, 'fitness': 0.979321568816331, 'generation': 353}","{'id': 24215, 'rank': 10, 'fitness': 0.979321568816331, 'generation': 353}","{'id': 24215, 'rank': 11, 'fitness': 0.979321568816331, 'generation': 353}","{'id': 24215, 'rank': 12, 'fitness': 0.979321568816331, 'generation': 353}","{'id': 24215, 'rank': 13, 'fitness': 0.979321568816331, 'generation': 353}","{'id': 24215, 'rank': 14, 'fitness': 0.979321568816331, 'generation': 353}","{'id': 24215, 'rank': 15, 'fitness': 0.979321568816331, 'generation': 353}","{'id': 24215, 'rank': 16, 'fitness': 0.979321568816331, 'generation': 353}","{'id': 24215, 'rank': 17, 'fitness': 0.979321568816331, 'generation': 353}","{'id': 24215, 'rank': 18, 'fitness': 0.979321568816331, 'generation': 353}","{'id': 24215, 'rank': 19, 'fitness': 0.979321568816331, 'generation': 353}","{'id': 24215, 'rank': 20, 'fitness': 0.979321568816331, 'generation': 353}","{'id': 24215, 'rank': 21, 'fitness': 0.979321568816331, 'generation': 353}","{'id': 24215, 'rank': 22, 'fitness': 0.979321568816331, 'generation': 353}","{'id': 24215, 'rank': 23, 'fitness': 0.979321568816331, 'generation': 353}","{'id': 24215, 'rank': 24, 'fitness': 0.979321568816331, 'generation': 353}","{'id': 24215, 'rank': 25, 'fitness': 0.979321568816331, 'generation': 353}","{'id': 25109, 'rank': 26, 'fitness': 0.9646643738465084, 'generation': 353}","{'id': 24985, 'rank': 27, 'fitness': 0.9405274914971224, 'generation': 353}","{'id': 25102, 'rank': 28, 'fitness': 0.9343143137896531, 'generation': 353}","{'id': 25047, 'rank': 29, 'fitness': 0.9073489045316354, 'generation': 353}","{'id': 25113, 'rank': 30, 'fitness': 0.01798620996209155, 'generation': 353}"
"{'id': 25088, 'rank': 1, 'fitness': 0.9820137900379085, 'generation': 354}","{'id': 25088, 'rank': 2, 'fitness': 0.9820137900379085, 'generation': 354}","{'id': 24215, 'rank': 3, 'fitness': 0.9735668569545832, 'generation': 354}","{'id': 24215, 'rank': 4, 'fitness': 0.9735668569545832, 'generation': 354}","{'id': 24215, 'rank': 5, 'fitness': 0.9735668569545832, 'generation': 354}","{'id': 24215, 'rank': 6, 'fitness': 0.9735668569545832, 'generation': 354}","{'id': 24215, 'rank': 7, 'fitness': 0.9735668569545832, 'generation': 354}","{'id': 24215, 'rank': 8, 'fitness': 0.9735668569545832, 'generation': 354}","{'id': 24215, 'rank': 9, 'fitness': 0.9735668569545832, 'generation': 354}","{'id': 24215, 'rank': 10, 'fitness': 0.9735668569545832, 'generation': 354}","{'id': 24215, 'rank': 11, 'fitness': 0.9735668569545832, 'generation': 354}","{'id': 24215, 'rank': 12, 'fitness': 0.9735668569545832, 'generation': 354}","{'id': 24215, 'rank': 13, 'fitness': 0.9735668569545832, 'generation': 354}","{'id': 24215, 'rank': 14, 'fitness': 0.9735668569545832, 'generation': 354}","{'id': 24215, 'rank': 15, 'fitness': 0.9735668569545832, 'generation': 354}","{'id': 24215, 'rank': 16, 'fitness': 0.9735668569545832, 'generation': 354}","{'id': 24215, 'rank': 17, 'fitness': 0.9735668569545832, 'generation': 354}","{'id': 24215, 'rank': 18, 'fitness': 0.9735668569545832, 'generation': 354}","{'id': 24215, 'rank': 19, 'fitness': 0.9735668569545832, 'generation': 354}","{'id': 24215, 'rank': 20, 'fitness': 0.9735668569545832, 'generation': 354}","{'id': 24215, 'rank': 21, 'fitness': 0.9735668569545832, 'generation': 354}","{'id': 24215, 'rank': 22, 'fitness': 0.9735668569545832, 'generation': 354}","{'id': 24215, 'rank': 23, 'fitness': 0.9735668569545832, 'generation': 354}","{'id': 24215, 'rank': 24, 'fitness': 0.9735668569545832, 'generation': 354}","{'id': 24215, 'rank': 25, 'fitness': 0.9735668569545832, 'generation': 354}","{'id': 25109, 'rank': 26, 'fitness': 0.8891097881412643, 'generation': 354}","{'id': 25215, 'rank': 27, 'fitness': 0.0781958633936446, 'generation': 354}","{'id': 25230, 'rank': 28, 'fitness': 0.052974966731674566, 'generation': 354}","{'id': 25208, 'rank': 29, 'fitness': 0.024432767331499572, 'generation': 354}","{'id': 25191, 'rank': 30, 'fitness': 0.01798620996209155, 'generation': 354}"
"{'id': 25088, 'rank': 1, 'fitness': 0.9820137900379085, 'generation': 355}","{'id': 25088, 'rank': 2, 'fitness': 0.9820137900379085, 'generation': 355}","{'id': 25088, 'rank': 3, 'fitness': 0.9820137900379085, 'generation': 355}","{'id': 24215, 'rank': 4, 'fitness': 0.9718730799892159, 'generation': 355}","{'id': 24215, 'rank': 5, 'fitness': 0.9718730799892159, 'generation': 355}","{'id': 24215, 'rank': 6, 'fitness': 0.9718730799892159, 'generation': 355}","{'id': 24215, 'rank': 7, 'fitness': 0.9718730799892159, 'generation': 355}","{'id': 24215, 'rank': 8, 'fitness': 0.9718730799892159, 'generation': 355}","{'id': 24215, 'rank': 9, 'fitness': 0.9718730799892159, 'generation': 355}","{'id': 24215, 'rank': 10, 'fitness': 0.9718730799892159, 'generation': 355}","{'id': 24215, 'rank': 11, 'fitness': 0.9718730799892159, 'generation': 355}","{'id': 24215, 'rank': 12, 'fitness': 0.9718730799892159, 'generation': 355}","{'id': 24215, 'rank': 13, 'fitness': 0.9718730799892159, 'generation': 355}","{'id': 24215, 'rank': 14, 'fitness': 0.9718730799892159, 'generation': 355}","{'id': 24215, 'rank': 15, 'fitness': 0.9718730799892159, 'generation': 355}","{'id': 24215, 'rank': 16, 'fitness': 0.9718730799892159, 'generation': 355}","{'id': 24215, 'rank': 17, 'fitness': 0.9718730799892159, 'generation': 355}","{'id': 24215, 'rank': 18, 'fitness': 0.9718730799892159, 'generation': 355}","{'id': 24215, 'rank': 19, 'fitness': 0.9718730799892159, 'generation': 355}","{'id': 24215, 'rank': 20, 'fitness': 0.9718730799892159, 'generation': 355}","{'id': 24215, 'rank': 21, 'fitness': 0.9718730799892159, 'generation': 355}","{'id': 24215, 'rank': 22, 'fitness': 0.9718730799892159, 'generation': 355}","{'id': 24215, 'rank': 23, 'fitness': 0.9718730799892159, 'generation': 355}","{'id': 24215, 'rank': 24, 'fitness': 0.9718730799892159, 'generation': 355}","{'id': 24215, 'rank': 25, 'fitness': 0.9718730799892159, 'generation': 355}","{'id': 24215, 'rank': 26, 'fitness': 0.9718730799892159, 'generation': 355}","{'id': 24215, 'rank': 27, 'fitness': 0.9718730799892159, 'generation': 355}","{'id': 25286, 'rank': 28, 'fitness': 0.5774953330307452, 'generation': 355}","{'id': 25337, 'rank': 29, 'fitness': 0.3895536666677521, 'generation': 355}","{'id': 25230, 'rank': 30, 'fitness': 0.01798620996209155, 'generation': 355}"
"{'id': 25088, 'rank': 1, 'fitness': 0.9820137900379085, 'generation': 356}","{'id': 25088, 'rank': 2, 'fitness': 0.9820137900379085, 'generation': 356}","{'id': 25088, 'rank': 3, 'fitness': 0.9820137900379085, 'generation': 356}","{'id': 25088, 'rank': 4, 'fitness': 0.9820137900379085, 'generation': 356}","{'id': 25088, 'rank': 5, 'fitness': 0.9820137900379085, 'generation': 356}","{'id': 24215, 'rank': 6, 'fitness': 0.9754581620419642, 'generation': 356}","{'id': 24215, 'rank': 7, 'fitness': 0.9754581620419642, 'generation': 356}","{'id': 24215, 'rank': 8, 'fitness': 0.9754581620419642, 'generation': 356}","{'id': 24215, 'rank': 9, 'fitness': 0.9754581620419642, 'generation': 356}","{'id': 24215, 'rank': 10, 'fitness': 0.9754581620419642, 'generation': 356}","{'id': 24215, 'rank': 11, 'fitness': 0.9754581620419642, 'generation': 356}","{'id': 24215, 'rank': 12, 'fitness': 0.9754581620419642, 'generation': 356}","{'id': 24215, 'rank': 13, 'fitness': 0.9754581620419642, 'generation': 356}","{'id': 24215, 'rank': 14, 'fitness': 0.9754581620419642, 'generation': 356}","{'id': 24215, 'rank': 15, 'fitness': 0.9754581620419642, 'generation': 356}","{'id': 24215, 'rank': 16, 'fitness': 0.9754581620419642, 'generation': 356}","{'id': 24215, 'rank': 17, 'fitness': 0.9754581620419642, 'generation': 356}","{'id': 24215, 'rank': 18, 'fitness': 0.9754581620419642, 'generation': 356}","{'id': 24215, 'rank': 19, 'fitness': 0.9754581620419642, 'generation': 356}","{'id': 24215, 'rank': 20, 'fitness': 0.9754581620419642, 'generation': 356}","{'id': 24215, 'rank': 21, 'fitness': 0.9754581620419642, 'generation': 356}","{'id': 24215, 'rank': 22, 'fitness': 0.9754581620419642, 'generation': 356}","{'id': 24215, 'rank': 23, 'fitness': 0.9754581620419642, 'generation': 356}","{'id': 24215, 'rank': 24, 'fitness': 0.9754581620419642, 'generation': 356}","{'id': 24215, 'rank': 25, 'fitness': 0.9754581620419642, 'generation': 356}","{'id': 24215, 'rank': 26, 'fitness': 0.9754581620419642, 'generation': 356}","{'id': 25286, 'rank': 27, 'fitness': 0.808632834215158, 'generation': 356}","{'id': 25337, 'rank': 28, 'fitness': 0.7135311291439235, 'generation': 356}","{'id': 25423, 'rank': 29, 'fitness': 0.2855519846182538, 'generation': 356}","{'id': 25412, 'rank': 30, 'fitness': 0.01798620996209155, 'generation': 356}"
"{'id': 25088, 'rank': 1, 'fitness': 0.9820137900379085, 'generation': 357}","{'id': 25088, 'rank': 2, 'fitness': 0.9820137900379085, 'generation': 357}","{'id': 25088, 'rank': 3, 'fitness': 0.9820137900379085, 'generation': 357}","{'id': 25088, 'rank': 4, 'fitness': 0.9820137900379085, 'generation': 357}","{'id': 25088, 'rank': 5, 'fitness': 0.9820137900379085, 'generation': 357}","{'id': 25088, 'rank': 6, 'fitness': 0.9820137900379085, 'generation': 357}","{'id': 24215, 'rank': 7, 'fitness': 0.969007494928698, 'generation': 357}","{'id': 24215, 'rank': 8, 'fitness': 0.969007494928698, 'generation': 357}","{'id': 24215, 'rank': 9, 'fitness': 0.969007494928698, 'generation': 357}","{'id': 24215, 'rank': 10, 'fitness': 0.969007494928698, 'generation': 357}","{'id': 24215, 'rank': 11, 'fitness': 0.969007494928698, 'generation': 357}","{'id': 24215, 'rank': 12, 'fitness': 0.969007494928698, 'generation': 357}","{'id': 24215, 'rank': 13, 'fitness': 0.969007494928698, 'generation': 357}","{'id': 24215, 'rank': 14, 'fitness': 0.969007494928698, 'generation': 357}","{'id': 24215, 'rank': 15, 'fitness': 0.969007494928698, 'generation': 357}","{'id': 24215, 'rank': 16, 'fitness': 0.969007494928698, 'generation': 357}","{'id': 24215, 'rank': 17, 'fitness': 0.969007494928698, 'generation': 357}","{'id': 24215, 'rank': 18, 'fitness': 0.969007494928698, 'generation': 357}","{'id': 24215, 'rank': 19, 'fitness': 0.969007494928698, 'generation': 357}","{'id': 24215, 'rank': 20, 'fitness': 0.969007494928698, 'generation': 357}","{'id': 24215, 'rank': 21, 'fitness': 0.969007494928698, 'generation': 357}","{'id': 24215, 'rank': 22, 'fitness': 0.969007494928698, 'generation': 357}","{'id': 24215, 'rank': 23, 'fitness': 0.969007494928698, 'generation': 357}","{'id': 24215, 'rank': 24, 'fitness': 0.969007494928698, 'generation': 357}","{'id': 24215, 'rank': 25, 'fitness': 0.969007494928698, 'generation': 357}","{'id': 24215, 'rank': 26, 'fitness': 0.969007494928698, 'generation': 357}","{'id': 25492, 'rank': 27, 'fitness': 0.4933060651025779, 'generation': 357}","{'id': 25492, 'rank': 28, 'fitness': 0.4933060651025779, 'generation': 357}","{'id': 25286, 'rank': 29, 'fitness': 0.379122315907811, 'generation': 357}","{'id': 25513, 'rank': 30, 'fitness': 0.01798620996209155, 'generation': 357}"
"{'id': 25088, 'rank': 1, 'fitness': 0.9820137900379085, 'generation': 358}","{'id': 25088, 'rank': 2, 'fitness': 0.9820137900379085, 'generation': 358}","{'id': 25088, 'rank': 3, 'fitness': 0.9820137900379085, 'generation': 358}","{'id': 25088, 'rank': 4, 'fitness': 0.9820137900379085, 'generation': 358}","{'id': 25088, 'rank': 5, 'fitness': 0.9820137900379085, 'generation': 358}","{'id': 25088, 'rank': 6, 'fitness': 0.9820137900379085, 'generation': 358}","{'id': 25088, 'rank': 7, 'fitness': 0.9820137900379085, 'generation': 358}","{'id': 25088, 'rank': 8, 'fitness': 0.9820137900379085, 'generation': 358}","{'id': 25088, 'rank': 9, 'fitness': 0.9820137900379085, 'generation': 358}","{'id': 25088, 'rank': 10, 'fitness': 0.9820137900379085, 'generation': 358}","{'id': 24215, 'rank': 11, 'fitness': 0.9705343522501793, 'generation': 358}","{'id': 24215, 'rank': 12, 'fitness': 0.9705343522501793, 'generation': 358}","{'id': 24215, 'rank': 13, 'fitness': 0.9705343522501793, 'generation': 358}","{'id': 24215, 'rank': 14, 'fitness': 0.9705343522501793, 'generation': 358}","{'id': 24215, 'rank': 15, 'fitness': 0.9705343522501793, 'generation': 358}","{'id': 24215, 'rank': 16, 'fitness': 0.9705343522501793, 'generation': 358}","{'id': 24215, 'rank': 17, 'fitness': 0.9705343522501793, 'generation': 358}","{'id': 24215, 'rank': 18, 'fitness': 0.9705343522501793, 'generation': 358}","{'id': 24215, 'rank': 19, 'fitness': 0.9705343522501793, 'generation': 358}","{'id': 24215, 'rank': 20, 'fitness': 0.9705343522501793, 'generation': 358}","{'id': 24215, 'rank': 21, 'fitness': 0.9705343522501793, 'generation': 358}","{'id': 24215, 'rank': 22, 'fitness': 0.9705343522501793, 'generation': 358}","{'id': 24215, 'rank': 23, 'fitness': 0.9705343522501793, 'generation': 358}","{'id': 24215, 'rank': 24, 'fitness': 0.9705343522501793, 'generation': 358}","{'id': 24215, 'rank': 25, 'fitness': 0.9705343522501793, 'generation': 358}","{'id': 24215, 'rank': 26, 'fitness': 0.9705343522501793, 'generation': 358}","{'id': 25286, 'rank': 27, 'fitness': 0.48166134544454264, 'generation': 358}","{'id': 25554, 'rank': 28, 'fitness': 0.20610766097709476, 'generation': 358}","{'id': 25539, 'rank': 29, 'fitness': 0.036046749596666205, 'generation': 358}","{'id': 25571, 'rank': 30, 'fitness': 0.01798620996209155, 'generation': 358}"
"{'id': 25088, 'rank': 1, 'fitness': 0.9820137900379085, 'generation': 359}","{'id': 25088, 'rank': 2, 'fitness': 0.9820137900379085, 'generation': 359}","{'id': 25088, 'rank': 3, 'fitness': 0.9820137900379085, 'generation': 359}","{'id': 25088, 'rank': 4, 'fitness': 0.9820137900379085, 'generation': 359}","{'id': 25088, 'rank': 5, 'fitness': 0.9820137900379085, 'generation': 359}","{'id': 25088, 'rank': 6, 'fitness': 0.9820137900379085, 'generation': 359}","{'id': 25088, 'rank': 7, 'fitness': 0.9820137900379085, 'generation': 359}","{'id': 25088, 'rank': 8, 'fitness': 0.9820137900379085, 'generation': 359}","{'id': 25088, 'rank': 9, 'fitness': 0.9820137900379085, 'generation': 359}","{'id': 25088, 'rank': 10, 'fitness': 0.9820137900379085, 'generation': 359}","{'id': 25088, 'rank': 11, 'fitness': 0.9820137900379085, 'generation': 359}","{'id': 25088, 'rank': 12, 'fitness': 0.9820137900379085, 'generation': 359}","{'id': 25088, 'rank': 13, 'fitness': 0.9820137900379085, 'generation': 359}","{'id': 25088, 'rank': 14, 'fitness': 0.9820137900379085, 'generation': 359}","{'id': 25088, 'rank': 15, 'fitness': 0.9820137900379085, 'generation': 359}","{'id': 25088, 'rank': 16, 'fitness': 0.9820137900379085, 'generation': 359}","{'id': 25088, 'rank': 17, 'fitness': 0.9820137900379085, 'generation': 359}","{'id': 24215, 'rank': 18, 'fitness': 0.9724049505231303, 'generation': 359}","{'id': 24215, 'rank': 19, 'fitness': 0.9724049505231303, 'generation': 359}","{'id': 24215, 'rank': 20, 'fitness': 0.9724049505231303, 'generation': 359}","{'id': 24215, 'rank': 21, 'fitness': 0.9724049505231303, 'generation': 359}","{'id': 24215, 'rank': 22, 'fitness': 0.9724049505231303, 'generation': 359}","{'id': 24215, 'rank': 23, 'fitness': 0.9724049505231303, 'generation': 359}","{'id': 24215, 'rank': 24, 'fitness': 0.9724049505231303, 'generation': 359}","{'id': 24215, 'rank': 25, 'fitness': 0.9724049505231303, 'generation': 359}","{'id': 24215, 'rank': 26, 'fitness': 0.9724049505231303, 'generation': 359}","{'id': 25650, 'rank': 27, 'fitness': 0.8281732668796498, 'generation': 359}","{'id': 25661, 'rank': 28, 'fitness': 0.23088766179495035, 'generation': 359}","{'id': 25571, 'rank': 29, 'fitness': 0.050629343496288726, 'generation': 359}","{'id': 25671, 'rank': 30, 'fitness': 0.01798620996209155, 'generation': 359}"
"{'id': 25088, 'rank': 1, 'fitness': 0.9820137900379085, 'generation': 360}","{'id': 25088, 'rank': 2, 'fitness': 0.9820137900379085, 'generation': 360}","{'id': 25088, 'rank': 3, 'fitness': 0.9820137900379085, 'generation': 360}","{'id': 25088, 'rank': 4, 'fitness': 0.9820137900379085, 'generation': 360}","{'id': 25088, 'rank': 5, 'fitness': 0.9820137900379085, 'generation': 360}","{'id': 25088, 'rank': 6, 'fitness': 0.9820137900379085, 'generation': 360}","{'id': 25088, 'rank': 7, 'fitness': 0.9820137900379085, 'generation': 360}","{'id': 25088, 'rank': 8, 'fitness': 0.9820137900379085, 'generation': 360}","{'id': 25088, 'rank': 9, 'fitness': 0.9820137900379085, 'generation': 360}","{'id': 25088, 'rank': 10, 'fitness': 0.9820137900379085, 'generation': 360}","{'id': 25088, 'rank': 11, 'fitness': 0.9820137900379085, 'generation': 360}","{'id': 25088, 'rank': 12, 'fitness': 0.9820137900379085, 'generation': 360}","{'id': 25088, 'rank': 13, 'fitness': 0.9820137900379085, 'generation': 360}","{'id': 25088, 'rank': 14, 'fitness': 0.9820137900379085, 'generation': 360}","{'id': 25088, 'rank': 15, 'fitness': 0.9820137900379085, 'generation': 360}","{'id': 25088, 'rank': 16, 'fitness': 0.9820137900379085, 'generation': 360}","{'id': 25088, 'rank': 17, 'fitness': 0.9820137900379085, 'generation': 360}","{'id': 25088, 'rank': 18, 'fitness': 0.9820137900379085, 'generation': 360}","{'id': 25088, 'rank': 19, 'fitness': 0.9820137900379085, 'generation': 360}","{'id': 25088, 'rank': 20, 'fitness': 0.9820137900379085, 'generation': 360}","{'id': 25088, 'rank': 21, 'fitness': 0.9820137900379085, 'generation': 360}","{'id': 24215, 'rank': 22, 'fitness': 0.9677607783768594, 'generation': 360}","{'id': 24215, 'rank': 23, 'fitness': 0.9677607783768594, 'generation': 360}","{'id': 24215, 'rank': 24, 'fitness': 0.9677607783768594, 'generation': 360}","{'id': 24215, 'rank': 25, 'fitness': 0.9677607783768594, 'generation': 360}","{'id': 24215, 'rank': 26, 'fitness': 0.9677607783768594, 'generation': 360}","{'id': 24215, 'rank': 27, 'fitness': 0.9677607783768594, 'generation': 360}","{'id': 25713, 'rank': 28, 'fitness': 0.9639490691713536, 'generation': 360}","{'id': 25743, 'rank': 29, 'fitness': 0.03915884669498365, 'generation': 360}","{'id': 25696, 'rank': 30, 'fitness': 0.01798620996209155, 'generation': 360}"
"{'id': 25088, 'rank': 1, 'fitness': 0.9820137900379085, 'generation': 361}","{'id': 25088, 'rank': 2, 'fitness': 0.9820137900379085, 'generation': 361}","{'id': 25088, 'rank': 3, 'fitness': 0.9820137900379085, 'generation': 361}","{'id': 25088, 'rank': 4, 'fitness': 0.9820137900379085, 'generation': 361}","{'id': 25088, 'rank': 5, 'fitness': 0.9820137900379085, 'generation': 361}","{'id': 25088, 'rank': 6, 'fitness': 0.9820137900379085, 'generation': 361}","{'id': 25088, 'rank': 7, 'fitness': 0.9820137900379085, 'generation': 361}","{'id': 25088, 'rank': 8, 'fitness': 0.9820137900379085, 'generation': 361}","{'id': 25088, 'rank': 9, 'fitness': 0.9820137900379085, 'generation': 361}","{'id': 25088, 'rank': 10, 'fitness': 0.9820137900379085, 'generation': 361}","{'id': 25088, 'rank': 11, 'fitness': 0.9820137900379085, 'generation': 361}","{'id': 25088, 'rank': 12, 'fitness': 0.9820137900379085, 'generation': 361}","{'id': 25088, 'rank': 13, 'fitness': 0.9820137900379085, 'generation': 361}","{'id': 25088, 'rank': 14, 'fitness': 0.9820137900379085, 'generation': 361}","{'id': 25088, 'rank': 15, 'fitness': 0.9820137900379085, 'generation': 361}","{'id': 25088, 'rank': 16, 'fitness': 0.9820137900379085, 'generation': 361}","{'id': 25088, 'rank': 17, 'fitness': 0.9820137900379085, 'generation': 361}","{'id': 25088, 'rank': 18, 'fitness': 0.9820137900379085, 'generation': 361}","{'id': 25088, 'rank': 19, 'fitness': 0.9820137900379085, 'generation': 361}","{'id': 25088, 'rank': 20, 'fitness': 0.9820137900379085, 'generation': 361}","{'id': 25088, 'rank': 21, 'fitness': 0.9820137900379085, 'generation': 361}","{'id': 25088, 'rank': 22, 'fitness': 0.9820137900379085, 'generation': 361}","{'id': 25088, 'rank': 23, 'fitness': 0.9820137900379085, 'generation': 361}","{'id': 25769, 'rank': 24, 'fitness': 0.4559060485878773, 'generation': 361}","{'id': 25793, 'rank': 25, 'fitness': 0.3067821030176845, 'generation': 361}","{'id': 25772, 'rank': 26, 'fitness': 0.24815344649084536, 'generation': 361}","{'id': 25828, 'rank': 27, 'fitness': 0.11094263887057343, 'generation': 361}","{'id': 25813, 'rank': 28, 'fitness': 0.05664631984154067, 'generation': 361}","{'id': 25780, 'rank': 29, 'fitness': 0.04093688469386242, 'generation': 361}","{'id': 25776, 'rank': 30, 'fitness': 0.01798620996209155, 'generation': 361}"
"{'id': 25088, 'rank': 1, 'fitness': 0.9820137900379085, 'generation': 362}","{'id': 25088, 'rank': 2, 'fitness': 0.9820137900379085, 'generation': 362}","{'id': 25088, 'rank': 3, 'fitness': 0.9820137900379085, 'generation': 362}","{'id': 25088, 'rank': 4, 'fitness': 0.9820137900379085, 'generation': 362}","{'id': 25088, 'rank': 5, 'fitness': 0.9820137900379085, 'generation': 362}","{'id': 25088, 'rank': 6, 'fitness': 0.9820137900379085, 'generation': 362}","{'id': 25088, 'rank': 7, 'fitness': 0.9820137900379085, 'generation': 362}","{'id': 25088, 'rank': 8, 'fitness': 0.9820137900379085, 'generation': 362}","{'id': 25088, 'rank': 9, 'fitness': 0.9820137900379085, 'generation': 362}","{'id': 25088, 'rank': 10, 'fitness': 0.9820137900379085, 'generation': 362}","{'id': 25088, 'rank': 11, 'fitness': 0.9820137900379085, 'generation': 362}","{'id': 25088, 'rank': 12, 'fitness': 0.9820137900379085, 'generation': 362}","{'id': 25088, 'rank': 13, 'fitness': 0.9820137900379085, 'generation': 362}","{'id': 25088, 'rank': 14, 'fitness': 0.9820137900379085, 'generation': 362}","{'id': 25088, 'rank': 15, 'fitness': 0.9820137900379085, 'generation': 362}","{'id': 25088, 'rank': 16, 'fitness': 0.9820137900379085, 'generation': 362}","{'id': 25088, 'rank': 17, 'fitness': 0.9820137900379085, 'generation': 362}","{'id': 25088, 'rank': 18, 'fitness': 0.9820137900379085, 'generation': 362}","{'id': 25088, 'rank': 19, 'fitness': 0.9820137900379085, 'generation': 362}","{'id': 25088, 'rank': 20, 'fitness': 0.9820137900379085, 'generation': 362}","{'id': 25088, 'rank': 21, 'fitness': 0.9820137900379085, 'generation': 362}","{'id': 25088, 'rank': 22, 'fitness': 0.9820137900379085, 'generation': 362}","{'id': 25088, 'rank': 23, 'fitness': 0.9820137900379085, 'generation': 362}","{'id': 25088, 'rank': 24, 'fitness': 0.9820137900379085, 'generation': 362}","{'id': 25088, 'rank': 25, 'fitness': 0.9820137900379085, 'generation': 362}","{'id': 25088, 'rank': 26, 'fitness': 0.9820137900379085, 'generation': 362}","{'id': 25088, 'rank': 27, 'fitness': 0.9820137900379085, 'generation': 362}","{'id': 25878, 'rank': 28, 'fitness': 0.8169572529550319, 'generation': 362}","{'id': 25908, 'rank': 29, 'fitness': 0.018925644112939344, 'generation': 362}","{'id': 25869, 'rank': 30, 'fitness': 0.01798620996209155, 'generation': 362}"
"{'id': 25088, 'rank': 1, 'fitness': 0.9820137900379085, 'generation': 363}","{'id': 25088, 'rank': 2, 'fitness': 0.9820137900379085, 'generation': 363}","{'id': 25088, 'rank': 3, 'fitness': 0.9820137900379085, 'generation': 363}","{'id': 25088, 'rank': 4, 'fitness': 0.9820137900379085, 'generation': 363}","{'id': 25088, 'rank': 5, 'fitness': 0.9820137900379085, 'generation': 363}","{'id': 25088, 'rank': 6, 'fitness': 0.9820137900379085, 'generation': 363}","{'id': 25088, 'rank': 7, 'fitness': 0.9820137900379085, 'generation': 363}","{'id': 25088, 'rank': 8, 'fitness': 0.9820137900379085, 'generation': 363}","{'id': 25088, 'rank': 9, 'fitness': 0.9820137900379085, 'generation': 363}","{'id': 25088, 'rank': 10, 'fitness': 0.9820137900379085, 'generation': 363}","{'id': 25088, 'rank': 11, 'fitness': 0.9820137900379085, 'generation': 363}","{'id': 25088, 'rank': 12, 'fitness': 0.9820137900379085, 'generation': 363}","{'id': 25088, 'rank': 13, 'fitness': 0.9820137900379085, 'generation': 363}","{'id': 25088, 'rank': 14, 'fitness': 0.9820137900379085, 'generation': 363}","{'id': 25088, 'rank': 15, 'fitness': 0.9820137900379085, 'generation': 363}","{'id': 25088, 'rank': 16, 'fitness': 0.9820137900379085, 'generation': 363}","{'id': 25088, 'rank': 17, 'fitness': 0.9820137900379085, 'generation': 363}","{'id': 25088, 'rank': 18, 'fitness': 0.9820137900379085, 'generation': 363}","{'id': 25088, 'rank': 19, 'fitness': 0.9820137900379085, 'generation': 363}","{'id': 25088, 'rank': 20, 'fitness': 0.9820137900379085, 'generation': 363}","{'id': 25088, 'rank': 21, 'fitness': 0.9820137900379085, 'generation': 363}","{'id': 25088, 'rank': 22, 'fitness': 0.9820137900379085, 'generation': 363}","{'id': 25088, 'rank': 23, 'fitness': 0.9820137900379085, 'generation': 363}","{'id': 25088, 'rank': 24, 'fitness': 0.9820137900379085, 'generation': 363}","{'id': 25088, 'rank': 25, 'fitness': 0.9820137900379085, 'generation': 363}","{'id': 25088, 'rank': 26, 'fitness': 0.9820137900379085, 'generation': 363}","{'id': 25088, 'rank': 27, 'fitness': 0.9820137900379085, 'generation': 363}","{'id': 25088, 'rank': 28, 'fitness': 0.9820137900379085, 'generation': 363}","{'id': 26004, 'rank': 29, 'fitness': 0.5218830260189254, 'generation': 363}","{'id': 25987, 'rank': 30, 'fitness': 0.01798620996209155, 'generation': 363}"
"{'id': 25088, 'rank': 1, 'fitness': 0.9820137900379085, 'generation': 364}","{'id': 25088, 'rank': 2, 'fitness': 0.9820137900379085, 'generation': 364}","{'id': 25088, 'rank': 3, 'fitness': 0.9820137900379085, 'generation': 364}","{'id': 25088, 'rank': 4, 'fitness': 0.9820137900379085, 'generation': 364}","{'id': 25088, 'rank': 5, 'fitness': 0.9820137900379085, 'generation': 364}","{'id': 25088, 'rank': 6, 'fitness': 0.9820137900379085, 'generation': 364}","{'id': 25088, 'rank': 7, 'fitness': 0.9820137900379085, 'generation': 364}","{'id': 25088, 'rank': 8, 'fitness': 0.9820137900379085, 'generation': 364}","{'id': 25088, 'rank': 9, 'fitness': 0.9820137900379085, 'generation': 364}","{'id': 25088, 'rank': 10, 'fitness': 0.9820137900379085, 'generation': 364}","{'id': 25088, 'rank': 11, 'fitness': 0.9820137900379085, 'generation': 364}","{'id': 25088, 'rank': 12, 'fitness': 0.9820137900379085, 'generation': 364}","{'id': 25088, 'rank': 13, 'fitness': 0.9820137900379085, 'generation': 364}","{'id': 25088, 'rank': 14, 'fitness': 0.9820137900379085, 'generation': 364}","{'id': 25088, 'rank': 15, 'fitness': 0.9820137900379085, 'generation': 364}","{'id': 25088, 'rank': 16, 'fitness': 0.9820137900379085, 'generation': 364}","{'id': 25088, 'rank': 17, 'fitness': 0.9820137900379085, 'generation': 364}","{'id': 25088, 'rank': 18, 'fitness': 0.9820137900379085, 'generation': 364}","{'id': 25088, 'rank': 19, 'fitness': 0.9820137900379085, 'generation': 364}","{'id': 25088, 'rank': 20, 'fitness': 0.9820137900379085, 'generation': 364}","{'id': 25088, 'rank': 21, 'fitness': 0.9820137900379085, 'generation': 364}","{'id': 25088, 'rank': 22, 'fitness': 0.9820137900379085, 'generation': 364}","{'id': 25088, 'rank': 23, 'fitness': 0.9820137900379085, 'generation': 364}","{'id': 25088, 'rank': 24, 'fitness': 0.9820137900379085, 'generation': 364}","{'id': 25088, 'rank': 25, 'fitness': 0.9820137900379085, 'generation': 364}","{'id': 25088, 'rank': 26, 'fitness': 0.9820137900379085, 'generation': 364}","{'id': 26077, 'rank': 27, 'fitness': 0.2873974554408354, 'generation': 364}","{'id': 26042, 'rank': 28, 'fitness': 0.1996051765652509, 'generation': 364}","{'id': 26079, 'rank': 29, 'fitness': 0.018699314727693095, 'generation': 364}","{'id': 26093, 'rank': 30, 'fitness': 0.01798620996209155, 'generation': 364}"
"{'id': 25088, 'rank': 1, 'fitness': 0.9820137900379085, 'generation': 365}","{'id': 25088, 'rank': 2, 'fitness': 0.9820137900379085, 'generation': 365}","{'id': 25088, 'rank': 3, 'fitness': 0.9820137900379085, 'generation': 365}","{'id': 25088, 'rank': 4, 'fitness': 0.9820137900379085, 'generation': 365}","{'id': 25088, 'rank': 5, 'fitness': 0.9820137900379085, 'generation': 365}","{'id': 25088, 'rank': 6, 'fitness': 0.9820137900379085, 'generation': 365}","{'id': 25088, 'rank': 7, 'fitness': 0.9820137900379085, 'generation': 365}","{'id': 25088, 'rank': 8, 'fitness': 0.9820137900379085, 'generation': 365}","{'id': 25088, 'rank': 9, 'fitness': 0.9820137900379085, 'generation': 365}","{'id': 25088, 'rank': 10, 'fitness': 0.9820137900379085, 'generation': 365}","{'id': 25088, 'rank': 11, 'fitness': 0.9820137900379085, 'generation': 365}","{'id': 25088, 'rank': 12, 'fitness': 0.9820137900379085, 'generation': 365}","{'id': 25088, 'rank': 13, 'fitness': 0.9820137900379085, 'generation': 365}","{'id': 25088, 'rank': 14, 'fitness': 0.9820137900379085, 'generation': 365}","{'id': 25088, 'rank': 15, 'fitness': 0.9820137900379085, 'generation': 365}","{'id': 25088, 'rank': 16, 'fitness': 0.9820137900379085, 'generation': 365}","{'id': 25088, 'rank': 17, 'fitness': 0.9820137900379085, 'generation': 365}","{'id': 25088, 'rank': 18, 'fitness': 0.9820137900379085, 'generation': 365}","{'id': 25088, 'rank': 19, 'fitness': 0.9820137900379085, 'generation': 365}","{'id': 25088, 'rank': 20, 'fitness': 0.9820137900379085, 'generation': 365}","{'id': 25088, 'rank': 21, 'fitness': 0.9820137900379085, 'generation': 365}","{'id': 25088, 'rank': 22, 'fitness': 0.9820137900379085, 'generation': 365}","{'id': 25088, 'rank': 23, 'fitness': 0.9820137900379085, 'generation': 365}","{'id': 25088, 'rank': 24, 'fitness': 0.9820137900379085, 'generation': 365}","{'id': 25088, 'rank': 25, 'fitness': 0.9820137900379085, 'generation': 365}","{'id': 25088, 'rank': 26, 'fitness': 0.9820137900379085, 'generation': 365}","{'id': 25088, 'rank': 27, 'fitness': 0.9820137900379085, 'generation': 365}","{'id': 25088, 'rank': 28, 'fitness': 0.9820137900379085, 'generation': 365}","{'id': 26167, 'rank': 29, 'fitness': 0.13969996764959913, 'generation': 365}","{'id': 26171, 'rank': 30, 'fitness': 0.01798620996209155, 'generation': 365}"
"{'id': 25088, 'rank': 1, 'fitness': 0.9820137900379085, 'generation': 366}","{'id': 25088, 'rank': 2, 'fitness': 0.9820137900379085, 'generation': 366}","{'id': 25088, 'rank': 3, 'fitness': 0.9820137900379085, 'generation': 366}","{'id': 25088, 'rank': 4, 'fitness': 0.9820137900379085, 'generation': 366}","{'id': 25088, 'rank': 5, 'fitness': 0.9820137900379085, 'generation': 366}","{'id': 25088, 'rank': 6, 'fitness': 0.9820137900379085, 'generation': 366}","{'id': 25088, 'rank': 7, 'fitness': 0.9820137900379085, 'generation': 366}","{'id': 25088, 'rank': 8, 'fitness': 0.9820137900379085, 'generation': 366}","{'id': 25088, 'rank': 9, 'fitness': 0.9820137900379085, 'generation': 366}","{'id': 25088, 'rank': 10, 'fitness': 0.9820137900379085, 'generation': 366}","{'id': 25088, 'rank': 11, 'fitness': 0.9820137900379085, 'generation': 366}","{'id': 25088, 'rank': 12, 'fitness': 0.9820137900379085, 'generation': 366}","{'id': 25088, 'rank': 13, 'fitness': 0.9820137900379085, 'generation': 366}","{'id': 25088, 'rank': 14, 'fitness': 0.9820137900379085, 'generation': 366}","{'id': 25088, 'rank': 15, 'fitness': 0.9820137900379085, 'generation': 366}","{'id': 25088, 'rank': 16, 'fitness': 0.9820137900379085, 'generation': 366}","{'id': 25088, 'rank': 17, 'fitness': 0.9820137900379085, 'generation': 366}","{'id': 25088, 'rank': 18, 'fitness': 0.9820137900379085, 'generation': 366}","{'id': 25088, 'rank': 19, 'fitness': 0.9820137900379085, 'generation': 366}","{'id': 25088, 'rank': 20, 'fitness': 0.9820137900379085, 'generation': 366}","{'id': 25088, 'rank': 21, 'fitness': 0.9820137900379085, 'generation': 366}","{'id': 25088, 'rank': 22, 'fitness': 0.9820137900379085, 'generation': 366}","{'id': 25088, 'rank': 23, 'fitness': 0.9820137900379085, 'generation': 366}","{'id': 25088, 'rank': 24, 'fitness': 0.9820137900379085, 'generation': 366}","{'id': 25088, 'rank': 25, 'fitness': 0.9820137900379085, 'generation': 366}","{'id': 26254, 'rank': 26, 'fitness': 0.5366023360067914, 'generation': 366}","{'id': 26192, 'rank': 27, 'fitness': 0.529861665087628, 'generation': 366}","{'id': 26271, 'rank': 28, 'fitness': 0.267140655754322, 'generation': 366}","{'id': 26238, 'rank': 29, 'fitness': 0.19274524213344385, 'generation': 366}","{'id': 26250, 'rank': 30, 'fitness': 0.01798620996209155, 'generation': 366}"
"{'id': 25088, 'rank': 1, 'fitness': 0.9820137900379085, 'generation': 367}","{'id': 25088, 'rank': 2, 'fitness': 0.9820137900379085, 'generation': 367}","{'id': 25088, 'rank': 3, 'fitness': 0.9820137900379085, 'generation': 367}","{'id': 25088, 'rank': 4, 'fitness': 0.9820137900379085, 'generation': 367}","{'id': 25088, 'rank': 5, 'fitness': 0.9820137900379085, 'generation': 367}","{'id': 25088, 'rank': 6, 'fitness': 0.9820137900379085, 'generation': 367}","{'id': 25088, 'rank': 7, 'fitness': 0.9820137900379085, 'generation': 367}","{'id': 25088, 'rank': 8, 'fitness': 0.9820137900379085, 'generation': 367}","{'id': 25088, 'rank': 9, 'fitness': 0.9820137900379085, 'generation': 367}","{'id': 25088, 'rank': 10, 'fitness': 0.9820137900379085, 'generation': 367}","{'id': 25088, 'rank': 11, 'fitness': 0.9820137900379085, 'generation': 367}","{'id': 25088, 'rank': 12, 'fitness': 0.9820137900379085, 'generation': 367}","{'id': 25088, 'rank': 13, 'fitness': 0.9820137900379085, 'generation': 367}","{'id': 25088, 'rank': 14, 'fitness': 0.9820137900379085, 'generation': 367}","{'id': 25088, 'rank': 15, 'fitness': 0.9820137900379085, 'generation': 367}","{'id': 25088, 'rank': 16, 'fitness': 0.9820137900379085, 'generation': 367}","{'id': 25088, 'rank': 17, 'fitness': 0.9820137900379085, 'generation': 367}","{'id': 25088, 'rank': 18, 'fitness': 0.9820137900379085, 'generation': 367}","{'id': 25088, 'rank': 19, 'fitness': 0.9820137900379085, 'generation': 367}","{'id': 25088, 'rank': 20, 'fitness': 0.9820137900379085, 'generation': 367}","{'id': 25088, 'rank': 21, 'fitness': 0.9820137900379085, 'generation': 367}","{'id': 25088, 'rank': 22, 'fitness': 0.9820137900379085, 'generation': 367}","{'id': 25088, 'rank': 23, 'fitness': 0.9820137900379085, 'generation': 367}","{'id': 26317, 'rank': 24, 'fitness': 0.7336839021513454, 'generation': 367}","{'id': 26317, 'rank': 25, 'fitness': 0.7336839021513454, 'generation': 367}","{'id': 26337, 'rank': 26, 'fitness': 0.6798114504192001, 'generation': 367}","{'id': 26341, 'rank': 27, 'fitness': 0.5314966725586583, 'generation': 367}","{'id': 26292, 'rank': 28, 'fitness': 0.14223717731271546, 'generation': 367}","{'id': 26315, 'rank': 29, 'fitness': 0.04271430980361646, 'generation': 367}","{'id': 26330, 'rank': 30, 'fitness': 0.01798620996209155, 'generation': 367}"
"{'id': 25088, 'rank': 1, 'fitness': 0.9820137900379085, 'generation': 368}","{'id': 25088, 'rank': 2, 'fitness': 0.9820137900379085, 'generation': 368}","{'id': 25088, 'rank': 3, 'fitness': 0.9820137900379085, 'generation': 368}","{'id': 25088, 'rank': 4, 'fitness': 0.9820137900379085, 'generation': 368}","{'id': 25088, 'rank': 5, 'fitness': 0.9820137900379085, 'generation': 368}","{'id': 25088, 'rank': 6, 'fitness': 0.9820137900379085, 'generation': 368}","{'id': 25088, 'rank': 7, 'fitness': 0.9820137900379085, 'generation': 368}","{'id': 25088, 'rank': 8, 'fitness': 0.9820137900379085, 'generation': 368}","{'id': 25088, 'rank': 9, 'fitness': 0.9820137900379085, 'generation': 368}","{'id': 25088, 'rank': 10, 'fitness': 0.9820137900379085, 'generation': 368}","{'id': 25088, 'rank': 11, 'fitness': 0.9820137900379085, 'generation': 368}","{'id': 25088, 'rank': 12, 'fitness': 0.9820137900379085, 'generation': 368}","{'id': 25088, 'rank': 13, 'fitness': 0.9820137900379085, 'generation': 368}","{'id': 25088, 'rank': 14, 'fitness': 0.9820137900379085, 'generation': 368}","{'id': 25088, 'rank': 15, 'fitness': 0.9820137900379085, 'generation': 368}","{'id': 25088, 'rank': 16, 'fitness': 0.9820137900379085, 'generation': 368}","{'id': 25088, 'rank': 17, 'fitness': 0.9820137900379085, 'generation': 368}","{'id': 25088, 'rank': 18, 'fitness': 0.9820137900379085, 'generation': 368}","{'id': 25088, 'rank': 19, 'fitness': 0.9820137900379085, 'generation': 368}","{'id': 25088, 'rank': 20, 'fitness': 0.9820137900379085, 'generation': 368}","{'id': 25088, 'rank': 21, 'fitness': 0.9820137900379085, 'generation': 368}","{'id': 25088, 'rank': 22, 'fitness': 0.9820137900379085, 'generation': 368}","{'id': 25088, 'rank': 23, 'fitness': 0.9820137900379085, 'generation': 368}","{'id': 25088, 'rank': 24, 'fitness': 0.9820137900379085, 'generation': 368}","{'id': 26317, 'rank': 25, 'fitness': 0.6155198950990657, 'generation': 368}","{'id': 26317, 'rank': 26, 'fitness': 0.6155198950990657, 'generation': 368}","{'id': 26366, 'rank': 27, 'fitness': 0.22996000925625182, 'generation': 368}","{'id': 26292, 'rank': 28, 'fitness': 0.05465998603783806, 'generation': 368}","{'id': 26371, 'rank': 29, 'fitness': 0.03135386390954087, 'generation': 368}","{'id': 26441, 'rank': 30, 'fitness': 0.01798620996209155, 'generation': 368}"
"{'id': 25088, 'rank': 1, 'fitness': 0.9820137900379085, 'generation': 369}","{'id': 25088, 'rank': 2, 'fitness': 0.9820137900379085, 'generation': 369}","{'id': 25088, 'rank': 3, 'fitness': 0.9820137900379085, 'generation': 369}","{'id': 25088, 'rank': 4, 'fitness': 0.9820137900379085, 'generation': 369}","{'id': 25088, 'rank': 5, 'fitness': 0.9820137900379085, 'generation': 369}","{'id': 25088, 'rank': 6, 'fitness': 0.9820137900379085, 'generation': 369}","{'id': 25088, 'rank': 7, 'fitness': 0.9820137900379085, 'generation': 369}","{'id': 25088, 'rank': 8, 'fitness': 0.9820137900379085, 'generation': 369}","{'id': 25088, 'rank': 9, 'fitness': 0.9820137900379085, 'generation': 369}","{'id': 25088, 'rank': 10, 'fitness': 0.9820137900379085, 'generation': 369}","{'id': 25088, 'rank': 11, 'fitness': 0.9820137900379085, 'generation': 369}","{'id': 25088, 'rank': 12, 'fitness': 0.9820137900379085, 'generation': 369}","{'id': 25088, 'rank': 13, 'fitness': 0.9820137900379085, 'generation': 369}","{'id': 25088, 'rank': 14, 'fitness': 0.9820137900379085, 'generation': 369}","{'id': 25088, 'rank': 15, 'fitness': 0.9820137900379085, 'generation': 369}","{'id': 25088, 'rank': 16, 'fitness': 0.9820137900379085, 'generation': 369}","{'id': 25088, 'rank': 17, 'fitness': 0.9820137900379085, 'generation': 369}","{'id': 25088, 'rank': 18, 'fitness': 0.9820137900379085, 'generation': 369}","{'id': 25088, 'rank': 19, 'fitness': 0.9820137900379085, 'generation': 369}","{'id': 25088, 'rank': 20, 'fitness': 0.9820137900379085, 'generation': 369}","{'id': 25088, 'rank': 21, 'fitness': 0.9820137900379085, 'generation': 369}","{'id': 25088, 'rank': 22, 'fitness': 0.9820137900379085, 'generation': 369}","{'id': 25088, 'rank': 23, 'fitness': 0.9820137900379085, 'generation': 369}","{'id': 26511, 'rank': 24, 'fitness': 0.8017327215405999, 'generation': 369}","{'id': 26317, 'rank': 25, 'fitness': 0.7774957078238611, 'generation': 369}","{'id': 26366, 'rank': 26, 'fitness': 0.4858454518972673, 'generation': 369}","{'id': 26488, 'rank': 27, 'fitness': 0.2638868394597771, 'generation': 369}","{'id': 26504, 'rank': 28, 'fitness': 0.04897450257883584, 'generation': 369}","{'id': 26444, 'rank': 29, 'fitness': 0.034722800968948364, 'generation': 369}","{'id': 26515, 'rank': 30, 'fitness': 0.01798620996209155, 'generation': 369}"
"{'id': 25088, 'rank': 1, 'fitness': 0.9820137900379085, 'generation': 370}","{'id': 25088, 'rank': 2, 'fitness': 0.9820137900379085, 'generation': 370}","{'id': 25088, 'rank': 3, 'fitness': 0.9820137900379085, 'generation': 370}","{'id': 25088, 'rank': 4, 'fitness': 0.9820137900379085, 'generation': 370}","{'id': 25088, 'rank': 5, 'fitness': 0.9820137900379085, 'generation': 370}","{'id': 25088, 'rank': 6, 'fitness': 0.9820137900379085, 'generation': 370}","{'id': 25088, 'rank': 7, 'fitness': 0.9820137900379085, 'generation': 370}","{'id': 25088, 'rank': 8, 'fitness': 0.9820137900379085, 'generation': 370}","{'id': 25088, 'rank': 9, 'fitness': 0.9820137900379085, 'generation': 370}","{'id': 25088, 'rank': 10, 'fitness': 0.9820137900379085, 'generation': 370}","{'id': 25088, 'rank': 11, 'fitness': 0.9820137900379085, 'generation': 370}","{'id': 25088, 'rank': 12, 'fitness': 0.9820137900379085, 'generation': 370}","{'id': 25088, 'rank': 13, 'fitness': 0.9820137900379085, 'generation': 370}","{'id': 25088, 'rank': 14, 'fitness': 0.9820137900379085, 'generation': 370}","{'id': 25088, 'rank': 15, 'fitness': 0.9820137900379085, 'generation': 370}","{'id': 25088, 'rank': 16, 'fitness': 0.9820137900379085, 'generation': 370}","{'id': 25088, 'rank': 17, 'fitness': 0.9820137900379085, 'generation': 370}","{'id': 25088, 'rank': 18, 'fitness': 0.9820137900379085, 'generation': 370}","{'id': 25088, 'rank': 19, 'fitness': 0.9820137900379085, 'generation': 370}","{'id': 25088, 'rank': 20, 'fitness': 0.9820137900379085, 'generation': 370}","{'id': 25088, 'rank': 21, 'fitness': 0.9820137900379085, 'generation': 370}","{'id': 25088, 'rank': 22, 'fitness': 0.9820137900379085, 'generation': 370}","{'id': 25088, 'rank': 23, 'fitness': 0.9820137900379085, 'generation': 370}","{'id': 25088, 'rank': 24, 'fitness': 0.9820137900379085, 'generation': 370}","{'id': 25088, 'rank': 25, 'fitness': 0.9820137900379085, 'generation': 370}","{'id': 25088, 'rank': 26, 'fitness': 0.9820137900379085, 'generation': 370}","{'id': 26317, 'rank': 27, 'fitness': 0.7306318620278247, 'generation': 370}","{'id': 26545, 'rank': 28, 'fitness': 0.6288286167832609, 'generation': 370}","{'id': 26524, 'rank': 29, 'fitness': 0.3322666443201686, 'generation': 370}","{'id': 26444, 'rank': 30, 'fitness': 0.01798620996209155, 'generation': 370}"
"{'id': 25088, 'rank': 1, 'fitness': 0.9820137900379085, 'generation': 371}","{'id': 25088, 'rank': 2, 'fitness': 0.9820137900379085, 'generation': 371}","{'id': 25088, 'rank': 3, 'fitness': 0.9820137900379085, 'generation': 371}","{'id': 25088, 'rank': 4, 'fitness': 0.9820137900379085, 'generation': 371}","{'id': 25088, 'rank': 5, 'fitness': 0.9820137900379085, 'generation': 371}","{'id': 25088, 'rank': 6, 'fitness': 0.9820137900379085, 'generation': 371}","{'id': 25088, 'rank': 7, 'fitness': 0.9820137900379085, 'generation': 371}","{'id': 25088, 'rank': 8, 'fitness': 0.9820137900379085, 'generation': 371}","{'id': 25088, 'rank': 9, 'fitness': 0.9820137900379085, 'generation': 371}","{'id': 25088, 'rank': 10, 'fitness': 0.9820137900379085, 'generation': 371}","{'id': 25088, 'rank': 11, 'fitness': 0.9820137900379085, 'generation': 371}","{'id': 25088, 'rank': 12, 'fitness': 0.9820137900379085, 'generation': 371}","{'id': 25088, 'rank': 13, 'fitness': 0.9820137900379085, 'generation': 371}","{'id': 25088, 'rank': 14, 'fitness': 0.9820137900379085, 'generation': 371}","{'id': 25088, 'rank': 15, 'fitness': 0.9820137900379085, 'generation': 371}","{'id': 25088, 'rank': 16, 'fitness': 0.9820137900379085, 'generation': 371}","{'id': 25088, 'rank': 17, 'fitness': 0.9820137900379085, 'generation': 371}","{'id': 25088, 'rank': 18, 'fitness': 0.9820137900379085, 'generation': 371}","{'id': 25088, 'rank': 19, 'fitness': 0.9820137900379085, 'generation': 371}","{'id': 25088, 'rank': 20, 'fitness': 0.9820137900379085, 'generation': 371}","{'id': 25088, 'rank': 21, 'fitness': 0.9820137900379085, 'generation': 371}","{'id': 25088, 'rank': 22, 'fitness': 0.9820137900379085, 'generation': 371}","{'id': 25088, 'rank': 23, 'fitness': 0.9820137900379085, 'generation': 371}","{'id': 25088, 'rank': 24, 'fitness': 0.9820137900379085, 'generation': 371}","{'id': 25088, 'rank': 25, 'fitness': 0.9820137900379085, 'generation': 371}","{'id': 25088, 'rank': 26, 'fitness': 0.9820137900379085, 'generation': 371}","{'id': 26607, 'rank': 27, 'fitness': 0.1553258594116752, 'generation': 371}","{'id': 26661, 'rank': 28, 'fitness': 0.059196237613172165, 'generation': 371}","{'id': 26669, 'rank': 29, 'fitness': 0.018331179028038824, 'generation': 371}","{'id': 26618, 'rank': 30, 'fitness': 0.01798620996209155, 'generation': 371}"
"{'id': 25088, 'rank': 1, 'fitness': 0.9820137900379085, 'generation': 372}","{'id': 25088, 'rank': 2, 'fitness': 0.9820137900379085, 'generation': 372}","{'id': 25088, 'rank': 3, 'fitness': 0.9820137900379085, 'generation': 372}","{'id': 25088, 'rank': 4, 'fitness': 0.9820137900379085, 'generation': 372}","{'id': 25088, 'rank': 5, 'fitness': 0.9820137900379085, 'generation': 372}","{'id': 25088, 'rank': 6, 'fitness': 0.9820137900379085, 'generation': 372}","{'id': 25088, 'rank': 7, 'fitness': 0.9820137900379085, 'generation': 372}","{'id': 25088, 'rank': 8, 'fitness': 0.9820137900379085, 'generation': 372}","{'id': 25088, 'rank': 9, 'fitness': 0.9820137900379085, 'generation': 372}","{'id': 25088, 'rank': 10, 'fitness': 0.9820137900379085, 'generation': 372}","{'id': 25088, 'rank': 11, 'fitness': 0.9820137900379085, 'generation': 372}","{'id': 25088, 'rank': 12, 'fitness': 0.9820137900379085, 'generation': 372}","{'id': 25088, 'rank': 13, 'fitness': 0.9820137900379085, 'generation': 372}","{'id': 25088, 'rank': 14, 'fitness': 0.9820137900379085, 'generation': 372}","{'id': 25088, 'rank': 15, 'fitness': 0.9820137900379085, 'generation': 372}","{'id': 25088, 'rank': 16, 'fitness': 0.9820137900379085, 'generation': 372}","{'id': 25088, 'rank': 17, 'fitness': 0.9820137900379085, 'generation': 372}","{'id': 25088, 'rank': 18, 'fitness': 0.9820137900379085, 'generation': 372}","{'id': 25088, 'rank': 19, 'fitness': 0.9820137900379085, 'generation': 372}","{'id': 25088, 'rank': 20, 'fitness': 0.9820137900379085, 'generation': 372}","{'id': 25088, 'rank': 21, 'fitness': 0.9820137900379085, 'generation': 372}","{'id': 25088, 'rank': 22, 'fitness': 0.9820137900379085, 'generation': 372}","{'id': 25088, 'rank': 23, 'fitness': 0.9820137900379085, 'generation': 372}","{'id': 25088, 'rank': 24, 'fitness': 0.9820137900379085, 'generation': 372}","{'id': 25088, 'rank': 25, 'fitness': 0.9820137900379085, 'generation': 372}","{'id': 26721, 'rank': 26, 'fitness': 0.08011864329595592, 'generation': 372}","{'id': 26742, 'rank': 27, 'fitness': 0.04228919499991374, 'generation': 372}","{'id': 26607, 'rank': 28, 'fitness': 0.029811067490296994, 'generation': 372}","{'id': 26688, 'rank': 29, 'fitness': 0.018569814338973478, 'generation': 372}","{'id': 26697, 'rank': 30, 'fitness': 0.01798620996209155, 'generation': 372}"
"{'id': 25088, 'rank': 1, 'fitness': 0.9820137900379085, 'generation': 373}","{'id': 25088, 'rank': 2, 'fitness': 0.9820137900379085, 'generation': 373}","{'id': 25088, 'rank': 3, 'fitness': 0.9820137900379085, 'generation': 373}","{'id': 25088, 'rank': 4, 'fitness': 0.9820137900379085, 'generation': 373}","{'id': 25088, 'rank': 5, 'fitness': 0.9820137900379085, 'generation': 373}","{'id': 25088, 'rank': 6, 'fitness': 0.9820137900379085, 'generation': 373}","{'id': 25088, 'rank': 7, 'fitness': 0.9820137900379085, 'generation': 373}","{'id': 25088, 'rank': 8, 'fitness': 0.9820137900379085, 'generation': 373}","{'id': 25088, 'rank': 9, 'fitness': 0.9820137900379085, 'generation': 373}","{'id': 25088, 'rank': 10, 'fitness': 0.9820137900379085, 'generation': 373}","{'id': 25088, 'rank': 11, 'fitness': 0.9820137900379085, 'generation': 373}","{'id': 25088, 'rank': 12, 'fitness': 0.9820137900379085, 'generation': 373}","{'id': 25088, 'rank': 13, 'fitness': 0.9820137900379085, 'generation': 373}","{'id': 25088, 'rank': 14, 'fitness': 0.9820137900379085, 'generation': 373}","{'id': 25088, 'rank': 15, 'fitness': 0.9820137900379085, 'generation': 373}","{'id': 25088, 'rank': 16, 'fitness': 0.9820137900379085, 'generation': 373}","{'id': 25088, 'rank': 17, 'fitness': 0.9820137900379085, 'generation': 373}","{'id': 25088, 'rank': 18, 'fitness': 0.9820137900379085, 'generation': 373}","{'id': 25088, 'rank': 19, 'fitness': 0.9820137900379085, 'generation': 373}","{'id': 25088, 'rank': 20, 'fitness': 0.9820137900379085, 'generation': 373}","{'id': 25088, 'rank': 21, 'fitness': 0.9820137900379085, 'generation': 373}","{'id': 25088, 'rank': 22, 'fitness': 0.9820137900379085, 'generation': 373}","{'id': 25088, 'rank': 23, 'fitness': 0.9820137900379085, 'generation': 373}","{'id': 25088, 'rank': 24, 'fitness': 0.9820137900379085, 'generation': 373}","{'id': 25088, 'rank': 25, 'fitness': 0.9820137900379085, 'generation': 373}","{'id': 26804, 'rank': 26, 'fitness': 0.6160041321477427, 'generation': 373}","{'id': 26819, 'rank': 27, 'fitness': 0.052143853943732, 'generation': 373}","{'id': 26781, 'rank': 28, 'fitness': 0.0390195652732071, 'generation': 373}","{'id': 26798, 'rank': 29, 'fitness': 0.03181002378908332, 'generation': 373}","{'id': 26688, 'rank': 30, 'fitness': 0.01798620996209155, 'generation': 373}"
"{'id': 25088, 'rank': 1, 'fitness': 0.9820137900379085, 'generation': 374}","{'id': 25088, 'rank': 2, 'fitness': 0.9820137900379085, 'generation': 374}","{'id': 25088, 'rank': 3, 'fitness': 0.9820137900379085, 'generation': 374}","{'id': 25088, 'rank': 4, 'fitness': 0.9820137900379085, 'generation': 374}","{'id': 25088, 'rank': 5, 'fitness': 0.9820137900379085, 'generation': 374}","{'id': 25088, 'rank': 6, 'fitness': 0.9820137900379085, 'generation': 374}","{'id': 25088, 'rank': 7, 'fitness': 0.9820137900379085, 'generation': 374}","{'id': 25088, 'rank': 8, 'fitness': 0.9820137900379085, 'generation': 374}","{'id': 25088, 'rank': 9, 'fitness': 0.9820137900379085, 'generation': 374}","{'id': 25088, 'rank': 10, 'fitness': 0.9820137900379085, 'generation': 374}","{'id': 25088, 'rank': 11, 'fitness': 0.9820137900379085, 'generation': 374}","{'id': 25088, 'rank': 12, 'fitness': 0.9820137900379085, 'generation': 374}","{'id': 25088, 'rank': 13, 'fitness': 0.9820137900379085, 'generation': 374}","{'id': 25088, 'rank': 14, 'fitness': 0.9820137900379085, 'generation': 374}","{'id': 25088, 'rank': 15, 'fitness': 0.9820137900379085, 'generation': 374}","{'id': 25088, 'rank': 16, 'fitness': 0.9820137900379085, 'generation': 374}","{'id': 25088, 'rank': 17, 'fitness': 0.9820137900379085, 'generation': 374}","{'id': 25088, 'rank': 18, 'fitness': 0.9820137900379085, 'generation': 374}","{'id': 25088, 'rank': 19, 'fitness': 0.9820137900379085, 'generation': 374}","{'id': 25088, 'rank': 20, 'fitness': 0.9820137900379085, 'generation': 374}","{'id': 25088, 'rank': 21, 'fitness': 0.9820137900379085, 'generation': 374}","{'id': 25088, 'rank': 22, 'fitness': 0.9820137900379085, 'generation': 374}","{'id': 25088, 'rank': 23, 'fitness': 0.9820137900379085, 'generation': 374}","{'id': 25088, 'rank': 24, 'fitness': 0.9820137900379085, 'generation': 374}","{'id': 25088, 'rank': 25, 'fitness': 0.9820137900379085, 'generation': 374}","{'id': 26924, 'rank': 26, 'fitness': 0.3768596992583256, 'generation': 374}","{'id': 26819, 'rank': 27, 'fitness': 0.15751896044716807, 'generation': 374}","{'id': 26942, 'rank': 28, 'fitness': 0.08551906702502687, 'generation': 374}","{'id': 26688, 'rank': 29, 'fitness': 0.07033100191301417, 'generation': 374}","{'id': 26885, 'rank': 30, 'fitness': 0.01798620996209155, 'generation': 374}"
"{'id': 25088, 'rank': 1, 'fitness': 0.9820137900379085, 'generation': 375}","{'id': 25088, 'rank': 2, 'fitness': 0.9820137900379085, 'generation': 375}","{'id': 25088, 'rank': 3, 'fitness': 0.9820137900379085, 'generation': 375}","{'id': 25088, 'rank': 4, 'fitness': 0.9820137900379085, 'generation': 375}","{'id': 25088, 'rank': 5, 'fitness': 0.9820137900379085, 'generation': 375}","{'id': 25088, 'rank': 6, 'fitness': 0.9820137900379085, 'generation': 375}","{'id': 25088, 'rank': 7, 'fitness': 0.9820137900379085, 'generation': 375}","{'id': 25088, 'rank': 8, 'fitness': 0.9820137900379085, 'generation': 375}","{'id': 25088, 'rank': 9, 'fitness': 0.9820137900379085, 'generation': 375}","{'id': 25088, 'rank': 10, 'fitness': 0.9820137900379085, 'generation': 375}","{'id': 25088, 'rank': 11, 'fitness': 0.9820137900379085, 'generation': 375}","{'id': 25088, 'rank': 12, 'fitness': 0.9820137900379085, 'generation': 375}","{'id': 25088, 'rank': 13, 'fitness': 0.9820137900379085, 'generation': 375}","{'id': 25088, 'rank': 14, 'fitness': 0.9820137900379085, 'generation': 375}","{'id': 25088, 'rank': 15, 'fitness': 0.9820137900379085, 'generation': 375}","{'id': 25088, 'rank': 16, 'fitness': 0.9820137900379085, 'generation': 375}","{'id': 25088, 'rank': 17, 'fitness': 0.9820137900379085, 'generation': 375}","{'id': 25088, 'rank': 18, 'fitness': 0.9820137900379085, 'generation': 375}","{'id': 25088, 'rank': 19, 'fitness': 0.9820137900379085, 'generation': 375}","{'id': 25088, 'rank': 20, 'fitness': 0.9820137900379085, 'generation': 375}","{'id': 25088, 'rank': 21, 'fitness': 0.9820137900379085, 'generation': 375}","{'id': 25088, 'rank': 22, 'fitness': 0.9820137900379085, 'generation': 375}","{'id': 25088, 'rank': 23, 'fitness': 0.9820137900379085, 'generation': 375}","{'id': 25088, 'rank': 24, 'fitness': 0.9820137900379085, 'generation': 375}","{'id': 25088, 'rank': 25, 'fitness': 0.9820137900379085, 'generation': 375}","{'id': 25088, 'rank': 26, 'fitness': 0.9820137900379085, 'generation': 375}","{'id': 25088, 'rank': 27, 'fitness': 0.9820137900379085, 'generation': 375}","{'id': 26961, 'rank': 28, 'fitness': 0.8415361369408386, 'generation': 375}","{'id': 26949, 'rank': 29, 'fitness': 0.01798620996209155, 'generation': 375}","{'id': 26949, 'rank': 30, 'fitness': 0.01798620996209155, 'generation': 375}"
"{'id': 25088, 'rank': 1, 'fitness': 0.9820137900379085, 'generation': 376}","{'id': 25088, 'rank': 2, 'fitness': 0.9820137900379085, 'generation': 376}","{'id': 25088, 'rank': 3, 'fitness': 0.9820137900379085, 'generation': 376}","{'id': 25088, 'rank': 4, 'fitness': 0.9820137900379085, 'generation': 376}","{'id': 25088, 'rank': 5, 'fitness': 0.9820137900379085, 'generation': 376}","{'id': 25088, 'rank': 6, 'fitness': 0.9820137900379085, 'generation': 376}","{'id': 25088, 'rank': 7, 'fitness': 0.9820137900379085, 'generation': 376}","{'id': 25088, 'rank': 8, 'fitness': 0.9820137900379085, 'generation': 376}","{'id': 25088, 'rank': 9, 'fitness': 0.9820137900379085, 'generation': 376}","{'id': 25088, 'rank': 10, 'fitness': 0.9820137900379085, 'generation': 376}","{'id': 25088, 'rank': 11, 'fitness': 0.9820137900379085, 'generation': 376}","{'id': 25088, 'rank': 12, 'fitness': 0.9820137900379085, 'generation': 376}","{'id': 25088, 'rank': 13, 'fitness': 0.9820137900379085, 'generation': 376}","{'id': 25088, 'rank': 14, 'fitness': 0.9820137900379085, 'generation': 376}","{'id': 25088, 'rank': 15, 'fitness': 0.9820137900379085, 'generation': 376}","{'id': 25088, 'rank': 16, 'fitness': 0.9820137900379085, 'generation': 376}","{'id': 25088, 'rank': 17, 'fitness': 0.9820137900379085, 'generation': 376}","{'id': 25088, 'rank': 18, 'fitness': 0.9820137900379085, 'generation': 376}","{'id': 25088, 'rank': 19, 'fitness': 0.9820137900379085, 'generation': 376}","{'id': 25088, 'rank': 20, 'fitness': 0.9820137900379085, 'generation': 376}","{'id': 25088, 'rank': 21, 'fitness': 0.9820137900379085, 'generation': 376}","{'id': 25088, 'rank': 22, 'fitness': 0.9820137900379085, 'generation': 376}","{'id': 25088, 'rank': 23, 'fitness': 0.9820137900379085, 'generation': 376}","{'id': 25088, 'rank': 24, 'fitness': 0.9820137900379085, 'generation': 376}","{'id': 25088, 'rank': 25, 'fitness': 0.9820137900379085, 'generation': 376}","{'id': 25088, 'rank': 26, 'fitness': 0.9820137900379085, 'generation': 376}","{'id': 27044, 'rank': 27, 'fitness': 0.043369441959384636, 'generation': 376}","{'id': 27047, 'rank': 28, 'fitness': 0.026094840910612427, 'generation': 376}","{'id': 26949, 'rank': 29, 'fitness': 0.01798620996209155, 'generation': 376}","{'id': 26949, 'rank': 30, 'fitness': 0.01798620996209155, 'generation': 376}"
"{'id': 25088, 'rank': 1, 'fitness': 0.9820137900379085, 'generation': 377}","{'id': 25088, 'rank': 2, 'fitness': 0.9820137900379085, 'generation': 377}","{'id': 25088, 'rank': 3, 'fitness': 0.9820137900379085, 'generation': 377}","{'id': 25088, 'rank': 4, 'fitness': 0.9820137900379085, 'generation': 377}","{'id': 25088, 'rank': 5, 'fitness': 0.9820137900379085, 'generation': 377}","{'id': 25088, 'rank': 6, 'fitness': 0.9820137900379085, 'generation': 377}","{'id': 25088, 'rank': 7, 'fitness': 0.9820137900379085, 'generation': 377}","{'id': 25088, 'rank': 8, 'fitness': 0.9820137900379085, 'generation': 377}","{'id': 25088, 'rank': 9, 'fitness': 0.9820137900379085, 'generation': 377}","{'id': 25088, 'rank': 10, 'fitness': 0.9820137900379085, 'generation': 377}","{'id': 25088, 'rank': 11, 'fitness': 0.9820137900379085, 'generation': 377}","{'id': 25088, 'rank': 12, 'fitness': 0.9820137900379085, 'generation': 377}","{'id': 25088, 'rank': 13, 'fitness': 0.9820137900379085, 'generation': 377}","{'id': 25088, 'rank': 14, 'fitness': 0.9820137900379085, 'generation': 377}","{'id': 25088, 'rank': 15, 'fitness': 0.9820137900379085, 'generation': 377}","{'id': 25088, 'rank': 16, 'fitness': 0.9820137900379085, 'generation': 377}","{'id': 25088, 'rank': 17, 'fitness': 0.9820137900379085, 'generation': 377}","{'id': 25088, 'rank': 18, 'fitness': 0.9820137900379085, 'generation': 377}","{'id': 25088, 'rank': 19, 'fitness': 0.9820137900379085, 'generation': 377}","{'id': 25088, 'rank': 20, 'fitness': 0.9820137900379085, 'generation': 377}","{'id': 25088, 'rank': 21, 'fitness': 0.9820137900379085, 'generation': 377}","{'id': 25088, 'rank': 22, 'fitness': 0.9820137900379085, 'generation': 377}","{'id': 27159, 'rank': 23, 'fitness': 0.9572286899309959, 'generation': 377}","{'id': 27147, 'rank': 24, 'fitness': 0.6880606821692712, 'generation': 377}","{'id': 27103, 'rank': 25, 'fitness': 0.5995249167694807, 'generation': 377}","{'id': 27103, 'rank': 26, 'fitness': 0.5995249167694807, 'generation': 377}","{'id': 27047, 'rank': 27, 'fitness': 0.21508399600425798, 'generation': 377}","{'id': 27146, 'rank': 28, 'fitness': 0.14984663608373655, 'generation': 377}","{'id': 27144, 'rank': 29, 'fitness': 0.04960442741725074, 'generation': 377}","{'id': 27173, 'rank': 30, 'fitness': 0.01798620996209155, 'generation': 377}"
"{'id': 27238, 'rank': 1, 'fitness': 0.9820137900379085, 'generation': 378}","{'id': 27238, 'rank': 2, 'fitness': 0.9820137900379085, 'generation': 378}","{'id': 27207, 'rank': 3, 'fitness': 0.9811092034608113, 'generation': 378}","{'id': 27207, 'rank': 4, 'fitness': 0.9811092034608113, 'generation': 378}","{'id': 25088, 'rank': 5, 'fitness': 0.9770459458308908, 'generation': 378}","{'id': 25088, 'rank': 6, 'fitness': 0.9770459458308908, 'generation': 378}","{'id': 25088, 'rank': 7, 'fitness': 0.9770459458308908, 'generation': 378}","{'id': 25088, 'rank': 8, 'fitness': 0.9770459458308908, 'generation': 378}","{'id': 25088, 'rank': 9, 'fitness': 0.9770459458308908, 'generation': 378}","{'id': 25088, 'rank': 10, 'fitness': 0.9770459458308908, 'generation': 378}","{'id': 25088, 'rank': 11, 'fitness': 0.9770459458308908, 'generation': 378}","{'id': 25088, 'rank': 12, 'fitness': 0.9770459458308908, 'generation': 378}","{'id': 25088, 'rank': 13, 'fitness': 0.9770459458308908, 'generation': 378}","{'id': 25088, 'rank': 14, 'fitness': 0.9770459458308908, 'generation': 378}","{'id': 25088, 'rank': 15, 'fitness': 0.9770459458308908, 'generation': 378}","{'id': 25088, 'rank': 16, 'fitness': 0.9770459458308908, 'generation': 378}","{'id': 25088, 'rank': 17, 'fitness': 0.9770459458308908, 'generation': 378}","{'id': 25088, 'rank': 18, 'fitness': 0.9770459458308908, 'generation': 378}","{'id': 25088, 'rank': 19, 'fitness': 0.9770459458308908, 'generation': 378}","{'id': 25088, 'rank': 20, 'fitness': 0.9770459458308908, 'generation': 378}","{'id': 25088, 'rank': 21, 'fitness': 0.9770459458308908, 'generation': 378}","{'id': 25088, 'rank': 22, 'fitness': 0.9770459458308908, 'generation': 378}","{'id': 25088, 'rank': 23, 'fitness': 0.9770459458308908, 'generation': 378}","{'id': 25088, 'rank': 24, 'fitness': 0.9770459458308908, 'generation': 378}","{'id': 25088, 'rank': 25, 'fitness': 0.9770459458308908, 'generation': 378}","{'id': 25088, 'rank': 26, 'fitness': 0.9770459458308908, 'generation': 378}","{'id': 27159, 'rank': 27, 'fitness': 0.9441383156963684, 'generation': 378}","{'id': 27047, 'rank': 28, 'fitness': 0.15027880313193231, 'generation': 378}","{'id': 27194, 'rank': 29, 'fitness': 0.12410346959871171, 'generation': 378}","{'id': 27240, 'rank': 30, 'fitness': 0.01798620996209155, 'generation': 378}"
"{'id': 27238, 'rank': 1, 'fitness': 0.9820137900379085, 'generation': 379}","{'id': 27238, 'rank': 2, 'fitness': 0.9820137900379085, 'generation': 379}","{'id': 27238, 'rank': 3, 'fitness': 0.9820137900379085, 'generation': 379}","{'id': 27207, 'rank': 4, 'fitness': 0.9813426847341947, 'generation': 379}","{'id': 25088, 'rank': 5, 'fitness': 0.9784197327204747, 'generation': 379}","{'id': 25088, 'rank': 6, 'fitness': 0.9784197327204747, 'generation': 379}","{'id': 25088, 'rank': 7, 'fitness': 0.9784197327204747, 'generation': 379}","{'id': 25088, 'rank': 8, 'fitness': 0.9784197327204747, 'generation': 379}","{'id': 25088, 'rank': 9, 'fitness': 0.9784197327204747, 'generation': 379}","{'id': 25088, 'rank': 10, 'fitness': 0.9784197327204747, 'generation': 379}","{'id': 25088, 'rank': 11, 'fitness': 0.9784197327204747, 'generation': 379}","{'id': 25088, 'rank': 12, 'fitness': 0.9784197327204747, 'generation': 379}","{'id': 25088, 'rank': 13, 'fitness': 0.9784197327204747, 'generation': 379}","{'id': 25088, 'rank': 14, 'fitness': 0.9784197327204747, 'generation': 379}","{'id': 25088, 'rank': 15, 'fitness': 0.9784197327204747, 'generation': 379}","{'id': 25088, 'rank': 16, 'fitness': 0.9784197327204747, 'generation': 379}","{'id': 25088, 'rank': 17, 'fitness': 0.9784197327204747, 'generation': 379}","{'id': 25088, 'rank': 18, 'fitness': 0.9784197327204747, 'generation': 379}","{'id': 25088, 'rank': 19, 'fitness': 0.9784197327204747, 'generation': 379}","{'id': 25088, 'rank': 20, 'fitness': 0.9784197327204747, 'generation': 379}","{'id': 25088, 'rank': 21, 'fitness': 0.9784197327204747, 'generation': 379}","{'id': 25088, 'rank': 22, 'fitness': 0.9784197327204747, 'generation': 379}","{'id': 25088, 'rank': 23, 'fitness': 0.9784197327204747, 'generation': 379}","{'id': 27258, 'rank': 24, 'fitness': 0.7971080995251629, 'generation': 379}","{'id': 27258, 'rank': 25, 'fitness': 0.7971080995251629, 'generation': 379}","{'id': 27194, 'rank': 26, 'fitness': 0.3906570111459845, 'generation': 379}","{'id': 27331, 'rank': 27, 'fitness': 0.38610098631589973, 'generation': 379}","{'id': 27333, 'rank': 28, 'fitness': 0.32298387034635134, 'generation': 379}","{'id': 27277, 'rank': 29, 'fitness': 0.2436879549044217, 'generation': 379}","{'id': 27307, 'rank': 30, 'fitness': 0.01798620996209155, 'generation': 379}"
"{'id': 27238, 'rank': 1, 'fitness': 0.9820137900379085, 'generation': 380}","{'id': 27238, 'rank': 2, 'fitness': 0.9820137900379085, 'generation': 380}","{'id': 27238, 'rank': 3, 'fitness': 0.9820137900379085, 'generation': 380}","{'id': 27207, 'rank': 4, 'fitness': 0.9812219518564484, 'generation': 380}","{'id': 27207, 'rank': 5, 'fitness': 0.9812219518564484, 'generation': 380}","{'id': 27207, 'rank': 6, 'fitness': 0.9812219518564484, 'generation': 380}","{'id': 25088, 'rank': 7, 'fitness': 0.977717602396701, 'generation': 380}","{'id': 25088, 'rank': 8, 'fitness': 0.977717602396701, 'generation': 380}","{'id': 25088, 'rank': 9, 'fitness': 0.977717602396701, 'generation': 380}","{'id': 25088, 'rank': 10, 'fitness': 0.977717602396701, 'generation': 380}","{'id': 25088, 'rank': 11, 'fitness': 0.977717602396701, 'generation': 380}","{'id': 25088, 'rank': 12, 'fitness': 0.977717602396701, 'generation': 380}","{'id': 25088, 'rank': 13, 'fitness': 0.977717602396701, 'generation': 380}","{'id': 25088, 'rank': 14, 'fitness': 0.977717602396701, 'generation': 380}","{'id': 25088, 'rank': 15, 'fitness': 0.977717602396701, 'generation': 380}","{'id': 25088, 'rank': 16, 'fitness': 0.977717602396701, 'generation': 380}","{'id': 25088, 'rank': 17, 'fitness': 0.977717602396701, 'generation': 380}","{'id': 25088, 'rank': 18, 'fitness': 0.977717602396701, 'generation': 380}","{'id': 25088, 'rank': 19, 'fitness': 0.977717602396701, 'generation': 380}","{'id': 25088, 'rank': 20, 'fitness': 0.977717602396701, 'generation': 380}","{'id': 25088, 'rank': 21, 'fitness': 0.977717602396701, 'generation': 380}","{'id': 25088, 'rank': 22, 'fitness': 0.977717602396701, 'generation': 380}","{'id': 25088, 'rank': 23, 'fitness': 0.977717602396701, 'generation': 380}","{'id': 25088, 'rank': 24, 'fitness': 0.977717602396701, 'generation': 380}","{'id': 27376, 'rank': 25, 'fitness': 0.83806649660051, 'generation': 380}","{'id': 27194, 'rank': 26, 'fitness': 0.22662758934384752, 'generation': 380}","{'id': 27194, 'rank': 27, 'fitness': 0.22662758934384752, 'generation': 380}","{'id': 27277, 'rank': 28, 'fitness': 0.11540732266972709, 'generation': 380}","{'id': 27401, 'rank': 29, 'fitness': 0.047957728438838776, 'generation': 380}","{'id': 27361, 'rank': 30, 'fitness': 0.01798620996209155, 'generation': 380}"
"{'id': 27238, 'rank': 1, 'fitness': 0.9820137900379085, 'generation': 381}","{'id': 27238, 'rank': 2, 'fitness': 0.9820137900379085, 'generation': 381}","{'id': 27207, 'rank': 3, 'fitness': 0.9812690687330776, 'generation': 381}","{'id': 27207, 'rank': 4, 'fitness': 0.9812690687330776, 'generation': 381}","{'id': 27207, 'rank': 5, 'fitness': 0.9812690687330776, 'generation': 381}","{'id': 27207, 'rank': 6, 'fitness': 0.9812690687330776, 'generation': 381}","{'id': 25088, 'rank': 7, 'fitness': 0.9779937012384798, 'generation': 381}","{'id': 25088, 'rank': 8, 'fitness': 0.9779937012384798, 'generation': 381}","{'id': 25088, 'rank': 9, 'fitness': 0.9779937012384798, 'generation': 381}","{'id': 25088, 'rank': 10, 'fitness': 0.9779937012384798, 'generation': 381}","{'id': 25088, 'rank': 11, 'fitness': 0.9779937012384798, 'generation': 381}","{'id': 25088, 'rank': 12, 'fitness': 0.9779937012384798, 'generation': 381}","{'id': 25088, 'rank': 13, 'fitness': 0.9779937012384798, 'generation': 381}","{'id': 25088, 'rank': 14, 'fitness': 0.9779937012384798, 'generation': 381}","{'id': 25088, 'rank': 15, 'fitness': 0.9779937012384798, 'generation': 381}","{'id': 25088, 'rank': 16, 'fitness': 0.9779937012384798, 'generation': 381}","{'id': 25088, 'rank': 17, 'fitness': 0.9779937012384798, 'generation': 381}","{'id': 25088, 'rank': 18, 'fitness': 0.9779937012384798, 'generation': 381}","{'id': 25088, 'rank': 19, 'fitness': 0.9779937012384798, 'generation': 381}","{'id': 25088, 'rank': 20, 'fitness': 0.9779937012384798, 'generation': 381}","{'id': 25088, 'rank': 21, 'fitness': 0.9779937012384798, 'generation': 381}","{'id': 25088, 'rank': 22, 'fitness': 0.9779937012384798, 'generation': 381}","{'id': 25088, 'rank': 23, 'fitness': 0.9779937012384798, 'generation': 381}","{'id': 25088, 'rank': 24, 'fitness': 0.9779937012384798, 'generation': 381}","{'id': 27423, 'rank': 25, 'fitness': 0.975322477196001, 'generation': 381}","{'id': 27426, 'rank': 26, 'fitness': 0.8839596777673028, 'generation': 381}","{'id': 27194, 'rank': 27, 'fitness': 0.2844469787316437, 'generation': 381}","{'id': 27194, 'rank': 28, 'fitness': 0.2844469787316437, 'generation': 381}","{'id': 27451, 'rank': 29, 'fitness': 0.06991192840033689, 'generation': 381}","{'id': 27472, 'rank': 30, 'fitness': 0.01798620996209155, 'generation': 381}"
"{'id': 27238, 'rank': 1, 'fitness': 0.9820137900379085, 'generation': 382}","{'id': 27238, 'rank': 2, 'fitness': 0.9820137900379085, 'generation': 382}","{'id': 27238, 'rank': 3, 'fitness': 0.9820137900379085, 'generation': 382}","{'id': 27238, 'rank': 4, 'fitness': 0.9820137900379085, 'generation': 382}","{'id': 27238, 'rank': 5, 'fitness': 0.9820137900379085, 'generation': 382}","{'id': 27238, 'rank': 6, 'fitness': 0.9820137900379085, 'generation': 382}","{'id': 27238, 'rank': 7, 'fitness': 0.9820137900379085, 'generation': 382}","{'id': 27207, 'rank': 8, 'fitness': 0.9814095086376438, 'generation': 382}","{'id': 27207, 'rank': 9, 'fitness': 0.9814095086376438, 'generation': 382}","{'id': 27207, 'rank': 10, 'fitness': 0.9814095086376438, 'generation': 382}","{'id': 25088, 'rank': 11, 'fitness': 0.9788008582897515, 'generation': 382}","{'id': 25088, 'rank': 12, 'fitness': 0.9788008582897515, 'generation': 382}","{'id': 25088, 'rank': 13, 'fitness': 0.9788008582897515, 'generation': 382}","{'id': 25088, 'rank': 14, 'fitness': 0.9788008582897515, 'generation': 382}","{'id': 25088, 'rank': 15, 'fitness': 0.9788008582897515, 'generation': 382}","{'id': 25088, 'rank': 16, 'fitness': 0.9788008582897515, 'generation': 382}","{'id': 25088, 'rank': 17, 'fitness': 0.9788008582897515, 'generation': 382}","{'id': 25088, 'rank': 18, 'fitness': 0.9788008582897515, 'generation': 382}","{'id': 25088, 'rank': 19, 'fitness': 0.9788008582897515, 'generation': 382}","{'id': 25088, 'rank': 20, 'fitness': 0.9788008582897515, 'generation': 382}","{'id': 25088, 'rank': 21, 'fitness': 0.9788008582897515, 'generation': 382}","{'id': 25088, 'rank': 22, 'fitness': 0.9788008582897515, 'generation': 382}","{'id': 25088, 'rank': 23, 'fitness': 0.9788008582897515, 'generation': 382}","{'id': 25088, 'rank': 24, 'fitness': 0.9788008582897515, 'generation': 382}","{'id': 25088, 'rank': 25, 'fitness': 0.9788008582897515, 'generation': 382}","{'id': 25088, 'rank': 26, 'fitness': 0.9788008582897515, 'generation': 382}","{'id': 25088, 'rank': 27, 'fitness': 0.9788008582897515, 'generation': 382}","{'id': 27533, 'rank': 28, 'fitness': 0.5531285845942718, 'generation': 382}","{'id': 27533, 'rank': 29, 'fitness': 0.5531285845942718, 'generation': 382}","{'id': 27584, 'rank': 30, 'fitness': 0.01798620996209155, 'generation': 382}"
"{'id': 27238, 'rank': 1, 'fitness': 0.9820137900379085, 'generation': 383}","{'id': 27238, 'rank': 2, 'fitness': 0.9820137900379085, 'generation': 383}","{'id': 27238, 'rank': 3, 'fitness': 0.9820137900379085, 'generation': 383}","{'id': 27238, 'rank': 4, 'fitness': 0.9820137900379085, 'generation': 383}","{'id': 27238, 'rank': 5, 'fitness': 0.9820137900379085, 'generation': 383}","{'id': 27238, 'rank': 6, 'fitness': 0.9820137900379085, 'generation': 383}","{'id': 27238, 'rank': 7, 'fitness': 0.9820137900379085, 'generation': 383}","{'id': 27238, 'rank': 8, 'fitness': 0.9820137900379085, 'generation': 383}","{'id': 27207, 'rank': 9, 'fitness': 0.9812017808707176, 'generation': 383}","{'id': 27207, 'rank': 10, 'fitness': 0.9812017808707176, 'generation': 383}","{'id': 25088, 'rank': 11, 'fitness': 0.9775985808351051, 'generation': 383}","{'id': 25088, 'rank': 12, 'fitness': 0.9775985808351051, 'generation': 383}","{'id': 25088, 'rank': 13, 'fitness': 0.9775985808351051, 'generation': 383}","{'id': 25088, 'rank': 14, 'fitness': 0.9775985808351051, 'generation': 383}","{'id': 25088, 'rank': 15, 'fitness': 0.9775985808351051, 'generation': 383}","{'id': 25088, 'rank': 16, 'fitness': 0.9775985808351051, 'generation': 383}","{'id': 25088, 'rank': 17, 'fitness': 0.9775985808351051, 'generation': 383}","{'id': 25088, 'rank': 18, 'fitness': 0.9775985808351051, 'generation': 383}","{'id': 25088, 'rank': 19, 'fitness': 0.9775985808351051, 'generation': 383}","{'id': 25088, 'rank': 20, 'fitness': 0.9775985808351051, 'generation': 383}","{'id': 25088, 'rank': 21, 'fitness': 0.9775985808351051, 'generation': 383}","{'id': 25088, 'rank': 22, 'fitness': 0.9775985808351051, 'generation': 383}","{'id': 27533, 'rank': 23, 'fitness': 0.25720532194451196, 'generation': 383}","{'id': 27654, 'rank': 24, 'fitness': 0.11746286459134375, 'generation': 383}","{'id': 27672, 'rank': 25, 'fitness': 0.0966374962914412, 'generation': 383}","{'id': 27672, 'rank': 26, 'fitness': 0.0966374962914412, 'generation': 383}","{'id': 27618, 'rank': 27, 'fitness': 0.08858167588767885, 'generation': 383}","{'id': 27675, 'rank': 28, 'fitness': 0.05124997177939783, 'generation': 383}","{'id': 27612, 'rank': 29, 'fitness': 0.04233074817941901, 'generation': 383}","{'id': 27620, 'rank': 30, 'fitness': 0.01798620996209155, 'generation': 383}"
"{'id': 27238, 'rank': 1, 'fitness': 0.9820137900379085, 'generation': 384}","{'id': 27238, 'rank': 2, 'fitness': 0.9820137900379085, 'generation': 384}","{'id': 27238, 'rank': 3, 'fitness': 0.9820137900379085, 'generation': 384}","{'id': 27238, 'rank': 4, 'fitness': 0.9820137900379085, 'generation': 384}","{'id': 27238, 'rank': 5, 'fitness': 0.9820137900379085, 'generation': 384}","{'id': 27238, 'rank': 6, 'fitness': 0.9820137900379085, 'generation': 384}","{'id': 27238, 'rank': 7, 'fitness': 0.9820137900379085, 'generation': 384}","{'id': 27238, 'rank': 8, 'fitness': 0.9820137900379085, 'generation': 384}","{'id': 27238, 'rank': 9, 'fitness': 0.9820137900379085, 'generation': 384}","{'id': 27238, 'rank': 10, 'fitness': 0.9820137900379085, 'generation': 384}","{'id': 27238, 'rank': 11, 'fitness': 0.9820137900379085, 'generation': 384}","{'id': 27238, 'rank': 12, 'fitness': 0.9820137900379085, 'generation': 384}","{'id': 27207, 'rank': 13, 'fitness': 0.9814214797168883, 'generation': 384}","{'id': 27207, 'rank': 14, 'fitness': 0.9814214797168883, 'generation': 384}","{'id': 25088, 'rank': 15, 'fitness': 0.9788685758222879, 'generation': 384}","{'id': 25088, 'rank': 16, 'fitness': 0.9788685758222879, 'generation': 384}","{'id': 25088, 'rank': 17, 'fitness': 0.9788685758222879, 'generation': 384}","{'id': 25088, 'rank': 18, 'fitness': 0.9788685758222879, 'generation': 384}","{'id': 25088, 'rank': 19, 'fitness': 0.9788685758222879, 'generation': 384}","{'id': 25088, 'rank': 20, 'fitness': 0.9788685758222879, 'generation': 384}","{'id': 25088, 'rank': 21, 'fitness': 0.9788685758222879, 'generation': 384}","{'id': 25088, 'rank': 22, 'fitness': 0.9788685758222879, 'generation': 384}","{'id': 27703, 'rank': 23, 'fitness': 0.7975590659300951, 'generation': 384}","{'id': 27733, 'rank': 24, 'fitness': 0.7171193324812656, 'generation': 384}","{'id': 27733, 'rank': 25, 'fitness': 0.7171193324812656, 'generation': 384}","{'id': 27754, 'rank': 26, 'fitness': 0.663208268199918, 'generation': 384}","{'id': 27704, 'rank': 27, 'fitness': 0.6602412011063246, 'generation': 384}","{'id': 27704, 'rank': 28, 'fitness': 0.6602412011063246, 'generation': 384}","{'id': 27746, 'rank': 29, 'fitness': 0.6285817106397371, 'generation': 384}","{'id': 27690, 'rank': 30, 'fitness': 0.01798620996209155, 'generation': 384}"
"{'id': 27238, 'rank': 1, 'fitness': 0.9820137900379085, 'generation': 385}","{'id': 27238, 'rank': 2, 'fitness': 0.9820137900379085, 'generation': 385}","{'id': 27238, 'rank': 3, 'fitness': 0.9820137900379085, 'generation': 385}","{'id': 27238, 'rank': 4, 'fitness': 0.9820137900379085, 'generation': 385}","{'id': 27238, 'rank': 5, 'fitness': 0.9820137900379085, 'generation': 385}","{'id': 27238, 'rank': 6, 'fitness': 0.9820137900379085, 'generation': 385}","{'id': 27238, 'rank': 7, 'fitness': 0.9820137900379085, 'generation': 385}","{'id': 27238, 'rank': 8, 'fitness': 0.9820137900379085, 'generation': 385}","{'id': 27238, 'rank': 9, 'fitness': 0.9820137900379085, 'generation': 385}","{'id': 27238, 'rank': 10, 'fitness': 0.9820137900379085, 'generation': 385}","{'id': 27238, 'rank': 11, 'fitness': 0.9820137900379085, 'generation': 385}","{'id': 27238, 'rank': 12, 'fitness': 0.9820137900379085, 'generation': 385}","{'id': 27238, 'rank': 13, 'fitness': 0.9820137900379085, 'generation': 385}","{'id': 27238, 'rank': 14, 'fitness': 0.9820137900379085, 'generation': 385}","{'id': 27238, 'rank': 15, 'fitness': 0.9820137900379085, 'generation': 385}","{'id': 27238, 'rank': 16, 'fitness': 0.9820137900379085, 'generation': 385}","{'id': 27238, 'rank': 17, 'fitness': 0.9820137900379085, 'generation': 385}","{'id': 27238, 'rank': 18, 'fitness': 0.9820137900379085, 'generation': 385}","{'id': 27238, 'rank': 19, 'fitness': 0.9820137900379085, 'generation': 385}","{'id': 27238, 'rank': 20, 'fitness': 0.9820137900379085, 'generation': 385}","{'id': 25088, 'rank': 21, 'fitness': 0.9781822013692378, 'generation': 385}","{'id': 25088, 'rank': 22, 'fitness': 0.9781822013692378, 'generation': 385}","{'id': 25088, 'rank': 23, 'fitness': 0.9781822013692378, 'generation': 385}","{'id': 25088, 'rank': 24, 'fitness': 0.9781822013692378, 'generation': 385}","{'id': 27808, 'rank': 25, 'fitness': 0.6857924595313917, 'generation': 385}","{'id': 27733, 'rank': 26, 'fitness': 0.5793527138687438, 'generation': 385}","{'id': 27704, 'rank': 27, 'fitness': 0.5003583318117585, 'generation': 385}","{'id': 27826, 'rank': 28, 'fitness': 0.15840025225084897, 'generation': 385}","{'id': 27800, 'rank': 29, 'fitness': 0.1351602942491124, 'generation': 385}","{'id': 27781, 'rank': 30, 'fitness': 0.01798620996209155, 'generation': 385}"
"{'id': 27238, 'rank': 1, 'fitness': 0.9820137900379085, 'generation': 386}","{'id': 27238, 'rank': 2, 'fitness': 0.9820137900379085, 'generation': 386}","{'id': 27238, 'rank': 3, 'fitness': 0.9820137900379085, 'generation': 386}","{'id': 27238, 'rank': 4, 'fitness': 0.9820137900379085, 'generation': 386}","{'id': 27238, 'rank': 5, 'fitness': 0.9820137900379085, 'generation': 386}","{'id': 27238, 'rank': 6, 'fitness': 0.9820137900379085, 'generation': 386}","{'id': 27238, 'rank': 7, 'fitness': 0.9820137900379085, 'generation': 386}","{'id': 27238, 'rank': 8, 'fitness': 0.9820137900379085, 'generation': 386}","{'id': 27238, 'rank': 9, 'fitness': 0.9820137900379085, 'generation': 386}","{'id': 27238, 'rank': 10, 'fitness': 0.9820137900379085, 'generation': 386}","{'id': 27238, 'rank': 11, 'fitness': 0.9820137900379085, 'generation': 386}","{'id': 27238, 'rank': 12, 'fitness': 0.9820137900379085, 'generation': 386}","{'id': 27238, 'rank': 13, 'fitness': 0.9820137900379085, 'generation': 386}","{'id': 27238, 'rank': 14, 'fitness': 0.9820137900379085, 'generation': 386}","{'id': 27238, 'rank': 15, 'fitness': 0.9820137900379085, 'generation': 386}","{'id': 27238, 'rank': 16, 'fitness': 0.9820137900379085, 'generation': 386}","{'id': 27238, 'rank': 17, 'fitness': 0.9820137900379085, 'generation': 386}","{'id': 27238, 'rank': 18, 'fitness': 0.9820137900379085, 'generation': 386}","{'id': 27238, 'rank': 19, 'fitness': 0.9820137900379085, 'generation': 386}","{'id': 27238, 'rank': 20, 'fitness': 0.9820137900379085, 'generation': 386}","{'id': 27238, 'rank': 21, 'fitness': 0.9820137900379085, 'generation': 386}","{'id': 27238, 'rank': 22, 'fitness': 0.9820137900379085, 'generation': 386}","{'id': 25088, 'rank': 23, 'fitness': 0.9735527152131835, 'generation': 386}","{'id': 27855, 'rank': 24, 'fitness': 0.23231681017656547, 'generation': 386}","{'id': 27876, 'rank': 25, 'fitness': 0.1519361223788821, 'generation': 386}","{'id': 27876, 'rank': 26, 'fitness': 0.1519361223788821, 'generation': 386}","{'id': 27877, 'rank': 27, 'fitness': 0.13364167146697137, 'generation': 386}","{'id': 27808, 'rank': 28, 'fitness': 0.08007963937823087, 'generation': 386}","{'id': 27704, 'rank': 29, 'fitness': 0.01798620996209155, 'generation': 386}","{'id': 27704, 'rank': 30, 'fitness': 0.01798620996209155, 'generation': 386}"
"{'id': 27963, 'rank': 1, 'fitness': 0.9820137900379085, 'generation': 387}","{'id': 27963, 'rank': 2, 'fitness': 0.9820137900379085, 'generation': 387}","{'id': 27238, 'rank': 3, 'fitness': 0.900657236702836, 'generation': 387}","{'id': 27238, 'rank': 4, 'fitness': 0.900657236702836, 'generation': 387}","{'id': 27238, 'rank': 5, 'fitness': 0.900657236702836, 'generation': 387}","{'id': 27238, 'rank': 6, 'fitness': 0.900657236702836, 'generation': 387}","{'id': 27238, 'rank': 7, 'fitness': 0.900657236702836, 'generation': 387}","{'id': 27238, 'rank': 8, 'fitness': 0.900657236702836, 'generation': 387}","{'id': 27238, 'rank': 9, 'fitness': 0.900657236702836, 'generation': 387}","{'id': 27238, 'rank': 10, 'fitness': 0.900657236702836, 'generation': 387}","{'id': 27238, 'rank': 11, 'fitness': 0.900657236702836, 'generation': 387}","{'id': 27238, 'rank': 12, 'fitness': 0.900657236702836, 'generation': 387}","{'id': 27238, 'rank': 13, 'fitness': 0.900657236702836, 'generation': 387}","{'id': 27238, 'rank': 14, 'fitness': 0.900657236702836, 'generation': 387}","{'id': 27238, 'rank': 15, 'fitness': 0.900657236702836, 'generation': 387}","{'id': 27238, 'rank': 16, 'fitness': 0.900657236702836, 'generation': 387}","{'id': 27238, 'rank': 17, 'fitness': 0.900657236702836, 'generation': 387}","{'id': 27238, 'rank': 18, 'fitness': 0.900657236702836, 'generation': 387}","{'id': 27238, 'rank': 19, 'fitness': 0.900657236702836, 'generation': 387}","{'id': 27238, 'rank': 20, 'fitness': 0.900657236702836, 'generation': 387}","{'id': 27238, 'rank': 21, 'fitness': 0.900657236702836, 'generation': 387}","{'id': 27238, 'rank': 22, 'fitness': 0.900657236702836, 'generation': 387}","{'id': 27238, 'rank': 23, 'fitness': 0.900657236702836, 'generation': 387}","{'id': 27238, 'rank': 24, 'fitness': 0.900657236702836, 'generation': 387}","{'id': 27238, 'rank': 25, 'fitness': 0.900657236702836, 'generation': 387}","{'id': 27238, 'rank': 26, 'fitness': 0.900657236702836, 'generation': 387}","{'id': 27238, 'rank': 27, 'fitness': 0.900657236702836, 'generation': 387}","{'id': 27238, 'rank': 28, 'fitness': 0.900657236702836, 'generation': 387}","{'id': 27957, 'rank': 29, 'fitness': 0.035370431201856845, 'generation': 387}","{'id': 27968, 'rank': 30, 'fitness': 0.01798620996209155, 'generation': 387}"
"{'id': 27963, 'rank': 1, 'fitness': 0.9820137900379085, 'generation': 388}","{'id': 27963, 'rank': 2, 'fitness': 0.9820137900379085, 'generation': 388}","{'id': 27238, 'rank': 3, 'fitness': 0.981052637028196, 'generation': 388}","{'id': 27238, 'rank': 4, 'fitness': 0.981052637028196, 'generation': 388}","{'id': 27238, 'rank': 5, 'fitness': 0.981052637028196, 'generation': 388}","{'id': 27238, 'rank': 6, 'fitness': 0.981052637028196, 'generation': 388}","{'id': 27238, 'rank': 7, 'fitness': 0.981052637028196, 'generation': 388}","{'id': 27238, 'rank': 8, 'fitness': 0.981052637028196, 'generation': 388}","{'id': 27238, 'rank': 9, 'fitness': 0.981052637028196, 'generation': 388}","{'id': 27238, 'rank': 10, 'fitness': 0.981052637028196, 'generation': 388}","{'id': 27238, 'rank': 11, 'fitness': 0.981052637028196, 'generation': 388}","{'id': 27238, 'rank': 12, 'fitness': 0.981052637028196, 'generation': 388}","{'id': 27238, 'rank': 13, 'fitness': 0.981052637028196, 'generation': 388}","{'id': 27238, 'rank': 14, 'fitness': 0.981052637028196, 'generation': 388}","{'id': 27238, 'rank': 15, 'fitness': 0.981052637028196, 'generation': 388}","{'id': 27238, 'rank': 16, 'fitness': 0.981052637028196, 'generation': 388}","{'id': 27238, 'rank': 17, 'fitness': 0.981052637028196, 'generation': 388}","{'id': 27238, 'rank': 18, 'fitness': 0.981052637028196, 'generation': 388}","{'id': 27238, 'rank': 19, 'fitness': 0.981052637028196, 'generation': 388}","{'id': 27238, 'rank': 20, 'fitness': 0.981052637028196, 'generation': 388}","{'id': 27238, 'rank': 21, 'fitness': 0.981052637028196, 'generation': 388}","{'id': 27238, 'rank': 22, 'fitness': 0.981052637028196, 'generation': 388}","{'id': 27238, 'rank': 23, 'fitness': 0.981052637028196, 'generation': 388}","{'id': 27238, 'rank': 24, 'fitness': 0.981052637028196, 'generation': 388}","{'id': 28029, 'rank': 25, 'fitness': 0.9790830682465415, 'generation': 388}","{'id': 27995, 'rank': 26, 'fitness': 0.9780171280213266, 'generation': 388}","{'id': 27957, 'rank': 27, 'fitness': 0.9777775798154624, 'generation': 388}","{'id': 27968, 'rank': 28, 'fitness': 0.9773276418249685, 'generation': 388}","{'id': 28038, 'rank': 29, 'fitness': 0.03302910677849458, 'generation': 388}","{'id': 28068, 'rank': 30, 'fitness': 0.01798620996209155, 'generation': 388}"
"{'id': 27963, 'rank': 1, 'fitness': 0.9820137900379085, 'generation': 389}","{'id': 27238, 'rank': 2, 'fitness': 0.9085436216193774, 'generation': 389}","{'id': 27238, 'rank': 3, 'fitness': 0.9085436216193774, 'generation': 389}","{'id': 27238, 'rank': 4, 'fitness': 0.9085436216193774, 'generation': 389}","{'id': 27238, 'rank': 5, 'fitness': 0.9085436216193774, 'generation': 389}","{'id': 27238, 'rank': 6, 'fitness': 0.9085436216193774, 'generation': 389}","{'id': 27238, 'rank': 7, 'fitness': 0.9085436216193774, 'generation': 389}","{'id': 27238, 'rank': 8, 'fitness': 0.9085436216193774, 'generation': 389}","{'id': 27238, 'rank': 9, 'fitness': 0.9085436216193774, 'generation': 389}","{'id': 27238, 'rank': 10, 'fitness': 0.9085436216193774, 'generation': 389}","{'id': 27238, 'rank': 11, 'fitness': 0.9085436216193774, 'generation': 389}","{'id': 27238, 'rank': 12, 'fitness': 0.9085436216193774, 'generation': 389}","{'id': 27238, 'rank': 13, 'fitness': 0.9085436216193774, 'generation': 389}","{'id': 27238, 'rank': 14, 'fitness': 0.9085436216193774, 'generation': 389}","{'id': 27238, 'rank': 15, 'fitness': 0.9085436216193774, 'generation': 389}","{'id': 27238, 'rank': 16, 'fitness': 0.9085436216193774, 'generation': 389}","{'id': 27238, 'rank': 17, 'fitness': 0.9085436216193774, 'generation': 389}","{'id': 27238, 'rank': 18, 'fitness': 0.9085436216193774, 'generation': 389}","{'id': 27238, 'rank': 19, 'fitness': 0.9085436216193774, 'generation': 389}","{'id': 27238, 'rank': 20, 'fitness': 0.9085436216193774, 'generation': 389}","{'id': 28149, 'rank': 21, 'fitness': 0.718962667256452, 'generation': 389}","{'id': 28140, 'rank': 22, 'fitness': 0.4430977503188161, 'generation': 389}","{'id': 28140, 'rank': 23, 'fitness': 0.4430977503188161, 'generation': 389}","{'id': 28086, 'rank': 24, 'fitness': 0.42861820385584726, 'generation': 389}","{'id': 28029, 'rank': 25, 'fitness': 0.2797212256843208, 'generation': 389}","{'id': 28076, 'rank': 26, 'fitness': 0.12398230962482071, 'generation': 389}","{'id': 28076, 'rank': 27, 'fitness': 0.12398230962482071, 'generation': 389}","{'id': 28117, 'rank': 28, 'fitness': 0.10487409029328232, 'generation': 389}","{'id': 27995, 'rank': 29, 'fitness': 0.07058442212761251, 'generation': 389}","{'id': 28097, 'rank': 30, 'fitness': 0.01798620996209155, 'generation': 389}"
"{'id': 27238, 'rank': 1, 'fitness': 0.9820137900379085, 'generation': 390}","{'id': 27238, 'rank': 2, 'fitness': 0.9820137900379085, 'generation': 390}","{'id': 27238, 'rank': 3, 'fitness': 0.9820137900379085, 'generation': 390}","{'id': 27238, 'rank': 4, 'fitness': 0.9820137900379085, 'generation': 390}","{'id': 27238, 'rank': 5, 'fitness': 0.9820137900379085, 'generation': 390}","{'id': 27238, 'rank': 6, 'fitness': 0.9820137900379085, 'generation': 390}","{'id': 27238, 'rank': 7, 'fitness': 0.9820137900379085, 'generation': 390}","{'id': 27238, 'rank': 8, 'fitness': 0.9820137900379085, 'generation': 390}","{'id': 27238, 'rank': 9, 'fitness': 0.9820137900379085, 'generation': 390}","{'id': 27238, 'rank': 10, 'fitness': 0.9820137900379085, 'generation': 390}","{'id': 27238, 'rank': 11, 'fitness': 0.9820137900379085, 'generation': 390}","{'id': 27238, 'rank': 12, 'fitness': 0.9820137900379085, 'generation': 390}","{'id': 27238, 'rank': 13, 'fitness': 0.9820137900379085, 'generation': 390}","{'id': 27238, 'rank': 14, 'fitness': 0.9820137900379085, 'generation': 390}","{'id': 27238, 'rank': 15, 'fitness': 0.9820137900379085, 'generation': 390}","{'id': 27238, 'rank': 16, 'fitness': 0.9820137900379085, 'generation': 390}","{'id': 27238, 'rank': 17, 'fitness': 0.9820137900379085, 'generation': 390}","{'id': 27238, 'rank': 18, 'fitness': 0.9820137900379085, 'generation': 390}","{'id': 27238, 'rank': 19, 'fitness': 0.9820137900379085, 'generation': 390}","{'id': 27238, 'rank': 20, 'fitness': 0.9820137900379085, 'generation': 390}","{'id': 27238, 'rank': 21, 'fitness': 0.9820137900379085, 'generation': 390}","{'id': 27238, 'rank': 22, 'fitness': 0.9820137900379085, 'generation': 390}","{'id': 27238, 'rank': 23, 'fitness': 0.9820137900379085, 'generation': 390}","{'id': 27238, 'rank': 24, 'fitness': 0.9820137900379085, 'generation': 390}","{'id': 27238, 'rank': 25, 'fitness': 0.9820137900379085, 'generation': 390}","{'id': 28140, 'rank': 26, 'fitness': 0.9807579451697396, 'generation': 390}","{'id': 28140, 'rank': 27, 'fitness': 0.9807579451697396, 'generation': 390}","{'id': 28076, 'rank': 28, 'fitness': 0.9798499268964332, 'generation': 390}","{'id': 27995, 'rank': 29, 'fitness': 0.9795123763733216, 'generation': 390}","{'id': 28166, 'rank': 30, 'fitness': 0.01798620996209155, 'generation': 390}"
"{'id': 27238, 'rank': 1, 'fitness': 0.9820137900379085, 'generation': 391}","{'id': 27238, 'rank': 2, 'fitness': 0.9820137900379085, 'generation': 391}","{'id': 27238, 'rank': 3, 'fitness': 0.9820137900379085, 'generation': 391}","{'id': 27238, 'rank': 4, 'fitness': 0.9820137900379085, 'generation': 391}","{'id': 27238, 'rank': 5, 'fitness': 0.9820137900379085, 'generation': 391}","{'id': 27238, 'rank': 6, 'fitness': 0.9820137900379085, 'generation': 391}","{'id': 27238, 'rank': 7, 'fitness': 0.9820137900379085, 'generation': 391}","{'id': 27238, 'rank': 8, 'fitness': 0.9820137900379085, 'generation': 391}","{'id': 27238, 'rank': 9, 'fitness': 0.9820137900379085, 'generation': 391}","{'id': 27238, 'rank': 10, 'fitness': 0.9820137900379085, 'generation': 391}","{'id': 27238, 'rank': 11, 'fitness': 0.9820137900379085, 'generation': 391}","{'id': 27238, 'rank': 12, 'fitness': 0.9820137900379085, 'generation': 391}","{'id': 27238, 'rank': 13, 'fitness': 0.9820137900379085, 'generation': 391}","{'id': 27238, 'rank': 14, 'fitness': 0.9820137900379085, 'generation': 391}","{'id': 27238, 'rank': 15, 'fitness': 0.9820137900379085, 'generation': 391}","{'id': 27238, 'rank': 16, 'fitness': 0.9820137900379085, 'generation': 391}","{'id': 27238, 'rank': 17, 'fitness': 0.9820137900379085, 'generation': 391}","{'id': 27238, 'rank': 18, 'fitness': 0.9820137900379085, 'generation': 391}","{'id': 27238, 'rank': 19, 'fitness': 0.9820137900379085, 'generation': 391}","{'id': 27238, 'rank': 20, 'fitness': 0.9820137900379085, 'generation': 391}","{'id': 27238, 'rank': 21, 'fitness': 0.9820137900379085, 'generation': 391}","{'id': 27238, 'rank': 22, 'fitness': 0.9820137900379085, 'generation': 391}","{'id': 27238, 'rank': 23, 'fitness': 0.9820137900379085, 'generation': 391}","{'id': 27238, 'rank': 24, 'fitness': 0.9820137900379085, 'generation': 391}","{'id': 27238, 'rank': 25, 'fitness': 0.9820137900379085, 'generation': 391}","{'id': 27238, 'rank': 26, 'fitness': 0.9820137900379085, 'generation': 391}","{'id': 27238, 'rank': 27, 'fitness': 0.9820137900379085, 'generation': 391}","{'id': 28262, 'rank': 28, 'fitness': 0.13292930565015276, 'generation': 391}","{'id': 28256, 'rank': 29, 'fitness': 0.022902347352168895, 'generation': 391}","{'id': 28272, 'rank': 30, 'fitness': 0.01798620996209155, 'generation': 391}"
"{'id': 27238, 'rank': 1, 'fitness': 0.9820137900379085, 'generation': 392}","{'id': 27238, 'rank': 2, 'fitness': 0.9820137900379085, 'generation': 392}","{'id': 27238, 'rank': 3, 'fitness': 0.9820137900379085, 'generation': 392}","{'id': 27238, 'rank': 4, 'fitness': 0.9820137900379085, 'generation': 392}","{'id': 27238, 'rank': 5, 'fitness': 0.9820137900379085, 'generation': 392}","{'id': 27238, 'rank': 6, 'fitness': 0.9820137900379085, 'generation': 392}","{'id': 27238, 'rank': 7, 'fitness': 0.9820137900379085, 'generation': 392}","{'id': 27238, 'rank': 8, 'fitness': 0.9820137900379085, 'generation': 392}","{'id': 27238, 'rank': 9, 'fitness': 0.9820137900379085, 'generation': 392}","{'id': 27238, 'rank': 10, 'fitness': 0.9820137900379085, 'generation': 392}","{'id': 27238, 'rank': 11, 'fitness': 0.9820137900379085, 'generation': 392}","{'id': 27238, 'rank': 12, 'fitness': 0.9820137900379085, 'generation': 392}","{'id': 27238, 'rank': 13, 'fitness': 0.9820137900379085, 'generation': 392}","{'id': 27238, 'rank': 14, 'fitness': 0.9820137900379085, 'generation': 392}","{'id': 27238, 'rank': 15, 'fitness': 0.9820137900379085, 'generation': 392}","{'id': 27238, 'rank': 16, 'fitness': 0.9820137900379085, 'generation': 392}","{'id': 27238, 'rank': 17, 'fitness': 0.9820137900379085, 'generation': 392}","{'id': 27238, 'rank': 18, 'fitness': 0.9820137900379085, 'generation': 392}","{'id': 27238, 'rank': 19, 'fitness': 0.9820137900379085, 'generation': 392}","{'id': 27238, 'rank': 20, 'fitness': 0.9820137900379085, 'generation': 392}","{'id': 27238, 'rank': 21, 'fitness': 0.9820137900379085, 'generation': 392}","{'id': 27238, 'rank': 22, 'fitness': 0.9820137900379085, 'generation': 392}","{'id': 27238, 'rank': 23, 'fitness': 0.9820137900379085, 'generation': 392}","{'id': 27238, 'rank': 24, 'fitness': 0.9820137900379085, 'generation': 392}","{'id': 27238, 'rank': 25, 'fitness': 0.9820137900379085, 'generation': 392}","{'id': 27238, 'rank': 26, 'fitness': 0.9820137900379085, 'generation': 392}","{'id': 27238, 'rank': 27, 'fitness': 0.9820137900379085, 'generation': 392}","{'id': 28355, 'rank': 28, 'fitness': 0.6081951525064114, 'generation': 392}","{'id': 28379, 'rank': 29, 'fitness': 0.25114914252034476, 'generation': 392}","{'id': 28256, 'rank': 30, 'fitness': 0.01798620996209155, 'generation': 392}"
"{'id': 27238, 'rank': 1, 'fitness': 0.9820137900379085, 'generation': 393}","{'id': 27238, 'rank': 2, 'fitness': 0.9820137900379085, 'generation': 393}","{'id': 27238, 'rank': 3, 'fitness': 0.9820137900379085, 'generation': 393}","{'id': 27238, 'rank': 4, 'fitness': 0.9820137900379085, 'generation': 393}","{'id': 27238, 'rank': 5, 'fitness': 0.9820137900379085, 'generation': 393}","{'id': 27238, 'rank': 6, 'fitness': 0.9820137900379085, 'generation': 393}","{'id': 27238, 'rank': 7, 'fitness': 0.9820137900379085, 'generation': 393}","{'id': 27238, 'rank': 8, 'fitness': 0.9820137900379085, 'generation': 393}","{'id': 27238, 'rank': 9, 'fitness': 0.9820137900379085, 'generation': 393}","{'id': 27238, 'rank': 10, 'fitness': 0.9820137900379085, 'generation': 393}","{'id': 27238, 'rank': 11, 'fitness': 0.9820137900379085, 'generation': 393}","{'id': 27238, 'rank': 12, 'fitness': 0.9820137900379085, 'generation': 393}","{'id': 27238, 'rank': 13, 'fitness': 0.9820137900379085, 'generation': 393}","{'id': 27238, 'rank': 14, 'fitness': 0.9820137900379085, 'generation': 393}","{'id': 27238, 'rank': 15, 'fitness': 0.9820137900379085, 'generation': 393}","{'id': 27238, 'rank': 16, 'fitness': 0.9820137900379085, 'generation': 393}","{'id': 27238, 'rank': 17, 'fitness': 0.9820137900379085, 'generation': 393}","{'id': 27238, 'rank': 18, 'fitness': 0.9820137900379085, 'generation': 393}","{'id': 27238, 'rank': 19, 'fitness': 0.9820137900379085, 'generation': 393}","{'id': 27238, 'rank': 20, 'fitness': 0.9820137900379085, 'generation': 393}","{'id': 27238, 'rank': 21, 'fitness': 0.9820137900379085, 'generation': 393}","{'id': 27238, 'rank': 22, 'fitness': 0.9820137900379085, 'generation': 393}","{'id': 27238, 'rank': 23, 'fitness': 0.9820137900379085, 'generation': 393}","{'id': 27238, 'rank': 24, 'fitness': 0.9820137900379085, 'generation': 393}","{'id': 27238, 'rank': 25, 'fitness': 0.9820137900379085, 'generation': 393}","{'id': 27238, 'rank': 26, 'fitness': 0.9820137900379085, 'generation': 393}","{'id': 27238, 'rank': 27, 'fitness': 0.9820137900379085, 'generation': 393}","{'id': 28463, 'rank': 28, 'fitness': 0.6779914790373553, 'generation': 393}","{'id': 28434, 'rank': 29, 'fitness': 0.037411358598680666, 'generation': 393}","{'id': 28444, 'rank': 30, 'fitness': 0.01798620996209155, 'generation': 393}"
"{'id': 28506, 'rank': 1, 'fitness': 0.9820137900379085, 'generation': 394}","{'id': 28506, 'rank': 2, 'fitness': 0.9820137900379085, 'generation': 394}","{'id': 27238, 'rank': 3, 'fitness': 0.9752636300812147, 'generation': 394}","{'id': 27238, 'rank': 4, 'fitness': 0.9752636300812147, 'generation': 394}","{'id': 27238, 'rank': 5, 'fitness': 0.9752636300812147, 'generation': 394}","{'id': 27238, 'rank': 6, 'fitness': 0.9752636300812147, 'generation': 394}","{'id': 27238, 'rank': 7, 'fitness': 0.9752636300812147, 'generation': 394}","{'id': 27238, 'rank': 8, 'fitness': 0.9752636300812147, 'generation': 394}","{'id': 27238, 'rank': 9, 'fitness': 0.9752636300812147, 'generation': 394}","{'id': 27238, 'rank': 10, 'fitness': 0.9752636300812147, 'generation': 394}","{'id': 27238, 'rank': 11, 'fitness': 0.9752636300812147, 'generation': 394}","{'id': 27238, 'rank': 12, 'fitness': 0.9752636300812147, 'generation': 394}","{'id': 27238, 'rank': 13, 'fitness': 0.9752636300812147, 'generation': 394}","{'id': 27238, 'rank': 14, 'fitness': 0.9752636300812147, 'generation': 394}","{'id': 27238, 'rank': 15, 'fitness': 0.9752636300812147, 'generation': 394}","{'id': 27238, 'rank': 16, 'fitness': 0.9752636300812147, 'generation': 394}","{'id': 27238, 'rank': 17, 'fitness': 0.9752636300812147, 'generation': 394}","{'id': 27238, 'rank': 18, 'fitness': 0.9752636300812147, 'generation': 394}","{'id': 27238, 'rank': 19, 'fitness': 0.9752636300812147, 'generation': 394}","{'id': 27238, 'rank': 20, 'fitness': 0.9752636300812147, 'generation': 394}","{'id': 27238, 'rank': 21, 'fitness': 0.9752636300812147, 'generation': 394}","{'id': 27238, 'rank': 22, 'fitness': 0.9752636300812147, 'generation': 394}","{'id': 27238, 'rank': 23, 'fitness': 0.9752636300812147, 'generation': 394}","{'id': 28463, 'rank': 24, 'fitness': 0.8097425677246162, 'generation': 394}","{'id': 28513, 'rank': 25, 'fitness': 0.6750472917605642, 'generation': 394}","{'id': 28434, 'rank': 26, 'fitness': 0.21728449333234295, 'generation': 394}","{'id': 28525, 'rank': 27, 'fitness': 0.16479653673060812, 'generation': 394}","{'id': 28553, 'rank': 28, 'fitness': 0.03358420135451967, 'generation': 394}","{'id': 28475, 'rank': 29, 'fitness': 0.02715597752777127, 'generation': 394}","{'id': 28516, 'rank': 30, 'fitness': 0.01798620996209155, 'generation': 394}"
"{'id': 28506, 'rank': 1, 'fitness': 0.9820137900379085, 'generation': 395}","{'id': 28506, 'rank': 2, 'fitness': 0.9820137900379085, 'generation': 395}","{'id': 27238, 'rank': 3, 'fitness': 0.9780147425024284, 'generation': 395}","{'id': 27238, 'rank': 4, 'fitness': 0.9780147425024284, 'generation': 395}","{'id': 27238, 'rank': 5, 'fitness': 0.9780147425024284, 'generation': 395}","{'id': 27238, 'rank': 6, 'fitness': 0.9780147425024284, 'generation': 395}","{'id': 27238, 'rank': 7, 'fitness': 0.9780147425024284, 'generation': 395}","{'id': 27238, 'rank': 8, 'fitness': 0.9780147425024284, 'generation': 395}","{'id': 27238, 'rank': 9, 'fitness': 0.9780147425024284, 'generation': 395}","{'id': 27238, 'rank': 10, 'fitness': 0.9780147425024284, 'generation': 395}","{'id': 27238, 'rank': 11, 'fitness': 0.9780147425024284, 'generation': 395}","{'id': 27238, 'rank': 12, 'fitness': 0.9780147425024284, 'generation': 395}","{'id': 27238, 'rank': 13, 'fitness': 0.9780147425024284, 'generation': 395}","{'id': 27238, 'rank': 14, 'fitness': 0.9780147425024284, 'generation': 395}","{'id': 27238, 'rank': 15, 'fitness': 0.9780147425024284, 'generation': 395}","{'id': 27238, 'rank': 16, 'fitness': 0.9780147425024284, 'generation': 395}","{'id': 27238, 'rank': 17, 'fitness': 0.9780147425024284, 'generation': 395}","{'id': 27238, 'rank': 18, 'fitness': 0.9780147425024284, 'generation': 395}","{'id': 27238, 'rank': 19, 'fitness': 0.9780147425024284, 'generation': 395}","{'id': 27238, 'rank': 20, 'fitness': 0.9780147425024284, 'generation': 395}","{'id': 27238, 'rank': 21, 'fitness': 0.9780147425024284, 'generation': 395}","{'id': 27238, 'rank': 22, 'fitness': 0.9780147425024284, 'generation': 395}","{'id': 27238, 'rank': 23, 'fitness': 0.9780147425024284, 'generation': 395}","{'id': 27238, 'rank': 24, 'fitness': 0.9780147425024284, 'generation': 395}","{'id': 27238, 'rank': 25, 'fitness': 0.9780147425024284, 'generation': 395}","{'id': 28463, 'rank': 26, 'fitness': 0.9164060711905253, 'generation': 395}","{'id': 28594, 'rank': 27, 'fitness': 0.6244335280987877, 'generation': 395}","{'id': 28600, 'rank': 28, 'fitness': 0.10565697707664323, 'generation': 395}","{'id': 28613, 'rank': 29, 'fitness': 0.022355028454733805, 'generation': 395}","{'id': 28583, 'rank': 30, 'fitness': 0.01798620996209155, 'generation': 395}"
"{'id': 28506, 'rank': 1, 'fitness': 0.9820137900379085, 'generation': 396}","{'id': 28506, 'rank': 2, 'fitness': 0.9820137900379085, 'generation': 396}","{'id': 28506, 'rank': 3, 'fitness': 0.9820137900379085, 'generation': 396}","{'id': 28506, 'rank': 4, 'fitness': 0.9820137900379085, 'generation': 396}","{'id': 27238, 'rank': 5, 'fitness': 0.9673552860645311, 'generation': 396}","{'id': 27238, 'rank': 6, 'fitness': 0.9673552860645311, 'generation': 396}","{'id': 27238, 'rank': 7, 'fitness': 0.9673552860645311, 'generation': 396}","{'id': 27238, 'rank': 8, 'fitness': 0.9673552860645311, 'generation': 396}","{'id': 27238, 'rank': 9, 'fitness': 0.9673552860645311, 'generation': 396}","{'id': 27238, 'rank': 10, 'fitness': 0.9673552860645311, 'generation': 396}","{'id': 27238, 'rank': 11, 'fitness': 0.9673552860645311, 'generation': 396}","{'id': 27238, 'rank': 12, 'fitness': 0.9673552860645311, 'generation': 396}","{'id': 27238, 'rank': 13, 'fitness': 0.9673552860645311, 'generation': 396}","{'id': 27238, 'rank': 14, 'fitness': 0.9673552860645311, 'generation': 396}","{'id': 27238, 'rank': 15, 'fitness': 0.9673552860645311, 'generation': 396}","{'id': 27238, 'rank': 16, 'fitness': 0.9673552860645311, 'generation': 396}","{'id': 27238, 'rank': 17, 'fitness': 0.9673552860645311, 'generation': 396}","{'id': 27238, 'rank': 18, 'fitness': 0.9673552860645311, 'generation': 396}","{'id': 27238, 'rank': 19, 'fitness': 0.9673552860645311, 'generation': 396}","{'id': 27238, 'rank': 20, 'fitness': 0.9673552860645311, 'generation': 396}","{'id': 27238, 'rank': 21, 'fitness': 0.9673552860645311, 'generation': 396}","{'id': 27238, 'rank': 22, 'fitness': 0.9673552860645311, 'generation': 396}","{'id': 27238, 'rank': 23, 'fitness': 0.9673552860645311, 'generation': 396}","{'id': 27238, 'rank': 24, 'fitness': 0.9673552860645311, 'generation': 396}","{'id': 27238, 'rank': 25, 'fitness': 0.9673552860645311, 'generation': 396}","{'id': 27238, 'rank': 26, 'fitness': 0.9673552860645311, 'generation': 396}","{'id': 27238, 'rank': 27, 'fitness': 0.9673552860645311, 'generation': 396}","{'id': 27238, 'rank': 28, 'fitness': 0.9673552860645311, 'generation': 396}","{'id': 27238, 'rank': 29, 'fitness': 0.9673552860645311, 'generation': 396}","{'id': 28697, 'rank': 30, 'fitness': 0.01798620996209155, 'generation': 396}"
"{'id': 28506, 'rank': 1, 'fitness': 0.9820137900379085, 'generation': 397}","{'id': 28506, 'rank': 2, 'fitness': 0.9820137900379085, 'generation': 397}","{'id': 28506, 'rank': 3, 'fitness': 0.9820137900379085, 'generation': 397}","{'id': 28506, 'rank': 4, 'fitness': 0.9820137900379085, 'generation': 397}","{'id': 28506, 'rank': 5, 'fitness': 0.9820137900379085, 'generation': 397}","{'id': 28506, 'rank': 6, 'fitness': 0.9820137900379085, 'generation': 397}","{'id': 28506, 'rank': 7, 'fitness': 0.9820137900379085, 'generation': 397}","{'id': 28506, 'rank': 8, 'fitness': 0.9820137900379085, 'generation': 397}","{'id': 27238, 'rank': 9, 'fitness': 0.9798780643665689, 'generation': 397}","{'id': 27238, 'rank': 10, 'fitness': 0.9798780643665689, 'generation': 397}","{'id': 27238, 'rank': 11, 'fitness': 0.9798780643665689, 'generation': 397}","{'id': 27238, 'rank': 12, 'fitness': 0.9798780643665689, 'generation': 397}","{'id': 27238, 'rank': 13, 'fitness': 0.9798780643665689, 'generation': 397}","{'id': 27238, 'rank': 14, 'fitness': 0.9798780643665689, 'generation': 397}","{'id': 27238, 'rank': 15, 'fitness': 0.9798780643665689, 'generation': 397}","{'id': 27238, 'rank': 16, 'fitness': 0.9798780643665689, 'generation': 397}","{'id': 27238, 'rank': 17, 'fitness': 0.9798780643665689, 'generation': 397}","{'id': 27238, 'rank': 18, 'fitness': 0.9798780643665689, 'generation': 397}","{'id': 27238, 'rank': 19, 'fitness': 0.9798780643665689, 'generation': 397}","{'id': 27238, 'rank': 20, 'fitness': 0.9798780643665689, 'generation': 397}","{'id': 27238, 'rank': 21, 'fitness': 0.9798780643665689, 'generation': 397}","{'id': 27238, 'rank': 22, 'fitness': 0.9798780643665689, 'generation': 397}","{'id': 27238, 'rank': 23, 'fitness': 0.9798780643665689, 'generation': 397}","{'id': 27238, 'rank': 24, 'fitness': 0.9798780643665689, 'generation': 397}","{'id': 27238, 'rank': 25, 'fitness': 0.9798780643665689, 'generation': 397}","{'id': 28706, 'rank': 26, 'fitness': 0.684649801002214, 'generation': 397}","{'id': 28705, 'rank': 27, 'fitness': 0.6292891971425316, 'generation': 397}","{'id': 28771, 'rank': 28, 'fitness': 0.13186836962666992, 'generation': 397}","{'id': 28771, 'rank': 29, 'fitness': 0.13186836962666992, 'generation': 397}","{'id': 28747, 'rank': 30, 'fitness': 0.01798620996209155, 'generation': 397}"
"{'id': 28506, 'rank': 1, 'fitness': 0.9820137900379085, 'generation': 398}","{'id': 28506, 'rank': 2, 'fitness': 0.9820137900379085, 'generation': 398}","{'id': 28506, 'rank': 3, 'fitness': 0.9820137900379085, 'generation': 398}","{'id': 28506, 'rank': 4, 'fitness': 0.9820137900379085, 'generation': 398}","{'id': 28506, 'rank': 5, 'fitness': 0.9820137900379085, 'generation': 398}","{'id': 28506, 'rank': 6, 'fitness': 0.9820137900379085, 'generation': 398}","{'id': 28506, 'rank': 7, 'fitness': 0.9820137900379085, 'generation': 398}","{'id': 28506, 'rank': 8, 'fitness': 0.9820137900379085, 'generation': 398}","{'id': 28506, 'rank': 9, 'fitness': 0.9820137900379085, 'generation': 398}","{'id': 28506, 'rank': 10, 'fitness': 0.9820137900379085, 'generation': 398}","{'id': 28506, 'rank': 11, 'fitness': 0.9820137900379085, 'generation': 398}","{'id': 28506, 'rank': 12, 'fitness': 0.9820137900379085, 'generation': 398}","{'id': 28506, 'rank': 13, 'fitness': 0.9820137900379085, 'generation': 398}","{'id': 27238, 'rank': 14, 'fitness': 0.977205781941288, 'generation': 398}","{'id': 27238, 'rank': 15, 'fitness': 0.977205781941288, 'generation': 398}","{'id': 27238, 'rank': 16, 'fitness': 0.977205781941288, 'generation': 398}","{'id': 27238, 'rank': 17, 'fitness': 0.977205781941288, 'generation': 398}","{'id': 27238, 'rank': 18, 'fitness': 0.977205781941288, 'generation': 398}","{'id': 27238, 'rank': 19, 'fitness': 0.977205781941288, 'generation': 398}","{'id': 27238, 'rank': 20, 'fitness': 0.977205781941288, 'generation': 398}","{'id': 27238, 'rank': 21, 'fitness': 0.977205781941288, 'generation': 398}","{'id': 27238, 'rank': 22, 'fitness': 0.977205781941288, 'generation': 398}","{'id': 27238, 'rank': 23, 'fitness': 0.977205781941288, 'generation': 398}","{'id': 27238, 'rank': 24, 'fitness': 0.977205781941288, 'generation': 398}","{'id': 27238, 'rank': 25, 'fitness': 0.977205781941288, 'generation': 398}","{'id': 27238, 'rank': 26, 'fitness': 0.977205781941288, 'generation': 398}","{'id': 27238, 'rank': 27, 'fitness': 0.977205781941288, 'generation': 398}","{'id': 28841, 'rank': 28, 'fitness': 0.2828034592561882, 'generation': 398}","{'id': 28809, 'rank': 29, 'fitness': 0.11054657579226201, 'generation': 398}","{'id': 28813, 'rank': 30, 'fitness': 0.01798620996209155, 'generation': 398}"
"{'id': 28506, 'rank': 1, 'fitness': 0.9820137900379085, 'generation': 399}","{'id': 28506, 'rank': 2, 'fitness': 0.9820137900379085, 'generation': 399}","{'id': 28506, 'rank': 3, 'fitness': 0.9820137900379085, 'generation': 399}","{'id': 28506, 'rank': 4, 'fitness': 0.9820137900379085, 'generation': 399}","{'id': 28506, 'rank': 5, 'fitness': 0.9820137900379085, 'generation': 399}","{'id': 28506, 'rank': 6, 'fitness': 0.9820137900379085, 'generation': 399}","{'id': 28506, 'rank': 7, 'fitness': 0.9820137900379085, 'generation': 399}","{'id': 28506, 'rank': 8, 'fitness': 0.9820137900379085, 'generation': 399}","{'id': 28506, 'rank': 9, 'fitness': 0.9820137900379085, 'generation': 399}","{'id': 28506, 'rank': 10, 'fitness': 0.9820137900379085, 'generation': 399}","{'id': 28506, 'rank': 11, 'fitness': 0.9820137900379085, 'generation': 399}","{'id': 28506, 'rank': 12, 'fitness': 0.9820137900379085, 'generation': 399}","{'id': 28506, 'rank': 13, 'fitness': 0.9820137900379085, 'generation': 399}","{'id': 28506, 'rank': 14, 'fitness': 0.9820137900379085, 'generation': 399}","{'id': 28506, 'rank': 15, 'fitness': 0.9820137900379085, 'generation': 399}","{'id': 28506, 'rank': 16, 'fitness': 0.9820137900379085, 'generation': 399}","{'id': 28506, 'rank': 17, 'fitness': 0.9820137900379085, 'generation': 399}","{'id': 28506, 'rank': 18, 'fitness': 0.9820137900379085, 'generation': 399}","{'id': 28506, 'rank': 19, 'fitness': 0.9820137900379085, 'generation': 399}","{'id': 28506, 'rank': 20, 'fitness': 0.9820137900379085, 'generation': 399}","{'id': 28506, 'rank': 21, 'fitness': 0.9820137900379085, 'generation': 399}","{'id': 27238, 'rank': 22, 'fitness': 0.9735614339329774, 'generation': 399}","{'id': 27238, 'rank': 23, 'fitness': 0.9735614339329774, 'generation': 399}","{'id': 27238, 'rank': 24, 'fitness': 0.9735614339329774, 'generation': 399}","{'id': 27238, 'rank': 25, 'fitness': 0.9735614339329774, 'generation': 399}","{'id': 27238, 'rank': 26, 'fitness': 0.9735614339329774, 'generation': 399}","{'id': 27238, 'rank': 27, 'fitness': 0.9735614339329774, 'generation': 399}","{'id': 27238, 'rank': 28, 'fitness': 0.9735614339329774, 'generation': 399}","{'id': 28872, 'rank': 29, 'fitness': 0.140263300205972, 'generation': 399}","{'id': 28904, 'rank': 30, 'fitness': 0.01798620996209155, 'generation': 399}"
"{'id': 28506, 'rank': 1, 'fitness': 0.9820137900379085, 'generation': 400}","{'id': 28506, 'rank': 2, 'fitness': 0.9820137900379085, 'generation': 400}","{'id': 28506, 'rank': 3, 'fitness': 0.9820137900379085, 'generation': 400}","{'id': 28506, 'rank': 4, 'fitness': 0.9820137900379085, 'generation': 400}","{'id': 28506, 'rank': 5, 'fitness': 0.9820137900379085, 'generation': 400}","{'id': 28506, 'rank': 6, 'fitness': 0.9820137900379085, 'generation': 400}","{'id': 28506, 'rank': 7, 'fitness': 0.9820137900379085, 'generation': 400}","{'id': 28506, 'rank': 8, 'fitness': 0.9820137900379085, 'generation': 400}","{'id': 28506, 'rank': 9, 'fitness': 0.9820137900379085, 'generation': 400}","{'id': 28506, 'rank': 10, 'fitness': 0.9820137900379085, 'generation': 400}","{'id': 28506, 'rank': 11, 'fitness': 0.9820137900379085, 'generation': 400}","{'id': 28506, 'rank': 12, 'fitness': 0.9820137900379085, 'generation': 400}","{'id': 28506, 'rank': 13, 'fitness': 0.9820137900379085, 'generation': 400}","{'id': 28506, 'rank': 14, 'fitness': 0.9820137900379085, 'generation': 400}","{'id': 28506, 'rank': 15, 'fitness': 0.9820137900379085, 'generation': 400}","{'id': 28506, 'rank': 16, 'fitness': 0.9820137900379085, 'generation': 400}","{'id': 28506, 'rank': 17, 'fitness': 0.9820137900379085, 'generation': 400}","{'id': 28506, 'rank': 18, 'fitness': 0.9820137900379085, 'generation': 400}","{'id': 28506, 'rank': 19, 'fitness': 0.9820137900379085, 'generation': 400}","{'id': 28506, 'rank': 20, 'fitness': 0.9820137900379085, 'generation': 400}","{'id': 28506, 'rank': 21, 'fitness': 0.9820137900379085, 'generation': 400}","{'id': 28506, 'rank': 22, 'fitness': 0.9820137900379085, 'generation': 400}","{'id': 28506, 'rank': 23, 'fitness': 0.9820137900379085, 'generation': 400}","{'id': 28506, 'rank': 24, 'fitness': 0.9820137900379085, 'generation': 400}","{'id': 27238, 'rank': 25, 'fitness': 0.9756700183907874, 'generation': 400}","{'id': 27238, 'rank': 26, 'fitness': 0.9756700183907874, 'generation': 400}","{'id': 28872, 'rank': 27, 'fitness': 0.3648278287997546, 'generation': 400}","{'id': 29028, 'rank': 28, 'fitness': 0.09682089302906521, 'generation': 400}","{'id': 28957, 'rank': 29, 'fitness': 0.09193362766424096, 'generation': 400}","{'id': 29007, 'rank': 30, 'fitness': 0.01798620996209155, 'generation': 400}"
"{'id': 28506, 'rank': 1, 'fitness': 0.9820137900379085, 'generation': 401}","{'id': 28506, 'rank': 2, 'fitness': 0.9820137900379085, 'generation': 401}","{'id': 28506, 'rank': 3, 'fitness': 0.9820137900379085, 'generation': 401}","{'id': 28506, 'rank': 4, 'fitness': 0.9820137900379085, 'generation': 401}","{'id': 28506, 'rank': 5, 'fitness': 0.9820137900379085, 'generation': 401}","{'id': 28506, 'rank': 6, 'fitness': 0.9820137900379085, 'generation': 401}","{'id': 28506, 'rank': 7, 'fitness': 0.9820137900379085, 'generation': 401}","{'id': 28506, 'rank': 8, 'fitness': 0.9820137900379085, 'generation': 401}","{'id': 28506, 'rank': 9, 'fitness': 0.9820137900379085, 'generation': 401}","{'id': 28506, 'rank': 10, 'fitness': 0.9820137900379085, 'generation': 401}","{'id': 28506, 'rank': 11, 'fitness': 0.9820137900379085, 'generation': 401}","{'id': 28506, 'rank': 12, 'fitness': 0.9820137900379085, 'generation': 401}","{'id': 28506, 'rank': 13, 'fitness': 0.9820137900379085, 'generation': 401}","{'id': 28506, 'rank': 14, 'fitness': 0.9820137900379085, 'generation': 401}","{'id': 28506, 'rank': 15, 'fitness': 0.9820137900379085, 'generation': 401}","{'id': 28506, 'rank': 16, 'fitness': 0.9820137900379085, 'generation': 401}","{'id': 28506, 'rank': 17, 'fitness': 0.9820137900379085, 'generation': 401}","{'id': 28506, 'rank': 18, 'fitness': 0.9820137900379085, 'generation': 401}","{'id': 28506, 'rank': 19, 'fitness': 0.9820137900379085, 'generation': 401}","{'id': 28506, 'rank': 20, 'fitness': 0.9820137900379085, 'generation': 401}","{'id': 28506, 'rank': 21, 'fitness': 0.9820137900379085, 'generation': 401}","{'id': 28506, 'rank': 22, 'fitness': 0.9820137900379085, 'generation': 401}","{'id': 28506, 'rank': 23, 'fitness': 0.9820137900379085, 'generation': 401}","{'id': 28506, 'rank': 24, 'fitness': 0.9820137900379085, 'generation': 401}","{'id': 28506, 'rank': 25, 'fitness': 0.9820137900379085, 'generation': 401}","{'id': 28506, 'rank': 26, 'fitness': 0.9820137900379085, 'generation': 401}","{'id': 29091, 'rank': 27, 'fitness': 0.5952126387699125, 'generation': 401}","{'id': 29104, 'rank': 28, 'fitness': 0.20458235444831369, 'generation': 401}","{'id': 29082, 'rank': 29, 'fitness': 0.03042081456456802, 'generation': 401}","{'id': 29031, 'rank': 30, 'fitness': 0.01798620996209155, 'generation': 401}"
"{'id': 28506, 'rank': 1, 'fitness': 0.9820137900379085, 'generation': 402}","{'id': 28506, 'rank': 2, 'fitness': 0.9820137900379085, 'generation': 402}","{'id': 28506, 'rank': 3, 'fitness': 0.9820137900379085, 'generation': 402}","{'id': 28506, 'rank': 4, 'fitness': 0.9820137900379085, 'generation': 402}","{'id': 28506, 'rank': 5, 'fitness': 0.9820137900379085, 'generation': 402}","{'id': 28506, 'rank': 6, 'fitness': 0.9820137900379085, 'generation': 402}","{'id': 28506, 'rank': 7, 'fitness': 0.9820137900379085, 'generation': 402}","{'id': 28506, 'rank': 8, 'fitness': 0.9820137900379085, 'generation': 402}","{'id': 28506, 'rank': 9, 'fitness': 0.9820137900379085, 'generation': 402}","{'id': 28506, 'rank': 10, 'fitness': 0.9820137900379085, 'generation': 402}","{'id': 28506, 'rank': 11, 'fitness': 0.9820137900379085, 'generation': 402}","{'id': 28506, 'rank': 12, 'fitness': 0.9820137900379085, 'generation': 402}","{'id': 28506, 'rank': 13, 'fitness': 0.9820137900379085, 'generation': 402}","{'id': 28506, 'rank': 14, 'fitness': 0.9820137900379085, 'generation': 402}","{'id': 28506, 'rank': 15, 'fitness': 0.9820137900379085, 'generation': 402}","{'id': 28506, 'rank': 16, 'fitness': 0.9820137900379085, 'generation': 402}","{'id': 28506, 'rank': 17, 'fitness': 0.9820137900379085, 'generation': 402}","{'id': 28506, 'rank': 18, 'fitness': 0.9820137900379085, 'generation': 402}","{'id': 28506, 'rank': 19, 'fitness': 0.9820137900379085, 'generation': 402}","{'id': 28506, 'rank': 20, 'fitness': 0.9820137900379085, 'generation': 402}","{'id': 28506, 'rank': 21, 'fitness': 0.9820137900379085, 'generation': 402}","{'id': 28506, 'rank': 22, 'fitness': 0.9820137900379085, 'generation': 402}","{'id': 28506, 'rank': 23, 'fitness': 0.9820137900379085, 'generation': 402}","{'id': 28506, 'rank': 24, 'fitness': 0.9820137900379085, 'generation': 402}","{'id': 28506, 'rank': 25, 'fitness': 0.9820137900379085, 'generation': 402}","{'id': 29147, 'rank': 26, 'fitness': 0.5333664440549701, 'generation': 402}","{'id': 29200, 'rank': 27, 'fitness': 0.35542771402310847, 'generation': 402}","{'id': 29211, 'rank': 28, 'fitness': 0.3101442672410382, 'generation': 402}","{'id': 29125, 'rank': 29, 'fitness': 0.037555318721359254, 'generation': 402}","{'id': 29164, 'rank': 30, 'fitness': 0.01798620996209155, 'generation': 402}"
"{'id': 28506, 'rank': 1, 'fitness': 0.9820137900379085, 'generation': 403}","{'id': 28506, 'rank': 2, 'fitness': 0.9820137900379085, 'generation': 403}","{'id': 28506, 'rank': 3, 'fitness': 0.9820137900379085, 'generation': 403}","{'id': 28506, 'rank': 4, 'fitness': 0.9820137900379085, 'generation': 403}","{'id': 28506, 'rank': 5, 'fitness': 0.9820137900379085, 'generation': 403}","{'id': 28506, 'rank': 6, 'fitness': 0.9820137900379085, 'generation': 403}","{'id': 28506, 'rank': 7, 'fitness': 0.9820137900379085, 'generation': 403}","{'id': 28506, 'rank': 8, 'fitness': 0.9820137900379085, 'generation': 403}","{'id': 28506, 'rank': 9, 'fitness': 0.9820137900379085, 'generation': 403}","{'id': 28506, 'rank': 10, 'fitness': 0.9820137900379085, 'generation': 403}","{'id': 28506, 'rank': 11, 'fitness': 0.9820137900379085, 'generation': 403}","{'id': 28506, 'rank': 12, 'fitness': 0.9820137900379085, 'generation': 403}","{'id': 28506, 'rank': 13, 'fitness': 0.9820137900379085, 'generation': 403}","{'id': 28506, 'rank': 14, 'fitness': 0.9820137900379085, 'generation': 403}","{'id': 28506, 'rank': 15, 'fitness': 0.9820137900379085, 'generation': 403}","{'id': 28506, 'rank': 16, 'fitness': 0.9820137900379085, 'generation': 403}","{'id': 28506, 'rank': 17, 'fitness': 0.9820137900379085, 'generation': 403}","{'id': 28506, 'rank': 18, 'fitness': 0.9820137900379085, 'generation': 403}","{'id': 28506, 'rank': 19, 'fitness': 0.9820137900379085, 'generation': 403}","{'id': 28506, 'rank': 20, 'fitness': 0.9820137900379085, 'generation': 403}","{'id': 28506, 'rank': 21, 'fitness': 0.9820137900379085, 'generation': 403}","{'id': 28506, 'rank': 22, 'fitness': 0.9820137900379085, 'generation': 403}","{'id': 28506, 'rank': 23, 'fitness': 0.9820137900379085, 'generation': 403}","{'id': 28506, 'rank': 24, 'fitness': 0.9820137900379085, 'generation': 403}","{'id': 28506, 'rank': 25, 'fitness': 0.9820137900379085, 'generation': 403}","{'id': 28506, 'rank': 26, 'fitness': 0.9820137900379085, 'generation': 403}","{'id': 29295, 'rank': 27, 'fitness': 0.94655462448811, 'generation': 403}","{'id': 29295, 'rank': 28, 'fitness': 0.94655462448811, 'generation': 403}","{'id': 29281, 'rank': 29, 'fitness': 0.8905224301719518, 'generation': 403}","{'id': 29237, 'rank': 30, 'fitness': 0.01798620996209155, 'generation': 403}"
"{'id': 28506, 'rank': 1, 'fitness': 0.9820137900379085, 'generation': 404}","{'id': 28506, 'rank': 2, 'fitness': 0.9820137900379085, 'generation': 404}","{'id': 28506, 'rank': 3, 'fitness': 0.9820137900379085, 'generation': 404}","{'id': 28506, 'rank': 4, 'fitness': 0.9820137900379085, 'generation': 404}","{'id': 28506, 'rank': 5, 'fitness': 0.9820137900379085, 'generation': 404}","{'id': 28506, 'rank': 6, 'fitness': 0.9820137900379085, 'generation': 404}","{'id': 28506, 'rank': 7, 'fitness': 0.9820137900379085, 'generation': 404}","{'id': 28506, 'rank': 8, 'fitness': 0.9820137900379085, 'generation': 404}","{'id': 28506, 'rank': 9, 'fitness': 0.9820137900379085, 'generation': 404}","{'id': 28506, 'rank': 10, 'fitness': 0.9820137900379085, 'generation': 404}","{'id': 28506, 'rank': 11, 'fitness': 0.9820137900379085, 'generation': 404}","{'id': 28506, 'rank': 12, 'fitness': 0.9820137900379085, 'generation': 404}","{'id': 28506, 'rank': 13, 'fitness': 0.9820137900379085, 'generation': 404}","{'id': 28506, 'rank': 14, 'fitness': 0.9820137900379085, 'generation': 404}","{'id': 28506, 'rank': 15, 'fitness': 0.9820137900379085, 'generation': 404}","{'id': 28506, 'rank': 16, 'fitness': 0.9820137900379085, 'generation': 404}","{'id': 28506, 'rank': 17, 'fitness': 0.9820137900379085, 'generation': 404}","{'id': 28506, 'rank': 18, 'fitness': 0.9820137900379085, 'generation': 404}","{'id': 28506, 'rank': 19, 'fitness': 0.9820137900379085, 'generation': 404}","{'id': 28506, 'rank': 20, 'fitness': 0.9820137900379085, 'generation': 404}","{'id': 28506, 'rank': 21, 'fitness': 0.9820137900379085, 'generation': 404}","{'id': 28506, 'rank': 22, 'fitness': 0.9820137900379085, 'generation': 404}","{'id': 28506, 'rank': 23, 'fitness': 0.9820137900379085, 'generation': 404}","{'id': 28506, 'rank': 24, 'fitness': 0.9820137900379085, 'generation': 404}","{'id': 28506, 'rank': 25, 'fitness': 0.9820137900379085, 'generation': 404}","{'id': 29295, 'rank': 26, 'fitness': 0.950116593094344, 'generation': 404}","{'id': 29322, 'rank': 27, 'fitness': 0.7722988187300042, 'generation': 404}","{'id': 29361, 'rank': 28, 'fitness': 0.43723452033772314, 'generation': 404}","{'id': 29313, 'rank': 29, 'fitness': 0.13512096909810578, 'generation': 404}","{'id': 29311, 'rank': 30, 'fitness': 0.01798620996209155, 'generation': 404}"
"{'id': 28506, 'rank': 1, 'fitness': 0.9820137900379085, 'generation': 405}","{'id': 28506, 'rank': 2, 'fitness': 0.9820137900379085, 'generation': 405}","{'id': 28506, 'rank': 3, 'fitness': 0.9820137900379085, 'generation': 405}","{'id': 28506, 'rank': 4, 'fitness': 0.9820137900379085, 'generation': 405}","{'id': 28506, 'rank': 5, 'fitness': 0.9820137900379085, 'generation': 405}","{'id': 28506, 'rank': 6, 'fitness': 0.9820137900379085, 'generation': 405}","{'id': 28506, 'rank': 7, 'fitness': 0.9820137900379085, 'generation': 405}","{'id': 28506, 'rank': 8, 'fitness': 0.9820137900379085, 'generation': 405}","{'id': 28506, 'rank': 9, 'fitness': 0.9820137900379085, 'generation': 405}","{'id': 28506, 'rank': 10, 'fitness': 0.9820137900379085, 'generation': 405}","{'id': 28506, 'rank': 11, 'fitness': 0.9820137900379085, 'generation': 405}","{'id': 28506, 'rank': 12, 'fitness': 0.9820137900379085, 'generation': 405}","{'id': 28506, 'rank': 13, 'fitness': 0.9820137900379085, 'generation': 405}","{'id': 28506, 'rank': 14, 'fitness': 0.9820137900379085, 'generation': 405}","{'id': 28506, 'rank': 15, 'fitness': 0.9820137900379085, 'generation': 405}","{'id': 28506, 'rank': 16, 'fitness': 0.9820137900379085, 'generation': 405}","{'id': 28506, 'rank': 17, 'fitness': 0.9820137900379085, 'generation': 405}","{'id': 28506, 'rank': 18, 'fitness': 0.9820137900379085, 'generation': 405}","{'id': 28506, 'rank': 19, 'fitness': 0.9820137900379085, 'generation': 405}","{'id': 28506, 'rank': 20, 'fitness': 0.9820137900379085, 'generation': 405}","{'id': 28506, 'rank': 21, 'fitness': 0.9820137900379085, 'generation': 405}","{'id': 28506, 'rank': 22, 'fitness': 0.9820137900379085, 'generation': 405}","{'id': 28506, 'rank': 23, 'fitness': 0.9820137900379085, 'generation': 405}","{'id': 28506, 'rank': 24, 'fitness': 0.9820137900379085, 'generation': 405}","{'id': 28506, 'rank': 25, 'fitness': 0.9820137900379085, 'generation': 405}","{'id': 28506, 'rank': 26, 'fitness': 0.9820137900379085, 'generation': 405}","{'id': 28506, 'rank': 27, 'fitness': 0.9820137900379085, 'generation': 405}","{'id': 28506, 'rank': 28, 'fitness': 0.9820137900379085, 'generation': 405}","{'id': 29440, 'rank': 29, 'fitness': 0.22691943300865786, 'generation': 405}","{'id': 29402, 'rank': 30, 'fitness': 0.01798620996209155, 'generation': 405}"
"{'id': 28506, 'rank': 1, 'fitness': 0.9820137900379085, 'generation': 406}","{'id': 28506, 'rank': 2, 'fitness': 0.9820137900379085, 'generation': 406}","{'id': 28506, 'rank': 3, 'fitness': 0.9820137900379085, 'generation': 406}","{'id': 28506, 'rank': 4, 'fitness': 0.9820137900379085, 'generation': 406}","{'id': 28506, 'rank': 5, 'fitness': 0.9820137900379085, 'generation': 406}","{'id': 28506, 'rank': 6, 'fitness': 0.9820137900379085, 'generation': 406}","{'id': 28506, 'rank': 7, 'fitness': 0.9820137900379085, 'generation': 406}","{'id': 28506, 'rank': 8, 'fitness': 0.9820137900379085, 'generation': 406}","{'id': 28506, 'rank': 9, 'fitness': 0.9820137900379085, 'generation': 406}","{'id': 28506, 'rank': 10, 'fitness': 0.9820137900379085, 'generation': 406}","{'id': 28506, 'rank': 11, 'fitness': 0.9820137900379085, 'generation': 406}","{'id': 28506, 'rank': 12, 'fitness': 0.9820137900379085, 'generation': 406}","{'id': 28506, 'rank': 13, 'fitness': 0.9820137900379085, 'generation': 406}","{'id': 28506, 'rank': 14, 'fitness': 0.9820137900379085, 'generation': 406}","{'id': 28506, 'rank': 15, 'fitness': 0.9820137900379085, 'generation': 406}","{'id': 28506, 'rank': 16, 'fitness': 0.9820137900379085, 'generation': 406}","{'id': 28506, 'rank': 17, 'fitness': 0.9820137900379085, 'generation': 406}","{'id': 28506, 'rank': 18, 'fitness': 0.9820137900379085, 'generation': 406}","{'id': 28506, 'rank': 19, 'fitness': 0.9820137900379085, 'generation': 406}","{'id': 28506, 'rank': 20, 'fitness': 0.9820137900379085, 'generation': 406}","{'id': 28506, 'rank': 21, 'fitness': 0.9820137900379085, 'generation': 406}","{'id': 28506, 'rank': 22, 'fitness': 0.9820137900379085, 'generation': 406}","{'id': 28506, 'rank': 23, 'fitness': 0.9820137900379085, 'generation': 406}","{'id': 28506, 'rank': 24, 'fitness': 0.9820137900379085, 'generation': 406}","{'id': 28506, 'rank': 25, 'fitness': 0.9820137900379085, 'generation': 406}","{'id': 28506, 'rank': 26, 'fitness': 0.9820137900379085, 'generation': 406}","{'id': 28506, 'rank': 27, 'fitness': 0.9820137900379085, 'generation': 406}","{'id': 29568, 'rank': 28, 'fitness': 0.17246142558219457, 'generation': 406}","{'id': 29482, 'rank': 29, 'fitness': 0.07084066650900417, 'generation': 406}","{'id': 29571, 'rank': 30, 'fitness': 0.01798620996209155, 'generation': 406}"
"{'id': 28506, 'rank': 1, 'fitness': 0.9820137900379085, 'generation': 407}","{'id': 28506, 'rank': 2, 'fitness': 0.9820137900379085, 'generation': 407}","{'id': 28506, 'rank': 3, 'fitness': 0.9820137900379085, 'generation': 407}","{'id': 28506, 'rank': 4, 'fitness': 0.9820137900379085, 'generation': 407}","{'id': 28506, 'rank': 5, 'fitness': 0.9820137900379085, 'generation': 407}","{'id': 28506, 'rank': 6, 'fitness': 0.9820137900379085, 'generation': 407}","{'id': 28506, 'rank': 7, 'fitness': 0.9820137900379085, 'generation': 407}","{'id': 28506, 'rank': 8, 'fitness': 0.9820137900379085, 'generation': 407}","{'id': 28506, 'rank': 9, 'fitness': 0.9820137900379085, 'generation': 407}","{'id': 28506, 'rank': 10, 'fitness': 0.9820137900379085, 'generation': 407}","{'id': 28506, 'rank': 11, 'fitness': 0.9820137900379085, 'generation': 407}","{'id': 28506, 'rank': 12, 'fitness': 0.9820137900379085, 'generation': 407}","{'id': 28506, 'rank': 13, 'fitness': 0.9820137900379085, 'generation': 407}","{'id': 28506, 'rank': 14, 'fitness': 0.9820137900379085, 'generation': 407}","{'id': 28506, 'rank': 15, 'fitness': 0.9820137900379085, 'generation': 407}","{'id': 28506, 'rank': 16, 'fitness': 0.9820137900379085, 'generation': 407}","{'id': 28506, 'rank': 17, 'fitness': 0.9820137900379085, 'generation': 407}","{'id': 28506, 'rank': 18, 'fitness': 0.9820137900379085, 'generation': 407}","{'id': 28506, 'rank': 19, 'fitness': 0.9820137900379085, 'generation': 407}","{'id': 28506, 'rank': 20, 'fitness': 0.9820137900379085, 'generation': 407}","{'id': 28506, 'rank': 21, 'fitness': 0.9820137900379085, 'generation': 407}","{'id': 28506, 'rank': 22, 'fitness': 0.9820137900379085, 'generation': 407}","{'id': 28506, 'rank': 23, 'fitness': 0.9820137900379085, 'generation': 407}","{'id': 28506, 'rank': 24, 'fitness': 0.9820137900379085, 'generation': 407}","{'id': 28506, 'rank': 25, 'fitness': 0.9820137900379085, 'generation': 407}","{'id': 28506, 'rank': 26, 'fitness': 0.9820137900379085, 'generation': 407}","{'id': 28506, 'rank': 27, 'fitness': 0.9820137900379085, 'generation': 407}","{'id': 29482, 'rank': 28, 'fitness': 0.35466787308676606, 'generation': 407}","{'id': 29630, 'rank': 29, 'fitness': 0.28411735041431047, 'generation': 407}","{'id': 29582, 'rank': 30, 'fitness': 0.01798620996209155, 'generation': 407}"
"{'id': 28506, 'rank': 1, 'fitness': 0.9820137900379085, 'generation': 408}","{'id': 28506, 'rank': 2, 'fitness': 0.9820137900379085, 'generation': 408}","{'id': 28506, 'rank': 3, 'fitness': 0.9820137900379085, 'generation': 408}","{'id': 28506, 'rank': 4, 'fitness': 0.9820137900379085, 'generation': 408}","{'id': 28506, 'rank': 5, 'fitness': 0.9820137900379085, 'generation': 408}","{'id': 28506, 'rank': 6, 'fitness': 0.9820137900379085, 'generation': 408}","{'id': 28506, 'rank': 7, 'fitness': 0.9820137900379085, 'generation': 408}","{'id': 28506, 'rank': 8, 'fitness': 0.9820137900379085, 'generation': 408}","{'id': 28506, 'rank': 9, 'fitness': 0.9820137900379085, 'generation': 408}","{'id': 28506, 'rank': 10, 'fitness': 0.9820137900379085, 'generation': 408}","{'id': 28506, 'rank': 11, 'fitness': 0.9820137900379085, 'generation': 408}","{'id': 28506, 'rank': 12, 'fitness': 0.9820137900379085, 'generation': 408}","{'id': 28506, 'rank': 13, 'fitness': 0.9820137900379085, 'generation': 408}","{'id': 28506, 'rank': 14, 'fitness': 0.9820137900379085, 'generation': 408}","{'id': 28506, 'rank': 15, 'fitness': 0.9820137900379085, 'generation': 408}","{'id': 28506, 'rank': 16, 'fitness': 0.9820137900379085, 'generation': 408}","{'id': 28506, 'rank': 17, 'fitness': 0.9820137900379085, 'generation': 408}","{'id': 28506, 'rank': 18, 'fitness': 0.9820137900379085, 'generation': 408}","{'id': 28506, 'rank': 19, 'fitness': 0.9820137900379085, 'generation': 408}","{'id': 28506, 'rank': 20, 'fitness': 0.9820137900379085, 'generation': 408}","{'id': 28506, 'rank': 21, 'fitness': 0.9820137900379085, 'generation': 408}","{'id': 28506, 'rank': 22, 'fitness': 0.9820137900379085, 'generation': 408}","{'id': 29671, 'rank': 23, 'fitness': 0.9545982314166414, 'generation': 408}","{'id': 29703, 'rank': 24, 'fitness': 0.2594686276793722, 'generation': 408}","{'id': 29708, 'rank': 25, 'fitness': 0.08322416721781795, 'generation': 408}","{'id': 29708, 'rank': 26, 'fitness': 0.08322416721781795, 'generation': 408}","{'id': 29701, 'rank': 27, 'fitness': 0.03742404035813418, 'generation': 408}","{'id': 29482, 'rank': 28, 'fitness': 0.023527314582605763, 'generation': 408}","{'id': 29712, 'rank': 29, 'fitness': 0.018164101865586257, 'generation': 408}","{'id': 29675, 'rank': 30, 'fitness': 0.01798620996209155, 'generation': 408}"
"{'id': 28506, 'rank': 1, 'fitness': 0.5, 'generation': 409}","{'id': 28506, 'rank': 2, 'fitness': 0.5, 'generation': 409}","{'id': 28506, 'rank': 3, 'fitness': 0.5, 'generation': 409}","{'id': 28506, 'rank': 4, 'fitness': 0.5, 'generation': 409}","{'id': 28506, 'rank': 5, 'fitness': 0.5, 'generation': 409}","{'id': 28506, 'rank': 6, 'fitness': 0.5, 'generation': 409}","{'id': 28506, 'rank': 7, 'fitness': 0.5, 'generation': 409}","{'id': 28506, 'rank': 8, 'fitness': 0.5, 'generation': 409}","{'id': 28506, 'rank': 9, 'fitness': 0.5, 'generation': 409}","{'id': 28506, 'rank': 10, 'fitness': 0.5, 'generation': 409}","{'id': 28506, 'rank': 11, 'fitness': 0.5, 'generation': 409}","{'id': 28506, 'rank': 12, 'fitness': 0.5, 'generation': 409}","{'id': 28506, 'rank': 13, 'fitness': 0.5, 'generation': 409}","{'id': 28506, 'rank': 14, 'fitness': 0.5, 'generation': 409}","{'id': 28506, 'rank': 15, 'fitness': 0.5, 'generation': 409}","{'id': 28506, 'rank': 16, 'fitness': 0.5, 'generation': 409}","{'id': 28506, 'rank': 17, 'fitness': 0.5, 'generation': 409}","{'id': 28506, 'rank': 18, 'fitness': 0.5, 'generation': 409}","{'id': 28506, 'rank': 19, 'fitness': 0.5, 'generation': 409}","{'id': 28506, 'rank': 20, 'fitness': 0.5, 'generation': 409}","{'id': 28506, 'rank': 21, 'fitness': 0.5, 'generation': 409}","{'id': 28506, 'rank': 22, 'fitness': 0.5, 'generation': 409}","{'id': 28506, 'rank': 23, 'fitness': 0.5, 'generation': 409}","{'id': 28506, 'rank': 24, 'fitness': 0.5, 'generation': 409}","{'id': 28506, 'rank': 25, 'fitness': 0.5, 'generation': 409}","{'id': 28506, 'rank': 26, 'fitness': 0.5, 'generation': 409}","{'id': 28506, 'rank': 27, 'fitness': 0.5, 'generation': 409}","{'id': 28506, 'rank': 28, 'fitness': 0.5, 'generation': 409}","{'id': 28506, 'rank': 29, 'fitness': 0.5, 'generation': 409}","{'id': 28506, 'rank': 30, 'fitness': 0.5, 'generation': 409}"
"{'id': 28506, 'rank': 1, 'fitness': 0.9820137900379085, 'generation': 410}","{'id': 28506, 'rank': 2, 'fitness': 0.9820137900379085, 'generation': 410}","{'id': 28506, 'rank': 3, 'fitness': 0.9820137900379085, 'generation': 410}","{'id': 28506, 'rank': 4, 'fitness': 0.9820137900379085, 'generation': 410}","{'id': 28506, 'rank': 5, 'fitness': 0.9820137900379085, 'generation': 410}","{'id': 28506, 'rank': 6, 'fitness': 0.9820137900379085, 'generation': 410}","{'id': 28506, 'rank': 7, 'fitness': 0.9820137900379085, 'generation': 410}","{'id': 28506, 'rank': 8, 'fitness': 0.9820137900379085, 'generation': 410}","{'id': 28506, 'rank': 9, 'fitness': 0.9820137900379085, 'generation': 410}","{'id': 28506, 'rank': 10, 'fitness': 0.9820137900379085, 'generation': 410}","{'id': 28506, 'rank': 11, 'fitness': 0.9820137900379085, 'generation': 410}","{'id': 28506, 'rank': 12, 'fitness': 0.9820137900379085, 'generation': 410}","{'id': 28506, 'rank': 13, 'fitness': 0.9820137900379085, 'generation': 410}","{'id': 28506, 'rank': 14, 'fitness': 0.9820137900379085, 'generation': 410}","{'id': 28506, 'rank': 15, 'fitness': 0.9820137900379085, 'generation': 410}","{'id': 28506, 'rank': 16, 'fitness': 0.9820137900379085, 'generation': 410}","{'id': 28506, 'rank': 17, 'fitness': 0.9820137900379085, 'generation': 410}","{'id': 28506, 'rank': 18, 'fitness': 0.9820137900379085, 'generation': 410}","{'id': 28506, 'rank': 19, 'fitness': 0.9820137900379085, 'generation': 410}","{'id': 28506, 'rank': 20, 'fitness': 0.9820137900379085, 'generation': 410}","{'id': 28506, 'rank': 21, 'fitness': 0.9820137900379085, 'generation': 410}","{'id': 28506, 'rank': 22, 'fitness': 0.9820137900379085, 'generation': 410}","{'id': 28506, 'rank': 23, 'fitness': 0.9820137900379085, 'generation': 410}","{'id': 28506, 'rank': 24, 'fitness': 0.9820137900379085, 'generation': 410}","{'id': 28506, 'rank': 25, 'fitness': 0.9820137900379085, 'generation': 410}","{'id': 28506, 'rank': 26, 'fitness': 0.9820137900379085, 'generation': 410}","{'id': 28506, 'rank': 27, 'fitness': 0.9820137900379085, 'generation': 410}","{'id': 28506, 'rank': 28, 'fitness': 0.9820137900379085, 'generation': 410}","{'id': 28506, 'rank': 29, 'fitness': 0.9820137900379085, 'generation': 410}","{'id': 29845, 'rank': 30, 'fitness': 0.01798620996209155, 'generation': 410}"
"{'id': 28506, 'rank': 1, 'fitness': 0.9820137900379085, 'generation': 411}","{'id': 28506, 'rank': 2, 'fitness': 0.9820137900379085, 'generation': 411}","{'id': 28506, 'rank': 3, 'fitness': 0.9820137900379085, 'generation': 411}","{'id': 28506, 'rank': 4, 'fitness': 0.9820137900379085, 'generation': 411}","{'id': 28506, 'rank': 5, 'fitness': 0.9820137900379085, 'generation': 411}","{'id': 28506, 'rank': 6, 'fitness': 0.9820137900379085, 'generation': 411}","{'id': 28506, 'rank': 7, 'fitness': 0.9820137900379085, 'generation': 411}","{'id': 28506, 'rank': 8, 'fitness': 0.9820137900379085, 'generation': 411}","{'id': 28506, 'rank': 9, 'fitness': 0.9820137900379085, 'generation': 411}","{'id': 28506, 'rank': 10, 'fitness': 0.9820137900379085, 'generation': 411}","{'id': 28506, 'rank': 11, 'fitness': 0.9820137900379085, 'generation': 411}","{'id': 28506, 'rank': 12, 'fitness': 0.9820137900379085, 'generation': 411}","{'id': 28506, 'rank': 13, 'fitness': 0.9820137900379085, 'generation': 411}","{'id': 28506, 'rank': 14, 'fitness': 0.9820137900379085, 'generation': 411}","{'id': 28506, 'rank': 15, 'fitness': 0.9820137900379085, 'generation': 411}","{'id': 28506, 'rank': 16, 'fitness': 0.9820137900379085, 'generation': 411}","{'id': 28506, 'rank': 17, 'fitness': 0.9820137900379085, 'generation': 411}","{'id': 28506, 'rank': 18, 'fitness': 0.9820137900379085, 'generation': 411}","{'id': 28506, 'rank': 19, 'fitness': 0.9820137900379085, 'generation': 411}","{'id': 28506, 'rank': 20, 'fitness': 0.9820137900379085, 'generation': 411}","{'id': 28506, 'rank': 21, 'fitness': 0.9820137900379085, 'generation': 411}","{'id': 28506, 'rank': 22, 'fitness': 0.9820137900379085, 'generation': 411}","{'id': 28506, 'rank': 23, 'fitness': 0.9820137900379085, 'generation': 411}","{'id': 28506, 'rank': 24, 'fitness': 0.9820137900379085, 'generation': 411}","{'id': 28506, 'rank': 25, 'fitness': 0.9820137900379085, 'generation': 411}","{'id': 28506, 'rank': 26, 'fitness': 0.9820137900379085, 'generation': 411}","{'id': 29927, 'rank': 27, 'fitness': 0.43145577344462843, 'generation': 411}","{'id': 29924, 'rank': 28, 'fitness': 0.09085641868575395, 'generation': 411}","{'id': 29902, 'rank': 29, 'fitness': 0.03181777776537231, 'generation': 411}","{'id': 29897, 'rank': 30, 'fitness': 0.01798620996209155, 'generation': 411}"
"{'id': 28506, 'rank': 1, 'fitness': 0.9820137900379085, 'generation': 412}","{'id': 28506, 'rank': 2, 'fitness': 0.9820137900379085, 'generation': 412}","{'id': 28506, 'rank': 3, 'fitness': 0.9820137900379085, 'generation': 412}","{'id': 28506, 'rank': 4, 'fitness': 0.9820137900379085, 'generation': 412}","{'id': 28506, 'rank': 5, 'fitness': 0.9820137900379085, 'generation': 412}","{'id': 28506, 'rank': 6, 'fitness': 0.9820137900379085, 'generation': 412}","{'id': 28506, 'rank': 7, 'fitness': 0.9820137900379085, 'generation': 412}","{'id': 28506, 'rank': 8, 'fitness': 0.9820137900379085, 'generation': 412}","{'id': 28506, 'rank': 9, 'fitness': 0.9820137900379085, 'generation': 412}","{'id': 28506, 'rank': 10, 'fitness': 0.9820137900379085, 'generation': 412}","{'id': 28506, 'rank': 11, 'fitness': 0.9820137900379085, 'generation': 412}","{'id': 28506, 'rank': 12, 'fitness': 0.9820137900379085, 'generation': 412}","{'id': 28506, 'rank': 13, 'fitness': 0.9820137900379085, 'generation': 412}","{'id': 28506, 'rank': 14, 'fitness': 0.9820137900379085, 'generation': 412}","{'id': 28506, 'rank': 15, 'fitness': 0.9820137900379085, 'generation': 412}","{'id': 28506, 'rank': 16, 'fitness': 0.9820137900379085, 'generation': 412}","{'id': 28506, 'rank': 17, 'fitness': 0.9820137900379085, 'generation': 412}","{'id': 28506, 'rank': 18, 'fitness': 0.9820137900379085, 'generation': 412}","{'id': 28506, 'rank': 19, 'fitness': 0.9820137900379085, 'generation': 412}","{'id': 28506, 'rank': 20, 'fitness': 0.9820137900379085, 'generation': 412}","{'id': 28506, 'rank': 21, 'fitness': 0.9820137900379085, 'generation': 412}","{'id': 28506, 'rank': 22, 'fitness': 0.9820137900379085, 'generation': 412}","{'id': 28506, 'rank': 23, 'fitness': 0.9820137900379085, 'generation': 412}","{'id': 28506, 'rank': 24, 'fitness': 0.9820137900379085, 'generation': 412}","{'id': 28506, 'rank': 25, 'fitness': 0.9820137900379085, 'generation': 412}","{'id': 28506, 'rank': 26, 'fitness': 0.9820137900379085, 'generation': 412}","{'id': 28506, 'rank': 27, 'fitness': 0.9820137900379085, 'generation': 412}","{'id': 30028, 'rank': 28, 'fitness': 0.40427894407398657, 'generation': 412}","{'id': 30001, 'rank': 29, 'fitness': 0.13287590991040338, 'generation': 412}","{'id': 29970, 'rank': 30, 'fitness': 0.01798620996209155, 'generation': 412}"
"{'id': 28506, 'rank': 1, 'fitness': 0.9820137900379085, 'generation': 413}","{'id': 28506, 'rank': 2, 'fitness': 0.9820137900379085, 'generation': 413}","{'id': 28506, 'rank': 3, 'fitness': 0.9820137900379085, 'generation': 413}","{'id': 28506, 'rank': 4, 'fitness': 0.9820137900379085, 'generation': 413}","{'id': 28506, 'rank': 5, 'fitness': 0.9820137900379085, 'generation': 413}","{'id': 28506, 'rank': 6, 'fitness': 0.9820137900379085, 'generation': 413}","{'id': 28506, 'rank': 7, 'fitness': 0.9820137900379085, 'generation': 413}","{'id': 28506, 'rank': 8, 'fitness': 0.9820137900379085, 'generation': 413}","{'id': 28506, 'rank': 9, 'fitness': 0.9820137900379085, 'generation': 413}","{'id': 28506, 'rank': 10, 'fitness': 0.9820137900379085, 'generation': 413}","{'id': 28506, 'rank': 11, 'fitness': 0.9820137900379085, 'generation': 413}","{'id': 28506, 'rank': 12, 'fitness': 0.9820137900379085, 'generation': 413}","{'id': 28506, 'rank': 13, 'fitness': 0.9820137900379085, 'generation': 413}","{'id': 28506, 'rank': 14, 'fitness': 0.9820137900379085, 'generation': 413}","{'id': 28506, 'rank': 15, 'fitness': 0.9820137900379085, 'generation': 413}","{'id': 28506, 'rank': 16, 'fitness': 0.9820137900379085, 'generation': 413}","{'id': 28506, 'rank': 17, 'fitness': 0.9820137900379085, 'generation': 413}","{'id': 28506, 'rank': 18, 'fitness': 0.9820137900379085, 'generation': 413}","{'id': 28506, 'rank': 19, 'fitness': 0.9820137900379085, 'generation': 413}","{'id': 28506, 'rank': 20, 'fitness': 0.9820137900379085, 'generation': 413}","{'id': 28506, 'rank': 21, 'fitness': 0.9820137900379085, 'generation': 413}","{'id': 28506, 'rank': 22, 'fitness': 0.9820137900379085, 'generation': 413}","{'id': 28506, 'rank': 23, 'fitness': 0.9820137900379085, 'generation': 413}","{'id': 28506, 'rank': 24, 'fitness': 0.9820137900379085, 'generation': 413}","{'id': 28506, 'rank': 25, 'fitness': 0.9820137900379085, 'generation': 413}","{'id': 28506, 'rank': 26, 'fitness': 0.9820137900379085, 'generation': 413}","{'id': 30001, 'rank': 27, 'fitness': 0.22031317907820447, 'generation': 413}","{'id': 30108, 'rank': 28, 'fitness': 0.09083044722812006, 'generation': 413}","{'id': 30064, 'rank': 29, 'fitness': 0.032563455042720846, 'generation': 413}","{'id': 30055, 'rank': 30, 'fitness': 0.01798620996209155, 'generation': 413}"
"{'id': 28506, 'rank': 1, 'fitness': 0.9820137900379085, 'generation': 414}","{'id': 28506, 'rank': 2, 'fitness': 0.9820137900379085, 'generation': 414}","{'id': 28506, 'rank': 3, 'fitness': 0.9820137900379085, 'generation': 414}","{'id': 28506, 'rank': 4, 'fitness': 0.9820137900379085, 'generation': 414}","{'id': 28506, 'rank': 5, 'fitness': 0.9820137900379085, 'generation': 414}","{'id': 28506, 'rank': 6, 'fitness': 0.9820137900379085, 'generation': 414}","{'id': 28506, 'rank': 7, 'fitness': 0.9820137900379085, 'generation': 414}","{'id': 28506, 'rank': 8, 'fitness': 0.9820137900379085, 'generation': 414}","{'id': 28506, 'rank': 9, 'fitness': 0.9820137900379085, 'generation': 414}","{'id': 28506, 'rank': 10, 'fitness': 0.9820137900379085, 'generation': 414}","{'id': 28506, 'rank': 11, 'fitness': 0.9820137900379085, 'generation': 414}","{'id': 28506, 'rank': 12, 'fitness': 0.9820137900379085, 'generation': 414}","{'id': 28506, 'rank': 13, 'fitness': 0.9820137900379085, 'generation': 414}","{'id': 28506, 'rank': 14, 'fitness': 0.9820137900379085, 'generation': 414}","{'id': 28506, 'rank': 15, 'fitness': 0.9820137900379085, 'generation': 414}","{'id': 28506, 'rank': 16, 'fitness': 0.9820137900379085, 'generation': 414}","{'id': 28506, 'rank': 17, 'fitness': 0.9820137900379085, 'generation': 414}","{'id': 28506, 'rank': 18, 'fitness': 0.9820137900379085, 'generation': 414}","{'id': 28506, 'rank': 19, 'fitness': 0.9820137900379085, 'generation': 414}","{'id': 28506, 'rank': 20, 'fitness': 0.9820137900379085, 'generation': 414}","{'id': 28506, 'rank': 21, 'fitness': 0.9820137900379085, 'generation': 414}","{'id': 28506, 'rank': 22, 'fitness': 0.9820137900379085, 'generation': 414}","{'id': 30165, 'rank': 23, 'fitness': 0.5405998884322298, 'generation': 414}","{'id': 30165, 'rank': 24, 'fitness': 0.5405998884322298, 'generation': 414}","{'id': 30137, 'rank': 25, 'fitness': 0.4898713107502387, 'generation': 414}","{'id': 30001, 'rank': 26, 'fitness': 0.47207630821306606, 'generation': 414}","{'id': 30128, 'rank': 27, 'fitness': 0.19531085256072955, 'generation': 414}","{'id': 30148, 'rank': 28, 'fitness': 0.16879227822075937, 'generation': 414}","{'id': 30166, 'rank': 29, 'fitness': 0.04951290138262615, 'generation': 414}","{'id': 30136, 'rank': 30, 'fitness': 0.01798620996209155, 'generation': 414}"
"{'id': 28506, 'rank': 1, 'fitness': 0.9820137900379085, 'generation': 415}","{'id': 28506, 'rank': 2, 'fitness': 0.9820137900379085, 'generation': 415}","{'id': 28506, 'rank': 3, 'fitness': 0.9820137900379085, 'generation': 415}","{'id': 28506, 'rank': 4, 'fitness': 0.9820137900379085, 'generation': 415}","{'id': 28506, 'rank': 5, 'fitness': 0.9820137900379085, 'generation': 415}","{'id': 28506, 'rank': 6, 'fitness': 0.9820137900379085, 'generation': 415}","{'id': 28506, 'rank': 7, 'fitness': 0.9820137900379085, 'generation': 415}","{'id': 28506, 'rank': 8, 'fitness': 0.9820137900379085, 'generation': 415}","{'id': 28506, 'rank': 9, 'fitness': 0.9820137900379085, 'generation': 415}","{'id': 28506, 'rank': 10, 'fitness': 0.9820137900379085, 'generation': 415}","{'id': 28506, 'rank': 11, 'fitness': 0.9820137900379085, 'generation': 415}","{'id': 28506, 'rank': 12, 'fitness': 0.9820137900379085, 'generation': 415}","{'id': 28506, 'rank': 13, 'fitness': 0.9820137900379085, 'generation': 415}","{'id': 28506, 'rank': 14, 'fitness': 0.9820137900379085, 'generation': 415}","{'id': 28506, 'rank': 15, 'fitness': 0.9820137900379085, 'generation': 415}","{'id': 28506, 'rank': 16, 'fitness': 0.9820137900379085, 'generation': 415}","{'id': 28506, 'rank': 17, 'fitness': 0.9820137900379085, 'generation': 415}","{'id': 28506, 'rank': 18, 'fitness': 0.9820137900379085, 'generation': 415}","{'id': 28506, 'rank': 19, 'fitness': 0.9820137900379085, 'generation': 415}","{'id': 28506, 'rank': 20, 'fitness': 0.9820137900379085, 'generation': 415}","{'id': 28506, 'rank': 21, 'fitness': 0.9820137900379085, 'generation': 415}","{'id': 30251, 'rank': 22, 'fitness': 0.6315832090399989, 'generation': 415}","{'id': 30267, 'rank': 23, 'fitness': 0.4526199740761708, 'generation': 415}","{'id': 30165, 'rank': 24, 'fitness': 0.43941134678784893, 'generation': 415}","{'id': 30247, 'rank': 25, 'fitness': 0.3977516444261141, 'generation': 415}","{'id': 30137, 'rank': 26, 'fitness': 0.385005932886138, 'generation': 415}","{'id': 30201, 'rank': 27, 'fitness': 0.13044395295700922, 'generation': 415}","{'id': 30148, 'rank': 28, 'fitness': 0.10096407952247322, 'generation': 415}","{'id': 30266, 'rank': 29, 'fitness': 0.05568280035563056, 'generation': 415}","{'id': 30213, 'rank': 30, 'fitness': 0.01798620996209155, 'generation': 415}"
"{'id': 28506, 'rank': 1, 'fitness': 0.9820137900379085, 'generation': 416}","{'id': 28506, 'rank': 2, 'fitness': 0.9820137900379085, 'generation': 416}","{'id': 28506, 'rank': 3, 'fitness': 0.9820137900379085, 'generation': 416}","{'id': 28506, 'rank': 4, 'fitness': 0.9820137900379085, 'generation': 416}","{'id': 28506, 'rank': 5, 'fitness': 0.9820137900379085, 'generation': 416}","{'id': 28506, 'rank': 6, 'fitness': 0.9820137900379085, 'generation': 416}","{'id': 28506, 'rank': 7, 'fitness': 0.9820137900379085, 'generation': 416}","{'id': 28506, 'rank': 8, 'fitness': 0.9820137900379085, 'generation': 416}","{'id': 28506, 'rank': 9, 'fitness': 0.9820137900379085, 'generation': 416}","{'id': 28506, 'rank': 10, 'fitness': 0.9820137900379085, 'generation': 416}","{'id': 28506, 'rank': 11, 'fitness': 0.9820137900379085, 'generation': 416}","{'id': 28506, 'rank': 12, 'fitness': 0.9820137900379085, 'generation': 416}","{'id': 28506, 'rank': 13, 'fitness': 0.9820137900379085, 'generation': 416}","{'id': 28506, 'rank': 14, 'fitness': 0.9820137900379085, 'generation': 416}","{'id': 28506, 'rank': 15, 'fitness': 0.9820137900379085, 'generation': 416}","{'id': 28506, 'rank': 16, 'fitness': 0.9820137900379085, 'generation': 416}","{'id': 28506, 'rank': 17, 'fitness': 0.9820137900379085, 'generation': 416}","{'id': 28506, 'rank': 18, 'fitness': 0.9820137900379085, 'generation': 416}","{'id': 28506, 'rank': 19, 'fitness': 0.9820137900379085, 'generation': 416}","{'id': 28506, 'rank': 20, 'fitness': 0.9820137900379085, 'generation': 416}","{'id': 28506, 'rank': 21, 'fitness': 0.9820137900379085, 'generation': 416}","{'id': 28506, 'rank': 22, 'fitness': 0.9820137900379085, 'generation': 416}","{'id': 28506, 'rank': 23, 'fitness': 0.9820137900379085, 'generation': 416}","{'id': 30251, 'rank': 24, 'fitness': 0.6128652495998832, 'generation': 416}","{'id': 30247, 'rank': 25, 'fitness': 0.3736863762319661, 'generation': 416}","{'id': 30331, 'rank': 26, 'fitness': 0.046772776296830465, 'generation': 416}","{'id': 30309, 'rank': 27, 'fitness': 0.03260237860320564, 'generation': 416}","{'id': 30348, 'rank': 28, 'fitness': 0.02613323575156623, 'generation': 416}","{'id': 30348, 'rank': 29, 'fitness': 0.02613323575156623, 'generation': 416}","{'id': 30294, 'rank': 30, 'fitness': 0.01798620996209155, 'generation': 416}"
"{'id': 28506, 'rank': 1, 'fitness': 0.9820137900379085, 'generation': 417}","{'id': 28506, 'rank': 2, 'fitness': 0.9820137900379085, 'generation': 417}","{'id': 28506, 'rank': 3, 'fitness': 0.9820137900379085, 'generation': 417}","{'id': 28506, 'rank': 4, 'fitness': 0.9820137900379085, 'generation': 417}","{'id': 28506, 'rank': 5, 'fitness': 0.9820137900379085, 'generation': 417}","{'id': 28506, 'rank': 6, 'fitness': 0.9820137900379085, 'generation': 417}","{'id': 28506, 'rank': 7, 'fitness': 0.9820137900379085, 'generation': 417}","{'id': 28506, 'rank': 8, 'fitness': 0.9820137900379085, 'generation': 417}","{'id': 28506, 'rank': 9, 'fitness': 0.9820137900379085, 'generation': 417}","{'id': 28506, 'rank': 10, 'fitness': 0.9820137900379085, 'generation': 417}","{'id': 28506, 'rank': 11, 'fitness': 0.9820137900379085, 'generation': 417}","{'id': 28506, 'rank': 12, 'fitness': 0.9820137900379085, 'generation': 417}","{'id': 28506, 'rank': 13, 'fitness': 0.9820137900379085, 'generation': 417}","{'id': 28506, 'rank': 14, 'fitness': 0.9820137900379085, 'generation': 417}","{'id': 28506, 'rank': 15, 'fitness': 0.9820137900379085, 'generation': 417}","{'id': 28506, 'rank': 16, 'fitness': 0.9820137900379085, 'generation': 417}","{'id': 28506, 'rank': 17, 'fitness': 0.9820137900379085, 'generation': 417}","{'id': 28506, 'rank': 18, 'fitness': 0.9820137900379085, 'generation': 417}","{'id': 28506, 'rank': 19, 'fitness': 0.9820137900379085, 'generation': 417}","{'id': 28506, 'rank': 20, 'fitness': 0.9820137900379085, 'generation': 417}","{'id': 28506, 'rank': 21, 'fitness': 0.9820137900379085, 'generation': 417}","{'id': 28506, 'rank': 22, 'fitness': 0.9820137900379085, 'generation': 417}","{'id': 28506, 'rank': 23, 'fitness': 0.9820137900379085, 'generation': 417}","{'id': 28506, 'rank': 24, 'fitness': 0.9820137900379085, 'generation': 417}","{'id': 30364, 'rank': 25, 'fitness': 0.6911213802843533, 'generation': 417}","{'id': 30364, 'rank': 26, 'fitness': 0.6911213802843533, 'generation': 417}","{'id': 30391, 'rank': 27, 'fitness': 0.25857827360677416, 'generation': 417}","{'id': 30420, 'rank': 28, 'fitness': 0.057951500488985064, 'generation': 417}","{'id': 30348, 'rank': 29, 'fitness': 0.02613323575156623, 'generation': 417}","{'id': 30294, 'rank': 30, 'fitness': 0.01798620996209155, 'generation': 417}"
"{'id': 28506, 'rank': 1, 'fitness': 0.9820137900379085, 'generation': 418}","{'id': 28506, 'rank': 2, 'fitness': 0.9820137900379085, 'generation': 418}","{'id': 28506, 'rank': 3, 'fitness': 0.9820137900379085, 'generation': 418}","{'id': 28506, 'rank': 4, 'fitness': 0.9820137900379085, 'generation': 418}","{'id': 28506, 'rank': 5, 'fitness': 0.9820137900379085, 'generation': 418}","{'id': 28506, 'rank': 6, 'fitness': 0.9820137900379085, 'generation': 418}","{'id': 28506, 'rank': 7, 'fitness': 0.9820137900379085, 'generation': 418}","{'id': 28506, 'rank': 8, 'fitness': 0.9820137900379085, 'generation': 418}","{'id': 28506, 'rank': 9, 'fitness': 0.9820137900379085, 'generation': 418}","{'id': 28506, 'rank': 10, 'fitness': 0.9820137900379085, 'generation': 418}","{'id': 28506, 'rank': 11, 'fitness': 0.9820137900379085, 'generation': 418}","{'id': 28506, 'rank': 12, 'fitness': 0.9820137900379085, 'generation': 418}","{'id': 28506, 'rank': 13, 'fitness': 0.9820137900379085, 'generation': 418}","{'id': 28506, 'rank': 14, 'fitness': 0.9820137900379085, 'generation': 418}","{'id': 28506, 'rank': 15, 'fitness': 0.9820137900379085, 'generation': 418}","{'id': 28506, 'rank': 16, 'fitness': 0.9820137900379085, 'generation': 418}","{'id': 28506, 'rank': 17, 'fitness': 0.9820137900379085, 'generation': 418}","{'id': 28506, 'rank': 18, 'fitness': 0.9820137900379085, 'generation': 418}","{'id': 28506, 'rank': 19, 'fitness': 0.9820137900379085, 'generation': 418}","{'id': 28506, 'rank': 20, 'fitness': 0.9820137900379085, 'generation': 418}","{'id': 28506, 'rank': 21, 'fitness': 0.9820137900379085, 'generation': 418}","{'id': 28506, 'rank': 22, 'fitness': 0.9820137900379085, 'generation': 418}","{'id': 28506, 'rank': 23, 'fitness': 0.9820137900379085, 'generation': 418}","{'id': 28506, 'rank': 24, 'fitness': 0.9820137900379085, 'generation': 418}","{'id': 30364, 'rank': 25, 'fitness': 0.6279840593228788, 'generation': 418}","{'id': 30364, 'rank': 26, 'fitness': 0.6279840593228788, 'generation': 418}","{'id': 30364, 'rank': 27, 'fitness': 0.6279840593228788, 'generation': 418}","{'id': 30509, 'rank': 28, 'fitness': 0.4982551972732873, 'generation': 418}","{'id': 30504, 'rank': 29, 'fitness': 0.3766861462275073, 'generation': 418}","{'id': 30485, 'rank': 30, 'fitness': 0.01798620996209155, 'generation': 418}"
"{'id': 28506, 'rank': 1, 'fitness': 0.9820137900379085, 'generation': 419}","{'id': 28506, 'rank': 2, 'fitness': 0.9820137900379085, 'generation': 419}","{'id': 28506, 'rank': 3, 'fitness': 0.9820137900379085, 'generation': 419}","{'id': 28506, 'rank': 4, 'fitness': 0.9820137900379085, 'generation': 419}","{'id': 28506, 'rank': 5, 'fitness': 0.9820137900379085, 'generation': 419}","{'id': 28506, 'rank': 6, 'fitness': 0.9820137900379085, 'generation': 419}","{'id': 28506, 'rank': 7, 'fitness': 0.9820137900379085, 'generation': 419}","{'id': 28506, 'rank': 8, 'fitness': 0.9820137900379085, 'generation': 419}","{'id': 28506, 'rank': 9, 'fitness': 0.9820137900379085, 'generation': 419}","{'id': 28506, 'rank': 10, 'fitness': 0.9820137900379085, 'generation': 419}","{'id': 28506, 'rank': 11, 'fitness': 0.9820137900379085, 'generation': 419}","{'id': 28506, 'rank': 12, 'fitness': 0.9820137900379085, 'generation': 419}","{'id': 28506, 'rank': 13, 'fitness': 0.9820137900379085, 'generation': 419}","{'id': 28506, 'rank': 14, 'fitness': 0.9820137900379085, 'generation': 419}","{'id': 28506, 'rank': 15, 'fitness': 0.9820137900379085, 'generation': 419}","{'id': 28506, 'rank': 16, 'fitness': 0.9820137900379085, 'generation': 419}","{'id': 28506, 'rank': 17, 'fitness': 0.9820137900379085, 'generation': 419}","{'id': 28506, 'rank': 18, 'fitness': 0.9820137900379085, 'generation': 419}","{'id': 28506, 'rank': 19, 'fitness': 0.9820137900379085, 'generation': 419}","{'id': 28506, 'rank': 20, 'fitness': 0.9820137900379085, 'generation': 419}","{'id': 28506, 'rank': 21, 'fitness': 0.9820137900379085, 'generation': 419}","{'id': 30562, 'rank': 22, 'fitness': 0.9653642299799552, 'generation': 419}","{'id': 30568, 'rank': 23, 'fitness': 0.7222058028909911, 'generation': 419}","{'id': 30364, 'rank': 24, 'fitness': 0.5309308349301525, 'generation': 419}","{'id': 30364, 'rank': 25, 'fitness': 0.5309308349301525, 'generation': 419}","{'id': 30557, 'rank': 26, 'fitness': 0.21374910957013477, 'generation': 419}","{'id': 30588, 'rank': 27, 'fitness': 0.0826481379500551, 'generation': 419}","{'id': 30602, 'rank': 28, 'fitness': 0.03400090518635751, 'generation': 419}","{'id': 30542, 'rank': 29, 'fitness': 0.02384301387991622, 'generation': 419}","{'id': 30516, 'rank': 30, 'fitness': 0.01798620996209155, 'generation': 419}"
"{'id': 28506, 'rank': 1, 'fitness': 0.9820137900379085, 'generation': 420}","{'id': 28506, 'rank': 2, 'fitness': 0.9820137900379085, 'generation': 420}","{'id': 28506, 'rank': 3, 'fitness': 0.9820137900379085, 'generation': 420}","{'id': 28506, 'rank': 4, 'fitness': 0.9820137900379085, 'generation': 420}","{'id': 28506, 'rank': 5, 'fitness': 0.9820137900379085, 'generation': 420}","{'id': 28506, 'rank': 6, 'fitness': 0.9820137900379085, 'generation': 420}","{'id': 28506, 'rank': 7, 'fitness': 0.9820137900379085, 'generation': 420}","{'id': 28506, 'rank': 8, 'fitness': 0.9820137900379085, 'generation': 420}","{'id': 28506, 'rank': 9, 'fitness': 0.9820137900379085, 'generation': 420}","{'id': 28506, 'rank': 10, 'fitness': 0.9820137900379085, 'generation': 420}","{'id': 28506, 'rank': 11, 'fitness': 0.9820137900379085, 'generation': 420}","{'id': 28506, 'rank': 12, 'fitness': 0.9820137900379085, 'generation': 420}","{'id': 28506, 'rank': 13, 'fitness': 0.9820137900379085, 'generation': 420}","{'id': 28506, 'rank': 14, 'fitness': 0.9820137900379085, 'generation': 420}","{'id': 28506, 'rank': 15, 'fitness': 0.9820137900379085, 'generation': 420}","{'id': 28506, 'rank': 16, 'fitness': 0.9820137900379085, 'generation': 420}","{'id': 28506, 'rank': 17, 'fitness': 0.9820137900379085, 'generation': 420}","{'id': 28506, 'rank': 18, 'fitness': 0.9820137900379085, 'generation': 420}","{'id': 28506, 'rank': 19, 'fitness': 0.9820137900379085, 'generation': 420}","{'id': 28506, 'rank': 20, 'fitness': 0.9820137900379085, 'generation': 420}","{'id': 28506, 'rank': 21, 'fitness': 0.9820137900379085, 'generation': 420}","{'id': 28506, 'rank': 22, 'fitness': 0.9820137900379085, 'generation': 420}","{'id': 28506, 'rank': 23, 'fitness': 0.9820137900379085, 'generation': 420}","{'id': 28506, 'rank': 24, 'fitness': 0.9820137900379085, 'generation': 420}","{'id': 28506, 'rank': 25, 'fitness': 0.9820137900379085, 'generation': 420}","{'id': 28506, 'rank': 26, 'fitness': 0.9820137900379085, 'generation': 420}","{'id': 28506, 'rank': 27, 'fitness': 0.9820137900379085, 'generation': 420}","{'id': 30568, 'rank': 28, 'fitness': 0.06483008653965772, 'generation': 420}","{'id': 30631, 'rank': 29, 'fitness': 0.01798620996209155, 'generation': 420}","{'id': 30631, 'rank': 30, 'fitness': 0.01798620996209155, 'generation': 420}"
"{'id': 28506, 'rank': 1, 'fitness': 0.9820137900379085, 'generation': 421}","{'id': 28506, 'rank': 2, 'fitness': 0.9820137900379085, 'generation': 421}","{'id': 28506, 'rank': 3, 'fitness': 0.9820137900379085, 'generation': 421}","{'id': 28506, 'rank': 4, 'fitness': 0.9820137900379085, 'generation': 421}","{'id': 28506, 'rank': 5, 'fitness': 0.9820137900379085, 'generation': 421}","{'id': 28506, 'rank': 6, 'fitness': 0.9820137900379085, 'generation': 421}","{'id': 28506, 'rank': 7, 'fitness': 0.9820137900379085, 'generation': 421}","{'id': 28506, 'rank': 8, 'fitness': 0.9820137900379085, 'generation': 421}","{'id': 28506, 'rank': 9, 'fitness': 0.9820137900379085, 'generation': 421}","{'id': 28506, 'rank': 10, 'fitness': 0.9820137900379085, 'generation': 421}","{'id': 28506, 'rank': 11, 'fitness': 0.9820137900379085, 'generation': 421}","{'id': 28506, 'rank': 12, 'fitness': 0.9820137900379085, 'generation': 421}","{'id': 28506, 'rank': 13, 'fitness': 0.9820137900379085, 'generation': 421}","{'id': 28506, 'rank': 14, 'fitness': 0.9820137900379085, 'generation': 421}","{'id': 28506, 'rank': 15, 'fitness': 0.9820137900379085, 'generation': 421}","{'id': 28506, 'rank': 16, 'fitness': 0.9820137900379085, 'generation': 421}","{'id': 28506, 'rank': 17, 'fitness': 0.9820137900379085, 'generation': 421}","{'id': 28506, 'rank': 18, 'fitness': 0.9820137900379085, 'generation': 421}","{'id': 28506, 'rank': 19, 'fitness': 0.9820137900379085, 'generation': 421}","{'id': 28506, 'rank': 20, 'fitness': 0.9820137900379085, 'generation': 421}","{'id': 28506, 'rank': 21, 'fitness': 0.9820137900379085, 'generation': 421}","{'id': 28506, 'rank': 22, 'fitness': 0.9820137900379085, 'generation': 421}","{'id': 28506, 'rank': 23, 'fitness': 0.9820137900379085, 'generation': 421}","{'id': 28506, 'rank': 24, 'fitness': 0.9820137900379085, 'generation': 421}","{'id': 28506, 'rank': 25, 'fitness': 0.9820137900379085, 'generation': 421}","{'id': 28506, 'rank': 26, 'fitness': 0.9820137900379085, 'generation': 421}","{'id': 28506, 'rank': 27, 'fitness': 0.9820137900379085, 'generation': 421}","{'id': 30568, 'rank': 28, 'fitness': 0.6046143343240589, 'generation': 421}","{'id': 30749, 'rank': 29, 'fitness': 0.27283436251891546, 'generation': 421}","{'id': 30728, 'rank': 30, 'fitness': 0.01798620996209155, 'generation': 421}"
"{'id': 28506, 'rank': 1, 'fitness': 0.9820137900379085, 'generation': 422}","{'id': 28506, 'rank': 2, 'fitness': 0.9820137900379085, 'generation': 422}","{'id': 28506, 'rank': 3, 'fitness': 0.9820137900379085, 'generation': 422}","{'id': 28506, 'rank': 4, 'fitness': 0.9820137900379085, 'generation': 422}","{'id': 28506, 'rank': 5, 'fitness': 0.9820137900379085, 'generation': 422}","{'id': 28506, 'rank': 6, 'fitness': 0.9820137900379085, 'generation': 422}","{'id': 28506, 'rank': 7, 'fitness': 0.9820137900379085, 'generation': 422}","{'id': 28506, 'rank': 8, 'fitness': 0.9820137900379085, 'generation': 422}","{'id': 28506, 'rank': 9, 'fitness': 0.9820137900379085, 'generation': 422}","{'id': 28506, 'rank': 10, 'fitness': 0.9820137900379085, 'generation': 422}","{'id': 28506, 'rank': 11, 'fitness': 0.9820137900379085, 'generation': 422}","{'id': 28506, 'rank': 12, 'fitness': 0.9820137900379085, 'generation': 422}","{'id': 28506, 'rank': 13, 'fitness': 0.9820137900379085, 'generation': 422}","{'id': 28506, 'rank': 14, 'fitness': 0.9820137900379085, 'generation': 422}","{'id': 28506, 'rank': 15, 'fitness': 0.9820137900379085, 'generation': 422}","{'id': 28506, 'rank': 16, 'fitness': 0.9820137900379085, 'generation': 422}","{'id': 28506, 'rank': 17, 'fitness': 0.9820137900379085, 'generation': 422}","{'id': 28506, 'rank': 18, 'fitness': 0.9820137900379085, 'generation': 422}","{'id': 28506, 'rank': 19, 'fitness': 0.9820137900379085, 'generation': 422}","{'id': 28506, 'rank': 20, 'fitness': 0.9820137900379085, 'generation': 422}","{'id': 28506, 'rank': 21, 'fitness': 0.9820137900379085, 'generation': 422}","{'id': 28506, 'rank': 22, 'fitness': 0.9820137900379085, 'generation': 422}","{'id': 28506, 'rank': 23, 'fitness': 0.9820137900379085, 'generation': 422}","{'id': 28506, 'rank': 24, 'fitness': 0.9820137900379085, 'generation': 422}","{'id': 28506, 'rank': 25, 'fitness': 0.9820137900379085, 'generation': 422}","{'id': 30793, 'rank': 26, 'fitness': 0.5035626534012063, 'generation': 422}","{'id': 30799, 'rank': 27, 'fitness': 0.46144988967512907, 'generation': 422}","{'id': 30778, 'rank': 28, 'fitness': 0.03592075084983931, 'generation': 422}","{'id': 30728, 'rank': 29, 'fitness': 0.03493745941300419, 'generation': 422}","{'id': 30777, 'rank': 30, 'fitness': 0.01798620996209155, 'generation': 422}"
"{'id': 28506, 'rank': 1, 'fitness': 0.9820137900379085, 'generation': 423}","{'id': 28506, 'rank': 2, 'fitness': 0.9820137900379085, 'generation': 423}","{'id': 28506, 'rank': 3, 'fitness': 0.9820137900379085, 'generation': 423}","{'id': 28506, 'rank': 4, 'fitness': 0.9820137900379085, 'generation': 423}","{'id': 28506, 'rank': 5, 'fitness': 0.9820137900379085, 'generation': 423}","{'id': 28506, 'rank': 6, 'fitness': 0.9820137900379085, 'generation': 423}","{'id': 28506, 'rank': 7, 'fitness': 0.9820137900379085, 'generation': 423}","{'id': 28506, 'rank': 8, 'fitness': 0.9820137900379085, 'generation': 423}","{'id': 28506, 'rank': 9, 'fitness': 0.9820137900379085, 'generation': 423}","{'id': 28506, 'rank': 10, 'fitness': 0.9820137900379085, 'generation': 423}","{'id': 28506, 'rank': 11, 'fitness': 0.9820137900379085, 'generation': 423}","{'id': 28506, 'rank': 12, 'fitness': 0.9820137900379085, 'generation': 423}","{'id': 28506, 'rank': 13, 'fitness': 0.9820137900379085, 'generation': 423}","{'id': 28506, 'rank': 14, 'fitness': 0.9820137900379085, 'generation': 423}","{'id': 28506, 'rank': 15, 'fitness': 0.9820137900379085, 'generation': 423}","{'id': 28506, 'rank': 16, 'fitness': 0.9820137900379085, 'generation': 423}","{'id': 28506, 'rank': 17, 'fitness': 0.9820137900379085, 'generation': 423}","{'id': 28506, 'rank': 18, 'fitness': 0.9820137900379085, 'generation': 423}","{'id': 28506, 'rank': 19, 'fitness': 0.9820137900379085, 'generation': 423}","{'id': 28506, 'rank': 20, 'fitness': 0.9820137900379085, 'generation': 423}","{'id': 28506, 'rank': 21, 'fitness': 0.9820137900379085, 'generation': 423}","{'id': 28506, 'rank': 22, 'fitness': 0.9820137900379085, 'generation': 423}","{'id': 28506, 'rank': 23, 'fitness': 0.9820137900379085, 'generation': 423}","{'id': 28506, 'rank': 24, 'fitness': 0.9820137900379085, 'generation': 423}","{'id': 28506, 'rank': 25, 'fitness': 0.9820137900379085, 'generation': 423}","{'id': 30913, 'rank': 26, 'fitness': 0.9681370682972379, 'generation': 423}","{'id': 30913, 'rank': 27, 'fitness': 0.9681370682972379, 'generation': 423}","{'id': 30946, 'rank': 28, 'fitness': 0.5081174468507014, 'generation': 423}","{'id': 30867, 'rank': 29, 'fitness': 0.24575404680717877, 'generation': 423}","{'id': 30891, 'rank': 30, 'fitness': 0.01798620996209155, 'generation': 423}"
"{'id': 28506, 'rank': 1, 'fitness': 0.9820137900379085, 'generation': 424}","{'id': 28506, 'rank': 2, 'fitness': 0.9820137900379085, 'generation': 424}","{'id': 28506, 'rank': 3, 'fitness': 0.9820137900379085, 'generation': 424}","{'id': 28506, 'rank': 4, 'fitness': 0.9820137900379085, 'generation': 424}","{'id': 28506, 'rank': 5, 'fitness': 0.9820137900379085, 'generation': 424}","{'id': 28506, 'rank': 6, 'fitness': 0.9820137900379085, 'generation': 424}","{'id': 28506, 'rank': 7, 'fitness': 0.9820137900379085, 'generation': 424}","{'id': 28506, 'rank': 8, 'fitness': 0.9820137900379085, 'generation': 424}","{'id': 28506, 'rank': 9, 'fitness': 0.9820137900379085, 'generation': 424}","{'id': 28506, 'rank': 10, 'fitness': 0.9820137900379085, 'generation': 424}","{'id': 28506, 'rank': 11, 'fitness': 0.9820137900379085, 'generation': 424}","{'id': 28506, 'rank': 12, 'fitness': 0.9820137900379085, 'generation': 424}","{'id': 28506, 'rank': 13, 'fitness': 0.9820137900379085, 'generation': 424}","{'id': 28506, 'rank': 14, 'fitness': 0.9820137900379085, 'generation': 424}","{'id': 28506, 'rank': 15, 'fitness': 0.9820137900379085, 'generation': 424}","{'id': 28506, 'rank': 16, 'fitness': 0.9820137900379085, 'generation': 424}","{'id': 28506, 'rank': 17, 'fitness': 0.9820137900379085, 'generation': 424}","{'id': 28506, 'rank': 18, 'fitness': 0.9820137900379085, 'generation': 424}","{'id': 30913, 'rank': 19, 'fitness': 0.967819930606256, 'generation': 424}","{'id': 30913, 'rank': 20, 'fitness': 0.967819930606256, 'generation': 424}","{'id': 30913, 'rank': 21, 'fitness': 0.967819930606256, 'generation': 424}","{'id': 30913, 'rank': 22, 'fitness': 0.967819930606256, 'generation': 424}","{'id': 31017, 'rank': 23, 'fitness': 0.6661807266930201, 'generation': 424}","{'id': 31017, 'rank': 24, 'fitness': 0.6661807266930201, 'generation': 424}","{'id': 30972, 'rank': 25, 'fitness': 0.36131700657347876, 'generation': 424}","{'id': 30867, 'rank': 26, 'fitness': 0.22956014887649695, 'generation': 424}","{'id': 31015, 'rank': 27, 'fitness': 0.05412410494593578, 'generation': 424}","{'id': 31027, 'rank': 28, 'fitness': 0.03831049603935083, 'generation': 424}","{'id': 30983, 'rank': 29, 'fitness': 0.027058704506607356, 'generation': 424}","{'id': 31003, 'rank': 30, 'fitness': 0.01798620996209155, 'generation': 424}"
"{'id': 28506, 'rank': 1, 'fitness': 0.9820137900379085, 'generation': 425}","{'id': 28506, 'rank': 2, 'fitness': 0.9820137900379085, 'generation': 425}","{'id': 28506, 'rank': 3, 'fitness': 0.9820137900379085, 'generation': 425}","{'id': 28506, 'rank': 4, 'fitness': 0.9820137900379085, 'generation': 425}","{'id': 28506, 'rank': 5, 'fitness': 0.9820137900379085, 'generation': 425}","{'id': 28506, 'rank': 6, 'fitness': 0.9820137900379085, 'generation': 425}","{'id': 28506, 'rank': 7, 'fitness': 0.9820137900379085, 'generation': 425}","{'id': 28506, 'rank': 8, 'fitness': 0.9820137900379085, 'generation': 425}","{'id': 28506, 'rank': 9, 'fitness': 0.9820137900379085, 'generation': 425}","{'id': 28506, 'rank': 10, 'fitness': 0.9820137900379085, 'generation': 425}","{'id': 28506, 'rank': 11, 'fitness': 0.9820137900379085, 'generation': 425}","{'id': 28506, 'rank': 12, 'fitness': 0.9820137900379085, 'generation': 425}","{'id': 28506, 'rank': 13, 'fitness': 0.9820137900379085, 'generation': 425}","{'id': 28506, 'rank': 14, 'fitness': 0.9820137900379085, 'generation': 425}","{'id': 28506, 'rank': 15, 'fitness': 0.9820137900379085, 'generation': 425}","{'id': 28506, 'rank': 16, 'fitness': 0.9820137900379085, 'generation': 425}","{'id': 28506, 'rank': 17, 'fitness': 0.9820137900379085, 'generation': 425}","{'id': 28506, 'rank': 18, 'fitness': 0.9820137900379085, 'generation': 425}","{'id': 28506, 'rank': 19, 'fitness': 0.9820137900379085, 'generation': 425}","{'id': 28506, 'rank': 20, 'fitness': 0.9820137900379085, 'generation': 425}","{'id': 28506, 'rank': 21, 'fitness': 0.9820137900379085, 'generation': 425}","{'id': 28506, 'rank': 22, 'fitness': 0.9820137900379085, 'generation': 425}","{'id': 28506, 'rank': 23, 'fitness': 0.9820137900379085, 'generation': 425}","{'id': 28506, 'rank': 24, 'fitness': 0.9820137900379085, 'generation': 425}","{'id': 28506, 'rank': 25, 'fitness': 0.9820137900379085, 'generation': 425}","{'id': 28506, 'rank': 26, 'fitness': 0.9820137900379085, 'generation': 425}","{'id': 28506, 'rank': 27, 'fitness': 0.9820137900379085, 'generation': 425}","{'id': 28506, 'rank': 28, 'fitness': 0.9820137900379085, 'generation': 425}","{'id': 30913, 'rank': 29, 'fitness': 0.9608050119535285, 'generation': 425}","{'id': 31105, 'rank': 30, 'fitness': 0.01798620996209155, 'generation': 425}"
"{'id': 31169, 'rank': 1, 'fitness': 0.9820137900379085, 'generation': 426}","{'id': 31169, 'rank': 2, 'fitness': 0.9820137900379085, 'generation': 426}","{'id': 28506, 'rank': 3, 'fitness': 0.9586727038221832, 'generation': 426}","{'id': 28506, 'rank': 4, 'fitness': 0.9586727038221832, 'generation': 426}","{'id': 28506, 'rank': 5, 'fitness': 0.9586727038221832, 'generation': 426}","{'id': 28506, 'rank': 6, 'fitness': 0.9586727038221832, 'generation': 426}","{'id': 28506, 'rank': 7, 'fitness': 0.9586727038221832, 'generation': 426}","{'id': 28506, 'rank': 8, 'fitness': 0.9586727038221832, 'generation': 426}","{'id': 28506, 'rank': 9, 'fitness': 0.9586727038221832, 'generation': 426}","{'id': 28506, 'rank': 10, 'fitness': 0.9586727038221832, 'generation': 426}","{'id': 28506, 'rank': 11, 'fitness': 0.9586727038221832, 'generation': 426}","{'id': 28506, 'rank': 12, 'fitness': 0.9586727038221832, 'generation': 426}","{'id': 28506, 'rank': 13, 'fitness': 0.9586727038221832, 'generation': 426}","{'id': 28506, 'rank': 14, 'fitness': 0.9586727038221832, 'generation': 426}","{'id': 28506, 'rank': 15, 'fitness': 0.9586727038221832, 'generation': 426}","{'id': 28506, 'rank': 16, 'fitness': 0.9586727038221832, 'generation': 426}","{'id': 28506, 'rank': 17, 'fitness': 0.9586727038221832, 'generation': 426}","{'id': 28506, 'rank': 18, 'fitness': 0.9586727038221832, 'generation': 426}","{'id': 28506, 'rank': 19, 'fitness': 0.9586727038221832, 'generation': 426}","{'id': 28506, 'rank': 20, 'fitness': 0.9586727038221832, 'generation': 426}","{'id': 28506, 'rank': 21, 'fitness': 0.9586727038221832, 'generation': 426}","{'id': 28506, 'rank': 22, 'fitness': 0.9586727038221832, 'generation': 426}","{'id': 28506, 'rank': 23, 'fitness': 0.9586727038221832, 'generation': 426}","{'id': 28506, 'rank': 24, 'fitness': 0.9586727038221832, 'generation': 426}","{'id': 28506, 'rank': 25, 'fitness': 0.9586727038221832, 'generation': 426}","{'id': 31179, 'rank': 26, 'fitness': 0.8571560385795295, 'generation': 426}","{'id': 31192, 'rank': 27, 'fitness': 0.7141526678122972, 'generation': 426}","{'id': 31114, 'rank': 28, 'fitness': 0.14308209014619788, 'generation': 426}","{'id': 31139, 'rank': 29, 'fitness': 0.05018032714054321, 'generation': 426}","{'id': 31130, 'rank': 30, 'fitness': 0.01798620996209155, 'generation': 426}"
"{'id': 31169, 'rank': 1, 'fitness': 0.9820137900379085, 'generation': 427}","{'id': 31169, 'rank': 2, 'fitness': 0.9820137900379085, 'generation': 427}","{'id': 28506, 'rank': 3, 'fitness': 0.9780706602457382, 'generation': 427}","{'id': 28506, 'rank': 4, 'fitness': 0.9780706602457382, 'generation': 427}","{'id': 28506, 'rank': 5, 'fitness': 0.9780706602457382, 'generation': 427}","{'id': 28506, 'rank': 6, 'fitness': 0.9780706602457382, 'generation': 427}","{'id': 28506, 'rank': 7, 'fitness': 0.9780706602457382, 'generation': 427}","{'id': 28506, 'rank': 8, 'fitness': 0.9780706602457382, 'generation': 427}","{'id': 28506, 'rank': 9, 'fitness': 0.9780706602457382, 'generation': 427}","{'id': 28506, 'rank': 10, 'fitness': 0.9780706602457382, 'generation': 427}","{'id': 28506, 'rank': 11, 'fitness': 0.9780706602457382, 'generation': 427}","{'id': 28506, 'rank': 12, 'fitness': 0.9780706602457382, 'generation': 427}","{'id': 28506, 'rank': 13, 'fitness': 0.9780706602457382, 'generation': 427}","{'id': 28506, 'rank': 14, 'fitness': 0.9780706602457382, 'generation': 427}","{'id': 28506, 'rank': 15, 'fitness': 0.9780706602457382, 'generation': 427}","{'id': 28506, 'rank': 16, 'fitness': 0.9780706602457382, 'generation': 427}","{'id': 28506, 'rank': 17, 'fitness': 0.9780706602457382, 'generation': 427}","{'id': 28506, 'rank': 18, 'fitness': 0.9780706602457382, 'generation': 427}","{'id': 28506, 'rank': 19, 'fitness': 0.9780706602457382, 'generation': 427}","{'id': 28506, 'rank': 20, 'fitness': 0.9780706602457382, 'generation': 427}","{'id': 28506, 'rank': 21, 'fitness': 0.9780706602457382, 'generation': 427}","{'id': 28506, 'rank': 22, 'fitness': 0.9780706602457382, 'generation': 427}","{'id': 28506, 'rank': 23, 'fitness': 0.9780706602457382, 'generation': 427}","{'id': 28506, 'rank': 24, 'fitness': 0.9780706602457382, 'generation': 427}","{'id': 28506, 'rank': 25, 'fitness': 0.9780706602457382, 'generation': 427}","{'id': 28506, 'rank': 26, 'fitness': 0.9780706602457382, 'generation': 427}","{'id': 28506, 'rank': 27, 'fitness': 0.9780706602457382, 'generation': 427}","{'id': 31114, 'rank': 28, 'fitness': 0.9328926522087932, 'generation': 427}","{'id': 31206, 'rank': 29, 'fitness': 0.23379478832264222, 'generation': 427}","{'id': 31232, 'rank': 30, 'fitness': 0.01798620996209155, 'generation': 427}"
"{'id': 31169, 'rank': 1, 'fitness': 0.9820137900379085, 'generation': 428}","{'id': 31169, 'rank': 2, 'fitness': 0.9820137900379085, 'generation': 428}","{'id': 31169, 'rank': 3, 'fitness': 0.9820137900379085, 'generation': 428}","{'id': 28506, 'rank': 4, 'fitness': 0.9638021910010729, 'generation': 428}","{'id': 28506, 'rank': 5, 'fitness': 0.9638021910010729, 'generation': 428}","{'id': 28506, 'rank': 6, 'fitness': 0.9638021910010729, 'generation': 428}","{'id': 28506, 'rank': 7, 'fitness': 0.9638021910010729, 'generation': 428}","{'id': 28506, 'rank': 8, 'fitness': 0.9638021910010729, 'generation': 428}","{'id': 28506, 'rank': 9, 'fitness': 0.9638021910010729, 'generation': 428}","{'id': 28506, 'rank': 10, 'fitness': 0.9638021910010729, 'generation': 428}","{'id': 28506, 'rank': 11, 'fitness': 0.9638021910010729, 'generation': 428}","{'id': 28506, 'rank': 12, 'fitness': 0.9638021910010729, 'generation': 428}","{'id': 28506, 'rank': 13, 'fitness': 0.9638021910010729, 'generation': 428}","{'id': 28506, 'rank': 14, 'fitness': 0.9638021910010729, 'generation': 428}","{'id': 28506, 'rank': 15, 'fitness': 0.9638021910010729, 'generation': 428}","{'id': 28506, 'rank': 16, 'fitness': 0.9638021910010729, 'generation': 428}","{'id': 28506, 'rank': 17, 'fitness': 0.9638021910010729, 'generation': 428}","{'id': 28506, 'rank': 18, 'fitness': 0.9638021910010729, 'generation': 428}","{'id': 28506, 'rank': 19, 'fitness': 0.9638021910010729, 'generation': 428}","{'id': 28506, 'rank': 20, 'fitness': 0.9638021910010729, 'generation': 428}","{'id': 28506, 'rank': 21, 'fitness': 0.9638021910010729, 'generation': 428}","{'id': 28506, 'rank': 22, 'fitness': 0.9638021910010729, 'generation': 428}","{'id': 28506, 'rank': 23, 'fitness': 0.9638021910010729, 'generation': 428}","{'id': 28506, 'rank': 24, 'fitness': 0.9638021910010729, 'generation': 428}","{'id': 28506, 'rank': 25, 'fitness': 0.9638021910010729, 'generation': 428}","{'id': 28506, 'rank': 26, 'fitness': 0.9638021910010729, 'generation': 428}","{'id': 28506, 'rank': 27, 'fitness': 0.9638021910010729, 'generation': 428}","{'id': 28506, 'rank': 28, 'fitness': 0.9638021910010729, 'generation': 428}","{'id': 28506, 'rank': 29, 'fitness': 0.9638021910010729, 'generation': 428}","{'id': 31348, 'rank': 30, 'fitness': 0.01798620996209155, 'generation': 428}"
"{'id': 31169, 'rank': 1, 'fitness': 0.9820137900379085, 'generation': 429}","{'id': 31169, 'rank': 2, 'fitness': 0.9820137900379085, 'generation': 429}","{'id': 31169, 'rank': 3, 'fitness': 0.9820137900379085, 'generation': 429}","{'id': 28506, 'rank': 4, 'fitness': 0.971944106582025, 'generation': 429}","{'id': 28506, 'rank': 5, 'fitness': 0.971944106582025, 'generation': 429}","{'id': 28506, 'rank': 6, 'fitness': 0.971944106582025, 'generation': 429}","{'id': 28506, 'rank': 7, 'fitness': 0.971944106582025, 'generation': 429}","{'id': 28506, 'rank': 8, 'fitness': 0.971944106582025, 'generation': 429}","{'id': 28506, 'rank': 9, 'fitness': 0.971944106582025, 'generation': 429}","{'id': 28506, 'rank': 10, 'fitness': 0.971944106582025, 'generation': 429}","{'id': 28506, 'rank': 11, 'fitness': 0.971944106582025, 'generation': 429}","{'id': 28506, 'rank': 12, 'fitness': 0.971944106582025, 'generation': 429}","{'id': 28506, 'rank': 13, 'fitness': 0.971944106582025, 'generation': 429}","{'id': 28506, 'rank': 14, 'fitness': 0.971944106582025, 'generation': 429}","{'id': 28506, 'rank': 15, 'fitness': 0.971944106582025, 'generation': 429}","{'id': 28506, 'rank': 16, 'fitness': 0.971944106582025, 'generation': 429}","{'id': 28506, 'rank': 17, 'fitness': 0.971944106582025, 'generation': 429}","{'id': 28506, 'rank': 18, 'fitness': 0.971944106582025, 'generation': 429}","{'id': 28506, 'rank': 19, 'fitness': 0.971944106582025, 'generation': 429}","{'id': 28506, 'rank': 20, 'fitness': 0.971944106582025, 'generation': 429}","{'id': 28506, 'rank': 21, 'fitness': 0.971944106582025, 'generation': 429}","{'id': 28506, 'rank': 22, 'fitness': 0.971944106582025, 'generation': 429}","{'id': 28506, 'rank': 23, 'fitness': 0.971944106582025, 'generation': 429}","{'id': 28506, 'rank': 24, 'fitness': 0.971944106582025, 'generation': 429}","{'id': 28506, 'rank': 25, 'fitness': 0.971944106582025, 'generation': 429}","{'id': 28506, 'rank': 26, 'fitness': 0.971944106582025, 'generation': 429}","{'id': 28506, 'rank': 27, 'fitness': 0.971944106582025, 'generation': 429}","{'id': 31431, 'rank': 28, 'fitness': 0.9205782407621794, 'generation': 429}","{'id': 31434, 'rank': 29, 'fitness': 0.8122817124805619, 'generation': 429}","{'id': 31453, 'rank': 30, 'fitness': 0.01798620996209155, 'generation': 429}"
"{'id': 31169, 'rank': 1, 'fitness': 0.9820137900379085, 'generation': 430}","{'id': 31169, 'rank': 2, 'fitness': 0.9820137900379085, 'generation': 430}","{'id': 31169, 'rank': 3, 'fitness': 0.9820137900379085, 'generation': 430}","{'id': 31169, 'rank': 4, 'fitness': 0.9820137900379085, 'generation': 430}","{'id': 31169, 'rank': 5, 'fitness': 0.9820137900379085, 'generation': 430}","{'id': 31169, 'rank': 6, 'fitness': 0.9820137900379085, 'generation': 430}","{'id': 31169, 'rank': 7, 'fitness': 0.9820137900379085, 'generation': 430}","{'id': 31169, 'rank': 8, 'fitness': 0.9820137900379085, 'generation': 430}","{'id': 28506, 'rank': 9, 'fitness': 0.9718446136327327, 'generation': 430}","{'id': 28506, 'rank': 10, 'fitness': 0.9718446136327327, 'generation': 430}","{'id': 28506, 'rank': 11, 'fitness': 0.9718446136327327, 'generation': 430}","{'id': 28506, 'rank': 12, 'fitness': 0.9718446136327327, 'generation': 430}","{'id': 28506, 'rank': 13, 'fitness': 0.9718446136327327, 'generation': 430}","{'id': 28506, 'rank': 14, 'fitness': 0.9718446136327327, 'generation': 430}","{'id': 28506, 'rank': 15, 'fitness': 0.9718446136327327, 'generation': 430}","{'id': 28506, 'rank': 16, 'fitness': 0.9718446136327327, 'generation': 430}","{'id': 28506, 'rank': 17, 'fitness': 0.9718446136327327, 'generation': 430}","{'id': 28506, 'rank': 18, 'fitness': 0.9718446136327327, 'generation': 430}","{'id': 28506, 'rank': 19, 'fitness': 0.9718446136327327, 'generation': 430}","{'id': 28506, 'rank': 20, 'fitness': 0.9718446136327327, 'generation': 430}","{'id': 28506, 'rank': 21, 'fitness': 0.9718446136327327, 'generation': 430}","{'id': 28506, 'rank': 22, 'fitness': 0.9718446136327327, 'generation': 430}","{'id': 28506, 'rank': 23, 'fitness': 0.9718446136327327, 'generation': 430}","{'id': 28506, 'rank': 24, 'fitness': 0.9718446136327327, 'generation': 430}","{'id': 28506, 'rank': 25, 'fitness': 0.9718446136327327, 'generation': 430}","{'id': 28506, 'rank': 26, 'fitness': 0.9718446136327327, 'generation': 430}","{'id': 28506, 'rank': 27, 'fitness': 0.9718446136327327, 'generation': 430}","{'id': 31477, 'rank': 28, 'fitness': 0.926739377568405, 'generation': 430}","{'id': 31431, 'rank': 29, 'fitness': 0.9196662334800161, 'generation': 430}","{'id': 31463, 'rank': 30, 'fitness': 0.01798620996209155, 'generation': 430}"
"{'id': 31169, 'rank': 1, 'fitness': 0.9820137900379085, 'generation': 431}","{'id': 31169, 'rank': 2, 'fitness': 0.9820137900379085, 'generation': 431}","{'id': 31169, 'rank': 3, 'fitness': 0.9820137900379085, 'generation': 431}","{'id': 31169, 'rank': 4, 'fitness': 0.9820137900379085, 'generation': 431}","{'id': 31169, 'rank': 5, 'fitness': 0.9820137900379085, 'generation': 431}","{'id': 31169, 'rank': 6, 'fitness': 0.9820137900379085, 'generation': 431}","{'id': 31169, 'rank': 7, 'fitness': 0.9820137900379085, 'generation': 431}","{'id': 31169, 'rank': 8, 'fitness': 0.9820137900379085, 'generation': 431}","{'id': 31169, 'rank': 9, 'fitness': 0.9820137900379085, 'generation': 431}","{'id': 31169, 'rank': 10, 'fitness': 0.9820137900379085, 'generation': 431}","{'id': 31169, 'rank': 11, 'fitness': 0.9820137900379085, 'generation': 431}","{'id': 31169, 'rank': 12, 'fitness': 0.9820137900379085, 'generation': 431}","{'id': 31169, 'rank': 13, 'fitness': 0.9820137900379085, 'generation': 431}","{'id': 31169, 'rank': 14, 'fitness': 0.9820137900379085, 'generation': 431}","{'id': 28506, 'rank': 15, 'fitness': 0.9578134384920736, 'generation': 431}","{'id': 28506, 'rank': 16, 'fitness': 0.9578134384920736, 'generation': 431}","{'id': 28506, 'rank': 17, 'fitness': 0.9578134384920736, 'generation': 431}","{'id': 28506, 'rank': 18, 'fitness': 0.9578134384920736, 'generation': 431}","{'id': 28506, 'rank': 19, 'fitness': 0.9578134384920736, 'generation': 431}","{'id': 28506, 'rank': 20, 'fitness': 0.9578134384920736, 'generation': 431}","{'id': 28506, 'rank': 21, 'fitness': 0.9578134384920736, 'generation': 431}","{'id': 28506, 'rank': 22, 'fitness': 0.9578134384920736, 'generation': 431}","{'id': 28506, 'rank': 23, 'fitness': 0.9578134384920736, 'generation': 431}","{'id': 28506, 'rank': 24, 'fitness': 0.9578134384920736, 'generation': 431}","{'id': 28506, 'rank': 25, 'fitness': 0.9578134384920736, 'generation': 431}","{'id': 28506, 'rank': 26, 'fitness': 0.9578134384920736, 'generation': 431}","{'id': 28506, 'rank': 27, 'fitness': 0.9578134384920736, 'generation': 431}","{'id': 31477, 'rank': 28, 'fitness': 0.7688279592586269, 'generation': 431}","{'id': 31431, 'rank': 29, 'fitness': 0.7331527297895462, 'generation': 431}","{'id': 31566, 'rank': 30, 'fitness': 0.01798620996209155, 'generation': 431}"
"{'id': 31169, 'rank': 1, 'fitness': 0.9820137900379085, 'generation': 432}","{'id': 31169, 'rank': 2, 'fitness': 0.9820137900379085, 'generation': 432}","{'id': 31169, 'rank': 3, 'fitness': 0.9820137900379085, 'generation': 432}","{'id': 31169, 'rank': 4, 'fitness': 0.9820137900379085, 'generation': 432}","{'id': 31169, 'rank': 5, 'fitness': 0.9820137900379085, 'generation': 432}","{'id': 31169, 'rank': 6, 'fitness': 0.9820137900379085, 'generation': 432}","{'id': 31169, 'rank': 7, 'fitness': 0.9820137900379085, 'generation': 432}","{'id': 31169, 'rank': 8, 'fitness': 0.9820137900379085, 'generation': 432}","{'id': 31169, 'rank': 9, 'fitness': 0.9820137900379085, 'generation': 432}","{'id': 31169, 'rank': 10, 'fitness': 0.9820137900379085, 'generation': 432}","{'id': 31169, 'rank': 11, 'fitness': 0.9820137900379085, 'generation': 432}","{'id': 31169, 'rank': 12, 'fitness': 0.9820137900379085, 'generation': 432}","{'id': 31169, 'rank': 13, 'fitness': 0.9820137900379085, 'generation': 432}","{'id': 31169, 'rank': 14, 'fitness': 0.9820137900379085, 'generation': 432}","{'id': 31169, 'rank': 15, 'fitness': 0.9820137900379085, 'generation': 432}","{'id': 31169, 'rank': 16, 'fitness': 0.9820137900379085, 'generation': 432}","{'id': 31169, 'rank': 17, 'fitness': 0.9820137900379085, 'generation': 432}","{'id': 31169, 'rank': 18, 'fitness': 0.9820137900379085, 'generation': 432}","{'id': 31169, 'rank': 19, 'fitness': 0.9820137900379085, 'generation': 432}","{'id': 31169, 'rank': 20, 'fitness': 0.9820137900379085, 'generation': 432}","{'id': 31169, 'rank': 21, 'fitness': 0.9820137900379085, 'generation': 432}","{'id': 31169, 'rank': 22, 'fitness': 0.9820137900379085, 'generation': 432}","{'id': 28506, 'rank': 23, 'fitness': 0.9378493896038651, 'generation': 432}","{'id': 28506, 'rank': 24, 'fitness': 0.9378493896038651, 'generation': 432}","{'id': 28506, 'rank': 25, 'fitness': 0.9378493896038651, 'generation': 432}","{'id': 28506, 'rank': 26, 'fitness': 0.9378493896038651, 'generation': 432}","{'id': 28506, 'rank': 27, 'fitness': 0.9378493896038651, 'generation': 432}","{'id': 28506, 'rank': 28, 'fitness': 0.9378493896038651, 'generation': 432}","{'id': 28506, 'rank': 29, 'fitness': 0.9378493896038651, 'generation': 432}","{'id': 31681, 'rank': 30, 'fitness': 0.01798620996209155, 'generation': 432}"
"{'id': 31169, 'rank': 1, 'fitness': 0.9820137900379085, 'generation': 433}","{'id': 31169, 'rank': 2, 'fitness': 0.9820137900379085, 'generation': 433}","{'id': 31169, 'rank': 3, 'fitness': 0.9820137900379085, 'generation': 433}","{'id': 31169, 'rank': 4, 'fitness': 0.9820137900379085, 'generation': 433}","{'id': 31169, 'rank': 5, 'fitness': 0.9820137900379085, 'generation': 433}","{'id': 31169, 'rank': 6, 'fitness': 0.9820137900379085, 'generation': 433}","{'id': 31169, 'rank': 7, 'fitness': 0.9820137900379085, 'generation': 433}","{'id': 31169, 'rank': 8, 'fitness': 0.9820137900379085, 'generation': 433}","{'id': 31169, 'rank': 9, 'fitness': 0.9820137900379085, 'generation': 433}","{'id': 31169, 'rank': 10, 'fitness': 0.9820137900379085, 'generation': 433}","{'id': 31169, 'rank': 11, 'fitness': 0.9820137900379085, 'generation': 433}","{'id': 31169, 'rank': 12, 'fitness': 0.9820137900379085, 'generation': 433}","{'id': 31169, 'rank': 13, 'fitness': 0.9820137900379085, 'generation': 433}","{'id': 31169, 'rank': 14, 'fitness': 0.9820137900379085, 'generation': 433}","{'id': 31169, 'rank': 15, 'fitness': 0.9820137900379085, 'generation': 433}","{'id': 31169, 'rank': 16, 'fitness': 0.9820137900379085, 'generation': 433}","{'id': 31169, 'rank': 17, 'fitness': 0.9820137900379085, 'generation': 433}","{'id': 31169, 'rank': 18, 'fitness': 0.9820137900379085, 'generation': 433}","{'id': 31169, 'rank': 19, 'fitness': 0.9820137900379085, 'generation': 433}","{'id': 31169, 'rank': 20, 'fitness': 0.9820137900379085, 'generation': 433}","{'id': 31169, 'rank': 21, 'fitness': 0.9820137900379085, 'generation': 433}","{'id': 31169, 'rank': 22, 'fitness': 0.9820137900379085, 'generation': 433}","{'id': 31169, 'rank': 23, 'fitness': 0.9820137900379085, 'generation': 433}","{'id': 31169, 'rank': 24, 'fitness': 0.9820137900379085, 'generation': 433}","{'id': 31169, 'rank': 25, 'fitness': 0.9820137900379085, 'generation': 433}","{'id': 28506, 'rank': 26, 'fitness': 0.9456331336340592, 'generation': 433}","{'id': 28506, 'rank': 27, 'fitness': 0.9456331336340592, 'generation': 433}","{'id': 28506, 'rank': 28, 'fitness': 0.9456331336340592, 'generation': 433}","{'id': 31738, 'rank': 29, 'fitness': 0.03112350925479701, 'generation': 433}","{'id': 31780, 'rank': 30, 'fitness': 0.01798620996209155, 'generation': 433}"
"{'id': 31169, 'rank': 1, 'fitness': 0.9820137900379085, 'generation': 434}","{'id': 31169, 'rank': 2, 'fitness': 0.9820137900379085, 'generation': 434}","{'id': 31169, 'rank': 3, 'fitness': 0.9820137900379085, 'generation': 434}","{'id': 31169, 'rank': 4, 'fitness': 0.9820137900379085, 'generation': 434}","{'id': 31169, 'rank': 5, 'fitness': 0.9820137900379085, 'generation': 434}","{'id': 31169, 'rank': 6, 'fitness': 0.9820137900379085, 'generation': 434}","{'id': 31169, 'rank': 7, 'fitness': 0.9820137900379085, 'generation': 434}","{'id': 31169, 'rank': 8, 'fitness': 0.9820137900379085, 'generation': 434}","{'id': 31169, 'rank': 9, 'fitness': 0.9820137900379085, 'generation': 434}","{'id': 31169, 'rank': 10, 'fitness': 0.9820137900379085, 'generation': 434}","{'id': 31169, 'rank': 11, 'fitness': 0.9820137900379085, 'generation': 434}","{'id': 31169, 'rank': 12, 'fitness': 0.9820137900379085, 'generation': 434}","{'id': 31169, 'rank': 13, 'fitness': 0.9820137900379085, 'generation': 434}","{'id': 31169, 'rank': 14, 'fitness': 0.9820137900379085, 'generation': 434}","{'id': 31169, 'rank': 15, 'fitness': 0.9820137900379085, 'generation': 434}","{'id': 31169, 'rank': 16, 'fitness': 0.9820137900379085, 'generation': 434}","{'id': 31169, 'rank': 17, 'fitness': 0.9820137900379085, 'generation': 434}","{'id': 31169, 'rank': 18, 'fitness': 0.9820137900379085, 'generation': 434}","{'id': 31169, 'rank': 19, 'fitness': 0.9820137900379085, 'generation': 434}","{'id': 31169, 'rank': 20, 'fitness': 0.9820137900379085, 'generation': 434}","{'id': 31169, 'rank': 21, 'fitness': 0.9820137900379085, 'generation': 434}","{'id': 31169, 'rank': 22, 'fitness': 0.9820137900379085, 'generation': 434}","{'id': 31169, 'rank': 23, 'fitness': 0.9820137900379085, 'generation': 434}","{'id': 31865, 'rank': 24, 'fitness': 0.9457985125782502, 'generation': 434}","{'id': 31803, 'rank': 25, 'fitness': 0.2880594122235608, 'generation': 434}","{'id': 31803, 'rank': 26, 'fitness': 0.2880594122235608, 'generation': 434}","{'id': 31797, 'rank': 27, 'fitness': 0.18853017865247879, 'generation': 434}","{'id': 31838, 'rank': 28, 'fitness': 0.07920471532416856, 'generation': 434}","{'id': 31831, 'rank': 29, 'fitness': 0.04839401697880663, 'generation': 434}","{'id': 31791, 'rank': 30, 'fitness': 0.01798620996209155, 'generation': 434}"
"{'id': 31169, 'rank': 1, 'fitness': 0.9820137900379085, 'generation': 435}","{'id': 31169, 'rank': 2, 'fitness': 0.9820137900379085, 'generation': 435}","{'id': 31169, 'rank': 3, 'fitness': 0.9820137900379085, 'generation': 435}","{'id': 31169, 'rank': 4, 'fitness': 0.9820137900379085, 'generation': 435}","{'id': 31169, 'rank': 5, 'fitness': 0.9820137900379085, 'generation': 435}","{'id': 31169, 'rank': 6, 'fitness': 0.9820137900379085, 'generation': 435}","{'id': 31169, 'rank': 7, 'fitness': 0.9820137900379085, 'generation': 435}","{'id': 31169, 'rank': 8, 'fitness': 0.9820137900379085, 'generation': 435}","{'id': 31169, 'rank': 9, 'fitness': 0.9820137900379085, 'generation': 435}","{'id': 31169, 'rank': 10, 'fitness': 0.9820137900379085, 'generation': 435}","{'id': 31169, 'rank': 11, 'fitness': 0.9820137900379085, 'generation': 435}","{'id': 31169, 'rank': 12, 'fitness': 0.9820137900379085, 'generation': 435}","{'id': 31169, 'rank': 13, 'fitness': 0.9820137900379085, 'generation': 435}","{'id': 31169, 'rank': 14, 'fitness': 0.9820137900379085, 'generation': 435}","{'id': 31169, 'rank': 15, 'fitness': 0.9820137900379085, 'generation': 435}","{'id': 31169, 'rank': 16, 'fitness': 0.9820137900379085, 'generation': 435}","{'id': 31169, 'rank': 17, 'fitness': 0.9820137900379085, 'generation': 435}","{'id': 31169, 'rank': 18, 'fitness': 0.9820137900379085, 'generation': 435}","{'id': 31169, 'rank': 19, 'fitness': 0.9820137900379085, 'generation': 435}","{'id': 31169, 'rank': 20, 'fitness': 0.9820137900379085, 'generation': 435}","{'id': 31169, 'rank': 21, 'fitness': 0.9820137900379085, 'generation': 435}","{'id': 31169, 'rank': 22, 'fitness': 0.9820137900379085, 'generation': 435}","{'id': 31169, 'rank': 23, 'fitness': 0.9820137900379085, 'generation': 435}","{'id': 31169, 'rank': 24, 'fitness': 0.9820137900379085, 'generation': 435}","{'id': 31894, 'rank': 25, 'fitness': 0.47087090208803734, 'generation': 435}","{'id': 31906, 'rank': 26, 'fitness': 0.08261523343520877, 'generation': 435}","{'id': 31900, 'rank': 27, 'fitness': 0.05967284059259176, 'generation': 435}","{'id': 31877, 'rank': 28, 'fitness': 0.028097737968964198, 'generation': 435}","{'id': 31877, 'rank': 29, 'fitness': 0.028097737968964198, 'generation': 435}","{'id': 31904, 'rank': 30, 'fitness': 0.01798620996209155, 'generation': 435}"
"{'id': 31169, 'rank': 1, 'fitness': 0.9820137900379085, 'generation': 436}","{'id': 31169, 'rank': 2, 'fitness': 0.9820137900379085, 'generation': 436}","{'id': 31169, 'rank': 3, 'fitness': 0.9820137900379085, 'generation': 436}","{'id': 31169, 'rank': 4, 'fitness': 0.9820137900379085, 'generation': 436}","{'id': 31169, 'rank': 5, 'fitness': 0.9820137900379085, 'generation': 436}","{'id': 31169, 'rank': 6, 'fitness': 0.9820137900379085, 'generation': 436}","{'id': 31169, 'rank': 7, 'fitness': 0.9820137900379085, 'generation': 436}","{'id': 31169, 'rank': 8, 'fitness': 0.9820137900379085, 'generation': 436}","{'id': 31169, 'rank': 9, 'fitness': 0.9820137900379085, 'generation': 436}","{'id': 31169, 'rank': 10, 'fitness': 0.9820137900379085, 'generation': 436}","{'id': 31169, 'rank': 11, 'fitness': 0.9820137900379085, 'generation': 436}","{'id': 31169, 'rank': 12, 'fitness': 0.9820137900379085, 'generation': 436}","{'id': 31169, 'rank': 13, 'fitness': 0.9820137900379085, 'generation': 436}","{'id': 31169, 'rank': 14, 'fitness': 0.9820137900379085, 'generation': 436}","{'id': 31169, 'rank': 15, 'fitness': 0.9820137900379085, 'generation': 436}","{'id': 31169, 'rank': 16, 'fitness': 0.9820137900379085, 'generation': 436}","{'id': 31169, 'rank': 17, 'fitness': 0.9820137900379085, 'generation': 436}","{'id': 31169, 'rank': 18, 'fitness': 0.9820137900379085, 'generation': 436}","{'id': 31169, 'rank': 19, 'fitness': 0.9820137900379085, 'generation': 436}","{'id': 31169, 'rank': 20, 'fitness': 0.9820137900379085, 'generation': 436}","{'id': 31169, 'rank': 21, 'fitness': 0.9820137900379085, 'generation': 436}","{'id': 31169, 'rank': 22, 'fitness': 0.9820137900379085, 'generation': 436}","{'id': 31169, 'rank': 23, 'fitness': 0.9820137900379085, 'generation': 436}","{'id': 31169, 'rank': 24, 'fitness': 0.9820137900379085, 'generation': 436}","{'id': 31169, 'rank': 25, 'fitness': 0.9820137900379085, 'generation': 436}","{'id': 31976, 'rank': 26, 'fitness': 0.675982243543557, 'generation': 436}","{'id': 31894, 'rank': 27, 'fitness': 0.47087090208803734, 'generation': 436}","{'id': 32003, 'rank': 28, 'fitness': 0.14227294394242318, 'generation': 436}","{'id': 31900, 'rank': 29, 'fitness': 0.05967284059259176, 'generation': 436}","{'id': 31904, 'rank': 30, 'fitness': 0.01798620996209155, 'generation': 436}"
"{'id': 31169, 'rank': 1, 'fitness': 0.9820137900379085, 'generation': 437}","{'id': 31169, 'rank': 2, 'fitness': 0.9820137900379085, 'generation': 437}","{'id': 31169, 'rank': 3, 'fitness': 0.9820137900379085, 'generation': 437}","{'id': 31169, 'rank': 4, 'fitness': 0.9820137900379085, 'generation': 437}","{'id': 31169, 'rank': 5, 'fitness': 0.9820137900379085, 'generation': 437}","{'id': 31169, 'rank': 6, 'fitness': 0.9820137900379085, 'generation': 437}","{'id': 31169, 'rank': 7, 'fitness': 0.9820137900379085, 'generation': 437}","{'id': 31169, 'rank': 8, 'fitness': 0.9820137900379085, 'generation': 437}","{'id': 31169, 'rank': 9, 'fitness': 0.9820137900379085, 'generation': 437}","{'id': 31169, 'rank': 10, 'fitness': 0.9820137900379085, 'generation': 437}","{'id': 31169, 'rank': 11, 'fitness': 0.9820137900379085, 'generation': 437}","{'id': 31169, 'rank': 12, 'fitness': 0.9820137900379085, 'generation': 437}","{'id': 31169, 'rank': 13, 'fitness': 0.9820137900379085, 'generation': 437}","{'id': 31169, 'rank': 14, 'fitness': 0.9820137900379085, 'generation': 437}","{'id': 31169, 'rank': 15, 'fitness': 0.9820137900379085, 'generation': 437}","{'id': 31169, 'rank': 16, 'fitness': 0.9820137900379085, 'generation': 437}","{'id': 31169, 'rank': 17, 'fitness': 0.9820137900379085, 'generation': 437}","{'id': 31169, 'rank': 18, 'fitness': 0.9820137900379085, 'generation': 437}","{'id': 31169, 'rank': 19, 'fitness': 0.9820137900379085, 'generation': 437}","{'id': 31169, 'rank': 20, 'fitness': 0.9820137900379085, 'generation': 437}","{'id': 31169, 'rank': 21, 'fitness': 0.9820137900379085, 'generation': 437}","{'id': 31169, 'rank': 22, 'fitness': 0.9820137900379085, 'generation': 437}","{'id': 31169, 'rank': 23, 'fitness': 0.9820137900379085, 'generation': 437}","{'id': 31169, 'rank': 24, 'fitness': 0.9820137900379085, 'generation': 437}","{'id': 32031, 'rank': 25, 'fitness': 0.8775745540581857, 'generation': 437}","{'id': 31976, 'rank': 26, 'fitness': 0.8752429880354219, 'generation': 437}","{'id': 31894, 'rank': 27, 'fitness': 0.8041802857081071, 'generation': 437}","{'id': 32009, 'rank': 28, 'fitness': 0.4900092155884618, 'generation': 437}","{'id': 32022, 'rank': 29, 'fitness': 0.16181184705052754, 'generation': 437}","{'id': 32039, 'rank': 30, 'fitness': 0.01798620996209155, 'generation': 437}"
"{'id': 31169, 'rank': 1, 'fitness': 0.9820137900379085, 'generation': 438}","{'id': 31169, 'rank': 2, 'fitness': 0.9820137900379085, 'generation': 438}","{'id': 31169, 'rank': 3, 'fitness': 0.9820137900379085, 'generation': 438}","{'id': 31169, 'rank': 4, 'fitness': 0.9820137900379085, 'generation': 438}","{'id': 31169, 'rank': 5, 'fitness': 0.9820137900379085, 'generation': 438}","{'id': 31169, 'rank': 6, 'fitness': 0.9820137900379085, 'generation': 438}","{'id': 31169, 'rank': 7, 'fitness': 0.9820137900379085, 'generation': 438}","{'id': 31169, 'rank': 8, 'fitness': 0.9820137900379085, 'generation': 438}","{'id': 31169, 'rank': 9, 'fitness': 0.9820137900379085, 'generation': 438}","{'id': 31169, 'rank': 10, 'fitness': 0.9820137900379085, 'generation': 438}","{'id': 31169, 'rank': 11, 'fitness': 0.9820137900379085, 'generation': 438}","{'id': 31169, 'rank': 12, 'fitness': 0.9820137900379085, 'generation': 438}","{'id': 31169, 'rank': 13, 'fitness': 0.9820137900379085, 'generation': 438}","{'id': 31169, 'rank': 14, 'fitness': 0.9820137900379085, 'generation': 438}","{'id': 31169, 'rank': 15, 'fitness': 0.9820137900379085, 'generation': 438}","{'id': 31169, 'rank': 16, 'fitness': 0.9820137900379085, 'generation': 438}","{'id': 31169, 'rank': 17, 'fitness': 0.9820137900379085, 'generation': 438}","{'id': 31169, 'rank': 18, 'fitness': 0.9820137900379085, 'generation': 438}","{'id': 31169, 'rank': 19, 'fitness': 0.9820137900379085, 'generation': 438}","{'id': 31169, 'rank': 20, 'fitness': 0.9820137900379085, 'generation': 438}","{'id': 31169, 'rank': 21, 'fitness': 0.9820137900379085, 'generation': 438}","{'id': 31169, 'rank': 22, 'fitness': 0.9820137900379085, 'generation': 438}","{'id': 31169, 'rank': 23, 'fitness': 0.9820137900379085, 'generation': 438}","{'id': 31894, 'rank': 24, 'fitness': 0.5825126183869385, 'generation': 438}","{'id': 32102, 'rank': 25, 'fitness': 0.39255473991460593, 'generation': 438}","{'id': 32123, 'rank': 26, 'fitness': 0.3732497383456742, 'generation': 438}","{'id': 32134, 'rank': 27, 'fitness': 0.2065973053645419, 'generation': 438}","{'id': 32134, 'rank': 28, 'fitness': 0.2065973053645419, 'generation': 438}","{'id': 32140, 'rank': 29, 'fitness': 0.089796688451108, 'generation': 438}","{'id': 32022, 'rank': 30, 'fitness': 0.01798620996209155, 'generation': 438}"
"{'id': 31169, 'rank': 1, 'fitness': 0.9820137900379085, 'generation': 439}","{'id': 31169, 'rank': 2, 'fitness': 0.9820137900379085, 'generation': 439}","{'id': 31169, 'rank': 3, 'fitness': 0.9820137900379085, 'generation': 439}","{'id': 31169, 'rank': 4, 'fitness': 0.9820137900379085, 'generation': 439}","{'id': 31169, 'rank': 5, 'fitness': 0.9820137900379085, 'generation': 439}","{'id': 31169, 'rank': 6, 'fitness': 0.9820137900379085, 'generation': 439}","{'id': 31169, 'rank': 7, 'fitness': 0.9820137900379085, 'generation': 439}","{'id': 31169, 'rank': 8, 'fitness': 0.9820137900379085, 'generation': 439}","{'id': 31169, 'rank': 9, 'fitness': 0.9820137900379085, 'generation': 439}","{'id': 31169, 'rank': 10, 'fitness': 0.9820137900379085, 'generation': 439}","{'id': 31169, 'rank': 11, 'fitness': 0.9820137900379085, 'generation': 439}","{'id': 31169, 'rank': 12, 'fitness': 0.9820137900379085, 'generation': 439}","{'id': 31169, 'rank': 13, 'fitness': 0.9820137900379085, 'generation': 439}","{'id': 31169, 'rank': 14, 'fitness': 0.9820137900379085, 'generation': 439}","{'id': 31169, 'rank': 15, 'fitness': 0.9820137900379085, 'generation': 439}","{'id': 31169, 'rank': 16, 'fitness': 0.9820137900379085, 'generation': 439}","{'id': 31169, 'rank': 17, 'fitness': 0.9820137900379085, 'generation': 439}","{'id': 31169, 'rank': 18, 'fitness': 0.9820137900379085, 'generation': 439}","{'id': 31169, 'rank': 19, 'fitness': 0.9820137900379085, 'generation': 439}","{'id': 31169, 'rank': 20, 'fitness': 0.9820137900379085, 'generation': 439}","{'id': 31169, 'rank': 21, 'fitness': 0.9820137900379085, 'generation': 439}","{'id': 31169, 'rank': 22, 'fitness': 0.9820137900379085, 'generation': 439}","{'id': 32229, 'rank': 23, 'fitness': 0.5619021030540032, 'generation': 439}","{'id': 32229, 'rank': 24, 'fitness': 0.5619021030540032, 'generation': 439}","{'id': 31894, 'rank': 25, 'fitness': 0.2657720954860411, 'generation': 439}","{'id': 32102, 'rank': 26, 'fitness': 0.11213900582449282, 'generation': 439}","{'id': 32123, 'rank': 27, 'fitness': 0.10148266591557109, 'generation': 439}","{'id': 32250, 'rank': 28, 'fitness': 0.08474522850344846, 'generation': 439}","{'id': 32250, 'rank': 29, 'fitness': 0.08474522850344846, 'generation': 439}","{'id': 32206, 'rank': 30, 'fitness': 0.01798620996209155, 'generation': 439}"
"{'id': 32270, 'rank': 1, 'fitness': 0.9820137900379085, 'generation': 440}","{'id': 32270, 'rank': 2, 'fitness': 0.9820137900379085, 'generation': 440}","{'id': 32270, 'rank': 3, 'fitness': 0.9820137900379085, 'generation': 440}","{'id': 31169, 'rank': 4, 'fitness': 0.9692731498693322, 'generation': 440}","{'id': 31169, 'rank': 5, 'fitness': 0.9692731498693322, 'generation': 440}","{'id': 31169, 'rank': 6, 'fitness': 0.9692731498693322, 'generation': 440}","{'id': 31169, 'rank': 7, 'fitness': 0.9692731498693322, 'generation': 440}","{'id': 31169, 'rank': 8, 'fitness': 0.9692731498693322, 'generation': 440}","{'id': 31169, 'rank': 9, 'fitness': 0.9692731498693322, 'generation': 440}","{'id': 31169, 'rank': 10, 'fitness': 0.9692731498693322, 'generation': 440}","{'id': 31169, 'rank': 11, 'fitness': 0.9692731498693322, 'generation': 440}","{'id': 31169, 'rank': 12, 'fitness': 0.9692731498693322, 'generation': 440}","{'id': 31169, 'rank': 13, 'fitness': 0.9692731498693322, 'generation': 440}","{'id': 31169, 'rank': 14, 'fitness': 0.9692731498693322, 'generation': 440}","{'id': 31169, 'rank': 15, 'fitness': 0.9692731498693322, 'generation': 440}","{'id': 31169, 'rank': 16, 'fitness': 0.9692731498693322, 'generation': 440}","{'id': 31169, 'rank': 17, 'fitness': 0.9692731498693322, 'generation': 440}","{'id': 31169, 'rank': 18, 'fitness': 0.9692731498693322, 'generation': 440}","{'id': 31169, 'rank': 19, 'fitness': 0.9692731498693322, 'generation': 440}","{'id': 31169, 'rank': 20, 'fitness': 0.9692731498693322, 'generation': 440}","{'id': 31169, 'rank': 21, 'fitness': 0.9692731498693322, 'generation': 440}","{'id': 31169, 'rank': 22, 'fitness': 0.9692731498693322, 'generation': 440}","{'id': 31169, 'rank': 23, 'fitness': 0.9692731498693322, 'generation': 440}","{'id': 31169, 'rank': 24, 'fitness': 0.9692731498693322, 'generation': 440}","{'id': 31169, 'rank': 25, 'fitness': 0.9692731498693322, 'generation': 440}","{'id': 31894, 'rank': 26, 'fitness': 0.07030268844627624, 'generation': 440}","{'id': 31894, 'rank': 27, 'fitness': 0.07030268844627624, 'generation': 440}","{'id': 32283, 'rank': 28, 'fitness': 0.046172732660902105, 'generation': 440}","{'id': 32256, 'rank': 29, 'fitness': 0.022314727057706207, 'generation': 440}","{'id': 32289, 'rank': 30, 'fitness': 0.01798620996209155, 'generation': 440}"
"{'id': 32270, 'rank': 1, 'fitness': 0.9820137900379085, 'generation': 441}","{'id': 32270, 'rank': 2, 'fitness': 0.9820137900379085, 'generation': 441}","{'id': 32270, 'rank': 3, 'fitness': 0.9820137900379085, 'generation': 441}","{'id': 32270, 'rank': 4, 'fitness': 0.9820137900379085, 'generation': 441}","{'id': 32270, 'rank': 5, 'fitness': 0.9820137900379085, 'generation': 441}","{'id': 32270, 'rank': 6, 'fitness': 0.9820137900379085, 'generation': 441}","{'id': 32270, 'rank': 7, 'fitness': 0.9820137900379085, 'generation': 441}","{'id': 31169, 'rank': 8, 'fitness': 0.9692731498693322, 'generation': 441}","{'id': 31169, 'rank': 9, 'fitness': 0.9692731498693322, 'generation': 441}","{'id': 31169, 'rank': 10, 'fitness': 0.9692731498693322, 'generation': 441}","{'id': 31169, 'rank': 11, 'fitness': 0.9692731498693322, 'generation': 441}","{'id': 31169, 'rank': 12, 'fitness': 0.9692731498693322, 'generation': 441}","{'id': 31169, 'rank': 13, 'fitness': 0.9692731498693322, 'generation': 441}","{'id': 31169, 'rank': 14, 'fitness': 0.9692731498693322, 'generation': 441}","{'id': 31169, 'rank': 15, 'fitness': 0.9692731498693322, 'generation': 441}","{'id': 31169, 'rank': 16, 'fitness': 0.9692731498693322, 'generation': 441}","{'id': 31169, 'rank': 17, 'fitness': 0.9692731498693322, 'generation': 441}","{'id': 31169, 'rank': 18, 'fitness': 0.9692731498693322, 'generation': 441}","{'id': 31169, 'rank': 19, 'fitness': 0.9692731498693322, 'generation': 441}","{'id': 31169, 'rank': 20, 'fitness': 0.9692731498693322, 'generation': 441}","{'id': 31169, 'rank': 21, 'fitness': 0.9692731498693322, 'generation': 441}","{'id': 31169, 'rank': 22, 'fitness': 0.9692731498693322, 'generation': 441}","{'id': 31169, 'rank': 23, 'fitness': 0.9692731498693322, 'generation': 441}","{'id': 31169, 'rank': 24, 'fitness': 0.9692731498693322, 'generation': 441}","{'id': 31169, 'rank': 25, 'fitness': 0.9692731498693322, 'generation': 441}","{'id': 31169, 'rank': 26, 'fitness': 0.9692731498693322, 'generation': 441}","{'id': 31169, 'rank': 27, 'fitness': 0.9692731498693322, 'generation': 441}","{'id': 32385, 'rank': 28, 'fitness': 0.18259734393159122, 'generation': 441}","{'id': 32283, 'rank': 29, 'fitness': 0.046172732660902105, 'generation': 441}","{'id': 32289, 'rank': 30, 'fitness': 0.01798620996209155, 'generation': 441}"
"{'id': 32270, 'rank': 1, 'fitness': 0.9820137900379085, 'generation': 442}","{'id': 32270, 'rank': 2, 'fitness': 0.9820137900379085, 'generation': 442}","{'id': 32270, 'rank': 3, 'fitness': 0.9820137900379085, 'generation': 442}","{'id': 32270, 'rank': 4, 'fitness': 0.9820137900379085, 'generation': 442}","{'id': 32270, 'rank': 5, 'fitness': 0.9820137900379085, 'generation': 442}","{'id': 32270, 'rank': 6, 'fitness': 0.9820137900379085, 'generation': 442}","{'id': 32270, 'rank': 7, 'fitness': 0.9820137900379085, 'generation': 442}","{'id': 32270, 'rank': 8, 'fitness': 0.9820137900379085, 'generation': 442}","{'id': 32270, 'rank': 9, 'fitness': 0.9820137900379085, 'generation': 442}","{'id': 32270, 'rank': 10, 'fitness': 0.9820137900379085, 'generation': 442}","{'id': 32270, 'rank': 11, 'fitness': 0.9820137900379085, 'generation': 442}","{'id': 32270, 'rank': 12, 'fitness': 0.9820137900379085, 'generation': 442}","{'id': 32270, 'rank': 13, 'fitness': 0.9820137900379085, 'generation': 442}","{'id': 31169, 'rank': 14, 'fitness': 0.97772000894673, 'generation': 442}","{'id': 31169, 'rank': 15, 'fitness': 0.97772000894673, 'generation': 442}","{'id': 31169, 'rank': 16, 'fitness': 0.97772000894673, 'generation': 442}","{'id': 31169, 'rank': 17, 'fitness': 0.97772000894673, 'generation': 442}","{'id': 31169, 'rank': 18, 'fitness': 0.97772000894673, 'generation': 442}","{'id': 31169, 'rank': 19, 'fitness': 0.97772000894673, 'generation': 442}","{'id': 31169, 'rank': 20, 'fitness': 0.97772000894673, 'generation': 442}","{'id': 31169, 'rank': 21, 'fitness': 0.97772000894673, 'generation': 442}","{'id': 31169, 'rank': 22, 'fitness': 0.97772000894673, 'generation': 442}","{'id': 31169, 'rank': 23, 'fitness': 0.97772000894673, 'generation': 442}","{'id': 31169, 'rank': 24, 'fitness': 0.97772000894673, 'generation': 442}","{'id': 31169, 'rank': 25, 'fitness': 0.97772000894673, 'generation': 442}","{'id': 32385, 'rank': 26, 'fitness': 0.8593846469996234, 'generation': 442}","{'id': 32439, 'rank': 27, 'fitness': 0.7114840975221481, 'generation': 442}","{'id': 32436, 'rank': 28, 'fitness': 0.3030648322333781, 'generation': 442}","{'id': 32443, 'rank': 29, 'fitness': 0.2313474350519067, 'generation': 442}","{'id': 32440, 'rank': 30, 'fitness': 0.01798620996209155, 'generation': 442}"
"{'id': 32270, 'rank': 1, 'fitness': 0.9820137900379085, 'generation': 443}","{'id': 32270, 'rank': 2, 'fitness': 0.9820137900379085, 'generation': 443}","{'id': 32270, 'rank': 3, 'fitness': 0.9820137900379085, 'generation': 443}","{'id': 32270, 'rank': 4, 'fitness': 0.9820137900379085, 'generation': 443}","{'id': 32270, 'rank': 5, 'fitness': 0.9820137900379085, 'generation': 443}","{'id': 32270, 'rank': 6, 'fitness': 0.9820137900379085, 'generation': 443}","{'id': 32270, 'rank': 7, 'fitness': 0.9820137900379085, 'generation': 443}","{'id': 32270, 'rank': 8, 'fitness': 0.9820137900379085, 'generation': 443}","{'id': 32270, 'rank': 9, 'fitness': 0.9820137900379085, 'generation': 443}","{'id': 32270, 'rank': 10, 'fitness': 0.9820137900379085, 'generation': 443}","{'id': 32270, 'rank': 11, 'fitness': 0.9820137900379085, 'generation': 443}","{'id': 32270, 'rank': 12, 'fitness': 0.9820137900379085, 'generation': 443}","{'id': 32270, 'rank': 13, 'fitness': 0.9820137900379085, 'generation': 443}","{'id': 32270, 'rank': 14, 'fitness': 0.9820137900379085, 'generation': 443}","{'id': 32270, 'rank': 15, 'fitness': 0.9820137900379085, 'generation': 443}","{'id': 32270, 'rank': 16, 'fitness': 0.9820137900379085, 'generation': 443}","{'id': 32270, 'rank': 17, 'fitness': 0.9820137900379085, 'generation': 443}","{'id': 32270, 'rank': 18, 'fitness': 0.9820137900379085, 'generation': 443}","{'id': 32270, 'rank': 19, 'fitness': 0.9820137900379085, 'generation': 443}","{'id': 32270, 'rank': 20, 'fitness': 0.9820137900379085, 'generation': 443}","{'id': 32270, 'rank': 21, 'fitness': 0.9820137900379085, 'generation': 443}","{'id': 32270, 'rank': 22, 'fitness': 0.9820137900379085, 'generation': 443}","{'id': 31169, 'rank': 23, 'fitness': 0.9599007983265736, 'generation': 443}","{'id': 31169, 'rank': 24, 'fitness': 0.9599007983265736, 'generation': 443}","{'id': 31169, 'rank': 25, 'fitness': 0.9599007983265736, 'generation': 443}","{'id': 31169, 'rank': 26, 'fitness': 0.9599007983265736, 'generation': 443}","{'id': 31169, 'rank': 27, 'fitness': 0.9599007983265736, 'generation': 443}","{'id': 31169, 'rank': 28, 'fitness': 0.9599007983265736, 'generation': 443}","{'id': 31169, 'rank': 29, 'fitness': 0.9599007983265736, 'generation': 443}","{'id': 32492, 'rank': 30, 'fitness': 0.01798620996209155, 'generation': 443}"
"{'id': 32270, 'rank': 1, 'fitness': 0.9820137900379085, 'generation': 444}","{'id': 32270, 'rank': 2, 'fitness': 0.9820137900379085, 'generation': 444}","{'id': 32270, 'rank': 3, 'fitness': 0.9820137900379085, 'generation': 444}","{'id': 32270, 'rank': 4, 'fitness': 0.9820137900379085, 'generation': 444}","{'id': 32270, 'rank': 5, 'fitness': 0.9820137900379085, 'generation': 444}","{'id': 32270, 'rank': 6, 'fitness': 0.9820137900379085, 'generation': 444}","{'id': 32270, 'rank': 7, 'fitness': 0.9820137900379085, 'generation': 444}","{'id': 32270, 'rank': 8, 'fitness': 0.9820137900379085, 'generation': 444}","{'id': 32270, 'rank': 9, 'fitness': 0.9820137900379085, 'generation': 444}","{'id': 32270, 'rank': 10, 'fitness': 0.9820137900379085, 'generation': 444}","{'id': 32270, 'rank': 11, 'fitness': 0.9820137900379085, 'generation': 444}","{'id': 32270, 'rank': 12, 'fitness': 0.9820137900379085, 'generation': 444}","{'id': 32270, 'rank': 13, 'fitness': 0.9820137900379085, 'generation': 444}","{'id': 32270, 'rank': 14, 'fitness': 0.9820137900379085, 'generation': 444}","{'id': 32270, 'rank': 15, 'fitness': 0.9820137900379085, 'generation': 444}","{'id': 32270, 'rank': 16, 'fitness': 0.9820137900379085, 'generation': 444}","{'id': 32270, 'rank': 17, 'fitness': 0.9820137900379085, 'generation': 444}","{'id': 32270, 'rank': 18, 'fitness': 0.9820137900379085, 'generation': 444}","{'id': 32270, 'rank': 19, 'fitness': 0.9820137900379085, 'generation': 444}","{'id': 31169, 'rank': 20, 'fitness': 0.9755484772655438, 'generation': 444}","{'id': 31169, 'rank': 21, 'fitness': 0.9755484772655438, 'generation': 444}","{'id': 31169, 'rank': 22, 'fitness': 0.9755484772655438, 'generation': 444}","{'id': 31169, 'rank': 23, 'fitness': 0.9755484772655438, 'generation': 444}","{'id': 31169, 'rank': 24, 'fitness': 0.9755484772655438, 'generation': 444}","{'id': 32641, 'rank': 25, 'fitness': 0.19983098100488933, 'generation': 444}","{'id': 32641, 'rank': 26, 'fitness': 0.19983098100488933, 'generation': 444}","{'id': 32645, 'rank': 27, 'fitness': 0.09716987529789634, 'generation': 444}","{'id': 32617, 'rank': 28, 'fitness': 0.03580288639544138, 'generation': 444}","{'id': 32630, 'rank': 29, 'fitness': 0.030575703020750578, 'generation': 444}","{'id': 32568, 'rank': 30, 'fitness': 0.01798620996209155, 'generation': 444}"
"{'id': 32270, 'rank': 1, 'fitness': 0.9820137900379085, 'generation': 445}","{'id': 32270, 'rank': 2, 'fitness': 0.9820137900379085, 'generation': 445}","{'id': 32270, 'rank': 3, 'fitness': 0.9820137900379085, 'generation': 445}","{'id': 32270, 'rank': 4, 'fitness': 0.9820137900379085, 'generation': 445}","{'id': 32270, 'rank': 5, 'fitness': 0.9820137900379085, 'generation': 445}","{'id': 32270, 'rank': 6, 'fitness': 0.9820137900379085, 'generation': 445}","{'id': 32270, 'rank': 7, 'fitness': 0.9820137900379085, 'generation': 445}","{'id': 32270, 'rank': 8, 'fitness': 0.9820137900379085, 'generation': 445}","{'id': 32270, 'rank': 9, 'fitness': 0.9820137900379085, 'generation': 445}","{'id': 32270, 'rank': 10, 'fitness': 0.9820137900379085, 'generation': 445}","{'id': 32270, 'rank': 11, 'fitness': 0.9820137900379085, 'generation': 445}","{'id': 32270, 'rank': 12, 'fitness': 0.9820137900379085, 'generation': 445}","{'id': 32270, 'rank': 13, 'fitness': 0.9820137900379085, 'generation': 445}","{'id': 32270, 'rank': 14, 'fitness': 0.9820137900379085, 'generation': 445}","{'id': 32270, 'rank': 15, 'fitness': 0.9820137900379085, 'generation': 445}","{'id': 32270, 'rank': 16, 'fitness': 0.9820137900379085, 'generation': 445}","{'id': 32270, 'rank': 17, 'fitness': 0.9820137900379085, 'generation': 445}","{'id': 32270, 'rank': 18, 'fitness': 0.9820137900379085, 'generation': 445}","{'id': 32270, 'rank': 19, 'fitness': 0.9820137900379085, 'generation': 445}","{'id': 31169, 'rank': 20, 'fitness': 0.9756812596675369, 'generation': 445}","{'id': 31169, 'rank': 21, 'fitness': 0.9756812596675369, 'generation': 445}","{'id': 31169, 'rank': 22, 'fitness': 0.9756812596675369, 'generation': 445}","{'id': 32688, 'rank': 23, 'fitness': 0.6120578349369159, 'generation': 445}","{'id': 32669, 'rank': 24, 'fitness': 0.23726114821876515, 'generation': 445}","{'id': 32726, 'rank': 25, 'fitness': 0.22412641280536416, 'generation': 445}","{'id': 32641, 'rank': 26, 'fitness': 0.21559947865142592, 'generation': 445}","{'id': 32617, 'rank': 27, 'fitness': 0.04056251691274637, 'generation': 445}","{'id': 32699, 'rank': 28, 'fitness': 0.0313518962930765, 'generation': 445}","{'id': 32732, 'rank': 29, 'fitness': 0.028239523168186176, 'generation': 445}","{'id': 32690, 'rank': 30, 'fitness': 0.01798620996209155, 'generation': 445}"
"{'id': 32270, 'rank': 1, 'fitness': 0.9820137900379085, 'generation': 446}","{'id': 32270, 'rank': 2, 'fitness': 0.9820137900379085, 'generation': 446}","{'id': 32270, 'rank': 3, 'fitness': 0.9820137900379085, 'generation': 446}","{'id': 32270, 'rank': 4, 'fitness': 0.9820137900379085, 'generation': 446}","{'id': 32270, 'rank': 5, 'fitness': 0.9820137900379085, 'generation': 446}","{'id': 32270, 'rank': 6, 'fitness': 0.9820137900379085, 'generation': 446}","{'id': 32270, 'rank': 7, 'fitness': 0.9820137900379085, 'generation': 446}","{'id': 32270, 'rank': 8, 'fitness': 0.9820137900379085, 'generation': 446}","{'id': 32270, 'rank': 9, 'fitness': 0.9820137900379085, 'generation': 446}","{'id': 32270, 'rank': 10, 'fitness': 0.9820137900379085, 'generation': 446}","{'id': 32270, 'rank': 11, 'fitness': 0.9820137900379085, 'generation': 446}","{'id': 32270, 'rank': 12, 'fitness': 0.9820137900379085, 'generation': 446}","{'id': 32270, 'rank': 13, 'fitness': 0.9820137900379085, 'generation': 446}","{'id': 32270, 'rank': 14, 'fitness': 0.9820137900379085, 'generation': 446}","{'id': 32270, 'rank': 15, 'fitness': 0.9820137900379085, 'generation': 446}","{'id': 32270, 'rank': 16, 'fitness': 0.9820137900379085, 'generation': 446}","{'id': 32270, 'rank': 17, 'fitness': 0.9820137900379085, 'generation': 446}","{'id': 32270, 'rank': 18, 'fitness': 0.9820137900379085, 'generation': 446}","{'id': 32270, 'rank': 19, 'fitness': 0.9820137900379085, 'generation': 446}","{'id': 32270, 'rank': 20, 'fitness': 0.9820137900379085, 'generation': 446}","{'id': 32270, 'rank': 21, 'fitness': 0.9820137900379085, 'generation': 446}","{'id': 32270, 'rank': 22, 'fitness': 0.9820137900379085, 'generation': 446}","{'id': 31169, 'rank': 23, 'fitness': 0.9741202951541881, 'generation': 446}","{'id': 31169, 'rank': 24, 'fitness': 0.9741202951541881, 'generation': 446}","{'id': 31169, 'rank': 25, 'fitness': 0.9741202951541881, 'generation': 446}","{'id': 32726, 'rank': 26, 'fitness': 0.08887860334558106, 'generation': 446}","{'id': 32781, 'rank': 27, 'fitness': 0.08373985301231607, 'generation': 446}","{'id': 32761, 'rank': 28, 'fitness': 0.03777242652679491, 'generation': 446}","{'id': 32777, 'rank': 29, 'fitness': 0.019900718202241208, 'generation': 446}","{'id': 32776, 'rank': 30, 'fitness': 0.01798620996209155, 'generation': 446}"
"{'id': 32270, 'rank': 1, 'fitness': 0.9820137900379085, 'generation': 447}","{'id': 32270, 'rank': 2, 'fitness': 0.9820137900379085, 'generation': 447}","{'id': 32270, 'rank': 3, 'fitness': 0.9820137900379085, 'generation': 447}","{'id': 32270, 'rank': 4, 'fitness': 0.9820137900379085, 'generation': 447}","{'id': 32270, 'rank': 5, 'fitness': 0.9820137900379085, 'generation': 447}","{'id': 32270, 'rank': 6, 'fitness': 0.9820137900379085, 'generation': 447}","{'id': 32270, 'rank': 7, 'fitness': 0.9820137900379085, 'generation': 447}","{'id': 32270, 'rank': 8, 'fitness': 0.9820137900379085, 'generation': 447}","{'id': 32270, 'rank': 9, 'fitness': 0.9820137900379085, 'generation': 447}","{'id': 32270, 'rank': 10, 'fitness': 0.9820137900379085, 'generation': 447}","{'id': 32270, 'rank': 11, 'fitness': 0.9820137900379085, 'generation': 447}","{'id': 32270, 'rank': 12, 'fitness': 0.9820137900379085, 'generation': 447}","{'id': 32270, 'rank': 13, 'fitness': 0.9820137900379085, 'generation': 447}","{'id': 32270, 'rank': 14, 'fitness': 0.9820137900379085, 'generation': 447}","{'id': 32270, 'rank': 15, 'fitness': 0.9820137900379085, 'generation': 447}","{'id': 32270, 'rank': 16, 'fitness': 0.9820137900379085, 'generation': 447}","{'id': 32270, 'rank': 17, 'fitness': 0.9820137900379085, 'generation': 447}","{'id': 32270, 'rank': 18, 'fitness': 0.9820137900379085, 'generation': 447}","{'id': 32270, 'rank': 19, 'fitness': 0.9820137900379085, 'generation': 447}","{'id': 32270, 'rank': 20, 'fitness': 0.9820137900379085, 'generation': 447}","{'id': 32270, 'rank': 21, 'fitness': 0.9820137900379085, 'generation': 447}","{'id': 32270, 'rank': 22, 'fitness': 0.9820137900379085, 'generation': 447}","{'id': 32270, 'rank': 23, 'fitness': 0.9820137900379085, 'generation': 447}","{'id': 32270, 'rank': 24, 'fitness': 0.9820137900379085, 'generation': 447}","{'id': 31169, 'rank': 25, 'fitness': 0.9739218876117368, 'generation': 447}","{'id': 32840, 'rank': 26, 'fitness': 0.6753726961581779, 'generation': 447}","{'id': 32818, 'rank': 27, 'fitness': 0.6229733159869799, 'generation': 447}","{'id': 32817, 'rank': 28, 'fitness': 0.03136532454176272, 'generation': 447}","{'id': 32833, 'rank': 29, 'fitness': 0.01798620996209155, 'generation': 447}","{'id': 32833, 'rank': 30, 'fitness': 0.01798620996209155, 'generation': 447}"
"{'id': 32270, 'rank': 1, 'fitness': 0.9820137900379085, 'generation': 448}","{'id': 32270, 'rank': 2, 'fitness': 0.9820137900379085, 'generation': 448}","{'id': 32270, 'rank': 3, 'fitness': 0.9820137900379085, 'generation': 448}","{'id': 32270, 'rank': 4, 'fitness': 0.9820137900379085, 'generation': 448}","{'id': 32270, 'rank': 5, 'fitness': 0.9820137900379085, 'generation': 448}","{'id': 32270, 'rank': 6, 'fitness': 0.9820137900379085, 'generation': 448}","{'id': 32270, 'rank': 7, 'fitness': 0.9820137900379085, 'generation': 448}","{'id': 32270, 'rank': 8, 'fitness': 0.9820137900379085, 'generation': 448}","{'id': 32270, 'rank': 9, 'fitness': 0.9820137900379085, 'generation': 448}","{'id': 32270, 'rank': 10, 'fitness': 0.9820137900379085, 'generation': 448}","{'id': 32270, 'rank': 11, 'fitness': 0.9820137900379085, 'generation': 448}","{'id': 32270, 'rank': 12, 'fitness': 0.9820137900379085, 'generation': 448}","{'id': 32270, 'rank': 13, 'fitness': 0.9820137900379085, 'generation': 448}","{'id': 32270, 'rank': 14, 'fitness': 0.9820137900379085, 'generation': 448}","{'id': 32270, 'rank': 15, 'fitness': 0.9820137900379085, 'generation': 448}","{'id': 32270, 'rank': 16, 'fitness': 0.9820137900379085, 'generation': 448}","{'id': 32270, 'rank': 17, 'fitness': 0.9820137900379085, 'generation': 448}","{'id': 32270, 'rank': 18, 'fitness': 0.9820137900379085, 'generation': 448}","{'id': 32270, 'rank': 19, 'fitness': 0.9820137900379085, 'generation': 448}","{'id': 32270, 'rank': 20, 'fitness': 0.9820137900379085, 'generation': 448}","{'id': 32270, 'rank': 21, 'fitness': 0.9820137900379085, 'generation': 448}","{'id': 32270, 'rank': 22, 'fitness': 0.9820137900379085, 'generation': 448}","{'id': 32270, 'rank': 23, 'fitness': 0.9820137900379085, 'generation': 448}","{'id': 32270, 'rank': 24, 'fitness': 0.9820137900379085, 'generation': 448}","{'id': 32270, 'rank': 25, 'fitness': 0.9820137900379085, 'generation': 448}","{'id': 32270, 'rank': 26, 'fitness': 0.9820137900379085, 'generation': 448}","{'id': 32917, 'rank': 27, 'fitness': 0.6582209180869995, 'generation': 448}","{'id': 32902, 'rank': 28, 'fitness': 0.39699194827881945, 'generation': 448}","{'id': 32962, 'rank': 29, 'fitness': 0.11383057977118177, 'generation': 448}","{'id': 32961, 'rank': 30, 'fitness': 0.01798620996209155, 'generation': 448}"
"{'id': 32270, 'rank': 1, 'fitness': 0.9820137900379085, 'generation': 449}","{'id': 32270, 'rank': 2, 'fitness': 0.9820137900379085, 'generation': 449}","{'id': 32270, 'rank': 3, 'fitness': 0.9820137900379085, 'generation': 449}","{'id': 32270, 'rank': 4, 'fitness': 0.9820137900379085, 'generation': 449}","{'id': 32270, 'rank': 5, 'fitness': 0.9820137900379085, 'generation': 449}","{'id': 32270, 'rank': 6, 'fitness': 0.9820137900379085, 'generation': 449}","{'id': 32270, 'rank': 7, 'fitness': 0.9820137900379085, 'generation': 449}","{'id': 32270, 'rank': 8, 'fitness': 0.9820137900379085, 'generation': 449}","{'id': 32270, 'rank': 9, 'fitness': 0.9820137900379085, 'generation': 449}","{'id': 32270, 'rank': 10, 'fitness': 0.9820137900379085, 'generation': 449}","{'id': 32270, 'rank': 11, 'fitness': 0.9820137900379085, 'generation': 449}","{'id': 32270, 'rank': 12, 'fitness': 0.9820137900379085, 'generation': 449}","{'id': 32270, 'rank': 13, 'fitness': 0.9820137900379085, 'generation': 449}","{'id': 32270, 'rank': 14, 'fitness': 0.9820137900379085, 'generation': 449}","{'id': 32270, 'rank': 15, 'fitness': 0.9820137900379085, 'generation': 449}","{'id': 32270, 'rank': 16, 'fitness': 0.9820137900379085, 'generation': 449}","{'id': 32270, 'rank': 17, 'fitness': 0.9820137900379085, 'generation': 449}","{'id': 32270, 'rank': 18, 'fitness': 0.9820137900379085, 'generation': 449}","{'id': 32270, 'rank': 19, 'fitness': 0.9820137900379085, 'generation': 449}","{'id': 32270, 'rank': 20, 'fitness': 0.9820137900379085, 'generation': 449}","{'id': 32270, 'rank': 21, 'fitness': 0.9820137900379085, 'generation': 449}","{'id': 32270, 'rank': 22, 'fitness': 0.9820137900379085, 'generation': 449}","{'id': 32270, 'rank': 23, 'fitness': 0.9820137900379085, 'generation': 449}","{'id': 32270, 'rank': 24, 'fitness': 0.9820137900379085, 'generation': 449}","{'id': 32270, 'rank': 25, 'fitness': 0.9820137900379085, 'generation': 449}","{'id': 32270, 'rank': 26, 'fitness': 0.9820137900379085, 'generation': 449}","{'id': 32917, 'rank': 27, 'fitness': 0.5893979468624173, 'generation': 449}","{'id': 33021, 'rank': 28, 'fitness': 0.18426486832151245, 'generation': 449}","{'id': 33001, 'rank': 29, 'fitness': 0.09964142144786237, 'generation': 449}","{'id': 33044, 'rank': 30, 'fitness': 0.01798620996209155, 'generation': 449}"
"{'id': 32270, 'rank': 1, 'fitness': 0.9820137900379085, 'generation': 450}","{'id': 32270, 'rank': 2, 'fitness': 0.9820137900379085, 'generation': 450}","{'id': 32270, 'rank': 3, 'fitness': 0.9820137900379085, 'generation': 450}","{'id': 32270, 'rank': 4, 'fitness': 0.9820137900379085, 'generation': 450}","{'id': 32270, 'rank': 5, 'fitness': 0.9820137900379085, 'generation': 450}","{'id': 32270, 'rank': 6, 'fitness': 0.9820137900379085, 'generation': 450}","{'id': 32270, 'rank': 7, 'fitness': 0.9820137900379085, 'generation': 450}","{'id': 32270, 'rank': 8, 'fitness': 0.9820137900379085, 'generation': 450}","{'id': 32270, 'rank': 9, 'fitness': 0.9820137900379085, 'generation': 450}","{'id': 32270, 'rank': 10, 'fitness': 0.9820137900379085, 'generation': 450}","{'id': 32270, 'rank': 11, 'fitness': 0.9820137900379085, 'generation': 450}","{'id': 32270, 'rank': 12, 'fitness': 0.9820137900379085, 'generation': 450}","{'id': 32270, 'rank': 13, 'fitness': 0.9820137900379085, 'generation': 450}","{'id': 32270, 'rank': 14, 'fitness': 0.9820137900379085, 'generation': 450}","{'id': 32270, 'rank': 15, 'fitness': 0.9820137900379085, 'generation': 450}","{'id': 32270, 'rank': 16, 'fitness': 0.9820137900379085, 'generation': 450}","{'id': 32270, 'rank': 17, 'fitness': 0.9820137900379085, 'generation': 450}","{'id': 32270, 'rank': 18, 'fitness': 0.9820137900379085, 'generation': 450}","{'id': 32270, 'rank': 19, 'fitness': 0.9820137900379085, 'generation': 450}","{'id': 32270, 'rank': 20, 'fitness': 0.9820137900379085, 'generation': 450}","{'id': 32270, 'rank': 21, 'fitness': 0.9820137900379085, 'generation': 450}","{'id': 32270, 'rank': 22, 'fitness': 0.9820137900379085, 'generation': 450}","{'id': 32270, 'rank': 23, 'fitness': 0.9820137900379085, 'generation': 450}","{'id': 33094, 'rank': 24, 'fitness': 0.9736432995157804, 'generation': 450}","{'id': 33001, 'rank': 25, 'fitness': 0.29863272016396514, 'generation': 450}","{'id': 33135, 'rank': 26, 'fitness': 0.19592498277189513, 'generation': 450}","{'id': 33089, 'rank': 27, 'fitness': 0.09429113620697571, 'generation': 450}","{'id': 33059, 'rank': 28, 'fitness': 0.08303878900087736, 'generation': 450}","{'id': 33126, 'rank': 29, 'fitness': 0.0754295892585286, 'generation': 450}","{'id': 33060, 'rank': 30, 'fitness': 0.01798620996209155, 'generation': 450}"
"{'id': 32270, 'rank': 1, 'fitness': 0.9820137900379085, 'generation': 451}","{'id': 32270, 'rank': 2, 'fitness': 0.9820137900379085, 'generation': 451}","{'id': 32270, 'rank': 3, 'fitness': 0.9820137900379085, 'generation': 451}","{'id': 32270, 'rank': 4, 'fitness': 0.9820137900379085, 'generation': 451}","{'id': 32270, 'rank': 5, 'fitness': 0.9820137900379085, 'generation': 451}","{'id': 32270, 'rank': 6, 'fitness': 0.9820137900379085, 'generation': 451}","{'id': 32270, 'rank': 7, 'fitness': 0.9820137900379085, 'generation': 451}","{'id': 32270, 'rank': 8, 'fitness': 0.9820137900379085, 'generation': 451}","{'id': 32270, 'rank': 9, 'fitness': 0.9820137900379085, 'generation': 451}","{'id': 32270, 'rank': 10, 'fitness': 0.9820137900379085, 'generation': 451}","{'id': 32270, 'rank': 11, 'fitness': 0.9820137900379085, 'generation': 451}","{'id': 32270, 'rank': 12, 'fitness': 0.9820137900379085, 'generation': 451}","{'id': 32270, 'rank': 13, 'fitness': 0.9820137900379085, 'generation': 451}","{'id': 32270, 'rank': 14, 'fitness': 0.9820137900379085, 'generation': 451}","{'id': 32270, 'rank': 15, 'fitness': 0.9820137900379085, 'generation': 451}","{'id': 32270, 'rank': 16, 'fitness': 0.9820137900379085, 'generation': 451}","{'id': 32270, 'rank': 17, 'fitness': 0.9820137900379085, 'generation': 451}","{'id': 32270, 'rank': 18, 'fitness': 0.9820137900379085, 'generation': 451}","{'id': 32270, 'rank': 19, 'fitness': 0.9820137900379085, 'generation': 451}","{'id': 32270, 'rank': 20, 'fitness': 0.9820137900379085, 'generation': 451}","{'id': 32270, 'rank': 21, 'fitness': 0.9820137900379085, 'generation': 451}","{'id': 32270, 'rank': 22, 'fitness': 0.9820137900379085, 'generation': 451}","{'id': 32270, 'rank': 23, 'fitness': 0.9820137900379085, 'generation': 451}","{'id': 32270, 'rank': 24, 'fitness': 0.9820137900379085, 'generation': 451}","{'id': 32270, 'rank': 25, 'fitness': 0.9820137900379085, 'generation': 451}","{'id': 32270, 'rank': 26, 'fitness': 0.9820137900379085, 'generation': 451}","{'id': 32270, 'rank': 27, 'fitness': 0.9820137900379085, 'generation': 451}","{'id': 33203, 'rank': 28, 'fitness': 0.8107770739974272, 'generation': 451}","{'id': 33160, 'rank': 29, 'fitness': 0.4563650158753081, 'generation': 451}","{'id': 33202, 'rank': 30, 'fitness': 0.01798620996209155, 'generation': 451}"
"{'id': 32270, 'rank': 1, 'fitness': 0.9820137900379085, 'generation': 452}","{'id': 32270, 'rank': 2, 'fitness': 0.9820137900379085, 'generation': 452}","{'id': 32270, 'rank': 3, 'fitness': 0.9820137900379085, 'generation': 452}","{'id': 32270, 'rank': 4, 'fitness': 0.9820137900379085, 'generation': 452}","{'id': 32270, 'rank': 5, 'fitness': 0.9820137900379085, 'generation': 452}","{'id': 32270, 'rank': 6, 'fitness': 0.9820137900379085, 'generation': 452}","{'id': 32270, 'rank': 7, 'fitness': 0.9820137900379085, 'generation': 452}","{'id': 32270, 'rank': 8, 'fitness': 0.9820137900379085, 'generation': 452}","{'id': 32270, 'rank': 9, 'fitness': 0.9820137900379085, 'generation': 452}","{'id': 32270, 'rank': 10, 'fitness': 0.9820137900379085, 'generation': 452}","{'id': 32270, 'rank': 11, 'fitness': 0.9820137900379085, 'generation': 452}","{'id': 32270, 'rank': 12, 'fitness': 0.9820137900379085, 'generation': 452}","{'id': 32270, 'rank': 13, 'fitness': 0.9820137900379085, 'generation': 452}","{'id': 32270, 'rank': 14, 'fitness': 0.9820137900379085, 'generation': 452}","{'id': 32270, 'rank': 15, 'fitness': 0.9820137900379085, 'generation': 452}","{'id': 32270, 'rank': 16, 'fitness': 0.9820137900379085, 'generation': 452}","{'id': 32270, 'rank': 17, 'fitness': 0.9820137900379085, 'generation': 452}","{'id': 32270, 'rank': 18, 'fitness': 0.9820137900379085, 'generation': 452}","{'id': 32270, 'rank': 19, 'fitness': 0.9820137900379085, 'generation': 452}","{'id': 32270, 'rank': 20, 'fitness': 0.9820137900379085, 'generation': 452}","{'id': 32270, 'rank': 21, 'fitness': 0.9820137900379085, 'generation': 452}","{'id': 32270, 'rank': 22, 'fitness': 0.9820137900379085, 'generation': 452}","{'id': 32270, 'rank': 23, 'fitness': 0.9820137900379085, 'generation': 452}","{'id': 32270, 'rank': 24, 'fitness': 0.9820137900379085, 'generation': 452}","{'id': 32270, 'rank': 25, 'fitness': 0.9820137900379085, 'generation': 452}","{'id': 32270, 'rank': 26, 'fitness': 0.9820137900379085, 'generation': 452}","{'id': 32270, 'rank': 27, 'fitness': 0.9820137900379085, 'generation': 452}","{'id': 32270, 'rank': 28, 'fitness': 0.9820137900379085, 'generation': 452}","{'id': 33203, 'rank': 29, 'fitness': 0.48557531898591616, 'generation': 452}","{'id': 33296, 'rank': 30, 'fitness': 0.01798620996209155, 'generation': 452}"
"{'id': 32270, 'rank': 1, 'fitness': 0.9820137900379085, 'generation': 453}","{'id': 32270, 'rank': 2, 'fitness': 0.9820137900379085, 'generation': 453}","{'id': 32270, 'rank': 3, 'fitness': 0.9820137900379085, 'generation': 453}","{'id': 32270, 'rank': 4, 'fitness': 0.9820137900379085, 'generation': 453}","{'id': 32270, 'rank': 5, 'fitness': 0.9820137900379085, 'generation': 453}","{'id': 32270, 'rank': 6, 'fitness': 0.9820137900379085, 'generation': 453}","{'id': 32270, 'rank': 7, 'fitness': 0.9820137900379085, 'generation': 453}","{'id': 32270, 'rank': 8, 'fitness': 0.9820137900379085, 'generation': 453}","{'id': 32270, 'rank': 9, 'fitness': 0.9820137900379085, 'generation': 453}","{'id': 32270, 'rank': 10, 'fitness': 0.9820137900379085, 'generation': 453}","{'id': 32270, 'rank': 11, 'fitness': 0.9820137900379085, 'generation': 453}","{'id': 32270, 'rank': 12, 'fitness': 0.9820137900379085, 'generation': 453}","{'id': 32270, 'rank': 13, 'fitness': 0.9820137900379085, 'generation': 453}","{'id': 32270, 'rank': 14, 'fitness': 0.9820137900379085, 'generation': 453}","{'id': 32270, 'rank': 15, 'fitness': 0.9820137900379085, 'generation': 453}","{'id': 32270, 'rank': 16, 'fitness': 0.9820137900379085, 'generation': 453}","{'id': 32270, 'rank': 17, 'fitness': 0.9820137900379085, 'generation': 453}","{'id': 32270, 'rank': 18, 'fitness': 0.9820137900379085, 'generation': 453}","{'id': 32270, 'rank': 19, 'fitness': 0.9820137900379085, 'generation': 453}","{'id': 32270, 'rank': 20, 'fitness': 0.9820137900379085, 'generation': 453}","{'id': 32270, 'rank': 21, 'fitness': 0.9820137900379085, 'generation': 453}","{'id': 32270, 'rank': 22, 'fitness': 0.9820137900379085, 'generation': 453}","{'id': 32270, 'rank': 23, 'fitness': 0.9820137900379085, 'generation': 453}","{'id': 32270, 'rank': 24, 'fitness': 0.9820137900379085, 'generation': 453}","{'id': 32270, 'rank': 25, 'fitness': 0.9820137900379085, 'generation': 453}","{'id': 32270, 'rank': 26, 'fitness': 0.9820137900379085, 'generation': 453}","{'id': 32270, 'rank': 27, 'fitness': 0.9820137900379085, 'generation': 453}","{'id': 33318, 'rank': 28, 'fitness': 0.3542025578221669, 'generation': 453}","{'id': 33376, 'rank': 29, 'fitness': 0.1681733714568518, 'generation': 453}","{'id': 33359, 'rank': 30, 'fitness': 0.01798620996209155, 'generation': 453}"
"{'id': 32270, 'rank': 1, 'fitness': 0.9820137900379085, 'generation': 454}","{'id': 32270, 'rank': 2, 'fitness': 0.9820137900379085, 'generation': 454}","{'id': 32270, 'rank': 3, 'fitness': 0.9820137900379085, 'generation': 454}","{'id': 32270, 'rank': 4, 'fitness': 0.9820137900379085, 'generation': 454}","{'id': 32270, 'rank': 5, 'fitness': 0.9820137900379085, 'generation': 454}","{'id': 32270, 'rank': 6, 'fitness': 0.9820137900379085, 'generation': 454}","{'id': 32270, 'rank': 7, 'fitness': 0.9820137900379085, 'generation': 454}","{'id': 32270, 'rank': 8, 'fitness': 0.9820137900379085, 'generation': 454}","{'id': 32270, 'rank': 9, 'fitness': 0.9820137900379085, 'generation': 454}","{'id': 32270, 'rank': 10, 'fitness': 0.9820137900379085, 'generation': 454}","{'id': 32270, 'rank': 11, 'fitness': 0.9820137900379085, 'generation': 454}","{'id': 32270, 'rank': 12, 'fitness': 0.9820137900379085, 'generation': 454}","{'id': 32270, 'rank': 13, 'fitness': 0.9820137900379085, 'generation': 454}","{'id': 32270, 'rank': 14, 'fitness': 0.9820137900379085, 'generation': 454}","{'id': 32270, 'rank': 15, 'fitness': 0.9820137900379085, 'generation': 454}","{'id': 32270, 'rank': 16, 'fitness': 0.9820137900379085, 'generation': 454}","{'id': 32270, 'rank': 17, 'fitness': 0.9820137900379085, 'generation': 454}","{'id': 32270, 'rank': 18, 'fitness': 0.9820137900379085, 'generation': 454}","{'id': 32270, 'rank': 19, 'fitness': 0.9820137900379085, 'generation': 454}","{'id': 32270, 'rank': 20, 'fitness': 0.9820137900379085, 'generation': 454}","{'id': 32270, 'rank': 21, 'fitness': 0.9820137900379085, 'generation': 454}","{'id': 32270, 'rank': 22, 'fitness': 0.9820137900379085, 'generation': 454}","{'id': 32270, 'rank': 23, 'fitness': 0.9820137900379085, 'generation': 454}","{'id': 32270, 'rank': 24, 'fitness': 0.9820137900379085, 'generation': 454}","{'id': 32270, 'rank': 25, 'fitness': 0.9820137900379085, 'generation': 454}","{'id': 33432, 'rank': 26, 'fitness': 0.7104254995680435, 'generation': 454}","{'id': 33414, 'rank': 27, 'fitness': 0.55011737388819, 'generation': 454}","{'id': 33414, 'rank': 28, 'fitness': 0.55011737388819, 'generation': 454}","{'id': 33422, 'rank': 29, 'fitness': 0.04801416068462222, 'generation': 454}","{'id': 33427, 'rank': 30, 'fitness': 0.01798620996209155, 'generation': 454}"
"{'id': 32270, 'rank': 1, 'fitness': 0.9820137900379085, 'generation': 455}","{'id': 32270, 'rank': 2, 'fitness': 0.9820137900379085, 'generation': 455}","{'id': 32270, 'rank': 3, 'fitness': 0.9820137900379085, 'generation': 455}","{'id': 32270, 'rank': 4, 'fitness': 0.9820137900379085, 'generation': 455}","{'id': 32270, 'rank': 5, 'fitness': 0.9820137900379085, 'generation': 455}","{'id': 32270, 'rank': 6, 'fitness': 0.9820137900379085, 'generation': 455}","{'id': 32270, 'rank': 7, 'fitness': 0.9820137900379085, 'generation': 455}","{'id': 32270, 'rank': 8, 'fitness': 0.9820137900379085, 'generation': 455}","{'id': 32270, 'rank': 9, 'fitness': 0.9820137900379085, 'generation': 455}","{'id': 32270, 'rank': 10, 'fitness': 0.9820137900379085, 'generation': 455}","{'id': 32270, 'rank': 11, 'fitness': 0.9820137900379085, 'generation': 455}","{'id': 32270, 'rank': 12, 'fitness': 0.9820137900379085, 'generation': 455}","{'id': 32270, 'rank': 13, 'fitness': 0.9820137900379085, 'generation': 455}","{'id': 32270, 'rank': 14, 'fitness': 0.9820137900379085, 'generation': 455}","{'id': 32270, 'rank': 15, 'fitness': 0.9820137900379085, 'generation': 455}","{'id': 32270, 'rank': 16, 'fitness': 0.9820137900379085, 'generation': 455}","{'id': 32270, 'rank': 17, 'fitness': 0.9820137900379085, 'generation': 455}","{'id': 32270, 'rank': 18, 'fitness': 0.9820137900379085, 'generation': 455}","{'id': 32270, 'rank': 19, 'fitness': 0.9820137900379085, 'generation': 455}","{'id': 32270, 'rank': 20, 'fitness': 0.9820137900379085, 'generation': 455}","{'id': 32270, 'rank': 21, 'fitness': 0.9820137900379085, 'generation': 455}","{'id': 32270, 'rank': 22, 'fitness': 0.9820137900379085, 'generation': 455}","{'id': 32270, 'rank': 23, 'fitness': 0.9820137900379085, 'generation': 455}","{'id': 32270, 'rank': 24, 'fitness': 0.9820137900379085, 'generation': 455}","{'id': 32270, 'rank': 25, 'fitness': 0.9820137900379085, 'generation': 455}","{'id': 33422, 'rank': 26, 'fitness': 0.31175305521781366, 'generation': 455}","{'id': 33530, 'rank': 27, 'fitness': 0.181187781519057, 'generation': 455}","{'id': 33490, 'rank': 28, 'fitness': 0.1113486127432125, 'generation': 455}","{'id': 33534, 'rank': 29, 'fitness': 0.05339792068564814, 'generation': 455}","{'id': 33462, 'rank': 30, 'fitness': 0.01798620996209155, 'generation': 455}"
"{'id': 32270, 'rank': 1, 'fitness': 0.9820137900379085, 'generation': 456}","{'id': 32270, 'rank': 2, 'fitness': 0.9820137900379085, 'generation': 456}","{'id': 32270, 'rank': 3, 'fitness': 0.9820137900379085, 'generation': 456}","{'id': 32270, 'rank': 4, 'fitness': 0.9820137900379085, 'generation': 456}","{'id': 32270, 'rank': 5, 'fitness': 0.9820137900379085, 'generation': 456}","{'id': 32270, 'rank': 6, 'fitness': 0.9820137900379085, 'generation': 456}","{'id': 32270, 'rank': 7, 'fitness': 0.9820137900379085, 'generation': 456}","{'id': 32270, 'rank': 8, 'fitness': 0.9820137900379085, 'generation': 456}","{'id': 32270, 'rank': 9, 'fitness': 0.9820137900379085, 'generation': 456}","{'id': 32270, 'rank': 10, 'fitness': 0.9820137900379085, 'generation': 456}","{'id': 32270, 'rank': 11, 'fitness': 0.9820137900379085, 'generation': 456}","{'id': 32270, 'rank': 12, 'fitness': 0.9820137900379085, 'generation': 456}","{'id': 32270, 'rank': 13, 'fitness': 0.9820137900379085, 'generation': 456}","{'id': 32270, 'rank': 14, 'fitness': 0.9820137900379085, 'generation': 456}","{'id': 32270, 'rank': 15, 'fitness': 0.9820137900379085, 'generation': 456}","{'id': 32270, 'rank': 16, 'fitness': 0.9820137900379085, 'generation': 456}","{'id': 32270, 'rank': 17, 'fitness': 0.9820137900379085, 'generation': 456}","{'id': 32270, 'rank': 18, 'fitness': 0.9820137900379085, 'generation': 456}","{'id': 32270, 'rank': 19, 'fitness': 0.9820137900379085, 'generation': 456}","{'id': 32270, 'rank': 20, 'fitness': 0.9820137900379085, 'generation': 456}","{'id': 32270, 'rank': 21, 'fitness': 0.9820137900379085, 'generation': 456}","{'id': 32270, 'rank': 22, 'fitness': 0.9820137900379085, 'generation': 456}","{'id': 33546, 'rank': 23, 'fitness': 0.5555585145943592, 'generation': 456}","{'id': 33621, 'rank': 24, 'fitness': 0.3438693193159594, 'generation': 456}","{'id': 33566, 'rank': 25, 'fitness': 0.11334655656823839, 'generation': 456}","{'id': 33566, 'rank': 26, 'fitness': 0.11334655656823839, 'generation': 456}","{'id': 33631, 'rank': 27, 'fitness': 0.05065307384513751, 'generation': 456}","{'id': 33562, 'rank': 28, 'fitness': 0.03960259764899787, 'generation': 456}","{'id': 33544, 'rank': 29, 'fitness': 0.029444137973771656, 'generation': 456}","{'id': 33616, 'rank': 30, 'fitness': 0.01798620996209155, 'generation': 456}"
"{'id': 32270, 'rank': 1, 'fitness': 0.9820137900379085, 'generation': 457}","{'id': 32270, 'rank': 2, 'fitness': 0.9820137900379085, 'generation': 457}","{'id': 32270, 'rank': 3, 'fitness': 0.9820137900379085, 'generation': 457}","{'id': 32270, 'rank': 4, 'fitness': 0.9820137900379085, 'generation': 457}","{'id': 32270, 'rank': 5, 'fitness': 0.9820137900379085, 'generation': 457}","{'id': 32270, 'rank': 6, 'fitness': 0.9820137900379085, 'generation': 457}","{'id': 32270, 'rank': 7, 'fitness': 0.9820137900379085, 'generation': 457}","{'id': 32270, 'rank': 8, 'fitness': 0.9820137900379085, 'generation': 457}","{'id': 32270, 'rank': 9, 'fitness': 0.9820137900379085, 'generation': 457}","{'id': 32270, 'rank': 10, 'fitness': 0.9820137900379085, 'generation': 457}","{'id': 32270, 'rank': 11, 'fitness': 0.9820137900379085, 'generation': 457}","{'id': 32270, 'rank': 12, 'fitness': 0.9820137900379085, 'generation': 457}","{'id': 32270, 'rank': 13, 'fitness': 0.9820137900379085, 'generation': 457}","{'id': 32270, 'rank': 14, 'fitness': 0.9820137900379085, 'generation': 457}","{'id': 32270, 'rank': 15, 'fitness': 0.9820137900379085, 'generation': 457}","{'id': 32270, 'rank': 16, 'fitness': 0.9820137900379085, 'generation': 457}","{'id': 32270, 'rank': 17, 'fitness': 0.9820137900379085, 'generation': 457}","{'id': 32270, 'rank': 18, 'fitness': 0.9820137900379085, 'generation': 457}","{'id': 32270, 'rank': 19, 'fitness': 0.9820137900379085, 'generation': 457}","{'id': 32270, 'rank': 20, 'fitness': 0.9820137900379085, 'generation': 457}","{'id': 32270, 'rank': 21, 'fitness': 0.9820137900379085, 'generation': 457}","{'id': 32270, 'rank': 22, 'fitness': 0.9820137900379085, 'generation': 457}","{'id': 33621, 'rank': 23, 'fitness': 0.733160628765158, 'generation': 457}","{'id': 33655, 'rank': 24, 'fitness': 0.6609451109704862, 'generation': 457}","{'id': 33566, 'rank': 25, 'fitness': 0.5257138973269412, 'generation': 457}","{'id': 33653, 'rank': 26, 'fitness': 0.448920154491303, 'generation': 457}","{'id': 33562, 'rank': 27, 'fitness': 0.3486398876348161, 'generation': 457}","{'id': 33562, 'rank': 28, 'fitness': 0.3486398876348161, 'generation': 457}","{'id': 33616, 'rank': 29, 'fitness': 0.24100642229885255, 'generation': 457}","{'id': 33676, 'rank': 30, 'fitness': 0.01798620996209155, 'generation': 457}"
"{'id': 32270, 'rank': 1, 'fitness': 0.9820137900379085, 'generation': 458}","{'id': 32270, 'rank': 2, 'fitness': 0.9820137900379085, 'generation': 458}","{'id': 32270, 'rank': 3, 'fitness': 0.9820137900379085, 'generation': 458}","{'id': 32270, 'rank': 4, 'fitness': 0.9820137900379085, 'generation': 458}","{'id': 32270, 'rank': 5, 'fitness': 0.9820137900379085, 'generation': 458}","{'id': 32270, 'rank': 6, 'fitness': 0.9820137900379085, 'generation': 458}","{'id': 32270, 'rank': 7, 'fitness': 0.9820137900379085, 'generation': 458}","{'id': 32270, 'rank': 8, 'fitness': 0.9820137900379085, 'generation': 458}","{'id': 32270, 'rank': 9, 'fitness': 0.9820137900379085, 'generation': 458}","{'id': 32270, 'rank': 10, 'fitness': 0.9820137900379085, 'generation': 458}","{'id': 32270, 'rank': 11, 'fitness': 0.9820137900379085, 'generation': 458}","{'id': 32270, 'rank': 12, 'fitness': 0.9820137900379085, 'generation': 458}","{'id': 32270, 'rank': 13, 'fitness': 0.9820137900379085, 'generation': 458}","{'id': 32270, 'rank': 14, 'fitness': 0.9820137900379085, 'generation': 458}","{'id': 32270, 'rank': 15, 'fitness': 0.9820137900379085, 'generation': 458}","{'id': 32270, 'rank': 16, 'fitness': 0.9820137900379085, 'generation': 458}","{'id': 32270, 'rank': 17, 'fitness': 0.9820137900379085, 'generation': 458}","{'id': 32270, 'rank': 18, 'fitness': 0.9820137900379085, 'generation': 458}","{'id': 32270, 'rank': 19, 'fitness': 0.9820137900379085, 'generation': 458}","{'id': 32270, 'rank': 20, 'fitness': 0.9820137900379085, 'generation': 458}","{'id': 32270, 'rank': 21, 'fitness': 0.9820137900379085, 'generation': 458}","{'id': 32270, 'rank': 22, 'fitness': 0.9820137900379085, 'generation': 458}","{'id': 33621, 'rank': 23, 'fitness': 0.6914882480754035, 'generation': 458}","{'id': 33621, 'rank': 24, 'fitness': 0.6914882480754035, 'generation': 458}","{'id': 33655, 'rank': 25, 'fitness': 0.6083775554634754, 'generation': 458}","{'id': 33726, 'rank': 26, 'fitness': 0.27109198659862443, 'generation': 458}","{'id': 33730, 'rank': 27, 'fitness': 0.1097246258596522, 'generation': 458}","{'id': 33711, 'rank': 28, 'fitness': 0.08933273168482214, 'generation': 458}","{'id': 33768, 'rank': 29, 'fitness': 0.061963481520504404, 'generation': 458}","{'id': 33708, 'rank': 30, 'fitness': 0.01798620996209155, 'generation': 458}"
"{'id': 32270, 'rank': 1, 'fitness': 0.9820137900379085, 'generation': 459}","{'id': 32270, 'rank': 2, 'fitness': 0.9820137900379085, 'generation': 459}","{'id': 32270, 'rank': 3, 'fitness': 0.9820137900379085, 'generation': 459}","{'id': 32270, 'rank': 4, 'fitness': 0.9820137900379085, 'generation': 459}","{'id': 32270, 'rank': 5, 'fitness': 0.9820137900379085, 'generation': 459}","{'id': 32270, 'rank': 6, 'fitness': 0.9820137900379085, 'generation': 459}","{'id': 32270, 'rank': 7, 'fitness': 0.9820137900379085, 'generation': 459}","{'id': 32270, 'rank': 8, 'fitness': 0.9820137900379085, 'generation': 459}","{'id': 32270, 'rank': 9, 'fitness': 0.9820137900379085, 'generation': 459}","{'id': 32270, 'rank': 10, 'fitness': 0.9820137900379085, 'generation': 459}","{'id': 32270, 'rank': 11, 'fitness': 0.9820137900379085, 'generation': 459}","{'id': 32270, 'rank': 12, 'fitness': 0.9820137900379085, 'generation': 459}","{'id': 32270, 'rank': 13, 'fitness': 0.9820137900379085, 'generation': 459}","{'id': 32270, 'rank': 14, 'fitness': 0.9820137900379085, 'generation': 459}","{'id': 32270, 'rank': 15, 'fitness': 0.9820137900379085, 'generation': 459}","{'id': 32270, 'rank': 16, 'fitness': 0.9820137900379085, 'generation': 459}","{'id': 32270, 'rank': 17, 'fitness': 0.9820137900379085, 'generation': 459}","{'id': 32270, 'rank': 18, 'fitness': 0.9820137900379085, 'generation': 459}","{'id': 32270, 'rank': 19, 'fitness': 0.9820137900379085, 'generation': 459}","{'id': 32270, 'rank': 20, 'fitness': 0.9820137900379085, 'generation': 459}","{'id': 32270, 'rank': 21, 'fitness': 0.9820137900379085, 'generation': 459}","{'id': 32270, 'rank': 22, 'fitness': 0.9820137900379085, 'generation': 459}","{'id': 33621, 'rank': 23, 'fitness': 0.6328649330876375, 'generation': 459}","{'id': 33621, 'rank': 24, 'fitness': 0.6328649330876375, 'generation': 459}","{'id': 33853, 'rank': 25, 'fitness': 0.25493899003525866, 'generation': 459}","{'id': 33804, 'rank': 26, 'fitness': 0.24518935127440722, 'generation': 459}","{'id': 33779, 'rank': 27, 'fitness': 0.11089238682149949, 'generation': 459}","{'id': 33787, 'rank': 28, 'fitness': 0.09168301543460122, 'generation': 459}","{'id': 33790, 'rank': 29, 'fitness': 0.0888327811205506, 'generation': 459}","{'id': 33803, 'rank': 30, 'fitness': 0.01798620996209155, 'generation': 459}"
"{'id': 32270, 'rank': 1, 'fitness': 0.9820137900379085, 'generation': 460}","{'id': 32270, 'rank': 2, 'fitness': 0.9820137900379085, 'generation': 460}","{'id': 32270, 'rank': 3, 'fitness': 0.9820137900379085, 'generation': 460}","{'id': 32270, 'rank': 4, 'fitness': 0.9820137900379085, 'generation': 460}","{'id': 32270, 'rank': 5, 'fitness': 0.9820137900379085, 'generation': 460}","{'id': 32270, 'rank': 6, 'fitness': 0.9820137900379085, 'generation': 460}","{'id': 32270, 'rank': 7, 'fitness': 0.9820137900379085, 'generation': 460}","{'id': 32270, 'rank': 8, 'fitness': 0.9820137900379085, 'generation': 460}","{'id': 32270, 'rank': 9, 'fitness': 0.9820137900379085, 'generation': 460}","{'id': 32270, 'rank': 10, 'fitness': 0.9820137900379085, 'generation': 460}","{'id': 32270, 'rank': 11, 'fitness': 0.9820137900379085, 'generation': 460}","{'id': 32270, 'rank': 12, 'fitness': 0.9820137900379085, 'generation': 460}","{'id': 32270, 'rank': 13, 'fitness': 0.9820137900379085, 'generation': 460}","{'id': 32270, 'rank': 14, 'fitness': 0.9820137900379085, 'generation': 460}","{'id': 32270, 'rank': 15, 'fitness': 0.9820137900379085, 'generation': 460}","{'id': 32270, 'rank': 16, 'fitness': 0.9820137900379085, 'generation': 460}","{'id': 32270, 'rank': 17, 'fitness': 0.9820137900379085, 'generation': 460}","{'id': 32270, 'rank': 18, 'fitness': 0.9820137900379085, 'generation': 460}","{'id': 32270, 'rank': 19, 'fitness': 0.9820137900379085, 'generation': 460}","{'id': 32270, 'rank': 20, 'fitness': 0.9820137900379085, 'generation': 460}","{'id': 32270, 'rank': 21, 'fitness': 0.9820137900379085, 'generation': 460}","{'id': 32270, 'rank': 22, 'fitness': 0.9820137900379085, 'generation': 460}","{'id': 32270, 'rank': 23, 'fitness': 0.9820137900379085, 'generation': 460}","{'id': 32270, 'rank': 24, 'fitness': 0.9820137900379085, 'generation': 460}","{'id': 32270, 'rank': 25, 'fitness': 0.9820137900379085, 'generation': 460}","{'id': 32270, 'rank': 26, 'fitness': 0.9820137900379085, 'generation': 460}","{'id': 33918, 'rank': 27, 'fitness': 0.670918006011838, 'generation': 460}","{'id': 33621, 'rank': 28, 'fitness': 0.5732460883217434, 'generation': 460}","{'id': 33907, 'rank': 29, 'fitness': 0.2021735192871844, 'generation': 460}","{'id': 33927, 'rank': 30, 'fitness': 0.01798620996209155, 'generation': 460}"
"{'id': 32270, 'rank': 1, 'fitness': 0.9820137900379085, 'generation': 461}","{'id': 32270, 'rank': 2, 'fitness': 0.9820137900379085, 'generation': 461}","{'id': 32270, 'rank': 3, 'fitness': 0.9820137900379085, 'generation': 461}","{'id': 32270, 'rank': 4, 'fitness': 0.9820137900379085, 'generation': 461}","{'id': 32270, 'rank': 5, 'fitness': 0.9820137900379085, 'generation': 461}","{'id': 32270, 'rank': 6, 'fitness': 0.9820137900379085, 'generation': 461}","{'id': 32270, 'rank': 7, 'fitness': 0.9820137900379085, 'generation': 461}","{'id': 32270, 'rank': 8, 'fitness': 0.9820137900379085, 'generation': 461}","{'id': 32270, 'rank': 9, 'fitness': 0.9820137900379085, 'generation': 461}","{'id': 32270, 'rank': 10, 'fitness': 0.9820137900379085, 'generation': 461}","{'id': 32270, 'rank': 11, 'fitness': 0.9820137900379085, 'generation': 461}","{'id': 32270, 'rank': 12, 'fitness': 0.9820137900379085, 'generation': 461}","{'id': 32270, 'rank': 13, 'fitness': 0.9820137900379085, 'generation': 461}","{'id': 32270, 'rank': 14, 'fitness': 0.9820137900379085, 'generation': 461}","{'id': 32270, 'rank': 15, 'fitness': 0.9820137900379085, 'generation': 461}","{'id': 32270, 'rank': 16, 'fitness': 0.9820137900379085, 'generation': 461}","{'id': 32270, 'rank': 17, 'fitness': 0.9820137900379085, 'generation': 461}","{'id': 32270, 'rank': 18, 'fitness': 0.9820137900379085, 'generation': 461}","{'id': 32270, 'rank': 19, 'fitness': 0.9820137900379085, 'generation': 461}","{'id': 32270, 'rank': 20, 'fitness': 0.9820137900379085, 'generation': 461}","{'id': 32270, 'rank': 21, 'fitness': 0.9820137900379085, 'generation': 461}","{'id': 32270, 'rank': 22, 'fitness': 0.9820137900379085, 'generation': 461}","{'id': 32270, 'rank': 23, 'fitness': 0.9820137900379085, 'generation': 461}","{'id': 32270, 'rank': 24, 'fitness': 0.9820137900379085, 'generation': 461}","{'id': 32270, 'rank': 25, 'fitness': 0.9820137900379085, 'generation': 461}","{'id': 32270, 'rank': 26, 'fitness': 0.9820137900379085, 'generation': 461}","{'id': 32270, 'rank': 27, 'fitness': 0.9820137900379085, 'generation': 461}","{'id': 34009, 'rank': 28, 'fitness': 0.6995503709901064, 'generation': 461}","{'id': 33621, 'rank': 29, 'fitness': 0.01798620996209155, 'generation': 461}","{'id': 33621, 'rank': 30, 'fitness': 0.01798620996209155, 'generation': 461}"
"{'id': 32270, 'rank': 1, 'fitness': 0.9820137900379085, 'generation': 462}","{'id': 32270, 'rank': 2, 'fitness': 0.9820137900379085, 'generation': 462}","{'id': 32270, 'rank': 3, 'fitness': 0.9820137900379085, 'generation': 462}","{'id': 32270, 'rank': 4, 'fitness': 0.9820137900379085, 'generation': 462}","{'id': 32270, 'rank': 5, 'fitness': 0.9820137900379085, 'generation': 462}","{'id': 32270, 'rank': 6, 'fitness': 0.9820137900379085, 'generation': 462}","{'id': 32270, 'rank': 7, 'fitness': 0.9820137900379085, 'generation': 462}","{'id': 32270, 'rank': 8, 'fitness': 0.9820137900379085, 'generation': 462}","{'id': 32270, 'rank': 9, 'fitness': 0.9820137900379085, 'generation': 462}","{'id': 32270, 'rank': 10, 'fitness': 0.9820137900379085, 'generation': 462}","{'id': 32270, 'rank': 11, 'fitness': 0.9820137900379085, 'generation': 462}","{'id': 32270, 'rank': 12, 'fitness': 0.9820137900379085, 'generation': 462}","{'id': 32270, 'rank': 13, 'fitness': 0.9820137900379085, 'generation': 462}","{'id': 32270, 'rank': 14, 'fitness': 0.9820137900379085, 'generation': 462}","{'id': 32270, 'rank': 15, 'fitness': 0.9820137900379085, 'generation': 462}","{'id': 32270, 'rank': 16, 'fitness': 0.9820137900379085, 'generation': 462}","{'id': 32270, 'rank': 17, 'fitness': 0.9820137900379085, 'generation': 462}","{'id': 32270, 'rank': 18, 'fitness': 0.9820137900379085, 'generation': 462}","{'id': 32270, 'rank': 19, 'fitness': 0.9820137900379085, 'generation': 462}","{'id': 32270, 'rank': 20, 'fitness': 0.9820137900379085, 'generation': 462}","{'id': 32270, 'rank': 21, 'fitness': 0.9820137900379085, 'generation': 462}","{'id': 32270, 'rank': 22, 'fitness': 0.9820137900379085, 'generation': 462}","{'id': 34009, 'rank': 23, 'fitness': 0.9514811882919886, 'generation': 462}","{'id': 34086, 'rank': 24, 'fitness': 0.8772302977971758, 'generation': 462}","{'id': 34086, 'rank': 25, 'fitness': 0.8772302977971758, 'generation': 462}","{'id': 34022, 'rank': 26, 'fitness': 0.877034617410683, 'generation': 462}","{'id': 33621, 'rank': 27, 'fitness': 0.8027434491746572, 'generation': 462}","{'id': 34104, 'rank': 28, 'fitness': 0.465930059779605, 'generation': 462}","{'id': 34099, 'rank': 29, 'fitness': 0.4563281459107027, 'generation': 462}","{'id': 34103, 'rank': 30, 'fitness': 0.01798620996209155, 'generation': 462}"
"{'id': 32270, 'rank': 1, 'fitness': 0.9820137900379085, 'generation': 463}","{'id': 32270, 'rank': 2, 'fitness': 0.9820137900379085, 'generation': 463}","{'id': 32270, 'rank': 3, 'fitness': 0.9820137900379085, 'generation': 463}","{'id': 32270, 'rank': 4, 'fitness': 0.9820137900379085, 'generation': 463}","{'id': 32270, 'rank': 5, 'fitness': 0.9820137900379085, 'generation': 463}","{'id': 32270, 'rank': 6, 'fitness': 0.9820137900379085, 'generation': 463}","{'id': 32270, 'rank': 7, 'fitness': 0.9820137900379085, 'generation': 463}","{'id': 32270, 'rank': 8, 'fitness': 0.9820137900379085, 'generation': 463}","{'id': 32270, 'rank': 9, 'fitness': 0.9820137900379085, 'generation': 463}","{'id': 32270, 'rank': 10, 'fitness': 0.9820137900379085, 'generation': 463}","{'id': 32270, 'rank': 11, 'fitness': 0.9820137900379085, 'generation': 463}","{'id': 32270, 'rank': 12, 'fitness': 0.9820137900379085, 'generation': 463}","{'id': 32270, 'rank': 13, 'fitness': 0.9820137900379085, 'generation': 463}","{'id': 32270, 'rank': 14, 'fitness': 0.9820137900379085, 'generation': 463}","{'id': 32270, 'rank': 15, 'fitness': 0.9820137900379085, 'generation': 463}","{'id': 32270, 'rank': 16, 'fitness': 0.9820137900379085, 'generation': 463}","{'id': 32270, 'rank': 17, 'fitness': 0.9820137900379085, 'generation': 463}","{'id': 32270, 'rank': 18, 'fitness': 0.9820137900379085, 'generation': 463}","{'id': 32270, 'rank': 19, 'fitness': 0.9820137900379085, 'generation': 463}","{'id': 32270, 'rank': 20, 'fitness': 0.9820137900379085, 'generation': 463}","{'id': 32270, 'rank': 21, 'fitness': 0.9820137900379085, 'generation': 463}","{'id': 32270, 'rank': 22, 'fitness': 0.9820137900379085, 'generation': 463}","{'id': 32270, 'rank': 23, 'fitness': 0.9820137900379085, 'generation': 463}","{'id': 32270, 'rank': 24, 'fitness': 0.9820137900379085, 'generation': 463}","{'id': 34172, 'rank': 25, 'fitness': 0.8914443013530717, 'generation': 463}","{'id': 34154, 'rank': 26, 'fitness': 0.5401946834807574, 'generation': 463}","{'id': 34190, 'rank': 27, 'fitness': 0.5381532095117023, 'generation': 463}","{'id': 34145, 'rank': 28, 'fitness': 0.28412783594806656, 'generation': 463}","{'id': 34169, 'rank': 29, 'fitness': 0.1807501958777245, 'generation': 463}","{'id': 34129, 'rank': 30, 'fitness': 0.01798620996209155, 'generation': 463}"
"{'id': 32270, 'rank': 1, 'fitness': 0.9820137900379085, 'generation': 464}","{'id': 32270, 'rank': 2, 'fitness': 0.9820137900379085, 'generation': 464}","{'id': 32270, 'rank': 3, 'fitness': 0.9820137900379085, 'generation': 464}","{'id': 32270, 'rank': 4, 'fitness': 0.9820137900379085, 'generation': 464}","{'id': 32270, 'rank': 5, 'fitness': 0.9820137900379085, 'generation': 464}","{'id': 32270, 'rank': 6, 'fitness': 0.9820137900379085, 'generation': 464}","{'id': 32270, 'rank': 7, 'fitness': 0.9820137900379085, 'generation': 464}","{'id': 32270, 'rank': 8, 'fitness': 0.9820137900379085, 'generation': 464}","{'id': 32270, 'rank': 9, 'fitness': 0.9820137900379085, 'generation': 464}","{'id': 32270, 'rank': 10, 'fitness': 0.9820137900379085, 'generation': 464}","{'id': 32270, 'rank': 11, 'fitness': 0.9820137900379085, 'generation': 464}","{'id': 32270, 'rank': 12, 'fitness': 0.9820137900379085, 'generation': 464}","{'id': 32270, 'rank': 13, 'fitness': 0.9820137900379085, 'generation': 464}","{'id': 32270, 'rank': 14, 'fitness': 0.9820137900379085, 'generation': 464}","{'id': 32270, 'rank': 15, 'fitness': 0.9820137900379085, 'generation': 464}","{'id': 32270, 'rank': 16, 'fitness': 0.9820137900379085, 'generation': 464}","{'id': 32270, 'rank': 17, 'fitness': 0.9820137900379085, 'generation': 464}","{'id': 32270, 'rank': 18, 'fitness': 0.9820137900379085, 'generation': 464}","{'id': 32270, 'rank': 19, 'fitness': 0.9820137900379085, 'generation': 464}","{'id': 32270, 'rank': 20, 'fitness': 0.9820137900379085, 'generation': 464}","{'id': 32270, 'rank': 21, 'fitness': 0.9820137900379085, 'generation': 464}","{'id': 32270, 'rank': 22, 'fitness': 0.9820137900379085, 'generation': 464}","{'id': 32270, 'rank': 23, 'fitness': 0.9820137900379085, 'generation': 464}","{'id': 32270, 'rank': 24, 'fitness': 0.9820137900379085, 'generation': 464}","{'id': 34154, 'rank': 25, 'fitness': 0.05753133264911997, 'generation': 464}","{'id': 34190, 'rank': 26, 'fitness': 0.056747692450181464, 'generation': 464}","{'id': 34228, 'rank': 27, 'fitness': 0.051858857013229176, 'generation': 464}","{'id': 34231, 'rank': 28, 'fitness': 0.0343533636227083, 'generation': 464}","{'id': 34211, 'rank': 29, 'fitness': 0.01798620996209155, 'generation': 464}","{'id': 34211, 'rank': 30, 'fitness': 0.01798620996209155, 'generation': 464}"
"{'id': 32270, 'rank': 1, 'fitness': 0.9820137900379085, 'generation': 465}","{'id': 32270, 'rank': 2, 'fitness': 0.9820137900379085, 'generation': 465}","{'id': 32270, 'rank': 3, 'fitness': 0.9820137900379085, 'generation': 465}","{'id': 32270, 'rank': 4, 'fitness': 0.9820137900379085, 'generation': 465}","{'id': 32270, 'rank': 5, 'fitness': 0.9820137900379085, 'generation': 465}","{'id': 32270, 'rank': 6, 'fitness': 0.9820137900379085, 'generation': 465}","{'id': 32270, 'rank': 7, 'fitness': 0.9820137900379085, 'generation': 465}","{'id': 32270, 'rank': 8, 'fitness': 0.9820137900379085, 'generation': 465}","{'id': 32270, 'rank': 9, 'fitness': 0.9820137900379085, 'generation': 465}","{'id': 32270, 'rank': 10, 'fitness': 0.9820137900379085, 'generation': 465}","{'id': 32270, 'rank': 11, 'fitness': 0.9820137900379085, 'generation': 465}","{'id': 32270, 'rank': 12, 'fitness': 0.9820137900379085, 'generation': 465}","{'id': 32270, 'rank': 13, 'fitness': 0.9820137900379085, 'generation': 465}","{'id': 32270, 'rank': 14, 'fitness': 0.9820137900379085, 'generation': 465}","{'id': 32270, 'rank': 15, 'fitness': 0.9820137900379085, 'generation': 465}","{'id': 32270, 'rank': 16, 'fitness': 0.9820137900379085, 'generation': 465}","{'id': 32270, 'rank': 17, 'fitness': 0.9820137900379085, 'generation': 465}","{'id': 32270, 'rank': 18, 'fitness': 0.9820137900379085, 'generation': 465}","{'id': 32270, 'rank': 19, 'fitness': 0.9820137900379085, 'generation': 465}","{'id': 32270, 'rank': 20, 'fitness': 0.9820137900379085, 'generation': 465}","{'id': 32270, 'rank': 21, 'fitness': 0.9820137900379085, 'generation': 465}","{'id': 32270, 'rank': 22, 'fitness': 0.9820137900379085, 'generation': 465}","{'id': 32270, 'rank': 23, 'fitness': 0.9820137900379085, 'generation': 465}","{'id': 32270, 'rank': 24, 'fitness': 0.9820137900379085, 'generation': 465}","{'id': 32270, 'rank': 25, 'fitness': 0.9820137900379085, 'generation': 465}","{'id': 34336, 'rank': 26, 'fitness': 0.8715686419170772, 'generation': 465}","{'id': 34228, 'rank': 27, 'fitness': 0.3445242868610815, 'generation': 465}","{'id': 34349, 'rank': 28, 'fitness': 0.30824150238119963, 'generation': 465}","{'id': 34295, 'rank': 29, 'fitness': 0.20840626790760636, 'generation': 465}","{'id': 34309, 'rank': 30, 'fitness': 0.01798620996209155, 'generation': 465}"
"{'id': 32270, 'rank': 1, 'fitness': 0.9820137900379085, 'generation': 466}","{'id': 32270, 'rank': 2, 'fitness': 0.9820137900379085, 'generation': 466}","{'id': 32270, 'rank': 3, 'fitness': 0.9820137900379085, 'generation': 466}","{'id': 32270, 'rank': 4, 'fitness': 0.9820137900379085, 'generation': 466}","{'id': 32270, 'rank': 5, 'fitness': 0.9820137900379085, 'generation': 466}","{'id': 32270, 'rank': 6, 'fitness': 0.9820137900379085, 'generation': 466}","{'id': 32270, 'rank': 7, 'fitness': 0.9820137900379085, 'generation': 466}","{'id': 32270, 'rank': 8, 'fitness': 0.9820137900379085, 'generation': 466}","{'id': 32270, 'rank': 9, 'fitness': 0.9820137900379085, 'generation': 466}","{'id': 32270, 'rank': 10, 'fitness': 0.9820137900379085, 'generation': 466}","{'id': 32270, 'rank': 11, 'fitness': 0.9820137900379085, 'generation': 466}","{'id': 32270, 'rank': 12, 'fitness': 0.9820137900379085, 'generation': 466}","{'id': 32270, 'rank': 13, 'fitness': 0.9820137900379085, 'generation': 466}","{'id': 32270, 'rank': 14, 'fitness': 0.9820137900379085, 'generation': 466}","{'id': 32270, 'rank': 15, 'fitness': 0.9820137900379085, 'generation': 466}","{'id': 32270, 'rank': 16, 'fitness': 0.9820137900379085, 'generation': 466}","{'id': 32270, 'rank': 17, 'fitness': 0.9820137900379085, 'generation': 466}","{'id': 32270, 'rank': 18, 'fitness': 0.9820137900379085, 'generation': 466}","{'id': 32270, 'rank': 19, 'fitness': 0.9820137900379085, 'generation': 466}","{'id': 32270, 'rank': 20, 'fitness': 0.9820137900379085, 'generation': 466}","{'id': 32270, 'rank': 21, 'fitness': 0.9820137900379085, 'generation': 466}","{'id': 32270, 'rank': 22, 'fitness': 0.9820137900379085, 'generation': 466}","{'id': 32270, 'rank': 23, 'fitness': 0.9820137900379085, 'generation': 466}","{'id': 32270, 'rank': 24, 'fitness': 0.9820137900379085, 'generation': 466}","{'id': 32270, 'rank': 25, 'fitness': 0.9820137900379085, 'generation': 466}","{'id': 32270, 'rank': 26, 'fitness': 0.9820137900379085, 'generation': 466}","{'id': 32270, 'rank': 27, 'fitness': 0.9820137900379085, 'generation': 466}","{'id': 34336, 'rank': 28, 'fitness': 0.8907870362898211, 'generation': 466}","{'id': 34349, 'rank': 29, 'fitness': 0.4051005396790816, 'generation': 466}","{'id': 34387, 'rank': 30, 'fitness': 0.01798620996209155, 'generation': 466}"
"{'id': 32270, 'rank': 1, 'fitness': 0.9820137900379085, 'generation': 467}","{'id': 32270, 'rank': 2, 'fitness': 0.9820137900379085, 'generation': 467}","{'id': 32270, 'rank': 3, 'fitness': 0.9820137900379085, 'generation': 467}","{'id': 32270, 'rank': 4, 'fitness': 0.9820137900379085, 'generation': 467}","{'id': 32270, 'rank': 5, 'fitness': 0.9820137900379085, 'generation': 467}","{'id': 32270, 'rank': 6, 'fitness': 0.9820137900379085, 'generation': 467}","{'id': 32270, 'rank': 7, 'fitness': 0.9820137900379085, 'generation': 467}","{'id': 32270, 'rank': 8, 'fitness': 0.9820137900379085, 'generation': 467}","{'id': 32270, 'rank': 9, 'fitness': 0.9820137900379085, 'generation': 467}","{'id': 32270, 'rank': 10, 'fitness': 0.9820137900379085, 'generation': 467}","{'id': 32270, 'rank': 11, 'fitness': 0.9820137900379085, 'generation': 467}","{'id': 32270, 'rank': 12, 'fitness': 0.9820137900379085, 'generation': 467}","{'id': 32270, 'rank': 13, 'fitness': 0.9820137900379085, 'generation': 467}","{'id': 32270, 'rank': 14, 'fitness': 0.9820137900379085, 'generation': 467}","{'id': 32270, 'rank': 15, 'fitness': 0.9820137900379085, 'generation': 467}","{'id': 32270, 'rank': 16, 'fitness': 0.9820137900379085, 'generation': 467}","{'id': 32270, 'rank': 17, 'fitness': 0.9820137900379085, 'generation': 467}","{'id': 32270, 'rank': 18, 'fitness': 0.9820137900379085, 'generation': 467}","{'id': 32270, 'rank': 19, 'fitness': 0.9820137900379085, 'generation': 467}","{'id': 32270, 'rank': 20, 'fitness': 0.9820137900379085, 'generation': 467}","{'id': 32270, 'rank': 21, 'fitness': 0.9820137900379085, 'generation': 467}","{'id': 32270, 'rank': 22, 'fitness': 0.9820137900379085, 'generation': 467}","{'id': 32270, 'rank': 23, 'fitness': 0.9820137900379085, 'generation': 467}","{'id': 32270, 'rank': 24, 'fitness': 0.9820137900379085, 'generation': 467}","{'id': 32270, 'rank': 25, 'fitness': 0.9820137900379085, 'generation': 467}","{'id': 32270, 'rank': 26, 'fitness': 0.9820137900379085, 'generation': 467}","{'id': 32270, 'rank': 27, 'fitness': 0.9820137900379085, 'generation': 467}","{'id': 32270, 'rank': 28, 'fitness': 0.9820137900379085, 'generation': 467}","{'id': 34427, 'rank': 29, 'fitness': 0.0413671611105767, 'generation': 467}","{'id': 34447, 'rank': 30, 'fitness': 0.01798620996209155, 'generation': 467}"
"{'id': 34550, 'rank': 1, 'fitness': 0.9820137900379085, 'generation': 468}","{'id': 32270, 'rank': 2, 'fitness': 0.9306093949926273, 'generation': 468}","{'id': 32270, 'rank': 3, 'fitness': 0.9306093949926273, 'generation': 468}","{'id': 32270, 'rank': 4, 'fitness': 0.9306093949926273, 'generation': 468}","{'id': 32270, 'rank': 5, 'fitness': 0.9306093949926273, 'generation': 468}","{'id': 32270, 'rank': 6, 'fitness': 0.9306093949926273, 'generation': 468}","{'id': 32270, 'rank': 7, 'fitness': 0.9306093949926273, 'generation': 468}","{'id': 32270, 'rank': 8, 'fitness': 0.9306093949926273, 'generation': 468}","{'id': 32270, 'rank': 9, 'fitness': 0.9306093949926273, 'generation': 468}","{'id': 32270, 'rank': 10, 'fitness': 0.9306093949926273, 'generation': 468}","{'id': 32270, 'rank': 11, 'fitness': 0.9306093949926273, 'generation': 468}","{'id': 32270, 'rank': 12, 'fitness': 0.9306093949926273, 'generation': 468}","{'id': 32270, 'rank': 13, 'fitness': 0.9306093949926273, 'generation': 468}","{'id': 32270, 'rank': 14, 'fitness': 0.9306093949926273, 'generation': 468}","{'id': 32270, 'rank': 15, 'fitness': 0.9306093949926273, 'generation': 468}","{'id': 32270, 'rank': 16, 'fitness': 0.9306093949926273, 'generation': 468}","{'id': 32270, 'rank': 17, 'fitness': 0.9306093949926273, 'generation': 468}","{'id': 32270, 'rank': 18, 'fitness': 0.9306093949926273, 'generation': 468}","{'id': 32270, 'rank': 19, 'fitness': 0.9306093949926273, 'generation': 468}","{'id': 32270, 'rank': 20, 'fitness': 0.9306093949926273, 'generation': 468}","{'id': 32270, 'rank': 21, 'fitness': 0.9306093949926273, 'generation': 468}","{'id': 32270, 'rank': 22, 'fitness': 0.9306093949926273, 'generation': 468}","{'id': 32270, 'rank': 23, 'fitness': 0.9306093949926273, 'generation': 468}","{'id': 32270, 'rank': 24, 'fitness': 0.9306093949926273, 'generation': 468}","{'id': 32270, 'rank': 25, 'fitness': 0.9306093949926273, 'generation': 468}","{'id': 32270, 'rank': 26, 'fitness': 0.9306093949926273, 'generation': 468}","{'id': 32270, 'rank': 27, 'fitness': 0.9306093949926273, 'generation': 468}","{'id': 32270, 'rank': 28, 'fitness': 0.9306093949926273, 'generation': 468}","{'id': 34603, 'rank': 29, 'fitness': 0.019102234695060116, 'generation': 468}","{'id': 34529, 'rank': 30, 'fitness': 0.01798620996209155, 'generation': 468}"
"{'id': 34550, 'rank': 1, 'fitness': 0.9820137900379085, 'generation': 469}","{'id': 34550, 'rank': 2, 'fitness': 0.9820137900379085, 'generation': 469}","{'id': 34550, 'rank': 3, 'fitness': 0.9820137900379085, 'generation': 469}","{'id': 32270, 'rank': 4, 'fitness': 0.01798620996209155, 'generation': 469}","{'id': 32270, 'rank': 5, 'fitness': 0.01798620996209155, 'generation': 469}","{'id': 32270, 'rank': 6, 'fitness': 0.01798620996209155, 'generation': 469}","{'id': 32270, 'rank': 7, 'fitness': 0.01798620996209155, 'generation': 469}","{'id': 32270, 'rank': 8, 'fitness': 0.01798620996209155, 'generation': 469}","{'id': 32270, 'rank': 9, 'fitness': 0.01798620996209155, 'generation': 469}","{'id': 32270, 'rank': 10, 'fitness': 0.01798620996209155, 'generation': 469}","{'id': 32270, 'rank': 11, 'fitness': 0.01798620996209155, 'generation': 469}","{'id': 32270, 'rank': 12, 'fitness': 0.01798620996209155, 'generation': 469}","{'id': 32270, 'rank': 13, 'fitness': 0.01798620996209155, 'generation': 469}","{'id': 32270, 'rank': 14, 'fitness': 0.01798620996209155, 'generation': 469}","{'id': 32270, 'rank': 15, 'fitness': 0.01798620996209155, 'generation': 469}","{'id': 32270, 'rank': 16, 'fitness': 0.01798620996209155, 'generation': 469}","{'id': 32270, 'rank': 17, 'fitness': 0.01798620996209155, 'generation': 469}","{'id': 32270, 'rank': 18, 'fitness': 0.01798620996209155, 'generation': 469}","{'id': 32270, 'rank': 19, 'fitness': 0.01798620996209155, 'generation': 469}","{'id': 32270, 'rank': 20, 'fitness': 0.01798620996209155, 'generation': 469}","{'id': 32270, 'rank': 21, 'fitness': 0.01798620996209155, 'generation': 469}","{'id': 32270, 'rank': 22, 'fitness': 0.01798620996209155, 'generation': 469}","{'id': 32270, 'rank': 23, 'fitness': 0.01798620996209155, 'generation': 469}","{'id': 32270, 'rank': 24, 'fitness': 0.01798620996209155, 'generation': 469}","{'id': 32270, 'rank': 25, 'fitness': 0.01798620996209155, 'generation': 469}","{'id': 32270, 'rank': 26, 'fitness': 0.01798620996209155, 'generation': 469}","{'id': 32270, 'rank': 27, 'fitness': 0.01798620996209155, 'generation': 469}","{'id': 32270, 'rank': 28, 'fitness': 0.01798620996209155, 'generation': 469}","{'id': 32270, 'rank': 29, 'fitness': 0.01798620996209155, 'generation': 469}","{'id': 32270, 'rank': 30, 'fitness': 0.01798620996209155, 'generation': 469}"
"{'id': 34550, 'rank': 1, 'fitness': 0.9820137900379085, 'generation': 470}","{'id': 34550, 'rank': 2, 'fitness': 0.9820137900379085, 'generation': 470}","{'id': 34550, 'rank': 3, 'fitness': 0.9820137900379085, 'generation': 470}","{'id': 34550, 'rank': 4, 'fitness': 0.9820137900379085, 'generation': 470}","{'id': 34550, 'rank': 5, 'fitness': 0.9820137900379085, 'generation': 470}","{'id': 34550, 'rank': 6, 'fitness': 0.9820137900379085, 'generation': 470}","{'id': 34550, 'rank': 7, 'fitness': 0.9820137900379085, 'generation': 470}","{'id': 34550, 'rank': 8, 'fitness': 0.9820137900379085, 'generation': 470}","{'id': 34550, 'rank': 9, 'fitness': 0.9820137900379085, 'generation': 470}","{'id': 32270, 'rank': 10, 'fitness': 0.01798620996209155, 'generation': 470}","{'id': 32270, 'rank': 11, 'fitness': 0.01798620996209155, 'generation': 470}","{'id': 32270, 'rank': 12, 'fitness': 0.01798620996209155, 'generation': 470}","{'id': 32270, 'rank': 13, 'fitness': 0.01798620996209155, 'generation': 470}","{'id': 32270, 'rank': 14, 'fitness': 0.01798620996209155, 'generation': 470}","{'id': 32270, 'rank': 15, 'fitness': 0.01798620996209155, 'generation': 470}","{'id': 32270, 'rank': 16, 'fitness': 0.01798620996209155, 'generation': 470}","{'id': 32270, 'rank': 17, 'fitness': 0.01798620996209155, 'generation': 470}","{'id': 32270, 'rank': 18, 'fitness': 0.01798620996209155, 'generation': 470}","{'id': 32270, 'rank': 19, 'fitness': 0.01798620996209155, 'generation': 470}","{'id': 32270, 'rank': 20, 'fitness': 0.01798620996209155, 'generation': 470}","{'id': 32270, 'rank': 21, 'fitness': 0.01798620996209155, 'generation': 470}","{'id': 32270, 'rank': 22, 'fitness': 0.01798620996209155, 'generation': 470}","{'id': 32270, 'rank': 23, 'fitness': 0.01798620996209155, 'generation': 470}","{'id': 32270, 'rank': 24, 'fitness': 0.01798620996209155, 'generation': 470}","{'id': 32270, 'rank': 25, 'fitness': 0.01798620996209155, 'generation': 470}","{'id': 32270, 'rank': 26, 'fitness': 0.01798620996209155, 'generation': 470}","{'id': 32270, 'rank': 27, 'fitness': 0.01798620996209155, 'generation': 470}","{'id': 32270, 'rank': 28, 'fitness': 0.01798620996209155, 'generation': 470}","{'id': 32270, 'rank': 29, 'fitness': 0.01798620996209155, 'generation': 470}","{'id': 32270, 'rank': 30, 'fitness': 0.01798620996209155, 'generation': 470}"
"{'id': 34550, 'rank': 1, 'fitness': 0.9820137900379085, 'generation': 471}","{'id': 34550, 'rank': 2, 'fitness': 0.9820137900379085, 'generation': 471}","{'id': 34550, 'rank': 3, 'fitness': 0.9820137900379085, 'generation': 471}","{'id': 34550, 'rank': 4, 'fitness': 0.9820137900379085, 'generation': 471}","{'id': 34550, 'rank': 5, 'fitness': 0.9820137900379085, 'generation': 471}","{'id': 34550, 'rank': 6, 'fitness': 0.9820137900379085, 'generation': 471}","{'id': 34550, 'rank': 7, 'fitness': 0.9820137900379085, 'generation': 471}","{'id': 34550, 'rank': 8, 'fitness': 0.9820137900379085, 'generation': 471}","{'id': 34550, 'rank': 9, 'fitness': 0.9820137900379085, 'generation': 471}","{'id': 34550, 'rank': 10, 'fitness': 0.9820137900379085, 'generation': 471}","{'id': 34550, 'rank': 11, 'fitness': 0.9820137900379085, 'generation': 471}","{'id': 34550, 'rank': 12, 'fitness': 0.9820137900379085, 'generation': 471}","{'id': 34550, 'rank': 13, 'fitness': 0.9820137900379085, 'generation': 471}","{'id': 34550, 'rank': 14, 'fitness': 0.9820137900379085, 'generation': 471}","{'id': 34550, 'rank': 15, 'fitness': 0.9820137900379085, 'generation': 471}","{'id': 34550, 'rank': 16, 'fitness': 0.9820137900379085, 'generation': 471}","{'id': 34550, 'rank': 17, 'fitness': 0.9820137900379085, 'generation': 471}","{'id': 34550, 'rank': 18, 'fitness': 0.9820137900379085, 'generation': 471}","{'id': 34550, 'rank': 19, 'fitness': 0.9820137900379085, 'generation': 471}","{'id': 34550, 'rank': 20, 'fitness': 0.9820137900379085, 'generation': 471}","{'id': 34550, 'rank': 21, 'fitness': 0.9820137900379085, 'generation': 471}","{'id': 34550, 'rank': 22, 'fitness': 0.9820137900379085, 'generation': 471}","{'id': 32270, 'rank': 23, 'fitness': 0.01798620996209155, 'generation': 471}","{'id': 32270, 'rank': 24, 'fitness': 0.01798620996209155, 'generation': 471}","{'id': 32270, 'rank': 25, 'fitness': 0.01798620996209155, 'generation': 471}","{'id': 32270, 'rank': 26, 'fitness': 0.01798620996209155, 'generation': 471}","{'id': 32270, 'rank': 27, 'fitness': 0.01798620996209155, 'generation': 471}","{'id': 32270, 'rank': 28, 'fitness': 0.01798620996209155, 'generation': 471}","{'id': 32270, 'rank': 29, 'fitness': 0.01798620996209155, 'generation': 471}","{'id': 32270, 'rank': 30, 'fitness': 0.01798620996209155, 'generation': 471}"
"{'id': 34550, 'rank': 1, 'fitness': 0.9820137900379085, 'generation': 472}","{'id': 34550, 'rank': 2, 'fitness': 0.9820137900379085, 'generation': 472}","{'id': 34550, 'rank': 3, 'fitness': 0.9820137900379085, 'generation': 472}","{'id': 34550, 'rank': 4, 'fitness': 0.9820137900379085, 'generation': 472}","{'id': 34550, 'rank': 5, 'fitness': 0.9820137900379085, 'generation': 472}","{'id': 34550, 'rank': 6, 'fitness': 0.9820137900379085, 'generation': 472}","{'id': 34550, 'rank': 7, 'fitness': 0.9820137900379085, 'generation': 472}","{'id': 34550, 'rank': 8, 'fitness': 0.9820137900379085, 'generation': 472}","{'id': 34550, 'rank': 9, 'fitness': 0.9820137900379085, 'generation': 472}","{'id': 34550, 'rank': 10, 'fitness': 0.9820137900379085, 'generation': 472}","{'id': 34550, 'rank': 11, 'fitness': 0.9820137900379085, 'generation': 472}","{'id': 34550, 'rank': 12, 'fitness': 0.9820137900379085, 'generation': 472}","{'id': 34550, 'rank': 13, 'fitness': 0.9820137900379085, 'generation': 472}","{'id': 34550, 'rank': 14, 'fitness': 0.9820137900379085, 'generation': 472}","{'id': 34550, 'rank': 15, 'fitness': 0.9820137900379085, 'generation': 472}","{'id': 34550, 'rank': 16, 'fitness': 0.9820137900379085, 'generation': 472}","{'id': 34550, 'rank': 17, 'fitness': 0.9820137900379085, 'generation': 472}","{'id': 34550, 'rank': 18, 'fitness': 0.9820137900379085, 'generation': 472}","{'id': 34550, 'rank': 19, 'fitness': 0.9820137900379085, 'generation': 472}","{'id': 34550, 'rank': 20, 'fitness': 0.9820137900379085, 'generation': 472}","{'id': 34550, 'rank': 21, 'fitness': 0.9820137900379085, 'generation': 472}","{'id': 34550, 'rank': 22, 'fitness': 0.9820137900379085, 'generation': 472}","{'id': 34550, 'rank': 23, 'fitness': 0.9820137900379085, 'generation': 472}","{'id': 34550, 'rank': 24, 'fitness': 0.9820137900379085, 'generation': 472}","{'id': 34550, 'rank': 25, 'fitness': 0.9820137900379085, 'generation': 472}","{'id': 34550, 'rank': 26, 'fitness': 0.9820137900379085, 'generation': 472}","{'id': 34550, 'rank': 27, 'fitness': 0.9820137900379085, 'generation': 472}","{'id': 32270, 'rank': 28, 'fitness': 0.814883004290726, 'generation': 472}","{'id': 34812, 'rank': 29, 'fitness': 0.024089484589088717, 'generation': 472}","{'id': 34777, 'rank': 30, 'fitness': 0.01798620996209155, 'generation': 472}"
"{'id': 34550, 'rank': 1, 'fitness': 0.9820137900379085, 'generation': 473}","{'id': 34550, 'rank': 2, 'fitness': 0.9820137900379085, 'generation': 473}","{'id': 34550, 'rank': 3, 'fitness': 0.9820137900379085, 'generation': 473}","{'id': 34550, 'rank': 4, 'fitness': 0.9820137900379085, 'generation': 473}","{'id': 34550, 'rank': 5, 'fitness': 0.9820137900379085, 'generation': 473}","{'id': 34550, 'rank': 6, 'fitness': 0.9820137900379085, 'generation': 473}","{'id': 34550, 'rank': 7, 'fitness': 0.9820137900379085, 'generation': 473}","{'id': 34550, 'rank': 8, 'fitness': 0.9820137900379085, 'generation': 473}","{'id': 34550, 'rank': 9, 'fitness': 0.9820137900379085, 'generation': 473}","{'id': 34550, 'rank': 10, 'fitness': 0.9820137900379085, 'generation': 473}","{'id': 34550, 'rank': 11, 'fitness': 0.9820137900379085, 'generation': 473}","{'id': 34550, 'rank': 12, 'fitness': 0.9820137900379085, 'generation': 473}","{'id': 34550, 'rank': 13, 'fitness': 0.9820137900379085, 'generation': 473}","{'id': 34550, 'rank': 14, 'fitness': 0.9820137900379085, 'generation': 473}","{'id': 34550, 'rank': 15, 'fitness': 0.9820137900379085, 'generation': 473}","{'id': 34550, 'rank': 16, 'fitness': 0.9820137900379085, 'generation': 473}","{'id': 34550, 'rank': 17, 'fitness': 0.9820137900379085, 'generation': 473}","{'id': 34550, 'rank': 18, 'fitness': 0.9820137900379085, 'generation': 473}","{'id': 34550, 'rank': 19, 'fitness': 0.9820137900379085, 'generation': 473}","{'id': 34550, 'rank': 20, 'fitness': 0.9820137900379085, 'generation': 473}","{'id': 34550, 'rank': 21, 'fitness': 0.9820137900379085, 'generation': 473}","{'id': 34550, 'rank': 22, 'fitness': 0.9820137900379085, 'generation': 473}","{'id': 34550, 'rank': 23, 'fitness': 0.9820137900379085, 'generation': 473}","{'id': 34550, 'rank': 24, 'fitness': 0.9820137900379085, 'generation': 473}","{'id': 34550, 'rank': 25, 'fitness': 0.9820137900379085, 'generation': 473}","{'id': 34550, 'rank': 26, 'fitness': 0.9820137900379085, 'generation': 473}","{'id': 34550, 'rank': 27, 'fitness': 0.9820137900379085, 'generation': 473}","{'id': 34550, 'rank': 28, 'fitness': 0.9820137900379085, 'generation': 473}","{'id': 34867, 'rank': 29, 'fitness': 0.6845732872519104, 'generation': 473}","{'id': 34886, 'rank': 30, 'fitness': 0.01798620996209155, 'generation': 473}"
"{'id': 34550, 'rank': 1, 'fitness': 0.9820137900379085, 'generation': 474}","{'id': 34550, 'rank': 2, 'fitness': 0.9820137900379085, 'generation': 474}","{'id': 34550, 'rank': 3, 'fitness': 0.9820137900379085, 'generation': 474}","{'id': 34550, 'rank': 4, 'fitness': 0.9820137900379085, 'generation': 474}","{'id': 34550, 'rank': 5, 'fitness': 0.9820137900379085, 'generation': 474}","{'id': 34550, 'rank': 6, 'fitness': 0.9820137900379085, 'generation': 474}","{'id': 34550, 'rank': 7, 'fitness': 0.9820137900379085, 'generation': 474}","{'id': 34550, 'rank': 8, 'fitness': 0.9820137900379085, 'generation': 474}","{'id': 34550, 'rank': 9, 'fitness': 0.9820137900379085, 'generation': 474}","{'id': 34550, 'rank': 10, 'fitness': 0.9820137900379085, 'generation': 474}","{'id': 34550, 'rank': 11, 'fitness': 0.9820137900379085, 'generation': 474}","{'id': 34550, 'rank': 12, 'fitness': 0.9820137900379085, 'generation': 474}","{'id': 34550, 'rank': 13, 'fitness': 0.9820137900379085, 'generation': 474}","{'id': 34550, 'rank': 14, 'fitness': 0.9820137900379085, 'generation': 474}","{'id': 34550, 'rank': 15, 'fitness': 0.9820137900379085, 'generation': 474}","{'id': 34550, 'rank': 16, 'fitness': 0.9820137900379085, 'generation': 474}","{'id': 34550, 'rank': 17, 'fitness': 0.9820137900379085, 'generation': 474}","{'id': 34550, 'rank': 18, 'fitness': 0.9820137900379085, 'generation': 474}","{'id': 34550, 'rank': 19, 'fitness': 0.9820137900379085, 'generation': 474}","{'id': 34550, 'rank': 20, 'fitness': 0.9820137900379085, 'generation': 474}","{'id': 34550, 'rank': 21, 'fitness': 0.9820137900379085, 'generation': 474}","{'id': 34550, 'rank': 22, 'fitness': 0.9820137900379085, 'generation': 474}","{'id': 34550, 'rank': 23, 'fitness': 0.9820137900379085, 'generation': 474}","{'id': 34550, 'rank': 24, 'fitness': 0.9820137900379085, 'generation': 474}","{'id': 34550, 'rank': 25, 'fitness': 0.9820137900379085, 'generation': 474}","{'id': 34550, 'rank': 26, 'fitness': 0.9820137900379085, 'generation': 474}","{'id': 34550, 'rank': 27, 'fitness': 0.9820137900379085, 'generation': 474}","{'id': 34964, 'rank': 28, 'fitness': 0.94317286698034, 'generation': 474}","{'id': 34925, 'rank': 29, 'fitness': 0.1200353021471191, 'generation': 474}","{'id': 34991, 'rank': 30, 'fitness': 0.01798620996209155, 'generation': 474}"
"{'id': 34550, 'rank': 1, 'fitness': 0.9820137900379085, 'generation': 475}","{'id': 34550, 'rank': 2, 'fitness': 0.9820137900379085, 'generation': 475}","{'id': 34550, 'rank': 3, 'fitness': 0.9820137900379085, 'generation': 475}","{'id': 34550, 'rank': 4, 'fitness': 0.9820137900379085, 'generation': 475}","{'id': 34550, 'rank': 5, 'fitness': 0.9820137900379085, 'generation': 475}","{'id': 34550, 'rank': 6, 'fitness': 0.9820137900379085, 'generation': 475}","{'id': 34550, 'rank': 7, 'fitness': 0.9820137900379085, 'generation': 475}","{'id': 34550, 'rank': 8, 'fitness': 0.9820137900379085, 'generation': 475}","{'id': 34550, 'rank': 9, 'fitness': 0.9820137900379085, 'generation': 475}","{'id': 34550, 'rank': 10, 'fitness': 0.9820137900379085, 'generation': 475}","{'id': 34550, 'rank': 11, 'fitness': 0.9820137900379085, 'generation': 475}","{'id': 34550, 'rank': 12, 'fitness': 0.9820137900379085, 'generation': 475}","{'id': 34550, 'rank': 13, 'fitness': 0.9820137900379085, 'generation': 475}","{'id': 34550, 'rank': 14, 'fitness': 0.9820137900379085, 'generation': 475}","{'id': 34550, 'rank': 15, 'fitness': 0.9820137900379085, 'generation': 475}","{'id': 34550, 'rank': 16, 'fitness': 0.9820137900379085, 'generation': 475}","{'id': 34550, 'rank': 17, 'fitness': 0.9820137900379085, 'generation': 475}","{'id': 34550, 'rank': 18, 'fitness': 0.9820137900379085, 'generation': 475}","{'id': 34550, 'rank': 19, 'fitness': 0.9820137900379085, 'generation': 475}","{'id': 34550, 'rank': 20, 'fitness': 0.9820137900379085, 'generation': 475}","{'id': 34550, 'rank': 21, 'fitness': 0.9820137900379085, 'generation': 475}","{'id': 34550, 'rank': 22, 'fitness': 0.9820137900379085, 'generation': 475}","{'id': 34550, 'rank': 23, 'fitness': 0.9820137900379085, 'generation': 475}","{'id': 34550, 'rank': 24, 'fitness': 0.9820137900379085, 'generation': 475}","{'id': 34550, 'rank': 25, 'fitness': 0.9820137900379085, 'generation': 475}","{'id': 34550, 'rank': 26, 'fitness': 0.9820137900379085, 'generation': 475}","{'id': 34550, 'rank': 27, 'fitness': 0.9820137900379085, 'generation': 475}","{'id': 35002, 'rank': 28, 'fitness': 0.09440610703136404, 'generation': 475}","{'id': 35038, 'rank': 29, 'fitness': 0.04167788793051869, 'generation': 475}","{'id': 35040, 'rank': 30, 'fitness': 0.01798620996209155, 'generation': 475}"
"{'id': 34550, 'rank': 1, 'fitness': 0.9820137900379085, 'generation': 476}","{'id': 34550, 'rank': 2, 'fitness': 0.9820137900379085, 'generation': 476}","{'id': 34550, 'rank': 3, 'fitness': 0.9820137900379085, 'generation': 476}","{'id': 34550, 'rank': 4, 'fitness': 0.9820137900379085, 'generation': 476}","{'id': 34550, 'rank': 5, 'fitness': 0.9820137900379085, 'generation': 476}","{'id': 34550, 'rank': 6, 'fitness': 0.9820137900379085, 'generation': 476}","{'id': 34550, 'rank': 7, 'fitness': 0.9820137900379085, 'generation': 476}","{'id': 34550, 'rank': 8, 'fitness': 0.9820137900379085, 'generation': 476}","{'id': 34550, 'rank': 9, 'fitness': 0.9820137900379085, 'generation': 476}","{'id': 34550, 'rank': 10, 'fitness': 0.9820137900379085, 'generation': 476}","{'id': 34550, 'rank': 11, 'fitness': 0.9820137900379085, 'generation': 476}","{'id': 34550, 'rank': 12, 'fitness': 0.9820137900379085, 'generation': 476}","{'id': 34550, 'rank': 13, 'fitness': 0.9820137900379085, 'generation': 476}","{'id': 34550, 'rank': 14, 'fitness': 0.9820137900379085, 'generation': 476}","{'id': 34550, 'rank': 15, 'fitness': 0.9820137900379085, 'generation': 476}","{'id': 34550, 'rank': 16, 'fitness': 0.9820137900379085, 'generation': 476}","{'id': 34550, 'rank': 17, 'fitness': 0.9820137900379085, 'generation': 476}","{'id': 34550, 'rank': 18, 'fitness': 0.9820137900379085, 'generation': 476}","{'id': 34550, 'rank': 19, 'fitness': 0.9820137900379085, 'generation': 476}","{'id': 34550, 'rank': 20, 'fitness': 0.9820137900379085, 'generation': 476}","{'id': 34550, 'rank': 21, 'fitness': 0.9820137900379085, 'generation': 476}","{'id': 34550, 'rank': 22, 'fitness': 0.9820137900379085, 'generation': 476}","{'id': 34550, 'rank': 23, 'fitness': 0.9820137900379085, 'generation': 476}","{'id': 34550, 'rank': 24, 'fitness': 0.9820137900379085, 'generation': 476}","{'id': 34550, 'rank': 25, 'fitness': 0.9820137900379085, 'generation': 476}","{'id': 34550, 'rank': 26, 'fitness': 0.9820137900379085, 'generation': 476}","{'id': 34550, 'rank': 27, 'fitness': 0.9820137900379085, 'generation': 476}","{'id': 35185, 'rank': 28, 'fitness': 0.960675720356056, 'generation': 476}","{'id': 35161, 'rank': 29, 'fitness': 0.029902316031459764, 'generation': 476}","{'id': 35098, 'rank': 30, 'fitness': 0.01798620996209155, 'generation': 476}"
"{'id': 34550, 'rank': 1, 'fitness': 0.9820137900379085, 'generation': 477}","{'id': 34550, 'rank': 2, 'fitness': 0.9820137900379085, 'generation': 477}","{'id': 34550, 'rank': 3, 'fitness': 0.9820137900379085, 'generation': 477}","{'id': 34550, 'rank': 4, 'fitness': 0.9820137900379085, 'generation': 477}","{'id': 34550, 'rank': 5, 'fitness': 0.9820137900379085, 'generation': 477}","{'id': 34550, 'rank': 6, 'fitness': 0.9820137900379085, 'generation': 477}","{'id': 34550, 'rank': 7, 'fitness': 0.9820137900379085, 'generation': 477}","{'id': 34550, 'rank': 8, 'fitness': 0.9820137900379085, 'generation': 477}","{'id': 34550, 'rank': 9, 'fitness': 0.9820137900379085, 'generation': 477}","{'id': 34550, 'rank': 10, 'fitness': 0.9820137900379085, 'generation': 477}","{'id': 34550, 'rank': 11, 'fitness': 0.9820137900379085, 'generation': 477}","{'id': 34550, 'rank': 12, 'fitness': 0.9820137900379085, 'generation': 477}","{'id': 34550, 'rank': 13, 'fitness': 0.9820137900379085, 'generation': 477}","{'id': 34550, 'rank': 14, 'fitness': 0.9820137900379085, 'generation': 477}","{'id': 34550, 'rank': 15, 'fitness': 0.9820137900379085, 'generation': 477}","{'id': 34550, 'rank': 16, 'fitness': 0.9820137900379085, 'generation': 477}","{'id': 34550, 'rank': 17, 'fitness': 0.9820137900379085, 'generation': 477}","{'id': 34550, 'rank': 18, 'fitness': 0.9820137900379085, 'generation': 477}","{'id': 34550, 'rank': 19, 'fitness': 0.9820137900379085, 'generation': 477}","{'id': 34550, 'rank': 20, 'fitness': 0.9820137900379085, 'generation': 477}","{'id': 34550, 'rank': 21, 'fitness': 0.9820137900379085, 'generation': 477}","{'id': 34550, 'rank': 22, 'fitness': 0.9820137900379085, 'generation': 477}","{'id': 34550, 'rank': 23, 'fitness': 0.9820137900379085, 'generation': 477}","{'id': 34550, 'rank': 24, 'fitness': 0.9820137900379085, 'generation': 477}","{'id': 34550, 'rank': 25, 'fitness': 0.9820137900379085, 'generation': 477}","{'id': 34550, 'rank': 26, 'fitness': 0.9820137900379085, 'generation': 477}","{'id': 34550, 'rank': 27, 'fitness': 0.9820137900379085, 'generation': 477}","{'id': 34550, 'rank': 28, 'fitness': 0.9820137900379085, 'generation': 477}","{'id': 35255, 'rank': 29, 'fitness': 0.4271399497091163, 'generation': 477}","{'id': 35268, 'rank': 30, 'fitness': 0.01798620996209155, 'generation': 477}"
"{'id': 34550, 'rank': 1, 'fitness': 0.9820137900379085, 'generation': 478}","{'id': 34550, 'rank': 2, 'fitness': 0.9820137900379085, 'generation': 478}","{'id': 34550, 'rank': 3, 'fitness': 0.9820137900379085, 'generation': 478}","{'id': 34550, 'rank': 4, 'fitness': 0.9820137900379085, 'generation': 478}","{'id': 34550, 'rank': 5, 'fitness': 0.9820137900379085, 'generation': 478}","{'id': 34550, 'rank': 6, 'fitness': 0.9820137900379085, 'generation': 478}","{'id': 34550, 'rank': 7, 'fitness': 0.9820137900379085, 'generation': 478}","{'id': 34550, 'rank': 8, 'fitness': 0.9820137900379085, 'generation': 478}","{'id': 34550, 'rank': 9, 'fitness': 0.9820137900379085, 'generation': 478}","{'id': 34550, 'rank': 10, 'fitness': 0.9820137900379085, 'generation': 478}","{'id': 34550, 'rank': 11, 'fitness': 0.9820137900379085, 'generation': 478}","{'id': 34550, 'rank': 12, 'fitness': 0.9820137900379085, 'generation': 478}","{'id': 34550, 'rank': 13, 'fitness': 0.9820137900379085, 'generation': 478}","{'id': 34550, 'rank': 14, 'fitness': 0.9820137900379085, 'generation': 478}","{'id': 34550, 'rank': 15, 'fitness': 0.9820137900379085, 'generation': 478}","{'id': 34550, 'rank': 16, 'fitness': 0.9820137900379085, 'generation': 478}","{'id': 34550, 'rank': 17, 'fitness': 0.9820137900379085, 'generation': 478}","{'id': 34550, 'rank': 18, 'fitness': 0.9820137900379085, 'generation': 478}","{'id': 34550, 'rank': 19, 'fitness': 0.9820137900379085, 'generation': 478}","{'id': 34550, 'rank': 20, 'fitness': 0.9820137900379085, 'generation': 478}","{'id': 34550, 'rank': 21, 'fitness': 0.9820137900379085, 'generation': 478}","{'id': 34550, 'rank': 22, 'fitness': 0.9820137900379085, 'generation': 478}","{'id': 34550, 'rank': 23, 'fitness': 0.9820137900379085, 'generation': 478}","{'id': 34550, 'rank': 24, 'fitness': 0.9820137900379085, 'generation': 478}","{'id': 34550, 'rank': 25, 'fitness': 0.9820137900379085, 'generation': 478}","{'id': 35326, 'rank': 26, 'fitness': 0.3448038191454043, 'generation': 478}","{'id': 35268, 'rank': 27, 'fitness': 0.2784992313669973, 'generation': 478}","{'id': 35349, 'rank': 28, 'fitness': 0.07006443476674168, 'generation': 478}","{'id': 35364, 'rank': 29, 'fitness': 0.027154689439827517, 'generation': 478}","{'id': 35337, 'rank': 30, 'fitness': 0.01798620996209155, 'generation': 478}"
"{'id': 34550, 'rank': 1, 'fitness': 0.9820137900379085, 'generation': 479}","{'id': 34550, 'rank': 2, 'fitness': 0.9820137900379085, 'generation': 479}","{'id': 34550, 'rank': 3, 'fitness': 0.9820137900379085, 'generation': 479}","{'id': 34550, 'rank': 4, 'fitness': 0.9820137900379085, 'generation': 479}","{'id': 34550, 'rank': 5, 'fitness': 0.9820137900379085, 'generation': 479}","{'id': 34550, 'rank': 6, 'fitness': 0.9820137900379085, 'generation': 479}","{'id': 34550, 'rank': 7, 'fitness': 0.9820137900379085, 'generation': 479}","{'id': 34550, 'rank': 8, 'fitness': 0.9820137900379085, 'generation': 479}","{'id': 34550, 'rank': 9, 'fitness': 0.9820137900379085, 'generation': 479}","{'id': 34550, 'rank': 10, 'fitness': 0.9820137900379085, 'generation': 479}","{'id': 34550, 'rank': 11, 'fitness': 0.9820137900379085, 'generation': 479}","{'id': 34550, 'rank': 12, 'fitness': 0.9820137900379085, 'generation': 479}","{'id': 34550, 'rank': 13, 'fitness': 0.9820137900379085, 'generation': 479}","{'id': 34550, 'rank': 14, 'fitness': 0.9820137900379085, 'generation': 479}","{'id': 34550, 'rank': 15, 'fitness': 0.9820137900379085, 'generation': 479}","{'id': 34550, 'rank': 16, 'fitness': 0.9820137900379085, 'generation': 479}","{'id': 34550, 'rank': 17, 'fitness': 0.9820137900379085, 'generation': 479}","{'id': 34550, 'rank': 18, 'fitness': 0.9820137900379085, 'generation': 479}","{'id': 34550, 'rank': 19, 'fitness': 0.9820137900379085, 'generation': 479}","{'id': 34550, 'rank': 20, 'fitness': 0.9820137900379085, 'generation': 479}","{'id': 34550, 'rank': 21, 'fitness': 0.9820137900379085, 'generation': 479}","{'id': 34550, 'rank': 22, 'fitness': 0.9820137900379085, 'generation': 479}","{'id': 34550, 'rank': 23, 'fitness': 0.9820137900379085, 'generation': 479}","{'id': 34550, 'rank': 24, 'fitness': 0.9820137900379085, 'generation': 479}","{'id': 34550, 'rank': 25, 'fitness': 0.9820137900379085, 'generation': 479}","{'id': 35434, 'rank': 26, 'fitness': 0.8826165352745801, 'generation': 479}","{'id': 35434, 'rank': 27, 'fitness': 0.8826165352745801, 'generation': 479}","{'id': 35392, 'rank': 28, 'fitness': 0.2377349315774448, 'generation': 479}","{'id': 35388, 'rank': 29, 'fitness': 0.020873487768849952, 'generation': 479}","{'id': 35378, 'rank': 30, 'fitness': 0.01798620996209155, 'generation': 479}"
"{'id': 34550, 'rank': 1, 'fitness': 0.9820137900379085, 'generation': 480}","{'id': 34550, 'rank': 2, 'fitness': 0.9820137900379085, 'generation': 480}","{'id': 34550, 'rank': 3, 'fitness': 0.9820137900379085, 'generation': 480}","{'id': 34550, 'rank': 4, 'fitness': 0.9820137900379085, 'generation': 480}","{'id': 34550, 'rank': 5, 'fitness': 0.9820137900379085, 'generation': 480}","{'id': 34550, 'rank': 6, 'fitness': 0.9820137900379085, 'generation': 480}","{'id': 34550, 'rank': 7, 'fitness': 0.9820137900379085, 'generation': 480}","{'id': 34550, 'rank': 8, 'fitness': 0.9820137900379085, 'generation': 480}","{'id': 34550, 'rank': 9, 'fitness': 0.9820137900379085, 'generation': 480}","{'id': 34550, 'rank': 10, 'fitness': 0.9820137900379085, 'generation': 480}","{'id': 34550, 'rank': 11, 'fitness': 0.9820137900379085, 'generation': 480}","{'id': 34550, 'rank': 12, 'fitness': 0.9820137900379085, 'generation': 480}","{'id': 34550, 'rank': 13, 'fitness': 0.9820137900379085, 'generation': 480}","{'id': 34550, 'rank': 14, 'fitness': 0.9820137900379085, 'generation': 480}","{'id': 34550, 'rank': 15, 'fitness': 0.9820137900379085, 'generation': 480}","{'id': 34550, 'rank': 16, 'fitness': 0.9820137900379085, 'generation': 480}","{'id': 34550, 'rank': 17, 'fitness': 0.9820137900379085, 'generation': 480}","{'id': 34550, 'rank': 18, 'fitness': 0.9820137900379085, 'generation': 480}","{'id': 34550, 'rank': 19, 'fitness': 0.9820137900379085, 'generation': 480}","{'id': 34550, 'rank': 20, 'fitness': 0.9820137900379085, 'generation': 480}","{'id': 34550, 'rank': 21, 'fitness': 0.9820137900379085, 'generation': 480}","{'id': 34550, 'rank': 22, 'fitness': 0.9820137900379085, 'generation': 480}","{'id': 34550, 'rank': 23, 'fitness': 0.9820137900379085, 'generation': 480}","{'id': 34550, 'rank': 24, 'fitness': 0.9820137900379085, 'generation': 480}","{'id': 34550, 'rank': 25, 'fitness': 0.9820137900379085, 'generation': 480}","{'id': 34550, 'rank': 26, 'fitness': 0.9820137900379085, 'generation': 480}","{'id': 34550, 'rank': 27, 'fitness': 0.9820137900379085, 'generation': 480}","{'id': 34550, 'rank': 28, 'fitness': 0.9820137900379085, 'generation': 480}","{'id': 35465, 'rank': 29, 'fitness': 0.9344536595654429, 'generation': 480}","{'id': 35457, 'rank': 30, 'fitness': 0.01798620996209155, 'generation': 480}"
"{'id': 35579, 'rank': 1, 'fitness': 0.9820137900379085, 'generation': 481}","{'id': 34550, 'rank': 2, 'fitness': 0.9655082331903775, 'generation': 481}","{'id': 34550, 'rank': 3, 'fitness': 0.9655082331903775, 'generation': 481}","{'id': 34550, 'rank': 4, 'fitness': 0.9655082331903775, 'generation': 481}","{'id': 34550, 'rank': 5, 'fitness': 0.9655082331903775, 'generation': 481}","{'id': 34550, 'rank': 6, 'fitness': 0.9655082331903775, 'generation': 481}","{'id': 34550, 'rank': 7, 'fitness': 0.9655082331903775, 'generation': 481}","{'id': 34550, 'rank': 8, 'fitness': 0.9655082331903775, 'generation': 481}","{'id': 34550, 'rank': 9, 'fitness': 0.9655082331903775, 'generation': 481}","{'id': 34550, 'rank': 10, 'fitness': 0.9655082331903775, 'generation': 481}","{'id': 34550, 'rank': 11, 'fitness': 0.9655082331903775, 'generation': 481}","{'id': 34550, 'rank': 12, 'fitness': 0.9655082331903775, 'generation': 481}","{'id': 34550, 'rank': 13, 'fitness': 0.9655082331903775, 'generation': 481}","{'id': 34550, 'rank': 14, 'fitness': 0.9655082331903775, 'generation': 481}","{'id': 34550, 'rank': 15, 'fitness': 0.9655082331903775, 'generation': 481}","{'id': 34550, 'rank': 16, 'fitness': 0.9655082331903775, 'generation': 481}","{'id': 34550, 'rank': 17, 'fitness': 0.9655082331903775, 'generation': 481}","{'id': 34550, 'rank': 18, 'fitness': 0.9655082331903775, 'generation': 481}","{'id': 34550, 'rank': 19, 'fitness': 0.9655082331903775, 'generation': 481}","{'id': 34550, 'rank': 20, 'fitness': 0.9655082331903775, 'generation': 481}","{'id': 34550, 'rank': 21, 'fitness': 0.9655082331903775, 'generation': 481}","{'id': 34550, 'rank': 22, 'fitness': 0.9655082331903775, 'generation': 481}","{'id': 34550, 'rank': 23, 'fitness': 0.9655082331903775, 'generation': 481}","{'id': 34550, 'rank': 24, 'fitness': 0.9655082331903775, 'generation': 481}","{'id': 34550, 'rank': 25, 'fitness': 0.9655082331903775, 'generation': 481}","{'id': 34550, 'rank': 26, 'fitness': 0.9655082331903775, 'generation': 481}","{'id': 35563, 'rank': 27, 'fitness': 0.7976041657914044, 'generation': 481}","{'id': 35583, 'rank': 28, 'fitness': 0.15823673753184075, 'generation': 481}","{'id': 35583, 'rank': 29, 'fitness': 0.15823673753184075, 'generation': 481}","{'id': 35612, 'rank': 30, 'fitness': 0.01798620996209155, 'generation': 481}"
"{'id': 35579, 'rank': 1, 'fitness': 0.9820137900379085, 'generation': 482}","{'id': 35579, 'rank': 2, 'fitness': 0.9820137900379085, 'generation': 482}","{'id': 35579, 'rank': 3, 'fitness': 0.9820137900379085, 'generation': 482}","{'id': 34550, 'rank': 4, 'fitness': 0.9781216609450705, 'generation': 482}","{'id': 34550, 'rank': 5, 'fitness': 0.9781216609450705, 'generation': 482}","{'id': 34550, 'rank': 6, 'fitness': 0.9781216609450705, 'generation': 482}","{'id': 34550, 'rank': 7, 'fitness': 0.9781216609450705, 'generation': 482}","{'id': 34550, 'rank': 8, 'fitness': 0.9781216609450705, 'generation': 482}","{'id': 34550, 'rank': 9, 'fitness': 0.9781216609450705, 'generation': 482}","{'id': 34550, 'rank': 10, 'fitness': 0.9781216609450705, 'generation': 482}","{'id': 34550, 'rank': 11, 'fitness': 0.9781216609450705, 'generation': 482}","{'id': 34550, 'rank': 12, 'fitness': 0.9781216609450705, 'generation': 482}","{'id': 34550, 'rank': 13, 'fitness': 0.9781216609450705, 'generation': 482}","{'id': 34550, 'rank': 14, 'fitness': 0.9781216609450705, 'generation': 482}","{'id': 34550, 'rank': 15, 'fitness': 0.9781216609450705, 'generation': 482}","{'id': 34550, 'rank': 16, 'fitness': 0.9781216609450705, 'generation': 482}","{'id': 34550, 'rank': 17, 'fitness': 0.9781216609450705, 'generation': 482}","{'id': 34550, 'rank': 18, 'fitness': 0.9781216609450705, 'generation': 482}","{'id': 34550, 'rank': 19, 'fitness': 0.9781216609450705, 'generation': 482}","{'id': 34550, 'rank': 20, 'fitness': 0.9781216609450705, 'generation': 482}","{'id': 34550, 'rank': 21, 'fitness': 0.9781216609450705, 'generation': 482}","{'id': 34550, 'rank': 22, 'fitness': 0.9781216609450705, 'generation': 482}","{'id': 34550, 'rank': 23, 'fitness': 0.9781216609450705, 'generation': 482}","{'id': 34550, 'rank': 24, 'fitness': 0.9781216609450705, 'generation': 482}","{'id': 35583, 'rank': 25, 'fitness': 0.9091503797981157, 'generation': 482}","{'id': 35583, 'rank': 26, 'fitness': 0.9091503797981157, 'generation': 482}","{'id': 35583, 'rank': 27, 'fitness': 0.9091503797981157, 'generation': 482}","{'id': 35634, 'rank': 28, 'fitness': 0.6337720984065836, 'generation': 482}","{'id': 35636, 'rank': 29, 'fitness': 0.48353371390901306, 'generation': 482}","{'id': 35659, 'rank': 30, 'fitness': 0.01798620996209155, 'generation': 482}"
"{'id': 35579, 'rank': 1, 'fitness': 0.9820137900379085, 'generation': 483}","{'id': 35579, 'rank': 2, 'fitness': 0.9820137900379085, 'generation': 483}","{'id': 35579, 'rank': 3, 'fitness': 0.9820137900379085, 'generation': 483}","{'id': 35579, 'rank': 4, 'fitness': 0.9820137900379085, 'generation': 483}","{'id': 34550, 'rank': 5, 'fitness': 0.9738058751977668, 'generation': 483}","{'id': 34550, 'rank': 6, 'fitness': 0.9738058751977668, 'generation': 483}","{'id': 34550, 'rank': 7, 'fitness': 0.9738058751977668, 'generation': 483}","{'id': 34550, 'rank': 8, 'fitness': 0.9738058751977668, 'generation': 483}","{'id': 34550, 'rank': 9, 'fitness': 0.9738058751977668, 'generation': 483}","{'id': 34550, 'rank': 10, 'fitness': 0.9738058751977668, 'generation': 483}","{'id': 34550, 'rank': 11, 'fitness': 0.9738058751977668, 'generation': 483}","{'id': 34550, 'rank': 12, 'fitness': 0.9738058751977668, 'generation': 483}","{'id': 34550, 'rank': 13, 'fitness': 0.9738058751977668, 'generation': 483}","{'id': 34550, 'rank': 14, 'fitness': 0.9738058751977668, 'generation': 483}","{'id': 34550, 'rank': 15, 'fitness': 0.9738058751977668, 'generation': 483}","{'id': 34550, 'rank': 16, 'fitness': 0.9738058751977668, 'generation': 483}","{'id': 34550, 'rank': 17, 'fitness': 0.9738058751977668, 'generation': 483}","{'id': 34550, 'rank': 18, 'fitness': 0.9738058751977668, 'generation': 483}","{'id': 34550, 'rank': 19, 'fitness': 0.9738058751977668, 'generation': 483}","{'id': 34550, 'rank': 20, 'fitness': 0.9738058751977668, 'generation': 483}","{'id': 34550, 'rank': 21, 'fitness': 0.9738058751977668, 'generation': 483}","{'id': 34550, 'rank': 22, 'fitness': 0.9738058751977668, 'generation': 483}","{'id': 35693, 'rank': 23, 'fitness': 0.6812902668230623, 'generation': 483}","{'id': 35693, 'rank': 24, 'fitness': 0.6812902668230623, 'generation': 483}","{'id': 35583, 'rank': 25, 'fitness': 0.6764202612573496, 'generation': 483}","{'id': 35737, 'rank': 26, 'fitness': 0.659290258399309, 'generation': 483}","{'id': 35726, 'rank': 27, 'fitness': 0.5579941563786817, 'generation': 483}","{'id': 35703, 'rank': 28, 'fitness': 0.3144950409726993, 'generation': 483}","{'id': 35745, 'rank': 29, 'fitness': 0.30156671688085096, 'generation': 483}","{'id': 35696, 'rank': 30, 'fitness': 0.01798620996209155, 'generation': 483}"
"{'id': 35579, 'rank': 1, 'fitness': 0.9820137900379085, 'generation': 484}","{'id': 35579, 'rank': 2, 'fitness': 0.9820137900379085, 'generation': 484}","{'id': 35579, 'rank': 3, 'fitness': 0.9820137900379085, 'generation': 484}","{'id': 35579, 'rank': 4, 'fitness': 0.9820137900379085, 'generation': 484}","{'id': 35579, 'rank': 5, 'fitness': 0.9820137900379085, 'generation': 484}","{'id': 35579, 'rank': 6, 'fitness': 0.9820137900379085, 'generation': 484}","{'id': 35579, 'rank': 7, 'fitness': 0.9820137900379085, 'generation': 484}","{'id': 35579, 'rank': 8, 'fitness': 0.9820137900379085, 'generation': 484}","{'id': 35579, 'rank': 9, 'fitness': 0.9820137900379085, 'generation': 484}","{'id': 35579, 'rank': 10, 'fitness': 0.9820137900379085, 'generation': 484}","{'id': 35579, 'rank': 11, 'fitness': 0.9820137900379085, 'generation': 484}","{'id': 34550, 'rank': 12, 'fitness': 0.9733664086449763, 'generation': 484}","{'id': 34550, 'rank': 13, 'fitness': 0.9733664086449763, 'generation': 484}","{'id': 34550, 'rank': 14, 'fitness': 0.9733664086449763, 'generation': 484}","{'id': 34550, 'rank': 15, 'fitness': 0.9733664086449763, 'generation': 484}","{'id': 34550, 'rank': 16, 'fitness': 0.9733664086449763, 'generation': 484}","{'id': 34550, 'rank': 17, 'fitness': 0.9733664086449763, 'generation': 484}","{'id': 34550, 'rank': 18, 'fitness': 0.9733664086449763, 'generation': 484}","{'id': 34550, 'rank': 19, 'fitness': 0.9733664086449763, 'generation': 484}","{'id': 34550, 'rank': 20, 'fitness': 0.9733664086449763, 'generation': 484}","{'id': 34550, 'rank': 21, 'fitness': 0.9733664086449763, 'generation': 484}","{'id': 34550, 'rank': 22, 'fitness': 0.9733664086449763, 'generation': 484}","{'id': 34550, 'rank': 23, 'fitness': 0.9733664086449763, 'generation': 484}","{'id': 34550, 'rank': 24, 'fitness': 0.9733664086449763, 'generation': 484}","{'id': 34550, 'rank': 25, 'fitness': 0.9733664086449763, 'generation': 484}","{'id': 34550, 'rank': 26, 'fitness': 0.9733664086449763, 'generation': 484}","{'id': 34550, 'rank': 27, 'fitness': 0.9733664086449763, 'generation': 484}","{'id': 35787, 'rank': 28, 'fitness': 0.7999651314067674, 'generation': 484}","{'id': 35726, 'rank': 29, 'fitness': 0.5163744595711537, 'generation': 484}","{'id': 35797, 'rank': 30, 'fitness': 0.01798620996209155, 'generation': 484}"
"{'id': 35579, 'rank': 1, 'fitness': 0.9820137900379085, 'generation': 485}","{'id': 35579, 'rank': 2, 'fitness': 0.9820137900379085, 'generation': 485}","{'id': 35579, 'rank': 3, 'fitness': 0.9820137900379085, 'generation': 485}","{'id': 35579, 'rank': 4, 'fitness': 0.9820137900379085, 'generation': 485}","{'id': 35579, 'rank': 5, 'fitness': 0.9820137900379085, 'generation': 485}","{'id': 35579, 'rank': 6, 'fitness': 0.9820137900379085, 'generation': 485}","{'id': 35579, 'rank': 7, 'fitness': 0.9820137900379085, 'generation': 485}","{'id': 35579, 'rank': 8, 'fitness': 0.9820137900379085, 'generation': 485}","{'id': 35579, 'rank': 9, 'fitness': 0.9820137900379085, 'generation': 485}","{'id': 35579, 'rank': 10, 'fitness': 0.9820137900379085, 'generation': 485}","{'id': 35579, 'rank': 11, 'fitness': 0.9820137900379085, 'generation': 485}","{'id': 35579, 'rank': 12, 'fitness': 0.9820137900379085, 'generation': 485}","{'id': 34550, 'rank': 13, 'fitness': 0.970445685819052, 'generation': 485}","{'id': 34550, 'rank': 14, 'fitness': 0.970445685819052, 'generation': 485}","{'id': 34550, 'rank': 15, 'fitness': 0.970445685819052, 'generation': 485}","{'id': 34550, 'rank': 16, 'fitness': 0.970445685819052, 'generation': 485}","{'id': 34550, 'rank': 17, 'fitness': 0.970445685819052, 'generation': 485}","{'id': 34550, 'rank': 18, 'fitness': 0.970445685819052, 'generation': 485}","{'id': 34550, 'rank': 19, 'fitness': 0.970445685819052, 'generation': 485}","{'id': 34550, 'rank': 20, 'fitness': 0.970445685819052, 'generation': 485}","{'id': 34550, 'rank': 21, 'fitness': 0.970445685819052, 'generation': 485}","{'id': 34550, 'rank': 22, 'fitness': 0.970445685819052, 'generation': 485}","{'id': 34550, 'rank': 23, 'fitness': 0.970445685819052, 'generation': 485}","{'id': 34550, 'rank': 24, 'fitness': 0.970445685819052, 'generation': 485}","{'id': 34550, 'rank': 25, 'fitness': 0.970445685819052, 'generation': 485}","{'id': 34550, 'rank': 26, 'fitness': 0.970445685819052, 'generation': 485}","{'id': 34550, 'rank': 27, 'fitness': 0.970445685819052, 'generation': 485}","{'id': 34550, 'rank': 28, 'fitness': 0.970445685819052, 'generation': 485}","{'id': 35787, 'rank': 29, 'fitness': 0.6657246995581724, 'generation': 485}","{'id': 35879, 'rank': 30, 'fitness': 0.01798620996209155, 'generation': 485}"
"{'id': 35579, 'rank': 1, 'fitness': 0.9820137900379085, 'generation': 486}","{'id': 35579, 'rank': 2, 'fitness': 0.9820137900379085, 'generation': 486}","{'id': 35579, 'rank': 3, 'fitness': 0.9820137900379085, 'generation': 486}","{'id': 35579, 'rank': 4, 'fitness': 0.9820137900379085, 'generation': 486}","{'id': 35579, 'rank': 5, 'fitness': 0.9820137900379085, 'generation': 486}","{'id': 35579, 'rank': 6, 'fitness': 0.9820137900379085, 'generation': 486}","{'id': 35579, 'rank': 7, 'fitness': 0.9820137900379085, 'generation': 486}","{'id': 35579, 'rank': 8, 'fitness': 0.9820137900379085, 'generation': 486}","{'id': 35579, 'rank': 9, 'fitness': 0.9820137900379085, 'generation': 486}","{'id': 35579, 'rank': 10, 'fitness': 0.9820137900379085, 'generation': 486}","{'id': 35579, 'rank': 11, 'fitness': 0.9820137900379085, 'generation': 486}","{'id': 35579, 'rank': 12, 'fitness': 0.9820137900379085, 'generation': 486}","{'id': 35579, 'rank': 13, 'fitness': 0.9820137900379085, 'generation': 486}","{'id': 35579, 'rank': 14, 'fitness': 0.9820137900379085, 'generation': 486}","{'id': 34550, 'rank': 15, 'fitness': 0.9729737039759518, 'generation': 486}","{'id': 34550, 'rank': 16, 'fitness': 0.9729737039759518, 'generation': 486}","{'id': 34550, 'rank': 17, 'fitness': 0.9729737039759518, 'generation': 486}","{'id': 34550, 'rank': 18, 'fitness': 0.9729737039759518, 'generation': 486}","{'id': 34550, 'rank': 19, 'fitness': 0.9729737039759518, 'generation': 486}","{'id': 34550, 'rank': 20, 'fitness': 0.9729737039759518, 'generation': 486}","{'id': 34550, 'rank': 21, 'fitness': 0.9729737039759518, 'generation': 486}","{'id': 34550, 'rank': 22, 'fitness': 0.9729737039759518, 'generation': 486}","{'id': 34550, 'rank': 23, 'fitness': 0.9729737039759518, 'generation': 486}","{'id': 35960, 'rank': 24, 'fitness': 0.9239360874874448, 'generation': 486}","{'id': 35787, 'rank': 25, 'fitness': 0.7838313356633957, 'generation': 486}","{'id': 35787, 'rank': 26, 'fitness': 0.7838313356633957, 'generation': 486}","{'id': 35949, 'rank': 27, 'fitness': 0.7442234944620518, 'generation': 486}","{'id': 35980, 'rank': 28, 'fitness': 0.5463308891137293, 'generation': 486}","{'id': 36021, 'rank': 29, 'fitness': 0.058464775482768794, 'generation': 486}","{'id': 35992, 'rank': 30, 'fitness': 0.01798620996209155, 'generation': 486}"
"{'id': 35579, 'rank': 1, 'fitness': 0.9820137900379085, 'generation': 487}","{'id': 35579, 'rank': 2, 'fitness': 0.9820137900379085, 'generation': 487}","{'id': 35579, 'rank': 3, 'fitness': 0.9820137900379085, 'generation': 487}","{'id': 35579, 'rank': 4, 'fitness': 0.9820137900379085, 'generation': 487}","{'id': 35579, 'rank': 5, 'fitness': 0.9820137900379085, 'generation': 487}","{'id': 35579, 'rank': 6, 'fitness': 0.9820137900379085, 'generation': 487}","{'id': 35579, 'rank': 7, 'fitness': 0.9820137900379085, 'generation': 487}","{'id': 35579, 'rank': 8, 'fitness': 0.9820137900379085, 'generation': 487}","{'id': 35579, 'rank': 9, 'fitness': 0.9820137900379085, 'generation': 487}","{'id': 35579, 'rank': 10, 'fitness': 0.9820137900379085, 'generation': 487}","{'id': 35579, 'rank': 11, 'fitness': 0.9820137900379085, 'generation': 487}","{'id': 35579, 'rank': 12, 'fitness': 0.9820137900379085, 'generation': 487}","{'id': 35579, 'rank': 13, 'fitness': 0.9820137900379085, 'generation': 487}","{'id': 35579, 'rank': 14, 'fitness': 0.9820137900379085, 'generation': 487}","{'id': 35579, 'rank': 15, 'fitness': 0.9820137900379085, 'generation': 487}","{'id': 35579, 'rank': 16, 'fitness': 0.9820137900379085, 'generation': 487}","{'id': 35579, 'rank': 17, 'fitness': 0.9820137900379085, 'generation': 487}","{'id': 35579, 'rank': 18, 'fitness': 0.9820137900379085, 'generation': 487}","{'id': 35579, 'rank': 19, 'fitness': 0.9820137900379085, 'generation': 487}","{'id': 35579, 'rank': 20, 'fitness': 0.9820137900379085, 'generation': 487}","{'id': 34550, 'rank': 21, 'fitness': 0.9631981687401074, 'generation': 487}","{'id': 34550, 'rank': 22, 'fitness': 0.9631981687401074, 'generation': 487}","{'id': 34550, 'rank': 23, 'fitness': 0.9631981687401074, 'generation': 487}","{'id': 34550, 'rank': 24, 'fitness': 0.9631981687401074, 'generation': 487}","{'id': 34550, 'rank': 25, 'fitness': 0.9631981687401074, 'generation': 487}","{'id': 34550, 'rank': 26, 'fitness': 0.9631981687401074, 'generation': 487}","{'id': 35960, 'rank': 27, 'fitness': 0.7935453931820526, 'generation': 487}","{'id': 35787, 'rank': 28, 'fitness': 0.3125854669431112, 'generation': 487}","{'id': 35949, 'rank': 29, 'fitness': 0.2356527159682395, 'generation': 487}","{'id': 36028, 'rank': 30, 'fitness': 0.01798620996209155, 'generation': 487}"
"{'id': 35579, 'rank': 1, 'fitness': 0.9820137900379085, 'generation': 488}","{'id': 35579, 'rank': 2, 'fitness': 0.9820137900379085, 'generation': 488}","{'id': 35579, 'rank': 3, 'fitness': 0.9820137900379085, 'generation': 488}","{'id': 35579, 'rank': 4, 'fitness': 0.9820137900379085, 'generation': 488}","{'id': 35579, 'rank': 5, 'fitness': 0.9820137900379085, 'generation': 488}","{'id': 35579, 'rank': 6, 'fitness': 0.9820137900379085, 'generation': 488}","{'id': 35579, 'rank': 7, 'fitness': 0.9820137900379085, 'generation': 488}","{'id': 35579, 'rank': 8, 'fitness': 0.9820137900379085, 'generation': 488}","{'id': 35579, 'rank': 9, 'fitness': 0.9820137900379085, 'generation': 488}","{'id': 35579, 'rank': 10, 'fitness': 0.9820137900379085, 'generation': 488}","{'id': 35579, 'rank': 11, 'fitness': 0.9820137900379085, 'generation': 488}","{'id': 35579, 'rank': 12, 'fitness': 0.9820137900379085, 'generation': 488}","{'id': 35579, 'rank': 13, 'fitness': 0.9820137900379085, 'generation': 488}","{'id': 35579, 'rank': 14, 'fitness': 0.9820137900379085, 'generation': 488}","{'id': 35579, 'rank': 15, 'fitness': 0.9820137900379085, 'generation': 488}","{'id': 35579, 'rank': 16, 'fitness': 0.9820137900379085, 'generation': 488}","{'id': 35579, 'rank': 17, 'fitness': 0.9820137900379085, 'generation': 488}","{'id': 35579, 'rank': 18, 'fitness': 0.9820137900379085, 'generation': 488}","{'id': 35579, 'rank': 19, 'fitness': 0.9820137900379085, 'generation': 488}","{'id': 35579, 'rank': 20, 'fitness': 0.9820137900379085, 'generation': 488}","{'id': 35579, 'rank': 21, 'fitness': 0.9820137900379085, 'generation': 488}","{'id': 35579, 'rank': 22, 'fitness': 0.9820137900379085, 'generation': 488}","{'id': 35579, 'rank': 23, 'fitness': 0.9820137900379085, 'generation': 488}","{'id': 34550, 'rank': 24, 'fitness': 0.9613610626753519, 'generation': 488}","{'id': 34550, 'rank': 25, 'fitness': 0.9613610626753519, 'generation': 488}","{'id': 34550, 'rank': 26, 'fitness': 0.9613610626753519, 'generation': 488}","{'id': 36144, 'rank': 27, 'fitness': 0.45836892256089223, 'generation': 488}","{'id': 36183, 'rank': 28, 'fitness': 0.33692833904561537, 'generation': 488}","{'id': 36101, 'rank': 29, 'fitness': 0.06885252369978656, 'generation': 488}","{'id': 36143, 'rank': 30, 'fitness': 0.01798620996209155, 'generation': 488}"
"{'id': 35579, 'rank': 1, 'fitness': 0.9820137900379085, 'generation': 489}","{'id': 35579, 'rank': 2, 'fitness': 0.9820137900379085, 'generation': 489}","{'id': 35579, 'rank': 3, 'fitness': 0.9820137900379085, 'generation': 489}","{'id': 35579, 'rank': 4, 'fitness': 0.9820137900379085, 'generation': 489}","{'id': 35579, 'rank': 5, 'fitness': 0.9820137900379085, 'generation': 489}","{'id': 35579, 'rank': 6, 'fitness': 0.9820137900379085, 'generation': 489}","{'id': 35579, 'rank': 7, 'fitness': 0.9820137900379085, 'generation': 489}","{'id': 35579, 'rank': 8, 'fitness': 0.9820137900379085, 'generation': 489}","{'id': 35579, 'rank': 9, 'fitness': 0.9820137900379085, 'generation': 489}","{'id': 35579, 'rank': 10, 'fitness': 0.9820137900379085, 'generation': 489}","{'id': 35579, 'rank': 11, 'fitness': 0.9820137900379085, 'generation': 489}","{'id': 35579, 'rank': 12, 'fitness': 0.9820137900379085, 'generation': 489}","{'id': 35579, 'rank': 13, 'fitness': 0.9820137900379085, 'generation': 489}","{'id': 35579, 'rank': 14, 'fitness': 0.9820137900379085, 'generation': 489}","{'id': 35579, 'rank': 15, 'fitness': 0.9820137900379085, 'generation': 489}","{'id': 35579, 'rank': 16, 'fitness': 0.9820137900379085, 'generation': 489}","{'id': 35579, 'rank': 17, 'fitness': 0.9820137900379085, 'generation': 489}","{'id': 35579, 'rank': 18, 'fitness': 0.9820137900379085, 'generation': 489}","{'id': 35579, 'rank': 19, 'fitness': 0.9820137900379085, 'generation': 489}","{'id': 35579, 'rank': 20, 'fitness': 0.9820137900379085, 'generation': 489}","{'id': 35579, 'rank': 21, 'fitness': 0.9820137900379085, 'generation': 489}","{'id': 35579, 'rank': 22, 'fitness': 0.9820137900379085, 'generation': 489}","{'id': 35579, 'rank': 23, 'fitness': 0.9820137900379085, 'generation': 489}","{'id': 35579, 'rank': 24, 'fitness': 0.9820137900379085, 'generation': 489}","{'id': 35579, 'rank': 25, 'fitness': 0.9820137900379085, 'generation': 489}","{'id': 35579, 'rank': 26, 'fitness': 0.9820137900379085, 'generation': 489}","{'id': 36272, 'rank': 27, 'fitness': 0.8500073508047015, 'generation': 489}","{'id': 36186, 'rank': 28, 'fitness': 0.040621867087935526, 'generation': 489}","{'id': 36206, 'rank': 29, 'fitness': 0.02452679439012384, 'generation': 489}","{'id': 36233, 'rank': 30, 'fitness': 0.01798620996209155, 'generation': 489}"
"{'id': 35579, 'rank': 1, 'fitness': 0.9820137900379085, 'generation': 490}","{'id': 35579, 'rank': 2, 'fitness': 0.9820137900379085, 'generation': 490}","{'id': 35579, 'rank': 3, 'fitness': 0.9820137900379085, 'generation': 490}","{'id': 35579, 'rank': 4, 'fitness': 0.9820137900379085, 'generation': 490}","{'id': 35579, 'rank': 5, 'fitness': 0.9820137900379085, 'generation': 490}","{'id': 35579, 'rank': 6, 'fitness': 0.9820137900379085, 'generation': 490}","{'id': 35579, 'rank': 7, 'fitness': 0.9820137900379085, 'generation': 490}","{'id': 35579, 'rank': 8, 'fitness': 0.9820137900379085, 'generation': 490}","{'id': 35579, 'rank': 9, 'fitness': 0.9820137900379085, 'generation': 490}","{'id': 35579, 'rank': 10, 'fitness': 0.9820137900379085, 'generation': 490}","{'id': 35579, 'rank': 11, 'fitness': 0.9820137900379085, 'generation': 490}","{'id': 35579, 'rank': 12, 'fitness': 0.9820137900379085, 'generation': 490}","{'id': 35579, 'rank': 13, 'fitness': 0.9820137900379085, 'generation': 490}","{'id': 35579, 'rank': 14, 'fitness': 0.9820137900379085, 'generation': 490}","{'id': 35579, 'rank': 15, 'fitness': 0.9820137900379085, 'generation': 490}","{'id': 35579, 'rank': 16, 'fitness': 0.9820137900379085, 'generation': 490}","{'id': 35579, 'rank': 17, 'fitness': 0.9820137900379085, 'generation': 490}","{'id': 35579, 'rank': 18, 'fitness': 0.9820137900379085, 'generation': 490}","{'id': 35579, 'rank': 19, 'fitness': 0.9820137900379085, 'generation': 490}","{'id': 35579, 'rank': 20, 'fitness': 0.9820137900379085, 'generation': 490}","{'id': 35579, 'rank': 21, 'fitness': 0.9820137900379085, 'generation': 490}","{'id': 35579, 'rank': 22, 'fitness': 0.9820137900379085, 'generation': 490}","{'id': 35579, 'rank': 23, 'fitness': 0.9820137900379085, 'generation': 490}","{'id': 35579, 'rank': 24, 'fitness': 0.9820137900379085, 'generation': 490}","{'id': 35579, 'rank': 25, 'fitness': 0.9820137900379085, 'generation': 490}","{'id': 35579, 'rank': 26, 'fitness': 0.9820137900379085, 'generation': 490}","{'id': 35579, 'rank': 27, 'fitness': 0.9820137900379085, 'generation': 490}","{'id': 35579, 'rank': 28, 'fitness': 0.9820137900379085, 'generation': 490}","{'id': 36310, 'rank': 29, 'fitness': 0.02123264845981665, 'generation': 490}","{'id': 36277, 'rank': 30, 'fitness': 0.01798620996209155, 'generation': 490}"
"{'id': 35579, 'rank': 1, 'fitness': 0.9820137900379085, 'generation': 491}","{'id': 35579, 'rank': 2, 'fitness': 0.9820137900379085, 'generation': 491}","{'id': 35579, 'rank': 3, 'fitness': 0.9820137900379085, 'generation': 491}","{'id': 35579, 'rank': 4, 'fitness': 0.9820137900379085, 'generation': 491}","{'id': 35579, 'rank': 5, 'fitness': 0.9820137900379085, 'generation': 491}","{'id': 35579, 'rank': 6, 'fitness': 0.9820137900379085, 'generation': 491}","{'id': 35579, 'rank': 7, 'fitness': 0.9820137900379085, 'generation': 491}","{'id': 35579, 'rank': 8, 'fitness': 0.9820137900379085, 'generation': 491}","{'id': 35579, 'rank': 9, 'fitness': 0.9820137900379085, 'generation': 491}","{'id': 35579, 'rank': 10, 'fitness': 0.9820137900379085, 'generation': 491}","{'id': 35579, 'rank': 11, 'fitness': 0.9820137900379085, 'generation': 491}","{'id': 35579, 'rank': 12, 'fitness': 0.9820137900379085, 'generation': 491}","{'id': 35579, 'rank': 13, 'fitness': 0.9820137900379085, 'generation': 491}","{'id': 35579, 'rank': 14, 'fitness': 0.9820137900379085, 'generation': 491}","{'id': 35579, 'rank': 15, 'fitness': 0.9820137900379085, 'generation': 491}","{'id': 35579, 'rank': 16, 'fitness': 0.9820137900379085, 'generation': 491}","{'id': 35579, 'rank': 17, 'fitness': 0.9820137900379085, 'generation': 491}","{'id': 35579, 'rank': 18, 'fitness': 0.9820137900379085, 'generation': 491}","{'id': 35579, 'rank': 19, 'fitness': 0.9820137900379085, 'generation': 491}","{'id': 35579, 'rank': 20, 'fitness': 0.9820137900379085, 'generation': 491}","{'id': 35579, 'rank': 21, 'fitness': 0.9820137900379085, 'generation': 491}","{'id': 35579, 'rank': 22, 'fitness': 0.9820137900379085, 'generation': 491}","{'id': 35579, 'rank': 23, 'fitness': 0.9820137900379085, 'generation': 491}","{'id': 35579, 'rank': 24, 'fitness': 0.9820137900379085, 'generation': 491}","{'id': 35579, 'rank': 25, 'fitness': 0.9820137900379085, 'generation': 491}","{'id': 35579, 'rank': 26, 'fitness': 0.9820137900379085, 'generation': 491}","{'id': 35579, 'rank': 27, 'fitness': 0.9820137900379085, 'generation': 491}","{'id': 35579, 'rank': 28, 'fitness': 0.9820137900379085, 'generation': 491}","{'id': 36394, 'rank': 29, 'fitness': 0.026482657515703667, 'generation': 491}","{'id': 36377, 'rank': 30, 'fitness': 0.01798620996209155, 'generation': 491}"
"{'id': 35579, 'rank': 1, 'fitness': 0.9820137900379085, 'generation': 492}","{'id': 35579, 'rank': 2, 'fitness': 0.9820137900379085, 'generation': 492}","{'id': 35579, 'rank': 3, 'fitness': 0.9820137900379085, 'generation': 492}","{'id': 35579, 'rank': 4, 'fitness': 0.9820137900379085, 'generation': 492}","{'id': 35579, 'rank': 5, 'fitness': 0.9820137900379085, 'generation': 492}","{'id': 35579, 'rank': 6, 'fitness': 0.9820137900379085, 'generation': 492}","{'id': 35579, 'rank': 7, 'fitness': 0.9820137900379085, 'generation': 492}","{'id': 35579, 'rank': 8, 'fitness': 0.9820137900379085, 'generation': 492}","{'id': 35579, 'rank': 9, 'fitness': 0.9820137900379085, 'generation': 492}","{'id': 35579, 'rank': 10, 'fitness': 0.9820137900379085, 'generation': 492}","{'id': 35579, 'rank': 11, 'fitness': 0.9820137900379085, 'generation': 492}","{'id': 35579, 'rank': 12, 'fitness': 0.9820137900379085, 'generation': 492}","{'id': 35579, 'rank': 13, 'fitness': 0.9820137900379085, 'generation': 492}","{'id': 35579, 'rank': 14, 'fitness': 0.9820137900379085, 'generation': 492}","{'id': 35579, 'rank': 15, 'fitness': 0.9820137900379085, 'generation': 492}","{'id': 35579, 'rank': 16, 'fitness': 0.9820137900379085, 'generation': 492}","{'id': 35579, 'rank': 17, 'fitness': 0.9820137900379085, 'generation': 492}","{'id': 35579, 'rank': 18, 'fitness': 0.9820137900379085, 'generation': 492}","{'id': 35579, 'rank': 19, 'fitness': 0.9820137900379085, 'generation': 492}","{'id': 35579, 'rank': 20, 'fitness': 0.9820137900379085, 'generation': 492}","{'id': 35579, 'rank': 21, 'fitness': 0.9820137900379085, 'generation': 492}","{'id': 35579, 'rank': 22, 'fitness': 0.9820137900379085, 'generation': 492}","{'id': 35579, 'rank': 23, 'fitness': 0.9820137900379085, 'generation': 492}","{'id': 35579, 'rank': 24, 'fitness': 0.9820137900379085, 'generation': 492}","{'id': 35579, 'rank': 25, 'fitness': 0.9820137900379085, 'generation': 492}","{'id': 35579, 'rank': 26, 'fitness': 0.9820137900379085, 'generation': 492}","{'id': 35579, 'rank': 27, 'fitness': 0.9820137900379085, 'generation': 492}","{'id': 36485, 'rank': 28, 'fitness': 0.8108656319550607, 'generation': 492}","{'id': 36394, 'rank': 29, 'fitness': 0.16662713110192034, 'generation': 492}","{'id': 36471, 'rank': 30, 'fitness': 0.01798620996209155, 'generation': 492}"
"{'id': 35579, 'rank': 1, 'fitness': 0.9820137900379085, 'generation': 493}","{'id': 35579, 'rank': 2, 'fitness': 0.9820137900379085, 'generation': 493}","{'id': 35579, 'rank': 3, 'fitness': 0.9820137900379085, 'generation': 493}","{'id': 35579, 'rank': 4, 'fitness': 0.9820137900379085, 'generation': 493}","{'id': 35579, 'rank': 5, 'fitness': 0.9820137900379085, 'generation': 493}","{'id': 35579, 'rank': 6, 'fitness': 0.9820137900379085, 'generation': 493}","{'id': 35579, 'rank': 7, 'fitness': 0.9820137900379085, 'generation': 493}","{'id': 35579, 'rank': 8, 'fitness': 0.9820137900379085, 'generation': 493}","{'id': 35579, 'rank': 9, 'fitness': 0.9820137900379085, 'generation': 493}","{'id': 35579, 'rank': 10, 'fitness': 0.9820137900379085, 'generation': 493}","{'id': 35579, 'rank': 11, 'fitness': 0.9820137900379085, 'generation': 493}","{'id': 35579, 'rank': 12, 'fitness': 0.9820137900379085, 'generation': 493}","{'id': 35579, 'rank': 13, 'fitness': 0.9820137900379085, 'generation': 493}","{'id': 35579, 'rank': 14, 'fitness': 0.9820137900379085, 'generation': 493}","{'id': 35579, 'rank': 15, 'fitness': 0.9820137900379085, 'generation': 493}","{'id': 35579, 'rank': 16, 'fitness': 0.9820137900379085, 'generation': 493}","{'id': 35579, 'rank': 17, 'fitness': 0.9820137900379085, 'generation': 493}","{'id': 35579, 'rank': 18, 'fitness': 0.9820137900379085, 'generation': 493}","{'id': 35579, 'rank': 19, 'fitness': 0.9820137900379085, 'generation': 493}","{'id': 35579, 'rank': 20, 'fitness': 0.9820137900379085, 'generation': 493}","{'id': 35579, 'rank': 21, 'fitness': 0.9820137900379085, 'generation': 493}","{'id': 35579, 'rank': 22, 'fitness': 0.9820137900379085, 'generation': 493}","{'id': 35579, 'rank': 23, 'fitness': 0.9820137900379085, 'generation': 493}","{'id': 35579, 'rank': 24, 'fitness': 0.9820137900379085, 'generation': 493}","{'id': 35579, 'rank': 25, 'fitness': 0.9820137900379085, 'generation': 493}","{'id': 35579, 'rank': 26, 'fitness': 0.9820137900379085, 'generation': 493}","{'id': 35579, 'rank': 27, 'fitness': 0.9820137900379085, 'generation': 493}","{'id': 36511, 'rank': 28, 'fitness': 0.9721426012825258, 'generation': 493}","{'id': 36557, 'rank': 29, 'fitness': 0.10185602226851037, 'generation': 493}","{'id': 36575, 'rank': 30, 'fitness': 0.01798620996209155, 'generation': 493}"
"{'id': 35579, 'rank': 1, 'fitness': 0.9820137900379085, 'generation': 494}","{'id': 35579, 'rank': 2, 'fitness': 0.9820137900379085, 'generation': 494}","{'id': 35579, 'rank': 3, 'fitness': 0.9820137900379085, 'generation': 494}","{'id': 35579, 'rank': 4, 'fitness': 0.9820137900379085, 'generation': 494}","{'id': 35579, 'rank': 5, 'fitness': 0.9820137900379085, 'generation': 494}","{'id': 35579, 'rank': 6, 'fitness': 0.9820137900379085, 'generation': 494}","{'id': 35579, 'rank': 7, 'fitness': 0.9820137900379085, 'generation': 494}","{'id': 35579, 'rank': 8, 'fitness': 0.9820137900379085, 'generation': 494}","{'id': 35579, 'rank': 9, 'fitness': 0.9820137900379085, 'generation': 494}","{'id': 35579, 'rank': 10, 'fitness': 0.9820137900379085, 'generation': 494}","{'id': 35579, 'rank': 11, 'fitness': 0.9820137900379085, 'generation': 494}","{'id': 35579, 'rank': 12, 'fitness': 0.9820137900379085, 'generation': 494}","{'id': 35579, 'rank': 13, 'fitness': 0.9820137900379085, 'generation': 494}","{'id': 35579, 'rank': 14, 'fitness': 0.9820137900379085, 'generation': 494}","{'id': 35579, 'rank': 15, 'fitness': 0.9820137900379085, 'generation': 494}","{'id': 35579, 'rank': 16, 'fitness': 0.9820137900379085, 'generation': 494}","{'id': 35579, 'rank': 17, 'fitness': 0.9820137900379085, 'generation': 494}","{'id': 35579, 'rank': 18, 'fitness': 0.9820137900379085, 'generation': 494}","{'id': 35579, 'rank': 19, 'fitness': 0.9820137900379085, 'generation': 494}","{'id': 35579, 'rank': 20, 'fitness': 0.9820137900379085, 'generation': 494}","{'id': 35579, 'rank': 21, 'fitness': 0.9820137900379085, 'generation': 494}","{'id': 35579, 'rank': 22, 'fitness': 0.9820137900379085, 'generation': 494}","{'id': 35579, 'rank': 23, 'fitness': 0.9820137900379085, 'generation': 494}","{'id': 35579, 'rank': 24, 'fitness': 0.9820137900379085, 'generation': 494}","{'id': 35579, 'rank': 25, 'fitness': 0.9820137900379085, 'generation': 494}","{'id': 35579, 'rank': 26, 'fitness': 0.9820137900379085, 'generation': 494}","{'id': 35579, 'rank': 27, 'fitness': 0.9820137900379085, 'generation': 494}","{'id': 35579, 'rank': 28, 'fitness': 0.9820137900379085, 'generation': 494}","{'id': 35579, 'rank': 29, 'fitness': 0.9820137900379085, 'generation': 494}","{'id': 36595, 'rank': 30, 'fitness': 0.01798620996209155, 'generation': 494}"
"{'id': 35579, 'rank': 1, 'fitness': 0.9820137900379085, 'generation': 495}","{'id': 35579, 'rank': 2, 'fitness': 0.9820137900379085, 'generation': 495}","{'id': 35579, 'rank': 3, 'fitness': 0.9820137900379085, 'generation': 495}","{'id': 35579, 'rank': 4, 'fitness': 0.9820137900379085, 'generation': 495}","{'id': 35579, 'rank': 5, 'fitness': 0.9820137900379085, 'generation': 495}","{'id': 35579, 'rank': 6, 'fitness': 0.9820137900379085, 'generation': 495}","{'id': 35579, 'rank': 7, 'fitness': 0.9820137900379085, 'generation': 495}","{'id': 35579, 'rank': 8, 'fitness': 0.9820137900379085, 'generation': 495}","{'id': 35579, 'rank': 9, 'fitness': 0.9820137900379085, 'generation': 495}","{'id': 35579, 'rank': 10, 'fitness': 0.9820137900379085, 'generation': 495}","{'id': 35579, 'rank': 11, 'fitness': 0.9820137900379085, 'generation': 495}","{'id': 35579, 'rank': 12, 'fitness': 0.9820137900379085, 'generation': 495}","{'id': 35579, 'rank': 13, 'fitness': 0.9820137900379085, 'generation': 495}","{'id': 35579, 'rank': 14, 'fitness': 0.9820137900379085, 'generation': 495}","{'id': 35579, 'rank': 15, 'fitness': 0.9820137900379085, 'generation': 495}","{'id': 35579, 'rank': 16, 'fitness': 0.9820137900379085, 'generation': 495}","{'id': 35579, 'rank': 17, 'fitness': 0.9820137900379085, 'generation': 495}","{'id': 35579, 'rank': 18, 'fitness': 0.9820137900379085, 'generation': 495}","{'id': 35579, 'rank': 19, 'fitness': 0.9820137900379085, 'generation': 495}","{'id': 35579, 'rank': 20, 'fitness': 0.9820137900379085, 'generation': 495}","{'id': 35579, 'rank': 21, 'fitness': 0.9820137900379085, 'generation': 495}","{'id': 35579, 'rank': 22, 'fitness': 0.9820137900379085, 'generation': 495}","{'id': 35579, 'rank': 23, 'fitness': 0.9820137900379085, 'generation': 495}","{'id': 35579, 'rank': 24, 'fitness': 0.9820137900379085, 'generation': 495}","{'id': 35579, 'rank': 25, 'fitness': 0.9820137900379085, 'generation': 495}","{'id': 35579, 'rank': 26, 'fitness': 0.9820137900379085, 'generation': 495}","{'id': 35579, 'rank': 27, 'fitness': 0.9820137900379085, 'generation': 495}","{'id': 35579, 'rank': 28, 'fitness': 0.9820137900379085, 'generation': 495}","{'id': 36663, 'rank': 29, 'fitness': 0.3938046384830368, 'generation': 495}","{'id': 36666, 'rank': 30, 'fitness': 0.01798620996209155, 'generation': 495}"
"{'id': 35579, 'rank': 1, 'fitness': 0.9820137900379085, 'generation': 496}","{'id': 35579, 'rank': 2, 'fitness': 0.9820137900379085, 'generation': 496}","{'id': 35579, 'rank': 3, 'fitness': 0.9820137900379085, 'generation': 496}","{'id': 35579, 'rank': 4, 'fitness': 0.9820137900379085, 'generation': 496}","{'id': 35579, 'rank': 5, 'fitness': 0.9820137900379085, 'generation': 496}","{'id': 35579, 'rank': 6, 'fitness': 0.9820137900379085, 'generation': 496}","{'id': 35579, 'rank': 7, 'fitness': 0.9820137900379085, 'generation': 496}","{'id': 35579, 'rank': 8, 'fitness': 0.9820137900379085, 'generation': 496}","{'id': 35579, 'rank': 9, 'fitness': 0.9820137900379085, 'generation': 496}","{'id': 35579, 'rank': 10, 'fitness': 0.9820137900379085, 'generation': 496}","{'id': 35579, 'rank': 11, 'fitness': 0.9820137900379085, 'generation': 496}","{'id': 35579, 'rank': 12, 'fitness': 0.9820137900379085, 'generation': 496}","{'id': 35579, 'rank': 13, 'fitness': 0.9820137900379085, 'generation': 496}","{'id': 35579, 'rank': 14, 'fitness': 0.9820137900379085, 'generation': 496}","{'id': 35579, 'rank': 15, 'fitness': 0.9820137900379085, 'generation': 496}","{'id': 35579, 'rank': 16, 'fitness': 0.9820137900379085, 'generation': 496}","{'id': 35579, 'rank': 17, 'fitness': 0.9820137900379085, 'generation': 496}","{'id': 35579, 'rank': 18, 'fitness': 0.9820137900379085, 'generation': 496}","{'id': 35579, 'rank': 19, 'fitness': 0.9820137900379085, 'generation': 496}","{'id': 35579, 'rank': 20, 'fitness': 0.9820137900379085, 'generation': 496}","{'id': 35579, 'rank': 21, 'fitness': 0.9820137900379085, 'generation': 496}","{'id': 35579, 'rank': 22, 'fitness': 0.9820137900379085, 'generation': 496}","{'id': 35579, 'rank': 23, 'fitness': 0.9820137900379085, 'generation': 496}","{'id': 35579, 'rank': 24, 'fitness': 0.9820137900379085, 'generation': 496}","{'id': 35579, 'rank': 25, 'fitness': 0.9820137900379085, 'generation': 496}","{'id': 35579, 'rank': 26, 'fitness': 0.9820137900379085, 'generation': 496}","{'id': 35579, 'rank': 27, 'fitness': 0.9820137900379085, 'generation': 496}","{'id': 36790, 'rank': 28, 'fitness': 0.0697800958426002, 'generation': 496}","{'id': 36663, 'rank': 29, 'fitness': 0.04393274865213004, 'generation': 496}","{'id': 36785, 'rank': 30, 'fitness': 0.01798620996209155, 'generation': 496}"
"{'id': 36897, 'rank': 1, 'fitness': 0.9820137900379085, 'generation': 497}","{'id': 36897, 'rank': 2, 'fitness': 0.9820137900379085, 'generation': 497}","{'id': 35579, 'rank': 3, 'fitness': 0.9810933070881751, 'generation': 497}","{'id': 35579, 'rank': 4, 'fitness': 0.9810933070881751, 'generation': 497}","{'id': 35579, 'rank': 5, 'fitness': 0.9810933070881751, 'generation': 497}","{'id': 35579, 'rank': 6, 'fitness': 0.9810933070881751, 'generation': 497}","{'id': 35579, 'rank': 7, 'fitness': 0.9810933070881751, 'generation': 497}","{'id': 35579, 'rank': 8, 'fitness': 0.9810933070881751, 'generation': 497}","{'id': 35579, 'rank': 9, 'fitness': 0.9810933070881751, 'generation': 497}","{'id': 35579, 'rank': 10, 'fitness': 0.9810933070881751, 'generation': 497}","{'id': 35579, 'rank': 11, 'fitness': 0.9810933070881751, 'generation': 497}","{'id': 35579, 'rank': 12, 'fitness': 0.9810933070881751, 'generation': 497}","{'id': 35579, 'rank': 13, 'fitness': 0.9810933070881751, 'generation': 497}","{'id': 35579, 'rank': 14, 'fitness': 0.9810933070881751, 'generation': 497}","{'id': 35579, 'rank': 15, 'fitness': 0.9810933070881751, 'generation': 497}","{'id': 35579, 'rank': 16, 'fitness': 0.9810933070881751, 'generation': 497}","{'id': 35579, 'rank': 17, 'fitness': 0.9810933070881751, 'generation': 497}","{'id': 35579, 'rank': 18, 'fitness': 0.9810933070881751, 'generation': 497}","{'id': 35579, 'rank': 19, 'fitness': 0.9810933070881751, 'generation': 497}","{'id': 35579, 'rank': 20, 'fitness': 0.9810933070881751, 'generation': 497}","{'id': 35579, 'rank': 21, 'fitness': 0.9810933070881751, 'generation': 497}","{'id': 35579, 'rank': 22, 'fitness': 0.9810933070881751, 'generation': 497}","{'id': 35579, 'rank': 23, 'fitness': 0.9810933070881751, 'generation': 497}","{'id': 35579, 'rank': 24, 'fitness': 0.9810933070881751, 'generation': 497}","{'id': 35579, 'rank': 25, 'fitness': 0.9810933070881751, 'generation': 497}","{'id': 36849, 'rank': 26, 'fitness': 0.732450844446319, 'generation': 497}","{'id': 36869, 'rank': 27, 'fitness': 0.6597461321758437, 'generation': 497}","{'id': 36836, 'rank': 28, 'fitness': 0.09952011868188843, 'generation': 497}","{'id': 36867, 'rank': 29, 'fitness': 0.01798620996209155, 'generation': 497}","{'id': 36867, 'rank': 30, 'fitness': 0.01798620996209155, 'generation': 497}"
"{'id': 36897, 'rank': 1, 'fitness': 0.9820137900379085, 'generation': 498}","{'id': 36897, 'rank': 2, 'fitness': 0.9820137900379085, 'generation': 498}","{'id': 36897, 'rank': 3, 'fitness': 0.9820137900379085, 'generation': 498}","{'id': 35579, 'rank': 4, 'fitness': 0.9810933070881751, 'generation': 498}","{'id': 35579, 'rank': 5, 'fitness': 0.9810933070881751, 'generation': 498}","{'id': 35579, 'rank': 6, 'fitness': 0.9810933070881751, 'generation': 498}","{'id': 35579, 'rank': 7, 'fitness': 0.9810933070881751, 'generation': 498}","{'id': 35579, 'rank': 8, 'fitness': 0.9810933070881751, 'generation': 498}","{'id': 35579, 'rank': 9, 'fitness': 0.9810933070881751, 'generation': 498}","{'id': 35579, 'rank': 10, 'fitness': 0.9810933070881751, 'generation': 498}","{'id': 35579, 'rank': 11, 'fitness': 0.9810933070881751, 'generation': 498}","{'id': 35579, 'rank': 12, 'fitness': 0.9810933070881751, 'generation': 498}","{'id': 35579, 'rank': 13, 'fitness': 0.9810933070881751, 'generation': 498}","{'id': 35579, 'rank': 14, 'fitness': 0.9810933070881751, 'generation': 498}","{'id': 35579, 'rank': 15, 'fitness': 0.9810933070881751, 'generation': 498}","{'id': 35579, 'rank': 16, 'fitness': 0.9810933070881751, 'generation': 498}","{'id': 35579, 'rank': 17, 'fitness': 0.9810933070881751, 'generation': 498}","{'id': 35579, 'rank': 18, 'fitness': 0.9810933070881751, 'generation': 498}","{'id': 35579, 'rank': 19, 'fitness': 0.9810933070881751, 'generation': 498}","{'id': 35579, 'rank': 20, 'fitness': 0.9810933070881751, 'generation': 498}","{'id': 35579, 'rank': 21, 'fitness': 0.9810933070881751, 'generation': 498}","{'id': 35579, 'rank': 22, 'fitness': 0.9810933070881751, 'generation': 498}","{'id': 35579, 'rank': 23, 'fitness': 0.9810933070881751, 'generation': 498}","{'id': 35579, 'rank': 24, 'fitness': 0.9810933070881751, 'generation': 498}","{'id': 35579, 'rank': 25, 'fitness': 0.9810933070881751, 'generation': 498}","{'id': 35579, 'rank': 26, 'fitness': 0.9810933070881751, 'generation': 498}","{'id': 36869, 'rank': 27, 'fitness': 0.6597461321758437, 'generation': 498}","{'id': 36909, 'rank': 28, 'fitness': 0.07661632386206602, 'generation': 498}","{'id': 36940, 'rank': 29, 'fitness': 0.054367289472827096, 'generation': 498}","{'id': 36867, 'rank': 30, 'fitness': 0.01798620996209155, 'generation': 498}"
"{'id': 36897, 'rank': 1, 'fitness': 0.9820137900379085, 'generation': 499}","{'id': 36897, 'rank': 2, 'fitness': 0.9820137900379085, 'generation': 499}","{'id': 36897, 'rank': 3, 'fitness': 0.9820137900379085, 'generation': 499}","{'id': 36897, 'rank': 4, 'fitness': 0.9820137900379085, 'generation': 499}","{'id': 35579, 'rank': 5, 'fitness': 0.9810331440016793, 'generation': 499}","{'id': 35579, 'rank': 6, 'fitness': 0.9810331440016793, 'generation': 499}","{'id': 35579, 'rank': 7, 'fitness': 0.9810331440016793, 'generation': 499}","{'id': 35579, 'rank': 8, 'fitness': 0.9810331440016793, 'generation': 499}","{'id': 35579, 'rank': 9, 'fitness': 0.9810331440016793, 'generation': 499}","{'id': 35579, 'rank': 10, 'fitness': 0.9810331440016793, 'generation': 499}","{'id': 35579, 'rank': 11, 'fitness': 0.9810331440016793, 'generation': 499}","{'id': 35579, 'rank': 12, 'fitness': 0.9810331440016793, 'generation': 499}","{'id': 35579, 'rank': 13, 'fitness': 0.9810331440016793, 'generation': 499}","{'id': 35579, 'rank': 14, 'fitness': 0.9810331440016793, 'generation': 499}","{'id': 35579, 'rank': 15, 'fitness': 0.9810331440016793, 'generation': 499}","{'id': 35579, 'rank': 16, 'fitness': 0.9810331440016793, 'generation': 499}","{'id': 35579, 'rank': 17, 'fitness': 0.9810331440016793, 'generation': 499}","{'id': 35579, 'rank': 18, 'fitness': 0.9810331440016793, 'generation': 499}","{'id': 35579, 'rank': 19, 'fitness': 0.9810331440016793, 'generation': 499}","{'id': 35579, 'rank': 20, 'fitness': 0.9810331440016793, 'generation': 499}","{'id': 35579, 'rank': 21, 'fitness': 0.9810331440016793, 'generation': 499}","{'id': 35579, 'rank': 22, 'fitness': 0.9810331440016793, 'generation': 499}","{'id': 35579, 'rank': 23, 'fitness': 0.9810331440016793, 'generation': 499}","{'id': 35579, 'rank': 24, 'fitness': 0.9810331440016793, 'generation': 499}","{'id': 35579, 'rank': 25, 'fitness': 0.9810331440016793, 'generation': 499}","{'id': 37022, 'rank': 26, 'fitness': 0.1348263095023548, 'generation': 499}","{'id': 37022, 'rank': 27, 'fitness': 0.1348263095023548, 'generation': 499}","{'id': 37037, 'rank': 28, 'fitness': 0.12400561817458683, 'generation': 499}","{'id': 36999, 'rank': 29, 'fitness': 0.06818918448844269, 'generation': 499}","{'id': 37056, 'rank': 30, 'fitness': 0.01798620996209155, 'generation': 499}"
"{'id': 36897, 'rank': 1, 'fitness': 0.9820137900379085, 'generation': 500}","{'id': 36897, 'rank': 2, 'fitness': 0.9820137900379085, 'generation': 500}","{'id': 36897, 'rank': 3, 'fitness': 0.9820137900379085, 'generation': 500}","{'id': 36897, 'rank': 4, 'fitness': 0.9820137900379085, 'generation': 500}","{'id': 36897, 'rank': 5, 'fitness': 0.9820137900379085, 'generation': 500}","{'id': 36897, 'rank': 6, 'fitness': 0.9820137900379085, 'generation': 500}","{'id': 36897, 'rank': 7, 'fitness': 0.9820137900379085, 'generation': 500}","{'id': 36897, 'rank': 8, 'fitness': 0.9820137900379085, 'generation': 500}","{'id': 36897, 'rank': 9, 'fitness': 0.9820137900379085, 'generation': 500}","{'id': 35579, 'rank': 10, 'fitness': 0.9811504899747863, 'generation': 500}","{'id': 35579, 'rank': 11, 'fitness': 0.9811504899747863, 'generation': 500}","{'id': 35579, 'rank': 12, 'fitness': 0.9811504899747863, 'generation': 500}","{'id': 35579, 'rank': 13, 'fitness': 0.9811504899747863, 'generation': 500}","{'id': 35579, 'rank': 14, 'fitness': 0.9811504899747863, 'generation': 500}","{'id': 35579, 'rank': 15, 'fitness': 0.9811504899747863, 'generation': 500}","{'id': 35579, 'rank': 16, 'fitness': 0.9811504899747863, 'generation': 500}","{'id': 35579, 'rank': 17, 'fitness': 0.9811504899747863, 'generation': 500}","{'id': 35579, 'rank': 18, 'fitness': 0.9811504899747863, 'generation': 500}","{'id': 35579, 'rank': 19, 'fitness': 0.9811504899747863, 'generation': 500}","{'id': 35579, 'rank': 20, 'fitness': 0.9811504899747863, 'generation': 500}","{'id': 35579, 'rank': 21, 'fitness': 0.9811504899747863, 'generation': 500}","{'id': 35579, 'rank': 22, 'fitness': 0.9811504899747863, 'generation': 500}","{'id': 35579, 'rank': 23, 'fitness': 0.9811504899747863, 'generation': 500}","{'id': 35579, 'rank': 24, 'fitness': 0.9811504899747863, 'generation': 500}","{'id': 37084, 'rank': 25, 'fitness': 0.3390333514535291, 'generation': 500}","{'id': 37037, 'rank': 26, 'fitness': 0.22122157502633316, 'generation': 500}","{'id': 37121, 'rank': 27, 'fitness': 0.07918685781987311, 'generation': 500}","{'id': 37154, 'rank': 28, 'fitness': 0.0781247197005197, 'generation': 500}","{'id': 37104, 'rank': 29, 'fitness': 0.06575334208015354, 'generation': 500}","{'id': 37105, 'rank': 30, 'fitness': 0.01798620996209155, 'generation': 500}"
"{'id': 36897, 'rank': 1, 'fitness': 0.9820137900379085, 'generation': 501}","{'id': 36897, 'rank': 2, 'fitness': 0.9820137900379085, 'generation': 501}","{'id': 36897, 'rank': 3, 'fitness': 0.9820137900379085, 'generation': 501}","{'id': 36897, 'rank': 4, 'fitness': 0.9820137900379085, 'generation': 501}","{'id': 36897, 'rank': 5, 'fitness': 0.9820137900379085, 'generation': 501}","{'id': 36897, 'rank': 6, 'fitness': 0.9820137900379085, 'generation': 501}","{'id': 36897, 'rank': 7, 'fitness': 0.9820137900379085, 'generation': 501}","{'id': 36897, 'rank': 8, 'fitness': 0.9820137900379085, 'generation': 501}","{'id': 36897, 'rank': 9, 'fitness': 0.9820137900379085, 'generation': 501}","{'id': 36897, 'rank': 10, 'fitness': 0.9820137900379085, 'generation': 501}","{'id': 36897, 'rank': 11, 'fitness': 0.9820137900379085, 'generation': 501}","{'id': 36897, 'rank': 12, 'fitness': 0.9820137900379085, 'generation': 501}","{'id': 36897, 'rank': 13, 'fitness': 0.9820137900379085, 'generation': 501}","{'id': 35579, 'rank': 14, 'fitness': 0.9813389558080361, 'generation': 501}","{'id': 35579, 'rank': 15, 'fitness': 0.9813389558080361, 'generation': 501}","{'id': 35579, 'rank': 16, 'fitness': 0.9813389558080361, 'generation': 501}","{'id': 35579, 'rank': 17, 'fitness': 0.9813389558080361, 'generation': 501}","{'id': 35579, 'rank': 18, 'fitness': 0.9813389558080361, 'generation': 501}","{'id': 35579, 'rank': 19, 'fitness': 0.9813389558080361, 'generation': 501}","{'id': 35579, 'rank': 20, 'fitness': 0.9813389558080361, 'generation': 501}","{'id': 35579, 'rank': 21, 'fitness': 0.9813389558080361, 'generation': 501}","{'id': 35579, 'rank': 22, 'fitness': 0.9813389558080361, 'generation': 501}","{'id': 35579, 'rank': 23, 'fitness': 0.9813389558080361, 'generation': 501}","{'id': 35579, 'rank': 24, 'fitness': 0.9813389558080361, 'generation': 501}","{'id': 35579, 'rank': 25, 'fitness': 0.9813389558080361, 'generation': 501}","{'id': 37235, 'rank': 26, 'fitness': 0.6769444749829601, 'generation': 501}","{'id': 37084, 'rank': 27, 'fitness': 0.5825411628198836, 'generation': 501}","{'id': 37172, 'rank': 28, 'fitness': 0.30527061287792934, 'generation': 501}","{'id': 37121, 'rank': 29, 'fitness': 0.2554580054433392, 'generation': 501}","{'id': 37161, 'rank': 30, 'fitness': 0.01798620996209155, 'generation': 501}"
"{'id': 36897, 'rank': 1, 'fitness': 0.9820137900379085, 'generation': 502}","{'id': 36897, 'rank': 2, 'fitness': 0.9820137900379085, 'generation': 502}","{'id': 36897, 'rank': 3, 'fitness': 0.9820137900379085, 'generation': 502}","{'id': 36897, 'rank': 4, 'fitness': 0.9820137900379085, 'generation': 502}","{'id': 36897, 'rank': 5, 'fitness': 0.9820137900379085, 'generation': 502}","{'id': 36897, 'rank': 6, 'fitness': 0.9820137900379085, 'generation': 502}","{'id': 36897, 'rank': 7, 'fitness': 0.9820137900379085, 'generation': 502}","{'id': 36897, 'rank': 8, 'fitness': 0.9820137900379085, 'generation': 502}","{'id': 36897, 'rank': 9, 'fitness': 0.9820137900379085, 'generation': 502}","{'id': 36897, 'rank': 10, 'fitness': 0.9820137900379085, 'generation': 502}","{'id': 36897, 'rank': 11, 'fitness': 0.9820137900379085, 'generation': 502}","{'id': 36897, 'rank': 12, 'fitness': 0.9820137900379085, 'generation': 502}","{'id': 36897, 'rank': 13, 'fitness': 0.9820137900379085, 'generation': 502}","{'id': 36897, 'rank': 14, 'fitness': 0.9820137900379085, 'generation': 502}","{'id': 35579, 'rank': 15, 'fitness': 0.9809773484331632, 'generation': 502}","{'id': 35579, 'rank': 16, 'fitness': 0.9809773484331632, 'generation': 502}","{'id': 35579, 'rank': 17, 'fitness': 0.9809773484331632, 'generation': 502}","{'id': 35579, 'rank': 18, 'fitness': 0.9809773484331632, 'generation': 502}","{'id': 35579, 'rank': 19, 'fitness': 0.9809773484331632, 'generation': 502}","{'id': 35579, 'rank': 20, 'fitness': 0.9809773484331632, 'generation': 502}","{'id': 35579, 'rank': 21, 'fitness': 0.9809773484331632, 'generation': 502}","{'id': 35579, 'rank': 22, 'fitness': 0.9809773484331632, 'generation': 502}","{'id': 35579, 'rank': 23, 'fitness': 0.9809773484331632, 'generation': 502}","{'id': 35579, 'rank': 24, 'fitness': 0.9809773484331632, 'generation': 502}","{'id': 35579, 'rank': 25, 'fitness': 0.9809773484331632, 'generation': 502}","{'id': 35579, 'rank': 26, 'fitness': 0.9809773484331632, 'generation': 502}","{'id': 35579, 'rank': 27, 'fitness': 0.9809773484331632, 'generation': 502}","{'id': 37301, 'rank': 28, 'fitness': 0.858309183758738, 'generation': 502}","{'id': 37084, 'rank': 29, 'fitness': 0.1710173777525824, 'generation': 502}","{'id': 37306, 'rank': 30, 'fitness': 0.01798620996209155, 'generation': 502}"
"{'id': 36897, 'rank': 1, 'fitness': 0.9820137900379085, 'generation': 503}","{'id': 36897, 'rank': 2, 'fitness': 0.9820137900379085, 'generation': 503}","{'id': 36897, 'rank': 3, 'fitness': 0.9820137900379085, 'generation': 503}","{'id': 36897, 'rank': 4, 'fitness': 0.9820137900379085, 'generation': 503}","{'id': 36897, 'rank': 5, 'fitness': 0.9820137900379085, 'generation': 503}","{'id': 36897, 'rank': 6, 'fitness': 0.9820137900379085, 'generation': 503}","{'id': 36897, 'rank': 7, 'fitness': 0.9820137900379085, 'generation': 503}","{'id': 36897, 'rank': 8, 'fitness': 0.9820137900379085, 'generation': 503}","{'id': 36897, 'rank': 9, 'fitness': 0.9820137900379085, 'generation': 503}","{'id': 36897, 'rank': 10, 'fitness': 0.9820137900379085, 'generation': 503}","{'id': 36897, 'rank': 11, 'fitness': 0.9820137900379085, 'generation': 503}","{'id': 36897, 'rank': 12, 'fitness': 0.9820137900379085, 'generation': 503}","{'id': 36897, 'rank': 13, 'fitness': 0.9820137900379085, 'generation': 503}","{'id': 36897, 'rank': 14, 'fitness': 0.9820137900379085, 'generation': 503}","{'id': 36897, 'rank': 15, 'fitness': 0.9820137900379085, 'generation': 503}","{'id': 36897, 'rank': 16, 'fitness': 0.9820137900379085, 'generation': 503}","{'id': 35579, 'rank': 17, 'fitness': 0.9804995004515995, 'generation': 503}","{'id': 35579, 'rank': 18, 'fitness': 0.9804995004515995, 'generation': 503}","{'id': 35579, 'rank': 19, 'fitness': 0.9804995004515995, 'generation': 503}","{'id': 35579, 'rank': 20, 'fitness': 0.9804995004515995, 'generation': 503}","{'id': 35579, 'rank': 21, 'fitness': 0.9804995004515995, 'generation': 503}","{'id': 35579, 'rank': 22, 'fitness': 0.9804995004515995, 'generation': 503}","{'id': 35579, 'rank': 23, 'fitness': 0.9804995004515995, 'generation': 503}","{'id': 35579, 'rank': 24, 'fitness': 0.9804995004515995, 'generation': 503}","{'id': 35579, 'rank': 25, 'fitness': 0.9804995004515995, 'generation': 503}","{'id': 35579, 'rank': 26, 'fitness': 0.9804995004515995, 'generation': 503}","{'id': 37332, 'rank': 27, 'fitness': 0.9648063410312776, 'generation': 503}","{'id': 37324, 'rank': 28, 'fitness': 0.0938206683041568, 'generation': 503}","{'id': 37318, 'rank': 29, 'fitness': 0.07778642401279362, 'generation': 503}","{'id': 37364, 'rank': 30, 'fitness': 0.01798620996209155, 'generation': 503}"
"{'id': 36897, 'rank': 1, 'fitness': 0.9820137900379085, 'generation': 504}","{'id': 36897, 'rank': 2, 'fitness': 0.9820137900379085, 'generation': 504}","{'id': 36897, 'rank': 3, 'fitness': 0.9820137900379085, 'generation': 504}","{'id': 36897, 'rank': 4, 'fitness': 0.9820137900379085, 'generation': 504}","{'id': 36897, 'rank': 5, 'fitness': 0.9820137900379085, 'generation': 504}","{'id': 36897, 'rank': 6, 'fitness': 0.9820137900379085, 'generation': 504}","{'id': 36897, 'rank': 7, 'fitness': 0.9820137900379085, 'generation': 504}","{'id': 36897, 'rank': 8, 'fitness': 0.9820137900379085, 'generation': 504}","{'id': 36897, 'rank': 9, 'fitness': 0.9820137900379085, 'generation': 504}","{'id': 36897, 'rank': 10, 'fitness': 0.9820137900379085, 'generation': 504}","{'id': 36897, 'rank': 11, 'fitness': 0.9820137900379085, 'generation': 504}","{'id': 36897, 'rank': 12, 'fitness': 0.9820137900379085, 'generation': 504}","{'id': 36897, 'rank': 13, 'fitness': 0.9820137900379085, 'generation': 504}","{'id': 36897, 'rank': 14, 'fitness': 0.9820137900379085, 'generation': 504}","{'id': 36897, 'rank': 15, 'fitness': 0.9820137900379085, 'generation': 504}","{'id': 36897, 'rank': 16, 'fitness': 0.9820137900379085, 'generation': 504}","{'id': 36897, 'rank': 17, 'fitness': 0.9820137900379085, 'generation': 504}","{'id': 36897, 'rank': 18, 'fitness': 0.9820137900379085, 'generation': 504}","{'id': 36897, 'rank': 19, 'fitness': 0.9820137900379085, 'generation': 504}","{'id': 36897, 'rank': 20, 'fitness': 0.9820137900379085, 'generation': 504}","{'id': 36897, 'rank': 21, 'fitness': 0.9820137900379085, 'generation': 504}","{'id': 36897, 'rank': 22, 'fitness': 0.9820137900379085, 'generation': 504}","{'id': 36897, 'rank': 23, 'fitness': 0.9820137900379085, 'generation': 504}","{'id': 36897, 'rank': 24, 'fitness': 0.9820137900379085, 'generation': 504}","{'id': 35579, 'rank': 25, 'fitness': 0.9809781793045896, 'generation': 504}","{'id': 35579, 'rank': 26, 'fitness': 0.9809781793045896, 'generation': 504}","{'id': 37324, 'rank': 27, 'fitness': 0.4158789477198288, 'generation': 504}","{'id': 37318, 'rank': 28, 'fitness': 0.38186917490805317, 'generation': 504}","{'id': 37408, 'rank': 29, 'fitness': 0.018113730157171604, 'generation': 504}","{'id': 37413, 'rank': 30, 'fitness': 0.01798620996209155, 'generation': 504}"
"{'id': 36897, 'rank': 1, 'fitness': 0.9820137900379085, 'generation': 505}","{'id': 36897, 'rank': 2, 'fitness': 0.9820137900379085, 'generation': 505}","{'id': 36897, 'rank': 3, 'fitness': 0.9820137900379085, 'generation': 505}","{'id': 36897, 'rank': 4, 'fitness': 0.9820137900379085, 'generation': 505}","{'id': 36897, 'rank': 5, 'fitness': 0.9820137900379085, 'generation': 505}","{'id': 36897, 'rank': 6, 'fitness': 0.9820137900379085, 'generation': 505}","{'id': 36897, 'rank': 7, 'fitness': 0.9820137900379085, 'generation': 505}","{'id': 36897, 'rank': 8, 'fitness': 0.9820137900379085, 'generation': 505}","{'id': 36897, 'rank': 9, 'fitness': 0.9820137900379085, 'generation': 505}","{'id': 36897, 'rank': 10, 'fitness': 0.9820137900379085, 'generation': 505}","{'id': 36897, 'rank': 11, 'fitness': 0.9820137900379085, 'generation': 505}","{'id': 36897, 'rank': 12, 'fitness': 0.9820137900379085, 'generation': 505}","{'id': 36897, 'rank': 13, 'fitness': 0.9820137900379085, 'generation': 505}","{'id': 36897, 'rank': 14, 'fitness': 0.9820137900379085, 'generation': 505}","{'id': 36897, 'rank': 15, 'fitness': 0.9820137900379085, 'generation': 505}","{'id': 36897, 'rank': 16, 'fitness': 0.9820137900379085, 'generation': 505}","{'id': 36897, 'rank': 17, 'fitness': 0.9820137900379085, 'generation': 505}","{'id': 36897, 'rank': 18, 'fitness': 0.9820137900379085, 'generation': 505}","{'id': 36897, 'rank': 19, 'fitness': 0.9820137900379085, 'generation': 505}","{'id': 36897, 'rank': 20, 'fitness': 0.9820137900379085, 'generation': 505}","{'id': 36897, 'rank': 21, 'fitness': 0.9820137900379085, 'generation': 505}","{'id': 36897, 'rank': 22, 'fitness': 0.9820137900379085, 'generation': 505}","{'id': 35579, 'rank': 23, 'fitness': 0.981382352848878, 'generation': 505}","{'id': 37492, 'rank': 24, 'fitness': 0.948467469267491, 'generation': 505}","{'id': 37507, 'rank': 25, 'fitness': 0.8518712207879262, 'generation': 505}","{'id': 37504, 'rank': 26, 'fitness': 0.8132580555339198, 'generation': 505}","{'id': 37324, 'rank': 27, 'fitness': 0.7901332662407893, 'generation': 505}","{'id': 37493, 'rank': 28, 'fitness': 0.6240778656457452, 'generation': 505}","{'id': 37546, 'rank': 29, 'fitness': 0.1312593696442742, 'generation': 505}","{'id': 37500, 'rank': 30, 'fitness': 0.01798620996209155, 'generation': 505}"
"{'id': 36897, 'rank': 1, 'fitness': 0.9820137900379085, 'generation': 506}","{'id': 36897, 'rank': 2, 'fitness': 0.9820137900379085, 'generation': 506}","{'id': 36897, 'rank': 3, 'fitness': 0.9820137900379085, 'generation': 506}","{'id': 36897, 'rank': 4, 'fitness': 0.9820137900379085, 'generation': 506}","{'id': 36897, 'rank': 5, 'fitness': 0.9820137900379085, 'generation': 506}","{'id': 36897, 'rank': 6, 'fitness': 0.9820137900379085, 'generation': 506}","{'id': 36897, 'rank': 7, 'fitness': 0.9820137900379085, 'generation': 506}","{'id': 36897, 'rank': 8, 'fitness': 0.9820137900379085, 'generation': 506}","{'id': 36897, 'rank': 9, 'fitness': 0.9820137900379085, 'generation': 506}","{'id': 36897, 'rank': 10, 'fitness': 0.9820137900379085, 'generation': 506}","{'id': 36897, 'rank': 11, 'fitness': 0.9820137900379085, 'generation': 506}","{'id': 36897, 'rank': 12, 'fitness': 0.9820137900379085, 'generation': 506}","{'id': 36897, 'rank': 13, 'fitness': 0.9820137900379085, 'generation': 506}","{'id': 36897, 'rank': 14, 'fitness': 0.9820137900379085, 'generation': 506}","{'id': 36897, 'rank': 15, 'fitness': 0.9820137900379085, 'generation': 506}","{'id': 36897, 'rank': 16, 'fitness': 0.9820137900379085, 'generation': 506}","{'id': 36897, 'rank': 17, 'fitness': 0.9820137900379085, 'generation': 506}","{'id': 36897, 'rank': 18, 'fitness': 0.9820137900379085, 'generation': 506}","{'id': 36897, 'rank': 19, 'fitness': 0.9820137900379085, 'generation': 506}","{'id': 36897, 'rank': 20, 'fitness': 0.9820137900379085, 'generation': 506}","{'id': 36897, 'rank': 21, 'fitness': 0.9820137900379085, 'generation': 506}","{'id': 36897, 'rank': 22, 'fitness': 0.9820137900379085, 'generation': 506}","{'id': 36897, 'rank': 23, 'fitness': 0.9820137900379085, 'generation': 506}","{'id': 36897, 'rank': 24, 'fitness': 0.9820137900379085, 'generation': 506}","{'id': 36897, 'rank': 25, 'fitness': 0.9820137900379085, 'generation': 506}","{'id': 36897, 'rank': 26, 'fitness': 0.9820137900379085, 'generation': 506}","{'id': 36897, 'rank': 27, 'fitness': 0.9820137900379085, 'generation': 506}","{'id': 35579, 'rank': 28, 'fitness': 0.9810608218385312, 'generation': 506}","{'id': 37600, 'rank': 29, 'fitness': 0.7392384850094105, 'generation': 506}","{'id': 37601, 'rank': 30, 'fitness': 0.01798620996209155, 'generation': 506}"
"{'id': 36897, 'rank': 1, 'fitness': 0.9820137900379085, 'generation': 507}","{'id': 36897, 'rank': 2, 'fitness': 0.9820137900379085, 'generation': 507}","{'id': 36897, 'rank': 3, 'fitness': 0.9820137900379085, 'generation': 507}","{'id': 36897, 'rank': 4, 'fitness': 0.9820137900379085, 'generation': 507}","{'id': 36897, 'rank': 5, 'fitness': 0.9820137900379085, 'generation': 507}","{'id': 36897, 'rank': 6, 'fitness': 0.9820137900379085, 'generation': 507}","{'id': 36897, 'rank': 7, 'fitness': 0.9820137900379085, 'generation': 507}","{'id': 36897, 'rank': 8, 'fitness': 0.9820137900379085, 'generation': 507}","{'id': 36897, 'rank': 9, 'fitness': 0.9820137900379085, 'generation': 507}","{'id': 36897, 'rank': 10, 'fitness': 0.9820137900379085, 'generation': 507}","{'id': 36897, 'rank': 11, 'fitness': 0.9820137900379085, 'generation': 507}","{'id': 36897, 'rank': 12, 'fitness': 0.9820137900379085, 'generation': 507}","{'id': 36897, 'rank': 13, 'fitness': 0.9820137900379085, 'generation': 507}","{'id': 36897, 'rank': 14, 'fitness': 0.9820137900379085, 'generation': 507}","{'id': 36897, 'rank': 15, 'fitness': 0.9820137900379085, 'generation': 507}","{'id': 36897, 'rank': 16, 'fitness': 0.9820137900379085, 'generation': 507}","{'id': 36897, 'rank': 17, 'fitness': 0.9820137900379085, 'generation': 507}","{'id': 36897, 'rank': 18, 'fitness': 0.9820137900379085, 'generation': 507}","{'id': 36897, 'rank': 19, 'fitness': 0.9820137900379085, 'generation': 507}","{'id': 36897, 'rank': 20, 'fitness': 0.9820137900379085, 'generation': 507}","{'id': 36897, 'rank': 21, 'fitness': 0.9820137900379085, 'generation': 507}","{'id': 36897, 'rank': 22, 'fitness': 0.9820137900379085, 'generation': 507}","{'id': 36897, 'rank': 23, 'fitness': 0.9820137900379085, 'generation': 507}","{'id': 36897, 'rank': 24, 'fitness': 0.9820137900379085, 'generation': 507}","{'id': 37600, 'rank': 25, 'fitness': 0.8677544121437415, 'generation': 507}","{'id': 37734, 'rank': 26, 'fitness': 0.5969006670181183, 'generation': 507}","{'id': 37654, 'rank': 27, 'fitness': 0.4184984852391259, 'generation': 507}","{'id': 37650, 'rank': 28, 'fitness': 0.18151734091082322, 'generation': 507}","{'id': 37650, 'rank': 29, 'fitness': 0.18151734091082322, 'generation': 507}","{'id': 37686, 'rank': 30, 'fitness': 0.01798620996209155, 'generation': 507}"
"{'id': 36897, 'rank': 1, 'fitness': 0.9820137900379085, 'generation': 508}","{'id': 36897, 'rank': 2, 'fitness': 0.9820137900379085, 'generation': 508}","{'id': 36897, 'rank': 3, 'fitness': 0.9820137900379085, 'generation': 508}","{'id': 36897, 'rank': 4, 'fitness': 0.9820137900379085, 'generation': 508}","{'id': 36897, 'rank': 5, 'fitness': 0.9820137900379085, 'generation': 508}","{'id': 36897, 'rank': 6, 'fitness': 0.9820137900379085, 'generation': 508}","{'id': 36897, 'rank': 7, 'fitness': 0.9820137900379085, 'generation': 508}","{'id': 36897, 'rank': 8, 'fitness': 0.9820137900379085, 'generation': 508}","{'id': 36897, 'rank': 9, 'fitness': 0.9820137900379085, 'generation': 508}","{'id': 36897, 'rank': 10, 'fitness': 0.9820137900379085, 'generation': 508}","{'id': 36897, 'rank': 11, 'fitness': 0.9820137900379085, 'generation': 508}","{'id': 36897, 'rank': 12, 'fitness': 0.9820137900379085, 'generation': 508}","{'id': 36897, 'rank': 13, 'fitness': 0.9820137900379085, 'generation': 508}","{'id': 36897, 'rank': 14, 'fitness': 0.9820137900379085, 'generation': 508}","{'id': 36897, 'rank': 15, 'fitness': 0.9820137900379085, 'generation': 508}","{'id': 36897, 'rank': 16, 'fitness': 0.9820137900379085, 'generation': 508}","{'id': 36897, 'rank': 17, 'fitness': 0.9820137900379085, 'generation': 508}","{'id': 36897, 'rank': 18, 'fitness': 0.9820137900379085, 'generation': 508}","{'id': 36897, 'rank': 19, 'fitness': 0.9820137900379085, 'generation': 508}","{'id': 36897, 'rank': 20, 'fitness': 0.9820137900379085, 'generation': 508}","{'id': 36897, 'rank': 21, 'fitness': 0.9820137900379085, 'generation': 508}","{'id': 36897, 'rank': 22, 'fitness': 0.9820137900379085, 'generation': 508}","{'id': 36897, 'rank': 23, 'fitness': 0.9820137900379085, 'generation': 508}","{'id': 36897, 'rank': 24, 'fitness': 0.9820137900379085, 'generation': 508}","{'id': 36897, 'rank': 25, 'fitness': 0.9820137900379085, 'generation': 508}","{'id': 36897, 'rank': 26, 'fitness': 0.9820137900379085, 'generation': 508}","{'id': 36897, 'rank': 27, 'fitness': 0.9820137900379085, 'generation': 508}","{'id': 37600, 'rank': 28, 'fitness': 0.3952899633974308, 'generation': 508}","{'id': 37734, 'rank': 29, 'fitness': 0.028351343248536554, 'generation': 508}","{'id': 37786, 'rank': 30, 'fitness': 0.01798620996209155, 'generation': 508}"
"{'id': 36897, 'rank': 1, 'fitness': 0.9820137900379085, 'generation': 509}","{'id': 36897, 'rank': 2, 'fitness': 0.9820137900379085, 'generation': 509}","{'id': 36897, 'rank': 3, 'fitness': 0.9820137900379085, 'generation': 509}","{'id': 36897, 'rank': 4, 'fitness': 0.9820137900379085, 'generation': 509}","{'id': 36897, 'rank': 5, 'fitness': 0.9820137900379085, 'generation': 509}","{'id': 36897, 'rank': 6, 'fitness': 0.9820137900379085, 'generation': 509}","{'id': 36897, 'rank': 7, 'fitness': 0.9820137900379085, 'generation': 509}","{'id': 36897, 'rank': 8, 'fitness': 0.9820137900379085, 'generation': 509}","{'id': 36897, 'rank': 9, 'fitness': 0.9820137900379085, 'generation': 509}","{'id': 36897, 'rank': 10, 'fitness': 0.9820137900379085, 'generation': 509}","{'id': 36897, 'rank': 11, 'fitness': 0.9820137900379085, 'generation': 509}","{'id': 36897, 'rank': 12, 'fitness': 0.9820137900379085, 'generation': 509}","{'id': 36897, 'rank': 13, 'fitness': 0.9820137900379085, 'generation': 509}","{'id': 36897, 'rank': 14, 'fitness': 0.9820137900379085, 'generation': 509}","{'id': 36897, 'rank': 15, 'fitness': 0.9820137900379085, 'generation': 509}","{'id': 36897, 'rank': 16, 'fitness': 0.9820137900379085, 'generation': 509}","{'id': 36897, 'rank': 17, 'fitness': 0.9820137900379085, 'generation': 509}","{'id': 36897, 'rank': 18, 'fitness': 0.9820137900379085, 'generation': 509}","{'id': 36897, 'rank': 19, 'fitness': 0.9820137900379085, 'generation': 509}","{'id': 36897, 'rank': 20, 'fitness': 0.9820137900379085, 'generation': 509}","{'id': 36897, 'rank': 21, 'fitness': 0.9820137900379085, 'generation': 509}","{'id': 36897, 'rank': 22, 'fitness': 0.9820137900379085, 'generation': 509}","{'id': 36897, 'rank': 23, 'fitness': 0.9820137900379085, 'generation': 509}","{'id': 36897, 'rank': 24, 'fitness': 0.9820137900379085, 'generation': 509}","{'id': 36897, 'rank': 25, 'fitness': 0.9820137900379085, 'generation': 509}","{'id': 36897, 'rank': 26, 'fitness': 0.9820137900379085, 'generation': 509}","{'id': 36897, 'rank': 27, 'fitness': 0.9820137900379085, 'generation': 509}","{'id': 37878, 'rank': 28, 'fitness': 0.4058422491886353, 'generation': 509}","{'id': 37891, 'rank': 29, 'fitness': 0.14550429075409865, 'generation': 509}","{'id': 37829, 'rank': 30, 'fitness': 0.01798620996209155, 'generation': 509}"
"{'id': 36897, 'rank': 1, 'fitness': 0.9820137900379085, 'generation': 510}","{'id': 36897, 'rank': 2, 'fitness': 0.9820137900379085, 'generation': 510}","{'id': 36897, 'rank': 3, 'fitness': 0.9820137900379085, 'generation': 510}","{'id': 36897, 'rank': 4, 'fitness': 0.9820137900379085, 'generation': 510}","{'id': 36897, 'rank': 5, 'fitness': 0.9820137900379085, 'generation': 510}","{'id': 36897, 'rank': 6, 'fitness': 0.9820137900379085, 'generation': 510}","{'id': 36897, 'rank': 7, 'fitness': 0.9820137900379085, 'generation': 510}","{'id': 36897, 'rank': 8, 'fitness': 0.9820137900379085, 'generation': 510}","{'id': 36897, 'rank': 9, 'fitness': 0.9820137900379085, 'generation': 510}","{'id': 36897, 'rank': 10, 'fitness': 0.9820137900379085, 'generation': 510}","{'id': 36897, 'rank': 11, 'fitness': 0.9820137900379085, 'generation': 510}","{'id': 36897, 'rank': 12, 'fitness': 0.9820137900379085, 'generation': 510}","{'id': 36897, 'rank': 13, 'fitness': 0.9820137900379085, 'generation': 510}","{'id': 36897, 'rank': 14, 'fitness': 0.9820137900379085, 'generation': 510}","{'id': 36897, 'rank': 15, 'fitness': 0.9820137900379085, 'generation': 510}","{'id': 36897, 'rank': 16, 'fitness': 0.9820137900379085, 'generation': 510}","{'id': 36897, 'rank': 17, 'fitness': 0.9820137900379085, 'generation': 510}","{'id': 36897, 'rank': 18, 'fitness': 0.9820137900379085, 'generation': 510}","{'id': 36897, 'rank': 19, 'fitness': 0.9820137900379085, 'generation': 510}","{'id': 36897, 'rank': 20, 'fitness': 0.9820137900379085, 'generation': 510}","{'id': 36897, 'rank': 21, 'fitness': 0.9820137900379085, 'generation': 510}","{'id': 36897, 'rank': 22, 'fitness': 0.9820137900379085, 'generation': 510}","{'id': 36897, 'rank': 23, 'fitness': 0.9820137900379085, 'generation': 510}","{'id': 36897, 'rank': 24, 'fitness': 0.9820137900379085, 'generation': 510}","{'id': 36897, 'rank': 25, 'fitness': 0.9820137900379085, 'generation': 510}","{'id': 36897, 'rank': 26, 'fitness': 0.9820137900379085, 'generation': 510}","{'id': 36897, 'rank': 27, 'fitness': 0.9820137900379085, 'generation': 510}","{'id': 37967, 'rank': 28, 'fitness': 0.22921033724928336, 'generation': 510}","{'id': 37909, 'rank': 29, 'fitness': 0.023650025664895935, 'generation': 510}","{'id': 37946, 'rank': 30, 'fitness': 0.01798620996209155, 'generation': 510}"
"{'id': 36897, 'rank': 1, 'fitness': 0.9820137900379085, 'generation': 511}","{'id': 36897, 'rank': 2, 'fitness': 0.9820137900379085, 'generation': 511}","{'id': 36897, 'rank': 3, 'fitness': 0.9820137900379085, 'generation': 511}","{'id': 36897, 'rank': 4, 'fitness': 0.9820137900379085, 'generation': 511}","{'id': 36897, 'rank': 5, 'fitness': 0.9820137900379085, 'generation': 511}","{'id': 36897, 'rank': 6, 'fitness': 0.9820137900379085, 'generation': 511}","{'id': 36897, 'rank': 7, 'fitness': 0.9820137900379085, 'generation': 511}","{'id': 36897, 'rank': 8, 'fitness': 0.9820137900379085, 'generation': 511}","{'id': 36897, 'rank': 9, 'fitness': 0.9820137900379085, 'generation': 511}","{'id': 36897, 'rank': 10, 'fitness': 0.9820137900379085, 'generation': 511}","{'id': 36897, 'rank': 11, 'fitness': 0.9820137900379085, 'generation': 511}","{'id': 36897, 'rank': 12, 'fitness': 0.9820137900379085, 'generation': 511}","{'id': 36897, 'rank': 13, 'fitness': 0.9820137900379085, 'generation': 511}","{'id': 36897, 'rank': 14, 'fitness': 0.9820137900379085, 'generation': 511}","{'id': 36897, 'rank': 15, 'fitness': 0.9820137900379085, 'generation': 511}","{'id': 36897, 'rank': 16, 'fitness': 0.9820137900379085, 'generation': 511}","{'id': 36897, 'rank': 17, 'fitness': 0.9820137900379085, 'generation': 511}","{'id': 36897, 'rank': 18, 'fitness': 0.9820137900379085, 'generation': 511}","{'id': 36897, 'rank': 19, 'fitness': 0.9820137900379085, 'generation': 511}","{'id': 36897, 'rank': 20, 'fitness': 0.9820137900379085, 'generation': 511}","{'id': 36897, 'rank': 21, 'fitness': 0.9820137900379085, 'generation': 511}","{'id': 36897, 'rank': 22, 'fitness': 0.9820137900379085, 'generation': 511}","{'id': 36897, 'rank': 23, 'fitness': 0.9820137900379085, 'generation': 511}","{'id': 36897, 'rank': 24, 'fitness': 0.9820137900379085, 'generation': 511}","{'id': 36897, 'rank': 25, 'fitness': 0.9820137900379085, 'generation': 511}","{'id': 38012, 'rank': 26, 'fitness': 0.9046441103980674, 'generation': 511}","{'id': 38017, 'rank': 27, 'fitness': 0.5620882988830235, 'generation': 511}","{'id': 38037, 'rank': 28, 'fitness': 0.10417789479814793, 'generation': 511}","{'id': 38028, 'rank': 29, 'fitness': 0.05098057740671075, 'generation': 511}","{'id': 38007, 'rank': 30, 'fitness': 0.01798620996209155, 'generation': 511}"
"{'id': 36897, 'rank': 1, 'fitness': 0.9820137900379085, 'generation': 512}","{'id': 36897, 'rank': 2, 'fitness': 0.9820137900379085, 'generation': 512}","{'id': 36897, 'rank': 3, 'fitness': 0.9820137900379085, 'generation': 512}","{'id': 36897, 'rank': 4, 'fitness': 0.9820137900379085, 'generation': 512}","{'id': 36897, 'rank': 5, 'fitness': 0.9820137900379085, 'generation': 512}","{'id': 36897, 'rank': 6, 'fitness': 0.9820137900379085, 'generation': 512}","{'id': 36897, 'rank': 7, 'fitness': 0.9820137900379085, 'generation': 512}","{'id': 36897, 'rank': 8, 'fitness': 0.9820137900379085, 'generation': 512}","{'id': 36897, 'rank': 9, 'fitness': 0.9820137900379085, 'generation': 512}","{'id': 36897, 'rank': 10, 'fitness': 0.9820137900379085, 'generation': 512}","{'id': 36897, 'rank': 11, 'fitness': 0.9820137900379085, 'generation': 512}","{'id': 36897, 'rank': 12, 'fitness': 0.9820137900379085, 'generation': 512}","{'id': 36897, 'rank': 13, 'fitness': 0.9820137900379085, 'generation': 512}","{'id': 36897, 'rank': 14, 'fitness': 0.9820137900379085, 'generation': 512}","{'id': 36897, 'rank': 15, 'fitness': 0.9820137900379085, 'generation': 512}","{'id': 36897, 'rank': 16, 'fitness': 0.9820137900379085, 'generation': 512}","{'id': 36897, 'rank': 17, 'fitness': 0.9820137900379085, 'generation': 512}","{'id': 36897, 'rank': 18, 'fitness': 0.9820137900379085, 'generation': 512}","{'id': 36897, 'rank': 19, 'fitness': 0.9820137900379085, 'generation': 512}","{'id': 36897, 'rank': 20, 'fitness': 0.9820137900379085, 'generation': 512}","{'id': 36897, 'rank': 21, 'fitness': 0.9820137900379085, 'generation': 512}","{'id': 38012, 'rank': 22, 'fitness': 0.9006173755150585, 'generation': 512}","{'id': 38074, 'rank': 23, 'fitness': 0.7633314267726616, 'generation': 512}","{'id': 38130, 'rank': 24, 'fitness': 0.6101902610276154, 'generation': 512}","{'id': 38130, 'rank': 25, 'fitness': 0.6101902610276154, 'generation': 512}","{'id': 38131, 'rank': 26, 'fitness': 0.2685914884045866, 'generation': 512}","{'id': 38131, 'rank': 27, 'fitness': 0.2685914884045866, 'generation': 512}","{'id': 38116, 'rank': 28, 'fitness': 0.19834948302903194, 'generation': 512}","{'id': 38037, 'rank': 29, 'fitness': 0.09007572122372848, 'generation': 512}","{'id': 38096, 'rank': 30, 'fitness': 0.01798620996209155, 'generation': 512}"
"{'id': 36897, 'rank': 1, 'fitness': 0.9820137900379085, 'generation': 513}","{'id': 36897, 'rank': 2, 'fitness': 0.9820137900379085, 'generation': 513}","{'id': 36897, 'rank': 3, 'fitness': 0.9820137900379085, 'generation': 513}","{'id': 36897, 'rank': 4, 'fitness': 0.9820137900379085, 'generation': 513}","{'id': 36897, 'rank': 5, 'fitness': 0.9820137900379085, 'generation': 513}","{'id': 36897, 'rank': 6, 'fitness': 0.9820137900379085, 'generation': 513}","{'id': 36897, 'rank': 7, 'fitness': 0.9820137900379085, 'generation': 513}","{'id': 36897, 'rank': 8, 'fitness': 0.9820137900379085, 'generation': 513}","{'id': 36897, 'rank': 9, 'fitness': 0.9820137900379085, 'generation': 513}","{'id': 36897, 'rank': 10, 'fitness': 0.9820137900379085, 'generation': 513}","{'id': 36897, 'rank': 11, 'fitness': 0.9820137900379085, 'generation': 513}","{'id': 36897, 'rank': 12, 'fitness': 0.9820137900379085, 'generation': 513}","{'id': 36897, 'rank': 13, 'fitness': 0.9820137900379085, 'generation': 513}","{'id': 36897, 'rank': 14, 'fitness': 0.9820137900379085, 'generation': 513}","{'id': 36897, 'rank': 15, 'fitness': 0.9820137900379085, 'generation': 513}","{'id': 36897, 'rank': 16, 'fitness': 0.9820137900379085, 'generation': 513}","{'id': 36897, 'rank': 17, 'fitness': 0.9820137900379085, 'generation': 513}","{'id': 36897, 'rank': 18, 'fitness': 0.9820137900379085, 'generation': 513}","{'id': 36897, 'rank': 19, 'fitness': 0.9820137900379085, 'generation': 513}","{'id': 36897, 'rank': 20, 'fitness': 0.9820137900379085, 'generation': 513}","{'id': 38012, 'rank': 21, 'fitness': 0.7983147312852952, 'generation': 513}","{'id': 38074, 'rank': 22, 'fitness': 0.46661141296588765, 'generation': 513}","{'id': 38074, 'rank': 23, 'fitness': 0.46661141296588765, 'generation': 513}","{'id': 38179, 'rank': 24, 'fitness': 0.3450810189855097, 'generation': 513}","{'id': 38130, 'rank': 25, 'fitness': 0.23324105888080682, 'generation': 513}","{'id': 38165, 'rank': 26, 'fitness': 0.06933152993704894, 'generation': 513}","{'id': 38185, 'rank': 27, 'fitness': 0.04044049608334954, 'generation': 513}","{'id': 38131, 'rank': 28, 'fitness': 0.035273380351057426, 'generation': 513}","{'id': 38116, 'rank': 29, 'fitness': 0.020120368561534263, 'generation': 513}","{'id': 38168, 'rank': 30, 'fitness': 0.01798620996209155, 'generation': 513}"
"{'id': 36897, 'rank': 1, 'fitness': 0.9820137900379085, 'generation': 514}","{'id': 36897, 'rank': 2, 'fitness': 0.9820137900379085, 'generation': 514}","{'id': 36897, 'rank': 3, 'fitness': 0.9820137900379085, 'generation': 514}","{'id': 36897, 'rank': 4, 'fitness': 0.9820137900379085, 'generation': 514}","{'id': 36897, 'rank': 5, 'fitness': 0.9820137900379085, 'generation': 514}","{'id': 36897, 'rank': 6, 'fitness': 0.9820137900379085, 'generation': 514}","{'id': 36897, 'rank': 7, 'fitness': 0.9820137900379085, 'generation': 514}","{'id': 36897, 'rank': 8, 'fitness': 0.9820137900379085, 'generation': 514}","{'id': 36897, 'rank': 9, 'fitness': 0.9820137900379085, 'generation': 514}","{'id': 36897, 'rank': 10, 'fitness': 0.9820137900379085, 'generation': 514}","{'id': 36897, 'rank': 11, 'fitness': 0.9820137900379085, 'generation': 514}","{'id': 36897, 'rank': 12, 'fitness': 0.9820137900379085, 'generation': 514}","{'id': 36897, 'rank': 13, 'fitness': 0.9820137900379085, 'generation': 514}","{'id': 36897, 'rank': 14, 'fitness': 0.9820137900379085, 'generation': 514}","{'id': 36897, 'rank': 15, 'fitness': 0.9820137900379085, 'generation': 514}","{'id': 36897, 'rank': 16, 'fitness': 0.9820137900379085, 'generation': 514}","{'id': 36897, 'rank': 17, 'fitness': 0.9820137900379085, 'generation': 514}","{'id': 36897, 'rank': 18, 'fitness': 0.9820137900379085, 'generation': 514}","{'id': 36897, 'rank': 19, 'fitness': 0.9820137900379085, 'generation': 514}","{'id': 36897, 'rank': 20, 'fitness': 0.9820137900379085, 'generation': 514}","{'id': 36897, 'rank': 21, 'fitness': 0.9820137900379085, 'generation': 514}","{'id': 36897, 'rank': 22, 'fitness': 0.9820137900379085, 'generation': 514}","{'id': 36897, 'rank': 23, 'fitness': 0.9820137900379085, 'generation': 514}","{'id': 36897, 'rank': 24, 'fitness': 0.9820137900379085, 'generation': 514}","{'id': 36897, 'rank': 25, 'fitness': 0.9820137900379085, 'generation': 514}","{'id': 36897, 'rank': 26, 'fitness': 0.9820137900379085, 'generation': 514}","{'id': 36897, 'rank': 27, 'fitness': 0.9820137900379085, 'generation': 514}","{'id': 38012, 'rank': 28, 'fitness': 0.9186855191660878, 'generation': 514}","{'id': 38131, 'rank': 29, 'fitness': 0.40429122510244264, 'generation': 514}","{'id': 38252, 'rank': 30, 'fitness': 0.01798620996209155, 'generation': 514}"
"{'id': 36897, 'rank': 1, 'fitness': 0.9820137900379085, 'generation': 515}","{'id': 36897, 'rank': 2, 'fitness': 0.9820137900379085, 'generation': 515}","{'id': 36897, 'rank': 3, 'fitness': 0.9820137900379085, 'generation': 515}","{'id': 36897, 'rank': 4, 'fitness': 0.9820137900379085, 'generation': 515}","{'id': 36897, 'rank': 5, 'fitness': 0.9820137900379085, 'generation': 515}","{'id': 36897, 'rank': 6, 'fitness': 0.9820137900379085, 'generation': 515}","{'id': 36897, 'rank': 7, 'fitness': 0.9820137900379085, 'generation': 515}","{'id': 36897, 'rank': 8, 'fitness': 0.9820137900379085, 'generation': 515}","{'id': 36897, 'rank': 9, 'fitness': 0.9820137900379085, 'generation': 515}","{'id': 36897, 'rank': 10, 'fitness': 0.9820137900379085, 'generation': 515}","{'id': 36897, 'rank': 11, 'fitness': 0.9820137900379085, 'generation': 515}","{'id': 36897, 'rank': 12, 'fitness': 0.9820137900379085, 'generation': 515}","{'id': 36897, 'rank': 13, 'fitness': 0.9820137900379085, 'generation': 515}","{'id': 36897, 'rank': 14, 'fitness': 0.9820137900379085, 'generation': 515}","{'id': 36897, 'rank': 15, 'fitness': 0.9820137900379085, 'generation': 515}","{'id': 36897, 'rank': 16, 'fitness': 0.9820137900379085, 'generation': 515}","{'id': 36897, 'rank': 17, 'fitness': 0.9820137900379085, 'generation': 515}","{'id': 36897, 'rank': 18, 'fitness': 0.9820137900379085, 'generation': 515}","{'id': 36897, 'rank': 19, 'fitness': 0.9820137900379085, 'generation': 515}","{'id': 36897, 'rank': 20, 'fitness': 0.9820137900379085, 'generation': 515}","{'id': 36897, 'rank': 21, 'fitness': 0.9820137900379085, 'generation': 515}","{'id': 36897, 'rank': 22, 'fitness': 0.9820137900379085, 'generation': 515}","{'id': 36897, 'rank': 23, 'fitness': 0.9820137900379085, 'generation': 515}","{'id': 36897, 'rank': 24, 'fitness': 0.9820137900379085, 'generation': 515}","{'id': 36897, 'rank': 25, 'fitness': 0.9820137900379085, 'generation': 515}","{'id': 38012, 'rank': 26, 'fitness': 0.9173740612459105, 'generation': 515}","{'id': 38310, 'rank': 27, 'fitness': 0.663879702416084, 'generation': 515}","{'id': 38330, 'rank': 28, 'fitness': 0.5124759364511227, 'generation': 515}","{'id': 38318, 'rank': 29, 'fitness': 0.4637691121255516, 'generation': 515}","{'id': 38313, 'rank': 30, 'fitness': 0.01798620996209155, 'generation': 515}"
"{'id': 36897, 'rank': 1, 'fitness': 0.9820137900379085, 'generation': 516}","{'id': 36897, 'rank': 2, 'fitness': 0.9820137900379085, 'generation': 516}","{'id': 36897, 'rank': 3, 'fitness': 0.9820137900379085, 'generation': 516}","{'id': 36897, 'rank': 4, 'fitness': 0.9820137900379085, 'generation': 516}","{'id': 36897, 'rank': 5, 'fitness': 0.9820137900379085, 'generation': 516}","{'id': 36897, 'rank': 6, 'fitness': 0.9820137900379085, 'generation': 516}","{'id': 36897, 'rank': 7, 'fitness': 0.9820137900379085, 'generation': 516}","{'id': 36897, 'rank': 8, 'fitness': 0.9820137900379085, 'generation': 516}","{'id': 36897, 'rank': 9, 'fitness': 0.9820137900379085, 'generation': 516}","{'id': 36897, 'rank': 10, 'fitness': 0.9820137900379085, 'generation': 516}","{'id': 36897, 'rank': 11, 'fitness': 0.9820137900379085, 'generation': 516}","{'id': 36897, 'rank': 12, 'fitness': 0.9820137900379085, 'generation': 516}","{'id': 36897, 'rank': 13, 'fitness': 0.9820137900379085, 'generation': 516}","{'id': 36897, 'rank': 14, 'fitness': 0.9820137900379085, 'generation': 516}","{'id': 36897, 'rank': 15, 'fitness': 0.9820137900379085, 'generation': 516}","{'id': 36897, 'rank': 16, 'fitness': 0.9820137900379085, 'generation': 516}","{'id': 36897, 'rank': 17, 'fitness': 0.9820137900379085, 'generation': 516}","{'id': 36897, 'rank': 18, 'fitness': 0.9820137900379085, 'generation': 516}","{'id': 36897, 'rank': 19, 'fitness': 0.9820137900379085, 'generation': 516}","{'id': 36897, 'rank': 20, 'fitness': 0.9820137900379085, 'generation': 516}","{'id': 36897, 'rank': 21, 'fitness': 0.9820137900379085, 'generation': 516}","{'id': 36897, 'rank': 22, 'fitness': 0.9820137900379085, 'generation': 516}","{'id': 36897, 'rank': 23, 'fitness': 0.9820137900379085, 'generation': 516}","{'id': 36897, 'rank': 24, 'fitness': 0.9820137900379085, 'generation': 516}","{'id': 36897, 'rank': 25, 'fitness': 0.9820137900379085, 'generation': 516}","{'id': 36897, 'rank': 26, 'fitness': 0.9820137900379085, 'generation': 516}","{'id': 36897, 'rank': 27, 'fitness': 0.9820137900379085, 'generation': 516}","{'id': 36897, 'rank': 28, 'fitness': 0.9820137900379085, 'generation': 516}","{'id': 38424, 'rank': 29, 'fitness': 0.03661281008975342, 'generation': 516}","{'id': 38376, 'rank': 30, 'fitness': 0.01798620996209155, 'generation': 516}"
"{'id': 36897, 'rank': 1, 'fitness': 0.9820137900379085, 'generation': 517}","{'id': 36897, 'rank': 2, 'fitness': 0.9820137900379085, 'generation': 517}","{'id': 36897, 'rank': 3, 'fitness': 0.9820137900379085, 'generation': 517}","{'id': 36897, 'rank': 4, 'fitness': 0.9820137900379085, 'generation': 517}","{'id': 36897, 'rank': 5, 'fitness': 0.9820137900379085, 'generation': 517}","{'id': 36897, 'rank': 6, 'fitness': 0.9820137900379085, 'generation': 517}","{'id': 36897, 'rank': 7, 'fitness': 0.9820137900379085, 'generation': 517}","{'id': 36897, 'rank': 8, 'fitness': 0.9820137900379085, 'generation': 517}","{'id': 36897, 'rank': 9, 'fitness': 0.9820137900379085, 'generation': 517}","{'id': 36897, 'rank': 10, 'fitness': 0.9820137900379085, 'generation': 517}","{'id': 36897, 'rank': 11, 'fitness': 0.9820137900379085, 'generation': 517}","{'id': 36897, 'rank': 12, 'fitness': 0.9820137900379085, 'generation': 517}","{'id': 36897, 'rank': 13, 'fitness': 0.9820137900379085, 'generation': 517}","{'id': 36897, 'rank': 14, 'fitness': 0.9820137900379085, 'generation': 517}","{'id': 36897, 'rank': 15, 'fitness': 0.9820137900379085, 'generation': 517}","{'id': 36897, 'rank': 16, 'fitness': 0.9820137900379085, 'generation': 517}","{'id': 36897, 'rank': 17, 'fitness': 0.9820137900379085, 'generation': 517}","{'id': 36897, 'rank': 18, 'fitness': 0.9820137900379085, 'generation': 517}","{'id': 36897, 'rank': 19, 'fitness': 0.9820137900379085, 'generation': 517}","{'id': 36897, 'rank': 20, 'fitness': 0.9820137900379085, 'generation': 517}","{'id': 36897, 'rank': 21, 'fitness': 0.9820137900379085, 'generation': 517}","{'id': 36897, 'rank': 22, 'fitness': 0.9820137900379085, 'generation': 517}","{'id': 36897, 'rank': 23, 'fitness': 0.9820137900379085, 'generation': 517}","{'id': 36897, 'rank': 24, 'fitness': 0.9820137900379085, 'generation': 517}","{'id': 36897, 'rank': 25, 'fitness': 0.9820137900379085, 'generation': 517}","{'id': 38499, 'rank': 26, 'fitness': 0.8762011698512622, 'generation': 517}","{'id': 38482, 'rank': 27, 'fitness': 0.5582011168823221, 'generation': 517}","{'id': 38482, 'rank': 28, 'fitness': 0.5582011168823221, 'generation': 517}","{'id': 38493, 'rank': 29, 'fitness': 0.04610191601328634, 'generation': 517}","{'id': 38512, 'rank': 30, 'fitness': 0.01798620996209155, 'generation': 517}"
"{'id': 36897, 'rank': 1, 'fitness': 0.9820137900379085, 'generation': 518}","{'id': 36897, 'rank': 2, 'fitness': 0.9820137900379085, 'generation': 518}","{'id': 36897, 'rank': 3, 'fitness': 0.9820137900379085, 'generation': 518}","{'id': 36897, 'rank': 4, 'fitness': 0.9820137900379085, 'generation': 518}","{'id': 36897, 'rank': 5, 'fitness': 0.9820137900379085, 'generation': 518}","{'id': 36897, 'rank': 6, 'fitness': 0.9820137900379085, 'generation': 518}","{'id': 36897, 'rank': 7, 'fitness': 0.9820137900379085, 'generation': 518}","{'id': 36897, 'rank': 8, 'fitness': 0.9820137900379085, 'generation': 518}","{'id': 36897, 'rank': 9, 'fitness': 0.9820137900379085, 'generation': 518}","{'id': 36897, 'rank': 10, 'fitness': 0.9820137900379085, 'generation': 518}","{'id': 36897, 'rank': 11, 'fitness': 0.9820137900379085, 'generation': 518}","{'id': 36897, 'rank': 12, 'fitness': 0.9820137900379085, 'generation': 518}","{'id': 36897, 'rank': 13, 'fitness': 0.9820137900379085, 'generation': 518}","{'id': 36897, 'rank': 14, 'fitness': 0.9820137900379085, 'generation': 518}","{'id': 36897, 'rank': 15, 'fitness': 0.9820137900379085, 'generation': 518}","{'id': 36897, 'rank': 16, 'fitness': 0.9820137900379085, 'generation': 518}","{'id': 36897, 'rank': 17, 'fitness': 0.9820137900379085, 'generation': 518}","{'id': 36897, 'rank': 18, 'fitness': 0.9820137900379085, 'generation': 518}","{'id': 36897, 'rank': 19, 'fitness': 0.9820137900379085, 'generation': 518}","{'id': 36897, 'rank': 20, 'fitness': 0.9820137900379085, 'generation': 518}","{'id': 36897, 'rank': 21, 'fitness': 0.9820137900379085, 'generation': 518}","{'id': 36897, 'rank': 22, 'fitness': 0.9820137900379085, 'generation': 518}","{'id': 36897, 'rank': 23, 'fitness': 0.9820137900379085, 'generation': 518}","{'id': 36897, 'rank': 24, 'fitness': 0.9820137900379085, 'generation': 518}","{'id': 36897, 'rank': 25, 'fitness': 0.9820137900379085, 'generation': 518}","{'id': 36897, 'rank': 26, 'fitness': 0.9820137900379085, 'generation': 518}","{'id': 38587, 'rank': 27, 'fitness': 0.20845109084950986, 'generation': 518}","{'id': 38623, 'rank': 28, 'fitness': 0.059452483456368665, 'generation': 518}","{'id': 38586, 'rank': 29, 'fitness': 0.020724534949395523, 'generation': 518}","{'id': 38560, 'rank': 30, 'fitness': 0.01798620996209155, 'generation': 518}"
"{'id': 36897, 'rank': 1, 'fitness': 0.9820137900379085, 'generation': 519}","{'id': 36897, 'rank': 2, 'fitness': 0.9820137900379085, 'generation': 519}","{'id': 36897, 'rank': 3, 'fitness': 0.9820137900379085, 'generation': 519}","{'id': 36897, 'rank': 4, 'fitness': 0.9820137900379085, 'generation': 519}","{'id': 36897, 'rank': 5, 'fitness': 0.9820137900379085, 'generation': 519}","{'id': 36897, 'rank': 6, 'fitness': 0.9820137900379085, 'generation': 519}","{'id': 36897, 'rank': 7, 'fitness': 0.9820137900379085, 'generation': 519}","{'id': 36897, 'rank': 8, 'fitness': 0.9820137900379085, 'generation': 519}","{'id': 36897, 'rank': 9, 'fitness': 0.9820137900379085, 'generation': 519}","{'id': 36897, 'rank': 10, 'fitness': 0.9820137900379085, 'generation': 519}","{'id': 36897, 'rank': 11, 'fitness': 0.9820137900379085, 'generation': 519}","{'id': 36897, 'rank': 12, 'fitness': 0.9820137900379085, 'generation': 519}","{'id': 36897, 'rank': 13, 'fitness': 0.9820137900379085, 'generation': 519}","{'id': 36897, 'rank': 14, 'fitness': 0.9820137900379085, 'generation': 519}","{'id': 36897, 'rank': 15, 'fitness': 0.9820137900379085, 'generation': 519}","{'id': 36897, 'rank': 16, 'fitness': 0.9820137900379085, 'generation': 519}","{'id': 36897, 'rank': 17, 'fitness': 0.9820137900379085, 'generation': 519}","{'id': 36897, 'rank': 18, 'fitness': 0.9820137900379085, 'generation': 519}","{'id': 36897, 'rank': 19, 'fitness': 0.9820137900379085, 'generation': 519}","{'id': 36897, 'rank': 20, 'fitness': 0.9820137900379085, 'generation': 519}","{'id': 36897, 'rank': 21, 'fitness': 0.9820137900379085, 'generation': 519}","{'id': 36897, 'rank': 22, 'fitness': 0.9820137900379085, 'generation': 519}","{'id': 36897, 'rank': 23, 'fitness': 0.9820137900379085, 'generation': 519}","{'id': 36897, 'rank': 24, 'fitness': 0.9820137900379085, 'generation': 519}","{'id': 36897, 'rank': 25, 'fitness': 0.9820137900379085, 'generation': 519}","{'id': 36897, 'rank': 26, 'fitness': 0.9820137900379085, 'generation': 519}","{'id': 36897, 'rank': 27, 'fitness': 0.9820137900379085, 'generation': 519}","{'id': 36897, 'rank': 28, 'fitness': 0.9820137900379085, 'generation': 519}","{'id': 38685, 'rank': 29, 'fitness': 0.04218867563015033, 'generation': 519}","{'id': 38631, 'rank': 30, 'fitness': 0.01798620996209155, 'generation': 519}"
"{'id': 36897, 'rank': 1, 'fitness': 0.5, 'generation': 520}","{'id': 36897, 'rank': 2, 'fitness': 0.5, 'generation': 520}","{'id': 36897, 'rank': 3, 'fitness': 0.5, 'generation': 520}","{'id': 36897, 'rank': 4, 'fitness': 0.5, 'generation': 520}","{'id': 36897, 'rank': 5, 'fitness': 0.5, 'generation': 520}","{'id': 36897, 'rank': 6, 'fitness': 0.5, 'generation': 520}","{'id': 36897, 'rank': 7, 'fitness': 0.5, 'generation': 520}","{'id': 36897, 'rank': 8, 'fitness': 0.5, 'generation': 520}","{'id': 36897, 'rank': 9, 'fitness': 0.5, 'generation': 520}","{'id': 36897, 'rank': 10, 'fitness': 0.5, 'generation': 520}","{'id': 36897, 'rank': 11, 'fitness': 0.5, 'generation': 520}","{'id': 36897, 'rank': 12, 'fitness': 0.5, 'generation': 520}","{'id': 36897, 'rank': 13, 'fitness': 0.5, 'generation': 520}","{'id': 36897, 'rank': 14, 'fitness': 0.5, 'generation': 520}","{'id': 36897, 'rank': 15, 'fitness': 0.5, 'generation': 520}","{'id': 36897, 'rank': 16, 'fitness': 0.5, 'generation': 520}","{'id': 36897, 'rank': 17, 'fitness': 0.5, 'generation': 520}","{'id': 36897, 'rank': 18, 'fitness': 0.5, 'generation': 520}","{'id': 36897, 'rank': 19, 'fitness': 0.5, 'generation': 520}","{'id': 36897, 'rank': 20, 'fitness': 0.5, 'generation': 520}","{'id': 36897, 'rank': 21, 'fitness': 0.5, 'generation': 520}","{'id': 36897, 'rank': 22, 'fitness': 0.5, 'generation': 520}","{'id': 36897, 'rank': 23, 'fitness': 0.5, 'generation': 520}","{'id': 36897, 'rank': 24, 'fitness': 0.5, 'generation': 520}","{'id': 36897, 'rank': 25, 'fitness': 0.5, 'generation': 520}","{'id': 36897, 'rank': 26, 'fitness': 0.5, 'generation': 520}","{'id': 36897, 'rank': 27, 'fitness': 0.5, 'generation': 520}","{'id': 36897, 'rank': 28, 'fitness': 0.5, 'generation': 520}","{'id': 36897, 'rank': 29, 'fitness': 0.5, 'generation': 520}","{'id': 36897, 'rank': 30, 'fitness': 0.5, 'generation': 520}"
"{'id': 36897, 'rank': 1, 'fitness': 0.5, 'generation': 521}","{'id': 36897, 'rank': 2, 'fitness': 0.5, 'generation': 521}","{'id': 36897, 'rank': 3, 'fitness': 0.5, 'generation': 521}","{'id': 36897, 'rank': 4, 'fitness': 0.5, 'generation': 521}","{'id': 36897, 'rank': 5, 'fitness': 0.5, 'generation': 521}","{'id': 36897, 'rank': 6, 'fitness': 0.5, 'generation': 521}","{'id': 36897, 'rank': 7, 'fitness': 0.5, 'generation': 521}","{'id': 36897, 'rank': 8, 'fitness': 0.5, 'generation': 521}","{'id': 36897, 'rank': 9, 'fitness': 0.5, 'generation': 521}","{'id': 36897, 'rank': 10, 'fitness': 0.5, 'generation': 521}","{'id': 36897, 'rank': 11, 'fitness': 0.5, 'generation': 521}","{'id': 36897, 'rank': 12, 'fitness': 0.5, 'generation': 521}","{'id': 36897, 'rank': 13, 'fitness': 0.5, 'generation': 521}","{'id': 36897, 'rank': 14, 'fitness': 0.5, 'generation': 521}","{'id': 36897, 'rank': 15, 'fitness': 0.5, 'generation': 521}","{'id': 36897, 'rank': 16, 'fitness': 0.5, 'generation': 521}","{'id': 36897, 'rank': 17, 'fitness': 0.5, 'generation': 521}","{'id': 36897, 'rank': 18, 'fitness': 0.5, 'generation': 521}","{'id': 36897, 'rank': 19, 'fitness': 0.5, 'generation': 521}","{'id': 36897, 'rank': 20, 'fitness': 0.5, 'generation': 521}","{'id': 36897, 'rank': 21, 'fitness': 0.5, 'generation': 521}","{'id': 36897, 'rank': 22, 'fitness': 0.5, 'generation': 521}","{'id': 36897, 'rank': 23, 'fitness': 0.5, 'generation': 521}","{'id': 36897, 'rank': 24, 'fitness': 0.5, 'generation': 521}","{'id': 36897, 'rank': 25, 'fitness': 0.5, 'generation': 521}","{'id': 36897, 'rank': 26, 'fitness': 0.5, 'generation': 521}","{'id': 36897, 'rank': 27, 'fitness': 0.5, 'generation': 521}","{'id': 36897, 'rank': 28, 'fitness': 0.5, 'generation': 521}","{'id': 36897, 'rank': 29, 'fitness': 0.5, 'generation': 521}","{'id': 36897, 'rank': 30, 'fitness': 0.5, 'generation': 521}"
"{'id': 36897, 'rank': 1, 'fitness': 0.5, 'generation': 522}","{'id': 36897, 'rank': 2, 'fitness': 0.5, 'generation': 522}","{'id': 36897, 'rank': 3, 'fitness': 0.5, 'generation': 522}","{'id': 36897, 'rank': 4, 'fitness': 0.5, 'generation': 522}","{'id': 36897, 'rank': 5, 'fitness': 0.5, 'generation': 522}","{'id': 36897, 'rank': 6, 'fitness': 0.5, 'generation': 522}","{'id': 36897, 'rank': 7, 'fitness': 0.5, 'generation': 522}","{'id': 36897, 'rank': 8, 'fitness': 0.5, 'generation': 522}","{'id': 36897, 'rank': 9, 'fitness': 0.5, 'generation': 522}","{'id': 36897, 'rank': 10, 'fitness': 0.5, 'generation': 522}","{'id': 36897, 'rank': 11, 'fitness': 0.5, 'generation': 522}","{'id': 36897, 'rank': 12, 'fitness': 0.5, 'generation': 522}","{'id': 36897, 'rank': 13, 'fitness': 0.5, 'generation': 522}","{'id': 36897, 'rank': 14, 'fitness': 0.5, 'generation': 522}","{'id': 36897, 'rank': 15, 'fitness': 0.5, 'generation': 522}","{'id': 36897, 'rank': 16, 'fitness': 0.5, 'generation': 522}","{'id': 36897, 'rank': 17, 'fitness': 0.5, 'generation': 522}","{'id': 36897, 'rank': 18, 'fitness': 0.5, 'generation': 522}","{'id': 36897, 'rank': 19, 'fitness': 0.5, 'generation': 522}","{'id': 36897, 'rank': 20, 'fitness': 0.5, 'generation': 522}","{'id': 36897, 'rank': 21, 'fitness': 0.5, 'generation': 522}","{'id': 36897, 'rank': 22, 'fitness': 0.5, 'generation': 522}","{'id': 36897, 'rank': 23, 'fitness': 0.5, 'generation': 522}","{'id': 36897, 'rank': 24, 'fitness': 0.5, 'generation': 522}","{'id': 36897, 'rank': 25, 'fitness': 0.5, 'generation': 522}","{'id': 36897, 'rank': 26, 'fitness': 0.5, 'generation': 522}","{'id': 36897, 'rank': 27, 'fitness': 0.5, 'generation': 522}","{'id': 36897, 'rank': 28, 'fitness': 0.5, 'generation': 522}","{'id': 36897, 'rank': 29, 'fitness': 0.5, 'generation': 522}","{'id': 36897, 'rank': 30, 'fitness': 0.5, 'generation': 522}"
"{'id': 36897, 'rank': 1, 'fitness': 0.9820137900379085, 'generation': 523}","{'id': 36897, 'rank': 2, 'fitness': 0.9820137900379085, 'generation': 523}","{'id': 36897, 'rank': 3, 'fitness': 0.9820137900379085, 'generation': 523}","{'id': 36897, 'rank': 4, 'fitness': 0.9820137900379085, 'generation': 523}","{'id': 36897, 'rank': 5, 'fitness': 0.9820137900379085, 'generation': 523}","{'id': 36897, 'rank': 6, 'fitness': 0.9820137900379085, 'generation': 523}","{'id': 36897, 'rank': 7, 'fitness': 0.9820137900379085, 'generation': 523}","{'id': 36897, 'rank': 8, 'fitness': 0.9820137900379085, 'generation': 523}","{'id': 36897, 'rank': 9, 'fitness': 0.9820137900379085, 'generation': 523}","{'id': 36897, 'rank': 10, 'fitness': 0.9820137900379085, 'generation': 523}","{'id': 36897, 'rank': 11, 'fitness': 0.9820137900379085, 'generation': 523}","{'id': 36897, 'rank': 12, 'fitness': 0.9820137900379085, 'generation': 523}","{'id': 36897, 'rank': 13, 'fitness': 0.9820137900379085, 'generation': 523}","{'id': 36897, 'rank': 14, 'fitness': 0.9820137900379085, 'generation': 523}","{'id': 36897, 'rank': 15, 'fitness': 0.9820137900379085, 'generation': 523}","{'id': 36897, 'rank': 16, 'fitness': 0.9820137900379085, 'generation': 523}","{'id': 36897, 'rank': 17, 'fitness': 0.9820137900379085, 'generation': 523}","{'id': 36897, 'rank': 18, 'fitness': 0.9820137900379085, 'generation': 523}","{'id': 36897, 'rank': 19, 'fitness': 0.9820137900379085, 'generation': 523}","{'id': 36897, 'rank': 20, 'fitness': 0.9820137900379085, 'generation': 523}","{'id': 36897, 'rank': 21, 'fitness': 0.9820137900379085, 'generation': 523}","{'id': 36897, 'rank': 22, 'fitness': 0.9820137900379085, 'generation': 523}","{'id': 36897, 'rank': 23, 'fitness': 0.9820137900379085, 'generation': 523}","{'id': 36897, 'rank': 24, 'fitness': 0.9820137900379085, 'generation': 523}","{'id': 36897, 'rank': 25, 'fitness': 0.9820137900379085, 'generation': 523}","{'id': 36897, 'rank': 26, 'fitness': 0.9820137900379085, 'generation': 523}","{'id': 36897, 'rank': 27, 'fitness': 0.9820137900379085, 'generation': 523}","{'id': 38907, 'rank': 28, 'fitness': 0.02833081600466275, 'generation': 523}","{'id': 38943, 'rank': 29, 'fitness': 0.01798620996209155, 'generation': 523}","{'id': 38943, 'rank': 30, 'fitness': 0.01798620996209155, 'generation': 523}"
"{'id': 36897, 'rank': 1, 'fitness': 0.9820137900379085, 'generation': 524}","{'id': 36897, 'rank': 2, 'fitness': 0.9820137900379085, 'generation': 524}","{'id': 36897, 'rank': 3, 'fitness': 0.9820137900379085, 'generation': 524}","{'id': 36897, 'rank': 4, 'fitness': 0.9820137900379085, 'generation': 524}","{'id': 36897, 'rank': 5, 'fitness': 0.9820137900379085, 'generation': 524}","{'id': 36897, 'rank': 6, 'fitness': 0.9820137900379085, 'generation': 524}","{'id': 36897, 'rank': 7, 'fitness': 0.9820137900379085, 'generation': 524}","{'id': 36897, 'rank': 8, 'fitness': 0.9820137900379085, 'generation': 524}","{'id': 36897, 'rank': 9, 'fitness': 0.9820137900379085, 'generation': 524}","{'id': 36897, 'rank': 10, 'fitness': 0.9820137900379085, 'generation': 524}","{'id': 36897, 'rank': 11, 'fitness': 0.9820137900379085, 'generation': 524}","{'id': 36897, 'rank': 12, 'fitness': 0.9820137900379085, 'generation': 524}","{'id': 36897, 'rank': 13, 'fitness': 0.9820137900379085, 'generation': 524}","{'id': 36897, 'rank': 14, 'fitness': 0.9820137900379085, 'generation': 524}","{'id': 36897, 'rank': 15, 'fitness': 0.9820137900379085, 'generation': 524}","{'id': 36897, 'rank': 16, 'fitness': 0.9820137900379085, 'generation': 524}","{'id': 36897, 'rank': 17, 'fitness': 0.9820137900379085, 'generation': 524}","{'id': 36897, 'rank': 18, 'fitness': 0.9820137900379085, 'generation': 524}","{'id': 36897, 'rank': 19, 'fitness': 0.9820137900379085, 'generation': 524}","{'id': 36897, 'rank': 20, 'fitness': 0.9820137900379085, 'generation': 524}","{'id': 36897, 'rank': 21, 'fitness': 0.9820137900379085, 'generation': 524}","{'id': 36897, 'rank': 22, 'fitness': 0.9820137900379085, 'generation': 524}","{'id': 36897, 'rank': 23, 'fitness': 0.9820137900379085, 'generation': 524}","{'id': 36897, 'rank': 24, 'fitness': 0.9820137900379085, 'generation': 524}","{'id': 36897, 'rank': 25, 'fitness': 0.9820137900379085, 'generation': 524}","{'id': 36897, 'rank': 26, 'fitness': 0.9820137900379085, 'generation': 524}","{'id': 38970, 'rank': 27, 'fitness': 0.4059006886704358, 'generation': 524}","{'id': 38962, 'rank': 28, 'fitness': 0.36359950803114216, 'generation': 524}","{'id': 38992, 'rank': 29, 'fitness': 0.05814197082515932, 'generation': 524}","{'id': 38958, 'rank': 30, 'fitness': 0.01798620996209155, 'generation': 524}"
"{'id': 36897, 'rank': 1, 'fitness': 0.9820137900379085, 'generation': 525}","{'id': 36897, 'rank': 2, 'fitness': 0.9820137900379085, 'generation': 525}","{'id': 36897, 'rank': 3, 'fitness': 0.9820137900379085, 'generation': 525}","{'id': 36897, 'rank': 4, 'fitness': 0.9820137900379085, 'generation': 525}","{'id': 36897, 'rank': 5, 'fitness': 0.9820137900379085, 'generation': 525}","{'id': 36897, 'rank': 6, 'fitness': 0.9820137900379085, 'generation': 525}","{'id': 36897, 'rank': 7, 'fitness': 0.9820137900379085, 'generation': 525}","{'id': 36897, 'rank': 8, 'fitness': 0.9820137900379085, 'generation': 525}","{'id': 36897, 'rank': 9, 'fitness': 0.9820137900379085, 'generation': 525}","{'id': 36897, 'rank': 10, 'fitness': 0.9820137900379085, 'generation': 525}","{'id': 36897, 'rank': 11, 'fitness': 0.9820137900379085, 'generation': 525}","{'id': 36897, 'rank': 12, 'fitness': 0.9820137900379085, 'generation': 525}","{'id': 36897, 'rank': 13, 'fitness': 0.9820137900379085, 'generation': 525}","{'id': 36897, 'rank': 14, 'fitness': 0.9820137900379085, 'generation': 525}","{'id': 36897, 'rank': 15, 'fitness': 0.9820137900379085, 'generation': 525}","{'id': 36897, 'rank': 16, 'fitness': 0.9820137900379085, 'generation': 525}","{'id': 36897, 'rank': 17, 'fitness': 0.9820137900379085, 'generation': 525}","{'id': 36897, 'rank': 18, 'fitness': 0.9820137900379085, 'generation': 525}","{'id': 36897, 'rank': 19, 'fitness': 0.9820137900379085, 'generation': 525}","{'id': 36897, 'rank': 20, 'fitness': 0.9820137900379085, 'generation': 525}","{'id': 36897, 'rank': 21, 'fitness': 0.9820137900379085, 'generation': 525}","{'id': 36897, 'rank': 22, 'fitness': 0.9820137900379085, 'generation': 525}","{'id': 36897, 'rank': 23, 'fitness': 0.9820137900379085, 'generation': 525}","{'id': 36897, 'rank': 24, 'fitness': 0.9820137900379085, 'generation': 525}","{'id': 36897, 'rank': 25, 'fitness': 0.9820137900379085, 'generation': 525}","{'id': 39096, 'rank': 26, 'fitness': 0.812095012234711, 'generation': 525}","{'id': 39048, 'rank': 27, 'fitness': 0.44021669799784857, 'generation': 525}","{'id': 39107, 'rank': 28, 'fitness': 0.1736805439161444, 'generation': 525}","{'id': 39090, 'rank': 29, 'fitness': 0.03654618080871719, 'generation': 525}","{'id': 39088, 'rank': 30, 'fitness': 0.01798620996209155, 'generation': 525}"
"{'id': 36897, 'rank': 1, 'fitness': 0.9820137900379085, 'generation': 526}","{'id': 36897, 'rank': 2, 'fitness': 0.9820137900379085, 'generation': 526}","{'id': 36897, 'rank': 3, 'fitness': 0.9820137900379085, 'generation': 526}","{'id': 36897, 'rank': 4, 'fitness': 0.9820137900379085, 'generation': 526}","{'id': 36897, 'rank': 5, 'fitness': 0.9820137900379085, 'generation': 526}","{'id': 36897, 'rank': 6, 'fitness': 0.9820137900379085, 'generation': 526}","{'id': 36897, 'rank': 7, 'fitness': 0.9820137900379085, 'generation': 526}","{'id': 36897, 'rank': 8, 'fitness': 0.9820137900379085, 'generation': 526}","{'id': 36897, 'rank': 9, 'fitness': 0.9820137900379085, 'generation': 526}","{'id': 36897, 'rank': 10, 'fitness': 0.9820137900379085, 'generation': 526}","{'id': 36897, 'rank': 11, 'fitness': 0.9820137900379085, 'generation': 526}","{'id': 36897, 'rank': 12, 'fitness': 0.9820137900379085, 'generation': 526}","{'id': 36897, 'rank': 13, 'fitness': 0.9820137900379085, 'generation': 526}","{'id': 36897, 'rank': 14, 'fitness': 0.9820137900379085, 'generation': 526}","{'id': 36897, 'rank': 15, 'fitness': 0.9820137900379085, 'generation': 526}","{'id': 36897, 'rank': 16, 'fitness': 0.9820137900379085, 'generation': 526}","{'id': 36897, 'rank': 17, 'fitness': 0.9820137900379085, 'generation': 526}","{'id': 36897, 'rank': 18, 'fitness': 0.9820137900379085, 'generation': 526}","{'id': 36897, 'rank': 19, 'fitness': 0.9820137900379085, 'generation': 526}","{'id': 36897, 'rank': 20, 'fitness': 0.9820137900379085, 'generation': 526}","{'id': 36897, 'rank': 21, 'fitness': 0.9820137900379085, 'generation': 526}","{'id': 36897, 'rank': 22, 'fitness': 0.9820137900379085, 'generation': 526}","{'id': 36897, 'rank': 23, 'fitness': 0.9820137900379085, 'generation': 526}","{'id': 36897, 'rank': 24, 'fitness': 0.9820137900379085, 'generation': 526}","{'id': 36897, 'rank': 25, 'fitness': 0.9820137900379085, 'generation': 526}","{'id': 36897, 'rank': 26, 'fitness': 0.9820137900379085, 'generation': 526}","{'id': 39186, 'rank': 27, 'fitness': 0.5783604833914928, 'generation': 526}","{'id': 39159, 'rank': 28, 'fitness': 0.053885532463455954, 'generation': 526}","{'id': 39133, 'rank': 29, 'fitness': 0.025647780347809013, 'generation': 526}","{'id': 39151, 'rank': 30, 'fitness': 0.01798620996209155, 'generation': 526}"
"{'id': 36897, 'rank': 1, 'fitness': 0.9820137900379085, 'generation': 527}","{'id': 36897, 'rank': 2, 'fitness': 0.9820137900379085, 'generation': 527}","{'id': 36897, 'rank': 3, 'fitness': 0.9820137900379085, 'generation': 527}","{'id': 36897, 'rank': 4, 'fitness': 0.9820137900379085, 'generation': 527}","{'id': 36897, 'rank': 5, 'fitness': 0.9820137900379085, 'generation': 527}","{'id': 36897, 'rank': 6, 'fitness': 0.9820137900379085, 'generation': 527}","{'id': 36897, 'rank': 7, 'fitness': 0.9820137900379085, 'generation': 527}","{'id': 36897, 'rank': 8, 'fitness': 0.9820137900379085, 'generation': 527}","{'id': 36897, 'rank': 9, 'fitness': 0.9820137900379085, 'generation': 527}","{'id': 36897, 'rank': 10, 'fitness': 0.9820137900379085, 'generation': 527}","{'id': 36897, 'rank': 11, 'fitness': 0.9820137900379085, 'generation': 527}","{'id': 36897, 'rank': 12, 'fitness': 0.9820137900379085, 'generation': 527}","{'id': 36897, 'rank': 13, 'fitness': 0.9820137900379085, 'generation': 527}","{'id': 36897, 'rank': 14, 'fitness': 0.9820137900379085, 'generation': 527}","{'id': 36897, 'rank': 15, 'fitness': 0.9820137900379085, 'generation': 527}","{'id': 36897, 'rank': 16, 'fitness': 0.9820137900379085, 'generation': 527}","{'id': 36897, 'rank': 17, 'fitness': 0.9820137900379085, 'generation': 527}","{'id': 36897, 'rank': 18, 'fitness': 0.9820137900379085, 'generation': 527}","{'id': 36897, 'rank': 19, 'fitness': 0.9820137900379085, 'generation': 527}","{'id': 36897, 'rank': 20, 'fitness': 0.9820137900379085, 'generation': 527}","{'id': 36897, 'rank': 21, 'fitness': 0.9820137900379085, 'generation': 527}","{'id': 36897, 'rank': 22, 'fitness': 0.9820137900379085, 'generation': 527}","{'id': 36897, 'rank': 23, 'fitness': 0.9820137900379085, 'generation': 527}","{'id': 36897, 'rank': 24, 'fitness': 0.9820137900379085, 'generation': 527}","{'id': 36897, 'rank': 25, 'fitness': 0.9820137900379085, 'generation': 527}","{'id': 36897, 'rank': 26, 'fitness': 0.9820137900379085, 'generation': 527}","{'id': 39236, 'rank': 27, 'fitness': 0.6685743517141682, 'generation': 527}","{'id': 39260, 'rank': 28, 'fitness': 0.02711669316123344, 'generation': 527}","{'id': 39253, 'rank': 29, 'fitness': 0.01798620996209155, 'generation': 527}","{'id': 39253, 'rank': 30, 'fitness': 0.01798620996209155, 'generation': 527}"
"{'id': 36897, 'rank': 1, 'fitness': 0.9820137900379085, 'generation': 528}","{'id': 36897, 'rank': 2, 'fitness': 0.9820137900379085, 'generation': 528}","{'id': 36897, 'rank': 3, 'fitness': 0.9820137900379085, 'generation': 528}","{'id': 36897, 'rank': 4, 'fitness': 0.9820137900379085, 'generation': 528}","{'id': 36897, 'rank': 5, 'fitness': 0.9820137900379085, 'generation': 528}","{'id': 36897, 'rank': 6, 'fitness': 0.9820137900379085, 'generation': 528}","{'id': 36897, 'rank': 7, 'fitness': 0.9820137900379085, 'generation': 528}","{'id': 36897, 'rank': 8, 'fitness': 0.9820137900379085, 'generation': 528}","{'id': 36897, 'rank': 9, 'fitness': 0.9820137900379085, 'generation': 528}","{'id': 36897, 'rank': 10, 'fitness': 0.9820137900379085, 'generation': 528}","{'id': 36897, 'rank': 11, 'fitness': 0.9820137900379085, 'generation': 528}","{'id': 36897, 'rank': 12, 'fitness': 0.9820137900379085, 'generation': 528}","{'id': 36897, 'rank': 13, 'fitness': 0.9820137900379085, 'generation': 528}","{'id': 36897, 'rank': 14, 'fitness': 0.9820137900379085, 'generation': 528}","{'id': 36897, 'rank': 15, 'fitness': 0.9820137900379085, 'generation': 528}","{'id': 36897, 'rank': 16, 'fitness': 0.9820137900379085, 'generation': 528}","{'id': 36897, 'rank': 17, 'fitness': 0.9820137900379085, 'generation': 528}","{'id': 36897, 'rank': 18, 'fitness': 0.9820137900379085, 'generation': 528}","{'id': 36897, 'rank': 19, 'fitness': 0.9820137900379085, 'generation': 528}","{'id': 36897, 'rank': 20, 'fitness': 0.9820137900379085, 'generation': 528}","{'id': 36897, 'rank': 21, 'fitness': 0.9820137900379085, 'generation': 528}","{'id': 36897, 'rank': 22, 'fitness': 0.9820137900379085, 'generation': 528}","{'id': 36897, 'rank': 23, 'fitness': 0.9820137900379085, 'generation': 528}","{'id': 36897, 'rank': 24, 'fitness': 0.9820137900379085, 'generation': 528}","{'id': 36897, 'rank': 25, 'fitness': 0.9820137900379085, 'generation': 528}","{'id': 39317, 'rank': 26, 'fitness': 0.8901910029474613, 'generation': 528}","{'id': 39317, 'rank': 27, 'fitness': 0.8901910029474613, 'generation': 528}","{'id': 39324, 'rank': 28, 'fitness': 0.5743836146063368, 'generation': 528}","{'id': 39311, 'rank': 29, 'fitness': 0.10581230222474042, 'generation': 528}","{'id': 39313, 'rank': 30, 'fitness': 0.01798620996209155, 'generation': 528}"
"{'id': 36897, 'rank': 1, 'fitness': 0.9820137900379085, 'generation': 529}","{'id': 36897, 'rank': 2, 'fitness': 0.9820137900379085, 'generation': 529}","{'id': 36897, 'rank': 3, 'fitness': 0.9820137900379085, 'generation': 529}","{'id': 36897, 'rank': 4, 'fitness': 0.9820137900379085, 'generation': 529}","{'id': 36897, 'rank': 5, 'fitness': 0.9820137900379085, 'generation': 529}","{'id': 36897, 'rank': 6, 'fitness': 0.9820137900379085, 'generation': 529}","{'id': 36897, 'rank': 7, 'fitness': 0.9820137900379085, 'generation': 529}","{'id': 36897, 'rank': 8, 'fitness': 0.9820137900379085, 'generation': 529}","{'id': 36897, 'rank': 9, 'fitness': 0.9820137900379085, 'generation': 529}","{'id': 36897, 'rank': 10, 'fitness': 0.9820137900379085, 'generation': 529}","{'id': 36897, 'rank': 11, 'fitness': 0.9820137900379085, 'generation': 529}","{'id': 36897, 'rank': 12, 'fitness': 0.9820137900379085, 'generation': 529}","{'id': 36897, 'rank': 13, 'fitness': 0.9820137900379085, 'generation': 529}","{'id': 36897, 'rank': 14, 'fitness': 0.9820137900379085, 'generation': 529}","{'id': 36897, 'rank': 15, 'fitness': 0.9820137900379085, 'generation': 529}","{'id': 36897, 'rank': 16, 'fitness': 0.9820137900379085, 'generation': 529}","{'id': 36897, 'rank': 17, 'fitness': 0.9820137900379085, 'generation': 529}","{'id': 36897, 'rank': 18, 'fitness': 0.9820137900379085, 'generation': 529}","{'id': 36897, 'rank': 19, 'fitness': 0.9820137900379085, 'generation': 529}","{'id': 36897, 'rank': 20, 'fitness': 0.9820137900379085, 'generation': 529}","{'id': 36897, 'rank': 21, 'fitness': 0.9820137900379085, 'generation': 529}","{'id': 36897, 'rank': 22, 'fitness': 0.9820137900379085, 'generation': 529}","{'id': 36897, 'rank': 23, 'fitness': 0.9820137900379085, 'generation': 529}","{'id': 36897, 'rank': 24, 'fitness': 0.9820137900379085, 'generation': 529}","{'id': 36897, 'rank': 25, 'fitness': 0.9820137900379085, 'generation': 529}","{'id': 39361, 'rank': 26, 'fitness': 0.7673066530100122, 'generation': 529}","{'id': 39317, 'rank': 27, 'fitness': 0.7300687272828739, 'generation': 529}","{'id': 39348, 'rank': 28, 'fitness': 0.5578536005115993, 'generation': 529}","{'id': 39349, 'rank': 29, 'fitness': 0.10680998747222725, 'generation': 529}","{'id': 39376, 'rank': 30, 'fitness': 0.01798620996209155, 'generation': 529}"
"{'id': 36897, 'rank': 1, 'fitness': 0.9820137900379085, 'generation': 530}","{'id': 36897, 'rank': 2, 'fitness': 0.9820137900379085, 'generation': 530}","{'id': 36897, 'rank': 3, 'fitness': 0.9820137900379085, 'generation': 530}","{'id': 36897, 'rank': 4, 'fitness': 0.9820137900379085, 'generation': 530}","{'id': 36897, 'rank': 5, 'fitness': 0.9820137900379085, 'generation': 530}","{'id': 36897, 'rank': 6, 'fitness': 0.9820137900379085, 'generation': 530}","{'id': 36897, 'rank': 7, 'fitness': 0.9820137900379085, 'generation': 530}","{'id': 36897, 'rank': 8, 'fitness': 0.9820137900379085, 'generation': 530}","{'id': 36897, 'rank': 9, 'fitness': 0.9820137900379085, 'generation': 530}","{'id': 36897, 'rank': 10, 'fitness': 0.9820137900379085, 'generation': 530}","{'id': 36897, 'rank': 11, 'fitness': 0.9820137900379085, 'generation': 530}","{'id': 36897, 'rank': 12, 'fitness': 0.9820137900379085, 'generation': 530}","{'id': 36897, 'rank': 13, 'fitness': 0.9820137900379085, 'generation': 530}","{'id': 36897, 'rank': 14, 'fitness': 0.9820137900379085, 'generation': 530}","{'id': 36897, 'rank': 15, 'fitness': 0.9820137900379085, 'generation': 530}","{'id': 36897, 'rank': 16, 'fitness': 0.9820137900379085, 'generation': 530}","{'id': 36897, 'rank': 17, 'fitness': 0.9820137900379085, 'generation': 530}","{'id': 36897, 'rank': 18, 'fitness': 0.9820137900379085, 'generation': 530}","{'id': 36897, 'rank': 19, 'fitness': 0.9820137900379085, 'generation': 530}","{'id': 36897, 'rank': 20, 'fitness': 0.9820137900379085, 'generation': 530}","{'id': 36897, 'rank': 21, 'fitness': 0.9820137900379085, 'generation': 530}","{'id': 36897, 'rank': 22, 'fitness': 0.9820137900379085, 'generation': 530}","{'id': 36897, 'rank': 23, 'fitness': 0.9820137900379085, 'generation': 530}","{'id': 36897, 'rank': 24, 'fitness': 0.9820137900379085, 'generation': 530}","{'id': 36897, 'rank': 25, 'fitness': 0.9820137900379085, 'generation': 530}","{'id': 36897, 'rank': 26, 'fitness': 0.9820137900379085, 'generation': 530}","{'id': 36897, 'rank': 27, 'fitness': 0.9820137900379085, 'generation': 530}","{'id': 36897, 'rank': 28, 'fitness': 0.9820137900379085, 'generation': 530}","{'id': 39456, 'rank': 29, 'fitness': 0.3493871183389213, 'generation': 530}","{'id': 39429, 'rank': 30, 'fitness': 0.01798620996209155, 'generation': 530}"
"{'id': 36897, 'rank': 1, 'fitness': 0.9820137900379085, 'generation': 531}","{'id': 36897, 'rank': 2, 'fitness': 0.9820137900379085, 'generation': 531}","{'id': 36897, 'rank': 3, 'fitness': 0.9820137900379085, 'generation': 531}","{'id': 36897, 'rank': 4, 'fitness': 0.9820137900379085, 'generation': 531}","{'id': 36897, 'rank': 5, 'fitness': 0.9820137900379085, 'generation': 531}","{'id': 36897, 'rank': 6, 'fitness': 0.9820137900379085, 'generation': 531}","{'id': 36897, 'rank': 7, 'fitness': 0.9820137900379085, 'generation': 531}","{'id': 36897, 'rank': 8, 'fitness': 0.9820137900379085, 'generation': 531}","{'id': 36897, 'rank': 9, 'fitness': 0.9820137900379085, 'generation': 531}","{'id': 36897, 'rank': 10, 'fitness': 0.9820137900379085, 'generation': 531}","{'id': 36897, 'rank': 11, 'fitness': 0.9820137900379085, 'generation': 531}","{'id': 36897, 'rank': 12, 'fitness': 0.9820137900379085, 'generation': 531}","{'id': 36897, 'rank': 13, 'fitness': 0.9820137900379085, 'generation': 531}","{'id': 36897, 'rank': 14, 'fitness': 0.9820137900379085, 'generation': 531}","{'id': 36897, 'rank': 15, 'fitness': 0.9820137900379085, 'generation': 531}","{'id': 36897, 'rank': 16, 'fitness': 0.9820137900379085, 'generation': 531}","{'id': 36897, 'rank': 17, 'fitness': 0.9820137900379085, 'generation': 531}","{'id': 36897, 'rank': 18, 'fitness': 0.9820137900379085, 'generation': 531}","{'id': 36897, 'rank': 19, 'fitness': 0.9820137900379085, 'generation': 531}","{'id': 36897, 'rank': 20, 'fitness': 0.9820137900379085, 'generation': 531}","{'id': 36897, 'rank': 21, 'fitness': 0.9820137900379085, 'generation': 531}","{'id': 36897, 'rank': 22, 'fitness': 0.9820137900379085, 'generation': 531}","{'id': 36897, 'rank': 23, 'fitness': 0.9820137900379085, 'generation': 531}","{'id': 36897, 'rank': 24, 'fitness': 0.9820137900379085, 'generation': 531}","{'id': 39552, 'rank': 25, 'fitness': 0.7633389827665723, 'generation': 531}","{'id': 39507, 'rank': 26, 'fitness': 0.45230454166677886, 'generation': 531}","{'id': 39569, 'rank': 27, 'fitness': 0.059926223146722246, 'generation': 531}","{'id': 39504, 'rank': 28, 'fitness': 0.04432723693193924, 'generation': 531}","{'id': 39493, 'rank': 29, 'fitness': 0.02308284189860854, 'generation': 531}","{'id': 39564, 'rank': 30, 'fitness': 0.01798620996209155, 'generation': 531}"
"{'id': 36897, 'rank': 1, 'fitness': 0.9820137900379085, 'generation': 532}","{'id': 36897, 'rank': 2, 'fitness': 0.9820137900379085, 'generation': 532}","{'id': 36897, 'rank': 3, 'fitness': 0.9820137900379085, 'generation': 532}","{'id': 36897, 'rank': 4, 'fitness': 0.9820137900379085, 'generation': 532}","{'id': 36897, 'rank': 5, 'fitness': 0.9820137900379085, 'generation': 532}","{'id': 36897, 'rank': 6, 'fitness': 0.9820137900379085, 'generation': 532}","{'id': 36897, 'rank': 7, 'fitness': 0.9820137900379085, 'generation': 532}","{'id': 36897, 'rank': 8, 'fitness': 0.9820137900379085, 'generation': 532}","{'id': 36897, 'rank': 9, 'fitness': 0.9820137900379085, 'generation': 532}","{'id': 36897, 'rank': 10, 'fitness': 0.9820137900379085, 'generation': 532}","{'id': 36897, 'rank': 11, 'fitness': 0.9820137900379085, 'generation': 532}","{'id': 36897, 'rank': 12, 'fitness': 0.9820137900379085, 'generation': 532}","{'id': 36897, 'rank': 13, 'fitness': 0.9820137900379085, 'generation': 532}","{'id': 36897, 'rank': 14, 'fitness': 0.9820137900379085, 'generation': 532}","{'id': 36897, 'rank': 15, 'fitness': 0.9820137900379085, 'generation': 532}","{'id': 36897, 'rank': 16, 'fitness': 0.9820137900379085, 'generation': 532}","{'id': 36897, 'rank': 17, 'fitness': 0.9820137900379085, 'generation': 532}","{'id': 36897, 'rank': 18, 'fitness': 0.9820137900379085, 'generation': 532}","{'id': 36897, 'rank': 19, 'fitness': 0.9820137900379085, 'generation': 532}","{'id': 36897, 'rank': 20, 'fitness': 0.9820137900379085, 'generation': 532}","{'id': 36897, 'rank': 21, 'fitness': 0.9820137900379085, 'generation': 532}","{'id': 36897, 'rank': 22, 'fitness': 0.9820137900379085, 'generation': 532}","{'id': 36897, 'rank': 23, 'fitness': 0.9820137900379085, 'generation': 532}","{'id': 36897, 'rank': 24, 'fitness': 0.9820137900379085, 'generation': 532}","{'id': 36897, 'rank': 25, 'fitness': 0.9820137900379085, 'generation': 532}","{'id': 39552, 'rank': 26, 'fitness': 0.19788998930641055, 'generation': 532}","{'id': 39552, 'rank': 27, 'fitness': 0.19788998930641055, 'generation': 532}","{'id': 39616, 'rank': 28, 'fitness': 0.021510604313853487, 'generation': 532}","{'id': 39616, 'rank': 29, 'fitness': 0.021510604313853487, 'generation': 532}","{'id': 39507, 'rank': 30, 'fitness': 0.01798620996209155, 'generation': 532}"
"{'id': 36897, 'rank': 1, 'fitness': 0.9820137900379085, 'generation': 533}","{'id': 36897, 'rank': 2, 'fitness': 0.9820137900379085, 'generation': 533}","{'id': 36897, 'rank': 3, 'fitness': 0.9820137900379085, 'generation': 533}","{'id': 36897, 'rank': 4, 'fitness': 0.9820137900379085, 'generation': 533}","{'id': 36897, 'rank': 5, 'fitness': 0.9820137900379085, 'generation': 533}","{'id': 36897, 'rank': 6, 'fitness': 0.9820137900379085, 'generation': 533}","{'id': 36897, 'rank': 7, 'fitness': 0.9820137900379085, 'generation': 533}","{'id': 36897, 'rank': 8, 'fitness': 0.9820137900379085, 'generation': 533}","{'id': 36897, 'rank': 9, 'fitness': 0.9820137900379085, 'generation': 533}","{'id': 36897, 'rank': 10, 'fitness': 0.9820137900379085, 'generation': 533}","{'id': 36897, 'rank': 11, 'fitness': 0.9820137900379085, 'generation': 533}","{'id': 36897, 'rank': 12, 'fitness': 0.9820137900379085, 'generation': 533}","{'id': 36897, 'rank': 13, 'fitness': 0.9820137900379085, 'generation': 533}","{'id': 36897, 'rank': 14, 'fitness': 0.9820137900379085, 'generation': 533}","{'id': 36897, 'rank': 15, 'fitness': 0.9820137900379085, 'generation': 533}","{'id': 36897, 'rank': 16, 'fitness': 0.9820137900379085, 'generation': 533}","{'id': 36897, 'rank': 17, 'fitness': 0.9820137900379085, 'generation': 533}","{'id': 36897, 'rank': 18, 'fitness': 0.9820137900379085, 'generation': 533}","{'id': 36897, 'rank': 19, 'fitness': 0.9820137900379085, 'generation': 533}","{'id': 36897, 'rank': 20, 'fitness': 0.9820137900379085, 'generation': 533}","{'id': 36897, 'rank': 21, 'fitness': 0.9820137900379085, 'generation': 533}","{'id': 36897, 'rank': 22, 'fitness': 0.9820137900379085, 'generation': 533}","{'id': 36897, 'rank': 23, 'fitness': 0.9820137900379085, 'generation': 533}","{'id': 36897, 'rank': 24, 'fitness': 0.9820137900379085, 'generation': 533}","{'id': 36897, 'rank': 25, 'fitness': 0.9820137900379085, 'generation': 533}","{'id': 36897, 'rank': 26, 'fitness': 0.9820137900379085, 'generation': 533}","{'id': 36897, 'rank': 27, 'fitness': 0.9820137900379085, 'generation': 533}","{'id': 39703, 'rank': 28, 'fitness': 0.8645533213685554, 'generation': 533}","{'id': 39704, 'rank': 29, 'fitness': 0.021095297022729553, 'generation': 533}","{'id': 39717, 'rank': 30, 'fitness': 0.01798620996209155, 'generation': 533}"
"{'id': 36897, 'rank': 1, 'fitness': 0.9820137900379085, 'generation': 534}","{'id': 36897, 'rank': 2, 'fitness': 0.9820137900379085, 'generation': 534}","{'id': 36897, 'rank': 3, 'fitness': 0.9820137900379085, 'generation': 534}","{'id': 36897, 'rank': 4, 'fitness': 0.9820137900379085, 'generation': 534}","{'id': 36897, 'rank': 5, 'fitness': 0.9820137900379085, 'generation': 534}","{'id': 36897, 'rank': 6, 'fitness': 0.9820137900379085, 'generation': 534}","{'id': 36897, 'rank': 7, 'fitness': 0.9820137900379085, 'generation': 534}","{'id': 36897, 'rank': 8, 'fitness': 0.9820137900379085, 'generation': 534}","{'id': 36897, 'rank': 9, 'fitness': 0.9820137900379085, 'generation': 534}","{'id': 36897, 'rank': 10, 'fitness': 0.9820137900379085, 'generation': 534}","{'id': 36897, 'rank': 11, 'fitness': 0.9820137900379085, 'generation': 534}","{'id': 36897, 'rank': 12, 'fitness': 0.9820137900379085, 'generation': 534}","{'id': 36897, 'rank': 13, 'fitness': 0.9820137900379085, 'generation': 534}","{'id': 36897, 'rank': 14, 'fitness': 0.9820137900379085, 'generation': 534}","{'id': 36897, 'rank': 15, 'fitness': 0.9820137900379085, 'generation': 534}","{'id': 36897, 'rank': 16, 'fitness': 0.9820137900379085, 'generation': 534}","{'id': 36897, 'rank': 17, 'fitness': 0.9820137900379085, 'generation': 534}","{'id': 36897, 'rank': 18, 'fitness': 0.9820137900379085, 'generation': 534}","{'id': 36897, 'rank': 19, 'fitness': 0.9820137900379085, 'generation': 534}","{'id': 36897, 'rank': 20, 'fitness': 0.9820137900379085, 'generation': 534}","{'id': 36897, 'rank': 21, 'fitness': 0.9820137900379085, 'generation': 534}","{'id': 36897, 'rank': 22, 'fitness': 0.9820137900379085, 'generation': 534}","{'id': 36897, 'rank': 23, 'fitness': 0.9820137900379085, 'generation': 534}","{'id': 36897, 'rank': 24, 'fitness': 0.9820137900379085, 'generation': 534}","{'id': 36897, 'rank': 25, 'fitness': 0.9820137900379085, 'generation': 534}","{'id': 36897, 'rank': 26, 'fitness': 0.9820137900379085, 'generation': 534}","{'id': 39803, 'rank': 27, 'fitness': 0.39013543645371157, 'generation': 534}","{'id': 39782, 'rank': 28, 'fitness': 0.24869472485330446, 'generation': 534}","{'id': 39815, 'rank': 29, 'fitness': 0.03838706541477144, 'generation': 534}","{'id': 39795, 'rank': 30, 'fitness': 0.01798620996209155, 'generation': 534}"
"{'id': 36897, 'rank': 1, 'fitness': 0.9820137900379085, 'generation': 535}","{'id': 36897, 'rank': 2, 'fitness': 0.9820137900379085, 'generation': 535}","{'id': 36897, 'rank': 3, 'fitness': 0.9820137900379085, 'generation': 535}","{'id': 36897, 'rank': 4, 'fitness': 0.9820137900379085, 'generation': 535}","{'id': 36897, 'rank': 5, 'fitness': 0.9820137900379085, 'generation': 535}","{'id': 36897, 'rank': 6, 'fitness': 0.9820137900379085, 'generation': 535}","{'id': 36897, 'rank': 7, 'fitness': 0.9820137900379085, 'generation': 535}","{'id': 36897, 'rank': 8, 'fitness': 0.9820137900379085, 'generation': 535}","{'id': 36897, 'rank': 9, 'fitness': 0.9820137900379085, 'generation': 535}","{'id': 36897, 'rank': 10, 'fitness': 0.9820137900379085, 'generation': 535}","{'id': 36897, 'rank': 11, 'fitness': 0.9820137900379085, 'generation': 535}","{'id': 36897, 'rank': 12, 'fitness': 0.9820137900379085, 'generation': 535}","{'id': 36897, 'rank': 13, 'fitness': 0.9820137900379085, 'generation': 535}","{'id': 36897, 'rank': 14, 'fitness': 0.9820137900379085, 'generation': 535}","{'id': 36897, 'rank': 15, 'fitness': 0.9820137900379085, 'generation': 535}","{'id': 36897, 'rank': 16, 'fitness': 0.9820137900379085, 'generation': 535}","{'id': 36897, 'rank': 17, 'fitness': 0.9820137900379085, 'generation': 535}","{'id': 36897, 'rank': 18, 'fitness': 0.9820137900379085, 'generation': 535}","{'id': 36897, 'rank': 19, 'fitness': 0.9820137900379085, 'generation': 535}","{'id': 36897, 'rank': 20, 'fitness': 0.9820137900379085, 'generation': 535}","{'id': 36897, 'rank': 21, 'fitness': 0.9820137900379085, 'generation': 535}","{'id': 36897, 'rank': 22, 'fitness': 0.9820137900379085, 'generation': 535}","{'id': 36897, 'rank': 23, 'fitness': 0.9820137900379085, 'generation': 535}","{'id': 36897, 'rank': 24, 'fitness': 0.9820137900379085, 'generation': 535}","{'id': 36897, 'rank': 25, 'fitness': 0.9820137900379085, 'generation': 535}","{'id': 36897, 'rank': 26, 'fitness': 0.9820137900379085, 'generation': 535}","{'id': 36897, 'rank': 27, 'fitness': 0.9820137900379085, 'generation': 535}","{'id': 36897, 'rank': 28, 'fitness': 0.9820137900379085, 'generation': 535}","{'id': 36897, 'rank': 29, 'fitness': 0.9820137900379085, 'generation': 535}","{'id': 39832, 'rank': 30, 'fitness': 0.01798620996209155, 'generation': 535}"
"{'id': 36897, 'rank': 1, 'fitness': 0.9820137900379085, 'generation': 536}","{'id': 36897, 'rank': 2, 'fitness': 0.9820137900379085, 'generation': 536}","{'id': 36897, 'rank': 3, 'fitness': 0.9820137900379085, 'generation': 536}","{'id': 36897, 'rank': 4, 'fitness': 0.9820137900379085, 'generation': 536}","{'id': 36897, 'rank': 5, 'fitness': 0.9820137900379085, 'generation': 536}","{'id': 36897, 'rank': 6, 'fitness': 0.9820137900379085, 'generation': 536}","{'id': 36897, 'rank': 7, 'fitness': 0.9820137900379085, 'generation': 536}","{'id': 36897, 'rank': 8, 'fitness': 0.9820137900379085, 'generation': 536}","{'id': 36897, 'rank': 9, 'fitness': 0.9820137900379085, 'generation': 536}","{'id': 36897, 'rank': 10, 'fitness': 0.9820137900379085, 'generation': 536}","{'id': 36897, 'rank': 11, 'fitness': 0.9820137900379085, 'generation': 536}","{'id': 36897, 'rank': 12, 'fitness': 0.9820137900379085, 'generation': 536}","{'id': 36897, 'rank': 13, 'fitness': 0.9820137900379085, 'generation': 536}","{'id': 36897, 'rank': 14, 'fitness': 0.9820137900379085, 'generation': 536}","{'id': 36897, 'rank': 15, 'fitness': 0.9820137900379085, 'generation': 536}","{'id': 36897, 'rank': 16, 'fitness': 0.9820137900379085, 'generation': 536}","{'id': 36897, 'rank': 17, 'fitness': 0.9820137900379085, 'generation': 536}","{'id': 36897, 'rank': 18, 'fitness': 0.9820137900379085, 'generation': 536}","{'id': 36897, 'rank': 19, 'fitness': 0.9820137900379085, 'generation': 536}","{'id': 36897, 'rank': 20, 'fitness': 0.9820137900379085, 'generation': 536}","{'id': 36897, 'rank': 21, 'fitness': 0.9820137900379085, 'generation': 536}","{'id': 36897, 'rank': 22, 'fitness': 0.9820137900379085, 'generation': 536}","{'id': 36897, 'rank': 23, 'fitness': 0.9820137900379085, 'generation': 536}","{'id': 36897, 'rank': 24, 'fitness': 0.9820137900379085, 'generation': 536}","{'id': 36897, 'rank': 25, 'fitness': 0.9820137900379085, 'generation': 536}","{'id': 36897, 'rank': 26, 'fitness': 0.9820137900379085, 'generation': 536}","{'id': 39964, 'rank': 27, 'fitness': 0.1594351353877823, 'generation': 536}","{'id': 39921, 'rank': 28, 'fitness': 0.03081312016637855, 'generation': 536}","{'id': 39941, 'rank': 29, 'fitness': 0.02606702083869622, 'generation': 536}","{'id': 39910, 'rank': 30, 'fitness': 0.01798620996209155, 'generation': 536}"
"{'id': 36897, 'rank': 1, 'fitness': 0.9820137900379085, 'generation': 537}","{'id': 36897, 'rank': 2, 'fitness': 0.9820137900379085, 'generation': 537}","{'id': 36897, 'rank': 3, 'fitness': 0.9820137900379085, 'generation': 537}","{'id': 36897, 'rank': 4, 'fitness': 0.9820137900379085, 'generation': 537}","{'id': 36897, 'rank': 5, 'fitness': 0.9820137900379085, 'generation': 537}","{'id': 36897, 'rank': 6, 'fitness': 0.9820137900379085, 'generation': 537}","{'id': 36897, 'rank': 7, 'fitness': 0.9820137900379085, 'generation': 537}","{'id': 36897, 'rank': 8, 'fitness': 0.9820137900379085, 'generation': 537}","{'id': 36897, 'rank': 9, 'fitness': 0.9820137900379085, 'generation': 537}","{'id': 36897, 'rank': 10, 'fitness': 0.9820137900379085, 'generation': 537}","{'id': 36897, 'rank': 11, 'fitness': 0.9820137900379085, 'generation': 537}","{'id': 36897, 'rank': 12, 'fitness': 0.9820137900379085, 'generation': 537}","{'id': 36897, 'rank': 13, 'fitness': 0.9820137900379085, 'generation': 537}","{'id': 36897, 'rank': 14, 'fitness': 0.9820137900379085, 'generation': 537}","{'id': 36897, 'rank': 15, 'fitness': 0.9820137900379085, 'generation': 537}","{'id': 36897, 'rank': 16, 'fitness': 0.9820137900379085, 'generation': 537}","{'id': 36897, 'rank': 17, 'fitness': 0.9820137900379085, 'generation': 537}","{'id': 36897, 'rank': 18, 'fitness': 0.9820137900379085, 'generation': 537}","{'id': 36897, 'rank': 19, 'fitness': 0.9820137900379085, 'generation': 537}","{'id': 36897, 'rank': 20, 'fitness': 0.9820137900379085, 'generation': 537}","{'id': 36897, 'rank': 21, 'fitness': 0.9820137900379085, 'generation': 537}","{'id': 36897, 'rank': 22, 'fitness': 0.9820137900379085, 'generation': 537}","{'id': 36897, 'rank': 23, 'fitness': 0.9820137900379085, 'generation': 537}","{'id': 36897, 'rank': 24, 'fitness': 0.9820137900379085, 'generation': 537}","{'id': 39983, 'rank': 25, 'fitness': 0.3865953146199802, 'generation': 537}","{'id': 39964, 'rank': 26, 'fitness': 0.30455625800417535, 'generation': 537}","{'id': 39964, 'rank': 27, 'fitness': 0.30455625800417535, 'generation': 537}","{'id': 40036, 'rank': 28, 'fitness': 0.20026391017248785, 'generation': 537}","{'id': 40043, 'rank': 29, 'fitness': 0.0252441612904708, 'generation': 537}","{'id': 40017, 'rank': 30, 'fitness': 0.01798620996209155, 'generation': 537}"
"{'id': 36897, 'rank': 1, 'fitness': 0.9820137900379085, 'generation': 538}","{'id': 36897, 'rank': 2, 'fitness': 0.9820137900379085, 'generation': 538}","{'id': 36897, 'rank': 3, 'fitness': 0.9820137900379085, 'generation': 538}","{'id': 36897, 'rank': 4, 'fitness': 0.9820137900379085, 'generation': 538}","{'id': 36897, 'rank': 5, 'fitness': 0.9820137900379085, 'generation': 538}","{'id': 36897, 'rank': 6, 'fitness': 0.9820137900379085, 'generation': 538}","{'id': 36897, 'rank': 7, 'fitness': 0.9820137900379085, 'generation': 538}","{'id': 36897, 'rank': 8, 'fitness': 0.9820137900379085, 'generation': 538}","{'id': 36897, 'rank': 9, 'fitness': 0.9820137900379085, 'generation': 538}","{'id': 36897, 'rank': 10, 'fitness': 0.9820137900379085, 'generation': 538}","{'id': 36897, 'rank': 11, 'fitness': 0.9820137900379085, 'generation': 538}","{'id': 36897, 'rank': 12, 'fitness': 0.9820137900379085, 'generation': 538}","{'id': 36897, 'rank': 13, 'fitness': 0.9820137900379085, 'generation': 538}","{'id': 36897, 'rank': 14, 'fitness': 0.9820137900379085, 'generation': 538}","{'id': 36897, 'rank': 15, 'fitness': 0.9820137900379085, 'generation': 538}","{'id': 36897, 'rank': 16, 'fitness': 0.9820137900379085, 'generation': 538}","{'id': 36897, 'rank': 17, 'fitness': 0.9820137900379085, 'generation': 538}","{'id': 36897, 'rank': 18, 'fitness': 0.9820137900379085, 'generation': 538}","{'id': 36897, 'rank': 19, 'fitness': 0.9820137900379085, 'generation': 538}","{'id': 36897, 'rank': 20, 'fitness': 0.9820137900379085, 'generation': 538}","{'id': 36897, 'rank': 21, 'fitness': 0.9820137900379085, 'generation': 538}","{'id': 36897, 'rank': 22, 'fitness': 0.9820137900379085, 'generation': 538}","{'id': 36897, 'rank': 23, 'fitness': 0.9820137900379085, 'generation': 538}","{'id': 36897, 'rank': 24, 'fitness': 0.9820137900379085, 'generation': 538}","{'id': 36897, 'rank': 25, 'fitness': 0.9820137900379085, 'generation': 538}","{'id': 36897, 'rank': 26, 'fitness': 0.9820137900379085, 'generation': 538}","{'id': 40071, 'rank': 27, 'fitness': 0.2880269214960144, 'generation': 538}","{'id': 40089, 'rank': 28, 'fitness': 0.03810547724990171, 'generation': 538}","{'id': 40125, 'rank': 29, 'fitness': 0.03355038729062637, 'generation': 538}","{'id': 40116, 'rank': 30, 'fitness': 0.01798620996209155, 'generation': 538}"
"{'id': 36897, 'rank': 1, 'fitness': 0.9820137900379085, 'generation': 539}","{'id': 36897, 'rank': 2, 'fitness': 0.9820137900379085, 'generation': 539}","{'id': 36897, 'rank': 3, 'fitness': 0.9820137900379085, 'generation': 539}","{'id': 36897, 'rank': 4, 'fitness': 0.9820137900379085, 'generation': 539}","{'id': 36897, 'rank': 5, 'fitness': 0.9820137900379085, 'generation': 539}","{'id': 36897, 'rank': 6, 'fitness': 0.9820137900379085, 'generation': 539}","{'id': 36897, 'rank': 7, 'fitness': 0.9820137900379085, 'generation': 539}","{'id': 36897, 'rank': 8, 'fitness': 0.9820137900379085, 'generation': 539}","{'id': 36897, 'rank': 9, 'fitness': 0.9820137900379085, 'generation': 539}","{'id': 36897, 'rank': 10, 'fitness': 0.9820137900379085, 'generation': 539}","{'id': 36897, 'rank': 11, 'fitness': 0.9820137900379085, 'generation': 539}","{'id': 36897, 'rank': 12, 'fitness': 0.9820137900379085, 'generation': 539}","{'id': 36897, 'rank': 13, 'fitness': 0.9820137900379085, 'generation': 539}","{'id': 36897, 'rank': 14, 'fitness': 0.9820137900379085, 'generation': 539}","{'id': 36897, 'rank': 15, 'fitness': 0.9820137900379085, 'generation': 539}","{'id': 36897, 'rank': 16, 'fitness': 0.9820137900379085, 'generation': 539}","{'id': 36897, 'rank': 17, 'fitness': 0.9820137900379085, 'generation': 539}","{'id': 36897, 'rank': 18, 'fitness': 0.9820137900379085, 'generation': 539}","{'id': 36897, 'rank': 19, 'fitness': 0.9820137900379085, 'generation': 539}","{'id': 36897, 'rank': 20, 'fitness': 0.9820137900379085, 'generation': 539}","{'id': 36897, 'rank': 21, 'fitness': 0.9820137900379085, 'generation': 539}","{'id': 36897, 'rank': 22, 'fitness': 0.9820137900379085, 'generation': 539}","{'id': 36897, 'rank': 23, 'fitness': 0.9820137900379085, 'generation': 539}","{'id': 36897, 'rank': 24, 'fitness': 0.9820137900379085, 'generation': 539}","{'id': 36897, 'rank': 25, 'fitness': 0.9820137900379085, 'generation': 539}","{'id': 40071, 'rank': 26, 'fitness': 0.2851485187598618, 'generation': 539}","{'id': 40182, 'rank': 27, 'fitness': 0.037602429105597024, 'generation': 539}","{'id': 40125, 'rank': 28, 'fitness': 0.03287207073223802, 'generation': 539}","{'id': 40160, 'rank': 29, 'fitness': 0.028726748110861122, 'generation': 539}","{'id': 40171, 'rank': 30, 'fitness': 0.01798620996209155, 'generation': 539}"
"{'id': 36897, 'rank': 1, 'fitness': 0.9820137900379085, 'generation': 540}","{'id': 36897, 'rank': 2, 'fitness': 0.9820137900379085, 'generation': 540}","{'id': 36897, 'rank': 3, 'fitness': 0.9820137900379085, 'generation': 540}","{'id': 36897, 'rank': 4, 'fitness': 0.9820137900379085, 'generation': 540}","{'id': 36897, 'rank': 5, 'fitness': 0.9820137900379085, 'generation': 540}","{'id': 36897, 'rank': 6, 'fitness': 0.9820137900379085, 'generation': 540}","{'id': 36897, 'rank': 7, 'fitness': 0.9820137900379085, 'generation': 540}","{'id': 36897, 'rank': 8, 'fitness': 0.9820137900379085, 'generation': 540}","{'id': 36897, 'rank': 9, 'fitness': 0.9820137900379085, 'generation': 540}","{'id': 36897, 'rank': 10, 'fitness': 0.9820137900379085, 'generation': 540}","{'id': 36897, 'rank': 11, 'fitness': 0.9820137900379085, 'generation': 540}","{'id': 36897, 'rank': 12, 'fitness': 0.9820137900379085, 'generation': 540}","{'id': 36897, 'rank': 13, 'fitness': 0.9820137900379085, 'generation': 540}","{'id': 36897, 'rank': 14, 'fitness': 0.9820137900379085, 'generation': 540}","{'id': 36897, 'rank': 15, 'fitness': 0.9820137900379085, 'generation': 540}","{'id': 36897, 'rank': 16, 'fitness': 0.9820137900379085, 'generation': 540}","{'id': 36897, 'rank': 17, 'fitness': 0.9820137900379085, 'generation': 540}","{'id': 36897, 'rank': 18, 'fitness': 0.9820137900379085, 'generation': 540}","{'id': 36897, 'rank': 19, 'fitness': 0.9820137900379085, 'generation': 540}","{'id': 36897, 'rank': 20, 'fitness': 0.9820137900379085, 'generation': 540}","{'id': 36897, 'rank': 21, 'fitness': 0.9820137900379085, 'generation': 540}","{'id': 36897, 'rank': 22, 'fitness': 0.9820137900379085, 'generation': 540}","{'id': 36897, 'rank': 23, 'fitness': 0.9820137900379085, 'generation': 540}","{'id': 36897, 'rank': 24, 'fitness': 0.9820137900379085, 'generation': 540}","{'id': 36897, 'rank': 25, 'fitness': 0.9820137900379085, 'generation': 540}","{'id': 40253, 'rank': 26, 'fitness': 0.3996125445133426, 'generation': 540}","{'id': 40253, 'rank': 27, 'fitness': 0.3996125445133426, 'generation': 540}","{'id': 40253, 'rank': 28, 'fitness': 0.3996125445133426, 'generation': 540}","{'id': 40240, 'rank': 29, 'fitness': 0.047045122591835076, 'generation': 540}","{'id': 40250, 'rank': 30, 'fitness': 0.01798620996209155, 'generation': 540}"
"{'id': 36897, 'rank': 1, 'fitness': 0.9820137900379085, 'generation': 541}","{'id': 36897, 'rank': 2, 'fitness': 0.9820137900379085, 'generation': 541}","{'id': 36897, 'rank': 3, 'fitness': 0.9820137900379085, 'generation': 541}","{'id': 36897, 'rank': 4, 'fitness': 0.9820137900379085, 'generation': 541}","{'id': 36897, 'rank': 5, 'fitness': 0.9820137900379085, 'generation': 541}","{'id': 36897, 'rank': 6, 'fitness': 0.9820137900379085, 'generation': 541}","{'id': 36897, 'rank': 7, 'fitness': 0.9820137900379085, 'generation': 541}","{'id': 36897, 'rank': 8, 'fitness': 0.9820137900379085, 'generation': 541}","{'id': 36897, 'rank': 9, 'fitness': 0.9820137900379085, 'generation': 541}","{'id': 36897, 'rank': 10, 'fitness': 0.9820137900379085, 'generation': 541}","{'id': 36897, 'rank': 11, 'fitness': 0.9820137900379085, 'generation': 541}","{'id': 36897, 'rank': 12, 'fitness': 0.9820137900379085, 'generation': 541}","{'id': 36897, 'rank': 13, 'fitness': 0.9820137900379085, 'generation': 541}","{'id': 36897, 'rank': 14, 'fitness': 0.9820137900379085, 'generation': 541}","{'id': 36897, 'rank': 15, 'fitness': 0.9820137900379085, 'generation': 541}","{'id': 36897, 'rank': 16, 'fitness': 0.9820137900379085, 'generation': 541}","{'id': 36897, 'rank': 17, 'fitness': 0.9820137900379085, 'generation': 541}","{'id': 36897, 'rank': 18, 'fitness': 0.9820137900379085, 'generation': 541}","{'id': 36897, 'rank': 19, 'fitness': 0.9820137900379085, 'generation': 541}","{'id': 36897, 'rank': 20, 'fitness': 0.9820137900379085, 'generation': 541}","{'id': 36897, 'rank': 21, 'fitness': 0.9820137900379085, 'generation': 541}","{'id': 36897, 'rank': 22, 'fitness': 0.9820137900379085, 'generation': 541}","{'id': 36897, 'rank': 23, 'fitness': 0.9820137900379085, 'generation': 541}","{'id': 36897, 'rank': 24, 'fitness': 0.9820137900379085, 'generation': 541}","{'id': 36897, 'rank': 25, 'fitness': 0.9820137900379085, 'generation': 541}","{'id': 40253, 'rank': 26, 'fitness': 0.41585097150707884, 'generation': 541}","{'id': 40253, 'rank': 27, 'fitness': 0.41585097150707884, 'generation': 541}","{'id': 40316, 'rank': 28, 'fitness': 0.41144036122576144, 'generation': 541}","{'id': 40349, 'rank': 29, 'fitness': 0.18696039899966893, 'generation': 541}","{'id': 40318, 'rank': 30, 'fitness': 0.01798620996209155, 'generation': 541}"
"{'id': 36897, 'rank': 1, 'fitness': 0.9820137900379085, 'generation': 542}","{'id': 36897, 'rank': 2, 'fitness': 0.9820137900379085, 'generation': 542}","{'id': 36897, 'rank': 3, 'fitness': 0.9820137900379085, 'generation': 542}","{'id': 36897, 'rank': 4, 'fitness': 0.9820137900379085, 'generation': 542}","{'id': 36897, 'rank': 5, 'fitness': 0.9820137900379085, 'generation': 542}","{'id': 36897, 'rank': 6, 'fitness': 0.9820137900379085, 'generation': 542}","{'id': 36897, 'rank': 7, 'fitness': 0.9820137900379085, 'generation': 542}","{'id': 36897, 'rank': 8, 'fitness': 0.9820137900379085, 'generation': 542}","{'id': 36897, 'rank': 9, 'fitness': 0.9820137900379085, 'generation': 542}","{'id': 36897, 'rank': 10, 'fitness': 0.9820137900379085, 'generation': 542}","{'id': 36897, 'rank': 11, 'fitness': 0.9820137900379085, 'generation': 542}","{'id': 36897, 'rank': 12, 'fitness': 0.9820137900379085, 'generation': 542}","{'id': 36897, 'rank': 13, 'fitness': 0.9820137900379085, 'generation': 542}","{'id': 36897, 'rank': 14, 'fitness': 0.9820137900379085, 'generation': 542}","{'id': 36897, 'rank': 15, 'fitness': 0.9820137900379085, 'generation': 542}","{'id': 36897, 'rank': 16, 'fitness': 0.9820137900379085, 'generation': 542}","{'id': 36897, 'rank': 17, 'fitness': 0.9820137900379085, 'generation': 542}","{'id': 36897, 'rank': 18, 'fitness': 0.9820137900379085, 'generation': 542}","{'id': 36897, 'rank': 19, 'fitness': 0.9820137900379085, 'generation': 542}","{'id': 36897, 'rank': 20, 'fitness': 0.9820137900379085, 'generation': 542}","{'id': 36897, 'rank': 21, 'fitness': 0.9820137900379085, 'generation': 542}","{'id': 36897, 'rank': 22, 'fitness': 0.9820137900379085, 'generation': 542}","{'id': 36897, 'rank': 23, 'fitness': 0.9820137900379085, 'generation': 542}","{'id': 36897, 'rank': 24, 'fitness': 0.9820137900379085, 'generation': 542}","{'id': 36897, 'rank': 25, 'fitness': 0.9820137900379085, 'generation': 542}","{'id': 40394, 'rank': 26, 'fitness': 0.7591970225776725, 'generation': 542}","{'id': 40394, 'rank': 27, 'fitness': 0.7591970225776725, 'generation': 542}","{'id': 40253, 'rank': 28, 'fitness': 0.49656574732639075, 'generation': 542}","{'id': 40316, 'rank': 29, 'fitness': 0.49236163968145363, 'generation': 542}","{'id': 40411, 'rank': 30, 'fitness': 0.01798620996209155, 'generation': 542}"
"{'id': 40494, 'rank': 1, 'fitness': 0.9820137900379085, 'generation': 543}","{'id': 40494, 'rank': 2, 'fitness': 0.9820137900379085, 'generation': 543}","{'id': 40494, 'rank': 3, 'fitness': 0.9820137900379085, 'generation': 543}","{'id': 36897, 'rank': 4, 'fitness': 0.9723878976152391, 'generation': 543}","{'id': 36897, 'rank': 5, 'fitness': 0.9723878976152391, 'generation': 543}","{'id': 36897, 'rank': 6, 'fitness': 0.9723878976152391, 'generation': 543}","{'id': 36897, 'rank': 7, 'fitness': 0.9723878976152391, 'generation': 543}","{'id': 36897, 'rank': 8, 'fitness': 0.9723878976152391, 'generation': 543}","{'id': 36897, 'rank': 9, 'fitness': 0.9723878976152391, 'generation': 543}","{'id': 36897, 'rank': 10, 'fitness': 0.9723878976152391, 'generation': 543}","{'id': 36897, 'rank': 11, 'fitness': 0.9723878976152391, 'generation': 543}","{'id': 36897, 'rank': 12, 'fitness': 0.9723878976152391, 'generation': 543}","{'id': 36897, 'rank': 13, 'fitness': 0.9723878976152391, 'generation': 543}","{'id': 36897, 'rank': 14, 'fitness': 0.9723878976152391, 'generation': 543}","{'id': 36897, 'rank': 15, 'fitness': 0.9723878976152391, 'generation': 543}","{'id': 36897, 'rank': 16, 'fitness': 0.9723878976152391, 'generation': 543}","{'id': 36897, 'rank': 17, 'fitness': 0.9723878976152391, 'generation': 543}","{'id': 36897, 'rank': 18, 'fitness': 0.9723878976152391, 'generation': 543}","{'id': 36897, 'rank': 19, 'fitness': 0.9723878976152391, 'generation': 543}","{'id': 36897, 'rank': 20, 'fitness': 0.9723878976152391, 'generation': 543}","{'id': 36897, 'rank': 21, 'fitness': 0.9723878976152391, 'generation': 543}","{'id': 36897, 'rank': 22, 'fitness': 0.9723878976152391, 'generation': 543}","{'id': 36897, 'rank': 23, 'fitness': 0.9723878976152391, 'generation': 543}","{'id': 36897, 'rank': 24, 'fitness': 0.9723878976152391, 'generation': 543}","{'id': 36897, 'rank': 25, 'fitness': 0.9723878976152391, 'generation': 543}","{'id': 40492, 'rank': 26, 'fitness': 0.8511457154750273, 'generation': 543}","{'id': 40492, 'rank': 27, 'fitness': 0.8511457154750273, 'generation': 543}","{'id': 40394, 'rank': 28, 'fitness': 0.7995256522849634, 'generation': 543}","{'id': 40520, 'rank': 29, 'fitness': 0.08547656149383953, 'generation': 543}","{'id': 40487, 'rank': 30, 'fitness': 0.01798620996209155, 'generation': 543}"
"{'id': 40494, 'rank': 1, 'fitness': 0.9820137900379085, 'generation': 544}","{'id': 40494, 'rank': 2, 'fitness': 0.9820137900379085, 'generation': 544}","{'id': 40494, 'rank': 3, 'fitness': 0.9820137900379085, 'generation': 544}","{'id': 40494, 'rank': 4, 'fitness': 0.9820137900379085, 'generation': 544}","{'id': 36897, 'rank': 5, 'fitness': 0.9785025010872337, 'generation': 544}","{'id': 36897, 'rank': 6, 'fitness': 0.9785025010872337, 'generation': 544}","{'id': 36897, 'rank': 7, 'fitness': 0.9785025010872337, 'generation': 544}","{'id': 36897, 'rank': 8, 'fitness': 0.9785025010872337, 'generation': 544}","{'id': 36897, 'rank': 9, 'fitness': 0.9785025010872337, 'generation': 544}","{'id': 36897, 'rank': 10, 'fitness': 0.9785025010872337, 'generation': 544}","{'id': 36897, 'rank': 11, 'fitness': 0.9785025010872337, 'generation': 544}","{'id': 36897, 'rank': 12, 'fitness': 0.9785025010872337, 'generation': 544}","{'id': 36897, 'rank': 13, 'fitness': 0.9785025010872337, 'generation': 544}","{'id': 36897, 'rank': 14, 'fitness': 0.9785025010872337, 'generation': 544}","{'id': 36897, 'rank': 15, 'fitness': 0.9785025010872337, 'generation': 544}","{'id': 36897, 'rank': 16, 'fitness': 0.9785025010872337, 'generation': 544}","{'id': 36897, 'rank': 17, 'fitness': 0.9785025010872337, 'generation': 544}","{'id': 36897, 'rank': 18, 'fitness': 0.9785025010872337, 'generation': 544}","{'id': 36897, 'rank': 19, 'fitness': 0.9785025010872337, 'generation': 544}","{'id': 36897, 'rank': 20, 'fitness': 0.9785025010872337, 'generation': 544}","{'id': 36897, 'rank': 21, 'fitness': 0.9785025010872337, 'generation': 544}","{'id': 36897, 'rank': 22, 'fitness': 0.9785025010872337, 'generation': 544}","{'id': 36897, 'rank': 23, 'fitness': 0.9785025010872337, 'generation': 544}","{'id': 36897, 'rank': 24, 'fitness': 0.9785025010872337, 'generation': 544}","{'id': 36897, 'rank': 25, 'fitness': 0.9785025010872337, 'generation': 544}","{'id': 36897, 'rank': 26, 'fitness': 0.9785025010872337, 'generation': 544}","{'id': 36897, 'rank': 27, 'fitness': 0.9785025010872337, 'generation': 544}","{'id': 40492, 'rank': 28, 'fitness': 0.955380114372764, 'generation': 544}","{'id': 40487, 'rank': 29, 'fitness': 0.6639991814504196, 'generation': 544}","{'id': 40626, 'rank': 30, 'fitness': 0.01798620996209155, 'generation': 544}"
"{'id': 40494, 'rank': 1, 'fitness': 0.9820137900379085, 'generation': 545}","{'id': 40494, 'rank': 2, 'fitness': 0.9820137900379085, 'generation': 545}","{'id': 40494, 'rank': 3, 'fitness': 0.9820137900379085, 'generation': 545}","{'id': 40494, 'rank': 4, 'fitness': 0.9820137900379085, 'generation': 545}","{'id': 40494, 'rank': 5, 'fitness': 0.9820137900379085, 'generation': 545}","{'id': 36897, 'rank': 6, 'fitness': 0.9723878976152391, 'generation': 545}","{'id': 36897, 'rank': 7, 'fitness': 0.9723878976152391, 'generation': 545}","{'id': 36897, 'rank': 8, 'fitness': 0.9723878976152391, 'generation': 545}","{'id': 36897, 'rank': 9, 'fitness': 0.9723878976152391, 'generation': 545}","{'id': 36897, 'rank': 10, 'fitness': 0.9723878976152391, 'generation': 545}","{'id': 36897, 'rank': 11, 'fitness': 0.9723878976152391, 'generation': 545}","{'id': 36897, 'rank': 12, 'fitness': 0.9723878976152391, 'generation': 545}","{'id': 36897, 'rank': 13, 'fitness': 0.9723878976152391, 'generation': 545}","{'id': 36897, 'rank': 14, 'fitness': 0.9723878976152391, 'generation': 545}","{'id': 36897, 'rank': 15, 'fitness': 0.9723878976152391, 'generation': 545}","{'id': 36897, 'rank': 16, 'fitness': 0.9723878976152391, 'generation': 545}","{'id': 36897, 'rank': 17, 'fitness': 0.9723878976152391, 'generation': 545}","{'id': 36897, 'rank': 18, 'fitness': 0.9723878976152391, 'generation': 545}","{'id': 36897, 'rank': 19, 'fitness': 0.9723878976152391, 'generation': 545}","{'id': 36897, 'rank': 20, 'fitness': 0.9723878976152391, 'generation': 545}","{'id': 36897, 'rank': 21, 'fitness': 0.9723878976152391, 'generation': 545}","{'id': 36897, 'rank': 22, 'fitness': 0.9723878976152391, 'generation': 545}","{'id': 36897, 'rank': 23, 'fitness': 0.9723878976152391, 'generation': 545}","{'id': 36897, 'rank': 24, 'fitness': 0.9723878976152391, 'generation': 545}","{'id': 36897, 'rank': 25, 'fitness': 0.9723878976152391, 'generation': 545}","{'id': 36897, 'rank': 26, 'fitness': 0.9723878976152391, 'generation': 545}","{'id': 36897, 'rank': 27, 'fitness': 0.9723878976152391, 'generation': 545}","{'id': 36897, 'rank': 28, 'fitness': 0.9723878976152391, 'generation': 545}","{'id': 40716, 'rank': 29, 'fitness': 0.7479794420213571, 'generation': 545}","{'id': 40487, 'rank': 30, 'fitness': 0.01798620996209155, 'generation': 545}"
"{'id': 40494, 'rank': 1, 'fitness': 0.9820137900379085, 'generation': 546}","{'id': 40494, 'rank': 2, 'fitness': 0.9820137900379085, 'generation': 546}","{'id': 40494, 'rank': 3, 'fitness': 0.9820137900379085, 'generation': 546}","{'id': 40494, 'rank': 4, 'fitness': 0.9820137900379085, 'generation': 546}","{'id': 40494, 'rank': 5, 'fitness': 0.9820137900379085, 'generation': 546}","{'id': 40494, 'rank': 6, 'fitness': 0.9820137900379085, 'generation': 546}","{'id': 40494, 'rank': 7, 'fitness': 0.9820137900379085, 'generation': 546}","{'id': 40494, 'rank': 8, 'fitness': 0.9820137900379085, 'generation': 546}","{'id': 36897, 'rank': 9, 'fitness': 0.977751596766139, 'generation': 546}","{'id': 36897, 'rank': 10, 'fitness': 0.977751596766139, 'generation': 546}","{'id': 36897, 'rank': 11, 'fitness': 0.977751596766139, 'generation': 546}","{'id': 36897, 'rank': 12, 'fitness': 0.977751596766139, 'generation': 546}","{'id': 36897, 'rank': 13, 'fitness': 0.977751596766139, 'generation': 546}","{'id': 36897, 'rank': 14, 'fitness': 0.977751596766139, 'generation': 546}","{'id': 36897, 'rank': 15, 'fitness': 0.977751596766139, 'generation': 546}","{'id': 36897, 'rank': 16, 'fitness': 0.977751596766139, 'generation': 546}","{'id': 36897, 'rank': 17, 'fitness': 0.977751596766139, 'generation': 546}","{'id': 36897, 'rank': 18, 'fitness': 0.977751596766139, 'generation': 546}","{'id': 36897, 'rank': 19, 'fitness': 0.977751596766139, 'generation': 546}","{'id': 36897, 'rank': 20, 'fitness': 0.977751596766139, 'generation': 546}","{'id': 36897, 'rank': 21, 'fitness': 0.977751596766139, 'generation': 546}","{'id': 36897, 'rank': 22, 'fitness': 0.977751596766139, 'generation': 546}","{'id': 36897, 'rank': 23, 'fitness': 0.977751596766139, 'generation': 546}","{'id': 36897, 'rank': 24, 'fitness': 0.977751596766139, 'generation': 546}","{'id': 36897, 'rank': 25, 'fitness': 0.977751596766139, 'generation': 546}","{'id': 40726, 'rank': 26, 'fitness': 0.6554584570974399, 'generation': 546}","{'id': 40763, 'rank': 27, 'fitness': 0.5538082499248653, 'generation': 546}","{'id': 40728, 'rank': 28, 'fitness': 0.4138278484453699, 'generation': 546}","{'id': 40770, 'rank': 29, 'fitness': 0.406959586751227, 'generation': 546}","{'id': 40798, 'rank': 30, 'fitness': 0.01798620996209155, 'generation': 546}"
"{'id': 40494, 'rank': 1, 'fitness': 0.9820137900379085, 'generation': 547}","{'id': 40494, 'rank': 2, 'fitness': 0.9820137900379085, 'generation': 547}","{'id': 40494, 'rank': 3, 'fitness': 0.9820137900379085, 'generation': 547}","{'id': 40494, 'rank': 4, 'fitness': 0.9820137900379085, 'generation': 547}","{'id': 40494, 'rank': 5, 'fitness': 0.9820137900379085, 'generation': 547}","{'id': 40494, 'rank': 6, 'fitness': 0.9820137900379085, 'generation': 547}","{'id': 40494, 'rank': 7, 'fitness': 0.9820137900379085, 'generation': 547}","{'id': 40494, 'rank': 8, 'fitness': 0.9820137900379085, 'generation': 547}","{'id': 40494, 'rank': 9, 'fitness': 0.9820137900379085, 'generation': 547}","{'id': 40494, 'rank': 10, 'fitness': 0.9820137900379085, 'generation': 547}","{'id': 40494, 'rank': 11, 'fitness': 0.9820137900379085, 'generation': 547}","{'id': 40494, 'rank': 12, 'fitness': 0.9820137900379085, 'generation': 547}","{'id': 40494, 'rank': 13, 'fitness': 0.9820137900379085, 'generation': 547}","{'id': 40494, 'rank': 14, 'fitness': 0.9820137900379085, 'generation': 547}","{'id': 36897, 'rank': 15, 'fitness': 0.9748921571057025, 'generation': 547}","{'id': 36897, 'rank': 16, 'fitness': 0.9748921571057025, 'generation': 547}","{'id': 36897, 'rank': 17, 'fitness': 0.9748921571057025, 'generation': 547}","{'id': 36897, 'rank': 18, 'fitness': 0.9748921571057025, 'generation': 547}","{'id': 36897, 'rank': 19, 'fitness': 0.9748921571057025, 'generation': 547}","{'id': 36897, 'rank': 20, 'fitness': 0.9748921571057025, 'generation': 547}","{'id': 36897, 'rank': 21, 'fitness': 0.9748921571057025, 'generation': 547}","{'id': 36897, 'rank': 22, 'fitness': 0.9748921571057025, 'generation': 547}","{'id': 36897, 'rank': 23, 'fitness': 0.9748921571057025, 'generation': 547}","{'id': 36897, 'rank': 24, 'fitness': 0.9748921571057025, 'generation': 547}","{'id': 36897, 'rank': 25, 'fitness': 0.9748921571057025, 'generation': 547}","{'id': 36897, 'rank': 26, 'fitness': 0.9748921571057025, 'generation': 547}","{'id': 40882, 'rank': 27, 'fitness': 0.08523999682739175, 'generation': 547}","{'id': 40882, 'rank': 28, 'fitness': 0.08523999682739175, 'generation': 547}","{'id': 40770, 'rank': 29, 'fitness': 0.05345315837867798, 'generation': 547}","{'id': 40820, 'rank': 30, 'fitness': 0.01798620996209155, 'generation': 547}"
"{'id': 40494, 'rank': 1, 'fitness': 0.9820137900379085, 'generation': 548}","{'id': 40494, 'rank': 2, 'fitness': 0.9820137900379085, 'generation': 548}","{'id': 40494, 'rank': 3, 'fitness': 0.9820137900379085, 'generation': 548}","{'id': 40494, 'rank': 4, 'fitness': 0.9820137900379085, 'generation': 548}","{'id': 40494, 'rank': 5, 'fitness': 0.9820137900379085, 'generation': 548}","{'id': 40494, 'rank': 6, 'fitness': 0.9820137900379085, 'generation': 548}","{'id': 40494, 'rank': 7, 'fitness': 0.9820137900379085, 'generation': 548}","{'id': 40494, 'rank': 8, 'fitness': 0.9820137900379085, 'generation': 548}","{'id': 40494, 'rank': 9, 'fitness': 0.9820137900379085, 'generation': 548}","{'id': 40494, 'rank': 10, 'fitness': 0.9820137900379085, 'generation': 548}","{'id': 40494, 'rank': 11, 'fitness': 0.9820137900379085, 'generation': 548}","{'id': 40494, 'rank': 12, 'fitness': 0.9820137900379085, 'generation': 548}","{'id': 40494, 'rank': 13, 'fitness': 0.9820137900379085, 'generation': 548}","{'id': 40494, 'rank': 14, 'fitness': 0.9820137900379085, 'generation': 548}","{'id': 40494, 'rank': 15, 'fitness': 0.9820137900379085, 'generation': 548}","{'id': 40494, 'rank': 16, 'fitness': 0.9820137900379085, 'generation': 548}","{'id': 40494, 'rank': 17, 'fitness': 0.9820137900379085, 'generation': 548}","{'id': 40494, 'rank': 18, 'fitness': 0.9820137900379085, 'generation': 548}","{'id': 40494, 'rank': 19, 'fitness': 0.9820137900379085, 'generation': 548}","{'id': 40494, 'rank': 20, 'fitness': 0.9820137900379085, 'generation': 548}","{'id': 36897, 'rank': 21, 'fitness': 0.9759903675715637, 'generation': 548}","{'id': 36897, 'rank': 22, 'fitness': 0.9759903675715637, 'generation': 548}","{'id': 36897, 'rank': 23, 'fitness': 0.9759903675715637, 'generation': 548}","{'id': 40910, 'rank': 24, 'fitness': 0.9502920686143721, 'generation': 548}","{'id': 40979, 'rank': 25, 'fitness': 0.8913223618916368, 'generation': 548}","{'id': 40894, 'rank': 26, 'fitness': 0.7550679586239506, 'generation': 548}","{'id': 40909, 'rank': 27, 'fitness': 0.7227416916971202, 'generation': 548}","{'id': 40909, 'rank': 28, 'fitness': 0.7227416916971202, 'generation': 548}","{'id': 40977, 'rank': 29, 'fitness': 0.6756324160471965, 'generation': 548}","{'id': 40944, 'rank': 30, 'fitness': 0.01798620996209155, 'generation': 548}"
"{'id': 41003, 'rank': 1, 'fitness': 0.9820137900379085, 'generation': 549}","{'id': 41003, 'rank': 2, 'fitness': 0.9820137900379085, 'generation': 549}","{'id': 41003, 'rank': 3, 'fitness': 0.9820137900379085, 'generation': 549}","{'id': 41003, 'rank': 4, 'fitness': 0.9820137900379085, 'generation': 549}","{'id': 40494, 'rank': 5, 'fitness': 0.882667584514319, 'generation': 549}","{'id': 40494, 'rank': 6, 'fitness': 0.882667584514319, 'generation': 549}","{'id': 40494, 'rank': 7, 'fitness': 0.882667584514319, 'generation': 549}","{'id': 40494, 'rank': 8, 'fitness': 0.882667584514319, 'generation': 549}","{'id': 40494, 'rank': 9, 'fitness': 0.882667584514319, 'generation': 549}","{'id': 40494, 'rank': 10, 'fitness': 0.882667584514319, 'generation': 549}","{'id': 40494, 'rank': 11, 'fitness': 0.882667584514319, 'generation': 549}","{'id': 40494, 'rank': 12, 'fitness': 0.882667584514319, 'generation': 549}","{'id': 40494, 'rank': 13, 'fitness': 0.882667584514319, 'generation': 549}","{'id': 40494, 'rank': 14, 'fitness': 0.882667584514319, 'generation': 549}","{'id': 40494, 'rank': 15, 'fitness': 0.882667584514319, 'generation': 549}","{'id': 40494, 'rank': 16, 'fitness': 0.882667584514319, 'generation': 549}","{'id': 40494, 'rank': 17, 'fitness': 0.882667584514319, 'generation': 549}","{'id': 40494, 'rank': 18, 'fitness': 0.882667584514319, 'generation': 549}","{'id': 40494, 'rank': 19, 'fitness': 0.882667584514319, 'generation': 549}","{'id': 40494, 'rank': 20, 'fitness': 0.882667584514319, 'generation': 549}","{'id': 40494, 'rank': 21, 'fitness': 0.882667584514319, 'generation': 549}","{'id': 40494, 'rank': 22, 'fitness': 0.882667584514319, 'generation': 549}","{'id': 40494, 'rank': 23, 'fitness': 0.882667584514319, 'generation': 549}","{'id': 36897, 'rank': 24, 'fitness': 0.8389696342790934, 'generation': 549}","{'id': 36897, 'rank': 25, 'fitness': 0.8389696342790934, 'generation': 549}","{'id': 40989, 'rank': 26, 'fitness': 0.6206411900217707, 'generation': 549}","{'id': 40979, 'rank': 27, 'fitness': 0.4151572647194748, 'generation': 549}","{'id': 41054, 'rank': 28, 'fitness': 0.048589554336119445, 'generation': 549}","{'id': 41005, 'rank': 29, 'fitness': 0.031074694050017837, 'generation': 549}","{'id': 41032, 'rank': 30, 'fitness': 0.01798620996209155, 'generation': 549}"
"{'id': 41003, 'rank': 1, 'fitness': 0.9820137900379085, 'generation': 550}","{'id': 41003, 'rank': 2, 'fitness': 0.9820137900379085, 'generation': 550}","{'id': 41003, 'rank': 3, 'fitness': 0.9820137900379085, 'generation': 550}","{'id': 41003, 'rank': 4, 'fitness': 0.9820137900379085, 'generation': 550}","{'id': 41003, 'rank': 5, 'fitness': 0.9820137900379085, 'generation': 550}","{'id': 40494, 'rank': 6, 'fitness': 0.9813692359273971, 'generation': 550}","{'id': 40494, 'rank': 7, 'fitness': 0.9813692359273971, 'generation': 550}","{'id': 40494, 'rank': 8, 'fitness': 0.9813692359273971, 'generation': 550}","{'id': 40494, 'rank': 9, 'fitness': 0.9813692359273971, 'generation': 550}","{'id': 40494, 'rank': 10, 'fitness': 0.9813692359273971, 'generation': 550}","{'id': 40494, 'rank': 11, 'fitness': 0.9813692359273971, 'generation': 550}","{'id': 40494, 'rank': 12, 'fitness': 0.9813692359273971, 'generation': 550}","{'id': 40494, 'rank': 13, 'fitness': 0.9813692359273971, 'generation': 550}","{'id': 40494, 'rank': 14, 'fitness': 0.9813692359273971, 'generation': 550}","{'id': 40494, 'rank': 15, 'fitness': 0.9813692359273971, 'generation': 550}","{'id': 40494, 'rank': 16, 'fitness': 0.9813692359273971, 'generation': 550}","{'id': 40494, 'rank': 17, 'fitness': 0.9813692359273971, 'generation': 550}","{'id': 40494, 'rank': 18, 'fitness': 0.9813692359273971, 'generation': 550}","{'id': 40494, 'rank': 19, 'fitness': 0.9813692359273971, 'generation': 550}","{'id': 40494, 'rank': 20, 'fitness': 0.9813692359273971, 'generation': 550}","{'id': 40494, 'rank': 21, 'fitness': 0.9813692359273971, 'generation': 550}","{'id': 40494, 'rank': 22, 'fitness': 0.9813692359273971, 'generation': 550}","{'id': 40494, 'rank': 23, 'fitness': 0.9813692359273971, 'generation': 550}","{'id': 40494, 'rank': 24, 'fitness': 0.9813692359273971, 'generation': 550}","{'id': 40494, 'rank': 25, 'fitness': 0.9813692359273971, 'generation': 550}","{'id': 36897, 'rank': 26, 'fitness': 0.9812473091239585, 'generation': 550}","{'id': 36897, 'rank': 27, 'fitness': 0.9812473091239585, 'generation': 550}","{'id': 36897, 'rank': 28, 'fitness': 0.9812473091239585, 'generation': 550}","{'id': 40979, 'rank': 29, 'fitness': 0.9805719685716685, 'generation': 550}","{'id': 41079, 'rank': 30, 'fitness': 0.01798620996209155, 'generation': 550}"
"{'id': 41003, 'rank': 1, 'fitness': 0.9820137900379085, 'generation': 551}","{'id': 41003, 'rank': 2, 'fitness': 0.9820137900379085, 'generation': 551}","{'id': 41003, 'rank': 3, 'fitness': 0.9820137900379085, 'generation': 551}","{'id': 41003, 'rank': 4, 'fitness': 0.9820137900379085, 'generation': 551}","{'id': 41003, 'rank': 5, 'fitness': 0.9820137900379085, 'generation': 551}","{'id': 40494, 'rank': 6, 'fitness': 0.8779508769339939, 'generation': 551}","{'id': 40494, 'rank': 7, 'fitness': 0.8779508769339939, 'generation': 551}","{'id': 40494, 'rank': 8, 'fitness': 0.8779508769339939, 'generation': 551}","{'id': 40494, 'rank': 9, 'fitness': 0.8779508769339939, 'generation': 551}","{'id': 40494, 'rank': 10, 'fitness': 0.8779508769339939, 'generation': 551}","{'id': 40494, 'rank': 11, 'fitness': 0.8779508769339939, 'generation': 551}","{'id': 40494, 'rank': 12, 'fitness': 0.8779508769339939, 'generation': 551}","{'id': 40494, 'rank': 13, 'fitness': 0.8779508769339939, 'generation': 551}","{'id': 40494, 'rank': 14, 'fitness': 0.8779508769339939, 'generation': 551}","{'id': 40494, 'rank': 15, 'fitness': 0.8779508769339939, 'generation': 551}","{'id': 40494, 'rank': 16, 'fitness': 0.8779508769339939, 'generation': 551}","{'id': 40494, 'rank': 17, 'fitness': 0.8779508769339939, 'generation': 551}","{'id': 40494, 'rank': 18, 'fitness': 0.8779508769339939, 'generation': 551}","{'id': 40494, 'rank': 19, 'fitness': 0.8779508769339939, 'generation': 551}","{'id': 40494, 'rank': 20, 'fitness': 0.8779508769339939, 'generation': 551}","{'id': 40494, 'rank': 21, 'fitness': 0.8779508769339939, 'generation': 551}","{'id': 40494, 'rank': 22, 'fitness': 0.8779508769339939, 'generation': 551}","{'id': 41231, 'rank': 23, 'fitness': 0.8658128984002582, 'generation': 551}","{'id': 41231, 'rank': 24, 'fitness': 0.8658128984002582, 'generation': 551}","{'id': 36897, 'rank': 25, 'fitness': 0.831670532806633, 'generation': 551}","{'id': 41183, 'rank': 26, 'fitness': 0.28738529298691584, 'generation': 551}","{'id': 41229, 'rank': 27, 'fitness': 0.160399237385567, 'generation': 551}","{'id': 41170, 'rank': 28, 'fitness': 0.04271335426337036, 'generation': 551}","{'id': 41148, 'rank': 29, 'fitness': 0.01798620996209155, 'generation': 551}","{'id': 41148, 'rank': 30, 'fitness': 0.01798620996209155, 'generation': 551}"
"{'id': 41003, 'rank': 1, 'fitness': 0.9820137900379085, 'generation': 552}","{'id': 41003, 'rank': 2, 'fitness': 0.9820137900379085, 'generation': 552}","{'id': 41003, 'rank': 3, 'fitness': 0.9820137900379085, 'generation': 552}","{'id': 41003, 'rank': 4, 'fitness': 0.9820137900379085, 'generation': 552}","{'id': 41003, 'rank': 5, 'fitness': 0.9820137900379085, 'generation': 552}","{'id': 41003, 'rank': 6, 'fitness': 0.9820137900379085, 'generation': 552}","{'id': 41003, 'rank': 7, 'fitness': 0.9820137900379085, 'generation': 552}","{'id': 41003, 'rank': 8, 'fitness': 0.9820137900379085, 'generation': 552}","{'id': 41003, 'rank': 9, 'fitness': 0.9820137900379085, 'generation': 552}","{'id': 41303, 'rank': 10, 'fitness': 0.9817873662472124, 'generation': 552}","{'id': 41303, 'rank': 11, 'fitness': 0.9817873662472124, 'generation': 552}","{'id': 41303, 'rank': 12, 'fitness': 0.9817873662472124, 'generation': 552}","{'id': 41288, 'rank': 13, 'fitness': 0.9817456032915683, 'generation': 552}","{'id': 41288, 'rank': 14, 'fitness': 0.9817456032915683, 'generation': 552}","{'id': 40494, 'rank': 15, 'fitness': 0.9814755309324958, 'generation': 552}","{'id': 40494, 'rank': 16, 'fitness': 0.9814755309324958, 'generation': 552}","{'id': 40494, 'rank': 17, 'fitness': 0.9814755309324958, 'generation': 552}","{'id': 40494, 'rank': 18, 'fitness': 0.9814755309324958, 'generation': 552}","{'id': 40494, 'rank': 19, 'fitness': 0.9814755309324958, 'generation': 552}","{'id': 40494, 'rank': 20, 'fitness': 0.9814755309324958, 'generation': 552}","{'id': 40494, 'rank': 21, 'fitness': 0.9814755309324958, 'generation': 552}","{'id': 40494, 'rank': 22, 'fitness': 0.9814755309324958, 'generation': 552}","{'id': 40494, 'rank': 23, 'fitness': 0.9814755309324958, 'generation': 552}","{'id': 40494, 'rank': 24, 'fitness': 0.9814755309324958, 'generation': 552}","{'id': 40494, 'rank': 25, 'fitness': 0.9814755309324958, 'generation': 552}","{'id': 41270, 'rank': 26, 'fitness': 0.9807966831851052, 'generation': 552}","{'id': 41183, 'rank': 27, 'fitness': 0.9806830642564506, 'generation': 552}","{'id': 41229, 'rank': 28, 'fitness': 0.9804722015313982, 'generation': 552}","{'id': 41148, 'rank': 29, 'fitness': 0.9797957040209029, 'generation': 552}","{'id': 41309, 'rank': 30, 'fitness': 0.01798620996209155, 'generation': 552}"
"{'id': 41003, 'rank': 1, 'fitness': 0.9820137900379085, 'generation': 553}","{'id': 41003, 'rank': 2, 'fitness': 0.9820137900379085, 'generation': 553}","{'id': 41003, 'rank': 3, 'fitness': 0.9820137900379085, 'generation': 553}","{'id': 41003, 'rank': 4, 'fitness': 0.9820137900379085, 'generation': 553}","{'id': 41003, 'rank': 5, 'fitness': 0.9820137900379085, 'generation': 553}","{'id': 41003, 'rank': 6, 'fitness': 0.9820137900379085, 'generation': 553}","{'id': 41003, 'rank': 7, 'fitness': 0.9820137900379085, 'generation': 553}","{'id': 41003, 'rank': 8, 'fitness': 0.9820137900379085, 'generation': 553}","{'id': 41003, 'rank': 9, 'fitness': 0.9820137900379085, 'generation': 553}","{'id': 41003, 'rank': 10, 'fitness': 0.9820137900379085, 'generation': 553}","{'id': 41003, 'rank': 11, 'fitness': 0.9820137900379085, 'generation': 553}","{'id': 41003, 'rank': 12, 'fitness': 0.9820137900379085, 'generation': 553}","{'id': 41303, 'rank': 13, 'fitness': 0.9557856854906676, 'generation': 553}","{'id': 41303, 'rank': 14, 'fitness': 0.9557856854906676, 'generation': 553}","{'id': 41303, 'rank': 15, 'fitness': 0.9557856854906676, 'generation': 553}","{'id': 41288, 'rank': 16, 'fitness': 0.9480353882344434, 'generation': 553}","{'id': 41374, 'rank': 17, 'fitness': 0.9108155808504886, 'generation': 553}","{'id': 40494, 'rank': 18, 'fitness': 0.8600623573392372, 'generation': 553}","{'id': 40494, 'rank': 19, 'fitness': 0.8600623573392372, 'generation': 553}","{'id': 40494, 'rank': 20, 'fitness': 0.8600623573392372, 'generation': 553}","{'id': 40494, 'rank': 21, 'fitness': 0.8600623573392372, 'generation': 553}","{'id': 40494, 'rank': 22, 'fitness': 0.8600623573392372, 'generation': 553}","{'id': 40494, 'rank': 23, 'fitness': 0.8600623573392372, 'generation': 553}","{'id': 41270, 'rank': 24, 'fitness': 0.29906469419641135, 'generation': 553}","{'id': 41370, 'rank': 25, 'fitness': 0.28982765924007836, 'generation': 553}","{'id': 41352, 'rank': 26, 'fitness': 0.09554376259356079, 'generation': 553}","{'id': 41399, 'rank': 27, 'fitness': 0.054368373520806035, 'generation': 553}","{'id': 41395, 'rank': 28, 'fitness': 0.04835708336922001, 'generation': 553}","{'id': 41373, 'rank': 29, 'fitness': 0.034718026082010967, 'generation': 553}","{'id': 41369, 'rank': 30, 'fitness': 0.01798620996209155, 'generation': 553}"
"{'id': 41003, 'rank': 1, 'fitness': 0.9820137900379085, 'generation': 554}","{'id': 41003, 'rank': 2, 'fitness': 0.9820137900379085, 'generation': 554}","{'id': 41003, 'rank': 3, 'fitness': 0.9820137900379085, 'generation': 554}","{'id': 41003, 'rank': 4, 'fitness': 0.9820137900379085, 'generation': 554}","{'id': 41003, 'rank': 5, 'fitness': 0.9820137900379085, 'generation': 554}","{'id': 41003, 'rank': 6, 'fitness': 0.9820137900379085, 'generation': 554}","{'id': 41003, 'rank': 7, 'fitness': 0.9820137900379085, 'generation': 554}","{'id': 41003, 'rank': 8, 'fitness': 0.9820137900379085, 'generation': 554}","{'id': 41003, 'rank': 9, 'fitness': 0.9820137900379085, 'generation': 554}","{'id': 41003, 'rank': 10, 'fitness': 0.9820137900379085, 'generation': 554}","{'id': 41003, 'rank': 11, 'fitness': 0.9820137900379085, 'generation': 554}","{'id': 41003, 'rank': 12, 'fitness': 0.9820137900379085, 'generation': 554}","{'id': 41003, 'rank': 13, 'fitness': 0.9820137900379085, 'generation': 554}","{'id': 41003, 'rank': 14, 'fitness': 0.9820137900379085, 'generation': 554}","{'id': 41003, 'rank': 15, 'fitness': 0.9820137900379085, 'generation': 554}","{'id': 41003, 'rank': 16, 'fitness': 0.9820137900379085, 'generation': 554}","{'id': 41003, 'rank': 17, 'fitness': 0.9820137900379085, 'generation': 554}","{'id': 41003, 'rank': 18, 'fitness': 0.9820137900379085, 'generation': 554}","{'id': 41303, 'rank': 19, 'fitness': 0.961517236320957, 'generation': 554}","{'id': 41303, 'rank': 20, 'fitness': 0.961517236320957, 'generation': 554}","{'id': 41303, 'rank': 21, 'fitness': 0.961517236320957, 'generation': 554}","{'id': 41303, 'rank': 22, 'fitness': 0.961517236320957, 'generation': 554}","{'id': 41288, 'rank': 23, 'fitness': 0.9558565619020434, 'generation': 554}","{'id': 40494, 'rank': 24, 'fitness': 0.8963399963635886, 'generation': 554}","{'id': 40494, 'rank': 25, 'fitness': 0.8963399963635886, 'generation': 554}","{'id': 40494, 'rank': 26, 'fitness': 0.8963399963635886, 'generation': 554}","{'id': 41476, 'rank': 27, 'fitness': 0.4752583189419623, 'generation': 554}","{'id': 41467, 'rank': 28, 'fitness': 0.4496163651579768, 'generation': 554}","{'id': 41410, 'rank': 29, 'fitness': 0.3649503096817843, 'generation': 554}","{'id': 41408, 'rank': 30, 'fitness': 0.01798620996209155, 'generation': 554}"
"{'id': 41003, 'rank': 1, 'fitness': 0.9820137900379085, 'generation': 555}","{'id': 41003, 'rank': 2, 'fitness': 0.9820137900379085, 'generation': 555}","{'id': 41003, 'rank': 3, 'fitness': 0.9820137900379085, 'generation': 555}","{'id': 41003, 'rank': 4, 'fitness': 0.9820137900379085, 'generation': 555}","{'id': 41003, 'rank': 5, 'fitness': 0.9820137900379085, 'generation': 555}","{'id': 41003, 'rank': 6, 'fitness': 0.9820137900379085, 'generation': 555}","{'id': 41003, 'rank': 7, 'fitness': 0.9820137900379085, 'generation': 555}","{'id': 41003, 'rank': 8, 'fitness': 0.9820137900379085, 'generation': 555}","{'id': 41003, 'rank': 9, 'fitness': 0.9820137900379085, 'generation': 555}","{'id': 41003, 'rank': 10, 'fitness': 0.9820137900379085, 'generation': 555}","{'id': 41003, 'rank': 11, 'fitness': 0.9820137900379085, 'generation': 555}","{'id': 41003, 'rank': 12, 'fitness': 0.9820137900379085, 'generation': 555}","{'id': 41003, 'rank': 13, 'fitness': 0.9820137900379085, 'generation': 555}","{'id': 41003, 'rank': 14, 'fitness': 0.9820137900379085, 'generation': 555}","{'id': 41003, 'rank': 15, 'fitness': 0.9820137900379085, 'generation': 555}","{'id': 41003, 'rank': 16, 'fitness': 0.9820137900379085, 'generation': 555}","{'id': 41003, 'rank': 17, 'fitness': 0.9820137900379085, 'generation': 555}","{'id': 41003, 'rank': 18, 'fitness': 0.9820137900379085, 'generation': 555}","{'id': 41003, 'rank': 19, 'fitness': 0.9820137900379085, 'generation': 555}","{'id': 41003, 'rank': 20, 'fitness': 0.9820137900379085, 'generation': 555}","{'id': 41003, 'rank': 21, 'fitness': 0.9820137900379085, 'generation': 555}","{'id': 41003, 'rank': 22, 'fitness': 0.9820137900379085, 'generation': 555}","{'id': 41003, 'rank': 23, 'fitness': 0.9820137900379085, 'generation': 555}","{'id': 41003, 'rank': 24, 'fitness': 0.9820137900379085, 'generation': 555}","{'id': 41003, 'rank': 25, 'fitness': 0.9820137900379085, 'generation': 555}","{'id': 40494, 'rank': 26, 'fitness': 0.744101301548355, 'generation': 555}","{'id': 40494, 'rank': 27, 'fitness': 0.744101301548355, 'generation': 555}","{'id': 41556, 'rank': 28, 'fitness': 0.2842045014409349, 'generation': 555}","{'id': 41525, 'rank': 29, 'fitness': 0.08763632419399603, 'generation': 555}","{'id': 41503, 'rank': 30, 'fitness': 0.01798620996209155, 'generation': 555}"
"{'id': 41003, 'rank': 1, 'fitness': 0.9820137900379085, 'generation': 556}","{'id': 41003, 'rank': 2, 'fitness': 0.9820137900379085, 'generation': 556}","{'id': 41003, 'rank': 3, 'fitness': 0.9820137900379085, 'generation': 556}","{'id': 41003, 'rank': 4, 'fitness': 0.9820137900379085, 'generation': 556}","{'id': 41003, 'rank': 5, 'fitness': 0.9820137900379085, 'generation': 556}","{'id': 41003, 'rank': 6, 'fitness': 0.9820137900379085, 'generation': 556}","{'id': 41003, 'rank': 7, 'fitness': 0.9820137900379085, 'generation': 556}","{'id': 41003, 'rank': 8, 'fitness': 0.9820137900379085, 'generation': 556}","{'id': 41003, 'rank': 9, 'fitness': 0.9820137900379085, 'generation': 556}","{'id': 41003, 'rank': 10, 'fitness': 0.9820137900379085, 'generation': 556}","{'id': 41003, 'rank': 11, 'fitness': 0.9820137900379085, 'generation': 556}","{'id': 41003, 'rank': 12, 'fitness': 0.9820137900379085, 'generation': 556}","{'id': 41003, 'rank': 13, 'fitness': 0.9820137900379085, 'generation': 556}","{'id': 41003, 'rank': 14, 'fitness': 0.9820137900379085, 'generation': 556}","{'id': 41003, 'rank': 15, 'fitness': 0.9820137900379085, 'generation': 556}","{'id': 41003, 'rank': 16, 'fitness': 0.9820137900379085, 'generation': 556}","{'id': 41003, 'rank': 17, 'fitness': 0.9820137900379085, 'generation': 556}","{'id': 41003, 'rank': 18, 'fitness': 0.9820137900379085, 'generation': 556}","{'id': 41003, 'rank': 19, 'fitness': 0.9820137900379085, 'generation': 556}","{'id': 41003, 'rank': 20, 'fitness': 0.9820137900379085, 'generation': 556}","{'id': 41003, 'rank': 21, 'fitness': 0.9820137900379085, 'generation': 556}","{'id': 41003, 'rank': 22, 'fitness': 0.9820137900379085, 'generation': 556}","{'id': 41003, 'rank': 23, 'fitness': 0.9820137900379085, 'generation': 556}","{'id': 41003, 'rank': 24, 'fitness': 0.9820137900379085, 'generation': 556}","{'id': 41003, 'rank': 25, 'fitness': 0.9820137900379085, 'generation': 556}","{'id': 41003, 'rank': 26, 'fitness': 0.9820137900379085, 'generation': 556}","{'id': 41580, 'rank': 27, 'fitness': 0.8964093528779763, 'generation': 556}","{'id': 41623, 'rank': 28, 'fitness': 0.84204997280753, 'generation': 556}","{'id': 41556, 'rank': 29, 'fitness': 0.2184469665459075, 'generation': 556}","{'id': 41567, 'rank': 30, 'fitness': 0.01798620996209155, 'generation': 556}"
"{'id': 41003, 'rank': 1, 'fitness': 0.9820137900379085, 'generation': 557}","{'id': 41003, 'rank': 2, 'fitness': 0.9820137900379085, 'generation': 557}","{'id': 41003, 'rank': 3, 'fitness': 0.9820137900379085, 'generation': 557}","{'id': 41003, 'rank': 4, 'fitness': 0.9820137900379085, 'generation': 557}","{'id': 41003, 'rank': 5, 'fitness': 0.9820137900379085, 'generation': 557}","{'id': 41003, 'rank': 6, 'fitness': 0.9820137900379085, 'generation': 557}","{'id': 41003, 'rank': 7, 'fitness': 0.9820137900379085, 'generation': 557}","{'id': 41003, 'rank': 8, 'fitness': 0.9820137900379085, 'generation': 557}","{'id': 41003, 'rank': 9, 'fitness': 0.9820137900379085, 'generation': 557}","{'id': 41003, 'rank': 10, 'fitness': 0.9820137900379085, 'generation': 557}","{'id': 41003, 'rank': 11, 'fitness': 0.9820137900379085, 'generation': 557}","{'id': 41003, 'rank': 12, 'fitness': 0.9820137900379085, 'generation': 557}","{'id': 41003, 'rank': 13, 'fitness': 0.9820137900379085, 'generation': 557}","{'id': 41003, 'rank': 14, 'fitness': 0.9820137900379085, 'generation': 557}","{'id': 41003, 'rank': 15, 'fitness': 0.9820137900379085, 'generation': 557}","{'id': 41003, 'rank': 16, 'fitness': 0.9820137900379085, 'generation': 557}","{'id': 41003, 'rank': 17, 'fitness': 0.9820137900379085, 'generation': 557}","{'id': 41003, 'rank': 18, 'fitness': 0.9820137900379085, 'generation': 557}","{'id': 41003, 'rank': 19, 'fitness': 0.9820137900379085, 'generation': 557}","{'id': 41003, 'rank': 20, 'fitness': 0.9820137900379085, 'generation': 557}","{'id': 41003, 'rank': 21, 'fitness': 0.9820137900379085, 'generation': 557}","{'id': 41003, 'rank': 22, 'fitness': 0.9820137900379085, 'generation': 557}","{'id': 41003, 'rank': 23, 'fitness': 0.9820137900379085, 'generation': 557}","{'id': 41003, 'rank': 24, 'fitness': 0.9820137900379085, 'generation': 557}","{'id': 41003, 'rank': 25, 'fitness': 0.9820137900379085, 'generation': 557}","{'id': 41003, 'rank': 26, 'fitness': 0.9820137900379085, 'generation': 557}","{'id': 41003, 'rank': 27, 'fitness': 0.9820137900379085, 'generation': 557}","{'id': 41623, 'rank': 28, 'fitness': 0.6157568678886943, 'generation': 557}","{'id': 41623, 'rank': 29, 'fitness': 0.6157568678886943, 'generation': 557}","{'id': 41556, 'rank': 30, 'fitness': 0.01798620996209155, 'generation': 557}"
"{'id': 41003, 'rank': 1, 'fitness': 0.9820137900379085, 'generation': 558}","{'id': 41003, 'rank': 2, 'fitness': 0.9820137900379085, 'generation': 558}","{'id': 41003, 'rank': 3, 'fitness': 0.9820137900379085, 'generation': 558}","{'id': 41003, 'rank': 4, 'fitness': 0.9820137900379085, 'generation': 558}","{'id': 41003, 'rank': 5, 'fitness': 0.9820137900379085, 'generation': 558}","{'id': 41003, 'rank': 6, 'fitness': 0.9820137900379085, 'generation': 558}","{'id': 41003, 'rank': 7, 'fitness': 0.9820137900379085, 'generation': 558}","{'id': 41003, 'rank': 8, 'fitness': 0.9820137900379085, 'generation': 558}","{'id': 41003, 'rank': 9, 'fitness': 0.9820137900379085, 'generation': 558}","{'id': 41003, 'rank': 10, 'fitness': 0.9820137900379085, 'generation': 558}","{'id': 41003, 'rank': 11, 'fitness': 0.9820137900379085, 'generation': 558}","{'id': 41003, 'rank': 12, 'fitness': 0.9820137900379085, 'generation': 558}","{'id': 41003, 'rank': 13, 'fitness': 0.9820137900379085, 'generation': 558}","{'id': 41003, 'rank': 14, 'fitness': 0.9820137900379085, 'generation': 558}","{'id': 41003, 'rank': 15, 'fitness': 0.9820137900379085, 'generation': 558}","{'id': 41003, 'rank': 16, 'fitness': 0.9820137900379085, 'generation': 558}","{'id': 41003, 'rank': 17, 'fitness': 0.9820137900379085, 'generation': 558}","{'id': 41003, 'rank': 18, 'fitness': 0.9820137900379085, 'generation': 558}","{'id': 41003, 'rank': 19, 'fitness': 0.9820137900379085, 'generation': 558}","{'id': 41003, 'rank': 20, 'fitness': 0.9820137900379085, 'generation': 558}","{'id': 41003, 'rank': 21, 'fitness': 0.9820137900379085, 'generation': 558}","{'id': 41003, 'rank': 22, 'fitness': 0.9820137900379085, 'generation': 558}","{'id': 41003, 'rank': 23, 'fitness': 0.9820137900379085, 'generation': 558}","{'id': 41003, 'rank': 24, 'fitness': 0.9820137900379085, 'generation': 558}","{'id': 41623, 'rank': 25, 'fitness': 0.7713502442029279, 'generation': 558}","{'id': 41779, 'rank': 26, 'fitness': 0.307499289673485, 'generation': 558}","{'id': 41767, 'rank': 27, 'fitness': 0.183139166645861, 'generation': 558}","{'id': 41738, 'rank': 28, 'fitness': 0.11768671539603942, 'generation': 558}","{'id': 41777, 'rank': 29, 'fitness': 0.01798620996209155, 'generation': 558}","{'id': 41777, 'rank': 30, 'fitness': 0.01798620996209155, 'generation': 558}"
"{'id': 41003, 'rank': 1, 'fitness': 0.9820137900379085, 'generation': 559}","{'id': 41003, 'rank': 2, 'fitness': 0.9820137900379085, 'generation': 559}","{'id': 41003, 'rank': 3, 'fitness': 0.9820137900379085, 'generation': 559}","{'id': 41003, 'rank': 4, 'fitness': 0.9820137900379085, 'generation': 559}","{'id': 41003, 'rank': 5, 'fitness': 0.9820137900379085, 'generation': 559}","{'id': 41003, 'rank': 6, 'fitness': 0.9820137900379085, 'generation': 559}","{'id': 41003, 'rank': 7, 'fitness': 0.9820137900379085, 'generation': 559}","{'id': 41003, 'rank': 8, 'fitness': 0.9820137900379085, 'generation': 559}","{'id': 41003, 'rank': 9, 'fitness': 0.9820137900379085, 'generation': 559}","{'id': 41003, 'rank': 10, 'fitness': 0.9820137900379085, 'generation': 559}","{'id': 41003, 'rank': 11, 'fitness': 0.9820137900379085, 'generation': 559}","{'id': 41003, 'rank': 12, 'fitness': 0.9820137900379085, 'generation': 559}","{'id': 41003, 'rank': 13, 'fitness': 0.9820137900379085, 'generation': 559}","{'id': 41003, 'rank': 14, 'fitness': 0.9820137900379085, 'generation': 559}","{'id': 41003, 'rank': 15, 'fitness': 0.9820137900379085, 'generation': 559}","{'id': 41003, 'rank': 16, 'fitness': 0.9820137900379085, 'generation': 559}","{'id': 41003, 'rank': 17, 'fitness': 0.9820137900379085, 'generation': 559}","{'id': 41003, 'rank': 18, 'fitness': 0.9820137900379085, 'generation': 559}","{'id': 41003, 'rank': 19, 'fitness': 0.9820137900379085, 'generation': 559}","{'id': 41003, 'rank': 20, 'fitness': 0.9820137900379085, 'generation': 559}","{'id': 41003, 'rank': 21, 'fitness': 0.9820137900379085, 'generation': 559}","{'id': 41003, 'rank': 22, 'fitness': 0.9820137900379085, 'generation': 559}","{'id': 41003, 'rank': 23, 'fitness': 0.9820137900379085, 'generation': 559}","{'id': 41003, 'rank': 24, 'fitness': 0.9820137900379085, 'generation': 559}","{'id': 41003, 'rank': 25, 'fitness': 0.9820137900379085, 'generation': 559}","{'id': 41827, 'rank': 26, 'fitness': 0.9800151173371099, 'generation': 559}","{'id': 41779, 'rank': 27, 'fitness': 0.6031395437572056, 'generation': 559}","{'id': 41767, 'rank': 28, 'fitness': 0.47749563433684783, 'generation': 559}","{'id': 41857, 'rank': 29, 'fitness': 0.047354949868962715, 'generation': 559}","{'id': 41824, 'rank': 30, 'fitness': 0.01798620996209155, 'generation': 559}"
"{'id': 41003, 'rank': 1, 'fitness': 0.9820137900379085, 'generation': 560}","{'id': 41003, 'rank': 2, 'fitness': 0.9820137900379085, 'generation': 560}","{'id': 41003, 'rank': 3, 'fitness': 0.9820137900379085, 'generation': 560}","{'id': 41003, 'rank': 4, 'fitness': 0.9820137900379085, 'generation': 560}","{'id': 41003, 'rank': 5, 'fitness': 0.9820137900379085, 'generation': 560}","{'id': 41003, 'rank': 6, 'fitness': 0.9820137900379085, 'generation': 560}","{'id': 41003, 'rank': 7, 'fitness': 0.9820137900379085, 'generation': 560}","{'id': 41003, 'rank': 8, 'fitness': 0.9820137900379085, 'generation': 560}","{'id': 41003, 'rank': 9, 'fitness': 0.9820137900379085, 'generation': 560}","{'id': 41003, 'rank': 10, 'fitness': 0.9820137900379085, 'generation': 560}","{'id': 41003, 'rank': 11, 'fitness': 0.9820137900379085, 'generation': 560}","{'id': 41003, 'rank': 12, 'fitness': 0.9820137900379085, 'generation': 560}","{'id': 41003, 'rank': 13, 'fitness': 0.9820137900379085, 'generation': 560}","{'id': 41003, 'rank': 14, 'fitness': 0.9820137900379085, 'generation': 560}","{'id': 41003, 'rank': 15, 'fitness': 0.9820137900379085, 'generation': 560}","{'id': 41003, 'rank': 16, 'fitness': 0.9820137900379085, 'generation': 560}","{'id': 41003, 'rank': 17, 'fitness': 0.9820137900379085, 'generation': 560}","{'id': 41003, 'rank': 18, 'fitness': 0.9820137900379085, 'generation': 560}","{'id': 41003, 'rank': 19, 'fitness': 0.9820137900379085, 'generation': 560}","{'id': 41003, 'rank': 20, 'fitness': 0.9820137900379085, 'generation': 560}","{'id': 41003, 'rank': 21, 'fitness': 0.9820137900379085, 'generation': 560}","{'id': 41003, 'rank': 22, 'fitness': 0.9820137900379085, 'generation': 560}","{'id': 41003, 'rank': 23, 'fitness': 0.9820137900379085, 'generation': 560}","{'id': 41003, 'rank': 24, 'fitness': 0.9820137900379085, 'generation': 560}","{'id': 41003, 'rank': 25, 'fitness': 0.9820137900379085, 'generation': 560}","{'id': 41003, 'rank': 26, 'fitness': 0.9820137900379085, 'generation': 560}","{'id': 41827, 'rank': 27, 'fitness': 0.9797811084202519, 'generation': 560}","{'id': 41884, 'rank': 28, 'fitness': 0.2147560692328791, 'generation': 560}","{'id': 41915, 'rank': 29, 'fitness': 0.07562579316250245, 'generation': 560}","{'id': 41895, 'rank': 30, 'fitness': 0.01798620996209155, 'generation': 560}"
"{'id': 41986, 'rank': 1, 'fitness': 0.9820137900379085, 'generation': 561}","{'id': 41003, 'rank': 2, 'fitness': 0.9745388129914503, 'generation': 561}","{'id': 41003, 'rank': 3, 'fitness': 0.9745388129914503, 'generation': 561}","{'id': 41003, 'rank': 4, 'fitness': 0.9745388129914503, 'generation': 561}","{'id': 41003, 'rank': 5, 'fitness': 0.9745388129914503, 'generation': 561}","{'id': 41003, 'rank': 6, 'fitness': 0.9745388129914503, 'generation': 561}","{'id': 41003, 'rank': 7, 'fitness': 0.9745388129914503, 'generation': 561}","{'id': 41003, 'rank': 8, 'fitness': 0.9745388129914503, 'generation': 561}","{'id': 41003, 'rank': 9, 'fitness': 0.9745388129914503, 'generation': 561}","{'id': 41003, 'rank': 10, 'fitness': 0.9745388129914503, 'generation': 561}","{'id': 41003, 'rank': 11, 'fitness': 0.9745388129914503, 'generation': 561}","{'id': 41003, 'rank': 12, 'fitness': 0.9745388129914503, 'generation': 561}","{'id': 41003, 'rank': 13, 'fitness': 0.9745388129914503, 'generation': 561}","{'id': 41003, 'rank': 14, 'fitness': 0.9745388129914503, 'generation': 561}","{'id': 41003, 'rank': 15, 'fitness': 0.9745388129914503, 'generation': 561}","{'id': 41003, 'rank': 16, 'fitness': 0.9745388129914503, 'generation': 561}","{'id': 41003, 'rank': 17, 'fitness': 0.9745388129914503, 'generation': 561}","{'id': 41003, 'rank': 18, 'fitness': 0.9745388129914503, 'generation': 561}","{'id': 41003, 'rank': 19, 'fitness': 0.9745388129914503, 'generation': 561}","{'id': 41003, 'rank': 20, 'fitness': 0.9745388129914503, 'generation': 561}","{'id': 41003, 'rank': 21, 'fitness': 0.9745388129914503, 'generation': 561}","{'id': 41003, 'rank': 22, 'fitness': 0.9745388129914503, 'generation': 561}","{'id': 41003, 'rank': 23, 'fitness': 0.9745388129914503, 'generation': 561}","{'id': 41003, 'rank': 24, 'fitness': 0.9745388129914503, 'generation': 561}","{'id': 41003, 'rank': 25, 'fitness': 0.9745388129914503, 'generation': 561}","{'id': 41003, 'rank': 26, 'fitness': 0.9745388129914503, 'generation': 561}","{'id': 41003, 'rank': 27, 'fitness': 0.9745388129914503, 'generation': 561}","{'id': 41972, 'rank': 28, 'fitness': 0.11828803059130677, 'generation': 561}","{'id': 41978, 'rank': 29, 'fitness': 0.09618079391652223, 'generation': 561}","{'id': 42005, 'rank': 30, 'fitness': 0.01798620996209155, 'generation': 561}"
"{'id': 41003, 'rank': 1, 'fitness': 0.9820137900379085, 'generation': 562}","{'id': 41003, 'rank': 2, 'fitness': 0.9820137900379085, 'generation': 562}","{'id': 41003, 'rank': 3, 'fitness': 0.9820137900379085, 'generation': 562}","{'id': 41003, 'rank': 4, 'fitness': 0.9820137900379085, 'generation': 562}","{'id': 41003, 'rank': 5, 'fitness': 0.9820137900379085, 'generation': 562}","{'id': 41003, 'rank': 6, 'fitness': 0.9820137900379085, 'generation': 562}","{'id': 41003, 'rank': 7, 'fitness': 0.9820137900379085, 'generation': 562}","{'id': 41003, 'rank': 8, 'fitness': 0.9820137900379085, 'generation': 562}","{'id': 41003, 'rank': 9, 'fitness': 0.9820137900379085, 'generation': 562}","{'id': 41003, 'rank': 10, 'fitness': 0.9820137900379085, 'generation': 562}","{'id': 41003, 'rank': 11, 'fitness': 0.9820137900379085, 'generation': 562}","{'id': 41003, 'rank': 12, 'fitness': 0.9820137900379085, 'generation': 562}","{'id': 41003, 'rank': 13, 'fitness': 0.9820137900379085, 'generation': 562}","{'id': 41003, 'rank': 14, 'fitness': 0.9820137900379085, 'generation': 562}","{'id': 41003, 'rank': 15, 'fitness': 0.9820137900379085, 'generation': 562}","{'id': 41003, 'rank': 16, 'fitness': 0.9820137900379085, 'generation': 562}","{'id': 41003, 'rank': 17, 'fitness': 0.9820137900379085, 'generation': 562}","{'id': 41003, 'rank': 18, 'fitness': 0.9820137900379085, 'generation': 562}","{'id': 41003, 'rank': 19, 'fitness': 0.9820137900379085, 'generation': 562}","{'id': 41003, 'rank': 20, 'fitness': 0.9820137900379085, 'generation': 562}","{'id': 41003, 'rank': 21, 'fitness': 0.9820137900379085, 'generation': 562}","{'id': 41003, 'rank': 22, 'fitness': 0.9820137900379085, 'generation': 562}","{'id': 41003, 'rank': 23, 'fitness': 0.9820137900379085, 'generation': 562}","{'id': 41003, 'rank': 24, 'fitness': 0.9820137900379085, 'generation': 562}","{'id': 41003, 'rank': 25, 'fitness': 0.9820137900379085, 'generation': 562}","{'id': 41003, 'rank': 26, 'fitness': 0.9820137900379085, 'generation': 562}","{'id': 41003, 'rank': 27, 'fitness': 0.9820137900379085, 'generation': 562}","{'id': 42081, 'rank': 28, 'fitness': 0.7376286871259898, 'generation': 562}","{'id': 42087, 'rank': 29, 'fitness': 0.13767000480783886, 'generation': 562}","{'id': 42120, 'rank': 30, 'fitness': 0.01798620996209155, 'generation': 562}"
"{'id': 41003, 'rank': 1, 'fitness': 0.5, 'generation': 563}","{'id': 41003, 'rank': 2, 'fitness': 0.5, 'generation': 563}","{'id': 41003, 'rank': 3, 'fitness': 0.5, 'generation': 563}","{'id': 41003, 'rank': 4, 'fitness': 0.5, 'generation': 563}","{'id': 41003, 'rank': 5, 'fitness': 0.5, 'generation': 563}","{'id': 41003, 'rank': 6, 'fitness': 0.5, 'generation': 563}","{'id': 41003, 'rank': 7, 'fitness': 0.5, 'generation': 563}","{'id': 41003, 'rank': 8, 'fitness': 0.5, 'generation': 563}","{'id': 41003, 'rank': 9, 'fitness': 0.5, 'generation': 563}","{'id': 41003, 'rank': 10, 'fitness': 0.5, 'generation': 563}","{'id': 41003, 'rank': 11, 'fitness': 0.5, 'generation': 563}","{'id': 41003, 'rank': 12, 'fitness': 0.5, 'generation': 563}","{'id': 41003, 'rank': 13, 'fitness': 0.5, 'generation': 563}","{'id': 41003, 'rank': 14, 'fitness': 0.5, 'generation': 563}","{'id': 41003, 'rank': 15, 'fitness': 0.5, 'generation': 563}","{'id': 41003, 'rank': 16, 'fitness': 0.5, 'generation': 563}","{'id': 41003, 'rank': 17, 'fitness': 0.5, 'generation': 563}","{'id': 41003, 'rank': 18, 'fitness': 0.5, 'generation': 563}","{'id': 41003, 'rank': 19, 'fitness': 0.5, 'generation': 563}","{'id': 41003, 'rank': 20, 'fitness': 0.5, 'generation': 563}","{'id': 41003, 'rank': 21, 'fitness': 0.5, 'generation': 563}","{'id': 41003, 'rank': 22, 'fitness': 0.5, 'generation': 563}","{'id': 41003, 'rank': 23, 'fitness': 0.5, 'generation': 563}","{'id': 41003, 'rank': 24, 'fitness': 0.5, 'generation': 563}","{'id': 41003, 'rank': 25, 'fitness': 0.5, 'generation': 563}","{'id': 41003, 'rank': 26, 'fitness': 0.5, 'generation': 563}","{'id': 41003, 'rank': 27, 'fitness': 0.5, 'generation': 563}","{'id': 41003, 'rank': 28, 'fitness': 0.5, 'generation': 563}","{'id': 41003, 'rank': 29, 'fitness': 0.5, 'generation': 563}","{'id': 41003, 'rank': 30, 'fitness': 0.5, 'generation': 563}"
"{'id': 41003, 'rank': 1, 'fitness': 0.9820137900379085, 'generation': 564}","{'id': 41003, 'rank': 2, 'fitness': 0.9820137900379085, 'generation': 564}","{'id': 41003, 'rank': 3, 'fitness': 0.9820137900379085, 'generation': 564}","{'id': 41003, 'rank': 4, 'fitness': 0.9820137900379085, 'generation': 564}","{'id': 41003, 'rank': 5, 'fitness': 0.9820137900379085, 'generation': 564}","{'id': 41003, 'rank': 6, 'fitness': 0.9820137900379085, 'generation': 564}","{'id': 41003, 'rank': 7, 'fitness': 0.9820137900379085, 'generation': 564}","{'id': 41003, 'rank': 8, 'fitness': 0.9820137900379085, 'generation': 564}","{'id': 41003, 'rank': 9, 'fitness': 0.9820137900379085, 'generation': 564}","{'id': 41003, 'rank': 10, 'fitness': 0.9820137900379085, 'generation': 564}","{'id': 41003, 'rank': 11, 'fitness': 0.9820137900379085, 'generation': 564}","{'id': 41003, 'rank': 12, 'fitness': 0.9820137900379085, 'generation': 564}","{'id': 41003, 'rank': 13, 'fitness': 0.9820137900379085, 'generation': 564}","{'id': 41003, 'rank': 14, 'fitness': 0.9820137900379085, 'generation': 564}","{'id': 41003, 'rank': 15, 'fitness': 0.9820137900379085, 'generation': 564}","{'id': 41003, 'rank': 16, 'fitness': 0.9820137900379085, 'generation': 564}","{'id': 41003, 'rank': 17, 'fitness': 0.9820137900379085, 'generation': 564}","{'id': 41003, 'rank': 18, 'fitness': 0.9820137900379085, 'generation': 564}","{'id': 41003, 'rank': 19, 'fitness': 0.9820137900379085, 'generation': 564}","{'id': 41003, 'rank': 20, 'fitness': 0.9820137900379085, 'generation': 564}","{'id': 41003, 'rank': 21, 'fitness': 0.9820137900379085, 'generation': 564}","{'id': 41003, 'rank': 22, 'fitness': 0.9820137900379085, 'generation': 564}","{'id': 41003, 'rank': 23, 'fitness': 0.9820137900379085, 'generation': 564}","{'id': 41003, 'rank': 24, 'fitness': 0.9820137900379085, 'generation': 564}","{'id': 41003, 'rank': 25, 'fitness': 0.9820137900379085, 'generation': 564}","{'id': 41003, 'rank': 26, 'fitness': 0.9820137900379085, 'generation': 564}","{'id': 41003, 'rank': 27, 'fitness': 0.9820137900379085, 'generation': 564}","{'id': 41003, 'rank': 28, 'fitness': 0.9820137900379085, 'generation': 564}","{'id': 41003, 'rank': 29, 'fitness': 0.9820137900379085, 'generation': 564}","{'id': 42250, 'rank': 30, 'fitness': 0.01798620996209155, 'generation': 564}"
"{'id': 41003, 'rank': 1, 'fitness': 0.9820137900379085, 'generation': 565}","{'id': 41003, 'rank': 2, 'fitness': 0.9820137900379085, 'generation': 565}","{'id': 41003, 'rank': 3, 'fitness': 0.9820137900379085, 'generation': 565}","{'id': 41003, 'rank': 4, 'fitness': 0.9820137900379085, 'generation': 565}","{'id': 41003, 'rank': 5, 'fitness': 0.9820137900379085, 'generation': 565}","{'id': 41003, 'rank': 6, 'fitness': 0.9820137900379085, 'generation': 565}","{'id': 41003, 'rank': 7, 'fitness': 0.9820137900379085, 'generation': 565}","{'id': 41003, 'rank': 8, 'fitness': 0.9820137900379085, 'generation': 565}","{'id': 41003, 'rank': 9, 'fitness': 0.9820137900379085, 'generation': 565}","{'id': 41003, 'rank': 10, 'fitness': 0.9820137900379085, 'generation': 565}","{'id': 41003, 'rank': 11, 'fitness': 0.9820137900379085, 'generation': 565}","{'id': 41003, 'rank': 12, 'fitness': 0.9820137900379085, 'generation': 565}","{'id': 41003, 'rank': 13, 'fitness': 0.9820137900379085, 'generation': 565}","{'id': 41003, 'rank': 14, 'fitness': 0.9820137900379085, 'generation': 565}","{'id': 41003, 'rank': 15, 'fitness': 0.9820137900379085, 'generation': 565}","{'id': 41003, 'rank': 16, 'fitness': 0.9820137900379085, 'generation': 565}","{'id': 41003, 'rank': 17, 'fitness': 0.9820137900379085, 'generation': 565}","{'id': 41003, 'rank': 18, 'fitness': 0.9820137900379085, 'generation': 565}","{'id': 41003, 'rank': 19, 'fitness': 0.9820137900379085, 'generation': 565}","{'id': 41003, 'rank': 20, 'fitness': 0.9820137900379085, 'generation': 565}","{'id': 41003, 'rank': 21, 'fitness': 0.9820137900379085, 'generation': 565}","{'id': 41003, 'rank': 22, 'fitness': 0.9820137900379085, 'generation': 565}","{'id': 41003, 'rank': 23, 'fitness': 0.9820137900379085, 'generation': 565}","{'id': 41003, 'rank': 24, 'fitness': 0.9820137900379085, 'generation': 565}","{'id': 41003, 'rank': 25, 'fitness': 0.9820137900379085, 'generation': 565}","{'id': 42332, 'rank': 26, 'fitness': 0.5107631243376217, 'generation': 565}","{'id': 42345, 'rank': 27, 'fitness': 0.07800806608296273, 'generation': 565}","{'id': 42375, 'rank': 28, 'fitness': 0.07248654035947921, 'generation': 565}","{'id': 42375, 'rank': 29, 'fitness': 0.07248654035947921, 'generation': 565}","{'id': 42296, 'rank': 30, 'fitness': 0.01798620996209155, 'generation': 565}"
"{'id': 41003, 'rank': 1, 'fitness': 0.9820137900379085, 'generation': 566}","{'id': 41003, 'rank': 2, 'fitness': 0.9820137900379085, 'generation': 566}","{'id': 41003, 'rank': 3, 'fitness': 0.9820137900379085, 'generation': 566}","{'id': 41003, 'rank': 4, 'fitness': 0.9820137900379085, 'generation': 566}","{'id': 41003, 'rank': 5, 'fitness': 0.9820137900379085, 'generation': 566}","{'id': 41003, 'rank': 6, 'fitness': 0.9820137900379085, 'generation': 566}","{'id': 41003, 'rank': 7, 'fitness': 0.9820137900379085, 'generation': 566}","{'id': 41003, 'rank': 8, 'fitness': 0.9820137900379085, 'generation': 566}","{'id': 41003, 'rank': 9, 'fitness': 0.9820137900379085, 'generation': 566}","{'id': 41003, 'rank': 10, 'fitness': 0.9820137900379085, 'generation': 566}","{'id': 41003, 'rank': 11, 'fitness': 0.9820137900379085, 'generation': 566}","{'id': 41003, 'rank': 12, 'fitness': 0.9820137900379085, 'generation': 566}","{'id': 41003, 'rank': 13, 'fitness': 0.9820137900379085, 'generation': 566}","{'id': 41003, 'rank': 14, 'fitness': 0.9820137900379085, 'generation': 566}","{'id': 41003, 'rank': 15, 'fitness': 0.9820137900379085, 'generation': 566}","{'id': 41003, 'rank': 16, 'fitness': 0.9820137900379085, 'generation': 566}","{'id': 41003, 'rank': 17, 'fitness': 0.9820137900379085, 'generation': 566}","{'id': 41003, 'rank': 18, 'fitness': 0.9820137900379085, 'generation': 566}","{'id': 41003, 'rank': 19, 'fitness': 0.9820137900379085, 'generation': 566}","{'id': 41003, 'rank': 20, 'fitness': 0.9820137900379085, 'generation': 566}","{'id': 41003, 'rank': 21, 'fitness': 0.9820137900379085, 'generation': 566}","{'id': 41003, 'rank': 22, 'fitness': 0.9820137900379085, 'generation': 566}","{'id': 41003, 'rank': 23, 'fitness': 0.9820137900379085, 'generation': 566}","{'id': 41003, 'rank': 24, 'fitness': 0.9820137900379085, 'generation': 566}","{'id': 41003, 'rank': 25, 'fitness': 0.9820137900379085, 'generation': 566}","{'id': 41003, 'rank': 26, 'fitness': 0.9820137900379085, 'generation': 566}","{'id': 41003, 'rank': 27, 'fitness': 0.9820137900379085, 'generation': 566}","{'id': 41003, 'rank': 28, 'fitness': 0.9820137900379085, 'generation': 566}","{'id': 42375, 'rank': 29, 'fitness': 0.01798620996209155, 'generation': 566}","{'id': 42375, 'rank': 30, 'fitness': 0.01798620996209155, 'generation': 566}"
"{'id': 41003, 'rank': 1, 'fitness': 0.9820137900379085, 'generation': 567}","{'id': 41003, 'rank': 2, 'fitness': 0.9820137900379085, 'generation': 567}","{'id': 41003, 'rank': 3, 'fitness': 0.9820137900379085, 'generation': 567}","{'id': 41003, 'rank': 4, 'fitness': 0.9820137900379085, 'generation': 567}","{'id': 41003, 'rank': 5, 'fitness': 0.9820137900379085, 'generation': 567}","{'id': 41003, 'rank': 6, 'fitness': 0.9820137900379085, 'generation': 567}","{'id': 41003, 'rank': 7, 'fitness': 0.9820137900379085, 'generation': 567}","{'id': 41003, 'rank': 8, 'fitness': 0.9820137900379085, 'generation': 567}","{'id': 41003, 'rank': 9, 'fitness': 0.9820137900379085, 'generation': 567}","{'id': 41003, 'rank': 10, 'fitness': 0.9820137900379085, 'generation': 567}","{'id': 41003, 'rank': 11, 'fitness': 0.9820137900379085, 'generation': 567}","{'id': 41003, 'rank': 12, 'fitness': 0.9820137900379085, 'generation': 567}","{'id': 41003, 'rank': 13, 'fitness': 0.9820137900379085, 'generation': 567}","{'id': 41003, 'rank': 14, 'fitness': 0.9820137900379085, 'generation': 567}","{'id': 41003, 'rank': 15, 'fitness': 0.9820137900379085, 'generation': 567}","{'id': 41003, 'rank': 16, 'fitness': 0.9820137900379085, 'generation': 567}","{'id': 41003, 'rank': 17, 'fitness': 0.9820137900379085, 'generation': 567}","{'id': 41003, 'rank': 18, 'fitness': 0.9820137900379085, 'generation': 567}","{'id': 41003, 'rank': 19, 'fitness': 0.9820137900379085, 'generation': 567}","{'id': 41003, 'rank': 20, 'fitness': 0.9820137900379085, 'generation': 567}","{'id': 41003, 'rank': 21, 'fitness': 0.9820137900379085, 'generation': 567}","{'id': 41003, 'rank': 22, 'fitness': 0.9820137900379085, 'generation': 567}","{'id': 41003, 'rank': 23, 'fitness': 0.9820137900379085, 'generation': 567}","{'id': 41003, 'rank': 24, 'fitness': 0.9820137900379085, 'generation': 567}","{'id': 42519, 'rank': 25, 'fitness': 0.7758525633228437, 'generation': 567}","{'id': 42466, 'rank': 26, 'fitness': 0.4360158716468599, 'generation': 567}","{'id': 42504, 'rank': 27, 'fitness': 0.11170302098512142, 'generation': 567}","{'id': 42539, 'rank': 28, 'fitness': 0.09765536498807859, 'generation': 567}","{'id': 42539, 'rank': 29, 'fitness': 0.09765536498807859, 'generation': 567}","{'id': 42483, 'rank': 30, 'fitness': 0.01798620996209155, 'generation': 567}"
"{'id': 41003, 'rank': 1, 'fitness': 0.9820137900379085, 'generation': 568}","{'id': 41003, 'rank': 2, 'fitness': 0.9820137900379085, 'generation': 568}","{'id': 41003, 'rank': 3, 'fitness': 0.9820137900379085, 'generation': 568}","{'id': 41003, 'rank': 4, 'fitness': 0.9820137900379085, 'generation': 568}","{'id': 41003, 'rank': 5, 'fitness': 0.9820137900379085, 'generation': 568}","{'id': 41003, 'rank': 6, 'fitness': 0.9820137900379085, 'generation': 568}","{'id': 41003, 'rank': 7, 'fitness': 0.9820137900379085, 'generation': 568}","{'id': 41003, 'rank': 8, 'fitness': 0.9820137900379085, 'generation': 568}","{'id': 41003, 'rank': 9, 'fitness': 0.9820137900379085, 'generation': 568}","{'id': 41003, 'rank': 10, 'fitness': 0.9820137900379085, 'generation': 568}","{'id': 41003, 'rank': 11, 'fitness': 0.9820137900379085, 'generation': 568}","{'id': 41003, 'rank': 12, 'fitness': 0.9820137900379085, 'generation': 568}","{'id': 41003, 'rank': 13, 'fitness': 0.9820137900379085, 'generation': 568}","{'id': 41003, 'rank': 14, 'fitness': 0.9820137900379085, 'generation': 568}","{'id': 41003, 'rank': 15, 'fitness': 0.9820137900379085, 'generation': 568}","{'id': 41003, 'rank': 16, 'fitness': 0.9820137900379085, 'generation': 568}","{'id': 41003, 'rank': 17, 'fitness': 0.9820137900379085, 'generation': 568}","{'id': 41003, 'rank': 18, 'fitness': 0.9820137900379085, 'generation': 568}","{'id': 41003, 'rank': 19, 'fitness': 0.9820137900379085, 'generation': 568}","{'id': 41003, 'rank': 20, 'fitness': 0.9820137900379085, 'generation': 568}","{'id': 41003, 'rank': 21, 'fitness': 0.9820137900379085, 'generation': 568}","{'id': 41003, 'rank': 22, 'fitness': 0.9820137900379085, 'generation': 568}","{'id': 41003, 'rank': 23, 'fitness': 0.9820137900379085, 'generation': 568}","{'id': 41003, 'rank': 24, 'fitness': 0.9820137900379085, 'generation': 568}","{'id': 41003, 'rank': 25, 'fitness': 0.9820137900379085, 'generation': 568}","{'id': 41003, 'rank': 26, 'fitness': 0.9820137900379085, 'generation': 568}","{'id': 41003, 'rank': 27, 'fitness': 0.9820137900379085, 'generation': 568}","{'id': 41003, 'rank': 28, 'fitness': 0.9820137900379085, 'generation': 568}","{'id': 41003, 'rank': 29, 'fitness': 0.9820137900379085, 'generation': 568}","{'id': 42566, 'rank': 30, 'fitness': 0.01798620996209155, 'generation': 568}"
"{'id': 41003, 'rank': 1, 'fitness': 0.9820137900379085, 'generation': 569}","{'id': 41003, 'rank': 2, 'fitness': 0.9820137900379085, 'generation': 569}","{'id': 41003, 'rank': 3, 'fitness': 0.9820137900379085, 'generation': 569}","{'id': 41003, 'rank': 4, 'fitness': 0.9820137900379085, 'generation': 569}","{'id': 41003, 'rank': 5, 'fitness': 0.9820137900379085, 'generation': 569}","{'id': 41003, 'rank': 6, 'fitness': 0.9820137900379085, 'generation': 569}","{'id': 41003, 'rank': 7, 'fitness': 0.9820137900379085, 'generation': 569}","{'id': 41003, 'rank': 8, 'fitness': 0.9820137900379085, 'generation': 569}","{'id': 41003, 'rank': 9, 'fitness': 0.9820137900379085, 'generation': 569}","{'id': 41003, 'rank': 10, 'fitness': 0.9820137900379085, 'generation': 569}","{'id': 41003, 'rank': 11, 'fitness': 0.9820137900379085, 'generation': 569}","{'id': 41003, 'rank': 12, 'fitness': 0.9820137900379085, 'generation': 569}","{'id': 41003, 'rank': 13, 'fitness': 0.9820137900379085, 'generation': 569}","{'id': 41003, 'rank': 14, 'fitness': 0.9820137900379085, 'generation': 569}","{'id': 41003, 'rank': 15, 'fitness': 0.9820137900379085, 'generation': 569}","{'id': 41003, 'rank': 16, 'fitness': 0.9820137900379085, 'generation': 569}","{'id': 41003, 'rank': 17, 'fitness': 0.9820137900379085, 'generation': 569}","{'id': 41003, 'rank': 18, 'fitness': 0.9820137900379085, 'generation': 569}","{'id': 41003, 'rank': 19, 'fitness': 0.9820137900379085, 'generation': 569}","{'id': 41003, 'rank': 20, 'fitness': 0.9820137900379085, 'generation': 569}","{'id': 41003, 'rank': 21, 'fitness': 0.9820137900379085, 'generation': 569}","{'id': 41003, 'rank': 22, 'fitness': 0.9820137900379085, 'generation': 569}","{'id': 41003, 'rank': 23, 'fitness': 0.9820137900379085, 'generation': 569}","{'id': 41003, 'rank': 24, 'fitness': 0.9820137900379085, 'generation': 569}","{'id': 41003, 'rank': 25, 'fitness': 0.9820137900379085, 'generation': 569}","{'id': 41003, 'rank': 26, 'fitness': 0.9820137900379085, 'generation': 569}","{'id': 41003, 'rank': 27, 'fitness': 0.9820137900379085, 'generation': 569}","{'id': 41003, 'rank': 28, 'fitness': 0.9820137900379085, 'generation': 569}","{'id': 42666, 'rank': 29, 'fitness': 0.22351237988180644, 'generation': 569}","{'id': 42698, 'rank': 30, 'fitness': 0.01798620996209155, 'generation': 569}"
"{'id': 41003, 'rank': 1, 'fitness': 0.9820137900379085, 'generation': 570}","{'id': 41003, 'rank': 2, 'fitness': 0.9820137900379085, 'generation': 570}","{'id': 41003, 'rank': 3, 'fitness': 0.9820137900379085, 'generation': 570}","{'id': 41003, 'rank': 4, 'fitness': 0.9820137900379085, 'generation': 570}","{'id': 41003, 'rank': 5, 'fitness': 0.9820137900379085, 'generation': 570}","{'id': 41003, 'rank': 6, 'fitness': 0.9820137900379085, 'generation': 570}","{'id': 41003, 'rank': 7, 'fitness': 0.9820137900379085, 'generation': 570}","{'id': 41003, 'rank': 8, 'fitness': 0.9820137900379085, 'generation': 570}","{'id': 41003, 'rank': 9, 'fitness': 0.9820137900379085, 'generation': 570}","{'id': 41003, 'rank': 10, 'fitness': 0.9820137900379085, 'generation': 570}","{'id': 41003, 'rank': 11, 'fitness': 0.9820137900379085, 'generation': 570}","{'id': 41003, 'rank': 12, 'fitness': 0.9820137900379085, 'generation': 570}","{'id': 41003, 'rank': 13, 'fitness': 0.9820137900379085, 'generation': 570}","{'id': 41003, 'rank': 14, 'fitness': 0.9820137900379085, 'generation': 570}","{'id': 41003, 'rank': 15, 'fitness': 0.9820137900379085, 'generation': 570}","{'id': 41003, 'rank': 16, 'fitness': 0.9820137900379085, 'generation': 570}","{'id': 41003, 'rank': 17, 'fitness': 0.9820137900379085, 'generation': 570}","{'id': 41003, 'rank': 18, 'fitness': 0.9820137900379085, 'generation': 570}","{'id': 41003, 'rank': 19, 'fitness': 0.9820137900379085, 'generation': 570}","{'id': 41003, 'rank': 20, 'fitness': 0.9820137900379085, 'generation': 570}","{'id': 41003, 'rank': 21, 'fitness': 0.9820137900379085, 'generation': 570}","{'id': 41003, 'rank': 22, 'fitness': 0.9820137900379085, 'generation': 570}","{'id': 41003, 'rank': 23, 'fitness': 0.9820137900379085, 'generation': 570}","{'id': 41003, 'rank': 24, 'fitness': 0.9820137900379085, 'generation': 570}","{'id': 42755, 'rank': 25, 'fitness': 0.80858324598463, 'generation': 570}","{'id': 42781, 'rank': 26, 'fitness': 0.6134090266832913, 'generation': 570}","{'id': 42737, 'rank': 27, 'fitness': 0.49564345192141357, 'generation': 570}","{'id': 42752, 'rank': 28, 'fitness': 0.10031148508423848, 'generation': 570}","{'id': 42729, 'rank': 29, 'fitness': 0.029298381629613623, 'generation': 570}","{'id': 42753, 'rank': 30, 'fitness': 0.01798620996209155, 'generation': 570}"
"{'id': 41003, 'rank': 1, 'fitness': 0.9820137900379085, 'generation': 571}","{'id': 41003, 'rank': 2, 'fitness': 0.9820137900379085, 'generation': 571}","{'id': 41003, 'rank': 3, 'fitness': 0.9820137900379085, 'generation': 571}","{'id': 41003, 'rank': 4, 'fitness': 0.9820137900379085, 'generation': 571}","{'id': 41003, 'rank': 5, 'fitness': 0.9820137900379085, 'generation': 571}","{'id': 41003, 'rank': 6, 'fitness': 0.9820137900379085, 'generation': 571}","{'id': 41003, 'rank': 7, 'fitness': 0.9820137900379085, 'generation': 571}","{'id': 41003, 'rank': 8, 'fitness': 0.9820137900379085, 'generation': 571}","{'id': 41003, 'rank': 9, 'fitness': 0.9820137900379085, 'generation': 571}","{'id': 41003, 'rank': 10, 'fitness': 0.9820137900379085, 'generation': 571}","{'id': 41003, 'rank': 11, 'fitness': 0.9820137900379085, 'generation': 571}","{'id': 41003, 'rank': 12, 'fitness': 0.9820137900379085, 'generation': 571}","{'id': 41003, 'rank': 13, 'fitness': 0.9820137900379085, 'generation': 571}","{'id': 41003, 'rank': 14, 'fitness': 0.9820137900379085, 'generation': 571}","{'id': 41003, 'rank': 15, 'fitness': 0.9820137900379085, 'generation': 571}","{'id': 41003, 'rank': 16, 'fitness': 0.9820137900379085, 'generation': 571}","{'id': 41003, 'rank': 17, 'fitness': 0.9820137900379085, 'generation': 571}","{'id': 41003, 'rank': 18, 'fitness': 0.9820137900379085, 'generation': 571}","{'id': 41003, 'rank': 19, 'fitness': 0.9820137900379085, 'generation': 571}","{'id': 41003, 'rank': 20, 'fitness': 0.9820137900379085, 'generation': 571}","{'id': 41003, 'rank': 21, 'fitness': 0.9820137900379085, 'generation': 571}","{'id': 41003, 'rank': 22, 'fitness': 0.9820137900379085, 'generation': 571}","{'id': 41003, 'rank': 23, 'fitness': 0.9820137900379085, 'generation': 571}","{'id': 41003, 'rank': 24, 'fitness': 0.9820137900379085, 'generation': 571}","{'id': 41003, 'rank': 25, 'fitness': 0.9820137900379085, 'generation': 571}","{'id': 41003, 'rank': 26, 'fitness': 0.9820137900379085, 'generation': 571}","{'id': 41003, 'rank': 27, 'fitness': 0.9820137900379085, 'generation': 571}","{'id': 41003, 'rank': 28, 'fitness': 0.9820137900379085, 'generation': 571}","{'id': 41003, 'rank': 29, 'fitness': 0.9820137900379085, 'generation': 571}","{'id': 42781, 'rank': 30, 'fitness': 0.01798620996209155, 'generation': 571}"
"{'id': 41003, 'rank': 1, 'fitness': 0.9820137900379085, 'generation': 572}","{'id': 41003, 'rank': 2, 'fitness': 0.9820137900379085, 'generation': 572}","{'id': 41003, 'rank': 3, 'fitness': 0.9820137900379085, 'generation': 572}","{'id': 41003, 'rank': 4, 'fitness': 0.9820137900379085, 'generation': 572}","{'id': 41003, 'rank': 5, 'fitness': 0.9820137900379085, 'generation': 572}","{'id': 41003, 'rank': 6, 'fitness': 0.9820137900379085, 'generation': 572}","{'id': 41003, 'rank': 7, 'fitness': 0.9820137900379085, 'generation': 572}","{'id': 41003, 'rank': 8, 'fitness': 0.9820137900379085, 'generation': 572}","{'id': 41003, 'rank': 9, 'fitness': 0.9820137900379085, 'generation': 572}","{'id': 41003, 'rank': 10, 'fitness': 0.9820137900379085, 'generation': 572}","{'id': 41003, 'rank': 11, 'fitness': 0.9820137900379085, 'generation': 572}","{'id': 41003, 'rank': 12, 'fitness': 0.9820137900379085, 'generation': 572}","{'id': 41003, 'rank': 13, 'fitness': 0.9820137900379085, 'generation': 572}","{'id': 41003, 'rank': 14, 'fitness': 0.9820137900379085, 'generation': 572}","{'id': 41003, 'rank': 15, 'fitness': 0.9820137900379085, 'generation': 572}","{'id': 41003, 'rank': 16, 'fitness': 0.9820137900379085, 'generation': 572}","{'id': 41003, 'rank': 17, 'fitness': 0.9820137900379085, 'generation': 572}","{'id': 41003, 'rank': 18, 'fitness': 0.9820137900379085, 'generation': 572}","{'id': 41003, 'rank': 19, 'fitness': 0.9820137900379085, 'generation': 572}","{'id': 41003, 'rank': 20, 'fitness': 0.9820137900379085, 'generation': 572}","{'id': 41003, 'rank': 21, 'fitness': 0.9820137900379085, 'generation': 572}","{'id': 41003, 'rank': 22, 'fitness': 0.9820137900379085, 'generation': 572}","{'id': 41003, 'rank': 23, 'fitness': 0.9820137900379085, 'generation': 572}","{'id': 41003, 'rank': 24, 'fitness': 0.9820137900379085, 'generation': 572}","{'id': 41003, 'rank': 25, 'fitness': 0.9820137900379085, 'generation': 572}","{'id': 41003, 'rank': 26, 'fitness': 0.9820137900379085, 'generation': 572}","{'id': 41003, 'rank': 27, 'fitness': 0.9820137900379085, 'generation': 572}","{'id': 42900, 'rank': 28, 'fitness': 0.2578075302620867, 'generation': 572}","{'id': 42900, 'rank': 29, 'fitness': 0.2578075302620867, 'generation': 572}","{'id': 42957, 'rank': 30, 'fitness': 0.01798620996209155, 'generation': 572}"
"{'id': 41003, 'rank': 1, 'fitness': 0.9820137900379085, 'generation': 573}","{'id': 41003, 'rank': 2, 'fitness': 0.9820137900379085, 'generation': 573}","{'id': 41003, 'rank': 3, 'fitness': 0.9820137900379085, 'generation': 573}","{'id': 41003, 'rank': 4, 'fitness': 0.9820137900379085, 'generation': 573}","{'id': 41003, 'rank': 5, 'fitness': 0.9820137900379085, 'generation': 573}","{'id': 41003, 'rank': 6, 'fitness': 0.9820137900379085, 'generation': 573}","{'id': 41003, 'rank': 7, 'fitness': 0.9820137900379085, 'generation': 573}","{'id': 41003, 'rank': 8, 'fitness': 0.9820137900379085, 'generation': 573}","{'id': 41003, 'rank': 9, 'fitness': 0.9820137900379085, 'generation': 573}","{'id': 41003, 'rank': 10, 'fitness': 0.9820137900379085, 'generation': 573}","{'id': 41003, 'rank': 11, 'fitness': 0.9820137900379085, 'generation': 573}","{'id': 41003, 'rank': 12, 'fitness': 0.9820137900379085, 'generation': 573}","{'id': 41003, 'rank': 13, 'fitness': 0.9820137900379085, 'generation': 573}","{'id': 41003, 'rank': 14, 'fitness': 0.9820137900379085, 'generation': 573}","{'id': 41003, 'rank': 15, 'fitness': 0.9820137900379085, 'generation': 573}","{'id': 41003, 'rank': 16, 'fitness': 0.9820137900379085, 'generation': 573}","{'id': 41003, 'rank': 17, 'fitness': 0.9820137900379085, 'generation': 573}","{'id': 41003, 'rank': 18, 'fitness': 0.9820137900379085, 'generation': 573}","{'id': 41003, 'rank': 19, 'fitness': 0.9820137900379085, 'generation': 573}","{'id': 41003, 'rank': 20, 'fitness': 0.9820137900379085, 'generation': 573}","{'id': 41003, 'rank': 21, 'fitness': 0.9820137900379085, 'generation': 573}","{'id': 41003, 'rank': 22, 'fitness': 0.9820137900379085, 'generation': 573}","{'id': 41003, 'rank': 23, 'fitness': 0.9820137900379085, 'generation': 573}","{'id': 41003, 'rank': 24, 'fitness': 0.9820137900379085, 'generation': 573}","{'id': 41003, 'rank': 25, 'fitness': 0.9820137900379085, 'generation': 573}","{'id': 41003, 'rank': 26, 'fitness': 0.9820137900379085, 'generation': 573}","{'id': 42900, 'rank': 27, 'fitness': 0.849803750501817, 'generation': 573}","{'id': 42900, 'rank': 28, 'fitness': 0.849803750501817, 'generation': 573}","{'id': 43015, 'rank': 29, 'fitness': 0.38832069568788674, 'generation': 573}","{'id': 42982, 'rank': 30, 'fitness': 0.01798620996209155, 'generation': 573}"
"{'id': 41003, 'rank': 1, 'fitness': 0.9820137900379085, 'generation': 574}","{'id': 41003, 'rank': 2, 'fitness': 0.9820137900379085, 'generation': 574}","{'id': 41003, 'rank': 3, 'fitness': 0.9820137900379085, 'generation': 574}","{'id': 41003, 'rank': 4, 'fitness': 0.9820137900379085, 'generation': 574}","{'id': 41003, 'rank': 5, 'fitness': 0.9820137900379085, 'generation': 574}","{'id': 41003, 'rank': 6, 'fitness': 0.9820137900379085, 'generation': 574}","{'id': 41003, 'rank': 7, 'fitness': 0.9820137900379085, 'generation': 574}","{'id': 41003, 'rank': 8, 'fitness': 0.9820137900379085, 'generation': 574}","{'id': 41003, 'rank': 9, 'fitness': 0.9820137900379085, 'generation': 574}","{'id': 41003, 'rank': 10, 'fitness': 0.9820137900379085, 'generation': 574}","{'id': 41003, 'rank': 11, 'fitness': 0.9820137900379085, 'generation': 574}","{'id': 41003, 'rank': 12, 'fitness': 0.9820137900379085, 'generation': 574}","{'id': 41003, 'rank': 13, 'fitness': 0.9820137900379085, 'generation': 574}","{'id': 41003, 'rank': 14, 'fitness': 0.9820137900379085, 'generation': 574}","{'id': 41003, 'rank': 15, 'fitness': 0.9820137900379085, 'generation': 574}","{'id': 41003, 'rank': 16, 'fitness': 0.9820137900379085, 'generation': 574}","{'id': 41003, 'rank': 17, 'fitness': 0.9820137900379085, 'generation': 574}","{'id': 41003, 'rank': 18, 'fitness': 0.9820137900379085, 'generation': 574}","{'id': 41003, 'rank': 19, 'fitness': 0.9820137900379085, 'generation': 574}","{'id': 41003, 'rank': 20, 'fitness': 0.9820137900379085, 'generation': 574}","{'id': 41003, 'rank': 21, 'fitness': 0.9820137900379085, 'generation': 574}","{'id': 41003, 'rank': 22, 'fitness': 0.9820137900379085, 'generation': 574}","{'id': 41003, 'rank': 23, 'fitness': 0.9820137900379085, 'generation': 574}","{'id': 41003, 'rank': 24, 'fitness': 0.9820137900379085, 'generation': 574}","{'id': 43103, 'rank': 25, 'fitness': 0.8473773130691251, 'generation': 574}","{'id': 43114, 'rank': 26, 'fitness': 0.7848878245409774, 'generation': 574}","{'id': 43081, 'rank': 27, 'fitness': 0.2508013308039669, 'generation': 574}","{'id': 43094, 'rank': 28, 'fitness': 0.13720215759689258, 'generation': 574}","{'id': 43015, 'rank': 29, 'fitness': 0.03095648592244321, 'generation': 574}","{'id': 43106, 'rank': 30, 'fitness': 0.01798620996209155, 'generation': 574}"
"{'id': 41003, 'rank': 1, 'fitness': 0.9820137900379085, 'generation': 575}","{'id': 41003, 'rank': 2, 'fitness': 0.9820137900379085, 'generation': 575}","{'id': 41003, 'rank': 3, 'fitness': 0.9820137900379085, 'generation': 575}","{'id': 41003, 'rank': 4, 'fitness': 0.9820137900379085, 'generation': 575}","{'id': 41003, 'rank': 5, 'fitness': 0.9820137900379085, 'generation': 575}","{'id': 41003, 'rank': 6, 'fitness': 0.9820137900379085, 'generation': 575}","{'id': 41003, 'rank': 7, 'fitness': 0.9820137900379085, 'generation': 575}","{'id': 41003, 'rank': 8, 'fitness': 0.9820137900379085, 'generation': 575}","{'id': 41003, 'rank': 9, 'fitness': 0.9820137900379085, 'generation': 575}","{'id': 41003, 'rank': 10, 'fitness': 0.9820137900379085, 'generation': 575}","{'id': 41003, 'rank': 11, 'fitness': 0.9820137900379085, 'generation': 575}","{'id': 41003, 'rank': 12, 'fitness': 0.9820137900379085, 'generation': 575}","{'id': 41003, 'rank': 13, 'fitness': 0.9820137900379085, 'generation': 575}","{'id': 41003, 'rank': 14, 'fitness': 0.9820137900379085, 'generation': 575}","{'id': 41003, 'rank': 15, 'fitness': 0.9820137900379085, 'generation': 575}","{'id': 41003, 'rank': 16, 'fitness': 0.9820137900379085, 'generation': 575}","{'id': 41003, 'rank': 17, 'fitness': 0.9820137900379085, 'generation': 575}","{'id': 41003, 'rank': 18, 'fitness': 0.9820137900379085, 'generation': 575}","{'id': 41003, 'rank': 19, 'fitness': 0.9820137900379085, 'generation': 575}","{'id': 41003, 'rank': 20, 'fitness': 0.9820137900379085, 'generation': 575}","{'id': 41003, 'rank': 21, 'fitness': 0.9820137900379085, 'generation': 575}","{'id': 41003, 'rank': 22, 'fitness': 0.9820137900379085, 'generation': 575}","{'id': 41003, 'rank': 23, 'fitness': 0.9820137900379085, 'generation': 575}","{'id': 41003, 'rank': 24, 'fitness': 0.9820137900379085, 'generation': 575}","{'id': 41003, 'rank': 25, 'fitness': 0.9820137900379085, 'generation': 575}","{'id': 43165, 'rank': 26, 'fitness': 0.17712223612068528, 'generation': 575}","{'id': 43171, 'rank': 27, 'fitness': 0.06680807743562922, 'generation': 575}","{'id': 43106, 'rank': 28, 'fitness': 0.022724545787788653, 'generation': 575}","{'id': 43193, 'rank': 29, 'fitness': 0.018691537682769432, 'generation': 575}","{'id': 43218, 'rank': 30, 'fitness': 0.01798620996209155, 'generation': 575}"
"{'id': 43293, 'rank': 1, 'fitness': 0.9820137900379085, 'generation': 576}","{'id': 43293, 'rank': 2, 'fitness': 0.9820137900379085, 'generation': 576}","{'id': 43293, 'rank': 3, 'fitness': 0.9820137900379085, 'generation': 576}","{'id': 41003, 'rank': 4, 'fitness': 0.9567858656676556, 'generation': 576}","{'id': 41003, 'rank': 5, 'fitness': 0.9567858656676556, 'generation': 576}","{'id': 41003, 'rank': 6, 'fitness': 0.9567858656676556, 'generation': 576}","{'id': 41003, 'rank': 7, 'fitness': 0.9567858656676556, 'generation': 576}","{'id': 41003, 'rank': 8, 'fitness': 0.9567858656676556, 'generation': 576}","{'id': 41003, 'rank': 9, 'fitness': 0.9567858656676556, 'generation': 576}","{'id': 41003, 'rank': 10, 'fitness': 0.9567858656676556, 'generation': 576}","{'id': 41003, 'rank': 11, 'fitness': 0.9567858656676556, 'generation': 576}","{'id': 41003, 'rank': 12, 'fitness': 0.9567858656676556, 'generation': 576}","{'id': 41003, 'rank': 13, 'fitness': 0.9567858656676556, 'generation': 576}","{'id': 41003, 'rank': 14, 'fitness': 0.9567858656676556, 'generation': 576}","{'id': 41003, 'rank': 15, 'fitness': 0.9567858656676556, 'generation': 576}","{'id': 41003, 'rank': 16, 'fitness': 0.9567858656676556, 'generation': 576}","{'id': 41003, 'rank': 17, 'fitness': 0.9567858656676556, 'generation': 576}","{'id': 41003, 'rank': 18, 'fitness': 0.9567858656676556, 'generation': 576}","{'id': 41003, 'rank': 19, 'fitness': 0.9567858656676556, 'generation': 576}","{'id': 41003, 'rank': 20, 'fitness': 0.9567858656676556, 'generation': 576}","{'id': 41003, 'rank': 21, 'fitness': 0.9567858656676556, 'generation': 576}","{'id': 41003, 'rank': 22, 'fitness': 0.9567858656676556, 'generation': 576}","{'id': 41003, 'rank': 23, 'fitness': 0.9567858656676556, 'generation': 576}","{'id': 41003, 'rank': 24, 'fitness': 0.9567858656676556, 'generation': 576}","{'id': 41003, 'rank': 25, 'fitness': 0.9567858656676556, 'generation': 576}","{'id': 41003, 'rank': 26, 'fitness': 0.9567858656676556, 'generation': 576}","{'id': 43296, 'rank': 27, 'fitness': 0.583439199452538, 'generation': 576}","{'id': 43286, 'rank': 28, 'fitness': 0.05343825267163904, 'generation': 576}","{'id': 43262, 'rank': 29, 'fitness': 0.026747578252120763, 'generation': 576}","{'id': 43288, 'rank': 30, 'fitness': 0.01798620996209155, 'generation': 576}"
"{'id': 43293, 'rank': 1, 'fitness': 0.9820137900379085, 'generation': 577}","{'id': 43293, 'rank': 2, 'fitness': 0.9820137900379085, 'generation': 577}","{'id': 43293, 'rank': 3, 'fitness': 0.9820137900379085, 'generation': 577}","{'id': 41003, 'rank': 4, 'fitness': 0.9787691270595171, 'generation': 577}","{'id': 41003, 'rank': 5, 'fitness': 0.9787691270595171, 'generation': 577}","{'id': 41003, 'rank': 6, 'fitness': 0.9787691270595171, 'generation': 577}","{'id': 41003, 'rank': 7, 'fitness': 0.9787691270595171, 'generation': 577}","{'id': 41003, 'rank': 8, 'fitness': 0.9787691270595171, 'generation': 577}","{'id': 41003, 'rank': 9, 'fitness': 0.9787691270595171, 'generation': 577}","{'id': 41003, 'rank': 10, 'fitness': 0.9787691270595171, 'generation': 577}","{'id': 41003, 'rank': 11, 'fitness': 0.9787691270595171, 'generation': 577}","{'id': 41003, 'rank': 12, 'fitness': 0.9787691270595171, 'generation': 577}","{'id': 41003, 'rank': 13, 'fitness': 0.9787691270595171, 'generation': 577}","{'id': 41003, 'rank': 14, 'fitness': 0.9787691270595171, 'generation': 577}","{'id': 41003, 'rank': 15, 'fitness': 0.9787691270595171, 'generation': 577}","{'id': 41003, 'rank': 16, 'fitness': 0.9787691270595171, 'generation': 577}","{'id': 41003, 'rank': 17, 'fitness': 0.9787691270595171, 'generation': 577}","{'id': 41003, 'rank': 18, 'fitness': 0.9787691270595171, 'generation': 577}","{'id': 41003, 'rank': 19, 'fitness': 0.9787691270595171, 'generation': 577}","{'id': 41003, 'rank': 20, 'fitness': 0.9787691270595171, 'generation': 577}","{'id': 41003, 'rank': 21, 'fitness': 0.9787691270595171, 'generation': 577}","{'id': 41003, 'rank': 22, 'fitness': 0.9787691270595171, 'generation': 577}","{'id': 41003, 'rank': 23, 'fitness': 0.9787691270595171, 'generation': 577}","{'id': 41003, 'rank': 24, 'fitness': 0.9787691270595171, 'generation': 577}","{'id': 43296, 'rank': 25, 'fitness': 0.9648881386918684, 'generation': 577}","{'id': 43286, 'rank': 26, 'fitness': 0.9377097489998889, 'generation': 577}","{'id': 43356, 'rank': 27, 'fitness': 0.9363273275402594, 'generation': 577}","{'id': 43309, 'rank': 28, 'fitness': 0.9339128651625662, 'generation': 577}","{'id': 43309, 'rank': 29, 'fitness': 0.9339128651625662, 'generation': 577}","{'id': 43340, 'rank': 30, 'fitness': 0.01798620996209155, 'generation': 577}"
"{'id': 43293, 'rank': 1, 'fitness': 0.9820137900379085, 'generation': 578}","{'id': 43293, 'rank': 2, 'fitness': 0.9820137900379085, 'generation': 578}","{'id': 43293, 'rank': 3, 'fitness': 0.9820137900379085, 'generation': 578}","{'id': 43293, 'rank': 4, 'fitness': 0.9820137900379085, 'generation': 578}","{'id': 41003, 'rank': 5, 'fitness': 0.9667687216406284, 'generation': 578}","{'id': 41003, 'rank': 6, 'fitness': 0.9667687216406284, 'generation': 578}","{'id': 41003, 'rank': 7, 'fitness': 0.9667687216406284, 'generation': 578}","{'id': 41003, 'rank': 8, 'fitness': 0.9667687216406284, 'generation': 578}","{'id': 41003, 'rank': 9, 'fitness': 0.9667687216406284, 'generation': 578}","{'id': 41003, 'rank': 10, 'fitness': 0.9667687216406284, 'generation': 578}","{'id': 41003, 'rank': 11, 'fitness': 0.9667687216406284, 'generation': 578}","{'id': 41003, 'rank': 12, 'fitness': 0.9667687216406284, 'generation': 578}","{'id': 41003, 'rank': 13, 'fitness': 0.9667687216406284, 'generation': 578}","{'id': 41003, 'rank': 14, 'fitness': 0.9667687216406284, 'generation': 578}","{'id': 41003, 'rank': 15, 'fitness': 0.9667687216406284, 'generation': 578}","{'id': 41003, 'rank': 16, 'fitness': 0.9667687216406284, 'generation': 578}","{'id': 41003, 'rank': 17, 'fitness': 0.9667687216406284, 'generation': 578}","{'id': 41003, 'rank': 18, 'fitness': 0.9667687216406284, 'generation': 578}","{'id': 41003, 'rank': 19, 'fitness': 0.9667687216406284, 'generation': 578}","{'id': 41003, 'rank': 20, 'fitness': 0.9667687216406284, 'generation': 578}","{'id': 41003, 'rank': 21, 'fitness': 0.9667687216406284, 'generation': 578}","{'id': 41003, 'rank': 22, 'fitness': 0.9667687216406284, 'generation': 578}","{'id': 41003, 'rank': 23, 'fitness': 0.9667687216406284, 'generation': 578}","{'id': 41003, 'rank': 24, 'fitness': 0.9667687216406284, 'generation': 578}","{'id': 43309, 'rank': 25, 'fitness': 0.2630929680598503, 'generation': 578}","{'id': 43411, 'rank': 26, 'fitness': 0.17732617657807037, 'generation': 578}","{'id': 43382, 'rank': 27, 'fitness': 0.09691280090878779, 'generation': 578}","{'id': 43443, 'rank': 28, 'fitness': 0.02789830852011005, 'generation': 578}","{'id': 43453, 'rank': 29, 'fitness': 0.020961077588984356, 'generation': 578}","{'id': 43417, 'rank': 30, 'fitness': 0.01798620996209155, 'generation': 578}"
"{'id': 43293, 'rank': 1, 'fitness': 0.9820137900379085, 'generation': 579}","{'id': 43293, 'rank': 2, 'fitness': 0.9820137900379085, 'generation': 579}","{'id': 43293, 'rank': 3, 'fitness': 0.9820137900379085, 'generation': 579}","{'id': 43293, 'rank': 4, 'fitness': 0.9820137900379085, 'generation': 579}","{'id': 43293, 'rank': 5, 'fitness': 0.9820137900379085, 'generation': 579}","{'id': 43293, 'rank': 6, 'fitness': 0.9820137900379085, 'generation': 579}","{'id': 43293, 'rank': 7, 'fitness': 0.9820137900379085, 'generation': 579}","{'id': 43293, 'rank': 8, 'fitness': 0.9820137900379085, 'generation': 579}","{'id': 41003, 'rank': 9, 'fitness': 0.9783332249476262, 'generation': 579}","{'id': 41003, 'rank': 10, 'fitness': 0.9783332249476262, 'generation': 579}","{'id': 41003, 'rank': 11, 'fitness': 0.9783332249476262, 'generation': 579}","{'id': 41003, 'rank': 12, 'fitness': 0.9783332249476262, 'generation': 579}","{'id': 41003, 'rank': 13, 'fitness': 0.9783332249476262, 'generation': 579}","{'id': 41003, 'rank': 14, 'fitness': 0.9783332249476262, 'generation': 579}","{'id': 41003, 'rank': 15, 'fitness': 0.9783332249476262, 'generation': 579}","{'id': 41003, 'rank': 16, 'fitness': 0.9783332249476262, 'generation': 579}","{'id': 41003, 'rank': 17, 'fitness': 0.9783332249476262, 'generation': 579}","{'id': 41003, 'rank': 18, 'fitness': 0.9783332249476262, 'generation': 579}","{'id': 41003, 'rank': 19, 'fitness': 0.9783332249476262, 'generation': 579}","{'id': 41003, 'rank': 20, 'fitness': 0.9783332249476262, 'generation': 579}","{'id': 41003, 'rank': 21, 'fitness': 0.9783332249476262, 'generation': 579}","{'id': 41003, 'rank': 22, 'fitness': 0.9783332249476262, 'generation': 579}","{'id': 41003, 'rank': 23, 'fitness': 0.9783332249476262, 'generation': 579}","{'id': 41003, 'rank': 24, 'fitness': 0.9783332249476262, 'generation': 579}","{'id': 41003, 'rank': 25, 'fitness': 0.9783332249476262, 'generation': 579}","{'id': 41003, 'rank': 26, 'fitness': 0.9783332249476262, 'generation': 579}","{'id': 41003, 'rank': 27, 'fitness': 0.9783332249476262, 'generation': 579}","{'id': 41003, 'rank': 28, 'fitness': 0.9783332249476262, 'generation': 579}","{'id': 43309, 'rank': 29, 'fitness': 0.9229033465087458, 'generation': 579}","{'id': 43499, 'rank': 30, 'fitness': 0.01798620996209155, 'generation': 579}"
"{'id': 43293, 'rank': 1, 'fitness': 0.9820137900379085, 'generation': 580}","{'id': 43293, 'rank': 2, 'fitness': 0.9820137900379085, 'generation': 580}","{'id': 43293, 'rank': 3, 'fitness': 0.9820137900379085, 'generation': 580}","{'id': 43293, 'rank': 4, 'fitness': 0.9820137900379085, 'generation': 580}","{'id': 43293, 'rank': 5, 'fitness': 0.9820137900379085, 'generation': 580}","{'id': 43293, 'rank': 6, 'fitness': 0.9820137900379085, 'generation': 580}","{'id': 43293, 'rank': 7, 'fitness': 0.9820137900379085, 'generation': 580}","{'id': 43293, 'rank': 8, 'fitness': 0.9820137900379085, 'generation': 580}","{'id': 43293, 'rank': 9, 'fitness': 0.9820137900379085, 'generation': 580}","{'id': 43293, 'rank': 10, 'fitness': 0.9820137900379085, 'generation': 580}","{'id': 41003, 'rank': 11, 'fitness': 0.9696766915198511, 'generation': 580}","{'id': 41003, 'rank': 12, 'fitness': 0.9696766915198511, 'generation': 580}","{'id': 41003, 'rank': 13, 'fitness': 0.9696766915198511, 'generation': 580}","{'id': 41003, 'rank': 14, 'fitness': 0.9696766915198511, 'generation': 580}","{'id': 41003, 'rank': 15, 'fitness': 0.9696766915198511, 'generation': 580}","{'id': 41003, 'rank': 16, 'fitness': 0.9696766915198511, 'generation': 580}","{'id': 41003, 'rank': 17, 'fitness': 0.9696766915198511, 'generation': 580}","{'id': 41003, 'rank': 18, 'fitness': 0.9696766915198511, 'generation': 580}","{'id': 41003, 'rank': 19, 'fitness': 0.9696766915198511, 'generation': 580}","{'id': 41003, 'rank': 20, 'fitness': 0.9696766915198511, 'generation': 580}","{'id': 41003, 'rank': 21, 'fitness': 0.9696766915198511, 'generation': 580}","{'id': 41003, 'rank': 22, 'fitness': 0.9696766915198511, 'generation': 580}","{'id': 41003, 'rank': 23, 'fitness': 0.9696766915198511, 'generation': 580}","{'id': 41003, 'rank': 24, 'fitness': 0.9696766915198511, 'generation': 580}","{'id': 43575, 'rank': 25, 'fitness': 0.788878497964444, 'generation': 580}","{'id': 43573, 'rank': 26, 'fitness': 0.5616551168416347, 'generation': 580}","{'id': 43558, 'rank': 27, 'fitness': 0.3153108339104701, 'generation': 580}","{'id': 43551, 'rank': 28, 'fitness': 0.12872555718658746, 'generation': 580}","{'id': 43584, 'rank': 29, 'fitness': 0.05908411487528947, 'generation': 580}","{'id': 43599, 'rank': 30, 'fitness': 0.01798620996209155, 'generation': 580}"
"{'id': 43293, 'rank': 1, 'fitness': 0.9820137900379085, 'generation': 581}","{'id': 43293, 'rank': 2, 'fitness': 0.9820137900379085, 'generation': 581}","{'id': 43293, 'rank': 3, 'fitness': 0.9820137900379085, 'generation': 581}","{'id': 43293, 'rank': 4, 'fitness': 0.9820137900379085, 'generation': 581}","{'id': 43293, 'rank': 5, 'fitness': 0.9820137900379085, 'generation': 581}","{'id': 43293, 'rank': 6, 'fitness': 0.9820137900379085, 'generation': 581}","{'id': 43293, 'rank': 7, 'fitness': 0.9820137900379085, 'generation': 581}","{'id': 43293, 'rank': 8, 'fitness': 0.9820137900379085, 'generation': 581}","{'id': 43293, 'rank': 9, 'fitness': 0.9820137900379085, 'generation': 581}","{'id': 43293, 'rank': 10, 'fitness': 0.9820137900379085, 'generation': 581}","{'id': 43293, 'rank': 11, 'fitness': 0.9820137900379085, 'generation': 581}","{'id': 43293, 'rank': 12, 'fitness': 0.9820137900379085, 'generation': 581}","{'id': 43293, 'rank': 13, 'fitness': 0.9820137900379085, 'generation': 581}","{'id': 43293, 'rank': 14, 'fitness': 0.9820137900379085, 'generation': 581}","{'id': 41003, 'rank': 15, 'fitness': 0.9755597017233832, 'generation': 581}","{'id': 41003, 'rank': 16, 'fitness': 0.9755597017233832, 'generation': 581}","{'id': 41003, 'rank': 17, 'fitness': 0.9755597017233832, 'generation': 581}","{'id': 41003, 'rank': 18, 'fitness': 0.9755597017233832, 'generation': 581}","{'id': 41003, 'rank': 19, 'fitness': 0.9755597017233832, 'generation': 581}","{'id': 41003, 'rank': 20, 'fitness': 0.9755597017233832, 'generation': 581}","{'id': 41003, 'rank': 21, 'fitness': 0.9755597017233832, 'generation': 581}","{'id': 41003, 'rank': 22, 'fitness': 0.9755597017233832, 'generation': 581}","{'id': 41003, 'rank': 23, 'fitness': 0.9755597017233832, 'generation': 581}","{'id': 41003, 'rank': 24, 'fitness': 0.9755597017233832, 'generation': 581}","{'id': 41003, 'rank': 25, 'fitness': 0.9755597017233832, 'generation': 581}","{'id': 43558, 'rank': 26, 'fitness': 0.7692253618626175, 'generation': 581}","{'id': 43662, 'rank': 27, 'fitness': 0.6981286417391847, 'generation': 581}","{'id': 43637, 'rank': 28, 'fitness': 0.6628011501257896, 'generation': 581}","{'id': 43691, 'rank': 29, 'fitness': 0.655732244716041, 'generation': 581}","{'id': 43625, 'rank': 30, 'fitness': 0.01798620996209155, 'generation': 581}"
"{'id': 43293, 'rank': 1, 'fitness': 0.9820137900379085, 'generation': 582}","{'id': 43293, 'rank': 2, 'fitness': 0.9820137900379085, 'generation': 582}","{'id': 43293, 'rank': 3, 'fitness': 0.9820137900379085, 'generation': 582}","{'id': 43293, 'rank': 4, 'fitness': 0.9820137900379085, 'generation': 582}","{'id': 43293, 'rank': 5, 'fitness': 0.9820137900379085, 'generation': 582}","{'id': 43293, 'rank': 6, 'fitness': 0.9820137900379085, 'generation': 582}","{'id': 43293, 'rank': 7, 'fitness': 0.9820137900379085, 'generation': 582}","{'id': 43293, 'rank': 8, 'fitness': 0.9820137900379085, 'generation': 582}","{'id': 43293, 'rank': 9, 'fitness': 0.9820137900379085, 'generation': 582}","{'id': 43293, 'rank': 10, 'fitness': 0.9820137900379085, 'generation': 582}","{'id': 43293, 'rank': 11, 'fitness': 0.9820137900379085, 'generation': 582}","{'id': 43293, 'rank': 12, 'fitness': 0.9820137900379085, 'generation': 582}","{'id': 43293, 'rank': 13, 'fitness': 0.9820137900379085, 'generation': 582}","{'id': 43293, 'rank': 14, 'fitness': 0.9820137900379085, 'generation': 582}","{'id': 43293, 'rank': 15, 'fitness': 0.9820137900379085, 'generation': 582}","{'id': 43293, 'rank': 16, 'fitness': 0.9820137900379085, 'generation': 582}","{'id': 43293, 'rank': 17, 'fitness': 0.9820137900379085, 'generation': 582}","{'id': 43293, 'rank': 18, 'fitness': 0.9820137900379085, 'generation': 582}","{'id': 43293, 'rank': 19, 'fitness': 0.9820137900379085, 'generation': 582}","{'id': 43293, 'rank': 20, 'fitness': 0.9820137900379085, 'generation': 582}","{'id': 41003, 'rank': 21, 'fitness': 0.9611130624674891, 'generation': 582}","{'id': 41003, 'rank': 22, 'fitness': 0.9611130624674891, 'generation': 582}","{'id': 41003, 'rank': 23, 'fitness': 0.9611130624674891, 'generation': 582}","{'id': 41003, 'rank': 24, 'fitness': 0.9611130624674891, 'generation': 582}","{'id': 41003, 'rank': 25, 'fitness': 0.9611130624674891, 'generation': 582}","{'id': 41003, 'rank': 26, 'fitness': 0.9611130624674891, 'generation': 582}","{'id': 41003, 'rank': 27, 'fitness': 0.9611130624674891, 'generation': 582}","{'id': 41003, 'rank': 28, 'fitness': 0.9611130624674891, 'generation': 582}","{'id': 43760, 'rank': 29, 'fitness': 0.32415444253967873, 'generation': 582}","{'id': 43662, 'rank': 30, 'fitness': 0.01798620996209155, 'generation': 582}"
"{'id': 43293, 'rank': 1, 'fitness': 0.9820137900379085, 'generation': 583}","{'id': 43293, 'rank': 2, 'fitness': 0.9820137900379085, 'generation': 583}","{'id': 43293, 'rank': 3, 'fitness': 0.9820137900379085, 'generation': 583}","{'id': 43293, 'rank': 4, 'fitness': 0.9820137900379085, 'generation': 583}","{'id': 43293, 'rank': 5, 'fitness': 0.9820137900379085, 'generation': 583}","{'id': 43293, 'rank': 6, 'fitness': 0.9820137900379085, 'generation': 583}","{'id': 43293, 'rank': 7, 'fitness': 0.9820137900379085, 'generation': 583}","{'id': 43293, 'rank': 8, 'fitness': 0.9820137900379085, 'generation': 583}","{'id': 43293, 'rank': 9, 'fitness': 0.9820137900379085, 'generation': 583}","{'id': 43293, 'rank': 10, 'fitness': 0.9820137900379085, 'generation': 583}","{'id': 43293, 'rank': 11, 'fitness': 0.9820137900379085, 'generation': 583}","{'id': 43293, 'rank': 12, 'fitness': 0.9820137900379085, 'generation': 583}","{'id': 43293, 'rank': 13, 'fitness': 0.9820137900379085, 'generation': 583}","{'id': 43293, 'rank': 14, 'fitness': 0.9820137900379085, 'generation': 583}","{'id': 43293, 'rank': 15, 'fitness': 0.9820137900379085, 'generation': 583}","{'id': 43293, 'rank': 16, 'fitness': 0.9820137900379085, 'generation': 583}","{'id': 43293, 'rank': 17, 'fitness': 0.9820137900379085, 'generation': 583}","{'id': 43293, 'rank': 18, 'fitness': 0.9820137900379085, 'generation': 583}","{'id': 43293, 'rank': 19, 'fitness': 0.9820137900379085, 'generation': 583}","{'id': 43293, 'rank': 20, 'fitness': 0.9820137900379085, 'generation': 583}","{'id': 43293, 'rank': 21, 'fitness': 0.9820137900379085, 'generation': 583}","{'id': 43293, 'rank': 22, 'fitness': 0.9820137900379085, 'generation': 583}","{'id': 43293, 'rank': 23, 'fitness': 0.9820137900379085, 'generation': 583}","{'id': 43293, 'rank': 24, 'fitness': 0.9820137900379085, 'generation': 583}","{'id': 41003, 'rank': 25, 'fitness': 0.9647327339403535, 'generation': 583}","{'id': 43810, 'rank': 26, 'fitness': 0.6072348649867669, 'generation': 583}","{'id': 43796, 'rank': 27, 'fitness': 0.3646743288399283, 'generation': 583}","{'id': 43824, 'rank': 28, 'fitness': 0.24479752780341701, 'generation': 583}","{'id': 43853, 'rank': 29, 'fitness': 0.09009064577852371, 'generation': 583}","{'id': 43831, 'rank': 30, 'fitness': 0.01798620996209155, 'generation': 583}"
"{'id': 43293, 'rank': 1, 'fitness': 0.9820137900379085, 'generation': 584}","{'id': 43293, 'rank': 2, 'fitness': 0.9820137900379085, 'generation': 584}","{'id': 43293, 'rank': 3, 'fitness': 0.9820137900379085, 'generation': 584}","{'id': 43293, 'rank': 4, 'fitness': 0.9820137900379085, 'generation': 584}","{'id': 43293, 'rank': 5, 'fitness': 0.9820137900379085, 'generation': 584}","{'id': 43293, 'rank': 6, 'fitness': 0.9820137900379085, 'generation': 584}","{'id': 43293, 'rank': 7, 'fitness': 0.9820137900379085, 'generation': 584}","{'id': 43293, 'rank': 8, 'fitness': 0.9820137900379085, 'generation': 584}","{'id': 43293, 'rank': 9, 'fitness': 0.9820137900379085, 'generation': 584}","{'id': 43293, 'rank': 10, 'fitness': 0.9820137900379085, 'generation': 584}","{'id': 43293, 'rank': 11, 'fitness': 0.9820137900379085, 'generation': 584}","{'id': 43293, 'rank': 12, 'fitness': 0.9820137900379085, 'generation': 584}","{'id': 43293, 'rank': 13, 'fitness': 0.9820137900379085, 'generation': 584}","{'id': 43293, 'rank': 14, 'fitness': 0.9820137900379085, 'generation': 584}","{'id': 43293, 'rank': 15, 'fitness': 0.9820137900379085, 'generation': 584}","{'id': 43293, 'rank': 16, 'fitness': 0.9820137900379085, 'generation': 584}","{'id': 43293, 'rank': 17, 'fitness': 0.9820137900379085, 'generation': 584}","{'id': 43293, 'rank': 18, 'fitness': 0.9820137900379085, 'generation': 584}","{'id': 43293, 'rank': 19, 'fitness': 0.9820137900379085, 'generation': 584}","{'id': 43293, 'rank': 20, 'fitness': 0.9820137900379085, 'generation': 584}","{'id': 43293, 'rank': 21, 'fitness': 0.9820137900379085, 'generation': 584}","{'id': 43293, 'rank': 22, 'fitness': 0.9820137900379085, 'generation': 584}","{'id': 43293, 'rank': 23, 'fitness': 0.9820137900379085, 'generation': 584}","{'id': 43293, 'rank': 24, 'fitness': 0.9820137900379085, 'generation': 584}","{'id': 43293, 'rank': 25, 'fitness': 0.9820137900379085, 'generation': 584}","{'id': 43293, 'rank': 26, 'fitness': 0.9820137900379085, 'generation': 584}","{'id': 43931, 'rank': 27, 'fitness': 0.7740479036437622, 'generation': 584}","{'id': 43824, 'rank': 28, 'fitness': 0.08005221179381916, 'generation': 584}","{'id': 43909, 'rank': 29, 'fitness': 0.06226082914453607, 'generation': 584}","{'id': 43905, 'rank': 30, 'fitness': 0.01798620996209155, 'generation': 584}"
"{'id': 43293, 'rank': 1, 'fitness': 0.9820137900379085, 'generation': 585}","{'id': 43293, 'rank': 2, 'fitness': 0.9820137900379085, 'generation': 585}","{'id': 43293, 'rank': 3, 'fitness': 0.9820137900379085, 'generation': 585}","{'id': 43293, 'rank': 4, 'fitness': 0.9820137900379085, 'generation': 585}","{'id': 43293, 'rank': 5, 'fitness': 0.9820137900379085, 'generation': 585}","{'id': 43293, 'rank': 6, 'fitness': 0.9820137900379085, 'generation': 585}","{'id': 43293, 'rank': 7, 'fitness': 0.9820137900379085, 'generation': 585}","{'id': 43293, 'rank': 8, 'fitness': 0.9820137900379085, 'generation': 585}","{'id': 43293, 'rank': 9, 'fitness': 0.9820137900379085, 'generation': 585}","{'id': 43293, 'rank': 10, 'fitness': 0.9820137900379085, 'generation': 585}","{'id': 43293, 'rank': 11, 'fitness': 0.9820137900379085, 'generation': 585}","{'id': 43293, 'rank': 12, 'fitness': 0.9820137900379085, 'generation': 585}","{'id': 43293, 'rank': 13, 'fitness': 0.9820137900379085, 'generation': 585}","{'id': 43293, 'rank': 14, 'fitness': 0.9820137900379085, 'generation': 585}","{'id': 43293, 'rank': 15, 'fitness': 0.9820137900379085, 'generation': 585}","{'id': 43293, 'rank': 16, 'fitness': 0.9820137900379085, 'generation': 585}","{'id': 43293, 'rank': 17, 'fitness': 0.9820137900379085, 'generation': 585}","{'id': 43293, 'rank': 18, 'fitness': 0.9820137900379085, 'generation': 585}","{'id': 43293, 'rank': 19, 'fitness': 0.9820137900379085, 'generation': 585}","{'id': 43293, 'rank': 20, 'fitness': 0.9820137900379085, 'generation': 585}","{'id': 43293, 'rank': 21, 'fitness': 0.9820137900379085, 'generation': 585}","{'id': 43293, 'rank': 22, 'fitness': 0.9820137900379085, 'generation': 585}","{'id': 43293, 'rank': 23, 'fitness': 0.9820137900379085, 'generation': 585}","{'id': 43293, 'rank': 24, 'fitness': 0.9820137900379085, 'generation': 585}","{'id': 43293, 'rank': 25, 'fitness': 0.9820137900379085, 'generation': 585}","{'id': 43963, 'rank': 26, 'fitness': 0.8328928625406214, 'generation': 585}","{'id': 43992, 'rank': 27, 'fitness': 0.6392615870101506, 'generation': 585}","{'id': 44028, 'rank': 28, 'fitness': 0.06867821666969526, 'generation': 585}","{'id': 43909, 'rank': 29, 'fitness': 0.04034867369197587, 'generation': 585}","{'id': 44021, 'rank': 30, 'fitness': 0.01798620996209155, 'generation': 585}"
"{'id': 43293, 'rank': 1, 'fitness': 0.9820137900379085, 'generation': 586}","{'id': 43293, 'rank': 2, 'fitness': 0.9820137900379085, 'generation': 586}","{'id': 43293, 'rank': 3, 'fitness': 0.9820137900379085, 'generation': 586}","{'id': 43293, 'rank': 4, 'fitness': 0.9820137900379085, 'generation': 586}","{'id': 43293, 'rank': 5, 'fitness': 0.9820137900379085, 'generation': 586}","{'id': 43293, 'rank': 6, 'fitness': 0.9820137900379085, 'generation': 586}","{'id': 43293, 'rank': 7, 'fitness': 0.9820137900379085, 'generation': 586}","{'id': 43293, 'rank': 8, 'fitness': 0.9820137900379085, 'generation': 586}","{'id': 43293, 'rank': 9, 'fitness': 0.9820137900379085, 'generation': 586}","{'id': 43293, 'rank': 10, 'fitness': 0.9820137900379085, 'generation': 586}","{'id': 43293, 'rank': 11, 'fitness': 0.9820137900379085, 'generation': 586}","{'id': 43293, 'rank': 12, 'fitness': 0.9820137900379085, 'generation': 586}","{'id': 43293, 'rank': 13, 'fitness': 0.9820137900379085, 'generation': 586}","{'id': 43293, 'rank': 14, 'fitness': 0.9820137900379085, 'generation': 586}","{'id': 43293, 'rank': 15, 'fitness': 0.9820137900379085, 'generation': 586}","{'id': 43293, 'rank': 16, 'fitness': 0.9820137900379085, 'generation': 586}","{'id': 43293, 'rank': 17, 'fitness': 0.9820137900379085, 'generation': 586}","{'id': 43293, 'rank': 18, 'fitness': 0.9820137900379085, 'generation': 586}","{'id': 43293, 'rank': 19, 'fitness': 0.9820137900379085, 'generation': 586}","{'id': 43293, 'rank': 20, 'fitness': 0.9820137900379085, 'generation': 586}","{'id': 43293, 'rank': 21, 'fitness': 0.9820137900379085, 'generation': 586}","{'id': 43293, 'rank': 22, 'fitness': 0.9820137900379085, 'generation': 586}","{'id': 43293, 'rank': 23, 'fitness': 0.9820137900379085, 'generation': 586}","{'id': 43293, 'rank': 24, 'fitness': 0.9820137900379085, 'generation': 586}","{'id': 43293, 'rank': 25, 'fitness': 0.9820137900379085, 'generation': 586}","{'id': 44046, 'rank': 26, 'fitness': 0.7552158988026803, 'generation': 586}","{'id': 43963, 'rank': 27, 'fitness': 0.7505707867118029, 'generation': 586}","{'id': 44078, 'rank': 28, 'fitness': 0.12656698489522267, 'generation': 586}","{'id': 44032, 'rank': 29, 'fitness': 0.08949476817094504, 'generation': 586}","{'id': 44028, 'rank': 30, 'fitness': 0.01798620996209155, 'generation': 586}"
"{'id': 43293, 'rank': 1, 'fitness': 0.9820137900379085, 'generation': 587}","{'id': 43293, 'rank': 2, 'fitness': 0.9820137900379085, 'generation': 587}","{'id': 43293, 'rank': 3, 'fitness': 0.9820137900379085, 'generation': 587}","{'id': 43293, 'rank': 4, 'fitness': 0.9820137900379085, 'generation': 587}","{'id': 43293, 'rank': 5, 'fitness': 0.9820137900379085, 'generation': 587}","{'id': 43293, 'rank': 6, 'fitness': 0.9820137900379085, 'generation': 587}","{'id': 43293, 'rank': 7, 'fitness': 0.9820137900379085, 'generation': 587}","{'id': 43293, 'rank': 8, 'fitness': 0.9820137900379085, 'generation': 587}","{'id': 43293, 'rank': 9, 'fitness': 0.9820137900379085, 'generation': 587}","{'id': 43293, 'rank': 10, 'fitness': 0.9820137900379085, 'generation': 587}","{'id': 43293, 'rank': 11, 'fitness': 0.9820137900379085, 'generation': 587}","{'id': 43293, 'rank': 12, 'fitness': 0.9820137900379085, 'generation': 587}","{'id': 43293, 'rank': 13, 'fitness': 0.9820137900379085, 'generation': 587}","{'id': 43293, 'rank': 14, 'fitness': 0.9820137900379085, 'generation': 587}","{'id': 43293, 'rank': 15, 'fitness': 0.9820137900379085, 'generation': 587}","{'id': 43293, 'rank': 16, 'fitness': 0.9820137900379085, 'generation': 587}","{'id': 43293, 'rank': 17, 'fitness': 0.9820137900379085, 'generation': 587}","{'id': 43293, 'rank': 18, 'fitness': 0.9820137900379085, 'generation': 587}","{'id': 43293, 'rank': 19, 'fitness': 0.9820137900379085, 'generation': 587}","{'id': 43293, 'rank': 20, 'fitness': 0.9820137900379085, 'generation': 587}","{'id': 43293, 'rank': 21, 'fitness': 0.9820137900379085, 'generation': 587}","{'id': 43293, 'rank': 22, 'fitness': 0.9820137900379085, 'generation': 587}","{'id': 43293, 'rank': 23, 'fitness': 0.9820137900379085, 'generation': 587}","{'id': 43293, 'rank': 24, 'fitness': 0.9820137900379085, 'generation': 587}","{'id': 44147, 'rank': 25, 'fitness': 0.9420216880017187, 'generation': 587}","{'id': 44147, 'rank': 26, 'fitness': 0.9420216880017187, 'generation': 587}","{'id': 44172, 'rank': 27, 'fitness': 0.08713945583889077, 'generation': 587}","{'id': 44184, 'rank': 28, 'fitness': 0.041883300379851884, 'generation': 587}","{'id': 44196, 'rank': 29, 'fitness': 0.04071510933315253, 'generation': 587}","{'id': 44028, 'rank': 30, 'fitness': 0.01798620996209155, 'generation': 587}"
"{'id': 43293, 'rank': 1, 'fitness': 0.9820137900379085, 'generation': 588}","{'id': 43293, 'rank': 2, 'fitness': 0.9820137900379085, 'generation': 588}","{'id': 43293, 'rank': 3, 'fitness': 0.9820137900379085, 'generation': 588}","{'id': 43293, 'rank': 4, 'fitness': 0.9820137900379085, 'generation': 588}","{'id': 43293, 'rank': 5, 'fitness': 0.9820137900379085, 'generation': 588}","{'id': 43293, 'rank': 6, 'fitness': 0.9820137900379085, 'generation': 588}","{'id': 43293, 'rank': 7, 'fitness': 0.9820137900379085, 'generation': 588}","{'id': 43293, 'rank': 8, 'fitness': 0.9820137900379085, 'generation': 588}","{'id': 43293, 'rank': 9, 'fitness': 0.9820137900379085, 'generation': 588}","{'id': 43293, 'rank': 10, 'fitness': 0.9820137900379085, 'generation': 588}","{'id': 43293, 'rank': 11, 'fitness': 0.9820137900379085, 'generation': 588}","{'id': 43293, 'rank': 12, 'fitness': 0.9820137900379085, 'generation': 588}","{'id': 43293, 'rank': 13, 'fitness': 0.9820137900379085, 'generation': 588}","{'id': 43293, 'rank': 14, 'fitness': 0.9820137900379085, 'generation': 588}","{'id': 43293, 'rank': 15, 'fitness': 0.9820137900379085, 'generation': 588}","{'id': 43293, 'rank': 16, 'fitness': 0.9820137900379085, 'generation': 588}","{'id': 43293, 'rank': 17, 'fitness': 0.9820137900379085, 'generation': 588}","{'id': 43293, 'rank': 18, 'fitness': 0.9820137900379085, 'generation': 588}","{'id': 43293, 'rank': 19, 'fitness': 0.9820137900379085, 'generation': 588}","{'id': 43293, 'rank': 20, 'fitness': 0.9820137900379085, 'generation': 588}","{'id': 43293, 'rank': 21, 'fitness': 0.9820137900379085, 'generation': 588}","{'id': 43293, 'rank': 22, 'fitness': 0.9820137900379085, 'generation': 588}","{'id': 43293, 'rank': 23, 'fitness': 0.9820137900379085, 'generation': 588}","{'id': 44147, 'rank': 24, 'fitness': 0.9568036008873283, 'generation': 588}","{'id': 44268, 'rank': 25, 'fitness': 0.4119831314242448, 'generation': 588}","{'id': 44240, 'rank': 26, 'fitness': 0.31192711286740593, 'generation': 588}","{'id': 44196, 'rank': 27, 'fitness': 0.20930809874236395, 'generation': 588}","{'id': 44254, 'rank': 28, 'fitness': 0.15061188569647915, 'generation': 588}","{'id': 44208, 'rank': 29, 'fitness': 0.04896817617916627, 'generation': 588}","{'id': 44263, 'rank': 30, 'fitness': 0.01798620996209155, 'generation': 588}"
"{'id': 43293, 'rank': 1, 'fitness': 0.9820137900379085, 'generation': 589}","{'id': 43293, 'rank': 2, 'fitness': 0.9820137900379085, 'generation': 589}","{'id': 43293, 'rank': 3, 'fitness': 0.9820137900379085, 'generation': 589}","{'id': 43293, 'rank': 4, 'fitness': 0.9820137900379085, 'generation': 589}","{'id': 43293, 'rank': 5, 'fitness': 0.9820137900379085, 'generation': 589}","{'id': 43293, 'rank': 6, 'fitness': 0.9820137900379085, 'generation': 589}","{'id': 43293, 'rank': 7, 'fitness': 0.9820137900379085, 'generation': 589}","{'id': 43293, 'rank': 8, 'fitness': 0.9820137900379085, 'generation': 589}","{'id': 43293, 'rank': 9, 'fitness': 0.9820137900379085, 'generation': 589}","{'id': 43293, 'rank': 10, 'fitness': 0.9820137900379085, 'generation': 589}","{'id': 43293, 'rank': 11, 'fitness': 0.9820137900379085, 'generation': 589}","{'id': 43293, 'rank': 12, 'fitness': 0.9820137900379085, 'generation': 589}","{'id': 43293, 'rank': 13, 'fitness': 0.9820137900379085, 'generation': 589}","{'id': 43293, 'rank': 14, 'fitness': 0.9820137900379085, 'generation': 589}","{'id': 43293, 'rank': 15, 'fitness': 0.9820137900379085, 'generation': 589}","{'id': 43293, 'rank': 16, 'fitness': 0.9820137900379085, 'generation': 589}","{'id': 43293, 'rank': 17, 'fitness': 0.9820137900379085, 'generation': 589}","{'id': 43293, 'rank': 18, 'fitness': 0.9820137900379085, 'generation': 589}","{'id': 43293, 'rank': 19, 'fitness': 0.9820137900379085, 'generation': 589}","{'id': 43293, 'rank': 20, 'fitness': 0.9820137900379085, 'generation': 589}","{'id': 43293, 'rank': 21, 'fitness': 0.9820137900379085, 'generation': 589}","{'id': 43293, 'rank': 22, 'fitness': 0.9820137900379085, 'generation': 589}","{'id': 44147, 'rank': 23, 'fitness': 0.9576816579641771, 'generation': 589}","{'id': 44331, 'rank': 24, 'fitness': 0.45668149156384286, 'generation': 589}","{'id': 44331, 'rank': 25, 'fitness': 0.45668149156384286, 'generation': 589}","{'id': 44196, 'rank': 26, 'fitness': 0.23105346721716424, 'generation': 589}","{'id': 44254, 'rank': 27, 'fitness': 0.1688847200363851, 'generation': 589}","{'id': 44330, 'rank': 28, 'fitness': 0.13337260903590625, 'generation': 589}","{'id': 44308, 'rank': 29, 'fitness': 0.04096775829670318, 'generation': 589}","{'id': 44327, 'rank': 30, 'fitness': 0.01798620996209155, 'generation': 589}"
"{'id': 44381, 'rank': 1, 'fitness': 0.9820137900379085, 'generation': 590}","{'id': 44381, 'rank': 2, 'fitness': 0.9820137900379085, 'generation': 590}","{'id': 44381, 'rank': 3, 'fitness': 0.9820137900379085, 'generation': 590}","{'id': 43293, 'rank': 4, 'fitness': 0.9675427369148182, 'generation': 590}","{'id': 43293, 'rank': 5, 'fitness': 0.9675427369148182, 'generation': 590}","{'id': 43293, 'rank': 6, 'fitness': 0.9675427369148182, 'generation': 590}","{'id': 43293, 'rank': 7, 'fitness': 0.9675427369148182, 'generation': 590}","{'id': 43293, 'rank': 8, 'fitness': 0.9675427369148182, 'generation': 590}","{'id': 43293, 'rank': 9, 'fitness': 0.9675427369148182, 'generation': 590}","{'id': 43293, 'rank': 10, 'fitness': 0.9675427369148182, 'generation': 590}","{'id': 43293, 'rank': 11, 'fitness': 0.9675427369148182, 'generation': 590}","{'id': 43293, 'rank': 12, 'fitness': 0.9675427369148182, 'generation': 590}","{'id': 43293, 'rank': 13, 'fitness': 0.9675427369148182, 'generation': 590}","{'id': 43293, 'rank': 14, 'fitness': 0.9675427369148182, 'generation': 590}","{'id': 43293, 'rank': 15, 'fitness': 0.9675427369148182, 'generation': 590}","{'id': 43293, 'rank': 16, 'fitness': 0.9675427369148182, 'generation': 590}","{'id': 43293, 'rank': 17, 'fitness': 0.9675427369148182, 'generation': 590}","{'id': 43293, 'rank': 18, 'fitness': 0.9675427369148182, 'generation': 590}","{'id': 43293, 'rank': 19, 'fitness': 0.9675427369148182, 'generation': 590}","{'id': 43293, 'rank': 20, 'fitness': 0.9675427369148182, 'generation': 590}","{'id': 43293, 'rank': 21, 'fitness': 0.9675427369148182, 'generation': 590}","{'id': 43293, 'rank': 22, 'fitness': 0.9675427369148182, 'generation': 590}","{'id': 43293, 'rank': 23, 'fitness': 0.9675427369148182, 'generation': 590}","{'id': 43293, 'rank': 24, 'fitness': 0.9675427369148182, 'generation': 590}","{'id': 43293, 'rank': 25, 'fitness': 0.9675427369148182, 'generation': 590}","{'id': 43293, 'rank': 26, 'fitness': 0.9675427369148182, 'generation': 590}","{'id': 43293, 'rank': 27, 'fitness': 0.9675427369148182, 'generation': 590}","{'id': 44409, 'rank': 28, 'fitness': 0.30394294333369976, 'generation': 590}","{'id': 44421, 'rank': 29, 'fitness': 0.19501175295538958, 'generation': 590}","{'id': 44415, 'rank': 30, 'fitness': 0.01798620996209155, 'generation': 590}"
"{'id': 44381, 'rank': 1, 'fitness': 0.9820137900379085, 'generation': 591}","{'id': 44381, 'rank': 2, 'fitness': 0.9820137900379085, 'generation': 591}","{'id': 44381, 'rank': 3, 'fitness': 0.9820137900379085, 'generation': 591}","{'id': 43293, 'rank': 4, 'fitness': 0.9791148539347923, 'generation': 591}","{'id': 43293, 'rank': 5, 'fitness': 0.9791148539347923, 'generation': 591}","{'id': 43293, 'rank': 6, 'fitness': 0.9791148539347923, 'generation': 591}","{'id': 43293, 'rank': 7, 'fitness': 0.9791148539347923, 'generation': 591}","{'id': 43293, 'rank': 8, 'fitness': 0.9791148539347923, 'generation': 591}","{'id': 43293, 'rank': 9, 'fitness': 0.9791148539347923, 'generation': 591}","{'id': 43293, 'rank': 10, 'fitness': 0.9791148539347923, 'generation': 591}","{'id': 43293, 'rank': 11, 'fitness': 0.9791148539347923, 'generation': 591}","{'id': 43293, 'rank': 12, 'fitness': 0.9791148539347923, 'generation': 591}","{'id': 43293, 'rank': 13, 'fitness': 0.9791148539347923, 'generation': 591}","{'id': 43293, 'rank': 14, 'fitness': 0.9791148539347923, 'generation': 591}","{'id': 43293, 'rank': 15, 'fitness': 0.9791148539347923, 'generation': 591}","{'id': 43293, 'rank': 16, 'fitness': 0.9791148539347923, 'generation': 591}","{'id': 43293, 'rank': 17, 'fitness': 0.9791148539347923, 'generation': 591}","{'id': 43293, 'rank': 18, 'fitness': 0.9791148539347923, 'generation': 591}","{'id': 43293, 'rank': 19, 'fitness': 0.9791148539347923, 'generation': 591}","{'id': 43293, 'rank': 20, 'fitness': 0.9791148539347923, 'generation': 591}","{'id': 43293, 'rank': 21, 'fitness': 0.9791148539347923, 'generation': 591}","{'id': 43293, 'rank': 22, 'fitness': 0.9791148539347923, 'generation': 591}","{'id': 44421, 'rank': 23, 'fitness': 0.9331258413577022, 'generation': 591}","{'id': 44470, 'rank': 24, 'fitness': 0.9007283525063505, 'generation': 591}","{'id': 44415, 'rank': 25, 'fitness': 0.8792645385365315, 'generation': 591}","{'id': 44512, 'rank': 26, 'fitness': 0.8667823168155949, 'generation': 591}","{'id': 44510, 'rank': 27, 'fitness': 0.8575725980672685, 'generation': 591}","{'id': 44432, 'rank': 28, 'fitness': 0.8559774070094563, 'generation': 591}","{'id': 44516, 'rank': 29, 'fitness': 0.08701626253493383, 'generation': 591}","{'id': 44517, 'rank': 30, 'fitness': 0.01798620996209155, 'generation': 591}"
"{'id': 44381, 'rank': 1, 'fitness': 0.9820137900379085, 'generation': 592}","{'id': 44381, 'rank': 2, 'fitness': 0.9820137900379085, 'generation': 592}","{'id': 44381, 'rank': 3, 'fitness': 0.9820137900379085, 'generation': 592}","{'id': 44381, 'rank': 4, 'fitness': 0.9820137900379085, 'generation': 592}","{'id': 44381, 'rank': 5, 'fitness': 0.9820137900379085, 'generation': 592}","{'id': 44381, 'rank': 6, 'fitness': 0.9820137900379085, 'generation': 592}","{'id': 44381, 'rank': 7, 'fitness': 0.9820137900379085, 'generation': 592}","{'id': 44381, 'rank': 8, 'fitness': 0.9820137900379085, 'generation': 592}","{'id': 43293, 'rank': 9, 'fitness': 0.9675427369148182, 'generation': 592}","{'id': 43293, 'rank': 10, 'fitness': 0.9675427369148182, 'generation': 592}","{'id': 43293, 'rank': 11, 'fitness': 0.9675427369148182, 'generation': 592}","{'id': 43293, 'rank': 12, 'fitness': 0.9675427369148182, 'generation': 592}","{'id': 43293, 'rank': 13, 'fitness': 0.9675427369148182, 'generation': 592}","{'id': 43293, 'rank': 14, 'fitness': 0.9675427369148182, 'generation': 592}","{'id': 43293, 'rank': 15, 'fitness': 0.9675427369148182, 'generation': 592}","{'id': 43293, 'rank': 16, 'fitness': 0.9675427369148182, 'generation': 592}","{'id': 43293, 'rank': 17, 'fitness': 0.9675427369148182, 'generation': 592}","{'id': 43293, 'rank': 18, 'fitness': 0.9675427369148182, 'generation': 592}","{'id': 43293, 'rank': 19, 'fitness': 0.9675427369148182, 'generation': 592}","{'id': 43293, 'rank': 20, 'fitness': 0.9675427369148182, 'generation': 592}","{'id': 43293, 'rank': 21, 'fitness': 0.9675427369148182, 'generation': 592}","{'id': 43293, 'rank': 22, 'fitness': 0.9675427369148182, 'generation': 592}","{'id': 43293, 'rank': 23, 'fitness': 0.9675427369148182, 'generation': 592}","{'id': 43293, 'rank': 24, 'fitness': 0.9675427369148182, 'generation': 592}","{'id': 43293, 'rank': 25, 'fitness': 0.9675427369148182, 'generation': 592}","{'id': 43293, 'rank': 26, 'fitness': 0.9675427369148182, 'generation': 592}","{'id': 43293, 'rank': 27, 'fitness': 0.9675427369148182, 'generation': 592}","{'id': 43293, 'rank': 28, 'fitness': 0.9675427369148182, 'generation': 592}","{'id': 44421, 'rank': 29, 'fitness': 0.19501175295538958, 'generation': 592}","{'id': 44415, 'rank': 30, 'fitness': 0.01798620996209155, 'generation': 592}"
"{'id': 44381, 'rank': 1, 'fitness': 0.9820137900379085, 'generation': 593}","{'id': 44381, 'rank': 2, 'fitness': 0.9820137900379085, 'generation': 593}","{'id': 44381, 'rank': 3, 'fitness': 0.9820137900379085, 'generation': 593}","{'id': 44381, 'rank': 4, 'fitness': 0.9820137900379085, 'generation': 593}","{'id': 44381, 'rank': 5, 'fitness': 0.9820137900379085, 'generation': 593}","{'id': 44381, 'rank': 6, 'fitness': 0.9820137900379085, 'generation': 593}","{'id': 44381, 'rank': 7, 'fitness': 0.9820137900379085, 'generation': 593}","{'id': 44381, 'rank': 8, 'fitness': 0.9820137900379085, 'generation': 593}","{'id': 44381, 'rank': 9, 'fitness': 0.9820137900379085, 'generation': 593}","{'id': 43293, 'rank': 10, 'fitness': 0.9713986451815486, 'generation': 593}","{'id': 43293, 'rank': 11, 'fitness': 0.9713986451815486, 'generation': 593}","{'id': 43293, 'rank': 12, 'fitness': 0.9713986451815486, 'generation': 593}","{'id': 43293, 'rank': 13, 'fitness': 0.9713986451815486, 'generation': 593}","{'id': 43293, 'rank': 14, 'fitness': 0.9713986451815486, 'generation': 593}","{'id': 43293, 'rank': 15, 'fitness': 0.9713986451815486, 'generation': 593}","{'id': 43293, 'rank': 16, 'fitness': 0.9713986451815486, 'generation': 593}","{'id': 43293, 'rank': 17, 'fitness': 0.9713986451815486, 'generation': 593}","{'id': 43293, 'rank': 18, 'fitness': 0.9713986451815486, 'generation': 593}","{'id': 43293, 'rank': 19, 'fitness': 0.9713986451815486, 'generation': 593}","{'id': 43293, 'rank': 20, 'fitness': 0.9713986451815486, 'generation': 593}","{'id': 43293, 'rank': 21, 'fitness': 0.9713986451815486, 'generation': 593}","{'id': 43293, 'rank': 22, 'fitness': 0.9713986451815486, 'generation': 593}","{'id': 43293, 'rank': 23, 'fitness': 0.9713986451815486, 'generation': 593}","{'id': 43293, 'rank': 24, 'fitness': 0.9713986451815486, 'generation': 593}","{'id': 43293, 'rank': 25, 'fitness': 0.9713986451815486, 'generation': 593}","{'id': 43293, 'rank': 26, 'fitness': 0.9713986451815486, 'generation': 593}","{'id': 44705, 'rank': 27, 'fitness': 0.8953956486166306, 'generation': 593}","{'id': 44628, 'rank': 28, 'fitness': 0.1184983080917753, 'generation': 593}","{'id': 44708, 'rank': 29, 'fitness': 0.07306828415947647, 'generation': 593}","{'id': 44706, 'rank': 30, 'fitness': 0.01798620996209155, 'generation': 593}"
"{'id': 44381, 'rank': 1, 'fitness': 0.9820137900379085, 'generation': 594}","{'id': 44381, 'rank': 2, 'fitness': 0.9820137900379085, 'generation': 594}","{'id': 44381, 'rank': 3, 'fitness': 0.9820137900379085, 'generation': 594}","{'id': 44381, 'rank': 4, 'fitness': 0.9820137900379085, 'generation': 594}","{'id': 44381, 'rank': 5, 'fitness': 0.9820137900379085, 'generation': 594}","{'id': 44381, 'rank': 6, 'fitness': 0.9820137900379085, 'generation': 594}","{'id': 44381, 'rank': 7, 'fitness': 0.9820137900379085, 'generation': 594}","{'id': 44381, 'rank': 8, 'fitness': 0.9820137900379085, 'generation': 594}","{'id': 44381, 'rank': 9, 'fitness': 0.9820137900379085, 'generation': 594}","{'id': 44381, 'rank': 10, 'fitness': 0.9820137900379085, 'generation': 594}","{'id': 43293, 'rank': 11, 'fitness': 0.9742752221519615, 'generation': 594}","{'id': 43293, 'rank': 12, 'fitness': 0.9742752221519615, 'generation': 594}","{'id': 43293, 'rank': 13, 'fitness': 0.9742752221519615, 'generation': 594}","{'id': 43293, 'rank': 14, 'fitness': 0.9742752221519615, 'generation': 594}","{'id': 43293, 'rank': 15, 'fitness': 0.9742752221519615, 'generation': 594}","{'id': 43293, 'rank': 16, 'fitness': 0.9742752221519615, 'generation': 594}","{'id': 43293, 'rank': 17, 'fitness': 0.9742752221519615, 'generation': 594}","{'id': 43293, 'rank': 18, 'fitness': 0.9742752221519615, 'generation': 594}","{'id': 43293, 'rank': 19, 'fitness': 0.9742752221519615, 'generation': 594}","{'id': 43293, 'rank': 20, 'fitness': 0.9742752221519615, 'generation': 594}","{'id': 43293, 'rank': 21, 'fitness': 0.9742752221519615, 'generation': 594}","{'id': 43293, 'rank': 22, 'fitness': 0.9742752221519615, 'generation': 594}","{'id': 43293, 'rank': 23, 'fitness': 0.9742752221519615, 'generation': 594}","{'id': 44628, 'rank': 24, 'fitness': 0.347947526848175, 'generation': 594}","{'id': 44628, 'rank': 25, 'fitness': 0.347947526848175, 'generation': 594}","{'id': 44708, 'rank': 26, 'fitness': 0.2612805494966572, 'generation': 594}","{'id': 44740, 'rank': 27, 'fitness': 0.16747444446987741, 'generation': 594}","{'id': 44706, 'rank': 28, 'fitness': 0.10304383651550009, 'generation': 594}","{'id': 44750, 'rank': 29, 'fitness': 0.04345121728500123, 'generation': 594}","{'id': 44775, 'rank': 30, 'fitness': 0.01798620996209155, 'generation': 594}"
"{'id': 44381, 'rank': 1, 'fitness': 0.9820137900379085, 'generation': 595}","{'id': 44381, 'rank': 2, 'fitness': 0.9820137900379085, 'generation': 595}","{'id': 44381, 'rank': 3, 'fitness': 0.9820137900379085, 'generation': 595}","{'id': 44381, 'rank': 4, 'fitness': 0.9820137900379085, 'generation': 595}","{'id': 44381, 'rank': 5, 'fitness': 0.9820137900379085, 'generation': 595}","{'id': 44381, 'rank': 6, 'fitness': 0.9820137900379085, 'generation': 595}","{'id': 44381, 'rank': 7, 'fitness': 0.9820137900379085, 'generation': 595}","{'id': 44381, 'rank': 8, 'fitness': 0.9820137900379085, 'generation': 595}","{'id': 44381, 'rank': 9, 'fitness': 0.9820137900379085, 'generation': 595}","{'id': 44381, 'rank': 10, 'fitness': 0.9820137900379085, 'generation': 595}","{'id': 44381, 'rank': 11, 'fitness': 0.9820137900379085, 'generation': 595}","{'id': 44381, 'rank': 12, 'fitness': 0.9820137900379085, 'generation': 595}","{'id': 44381, 'rank': 13, 'fitness': 0.9820137900379085, 'generation': 595}","{'id': 44381, 'rank': 14, 'fitness': 0.9820137900379085, 'generation': 595}","{'id': 44381, 'rank': 15, 'fitness': 0.9820137900379085, 'generation': 595}","{'id': 43293, 'rank': 16, 'fitness': 0.9713986451815486, 'generation': 595}","{'id': 43293, 'rank': 17, 'fitness': 0.9713986451815486, 'generation': 595}","{'id': 43293, 'rank': 18, 'fitness': 0.9713986451815486, 'generation': 595}","{'id': 43293, 'rank': 19, 'fitness': 0.9713986451815486, 'generation': 595}","{'id': 43293, 'rank': 20, 'fitness': 0.9713986451815486, 'generation': 595}","{'id': 43293, 'rank': 21, 'fitness': 0.9713986451815486, 'generation': 595}","{'id': 43293, 'rank': 22, 'fitness': 0.9713986451815486, 'generation': 595}","{'id': 44814, 'rank': 23, 'fitness': 0.7929668780344568, 'generation': 595}","{'id': 44881, 'rank': 24, 'fitness': 0.45422133730478564, 'generation': 595}","{'id': 44881, 'rank': 25, 'fitness': 0.45422133730478564, 'generation': 595}","{'id': 44821, 'rank': 26, 'fitness': 0.26059318627800293, 'generation': 595}","{'id': 44811, 'rank': 27, 'fitness': 0.1333639262788383, 'generation': 595}","{'id': 44708, 'rank': 28, 'fitness': 0.07306828415947647, 'generation': 595}","{'id': 44831, 'rank': 29, 'fitness': 0.019301635280341067, 'generation': 595}","{'id': 44706, 'rank': 30, 'fitness': 0.01798620996209155, 'generation': 595}"
"{'id': 44898, 'rank': 1, 'fitness': 0.9820137900379085, 'generation': 596}","{'id': 44898, 'rank': 2, 'fitness': 0.9820137900379085, 'generation': 596}","{'id': 44381, 'rank': 3, 'fitness': 0.9752101357528257, 'generation': 596}","{'id': 44381, 'rank': 4, 'fitness': 0.9752101357528257, 'generation': 596}","{'id': 44381, 'rank': 5, 'fitness': 0.9752101357528257, 'generation': 596}","{'id': 44381, 'rank': 6, 'fitness': 0.9752101357528257, 'generation': 596}","{'id': 44381, 'rank': 7, 'fitness': 0.9752101357528257, 'generation': 596}","{'id': 44381, 'rank': 8, 'fitness': 0.9752101357528257, 'generation': 596}","{'id': 44381, 'rank': 9, 'fitness': 0.9752101357528257, 'generation': 596}","{'id': 44381, 'rank': 10, 'fitness': 0.9752101357528257, 'generation': 596}","{'id': 44381, 'rank': 11, 'fitness': 0.9752101357528257, 'generation': 596}","{'id': 44381, 'rank': 12, 'fitness': 0.9752101357528257, 'generation': 596}","{'id': 44381, 'rank': 13, 'fitness': 0.9752101357528257, 'generation': 596}","{'id': 44381, 'rank': 14, 'fitness': 0.9752101357528257, 'generation': 596}","{'id': 44381, 'rank': 15, 'fitness': 0.9752101357528257, 'generation': 596}","{'id': 44381, 'rank': 16, 'fitness': 0.9752101357528257, 'generation': 596}","{'id': 44381, 'rank': 17, 'fitness': 0.9752101357528257, 'generation': 596}","{'id': 44381, 'rank': 18, 'fitness': 0.9752101357528257, 'generation': 596}","{'id': 44381, 'rank': 19, 'fitness': 0.9752101357528257, 'generation': 596}","{'id': 44381, 'rank': 20, 'fitness': 0.9752101357528257, 'generation': 596}","{'id': 44381, 'rank': 21, 'fitness': 0.9752101357528257, 'generation': 596}","{'id': 44381, 'rank': 22, 'fitness': 0.9752101357528257, 'generation': 596}","{'id': 44381, 'rank': 23, 'fitness': 0.9752101357528257, 'generation': 596}","{'id': 43293, 'rank': 24, 'fitness': 0.9548651258898314, 'generation': 596}","{'id': 43293, 'rank': 25, 'fitness': 0.9548651258898314, 'generation': 596}","{'id': 43293, 'rank': 26, 'fitness': 0.9548651258898314, 'generation': 596}","{'id': 43293, 'rank': 27, 'fitness': 0.9548651258898314, 'generation': 596}","{'id': 43293, 'rank': 28, 'fitness': 0.9548651258898314, 'generation': 596}","{'id': 44881, 'rank': 29, 'fitness': 0.14252869519215683, 'generation': 596}","{'id': 44811, 'rank': 30, 'fitness': 0.01798620996209155, 'generation': 596}"
"{'id': 44898, 'rank': 1, 'fitness': 0.9820137900379085, 'generation': 597}","{'id': 44898, 'rank': 2, 'fitness': 0.9820137900379085, 'generation': 597}","{'id': 44898, 'rank': 3, 'fitness': 0.9820137900379085, 'generation': 597}","{'id': 44898, 'rank': 4, 'fitness': 0.9820137900379085, 'generation': 597}","{'id': 44381, 'rank': 5, 'fitness': 0.9797288381856724, 'generation': 597}","{'id': 44381, 'rank': 6, 'fitness': 0.9797288381856724, 'generation': 597}","{'id': 44381, 'rank': 7, 'fitness': 0.9797288381856724, 'generation': 597}","{'id': 44381, 'rank': 8, 'fitness': 0.9797288381856724, 'generation': 597}","{'id': 44381, 'rank': 9, 'fitness': 0.9797288381856724, 'generation': 597}","{'id': 44381, 'rank': 10, 'fitness': 0.9797288381856724, 'generation': 597}","{'id': 44381, 'rank': 11, 'fitness': 0.9797288381856724, 'generation': 597}","{'id': 44381, 'rank': 12, 'fitness': 0.9797288381856724, 'generation': 597}","{'id': 44381, 'rank': 13, 'fitness': 0.9797288381856724, 'generation': 597}","{'id': 44381, 'rank': 14, 'fitness': 0.9797288381856724, 'generation': 597}","{'id': 44381, 'rank': 15, 'fitness': 0.9797288381856724, 'generation': 597}","{'id': 44381, 'rank': 16, 'fitness': 0.9797288381856724, 'generation': 597}","{'id': 44381, 'rank': 17, 'fitness': 0.9797288381856724, 'generation': 597}","{'id': 44381, 'rank': 18, 'fitness': 0.9797288381856724, 'generation': 597}","{'id': 44381, 'rank': 19, 'fitness': 0.9797288381856724, 'generation': 597}","{'id': 44381, 'rank': 20, 'fitness': 0.9797288381856724, 'generation': 597}","{'id': 44381, 'rank': 21, 'fitness': 0.9797288381856724, 'generation': 597}","{'id': 44381, 'rank': 22, 'fitness': 0.9797288381856724, 'generation': 597}","{'id': 44381, 'rank': 23, 'fitness': 0.9797288381856724, 'generation': 597}","{'id': 44381, 'rank': 24, 'fitness': 0.9797288381856724, 'generation': 597}","{'id': 43293, 'rank': 25, 'fitness': 0.974601669365152, 'generation': 597}","{'id': 43293, 'rank': 26, 'fitness': 0.974601669365152, 'generation': 597}","{'id': 43293, 'rank': 27, 'fitness': 0.974601669365152, 'generation': 597}","{'id': 44881, 'rank': 28, 'fitness': 0.8634999334401398, 'generation': 597}","{'id': 44996, 'rank': 29, 'fitness': 0.19976560890449702, 'generation': 597}","{'id': 45012, 'rank': 30, 'fitness': 0.01798620996209155, 'generation': 597}"
"{'id': 45063, 'rank': 1, 'fitness': 0.9820137900379085, 'generation': 598}","{'id': 45063, 'rank': 2, 'fitness': 0.9820137900379085, 'generation': 598}","{'id': 44898, 'rank': 3, 'fitness': 0.9761207376750359, 'generation': 598}","{'id': 44898, 'rank': 4, 'fitness': 0.9761207376750359, 'generation': 598}","{'id': 44898, 'rank': 5, 'fitness': 0.9761207376750359, 'generation': 598}","{'id': 44898, 'rank': 6, 'fitness': 0.9761207376750359, 'generation': 598}","{'id': 44898, 'rank': 7, 'fitness': 0.9761207376750359, 'generation': 598}","{'id': 44898, 'rank': 8, 'fitness': 0.9761207376750359, 'generation': 598}","{'id': 44898, 'rank': 9, 'fitness': 0.9761207376750359, 'generation': 598}","{'id': 44898, 'rank': 10, 'fitness': 0.9761207376750359, 'generation': 598}","{'id': 44381, 'rank': 11, 'fitness': 0.9711355743208748, 'generation': 598}","{'id': 44381, 'rank': 12, 'fitness': 0.9711355743208748, 'generation': 598}","{'id': 44381, 'rank': 13, 'fitness': 0.9711355743208748, 'generation': 598}","{'id': 44381, 'rank': 14, 'fitness': 0.9711355743208748, 'generation': 598}","{'id': 44381, 'rank': 15, 'fitness': 0.9711355743208748, 'generation': 598}","{'id': 44381, 'rank': 16, 'fitness': 0.9711355743208748, 'generation': 598}","{'id': 44381, 'rank': 17, 'fitness': 0.9711355743208748, 'generation': 598}","{'id': 44381, 'rank': 18, 'fitness': 0.9711355743208748, 'generation': 598}","{'id': 44381, 'rank': 19, 'fitness': 0.9711355743208748, 'generation': 598}","{'id': 44381, 'rank': 20, 'fitness': 0.9711355743208748, 'generation': 598}","{'id': 44381, 'rank': 21, 'fitness': 0.9711355743208748, 'generation': 598}","{'id': 44381, 'rank': 22, 'fitness': 0.9711355743208748, 'generation': 598}","{'id': 44381, 'rank': 23, 'fitness': 0.9711355743208748, 'generation': 598}","{'id': 44381, 'rank': 24, 'fitness': 0.9711355743208748, 'generation': 598}","{'id': 43293, 'rank': 25, 'fitness': 0.9588047081520175, 'generation': 598}","{'id': 43293, 'rank': 26, 'fitness': 0.9588047081520175, 'generation': 598}","{'id': 45101, 'rank': 27, 'fitness': 0.8440964218288391, 'generation': 598}","{'id': 45103, 'rank': 28, 'fitness': 0.19693732050486873, 'generation': 598}","{'id': 45072, 'rank': 29, 'fitness': 0.1894699364663831, 'generation': 598}","{'id': 45065, 'rank': 30, 'fitness': 0.01798620996209155, 'generation': 598}"
"{'id': 45063, 'rank': 1, 'fitness': 0.9820137900379085, 'generation': 599}","{'id': 45063, 'rank': 2, 'fitness': 0.9820137900379085, 'generation': 599}","{'id': 45063, 'rank': 3, 'fitness': 0.9820137900379085, 'generation': 599}","{'id': 45063, 'rank': 4, 'fitness': 0.9820137900379085, 'generation': 599}","{'id': 44898, 'rank': 5, 'fitness': 0.9745498965426316, 'generation': 599}","{'id': 44898, 'rank': 6, 'fitness': 0.9745498965426316, 'generation': 599}","{'id': 44898, 'rank': 7, 'fitness': 0.9745498965426316, 'generation': 599}","{'id': 44898, 'rank': 8, 'fitness': 0.9745498965426316, 'generation': 599}","{'id': 44898, 'rank': 9, 'fitness': 0.9745498965426316, 'generation': 599}","{'id': 44898, 'rank': 10, 'fitness': 0.9745498965426316, 'generation': 599}","{'id': 44898, 'rank': 11, 'fitness': 0.9745498965426316, 'generation': 599}","{'id': 44898, 'rank': 12, 'fitness': 0.9745498965426316, 'generation': 599}","{'id': 44898, 'rank': 13, 'fitness': 0.9745498965426316, 'generation': 599}","{'id': 44898, 'rank': 14, 'fitness': 0.9745498965426316, 'generation': 599}","{'id': 44898, 'rank': 15, 'fitness': 0.9745498965426316, 'generation': 599}","{'id': 44898, 'rank': 16, 'fitness': 0.9745498965426316, 'generation': 599}","{'id': 44381, 'rank': 17, 'fitness': 0.9679098563275106, 'generation': 599}","{'id': 44381, 'rank': 18, 'fitness': 0.9679098563275106, 'generation': 599}","{'id': 44381, 'rank': 19, 'fitness': 0.9679098563275106, 'generation': 599}","{'id': 44381, 'rank': 20, 'fitness': 0.9679098563275106, 'generation': 599}","{'id': 44381, 'rank': 21, 'fitness': 0.9679098563275106, 'generation': 599}","{'id': 44381, 'rank': 22, 'fitness': 0.9679098563275106, 'generation': 599}","{'id': 44381, 'rank': 23, 'fitness': 0.9679098563275106, 'generation': 599}","{'id': 44381, 'rank': 24, 'fitness': 0.9679098563275106, 'generation': 599}","{'id': 44381, 'rank': 25, 'fitness': 0.9679098563275106, 'generation': 599}","{'id': 44381, 'rank': 26, 'fitness': 0.9679098563275106, 'generation': 599}","{'id': 44381, 'rank': 27, 'fitness': 0.9679098563275106, 'generation': 599}","{'id': 44381, 'rank': 28, 'fitness': 0.9679098563275106, 'generation': 599}","{'id': 43293, 'rank': 29, 'fitness': 0.9504960874972437, 'generation': 599}","{'id': 45169, 'rank': 30, 'fitness': 0.01798620996209155, 'generation': 599}"
"{'id': 45063, 'rank': 1, 'fitness': 0.9820137900379085, 'generation': 600}","{'id': 45063, 'rank': 2, 'fitness': 0.9820137900379085, 'generation': 600}","{'id': 45063, 'rank': 3, 'fitness': 0.9820137900379085, 'generation': 600}","{'id': 45063, 'rank': 4, 'fitness': 0.9820137900379085, 'generation': 600}","{'id': 45063, 'rank': 5, 'fitness': 0.9820137900379085, 'generation': 600}","{'id': 45063, 'rank': 6, 'fitness': 0.9820137900379085, 'generation': 600}","{'id': 45063, 'rank': 7, 'fitness': 0.9820137900379085, 'generation': 600}","{'id': 45063, 'rank': 8, 'fitness': 0.9820137900379085, 'generation': 600}","{'id': 45063, 'rank': 9, 'fitness': 0.9820137900379085, 'generation': 600}","{'id': 45063, 'rank': 10, 'fitness': 0.9820137900379085, 'generation': 600}","{'id': 44898, 'rank': 11, 'fitness': 0.9771069182775269, 'generation': 600}","{'id': 44898, 'rank': 12, 'fitness': 0.9771069182775269, 'generation': 600}","{'id': 44898, 'rank': 13, 'fitness': 0.9771069182775269, 'generation': 600}","{'id': 44898, 'rank': 14, 'fitness': 0.9771069182775269, 'generation': 600}","{'id': 44898, 'rank': 15, 'fitness': 0.9771069182775269, 'generation': 600}","{'id': 44898, 'rank': 16, 'fitness': 0.9771069182775269, 'generation': 600}","{'id': 44898, 'rank': 17, 'fitness': 0.9771069182775269, 'generation': 600}","{'id': 44898, 'rank': 18, 'fitness': 0.9771069182775269, 'generation': 600}","{'id': 44898, 'rank': 19, 'fitness': 0.9771069182775269, 'generation': 600}","{'id': 44381, 'rank': 20, 'fitness': 0.9730930754855054, 'generation': 600}","{'id': 44381, 'rank': 21, 'fitness': 0.9730930754855054, 'generation': 600}","{'id': 44381, 'rank': 22, 'fitness': 0.9730930754855054, 'generation': 600}","{'id': 44381, 'rank': 23, 'fitness': 0.9730930754855054, 'generation': 600}","{'id': 44381, 'rank': 24, 'fitness': 0.9730930754855054, 'generation': 600}","{'id': 44381, 'rank': 25, 'fitness': 0.9730930754855054, 'generation': 600}","{'id': 44381, 'rank': 26, 'fitness': 0.9730930754855054, 'generation': 600}","{'id': 43293, 'rank': 27, 'fitness': 0.9635466207023896, 'generation': 600}","{'id': 45233, 'rank': 28, 'fitness': 0.5081971152067098, 'generation': 600}","{'id': 45234, 'rank': 29, 'fitness': 0.12329731853252868, 'generation': 600}","{'id': 45282, 'rank': 30, 'fitness': 0.01798620996209155, 'generation': 600}"
"{'id': 45063, 'rank': 1, 'fitness': 0.9820137900379085, 'generation': 601}","{'id': 45063, 'rank': 2, 'fitness': 0.9820137900379085, 'generation': 601}","{'id': 45063, 'rank': 3, 'fitness': 0.9820137900379085, 'generation': 601}","{'id': 45063, 'rank': 4, 'fitness': 0.9820137900379085, 'generation': 601}","{'id': 45063, 'rank': 5, 'fitness': 0.9820137900379085, 'generation': 601}","{'id': 45063, 'rank': 6, 'fitness': 0.9820137900379085, 'generation': 601}","{'id': 45063, 'rank': 7, 'fitness': 0.9820137900379085, 'generation': 601}","{'id': 45063, 'rank': 8, 'fitness': 0.9820137900379085, 'generation': 601}","{'id': 45063, 'rank': 9, 'fitness': 0.9820137900379085, 'generation': 601}","{'id': 45063, 'rank': 10, 'fitness': 0.9820137900379085, 'generation': 601}","{'id': 45063, 'rank': 11, 'fitness': 0.9820137900379085, 'generation': 601}","{'id': 45063, 'rank': 12, 'fitness': 0.9820137900379085, 'generation': 601}","{'id': 45063, 'rank': 13, 'fitness': 0.9820137900379085, 'generation': 601}","{'id': 45063, 'rank': 14, 'fitness': 0.9820137900379085, 'generation': 601}","{'id': 45063, 'rank': 15, 'fitness': 0.9820137900379085, 'generation': 601}","{'id': 44898, 'rank': 16, 'fitness': 0.9682438928232078, 'generation': 601}","{'id': 44898, 'rank': 17, 'fitness': 0.9682438928232078, 'generation': 601}","{'id': 44898, 'rank': 18, 'fitness': 0.9682438928232078, 'generation': 601}","{'id': 44898, 'rank': 19, 'fitness': 0.9682438928232078, 'generation': 601}","{'id': 44898, 'rank': 20, 'fitness': 0.9682438928232078, 'generation': 601}","{'id': 44898, 'rank': 21, 'fitness': 0.9682438928232078, 'generation': 601}","{'id': 44898, 'rank': 22, 'fitness': 0.9682438928232078, 'generation': 601}","{'id': 44381, 'rank': 23, 'fitness': 0.9537100455574086, 'generation': 601}","{'id': 44381, 'rank': 24, 'fitness': 0.9537100455574086, 'generation': 601}","{'id': 44381, 'rank': 25, 'fitness': 0.9537100455574086, 'generation': 601}","{'id': 44381, 'rank': 26, 'fitness': 0.9537100455574086, 'generation': 601}","{'id': 44381, 'rank': 27, 'fitness': 0.9537100455574086, 'generation': 601}","{'id': 44381, 'rank': 28, 'fitness': 0.9537100455574086, 'generation': 601}","{'id': 45339, 'rank': 29, 'fitness': 0.20250818890475342, 'generation': 601}","{'id': 45347, 'rank': 30, 'fitness': 0.01798620996209155, 'generation': 601}"
"{'id': 45063, 'rank': 1, 'fitness': 0.9820137900379085, 'generation': 602}","{'id': 45063, 'rank': 2, 'fitness': 0.9820137900379085, 'generation': 602}","{'id': 45063, 'rank': 3, 'fitness': 0.9820137900379085, 'generation': 602}","{'id': 45063, 'rank': 4, 'fitness': 0.9820137900379085, 'generation': 602}","{'id': 45063, 'rank': 5, 'fitness': 0.9820137900379085, 'generation': 602}","{'id': 45063, 'rank': 6, 'fitness': 0.9820137900379085, 'generation': 602}","{'id': 45063, 'rank': 7, 'fitness': 0.9820137900379085, 'generation': 602}","{'id': 45063, 'rank': 8, 'fitness': 0.9820137900379085, 'generation': 602}","{'id': 45063, 'rank': 9, 'fitness': 0.9820137900379085, 'generation': 602}","{'id': 45063, 'rank': 10, 'fitness': 0.9820137900379085, 'generation': 602}","{'id': 45063, 'rank': 11, 'fitness': 0.9820137900379085, 'generation': 602}","{'id': 45063, 'rank': 12, 'fitness': 0.9820137900379085, 'generation': 602}","{'id': 45063, 'rank': 13, 'fitness': 0.9820137900379085, 'generation': 602}","{'id': 45063, 'rank': 14, 'fitness': 0.9820137900379085, 'generation': 602}","{'id': 45063, 'rank': 15, 'fitness': 0.9820137900379085, 'generation': 602}","{'id': 45063, 'rank': 16, 'fitness': 0.9820137900379085, 'generation': 602}","{'id': 45063, 'rank': 17, 'fitness': 0.9820137900379085, 'generation': 602}","{'id': 44898, 'rank': 18, 'fitness': 0.9761491792560923, 'generation': 602}","{'id': 44898, 'rank': 19, 'fitness': 0.9761491792560923, 'generation': 602}","{'id': 44898, 'rank': 20, 'fitness': 0.9761491792560923, 'generation': 602}","{'id': 44898, 'rank': 21, 'fitness': 0.9761491792560923, 'generation': 602}","{'id': 44898, 'rank': 22, 'fitness': 0.9761491792560923, 'generation': 602}","{'id': 44381, 'rank': 23, 'fitness': 0.9711927677784697, 'generation': 602}","{'id': 44381, 'rank': 24, 'fitness': 0.9711927677784697, 'generation': 602}","{'id': 44381, 'rank': 25, 'fitness': 0.9711927677784697, 'generation': 602}","{'id': 45379, 'rank': 26, 'fitness': 0.6130710202986536, 'generation': 602}","{'id': 45379, 'rank': 27, 'fitness': 0.6130710202986536, 'generation': 602}","{'id': 45408, 'rank': 28, 'fitness': 0.30253090148866546, 'generation': 602}","{'id': 45446, 'rank': 29, 'fitness': 0.07334153270067406, 'generation': 602}","{'id': 45382, 'rank': 30, 'fitness': 0.01798620996209155, 'generation': 602}"
"{'id': 45063, 'rank': 1, 'fitness': 0.9820137900379085, 'generation': 603}","{'id': 45063, 'rank': 2, 'fitness': 0.9820137900379085, 'generation': 603}","{'id': 45063, 'rank': 3, 'fitness': 0.9820137900379085, 'generation': 603}","{'id': 45063, 'rank': 4, 'fitness': 0.9820137900379085, 'generation': 603}","{'id': 45063, 'rank': 5, 'fitness': 0.9820137900379085, 'generation': 603}","{'id': 45063, 'rank': 6, 'fitness': 0.9820137900379085, 'generation': 603}","{'id': 45063, 'rank': 7, 'fitness': 0.9820137900379085, 'generation': 603}","{'id': 45063, 'rank': 8, 'fitness': 0.9820137900379085, 'generation': 603}","{'id': 45063, 'rank': 9, 'fitness': 0.9820137900379085, 'generation': 603}","{'id': 45063, 'rank': 10, 'fitness': 0.9820137900379085, 'generation': 603}","{'id': 45063, 'rank': 11, 'fitness': 0.9820137900379085, 'generation': 603}","{'id': 45063, 'rank': 12, 'fitness': 0.9820137900379085, 'generation': 603}","{'id': 45063, 'rank': 13, 'fitness': 0.9820137900379085, 'generation': 603}","{'id': 45063, 'rank': 14, 'fitness': 0.9820137900379085, 'generation': 603}","{'id': 45063, 'rank': 15, 'fitness': 0.9820137900379085, 'generation': 603}","{'id': 45063, 'rank': 16, 'fitness': 0.9820137900379085, 'generation': 603}","{'id': 45063, 'rank': 17, 'fitness': 0.9820137900379085, 'generation': 603}","{'id': 45063, 'rank': 18, 'fitness': 0.9820137900379085, 'generation': 603}","{'id': 45063, 'rank': 19, 'fitness': 0.9820137900379085, 'generation': 603}","{'id': 45063, 'rank': 20, 'fitness': 0.9820137900379085, 'generation': 603}","{'id': 45063, 'rank': 21, 'fitness': 0.9820137900379085, 'generation': 603}","{'id': 45063, 'rank': 22, 'fitness': 0.9820137900379085, 'generation': 603}","{'id': 44898, 'rank': 23, 'fitness': 0.9740358348949929, 'generation': 603}","{'id': 44898, 'rank': 24, 'fitness': 0.9740358348949929, 'generation': 603}","{'id': 44381, 'rank': 25, 'fitness': 0.9668261222836617, 'generation': 603}","{'id': 45495, 'rank': 26, 'fitness': 0.5617812123058779, 'generation': 603}","{'id': 45495, 'rank': 27, 'fitness': 0.5617812123058779, 'generation': 603}","{'id': 45379, 'rank': 28, 'fitness': 0.3522599828885431, 'generation': 603}","{'id': 45492, 'rank': 29, 'fitness': 0.25157027355521433, 'generation': 603}","{'id': 45484, 'rank': 30, 'fitness': 0.01798620996209155, 'generation': 603}"
"{'id': 45612, 'rank': 1, 'fitness': 0.9820137900379085, 'generation': 604}","{'id': 45063, 'rank': 2, 'fitness': 0.9710821585227273, 'generation': 604}","{'id': 45063, 'rank': 3, 'fitness': 0.9710821585227273, 'generation': 604}","{'id': 45063, 'rank': 4, 'fitness': 0.9710821585227273, 'generation': 604}","{'id': 45063, 'rank': 5, 'fitness': 0.9710821585227273, 'generation': 604}","{'id': 45063, 'rank': 6, 'fitness': 0.9710821585227273, 'generation': 604}","{'id': 45063, 'rank': 7, 'fitness': 0.9710821585227273, 'generation': 604}","{'id': 45063, 'rank': 8, 'fitness': 0.9710821585227273, 'generation': 604}","{'id': 45063, 'rank': 9, 'fitness': 0.9710821585227273, 'generation': 604}","{'id': 45063, 'rank': 10, 'fitness': 0.9710821585227273, 'generation': 604}","{'id': 45063, 'rank': 11, 'fitness': 0.9710821585227273, 'generation': 604}","{'id': 45063, 'rank': 12, 'fitness': 0.9710821585227273, 'generation': 604}","{'id': 45063, 'rank': 13, 'fitness': 0.9710821585227273, 'generation': 604}","{'id': 45063, 'rank': 14, 'fitness': 0.9710821585227273, 'generation': 604}","{'id': 45063, 'rank': 15, 'fitness': 0.9710821585227273, 'generation': 604}","{'id': 45063, 'rank': 16, 'fitness': 0.9710821585227273, 'generation': 604}","{'id': 45063, 'rank': 17, 'fitness': 0.9710821585227273, 'generation': 604}","{'id': 45063, 'rank': 18, 'fitness': 0.9710821585227273, 'generation': 604}","{'id': 45063, 'rank': 19, 'fitness': 0.9710821585227273, 'generation': 604}","{'id': 45063, 'rank': 20, 'fitness': 0.9710821585227273, 'generation': 604}","{'id': 45063, 'rank': 21, 'fitness': 0.9710821585227273, 'generation': 604}","{'id': 45063, 'rank': 22, 'fitness': 0.9710821585227273, 'generation': 604}","{'id': 45063, 'rank': 23, 'fitness': 0.9710821585227273, 'generation': 604}","{'id': 45602, 'rank': 24, 'fitness': 0.7162182476779406, 'generation': 604}","{'id': 45546, 'rank': 25, 'fitness': 0.4326119120906958, 'generation': 604}","{'id': 45618, 'rank': 26, 'fitness': 0.225243656639954, 'generation': 604}","{'id': 45603, 'rank': 27, 'fitness': 0.2119275069948141, 'generation': 604}","{'id': 45603, 'rank': 28, 'fitness': 0.2119275069948141, 'generation': 604}","{'id': 45532, 'rank': 29, 'fitness': 0.12585581350221314, 'generation': 604}","{'id': 45543, 'rank': 30, 'fitness': 0.01798620996209155, 'generation': 604}"
"{'id': 45612, 'rank': 1, 'fitness': 0.9820137900379085, 'generation': 605}","{'id': 45063, 'rank': 2, 'fitness': 0.9775277267612252, 'generation': 605}","{'id': 45063, 'rank': 3, 'fitness': 0.9775277267612252, 'generation': 605}","{'id': 45063, 'rank': 4, 'fitness': 0.9775277267612252, 'generation': 605}","{'id': 45063, 'rank': 5, 'fitness': 0.9775277267612252, 'generation': 605}","{'id': 45063, 'rank': 6, 'fitness': 0.9775277267612252, 'generation': 605}","{'id': 45063, 'rank': 7, 'fitness': 0.9775277267612252, 'generation': 605}","{'id': 45063, 'rank': 8, 'fitness': 0.9775277267612252, 'generation': 605}","{'id': 45063, 'rank': 9, 'fitness': 0.9775277267612252, 'generation': 605}","{'id': 45063, 'rank': 10, 'fitness': 0.9775277267612252, 'generation': 605}","{'id': 45063, 'rank': 11, 'fitness': 0.9775277267612252, 'generation': 605}","{'id': 45063, 'rank': 12, 'fitness': 0.9775277267612252, 'generation': 605}","{'id': 45063, 'rank': 13, 'fitness': 0.9775277267612252, 'generation': 605}","{'id': 45063, 'rank': 14, 'fitness': 0.9775277267612252, 'generation': 605}","{'id': 45063, 'rank': 15, 'fitness': 0.9775277267612252, 'generation': 605}","{'id': 45063, 'rank': 16, 'fitness': 0.9775277267612252, 'generation': 605}","{'id': 45063, 'rank': 17, 'fitness': 0.9775277267612252, 'generation': 605}","{'id': 45063, 'rank': 18, 'fitness': 0.9775277267612252, 'generation': 605}","{'id': 45063, 'rank': 19, 'fitness': 0.9775277267612252, 'generation': 605}","{'id': 45063, 'rank': 20, 'fitness': 0.9775277267612252, 'generation': 605}","{'id': 45063, 'rank': 21, 'fitness': 0.9775277267612252, 'generation': 605}","{'id': 45063, 'rank': 22, 'fitness': 0.9775277267612252, 'generation': 605}","{'id': 45063, 'rank': 23, 'fitness': 0.9775277267612252, 'generation': 605}","{'id': 45063, 'rank': 24, 'fitness': 0.9775277267612252, 'generation': 605}","{'id': 45063, 'rank': 25, 'fitness': 0.9775277267612252, 'generation': 605}","{'id': 45063, 'rank': 26, 'fitness': 0.9775277267612252, 'generation': 605}","{'id': 45603, 'rank': 27, 'fitness': 0.8199046235863525, 'generation': 605}","{'id': 45644, 'rank': 28, 'fitness': 0.027322022157248216, 'generation': 605}","{'id': 45644, 'rank': 29, 'fitness': 0.027322022157248216, 'generation': 605}","{'id': 45660, 'rank': 30, 'fitness': 0.01798620996209155, 'generation': 605}"
"{'id': 45612, 'rank': 1, 'fitness': 0.9820137900379085, 'generation': 606}","{'id': 45612, 'rank': 2, 'fitness': 0.9820137900379085, 'generation': 606}","{'id': 45063, 'rank': 3, 'fitness': 0.9738898305987318, 'generation': 606}","{'id': 45063, 'rank': 4, 'fitness': 0.9738898305987318, 'generation': 606}","{'id': 45063, 'rank': 5, 'fitness': 0.9738898305987318, 'generation': 606}","{'id': 45063, 'rank': 6, 'fitness': 0.9738898305987318, 'generation': 606}","{'id': 45063, 'rank': 7, 'fitness': 0.9738898305987318, 'generation': 606}","{'id': 45063, 'rank': 8, 'fitness': 0.9738898305987318, 'generation': 606}","{'id': 45063, 'rank': 9, 'fitness': 0.9738898305987318, 'generation': 606}","{'id': 45063, 'rank': 10, 'fitness': 0.9738898305987318, 'generation': 606}","{'id': 45063, 'rank': 11, 'fitness': 0.9738898305987318, 'generation': 606}","{'id': 45063, 'rank': 12, 'fitness': 0.9738898305987318, 'generation': 606}","{'id': 45063, 'rank': 13, 'fitness': 0.9738898305987318, 'generation': 606}","{'id': 45063, 'rank': 14, 'fitness': 0.9738898305987318, 'generation': 606}","{'id': 45063, 'rank': 15, 'fitness': 0.9738898305987318, 'generation': 606}","{'id': 45063, 'rank': 16, 'fitness': 0.9738898305987318, 'generation': 606}","{'id': 45063, 'rank': 17, 'fitness': 0.9738898305987318, 'generation': 606}","{'id': 45063, 'rank': 18, 'fitness': 0.9738898305987318, 'generation': 606}","{'id': 45063, 'rank': 19, 'fitness': 0.9738898305987318, 'generation': 606}","{'id': 45063, 'rank': 20, 'fitness': 0.9738898305987318, 'generation': 606}","{'id': 45063, 'rank': 21, 'fitness': 0.9738898305987318, 'generation': 606}","{'id': 45063, 'rank': 22, 'fitness': 0.9738898305987318, 'generation': 606}","{'id': 45063, 'rank': 23, 'fitness': 0.9738898305987318, 'generation': 606}","{'id': 45063, 'rank': 24, 'fitness': 0.9738898305987318, 'generation': 606}","{'id': 45063, 'rank': 25, 'fitness': 0.9738898305987318, 'generation': 606}","{'id': 45063, 'rank': 26, 'fitness': 0.9738898305987318, 'generation': 606}","{'id': 45767, 'rank': 27, 'fitness': 0.7408398246960044, 'generation': 606}","{'id': 45725, 'rank': 28, 'fitness': 0.32209643141522015, 'generation': 606}","{'id': 45794, 'rank': 29, 'fitness': 0.11373413433304236, 'generation': 606}","{'id': 45789, 'rank': 30, 'fitness': 0.01798620996209155, 'generation': 606}"
"{'id': 45612, 'rank': 1, 'fitness': 0.9820137900379085, 'generation': 607}","{'id': 45612, 'rank': 2, 'fitness': 0.9820137900379085, 'generation': 607}","{'id': 45612, 'rank': 3, 'fitness': 0.9820137900379085, 'generation': 607}","{'id': 45612, 'rank': 4, 'fitness': 0.9820137900379085, 'generation': 607}","{'id': 45612, 'rank': 5, 'fitness': 0.9820137900379085, 'generation': 607}","{'id': 45063, 'rank': 6, 'fitness': 0.9663489286529524, 'generation': 607}","{'id': 45063, 'rank': 7, 'fitness': 0.9663489286529524, 'generation': 607}","{'id': 45063, 'rank': 8, 'fitness': 0.9663489286529524, 'generation': 607}","{'id': 45063, 'rank': 9, 'fitness': 0.9663489286529524, 'generation': 607}","{'id': 45063, 'rank': 10, 'fitness': 0.9663489286529524, 'generation': 607}","{'id': 45063, 'rank': 11, 'fitness': 0.9663489286529524, 'generation': 607}","{'id': 45063, 'rank': 12, 'fitness': 0.9663489286529524, 'generation': 607}","{'id': 45063, 'rank': 13, 'fitness': 0.9663489286529524, 'generation': 607}","{'id': 45063, 'rank': 14, 'fitness': 0.9663489286529524, 'generation': 607}","{'id': 45063, 'rank': 15, 'fitness': 0.9663489286529524, 'generation': 607}","{'id': 45063, 'rank': 16, 'fitness': 0.9663489286529524, 'generation': 607}","{'id': 45063, 'rank': 17, 'fitness': 0.9663489286529524, 'generation': 607}","{'id': 45063, 'rank': 18, 'fitness': 0.9663489286529524, 'generation': 607}","{'id': 45063, 'rank': 19, 'fitness': 0.9663489286529524, 'generation': 607}","{'id': 45063, 'rank': 20, 'fitness': 0.9663489286529524, 'generation': 607}","{'id': 45063, 'rank': 21, 'fitness': 0.9663489286529524, 'generation': 607}","{'id': 45063, 'rank': 22, 'fitness': 0.9663489286529524, 'generation': 607}","{'id': 45063, 'rank': 23, 'fitness': 0.9663489286529524, 'generation': 607}","{'id': 45063, 'rank': 24, 'fitness': 0.9663489286529524, 'generation': 607}","{'id': 45063, 'rank': 25, 'fitness': 0.9663489286529524, 'generation': 607}","{'id': 45063, 'rank': 26, 'fitness': 0.9663489286529524, 'generation': 607}","{'id': 45767, 'rank': 27, 'fitness': 0.2740892793075364, 'generation': 607}","{'id': 45767, 'rank': 28, 'fitness': 0.2740892793075364, 'generation': 607}","{'id': 45868, 'rank': 29, 'fitness': 0.042798864931566705, 'generation': 607}","{'id': 45725, 'rank': 30, 'fitness': 0.01798620996209155, 'generation': 607}"
"{'id': 45612, 'rank': 1, 'fitness': 0.9820137900379085, 'generation': 608}","{'id': 45612, 'rank': 2, 'fitness': 0.9820137900379085, 'generation': 608}","{'id': 45612, 'rank': 3, 'fitness': 0.9820137900379085, 'generation': 608}","{'id': 45612, 'rank': 4, 'fitness': 0.9820137900379085, 'generation': 608}","{'id': 45612, 'rank': 5, 'fitness': 0.9820137900379085, 'generation': 608}","{'id': 45612, 'rank': 6, 'fitness': 0.9820137900379085, 'generation': 608}","{'id': 45612, 'rank': 7, 'fitness': 0.9820137900379085, 'generation': 608}","{'id': 45612, 'rank': 8, 'fitness': 0.9820137900379085, 'generation': 608}","{'id': 45612, 'rank': 9, 'fitness': 0.9820137900379085, 'generation': 608}","{'id': 45612, 'rank': 10, 'fitness': 0.9820137900379085, 'generation': 608}","{'id': 45612, 'rank': 11, 'fitness': 0.9820137900379085, 'generation': 608}","{'id': 45612, 'rank': 12, 'fitness': 0.9820137900379085, 'generation': 608}","{'id': 45612, 'rank': 13, 'fitness': 0.9820137900379085, 'generation': 608}","{'id': 45063, 'rank': 14, 'fitness': 0.9719844489480121, 'generation': 608}","{'id': 45063, 'rank': 15, 'fitness': 0.9719844489480121, 'generation': 608}","{'id': 45063, 'rank': 16, 'fitness': 0.9719844489480121, 'generation': 608}","{'id': 45063, 'rank': 17, 'fitness': 0.9719844489480121, 'generation': 608}","{'id': 45063, 'rank': 18, 'fitness': 0.9719844489480121, 'generation': 608}","{'id': 45063, 'rank': 19, 'fitness': 0.9719844489480121, 'generation': 608}","{'id': 45063, 'rank': 20, 'fitness': 0.9719844489480121, 'generation': 608}","{'id': 45063, 'rank': 21, 'fitness': 0.9719844489480121, 'generation': 608}","{'id': 45063, 'rank': 22, 'fitness': 0.9719844489480121, 'generation': 608}","{'id': 45063, 'rank': 23, 'fitness': 0.9719844489480121, 'generation': 608}","{'id': 45063, 'rank': 24, 'fitness': 0.9719844489480121, 'generation': 608}","{'id': 45063, 'rank': 25, 'fitness': 0.9719844489480121, 'generation': 608}","{'id': 45063, 'rank': 26, 'fitness': 0.9719844489480121, 'generation': 608}","{'id': 45063, 'rank': 27, 'fitness': 0.9719844489480121, 'generation': 608}","{'id': 45063, 'rank': 28, 'fitness': 0.9719844489480121, 'generation': 608}","{'id': 45767, 'rank': 29, 'fitness': 0.6200867324741849, 'generation': 608}","{'id': 45889, 'rank': 30, 'fitness': 0.01798620996209155, 'generation': 608}"
"{'id': 45612, 'rank': 1, 'fitness': 0.9820137900379085, 'generation': 609}","{'id': 45612, 'rank': 2, 'fitness': 0.9820137900379085, 'generation': 609}","{'id': 45612, 'rank': 3, 'fitness': 0.9820137900379085, 'generation': 609}","{'id': 45612, 'rank': 4, 'fitness': 0.9820137900379085, 'generation': 609}","{'id': 45612, 'rank': 5, 'fitness': 0.9820137900379085, 'generation': 609}","{'id': 45612, 'rank': 6, 'fitness': 0.9820137900379085, 'generation': 609}","{'id': 45612, 'rank': 7, 'fitness': 0.9820137900379085, 'generation': 609}","{'id': 45612, 'rank': 8, 'fitness': 0.9820137900379085, 'generation': 609}","{'id': 45612, 'rank': 9, 'fitness': 0.9820137900379085, 'generation': 609}","{'id': 45612, 'rank': 10, 'fitness': 0.9820137900379085, 'generation': 609}","{'id': 45612, 'rank': 11, 'fitness': 0.9820137900379085, 'generation': 609}","{'id': 45612, 'rank': 12, 'fitness': 0.9820137900379085, 'generation': 609}","{'id': 45612, 'rank': 13, 'fitness': 0.9820137900379085, 'generation': 609}","{'id': 45063, 'rank': 14, 'fitness': 0.9755289164151952, 'generation': 609}","{'id': 45063, 'rank': 15, 'fitness': 0.9755289164151952, 'generation': 609}","{'id': 45063, 'rank': 16, 'fitness': 0.9755289164151952, 'generation': 609}","{'id': 45063, 'rank': 17, 'fitness': 0.9755289164151952, 'generation': 609}","{'id': 45063, 'rank': 18, 'fitness': 0.9755289164151952, 'generation': 609}","{'id': 45063, 'rank': 19, 'fitness': 0.9755289164151952, 'generation': 609}","{'id': 45063, 'rank': 20, 'fitness': 0.9755289164151952, 'generation': 609}","{'id': 45063, 'rank': 21, 'fitness': 0.9755289164151952, 'generation': 609}","{'id': 45063, 'rank': 22, 'fitness': 0.9755289164151952, 'generation': 609}","{'id': 45063, 'rank': 23, 'fitness': 0.9755289164151952, 'generation': 609}","{'id': 45063, 'rank': 24, 'fitness': 0.9755289164151952, 'generation': 609}","{'id': 46025, 'rank': 25, 'fitness': 0.8196649612488032, 'generation': 609}","{'id': 46024, 'rank': 26, 'fitness': 0.7716241810323076, 'generation': 609}","{'id': 45956, 'rank': 27, 'fitness': 0.6376894307638924, 'generation': 609}","{'id': 45988, 'rank': 28, 'fitness': 0.548223913174071, 'generation': 609}","{'id': 46010, 'rank': 29, 'fitness': 0.2869092864901632, 'generation': 609}","{'id': 46032, 'rank': 30, 'fitness': 0.01798620996209155, 'generation': 609}"
"{'id': 45612, 'rank': 1, 'fitness': 0.9820137900379085, 'generation': 610}","{'id': 45612, 'rank': 2, 'fitness': 0.9820137900379085, 'generation': 610}","{'id': 45612, 'rank': 3, 'fitness': 0.9820137900379085, 'generation': 610}","{'id': 45612, 'rank': 4, 'fitness': 0.9820137900379085, 'generation': 610}","{'id': 45612, 'rank': 5, 'fitness': 0.9820137900379085, 'generation': 610}","{'id': 45612, 'rank': 6, 'fitness': 0.9820137900379085, 'generation': 610}","{'id': 45612, 'rank': 7, 'fitness': 0.9820137900379085, 'generation': 610}","{'id': 45612, 'rank': 8, 'fitness': 0.9820137900379085, 'generation': 610}","{'id': 45612, 'rank': 9, 'fitness': 0.9820137900379085, 'generation': 610}","{'id': 45612, 'rank': 10, 'fitness': 0.9820137900379085, 'generation': 610}","{'id': 45612, 'rank': 11, 'fitness': 0.9820137900379085, 'generation': 610}","{'id': 45612, 'rank': 12, 'fitness': 0.9820137900379085, 'generation': 610}","{'id': 45612, 'rank': 13, 'fitness': 0.9820137900379085, 'generation': 610}","{'id': 45612, 'rank': 14, 'fitness': 0.9820137900379085, 'generation': 610}","{'id': 45612, 'rank': 15, 'fitness': 0.9820137900379085, 'generation': 610}","{'id': 45612, 'rank': 16, 'fitness': 0.9820137900379085, 'generation': 610}","{'id': 45612, 'rank': 17, 'fitness': 0.9820137900379085, 'generation': 610}","{'id': 45612, 'rank': 18, 'fitness': 0.9820137900379085, 'generation': 610}","{'id': 45063, 'rank': 19, 'fitness': 0.9694950908610369, 'generation': 610}","{'id': 45063, 'rank': 20, 'fitness': 0.9694950908610369, 'generation': 610}","{'id': 45063, 'rank': 21, 'fitness': 0.9694950908610369, 'generation': 610}","{'id': 45063, 'rank': 22, 'fitness': 0.9694950908610369, 'generation': 610}","{'id': 45063, 'rank': 23, 'fitness': 0.9694950908610369, 'generation': 610}","{'id': 45063, 'rank': 24, 'fitness': 0.9694950908610369, 'generation': 610}","{'id': 46106, 'rank': 25, 'fitness': 0.9475765358587529, 'generation': 610}","{'id': 46044, 'rank': 26, 'fitness': 0.6698992653593887, 'generation': 610}","{'id': 46025, 'rank': 27, 'fitness': 0.4311950741481115, 'generation': 610}","{'id': 46072, 'rank': 28, 'fitness': 0.13087458271468455, 'generation': 610}","{'id': 45956, 'rank': 29, 'fitness': 0.1290654420070283, 'generation': 610}","{'id': 46043, 'rank': 30, 'fitness': 0.01798620996209155, 'generation': 610}"
"{'id': 45612, 'rank': 1, 'fitness': 0.9820137900379085, 'generation': 611}","{'id': 45612, 'rank': 2, 'fitness': 0.9820137900379085, 'generation': 611}","{'id': 45612, 'rank': 3, 'fitness': 0.9820137900379085, 'generation': 611}","{'id': 45612, 'rank': 4, 'fitness': 0.9820137900379085, 'generation': 611}","{'id': 45612, 'rank': 5, 'fitness': 0.9820137900379085, 'generation': 611}","{'id': 45612, 'rank': 6, 'fitness': 0.9820137900379085, 'generation': 611}","{'id': 45612, 'rank': 7, 'fitness': 0.9820137900379085, 'generation': 611}","{'id': 45612, 'rank': 8, 'fitness': 0.9820137900379085, 'generation': 611}","{'id': 45612, 'rank': 9, 'fitness': 0.9820137900379085, 'generation': 611}","{'id': 45612, 'rank': 10, 'fitness': 0.9820137900379085, 'generation': 611}","{'id': 45612, 'rank': 11, 'fitness': 0.9820137900379085, 'generation': 611}","{'id': 45612, 'rank': 12, 'fitness': 0.9820137900379085, 'generation': 611}","{'id': 45612, 'rank': 13, 'fitness': 0.9820137900379085, 'generation': 611}","{'id': 45612, 'rank': 14, 'fitness': 0.9820137900379085, 'generation': 611}","{'id': 45612, 'rank': 15, 'fitness': 0.9820137900379085, 'generation': 611}","{'id': 45612, 'rank': 16, 'fitness': 0.9820137900379085, 'generation': 611}","{'id': 45612, 'rank': 17, 'fitness': 0.9820137900379085, 'generation': 611}","{'id': 45612, 'rank': 18, 'fitness': 0.9820137900379085, 'generation': 611}","{'id': 45612, 'rank': 19, 'fitness': 0.9820137900379085, 'generation': 611}","{'id': 45612, 'rank': 20, 'fitness': 0.9820137900379085, 'generation': 611}","{'id': 45612, 'rank': 21, 'fitness': 0.9820137900379085, 'generation': 611}","{'id': 45612, 'rank': 22, 'fitness': 0.9820137900379085, 'generation': 611}","{'id': 45612, 'rank': 23, 'fitness': 0.9820137900379085, 'generation': 611}","{'id': 45063, 'rank': 24, 'fitness': 0.9662225175574555, 'generation': 611}","{'id': 45063, 'rank': 25, 'fitness': 0.9662225175574555, 'generation': 611}","{'id': 45063, 'rank': 26, 'fitness': 0.9662225175574555, 'generation': 611}","{'id': 46124, 'rank': 27, 'fitness': 0.4781518500590726, 'generation': 611}","{'id': 46124, 'rank': 28, 'fitness': 0.4781518500590726, 'generation': 611}","{'id': 46167, 'rank': 29, 'fitness': 0.03449555443177038, 'generation': 611}","{'id': 46161, 'rank': 30, 'fitness': 0.01798620996209155, 'generation': 611}"
"{'id': 45612, 'rank': 1, 'fitness': 0.9820137900379085, 'generation': 612}","{'id': 45612, 'rank': 2, 'fitness': 0.9820137900379085, 'generation': 612}","{'id': 45612, 'rank': 3, 'fitness': 0.9820137900379085, 'generation': 612}","{'id': 45612, 'rank': 4, 'fitness': 0.9820137900379085, 'generation': 612}","{'id': 45612, 'rank': 5, 'fitness': 0.9820137900379085, 'generation': 612}","{'id': 45612, 'rank': 6, 'fitness': 0.9820137900379085, 'generation': 612}","{'id': 45612, 'rank': 7, 'fitness': 0.9820137900379085, 'generation': 612}","{'id': 45612, 'rank': 8, 'fitness': 0.9820137900379085, 'generation': 612}","{'id': 45612, 'rank': 9, 'fitness': 0.9820137900379085, 'generation': 612}","{'id': 45612, 'rank': 10, 'fitness': 0.9820137900379085, 'generation': 612}","{'id': 45612, 'rank': 11, 'fitness': 0.9820137900379085, 'generation': 612}","{'id': 45612, 'rank': 12, 'fitness': 0.9820137900379085, 'generation': 612}","{'id': 45612, 'rank': 13, 'fitness': 0.9820137900379085, 'generation': 612}","{'id': 45612, 'rank': 14, 'fitness': 0.9820137900379085, 'generation': 612}","{'id': 45612, 'rank': 15, 'fitness': 0.9820137900379085, 'generation': 612}","{'id': 45612, 'rank': 16, 'fitness': 0.9820137900379085, 'generation': 612}","{'id': 45612, 'rank': 17, 'fitness': 0.9820137900379085, 'generation': 612}","{'id': 45612, 'rank': 18, 'fitness': 0.9820137900379085, 'generation': 612}","{'id': 45612, 'rank': 19, 'fitness': 0.9820137900379085, 'generation': 612}","{'id': 45063, 'rank': 20, 'fitness': 0.9727257999209671, 'generation': 612}","{'id': 45063, 'rank': 21, 'fitness': 0.9727257999209671, 'generation': 612}","{'id': 45063, 'rank': 22, 'fitness': 0.9727257999209671, 'generation': 612}","{'id': 46124, 'rank': 23, 'fitness': 0.7870524710412157, 'generation': 612}","{'id': 46124, 'rank': 24, 'fitness': 0.7870524710412157, 'generation': 612}","{'id': 46220, 'rank': 25, 'fitness': 0.44760854494108915, 'generation': 612}","{'id': 46257, 'rank': 26, 'fitness': 0.3256353040698359, 'generation': 612}","{'id': 46223, 'rank': 27, 'fitness': 0.24250413146974875, 'generation': 612}","{'id': 46238, 'rank': 28, 'fitness': 0.12564588647253983, 'generation': 612}","{'id': 46247, 'rank': 29, 'fitness': 0.11923179717767046, 'generation': 612}","{'id': 46221, 'rank': 30, 'fitness': 0.01798620996209155, 'generation': 612}"
"{'id': 45612, 'rank': 1, 'fitness': 0.9820137900379085, 'generation': 613}","{'id': 45612, 'rank': 2, 'fitness': 0.9820137900379085, 'generation': 613}","{'id': 45612, 'rank': 3, 'fitness': 0.9820137900379085, 'generation': 613}","{'id': 45612, 'rank': 4, 'fitness': 0.9820137900379085, 'generation': 613}","{'id': 45612, 'rank': 5, 'fitness': 0.9820137900379085, 'generation': 613}","{'id': 45612, 'rank': 6, 'fitness': 0.9820137900379085, 'generation': 613}","{'id': 45612, 'rank': 7, 'fitness': 0.9820137900379085, 'generation': 613}","{'id': 45612, 'rank': 8, 'fitness': 0.9820137900379085, 'generation': 613}","{'id': 45612, 'rank': 9, 'fitness': 0.9820137900379085, 'generation': 613}","{'id': 45612, 'rank': 10, 'fitness': 0.9820137900379085, 'generation': 613}","{'id': 45612, 'rank': 11, 'fitness': 0.9820137900379085, 'generation': 613}","{'id': 45612, 'rank': 12, 'fitness': 0.9820137900379085, 'generation': 613}","{'id': 45612, 'rank': 13, 'fitness': 0.9820137900379085, 'generation': 613}","{'id': 45612, 'rank': 14, 'fitness': 0.9820137900379085, 'generation': 613}","{'id': 45612, 'rank': 15, 'fitness': 0.9820137900379085, 'generation': 613}","{'id': 45612, 'rank': 16, 'fitness': 0.9820137900379085, 'generation': 613}","{'id': 45612, 'rank': 17, 'fitness': 0.9820137900379085, 'generation': 613}","{'id': 45612, 'rank': 18, 'fitness': 0.9820137900379085, 'generation': 613}","{'id': 45612, 'rank': 19, 'fitness': 0.9820137900379085, 'generation': 613}","{'id': 45612, 'rank': 20, 'fitness': 0.9820137900379085, 'generation': 613}","{'id': 45612, 'rank': 21, 'fitness': 0.9820137900379085, 'generation': 613}","{'id': 45612, 'rank': 22, 'fitness': 0.9820137900379085, 'generation': 613}","{'id': 45063, 'rank': 23, 'fitness': 0.9604892402814977, 'generation': 613}","{'id': 46352, 'rank': 24, 'fitness': 0.2715211374390008, 'generation': 613}","{'id': 46124, 'rank': 25, 'fitness': 0.2466693189550921, 'generation': 613}","{'id': 46124, 'rank': 26, 'fitness': 0.2466693189550921, 'generation': 613}","{'id': 46124, 'rank': 27, 'fitness': 0.2466693189550921, 'generation': 613}","{'id': 46124, 'rank': 28, 'fitness': 0.2466693189550921, 'generation': 613}","{'id': 46354, 'rank': 29, 'fitness': 0.0341474549657943, 'generation': 613}","{'id': 46220, 'rank': 30, 'fitness': 0.01798620996209155, 'generation': 613}"
"{'id': 45612, 'rank': 1, 'fitness': 0.9820137900379085, 'generation': 614}","{'id': 45612, 'rank': 2, 'fitness': 0.9820137900379085, 'generation': 614}","{'id': 45612, 'rank': 3, 'fitness': 0.9820137900379085, 'generation': 614}","{'id': 45612, 'rank': 4, 'fitness': 0.9820137900379085, 'generation': 614}","{'id': 45612, 'rank': 5, 'fitness': 0.9820137900379085, 'generation': 614}","{'id': 45612, 'rank': 6, 'fitness': 0.9820137900379085, 'generation': 614}","{'id': 45612, 'rank': 7, 'fitness': 0.9820137900379085, 'generation': 614}","{'id': 45612, 'rank': 8, 'fitness': 0.9820137900379085, 'generation': 614}","{'id': 45612, 'rank': 9, 'fitness': 0.9820137900379085, 'generation': 614}","{'id': 45612, 'rank': 10, 'fitness': 0.9820137900379085, 'generation': 614}","{'id': 45612, 'rank': 11, 'fitness': 0.9820137900379085, 'generation': 614}","{'id': 45612, 'rank': 12, 'fitness': 0.9820137900379085, 'generation': 614}","{'id': 45612, 'rank': 13, 'fitness': 0.9820137900379085, 'generation': 614}","{'id': 45612, 'rank': 14, 'fitness': 0.9820137900379085, 'generation': 614}","{'id': 45612, 'rank': 15, 'fitness': 0.9820137900379085, 'generation': 614}","{'id': 45612, 'rank': 16, 'fitness': 0.9820137900379085, 'generation': 614}","{'id': 45612, 'rank': 17, 'fitness': 0.9820137900379085, 'generation': 614}","{'id': 45612, 'rank': 18, 'fitness': 0.9820137900379085, 'generation': 614}","{'id': 45612, 'rank': 19, 'fitness': 0.9820137900379085, 'generation': 614}","{'id': 45612, 'rank': 20, 'fitness': 0.9820137900379085, 'generation': 614}","{'id': 45612, 'rank': 21, 'fitness': 0.9820137900379085, 'generation': 614}","{'id': 45612, 'rank': 22, 'fitness': 0.9820137900379085, 'generation': 614}","{'id': 45612, 'rank': 23, 'fitness': 0.9820137900379085, 'generation': 614}","{'id': 45612, 'rank': 24, 'fitness': 0.9820137900379085, 'generation': 614}","{'id': 45063, 'rank': 25, 'fitness': 0.9654166136517709, 'generation': 614}","{'id': 46439, 'rank': 26, 'fitness': 0.8011261872132696, 'generation': 614}","{'id': 46352, 'rank': 27, 'fitness': 0.4664427750830045, 'generation': 614}","{'id': 46391, 'rank': 28, 'fitness': 0.05834582219465534, 'generation': 614}","{'id': 46424, 'rank': 29, 'fitness': 0.018341893206711535, 'generation': 614}","{'id': 46434, 'rank': 30, 'fitness': 0.01798620996209155, 'generation': 614}"
"{'id': 46459, 'rank': 1, 'fitness': 0.9820137900379085, 'generation': 615}","{'id': 46459, 'rank': 2, 'fitness': 0.9820137900379085, 'generation': 615}","{'id': 45612, 'rank': 3, 'fitness': 0.9654932824465831, 'generation': 615}","{'id': 45612, 'rank': 4, 'fitness': 0.9654932824465831, 'generation': 615}","{'id': 45612, 'rank': 5, 'fitness': 0.9654932824465831, 'generation': 615}","{'id': 45612, 'rank': 6, 'fitness': 0.9654932824465831, 'generation': 615}","{'id': 45612, 'rank': 7, 'fitness': 0.9654932824465831, 'generation': 615}","{'id': 45612, 'rank': 8, 'fitness': 0.9654932824465831, 'generation': 615}","{'id': 45612, 'rank': 9, 'fitness': 0.9654932824465831, 'generation': 615}","{'id': 45612, 'rank': 10, 'fitness': 0.9654932824465831, 'generation': 615}","{'id': 45612, 'rank': 11, 'fitness': 0.9654932824465831, 'generation': 615}","{'id': 45612, 'rank': 12, 'fitness': 0.9654932824465831, 'generation': 615}","{'id': 45612, 'rank': 13, 'fitness': 0.9654932824465831, 'generation': 615}","{'id': 45612, 'rank': 14, 'fitness': 0.9654932824465831, 'generation': 615}","{'id': 45612, 'rank': 15, 'fitness': 0.9654932824465831, 'generation': 615}","{'id': 45612, 'rank': 16, 'fitness': 0.9654932824465831, 'generation': 615}","{'id': 45612, 'rank': 17, 'fitness': 0.9654932824465831, 'generation': 615}","{'id': 45612, 'rank': 18, 'fitness': 0.9654932824465831, 'generation': 615}","{'id': 45612, 'rank': 19, 'fitness': 0.9654932824465831, 'generation': 615}","{'id': 45612, 'rank': 20, 'fitness': 0.9654932824465831, 'generation': 615}","{'id': 45612, 'rank': 21, 'fitness': 0.9654932824465831, 'generation': 615}","{'id': 45612, 'rank': 22, 'fitness': 0.9654932824465831, 'generation': 615}","{'id': 45612, 'rank': 23, 'fitness': 0.9654932824465831, 'generation': 615}","{'id': 45612, 'rank': 24, 'fitness': 0.9654932824465831, 'generation': 615}","{'id': 45612, 'rank': 25, 'fitness': 0.9654932824465831, 'generation': 615}","{'id': 46439, 'rank': 26, 'fitness': 0.625586250737891, 'generation': 615}","{'id': 46506, 'rank': 27, 'fitness': 0.20975339400564097, 'generation': 615}","{'id': 46445, 'rank': 28, 'fitness': 0.15613743280687487, 'generation': 615}","{'id': 46472, 'rank': 29, 'fitness': 0.10045852273767647, 'generation': 615}","{'id': 46391, 'rank': 30, 'fitness': 0.01798620996209155, 'generation': 615}"
"{'id': 46459, 'rank': 1, 'fitness': 0.9820137900379085, 'generation': 616}","{'id': 46459, 'rank': 2, 'fitness': 0.9820137900379085, 'generation': 616}","{'id': 46459, 'rank': 3, 'fitness': 0.9820137900379085, 'generation': 616}","{'id': 46459, 'rank': 4, 'fitness': 0.9820137900379085, 'generation': 616}","{'id': 45612, 'rank': 5, 'fitness': 0.9798499585289214, 'generation': 616}","{'id': 45612, 'rank': 6, 'fitness': 0.9798499585289214, 'generation': 616}","{'id': 45612, 'rank': 7, 'fitness': 0.9798499585289214, 'generation': 616}","{'id': 45612, 'rank': 8, 'fitness': 0.9798499585289214, 'generation': 616}","{'id': 45612, 'rank': 9, 'fitness': 0.9798499585289214, 'generation': 616}","{'id': 45612, 'rank': 10, 'fitness': 0.9798499585289214, 'generation': 616}","{'id': 45612, 'rank': 11, 'fitness': 0.9798499585289214, 'generation': 616}","{'id': 45612, 'rank': 12, 'fitness': 0.9798499585289214, 'generation': 616}","{'id': 45612, 'rank': 13, 'fitness': 0.9798499585289214, 'generation': 616}","{'id': 45612, 'rank': 14, 'fitness': 0.9798499585289214, 'generation': 616}","{'id': 45612, 'rank': 15, 'fitness': 0.9798499585289214, 'generation': 616}","{'id': 45612, 'rank': 16, 'fitness': 0.9798499585289214, 'generation': 616}","{'id': 45612, 'rank': 17, 'fitness': 0.9798499585289214, 'generation': 616}","{'id': 45612, 'rank': 18, 'fitness': 0.9798499585289214, 'generation': 616}","{'id': 45612, 'rank': 19, 'fitness': 0.9798499585289214, 'generation': 616}","{'id': 45612, 'rank': 20, 'fitness': 0.9798499585289214, 'generation': 616}","{'id': 45612, 'rank': 21, 'fitness': 0.9798499585289214, 'generation': 616}","{'id': 45612, 'rank': 22, 'fitness': 0.9798499585289214, 'generation': 616}","{'id': 45612, 'rank': 23, 'fitness': 0.9798499585289214, 'generation': 616}","{'id': 45612, 'rank': 24, 'fitness': 0.9798499585289214, 'generation': 616}","{'id': 46439, 'rank': 25, 'fitness': 0.9675793997873207, 'generation': 616}","{'id': 46439, 'rank': 26, 'fitness': 0.9675793997873207, 'generation': 616}","{'id': 46472, 'rank': 27, 'fitness': 0.9491812796102652, 'generation': 616}","{'id': 46568, 'rank': 28, 'fitness': 0.7915235581213368, 'generation': 616}","{'id': 46540, 'rank': 29, 'fitness': 0.018566958541195, 'generation': 616}","{'id': 46606, 'rank': 30, 'fitness': 0.01798620996209155, 'generation': 616}"
"{'id': 46459, 'rank': 1, 'fitness': 0.9820137900379085, 'generation': 617}","{'id': 46459, 'rank': 2, 'fitness': 0.9820137900379085, 'generation': 617}","{'id': 46459, 'rank': 3, 'fitness': 0.9820137900379085, 'generation': 617}","{'id': 45612, 'rank': 4, 'fitness': 0.9724642688576427, 'generation': 617}","{'id': 45612, 'rank': 5, 'fitness': 0.9724642688576427, 'generation': 617}","{'id': 45612, 'rank': 6, 'fitness': 0.9724642688576427, 'generation': 617}","{'id': 45612, 'rank': 7, 'fitness': 0.9724642688576427, 'generation': 617}","{'id': 45612, 'rank': 8, 'fitness': 0.9724642688576427, 'generation': 617}","{'id': 45612, 'rank': 9, 'fitness': 0.9724642688576427, 'generation': 617}","{'id': 45612, 'rank': 10, 'fitness': 0.9724642688576427, 'generation': 617}","{'id': 45612, 'rank': 11, 'fitness': 0.9724642688576427, 'generation': 617}","{'id': 45612, 'rank': 12, 'fitness': 0.9724642688576427, 'generation': 617}","{'id': 45612, 'rank': 13, 'fitness': 0.9724642688576427, 'generation': 617}","{'id': 45612, 'rank': 14, 'fitness': 0.9724642688576427, 'generation': 617}","{'id': 45612, 'rank': 15, 'fitness': 0.9724642688576427, 'generation': 617}","{'id': 45612, 'rank': 16, 'fitness': 0.9724642688576427, 'generation': 617}","{'id': 45612, 'rank': 17, 'fitness': 0.9724642688576427, 'generation': 617}","{'id': 45612, 'rank': 18, 'fitness': 0.9724642688576427, 'generation': 617}","{'id': 45612, 'rank': 19, 'fitness': 0.9724642688576427, 'generation': 617}","{'id': 45612, 'rank': 20, 'fitness': 0.9724642688576427, 'generation': 617}","{'id': 46638, 'rank': 21, 'fitness': 0.7208495960139942, 'generation': 617}","{'id': 46676, 'rank': 22, 'fitness': 0.7197472084565543, 'generation': 617}","{'id': 46472, 'rank': 23, 'fitness': 0.49119277696731745, 'generation': 617}","{'id': 46643, 'rank': 24, 'fitness': 0.3254269616962684, 'generation': 617}","{'id': 46677, 'rank': 25, 'fitness': 0.25548858027169397, 'generation': 617}","{'id': 46677, 'rank': 26, 'fitness': 0.25548858027169397, 'generation': 617}","{'id': 46677, 'rank': 27, 'fitness': 0.25548858027169397, 'generation': 617}","{'id': 46629, 'rank': 28, 'fitness': 0.17414042635038984, 'generation': 617}","{'id': 46662, 'rank': 29, 'fitness': 0.0902632557206215, 'generation': 617}","{'id': 46619, 'rank': 30, 'fitness': 0.01798620996209155, 'generation': 617}"
"{'id': 46459, 'rank': 1, 'fitness': 0.9820137900379085, 'generation': 618}","{'id': 46459, 'rank': 2, 'fitness': 0.9820137900379085, 'generation': 618}","{'id': 46459, 'rank': 3, 'fitness': 0.9820137900379085, 'generation': 618}","{'id': 46459, 'rank': 4, 'fitness': 0.9820137900379085, 'generation': 618}","{'id': 46713, 'rank': 5, 'fitness': 0.9789416099823902, 'generation': 618}","{'id': 46713, 'rank': 6, 'fitness': 0.9789416099823902, 'generation': 618}","{'id': 46713, 'rank': 7, 'fitness': 0.9789416099823902, 'generation': 618}","{'id': 46713, 'rank': 8, 'fitness': 0.9789416099823902, 'generation': 618}","{'id': 45612, 'rank': 9, 'fitness': 0.9726769035439125, 'generation': 618}","{'id': 45612, 'rank': 10, 'fitness': 0.9726769035439125, 'generation': 618}","{'id': 45612, 'rank': 11, 'fitness': 0.9726769035439125, 'generation': 618}","{'id': 45612, 'rank': 12, 'fitness': 0.9726769035439125, 'generation': 618}","{'id': 45612, 'rank': 13, 'fitness': 0.9726769035439125, 'generation': 618}","{'id': 45612, 'rank': 14, 'fitness': 0.9726769035439125, 'generation': 618}","{'id': 45612, 'rank': 15, 'fitness': 0.9726769035439125, 'generation': 618}","{'id': 45612, 'rank': 16, 'fitness': 0.9726769035439125, 'generation': 618}","{'id': 45612, 'rank': 17, 'fitness': 0.9726769035439125, 'generation': 618}","{'id': 45612, 'rank': 18, 'fitness': 0.9726769035439125, 'generation': 618}","{'id': 45612, 'rank': 19, 'fitness': 0.9726769035439125, 'generation': 618}","{'id': 45612, 'rank': 20, 'fitness': 0.9726769035439125, 'generation': 618}","{'id': 45612, 'rank': 21, 'fitness': 0.9726769035439125, 'generation': 618}","{'id': 46676, 'rank': 22, 'fitness': 0.7308885840058312, 'generation': 618}","{'id': 46676, 'rank': 23, 'fitness': 0.7308885840058312, 'generation': 618}","{'id': 46643, 'rank': 24, 'fitness': 0.34469959261132377, 'generation': 618}","{'id': 46643, 'rank': 25, 'fitness': 0.34469959261132377, 'generation': 618}","{'id': 46719, 'rank': 26, 'fitness': 0.3121374428537097, 'generation': 618}","{'id': 46677, 'rank': 27, 'fitness': 0.273527746887289, 'generation': 618}","{'id': 46677, 'rank': 28, 'fitness': 0.273527746887289, 'generation': 618}","{'id': 46662, 'rank': 29, 'fitness': 0.10020324625069932, 'generation': 618}","{'id': 46717, 'rank': 30, 'fitness': 0.01798620996209155, 'generation': 618}"
"{'id': 46459, 'rank': 1, 'fitness': 0.9820137900379085, 'generation': 619}","{'id': 46459, 'rank': 2, 'fitness': 0.9820137900379085, 'generation': 619}","{'id': 46459, 'rank': 3, 'fitness': 0.9820137900379085, 'generation': 619}","{'id': 46459, 'rank': 4, 'fitness': 0.9820137900379085, 'generation': 619}","{'id': 46459, 'rank': 5, 'fitness': 0.9820137900379085, 'generation': 619}","{'id': 46459, 'rank': 6, 'fitness': 0.9820137900379085, 'generation': 619}","{'id': 46459, 'rank': 7, 'fitness': 0.9820137900379085, 'generation': 619}","{'id': 46459, 'rank': 8, 'fitness': 0.9820137900379085, 'generation': 619}","{'id': 46459, 'rank': 9, 'fitness': 0.9820137900379085, 'generation': 619}","{'id': 46713, 'rank': 10, 'fitness': 0.9787132348357166, 'generation': 619}","{'id': 46713, 'rank': 11, 'fitness': 0.9787132348357166, 'generation': 619}","{'id': 46713, 'rank': 12, 'fitness': 0.9787132348357166, 'generation': 619}","{'id': 45612, 'rank': 13, 'fitness': 0.971887211009323, 'generation': 619}","{'id': 45612, 'rank': 14, 'fitness': 0.971887211009323, 'generation': 619}","{'id': 45612, 'rank': 15, 'fitness': 0.971887211009323, 'generation': 619}","{'id': 45612, 'rank': 16, 'fitness': 0.971887211009323, 'generation': 619}","{'id': 45612, 'rank': 17, 'fitness': 0.971887211009323, 'generation': 619}","{'id': 45612, 'rank': 18, 'fitness': 0.971887211009323, 'generation': 619}","{'id': 45612, 'rank': 19, 'fitness': 0.971887211009323, 'generation': 619}","{'id': 45612, 'rank': 20, 'fitness': 0.971887211009323, 'generation': 619}","{'id': 45612, 'rank': 21, 'fitness': 0.971887211009323, 'generation': 619}","{'id': 45612, 'rank': 22, 'fitness': 0.971887211009323, 'generation': 619}","{'id': 45612, 'rank': 23, 'fitness': 0.971887211009323, 'generation': 619}","{'id': 45612, 'rank': 24, 'fitness': 0.971887211009323, 'generation': 619}","{'id': 45612, 'rank': 25, 'fitness': 0.971887211009323, 'generation': 619}","{'id': 46676, 'rank': 26, 'fitness': 0.688586196049438, 'generation': 619}","{'id': 46676, 'rank': 27, 'fitness': 0.688586196049438, 'generation': 619}","{'id': 46810, 'rank': 28, 'fitness': 0.39311024555510526, 'generation': 619}","{'id': 46677, 'rank': 29, 'fitness': 0.211183762783277, 'generation': 619}","{'id': 46818, 'rank': 30, 'fitness': 0.01798620996209155, 'generation': 619}"
"{'id': 46459, 'rank': 1, 'fitness': 0.9820137900379085, 'generation': 620}","{'id': 46459, 'rank': 2, 'fitness': 0.9820137900379085, 'generation': 620}","{'id': 46459, 'rank': 3, 'fitness': 0.9820137900379085, 'generation': 620}","{'id': 46459, 'rank': 4, 'fitness': 0.9820137900379085, 'generation': 620}","{'id': 46459, 'rank': 5, 'fitness': 0.9820137900379085, 'generation': 620}","{'id': 46459, 'rank': 6, 'fitness': 0.9820137900379085, 'generation': 620}","{'id': 46459, 'rank': 7, 'fitness': 0.9820137900379085, 'generation': 620}","{'id': 46459, 'rank': 8, 'fitness': 0.9820137900379085, 'generation': 620}","{'id': 46459, 'rank': 9, 'fitness': 0.9820137900379085, 'generation': 620}","{'id': 46459, 'rank': 10, 'fitness': 0.9820137900379085, 'generation': 620}","{'id': 46713, 'rank': 11, 'fitness': 0.9793251818259043, 'generation': 620}","{'id': 46713, 'rank': 12, 'fitness': 0.9793251818259043, 'generation': 620}","{'id': 46713, 'rank': 13, 'fitness': 0.9793251818259043, 'generation': 620}","{'id': 46713, 'rank': 14, 'fitness': 0.9793251818259043, 'generation': 620}","{'id': 46713, 'rank': 15, 'fitness': 0.9793251818259043, 'generation': 620}","{'id': 46713, 'rank': 16, 'fitness': 0.9793251818259043, 'generation': 620}","{'id': 46713, 'rank': 17, 'fitness': 0.9793251818259043, 'generation': 620}","{'id': 45612, 'rank': 18, 'fitness': 0.9739729063057229, 'generation': 620}","{'id': 45612, 'rank': 19, 'fitness': 0.9739729063057229, 'generation': 620}","{'id': 45612, 'rank': 20, 'fitness': 0.9739729063057229, 'generation': 620}","{'id': 45612, 'rank': 21, 'fitness': 0.9739729063057229, 'generation': 620}","{'id': 45612, 'rank': 22, 'fitness': 0.9739729063057229, 'generation': 620}","{'id': 45612, 'rank': 23, 'fitness': 0.9739729063057229, 'generation': 620}","{'id': 45612, 'rank': 24, 'fitness': 0.9739729063057229, 'generation': 620}","{'id': 45612, 'rank': 25, 'fitness': 0.9739729063057229, 'generation': 620}","{'id': 45612, 'rank': 26, 'fitness': 0.9739729063057229, 'generation': 620}","{'id': 46676, 'rank': 27, 'fitness': 0.7940389390230698, 'generation': 620}","{'id': 46889, 'rank': 28, 'fitness': 0.07124670253008647, 'generation': 620}","{'id': 46901, 'rank': 29, 'fitness': 0.03483311679357792, 'generation': 620}","{'id': 46877, 'rank': 30, 'fitness': 0.01798620996209155, 'generation': 620}"
"{'id': 46459, 'rank': 1, 'fitness': 0.9820137900379085, 'generation': 621}","{'id': 46459, 'rank': 2, 'fitness': 0.9820137900379085, 'generation': 621}","{'id': 46459, 'rank': 3, 'fitness': 0.9820137900379085, 'generation': 621}","{'id': 46459, 'rank': 4, 'fitness': 0.9820137900379085, 'generation': 621}","{'id': 46459, 'rank': 5, 'fitness': 0.9820137900379085, 'generation': 621}","{'id': 46459, 'rank': 6, 'fitness': 0.9820137900379085, 'generation': 621}","{'id': 46459, 'rank': 7, 'fitness': 0.9820137900379085, 'generation': 621}","{'id': 46459, 'rank': 8, 'fitness': 0.9820137900379085, 'generation': 621}","{'id': 46459, 'rank': 9, 'fitness': 0.9820137900379085, 'generation': 621}","{'id': 46459, 'rank': 10, 'fitness': 0.9820137900379085, 'generation': 621}","{'id': 46459, 'rank': 11, 'fitness': 0.9820137900379085, 'generation': 621}","{'id': 46459, 'rank': 12, 'fitness': 0.9820137900379085, 'generation': 621}","{'id': 46459, 'rank': 13, 'fitness': 0.9820137900379085, 'generation': 621}","{'id': 46459, 'rank': 14, 'fitness': 0.9820137900379085, 'generation': 621}","{'id': 46459, 'rank': 15, 'fitness': 0.9820137900379085, 'generation': 621}","{'id': 46459, 'rank': 16, 'fitness': 0.9820137900379085, 'generation': 621}","{'id': 46459, 'rank': 17, 'fitness': 0.9820137900379085, 'generation': 621}","{'id': 46713, 'rank': 18, 'fitness': 0.9775425490297316, 'generation': 621}","{'id': 46713, 'rank': 19, 'fitness': 0.9775425490297316, 'generation': 621}","{'id': 46713, 'rank': 20, 'fitness': 0.9775425490297316, 'generation': 621}","{'id': 46713, 'rank': 21, 'fitness': 0.9775425490297316, 'generation': 621}","{'id': 45612, 'rank': 22, 'fitness': 0.9676251842551103, 'generation': 621}","{'id': 45612, 'rank': 23, 'fitness': 0.9676251842551103, 'generation': 621}","{'id': 45612, 'rank': 24, 'fitness': 0.9676251842551103, 'generation': 621}","{'id': 45612, 'rank': 25, 'fitness': 0.9676251842551103, 'generation': 621}","{'id': 45612, 'rank': 26, 'fitness': 0.9676251842551103, 'generation': 621}","{'id': 46676, 'rank': 27, 'fitness': 0.4433055524296851, 'generation': 621}","{'id': 46909, 'rank': 28, 'fitness': 0.25366812271326633, 'generation': 621}","{'id': 46969, 'rank': 29, 'fitness': 0.23715412868498453, 'generation': 621}","{'id': 46951, 'rank': 30, 'fitness': 0.01798620996209155, 'generation': 621}"
"{'id': 46459, 'rank': 1, 'fitness': 0.9820137900379085, 'generation': 622}","{'id': 46459, 'rank': 2, 'fitness': 0.9820137900379085, 'generation': 622}","{'id': 46459, 'rank': 3, 'fitness': 0.9820137900379085, 'generation': 622}","{'id': 46459, 'rank': 4, 'fitness': 0.9820137900379085, 'generation': 622}","{'id': 46459, 'rank': 5, 'fitness': 0.9820137900379085, 'generation': 622}","{'id': 46459, 'rank': 6, 'fitness': 0.9820137900379085, 'generation': 622}","{'id': 46459, 'rank': 7, 'fitness': 0.9820137900379085, 'generation': 622}","{'id': 46459, 'rank': 8, 'fitness': 0.9820137900379085, 'generation': 622}","{'id': 46459, 'rank': 9, 'fitness': 0.9820137900379085, 'generation': 622}","{'id': 46459, 'rank': 10, 'fitness': 0.9820137900379085, 'generation': 622}","{'id': 46459, 'rank': 11, 'fitness': 0.9820137900379085, 'generation': 622}","{'id': 46459, 'rank': 12, 'fitness': 0.9820137900379085, 'generation': 622}","{'id': 46459, 'rank': 13, 'fitness': 0.9820137900379085, 'generation': 622}","{'id': 46459, 'rank': 14, 'fitness': 0.9820137900379085, 'generation': 622}","{'id': 46459, 'rank': 15, 'fitness': 0.9820137900379085, 'generation': 622}","{'id': 46459, 'rank': 16, 'fitness': 0.9820137900379085, 'generation': 622}","{'id': 46459, 'rank': 17, 'fitness': 0.9820137900379085, 'generation': 622}","{'id': 46459, 'rank': 18, 'fitness': 0.9820137900379085, 'generation': 622}","{'id': 46459, 'rank': 19, 'fitness': 0.9820137900379085, 'generation': 622}","{'id': 46459, 'rank': 20, 'fitness': 0.9820137900379085, 'generation': 622}","{'id': 46459, 'rank': 21, 'fitness': 0.9820137900379085, 'generation': 622}","{'id': 46459, 'rank': 22, 'fitness': 0.9820137900379085, 'generation': 622}","{'id': 46713, 'rank': 23, 'fitness': 0.9775425490297316, 'generation': 622}","{'id': 46713, 'rank': 24, 'fitness': 0.9775425490297316, 'generation': 622}","{'id': 46713, 'rank': 25, 'fitness': 0.9775425490297316, 'generation': 622}","{'id': 45612, 'rank': 26, 'fitness': 0.9676251842551103, 'generation': 622}","{'id': 47005, 'rank': 27, 'fitness': 0.8359085898856947, 'generation': 622}","{'id': 46676, 'rank': 28, 'fitness': 0.4433055524296851, 'generation': 622}","{'id': 46969, 'rank': 29, 'fitness': 0.23715412868498453, 'generation': 622}","{'id': 46951, 'rank': 30, 'fitness': 0.01798620996209155, 'generation': 622}"
"{'id': 47100, 'rank': 1, 'fitness': 0.9820137900379085, 'generation': 623}","{'id': 47100, 'rank': 2, 'fitness': 0.9820137900379085, 'generation': 623}","{'id': 46459, 'rank': 3, 'fitness': 0.9800896623049145, 'generation': 623}","{'id': 46459, 'rank': 4, 'fitness': 0.9800896623049145, 'generation': 623}","{'id': 46459, 'rank': 5, 'fitness': 0.9800896623049145, 'generation': 623}","{'id': 46459, 'rank': 6, 'fitness': 0.9800896623049145, 'generation': 623}","{'id': 46459, 'rank': 7, 'fitness': 0.9800896623049145, 'generation': 623}","{'id': 46459, 'rank': 8, 'fitness': 0.9800896623049145, 'generation': 623}","{'id': 46459, 'rank': 9, 'fitness': 0.9800896623049145, 'generation': 623}","{'id': 46459, 'rank': 10, 'fitness': 0.9800896623049145, 'generation': 623}","{'id': 46459, 'rank': 11, 'fitness': 0.9800896623049145, 'generation': 623}","{'id': 46459, 'rank': 12, 'fitness': 0.9800896623049145, 'generation': 623}","{'id': 46459, 'rank': 13, 'fitness': 0.9800896623049145, 'generation': 623}","{'id': 46459, 'rank': 14, 'fitness': 0.9800896623049145, 'generation': 623}","{'id': 46459, 'rank': 15, 'fitness': 0.9800896623049145, 'generation': 623}","{'id': 46459, 'rank': 16, 'fitness': 0.9800896623049145, 'generation': 623}","{'id': 46459, 'rank': 17, 'fitness': 0.9800896623049145, 'generation': 623}","{'id': 46459, 'rank': 18, 'fitness': 0.9800896623049145, 'generation': 623}","{'id': 46459, 'rank': 19, 'fitness': 0.9800896623049145, 'generation': 623}","{'id': 46459, 'rank': 20, 'fitness': 0.9800896623049145, 'generation': 623}","{'id': 46459, 'rank': 21, 'fitness': 0.9800896623049145, 'generation': 623}","{'id': 46459, 'rank': 22, 'fitness': 0.9800896623049145, 'generation': 623}","{'id': 46459, 'rank': 23, 'fitness': 0.9800896623049145, 'generation': 623}","{'id': 46713, 'rank': 24, 'fitness': 0.9746216833540733, 'generation': 623}","{'id': 46713, 'rank': 25, 'fitness': 0.9746216833540733, 'generation': 623}","{'id': 45612, 'rank': 26, 'fitness': 0.9621756006435775, 'generation': 623}","{'id': 47115, 'rank': 27, 'fitness': 0.3730171118595239, 'generation': 623}","{'id': 47114, 'rank': 28, 'fitness': 0.20959250957327086, 'generation': 623}","{'id': 46969, 'rank': 29, 'fitness': 0.14601056735354234, 'generation': 623}","{'id': 47112, 'rank': 30, 'fitness': 0.01798620996209155, 'generation': 623}"
"{'id': 47100, 'rank': 1, 'fitness': 0.9820137900379085, 'generation': 624}","{'id': 47100, 'rank': 2, 'fitness': 0.9820137900379085, 'generation': 624}","{'id': 47100, 'rank': 3, 'fitness': 0.9820137900379085, 'generation': 624}","{'id': 47100, 'rank': 4, 'fitness': 0.9820137900379085, 'generation': 624}","{'id': 46459, 'rank': 5, 'fitness': 0.9806445960297373, 'generation': 624}","{'id': 46459, 'rank': 6, 'fitness': 0.9806445960297373, 'generation': 624}","{'id': 46459, 'rank': 7, 'fitness': 0.9806445960297373, 'generation': 624}","{'id': 46459, 'rank': 8, 'fitness': 0.9806445960297373, 'generation': 624}","{'id': 46459, 'rank': 9, 'fitness': 0.9806445960297373, 'generation': 624}","{'id': 46459, 'rank': 10, 'fitness': 0.9806445960297373, 'generation': 624}","{'id': 46459, 'rank': 11, 'fitness': 0.9806445960297373, 'generation': 624}","{'id': 46459, 'rank': 12, 'fitness': 0.9806445960297373, 'generation': 624}","{'id': 46459, 'rank': 13, 'fitness': 0.9806445960297373, 'generation': 624}","{'id': 46459, 'rank': 14, 'fitness': 0.9806445960297373, 'generation': 624}","{'id': 46459, 'rank': 15, 'fitness': 0.9806445960297373, 'generation': 624}","{'id': 46459, 'rank': 16, 'fitness': 0.9806445960297373, 'generation': 624}","{'id': 46459, 'rank': 17, 'fitness': 0.9806445960297373, 'generation': 624}","{'id': 46459, 'rank': 18, 'fitness': 0.9806445960297373, 'generation': 624}","{'id': 46459, 'rank': 19, 'fitness': 0.9806445960297373, 'generation': 624}","{'id': 46459, 'rank': 20, 'fitness': 0.9806445960297373, 'generation': 624}","{'id': 46459, 'rank': 21, 'fitness': 0.9806445960297373, 'generation': 624}","{'id': 46459, 'rank': 22, 'fitness': 0.9806445960297373, 'generation': 624}","{'id': 46459, 'rank': 23, 'fitness': 0.9806445960297373, 'generation': 624}","{'id': 46459, 'rank': 24, 'fitness': 0.9806445960297373, 'generation': 624}","{'id': 46713, 'rank': 25, 'fitness': 0.9769345318740273, 'generation': 624}","{'id': 47189, 'rank': 26, 'fitness': 0.6299810521655738, 'generation': 624}","{'id': 47170, 'rank': 27, 'fitness': 0.5879560234809558, 'generation': 624}","{'id': 47186, 'rank': 28, 'fitness': 0.3382033446181725, 'generation': 624}","{'id': 47150, 'rank': 29, 'fitness': 0.1093046647564142, 'generation': 624}","{'id': 47157, 'rank': 30, 'fitness': 0.01798620996209155, 'generation': 624}"
"{'id': 47100, 'rank': 1, 'fitness': 0.9820137900379085, 'generation': 625}","{'id': 47100, 'rank': 2, 'fitness': 0.9820137900379085, 'generation': 625}","{'id': 47100, 'rank': 3, 'fitness': 0.9820137900379085, 'generation': 625}","{'id': 47100, 'rank': 4, 'fitness': 0.9820137900379085, 'generation': 625}","{'id': 47100, 'rank': 5, 'fitness': 0.9820137900379085, 'generation': 625}","{'id': 47100, 'rank': 6, 'fitness': 0.9820137900379085, 'generation': 625}","{'id': 46459, 'rank': 7, 'fitness': 0.9803980981552374, 'generation': 625}","{'id': 46459, 'rank': 8, 'fitness': 0.9803980981552374, 'generation': 625}","{'id': 46459, 'rank': 9, 'fitness': 0.9803980981552374, 'generation': 625}","{'id': 46459, 'rank': 10, 'fitness': 0.9803980981552374, 'generation': 625}","{'id': 46459, 'rank': 11, 'fitness': 0.9803980981552374, 'generation': 625}","{'id': 46459, 'rank': 12, 'fitness': 0.9803980981552374, 'generation': 625}","{'id': 46459, 'rank': 13, 'fitness': 0.9803980981552374, 'generation': 625}","{'id': 46459, 'rank': 14, 'fitness': 0.9803980981552374, 'generation': 625}","{'id': 46459, 'rank': 15, 'fitness': 0.9803980981552374, 'generation': 625}","{'id': 46459, 'rank': 16, 'fitness': 0.9803980981552374, 'generation': 625}","{'id': 46459, 'rank': 17, 'fitness': 0.9803980981552374, 'generation': 625}","{'id': 46459, 'rank': 18, 'fitness': 0.9803980981552374, 'generation': 625}","{'id': 46459, 'rank': 19, 'fitness': 0.9803980981552374, 'generation': 625}","{'id': 46459, 'rank': 20, 'fitness': 0.9803980981552374, 'generation': 625}","{'id': 46459, 'rank': 21, 'fitness': 0.9803980981552374, 'generation': 625}","{'id': 46459, 'rank': 22, 'fitness': 0.9803980981552374, 'generation': 625}","{'id': 46459, 'rank': 23, 'fitness': 0.9803980981552374, 'generation': 625}","{'id': 46459, 'rank': 24, 'fitness': 0.9803980981552374, 'generation': 625}","{'id': 46459, 'rank': 25, 'fitness': 0.9803980981552374, 'generation': 625}","{'id': 46459, 'rank': 26, 'fitness': 0.9803980981552374, 'generation': 625}","{'id': 47189, 'rank': 27, 'fitness': 0.4833727841800431, 'generation': 625}","{'id': 47272, 'rank': 28, 'fitness': 0.22272333996318455, 'generation': 625}","{'id': 47233, 'rank': 29, 'fitness': 0.02244046789933213, 'generation': 625}","{'id': 47299, 'rank': 30, 'fitness': 0.01798620996209155, 'generation': 625}"
"{'id': 47100, 'rank': 1, 'fitness': 0.9820137900379085, 'generation': 626}","{'id': 47100, 'rank': 2, 'fitness': 0.9820137900379085, 'generation': 626}","{'id': 47100, 'rank': 3, 'fitness': 0.9820137900379085, 'generation': 626}","{'id': 47100, 'rank': 4, 'fitness': 0.9820137900379085, 'generation': 626}","{'id': 47100, 'rank': 5, 'fitness': 0.9820137900379085, 'generation': 626}","{'id': 47100, 'rank': 6, 'fitness': 0.9820137900379085, 'generation': 626}","{'id': 47100, 'rank': 7, 'fitness': 0.9820137900379085, 'generation': 626}","{'id': 47100, 'rank': 8, 'fitness': 0.9820137900379085, 'generation': 626}","{'id': 47100, 'rank': 9, 'fitness': 0.9820137900379085, 'generation': 626}","{'id': 47100, 'rank': 10, 'fitness': 0.9820137900379085, 'generation': 626}","{'id': 47100, 'rank': 11, 'fitness': 0.9820137900379085, 'generation': 626}","{'id': 46459, 'rank': 12, 'fitness': 0.9801929650962987, 'generation': 626}","{'id': 46459, 'rank': 13, 'fitness': 0.9801929650962987, 'generation': 626}","{'id': 46459, 'rank': 14, 'fitness': 0.9801929650962987, 'generation': 626}","{'id': 46459, 'rank': 15, 'fitness': 0.9801929650962987, 'generation': 626}","{'id': 46459, 'rank': 16, 'fitness': 0.9801929650962987, 'generation': 626}","{'id': 46459, 'rank': 17, 'fitness': 0.9801929650962987, 'generation': 626}","{'id': 46459, 'rank': 18, 'fitness': 0.9801929650962987, 'generation': 626}","{'id': 46459, 'rank': 19, 'fitness': 0.9801929650962987, 'generation': 626}","{'id': 46459, 'rank': 20, 'fitness': 0.9801929650962987, 'generation': 626}","{'id': 46459, 'rank': 21, 'fitness': 0.9801929650962987, 'generation': 626}","{'id': 46459, 'rank': 22, 'fitness': 0.9801929650962987, 'generation': 626}","{'id': 46459, 'rank': 23, 'fitness': 0.9801929650962987, 'generation': 626}","{'id': 46459, 'rank': 24, 'fitness': 0.9801929650962987, 'generation': 626}","{'id': 46459, 'rank': 25, 'fitness': 0.9801929650962987, 'generation': 626}","{'id': 46459, 'rank': 26, 'fitness': 0.9801929650962987, 'generation': 626}","{'id': 46459, 'rank': 27, 'fitness': 0.9801929650962987, 'generation': 626}","{'id': 46459, 'rank': 28, 'fitness': 0.9801929650962987, 'generation': 626}","{'id': 46459, 'rank': 29, 'fitness': 0.9801929650962987, 'generation': 626}","{'id': 47355, 'rank': 30, 'fitness': 0.01798620996209155, 'generation': 626}"
"{'id': 47100, 'rank': 1, 'fitness': 0.9820137900379085, 'generation': 627}","{'id': 47100, 'rank': 2, 'fitness': 0.9820137900379085, 'generation': 627}","{'id': 47100, 'rank': 3, 'fitness': 0.9820137900379085, 'generation': 627}","{'id': 47100, 'rank': 4, 'fitness': 0.9820137900379085, 'generation': 627}","{'id': 47100, 'rank': 5, 'fitness': 0.9820137900379085, 'generation': 627}","{'id': 47100, 'rank': 6, 'fitness': 0.9820137900379085, 'generation': 627}","{'id': 47100, 'rank': 7, 'fitness': 0.9820137900379085, 'generation': 627}","{'id': 47100, 'rank': 8, 'fitness': 0.9820137900379085, 'generation': 627}","{'id': 47100, 'rank': 9, 'fitness': 0.9820137900379085, 'generation': 627}","{'id': 47100, 'rank': 10, 'fitness': 0.9820137900379085, 'generation': 627}","{'id': 47100, 'rank': 11, 'fitness': 0.9820137900379085, 'generation': 627}","{'id': 47100, 'rank': 12, 'fitness': 0.9820137900379085, 'generation': 627}","{'id': 47100, 'rank': 13, 'fitness': 0.9820137900379085, 'generation': 627}","{'id': 47100, 'rank': 14, 'fitness': 0.9820137900379085, 'generation': 627}","{'id': 47100, 'rank': 15, 'fitness': 0.9820137900379085, 'generation': 627}","{'id': 47100, 'rank': 16, 'fitness': 0.9820137900379085, 'generation': 627}","{'id': 46459, 'rank': 17, 'fitness': 0.9803571403187653, 'generation': 627}","{'id': 46459, 'rank': 18, 'fitness': 0.9803571403187653, 'generation': 627}","{'id': 46459, 'rank': 19, 'fitness': 0.9803571403187653, 'generation': 627}","{'id': 46459, 'rank': 20, 'fitness': 0.9803571403187653, 'generation': 627}","{'id': 46459, 'rank': 21, 'fitness': 0.9803571403187653, 'generation': 627}","{'id': 46459, 'rank': 22, 'fitness': 0.9803571403187653, 'generation': 627}","{'id': 46459, 'rank': 23, 'fitness': 0.9803571403187653, 'generation': 627}","{'id': 46459, 'rank': 24, 'fitness': 0.9803571403187653, 'generation': 627}","{'id': 46459, 'rank': 25, 'fitness': 0.9803571403187653, 'generation': 627}","{'id': 47474, 'rank': 26, 'fitness': 0.31873541795432514, 'generation': 627}","{'id': 47412, 'rank': 27, 'fitness': 0.13940129745873353, 'generation': 627}","{'id': 47412, 'rank': 28, 'fitness': 0.13940129745873353, 'generation': 627}","{'id': 47397, 'rank': 29, 'fitness': 0.020924526042897684, 'generation': 627}","{'id': 47440, 'rank': 30, 'fitness': 0.01798620996209155, 'generation': 627}"
"{'id': 47100, 'rank': 1, 'fitness': 0.9820137900379085, 'generation': 628}","{'id': 47100, 'rank': 2, 'fitness': 0.9820137900379085, 'generation': 628}","{'id': 47100, 'rank': 3, 'fitness': 0.9820137900379085, 'generation': 628}","{'id': 47100, 'rank': 4, 'fitness': 0.9820137900379085, 'generation': 628}","{'id': 47100, 'rank': 5, 'fitness': 0.9820137900379085, 'generation': 628}","{'id': 47100, 'rank': 6, 'fitness': 0.9820137900379085, 'generation': 628}","{'id': 47100, 'rank': 7, 'fitness': 0.9820137900379085, 'generation': 628}","{'id': 47100, 'rank': 8, 'fitness': 0.9820137900379085, 'generation': 628}","{'id': 47100, 'rank': 9, 'fitness': 0.9820137900379085, 'generation': 628}","{'id': 47100, 'rank': 10, 'fitness': 0.9820137900379085, 'generation': 628}","{'id': 47100, 'rank': 11, 'fitness': 0.9820137900379085, 'generation': 628}","{'id': 47100, 'rank': 12, 'fitness': 0.9820137900379085, 'generation': 628}","{'id': 47100, 'rank': 13, 'fitness': 0.9820137900379085, 'generation': 628}","{'id': 47100, 'rank': 14, 'fitness': 0.9820137900379085, 'generation': 628}","{'id': 47100, 'rank': 15, 'fitness': 0.9820137900379085, 'generation': 628}","{'id': 47100, 'rank': 16, 'fitness': 0.9820137900379085, 'generation': 628}","{'id': 47100, 'rank': 17, 'fitness': 0.9820137900379085, 'generation': 628}","{'id': 47100, 'rank': 18, 'fitness': 0.9820137900379085, 'generation': 628}","{'id': 47100, 'rank': 19, 'fitness': 0.9820137900379085, 'generation': 628}","{'id': 47100, 'rank': 20, 'fitness': 0.9820137900379085, 'generation': 628}","{'id': 47100, 'rank': 21, 'fitness': 0.9820137900379085, 'generation': 628}","{'id': 46459, 'rank': 22, 'fitness': 0.9802864785477685, 'generation': 628}","{'id': 46459, 'rank': 23, 'fitness': 0.9802864785477685, 'generation': 628}","{'id': 46459, 'rank': 24, 'fitness': 0.9802864785477685, 'generation': 628}","{'id': 47527, 'rank': 25, 'fitness': 0.29508222006733287, 'generation': 628}","{'id': 47527, 'rank': 26, 'fitness': 0.29508222006733287, 'generation': 628}","{'id': 47527, 'rank': 27, 'fitness': 0.29508222006733287, 'generation': 628}","{'id': 47527, 'rank': 28, 'fitness': 0.29508222006733287, 'generation': 628}","{'id': 47537, 'rank': 29, 'fitness': 0.13688226851178437, 'generation': 628}","{'id': 47489, 'rank': 30, 'fitness': 0.01798620996209155, 'generation': 628}"
"{'id': 47100, 'rank': 1, 'fitness': 0.9820137900379085, 'generation': 629}","{'id': 47100, 'rank': 2, 'fitness': 0.9820137900379085, 'generation': 629}","{'id': 47100, 'rank': 3, 'fitness': 0.9820137900379085, 'generation': 629}","{'id': 47100, 'rank': 4, 'fitness': 0.9820137900379085, 'generation': 629}","{'id': 47100, 'rank': 5, 'fitness': 0.9820137900379085, 'generation': 629}","{'id': 47100, 'rank': 6, 'fitness': 0.9820137900379085, 'generation': 629}","{'id': 47100, 'rank': 7, 'fitness': 0.9820137900379085, 'generation': 629}","{'id': 47100, 'rank': 8, 'fitness': 0.9820137900379085, 'generation': 629}","{'id': 47100, 'rank': 9, 'fitness': 0.9820137900379085, 'generation': 629}","{'id': 47100, 'rank': 10, 'fitness': 0.9820137900379085, 'generation': 629}","{'id': 47100, 'rank': 11, 'fitness': 0.9820137900379085, 'generation': 629}","{'id': 47100, 'rank': 12, 'fitness': 0.9820137900379085, 'generation': 629}","{'id': 47100, 'rank': 13, 'fitness': 0.9820137900379085, 'generation': 629}","{'id': 47100, 'rank': 14, 'fitness': 0.9820137900379085, 'generation': 629}","{'id': 47100, 'rank': 15, 'fitness': 0.9820137900379085, 'generation': 629}","{'id': 47100, 'rank': 16, 'fitness': 0.9820137900379085, 'generation': 629}","{'id': 47100, 'rank': 17, 'fitness': 0.9820137900379085, 'generation': 629}","{'id': 47100, 'rank': 18, 'fitness': 0.9820137900379085, 'generation': 629}","{'id': 47100, 'rank': 19, 'fitness': 0.9820137900379085, 'generation': 629}","{'id': 47100, 'rank': 20, 'fitness': 0.9820137900379085, 'generation': 629}","{'id': 46459, 'rank': 21, 'fitness': 0.9799939759423806, 'generation': 629}","{'id': 46459, 'rank': 22, 'fitness': 0.9799939759423806, 'generation': 629}","{'id': 46459, 'rank': 23, 'fitness': 0.9799939759423806, 'generation': 629}","{'id': 46459, 'rank': 24, 'fitness': 0.9799939759423806, 'generation': 629}","{'id': 46459, 'rank': 25, 'fitness': 0.9799939759423806, 'generation': 629}","{'id': 47565, 'rank': 26, 'fitness': 0.9612909716101482, 'generation': 629}","{'id': 47582, 'rank': 27, 'fitness': 0.46354896353001807, 'generation': 629}","{'id': 47634, 'rank': 28, 'fitness': 0.32194291263262986, 'generation': 629}","{'id': 47568, 'rank': 29, 'fitness': 0.10302387962052412, 'generation': 629}","{'id': 47605, 'rank': 30, 'fitness': 0.01798620996209155, 'generation': 629}"
"{'id': 47100, 'rank': 1, 'fitness': 0.9820137900379085, 'generation': 630}","{'id': 47100, 'rank': 2, 'fitness': 0.9820137900379085, 'generation': 630}","{'id': 47100, 'rank': 3, 'fitness': 0.9820137900379085, 'generation': 630}","{'id': 47100, 'rank': 4, 'fitness': 0.9820137900379085, 'generation': 630}","{'id': 47100, 'rank': 5, 'fitness': 0.9820137900379085, 'generation': 630}","{'id': 47100, 'rank': 6, 'fitness': 0.9820137900379085, 'generation': 630}","{'id': 47100, 'rank': 7, 'fitness': 0.9820137900379085, 'generation': 630}","{'id': 47100, 'rank': 8, 'fitness': 0.9820137900379085, 'generation': 630}","{'id': 47100, 'rank': 9, 'fitness': 0.9820137900379085, 'generation': 630}","{'id': 47100, 'rank': 10, 'fitness': 0.9820137900379085, 'generation': 630}","{'id': 47100, 'rank': 11, 'fitness': 0.9820137900379085, 'generation': 630}","{'id': 47100, 'rank': 12, 'fitness': 0.9820137900379085, 'generation': 630}","{'id': 47100, 'rank': 13, 'fitness': 0.9820137900379085, 'generation': 630}","{'id': 47100, 'rank': 14, 'fitness': 0.9820137900379085, 'generation': 630}","{'id': 47100, 'rank': 15, 'fitness': 0.9820137900379085, 'generation': 630}","{'id': 47100, 'rank': 16, 'fitness': 0.9820137900379085, 'generation': 630}","{'id': 47100, 'rank': 17, 'fitness': 0.9820137900379085, 'generation': 630}","{'id': 47100, 'rank': 18, 'fitness': 0.9820137900379085, 'generation': 630}","{'id': 47100, 'rank': 19, 'fitness': 0.9820137900379085, 'generation': 630}","{'id': 47100, 'rank': 20, 'fitness': 0.9820137900379085, 'generation': 630}","{'id': 46459, 'rank': 21, 'fitness': 0.9798949783139138, 'generation': 630}","{'id': 46459, 'rank': 22, 'fitness': 0.9798949783139138, 'generation': 630}","{'id': 46459, 'rank': 23, 'fitness': 0.9798949783139138, 'generation': 630}","{'id': 46459, 'rank': 24, 'fitness': 0.9798949783139138, 'generation': 630}","{'id': 46459, 'rank': 25, 'fitness': 0.9798949783139138, 'generation': 630}","{'id': 47582, 'rank': 26, 'fitness': 0.41615661462602865, 'generation': 630}","{'id': 47661, 'rank': 27, 'fitness': 0.15517249890444273, 'generation': 630}","{'id': 47698, 'rank': 28, 'fitness': 0.1489003107007797, 'generation': 630}","{'id': 47698, 'rank': 29, 'fitness': 0.1489003107007797, 'generation': 630}","{'id': 47681, 'rank': 30, 'fitness': 0.01798620996209155, 'generation': 630}"
"{'id': 47100, 'rank': 1, 'fitness': 0.9820137900379085, 'generation': 631}","{'id': 47100, 'rank': 2, 'fitness': 0.9820137900379085, 'generation': 631}","{'id': 47100, 'rank': 3, 'fitness': 0.9820137900379085, 'generation': 631}","{'id': 47100, 'rank': 4, 'fitness': 0.9820137900379085, 'generation': 631}","{'id': 47100, 'rank': 5, 'fitness': 0.9820137900379085, 'generation': 631}","{'id': 47100, 'rank': 6, 'fitness': 0.9820137900379085, 'generation': 631}","{'id': 47100, 'rank': 7, 'fitness': 0.9820137900379085, 'generation': 631}","{'id': 47100, 'rank': 8, 'fitness': 0.9820137900379085, 'generation': 631}","{'id': 47100, 'rank': 9, 'fitness': 0.9820137900379085, 'generation': 631}","{'id': 47100, 'rank': 10, 'fitness': 0.9820137900379085, 'generation': 631}","{'id': 47100, 'rank': 11, 'fitness': 0.9820137900379085, 'generation': 631}","{'id': 47100, 'rank': 12, 'fitness': 0.9820137900379085, 'generation': 631}","{'id': 47100, 'rank': 13, 'fitness': 0.9820137900379085, 'generation': 631}","{'id': 47100, 'rank': 14, 'fitness': 0.9820137900379085, 'generation': 631}","{'id': 47100, 'rank': 15, 'fitness': 0.9820137900379085, 'generation': 631}","{'id': 47100, 'rank': 16, 'fitness': 0.9820137900379085, 'generation': 631}","{'id': 47100, 'rank': 17, 'fitness': 0.9820137900379085, 'generation': 631}","{'id': 47100, 'rank': 18, 'fitness': 0.9820137900379085, 'generation': 631}","{'id': 47100, 'rank': 19, 'fitness': 0.9820137900379085, 'generation': 631}","{'id': 46459, 'rank': 20, 'fitness': 0.9803852802688581, 'generation': 631}","{'id': 47582, 'rank': 21, 'fitness': 0.6511509193752457, 'generation': 631}","{'id': 47751, 'rank': 22, 'fitness': 0.5985690209944121, 'generation': 631}","{'id': 47661, 'rank': 23, 'fitness': 0.39387858127263486, 'generation': 631}","{'id': 47661, 'rank': 24, 'fitness': 0.39387858127263486, 'generation': 631}","{'id': 47698, 'rank': 25, 'fitness': 0.3848770101758713, 'generation': 631}","{'id': 47761, 'rank': 26, 'fitness': 0.28875373321969855, 'generation': 631}","{'id': 47761, 'rank': 27, 'fitness': 0.28875373321969855, 'generation': 631}","{'id': 47756, 'rank': 28, 'fitness': 0.21894347267441117, 'generation': 631}","{'id': 47737, 'rank': 29, 'fitness': 0.0685562268658374, 'generation': 631}","{'id': 47766, 'rank': 30, 'fitness': 0.01798620996209155, 'generation': 631}"
"{'id': 47100, 'rank': 1, 'fitness': 0.9820137900379085, 'generation': 632}","{'id': 47100, 'rank': 2, 'fitness': 0.9820137900379085, 'generation': 632}","{'id': 47100, 'rank': 3, 'fitness': 0.9820137900379085, 'generation': 632}","{'id': 47100, 'rank': 4, 'fitness': 0.9820137900379085, 'generation': 632}","{'id': 47100, 'rank': 5, 'fitness': 0.9820137900379085, 'generation': 632}","{'id': 47100, 'rank': 6, 'fitness': 0.9820137900379085, 'generation': 632}","{'id': 47100, 'rank': 7, 'fitness': 0.9820137900379085, 'generation': 632}","{'id': 47100, 'rank': 8, 'fitness': 0.9820137900379085, 'generation': 632}","{'id': 47100, 'rank': 9, 'fitness': 0.9820137900379085, 'generation': 632}","{'id': 47100, 'rank': 10, 'fitness': 0.9820137900379085, 'generation': 632}","{'id': 47100, 'rank': 11, 'fitness': 0.9820137900379085, 'generation': 632}","{'id': 47100, 'rank': 12, 'fitness': 0.9820137900379085, 'generation': 632}","{'id': 47100, 'rank': 13, 'fitness': 0.9820137900379085, 'generation': 632}","{'id': 47100, 'rank': 14, 'fitness': 0.9820137900379085, 'generation': 632}","{'id': 47100, 'rank': 15, 'fitness': 0.9820137900379085, 'generation': 632}","{'id': 47100, 'rank': 16, 'fitness': 0.9820137900379085, 'generation': 632}","{'id': 47100, 'rank': 17, 'fitness': 0.9820137900379085, 'generation': 632}","{'id': 47100, 'rank': 18, 'fitness': 0.9820137900379085, 'generation': 632}","{'id': 47100, 'rank': 19, 'fitness': 0.9820137900379085, 'generation': 632}","{'id': 47100, 'rank': 20, 'fitness': 0.9820137900379085, 'generation': 632}","{'id': 47100, 'rank': 21, 'fitness': 0.9820137900379085, 'generation': 632}","{'id': 47100, 'rank': 22, 'fitness': 0.9820137900379085, 'generation': 632}","{'id': 47100, 'rank': 23, 'fitness': 0.9820137900379085, 'generation': 632}","{'id': 47100, 'rank': 24, 'fitness': 0.9820137900379085, 'generation': 632}","{'id': 46459, 'rank': 25, 'fitness': 0.9792821196892391, 'generation': 632}","{'id': 47815, 'rank': 26, 'fitness': 0.4566311737765962, 'generation': 632}","{'id': 47582, 'rank': 27, 'fitness': 0.18093201517600294, 'generation': 632}","{'id': 47582, 'rank': 28, 'fitness': 0.18093201517600294, 'generation': 632}","{'id': 47661, 'rank': 29, 'fitness': 0.037971249211308566, 'generation': 632}","{'id': 47761, 'rank': 30, 'fitness': 0.01798620996209155, 'generation': 632}"
"{'id': 47100, 'rank': 1, 'fitness': 0.9820137900379085, 'generation': 633}","{'id': 47100, 'rank': 2, 'fitness': 0.9820137900379085, 'generation': 633}","{'id': 47100, 'rank': 3, 'fitness': 0.9820137900379085, 'generation': 633}","{'id': 47100, 'rank': 4, 'fitness': 0.9820137900379085, 'generation': 633}","{'id': 47100, 'rank': 5, 'fitness': 0.9820137900379085, 'generation': 633}","{'id': 47100, 'rank': 6, 'fitness': 0.9820137900379085, 'generation': 633}","{'id': 47100, 'rank': 7, 'fitness': 0.9820137900379085, 'generation': 633}","{'id': 47100, 'rank': 8, 'fitness': 0.9820137900379085, 'generation': 633}","{'id': 47100, 'rank': 9, 'fitness': 0.9820137900379085, 'generation': 633}","{'id': 47100, 'rank': 10, 'fitness': 0.9820137900379085, 'generation': 633}","{'id': 47100, 'rank': 11, 'fitness': 0.9820137900379085, 'generation': 633}","{'id': 47100, 'rank': 12, 'fitness': 0.9820137900379085, 'generation': 633}","{'id': 47100, 'rank': 13, 'fitness': 0.9820137900379085, 'generation': 633}","{'id': 47100, 'rank': 14, 'fitness': 0.9820137900379085, 'generation': 633}","{'id': 47100, 'rank': 15, 'fitness': 0.9820137900379085, 'generation': 633}","{'id': 47100, 'rank': 16, 'fitness': 0.9820137900379085, 'generation': 633}","{'id': 47100, 'rank': 17, 'fitness': 0.9820137900379085, 'generation': 633}","{'id': 47100, 'rank': 18, 'fitness': 0.9820137900379085, 'generation': 633}","{'id': 47100, 'rank': 19, 'fitness': 0.9820137900379085, 'generation': 633}","{'id': 47100, 'rank': 20, 'fitness': 0.9820137900379085, 'generation': 633}","{'id': 46459, 'rank': 21, 'fitness': 0.9804757532091553, 'generation': 633}","{'id': 46459, 'rank': 22, 'fitness': 0.9804757532091553, 'generation': 633}","{'id': 47922, 'rank': 23, 'fitness': 0.8561973910564884, 'generation': 633}","{'id': 47936, 'rank': 24, 'fitness': 0.7414937247528298, 'generation': 633}","{'id': 47936, 'rank': 25, 'fitness': 0.7414937247528298, 'generation': 633}","{'id': 47939, 'rank': 26, 'fitness': 0.7375711826988113, 'generation': 633}","{'id': 47939, 'rank': 27, 'fitness': 0.7375711826988113, 'generation': 633}","{'id': 47927, 'rank': 28, 'fitness': 0.6087427137591637, 'generation': 633}","{'id': 47872, 'rank': 29, 'fitness': 0.053511422514115226, 'generation': 633}","{'id': 47899, 'rank': 30, 'fitness': 0.01798620996209155, 'generation': 633}"
"{'id': 47100, 'rank': 1, 'fitness': 0.9820137900379085, 'generation': 634}","{'id': 47100, 'rank': 2, 'fitness': 0.9820137900379085, 'generation': 634}","{'id': 47100, 'rank': 3, 'fitness': 0.9820137900379085, 'generation': 634}","{'id': 47100, 'rank': 4, 'fitness': 0.9820137900379085, 'generation': 634}","{'id': 47100, 'rank': 5, 'fitness': 0.9820137900379085, 'generation': 634}","{'id': 47100, 'rank': 6, 'fitness': 0.9820137900379085, 'generation': 634}","{'id': 47100, 'rank': 7, 'fitness': 0.9820137900379085, 'generation': 634}","{'id': 47100, 'rank': 8, 'fitness': 0.9820137900379085, 'generation': 634}","{'id': 47100, 'rank': 9, 'fitness': 0.9820137900379085, 'generation': 634}","{'id': 47100, 'rank': 10, 'fitness': 0.9820137900379085, 'generation': 634}","{'id': 47100, 'rank': 11, 'fitness': 0.9820137900379085, 'generation': 634}","{'id': 47100, 'rank': 12, 'fitness': 0.9820137900379085, 'generation': 634}","{'id': 47100, 'rank': 13, 'fitness': 0.9820137900379085, 'generation': 634}","{'id': 47100, 'rank': 14, 'fitness': 0.9820137900379085, 'generation': 634}","{'id': 47100, 'rank': 15, 'fitness': 0.9820137900379085, 'generation': 634}","{'id': 47100, 'rank': 16, 'fitness': 0.9820137900379085, 'generation': 634}","{'id': 47100, 'rank': 17, 'fitness': 0.9820137900379085, 'generation': 634}","{'id': 47100, 'rank': 18, 'fitness': 0.9820137900379085, 'generation': 634}","{'id': 47100, 'rank': 19, 'fitness': 0.9820137900379085, 'generation': 634}","{'id': 47100, 'rank': 20, 'fitness': 0.9820137900379085, 'generation': 634}","{'id': 47100, 'rank': 21, 'fitness': 0.9820137900379085, 'generation': 634}","{'id': 47100, 'rank': 22, 'fitness': 0.9820137900379085, 'generation': 634}","{'id': 47100, 'rank': 23, 'fitness': 0.9820137900379085, 'generation': 634}","{'id': 47100, 'rank': 24, 'fitness': 0.9820137900379085, 'generation': 634}","{'id': 46459, 'rank': 25, 'fitness': 0.9783737616777098, 'generation': 634}","{'id': 47979, 'rank': 26, 'fitness': 0.14359551096916245, 'generation': 634}","{'id': 47979, 'rank': 27, 'fitness': 0.14359551096916245, 'generation': 634}","{'id': 47953, 'rank': 28, 'fitness': 0.12779086073868817, 'generation': 634}","{'id': 47939, 'rank': 29, 'fitness': 0.06474517169985117, 'generation': 634}","{'id': 47927, 'rank': 30, 'fitness': 0.01798620996209155, 'generation': 634}"
"{'id': 48053, 'rank': 1, 'fitness': 0.9820137900379085, 'generation': 635}","{'id': 48053, 'rank': 2, 'fitness': 0.9820137900379085, 'generation': 635}","{'id': 47100, 'rank': 3, 'fitness': 0.9495695663535376, 'generation': 635}","{'id': 47100, 'rank': 4, 'fitness': 0.9495695663535376, 'generation': 635}","{'id': 47100, 'rank': 5, 'fitness': 0.9495695663535376, 'generation': 635}","{'id': 47100, 'rank': 6, 'fitness': 0.9495695663535376, 'generation': 635}","{'id': 47100, 'rank': 7, 'fitness': 0.9495695663535376, 'generation': 635}","{'id': 47100, 'rank': 8, 'fitness': 0.9495695663535376, 'generation': 635}","{'id': 47100, 'rank': 9, 'fitness': 0.9495695663535376, 'generation': 635}","{'id': 47100, 'rank': 10, 'fitness': 0.9495695663535376, 'generation': 635}","{'id': 47100, 'rank': 11, 'fitness': 0.9495695663535376, 'generation': 635}","{'id': 47100, 'rank': 12, 'fitness': 0.9495695663535376, 'generation': 635}","{'id': 47100, 'rank': 13, 'fitness': 0.9495695663535376, 'generation': 635}","{'id': 47100, 'rank': 14, 'fitness': 0.9495695663535376, 'generation': 635}","{'id': 47100, 'rank': 15, 'fitness': 0.9495695663535376, 'generation': 635}","{'id': 47100, 'rank': 16, 'fitness': 0.9495695663535376, 'generation': 635}","{'id': 47100, 'rank': 17, 'fitness': 0.9495695663535376, 'generation': 635}","{'id': 47100, 'rank': 18, 'fitness': 0.9495695663535376, 'generation': 635}","{'id': 47100, 'rank': 19, 'fitness': 0.9495695663535376, 'generation': 635}","{'id': 47100, 'rank': 20, 'fitness': 0.9495695663535376, 'generation': 635}","{'id': 47100, 'rank': 21, 'fitness': 0.9495695663535376, 'generation': 635}","{'id': 47100, 'rank': 22, 'fitness': 0.9495695663535376, 'generation': 635}","{'id': 47100, 'rank': 23, 'fitness': 0.9495695663535376, 'generation': 635}","{'id': 47100, 'rank': 24, 'fitness': 0.9495695663535376, 'generation': 635}","{'id': 46459, 'rank': 25, 'fitness': 0.9456993020241007, 'generation': 635}","{'id': 48052, 'rank': 26, 'fitness': 0.7937767833935347, 'generation': 635}","{'id': 48097, 'rank': 27, 'fitness': 0.25473542731933335, 'generation': 635}","{'id': 48079, 'rank': 28, 'fitness': 0.20750720107301768, 'generation': 635}","{'id': 48037, 'rank': 29, 'fitness': 0.17052580825233343, 'generation': 635}","{'id': 48033, 'rank': 30, 'fitness': 0.01798620996209155, 'generation': 635}"
"{'id': 48053, 'rank': 1, 'fitness': 0.9820137900379085, 'generation': 636}","{'id': 48053, 'rank': 2, 'fitness': 0.9820137900379085, 'generation': 636}","{'id': 48053, 'rank': 3, 'fitness': 0.9820137900379085, 'generation': 636}","{'id': 48053, 'rank': 4, 'fitness': 0.9820137900379085, 'generation': 636}","{'id': 48053, 'rank': 5, 'fitness': 0.9820137900379085, 'generation': 636}","{'id': 47100, 'rank': 6, 'fitness': 0.9799795908017064, 'generation': 636}","{'id': 47100, 'rank': 7, 'fitness': 0.9799795908017064, 'generation': 636}","{'id': 47100, 'rank': 8, 'fitness': 0.9799795908017064, 'generation': 636}","{'id': 47100, 'rank': 9, 'fitness': 0.9799795908017064, 'generation': 636}","{'id': 47100, 'rank': 10, 'fitness': 0.9799795908017064, 'generation': 636}","{'id': 47100, 'rank': 11, 'fitness': 0.9799795908017064, 'generation': 636}","{'id': 47100, 'rank': 12, 'fitness': 0.9799795908017064, 'generation': 636}","{'id': 47100, 'rank': 13, 'fitness': 0.9799795908017064, 'generation': 636}","{'id': 47100, 'rank': 14, 'fitness': 0.9799795908017064, 'generation': 636}","{'id': 47100, 'rank': 15, 'fitness': 0.9799795908017064, 'generation': 636}","{'id': 47100, 'rank': 16, 'fitness': 0.9799795908017064, 'generation': 636}","{'id': 47100, 'rank': 17, 'fitness': 0.9799795908017064, 'generation': 636}","{'id': 47100, 'rank': 18, 'fitness': 0.9799795908017064, 'generation': 636}","{'id': 47100, 'rank': 19, 'fitness': 0.9799795908017064, 'generation': 636}","{'id': 47100, 'rank': 20, 'fitness': 0.9799795908017064, 'generation': 636}","{'id': 47100, 'rank': 21, 'fitness': 0.9799795908017064, 'generation': 636}","{'id': 47100, 'rank': 22, 'fitness': 0.9799795908017064, 'generation': 636}","{'id': 47100, 'rank': 23, 'fitness': 0.9799795908017064, 'generation': 636}","{'id': 47100, 'rank': 24, 'fitness': 0.9799795908017064, 'generation': 636}","{'id': 47100, 'rank': 25, 'fitness': 0.9799795908017064, 'generation': 636}","{'id': 48079, 'rank': 26, 'fitness': 0.9692950333682223, 'generation': 636}","{'id': 48037, 'rank': 27, 'fitness': 0.9685477812601643, 'generation': 636}","{'id': 48127, 'rank': 28, 'fitness': 0.9669930891396279, 'generation': 636}","{'id': 48153, 'rank': 29, 'fitness': 0.03544718409924735, 'generation': 636}","{'id': 48192, 'rank': 30, 'fitness': 0.01798620996209155, 'generation': 636}"
"{'id': 48053, 'rank': 1, 'fitness': 0.9820137900379085, 'generation': 637}","{'id': 48053, 'rank': 2, 'fitness': 0.9820137900379085, 'generation': 637}","{'id': 48053, 'rank': 3, 'fitness': 0.9820137900379085, 'generation': 637}","{'id': 48053, 'rank': 4, 'fitness': 0.9820137900379085, 'generation': 637}","{'id': 48053, 'rank': 5, 'fitness': 0.9820137900379085, 'generation': 637}","{'id': 48053, 'rank': 6, 'fitness': 0.9820137900379085, 'generation': 637}","{'id': 48053, 'rank': 7, 'fitness': 0.9820137900379085, 'generation': 637}","{'id': 48053, 'rank': 8, 'fitness': 0.9820137900379085, 'generation': 637}","{'id': 48053, 'rank': 9, 'fitness': 0.9820137900379085, 'generation': 637}","{'id': 48053, 'rank': 10, 'fitness': 0.9820137900379085, 'generation': 637}","{'id': 48053, 'rank': 11, 'fitness': 0.9820137900379085, 'generation': 637}","{'id': 48216, 'rank': 12, 'fitness': 0.9703414175742797, 'generation': 637}","{'id': 48216, 'rank': 13, 'fitness': 0.9703414175742797, 'generation': 637}","{'id': 47100, 'rank': 14, 'fitness': 0.9583195149494698, 'generation': 637}","{'id': 47100, 'rank': 15, 'fitness': 0.9583195149494698, 'generation': 637}","{'id': 47100, 'rank': 16, 'fitness': 0.9583195149494698, 'generation': 637}","{'id': 47100, 'rank': 17, 'fitness': 0.9583195149494698, 'generation': 637}","{'id': 47100, 'rank': 18, 'fitness': 0.9583195149494698, 'generation': 637}","{'id': 47100, 'rank': 19, 'fitness': 0.9583195149494698, 'generation': 637}","{'id': 47100, 'rank': 20, 'fitness': 0.9583195149494698, 'generation': 637}","{'id': 47100, 'rank': 21, 'fitness': 0.9583195149494698, 'generation': 637}","{'id': 47100, 'rank': 22, 'fitness': 0.9583195149494698, 'generation': 637}","{'id': 47100, 'rank': 23, 'fitness': 0.9583195149494698, 'generation': 637}","{'id': 47100, 'rank': 24, 'fitness': 0.9583195149494698, 'generation': 637}","{'id': 47100, 'rank': 25, 'fitness': 0.9583195149494698, 'generation': 637}","{'id': 47100, 'rank': 26, 'fitness': 0.9583195149494698, 'generation': 637}","{'id': 48263, 'rank': 27, 'fitness': 0.7818535388145946, 'generation': 637}","{'id': 48252, 'rank': 28, 'fitness': 0.5471002317725946, 'generation': 637}","{'id': 48249, 'rank': 29, 'fitness': 0.034044180764015775, 'generation': 637}","{'id': 48273, 'rank': 30, 'fitness': 0.01798620996209155, 'generation': 637}"
"{'id': 48053, 'rank': 1, 'fitness': 0.9820137900379085, 'generation': 638}","{'id': 48053, 'rank': 2, 'fitness': 0.9820137900379085, 'generation': 638}","{'id': 48053, 'rank': 3, 'fitness': 0.9820137900379085, 'generation': 638}","{'id': 48053, 'rank': 4, 'fitness': 0.9820137900379085, 'generation': 638}","{'id': 48053, 'rank': 5, 'fitness': 0.9820137900379085, 'generation': 638}","{'id': 48053, 'rank': 6, 'fitness': 0.9820137900379085, 'generation': 638}","{'id': 48053, 'rank': 7, 'fitness': 0.9820137900379085, 'generation': 638}","{'id': 48053, 'rank': 8, 'fitness': 0.9820137900379085, 'generation': 638}","{'id': 48053, 'rank': 9, 'fitness': 0.9820137900379085, 'generation': 638}","{'id': 48053, 'rank': 10, 'fitness': 0.9820137900379085, 'generation': 638}","{'id': 48053, 'rank': 11, 'fitness': 0.9820137900379085, 'generation': 638}","{'id': 48053, 'rank': 12, 'fitness': 0.9820137900379085, 'generation': 638}","{'id': 48053, 'rank': 13, 'fitness': 0.9820137900379085, 'generation': 638}","{'id': 48053, 'rank': 14, 'fitness': 0.9820137900379085, 'generation': 638}","{'id': 48053, 'rank': 15, 'fitness': 0.9820137900379085, 'generation': 638}","{'id': 48053, 'rank': 16, 'fitness': 0.9820137900379085, 'generation': 638}","{'id': 48053, 'rank': 17, 'fitness': 0.9820137900379085, 'generation': 638}","{'id': 48216, 'rank': 18, 'fitness': 0.9626730174746627, 'generation': 638}","{'id': 47100, 'rank': 19, 'fitness': 0.9389677642101131, 'generation': 638}","{'id': 47100, 'rank': 20, 'fitness': 0.9389677642101131, 'generation': 638}","{'id': 47100, 'rank': 21, 'fitness': 0.9389677642101131, 'generation': 638}","{'id': 47100, 'rank': 22, 'fitness': 0.9389677642101131, 'generation': 638}","{'id': 47100, 'rank': 23, 'fitness': 0.9389677642101131, 'generation': 638}","{'id': 47100, 'rank': 24, 'fitness': 0.9389677642101131, 'generation': 638}","{'id': 47100, 'rank': 25, 'fitness': 0.9389677642101131, 'generation': 638}","{'id': 47100, 'rank': 26, 'fitness': 0.9389677642101131, 'generation': 638}","{'id': 47100, 'rank': 27, 'fitness': 0.9389677642101131, 'generation': 638}","{'id': 47100, 'rank': 28, 'fitness': 0.9389677642101131, 'generation': 638}","{'id': 48338, 'rank': 29, 'fitness': 0.5982065623447115, 'generation': 638}","{'id': 48333, 'rank': 30, 'fitness': 0.01798620996209155, 'generation': 638}"
"{'id': 48053, 'rank': 1, 'fitness': 0.9820137900379085, 'generation': 639}","{'id': 48053, 'rank': 2, 'fitness': 0.9820137900379085, 'generation': 639}","{'id': 48053, 'rank': 3, 'fitness': 0.9820137900379085, 'generation': 639}","{'id': 48053, 'rank': 4, 'fitness': 0.9820137900379085, 'generation': 639}","{'id': 48053, 'rank': 5, 'fitness': 0.9820137900379085, 'generation': 639}","{'id': 48053, 'rank': 6, 'fitness': 0.9820137900379085, 'generation': 639}","{'id': 48053, 'rank': 7, 'fitness': 0.9820137900379085, 'generation': 639}","{'id': 48053, 'rank': 8, 'fitness': 0.9820137900379085, 'generation': 639}","{'id': 48053, 'rank': 9, 'fitness': 0.9820137900379085, 'generation': 639}","{'id': 48053, 'rank': 10, 'fitness': 0.9820137900379085, 'generation': 639}","{'id': 48053, 'rank': 11, 'fitness': 0.9820137900379085, 'generation': 639}","{'id': 48053, 'rank': 12, 'fitness': 0.9820137900379085, 'generation': 639}","{'id': 48053, 'rank': 13, 'fitness': 0.9820137900379085, 'generation': 639}","{'id': 48053, 'rank': 14, 'fitness': 0.9820137900379085, 'generation': 639}","{'id': 48053, 'rank': 15, 'fitness': 0.9820137900379085, 'generation': 639}","{'id': 48053, 'rank': 16, 'fitness': 0.9820137900379085, 'generation': 639}","{'id': 48053, 'rank': 17, 'fitness': 0.9820137900379085, 'generation': 639}","{'id': 48053, 'rank': 18, 'fitness': 0.9820137900379085, 'generation': 639}","{'id': 48053, 'rank': 19, 'fitness': 0.9820137900379085, 'generation': 639}","{'id': 48053, 'rank': 20, 'fitness': 0.9820137900379085, 'generation': 639}","{'id': 48053, 'rank': 21, 'fitness': 0.9820137900379085, 'generation': 639}","{'id': 48053, 'rank': 22, 'fitness': 0.9820137900379085, 'generation': 639}","{'id': 48408, 'rank': 23, 'fitness': 0.9803935611589814, 'generation': 639}","{'id': 47100, 'rank': 24, 'fitness': 0.9267387503961285, 'generation': 639}","{'id': 48471, 'rank': 25, 'fitness': 0.3229188399214783, 'generation': 639}","{'id': 48469, 'rank': 26, 'fitness': 0.15414779057122024, 'generation': 639}","{'id': 48469, 'rank': 27, 'fitness': 0.15414779057122024, 'generation': 639}","{'id': 48428, 'rank': 28, 'fitness': 0.14663626349901854, 'generation': 639}","{'id': 48470, 'rank': 29, 'fitness': 0.03935200624478641, 'generation': 639}","{'id': 48439, 'rank': 30, 'fitness': 0.01798620996209155, 'generation': 639}"
"{'id': 48053, 'rank': 1, 'fitness': 0.9820137900379085, 'generation': 640}","{'id': 48053, 'rank': 2, 'fitness': 0.9820137900379085, 'generation': 640}","{'id': 48053, 'rank': 3, 'fitness': 0.9820137900379085, 'generation': 640}","{'id': 48053, 'rank': 4, 'fitness': 0.9820137900379085, 'generation': 640}","{'id': 48053, 'rank': 5, 'fitness': 0.9820137900379085, 'generation': 640}","{'id': 48053, 'rank': 6, 'fitness': 0.9820137900379085, 'generation': 640}","{'id': 48053, 'rank': 7, 'fitness': 0.9820137900379085, 'generation': 640}","{'id': 48053, 'rank': 8, 'fitness': 0.9820137900379085, 'generation': 640}","{'id': 48053, 'rank': 9, 'fitness': 0.9820137900379085, 'generation': 640}","{'id': 48053, 'rank': 10, 'fitness': 0.9820137900379085, 'generation': 640}","{'id': 48053, 'rank': 11, 'fitness': 0.9820137900379085, 'generation': 640}","{'id': 48053, 'rank': 12, 'fitness': 0.9820137900379085, 'generation': 640}","{'id': 48053, 'rank': 13, 'fitness': 0.9820137900379085, 'generation': 640}","{'id': 48053, 'rank': 14, 'fitness': 0.9820137900379085, 'generation': 640}","{'id': 48053, 'rank': 15, 'fitness': 0.9820137900379085, 'generation': 640}","{'id': 48053, 'rank': 16, 'fitness': 0.9820137900379085, 'generation': 640}","{'id': 48053, 'rank': 17, 'fitness': 0.9820137900379085, 'generation': 640}","{'id': 48053, 'rank': 18, 'fitness': 0.9820137900379085, 'generation': 640}","{'id': 48053, 'rank': 19, 'fitness': 0.9820137900379085, 'generation': 640}","{'id': 48053, 'rank': 20, 'fitness': 0.9820137900379085, 'generation': 640}","{'id': 48053, 'rank': 21, 'fitness': 0.9820137900379085, 'generation': 640}","{'id': 48053, 'rank': 22, 'fitness': 0.9820137900379085, 'generation': 640}","{'id': 48053, 'rank': 23, 'fitness': 0.9820137900379085, 'generation': 640}","{'id': 48053, 'rank': 24, 'fitness': 0.9820137900379085, 'generation': 640}","{'id': 48053, 'rank': 25, 'fitness': 0.9820137900379085, 'generation': 640}","{'id': 48053, 'rank': 26, 'fitness': 0.9820137900379085, 'generation': 640}","{'id': 48053, 'rank': 27, 'fitness': 0.9820137900379085, 'generation': 640}","{'id': 48492, 'rank': 28, 'fitness': 0.5250274288435408, 'generation': 640}","{'id': 48500, 'rank': 29, 'fitness': 0.15939958930143844, 'generation': 640}","{'id': 48521, 'rank': 30, 'fitness': 0.01798620996209155, 'generation': 640}"
"{'id': 48053, 'rank': 1, 'fitness': 0.9820137900379085, 'generation': 641}","{'id': 48053, 'rank': 2, 'fitness': 0.9820137900379085, 'generation': 641}","{'id': 48053, 'rank': 3, 'fitness': 0.9820137900379085, 'generation': 641}","{'id': 48053, 'rank': 4, 'fitness': 0.9820137900379085, 'generation': 641}","{'id': 48053, 'rank': 5, 'fitness': 0.9820137900379085, 'generation': 641}","{'id': 48053, 'rank': 6, 'fitness': 0.9820137900379085, 'generation': 641}","{'id': 48053, 'rank': 7, 'fitness': 0.9820137900379085, 'generation': 641}","{'id': 48053, 'rank': 8, 'fitness': 0.9820137900379085, 'generation': 641}","{'id': 48053, 'rank': 9, 'fitness': 0.9820137900379085, 'generation': 641}","{'id': 48053, 'rank': 10, 'fitness': 0.9820137900379085, 'generation': 641}","{'id': 48053, 'rank': 11, 'fitness': 0.9820137900379085, 'generation': 641}","{'id': 48053, 'rank': 12, 'fitness': 0.9820137900379085, 'generation': 641}","{'id': 48053, 'rank': 13, 'fitness': 0.9820137900379085, 'generation': 641}","{'id': 48053, 'rank': 14, 'fitness': 0.9820137900379085, 'generation': 641}","{'id': 48053, 'rank': 15, 'fitness': 0.9820137900379085, 'generation': 641}","{'id': 48053, 'rank': 16, 'fitness': 0.9820137900379085, 'generation': 641}","{'id': 48053, 'rank': 17, 'fitness': 0.9820137900379085, 'generation': 641}","{'id': 48053, 'rank': 18, 'fitness': 0.9820137900379085, 'generation': 641}","{'id': 48053, 'rank': 19, 'fitness': 0.9820137900379085, 'generation': 641}","{'id': 48053, 'rank': 20, 'fitness': 0.9820137900379085, 'generation': 641}","{'id': 48053, 'rank': 21, 'fitness': 0.9820137900379085, 'generation': 641}","{'id': 48053, 'rank': 22, 'fitness': 0.9820137900379085, 'generation': 641}","{'id': 48053, 'rank': 23, 'fitness': 0.9820137900379085, 'generation': 641}","{'id': 48053, 'rank': 24, 'fitness': 0.9820137900379085, 'generation': 641}","{'id': 48053, 'rank': 25, 'fitness': 0.9820137900379085, 'generation': 641}","{'id': 48589, 'rank': 26, 'fitness': 0.8620084641543542, 'generation': 641}","{'id': 48589, 'rank': 27, 'fitness': 0.8620084641543542, 'generation': 641}","{'id': 48581, 'rank': 28, 'fitness': 0.7110022561934178, 'generation': 641}","{'id': 48626, 'rank': 29, 'fitness': 0.06616932491706057, 'generation': 641}","{'id': 48618, 'rank': 30, 'fitness': 0.01798620996209155, 'generation': 641}"
"{'id': 48661, 'rank': 1, 'fitness': 0.9820137900379085, 'generation': 642}","{'id': 48661, 'rank': 2, 'fitness': 0.9820137900379085, 'generation': 642}","{'id': 48662, 'rank': 3, 'fitness': 0.9726370574827444, 'generation': 642}","{'id': 48662, 'rank': 4, 'fitness': 0.9726370574827444, 'generation': 642}","{'id': 48053, 'rank': 5, 'fitness': 0.9640147506463077, 'generation': 642}","{'id': 48053, 'rank': 6, 'fitness': 0.9640147506463077, 'generation': 642}","{'id': 48053, 'rank': 7, 'fitness': 0.9640147506463077, 'generation': 642}","{'id': 48053, 'rank': 8, 'fitness': 0.9640147506463077, 'generation': 642}","{'id': 48053, 'rank': 9, 'fitness': 0.9640147506463077, 'generation': 642}","{'id': 48053, 'rank': 10, 'fitness': 0.9640147506463077, 'generation': 642}","{'id': 48053, 'rank': 11, 'fitness': 0.9640147506463077, 'generation': 642}","{'id': 48053, 'rank': 12, 'fitness': 0.9640147506463077, 'generation': 642}","{'id': 48053, 'rank': 13, 'fitness': 0.9640147506463077, 'generation': 642}","{'id': 48053, 'rank': 14, 'fitness': 0.9640147506463077, 'generation': 642}","{'id': 48053, 'rank': 15, 'fitness': 0.9640147506463077, 'generation': 642}","{'id': 48053, 'rank': 16, 'fitness': 0.9640147506463077, 'generation': 642}","{'id': 48053, 'rank': 17, 'fitness': 0.9640147506463077, 'generation': 642}","{'id': 48053, 'rank': 18, 'fitness': 0.9640147506463077, 'generation': 642}","{'id': 48053, 'rank': 19, 'fitness': 0.9640147506463077, 'generation': 642}","{'id': 48053, 'rank': 20, 'fitness': 0.9640147506463077, 'generation': 642}","{'id': 48053, 'rank': 21, 'fitness': 0.9640147506463077, 'generation': 642}","{'id': 48053, 'rank': 22, 'fitness': 0.9640147506463077, 'generation': 642}","{'id': 48053, 'rank': 23, 'fitness': 0.9640147506463077, 'generation': 642}","{'id': 48053, 'rank': 24, 'fitness': 0.9640147506463077, 'generation': 642}","{'id': 48053, 'rank': 25, 'fitness': 0.9640147506463077, 'generation': 642}","{'id': 48053, 'rank': 26, 'fitness': 0.9640147506463077, 'generation': 642}","{'id': 48053, 'rank': 27, 'fitness': 0.9640147506463077, 'generation': 642}","{'id': 48053, 'rank': 28, 'fitness': 0.9640147506463077, 'generation': 642}","{'id': 48709, 'rank': 29, 'fitness': 0.6511638460585558, 'generation': 642}","{'id': 48683, 'rank': 30, 'fitness': 0.01798620996209155, 'generation': 642}"
"{'id': 48661, 'rank': 1, 'fitness': 0.9820137900379085, 'generation': 643}","{'id': 48661, 'rank': 2, 'fitness': 0.9820137900379085, 'generation': 643}","{'id': 48661, 'rank': 3, 'fitness': 0.9820137900379085, 'generation': 643}","{'id': 48662, 'rank': 4, 'fitness': 0.9797081454445784, 'generation': 643}","{'id': 48662, 'rank': 5, 'fitness': 0.9797081454445784, 'generation': 643}","{'id': 48053, 'rank': 6, 'fitness': 0.9780330137460922, 'generation': 643}","{'id': 48053, 'rank': 7, 'fitness': 0.9780330137460922, 'generation': 643}","{'id': 48053, 'rank': 8, 'fitness': 0.9780330137460922, 'generation': 643}","{'id': 48053, 'rank': 9, 'fitness': 0.9780330137460922, 'generation': 643}","{'id': 48053, 'rank': 10, 'fitness': 0.9780330137460922, 'generation': 643}","{'id': 48053, 'rank': 11, 'fitness': 0.9780330137460922, 'generation': 643}","{'id': 48053, 'rank': 12, 'fitness': 0.9780330137460922, 'generation': 643}","{'id': 48053, 'rank': 13, 'fitness': 0.9780330137460922, 'generation': 643}","{'id': 48053, 'rank': 14, 'fitness': 0.9780330137460922, 'generation': 643}","{'id': 48053, 'rank': 15, 'fitness': 0.9780330137460922, 'generation': 643}","{'id': 48053, 'rank': 16, 'fitness': 0.9780330137460922, 'generation': 643}","{'id': 48053, 'rank': 17, 'fitness': 0.9780330137460922, 'generation': 643}","{'id': 48053, 'rank': 18, 'fitness': 0.9780330137460922, 'generation': 643}","{'id': 48053, 'rank': 19, 'fitness': 0.9780330137460922, 'generation': 643}","{'id': 48053, 'rank': 20, 'fitness': 0.9780330137460922, 'generation': 643}","{'id': 48053, 'rank': 21, 'fitness': 0.9780330137460922, 'generation': 643}","{'id': 48053, 'rank': 22, 'fitness': 0.9780330137460922, 'generation': 643}","{'id': 48053, 'rank': 23, 'fitness': 0.9780330137460922, 'generation': 643}","{'id': 48053, 'rank': 24, 'fitness': 0.9780330137460922, 'generation': 643}","{'id': 48053, 'rank': 25, 'fitness': 0.9780330137460922, 'generation': 643}","{'id': 48053, 'rank': 26, 'fitness': 0.9780330137460922, 'generation': 643}","{'id': 48053, 'rank': 27, 'fitness': 0.9780330137460922, 'generation': 643}","{'id': 48789, 'rank': 28, 'fitness': 0.21474780916186725, 'generation': 643}","{'id': 48789, 'rank': 29, 'fitness': 0.21474780916186725, 'generation': 643}","{'id': 48779, 'rank': 30, 'fitness': 0.01798620996209155, 'generation': 643}"
"{'id': 48661, 'rank': 1, 'fitness': 0.9820137900379085, 'generation': 644}","{'id': 48661, 'rank': 2, 'fitness': 0.9820137900379085, 'generation': 644}","{'id': 48661, 'rank': 3, 'fitness': 0.9820137900379085, 'generation': 644}","{'id': 48661, 'rank': 4, 'fitness': 0.9820137900379085, 'generation': 644}","{'id': 48662, 'rank': 5, 'fitness': 0.9764967418741042, 'generation': 644}","{'id': 48662, 'rank': 6, 'fitness': 0.9764967418741042, 'generation': 644}","{'id': 48053, 'rank': 7, 'fitness': 0.9719909266328317, 'generation': 644}","{'id': 48053, 'rank': 8, 'fitness': 0.9719909266328317, 'generation': 644}","{'id': 48053, 'rank': 9, 'fitness': 0.9719909266328317, 'generation': 644}","{'id': 48053, 'rank': 10, 'fitness': 0.9719909266328317, 'generation': 644}","{'id': 48053, 'rank': 11, 'fitness': 0.9719909266328317, 'generation': 644}","{'id': 48053, 'rank': 12, 'fitness': 0.9719909266328317, 'generation': 644}","{'id': 48053, 'rank': 13, 'fitness': 0.9719909266328317, 'generation': 644}","{'id': 48053, 'rank': 14, 'fitness': 0.9719909266328317, 'generation': 644}","{'id': 48053, 'rank': 15, 'fitness': 0.9719909266328317, 'generation': 644}","{'id': 48053, 'rank': 16, 'fitness': 0.9719909266328317, 'generation': 644}","{'id': 48053, 'rank': 17, 'fitness': 0.9719909266328317, 'generation': 644}","{'id': 48053, 'rank': 18, 'fitness': 0.9719909266328317, 'generation': 644}","{'id': 48053, 'rank': 19, 'fitness': 0.9719909266328317, 'generation': 644}","{'id': 48053, 'rank': 20, 'fitness': 0.9719909266328317, 'generation': 644}","{'id': 48053, 'rank': 21, 'fitness': 0.9719909266328317, 'generation': 644}","{'id': 48053, 'rank': 22, 'fitness': 0.9719909266328317, 'generation': 644}","{'id': 48053, 'rank': 23, 'fitness': 0.9719909266328317, 'generation': 644}","{'id': 48053, 'rank': 24, 'fitness': 0.9719909266328317, 'generation': 644}","{'id': 48860, 'rank': 25, 'fitness': 0.8551607564633226, 'generation': 644}","{'id': 48862, 'rank': 26, 'fitness': 0.4616569946027002, 'generation': 644}","{'id': 48858, 'rank': 27, 'fitness': 0.2878638204171694, 'generation': 644}","{'id': 48875, 'rank': 28, 'fitness': 0.1605533270808709, 'generation': 644}","{'id': 48865, 'rank': 29, 'fitness': 0.057289083844352384, 'generation': 644}","{'id': 48794, 'rank': 30, 'fitness': 0.01798620996209155, 'generation': 644}"
"{'id': 48661, 'rank': 1, 'fitness': 0.9820137900379085, 'generation': 645}","{'id': 48661, 'rank': 2, 'fitness': 0.9820137900379085, 'generation': 645}","{'id': 48661, 'rank': 3, 'fitness': 0.9820137900379085, 'generation': 645}","{'id': 48661, 'rank': 4, 'fitness': 0.9820137900379085, 'generation': 645}","{'id': 48661, 'rank': 5, 'fitness': 0.9820137900379085, 'generation': 645}","{'id': 48661, 'rank': 6, 'fitness': 0.9820137900379085, 'generation': 645}","{'id': 48661, 'rank': 7, 'fitness': 0.9820137900379085, 'generation': 645}","{'id': 48661, 'rank': 8, 'fitness': 0.9820137900379085, 'generation': 645}","{'id': 48661, 'rank': 9, 'fitness': 0.9820137900379085, 'generation': 645}","{'id': 48661, 'rank': 10, 'fitness': 0.9820137900379085, 'generation': 645}","{'id': 48661, 'rank': 11, 'fitness': 0.9820137900379085, 'generation': 645}","{'id': 48662, 'rank': 12, 'fitness': 0.9797419802369411, 'generation': 645}","{'id': 48662, 'rank': 13, 'fitness': 0.9797419802369411, 'generation': 645}","{'id': 48662, 'rank': 14, 'fitness': 0.9797419802369411, 'generation': 645}","{'id': 48053, 'rank': 15, 'fitness': 0.9780936427949618, 'generation': 645}","{'id': 48053, 'rank': 16, 'fitness': 0.9780936427949618, 'generation': 645}","{'id': 48053, 'rank': 17, 'fitness': 0.9780936427949618, 'generation': 645}","{'id': 48053, 'rank': 18, 'fitness': 0.9780936427949618, 'generation': 645}","{'id': 48053, 'rank': 19, 'fitness': 0.9780936427949618, 'generation': 645}","{'id': 48053, 'rank': 20, 'fitness': 0.9780936427949618, 'generation': 645}","{'id': 48053, 'rank': 21, 'fitness': 0.9780936427949618, 'generation': 645}","{'id': 48053, 'rank': 22, 'fitness': 0.9780936427949618, 'generation': 645}","{'id': 48053, 'rank': 23, 'fitness': 0.9780936427949618, 'generation': 645}","{'id': 48053, 'rank': 24, 'fitness': 0.9780936427949618, 'generation': 645}","{'id': 48053, 'rank': 25, 'fitness': 0.9780936427949618, 'generation': 645}","{'id': 48053, 'rank': 26, 'fitness': 0.9780936427949618, 'generation': 645}","{'id': 48860, 'rank': 27, 'fitness': 0.9531400406529349, 'generation': 645}","{'id': 48901, 'rank': 28, 'fitness': 0.174286909123471, 'generation': 645}","{'id': 48901, 'rank': 29, 'fitness': 0.174286909123471, 'generation': 645}","{'id': 48958, 'rank': 30, 'fitness': 0.01798620996209155, 'generation': 645}"
"{'id': 48661, 'rank': 1, 'fitness': 0.9820137900379085, 'generation': 646}","{'id': 48661, 'rank': 2, 'fitness': 0.9820137900379085, 'generation': 646}","{'id': 48661, 'rank': 3, 'fitness': 0.9820137900379085, 'generation': 646}","{'id': 48661, 'rank': 4, 'fitness': 0.9820137900379085, 'generation': 646}","{'id': 48661, 'rank': 5, 'fitness': 0.9820137900379085, 'generation': 646}","{'id': 48661, 'rank': 6, 'fitness': 0.9820137900379085, 'generation': 646}","{'id': 48661, 'rank': 7, 'fitness': 0.9820137900379085, 'generation': 646}","{'id': 48661, 'rank': 8, 'fitness': 0.9820137900379085, 'generation': 646}","{'id': 48661, 'rank': 9, 'fitness': 0.9820137900379085, 'generation': 646}","{'id': 48661, 'rank': 10, 'fitness': 0.9820137900379085, 'generation': 646}","{'id': 48661, 'rank': 11, 'fitness': 0.9820137900379085, 'generation': 646}","{'id': 48661, 'rank': 12, 'fitness': 0.9820137900379085, 'generation': 646}","{'id': 48661, 'rank': 13, 'fitness': 0.9820137900379085, 'generation': 646}","{'id': 48661, 'rank': 14, 'fitness': 0.9820137900379085, 'generation': 646}","{'id': 48661, 'rank': 15, 'fitness': 0.9820137900379085, 'generation': 646}","{'id': 48661, 'rank': 16, 'fitness': 0.9820137900379085, 'generation': 646}","{'id': 48661, 'rank': 17, 'fitness': 0.9820137900379085, 'generation': 646}","{'id': 48661, 'rank': 18, 'fitness': 0.9820137900379085, 'generation': 646}","{'id': 48661, 'rank': 19, 'fitness': 0.9820137900379085, 'generation': 646}","{'id': 48662, 'rank': 20, 'fitness': 0.9759118970164293, 'generation': 646}","{'id': 48662, 'rank': 21, 'fitness': 0.9759118970164293, 'generation': 646}","{'id': 48053, 'rank': 22, 'fitness': 0.9708310525221064, 'generation': 646}","{'id': 48053, 'rank': 23, 'fitness': 0.9708310525221064, 'generation': 646}","{'id': 48053, 'rank': 24, 'fitness': 0.9708310525221064, 'generation': 646}","{'id': 48053, 'rank': 25, 'fitness': 0.9708310525221064, 'generation': 646}","{'id': 48053, 'rank': 26, 'fitness': 0.9708310525221064, 'generation': 646}","{'id': 48053, 'rank': 27, 'fitness': 0.9708310525221064, 'generation': 646}","{'id': 48053, 'rank': 28, 'fitness': 0.9708310525221064, 'generation': 646}","{'id': 49001, 'rank': 29, 'fitness': 0.11797569415868109, 'generation': 646}","{'id': 49032, 'rank': 30, 'fitness': 0.01798620996209155, 'generation': 646}"
"{'id': 48661, 'rank': 1, 'fitness': 0.9820137900379085, 'generation': 647}","{'id': 48661, 'rank': 2, 'fitness': 0.9820137900379085, 'generation': 647}","{'id': 48661, 'rank': 3, 'fitness': 0.9820137900379085, 'generation': 647}","{'id': 48661, 'rank': 4, 'fitness': 0.9820137900379085, 'generation': 647}","{'id': 48661, 'rank': 5, 'fitness': 0.9820137900379085, 'generation': 647}","{'id': 48661, 'rank': 6, 'fitness': 0.9820137900379085, 'generation': 647}","{'id': 48661, 'rank': 7, 'fitness': 0.9820137900379085, 'generation': 647}","{'id': 48661, 'rank': 8, 'fitness': 0.9820137900379085, 'generation': 647}","{'id': 48661, 'rank': 9, 'fitness': 0.9820137900379085, 'generation': 647}","{'id': 48661, 'rank': 10, 'fitness': 0.9820137900379085, 'generation': 647}","{'id': 48661, 'rank': 11, 'fitness': 0.9820137900379085, 'generation': 647}","{'id': 48661, 'rank': 12, 'fitness': 0.9820137900379085, 'generation': 647}","{'id': 48661, 'rank': 13, 'fitness': 0.9820137900379085, 'generation': 647}","{'id': 48661, 'rank': 14, 'fitness': 0.9820137900379085, 'generation': 647}","{'id': 48661, 'rank': 15, 'fitness': 0.9820137900379085, 'generation': 647}","{'id': 48661, 'rank': 16, 'fitness': 0.9820137900379085, 'generation': 647}","{'id': 48661, 'rank': 17, 'fitness': 0.9820137900379085, 'generation': 647}","{'id': 48661, 'rank': 18, 'fitness': 0.9820137900379085, 'generation': 647}","{'id': 48661, 'rank': 19, 'fitness': 0.9820137900379085, 'generation': 647}","{'id': 48661, 'rank': 20, 'fitness': 0.9820137900379085, 'generation': 647}","{'id': 48662, 'rank': 21, 'fitness': 0.9749188580034455, 'generation': 647}","{'id': 48053, 'rank': 22, 'fitness': 0.9688211084333123, 'generation': 647}","{'id': 48053, 'rank': 23, 'fitness': 0.9688211084333123, 'generation': 647}","{'id': 48053, 'rank': 24, 'fitness': 0.9688211084333123, 'generation': 647}","{'id': 48053, 'rank': 25, 'fitness': 0.9688211084333123, 'generation': 647}","{'id': 49050, 'rank': 26, 'fitness': 0.4907911557258097, 'generation': 647}","{'id': 49050, 'rank': 27, 'fitness': 0.4907911557258097, 'generation': 647}","{'id': 49113, 'rank': 28, 'fitness': 0.28229070976865195, 'generation': 647}","{'id': 49001, 'rank': 29, 'fitness': 0.054873475551647344, 'generation': 647}","{'id': 49058, 'rank': 30, 'fitness': 0.01798620996209155, 'generation': 647}"
"{'id': 48661, 'rank': 1, 'fitness': 0.9820137900379085, 'generation': 648}","{'id': 48661, 'rank': 2, 'fitness': 0.9820137900379085, 'generation': 648}","{'id': 48661, 'rank': 3, 'fitness': 0.9820137900379085, 'generation': 648}","{'id': 48661, 'rank': 4, 'fitness': 0.9820137900379085, 'generation': 648}","{'id': 48661, 'rank': 5, 'fitness': 0.9820137900379085, 'generation': 648}","{'id': 48661, 'rank': 6, 'fitness': 0.9820137900379085, 'generation': 648}","{'id': 48661, 'rank': 7, 'fitness': 0.9820137900379085, 'generation': 648}","{'id': 48661, 'rank': 8, 'fitness': 0.9820137900379085, 'generation': 648}","{'id': 48661, 'rank': 9, 'fitness': 0.9820137900379085, 'generation': 648}","{'id': 48661, 'rank': 10, 'fitness': 0.9820137900379085, 'generation': 648}","{'id': 48661, 'rank': 11, 'fitness': 0.9820137900379085, 'generation': 648}","{'id': 48661, 'rank': 12, 'fitness': 0.9820137900379085, 'generation': 648}","{'id': 48661, 'rank': 13, 'fitness': 0.9820137900379085, 'generation': 648}","{'id': 48661, 'rank': 14, 'fitness': 0.9820137900379085, 'generation': 648}","{'id': 48661, 'rank': 15, 'fitness': 0.9820137900379085, 'generation': 648}","{'id': 48661, 'rank': 16, 'fitness': 0.9820137900379085, 'generation': 648}","{'id': 48661, 'rank': 17, 'fitness': 0.9820137900379085, 'generation': 648}","{'id': 48661, 'rank': 18, 'fitness': 0.9820137900379085, 'generation': 648}","{'id': 48661, 'rank': 19, 'fitness': 0.9820137900379085, 'generation': 648}","{'id': 48661, 'rank': 20, 'fitness': 0.9820137900379085, 'generation': 648}","{'id': 48661, 'rank': 21, 'fitness': 0.9820137900379085, 'generation': 648}","{'id': 48661, 'rank': 22, 'fitness': 0.9820137900379085, 'generation': 648}","{'id': 48661, 'rank': 23, 'fitness': 0.9820137900379085, 'generation': 648}","{'id': 48661, 'rank': 24, 'fitness': 0.9820137900379085, 'generation': 648}","{'id': 48661, 'rank': 25, 'fitness': 0.9820137900379085, 'generation': 648}","{'id': 48661, 'rank': 26, 'fitness': 0.9820137900379085, 'generation': 648}","{'id': 49050, 'rank': 27, 'fitness': 0.7089606515674571, 'generation': 648}","{'id': 49050, 'rank': 28, 'fitness': 0.7089606515674571, 'generation': 648}","{'id': 49200, 'rank': 29, 'fitness': 0.2051583934622102, 'generation': 648}","{'id': 49182, 'rank': 30, 'fitness': 0.01798620996209155, 'generation': 648}"
"{'id': 48661, 'rank': 1, 'fitness': 0.9820137900379085, 'generation': 649}","{'id': 48661, 'rank': 2, 'fitness': 0.9820137900379085, 'generation': 649}","{'id': 48661, 'rank': 3, 'fitness': 0.9820137900379085, 'generation': 649}","{'id': 48661, 'rank': 4, 'fitness': 0.9820137900379085, 'generation': 649}","{'id': 48661, 'rank': 5, 'fitness': 0.9820137900379085, 'generation': 649}","{'id': 48661, 'rank': 6, 'fitness': 0.9820137900379085, 'generation': 649}","{'id': 48661, 'rank': 7, 'fitness': 0.9820137900379085, 'generation': 649}","{'id': 48661, 'rank': 8, 'fitness': 0.9820137900379085, 'generation': 649}","{'id': 48661, 'rank': 9, 'fitness': 0.9820137900379085, 'generation': 649}","{'id': 48661, 'rank': 10, 'fitness': 0.9820137900379085, 'generation': 649}","{'id': 48661, 'rank': 11, 'fitness': 0.9820137900379085, 'generation': 649}","{'id': 48661, 'rank': 12, 'fitness': 0.9820137900379085, 'generation': 649}","{'id': 48661, 'rank': 13, 'fitness': 0.9820137900379085, 'generation': 649}","{'id': 48661, 'rank': 14, 'fitness': 0.9820137900379085, 'generation': 649}","{'id': 48661, 'rank': 15, 'fitness': 0.9820137900379085, 'generation': 649}","{'id': 48661, 'rank': 16, 'fitness': 0.9820137900379085, 'generation': 649}","{'id': 48661, 'rank': 17, 'fitness': 0.9820137900379085, 'generation': 649}","{'id': 48661, 'rank': 18, 'fitness': 0.9820137900379085, 'generation': 649}","{'id': 48661, 'rank': 19, 'fitness': 0.9820137900379085, 'generation': 649}","{'id': 48661, 'rank': 20, 'fitness': 0.9820137900379085, 'generation': 649}","{'id': 48661, 'rank': 21, 'fitness': 0.9820137900379085, 'generation': 649}","{'id': 48661, 'rank': 22, 'fitness': 0.9820137900379085, 'generation': 649}","{'id': 48661, 'rank': 23, 'fitness': 0.9820137900379085, 'generation': 649}","{'id': 48661, 'rank': 24, 'fitness': 0.9820137900379085, 'generation': 649}","{'id': 48661, 'rank': 25, 'fitness': 0.9820137900379085, 'generation': 649}","{'id': 49050, 'rank': 26, 'fitness': 0.278734230743483, 'generation': 649}","{'id': 49050, 'rank': 27, 'fitness': 0.278734230743483, 'generation': 649}","{'id': 49259, 'rank': 28, 'fitness': 0.23252769132146306, 'generation': 649}","{'id': 49213, 'rank': 29, 'fitness': 0.15195366165436014, 'generation': 649}","{'id': 49239, 'rank': 30, 'fitness': 0.01798620996209155, 'generation': 649}"
"{'id': 48661, 'rank': 1, 'fitness': 0.9820137900379085, 'generation': 650}","{'id': 48661, 'rank': 2, 'fitness': 0.9820137900379085, 'generation': 650}","{'id': 48661, 'rank': 3, 'fitness': 0.9820137900379085, 'generation': 650}","{'id': 48661, 'rank': 4, 'fitness': 0.9820137900379085, 'generation': 650}","{'id': 48661, 'rank': 5, 'fitness': 0.9820137900379085, 'generation': 650}","{'id': 48661, 'rank': 6, 'fitness': 0.9820137900379085, 'generation': 650}","{'id': 48661, 'rank': 7, 'fitness': 0.9820137900379085, 'generation': 650}","{'id': 48661, 'rank': 8, 'fitness': 0.9820137900379085, 'generation': 650}","{'id': 48661, 'rank': 9, 'fitness': 0.9820137900379085, 'generation': 650}","{'id': 48661, 'rank': 10, 'fitness': 0.9820137900379085, 'generation': 650}","{'id': 48661, 'rank': 11, 'fitness': 0.9820137900379085, 'generation': 650}","{'id': 48661, 'rank': 12, 'fitness': 0.9820137900379085, 'generation': 650}","{'id': 48661, 'rank': 13, 'fitness': 0.9820137900379085, 'generation': 650}","{'id': 48661, 'rank': 14, 'fitness': 0.9820137900379085, 'generation': 650}","{'id': 48661, 'rank': 15, 'fitness': 0.9820137900379085, 'generation': 650}","{'id': 48661, 'rank': 16, 'fitness': 0.9820137900379085, 'generation': 650}","{'id': 48661, 'rank': 17, 'fitness': 0.9820137900379085, 'generation': 650}","{'id': 48661, 'rank': 18, 'fitness': 0.9820137900379085, 'generation': 650}","{'id': 48661, 'rank': 19, 'fitness': 0.9820137900379085, 'generation': 650}","{'id': 48661, 'rank': 20, 'fitness': 0.9820137900379085, 'generation': 650}","{'id': 48661, 'rank': 21, 'fitness': 0.9820137900379085, 'generation': 650}","{'id': 48661, 'rank': 22, 'fitness': 0.9820137900379085, 'generation': 650}","{'id': 48661, 'rank': 23, 'fitness': 0.9820137900379085, 'generation': 650}","{'id': 48661, 'rank': 24, 'fitness': 0.9820137900379085, 'generation': 650}","{'id': 48661, 'rank': 25, 'fitness': 0.9820137900379085, 'generation': 650}","{'id': 49297, 'rank': 26, 'fitness': 0.4747819833965044, 'generation': 650}","{'id': 49213, 'rank': 27, 'fitness': 0.1474693613481884, 'generation': 650}","{'id': 49298, 'rank': 28, 'fitness': 0.02792378511614646, 'generation': 650}","{'id': 49352, 'rank': 29, 'fitness': 0.022067516228525597, 'generation': 650}","{'id': 49288, 'rank': 30, 'fitness': 0.01798620996209155, 'generation': 650}"
"{'id': 48661, 'rank': 1, 'fitness': 0.9820137900379085, 'generation': 651}","{'id': 48661, 'rank': 2, 'fitness': 0.9820137900379085, 'generation': 651}","{'id': 48661, 'rank': 3, 'fitness': 0.9820137900379085, 'generation': 651}","{'id': 48661, 'rank': 4, 'fitness': 0.9820137900379085, 'generation': 651}","{'id': 48661, 'rank': 5, 'fitness': 0.9820137900379085, 'generation': 651}","{'id': 48661, 'rank': 6, 'fitness': 0.9820137900379085, 'generation': 651}","{'id': 48661, 'rank': 7, 'fitness': 0.9820137900379085, 'generation': 651}","{'id': 48661, 'rank': 8, 'fitness': 0.9820137900379085, 'generation': 651}","{'id': 48661, 'rank': 9, 'fitness': 0.9820137900379085, 'generation': 651}","{'id': 48661, 'rank': 10, 'fitness': 0.9820137900379085, 'generation': 651}","{'id': 48661, 'rank': 11, 'fitness': 0.9820137900379085, 'generation': 651}","{'id': 48661, 'rank': 12, 'fitness': 0.9820137900379085, 'generation': 651}","{'id': 48661, 'rank': 13, 'fitness': 0.9820137900379085, 'generation': 651}","{'id': 48661, 'rank': 14, 'fitness': 0.9820137900379085, 'generation': 651}","{'id': 48661, 'rank': 15, 'fitness': 0.9820137900379085, 'generation': 651}","{'id': 48661, 'rank': 16, 'fitness': 0.9820137900379085, 'generation': 651}","{'id': 48661, 'rank': 17, 'fitness': 0.9820137900379085, 'generation': 651}","{'id': 48661, 'rank': 18, 'fitness': 0.9820137900379085, 'generation': 651}","{'id': 48661, 'rank': 19, 'fitness': 0.9820137900379085, 'generation': 651}","{'id': 48661, 'rank': 20, 'fitness': 0.9820137900379085, 'generation': 651}","{'id': 48661, 'rank': 21, 'fitness': 0.9820137900379085, 'generation': 651}","{'id': 48661, 'rank': 22, 'fitness': 0.9820137900379085, 'generation': 651}","{'id': 48661, 'rank': 23, 'fitness': 0.9820137900379085, 'generation': 651}","{'id': 48661, 'rank': 24, 'fitness': 0.9820137900379085, 'generation': 651}","{'id': 48661, 'rank': 25, 'fitness': 0.9820137900379085, 'generation': 651}","{'id': 48661, 'rank': 26, 'fitness': 0.9820137900379085, 'generation': 651}","{'id': 48661, 'rank': 27, 'fitness': 0.9820137900379085, 'generation': 651}","{'id': 49436, 'rank': 28, 'fitness': 0.5989197231740011, 'generation': 651}","{'id': 49384, 'rank': 29, 'fitness': 0.40519002402530063, 'generation': 651}","{'id': 49380, 'rank': 30, 'fitness': 0.01798620996209155, 'generation': 651}"
"{'id': 48661, 'rank': 1, 'fitness': 0.9820137900379085, 'generation': 652}","{'id': 48661, 'rank': 2, 'fitness': 0.9820137900379085, 'generation': 652}","{'id': 48661, 'rank': 3, 'fitness': 0.9820137900379085, 'generation': 652}","{'id': 48661, 'rank': 4, 'fitness': 0.9820137900379085, 'generation': 652}","{'id': 48661, 'rank': 5, 'fitness': 0.9820137900379085, 'generation': 652}","{'id': 48661, 'rank': 6, 'fitness': 0.9820137900379085, 'generation': 652}","{'id': 48661, 'rank': 7, 'fitness': 0.9820137900379085, 'generation': 652}","{'id': 48661, 'rank': 8, 'fitness': 0.9820137900379085, 'generation': 652}","{'id': 48661, 'rank': 9, 'fitness': 0.9820137900379085, 'generation': 652}","{'id': 48661, 'rank': 10, 'fitness': 0.9820137900379085, 'generation': 652}","{'id': 48661, 'rank': 11, 'fitness': 0.9820137900379085, 'generation': 652}","{'id': 48661, 'rank': 12, 'fitness': 0.9820137900379085, 'generation': 652}","{'id': 48661, 'rank': 13, 'fitness': 0.9820137900379085, 'generation': 652}","{'id': 48661, 'rank': 14, 'fitness': 0.9820137900379085, 'generation': 652}","{'id': 48661, 'rank': 15, 'fitness': 0.9820137900379085, 'generation': 652}","{'id': 48661, 'rank': 16, 'fitness': 0.9820137900379085, 'generation': 652}","{'id': 48661, 'rank': 17, 'fitness': 0.9820137900379085, 'generation': 652}","{'id': 48661, 'rank': 18, 'fitness': 0.9820137900379085, 'generation': 652}","{'id': 48661, 'rank': 19, 'fitness': 0.9820137900379085, 'generation': 652}","{'id': 48661, 'rank': 20, 'fitness': 0.9820137900379085, 'generation': 652}","{'id': 48661, 'rank': 21, 'fitness': 0.9820137900379085, 'generation': 652}","{'id': 48661, 'rank': 22, 'fitness': 0.9820137900379085, 'generation': 652}","{'id': 48661, 'rank': 23, 'fitness': 0.9820137900379085, 'generation': 652}","{'id': 48661, 'rank': 24, 'fitness': 0.9820137900379085, 'generation': 652}","{'id': 48661, 'rank': 25, 'fitness': 0.9820137900379085, 'generation': 652}","{'id': 48661, 'rank': 26, 'fitness': 0.9820137900379085, 'generation': 652}","{'id': 48661, 'rank': 27, 'fitness': 0.9820137900379085, 'generation': 652}","{'id': 48661, 'rank': 28, 'fitness': 0.9820137900379085, 'generation': 652}","{'id': 49496, 'rank': 29, 'fitness': 0.0313088409629399, 'generation': 652}","{'id': 49467, 'rank': 30, 'fitness': 0.01798620996209155, 'generation': 652}"
"{'id': 49549, 'rank': 1, 'fitness': 0.9820137900379085, 'generation': 653}","{'id': 48661, 'rank': 2, 'fitness': 0.9796742300663643, 'generation': 653}","{'id': 48661, 'rank': 3, 'fitness': 0.9796742300663643, 'generation': 653}","{'id': 48661, 'rank': 4, 'fitness': 0.9796742300663643, 'generation': 653}","{'id': 48661, 'rank': 5, 'fitness': 0.9796742300663643, 'generation': 653}","{'id': 48661, 'rank': 6, 'fitness': 0.9796742300663643, 'generation': 653}","{'id': 48661, 'rank': 7, 'fitness': 0.9796742300663643, 'generation': 653}","{'id': 48661, 'rank': 8, 'fitness': 0.9796742300663643, 'generation': 653}","{'id': 48661, 'rank': 9, 'fitness': 0.9796742300663643, 'generation': 653}","{'id': 48661, 'rank': 10, 'fitness': 0.9796742300663643, 'generation': 653}","{'id': 48661, 'rank': 11, 'fitness': 0.9796742300663643, 'generation': 653}","{'id': 48661, 'rank': 12, 'fitness': 0.9796742300663643, 'generation': 653}","{'id': 48661, 'rank': 13, 'fitness': 0.9796742300663643, 'generation': 653}","{'id': 48661, 'rank': 14, 'fitness': 0.9796742300663643, 'generation': 653}","{'id': 48661, 'rank': 15, 'fitness': 0.9796742300663643, 'generation': 653}","{'id': 48661, 'rank': 16, 'fitness': 0.9796742300663643, 'generation': 653}","{'id': 48661, 'rank': 17, 'fitness': 0.9796742300663643, 'generation': 653}","{'id': 48661, 'rank': 18, 'fitness': 0.9796742300663643, 'generation': 653}","{'id': 48661, 'rank': 19, 'fitness': 0.9796742300663643, 'generation': 653}","{'id': 48661, 'rank': 20, 'fitness': 0.9796742300663643, 'generation': 653}","{'id': 48661, 'rank': 21, 'fitness': 0.9796742300663643, 'generation': 653}","{'id': 48661, 'rank': 22, 'fitness': 0.9796742300663643, 'generation': 653}","{'id': 48661, 'rank': 23, 'fitness': 0.9796742300663643, 'generation': 653}","{'id': 48661, 'rank': 24, 'fitness': 0.9796742300663643, 'generation': 653}","{'id': 48661, 'rank': 25, 'fitness': 0.9796742300663643, 'generation': 653}","{'id': 48661, 'rank': 26, 'fitness': 0.9796742300663643, 'generation': 653}","{'id': 48661, 'rank': 27, 'fitness': 0.9796742300663643, 'generation': 653}","{'id': 49623, 'rank': 28, 'fitness': 0.040674909600237785, 'generation': 653}","{'id': 49570, 'rank': 29, 'fitness': 0.03024224004153181, 'generation': 653}","{'id': 49558, 'rank': 30, 'fitness': 0.01798620996209155, 'generation': 653}"
"{'id': 49549, 'rank': 1, 'fitness': 0.9820137900379085, 'generation': 654}","{'id': 49549, 'rank': 2, 'fitness': 0.9820137900379085, 'generation': 654}","{'id': 48661, 'rank': 3, 'fitness': 0.9808430681590543, 'generation': 654}","{'id': 48661, 'rank': 4, 'fitness': 0.9808430681590543, 'generation': 654}","{'id': 48661, 'rank': 5, 'fitness': 0.9808430681590543, 'generation': 654}","{'id': 48661, 'rank': 6, 'fitness': 0.9808430681590543, 'generation': 654}","{'id': 48661, 'rank': 7, 'fitness': 0.9808430681590543, 'generation': 654}","{'id': 48661, 'rank': 8, 'fitness': 0.9808430681590543, 'generation': 654}","{'id': 48661, 'rank': 9, 'fitness': 0.9808430681590543, 'generation': 654}","{'id': 48661, 'rank': 10, 'fitness': 0.9808430681590543, 'generation': 654}","{'id': 48661, 'rank': 11, 'fitness': 0.9808430681590543, 'generation': 654}","{'id': 48661, 'rank': 12, 'fitness': 0.9808430681590543, 'generation': 654}","{'id': 48661, 'rank': 13, 'fitness': 0.9808430681590543, 'generation': 654}","{'id': 48661, 'rank': 14, 'fitness': 0.9808430681590543, 'generation': 654}","{'id': 48661, 'rank': 15, 'fitness': 0.9808430681590543, 'generation': 654}","{'id': 48661, 'rank': 16, 'fitness': 0.9808430681590543, 'generation': 654}","{'id': 48661, 'rank': 17, 'fitness': 0.9808430681590543, 'generation': 654}","{'id': 48661, 'rank': 18, 'fitness': 0.9808430681590543, 'generation': 654}","{'id': 48661, 'rank': 19, 'fitness': 0.9808430681590543, 'generation': 654}","{'id': 48661, 'rank': 20, 'fitness': 0.9808430681590543, 'generation': 654}","{'id': 48661, 'rank': 21, 'fitness': 0.9808430681590543, 'generation': 654}","{'id': 48661, 'rank': 22, 'fitness': 0.9808430681590543, 'generation': 654}","{'id': 48661, 'rank': 23, 'fitness': 0.9808430681590543, 'generation': 654}","{'id': 49570, 'rank': 24, 'fitness': 0.5377383027015852, 'generation': 654}","{'id': 49633, 'rank': 25, 'fitness': 0.3009437857945448, 'generation': 654}","{'id': 49651, 'rank': 26, 'fitness': 0.20954477961661055, 'generation': 654}","{'id': 49641, 'rank': 27, 'fitness': 0.1590518388272032, 'generation': 654}","{'id': 49641, 'rank': 28, 'fitness': 0.1590518388272032, 'generation': 654}","{'id': 49646, 'rank': 29, 'fitness': 0.07352103653655173, 'generation': 654}","{'id': 49668, 'rank': 30, 'fitness': 0.01798620996209155, 'generation': 654}"
"{'id': 49549, 'rank': 1, 'fitness': 0.9820137900379085, 'generation': 655}","{'id': 49549, 'rank': 2, 'fitness': 0.9820137900379085, 'generation': 655}","{'id': 49549, 'rank': 3, 'fitness': 0.9820137900379085, 'generation': 655}","{'id': 48661, 'rank': 4, 'fitness': 0.980896258407942, 'generation': 655}","{'id': 48661, 'rank': 5, 'fitness': 0.980896258407942, 'generation': 655}","{'id': 48661, 'rank': 6, 'fitness': 0.980896258407942, 'generation': 655}","{'id': 48661, 'rank': 7, 'fitness': 0.980896258407942, 'generation': 655}","{'id': 48661, 'rank': 8, 'fitness': 0.980896258407942, 'generation': 655}","{'id': 48661, 'rank': 9, 'fitness': 0.980896258407942, 'generation': 655}","{'id': 48661, 'rank': 10, 'fitness': 0.980896258407942, 'generation': 655}","{'id': 48661, 'rank': 11, 'fitness': 0.980896258407942, 'generation': 655}","{'id': 48661, 'rank': 12, 'fitness': 0.980896258407942, 'generation': 655}","{'id': 48661, 'rank': 13, 'fitness': 0.980896258407942, 'generation': 655}","{'id': 48661, 'rank': 14, 'fitness': 0.980896258407942, 'generation': 655}","{'id': 48661, 'rank': 15, 'fitness': 0.980896258407942, 'generation': 655}","{'id': 48661, 'rank': 16, 'fitness': 0.980896258407942, 'generation': 655}","{'id': 48661, 'rank': 17, 'fitness': 0.980896258407942, 'generation': 655}","{'id': 48661, 'rank': 18, 'fitness': 0.980896258407942, 'generation': 655}","{'id': 48661, 'rank': 19, 'fitness': 0.980896258407942, 'generation': 655}","{'id': 48661, 'rank': 20, 'fitness': 0.980896258407942, 'generation': 655}","{'id': 48661, 'rank': 21, 'fitness': 0.980896258407942, 'generation': 655}","{'id': 48661, 'rank': 22, 'fitness': 0.980896258407942, 'generation': 655}","{'id': 49748, 'rank': 23, 'fitness': 0.5145043622285808, 'generation': 655}","{'id': 49771, 'rank': 24, 'fitness': 0.42914122733783777, 'generation': 655}","{'id': 49633, 'rank': 25, 'fitness': 0.3477021197551142, 'generation': 655}","{'id': 49646, 'rank': 26, 'fitness': 0.09573278464495244, 'generation': 655}","{'id': 49719, 'rank': 27, 'fitness': 0.044900545439278294, 'generation': 655}","{'id': 49764, 'rank': 28, 'fitness': 0.03640663884924755, 'generation': 655}","{'id': 49772, 'rank': 29, 'fitness': 0.035025248043206225, 'generation': 655}","{'id': 49754, 'rank': 30, 'fitness': 0.01798620996209155, 'generation': 655}"
"{'id': 49549, 'rank': 1, 'fitness': 0.9820137900379085, 'generation': 656}","{'id': 49549, 'rank': 2, 'fitness': 0.9820137900379085, 'generation': 656}","{'id': 49549, 'rank': 3, 'fitness': 0.9820137900379085, 'generation': 656}","{'id': 49549, 'rank': 4, 'fitness': 0.9820137900379085, 'generation': 656}","{'id': 49549, 'rank': 5, 'fitness': 0.9820137900379085, 'generation': 656}","{'id': 48661, 'rank': 6, 'fitness': 0.9807419290218091, 'generation': 656}","{'id': 48661, 'rank': 7, 'fitness': 0.9807419290218091, 'generation': 656}","{'id': 48661, 'rank': 8, 'fitness': 0.9807419290218091, 'generation': 656}","{'id': 48661, 'rank': 9, 'fitness': 0.9807419290218091, 'generation': 656}","{'id': 48661, 'rank': 10, 'fitness': 0.9807419290218091, 'generation': 656}","{'id': 48661, 'rank': 11, 'fitness': 0.9807419290218091, 'generation': 656}","{'id': 48661, 'rank': 12, 'fitness': 0.9807419290218091, 'generation': 656}","{'id': 48661, 'rank': 13, 'fitness': 0.9807419290218091, 'generation': 656}","{'id': 48661, 'rank': 14, 'fitness': 0.9807419290218091, 'generation': 656}","{'id': 48661, 'rank': 15, 'fitness': 0.9807419290218091, 'generation': 656}","{'id': 48661, 'rank': 16, 'fitness': 0.9807419290218091, 'generation': 656}","{'id': 48661, 'rank': 17, 'fitness': 0.9807419290218091, 'generation': 656}","{'id': 48661, 'rank': 18, 'fitness': 0.9807419290218091, 'generation': 656}","{'id': 48661, 'rank': 19, 'fitness': 0.9807419290218091, 'generation': 656}","{'id': 48661, 'rank': 20, 'fitness': 0.9807419290218091, 'generation': 656}","{'id': 48661, 'rank': 21, 'fitness': 0.9807419290218091, 'generation': 656}","{'id': 48661, 'rank': 22, 'fitness': 0.9807419290218091, 'generation': 656}","{'id': 48661, 'rank': 23, 'fitness': 0.9807419290218091, 'generation': 656}","{'id': 48661, 'rank': 24, 'fitness': 0.9807419290218091, 'generation': 656}","{'id': 48661, 'rank': 25, 'fitness': 0.9807419290218091, 'generation': 656}","{'id': 48661, 'rank': 26, 'fitness': 0.9807419290218091, 'generation': 656}","{'id': 49748, 'rank': 27, 'fitness': 0.384974949312639, 'generation': 656}","{'id': 49809, 'rank': 28, 'fitness': 0.08162922099776143, 'generation': 656}","{'id': 49841, 'rank': 29, 'fitness': 0.02602084031207158, 'generation': 656}","{'id': 49719, 'rank': 30, 'fitness': 0.01798620996209155, 'generation': 656}"
"{'id': 49549, 'rank': 1, 'fitness': 0.9820137900379085, 'generation': 657}","{'id': 49549, 'rank': 2, 'fitness': 0.9820137900379085, 'generation': 657}","{'id': 49549, 'rank': 3, 'fitness': 0.9820137900379085, 'generation': 657}","{'id': 49549, 'rank': 4, 'fitness': 0.9820137900379085, 'generation': 657}","{'id': 49549, 'rank': 5, 'fitness': 0.9820137900379085, 'generation': 657}","{'id': 48661, 'rank': 6, 'fitness': 0.9792648092439887, 'generation': 657}","{'id': 48661, 'rank': 7, 'fitness': 0.9792648092439887, 'generation': 657}","{'id': 48661, 'rank': 8, 'fitness': 0.9792648092439887, 'generation': 657}","{'id': 48661, 'rank': 9, 'fitness': 0.9792648092439887, 'generation': 657}","{'id': 48661, 'rank': 10, 'fitness': 0.9792648092439887, 'generation': 657}","{'id': 48661, 'rank': 11, 'fitness': 0.9792648092439887, 'generation': 657}","{'id': 48661, 'rank': 12, 'fitness': 0.9792648092439887, 'generation': 657}","{'id': 48661, 'rank': 13, 'fitness': 0.9792648092439887, 'generation': 657}","{'id': 48661, 'rank': 14, 'fitness': 0.9792648092439887, 'generation': 657}","{'id': 48661, 'rank': 15, 'fitness': 0.9792648092439887, 'generation': 657}","{'id': 48661, 'rank': 16, 'fitness': 0.9792648092439887, 'generation': 657}","{'id': 48661, 'rank': 17, 'fitness': 0.9792648092439887, 'generation': 657}","{'id': 48661, 'rank': 18, 'fitness': 0.9792648092439887, 'generation': 657}","{'id': 48661, 'rank': 19, 'fitness': 0.9792648092439887, 'generation': 657}","{'id': 48661, 'rank': 20, 'fitness': 0.9792648092439887, 'generation': 657}","{'id': 48661, 'rank': 21, 'fitness': 0.9792648092439887, 'generation': 657}","{'id': 48661, 'rank': 22, 'fitness': 0.9792648092439887, 'generation': 657}","{'id': 48661, 'rank': 23, 'fitness': 0.9792648092439887, 'generation': 657}","{'id': 48661, 'rank': 24, 'fitness': 0.9792648092439887, 'generation': 657}","{'id': 48661, 'rank': 25, 'fitness': 0.9792648092439887, 'generation': 657}","{'id': 48661, 'rank': 26, 'fitness': 0.9792648092439887, 'generation': 657}","{'id': 48661, 'rank': 27, 'fitness': 0.9792648092439887, 'generation': 657}","{'id': 48661, 'rank': 28, 'fitness': 0.9792648092439887, 'generation': 657}","{'id': 49880, 'rank': 29, 'fitness': 0.025465878038322676, 'generation': 657}","{'id': 49939, 'rank': 30, 'fitness': 0.01798620996209155, 'generation': 657}"
