rank_data
"{'id': 29, 'rank': 1, 'fitness': 0.9820137900379085, 'generation': 0}","{'id': 12, 'rank': 2, 'fitness': 0.9787331405089064, 'generation': 0}","{'id': 18, 'rank': 3, 'fitness': 0.9759848028642799, 'generation': 0}","{'id': 23, 'rank': 4, 'fitness': 0.9754760627058948, 'generation': 0}","{'id': 20, 'rank': 5, 'fitness': 0.975322844684944, 'generation': 0}","{'id': 17, 'rank': 6, 'fitness': 0.9640412389070072, 'generation': 0}","{'id': 10, 'rank': 7, 'fitness': 0.9587930981909187, 'generation': 0}","{'id': 26, 'rank': 8, 'fitness': 0.9278054260867744, 'generation': 0}","{'id': 21, 'rank': 9, 'fitness': 0.9125215027372009, 'generation': 0}","{'id': 1, 'rank': 10, 'fitness': 0.9003403221438304, 'generation': 0}","{'id': 30, 'rank': 11, 'fitness': 0.8970762133784411, 'generation': 0}","{'id': 9, 'rank': 12, 'fitness': 0.878386074237145, 'generation': 0}","{'id': 22, 'rank': 13, 'fitness': 0.8560882973498374, 'generation': 0}","{'id': 8, 'rank': 14, 'fitness': 0.7005149213311914, 'generation': 0}","{'id': 4, 'rank': 15, 'fitness': 0.6895777891093074, 'generation': 0}","{'id': 15, 'rank': 16, 'fitness': 0.6241802356544133, 'generation': 0}","{'id': 25, 'rank': 17, 'fitness': 0.5637563096896998, 'generation': 0}","{'id': 2, 'rank': 18, 'fitness': 0.5443918095859402, 'generation': 0}","{'id': 27, 'rank': 19, 'fitness': 0.5121649547704671, 'generation': 0}","{'id': 6, 'rank': 20, 'fitness': 0.4904941173146492, 'generation': 0}","{'id': 3, 'rank': 21, 'fitness': 0.4195717009086328, 'generation': 0}","{'id': 19, 'rank': 22, 'fitness': 0.3599436540686558, 'generation': 0}","{'id': 7, 'rank': 23, 'fitness': 0.26423444599960555, 'generation': 0}","{'id': 28, 'rank': 24, 'fitness': 0.2504478722190431, 'generation': 0}","{'id': 13, 'rank': 25, 'fitness': 0.23895851972370263, 'generation': 0}","{'id': 16, 'rank': 26, 'fitness': 0.19921361300110058, 'generation': 0}","{'id': 24, 'rank': 27, 'fitness': 0.1438729107716647, 'generation': 0}","{'id': 11, 'rank': 28, 'fitness': 0.14050233146425717, 'generation': 0}","{'id': 14, 'rank': 29, 'fitness': 0.04564677788545929, 'generation': 0}","{'id': 5, 'rank': 30, 'fitness': 0.01798620996209155, 'generation': 0}"
"{'id': 29, 'rank': 1, 'fitness': 0.9820137900379085, 'generation': 1}","{'id': 12, 'rank': 2, 'fitness': 0.9787331405089064, 'generation': 1}","{'id': 18, 'rank': 3, 'fitness': 0.9759848028642799, 'generation': 1}","{'id': 23, 'rank': 4, 'fitness': 0.9754760627058948, 'generation': 1}","{'id': 20, 'rank': 5, 'fitness': 0.975322844684944, 'generation': 1}","{'id': 17, 'rank': 6, 'fitness': 0.9640412389070072, 'generation': 1}","{'id': 10, 'rank': 7, 'fitness': 0.9587930981909187, 'generation': 1}","{'id': 26, 'rank': 8, 'fitness': 0.9278054260867744, 'generation': 1}","{'id': 21, 'rank': 9, 'fitness': 0.9125215027372009, 'generation': 1}","{'id': 1, 'rank': 10, 'fitness': 0.9003403221438304, 'generation': 1}","{'id': 30, 'rank': 11, 'fitness': 0.8970762133784411, 'generation': 1}","{'id': 9, 'rank': 12, 'fitness': 0.878386074237145, 'generation': 1}","{'id': 22, 'rank': 13, 'fitness': 0.8560882973498374, 'generation': 1}","{'id': 8, 'rank': 14, 'fitness': 0.7005149213311914, 'generation': 1}","{'id': 4, 'rank': 15, 'fitness': 0.6895777891093074, 'generation': 1}","{'id': 15, 'rank': 16, 'fitness': 0.6241802356544133, 'generation': 1}","{'id': 25, 'rank': 17, 'fitness': 0.5637563096896998, 'generation': 1}","{'id': 2, 'rank': 18, 'fitness': 0.5443918095859402, 'generation': 1}","{'id': 27, 'rank': 19, 'fitness': 0.5121649547704671, 'generation': 1}","{'id': 6, 'rank': 20, 'fitness': 0.4904941173146492, 'generation': 1}","{'id': 3, 'rank': 21, 'fitness': 0.4195717009086328, 'generation': 1}","{'id': 19, 'rank': 22, 'fitness': 0.3599436540686558, 'generation': 1}","{'id': 7, 'rank': 23, 'fitness': 0.26423444599960555, 'generation': 1}","{'id': 28, 'rank': 24, 'fitness': 0.2504478722190431, 'generation': 1}","{'id': 13, 'rank': 25, 'fitness': 0.23895851972370263, 'generation': 1}","{'id': 16, 'rank': 26, 'fitness': 0.19921361300110058, 'generation': 1}","{'id': 24, 'rank': 27, 'fitness': 0.1438729107716647, 'generation': 1}","{'id': 11, 'rank': 28, 'fitness': 0.14050233146425717, 'generation': 1}","{'id': 14, 'rank': 29, 'fitness': 0.04564677788545929, 'generation': 1}","{'id': 5, 'rank': 30, 'fitness': 0.01798620996209155, 'generation': 1}"
"{'id': 29, 'rank': 1, 'fitness': 0.9820137900379085, 'generation': 2}","{'id': 82, 'rank': 2, 'fitness': 0.9818964034046992, 'generation': 2}","{'id': 82, 'rank': 3, 'fitness': 0.9818964034046992, 'generation': 2}","{'id': 54, 'rank': 4, 'fitness': 0.9793836594604561, 'generation': 2}","{'id': 54, 'rank': 5, 'fitness': 0.9793836594604561, 'generation': 2}","{'id': 12, 'rank': 6, 'fitness': 0.9773263108805725, 'generation': 2}","{'id': 12, 'rank': 7, 'fitness': 0.9773263108805725, 'generation': 2}","{'id': 75, 'rank': 8, 'fitness': 0.9744946745173821, 'generation': 2}","{'id': 76, 'rank': 9, 'fitness': 0.9744891180492123, 'generation': 2}","{'id': 76, 'rank': 10, 'fitness': 0.9744891180492123, 'generation': 2}","{'id': 55, 'rank': 11, 'fitness': 0.9726165982494213, 'generation': 2}","{'id': 23, 'rank': 12, 'fitness': 0.9723984046392684, 'generation': 2}","{'id': 68, 'rank': 13, 'fitness': 0.9713253777932347, 'generation': 2}","{'id': 63, 'rank': 14, 'fitness': 0.9707358762057678, 'generation': 2}","{'id': 64, 'rank': 15, 'fitness': 0.9659017524027799, 'generation': 2}","{'id': 61, 'rank': 16, 'fitness': 0.9652150094595932, 'generation': 2}","{'id': 51, 'rank': 17, 'fitness': 0.9581158970281147, 'generation': 2}","{'id': 51, 'rank': 18, 'fitness': 0.9581158970281147, 'generation': 2}","{'id': 59, 'rank': 19, 'fitness': 0.9574847040270733, 'generation': 2}","{'id': 59, 'rank': 20, 'fitness': 0.9574847040270733, 'generation': 2}","{'id': 52, 'rank': 21, 'fitness': 0.9556685382849432, 'generation': 2}","{'id': 17, 'rank': 22, 'fitness': 0.95329977254149, 'generation': 2}","{'id': 36, 'rank': 23, 'fitness': 0.935825492997139, 'generation': 2}","{'id': 36, 'rank': 24, 'fitness': 0.935825492997139, 'generation': 2}","{'id': 32, 'rank': 25, 'fitness': 0.8370607511964029, 'generation': 2}","{'id': 83, 'rank': 26, 'fitness': 0.6908187150560723, 'generation': 2}","{'id': 8, 'rank': 27, 'fitness': 0.4115464408710002, 'generation': 2}","{'id': 6, 'rank': 28, 'fitness': 0.1700045397307718, 'generation': 2}","{'id': 7, 'rank': 29, 'fitness': 0.04975814630118491, 'generation': 2}","{'id': 24, 'rank': 30, 'fitness': 0.01798620996209155, 'generation': 2}"
"{'id': 163, 'rank': 1, 'fitness': 0.9820137900379085, 'generation': 3}","{'id': 117, 'rank': 2, 'fitness': 0.980868648326397, 'generation': 3}","{'id': 88, 'rank': 3, 'fitness': 0.9806845164314159, 'generation': 3}","{'id': 118, 'rank': 4, 'fitness': 0.9803090448301307, 'generation': 3}","{'id': 119, 'rank': 5, 'fitness': 0.9802630455410322, 'generation': 3}","{'id': 54, 'rank': 6, 'fitness': 0.9769095113814079, 'generation': 3}","{'id': 158, 'rank': 7, 'fitness': 0.9707974420900665, 'generation': 3}","{'id': 151, 'rank': 8, 'fitness': 0.9672616249181687, 'generation': 3}","{'id': 142, 'rank': 9, 'fitness': 0.9669185538775895, 'generation': 3}","{'id': 142, 'rank': 10, 'fitness': 0.9669185538775895, 'generation': 3}","{'id': 113, 'rank': 11, 'fitness': 0.9625906917564666, 'generation': 3}","{'id': 136, 'rank': 12, 'fitness': 0.96234559607508, 'generation': 3}","{'id': 63, 'rank': 13, 'fitness': 0.9562940791388261, 'generation': 3}","{'id': 63, 'rank': 14, 'fitness': 0.9562940791388261, 'generation': 3}","{'id': 137, 'rank': 15, 'fitness': 0.9416987051227437, 'generation': 3}","{'id': 98, 'rank': 16, 'fitness': 0.9383002636434548, 'generation': 3}","{'id': 100, 'rank': 17, 'fitness': 0.937127988591631, 'generation': 3}","{'id': 121, 'rank': 18, 'fitness': 0.9360192171407147, 'generation': 3}","{'id': 138, 'rank': 19, 'fitness': 0.9335642990652161, 'generation': 3}","{'id': 138, 'rank': 20, 'fitness': 0.9335642990652161, 'generation': 3}","{'id': 123, 'rank': 21, 'fitness': 0.9331805546273582, 'generation': 3}","{'id': 59, 'rank': 22, 'fitness': 0.91486990202656, 'generation': 3}","{'id': 59, 'rank': 23, 'fitness': 0.91486990202656, 'generation': 3}","{'id': 52, 'rank': 24, 'fitness': 0.9084050798592259, 'generation': 3}","{'id': 109, 'rank': 25, 'fitness': 0.9047025974783754, 'generation': 3}","{'id': 99, 'rank': 26, 'fitness': 0.8427802180450348, 'generation': 3}","{'id': 36, 'rank': 27, 'fitness': 0.8287277865113827, 'generation': 3}","{'id': 110, 'rank': 28, 'fitness': 0.7742412262459568, 'generation': 3}","{'id': 92, 'rank': 29, 'fitness': 0.11066103885766271, 'generation': 3}","{'id': 8, 'rank': 30, 'fitness': 0.01798620996209155, 'generation': 3}"
"{'id': 237, 'rank': 1, 'fitness': 0.9820137900379085, 'generation': 4}","{'id': 196, 'rank': 2, 'fitness': 0.9783710117677678, 'generation': 4}","{'id': 235, 'rank': 3, 'fitness': 0.9775607503325816, 'generation': 4}","{'id': 235, 'rank': 4, 'fitness': 0.9775607503325816, 'generation': 4}","{'id': 183, 'rank': 5, 'fitness': 0.9754480687026962, 'generation': 4}","{'id': 183, 'rank': 6, 'fitness': 0.9754480687026962, 'generation': 4}","{'id': 252, 'rank': 7, 'fitness': 0.9695310205172529, 'generation': 4}","{'id': 175, 'rank': 8, 'fitness': 0.9663821791692915, 'generation': 4}","{'id': 177, 'rank': 9, 'fitness': 0.9646277750845831, 'generation': 4}","{'id': 249, 'rank': 10, 'fitness': 0.9633394850091589, 'generation': 4}","{'id': 176, 'rank': 11, 'fitness': 0.9546146788739129, 'generation': 4}","{'id': 217, 'rank': 12, 'fitness': 0.9543941046866158, 'generation': 4}","{'id': 151, 'rank': 13, 'fitness': 0.9524105360717481, 'generation': 4}","{'id': 212, 'rank': 14, 'fitness': 0.9488156917200916, 'generation': 4}","{'id': 226, 'rank': 15, 'fitness': 0.9460886397493756, 'generation': 4}","{'id': 246, 'rank': 16, 'fitness': 0.9447409117092721, 'generation': 4}","{'id': 233, 'rank': 17, 'fitness': 0.9445907441772794, 'generation': 4}","{'id': 136, 'rank': 18, 'fitness': 0.9426805171869146, 'generation': 4}","{'id': 202, 'rank': 19, 'fitness': 0.9368100666038722, 'generation': 4}","{'id': 63, 'rank': 20, 'fitness': 0.9302012296934467, 'generation': 4}","{'id': 63, 'rank': 21, 'fitness': 0.9302012296934467, 'generation': 4}","{'id': 63, 'rank': 22, 'fitness': 0.9302012296934467, 'generation': 4}","{'id': 210, 'rank': 23, 'fitness': 0.9052424480590406, 'generation': 4}","{'id': 137, 'rank': 24, 'fitness': 0.8983365545511056, 'generation': 4}","{'id': 98, 'rank': 25, 'fitness': 0.8906387478941916, 'generation': 4}","{'id': 207, 'rank': 26, 'fitness': 0.8648037567878368, 'generation': 4}","{'id': 59, 'rank': 27, 'fitness': 0.8357934438691226, 'generation': 4}","{'id': 186, 'rank': 28, 'fitness': 0.6709902446555851, 'generation': 4}","{'id': 174, 'rank': 29, 'fitness': 0.5685455825262994, 'generation': 4}","{'id': 191, 'rank': 30, 'fitness': 0.01798620996209155, 'generation': 4}"
"{'id': 261, 'rank': 1, 'fitness': 0.9820137900379085, 'generation': 5}","{'id': 323, 'rank': 2, 'fitness': 0.9782976082492238, 'generation': 5}","{'id': 265, 'rank': 3, 'fitness': 0.9725334836669066, 'generation': 5}","{'id': 183, 'rank': 4, 'fitness': 0.9655207734225713, 'generation': 5}","{'id': 292, 'rank': 5, 'fitness': 0.961925455930855, 'generation': 5}","{'id': 263, 'rank': 6, 'fitness': 0.9564004496722937, 'generation': 5}","{'id': 326, 'rank': 7, 'fitness': 0.9558208012032462, 'generation': 5}","{'id': 326, 'rank': 8, 'fitness': 0.9558208012032462, 'generation': 5}","{'id': 322, 'rank': 9, 'fitness': 0.952968811512781, 'generation': 5}","{'id': 282, 'rank': 10, 'fitness': 0.9516942998810201, 'generation': 5}","{'id': 252, 'rank': 11, 'fitness': 0.9505512009369268, 'generation': 5}","{'id': 297, 'rank': 12, 'fitness': 0.9485161212872146, 'generation': 5}","{'id': 320, 'rank': 13, 'fitness': 0.9450017781737752, 'generation': 5}","{'id': 177, 'rank': 14, 'fitness': 0.9367100861387405, 'generation': 5}","{'id': 335, 'rank': 15, 'fitness': 0.9100468542054156, 'generation': 5}","{'id': 284, 'rank': 16, 'fitness': 0.9092819190966741, 'generation': 5}","{'id': 284, 'rank': 17, 'fitness': 0.9092819190966741, 'generation': 5}","{'id': 176, 'rank': 18, 'fitness': 0.9050436976813925, 'generation': 5}","{'id': 300, 'rank': 19, 'fitness': 0.8759094719934439, 'generation': 5}","{'id': 300, 'rank': 20, 'fitness': 0.8759094719934439, 'generation': 5}","{'id': 268, 'rank': 21, 'fitness': 0.8749072902662787, 'generation': 5}","{'id': 289, 'rank': 22, 'fitness': 0.8321410115872729, 'generation': 5}","{'id': 270, 'rank': 23, 'fitness': 0.8185090805463904, 'generation': 5}","{'id': 63, 'rank': 24, 'fitness': 0.8147631152498722, 'generation': 5}","{'id': 305, 'rank': 25, 'fitness': 0.7812881572064747, 'generation': 5}","{'id': 137, 'rank': 26, 'fitness': 0.6867433827856018, 'generation': 5}","{'id': 137, 'rank': 27, 'fitness': 0.6867433827856018, 'generation': 5}","{'id': 311, 'rank': 28, 'fitness': 0.6724033422623459, 'generation': 5}","{'id': 337, 'rank': 29, 'fitness': 0.07156816945132716, 'generation': 5}","{'id': 306, 'rank': 30, 'fitness': 0.01798620996209155, 'generation': 5}"
"{'id': 385, 'rank': 1, 'fitness': 0.9820137900379085, 'generation': 6}","{'id': 404, 'rank': 2, 'fitness': 0.9804405009502433, 'generation': 6}","{'id': 382, 'rank': 3, 'fitness': 0.9796217142803567, 'generation': 6}","{'id': 183, 'rank': 4, 'fitness': 0.9769192842763101, 'generation': 6}","{'id': 263, 'rank': 5, 'fitness': 0.9749744469854542, 'generation': 6}","{'id': 326, 'rank': 6, 'fitness': 0.9748597761950629, 'generation': 6}","{'id': 394, 'rank': 7, 'fitness': 0.9745265903103097, 'generation': 6}","{'id': 252, 'rank': 8, 'fitness': 0.9738572982257905, 'generation': 6}","{'id': 414, 'rank': 9, 'fitness': 0.972444464890913, 'generation': 6}","{'id': 414, 'rank': 10, 'fitness': 0.972444464890913, 'generation': 6}","{'id': 369, 'rank': 11, 'fitness': 0.9722141374741053, 'generation': 6}","{'id': 177, 'rank': 12, 'fitness': 0.9715000048474723, 'generation': 6}","{'id': 343, 'rank': 13, 'fitness': 0.9702643361226813, 'generation': 6}","{'id': 284, 'rank': 14, 'fitness': 0.9675989860875467, 'generation': 6}","{'id': 284, 'rank': 15, 'fitness': 0.9675989860875467, 'generation': 6}","{'id': 339, 'rank': 16, 'fitness': 0.9647768787351283, 'generation': 6}","{'id': 349, 'rank': 17, 'fitness': 0.9642999393997671, 'generation': 6}","{'id': 409, 'rank': 18, 'fitness': 0.9640283297997098, 'generation': 6}","{'id': 381, 'rank': 19, 'fitness': 0.9624493241178125, 'generation': 6}","{'id': 381, 'rank': 20, 'fitness': 0.9624493241178125, 'generation': 6}","{'id': 410, 'rank': 21, 'fitness': 0.9606566190248518, 'generation': 6}","{'id': 63, 'rank': 22, 'fitness': 0.9575896019107164, 'generation': 6}","{'id': 395, 'rank': 23, 'fitness': 0.9543000105528743, 'generation': 6}","{'id': 137, 'rank': 24, 'fitness': 0.9468811940866327, 'generation': 6}","{'id': 417, 'rank': 25, 'fitness': 0.9300479178608161, 'generation': 6}","{'id': 420, 'rank': 26, 'fitness': 0.9248959223973869, 'generation': 6}","{'id': 364, 'rank': 27, 'fitness': 0.9182998036611922, 'generation': 6}","{'id': 358, 'rank': 28, 'fitness': 0.9132633133691153, 'generation': 6}","{'id': 306, 'rank': 29, 'fitness': 0.7783860717195218, 'generation': 6}","{'id': 418, 'rank': 30, 'fitness': 0.01798620996209155, 'generation': 6}"
"{'id': 432, 'rank': 1, 'fitness': 0.9820137900379085, 'generation': 7}","{'id': 385, 'rank': 2, 'fitness': 0.9816572749672334, 'generation': 7}","{'id': 434, 'rank': 3, 'fitness': 0.9806618483996778, 'generation': 7}","{'id': 469, 'rank': 4, 'fitness': 0.9765332361350842, 'generation': 7}","{'id': 499, 'rank': 5, 'fitness': 0.9539577315732086, 'generation': 7}","{'id': 422, 'rank': 6, 'fitness': 0.9515176922256868, 'generation': 7}","{'id': 183, 'rank': 7, 'fitness': 0.9402882779593581, 'generation': 7}","{'id': 252, 'rank': 8, 'fitness': 0.8950116918660791, 'generation': 7}","{'id': 252, 'rank': 9, 'fitness': 0.8950116918660791, 'generation': 7}","{'id': 508, 'rank': 10, 'fitness': 0.8886252813699036, 'generation': 7}","{'id': 463, 'rank': 11, 'fitness': 0.8842975713112535, 'generation': 7}","{'id': 485, 'rank': 12, 'fitness': 0.8707908830578488, 'generation': 7}","{'id': 177, 'rank': 13, 'fitness': 0.8476772465525557, 'generation': 7}","{'id': 424, 'rank': 14, 'fitness': 0.7506682300587102, 'generation': 7}","{'id': 478, 'rank': 15, 'fitness': 0.726465172678624, 'generation': 7}","{'id': 451, 'rank': 16, 'fitness': 0.6963647722400539, 'generation': 7}","{'id': 491, 'rank': 17, 'fitness': 0.6897070229310986, 'generation': 7}","{'id': 436, 'rank': 18, 'fitness': 0.6389747246382296, 'generation': 7}","{'id': 459, 'rank': 19, 'fitness': 0.6351401218626797, 'generation': 7}","{'id': 513, 'rank': 20, 'fitness': 0.6119685732042921, 'generation': 7}","{'id': 513, 'rank': 21, 'fitness': 0.6119685732042921, 'generation': 7}","{'id': 381, 'rank': 22, 'fitness': 0.5857278685946868, 'generation': 7}","{'id': 512, 'rank': 23, 'fitness': 0.5508344933986269, 'generation': 7}","{'id': 410, 'rank': 24, 'fitness': 0.5282898569210075, 'generation': 7}","{'id': 448, 'rank': 25, 'fitness': 0.37414175715093206, 'generation': 7}","{'id': 395, 'rank': 26, 'fitness': 0.34563449244856037, 'generation': 7}","{'id': 481, 'rank': 27, 'fitness': 0.1503880393575987, 'generation': 7}","{'id': 474, 'rank': 28, 'fitness': 0.05893067049299017, 'generation': 7}","{'id': 445, 'rank': 29, 'fitness': 0.04295642502524738, 'generation': 7}","{'id': 476, 'rank': 30, 'fitness': 0.01798620996209155, 'generation': 7}"
"{'id': 519, 'rank': 1, 'fitness': 0.9820137900379085, 'generation': 8}","{'id': 572, 'rank': 2, 'fitness': 0.9818193632510566, 'generation': 8}","{'id': 575, 'rank': 3, 'fitness': 0.9817817776383861, 'generation': 8}","{'id': 432, 'rank': 4, 'fitness': 0.9817790105876623, 'generation': 8}","{'id': 385, 'rank': 5, 'fitness': 0.9816095819434343, 'generation': 8}","{'id': 520, 'rank': 6, 'fitness': 0.9812358527650422, 'generation': 8}","{'id': 520, 'rank': 7, 'fitness': 0.9812358527650422, 'generation': 8}","{'id': 434, 'rank': 8, 'fitness': 0.9811453580935294, 'generation': 8}","{'id': 536, 'rank': 9, 'fitness': 0.9806873969236949, 'generation': 8}","{'id': 557, 'rank': 10, 'fitness': 0.9744616919128715, 'generation': 8}","{'id': 532, 'rank': 11, 'fitness': 0.9670213221411859, 'generation': 8}","{'id': 558, 'rank': 12, 'fitness': 0.9669763008902934, 'generation': 8}","{'id': 535, 'rank': 13, 'fitness': 0.9665854907442244, 'generation': 8}","{'id': 508, 'rank': 14, 'fitness': 0.9560497138275763, 'generation': 8}","{'id': 463, 'rank': 15, 'fitness': 0.9551895891635462, 'generation': 8}","{'id': 547, 'rank': 16, 'fitness': 0.9399748514313042, 'generation': 8}","{'id': 527, 'rank': 17, 'fitness': 0.9301081714383711, 'generation': 8}","{'id': 549, 'rank': 18, 'fitness': 0.9236439637549471, 'generation': 8}","{'id': 491, 'rank': 19, 'fitness': 0.9225137524353177, 'generation': 8}","{'id': 491, 'rank': 20, 'fitness': 0.9225137524353177, 'generation': 8}","{'id': 395, 'rank': 21, 'fitness': 0.8580588618538637, 'generation': 8}","{'id': 533, 'rank': 22, 'fitness': 0.7963843311956926, 'generation': 8}","{'id': 481, 'rank': 23, 'fitness': 0.7830693313791641, 'generation': 8}","{'id': 517, 'rank': 24, 'fitness': 0.6986937243422194, 'generation': 8}","{'id': 474, 'rank': 25, 'fitness': 0.68859958727216, 'generation': 8}","{'id': 578, 'rank': 26, 'fitness': 0.4466254097868274, 'generation': 8}","{'id': 551, 'rank': 27, 'fitness': 0.3641455098458374, 'generation': 8}","{'id': 562, 'rank': 28, 'fitness': 0.3511641871218073, 'generation': 8}","{'id': 548, 'rank': 29, 'fitness': 0.20390438191178434, 'generation': 8}","{'id': 560, 'rank': 30, 'fitness': 0.01798620996209155, 'generation': 8}"
"{'id': 610, 'rank': 1, 'fitness': 0.9820137900379085, 'generation': 9}","{'id': 581, 'rank': 2, 'fitness': 0.9818993327683276, 'generation': 9}","{'id': 634, 'rank': 3, 'fitness': 0.9817361904743667, 'generation': 9}","{'id': 580, 'rank': 4, 'fitness': 0.9812940544079701, 'generation': 9}","{'id': 432, 'rank': 5, 'fitness': 0.9812605210891905, 'generation': 9}","{'id': 590, 'rank': 6, 'fitness': 0.9811482668813885, 'generation': 9}","{'id': 590, 'rank': 7, 'fitness': 0.9811482668813885, 'generation': 9}","{'id': 385, 'rank': 8, 'fitness': 0.9811413793267567, 'generation': 9}","{'id': 591, 'rank': 9, 'fitness': 0.9808953814724606, 'generation': 9}","{'id': 520, 'rank': 10, 'fitness': 0.9808797681552244, 'generation': 9}","{'id': 599, 'rank': 11, 'fitness': 0.9808242474908104, 'generation': 9}","{'id': 434, 'rank': 12, 'fitness': 0.9808166650573313, 'generation': 9}","{'id': 644, 'rank': 13, 'fitness': 0.9805154278794835, 'generation': 9}","{'id': 646, 'rank': 14, 'fitness': 0.9793035160431955, 'generation': 9}","{'id': 629, 'rank': 15, 'fitness': 0.9780201080012397, 'generation': 9}","{'id': 632, 'rank': 16, 'fitness': 0.9678558962227766, 'generation': 9}","{'id': 508, 'rank': 17, 'fitness': 0.9656700886426142, 'generation': 9}","{'id': 491, 'rank': 18, 'fitness': 0.9490139292322775, 'generation': 9}","{'id': 491, 'rank': 19, 'fitness': 0.9490139292322775, 'generation': 9}","{'id': 614, 'rank': 20, 'fitness': 0.9399799521900497, 'generation': 9}","{'id': 615, 'rank': 21, 'fitness': 0.9121781059690519, 'generation': 9}","{'id': 481, 'rank': 22, 'fitness': 0.8915158538993736, 'generation': 9}","{'id': 587, 'rank': 23, 'fitness': 0.8772180643426672, 'generation': 9}","{'id': 637, 'rank': 24, 'fitness': 0.8735499996790499, 'generation': 9}","{'id': 637, 'rank': 25, 'fitness': 0.8735499996790499, 'generation': 9}","{'id': 517, 'rank': 26, 'fitness': 0.8585294252491611, 'generation': 9}","{'id': 593, 'rank': 27, 'fitness': 0.8286369971984459, 'generation': 9}","{'id': 596, 'rank': 28, 'fitness': 0.81542217648612, 'generation': 9}","{'id': 560, 'rank': 29, 'fitness': 0.18043172640393557, 'generation': 9}","{'id': 647, 'rank': 30, 'fitness': 0.01798620996209155, 'generation': 9}"
"{'id': 723, 'rank': 1, 'fitness': 0.9820137900379085, 'generation': 10}","{'id': 681, 'rank': 2, 'fitness': 0.980987835814062, 'generation': 10}","{'id': 681, 'rank': 3, 'fitness': 0.980987835814062, 'generation': 10}","{'id': 680, 'rank': 4, 'fitness': 0.9798680634715633, 'generation': 10}","{'id': 432, 'rank': 5, 'fitness': 0.979387070860594, 'generation': 10}","{'id': 385, 'rank': 6, 'fitness': 0.9790660426895216, 'generation': 10}","{'id': 736, 'rank': 7, 'fitness': 0.9789977176112142, 'generation': 10}","{'id': 736, 'rank': 8, 'fitness': 0.9789977176112142, 'generation': 10}","{'id': 711, 'rank': 9, 'fitness': 0.9778560309985118, 'generation': 10}","{'id': 710, 'rank': 10, 'fitness': 0.9772121766330817, 'generation': 10}","{'id': 706, 'rank': 11, 'fitness': 0.9766702000394796, 'generation': 10}","{'id': 721, 'rank': 12, 'fitness': 0.9760952412714796, 'generation': 10}","{'id': 678, 'rank': 13, 'fitness': 0.9714398431455604, 'generation': 10}","{'id': 685, 'rank': 14, 'fitness': 0.96248768793916, 'generation': 10}","{'id': 685, 'rank': 15, 'fitness': 0.96248768793916, 'generation': 10}","{'id': 685, 'rank': 16, 'fitness': 0.96248768793916, 'generation': 10}","{'id': 702, 'rank': 17, 'fitness': 0.9516975392429016, 'generation': 10}","{'id': 702, 'rank': 18, 'fitness': 0.9516975392429016, 'generation': 10}","{'id': 652, 'rank': 19, 'fitness': 0.8790907589013442, 'generation': 10}","{'id': 684, 'rank': 20, 'fitness': 0.8305490044224616, 'generation': 10}","{'id': 615, 'rank': 21, 'fitness': 0.47712175210279956, 'generation': 10}","{'id': 481, 'rank': 22, 'fitness': 0.3398807099674034, 'generation': 10}","{'id': 587, 'rank': 23, 'fitness': 0.2677963006896393, 'generation': 10}","{'id': 587, 'rank': 24, 'fitness': 0.2677963006896393, 'generation': 10}","{'id': 689, 'rank': 25, 'fitness': 0.25065496710084456, 'generation': 10}","{'id': 662, 'rank': 26, 'fitness': 0.17305970762570477, 'generation': 10}","{'id': 733, 'rank': 27, 'fitness': 0.1375530476145858, 'generation': 10}","{'id': 730, 'rank': 28, 'fitness': 0.09476487607233819, 'generation': 10}","{'id': 673, 'rank': 29, 'fitness': 0.0800479809928758, 'generation': 10}","{'id': 674, 'rank': 30, 'fitness': 0.01798620996209155, 'generation': 10}"
"{'id': 723, 'rank': 1, 'fitness': 0.9820137900379085, 'generation': 11}","{'id': 749, 'rank': 2, 'fitness': 0.9816845227833743, 'generation': 11}","{'id': 745, 'rank': 3, 'fitness': 0.9815549842015321, 'generation': 11}","{'id': 745, 'rank': 4, 'fitness': 0.9815549842015321, 'generation': 11}","{'id': 681, 'rank': 5, 'fitness': 0.9814364616640624, 'generation': 11}","{'id': 744, 'rank': 6, 'fitness': 0.9809881707441948, 'generation': 11}","{'id': 799, 'rank': 7, 'fitness': 0.9806724724222877, 'generation': 11}","{'id': 781, 'rank': 8, 'fitness': 0.980564056695881, 'generation': 11}","{'id': 807, 'rank': 9, 'fitness': 0.9799720310589026, 'generation': 11}","{'id': 783, 'rank': 10, 'fitness': 0.9799520777018678, 'generation': 11}","{'id': 753, 'rank': 11, 'fitness': 0.9795898608425129, 'generation': 11}","{'id': 754, 'rank': 12, 'fitness': 0.9795749684434323, 'generation': 11}","{'id': 798, 'rank': 13, 'fitness': 0.979547446993305, 'generation': 11}","{'id': 710, 'rank': 14, 'fitness': 0.9794166821506809, 'generation': 11}","{'id': 742, 'rank': 15, 'fitness': 0.9773183639457793, 'generation': 11}","{'id': 678, 'rank': 16, 'fitness': 0.9765816700312029, 'generation': 11}","{'id': 777, 'rank': 17, 'fitness': 0.9754828245145044, 'generation': 11}","{'id': 791, 'rank': 18, 'fitness': 0.9749624913147792, 'generation': 11}","{'id': 760, 'rank': 19, 'fitness': 0.9747448420581826, 'generation': 11}","{'id': 760, 'rank': 20, 'fitness': 0.9747448420581826, 'generation': 11}","{'id': 685, 'rank': 21, 'fitness': 0.9726156195813722, 'generation': 11}","{'id': 792, 'rank': 22, 'fitness': 0.9703401481207932, 'generation': 11}","{'id': 792, 'rank': 23, 'fitness': 0.9703401481207932, 'generation': 11}","{'id': 802, 'rank': 24, 'fitness': 0.952548742858704, 'generation': 11}","{'id': 755, 'rank': 25, 'fitness': 0.9486557881888749, 'generation': 11}","{'id': 805, 'rank': 26, 'fitness': 0.8614963782862087, 'generation': 11}","{'id': 587, 'rank': 27, 'fitness': 0.7594491571919733, 'generation': 11}","{'id': 587, 'rank': 28, 'fitness': 0.7594491571919733, 'generation': 11}","{'id': 674, 'rank': 29, 'fitness': 0.36465241566221007, 'generation': 11}","{'id': 770, 'rank': 30, 'fitness': 0.01798620996209155, 'generation': 11}"
"{'id': 839, 'rank': 1, 'fitness': 0.9820137900379085, 'generation': 12}","{'id': 836, 'rank': 2, 'fitness': 0.9819821165415414, 'generation': 12}","{'id': 878, 'rank': 3, 'fitness': 0.9818666384316637, 'generation': 12}","{'id': 878, 'rank': 4, 'fitness': 0.9818666384316637, 'generation': 12}","{'id': 833, 'rank': 5, 'fitness': 0.981257072155154, 'generation': 12}","{'id': 886, 'rank': 6, 'fitness': 0.9810820035389748, 'generation': 12}","{'id': 799, 'rank': 7, 'fitness': 0.9810817161463975, 'generation': 12}","{'id': 799, 'rank': 8, 'fitness': 0.9810817161463975, 'generation': 12}","{'id': 840, 'rank': 9, 'fitness': 0.9810418869456695, 'generation': 12}","{'id': 841, 'rank': 10, 'fitness': 0.9808080773034751, 'generation': 12}","{'id': 753, 'rank': 11, 'fitness': 0.9804613238767173, 'generation': 12}","{'id': 842, 'rank': 12, 'fitness': 0.9797041743780142, 'generation': 12}","{'id': 884, 'rank': 13, 'fitness': 0.9792337947089946, 'generation': 12}","{'id': 678, 'rank': 14, 'fitness': 0.9788028290203419, 'generation': 12}","{'id': 777, 'rank': 15, 'fitness': 0.9782183726239458, 'generation': 12}","{'id': 818, 'rank': 16, 'fitness': 0.9779287132967374, 'generation': 12}","{'id': 760, 'rank': 17, 'fitness': 0.9778316491818353, 'generation': 12}","{'id': 848, 'rank': 18, 'fitness': 0.9762519382819159, 'generation': 12}","{'id': 856, 'rank': 19, 'fitness': 0.974924230625605, 'generation': 12}","{'id': 845, 'rank': 20, 'fitness': 0.9728687366854332, 'generation': 12}","{'id': 883, 'rank': 21, 'fitness': 0.972574583615954, 'generation': 12}","{'id': 883, 'rank': 22, 'fitness': 0.972574583615954, 'generation': 12}","{'id': 846, 'rank': 23, 'fitness': 0.9696401494170503, 'generation': 12}","{'id': 854, 'rank': 24, 'fitness': 0.9684770947466174, 'generation': 12}","{'id': 802, 'rank': 25, 'fitness': 0.9677014832977067, 'generation': 12}","{'id': 852, 'rank': 26, 'fitness': 0.9604614979155109, 'generation': 12}","{'id': 816, 'rank': 27, 'fitness': 0.8769027666966974, 'generation': 12}","{'id': 674, 'rank': 28, 'fitness': 0.7852898469721568, 'generation': 12}","{'id': 830, 'rank': 29, 'fitness': 0.3124843875850708, 'generation': 12}","{'id': 832, 'rank': 30, 'fitness': 0.01798620996209155, 'generation': 12}"
"{'id': 839, 'rank': 1, 'fitness': 0.9820137900379085, 'generation': 13}","{'id': 975, 'rank': 2, 'fitness': 0.9815849086212465, 'generation': 13}","{'id': 974, 'rank': 3, 'fitness': 0.9813429388879509, 'generation': 13}","{'id': 942, 'rank': 4, 'fitness': 0.9809686109201392, 'generation': 13}","{'id': 886, 'rank': 5, 'fitness': 0.9806323720752044, 'generation': 13}","{'id': 893, 'rank': 6, 'fitness': 0.9803626600025435, 'generation': 13}","{'id': 914, 'rank': 7, 'fitness': 0.9801383896277727, 'generation': 13}","{'id': 898, 'rank': 8, 'fitness': 0.9797872226007459, 'generation': 13}","{'id': 965, 'rank': 9, 'fitness': 0.9796413485565492, 'generation': 13}","{'id': 894, 'rank': 10, 'fitness': 0.978884031429074, 'generation': 13}","{'id': 957, 'rank': 11, 'fitness': 0.9756452810812731, 'generation': 13}","{'id': 848, 'rank': 12, 'fitness': 0.972989612173602, 'generation': 13}","{'id': 939, 'rank': 13, 'fitness': 0.9725399802454091, 'generation': 13}","{'id': 956, 'rank': 14, 'fitness': 0.9720735761015776, 'generation': 13}","{'id': 956, 'rank': 15, 'fitness': 0.9720735761015776, 'generation': 13}","{'id': 956, 'rank': 16, 'fitness': 0.9720735761015776, 'generation': 13}","{'id': 906, 'rank': 17, 'fitness': 0.9697676423854636, 'generation': 13}","{'id': 907, 'rank': 18, 'fitness': 0.9692725391098636, 'generation': 13}","{'id': 845, 'rank': 19, 'fitness': 0.9671974348855312, 'generation': 13}","{'id': 845, 'rank': 20, 'fitness': 0.9671974348855312, 'generation': 13}","{'id': 883, 'rank': 21, 'fitness': 0.966678102250092, 'generation': 13}","{'id': 943, 'rank': 22, 'fitness': 0.9600196669751307, 'generation': 13}","{'id': 943, 'rank': 23, 'fitness': 0.9600196669751307, 'generation': 13}","{'id': 854, 'rank': 24, 'fitness': 0.9591999867347383, 'generation': 13}","{'id': 928, 'rank': 25, 'fitness': 0.9252803464642301, 'generation': 13}","{'id': 928, 'rank': 26, 'fitness': 0.9252803464642301, 'generation': 13}","{'id': 816, 'rank': 27, 'fitness': 0.7341190476009726, 'generation': 13}","{'id': 962, 'rank': 28, 'fitness': 0.6513177336698713, 'generation': 13}","{'id': 918, 'rank': 29, 'fitness': 0.3643937146417553, 'generation': 13}","{'id': 941, 'rank': 30, 'fitness': 0.01798620996209155, 'generation': 13}"
"{'id': 1063, 'rank': 1, 'fitness': 0.9820137900379085, 'generation': 14}","{'id': 974, 'rank': 2, 'fitness': 0.980800164100753, 'generation': 14}","{'id': 974, 'rank': 3, 'fitness': 0.980800164100753, 'generation': 14}","{'id': 1057, 'rank': 4, 'fitness': 0.9803392856479093, 'generation': 14}","{'id': 942, 'rank': 5, 'fitness': 0.9798726863489242, 'generation': 14}","{'id': 942, 'rank': 6, 'fitness': 0.9798726863489242, 'generation': 14}","{'id': 1012, 'rank': 7, 'fitness': 0.9785049839392616, 'generation': 14}","{'id': 1058, 'rank': 8, 'fitness': 0.9764207969638857, 'generation': 14}","{'id': 894, 'rank': 9, 'fitness': 0.9742502471994883, 'generation': 14}","{'id': 957, 'rank': 10, 'fitness': 0.9639524989814036, 'generation': 14}","{'id': 1049, 'rank': 11, 'fitness': 0.9636625727394698, 'generation': 14}","{'id': 1048, 'rank': 12, 'fitness': 0.9588904502295189, 'generation': 14}","{'id': 848, 'rank': 13, 'fitness': 0.9540751372788516, 'generation': 14}","{'id': 848, 'rank': 14, 'fitness': 0.9540751372788516, 'generation': 14}","{'id': 991, 'rank': 15, 'fitness': 0.9305786023026469, 'generation': 14}","{'id': 883, 'rank': 16, 'fitness': 0.9254736859799033, 'generation': 14}","{'id': 883, 'rank': 17, 'fitness': 0.9254736859799033, 'generation': 14}","{'id': 883, 'rank': 18, 'fitness': 0.9254736859799033, 'generation': 14}","{'id': 1028, 'rank': 19, 'fitness': 0.9235400299229747, 'generation': 14}","{'id': 1032, 'rank': 20, 'fitness': 0.9121771882608773, 'generation': 14}","{'id': 1011, 'rank': 21, 'fitness': 0.9071863415491521, 'generation': 14}","{'id': 1047, 'rank': 22, 'fitness': 0.8970351673964674, 'generation': 14}","{'id': 854, 'rank': 23, 'fitness': 0.8828259585365221, 'generation': 14}","{'id': 982, 'rank': 24, 'fitness': 0.8644499338681366, 'generation': 14}","{'id': 984, 'rank': 25, 'fitness': 0.8281937724888828, 'generation': 14}","{'id': 984, 'rank': 26, 'fitness': 0.8281937724888828, 'generation': 14}","{'id': 1004, 'rank': 27, 'fitness': 0.7433833467675379, 'generation': 14}","{'id': 1039, 'rank': 28, 'fitness': 0.5934350807642793, 'generation': 14}","{'id': 1038, 'rank': 29, 'fitness': 0.06414125250282454, 'generation': 14}","{'id': 962, 'rank': 30, 'fitness': 0.01798620996209155, 'generation': 14}"
"{'id': 1077, 'rank': 1, 'fitness': 0.9820137900379085, 'generation': 15}","{'id': 1076, 'rank': 2, 'fitness': 0.9818484992093559, 'generation': 15}","{'id': 1073, 'rank': 3, 'fitness': 0.9814615723518831, 'generation': 15}","{'id': 1106, 'rank': 4, 'fitness': 0.9800714510352762, 'generation': 15}","{'id': 1128, 'rank': 5, 'fitness': 0.979484610322527, 'generation': 15}","{'id': 974, 'rank': 6, 'fitness': 0.9789956751098949, 'generation': 15}","{'id': 974, 'rank': 7, 'fitness': 0.9789956751098949, 'generation': 15}","{'id': 1105, 'rank': 8, 'fitness': 0.9782198404545055, 'generation': 15}","{'id': 1126, 'rank': 9, 'fitness': 0.9781225652694422, 'generation': 15}","{'id': 1070, 'rank': 10, 'fitness': 0.977051133501474, 'generation': 15}","{'id': 1108, 'rank': 11, 'fitness': 0.972528783707473, 'generation': 15}","{'id': 1115, 'rank': 12, 'fitness': 0.9666680880831557, 'generation': 15}","{'id': 1049, 'rank': 13, 'fitness': 0.953925216900704, 'generation': 15}","{'id': 1049, 'rank': 14, 'fitness': 0.953925216900704, 'generation': 15}","{'id': 1093, 'rank': 15, 'fitness': 0.9432103698221146, 'generation': 15}","{'id': 848, 'rank': 16, 'fitness': 0.938664429728868, 'generation': 15}","{'id': 1095, 'rank': 17, 'fitness': 0.9316712936832152, 'generation': 15}","{'id': 883, 'rank': 18, 'fitness': 0.8900390821628827, 'generation': 15}","{'id': 883, 'rank': 19, 'fitness': 0.8900390821628827, 'generation': 15}","{'id': 883, 'rank': 20, 'fitness': 0.8900390821628827, 'generation': 15}","{'id': 1028, 'rank': 21, 'fitness': 0.8866374121332774, 'generation': 15}","{'id': 1032, 'rank': 22, 'fitness': 0.8664601911276324, 'generation': 15}","{'id': 1099, 'rank': 23, 'fitness': 0.8462619724401006, 'generation': 15}","{'id': 1079, 'rank': 24, 'fitness': 0.833966235964155, 'generation': 15}","{'id': 1079, 'rank': 25, 'fitness': 0.833966235964155, 'generation': 15}","{'id': 1125, 'rank': 26, 'fitness': 0.8109085927021513, 'generation': 15}","{'id': 1085, 'rank': 27, 'fitness': 0.7433314110436389, 'generation': 15}","{'id': 1102, 'rank': 28, 'fitness': 0.4556726752990224, 'generation': 15}","{'id': 1039, 'rank': 29, 'fitness': 0.3637827214504463, 'generation': 15}","{'id': 1097, 'rank': 30, 'fitness': 0.01798620996209155, 'generation': 15}"
"{'id': 1170, 'rank': 1, 'fitness': 0.9820137900379085, 'generation': 16}","{'id': 1142, 'rank': 2, 'fitness': 0.9816016298400245, 'generation': 16}","{'id': 1172, 'rank': 3, 'fitness': 0.9815914853521235, 'generation': 16}","{'id': 1138, 'rank': 4, 'fitness': 0.9815841050281333, 'generation': 16}","{'id': 1137, 'rank': 5, 'fitness': 0.9812192155346671, 'generation': 16}","{'id': 1126, 'rank': 6, 'fitness': 0.9806970011969252, 'generation': 16}","{'id': 1189, 'rank': 7, 'fitness': 0.9805442071320363, 'generation': 16}","{'id': 1176, 'rank': 8, 'fitness': 0.980208819616945, 'generation': 16}","{'id': 1160, 'rank': 9, 'fitness': 0.9796295295656203, 'generation': 16}","{'id': 1135, 'rank': 10, 'fitness': 0.979365586997323, 'generation': 16}","{'id': 1188, 'rank': 11, 'fitness': 0.978766010260584, 'generation': 16}","{'id': 1152, 'rank': 12, 'fitness': 0.9773644174896574, 'generation': 16}","{'id': 1180, 'rank': 13, 'fitness': 0.9764632810095762, 'generation': 16}","{'id': 848, 'rank': 14, 'fitness': 0.9718758822182606, 'generation': 16}","{'id': 1158, 'rank': 15, 'fitness': 0.970724021258508, 'generation': 16}","{'id': 1158, 'rank': 16, 'fitness': 0.970724021258508, 'generation': 16}","{'id': 1182, 'rank': 17, 'fitness': 0.9693810827816164, 'generation': 16}","{'id': 1195, 'rank': 18, 'fitness': 0.9692949644532545, 'generation': 16}","{'id': 1159, 'rank': 19, 'fitness': 0.9676830383391186, 'generation': 16}","{'id': 1206, 'rank': 20, 'fitness': 0.9666415298509177, 'generation': 16}","{'id': 1155, 'rank': 21, 'fitness': 0.9632008169502045, 'generation': 16}","{'id': 1079, 'rank': 22, 'fitness': 0.9585960743769619, 'generation': 16}","{'id': 1156, 'rank': 23, 'fitness': 0.9394403584818192, 'generation': 16}","{'id': 1039, 'rank': 24, 'fitness': 0.9137989038348167, 'generation': 16}","{'id': 1150, 'rank': 25, 'fitness': 0.7271653220729475, 'generation': 16}","{'id': 1151, 'rank': 26, 'fitness': 0.6554505753468085, 'generation': 16}","{'id': 1151, 'rank': 27, 'fitness': 0.6554505753468085, 'generation': 16}","{'id': 1151, 'rank': 28, 'fitness': 0.6554505753468085, 'generation': 16}","{'id': 1140, 'rank': 29, 'fitness': 0.5651816430277039, 'generation': 16}","{'id': 1194, 'rank': 30, 'fitness': 0.01798620996209155, 'generation': 16}"
"{'id': 1262, 'rank': 1, 'fitness': 0.9820137900379085, 'generation': 17}","{'id': 1170, 'rank': 2, 'fitness': 0.9797090196919973, 'generation': 17}","{'id': 1172, 'rank': 3, 'fitness': 0.9764381891407803, 'generation': 17}","{'id': 1240, 'rank': 4, 'fitness': 0.9732945415566481, 'generation': 17}","{'id': 1261, 'rank': 5, 'fitness': 0.970498213855085, 'generation': 17}","{'id': 1255, 'rank': 6, 'fitness': 0.9699855937911667, 'generation': 17}","{'id': 1255, 'rank': 7, 'fitness': 0.9699855937911667, 'generation': 17}","{'id': 1229, 'rank': 8, 'fitness': 0.9693031966311397, 'generation': 17}","{'id': 1282, 'rank': 9, 'fitness': 0.9626390947524743, 'generation': 17}","{'id': 1282, 'rank': 10, 'fitness': 0.9626390947524743, 'generation': 17}","{'id': 1160, 'rank': 11, 'fitness': 0.9550721964202755, 'generation': 17}","{'id': 1286, 'rank': 12, 'fitness': 0.9527029242569116, 'generation': 17}","{'id': 1188, 'rank': 13, 'fitness': 0.941732006745098, 'generation': 17}","{'id': 1250, 'rank': 14, 'fitness': 0.8953064565815023, 'generation': 17}","{'id': 1251, 'rank': 15, 'fitness': 0.8891634001507744, 'generation': 17}","{'id': 1251, 'rank': 16, 'fitness': 0.8891634001507744, 'generation': 17}","{'id': 1225, 'rank': 17, 'fitness': 0.8657248933088053, 'generation': 17}","{'id': 1283, 'rank': 18, 'fitness': 0.8436508400412783, 'generation': 17}","{'id': 1281, 'rank': 19, 'fitness': 0.7741922762656366, 'generation': 17}","{'id': 1272, 'rank': 20, 'fitness': 0.692103789792641, 'generation': 17}","{'id': 1237, 'rank': 21, 'fitness': 0.6772029673377995, 'generation': 17}","{'id': 1237, 'rank': 22, 'fitness': 0.6772029673377995, 'generation': 17}","{'id': 1215, 'rank': 23, 'fitness': 0.5919039394399996, 'generation': 17}","{'id': 1195, 'rank': 24, 'fitness': 0.5831618265125148, 'generation': 17}","{'id': 1213, 'rank': 25, 'fitness': 0.4494558980357902, 'generation': 17}","{'id': 1206, 'rank': 26, 'fitness': 0.44578509975438846, 'generation': 17}","{'id': 1155, 'rank': 27, 'fitness': 0.2941549397393978, 'generation': 17}","{'id': 1267, 'rank': 28, 'fitness': 0.2842242210779703, 'generation': 17}","{'id': 1269, 'rank': 29, 'fitness': 0.1612215811551148, 'generation': 17}","{'id': 1220, 'rank': 30, 'fitness': 0.01798620996209155, 'generation': 17}"
"{'id': 1262, 'rank': 1, 'fitness': 0.9820137900379085, 'generation': 18}","{'id': 1334, 'rank': 2, 'fitness': 0.9819699422663701, 'generation': 18}","{'id': 1355, 'rank': 3, 'fitness': 0.981695875044645, 'generation': 18}","{'id': 1357, 'rank': 4, 'fitness': 0.9811431787987083, 'generation': 18}","{'id': 1335, 'rank': 5, 'fitness': 0.9810129216959579, 'generation': 18}","{'id': 1338, 'rank': 6, 'fitness': 0.9809620114622886, 'generation': 18}","{'id': 1364, 'rank': 7, 'fitness': 0.9805669002876196, 'generation': 18}","{'id': 1364, 'rank': 8, 'fitness': 0.9805669002876196, 'generation': 18}","{'id': 1255, 'rank': 9, 'fitness': 0.9803020918670673, 'generation': 18}","{'id': 1363, 'rank': 10, 'fitness': 0.9800144491932717, 'generation': 18}","{'id': 1282, 'rank': 11, 'fitness': 0.9795141223974085, 'generation': 18}","{'id': 1160, 'rank': 12, 'fitness': 0.9788210417782259, 'generation': 18}","{'id': 1286, 'rank': 13, 'fitness': 0.9786228101092845, 'generation': 18}","{'id': 1319, 'rank': 14, 'fitness': 0.9780951138830108, 'generation': 18}","{'id': 1292, 'rank': 15, 'fitness': 0.9771338773164666, 'generation': 18}","{'id': 1342, 'rank': 16, 'fitness': 0.977033012839752, 'generation': 18}","{'id': 1318, 'rank': 17, 'fitness': 0.9770190907086111, 'generation': 18}","{'id': 1341, 'rank': 18, 'fitness': 0.9754099471247442, 'generation': 18}","{'id': 1250, 'rank': 19, 'fitness': 0.9752158209523841, 'generation': 18}","{'id': 1313, 'rank': 20, 'fitness': 0.9741012589280784, 'generation': 18}","{'id': 1328, 'rank': 21, 'fitness': 0.9726217499350527, 'generation': 18}","{'id': 1281, 'rank': 22, 'fitness': 0.970998203049743, 'generation': 18}","{'id': 1215, 'rank': 23, 'fitness': 0.9663972730695578, 'generation': 18}","{'id': 1315, 'rank': 24, 'fitness': 0.9648480082804767, 'generation': 18}","{'id': 1155, 'rank': 25, 'fitness': 0.9584580298396081, 'generation': 18}","{'id': 1267, 'rank': 26, 'fitness': 0.9581168127473356, 'generation': 18}","{'id': 1361, 'rank': 27, 'fitness': 0.9228383659940588, 'generation': 18}","{'id': 1353, 'rank': 28, 'fitness': 0.8068139269205894, 'generation': 18}","{'id': 1295, 'rank': 29, 'fitness': 0.15574488776421314, 'generation': 18}","{'id': 1299, 'rank': 30, 'fitness': 0.01798620996209155, 'generation': 18}"
"{'id': 1404, 'rank': 1, 'fitness': 0.9820137900379085, 'generation': 19}","{'id': 1392, 'rank': 2, 'fitness': 0.9817980838694982, 'generation': 19}","{'id': 1405, 'rank': 3, 'fitness': 0.981717023286219, 'generation': 19}","{'id': 1262, 'rank': 4, 'fitness': 0.9816862602467424, 'generation': 19}","{'id': 1394, 'rank': 5, 'fitness': 0.9816743189311216, 'generation': 19}","{'id': 1403, 'rank': 6, 'fitness': 0.9815193535749757, 'generation': 19}","{'id': 1412, 'rank': 7, 'fitness': 0.9807122266038921, 'generation': 19}","{'id': 1335, 'rank': 8, 'fitness': 0.9804857028939316, 'generation': 19}","{'id': 1413, 'rank': 9, 'fitness': 0.9803404337457744, 'generation': 19}","{'id': 1413, 'rank': 10, 'fitness': 0.9803404337457744, 'generation': 19}","{'id': 1364, 'rank': 11, 'fitness': 0.9799472129817257, 'generation': 19}","{'id': 1388, 'rank': 12, 'fitness': 0.9794927017832147, 'generation': 19}","{'id': 1363, 'rank': 13, 'fitness': 0.9792773468292052, 'generation': 19}","{'id': 1415, 'rank': 14, 'fitness': 0.9790862457987003, 'generation': 19}","{'id': 1396, 'rank': 15, 'fitness': 0.9785603559008469, 'generation': 19}","{'id': 1396, 'rank': 16, 'fitness': 0.9785603559008469, 'generation': 19}","{'id': 1414, 'rank': 17, 'fitness': 0.9781839864588018, 'generation': 19}","{'id': 1378, 'rank': 18, 'fitness': 0.9779725049530329, 'generation': 19}","{'id': 1409, 'rank': 19, 'fitness': 0.9721296925207559, 'generation': 19}","{'id': 1428, 'rank': 20, 'fitness': 0.9704778676453394, 'generation': 19}","{'id': 1418, 'rank': 21, 'fitness': 0.9699142819267089, 'generation': 19}","{'id': 1387, 'rank': 22, 'fitness': 0.9681268323208616, 'generation': 19}","{'id': 1420, 'rank': 23, 'fitness': 0.9673225255860749, 'generation': 19}","{'id': 1372, 'rank': 24, 'fitness': 0.9643461194454196, 'generation': 19}","{'id': 1398, 'rank': 25, 'fitness': 0.9630242273585707, 'generation': 19}","{'id': 1410, 'rank': 26, 'fitness': 0.9535469486855708, 'generation': 19}","{'id': 1422, 'rank': 27, 'fitness': 0.9344434228291452, 'generation': 19}","{'id': 1422, 'rank': 28, 'fitness': 0.9344434228291452, 'generation': 19}","{'id': 1425, 'rank': 29, 'fitness': 0.9313891984885367, 'generation': 19}","{'id': 1434, 'rank': 30, 'fitness': 0.01798620996209155, 'generation': 19}"
"{'id': 1491, 'rank': 1, 'fitness': 0.9820137900379085, 'generation': 20}","{'id': 1491, 'rank': 2, 'fitness': 0.9820137900379085, 'generation': 20}","{'id': 1507, 'rank': 3, 'fitness': 0.9811426049739798, 'generation': 20}","{'id': 1478, 'rank': 4, 'fitness': 0.9783114791646415, 'generation': 20}","{'id': 1461, 'rank': 5, 'fitness': 0.9769119196977578, 'generation': 20}","{'id': 1412, 'rank': 6, 'fitness': 0.9755698005625677, 'generation': 20}","{'id': 1454, 'rank': 7, 'fitness': 0.9754220043828736, 'generation': 20}","{'id': 1335, 'rank': 8, 'fitness': 0.9739161533316072, 'generation': 20}","{'id': 1484, 'rank': 9, 'fitness': 0.9737702243840953, 'generation': 20}","{'id': 1453, 'rank': 10, 'fitness': 0.9732133004080474, 'generation': 20}","{'id': 1480, 'rank': 11, 'fitness': 0.9694382408763603, 'generation': 20}","{'id': 1480, 'rank': 12, 'fitness': 0.9694382408763603, 'generation': 20}","{'id': 1513, 'rank': 13, 'fitness': 0.9692981019881401, 'generation': 20}","{'id': 1487, 'rank': 14, 'fitness': 0.9685394477399505, 'generation': 20}","{'id': 1469, 'rank': 15, 'fitness': 0.968025758166247, 'generation': 20}","{'id': 1474, 'rank': 16, 'fitness': 0.9636287581317089, 'generation': 20}","{'id': 1363, 'rank': 17, 'fitness': 0.9635263821200704, 'generation': 20}","{'id': 1466, 'rank': 18, 'fitness': 0.9626869081915304, 'generation': 20}","{'id': 1396, 'rank': 19, 'fitness': 0.9559731696805001, 'generation': 20}","{'id': 1414, 'rank': 20, 'fitness': 0.9515497791487122, 'generation': 20}","{'id': 1414, 'rank': 21, 'fitness': 0.9515497791487122, 'generation': 20}","{'id': 1452, 'rank': 22, 'fitness': 0.9296483532835949, 'generation': 20}","{'id': 1462, 'rank': 23, 'fitness': 0.9260929564347385, 'generation': 20}","{'id': 1485, 'rank': 24, 'fitness': 0.915293056768113, 'generation': 20}","{'id': 1463, 'rank': 25, 'fitness': 0.9082012652371338, 'generation': 20}","{'id': 1463, 'rank': 26, 'fitness': 0.9082012652371338, 'generation': 20}","{'id': 1446, 'rank': 27, 'fitness': 0.6978424354109849, 'generation': 20}","{'id': 1481, 'rank': 28, 'fitness': 0.20221598628616405, 'generation': 20}","{'id': 1481, 'rank': 29, 'fitness': 0.20221598628616405, 'generation': 20}","{'id': 1508, 'rank': 30, 'fitness': 0.01798620996209155, 'generation': 20}"
"{'id': 1529, 'rank': 1, 'fitness': 0.9820137900379085, 'generation': 21}","{'id': 1524, 'rank': 2, 'fitness': 0.9787250268609285, 'generation': 21}","{'id': 1549, 'rank': 3, 'fitness': 0.9771529014291647, 'generation': 21}","{'id': 1579, 'rank': 4, 'fitness': 0.9756524161078441, 'generation': 21}","{'id': 1563, 'rank': 5, 'fitness': 0.9747247668504342, 'generation': 21}","{'id': 1335, 'rank': 6, 'fitness': 0.973977416070192, 'generation': 21}","{'id': 1550, 'rank': 7, 'fitness': 0.9713826688263631, 'generation': 21}","{'id': 1570, 'rank': 8, 'fitness': 0.9713148072957019, 'generation': 21}","{'id': 1533, 'rank': 9, 'fitness': 0.9708609279080245, 'generation': 21}","{'id': 1589, 'rank': 10, 'fitness': 0.9707348466497432, 'generation': 21}","{'id': 1589, 'rank': 11, 'fitness': 0.9707348466497432, 'generation': 21}","{'id': 1527, 'rank': 12, 'fitness': 0.9693674008421751, 'generation': 21}","{'id': 1487, 'rank': 13, 'fitness': 0.9686110729758464, 'generation': 21}","{'id': 1469, 'rank': 14, 'fitness': 0.9680983507056028, 'generation': 21}","{'id': 1469, 'rank': 15, 'fitness': 0.9680983507056028, 'generation': 21}","{'id': 1469, 'rank': 16, 'fitness': 0.9680983507056028, 'generation': 21}","{'id': 1516, 'rank': 17, 'fitness': 0.9617329731022505, 'generation': 21}","{'id': 1562, 'rank': 18, 'fitness': 0.9612421314278786, 'generation': 21}","{'id': 1565, 'rank': 19, 'fitness': 0.960088170883279, 'generation': 21}","{'id': 1520, 'rank': 20, 'fitness': 0.9595743018410445, 'generation': 21}","{'id': 1561, 'rank': 21, 'fitness': 0.9469942723938862, 'generation': 21}","{'id': 1561, 'rank': 22, 'fitness': 0.9469942723938862, 'generation': 21}","{'id': 1548, 'rank': 23, 'fitness': 0.9408398451985996, 'generation': 21}","{'id': 1576, 'rank': 24, 'fitness': 0.940677449485595, 'generation': 21}","{'id': 1575, 'rank': 25, 'fitness': 0.914265917571478, 'generation': 21}","{'id': 1532, 'rank': 26, 'fitness': 0.8547948030273631, 'generation': 21}","{'id': 1581, 'rank': 27, 'fitness': 0.7965949352039823, 'generation': 21}","{'id': 1446, 'rank': 28, 'fitness': 0.6981654958380455, 'generation': 21}","{'id': 1481, 'rank': 29, 'fitness': 0.20235032324126923, 'generation': 21}","{'id': 1508, 'rank': 30, 'fitness': 0.01798620996209155, 'generation': 21}"
"{'id': 1628, 'rank': 1, 'fitness': 0.9820137900379085, 'generation': 22}","{'id': 1529, 'rank': 2, 'fitness': 0.9816198153675451, 'generation': 22}","{'id': 1593, 'rank': 3, 'fitness': 0.9799955614934003, 'generation': 22}","{'id': 1619, 'rank': 4, 'fitness': 0.9770461981200896, 'generation': 22}","{'id': 1655, 'rank': 5, 'fitness': 0.9760025109351005, 'generation': 22}","{'id': 1647, 'rank': 6, 'fitness': 0.9712590911122874, 'generation': 22}","{'id': 1636, 'rank': 7, 'fitness': 0.9700791961227258, 'generation': 22}","{'id': 1653, 'rank': 8, 'fitness': 0.967037977552974, 'generation': 22}","{'id': 1651, 'rank': 9, 'fitness': 0.9660125235923531, 'generation': 22}","{'id': 1550, 'rank': 10, 'fitness': 0.9574566343578395, 'generation': 22}","{'id': 1654, 'rank': 11, 'fitness': 0.9564929405413053, 'generation': 22}","{'id': 1487, 'rank': 12, 'fitness': 0.9498117259479688, 'generation': 22}","{'id': 1487, 'rank': 13, 'fitness': 0.9498117259479688, 'generation': 22}","{'id': 1469, 'rank': 14, 'fitness': 0.948341518670861, 'generation': 22}","{'id': 1612, 'rank': 15, 'fitness': 0.9397312227969733, 'generation': 22}","{'id': 1649, 'rank': 16, 'fitness': 0.9339588736584874, 'generation': 22}","{'id': 1592, 'rank': 17, 'fitness': 0.9298700215029374, 'generation': 22}","{'id': 1596, 'rank': 18, 'fitness': 0.9031229574110133, 'generation': 22}","{'id': 1596, 'rank': 19, 'fitness': 0.9031229574110133, 'generation': 22}","{'id': 1601, 'rank': 20, 'fitness': 0.8953932532113259, 'generation': 22}","{'id': 1604, 'rank': 21, 'fitness': 0.8705554968972028, 'generation': 22}","{'id': 1645, 'rank': 22, 'fitness': 0.8386098621785769, 'generation': 22}","{'id': 1602, 'rank': 23, 'fitness': 0.8368365470740242, 'generation': 22}","{'id': 1602, 'rank': 24, 'fitness': 0.8368365470740242, 'generation': 22}","{'id': 1616, 'rank': 25, 'fitness': 0.784544468115603, 'generation': 22}","{'id': 1616, 'rank': 26, 'fitness': 0.784544468115603, 'generation': 22}","{'id': 1594, 'rank': 27, 'fitness': 0.5407112257686151, 'generation': 22}","{'id': 1581, 'rank': 28, 'fitness': 0.307304734438406, 'generation': 22}","{'id': 1613, 'rank': 29, 'fitness': 0.3029750273480698, 'generation': 22}","{'id': 1633, 'rank': 30, 'fitness': 0.01798620996209155, 'generation': 22}"
"{'id': 1733, 'rank': 1, 'fitness': 0.9820137900379085, 'generation': 23}","{'id': 1733, 'rank': 2, 'fitness': 0.9820137900379085, 'generation': 23}","{'id': 1708, 'rank': 3, 'fitness': 0.9819963596079965, 'generation': 23}","{'id': 1593, 'rank': 4, 'fitness': 0.9813587227091789, 'generation': 23}","{'id': 1672, 'rank': 5, 'fitness': 0.9812786724724569, 'generation': 23}","{'id': 1696, 'rank': 6, 'fitness': 0.9811039550172225, 'generation': 23}","{'id': 1737, 'rank': 7, 'fitness': 0.9807350880286849, 'generation': 23}","{'id': 1647, 'rank': 8, 'fitness': 0.9806133638551414, 'generation': 23}","{'id': 1701, 'rank': 9, 'fitness': 0.9797561166350255, 'generation': 23}","{'id': 1487, 'rank': 10, 'fitness': 0.9793907659989061, 'generation': 23}","{'id': 1469, 'rank': 11, 'fitness': 0.9793245714425614, 'generation': 23}","{'id': 1711, 'rank': 12, 'fitness': 0.9791583880617477, 'generation': 23}","{'id': 1740, 'rank': 13, 'fitness': 0.9786317786840011, 'generation': 23}","{'id': 1739, 'rank': 14, 'fitness': 0.9786209185912179, 'generation': 23}","{'id': 1592, 'rank': 15, 'fitness': 0.9786034746285821, 'generation': 23}","{'id': 1596, 'rank': 16, 'fitness': 0.9777949930334686, 'generation': 23}","{'id': 1596, 'rank': 17, 'fitness': 0.9777949930334686, 'generation': 23}","{'id': 1601, 'rank': 18, 'fitness': 0.9775946378820235, 'generation': 23}","{'id': 1714, 'rank': 19, 'fitness': 0.9765280501957296, 'generation': 23}","{'id': 1602, 'rank': 20, 'fitness': 0.9763548699198458, 'generation': 23}","{'id': 1667, 'rank': 21, 'fitness': 0.9756501711277793, 'generation': 23}","{'id': 1616, 'rank': 22, 'fitness': 0.9754886596657983, 'generation': 23}","{'id': 1616, 'rank': 23, 'fitness': 0.9754886596657983, 'generation': 23}","{'id': 1668, 'rank': 24, 'fitness': 0.9736842989848187, 'generation': 23}","{'id': 1720, 'rank': 25, 'fitness': 0.9712188624391386, 'generation': 23}","{'id': 1613, 'rank': 26, 'fitness': 0.9693808731548934, 'generation': 23}","{'id': 1723, 'rank': 27, 'fitness': 0.9062136202844642, 'generation': 23}","{'id': 1679, 'rank': 28, 'fitness': 0.8080404046962739, 'generation': 23}","{'id': 1675, 'rank': 29, 'fitness': 0.11171809749809425, 'generation': 23}","{'id': 1703, 'rank': 30, 'fitness': 0.01798620996209155, 'generation': 23}"
"{'id': 1790, 'rank': 1, 'fitness': 0.9820137900379085, 'generation': 24}","{'id': 1733, 'rank': 2, 'fitness': 0.9819136904281798, 'generation': 24}","{'id': 1733, 'rank': 3, 'fitness': 0.9819136904281798, 'generation': 24}","{'id': 1784, 'rank': 4, 'fitness': 0.980589068447479, 'generation': 24}","{'id': 1754, 'rank': 5, 'fitness': 0.9798096300444112, 'generation': 24}","{'id': 1795, 'rank': 6, 'fitness': 0.9793334018643112, 'generation': 24}","{'id': 1701, 'rank': 7, 'fitness': 0.9788692445352134, 'generation': 24}","{'id': 1764, 'rank': 8, 'fitness': 0.9786684872113847, 'generation': 24}","{'id': 1765, 'rank': 9, 'fitness': 0.9786205238723544, 'generation': 24}","{'id': 1780, 'rank': 10, 'fitness': 0.9783804112590744, 'generation': 24}","{'id': 1743, 'rank': 11, 'fitness': 0.9782964710534237, 'generation': 24}","{'id': 1743, 'rank': 12, 'fitness': 0.9782964710534237, 'generation': 24}","{'id': 1469, 'rank': 13, 'fitness': 0.9782749188035853, 'generation': 24}","{'id': 1752, 'rank': 14, 'fitness': 0.9780187354657346, 'generation': 24}","{'id': 1739, 'rank': 15, 'fitness': 0.9772976841763388, 'generation': 24}","{'id': 1592, 'rank': 16, 'fitness': 0.9772733312928054, 'generation': 24}","{'id': 1596, 'rank': 17, 'fitness': 0.9761380408260614, 'generation': 24}","{'id': 1799, 'rank': 18, 'fitness': 0.975745281708253, 'generation': 24}","{'id': 1799, 'rank': 19, 'fitness': 0.975745281708253, 'generation': 24}","{'id': 1758, 'rank': 20, 'fitness': 0.9742277483677739, 'generation': 24}","{'id': 1767, 'rank': 21, 'fitness': 0.9740177991737399, 'generation': 24}","{'id': 1773, 'rank': 22, 'fitness': 0.9736375627046967, 'generation': 24}","{'id': 1797, 'rank': 23, 'fitness': 0.973598755382249, 'generation': 24}","{'id': 1771, 'rank': 24, 'fitness': 0.9725907903986427, 'generation': 24}","{'id': 1763, 'rank': 25, 'fitness': 0.9669640330991609, 'generation': 24}","{'id': 1720, 'rank': 26, 'fitness': 0.9664626290168878, 'generation': 24}","{'id': 1720, 'rank': 27, 'fitness': 0.9664626290168878, 'generation': 24}","{'id': 1798, 'rank': 28, 'fitness': 0.965446974449031, 'generation': 24}","{'id': 1613, 'rank': 29, 'fitness': 0.9636314057073838, 'generation': 24}","{'id': 1675, 'rank': 30, 'fitness': 0.01798620996209155, 'generation': 24}"
"{'id': 1733, 'rank': 1, 'fitness': 0.9820137900379085, 'generation': 25}","{'id': 1733, 'rank': 2, 'fitness': 0.9820137900379085, 'generation': 25}","{'id': 1784, 'rank': 3, 'fitness': 0.9806953910410522, 'generation': 25}","{'id': 1817, 'rank': 4, 'fitness': 0.9805327827724006, 'generation': 25}","{'id': 1873, 'rank': 5, 'fitness': 0.9796627433526379, 'generation': 25}","{'id': 1857, 'rank': 6, 'fitness': 0.978797853862817, 'generation': 25}","{'id': 1857, 'rank': 7, 'fitness': 0.978797853862817, 'generation': 25}","{'id': 1857, 'rank': 8, 'fitness': 0.978797853862817, 'generation': 25}","{'id': 1764, 'rank': 9, 'fitness': 0.9787836882088004, 'generation': 25}","{'id': 1765, 'rank': 10, 'fitness': 0.9787359445009729, 'generation': 25}","{'id': 1743, 'rank': 11, 'fitness': 0.9784133729732949, 'generation': 25}","{'id': 1752, 'rank': 12, 'fitness': 0.9781369033857874, 'generation': 25}","{'id': 1854, 'rank': 13, 'fitness': 0.9781093434212944, 'generation': 25}","{'id': 1897, 'rank': 14, 'fitness': 0.978048640276392, 'generation': 25}","{'id': 1897, 'rank': 15, 'fitness': 0.978048640276392, 'generation': 25}","{'id': 1859, 'rank': 16, 'fitness': 0.9771026118310062, 'generation': 25}","{'id': 1874, 'rank': 17, 'fitness': 0.976418756845168, 'generation': 25}","{'id': 1844, 'rank': 18, 'fitness': 0.9762721252347204, 'generation': 25}","{'id': 1875, 'rank': 19, 'fitness': 0.9757359286546954, 'generation': 25}","{'id': 1767, 'rank': 20, 'fitness': 0.9741538577669007, 'generation': 25}","{'id': 1767, 'rank': 21, 'fitness': 0.9741538577669007, 'generation': 25}","{'id': 1797, 'rank': 22, 'fitness': 0.9737366521258926, 'generation': 25}","{'id': 1771, 'rank': 23, 'fitness': 0.9727330824205943, 'generation': 25}","{'id': 1848, 'rank': 24, 'fitness': 0.9698025260257976, 'generation': 25}","{'id': 1848, 'rank': 25, 'fitness': 0.9698025260257976, 'generation': 25}","{'id': 1881, 'rank': 26, 'fitness': 0.9678014883005124, 'generation': 25}","{'id': 1613, 'rank': 27, 'fitness': 0.9638112774307743, 'generation': 25}","{'id': 1613, 'rank': 28, 'fitness': 0.9638112774307743, 'generation': 25}","{'id': 1834, 'rank': 29, 'fitness': 0.9535829677356211, 'generation': 25}","{'id': 1675, 'rank': 30, 'fitness': 0.01798620996209155, 'generation': 25}"
"{'id': 1955, 'rank': 1, 'fitness': 0.9820137900379085, 'generation': 26}","{'id': 1953, 'rank': 2, 'fitness': 0.9748775885814429, 'generation': 26}","{'id': 1941, 'rank': 3, 'fitness': 0.9624359550855259, 'generation': 26}","{'id': 1970, 'rank': 4, 'fitness': 0.9619352276092219, 'generation': 26}","{'id': 1857, 'rank': 5, 'fitness': 0.9526273255925505, 'generation': 26}","{'id': 1857, 'rank': 6, 'fitness': 0.9526273255925505, 'generation': 26}","{'id': 1857, 'rank': 7, 'fitness': 0.9526273255925505, 'generation': 26}","{'id': 1764, 'rank': 8, 'fitness': 0.9524773594288912, 'generation': 26}","{'id': 1765, 'rank': 9, 'fitness': 0.9519693160973035, 'generation': 26}","{'id': 1897, 'rank': 10, 'fitness': 0.9442015196573186, 'generation': 26}","{'id': 1897, 'rank': 11, 'fitness': 0.9442015196573186, 'generation': 26}","{'id': 1982, 'rank': 12, 'fitness': 0.9436531611482082, 'generation': 26}","{'id': 1921, 'rank': 13, 'fitness': 0.9420978784852214, 'generation': 26}","{'id': 1921, 'rank': 14, 'fitness': 0.9420978784852214, 'generation': 26}","{'id': 1942, 'rank': 15, 'fitness': 0.9302931785382443, 'generation': 26}","{'id': 1907, 'rank': 16, 'fitness': 0.9199506671019722, 'generation': 26}","{'id': 1930, 'rank': 17, 'fitness': 0.9082393355903795, 'generation': 26}","{'id': 1958, 'rank': 18, 'fitness': 0.9074639155717829, 'generation': 26}","{'id': 1931, 'rank': 19, 'fitness': 0.887368471045642, 'generation': 26}","{'id': 1974, 'rank': 20, 'fitness': 0.884535587088646, 'generation': 26}","{'id': 1974, 'rank': 21, 'fitness': 0.884535587088646, 'generation': 26}","{'id': 1900, 'rank': 22, 'fitness': 0.7887584393445161, 'generation': 26}","{'id': 1917, 'rank': 23, 'fitness': 0.7861423062766129, 'generation': 26}","{'id': 1934, 'rank': 24, 'fitness': 0.7008258230526434, 'generation': 26}","{'id': 1934, 'rank': 25, 'fitness': 0.7008258230526434, 'generation': 26}","{'id': 1951, 'rank': 26, 'fitness': 0.643956333698142, 'generation': 26}","{'id': 1926, 'rank': 27, 'fitness': 0.6231642601470649, 'generation': 26}","{'id': 1613, 'rank': 28, 'fitness': 0.5808801155609752, 'generation': 26}","{'id': 1920, 'rank': 29, 'fitness': 0.49425589979185885, 'generation': 26}","{'id': 1949, 'rank': 30, 'fitness': 0.01798620996209155, 'generation': 26}"
"{'id': 2010, 'rank': 1, 'fitness': 0.9820137900379085, 'generation': 27}","{'id': 2015, 'rank': 2, 'fitness': 0.9804979764936625, 'generation': 27}","{'id': 2021, 'rank': 3, 'fitness': 0.9800967088149893, 'generation': 27}","{'id': 1764, 'rank': 4, 'fitness': 0.9798487069671565, 'generation': 27}","{'id': 1764, 'rank': 5, 'fitness': 0.9798487069671565, 'generation': 27}","{'id': 2058, 'rank': 6, 'fitness': 0.9793708648199084, 'generation': 27}","{'id': 2030, 'rank': 7, 'fitness': 0.9783214097821658, 'generation': 27}","{'id': 1930, 'rank': 8, 'fitness': 0.9782868544992407, 'generation': 27}","{'id': 2036, 'rank': 9, 'fitness': 0.977628751455128, 'generation': 27}","{'id': 2016, 'rank': 10, 'fitness': 0.9776272568140594, 'generation': 27}","{'id': 2056, 'rank': 11, 'fitness': 0.9761411259863388, 'generation': 27}","{'id': 2056, 'rank': 12, 'fitness': 0.9761411259863388, 'generation': 27}","{'id': 2042, 'rank': 13, 'fitness': 0.9750174564089487, 'generation': 27}","{'id': 2042, 'rank': 14, 'fitness': 0.9750174564089487, 'generation': 27}","{'id': 1951, 'rank': 15, 'fitness': 0.9740224018808286, 'generation': 27}","{'id': 1951, 'rank': 16, 'fitness': 0.9740224018808286, 'generation': 27}","{'id': 2000, 'rank': 17, 'fitness': 0.9739378918911352, 'generation': 27}","{'id': 1926, 'rank': 18, 'fitness': 0.9737763381155401, 'generation': 27}","{'id': 2059, 'rank': 19, 'fitness': 0.973457580373787, 'generation': 27}","{'id': 2059, 'rank': 20, 'fitness': 0.973457580373787, 'generation': 27}","{'id': 1920, 'rank': 21, 'fitness': 0.9722851028318907, 'generation': 27}","{'id': 2023, 'rank': 22, 'fitness': 0.9722640768177011, 'generation': 27}","{'id': 2003, 'rank': 23, 'fitness': 0.9668609511587648, 'generation': 27}","{'id': 2028, 'rank': 24, 'fitness': 0.9656686889668922, 'generation': 27}","{'id': 1988, 'rank': 25, 'fitness': 0.9507913284466277, 'generation': 27}","{'id': 2007, 'rank': 26, 'fitness': 0.8104867868849439, 'generation': 27}","{'id': 2007, 'rank': 27, 'fitness': 0.8104867868849439, 'generation': 27}","{'id': 2054, 'rank': 28, 'fitness': 0.07845188651979662, 'generation': 27}","{'id': 2008, 'rank': 29, 'fitness': 0.04861717440577373, 'generation': 27}","{'id': 2031, 'rank': 30, 'fitness': 0.01798620996209155, 'generation': 27}"
"{'id': 2121, 'rank': 1, 'fitness': 0.9820137900379085, 'generation': 28}","{'id': 2123, 'rank': 2, 'fitness': 0.9815183275319884, 'generation': 28}","{'id': 2137, 'rank': 3, 'fitness': 0.9794615468251218, 'generation': 28}","{'id': 2097, 'rank': 4, 'fitness': 0.9786045562790708, 'generation': 28}","{'id': 2141, 'rank': 5, 'fitness': 0.9782511636113471, 'generation': 28}","{'id': 2099, 'rank': 6, 'fitness': 0.9768016073040016, 'generation': 28}","{'id': 2065, 'rank': 7, 'fitness': 0.9766148616783243, 'generation': 28}","{'id': 2104, 'rank': 8, 'fitness': 0.9760813581908516, 'generation': 28}","{'id': 2066, 'rank': 9, 'fitness': 0.9754531394420035, 'generation': 28}","{'id': 2066, 'rank': 10, 'fitness': 0.9754531394420035, 'generation': 28}","{'id': 2132, 'rank': 11, 'fitness': 0.9751780528749996, 'generation': 28}","{'id': 2132, 'rank': 12, 'fitness': 0.9751780528749996, 'generation': 28}","{'id': 2075, 'rank': 13, 'fitness': 0.9746635090132023, 'generation': 28}","{'id': 2127, 'rank': 14, 'fitness': 0.9732669042693618, 'generation': 28}","{'id': 2042, 'rank': 15, 'fitness': 0.9730384418625733, 'generation': 28}","{'id': 2042, 'rank': 16, 'fitness': 0.9730384418625733, 'generation': 28}","{'id': 2111, 'rank': 17, 'fitness': 0.9718580762390452, 'generation': 28}","{'id': 2111, 'rank': 18, 'fitness': 0.9718580762390452, 'generation': 28}","{'id': 1951, 'rank': 19, 'fitness': 0.971705801374599, 'generation': 28}","{'id': 2059, 'rank': 20, 'fitness': 0.9709441810533963, 'generation': 28}","{'id': 2059, 'rank': 21, 'fitness': 0.9709441810533963, 'generation': 28}","{'id': 2143, 'rank': 22, 'fitness': 0.9701112384998825, 'generation': 28}","{'id': 2143, 'rank': 23, 'fitness': 0.9701112384998825, 'generation': 28}","{'id': 2023, 'rank': 24, 'fitness': 0.9693228864762025, 'generation': 28}","{'id': 2095, 'rank': 25, 'fitness': 0.9690935123995335, 'generation': 28}","{'id': 2095, 'rank': 26, 'fitness': 0.9690935123995335, 'generation': 28}","{'id': 2003, 'rank': 27, 'fitness': 0.9617953946232929, 'generation': 28}","{'id': 1988, 'rank': 28, 'fitness': 0.9379445090626688, 'generation': 28}","{'id': 1988, 'rank': 29, 'fitness': 0.9379445090626688, 'generation': 28}","{'id': 2054, 'rank': 30, 'fitness': 0.01798620996209155, 'generation': 28}"
"{'id': 2174, 'rank': 1, 'fitness': 0.9820137900379085, 'generation': 29}","{'id': 2174, 'rank': 2, 'fitness': 0.9820137900379085, 'generation': 29}","{'id': 2182, 'rank': 3, 'fitness': 0.9785054164877802, 'generation': 29}","{'id': 2160, 'rank': 4, 'fitness': 0.9748818535112068, 'generation': 29}","{'id': 2169, 'rank': 5, 'fitness': 0.9722451443799387, 'generation': 29}","{'id': 2169, 'rank': 6, 'fitness': 0.9722451443799387, 'generation': 29}","{'id': 2156, 'rank': 7, 'fitness': 0.9681283509650698, 'generation': 29}","{'id': 2221, 'rank': 8, 'fitness': 0.962014436086085, 'generation': 29}","{'id': 2171, 'rank': 9, 'fitness': 0.9610144216010306, 'generation': 29}","{'id': 2171, 'rank': 10, 'fitness': 0.9610144216010306, 'generation': 29}","{'id': 2218, 'rank': 11, 'fitness': 0.9590923700276095, 'generation': 29}","{'id': 2181, 'rank': 12, 'fitness': 0.9493832038297549, 'generation': 29}","{'id': 2191, 'rank': 13, 'fitness': 0.9489312713392799, 'generation': 29}","{'id': 2189, 'rank': 14, 'fitness': 0.9443777612769284, 'generation': 29}","{'id': 2157, 'rank': 15, 'fitness': 0.9197453062270728, 'generation': 29}","{'id': 2059, 'rank': 16, 'fitness': 0.9130944425170313, 'generation': 29}","{'id': 2143, 'rank': 17, 'fitness': 0.9052777493225787, 'generation': 29}","{'id': 2167, 'rank': 18, 'fitness': 0.9027568596405262, 'generation': 29}","{'id': 2167, 'rank': 19, 'fitness': 0.9027568596405262, 'generation': 29}","{'id': 2095, 'rank': 20, 'fitness': 0.8951975726004978, 'generation': 29}","{'id': 2210, 'rank': 21, 'fitness': 0.8764562777391594, 'generation': 29}","{'id': 2210, 'rank': 22, 'fitness': 0.8764562777391594, 'generation': 29}","{'id': 2192, 'rank': 23, 'fitness': 0.86830055867602, 'generation': 29}","{'id': 2145, 'rank': 24, 'fitness': 0.8646175495560091, 'generation': 29}","{'id': 2146, 'rank': 25, 'fitness': 0.8449412736335506, 'generation': 29}","{'id': 2146, 'rank': 26, 'fitness': 0.8449412736335506, 'generation': 29}","{'id': 2155, 'rank': 27, 'fitness': 0.6215004626026888, 'generation': 29}","{'id': 1988, 'rank': 28, 'fitness': 0.44309300492056514, 'generation': 29}","{'id': 2151, 'rank': 29, 'fitness': 0.341771873456153, 'generation': 29}","{'id': 2183, 'rank': 30, 'fitness': 0.01798620996209155, 'generation': 29}"
"{'id': 2291, 'rank': 1, 'fitness': 0.9820137900379085, 'generation': 30}","{'id': 2303, 'rank': 2, 'fitness': 0.9809402004238926, 'generation': 30}","{'id': 2182, 'rank': 3, 'fitness': 0.9808094293926943, 'generation': 30}","{'id': 2240, 'rank': 4, 'fitness': 0.9804876586603466, 'generation': 30}","{'id': 2298, 'rank': 5, 'fitness': 0.9797393062661598, 'generation': 30}","{'id': 2241, 'rank': 6, 'fitness': 0.9791450185701949, 'generation': 30}","{'id': 2169, 'rank': 7, 'fitness': 0.9790046499416063, 'generation': 30}","{'id': 2229, 'rank': 8, 'fitness': 0.9782303505920864, 'generation': 30}","{'id': 2232, 'rank': 9, 'fitness': 0.9782160074609852, 'generation': 30}","{'id': 2156, 'rank': 10, 'fitness': 0.9779540889080861, 'generation': 30}","{'id': 2292, 'rank': 11, 'fitness': 0.9771283805772633, 'generation': 30}","{'id': 2309, 'rank': 12, 'fitness': 0.9762219834522834, 'generation': 30}","{'id': 2309, 'rank': 13, 'fitness': 0.9762219834522834, 'generation': 30}","{'id': 2242, 'rank': 14, 'fitness': 0.9753693513276117, 'generation': 30}","{'id': 2181, 'rank': 15, 'fitness': 0.9740064246963671, 'generation': 30}","{'id': 2189, 'rank': 16, 'fitness': 0.9731090973203924, 'generation': 30}","{'id': 2262, 'rank': 17, 'fitness': 0.9707584964106665, 'generation': 30}","{'id': 2304, 'rank': 18, 'fitness': 0.9681610865515834, 'generation': 30}","{'id': 2167, 'rank': 19, 'fitness': 0.9669900662998406, 'generation': 30}","{'id': 2293, 'rank': 20, 'fitness': 0.9665202819603911, 'generation': 30}","{'id': 2210, 'rank': 21, 'fitness': 0.9638491368153637, 'generation': 30}","{'id': 2192, 'rank': 22, 'fitness': 0.962944658431161, 'generation': 30}","{'id': 2302, 'rank': 23, 'fitness': 0.961514956053992, 'generation': 30}","{'id': 2146, 'rank': 24, 'fitness': 0.9604896300970844, 'generation': 30}","{'id': 2307, 'rank': 25, 'fitness': 0.948316920707585, 'generation': 30}","{'id': 2307, 'rank': 26, 'fitness': 0.948316920707585, 'generation': 30}","{'id': 2235, 'rank': 27, 'fitness': 0.945272198091256, 'generation': 30}","{'id': 2183, 'rank': 28, 'fitness': 0.7680203219692232, 'generation': 30}","{'id': 2266, 'rank': 29, 'fitness': 0.3454960404180477, 'generation': 30}","{'id': 2295, 'rank': 30, 'fitness': 0.01798620996209155, 'generation': 30}"
"{'id': 2358, 'rank': 1, 'fitness': 0.9820137900379085, 'generation': 31}","{'id': 2340, 'rank': 2, 'fitness': 0.9817456503109643, 'generation': 31}","{'id': 2365, 'rank': 3, 'fitness': 0.9811430745798927, 'generation': 31}","{'id': 2360, 'rank': 4, 'fitness': 0.9810832164913754, 'generation': 31}","{'id': 2327, 'rank': 5, 'fitness': 0.9809346688879508, 'generation': 31}","{'id': 2369, 'rank': 6, 'fitness': 0.9807575102878109, 'generation': 31}","{'id': 2156, 'rank': 7, 'fitness': 0.98060165878274, 'generation': 31}","{'id': 2292, 'rank': 8, 'fitness': 0.980176018201937, 'generation': 31}","{'id': 2370, 'rank': 9, 'fitness': 0.9795635365311854, 'generation': 31}","{'id': 2385, 'rank': 10, 'fitness': 0.9792706766334343, 'generation': 31}","{'id': 2357, 'rank': 11, 'fitness': 0.9784988836875113, 'generation': 31}","{'id': 2189, 'rank': 12, 'fitness': 0.9781855760894528, 'generation': 31}","{'id': 2304, 'rank': 13, 'fitness': 0.9758898298878429, 'generation': 31}","{'id': 2304, 'rank': 14, 'fitness': 0.9758898298878429, 'generation': 31}","{'id': 2167, 'rank': 15, 'fitness': 0.9753674267883249, 'generation': 31}","{'id': 2293, 'rank': 16, 'fitness': 0.9751598758812401, 'generation': 31}","{'id': 2373, 'rank': 17, 'fitness': 0.9751133755660901, 'generation': 31}","{'id': 2383, 'rank': 18, 'fitness': 0.9729098463473749, 'generation': 31}","{'id': 2320, 'rank': 19, 'fitness': 0.969290055764211, 'generation': 31}","{'id': 2320, 'rank': 20, 'fitness': 0.969290055764211, 'generation': 31}","{'id': 2307, 'rank': 21, 'fitness': 0.9678104651926119, 'generation': 31}","{'id': 2307, 'rank': 22, 'fitness': 0.9678104651926119, 'generation': 31}","{'id': 2317, 'rank': 23, 'fitness': 0.9677769638987865, 'generation': 31}","{'id': 2317, 'rank': 24, 'fitness': 0.9677769638987865, 'generation': 31}","{'id': 2349, 'rank': 25, 'fitness': 0.9634517845163206, 'generation': 31}","{'id': 2318, 'rank': 26, 'fitness': 0.9592840021596569, 'generation': 31}","{'id': 2377, 'rank': 27, 'fitness': 0.9493396142042315, 'generation': 31}","{'id': 2183, 'rank': 28, 'fitness': 0.9164848511133363, 'generation': 31}","{'id': 2375, 'rank': 29, 'fitness': 0.9019169138263347, 'generation': 31}","{'id': 2344, 'rank': 30, 'fitness': 0.01798620996209155, 'generation': 31}"
"{'id': 2340, 'rank': 1, 'fitness': 0.9820137900379085, 'generation': 32}","{'id': 2340, 'rank': 2, 'fitness': 0.9820137900379085, 'generation': 32}","{'id': 2340, 'rank': 3, 'fitness': 0.9820137900379085, 'generation': 32}","{'id': 2436, 'rank': 4, 'fitness': 0.9817198494580186, 'generation': 32}","{'id': 2445, 'rank': 5, 'fitness': 0.9801568775449118, 'generation': 32}","{'id': 2441, 'rank': 6, 'fitness': 0.978190422497605, 'generation': 32}","{'id': 2455, 'rank': 7, 'fitness': 0.9764472423183652, 'generation': 32}","{'id': 2419, 'rank': 8, 'fitness': 0.9747662595543176, 'generation': 32}","{'id': 2410, 'rank': 9, 'fitness': 0.9741602088869405, 'generation': 32}","{'id': 2459, 'rank': 10, 'fitness': 0.9717080147729837, 'generation': 32}","{'id': 2484, 'rank': 11, 'fitness': 0.966733934474909, 'generation': 32}","{'id': 2470, 'rank': 12, 'fitness': 0.9651519532562307, 'generation': 32}","{'id': 2467, 'rank': 13, 'fitness': 0.9628043774281811, 'generation': 32}","{'id': 2469, 'rank': 14, 'fitness': 0.9620800861329265, 'generation': 32}","{'id': 2167, 'rank': 15, 'fitness': 0.9613414866292285, 'generation': 32}","{'id': 2475, 'rank': 16, 'fitness': 0.959503531543114, 'generation': 32}","{'id': 2413, 'rank': 17, 'fitness': 0.9593448827574652, 'generation': 32}","{'id': 2415, 'rank': 18, 'fitness': 0.9572275811613677, 'generation': 32}","{'id': 2474, 'rank': 19, 'fitness': 0.9571459000677262, 'generation': 32}","{'id': 2452, 'rank': 20, 'fitness': 0.9560852127474407, 'generation': 32}","{'id': 2425, 'rank': 21, 'fitness': 0.9481896041865421, 'generation': 32}","{'id': 2404, 'rank': 22, 'fitness': 0.9223488195838534, 'generation': 32}","{'id': 2423, 'rank': 23, 'fitness': 0.8614034036994133, 'generation': 32}","{'id': 2432, 'rank': 24, 'fitness': 0.6412258598718379, 'generation': 32}","{'id': 2432, 'rank': 25, 'fitness': 0.6412258598718379, 'generation': 32}","{'id': 2479, 'rank': 26, 'fitness': 0.6118261610762845, 'generation': 32}","{'id': 2463, 'rank': 27, 'fitness': 0.4503385436580599, 'generation': 32}","{'id': 2375, 'rank': 28, 'fitness': 0.36898895838171775, 'generation': 32}","{'id': 2433, 'rank': 29, 'fitness': 0.01798620996209155, 'generation': 32}","{'id': 2433, 'rank': 30, 'fitness': 0.01798620996209155, 'generation': 32}"
"{'id': 2492, 'rank': 1, 'fitness': 0.9820137900379085, 'generation': 33}","{'id': 2544, 'rank': 2, 'fitness': 0.9808417424480853, 'generation': 33}","{'id': 2486, 'rank': 3, 'fitness': 0.9804442755275271, 'generation': 33}","{'id': 2524, 'rank': 4, 'fitness': 0.9784880881430811, 'generation': 33}","{'id': 2521, 'rank': 5, 'fitness': 0.9780744573707536, 'generation': 33}","{'id': 2521, 'rank': 6, 'fitness': 0.9780744573707536, 'generation': 33}","{'id': 2516, 'rank': 7, 'fitness': 0.9777289061166557, 'generation': 33}","{'id': 2534, 'rank': 8, 'fitness': 0.9768104425315055, 'generation': 33}","{'id': 2548, 'rank': 9, 'fitness': 0.9701780711053968, 'generation': 33}","{'id': 2529, 'rank': 10, 'fitness': 0.9697830883991023, 'generation': 33}","{'id': 2529, 'rank': 11, 'fitness': 0.9697830883991023, 'generation': 33}","{'id': 2500, 'rank': 12, 'fitness': 0.9659081940007794, 'generation': 33}","{'id': 2513, 'rank': 13, 'fitness': 0.964522212756636, 'generation': 33}","{'id': 2528, 'rank': 14, 'fitness': 0.9617108671050789, 'generation': 33}","{'id': 2527, 'rank': 15, 'fitness': 0.9612412410026078, 'generation': 33}","{'id': 2415, 'rank': 16, 'fitness': 0.9556111722660279, 'generation': 33}","{'id': 2474, 'rank': 17, 'fitness': 0.955527009940214, 'generation': 33}","{'id': 2452, 'rank': 18, 'fitness': 0.9544342263148391, 'generation': 33}","{'id': 2532, 'rank': 19, 'fitness': 0.9521286244253128, 'generation': 33}","{'id': 2511, 'rank': 20, 'fitness': 0.9389192128414451, 'generation': 33}","{'id': 2498, 'rank': 21, 'fitness': 0.9226707234084844, 'generation': 33}","{'id': 2556, 'rank': 22, 'fitness': 0.9051356002797764, 'generation': 33}","{'id': 2556, 'rank': 23, 'fitness': 0.9051356002797764, 'generation': 33}","{'id': 2432, 'rank': 24, 'fitness': 0.6354558502845643, 'generation': 33}","{'id': 2432, 'rank': 25, 'fitness': 0.6354558502845643, 'generation': 33}","{'id': 2506, 'rank': 26, 'fitness': 0.5502652651634379, 'generation': 33}","{'id': 2375, 'rank': 27, 'fitness': 0.3645998910740908, 'generation': 33}","{'id': 2504, 'rank': 28, 'fitness': 0.1859548717128433, 'generation': 33}","{'id': 2502, 'rank': 29, 'fitness': 0.05241946185603252, 'generation': 33}","{'id': 2433, 'rank': 30, 'fitness': 0.01798620996209155, 'generation': 33}"
"{'id': 2635, 'rank': 1, 'fitness': 0.9820137900379085, 'generation': 34}","{'id': 2624, 'rank': 2, 'fitness': 0.9815195068947197, 'generation': 34}","{'id': 2575, 'rank': 3, 'fitness': 0.9812398823620025, 'generation': 34}","{'id': 2622, 'rank': 4, 'fitness': 0.9792645982912924, 'generation': 34}","{'id': 2622, 'rank': 5, 'fitness': 0.9792645982912924, 'generation': 34}","{'id': 2516, 'rank': 6, 'fitness': 0.9737142118636413, 'generation': 34}","{'id': 2646, 'rank': 7, 'fitness': 0.9731510649964168, 'generation': 34}","{'id': 2618, 'rank': 8, 'fitness': 0.9696282818972861, 'generation': 34}","{'id': 2579, 'rank': 9, 'fitness': 0.9658421498833054, 'generation': 34}","{'id': 2620, 'rank': 10, 'fitness': 0.955247107992197, 'generation': 34}","{'id': 2593, 'rank': 11, 'fitness': 0.9547956024680042, 'generation': 34}","{'id': 2592, 'rank': 12, 'fitness': 0.9543255031482647, 'generation': 34}","{'id': 2529, 'rank': 13, 'fitness': 0.9500751272535742, 'generation': 34}","{'id': 2591, 'rank': 14, 'fitness': 0.9478403486652897, 'generation': 34}","{'id': 2590, 'rank': 15, 'fitness': 0.9399045646017716, 'generation': 34}","{'id': 2513, 'rank': 16, 'fitness': 0.9304224302181525, 'generation': 34}","{'id': 2601, 'rank': 17, 'fitness': 0.9297976435644204, 'generation': 34}","{'id': 2599, 'rank': 18, 'fitness': 0.9267165216348218, 'generation': 34}","{'id': 2621, 'rank': 19, 'fitness': 0.9177078352627177, 'generation': 34}","{'id': 2580, 'rank': 20, 'fitness': 0.9161232157026366, 'generation': 34}","{'id': 2578, 'rank': 21, 'fitness': 0.9143470880811517, 'generation': 34}","{'id': 2609, 'rank': 22, 'fitness': 0.8335639810052156, 'generation': 34}","{'id': 2644, 'rank': 23, 'fitness': 0.8147596665162552, 'generation': 34}","{'id': 2639, 'rank': 24, 'fitness': 0.7635210170698823, 'generation': 34}","{'id': 2639, 'rank': 25, 'fitness': 0.7635210170698823, 'generation': 34}","{'id': 2581, 'rank': 26, 'fitness': 0.6708400725401475, 'generation': 34}","{'id': 2556, 'rank': 27, 'fitness': 0.5907128072581305, 'generation': 34}","{'id': 2610, 'rank': 28, 'fitness': 0.3897462990054965, 'generation': 34}","{'id': 2632, 'rank': 29, 'fitness': 0.05142009273284415, 'generation': 34}","{'id': 2506, 'rank': 30, 'fitness': 0.01798620996209155, 'generation': 34}"
"{'id': 2691, 'rank': 1, 'fitness': 0.9820137900379085, 'generation': 35}","{'id': 2670, 'rank': 2, 'fitness': 0.9817980778734692, 'generation': 35}","{'id': 2575, 'rank': 3, 'fitness': 0.981796964649408, 'generation': 35}","{'id': 2707, 'rank': 4, 'fitness': 0.981461822543764, 'generation': 35}","{'id': 2692, 'rank': 5, 'fitness': 0.9813781468562242, 'generation': 35}","{'id': 2661, 'rank': 6, 'fitness': 0.9808345332841267, 'generation': 35}","{'id': 2729, 'rank': 7, 'fitness': 0.9804976633166573, 'generation': 35}","{'id': 2733, 'rank': 8, 'fitness': 0.9802173495458896, 'generation': 35}","{'id': 2720, 'rank': 9, 'fitness': 0.9801493476367665, 'generation': 35}","{'id': 2593, 'rank': 10, 'fitness': 0.9793525210338501, 'generation': 35}","{'id': 2592, 'rank': 11, 'fitness': 0.979321441406514, 'generation': 35}","{'id': 2658, 'rank': 12, 'fitness': 0.979306538429326, 'generation': 35}","{'id': 2658, 'rank': 13, 'fitness': 0.979306538429326, 'generation': 35}","{'id': 2677, 'rank': 14, 'fitness': 0.9787109614462443, 'generation': 35}","{'id': 2590, 'rank': 15, 'fitness': 0.9784737572517466, 'generation': 35}","{'id': 2513, 'rank': 16, 'fitness': 0.9780011996021054, 'generation': 35}","{'id': 2716, 'rank': 17, 'fitness': 0.9766481608600728, 'generation': 35}","{'id': 2697, 'rank': 18, 'fitness': 0.9766019394904022, 'generation': 35}","{'id': 2664, 'rank': 19, 'fitness': 0.9726596456606376, 'generation': 35}","{'id': 2675, 'rank': 20, 'fitness': 0.9708676213209388, 'generation': 35}","{'id': 2556, 'rank': 21, 'fitness': 0.9700855218860763, 'generation': 35}","{'id': 2686, 'rank': 22, 'fitness': 0.9695522924284194, 'generation': 35}","{'id': 2737, 'rank': 23, 'fitness': 0.9669503629084832, 'generation': 35}","{'id': 2698, 'rank': 24, 'fitness': 0.9540165939664503, 'generation': 35}","{'id': 2698, 'rank': 25, 'fitness': 0.9540165939664503, 'generation': 35}","{'id': 2506, 'rank': 26, 'fitness': 0.9458444102017511, 'generation': 35}","{'id': 2704, 'rank': 27, 'fitness': 0.7285806552207383, 'generation': 35}","{'id': 2696, 'rank': 28, 'fitness': 0.7231662399974504, 'generation': 35}","{'id': 2679, 'rank': 29, 'fitness': 0.7204867810095373, 'generation': 35}","{'id': 2703, 'rank': 30, 'fitness': 0.01798620996209155, 'generation': 35}"
"{'id': 2670, 'rank': 1, 'fitness': 0.9820137900379085, 'generation': 36}","{'id': 2670, 'rank': 2, 'fitness': 0.9820137900379085, 'generation': 36}","{'id': 2782, 'rank': 3, 'fitness': 0.9815085025087094, 'generation': 36}","{'id': 2758, 'rank': 4, 'fitness': 0.9812853093423575, 'generation': 36}","{'id': 2707, 'rank': 5, 'fitness': 0.9811225072309149, 'generation': 36}","{'id': 2813, 'rank': 6, 'fitness': 0.9803386272924555, 'generation': 36}","{'id': 2804, 'rank': 7, 'fitness': 0.9795704894372705, 'generation': 36}","{'id': 2729, 'rank': 8, 'fitness': 0.9784197177029905, 'generation': 36}","{'id': 2765, 'rank': 9, 'fitness': 0.9777488645477355, 'generation': 36}","{'id': 2785, 'rank': 10, 'fitness': 0.9775570600203132, 'generation': 36}","{'id': 2738, 'rank': 11, 'fitness': 0.9762848756866551, 'generation': 36}","{'id': 2658, 'rank': 12, 'fitness': 0.9747732646029026, 'generation': 36}","{'id': 2677, 'rank': 13, 'fitness': 0.9728200179334634, 'generation': 36}","{'id': 2590, 'rank': 14, 'fitness': 0.9720176406845424, 'generation': 36}","{'id': 2794, 'rank': 15, 'fitness': 0.9690143011937866, 'generation': 36}","{'id': 2755, 'rank': 16, 'fitness': 0.968480547743992, 'generation': 36}","{'id': 2751, 'rank': 17, 'fitness': 0.9675641345940871, 'generation': 36}","{'id': 2716, 'rank': 18, 'fitness': 0.9653693628404356, 'generation': 36}","{'id': 2697, 'rank': 19, 'fitness': 0.9651900603902833, 'generation': 36}","{'id': 2789, 'rank': 20, 'fitness': 0.9608701758695841, 'generation': 36}","{'id': 2797, 'rank': 21, 'fitness': 0.9521018635772001, 'generation': 36}","{'id': 2675, 'rank': 22, 'fitness': 0.9386398588629564, 'generation': 36}","{'id': 2746, 'rank': 23, 'fitness': 0.9364237514304046, 'generation': 36}","{'id': 2820, 'rank': 24, 'fitness': 0.9300263031889842, 'generation': 36}","{'id': 2743, 'rank': 25, 'fitness': 0.9122270423048204, 'generation': 36}","{'id': 2800, 'rank': 26, 'fitness': 0.9089414842212578, 'generation': 36}","{'id': 2704, 'rank': 27, 'fitness': 0.019301188349212017, 'generation': 36}","{'id': 2704, 'rank': 28, 'fitness': 0.019301188349212017, 'generation': 36}","{'id': 2704, 'rank': 29, 'fitness': 0.019301188349212017, 'generation': 36}","{'id': 2696, 'rank': 30, 'fitness': 0.01798620996209155, 'generation': 36}"
"{'id': 2846, 'rank': 1, 'fitness': 0.9820137900379085, 'generation': 37}","{'id': 2670, 'rank': 2, 'fitness': 0.9820119130370335, 'generation': 37}","{'id': 2882, 'rank': 3, 'fitness': 0.9814605667118064, 'generation': 37}","{'id': 2886, 'rank': 4, 'fitness': 0.9810909892531305, 'generation': 37}","{'id': 2889, 'rank': 5, 'fitness': 0.9807510740900819, 'generation': 37}","{'id': 2887, 'rank': 6, 'fitness': 0.9803812736688418, 'generation': 37}","{'id': 2883, 'rank': 7, 'fitness': 0.9802166609048155, 'generation': 37}","{'id': 2888, 'rank': 8, 'fitness': 0.9801978819369174, 'generation': 37}","{'id': 2861, 'rank': 9, 'fitness': 0.9787153853529554, 'generation': 37}","{'id': 2861, 'rank': 10, 'fitness': 0.9787153853529554, 'generation': 37}","{'id': 2765, 'rank': 11, 'fitness': 0.9777037275850329, 'generation': 37}","{'id': 2859, 'rank': 12, 'fitness': 0.9731278819253282, 'generation': 37}","{'id': 2859, 'rank': 13, 'fitness': 0.9731278819253282, 'generation': 37}","{'id': 2590, 'rank': 14, 'fitness': 0.9719031415996955, 'generation': 37}","{'id': 2590, 'rank': 15, 'fitness': 0.9719031415996955, 'generation': 37}","{'id': 2878, 'rank': 16, 'fitness': 0.9692106603965459, 'generation': 37}","{'id': 2841, 'rank': 17, 'fitness': 0.9685060279517701, 'generation': 37}","{'id': 2874, 'rank': 18, 'fitness': 0.9652908176837304, 'generation': 37}","{'id': 2697, 'rank': 19, 'fitness': 0.9649797218275358, 'generation': 37}","{'id': 2897, 'rank': 20, 'fitness': 0.9562173652879271, 'generation': 37}","{'id': 2837, 'rank': 21, 'fitness': 0.9484645768987539, 'generation': 37}","{'id': 2895, 'rank': 22, 'fitness': 0.944135135346881, 'generation': 37}","{'id': 2890, 'rank': 23, 'fitness': 0.9399912770748332, 'generation': 37}","{'id': 2825, 'rank': 24, 'fitness': 0.9395267993082761, 'generation': 37}","{'id': 2675, 'rank': 25, 'fitness': 0.9379667074094529, 'generation': 37}","{'id': 2848, 'rank': 26, 'fitness': 0.9372591515959511, 'generation': 37}","{'id': 2866, 'rank': 27, 'fitness': 0.9368042882060919, 'generation': 37}","{'id': 2820, 'rank': 28, 'fitness': 0.9291820538227581, 'generation': 37}","{'id': 2898, 'rank': 29, 'fitness': 0.3375190141682809, 'generation': 37}","{'id': 2704, 'rank': 30, 'fitness': 0.01798620996209155, 'generation': 37}"
"{'id': 2966, 'rank': 1, 'fitness': 0.9820137900379085, 'generation': 38}","{'id': 2980, 'rank': 2, 'fitness': 0.9818490701055205, 'generation': 38}","{'id': 2953, 'rank': 3, 'fitness': 0.9810454750433435, 'generation': 38}","{'id': 2940, 'rank': 4, 'fitness': 0.9810373184616281, 'generation': 38}","{'id': 2889, 'rank': 5, 'fitness': 0.9790594352454309, 'generation': 38}","{'id': 2949, 'rank': 6, 'fitness': 0.9789427252290209, 'generation': 38}","{'id': 2888, 'rank': 7, 'fitness': 0.9777708564133571, 'generation': 38}","{'id': 2934, 'rank': 8, 'fitness': 0.9766030976129298, 'generation': 38}","{'id': 2861, 'rank': 9, 'fitness': 0.9741233112692789, 'generation': 38}","{'id': 2952, 'rank': 10, 'fitness': 0.9736332210833878, 'generation': 38}","{'id': 2973, 'rank': 11, 'fitness': 0.9671929322653604, 'generation': 38}","{'id': 2932, 'rank': 12, 'fitness': 0.9657913272805971, 'generation': 38}","{'id': 2925, 'rank': 13, 'fitness': 0.9647554490346142, 'generation': 38}","{'id': 2925, 'rank': 14, 'fitness': 0.9647554490346142, 'generation': 38}","{'id': 2928, 'rank': 15, 'fitness': 0.9631671220485174, 'generation': 38}","{'id': 2985, 'rank': 16, 'fitness': 0.9585818507077677, 'generation': 38}","{'id': 2908, 'rank': 17, 'fitness': 0.9507628231002684, 'generation': 38}","{'id': 2964, 'rank': 18, 'fitness': 0.9463735882921311, 'generation': 38}","{'id': 2878, 'rank': 19, 'fitness': 0.9441627759266854, 'generation': 38}","{'id': 2963, 'rank': 20, 'fitness': 0.9433616284349275, 'generation': 38}","{'id': 2963, 'rank': 21, 'fitness': 0.9433616284349275, 'generation': 38}","{'id': 2841, 'rank': 22, 'fitness': 0.9415046266214802, 'generation': 38}","{'id': 2874, 'rank': 23, 'fitness': 0.9286544930832745, 'generation': 38}","{'id': 2957, 'rank': 24, 'fitness': 0.9149339414416549, 'generation': 38}","{'id': 2921, 'rank': 25, 'fitness': 0.7874840168763135, 'generation': 38}","{'id': 2899, 'rank': 26, 'fitness': 0.7249829332903601, 'generation': 38}","{'id': 2927, 'rank': 27, 'fitness': 0.7106464539089669, 'generation': 38}","{'id': 2958, 'rank': 28, 'fitness': 0.06542061813224814, 'generation': 38}","{'id': 2958, 'rank': 29, 'fitness': 0.06542061813224814, 'generation': 38}","{'id': 2922, 'rank': 30, 'fitness': 0.01798620996209155, 'generation': 38}"
"{'id': 2966, 'rank': 1, 'fitness': 0.9820137900379085, 'generation': 39}","{'id': 3044, 'rank': 2, 'fitness': 0.9818062895248914, 'generation': 39}","{'id': 3017, 'rank': 3, 'fitness': 0.981702884120591, 'generation': 39}","{'id': 3017, 'rank': 4, 'fitness': 0.981702884120591, 'generation': 39}","{'id': 3003, 'rank': 5, 'fitness': 0.9816953080244426, 'generation': 39}","{'id': 3003, 'rank': 6, 'fitness': 0.9816953080244426, 'generation': 39}","{'id': 2994, 'rank': 7, 'fitness': 0.98153342843523, 'generation': 39}","{'id': 2994, 'rank': 8, 'fitness': 0.98153342843523, 'generation': 39}","{'id': 3018, 'rank': 9, 'fitness': 0.9815093953259686, 'generation': 39}","{'id': 3001, 'rank': 10, 'fitness': 0.9811069674048882, 'generation': 39}","{'id': 3041, 'rank': 11, 'fitness': 0.9802665541248552, 'generation': 39}","{'id': 3041, 'rank': 12, 'fitness': 0.9802665541248552, 'generation': 39}","{'id': 2952, 'rank': 13, 'fitness': 0.980138713938109, 'generation': 39}","{'id': 3048, 'rank': 14, 'fitness': 0.9789346188154278, 'generation': 39}","{'id': 3049, 'rank': 15, 'fitness': 0.9788096290190753, 'generation': 39}","{'id': 2925, 'rank': 16, 'fitness': 0.9785751424847091, 'generation': 39}","{'id': 3005, 'rank': 17, 'fitness': 0.9772795902546569, 'generation': 39}","{'id': 3025, 'rank': 18, 'fitness': 0.976591197646395, 'generation': 39}","{'id': 3043, 'rank': 19, 'fitness': 0.9750221084695663, 'generation': 39}","{'id': 2992, 'rank': 20, 'fitness': 0.9747346860422862, 'generation': 39}","{'id': 2992, 'rank': 21, 'fitness': 0.9747346860422862, 'generation': 39}","{'id': 3030, 'rank': 22, 'fitness': 0.9714870190926728, 'generation': 39}","{'id': 2921, 'rank': 23, 'fitness': 0.9645890725446937, 'generation': 39}","{'id': 2921, 'rank': 24, 'fitness': 0.9645890725446937, 'generation': 39}","{'id': 2899, 'rank': 25, 'fitness': 0.9614568487901476, 'generation': 39}","{'id': 3023, 'rank': 26, 'fitness': 0.9559006324034375, 'generation': 39}","{'id': 3006, 'rank': 27, 'fitness': 0.9069526566316244, 'generation': 39}","{'id': 2922, 'rank': 28, 'fitness': 0.8735007704521287, 'generation': 39}","{'id': 2989, 'rank': 29, 'fitness': 0.01798620996209155, 'generation': 39}","{'id': 2989, 'rank': 30, 'fitness': 0.01798620996209155, 'generation': 39}"
"{'id': 3044, 'rank': 1, 'fitness': 0.9820137900379085, 'generation': 40}","{'id': 3017, 'rank': 2, 'fitness': 0.9813783902307716, 'generation': 40}","{'id': 3003, 'rank': 3, 'fitness': 0.9813311219663993, 'generation': 40}","{'id': 3003, 'rank': 4, 'fitness': 0.9813311219663993, 'generation': 40}","{'id': 3003, 'rank': 5, 'fitness': 0.9813311219663993, 'generation': 40}","{'id': 3066, 'rank': 6, 'fitness': 0.9809338543391342, 'generation': 40}","{'id': 3066, 'rank': 7, 'fitness': 0.9809338543391342, 'generation': 40}","{'id': 3078, 'rank': 8, 'fitness': 0.9805756568449329, 'generation': 40}","{'id': 3018, 'rank': 9, 'fitness': 0.9801399651828251, 'generation': 40}","{'id': 3125, 'rank': 10, 'fitness': 0.9798182435856455, 'generation': 40}","{'id': 3081, 'rank': 11, 'fitness': 0.9795692522434751, 'generation': 40}","{'id': 3118, 'rank': 12, 'fitness': 0.9779827462440311, 'generation': 40}","{'id': 3062, 'rank': 13, 'fitness': 0.9773596496413308, 'generation': 40}","{'id': 3041, 'rank': 14, 'fitness': 0.9704796386301466, 'generation': 40}","{'id': 3064, 'rank': 15, 'fitness': 0.9686338858549131, 'generation': 40}","{'id': 3064, 'rank': 16, 'fitness': 0.9686338858549131, 'generation': 40}","{'id': 3113, 'rank': 17, 'fitness': 0.9676778073659582, 'generation': 40}","{'id': 3107, 'rank': 18, 'fitness': 0.9646766172618058, 'generation': 40}","{'id': 3048, 'rank': 19, 'fitness': 0.9562384117581767, 'generation': 40}","{'id': 2925, 'rank': 20, 'fitness': 0.9515860841932682, 'generation': 40}","{'id': 3043, 'rank': 21, 'fitness': 0.8824752230380266, 'generation': 40}","{'id': 3102, 'rank': 22, 'fitness': 0.8672873623269841, 'generation': 40}","{'id': 3123, 'rank': 23, 'fitness': 0.8392072701594787, 'generation': 40}","{'id': 3030, 'rank': 24, 'fitness': 0.7654748870447425, 'generation': 40}","{'id': 3094, 'rank': 25, 'fitness': 0.692605860207662, 'generation': 40}","{'id': 2921, 'rank': 26, 'fitness': 0.45313864534321463, 'generation': 40}","{'id': 3087, 'rank': 27, 'fitness': 0.1498894876659621, 'generation': 40}","{'id': 3068, 'rank': 28, 'fitness': 0.03373999645345166, 'generation': 40}","{'id': 3061, 'rank': 29, 'fitness': 0.01798620996209155, 'generation': 40}","{'id': 3061, 'rank': 30, 'fitness': 0.01798620996209155, 'generation': 40}"
"{'id': 3131, 'rank': 1, 'fitness': 0.9820137900379085, 'generation': 41}","{'id': 3131, 'rank': 2, 'fitness': 0.9820137900379085, 'generation': 41}","{'id': 3200, 'rank': 3, 'fitness': 0.982008377513558, 'generation': 41}","{'id': 3156, 'rank': 4, 'fitness': 0.9819790937898754, 'generation': 41}","{'id': 3156, 'rank': 5, 'fitness': 0.9819790937898754, 'generation': 41}","{'id': 3134, 'rank': 6, 'fitness': 0.9818506774630642, 'generation': 41}","{'id': 3180, 'rank': 7, 'fitness': 0.9818466036384464, 'generation': 41}","{'id': 3208, 'rank': 8, 'fitness': 0.9817036723591965, 'generation': 41}","{'id': 3208, 'rank': 9, 'fitness': 0.9817036723591965, 'generation': 41}","{'id': 3044, 'rank': 10, 'fitness': 0.9816558136880509, 'generation': 41}","{'id': 3201, 'rank': 11, 'fitness': 0.9814414493547514, 'generation': 41}","{'id': 3066, 'rank': 12, 'fitness': 0.9814373670872357, 'generation': 41}","{'id': 3078, 'rank': 13, 'fitness': 0.9813670489221128, 'generation': 41}","{'id': 3078, 'rank': 14, 'fitness': 0.9813670489221128, 'generation': 41}","{'id': 3018, 'rank': 15, 'fitness': 0.9812828697749187, 'generation': 41}","{'id': 3179, 'rank': 16, 'fitness': 0.9811864348239698, 'generation': 41}","{'id': 3146, 'rank': 17, 'fitness': 0.9811186164585892, 'generation': 41}","{'id': 3145, 'rank': 18, 'fitness': 0.9809563608713219, 'generation': 41}","{'id': 3187, 'rank': 19, 'fitness': 0.9806631790201528, 'generation': 41}","{'id': 3171, 'rank': 20, 'fitness': 0.9804956036187166, 'generation': 41}","{'id': 3161, 'rank': 21, 'fitness': 0.9798378805400021, 'generation': 41}","{'id': 3148, 'rank': 22, 'fitness': 0.9789601198870401, 'generation': 41}","{'id': 3107, 'rank': 23, 'fitness': 0.9789441316574334, 'generation': 41}","{'id': 3048, 'rank': 24, 'fitness': 0.9779904955912277, 'generation': 41}","{'id': 3206, 'rank': 25, 'fitness': 0.9767685512592872, 'generation': 41}","{'id': 3164, 'rank': 26, 'fitness': 0.9739294769821105, 'generation': 41}","{'id': 3189, 'rank': 27, 'fitness': 0.914356150923781, 'generation': 41}","{'id': 3061, 'rank': 28, 'fitness': 0.9134005426835102, 'generation': 41}","{'id': 3149, 'rank': 29, 'fitness': 0.10154428401964466, 'generation': 41}","{'id': 3160, 'rank': 30, 'fitness': 0.01798620996209155, 'generation': 41}"
"{'id': 3226, 'rank': 1, 'fitness': 0.9820137900379085, 'generation': 42}","{'id': 3285, 'rank': 2, 'fitness': 0.9755949083152763, 'generation': 42}","{'id': 3131, 'rank': 3, 'fitness': 0.9753402868892211, 'generation': 42}","{'id': 3256, 'rank': 4, 'fitness': 0.9741116575531708, 'generation': 42}","{'id': 3256, 'rank': 5, 'fitness': 0.9741116575531708, 'generation': 42}","{'id': 3256, 'rank': 6, 'fitness': 0.9741116575531708, 'generation': 42}","{'id': 3252, 'rank': 7, 'fitness': 0.9736533663090623, 'generation': 42}","{'id': 3180, 'rank': 8, 'fitness': 0.9698456553875795, 'generation': 42}","{'id': 3243, 'rank': 9, 'fitness': 0.9682162016563799, 'generation': 42}","{'id': 3223, 'rank': 10, 'fitness': 0.9657075293895696, 'generation': 42}","{'id': 3267, 'rank': 11, 'fitness': 0.9643739244477024, 'generation': 42}","{'id': 3208, 'rank': 12, 'fitness': 0.9642734403506437, 'generation': 42}","{'id': 3208, 'rank': 13, 'fitness': 0.9642734403506437, 'generation': 42}","{'id': 3289, 'rank': 14, 'fitness': 0.961777539364062, 'generation': 42}","{'id': 3263, 'rank': 15, 'fitness': 0.9547475228565583, 'generation': 42}","{'id': 3201, 'rank': 16, 'fitness': 0.9515375572211613, 'generation': 42}","{'id': 3078, 'rank': 17, 'fitness': 0.9472406975927832, 'generation': 42}","{'id': 3233, 'rank': 18, 'fitness': 0.9431401364782885, 'generation': 42}","{'id': 3212, 'rank': 19, 'fitness': 0.9398779458022317, 'generation': 42}","{'id': 3179, 'rank': 20, 'fitness': 0.935357051333171, 'generation': 42}","{'id': 3278, 'rank': 21, 'fitness': 0.9305331305073413, 'generation': 42}","{'id': 3274, 'rank': 22, 'fitness': 0.878315263054307, 'generation': 42}","{'id': 3210, 'rank': 23, 'fitness': 0.85722907538493, 'generation': 42}","{'id': 3258, 'rank': 24, 'fitness': 0.8546277156715532, 'generation': 42}","{'id': 3275, 'rank': 25, 'fitness': 0.733369228216523, 'generation': 42}","{'id': 3242, 'rank': 26, 'fitness': 0.16726906021369076, 'generation': 42}","{'id': 3236, 'rank': 27, 'fitness': 0.15509902180809904, 'generation': 42}","{'id': 3236, 'rank': 28, 'fitness': 0.15509902180809904, 'generation': 42}","{'id': 3294, 'rank': 29, 'fitness': 0.022487765570146367, 'generation': 42}","{'id': 3234, 'rank': 30, 'fitness': 0.01798620996209155, 'generation': 42}"
"{'id': 3339, 'rank': 1, 'fitness': 0.9820137900379085, 'generation': 43}","{'id': 3346, 'rank': 2, 'fitness': 0.9782612924258236, 'generation': 43}","{'id': 3337, 'rank': 3, 'fitness': 0.9781596255733787, 'generation': 43}","{'id': 3306, 'rank': 4, 'fitness': 0.9763957658247086, 'generation': 43}","{'id': 3256, 'rank': 5, 'fitness': 0.9735317976610032, 'generation': 43}","{'id': 3256, 'rank': 6, 'fitness': 0.9735317976610032, 'generation': 43}","{'id': 3223, 'rank': 7, 'fitness': 0.9689459586544615, 'generation': 43}","{'id': 3304, 'rank': 8, 'fitness': 0.9682523705205093, 'generation': 43}","{'id': 3363, 'rank': 9, 'fitness': 0.9678563881550275, 'generation': 43}","{'id': 3289, 'rank': 10, 'fitness': 0.9669643849288742, 'generation': 43}","{'id': 3334, 'rank': 11, 'fitness': 0.9643219905383416, 'generation': 43}","{'id': 3343, 'rank': 12, 'fitness': 0.9639090714199008, 'generation': 43}","{'id': 3343, 'rank': 13, 'fitness': 0.9639090714199008, 'generation': 43}","{'id': 3263, 'rank': 14, 'fitness': 0.9636162437818675, 'generation': 43}","{'id': 3371, 'rank': 15, 'fitness': 0.9623780040410875, 'generation': 43}","{'id': 3353, 'rank': 16, 'fitness': 0.9534997621234984, 'generation': 43}","{'id': 3353, 'rank': 17, 'fitness': 0.9534997621234984, 'generation': 43}","{'id': 3353, 'rank': 18, 'fitness': 0.9534997621234984, 'generation': 43}","{'id': 3210, 'rank': 19, 'fitness': 0.9284538951380028, 'generation': 43}","{'id': 3350, 'rank': 20, 'fitness': 0.9190201251120202, 'generation': 43}","{'id': 3313, 'rank': 21, 'fitness': 0.890201698372441, 'generation': 43}","{'id': 3313, 'rank': 22, 'fitness': 0.890201698372441, 'generation': 43}","{'id': 3372, 'rank': 23, 'fitness': 0.8179192679178635, 'generation': 43}","{'id': 3242, 'rank': 24, 'fitness': 0.653512765351097, 'generation': 43}","{'id': 3314, 'rank': 25, 'fitness': 0.5166217658910467, 'generation': 43}","{'id': 3234, 'rank': 26, 'fitness': 0.326300108961009, 'generation': 43}","{'id': 3297, 'rank': 27, 'fitness': 0.11923296850094978, 'generation': 43}","{'id': 3357, 'rank': 28, 'fitness': 0.04293471755280259, 'generation': 43}","{'id': 3310, 'rank': 29, 'fitness': 0.030821387021770785, 'generation': 43}","{'id': 3369, 'rank': 30, 'fitness': 0.01798620996209155, 'generation': 43}"
"{'id': 3381, 'rank': 1, 'fitness': 0.9820137900379085, 'generation': 44}","{'id': 3438, 'rank': 2, 'fitness': 0.9813965627917706, 'generation': 44}","{'id': 3404, 'rank': 3, 'fitness': 0.9813190413751003, 'generation': 44}","{'id': 3306, 'rank': 4, 'fitness': 0.980419260415221, 'generation': 44}","{'id': 3402, 'rank': 5, 'fitness': 0.9803809840681872, 'generation': 44}","{'id': 3428, 'rank': 6, 'fitness': 0.9801403774137418, 'generation': 44}","{'id': 3411, 'rank': 7, 'fitness': 0.9794455887800748, 'generation': 44}","{'id': 3410, 'rank': 8, 'fitness': 0.9793399319232667, 'generation': 44}","{'id': 3289, 'rank': 9, 'fitness': 0.9792082759027252, 'generation': 44}","{'id': 3289, 'rank': 10, 'fitness': 0.9792082759027252, 'generation': 44}","{'id': 3289, 'rank': 11, 'fitness': 0.9792082759027252, 'generation': 44}","{'id': 3343, 'rank': 12, 'fitness': 0.9788753902921976, 'generation': 44}","{'id': 3415, 'rank': 13, 'fitness': 0.9778572155192833, 'generation': 44}","{'id': 3424, 'rank': 14, 'fitness': 0.9767629463849443, 'generation': 44}","{'id': 3390, 'rank': 15, 'fitness': 0.9765487930583527, 'generation': 44}","{'id': 3350, 'rank': 16, 'fitness': 0.9755033145917928, 'generation': 44}","{'id': 3413, 'rank': 17, 'fitness': 0.9753121421120559, 'generation': 44}","{'id': 3313, 'rank': 18, 'fitness': 0.9740392141902827, 'generation': 44}","{'id': 3451, 'rank': 19, 'fitness': 0.9695952766174908, 'generation': 44}","{'id': 3387, 'rank': 20, 'fitness': 0.9677097506527025, 'generation': 44}","{'id': 3435, 'rank': 21, 'fitness': 0.9662202980322752, 'generation': 44}","{'id': 3435, 'rank': 22, 'fitness': 0.9662202980322752, 'generation': 44}","{'id': 3392, 'rank': 23, 'fitness': 0.9629156547846803, 'generation': 44}","{'id': 3234, 'rank': 24, 'fitness': 0.9579487715718357, 'generation': 44}","{'id': 3452, 'rank': 25, 'fitness': 0.9572951861370731, 'generation': 44}","{'id': 3446, 'rank': 26, 'fitness': 0.9541449617618415, 'generation': 44}","{'id': 3408, 'rank': 27, 'fitness': 0.7699186800077886, 'generation': 44}","{'id': 3376, 'rank': 28, 'fitness': 0.5051984886194606, 'generation': 44}","{'id': 3442, 'rank': 29, 'fitness': 0.01798620996209155, 'generation': 44}","{'id': 3442, 'rank': 30, 'fitness': 0.01798620996209155, 'generation': 44}"
"{'id': 3516, 'rank': 1, 'fitness': 0.9820137900379085, 'generation': 45}","{'id': 3516, 'rank': 2, 'fitness': 0.9820137900379085, 'generation': 45}","{'id': 3516, 'rank': 3, 'fitness': 0.9820137900379085, 'generation': 45}","{'id': 3516, 'rank': 4, 'fitness': 0.9820137900379085, 'generation': 45}","{'id': 3478, 'rank': 5, 'fitness': 0.9777468172286499, 'generation': 45}","{'id': 3488, 'rank': 6, 'fitness': 0.9758126858360969, 'generation': 45}","{'id': 3480, 'rank': 7, 'fitness': 0.9745691275932595, 'generation': 45}","{'id': 3477, 'rank': 8, 'fitness': 0.9742194916570386, 'generation': 45}","{'id': 3477, 'rank': 9, 'fitness': 0.9742194916570386, 'generation': 45}","{'id': 3402, 'rank': 10, 'fitness': 0.9737629536275709, 'generation': 45}","{'id': 3428, 'rank': 11, 'fitness': 0.9719890602040344, 'generation': 45}","{'id': 3473, 'rank': 12, 'fitness': 0.9658958924206194, 'generation': 45}","{'id': 3519, 'rank': 13, 'fitness': 0.963461345984757, 'generation': 45}","{'id': 3522, 'rank': 14, 'fitness': 0.9627977743077392, 'generation': 45}","{'id': 3497, 'rank': 15, 'fitness': 0.9625006548893023, 'generation': 45}","{'id': 3343, 'rank': 16, 'fitness': 0.9610530026446423, 'generation': 45}","{'id': 3513, 'rank': 17, 'fitness': 0.960482563021487, 'generation': 45}","{'id': 3453, 'rank': 18, 'fitness': 0.9532926276386116, 'generation': 45}","{'id': 3481, 'rank': 19, 'fitness': 0.9423073484040438, 'generation': 45}","{'id': 3461, 'rank': 20, 'fitness': 0.9390506403508482, 'generation': 45}","{'id': 3530, 'rank': 21, 'fitness': 0.9388458524748962, 'generation': 45}","{'id': 3499, 'rank': 22, 'fitness': 0.925932046375493, 'generation': 45}","{'id': 3413, 'rank': 23, 'fitness': 0.9123892607740939, 'generation': 45}","{'id': 3485, 'rank': 24, 'fitness': 0.8318265471170398, 'generation': 45}","{'id': 3484, 'rank': 25, 'fitness': 0.8197611818151034, 'generation': 45}","{'id': 3467, 'rank': 26, 'fitness': 0.7040912035435061, 'generation': 45}","{'id': 3387, 'rank': 27, 'fitness': 0.7003732159324892, 'generation': 45}","{'id': 3504, 'rank': 28, 'fitness': 0.5904241997926065, 'generation': 45}","{'id': 3528, 'rank': 29, 'fitness': 0.4223259533412905, 'generation': 45}","{'id': 3469, 'rank': 30, 'fitness': 0.01798620996209155, 'generation': 45}"
"{'id': 3564, 'rank': 1, 'fitness': 0.9820137900379085, 'generation': 46}","{'id': 3554, 'rank': 2, 'fitness': 0.9819349945053321, 'generation': 46}","{'id': 3611, 'rank': 3, 'fitness': 0.9819175143161543, 'generation': 46}","{'id': 3539, 'rank': 4, 'fitness': 0.9819073072207858, 'generation': 46}","{'id': 3539, 'rank': 5, 'fitness': 0.9819073072207858, 'generation': 46}","{'id': 3516, 'rank': 6, 'fitness': 0.9818742573690077, 'generation': 46}","{'id': 3608, 'rank': 7, 'fitness': 0.9817733138351687, 'generation': 46}","{'id': 3587, 'rank': 8, 'fitness': 0.9816283936336132, 'generation': 46}","{'id': 3625, 'rank': 9, 'fitness': 0.9813547067391583, 'generation': 46}","{'id': 3480, 'rank': 10, 'fitness': 0.9812873356236452, 'generation': 46}","{'id': 3480, 'rank': 11, 'fitness': 0.9812873356236452, 'generation': 46}","{'id': 3477, 'rank': 12, 'fitness': 0.9812637196011422, 'generation': 46}","{'id': 3428, 'rank': 13, 'fitness': 0.9811193924402091, 'generation': 46}","{'id': 3547, 'rank': 14, 'fitness': 0.9808901868079065, 'generation': 46}","{'id': 3538, 'rank': 15, 'fitness': 0.9807605019089732, 'generation': 46}","{'id': 3622, 'rank': 16, 'fitness': 0.9806480798127478, 'generation': 46}","{'id': 3519, 'rank': 17, 'fitness': 0.980647171752449, 'generation': 46}","{'id': 3618, 'rank': 18, 'fitness': 0.9804340424595444, 'generation': 46}","{'id': 3609, 'rank': 19, 'fitness': 0.9803347785400389, 'generation': 46}","{'id': 3609, 'rank': 20, 'fitness': 0.9803347785400389, 'generation': 46}","{'id': 3546, 'rank': 21, 'fitness': 0.979671708527592, 'generation': 46}","{'id': 3582, 'rank': 22, 'fitness': 0.9794752315281197, 'generation': 46}","{'id': 3617, 'rank': 23, 'fitness': 0.9783424400206843, 'generation': 46}","{'id': 3557, 'rank': 24, 'fitness': 0.9782678378968914, 'generation': 46}","{'id': 3557, 'rank': 25, 'fitness': 0.9782678378968914, 'generation': 46}","{'id': 3485, 'rank': 26, 'fitness': 0.9775087502726949, 'generation': 46}","{'id': 3577, 'rank': 27, 'fitness': 0.975281361526226, 'generation': 46}","{'id': 3560, 'rank': 28, 'fitness': 0.9725150243209664, 'generation': 46}","{'id': 3583, 'rank': 29, 'fitness': 0.9654902971678933, 'generation': 46}","{'id': 3613, 'rank': 30, 'fitness': 0.01798620996209155, 'generation': 46}"
"{'id': 3686, 'rank': 1, 'fitness': 0.9820137900379085, 'generation': 47}","{'id': 3704, 'rank': 2, 'fitness': 0.9798628747140459, 'generation': 47}","{'id': 3682, 'rank': 3, 'fitness': 0.9789032848450706, 'generation': 47}","{'id': 3516, 'rank': 4, 'fitness': 0.9734221808102081, 'generation': 47}","{'id': 3681, 'rank': 5, 'fitness': 0.9727205894302857, 'generation': 47}","{'id': 3650, 'rank': 6, 'fitness': 0.9677518728305469, 'generation': 47}","{'id': 3650, 'rank': 7, 'fitness': 0.9677518728305469, 'generation': 47}","{'id': 3658, 'rank': 8, 'fitness': 0.9648745412917656, 'generation': 47}","{'id': 3658, 'rank': 9, 'fitness': 0.9648745412917656, 'generation': 47}","{'id': 3626, 'rank': 10, 'fitness': 0.9566029138184229, 'generation': 47}","{'id': 3645, 'rank': 11, 'fitness': 0.9546340199894245, 'generation': 47}","{'id': 3679, 'rank': 12, 'fitness': 0.9330296823791413, 'generation': 47}","{'id': 3703, 'rank': 13, 'fitness': 0.9266770075466049, 'generation': 47}","{'id': 3662, 'rank': 14, 'fitness': 0.9121098031786978, 'generation': 47}","{'id': 3697, 'rank': 15, 'fitness': 0.8937363565740337, 'generation': 47}","{'id': 3699, 'rank': 16, 'fitness': 0.8293156824029038, 'generation': 47}","{'id': 3627, 'rank': 17, 'fitness': 0.7605524769953684, 'generation': 47}","{'id': 3636, 'rank': 18, 'fitness': 0.7129089371017523, 'generation': 47}","{'id': 3546, 'rank': 19, 'fitness': 0.7044955857998898, 'generation': 47}","{'id': 3691, 'rank': 20, 'fitness': 0.6078883978442727, 'generation': 47}","{'id': 3617, 'rank': 21, 'fitness': 0.3445984606998479, 'generation': 47}","{'id': 3557, 'rank': 22, 'fitness': 0.32629418245598907, 'generation': 47}","{'id': 3557, 'rank': 23, 'fitness': 0.32629418245598907, 'generation': 47}","{'id': 3640, 'rank': 24, 'fitness': 0.2715486626580922, 'generation': 47}","{'id': 3683, 'rank': 25, 'fitness': 0.24581005177887322, 'generation': 47}","{'id': 3660, 'rank': 26, 'fitness': 0.15044308333593565, 'generation': 47}","{'id': 3660, 'rank': 27, 'fitness': 0.15044308333593565, 'generation': 47}","{'id': 3652, 'rank': 28, 'fitness': 0.07746596207060003, 'generation': 47}","{'id': 3674, 'rank': 29, 'fitness': 0.03979948138106543, 'generation': 47}","{'id': 3701, 'rank': 30, 'fitness': 0.01798620996209155, 'generation': 47}"
"{'id': 3704, 'rank': 1, 'fitness': 0.9820137900379085, 'generation': 48}","{'id': 3769, 'rank': 2, 'fitness': 0.9819579376618193, 'generation': 48}","{'id': 3723, 'rank': 3, 'fitness': 0.981942117647951, 'generation': 48}","{'id': 3723, 'rank': 4, 'fitness': 0.981942117647951, 'generation': 48}","{'id': 3650, 'rank': 5, 'fitness': 0.9818869422460337, 'generation': 48}","{'id': 3658, 'rank': 6, 'fitness': 0.9818636357782803, 'generation': 48}","{'id': 3658, 'rank': 7, 'fitness': 0.9818636357782803, 'generation': 48}","{'id': 3767, 'rank': 8, 'fitness': 0.9818178666638737, 'generation': 48}","{'id': 3767, 'rank': 9, 'fitness': 0.9818178666638737, 'generation': 48}","{'id': 3645, 'rank': 10, 'fitness': 0.981793228682476, 'generation': 48}","{'id': 3766, 'rank': 11, 'fitness': 0.9817436868889289, 'generation': 48}","{'id': 3753, 'rank': 12, 'fitness': 0.9816200917077812, 'generation': 48}","{'id': 3627, 'rank': 13, 'fitness': 0.9812859318628746, 'generation': 48}","{'id': 3691, 'rank': 14, 'fitness': 0.9810898908117586, 'generation': 48}","{'id': 3617, 'rank': 15, 'fitness': 0.9807905370927112, 'generation': 48}","{'id': 3640, 'rank': 16, 'fitness': 0.9806943574930169, 'generation': 48}","{'id': 3764, 'rank': 17, 'fitness': 0.9806813717685929, 'generation': 48}","{'id': 3652, 'rank': 18, 'fitness': 0.9802720318411124, 'generation': 48}","{'id': 3674, 'rank': 19, 'fitness': 0.9800688435236147, 'generation': 48}","{'id': 3765, 'rank': 20, 'fitness': 0.9798749106976727, 'generation': 48}","{'id': 3739, 'rank': 21, 'fitness': 0.979607850266172, 'generation': 48}","{'id': 3747, 'rank': 22, 'fitness': 0.9769052314244137, 'generation': 48}","{'id': 3732, 'rank': 23, 'fitness': 0.9753139174806484, 'generation': 48}","{'id': 3732, 'rank': 24, 'fitness': 0.9753139174806484, 'generation': 48}","{'id': 3726, 'rank': 25, 'fitness': 0.9623479899007854, 'generation': 48}","{'id': 3741, 'rank': 26, 'fitness': 0.9427901306898248, 'generation': 48}","{'id': 3715, 'rank': 27, 'fitness': 0.9282043213923323, 'generation': 48}","{'id': 3751, 'rank': 28, 'fitness': 0.9121046594017066, 'generation': 48}","{'id': 3751, 'rank': 29, 'fitness': 0.9121046594017066, 'generation': 48}","{'id': 3735, 'rank': 30, 'fitness': 0.01798620996209155, 'generation': 48}"
"{'id': 3853, 'rank': 1, 'fitness': 0.9820137900379085, 'generation': 49}","{'id': 3792, 'rank': 2, 'fitness': 0.9817030790498236, 'generation': 49}","{'id': 3839, 'rank': 3, 'fitness': 0.981383679683324, 'generation': 49}","{'id': 3785, 'rank': 4, 'fitness': 0.9813698233358681, 'generation': 49}","{'id': 3793, 'rank': 5, 'fitness': 0.9809439259923012, 'generation': 49}","{'id': 3766, 'rank': 6, 'fitness': 0.9806978336635486, 'generation': 49}","{'id': 3821, 'rank': 7, 'fitness': 0.9806591514391785, 'generation': 49}","{'id': 3821, 'rank': 8, 'fitness': 0.9806591514391785, 'generation': 49}","{'id': 3841, 'rank': 9, 'fitness': 0.9806154097853159, 'generation': 49}","{'id': 3789, 'rank': 10, 'fitness': 0.9801794254596761, 'generation': 49}","{'id': 3753, 'rank': 11, 'fitness': 0.9801718848846155, 'generation': 49}","{'id': 3807, 'rank': 12, 'fitness': 0.9798909822878418, 'generation': 49}","{'id': 3848, 'rank': 13, 'fitness': 0.9793563045901001, 'generation': 49}","{'id': 3800, 'rank': 14, 'fitness': 0.9792617948215578, 'generation': 49}","{'id': 3795, 'rank': 15, 'fitness': 0.9786723249168334, 'generation': 49}","{'id': 3691, 'rank': 16, 'fitness': 0.9777957451683977, 'generation': 49}","{'id': 3824, 'rank': 17, 'fitness': 0.9774794633134001, 'generation': 49}","{'id': 3847, 'rank': 18, 'fitness': 0.9763864093209238, 'generation': 49}","{'id': 3831, 'rank': 19, 'fitness': 0.9761872588798159, 'generation': 49}","{'id': 3828, 'rank': 20, 'fitness': 0.9759921663170159, 'generation': 49}","{'id': 3652, 'rank': 21, 'fitness': 0.9737316951635132, 'generation': 49}","{'id': 3652, 'rank': 22, 'fitness': 0.9737316951635132, 'generation': 49}","{'id': 3842, 'rank': 23, 'fitness': 0.973627186112547, 'generation': 49}","{'id': 3797, 'rank': 24, 'fitness': 0.9731632798028781, 'generation': 49}","{'id': 3790, 'rank': 25, 'fitness': 0.9730893915400181, 'generation': 49}","{'id': 3830, 'rank': 26, 'fitness': 0.9724251078312327, 'generation': 49}","{'id': 3855, 'rank': 27, 'fitness': 0.9638849401887923, 'generation': 49}","{'id': 3855, 'rank': 28, 'fitness': 0.9638849401887923, 'generation': 49}","{'id': 3851, 'rank': 29, 'fitness': 0.144441695558643, 'generation': 49}","{'id': 3805, 'rank': 30, 'fitness': 0.01798620996209155, 'generation': 49}"
"{'id': 3904, 'rank': 1, 'fitness': 0.9820137900379085, 'generation': 50}","{'id': 3904, 'rank': 2, 'fitness': 0.9820137900379085, 'generation': 50}","{'id': 3885, 'rank': 3, 'fitness': 0.9788841353413007, 'generation': 50}","{'id': 3927, 'rank': 4, 'fitness': 0.9739090122461516, 'generation': 50}","{'id': 3896, 'rank': 5, 'fitness': 0.9733241781001165, 'generation': 50}","{'id': 3789, 'rank': 6, 'fitness': 0.9703858523613857, 'generation': 50}","{'id': 3899, 'rank': 7, 'fitness': 0.9666066448062669, 'generation': 50}","{'id': 3898, 'rank': 8, 'fitness': 0.9658481238817844, 'generation': 50}","{'id': 3912, 'rank': 9, 'fitness': 0.9623045773536285, 'generation': 50}","{'id': 3889, 'rank': 10, 'fitness': 0.9606979621517753, 'generation': 50}","{'id': 3866, 'rank': 11, 'fitness': 0.9596633823641072, 'generation': 50}","{'id': 3871, 'rank': 12, 'fitness': 0.9591421151393118, 'generation': 50}","{'id': 3914, 'rank': 13, 'fitness': 0.9554687761545686, 'generation': 50}","{'id': 3795, 'rank': 14, 'fitness': 0.9509075379277664, 'generation': 50}","{'id': 3795, 'rank': 15, 'fitness': 0.9509075379277664, 'generation': 50}","{'id': 3691, 'rank': 16, 'fitness': 0.9354995984986726, 'generation': 50}","{'id': 3691, 'rank': 17, 'fitness': 0.9354995984986726, 'generation': 50}","{'id': 3824, 'rank': 18, 'fitness': 0.9290876851573451, 'generation': 50}","{'id': 3883, 'rank': 19, 'fitness': 0.9138700812536626, 'generation': 50}","{'id': 3831, 'rank': 20, 'fitness': 0.8976560678751819, 'generation': 50}","{'id': 3890, 'rank': 21, 'fitness': 0.8881486746865102, 'generation': 50}","{'id': 3891, 'rank': 22, 'fitness': 0.851612863663834, 'generation': 50}","{'id': 3923, 'rank': 23, 'fitness': 0.8507526949473573, 'generation': 50}","{'id': 3652, 'rank': 24, 'fitness': 0.8121710892654012, 'generation': 50}","{'id': 3882, 'rank': 25, 'fitness': 0.8013611771795955, 'generation': 50}","{'id': 3878, 'rank': 26, 'fitness': 0.7956654913385477, 'generation': 50}","{'id': 3876, 'rank': 27, 'fitness': 0.6974269838171029, 'generation': 50}","{'id': 3865, 'rank': 28, 'fitness': 0.6678859169940057, 'generation': 50}","{'id': 3894, 'rank': 29, 'fitness': 0.37409234819848036, 'generation': 50}","{'id': 3908, 'rank': 30, 'fitness': 0.01798620996209155, 'generation': 50}"
"{'id': 3904, 'rank': 1, 'fitness': 0.9820137900379085, 'generation': 51}","{'id': 3983, 'rank': 2, 'fitness': 0.9816839671792039, 'generation': 51}","{'id': 3885, 'rank': 3, 'fitness': 0.9816566256598067, 'generation': 51}","{'id': 3941, 'rank': 4, 'fitness': 0.9815105876922271, 'generation': 51}","{'id': 3971, 'rank': 5, 'fitness': 0.9812606631926672, 'generation': 51}","{'id': 3981, 'rank': 6, 'fitness': 0.9811479446095811, 'generation': 51}","{'id': 3949, 'rank': 7, 'fitness': 0.9807336364866115, 'generation': 51}","{'id': 3898, 'rank': 8, 'fitness': 0.9805350047274436, 'generation': 51}","{'id': 3889, 'rank': 9, 'fitness': 0.9801914314031992, 'generation': 51}","{'id': 3935, 'rank': 10, 'fitness': 0.9792017691790397, 'generation': 51}","{'id': 4006, 'rank': 11, 'fitness': 0.9789166019411983, 'generation': 51}","{'id': 3691, 'rank': 12, 'fitness': 0.9789120697823804, 'generation': 51}","{'id': 4005, 'rank': 13, 'fitness': 0.9761682612954022, 'generation': 51}","{'id': 3939, 'rank': 14, 'fitness': 0.9757086667591568, 'generation': 51}","{'id': 3876, 'rank': 15, 'fitness': 0.973727204040744, 'generation': 51}","{'id': 3946, 'rank': 16, 'fitness': 0.9736816832660689, 'generation': 51}","{'id': 3946, 'rank': 17, 'fitness': 0.9736816832660689, 'generation': 51}","{'id': 3865, 'rank': 18, 'fitness': 0.9732965658642324, 'generation': 51}","{'id': 3940, 'rank': 19, 'fitness': 0.9709576612593281, 'generation': 51}","{'id': 3956, 'rank': 20, 'fitness': 0.9690131018979562, 'generation': 51}","{'id': 4010, 'rank': 21, 'fitness': 0.9686354839177687, 'generation': 51}","{'id': 4010, 'rank': 22, 'fitness': 0.9686354839177687, 'generation': 51}","{'id': 3950, 'rank': 23, 'fitness': 0.9683337572374787, 'generation': 51}","{'id': 3950, 'rank': 24, 'fitness': 0.9683337572374787, 'generation': 51}","{'id': 3936, 'rank': 25, 'fitness': 0.9677063444392535, 'generation': 51}","{'id': 3952, 'rank': 26, 'fitness': 0.8901100071413599, 'generation': 51}","{'id': 3934, 'rank': 27, 'fitness': 0.8766102667545692, 'generation': 51}","{'id': 3944, 'rank': 28, 'fitness': 0.8725551887228643, 'generation': 51}","{'id': 3955, 'rank': 29, 'fitness': 0.5964960855195189, 'generation': 51}","{'id': 3989, 'rank': 30, 'fitness': 0.01798620996209155, 'generation': 51}"
"{'id': 4040, 'rank': 1, 'fitness': 0.9820137900379085, 'generation': 52}","{'id': 3898, 'rank': 2, 'fitness': 0.9808675569831272, 'generation': 52}","{'id': 3898, 'rank': 3, 'fitness': 0.9808675569831272, 'generation': 52}","{'id': 4080, 'rank': 4, 'fitness': 0.9803499519001679, 'generation': 52}","{'id': 4086, 'rank': 5, 'fitness': 0.9797716769692636, 'generation': 52}","{'id': 4074, 'rank': 6, 'fitness': 0.9792141282439846, 'generation': 52}","{'id': 4065, 'rank': 7, 'fitness': 0.977303132493025, 'generation': 52}","{'id': 4056, 'rank': 8, 'fitness': 0.9772885261782075, 'generation': 52}","{'id': 4032, 'rank': 9, 'fitness': 0.9767330100073175, 'generation': 52}","{'id': 4034, 'rank': 10, 'fitness': 0.9764552210829335, 'generation': 52}","{'id': 4034, 'rank': 11, 'fitness': 0.9764552210829335, 'generation': 52}","{'id': 4066, 'rank': 12, 'fitness': 0.9762229896184353, 'generation': 52}","{'id': 3939, 'rank': 13, 'fitness': 0.9761099542667451, 'generation': 52}","{'id': 4043, 'rank': 14, 'fitness': 0.9760216880003074, 'generation': 52}","{'id': 4063, 'rank': 15, 'fitness': 0.975020083018209, 'generation': 52}","{'id': 4063, 'rank': 16, 'fitness': 0.975020083018209, 'generation': 52}","{'id': 4051, 'rank': 17, 'fitness': 0.974775487533032, 'generation': 52}","{'id': 4067, 'rank': 18, 'fitness': 0.9744688872878204, 'generation': 52}","{'id': 3940, 'rank': 19, 'fitness': 0.9714238357088668, 'generation': 52}","{'id': 4044, 'rank': 20, 'fitness': 0.9703358937851526, 'generation': 52}","{'id': 3956, 'rank': 21, 'fitness': 0.9695051268211733, 'generation': 52}","{'id': 3950, 'rank': 22, 'fitness': 0.9688347224034066, 'generation': 52}","{'id': 4042, 'rank': 23, 'fitness': 0.9670245527357492, 'generation': 52}","{'id': 4026, 'rank': 24, 'fitness': 0.9650318803397535, 'generation': 52}","{'id': 4027, 'rank': 25, 'fitness': 0.9558874319782762, 'generation': 52}","{'id': 4018, 'rank': 26, 'fitness': 0.9525719814079544, 'generation': 52}","{'id': 3944, 'rank': 27, 'fitness': 0.8740096164416685, 'generation': 52}","{'id': 4023, 'rank': 28, 'fitness': 0.8203718266802655, 'generation': 52}","{'id': 4069, 'rank': 29, 'fitness': 0.6267204063837855, 'generation': 52}","{'id': 3989, 'rank': 30, 'fitness': 0.01798620996209155, 'generation': 52}"
"{'id': 4170, 'rank': 1, 'fitness': 0.9820137900379085, 'generation': 53}","{'id': 4136, 'rank': 2, 'fitness': 0.9708242130637265, 'generation': 53}","{'id': 4178, 'rank': 3, 'fitness': 0.9650575408822759, 'generation': 53}","{'id': 4127, 'rank': 4, 'fitness': 0.9640933115750985, 'generation': 53}","{'id': 4146, 'rank': 5, 'fitness': 0.9621239730378225, 'generation': 53}","{'id': 4065, 'rank': 6, 'fitness': 0.9607014825697029, 'generation': 53}","{'id': 4056, 'rank': 7, 'fitness': 0.9606216921039514, 'generation': 53}","{'id': 4142, 'rank': 8, 'fitness': 0.9493556564999442, 'generation': 53}","{'id': 4130, 'rank': 9, 'fitness': 0.9452999076727658, 'generation': 53}","{'id': 4051, 'rank': 10, 'fitness': 0.9452929419540411, 'generation': 53}","{'id': 4137, 'rank': 11, 'fitness': 0.9443594831633715, 'generation': 53}","{'id': 4115, 'rank': 12, 'fitness': 0.9432664811218755, 'generation': 53}","{'id': 4067, 'rank': 13, 'fitness': 0.9432000272533592, 'generation': 53}","{'id': 4097, 'rank': 14, 'fitness': 0.9398045978901558, 'generation': 53}","{'id': 4097, 'rank': 15, 'fitness': 0.9398045978901558, 'generation': 53}","{'id': 4172, 'rank': 16, 'fitness': 0.9374129333769856, 'generation': 53}","{'id': 4165, 'rank': 17, 'fitness': 0.9331352499040286, 'generation': 53}","{'id': 4176, 'rank': 18, 'fitness': 0.9215974903260701, 'generation': 53}","{'id': 4173, 'rank': 19, 'fitness': 0.9185529792762109, 'generation': 53}","{'id': 3956, 'rank': 20, 'fitness': 0.9023428226248451, 'generation': 53}","{'id': 4100, 'rank': 21, 'fitness': 0.8987178762125646, 'generation': 53}","{'id': 4149, 'rank': 22, 'fitness': 0.8451264236078482, 'generation': 53}","{'id': 4138, 'rank': 23, 'fitness': 0.8179471361740973, 'generation': 53}","{'id': 4103, 'rank': 24, 'fitness': 0.7684246859917876, 'generation': 53}","{'id': 4148, 'rank': 25, 'fitness': 0.7320181535563886, 'generation': 53}","{'id': 4094, 'rank': 26, 'fitness': 0.6817386236119862, 'generation': 53}","{'id': 4145, 'rank': 27, 'fitness': 0.4740393184243741, 'generation': 53}","{'id': 4105, 'rank': 28, 'fitness': 0.05035831354460418, 'generation': 53}","{'id': 4105, 'rank': 29, 'fitness': 0.05035831354460418, 'generation': 53}","{'id': 4023, 'rank': 30, 'fitness': 0.01798620996209155, 'generation': 53}"
"{'id': 4228, 'rank': 1, 'fitness': 0.9820137900379085, 'generation': 54}","{'id': 4170, 'rank': 2, 'fitness': 0.9815335225753992, 'generation': 54}","{'id': 4234, 'rank': 3, 'fitness': 0.9814641150464364, 'generation': 54}","{'id': 4232, 'rank': 4, 'fitness': 0.9812184901201912, 'generation': 54}","{'id': 4232, 'rank': 5, 'fitness': 0.9812184901201912, 'generation': 54}","{'id': 4240, 'rank': 6, 'fitness': 0.9801191680206971, 'generation': 54}","{'id': 4202, 'rank': 7, 'fitness': 0.9800418316475702, 'generation': 54}","{'id': 4220, 'rank': 8, 'fitness': 0.978759373709422, 'generation': 54}","{'id': 4146, 'rank': 9, 'fitness': 0.9778945099993159, 'generation': 54}","{'id': 4218, 'rank': 10, 'fitness': 0.9776278911295403, 'generation': 54}","{'id': 4252, 'rank': 11, 'fitness': 0.9775683491547054, 'generation': 54}","{'id': 4188, 'rank': 12, 'fitness': 0.9766501073701963, 'generation': 54}","{'id': 4188, 'rank': 13, 'fitness': 0.9766501073701963, 'generation': 54}","{'id': 4192, 'rank': 14, 'fitness': 0.9759362868733257, 'generation': 54}","{'id': 4137, 'rank': 15, 'fitness': 0.9757036227984748, 'generation': 54}","{'id': 4191, 'rank': 16, 'fitness': 0.9755722724449036, 'generation': 54}","{'id': 4191, 'rank': 17, 'fitness': 0.9755722724449036, 'generation': 54}","{'id': 4199, 'rank': 18, 'fitness': 0.9749042275446591, 'generation': 54}","{'id': 4165, 'rank': 19, 'fitness': 0.9745652358908499, 'generation': 54}","{'id': 4187, 'rank': 20, 'fitness': 0.9742395064651647, 'generation': 54}","{'id': 3956, 'rank': 21, 'fitness': 0.9719943290717805, 'generation': 54}","{'id': 4214, 'rank': 22, 'fitness': 0.9713041537141802, 'generation': 54}","{'id': 4203, 'rank': 23, 'fitness': 0.9703509630858989, 'generation': 54}","{'id': 4235, 'rank': 24, 'fitness': 0.9676984480802153, 'generation': 54}","{'id': 4213, 'rank': 25, 'fitness': 0.9654291171320973, 'generation': 54}","{'id': 4248, 'rank': 26, 'fitness': 0.9645543144881815, 'generation': 54}","{'id': 4145, 'rank': 27, 'fitness': 0.9520532214935467, 'generation': 54}","{'id': 4105, 'rank': 28, 'fitness': 0.9096057284283874, 'generation': 54}","{'id': 4023, 'rank': 29, 'fitness': 0.8863283003891074, 'generation': 54}","{'id': 4204, 'rank': 30, 'fitness': 0.01798620996209155, 'generation': 54}"
"{'id': 4278, 'rank': 1, 'fitness': 0.9820137900379085, 'generation': 55}","{'id': 4232, 'rank': 2, 'fitness': 0.9816918104524559, 'generation': 55}","{'id': 4240, 'rank': 3, 'fitness': 0.9806160418550449, 'generation': 55}","{'id': 4293, 'rank': 4, 'fitness': 0.9800879654840754, 'generation': 55}","{'id': 4303, 'rank': 5, 'fitness': 0.9797461208843529, 'generation': 55}","{'id': 4288, 'rank': 6, 'fitness': 0.9795473114098171, 'generation': 55}","{'id': 4337, 'rank': 7, 'fitness': 0.9789449356301536, 'generation': 55}","{'id': 4337, 'rank': 8, 'fitness': 0.9789449356301536, 'generation': 55}","{'id': 4337, 'rank': 9, 'fitness': 0.9789449356301536, 'generation': 55}","{'id': 4330, 'rank': 10, 'fitness': 0.9785661801728955, 'generation': 55}","{'id': 4312, 'rank': 11, 'fitness': 0.9784973436933595, 'generation': 55}","{'id': 4296, 'rank': 12, 'fitness': 0.9767154308066954, 'generation': 55}","{'id': 4199, 'rank': 13, 'fitness': 0.9755095807216629, 'generation': 55}","{'id': 4306, 'rank': 14, 'fitness': 0.975214672395545, 'generation': 55}","{'id': 4329, 'rank': 15, 'fitness': 0.9745897667418745, 'generation': 55}","{'id': 4254, 'rank': 16, 'fitness': 0.9744989508345029, 'generation': 55}","{'id': 4258, 'rank': 17, 'fitness': 0.9744171543114941, 'generation': 55}","{'id': 4338, 'rank': 18, 'fitness': 0.9721986180106705, 'generation': 55}","{'id': 4264, 'rank': 19, 'fitness': 0.9719076743354109, 'generation': 55}","{'id': 4308, 'rank': 20, 'fitness': 0.9714257870008165, 'generation': 55}","{'id': 4273, 'rank': 21, 'fitness': 0.9682687510428432, 'generation': 55}","{'id': 4294, 'rank': 22, 'fitness': 0.9582635969188814, 'generation': 55}","{'id': 4275, 'rank': 23, 'fitness': 0.9444573403413148, 'generation': 55}","{'id': 4105, 'rank': 24, 'fitness': 0.9112871187480358, 'generation': 55}","{'id': 4283, 'rank': 25, 'fitness': 0.8237896053826701, 'generation': 55}","{'id': 4283, 'rank': 26, 'fitness': 0.8237896053826701, 'generation': 55}","{'id': 4283, 'rank': 27, 'fitness': 0.8237896053826701, 'generation': 55}","{'id': 4331, 'rank': 28, 'fitness': 0.5840932171836519, 'generation': 55}","{'id': 4282, 'rank': 29, 'fitness': 0.48075275808838447, 'generation': 55}","{'id': 4204, 'rank': 30, 'fitness': 0.01798620996209155, 'generation': 55}"
"{'id': 4420, 'rank': 1, 'fitness': 0.9820137900379085, 'generation': 56}","{'id': 4358, 'rank': 2, 'fitness': 0.9810908723925972, 'generation': 56}","{'id': 4345, 'rank': 3, 'fitness': 0.980624465631935, 'generation': 56}","{'id': 4403, 'rank': 4, 'fitness': 0.9805679675246424, 'generation': 56}","{'id': 4368, 'rank': 5, 'fitness': 0.9804339843903827, 'generation': 56}","{'id': 4368, 'rank': 6, 'fitness': 0.9804339843903827, 'generation': 56}","{'id': 4392, 'rank': 7, 'fitness': 0.9804058669180322, 'generation': 56}","{'id': 4359, 'rank': 8, 'fitness': 0.980066537427134, 'generation': 56}","{'id': 4404, 'rank': 9, 'fitness': 0.9796773678960224, 'generation': 56}","{'id': 4344, 'rank': 10, 'fitness': 0.9792885627014281, 'generation': 56}","{'id': 4365, 'rank': 11, 'fitness': 0.9791163114049108, 'generation': 56}","{'id': 4397, 'rank': 12, 'fitness': 0.9788279184227677, 'generation': 56}","{'id': 4400, 'rank': 13, 'fitness': 0.9787381632399916, 'generation': 56}","{'id': 4296, 'rank': 14, 'fitness': 0.978326550133741, 'generation': 56}","{'id': 4433, 'rank': 15, 'fitness': 0.9782216839054431, 'generation': 56}","{'id': 4381, 'rank': 16, 'fitness': 0.9759501948356939, 'generation': 56}","{'id': 4427, 'rank': 17, 'fitness': 0.9757819655374288, 'generation': 56}","{'id': 4338, 'rank': 18, 'fitness': 0.9756632809437599, 'generation': 56}","{'id': 4384, 'rank': 19, 'fitness': 0.9753694909570618, 'generation': 56}","{'id': 4429, 'rank': 20, 'fitness': 0.9658627696831834, 'generation': 56}","{'id': 4349, 'rank': 21, 'fitness': 0.9649594342780067, 'generation': 56}","{'id': 4349, 'rank': 22, 'fitness': 0.9649594342780067, 'generation': 56}","{'id': 4349, 'rank': 23, 'fitness': 0.9649594342780067, 'generation': 56}","{'id': 4382, 'rank': 24, 'fitness': 0.9489562151546709, 'generation': 56}","{'id': 4351, 'rank': 25, 'fitness': 0.929775440008398, 'generation': 56}","{'id': 4283, 'rank': 26, 'fitness': 0.915218647695816, 'generation': 56}","{'id': 4331, 'rank': 27, 'fitness': 0.8313084981820272, 'generation': 56}","{'id': 4282, 'rank': 28, 'fitness': 0.7897261469823932, 'generation': 56}","{'id': 4409, 'rank': 29, 'fitness': 0.6969898975376856, 'generation': 56}","{'id': 4374, 'rank': 30, 'fitness': 0.01798620996209155, 'generation': 56}"
"{'id': 4438, 'rank': 1, 'fitness': 0.9820137900379085, 'generation': 57}","{'id': 4438, 'rank': 2, 'fitness': 0.9820137900379085, 'generation': 57}","{'id': 4437, 'rank': 3, 'fitness': 0.98091080633197, 'generation': 57}","{'id': 4516, 'rank': 4, 'fitness': 0.9793845918714906, 'generation': 57}","{'id': 4522, 'rank': 5, 'fitness': 0.9756413605339481, 'generation': 57}","{'id': 4397, 'rank': 6, 'fitness': 0.9669084159934231, 'generation': 57}","{'id': 4472, 'rank': 7, 'fitness': 0.9668201073846938, 'generation': 57}","{'id': 4478, 'rank': 8, 'fitness': 0.9663587956800439, 'generation': 57}","{'id': 4470, 'rank': 9, 'fitness': 0.9661404614165947, 'generation': 57}","{'id': 4452, 'rank': 10, 'fitness': 0.9655141264142756, 'generation': 57}","{'id': 4453, 'rank': 11, 'fitness': 0.9648478090640482, 'generation': 57}","{'id': 4453, 'rank': 12, 'fitness': 0.9648478090640482, 'generation': 57}","{'id': 4455, 'rank': 13, 'fitness': 0.9630723921380175, 'generation': 57}","{'id': 4455, 'rank': 14, 'fitness': 0.9630723921380175, 'generation': 57}","{'id': 4455, 'rank': 15, 'fitness': 0.9630723921380175, 'generation': 57}","{'id': 4469, 'rank': 16, 'fitness': 0.9623642506321641, 'generation': 57}","{'id': 4456, 'rank': 17, 'fitness': 0.9477011218039799, 'generation': 57}","{'id': 4456, 'rank': 18, 'fitness': 0.9477011218039799, 'generation': 57}","{'id': 4338, 'rank': 19, 'fitness': 0.9457387298065937, 'generation': 57}","{'id': 4450, 'rank': 20, 'fitness': 0.9365814215824887, 'generation': 57}","{'id': 4439, 'rank': 21, 'fitness': 0.9192834225993138, 'generation': 57}","{'id': 4484, 'rank': 22, 'fitness': 0.8576063863381278, 'generation': 57}","{'id': 4445, 'rank': 23, 'fitness': 0.8512719833084341, 'generation': 57}","{'id': 4486, 'rank': 24, 'fitness': 0.815662630650045, 'generation': 57}","{'id': 4488, 'rank': 25, 'fitness': 0.7765460526900265, 'generation': 57}","{'id': 4489, 'rank': 26, 'fitness': 0.7402750249930025, 'generation': 57}","{'id': 4462, 'rank': 27, 'fitness': 0.6745494962137045, 'generation': 57}","{'id': 4482, 'rank': 28, 'fitness': 0.5979415311311332, 'generation': 57}","{'id': 4382, 'rank': 29, 'fitness': 0.5181784677148222, 'generation': 57}","{'id': 4504, 'rank': 30, 'fitness': 0.01798620996209155, 'generation': 57}"
"{'id': 4438, 'rank': 1, 'fitness': 0.9820137900379085, 'generation': 58}","{'id': 4575, 'rank': 2, 'fitness': 0.9819258066036244, 'generation': 58}","{'id': 4575, 'rank': 3, 'fitness': 0.9819258066036244, 'generation': 58}","{'id': 4560, 'rank': 4, 'fitness': 0.9812852736368025, 'generation': 58}","{'id': 4573, 'rank': 5, 'fitness': 0.9804601845180643, 'generation': 58}","{'id': 4528, 'rank': 6, 'fitness': 0.9803542167475728, 'generation': 58}","{'id': 4528, 'rank': 7, 'fitness': 0.9803542167475728, 'generation': 58}","{'id': 4571, 'rank': 8, 'fitness': 0.9793013711749475, 'generation': 58}","{'id': 4557, 'rank': 9, 'fitness': 0.9788878214253358, 'generation': 58}","{'id': 4478, 'rank': 10, 'fitness': 0.978749785913849, 'generation': 58}","{'id': 4453, 'rank': 11, 'fitness': 0.9784976963519186, 'generation': 58}","{'id': 4453, 'rank': 12, 'fitness': 0.9784976963519186, 'generation': 58}","{'id': 4453, 'rank': 13, 'fitness': 0.9784976963519186, 'generation': 58}","{'id': 4601, 'rank': 14, 'fitness': 0.9784573772002062, 'generation': 58}","{'id': 4556, 'rank': 15, 'fitness': 0.9783971142518663, 'generation': 58}","{'id': 4605, 'rank': 16, 'fitness': 0.9783558880723835, 'generation': 58}","{'id': 4569, 'rank': 17, 'fitness': 0.9701263187217548, 'generation': 58}","{'id': 4569, 'rank': 18, 'fitness': 0.9701263187217548, 'generation': 58}","{'id': 4582, 'rank': 19, 'fitness': 0.9697216866497369, 'generation': 58}","{'id': 4580, 'rank': 20, 'fitness': 0.9670007633432424, 'generation': 58}","{'id': 4578, 'rank': 21, 'fitness': 0.9640390856422021, 'generation': 58}","{'id': 4578, 'rank': 22, 'fitness': 0.9640390856422021, 'generation': 58}","{'id': 4462, 'rank': 23, 'fitness': 0.9582589221263991, 'generation': 58}","{'id': 4550, 'rank': 24, 'fitness': 0.9508974079880408, 'generation': 58}","{'id': 4547, 'rank': 25, 'fitness': 0.8955517748886076, 'generation': 58}","{'id': 4547, 'rank': 26, 'fitness': 0.8955517748886076, 'generation': 58}","{'id': 4547, 'rank': 27, 'fitness': 0.8955517748886076, 'generation': 58}","{'id': 4570, 'rank': 28, 'fitness': 0.880860056220083, 'generation': 58}","{'id': 4564, 'rank': 29, 'fitness': 0.12334640180983097, 'generation': 58}","{'id': 4566, 'rank': 30, 'fitness': 0.01798620996209155, 'generation': 58}"
"{'id': 4438, 'rank': 1, 'fitness': 0.9820137900379085, 'generation': 59}","{'id': 4575, 'rank': 2, 'fitness': 0.9816592065220824, 'generation': 59}","{'id': 4625, 'rank': 3, 'fitness': 0.9812902211868271, 'generation': 59}","{'id': 4625, 'rank': 4, 'fitness': 0.9812902211868271, 'generation': 59}","{'id': 4617, 'rank': 5, 'fitness': 0.9809166914502296, 'generation': 59}","{'id': 4658, 'rank': 6, 'fitness': 0.9794974820921201, 'generation': 59}","{'id': 4671, 'rank': 7, 'fitness': 0.9751792103768113, 'generation': 59}","{'id': 4670, 'rank': 8, 'fitness': 0.9745855628531904, 'generation': 59}","{'id': 4528, 'rank': 9, 'fitness': 0.9744216282685872, 'generation': 59}","{'id': 4659, 'rank': 10, 'fitness': 0.9710530958527184, 'generation': 59}","{'id': 4606, 'rank': 11, 'fitness': 0.969705632375367, 'generation': 59}","{'id': 4557, 'rank': 12, 'fitness': 0.965975966320699, 'generation': 59}","{'id': 4619, 'rank': 13, 'fitness': 0.9641031000898477, 'generation': 59}","{'id': 4634, 'rank': 14, 'fitness': 0.9639359646573762, 'generation': 59}","{'id': 4453, 'rank': 15, 'fitness': 0.9634279988181886, 'generation': 59}","{'id': 4609, 'rank': 16, 'fitness': 0.9632122759117199, 'generation': 59}","{'id': 4646, 'rank': 17, 'fitness': 0.9627236973458938, 'generation': 59}","{'id': 4638, 'rank': 18, 'fitness': 0.9588289903227505, 'generation': 59}","{'id': 4654, 'rank': 19, 'fitness': 0.9580957133773191, 'generation': 59}","{'id': 4628, 'rank': 20, 'fitness': 0.9158094754278014, 'generation': 59}","{'id': 4623, 'rank': 21, 'fitness': 0.9091575645643895, 'generation': 59}","{'id': 4665, 'rank': 22, 'fitness': 0.7195849007623938, 'generation': 59}","{'id': 4649, 'rank': 23, 'fitness': 0.686046374829842, 'generation': 59}","{'id': 4678, 'rank': 24, 'fitness': 0.5295694481846721, 'generation': 59}","{'id': 4636, 'rank': 25, 'fitness': 0.24173198533496476, 'generation': 59}","{'id': 4637, 'rank': 26, 'fitness': 0.09163677520070651, 'generation': 59}","{'id': 4547, 'rank': 27, 'fitness': 0.03207033768204848, 'generation': 59}","{'id': 4664, 'rank': 28, 'fitness': 0.027634555915665493, 'generation': 59}","{'id': 4610, 'rank': 29, 'fitness': 0.01808113863044175, 'generation': 59}","{'id': 4570, 'rank': 30, 'fitness': 0.01798620996209155, 'generation': 59}"
"{'id': 4744, 'rank': 1, 'fitness': 0.9820137900379085, 'generation': 60}","{'id': 4741, 'rank': 2, 'fitness': 0.9819423003646199, 'generation': 60}","{'id': 4752, 'rank': 3, 'fitness': 0.9819260806261967, 'generation': 60}","{'id': 4745, 'rank': 4, 'fitness': 0.9817607760546917, 'generation': 60}","{'id': 4742, 'rank': 5, 'fitness': 0.9816217375928685, 'generation': 60}","{'id': 4743, 'rank': 6, 'fitness': 0.9815974058973742, 'generation': 60}","{'id': 4625, 'rank': 7, 'fitness': 0.981583343886864, 'generation': 60}","{'id': 4705, 'rank': 8, 'fitness': 0.9815745200377846, 'generation': 60}","{'id': 4717, 'rank': 9, 'fitness': 0.9811004530493427, 'generation': 60}","{'id': 4733, 'rank': 10, 'fitness': 0.9796391613266635, 'generation': 60}","{'id': 4704, 'rank': 11, 'fitness': 0.9792195176312852, 'generation': 60}","{'id': 4732, 'rank': 12, 'fitness': 0.9783185159067564, 'generation': 60}","{'id': 4528, 'rank': 13, 'fitness': 0.9781039533265206, 'generation': 60}","{'id': 4709, 'rank': 14, 'fitness': 0.9770227083587928, 'generation': 60}","{'id': 4709, 'rank': 15, 'fitness': 0.9770227083587928, 'generation': 60}","{'id': 4716, 'rank': 16, 'fitness': 0.9765507062425685, 'generation': 60}","{'id': 4754, 'rank': 17, 'fitness': 0.9761819838694403, 'generation': 60}","{'id': 4719, 'rank': 18, 'fitness': 0.9758848226212948, 'generation': 60}","{'id': 4684, 'rank': 19, 'fitness': 0.9740485751181807, 'generation': 60}","{'id': 4609, 'rank': 20, 'fitness': 0.973199898725684, 'generation': 60}","{'id': 4749, 'rank': 21, 'fitness': 0.9726449358674296, 'generation': 60}","{'id': 4711, 'rank': 22, 'fitness': 0.9722657778623065, 'generation': 60}","{'id': 4720, 'rank': 23, 'fitness': 0.9706760471233293, 'generation': 60}","{'id': 4727, 'rank': 24, 'fitness': 0.9689535876966566, 'generation': 60}","{'id': 4730, 'rank': 25, 'fitness': 0.9685314952481723, 'generation': 60}","{'id': 4665, 'rank': 26, 'fitness': 0.9096382760231143, 'generation': 60}","{'id': 4695, 'rank': 27, 'fitness': 0.8910171078201798, 'generation': 60}","{'id': 4637, 'rank': 28, 'fitness': 0.6275423095706016, 'generation': 60}","{'id': 4664, 'rank': 29, 'fitness': 0.4556011115155115, 'generation': 60}","{'id': 4734, 'rank': 30, 'fitness': 0.01798620996209155, 'generation': 60}"
"{'id': 4744, 'rank': 1, 'fitness': 0.9820137900379085, 'generation': 61}","{'id': 4838, 'rank': 2, 'fitness': 0.9819661345079025, 'generation': 61}","{'id': 4809, 'rank': 3, 'fitness': 0.9819236100379862, 'generation': 61}","{'id': 4822, 'rank': 4, 'fitness': 0.981857642136285, 'generation': 61}","{'id': 4822, 'rank': 5, 'fitness': 0.981857642136285, 'generation': 61}","{'id': 4805, 'rank': 6, 'fitness': 0.9818169667545951, 'generation': 61}","{'id': 4625, 'rank': 7, 'fitness': 0.9817749224384122, 'generation': 61}","{'id': 4821, 'rank': 8, 'fitness': 0.9817606604123286, 'generation': 61}","{'id': 4717, 'rank': 9, 'fitness': 0.9815098152786419, 'generation': 61}","{'id': 4799, 'rank': 10, 'fitness': 0.9814191136483018, 'generation': 61}","{'id': 4787, 'rank': 11, 'fitness': 0.9806334761861143, 'generation': 61}","{'id': 4816, 'rank': 12, 'fitness': 0.9800646180239391, 'generation': 61}","{'id': 4817, 'rank': 13, 'fitness': 0.979964910224411, 'generation': 61}","{'id': 4779, 'rank': 14, 'fitness': 0.9795673008570758, 'generation': 61}","{'id': 4754, 'rank': 15, 'fitness': 0.9789592379644549, 'generation': 61}","{'id': 4789, 'rank': 16, 'fitness': 0.9787743755844567, 'generation': 61}","{'id': 4813, 'rank': 17, 'fitness': 0.9785838892267595, 'generation': 61}","{'id': 4763, 'rank': 18, 'fitness': 0.9785580399190728, 'generation': 61}","{'id': 4804, 'rank': 19, 'fitness': 0.978426680810375, 'generation': 61}","{'id': 4804, 'rank': 20, 'fitness': 0.978426680810375, 'generation': 61}","{'id': 4830, 'rank': 21, 'fitness': 0.977426174977434, 'generation': 61}","{'id': 4810, 'rank': 22, 'fitness': 0.9770977377202597, 'generation': 61}","{'id': 4720, 'rank': 23, 'fitness': 0.9763595841044321, 'generation': 61}","{'id': 4720, 'rank': 24, 'fitness': 0.9763595841044321, 'generation': 61}","{'id': 4825, 'rank': 25, 'fitness': 0.9762368068362302, 'generation': 61}","{'id': 4826, 'rank': 26, 'fitness': 0.9748229006002946, 'generation': 61}","{'id': 4833, 'rank': 27, 'fitness': 0.9744571845034253, 'generation': 61}","{'id': 4767, 'rank': 28, 'fitness': 0.947247766879181, 'generation': 61}","{'id': 4814, 'rank': 29, 'fitness': 0.7550117409642056, 'generation': 61}","{'id': 4835, 'rank': 30, 'fitness': 0.01798620996209155, 'generation': 61}"
"{'id': 4932, 'rank': 1, 'fitness': 0.9820137900379085, 'generation': 62}","{'id': 4909, 'rank': 2, 'fitness': 0.9819172398365437, 'generation': 62}","{'id': 4905, 'rank': 3, 'fitness': 0.9810244234541069, 'generation': 62}","{'id': 4809, 'rank': 4, 'fitness': 0.9808721763036179, 'generation': 62}","{'id': 4874, 'rank': 5, 'fitness': 0.9801678295581657, 'generation': 62}","{'id': 4856, 'rank': 6, 'fitness': 0.9785450592354172, 'generation': 62}","{'id': 4805, 'rank': 7, 'fitness': 0.9780893743740777, 'generation': 62}","{'id': 4857, 'rank': 8, 'fitness': 0.9762821745619082, 'generation': 62}","{'id': 4914, 'rank': 9, 'fitness': 0.9755422251346796, 'generation': 62}","{'id': 4931, 'rank': 10, 'fitness': 0.9741945022546132, 'generation': 62}","{'id': 4849, 'rank': 11, 'fitness': 0.9682856053583067, 'generation': 62}","{'id': 4853, 'rank': 12, 'fitness': 0.9554528113057967, 'generation': 62}","{'id': 4916, 'rank': 13, 'fitness': 0.8392612147870859, 'generation': 62}","{'id': 4816, 'rank': 14, 'fitness': 0.8358429185953303, 'generation': 62}","{'id': 4876, 'rank': 15, 'fitness': 0.8165024648764352, 'generation': 62}","{'id': 4917, 'rank': 16, 'fitness': 0.5668487460103806, 'generation': 62}","{'id': 4763, 'rank': 17, 'fitness': 0.4764393225853786, 'generation': 62}","{'id': 4927, 'rank': 18, 'fitness': 0.46328288134737317, 'generation': 62}","{'id': 4933, 'rank': 19, 'fitness': 0.3726864286746452, 'generation': 62}","{'id': 4933, 'rank': 20, 'fitness': 0.3726864286746452, 'generation': 62}","{'id': 4901, 'rank': 21, 'fitness': 0.32832592221499596, 'generation': 62}","{'id': 4882, 'rank': 22, 'fitness': 0.22613354575371258, 'generation': 62}","{'id': 4847, 'rank': 23, 'fitness': 0.16984772217183103, 'generation': 62}","{'id': 4866, 'rank': 24, 'fitness': 0.13708672025303914, 'generation': 62}","{'id': 4867, 'rank': 25, 'fitness': 0.13387215817058307, 'generation': 62}","{'id': 4843, 'rank': 26, 'fitness': 0.13109720806515585, 'generation': 62}","{'id': 4720, 'rank': 27, 'fitness': 0.08274085276192722, 'generation': 62}","{'id': 4720, 'rank': 28, 'fitness': 0.08274085276192722, 'generation': 62}","{'id': 4864, 'rank': 29, 'fitness': 0.01845299569045622, 'generation': 62}","{'id': 4889, 'rank': 30, 'fitness': 0.01798620996209155, 'generation': 62}"
"{'id': 4948, 'rank': 1, 'fitness': 0.9820137900379085, 'generation': 63}","{'id': 4857, 'rank': 2, 'fitness': 0.981867467424482, 'generation': 63}","{'id': 4962, 'rank': 3, 'fitness': 0.9818482920958389, 'generation': 63}","{'id': 4984, 'rank': 4, 'fitness': 0.9818434347362059, 'generation': 63}","{'id': 4956, 'rank': 5, 'fitness': 0.9818429731669351, 'generation': 63}","{'id': 4931, 'rank': 6, 'fitness': 0.9818227698957012, 'generation': 63}","{'id': 4931, 'rank': 7, 'fitness': 0.9818227698957012, 'generation': 63}","{'id': 4943, 'rank': 8, 'fitness': 0.9817629598118953, 'generation': 63}","{'id': 4969, 'rank': 9, 'fitness': 0.981696060432614, 'generation': 63}","{'id': 4955, 'rank': 10, 'fitness': 0.9816601081953162, 'generation': 63}","{'id': 4937, 'rank': 11, 'fitness': 0.9814901069946489, 'generation': 63}","{'id': 4937, 'rank': 12, 'fitness': 0.9814901069946489, 'generation': 63}","{'id': 4967, 'rank': 13, 'fitness': 0.9813468848572773, 'generation': 63}","{'id': 4967, 'rank': 14, 'fitness': 0.9813468848572773, 'generation': 63}","{'id': 4989, 'rank': 15, 'fitness': 0.9809834226642721, 'generation': 63}","{'id': 4816, 'rank': 16, 'fitness': 0.9807567764261058, 'generation': 63}","{'id': 4933, 'rank': 17, 'fitness': 0.9795455635271986, 'generation': 63}","{'id': 4933, 'rank': 18, 'fitness': 0.9795455635271986, 'generation': 63}","{'id': 4882, 'rank': 19, 'fitness': 0.9791293481853465, 'generation': 63}","{'id': 4720, 'rank': 20, 'fitness': 0.9784215765317179, 'generation': 63}","{'id': 4980, 'rank': 21, 'fitness': 0.9766600594431465, 'generation': 63}","{'id': 4986, 'rank': 22, 'fitness': 0.9505235609583431, 'generation': 63}","{'id': 4992, 'rank': 23, 'fitness': 0.9407908948969207, 'generation': 63}","{'id': 4992, 'rank': 24, 'fitness': 0.9407908948969207, 'generation': 63}","{'id': 4978, 'rank': 25, 'fitness': 0.9200448171787935, 'generation': 63}","{'id': 4963, 'rank': 26, 'fitness': 0.8975648311068816, 'generation': 63}","{'id': 4985, 'rank': 27, 'fitness': 0.8827397151352536, 'generation': 63}","{'id': 4950, 'rank': 28, 'fitness': 0.5688121929279905, 'generation': 63}","{'id': 4999, 'rank': 29, 'fitness': 0.044073363838855906, 'generation': 63}","{'id': 4972, 'rank': 30, 'fitness': 0.01798620996209155, 'generation': 63}"
"{'id': 5045, 'rank': 1, 'fitness': 0.9820137900379085, 'generation': 64}","{'id': 5032, 'rank': 2, 'fitness': 0.9817877860650162, 'generation': 64}","{'id': 4931, 'rank': 3, 'fitness': 0.9817602282358409, 'generation': 64}","{'id': 4931, 'rank': 4, 'fitness': 0.9817602282358409, 'generation': 64}","{'id': 4931, 'rank': 5, 'fitness': 0.9817602282358409, 'generation': 64}","{'id': 5034, 'rank': 6, 'fitness': 0.9816158992261269, 'generation': 64}","{'id': 5058, 'rank': 7, 'fitness': 0.9815750844038258, 'generation': 64}","{'id': 5027, 'rank': 8, 'fitness': 0.9815253560741174, 'generation': 64}","{'id': 5022, 'rank': 9, 'fitness': 0.9806119553588484, 'generation': 64}","{'id': 5029, 'rank': 10, 'fitness': 0.9801814671788557, 'generation': 64}","{'id': 5026, 'rank': 11, 'fitness': 0.9800965215149917, 'generation': 64}","{'id': 5051, 'rank': 12, 'fitness': 0.9794000800211855, 'generation': 64}","{'id': 4720, 'rank': 13, 'fitness': 0.9778598160095182, 'generation': 64}","{'id': 5049, 'rank': 14, 'fitness': 0.9777339393264923, 'generation': 64}","{'id': 5030, 'rank': 15, 'fitness': 0.9774006179846728, 'generation': 64}","{'id': 5038, 'rank': 16, 'fitness': 0.9768237720278503, 'generation': 64}","{'id': 4980, 'rank': 17, 'fitness': 0.9758081434825167, 'generation': 64}","{'id': 5037, 'rank': 18, 'fitness': 0.9750957962861266, 'generation': 64}","{'id': 5037, 'rank': 19, 'fitness': 0.9750957962861266, 'generation': 64}","{'id': 5043, 'rank': 20, 'fitness': 0.9744739898760932, 'generation': 64}","{'id': 5042, 'rank': 21, 'fitness': 0.9744079241357007, 'generation': 64}","{'id': 5014, 'rank': 22, 'fitness': 0.9435167356274585, 'generation': 64}","{'id': 5014, 'rank': 23, 'fitness': 0.9435167356274585, 'generation': 64}","{'id': 5014, 'rank': 24, 'fitness': 0.9435167356274585, 'generation': 64}","{'id': 5011, 'rank': 25, 'fitness': 0.9421381617981176, 'generation': 64}","{'id': 5076, 'rank': 26, 'fitness': 0.9025230828026287, 'generation': 64}","{'id': 5025, 'rank': 27, 'fitness': 0.8360129414462205, 'generation': 64}","{'id': 5077, 'rank': 28, 'fitness': 0.6947858104505152, 'generation': 64}","{'id': 4950, 'rank': 29, 'fitness': 0.44777774320733515, 'generation': 64}","{'id': 4999, 'rank': 30, 'fitness': 0.01798620996209155, 'generation': 64}"
"{'id': 5081, 'rank': 1, 'fitness': 0.9820137900379085, 'generation': 65}","{'id': 5173, 'rank': 2, 'fitness': 0.9814725748231052, 'generation': 65}","{'id': 5103, 'rank': 3, 'fitness': 0.9811911524187751, 'generation': 65}","{'id': 5080, 'rank': 4, 'fitness': 0.9810950851364111, 'generation': 65}","{'id': 5034, 'rank': 5, 'fitness': 0.9806440917054379, 'generation': 65}","{'id': 5079, 'rank': 6, 'fitness': 0.9800519030126742, 'generation': 65}","{'id': 5083, 'rank': 7, 'fitness': 0.978835318581638, 'generation': 65}","{'id': 5087, 'rank': 8, 'fitness': 0.9782495736447663, 'generation': 65}","{'id': 5026, 'rank': 9, 'fitness': 0.9747180127116344, 'generation': 65}","{'id': 5142, 'rank': 10, 'fitness': 0.972579031753359, 'generation': 65}","{'id': 5169, 'rank': 11, 'fitness': 0.9717391383074341, 'generation': 65}","{'id': 5169, 'rank': 12, 'fitness': 0.9717391383074341, 'generation': 65}","{'id': 5163, 'rank': 13, 'fitness': 0.967124874656599, 'generation': 65}","{'id': 5165, 'rank': 14, 'fitness': 0.9648753892230766, 'generation': 65}","{'id': 5030, 'rank': 15, 'fitness': 0.9613637047123953, 'generation': 65}","{'id': 5030, 'rank': 16, 'fitness': 0.9613637047123953, 'generation': 65}","{'id': 5100, 'rank': 17, 'fitness': 0.9551824430358956, 'generation': 65}","{'id': 5128, 'rank': 18, 'fitness': 0.9536388727587044, 'generation': 65}","{'id': 4980, 'rank': 19, 'fitness': 0.9516120436404893, 'generation': 65}","{'id': 5125, 'rank': 20, 'fitness': 0.9421133230151835, 'generation': 65}","{'id': 5149, 'rank': 21, 'fitness': 0.9377259071512781, 'generation': 65}","{'id': 5123, 'rank': 22, 'fitness': 0.9235612440391774, 'generation': 65}","{'id': 5122, 'rank': 23, 'fitness': 0.9178351523519716, 'generation': 65}","{'id': 5120, 'rank': 24, 'fitness': 0.8063506965691409, 'generation': 65}","{'id': 5014, 'rank': 25, 'fitness': 0.5010980129964133, 'generation': 65}","{'id': 5108, 'rank': 26, 'fitness': 0.4529659715199131, 'generation': 65}","{'id': 5108, 'rank': 27, 'fitness': 0.4529659715199131, 'generation': 65}","{'id': 5132, 'rank': 28, 'fitness': 0.07061743514783353, 'generation': 65}","{'id': 5146, 'rank': 29, 'fitness': 0.03140803934170949, 'generation': 65}","{'id': 5025, 'rank': 30, 'fitness': 0.01798620996209155, 'generation': 65}"
"{'id': 5173, 'rank': 1, 'fitness': 0.9820137900379085, 'generation': 66}","{'id': 5103, 'rank': 2, 'fitness': 0.9819563371029895, 'generation': 66}","{'id': 5080, 'rank': 3, 'fitness': 0.9819368769631589, 'generation': 66}","{'id': 5242, 'rank': 4, 'fitness': 0.9817740671467657, 'generation': 66}","{'id': 5242, 'rank': 5, 'fitness': 0.9817740671467657, 'generation': 66}","{'id': 5246, 'rank': 6, 'fitness': 0.9817725669290764, 'generation': 66}","{'id': 5254, 'rank': 7, 'fitness': 0.9817590508595, 'generation': 66}","{'id': 5079, 'rank': 8, 'fitness': 0.981730331903193, 'generation': 66}","{'id': 5239, 'rank': 9, 'fitness': 0.9813251699388665, 'generation': 66}","{'id': 5213, 'rank': 10, 'fitness': 0.9812884410919148, 'generation': 66}","{'id': 5225, 'rank': 11, 'fitness': 0.9805186543695266, 'generation': 66}","{'id': 5248, 'rank': 12, 'fitness': 0.9800732340168734, 'generation': 66}","{'id': 5208, 'rank': 13, 'fitness': 0.9798673044677528, 'generation': 66}","{'id': 5224, 'rank': 14, 'fitness': 0.979750156903699, 'generation': 66}","{'id': 5224, 'rank': 15, 'fitness': 0.979750156903699, 'generation': 66}","{'id': 5251, 'rank': 16, 'fitness': 0.9795857541517405, 'generation': 66}","{'id': 5187, 'rank': 17, 'fitness': 0.9788033718285832, 'generation': 66}","{'id': 5191, 'rank': 18, 'fitness': 0.9787713400935742, 'generation': 66}","{'id': 4980, 'rank': 19, 'fitness': 0.9779148030810147, 'generation': 66}","{'id': 4980, 'rank': 20, 'fitness': 0.9779148030810147, 'generation': 66}","{'id': 5226, 'rank': 21, 'fitness': 0.9772105612981898, 'generation': 66}","{'id': 5192, 'rank': 22, 'fitness': 0.9768897301918789, 'generation': 66}","{'id': 5206, 'rank': 23, 'fitness': 0.9765418766653571, 'generation': 66}","{'id': 5206, 'rank': 24, 'fitness': 0.9765418766653571, 'generation': 66}","{'id': 5014, 'rank': 25, 'fitness': 0.9593662351992488, 'generation': 66}","{'id': 5108, 'rank': 26, 'fitness': 0.9577447722238013, 'generation': 66}","{'id': 5236, 'rank': 27, 'fitness': 0.9187495515391194, 'generation': 66}","{'id': 5222, 'rank': 28, 'fitness': 0.2768776962754863, 'generation': 66}","{'id': 5222, 'rank': 29, 'fitness': 0.2768776962754863, 'generation': 66}","{'id': 5238, 'rank': 30, 'fitness': 0.01798620996209155, 'generation': 66}"
"{'id': 5321, 'rank': 1, 'fitness': 0.9820137900379085, 'generation': 67}","{'id': 5295, 'rank': 2, 'fitness': 0.9820075043286194, 'generation': 67}","{'id': 5242, 'rank': 3, 'fitness': 0.9816074344570573, 'generation': 67}","{'id': 5300, 'rank': 4, 'fitness': 0.9812298146886016, 'generation': 67}","{'id': 5297, 'rank': 5, 'fitness': 0.9811649468665502, 'generation': 67}","{'id': 5337, 'rank': 6, 'fitness': 0.9811046088684074, 'generation': 67}","{'id': 5337, 'rank': 7, 'fitness': 0.9811046088684074, 'generation': 67}","{'id': 5339, 'rank': 8, 'fitness': 0.981063969831337, 'generation': 67}","{'id': 5273, 'rank': 9, 'fitness': 0.9809508962884462, 'generation': 67}","{'id': 5342, 'rank': 10, 'fitness': 0.980503275682747, 'generation': 67}","{'id': 5272, 'rank': 11, 'fitness': 0.9804852237316695, 'generation': 67}","{'id': 5213, 'rank': 12, 'fitness': 0.9800924728301992, 'generation': 67}","{'id': 5213, 'rank': 13, 'fitness': 0.9800924728301992, 'generation': 67}","{'id': 5343, 'rank': 14, 'fitness': 0.980066818732994, 'generation': 67}","{'id': 5333, 'rank': 15, 'fitness': 0.9778856046709095, 'generation': 67}","{'id': 5309, 'rank': 16, 'fitness': 0.9762536258015542, 'generation': 67}","{'id': 5251, 'rank': 17, 'fitness': 0.9741433685740721, 'generation': 67}","{'id': 5269, 'rank': 18, 'fitness': 0.973647435502459, 'generation': 67}","{'id': 5354, 'rank': 19, 'fitness': 0.9705171207505121, 'generation': 67}","{'id': 5328, 'rank': 20, 'fitness': 0.9693270824910362, 'generation': 67}","{'id': 5270, 'rank': 21, 'fitness': 0.9681934602006931, 'generation': 67}","{'id': 5351, 'rank': 22, 'fitness': 0.9647399270584509, 'generation': 67}","{'id': 5192, 'rank': 23, 'fitness': 0.962567297122054, 'generation': 67}","{'id': 5192, 'rank': 24, 'fitness': 0.962567297122054, 'generation': 67}","{'id': 5287, 'rank': 25, 'fitness': 0.9617955226769189, 'generation': 67}","{'id': 5206, 'rank': 26, 'fitness': 0.9608713951840321, 'generation': 67}","{'id': 5290, 'rank': 27, 'fitness': 0.9366339815133187, 'generation': 67}","{'id': 5281, 'rank': 28, 'fitness': 0.8780248031593749, 'generation': 67}","{'id': 5284, 'rank': 29, 'fitness': 0.8543270567898411, 'generation': 67}","{'id': 5261, 'rank': 30, 'fitness': 0.01798620996209155, 'generation': 67}"
"{'id': 5385, 'rank': 1, 'fitness': 0.9820137900379085, 'generation': 68}","{'id': 5295, 'rank': 2, 'fitness': 0.9798357071268319, 'generation': 68}","{'id': 5419, 'rank': 3, 'fitness': 0.9791570969908282, 'generation': 68}","{'id': 5377, 'rank': 4, 'fitness': 0.9769541687013039, 'generation': 68}","{'id': 5377, 'rank': 5, 'fitness': 0.9769541687013039, 'generation': 68}","{'id': 5443, 'rank': 6, 'fitness': 0.9756850292669903, 'generation': 68}","{'id': 5415, 'rank': 7, 'fitness': 0.9755689774077667, 'generation': 68}","{'id': 5402, 'rank': 8, 'fitness': 0.9751967178045524, 'generation': 68}","{'id': 5374, 'rank': 9, 'fitness': 0.9741588799522946, 'generation': 68}","{'id': 5337, 'rank': 10, 'fitness': 0.974118572122831, 'generation': 68}","{'id': 5400, 'rank': 11, 'fitness': 0.9738517725933464, 'generation': 68}","{'id': 5343, 'rank': 12, 'fitness': 0.9660643944916052, 'generation': 68}","{'id': 5407, 'rank': 13, 'fitness': 0.9568220065181157, 'generation': 68}","{'id': 5413, 'rank': 14, 'fitness': 0.9553517223941037, 'generation': 68}","{'id': 5418, 'rank': 15, 'fitness': 0.9508905732241888, 'generation': 68}","{'id': 5418, 'rank': 16, 'fitness': 0.9508905732241888, 'generation': 68}","{'id': 5412, 'rank': 17, 'fitness': 0.9494346756755354, 'generation': 68}","{'id': 5412, 'rank': 18, 'fitness': 0.9494346756755354, 'generation': 68}","{'id': 5309, 'rank': 19, 'fitness': 0.9192615787246877, 'generation': 68}","{'id': 5370, 'rank': 20, 'fitness': 0.9165874371470695, 'generation': 68}","{'id': 5432, 'rank': 21, 'fitness': 0.9155034513347748, 'generation': 68}","{'id': 5380, 'rank': 22, 'fitness': 0.9122289021693398, 'generation': 68}","{'id': 5359, 'rank': 23, 'fitness': 0.8911348462531271, 'generation': 68}","{'id': 5393, 'rank': 24, 'fitness': 0.8461817888210491, 'generation': 68}","{'id': 5405, 'rank': 25, 'fitness': 0.6561588120499277, 'generation': 68}","{'id': 5421, 'rank': 26, 'fitness': 0.5845109132518508, 'generation': 68}","{'id': 5206, 'rank': 27, 'fitness': 0.44851930299827547, 'generation': 68}","{'id': 5404, 'rank': 28, 'fitness': 0.21800104672527754, 'generation': 68}","{'id': 5430, 'rank': 29, 'fitness': 0.05905207683077979, 'generation': 68}","{'id': 5434, 'rank': 30, 'fitness': 0.01798620996209155, 'generation': 68}"
"{'id': 5504, 'rank': 1, 'fitness': 0.9820137900379085, 'generation': 69}","{'id': 5449, 'rank': 2, 'fitness': 0.9815726536300802, 'generation': 69}","{'id': 5449, 'rank': 3, 'fitness': 0.9815726536300802, 'generation': 69}","{'id': 5455, 'rank': 4, 'fitness': 0.981077358581681, 'generation': 69}","{'id': 5522, 'rank': 5, 'fitness': 0.9795650413114523, 'generation': 69}","{'id': 5516, 'rank': 6, 'fitness': 0.9791978798295418, 'generation': 69}","{'id': 5516, 'rank': 7, 'fitness': 0.9791978798295418, 'generation': 69}","{'id': 5400, 'rank': 8, 'fitness': 0.9789276125703456, 'generation': 69}","{'id': 5465, 'rank': 9, 'fitness': 0.9787958269568342, 'generation': 69}","{'id': 5461, 'rank': 10, 'fitness': 0.9786260170495211, 'generation': 69}","{'id': 5512, 'rank': 11, 'fitness': 0.9783062594346474, 'generation': 69}","{'id': 5476, 'rank': 12, 'fitness': 0.9751451331317933, 'generation': 69}","{'id': 5412, 'rank': 13, 'fitness': 0.9732160103638346, 'generation': 69}","{'id': 5412, 'rank': 14, 'fitness': 0.9732160103638346, 'generation': 69}","{'id': 5412, 'rank': 15, 'fitness': 0.9732160103638346, 'generation': 69}","{'id': 5462, 'rank': 16, 'fitness': 0.9718178119651582, 'generation': 69}","{'id': 5495, 'rank': 17, 'fitness': 0.9715695651156928, 'generation': 69}","{'id': 5502, 'rank': 18, 'fitness': 0.9708404117500606, 'generation': 69}","{'id': 5510, 'rank': 19, 'fitness': 0.9682301461634761, 'generation': 69}","{'id': 5514, 'rank': 20, 'fitness': 0.9625761157231422, 'generation': 69}","{'id': 5451, 'rank': 21, 'fitness': 0.9603151147534226, 'generation': 69}","{'id': 5485, 'rank': 22, 'fitness': 0.9583392554193645, 'generation': 69}","{'id': 5485, 'rank': 23, 'fitness': 0.9583392554193645, 'generation': 69}","{'id': 5473, 'rank': 24, 'fitness': 0.9513203793962983, 'generation': 69}","{'id': 5473, 'rank': 25, 'fitness': 0.9513203793962983, 'generation': 69}","{'id': 5458, 'rank': 26, 'fitness': 0.9498595060540814, 'generation': 69}","{'id': 5507, 'rank': 27, 'fitness': 0.9327549875593331, 'generation': 69}","{'id': 5489, 'rank': 28, 'fitness': 0.9228668566778647, 'generation': 69}","{'id': 5488, 'rank': 29, 'fitness': 0.6466670003098711, 'generation': 69}","{'id': 5479, 'rank': 30, 'fitness': 0.01798620996209155, 'generation': 69}"
"{'id': 5526, 'rank': 1, 'fitness': 0.9820137900379085, 'generation': 70}","{'id': 5449, 'rank': 2, 'fitness': 0.9818393262623918, 'generation': 70}","{'id': 5576, 'rank': 3, 'fitness': 0.9816257744683861, 'generation': 70}","{'id': 5523, 'rank': 4, 'fitness': 0.9813142883317185, 'generation': 70}","{'id': 5523, 'rank': 5, 'fitness': 0.9813142883317185, 'generation': 70}","{'id': 5455, 'rank': 6, 'fitness': 0.9808618194020737, 'generation': 70}","{'id': 5535, 'rank': 7, 'fitness': 0.97903763862531, 'generation': 70}","{'id': 5535, 'rank': 8, 'fitness': 0.97903763862531, 'generation': 70}","{'id': 5567, 'rank': 9, 'fitness': 0.9774225077040228, 'generation': 70}","{'id': 5516, 'rank': 10, 'fitness': 0.9769277776506038, 'generation': 70}","{'id': 5512, 'rank': 11, 'fitness': 0.9749381768325789, 'generation': 70}","{'id': 5585, 'rank': 12, 'fitness': 0.967411414298829, 'generation': 70}","{'id': 5580, 'rank': 13, 'fitness': 0.9655797936091741, 'generation': 70}","{'id': 5580, 'rank': 14, 'fitness': 0.9655797936091741, 'generation': 70}","{'id': 5577, 'rank': 15, 'fitness': 0.965390430128512, 'generation': 70}","{'id': 5554, 'rank': 16, 'fitness': 0.9638679115558936, 'generation': 70}","{'id': 5569, 'rank': 17, 'fitness': 0.9548628091092783, 'generation': 70}","{'id': 5552, 'rank': 18, 'fitness': 0.9465921913374604, 'generation': 70}","{'id': 5529, 'rank': 19, 'fitness': 0.9232424072982599, 'generation': 70}","{'id': 5529, 'rank': 20, 'fitness': 0.9232424072982599, 'generation': 70}","{'id': 5529, 'rank': 21, 'fitness': 0.9232424072982599, 'generation': 70}","{'id': 5595, 'rank': 22, 'fitness': 0.9211122721338819, 'generation': 70}","{'id': 5595, 'rank': 23, 'fitness': 0.9211122721338819, 'generation': 70}","{'id': 5485, 'rank': 24, 'fitness': 0.9113707437524109, 'generation': 70}","{'id': 5594, 'rank': 25, 'fitness': 0.9016523224773381, 'generation': 70}","{'id': 5573, 'rank': 26, 'fitness': 0.8849889545197821, 'generation': 70}","{'id': 5473, 'rank': 27, 'fitness': 0.8816557490977109, 'generation': 70}","{'id': 5564, 'rank': 28, 'fitness': 0.8797919960672438, 'generation': 70}","{'id': 5558, 'rank': 29, 'fitness': 0.1612414546856621, 'generation': 70}","{'id': 5545, 'rank': 30, 'fitness': 0.01798620996209155, 'generation': 70}"
"{'id': 5661, 'rank': 1, 'fitness': 0.9820137900379085, 'generation': 71}","{'id': 5661, 'rank': 2, 'fitness': 0.9820137900379085, 'generation': 71}","{'id': 5670, 'rank': 3, 'fitness': 0.9817422357058927, 'generation': 71}","{'id': 5449, 'rank': 4, 'fitness': 0.9809792156207295, 'generation': 71}","{'id': 5655, 'rank': 5, 'fitness': 0.9809498887217061, 'generation': 71}","{'id': 5652, 'rank': 6, 'fitness': 0.98067469293598, 'generation': 71}","{'id': 5658, 'rank': 7, 'fitness': 0.9801488744157429, 'generation': 71}","{'id': 5630, 'rank': 8, 'fitness': 0.980092273887746, 'generation': 71}","{'id': 5630, 'rank': 9, 'fitness': 0.980092273887746, 'generation': 71}","{'id': 5609, 'rank': 10, 'fitness': 0.980019135681999, 'generation': 71}","{'id': 5673, 'rank': 11, 'fitness': 0.9798632949560107, 'generation': 71}","{'id': 5535, 'rank': 12, 'fitness': 0.9784645933291631, 'generation': 71}","{'id': 5643, 'rank': 13, 'fitness': 0.9758513637668946, 'generation': 71}","{'id': 5643, 'rank': 14, 'fitness': 0.9758513637668946, 'generation': 71}","{'id': 5632, 'rank': 15, 'fitness': 0.9723546366519309, 'generation': 71}","{'id': 5610, 'rank': 16, 'fitness': 0.9715512510283278, 'generation': 71}","{'id': 5600, 'rank': 17, 'fitness': 0.970049387479811, 'generation': 71}","{'id': 5636, 'rank': 18, 'fitness': 0.9690022006482901, 'generation': 71}","{'id': 5651, 'rank': 19, 'fitness': 0.9668060653573975, 'generation': 71}","{'id': 5577, 'rank': 20, 'fitness': 0.9667495090220908, 'generation': 71}","{'id': 5622, 'rank': 21, 'fitness': 0.9663735614560701, 'generation': 71}","{'id': 5552, 'rank': 22, 'fitness': 0.9515290819039945, 'generation': 71}","{'id': 5639, 'rank': 23, 'fitness': 0.9440407592743583, 'generation': 71}","{'id': 5667, 'rank': 24, 'fitness': 0.9270408189279844, 'generation': 71}","{'id': 5573, 'rank': 25, 'fitness': 0.9050356062840348, 'generation': 71}","{'id': 5473, 'rank': 26, 'fitness': 0.9026006155642532, 'generation': 71}","{'id': 5615, 'rank': 27, 'fitness': 0.8286200381662542, 'generation': 71}","{'id': 5621, 'rank': 28, 'fitness': 0.7304175082843539, 'generation': 71}","{'id': 5558, 'rank': 29, 'fitness': 0.28069400575003534, 'generation': 71}","{'id': 5602, 'rank': 30, 'fitness': 0.01798620996209155, 'generation': 71}"
"{'id': 5713, 'rank': 1, 'fitness': 0.9820137900379085, 'generation': 72}","{'id': 5702, 'rank': 2, 'fitness': 0.9816506030718365, 'generation': 72}","{'id': 5658, 'rank': 3, 'fitness': 0.981592919427935, 'generation': 72}","{'id': 5630, 'rank': 4, 'fitness': 0.9815769031704118, 'generation': 72}","{'id': 5630, 'rank': 5, 'fitness': 0.9815769031704118, 'generation': 72}","{'id': 5725, 'rank': 6, 'fitness': 0.9813493994357583, 'generation': 72}","{'id': 5735, 'rank': 7, 'fitness': 0.9812540536865986, 'generation': 72}","{'id': 5716, 'rank': 8, 'fitness': 0.9812180071460075, 'generation': 72}","{'id': 5739, 'rank': 9, 'fitness': 0.981203160169614, 'generation': 72}","{'id': 5739, 'rank': 10, 'fitness': 0.981203160169614, 'generation': 72}","{'id': 5727, 'rank': 11, 'fitness': 0.9811220194307447, 'generation': 72}","{'id': 5697, 'rank': 12, 'fitness': 0.9809870055735026, 'generation': 72}","{'id': 5708, 'rank': 13, 'fitness': 0.980192666735233, 'generation': 72}","{'id': 5696, 'rank': 14, 'fitness': 0.9799698129955605, 'generation': 72}","{'id': 5685, 'rank': 15, 'fitness': 0.9799254474112746, 'generation': 72}","{'id': 5632, 'rank': 16, 'fitness': 0.9796274859931204, 'generation': 72}","{'id': 5636, 'rank': 17, 'fitness': 0.9788971976117411, 'generation': 72}","{'id': 5733, 'rank': 18, 'fitness': 0.9788090302409653, 'generation': 72}","{'id': 5733, 'rank': 19, 'fitness': 0.9788090302409653, 'generation': 72}","{'id': 5704, 'rank': 20, 'fitness': 0.9783332989879304, 'generation': 72}","{'id': 5679, 'rank': 21, 'fitness': 0.977329165042905, 'generation': 72}","{'id': 5679, 'rank': 22, 'fitness': 0.977329165042905, 'generation': 72}","{'id': 5679, 'rank': 23, 'fitness': 0.977329165042905, 'generation': 72}","{'id': 5749, 'rank': 24, 'fitness': 0.9729104460400424, 'generation': 72}","{'id': 5573, 'rank': 25, 'fitness': 0.9699592545092492, 'generation': 72}","{'id': 5684, 'rank': 26, 'fitness': 0.9604714195895068, 'generation': 72}","{'id': 5686, 'rank': 27, 'fitness': 0.9456574616539251, 'generation': 72}","{'id': 5690, 'rank': 28, 'fitness': 0.8310059842096216, 'generation': 72}","{'id': 5602, 'rank': 29, 'fitness': 0.827353834231759, 'generation': 72}","{'id': 5718, 'rank': 30, 'fitness': 0.01798620996209155, 'generation': 72}"
"{'id': 5713, 'rank': 1, 'fitness': 0.9820137900379085, 'generation': 73}","{'id': 5808, 'rank': 2, 'fitness': 0.9818761644615472, 'generation': 73}","{'id': 5808, 'rank': 3, 'fitness': 0.9818761644615472, 'generation': 73}","{'id': 5702, 'rank': 4, 'fitness': 0.9814084690728528, 'generation': 73}","{'id': 5759, 'rank': 5, 'fitness': 0.9811598838139555, 'generation': 73}","{'id': 5790, 'rank': 6, 'fitness': 0.9809649393237158, 'generation': 73}","{'id': 5716, 'rank': 7, 'fitness': 0.9806773546311772, 'generation': 73}","{'id': 5819, 'rank': 8, 'fitness': 0.9801851026265821, 'generation': 73}","{'id': 5803, 'rank': 9, 'fitness': 0.9799359156462618, 'generation': 73}","{'id': 5795, 'rank': 10, 'fitness': 0.9799190249048801, 'generation': 73}","{'id': 5827, 'rank': 11, 'fitness': 0.9792693442535665, 'generation': 73}","{'id': 5696, 'rank': 12, 'fitness': 0.9785072058342428, 'generation': 73}","{'id': 5685, 'rank': 13, 'fitness': 0.9784284357796335, 'generation': 73}","{'id': 5632, 'rank': 14, 'fitness': 0.9778965405117663, 'generation': 73}","{'id': 5801, 'rank': 15, 'fitness': 0.9777398324110651, 'generation': 73}","{'id': 5799, 'rank': 16, 'fitness': 0.9773464727065553, 'generation': 73}","{'id': 5758, 'rank': 17, 'fitness': 0.9771211807111626, 'generation': 73}","{'id': 5800, 'rank': 18, 'fitness': 0.9768647297691648, 'generation': 73}","{'id': 5733, 'rank': 19, 'fitness': 0.9764100063186835, 'generation': 73}","{'id': 5850, 'rank': 20, 'fitness': 0.976013983289737, 'generation': 73}","{'id': 5679, 'rank': 21, 'fitness': 0.9736291275909221, 'generation': 73}","{'id': 5679, 'rank': 22, 'fitness': 0.9736291275909221, 'generation': 73}","{'id': 5844, 'rank': 23, 'fitness': 0.9716468282638779, 'generation': 73}","{'id': 5809, 'rank': 24, 'fitness': 0.9707315302935151, 'generation': 73}","{'id': 5817, 'rank': 25, 'fitness': 0.9658893876124357, 'generation': 73}","{'id': 5846, 'rank': 26, 'fitness': 0.9562190584632562, 'generation': 73}","{'id': 5847, 'rank': 27, 'fitness': 0.9548079484730445, 'generation': 73}","{'id': 5762, 'rank': 28, 'fitness': 0.8182296718546964, 'generation': 73}","{'id': 5690, 'rank': 29, 'fitness': 0.5034336149261385, 'generation': 73}","{'id': 5765, 'rank': 30, 'fitness': 0.01798620996209155, 'generation': 73}"
"{'id': 5876, 'rank': 1, 'fitness': 0.9820137900379085, 'generation': 74}","{'id': 5858, 'rank': 2, 'fitness': 0.9818679974061572, 'generation': 74}","{'id': 5928, 'rank': 3, 'fitness': 0.9817800019944986, 'generation': 74}","{'id': 5880, 'rank': 4, 'fitness': 0.9810911212391855, 'generation': 74}","{'id': 5880, 'rank': 5, 'fitness': 0.9810911212391855, 'generation': 74}","{'id': 5790, 'rank': 6, 'fitness': 0.9809024042290522, 'generation': 74}","{'id': 5878, 'rank': 7, 'fitness': 0.9804580549750574, 'generation': 74}","{'id': 5857, 'rank': 8, 'fitness': 0.9799331101411085, 'generation': 74}","{'id': 5923, 'rank': 9, 'fitness': 0.979851869634804, 'generation': 74}","{'id': 5914, 'rank': 10, 'fitness': 0.978269918949459, 'generation': 74}","{'id': 5940, 'rank': 11, 'fitness': 0.9778806628548256, 'generation': 74}","{'id': 5913, 'rank': 12, 'fitness': 0.9778129086549943, 'generation': 74}","{'id': 5862, 'rank': 13, 'fitness': 0.9776379715005635, 'generation': 74}","{'id': 5888, 'rank': 14, 'fitness': 0.976887703448929, 'generation': 74}","{'id': 5850, 'rank': 15, 'fitness': 0.9759379177382017, 'generation': 74}","{'id': 5850, 'rank': 16, 'fitness': 0.9759379177382017, 'generation': 74}","{'id': 5922, 'rank': 17, 'fitness': 0.9748378070448056, 'generation': 74}","{'id': 5931, 'rank': 18, 'fitness': 0.9739077388309718, 'generation': 74}","{'id': 5871, 'rank': 19, 'fitness': 0.9708894876040294, 'generation': 74}","{'id': 5809, 'rank': 20, 'fitness': 0.9706416697620207, 'generation': 74}","{'id': 5809, 'rank': 21, 'fitness': 0.9706416697620207, 'generation': 74}","{'id': 5874, 'rank': 22, 'fitness': 0.9697347529989955, 'generation': 74}","{'id': 5893, 'rank': 23, 'fitness': 0.9695102709984865, 'generation': 74}","{'id': 5895, 'rank': 24, 'fitness': 0.9659237333434887, 'generation': 74}","{'id': 5938, 'rank': 25, 'fitness': 0.9657947578353643, 'generation': 74}","{'id': 5896, 'rank': 26, 'fitness': 0.965468426283037, 'generation': 74}","{'id': 5894, 'rank': 27, 'fitness': 0.9588216861576572, 'generation': 74}","{'id': 5902, 'rank': 28, 'fitness': 0.9141824087029196, 'generation': 74}","{'id': 5872, 'rank': 29, 'fitness': 0.7804489837075788, 'generation': 74}","{'id': 5765, 'rank': 30, 'fitness': 0.01798620996209155, 'generation': 74}"
"{'id': 5953, 'rank': 1, 'fitness': 0.9820137900379085, 'generation': 75}","{'id': 5959, 'rank': 2, 'fitness': 0.9819930369224505, 'generation': 75}","{'id': 5962, 'rank': 3, 'fitness': 0.9818514811312634, 'generation': 75}","{'id': 6015, 'rank': 4, 'fitness': 0.9816832788039989, 'generation': 75}","{'id': 5957, 'rank': 5, 'fitness': 0.9804886973038395, 'generation': 75}","{'id': 5957, 'rank': 6, 'fitness': 0.9804886973038395, 'generation': 75}","{'id': 5998, 'rank': 7, 'fitness': 0.9804726499485394, 'generation': 75}","{'id': 6001, 'rank': 8, 'fitness': 0.9801345543668851, 'generation': 75}","{'id': 5961, 'rank': 9, 'fitness': 0.9800212324582375, 'generation': 75}","{'id': 6027, 'rank': 10, 'fitness': 0.979658592093646, 'generation': 75}","{'id': 5974, 'rank': 11, 'fitness': 0.9793325350311501, 'generation': 75}","{'id': 5857, 'rank': 12, 'fitness': 0.978416702938934, 'generation': 75}","{'id': 6025, 'rank': 13, 'fitness': 0.9780686238180132, 'generation': 75}","{'id': 5990, 'rank': 14, 'fitness': 0.9759201338030061, 'generation': 75}","{'id': 6011, 'rank': 15, 'fitness': 0.9752627923643804, 'generation': 75}","{'id': 5862, 'rank': 16, 'fitness': 0.9746045689156084, 'generation': 75}","{'id': 6022, 'rank': 17, 'fitness': 0.9721484473358923, 'generation': 75}","{'id': 5948, 'rank': 18, 'fitness': 0.9716868530661635, 'generation': 75}","{'id': 5850, 'rank': 19, 'fitness': 0.9716546717966054, 'generation': 75}","{'id': 5850, 'rank': 20, 'fitness': 0.9716546717966054, 'generation': 75}","{'id': 5976, 'rank': 21, 'fitness': 0.9645357169836991, 'generation': 75}","{'id': 5809, 'rank': 22, 'fitness': 0.961832857422362, 'generation': 75}","{'id': 5955, 'rank': 23, 'fitness': 0.9586541443841984, 'generation': 75}","{'id': 5997, 'rank': 24, 'fitness': 0.9462958131952064, 'generation': 75}","{'id': 5994, 'rank': 25, 'fitness': 0.9438012419845823, 'generation': 75}","{'id': 5949, 'rank': 26, 'fitness': 0.8705867163001437, 'generation': 75}","{'id': 6018, 'rank': 27, 'fitness': 0.8686948855105396, 'generation': 75}","{'id': 5872, 'rank': 28, 'fitness': 0.4674715112009516, 'generation': 75}","{'id': 5872, 'rank': 29, 'fitness': 0.4674715112009516, 'generation': 75}","{'id': 5977, 'rank': 30, 'fitness': 0.01798620996209155, 'generation': 75}"
"{'id': 6073, 'rank': 1, 'fitness': 0.9820137900379085, 'generation': 76}","{'id': 6073, 'rank': 2, 'fitness': 0.9820137900379085, 'generation': 76}","{'id': 5957, 'rank': 3, 'fitness': 0.981263017762628, 'generation': 76}","{'id': 5957, 'rank': 4, 'fitness': 0.981263017762628, 'generation': 76}","{'id': 5957, 'rank': 5, 'fitness': 0.981263017762628, 'generation': 76}","{'id': 6001, 'rank': 6, 'fitness': 0.9810703181292315, 'generation': 76}","{'id': 6001, 'rank': 7, 'fitness': 0.9810703181292315, 'generation': 76}","{'id': 5961, 'rank': 8, 'fitness': 0.9810089630494594, 'generation': 76}","{'id': 6101, 'rank': 9, 'fitness': 0.9800445498261714, 'generation': 76}","{'id': 6099, 'rank': 10, 'fitness': 0.9791147727470428, 'generation': 76}","{'id': 6099, 'rank': 11, 'fitness': 0.9791147727470428, 'generation': 76}","{'id': 6036, 'rank': 12, 'fitness': 0.9785451096930968, 'generation': 76}","{'id': 6036, 'rank': 13, 'fitness': 0.9785451096930968, 'generation': 76}","{'id': 6104, 'rank': 14, 'fitness': 0.977118618020324, 'generation': 76}","{'id': 6104, 'rank': 15, 'fitness': 0.977118618020324, 'generation': 76}","{'id': 6034, 'rank': 16, 'fitness': 0.9768539328603232, 'generation': 76}","{'id': 6094, 'rank': 17, 'fitness': 0.9766028902238437, 'generation': 76}","{'id': 6093, 'rank': 18, 'fitness': 0.9764000768995309, 'generation': 76}","{'id': 6046, 'rank': 19, 'fitness': 0.9748525954888767, 'generation': 76}","{'id': 5976, 'rank': 20, 'fitness': 0.9736459152132655, 'generation': 76}","{'id': 6081, 'rank': 21, 'fitness': 0.9670066259168411, 'generation': 76}","{'id': 6039, 'rank': 22, 'fitness': 0.9525852079603516, 'generation': 76}","{'id': 6060, 'rank': 23, 'fitness': 0.9488843712682846, 'generation': 76}","{'id': 6018, 'rank': 24, 'fitness': 0.942999564968659, 'generation': 76}","{'id': 6018, 'rank': 25, 'fitness': 0.942999564968659, 'generation': 76}","{'id': 6018, 'rank': 26, 'fitness': 0.942999564968659, 'generation': 76}","{'id': 5872, 'rank': 27, 'fitness': 0.8399852629725796, 'generation': 76}","{'id': 5977, 'rank': 28, 'fitness': 0.367922596847138, 'generation': 76}","{'id': 6079, 'rank': 29, 'fitness': 0.01798620996209155, 'generation': 76}","{'id': 6079, 'rank': 30, 'fitness': 0.01798620996209155, 'generation': 76}"
"{'id': 6153, 'rank': 1, 'fitness': 0.9820137900379085, 'generation': 77}","{'id': 6153, 'rank': 2, 'fitness': 0.9820137900379085, 'generation': 77}","{'id': 6106, 'rank': 3, 'fitness': 0.9817901959467408, 'generation': 77}","{'id': 6107, 'rank': 4, 'fitness': 0.9815116072208148, 'generation': 77}","{'id': 6001, 'rank': 5, 'fitness': 0.9814497457798362, 'generation': 77}","{'id': 6137, 'rank': 6, 'fitness': 0.9811449276089843, 'generation': 77}","{'id': 6137, 'rank': 7, 'fitness': 0.9811449276089843, 'generation': 77}","{'id': 6157, 'rank': 8, 'fitness': 0.9810815778749938, 'generation': 77}","{'id': 6155, 'rank': 9, 'fitness': 0.980746660474938, 'generation': 77}","{'id': 6109, 'rank': 10, 'fitness': 0.9805830769708725, 'generation': 77}","{'id': 6169, 'rank': 11, 'fitness': 0.9805072903967764, 'generation': 77}","{'id': 6169, 'rank': 12, 'fitness': 0.9805072903967764, 'generation': 77}","{'id': 6099, 'rank': 13, 'fitness': 0.9804885431187562, 'generation': 77}","{'id': 6111, 'rank': 14, 'fitness': 0.980437310092664, 'generation': 77}","{'id': 6111, 'rank': 15, 'fitness': 0.980437310092664, 'generation': 77}","{'id': 6122, 'rank': 16, 'fitness': 0.9803051698402574, 'generation': 77}","{'id': 6036, 'rank': 17, 'fitness': 0.980216674560714, 'generation': 77}","{'id': 6186, 'rank': 18, 'fitness': 0.9800786339445446, 'generation': 77}","{'id': 6183, 'rank': 19, 'fitness': 0.9782114739476742, 'generation': 77}","{'id': 6172, 'rank': 20, 'fitness': 0.9760660348470414, 'generation': 77}","{'id': 6173, 'rank': 21, 'fitness': 0.9760052188353199, 'generation': 77}","{'id': 6128, 'rank': 22, 'fitness': 0.9727029064637811, 'generation': 77}","{'id': 6135, 'rank': 23, 'fitness': 0.9603307602920481, 'generation': 77}","{'id': 6142, 'rank': 24, 'fitness': 0.9598355031116252, 'generation': 77}","{'id': 6124, 'rank': 25, 'fitness': 0.9072219066526814, 'generation': 77}","{'id': 6124, 'rank': 26, 'fitness': 0.9072219066526814, 'generation': 77}","{'id': 6188, 'rank': 27, 'fitness': 0.09279535121044719, 'generation': 77}","{'id': 6146, 'rank': 28, 'fitness': 0.05676365641016523, 'generation': 77}","{'id': 6146, 'rank': 29, 'fitness': 0.05676365641016523, 'generation': 77}","{'id': 6190, 'rank': 30, 'fitness': 0.01798620996209155, 'generation': 77}"
"{'id': 6217, 'rank': 1, 'fitness': 0.9820137900379085, 'generation': 78}","{'id': 6220, 'rank': 2, 'fitness': 0.9819207118134671, 'generation': 78}","{'id': 6220, 'rank': 3, 'fitness': 0.9819207118134671, 'generation': 78}","{'id': 6267, 'rank': 4, 'fitness': 0.9818831514697706, 'generation': 78}","{'id': 6244, 'rank': 5, 'fitness': 0.9814713633170911, 'generation': 78}","{'id': 6223, 'rank': 6, 'fitness': 0.9813507068623439, 'generation': 78}","{'id': 6264, 'rank': 7, 'fitness': 0.9808430422849695, 'generation': 78}","{'id': 6226, 'rank': 8, 'fitness': 0.9802130544237097, 'generation': 78}","{'id': 6226, 'rank': 9, 'fitness': 0.9802130544237097, 'generation': 78}","{'id': 6169, 'rank': 10, 'fitness': 0.9800559101649983, 'generation': 78}","{'id': 6169, 'rank': 11, 'fitness': 0.9800559101649983, 'generation': 78}","{'id': 6202, 'rank': 12, 'fitness': 0.9799552059054322, 'generation': 78}","{'id': 6202, 'rank': 13, 'fitness': 0.9799552059054322, 'generation': 78}","{'id': 6202, 'rank': 14, 'fitness': 0.9799552059054322, 'generation': 78}","{'id': 6249, 'rank': 15, 'fitness': 0.9790435728449395, 'generation': 78}","{'id': 6248, 'rank': 16, 'fitness': 0.9789519777230364, 'generation': 78}","{'id': 6248, 'rank': 17, 'fitness': 0.9789519777230364, 'generation': 78}","{'id': 6204, 'rank': 18, 'fitness': 0.9788491955278267, 'generation': 78}","{'id': 6208, 'rank': 19, 'fitness': 0.977238155995451, 'generation': 78}","{'id': 6173, 'rank': 20, 'fitness': 0.9740207832820793, 'generation': 78}","{'id': 6228, 'rank': 21, 'fitness': 0.9681304747528559, 'generation': 78}","{'id': 6270, 'rank': 22, 'fitness': 0.9631754710320948, 'generation': 78}","{'id': 6246, 'rank': 23, 'fitness': 0.962519580583256, 'generation': 78}","{'id': 6235, 'rank': 24, 'fitness': 0.9385010966812133, 'generation': 78}","{'id': 6242, 'rank': 25, 'fitness': 0.9296419875693379, 'generation': 78}","{'id': 6212, 'rank': 26, 'fitness': 0.9161230859254165, 'generation': 78}","{'id': 6214, 'rank': 27, 'fitness': 0.6892431371871661, 'generation': 78}","{'id': 6234, 'rank': 28, 'fitness': 0.058485067759524334, 'generation': 78}","{'id': 6234, 'rank': 29, 'fitness': 0.058485067759524334, 'generation': 78}","{'id': 6188, 'rank': 30, 'fitness': 0.01798620996209155, 'generation': 78}"
"{'id': 6318, 'rank': 1, 'fitness': 0.9820137900379085, 'generation': 79}","{'id': 6351, 'rank': 2, 'fitness': 0.9810356391755204, 'generation': 79}","{'id': 6289, 'rank': 3, 'fitness': 0.9804870305433053, 'generation': 79}","{'id': 6321, 'rank': 4, 'fitness': 0.9792218905085723, 'generation': 79}","{'id': 6320, 'rank': 5, 'fitness': 0.9788174414703674, 'generation': 79}","{'id': 6264, 'rank': 6, 'fitness': 0.975746313568118, 'generation': 79}","{'id': 6298, 'rank': 7, 'fitness': 0.9755178375987161, 'generation': 79}","{'id': 6298, 'rank': 8, 'fitness': 0.9755178375987161, 'generation': 79}","{'id': 6284, 'rank': 9, 'fitness': 0.9741008560036475, 'generation': 79}","{'id': 6284, 'rank': 10, 'fitness': 0.9741008560036475, 'generation': 79}","{'id': 6330, 'rank': 11, 'fitness': 0.9735158579839438, 'generation': 79}","{'id': 6292, 'rank': 12, 'fitness': 0.9734223644619173, 'generation': 79}","{'id': 6294, 'rank': 13, 'fitness': 0.9731792745978204, 'generation': 79}","{'id': 6294, 'rank': 14, 'fitness': 0.9731792745978204, 'generation': 79}","{'id': 6226, 'rank': 15, 'fitness': 0.9715372172411529, 'generation': 79}","{'id': 6202, 'rank': 16, 'fitness': 0.9696603016839218, 'generation': 79}","{'id': 6202, 'rank': 17, 'fitness': 0.9696603016839218, 'generation': 79}","{'id': 6202, 'rank': 18, 'fitness': 0.9696603016839218, 'generation': 79}","{'id': 6328, 'rank': 19, 'fitness': 0.9667901070639284, 'generation': 79}","{'id': 6248, 'rank': 20, 'fitness': 0.9614376426831892, 'generation': 79}","{'id': 6308, 'rank': 21, 'fitness': 0.9547916520623699, 'generation': 79}","{'id': 6308, 'rank': 22, 'fitness': 0.9547916520623699, 'generation': 79}","{'id': 6348, 'rank': 23, 'fitness': 0.949744184591126, 'generation': 79}","{'id': 6326, 'rank': 24, 'fitness': 0.9253223084437894, 'generation': 79}","{'id': 6307, 'rank': 25, 'fitness': 0.9021587367378339, 'generation': 79}","{'id': 6228, 'rank': 26, 'fitness': 0.7492571570913408, 'generation': 79}","{'id': 6322, 'rank': 27, 'fitness': 0.5930710029761339, 'generation': 79}","{'id': 6342, 'rank': 28, 'fitness': 0.5693127460787157, 'generation': 79}","{'id': 6340, 'rank': 29, 'fitness': 0.4327500359322425, 'generation': 79}","{'id': 6212, 'rank': 30, 'fitness': 0.01798620996209155, 'generation': 79}"
"{'id': 6422, 'rank': 1, 'fitness': 0.9820137900379085, 'generation': 80}","{'id': 6410, 'rank': 2, 'fitness': 0.9802636334972373, 'generation': 80}","{'id': 6351, 'rank': 3, 'fitness': 0.9802365044255008, 'generation': 80}","{'id': 6434, 'rank': 4, 'fitness': 0.9772719117027828, 'generation': 80}","{'id': 6424, 'rank': 5, 'fitness': 0.9766048345129307, 'generation': 80}","{'id': 6387, 'rank': 6, 'fitness': 0.9753037212308164, 'generation': 80}","{'id': 6394, 'rank': 7, 'fitness': 0.9740839677393403, 'generation': 80}","{'id': 6419, 'rank': 8, 'fitness': 0.9728144739164692, 'generation': 80}","{'id': 6398, 'rank': 9, 'fitness': 0.9688061853275064, 'generation': 80}","{'id': 6372, 'rank': 10, 'fitness': 0.9672896473255883, 'generation': 80}","{'id': 6403, 'rank': 11, 'fitness': 0.9665625992823572, 'generation': 80}","{'id': 6381, 'rank': 12, 'fitness': 0.9650576354658271, 'generation': 80}","{'id': 6202, 'rank': 13, 'fitness': 0.959099950791447, 'generation': 80}","{'id': 6429, 'rank': 14, 'fitness': 0.957806308409856, 'generation': 80}","{'id': 6371, 'rank': 15, 'fitness': 0.9492847716085031, 'generation': 80}","{'id': 6355, 'rank': 16, 'fitness': 0.9482082090497308, 'generation': 80}","{'id': 6427, 'rank': 17, 'fitness': 0.9478455290085208, 'generation': 80}","{'id': 6392, 'rank': 18, 'fitness': 0.9434527164298243, 'generation': 80}","{'id': 6389, 'rank': 19, 'fitness': 0.9252183238031957, 'generation': 80}","{'id': 6308, 'rank': 20, 'fitness': 0.9248698197918775, 'generation': 80}","{'id': 6308, 'rank': 21, 'fitness': 0.9248698197918775, 'generation': 80}","{'id': 6399, 'rank': 22, 'fitness': 0.9145764751208758, 'generation': 80}","{'id': 6307, 'rank': 23, 'fitness': 0.7722805082811466, 'generation': 80}","{'id': 6411, 'rank': 24, 'fitness': 0.7610499177318084, 'generation': 80}","{'id': 6418, 'rank': 25, 'fitness': 0.7557210682222713, 'generation': 80}","{'id': 6418, 'rank': 26, 'fitness': 0.7557210682222713, 'generation': 80}","{'id': 6374, 'rank': 27, 'fitness': 0.6612006878489126, 'generation': 80}","{'id': 6375, 'rank': 28, 'fitness': 0.08079342361214564, 'generation': 80}","{'id': 6437, 'rank': 29, 'fitness': 0.01798620996209155, 'generation': 80}","{'id': 6437, 'rank': 30, 'fitness': 0.01798620996209155, 'generation': 80}"
"{'id': 6422, 'rank': 1, 'fitness': 0.9820137900379085, 'generation': 81}","{'id': 6466, 'rank': 2, 'fitness': 0.98145493769621, 'generation': 81}","{'id': 6451, 'rank': 3, 'fitness': 0.9814105542154306, 'generation': 81}","{'id': 6463, 'rank': 4, 'fitness': 0.9811654291956159, 'generation': 81}","{'id': 6387, 'rank': 5, 'fitness': 0.9809872981008726, 'generation': 81}","{'id': 6471, 'rank': 6, 'fitness': 0.9808854017973305, 'generation': 81}","{'id': 6394, 'rank': 7, 'fitness': 0.9808255752886905, 'generation': 81}","{'id': 6462, 'rank': 8, 'fitness': 0.9807652053099158, 'generation': 81}","{'id': 6419, 'rank': 9, 'fitness': 0.98066360836409, 'generation': 81}","{'id': 6491, 'rank': 10, 'fitness': 0.9804806834106911, 'generation': 81}","{'id': 6469, 'rank': 11, 'fitness': 0.9803235754307281, 'generation': 81}","{'id': 6503, 'rank': 12, 'fitness': 0.9795449235233583, 'generation': 81}","{'id': 6506, 'rank': 13, 'fitness': 0.9777595587322913, 'generation': 81}","{'id': 6439, 'rank': 14, 'fitness': 0.9777546296476768, 'generation': 81}","{'id': 6511, 'rank': 15, 'fitness': 0.9776183752967358, 'generation': 81}","{'id': 6308, 'rank': 16, 'fitness': 0.9767958813287858, 'generation': 81}","{'id': 6308, 'rank': 17, 'fitness': 0.9767958813287858, 'generation': 81}","{'id': 6489, 'rank': 18, 'fitness': 0.9757223627012318, 'generation': 81}","{'id': 6489, 'rank': 19, 'fitness': 0.9757223627012318, 'generation': 81}","{'id': 6440, 'rank': 20, 'fitness': 0.9756658830075132, 'generation': 81}","{'id': 6487, 'rank': 21, 'fitness': 0.9746192953109638, 'generation': 81}","{'id': 6411, 'rank': 22, 'fitness': 0.9707989677279345, 'generation': 81}","{'id': 6472, 'rank': 23, 'fitness': 0.9706530370915779, 'generation': 81}","{'id': 6472, 'rank': 24, 'fitness': 0.9706530370915779, 'generation': 81}","{'id': 6455, 'rank': 25, 'fitness': 0.9631606468571318, 'generation': 81}","{'id': 6488, 'rank': 26, 'fitness': 0.9599175064350048, 'generation': 81}","{'id': 6437, 'rank': 27, 'fitness': 0.9310764533649787, 'generation': 81}","{'id': 6499, 'rank': 28, 'fitness': 0.8412845956044214, 'generation': 81}","{'id': 6501, 'rank': 29, 'fitness': 0.02777597142626964, 'generation': 81}","{'id': 6484, 'rank': 30, 'fitness': 0.01798620996209155, 'generation': 81}"
"{'id': 6571, 'rank': 1, 'fitness': 0.9820137900379085, 'generation': 82}","{'id': 6557, 'rank': 2, 'fitness': 0.9819199460244222, 'generation': 82}","{'id': 6466, 'rank': 3, 'fitness': 0.9818305305253361, 'generation': 82}","{'id': 6451, 'rank': 4, 'fitness': 0.9817993928825984, 'generation': 82}","{'id': 6451, 'rank': 5, 'fitness': 0.9817993928825984, 'generation': 82}","{'id': 6463, 'rank': 6, 'fitness': 0.9816277935736659, 'generation': 82}","{'id': 6387, 'rank': 7, 'fitness': 0.9815034824618586, 'generation': 82}","{'id': 6471, 'rank': 8, 'fitness': 0.9814325182969292, 'generation': 82}","{'id': 6471, 'rank': 9, 'fitness': 0.9814325182969292, 'generation': 82}","{'id': 6394, 'rank': 10, 'fitness': 0.981390901963288, 'generation': 82}","{'id': 6522, 'rank': 11, 'fitness': 0.9808638424749958, 'generation': 82}","{'id': 6532, 'rank': 12, 'fitness': 0.9805838574529595, 'generation': 82}","{'id': 6544, 'rank': 13, 'fitness': 0.980477336374377, 'generation': 82}","{'id': 6525, 'rank': 14, 'fitness': 0.979061153034174, 'generation': 82}","{'id': 6525, 'rank': 15, 'fitness': 0.979061153034174, 'generation': 82}","{'id': 6308, 'rank': 16, 'fitness': 0.9786639199992311, 'generation': 82}","{'id': 6568, 'rank': 17, 'fitness': 0.9782795271078161, 'generation': 82}","{'id': 6489, 'rank': 18, 'fitness': 0.9779601882618338, 'generation': 82}","{'id': 6550, 'rank': 19, 'fitness': 0.9776979753501598, 'generation': 82}","{'id': 6572, 'rank': 20, 'fitness': 0.9764769784722853, 'generation': 82}","{'id': 6588, 'rank': 21, 'fitness': 0.974611296522711, 'generation': 82}","{'id': 6585, 'rank': 22, 'fitness': 0.9744210831890718, 'generation': 82}","{'id': 6587, 'rank': 23, 'fitness': 0.9719000943353199, 'generation': 82}","{'id': 6488, 'rank': 24, 'fitness': 0.9683826544917041, 'generation': 82}","{'id': 6556, 'rank': 25, 'fitness': 0.9679920186691431, 'generation': 82}","{'id': 6541, 'rank': 26, 'fitness': 0.9652764071059063, 'generation': 82}","{'id': 6562, 'rank': 27, 'fitness': 0.961595470583125, 'generation': 82}","{'id': 6546, 'rank': 28, 'fitness': 0.9555360398230567, 'generation': 82}","{'id': 6501, 'rank': 29, 'fitness': 0.1981529296411153, 'generation': 82}","{'id': 6593, 'rank': 30, 'fitness': 0.01798620996209155, 'generation': 82}"
"{'id': 6682, 'rank': 1, 'fitness': 0.9820137900379085, 'generation': 83}","{'id': 6571, 'rank': 2, 'fitness': 0.9818803076053884, 'generation': 83}","{'id': 6463, 'rank': 3, 'fitness': 0.9798237056397223, 'generation': 83}","{'id': 6463, 'rank': 4, 'fitness': 0.9798237056397223, 'generation': 83}","{'id': 6463, 'rank': 5, 'fitness': 0.9798237056397223, 'generation': 83}","{'id': 6463, 'rank': 6, 'fitness': 0.9798237056397223, 'generation': 83}","{'id': 6463, 'rank': 7, 'fitness': 0.9798237056397223, 'generation': 83}","{'id': 6627, 'rank': 8, 'fitness': 0.9792772363535279, 'generation': 83}","{'id': 6601, 'rank': 9, 'fitness': 0.9763095659383225, 'generation': 83}","{'id': 6611, 'rank': 10, 'fitness': 0.9747003584148262, 'generation': 83}","{'id': 6532, 'rank': 11, 'fitness': 0.9733351303976883, 'generation': 83}","{'id': 6532, 'rank': 12, 'fitness': 0.9733351303976883, 'generation': 83}","{'id': 6604, 'rank': 13, 'fitness': 0.9731707941326335, 'generation': 83}","{'id': 6625, 'rank': 14, 'fitness': 0.9727602767075949, 'generation': 83}","{'id': 6621, 'rank': 15, 'fitness': 0.9727286583650507, 'generation': 83}","{'id': 6622, 'rank': 16, 'fitness': 0.9617076524411416, 'generation': 83}","{'id': 6525, 'rank': 17, 'fitness': 0.9610916352351107, 'generation': 83}","{'id': 6619, 'rank': 18, 'fitness': 0.9561784839492368, 'generation': 83}","{'id': 6568, 'rank': 19, 'fitness': 0.9533394969043407, 'generation': 83}","{'id': 6550, 'rank': 20, 'fitness': 0.9468564216301981, 'generation': 83}","{'id': 6664, 'rank': 21, 'fitness': 0.9422460929493068, 'generation': 83}","{'id': 6664, 'rank': 22, 'fitness': 0.9422460929493068, 'generation': 83}","{'id': 6654, 'rank': 23, 'fitness': 0.853816044850247, 'generation': 83}","{'id': 6674, 'rank': 24, 'fitness': 0.7645618319366496, 'generation': 83}","{'id': 6674, 'rank': 25, 'fitness': 0.7645618319366496, 'generation': 83}","{'id': 6637, 'rank': 26, 'fitness': 0.7500390675116773, 'generation': 83}","{'id': 6556, 'rank': 27, 'fitness': 0.7307553557926171, 'generation': 83}","{'id': 6663, 'rank': 28, 'fitness': 0.3442578026434597, 'generation': 83}","{'id': 6681, 'rank': 29, 'fitness': 0.1733118056263241, 'generation': 83}","{'id': 6671, 'rank': 30, 'fitness': 0.01798620996209155, 'generation': 83}"
"{'id': 6738, 'rank': 1, 'fitness': 0.9820137900379085, 'generation': 84}","{'id': 6714, 'rank': 2, 'fitness': 0.9817364048432151, 'generation': 84}","{'id': 6682, 'rank': 3, 'fitness': 0.9816583603395654, 'generation': 84}","{'id': 6571, 'rank': 4, 'fitness': 0.9816291883490096, 'generation': 84}","{'id': 6710, 'rank': 5, 'fitness': 0.981344267802218, 'generation': 84}","{'id': 6685, 'rank': 6, 'fitness': 0.9811527086592082, 'generation': 84}","{'id': 6627, 'rank': 7, 'fitness': 0.981090858017585, 'generation': 84}","{'id': 6627, 'rank': 8, 'fitness': 0.981090858017585, 'generation': 84}","{'id': 6689, 'rank': 9, 'fitness': 0.9809459687796582, 'generation': 84}","{'id': 6742, 'rank': 10, 'fitness': 0.9805815677977018, 'generation': 84}","{'id': 6740, 'rank': 11, 'fitness': 0.9803114460520475, 'generation': 84}","{'id': 6701, 'rank': 12, 'fitness': 0.9801620503889202, 'generation': 84}","{'id': 6703, 'rank': 13, 'fitness': 0.9801365400546527, 'generation': 84}","{'id': 6621, 'rank': 14, 'fitness': 0.9799355485516106, 'generation': 84}","{'id': 6718, 'rank': 15, 'fitness': 0.978982975679892, 'generation': 84}","{'id': 6709, 'rank': 16, 'fitness': 0.9787044216550985, 'generation': 84}","{'id': 6709, 'rank': 17, 'fitness': 0.9787044216550985, 'generation': 84}","{'id': 6752, 'rank': 18, 'fitness': 0.9781570987487713, 'generation': 84}","{'id': 6741, 'rank': 19, 'fitness': 0.9779949514927617, 'generation': 84}","{'id': 6619, 'rank': 20, 'fitness': 0.977749204292855, 'generation': 84}","{'id': 6619, 'rank': 21, 'fitness': 0.977749204292855, 'generation': 84}","{'id': 6684, 'rank': 22, 'fitness': 0.9773847464815977, 'generation': 84}","{'id': 6726, 'rank': 23, 'fitness': 0.9773634377613167, 'generation': 84}","{'id': 6732, 'rank': 24, 'fitness': 0.9764472716143976, 'generation': 84}","{'id': 6732, 'rank': 25, 'fitness': 0.9764472716143976, 'generation': 84}","{'id': 6721, 'rank': 26, 'fitness': 0.9756603429997259, 'generation': 84}","{'id': 6721, 'rank': 27, 'fitness': 0.9756603429997259, 'generation': 84}","{'id': 6654, 'rank': 28, 'fitness': 0.9706738680900524, 'generation': 84}","{'id': 6654, 'rank': 29, 'fitness': 0.9706738680900524, 'generation': 84}","{'id': 6734, 'rank': 30, 'fitness': 0.01798620996209155, 'generation': 84}"
"{'id': 6682, 'rank': 1, 'fitness': 0.9820137900379085, 'generation': 85}","{'id': 6792, 'rank': 2, 'fitness': 0.9784549149910533, 'generation': 85}","{'id': 6710, 'rank': 3, 'fitness': 0.9774694333614482, 'generation': 85}","{'id': 6828, 'rank': 4, 'fitness': 0.9755069657364701, 'generation': 85}","{'id': 6784, 'rank': 5, 'fitness': 0.9640862743426871, 'generation': 85}","{'id': 6820, 'rank': 6, 'fitness': 0.9616057831704092, 'generation': 85}","{'id': 6816, 'rank': 7, 'fitness': 0.9603266094838914, 'generation': 85}","{'id': 6815, 'rank': 8, 'fitness': 0.9460553107261168, 'generation': 85}","{'id': 6621, 'rank': 9, 'fitness': 0.9417812721724137, 'generation': 85}","{'id': 6621, 'rank': 10, 'fitness': 0.9417812721724137, 'generation': 85}","{'id': 6818, 'rank': 11, 'fitness': 0.9304283723509267, 'generation': 85}","{'id': 6771, 'rank': 12, 'fitness': 0.9232694655840772, 'generation': 85}","{'id': 6833, 'rank': 13, 'fitness': 0.9028365966744241, 'generation': 85}","{'id': 6718, 'rank': 14, 'fitness': 0.8960629232177011, 'generation': 85}","{'id': 6709, 'rank': 15, 'fitness': 0.8781966226554923, 'generation': 85}","{'id': 6836, 'rank': 16, 'fitness': 0.8753138689231534, 'generation': 85}","{'id': 6807, 'rank': 17, 'fitness': 0.8097234191386598, 'generation': 85}","{'id': 6619, 'rank': 18, 'fitness': 0.7988877755550399, 'generation': 85}","{'id': 6726, 'rank': 19, 'fitness': 0.758721316903793, 'generation': 85}","{'id': 6760, 'rank': 20, 'fitness': 0.6983497780173427, 'generation': 85}","{'id': 6775, 'rank': 21, 'fitness': 0.6240965577652987, 'generation': 85}","{'id': 6832, 'rank': 22, 'fitness': 0.555796053489965, 'generation': 85}","{'id': 6776, 'rank': 23, 'fitness': 0.3171415976175175, 'generation': 85}","{'id': 6768, 'rank': 24, 'fitness': 0.2081385647159349, 'generation': 85}","{'id': 6768, 'rank': 25, 'fitness': 0.2081385647159349, 'generation': 85}","{'id': 6835, 'rank': 26, 'fitness': 0.12321530494144572, 'generation': 85}","{'id': 6654, 'rank': 27, 'fitness': 0.08421154993807745, 'generation': 85}","{'id': 6809, 'rank': 28, 'fitness': 0.030293716703863938, 'generation': 85}","{'id': 6809, 'rank': 29, 'fitness': 0.030293716703863938, 'generation': 85}","{'id': 6837, 'rank': 30, 'fitness': 0.01798620996209155, 'generation': 85}"
"{'id': 6886, 'rank': 1, 'fitness': 0.9820137900379085, 'generation': 86}","{'id': 6861, 'rank': 2, 'fitness': 0.9818640210390084, 'generation': 86}","{'id': 6861, 'rank': 3, 'fitness': 0.9818640210390084, 'generation': 86}","{'id': 6856, 'rank': 4, 'fitness': 0.9818075041185674, 'generation': 86}","{'id': 6875, 'rank': 5, 'fitness': 0.9815386175386273, 'generation': 86}","{'id': 6906, 'rank': 6, 'fitness': 0.981489023037371, 'generation': 86}","{'id': 6904, 'rank': 7, 'fitness': 0.9814775448727342, 'generation': 86}","{'id': 6820, 'rank': 8, 'fitness': 0.9814556266132963, 'generation': 86}","{'id': 6815, 'rank': 9, 'fitness': 0.9812286339457723, 'generation': 86}","{'id': 6841, 'rank': 10, 'fitness': 0.9811869121906516, 'generation': 86}","{'id': 6901, 'rank': 11, 'fitness': 0.9811355769879117, 'generation': 86}","{'id': 6852, 'rank': 12, 'fitness': 0.9810796471007501, 'generation': 86}","{'id': 6818, 'rank': 13, 'fitness': 0.9810541546998045, 'generation': 86}","{'id': 6909, 'rank': 14, 'fitness': 0.9809553117287741, 'generation': 86}","{'id': 6709, 'rank': 15, 'fitness': 0.9806504901697919, 'generation': 86}","{'id': 6726, 'rank': 16, 'fitness': 0.9800950521325865, 'generation': 86}","{'id': 6760, 'rank': 17, 'fitness': 0.9798861463896791, 'generation': 86}","{'id': 6892, 'rank': 18, 'fitness': 0.9798409009479723, 'generation': 86}","{'id': 6905, 'rank': 19, 'fitness': 0.9792735659534507, 'generation': 86}","{'id': 6776, 'rank': 20, 'fitness': 0.9787546245141754, 'generation': 86}","{'id': 6898, 'rank': 21, 'fitness': 0.9766749381056782, 'generation': 86}","{'id': 6863, 'rank': 22, 'fitness': 0.9735754870597776, 'generation': 86}","{'id': 6899, 'rank': 23, 'fitness': 0.9734663594709754, 'generation': 86}","{'id': 6879, 'rank': 24, 'fitness': 0.9580335316407342, 'generation': 86}","{'id': 6848, 'rank': 25, 'fitness': 0.9325377868184912, 'generation': 86}","{'id': 6887, 'rank': 26, 'fitness': 0.9208278682208834, 'generation': 86}","{'id': 6869, 'rank': 27, 'fitness': 0.8997513689523279, 'generation': 86}","{'id': 6872, 'rank': 28, 'fitness': 0.3718630202832912, 'generation': 86}","{'id': 6864, 'rank': 29, 'fitness': 0.0916343138432758, 'generation': 86}","{'id': 6862, 'rank': 30, 'fitness': 0.01798620996209155, 'generation': 86}"
"{'id': 6984, 'rank': 1, 'fitness': 0.9820137900379085, 'generation': 87}","{'id': 6959, 'rank': 2, 'fitness': 0.9818891539757648, 'generation': 87}","{'id': 6959, 'rank': 3, 'fitness': 0.9818891539757648, 'generation': 87}","{'id': 6959, 'rank': 4, 'fitness': 0.9818891539757648, 'generation': 87}","{'id': 6961, 'rank': 5, 'fitness': 0.9818559086239447, 'generation': 87}","{'id': 6861, 'rank': 6, 'fitness': 0.9817584492854594, 'generation': 87}","{'id': 6991, 'rank': 7, 'fitness': 0.9817416515437567, 'generation': 87}","{'id': 6957, 'rank': 8, 'fitness': 0.981328702453441, 'generation': 87}","{'id': 6906, 'rank': 9, 'fitness': 0.9812779829045369, 'generation': 87}","{'id': 6923, 'rank': 10, 'fitness': 0.9811858561146345, 'generation': 87}","{'id': 6923, 'rank': 11, 'fitness': 0.9811858561146345, 'generation': 87}","{'id': 6915, 'rank': 12, 'fitness': 0.9811684511145172, 'generation': 87}","{'id': 6963, 'rank': 13, 'fitness': 0.9808799542247166, 'generation': 87}","{'id': 6916, 'rank': 14, 'fitness': 0.9808701738584515, 'generation': 87}","{'id': 6940, 'rank': 15, 'fitness': 0.9807007509063703, 'generation': 87}","{'id': 6973, 'rank': 16, 'fitness': 0.9804737730351707, 'generation': 87}","{'id': 6709, 'rank': 17, 'fitness': 0.9801943210217077, 'generation': 87}","{'id': 6937, 'rank': 18, 'fitness': 0.9801814148581384, 'generation': 87}","{'id': 6967, 'rank': 19, 'fitness': 0.9801526317779086, 'generation': 87}","{'id': 6921, 'rank': 20, 'fitness': 0.979524351810278, 'generation': 87}","{'id': 6760, 'rank': 21, 'fitness': 0.9791956591825743, 'generation': 87}","{'id': 6919, 'rank': 22, 'fitness': 0.9791769938249201, 'generation': 87}","{'id': 6892, 'rank': 23, 'fitness': 0.9791362254426623, 'generation': 87}","{'id': 6892, 'rank': 24, 'fitness': 0.9791362254426623, 'generation': 87}","{'id': 6930, 'rank': 25, 'fitness': 0.9784626787079902, 'generation': 87}","{'id': 6995, 'rank': 26, 'fitness': 0.9733882482985775, 'generation': 87}","{'id': 6924, 'rank': 27, 'fitness': 0.964634163964483, 'generation': 87}","{'id': 6924, 'rank': 28, 'fitness': 0.964634163964483, 'generation': 87}","{'id': 6943, 'rank': 29, 'fitness': 0.7429977340371208, 'generation': 87}","{'id': 6864, 'rank': 30, 'fitness': 0.01798620996209155, 'generation': 87}"
"{'id': 7047, 'rank': 1, 'fitness': 0.9820137900379085, 'generation': 88}","{'id': 7010, 'rank': 2, 'fitness': 0.9813075699930155, 'generation': 88}","{'id': 6861, 'rank': 3, 'fitness': 0.9801922565605987, 'generation': 88}","{'id': 6861, 'rank': 4, 'fitness': 0.9801922565605987, 'generation': 88}","{'id': 7081, 'rank': 5, 'fitness': 0.9796799291952144, 'generation': 88}","{'id': 7081, 'rank': 6, 'fitness': 0.9796799291952144, 'generation': 88}","{'id': 7032, 'rank': 7, 'fitness': 0.979470727178014, 'generation': 88}","{'id': 7028, 'rank': 8, 'fitness': 0.9790098311282469, 'generation': 88}","{'id': 7029, 'rank': 9, 'fitness': 0.9782227817034379, 'generation': 88}","{'id': 7034, 'rank': 10, 'fitness': 0.9767585287552172, 'generation': 88}","{'id': 7034, 'rank': 11, 'fitness': 0.9767585287552172, 'generation': 88}","{'id': 7001, 'rank': 12, 'fitness': 0.9682501080888853, 'generation': 88}","{'id': 7077, 'rank': 13, 'fitness': 0.9667650498354334, 'generation': 88}","{'id': 6916, 'rank': 14, 'fitness': 0.9657216530697986, 'generation': 88}","{'id': 7044, 'rank': 15, 'fitness': 0.9650536745651838, 'generation': 88}","{'id': 7079, 'rank': 16, 'fitness': 0.9605363624070483, 'generation': 88}","{'id': 6937, 'rank': 17, 'fitness': 0.948775660959341, 'generation': 88}","{'id': 6999, 'rank': 18, 'fitness': 0.9480699046750671, 'generation': 88}","{'id': 7013, 'rank': 19, 'fitness': 0.9395557155273633, 'generation': 88}","{'id': 7058, 'rank': 20, 'fitness': 0.92460657979555, 'generation': 88}","{'id': 7022, 'rank': 21, 'fitness': 0.9128622854890553, 'generation': 88}","{'id': 7061, 'rank': 22, 'fitness': 0.9116997873272148, 'generation': 88}","{'id': 7016, 'rank': 23, 'fitness': 0.8931698304804789, 'generation': 88}","{'id': 7040, 'rank': 24, 'fitness': 0.8816518059164161, 'generation': 88}","{'id': 7024, 'rank': 25, 'fitness': 0.8816285869985566, 'generation': 88}","{'id': 7023, 'rank': 26, 'fitness': 0.8736255120379154, 'generation': 88}","{'id': 7039, 'rank': 27, 'fitness': 0.5635014312728731, 'generation': 88}","{'id': 7037, 'rank': 28, 'fitness': 0.4280636683189687, 'generation': 88}","{'id': 7070, 'rank': 29, 'fitness': 0.06358957104920082, 'generation': 88}","{'id': 6924, 'rank': 30, 'fitness': 0.01798620996209155, 'generation': 88}"
"{'id': 6861, 'rank': 1, 'fitness': 0.9820137900379085, 'generation': 89}","{'id': 7090, 'rank': 2, 'fitness': 0.9813844608186785, 'generation': 89}","{'id': 7153, 'rank': 3, 'fitness': 0.9812607805950024, 'generation': 89}","{'id': 7150, 'rank': 4, 'fitness': 0.9811632466328861, 'generation': 89}","{'id': 7034, 'rank': 5, 'fitness': 0.9810881550228128, 'generation': 89}","{'id': 7126, 'rank': 6, 'fitness': 0.9808808811752958, 'generation': 89}","{'id': 7091, 'rank': 7, 'fitness': 0.9803197270041228, 'generation': 89}","{'id': 7120, 'rank': 8, 'fitness': 0.98003121025174, 'generation': 89}","{'id': 7157, 'rank': 9, 'fitness': 0.9799906338607576, 'generation': 89}","{'id': 7123, 'rank': 10, 'fitness': 0.9799173029749638, 'generation': 89}","{'id': 7123, 'rank': 11, 'fitness': 0.9799173029749638, 'generation': 89}","{'id': 7123, 'rank': 12, 'fitness': 0.9799173029749638, 'generation': 89}","{'id': 7112, 'rank': 13, 'fitness': 0.9790655445659847, 'generation': 89}","{'id': 7077, 'rank': 14, 'fitness': 0.9788290902470138, 'generation': 89}","{'id': 7092, 'rank': 15, 'fitness': 0.9775738884926337, 'generation': 89}","{'id': 7122, 'rank': 16, 'fitness': 0.9772943265828432, 'generation': 89}","{'id': 7151, 'rank': 17, 'fitness': 0.9767561000838094, 'generation': 89}","{'id': 7151, 'rank': 18, 'fitness': 0.9767561000838094, 'generation': 89}","{'id': 7095, 'rank': 19, 'fitness': 0.9751432147499559, 'generation': 89}","{'id': 7013, 'rank': 20, 'fitness': 0.9743598342694342, 'generation': 89}","{'id': 7145, 'rank': 21, 'fitness': 0.9726348825437694, 'generation': 89}","{'id': 7124, 'rank': 22, 'fitness': 0.9579397229346629, 'generation': 89}","{'id': 7093, 'rank': 23, 'fitness': 0.9573190943748364, 'generation': 89}","{'id': 7116, 'rank': 24, 'fitness': 0.9482110535997885, 'generation': 89}","{'id': 7039, 'rank': 25, 'fitness': 0.9457787915665992, 'generation': 89}","{'id': 7039, 'rank': 26, 'fitness': 0.9457787915665992, 'generation': 89}","{'id': 7132, 'rank': 27, 'fitness': 0.8643352574202281, 'generation': 89}","{'id': 7132, 'rank': 28, 'fitness': 0.8643352574202281, 'generation': 89}","{'id': 7105, 'rank': 29, 'fitness': 0.5932816748581113, 'generation': 89}","{'id': 7109, 'rank': 30, 'fitness': 0.01798620996209155, 'generation': 89}"
"{'id': 7223, 'rank': 1, 'fitness': 0.9820137900379085, 'generation': 90}","{'id': 7243, 'rank': 2, 'fitness': 0.9817312272077212, 'generation': 90}","{'id': 7176, 'rank': 3, 'fitness': 0.9816339274565415, 'generation': 90}","{'id': 7227, 'rank': 4, 'fitness': 0.98088836056677, 'generation': 90}","{'id': 7227, 'rank': 5, 'fitness': 0.98088836056677, 'generation': 90}","{'id': 7181, 'rank': 6, 'fitness': 0.9807298175001709, 'generation': 90}","{'id': 7181, 'rank': 7, 'fitness': 0.9807298175001709, 'generation': 90}","{'id': 7228, 'rank': 8, 'fitness': 0.9805853251360577, 'generation': 90}","{'id': 7112, 'rank': 9, 'fitness': 0.9803716281232537, 'generation': 90}","{'id': 7230, 'rank': 10, 'fitness': 0.9801404030482954, 'generation': 90}","{'id': 7230, 'rank': 11, 'fitness': 0.9801404030482954, 'generation': 90}","{'id': 7230, 'rank': 12, 'fitness': 0.9801404030482954, 'generation': 90}","{'id': 7179, 'rank': 13, 'fitness': 0.979843061357669, 'generation': 90}","{'id': 7231, 'rank': 14, 'fitness': 0.9794074901004313, 'generation': 90}","{'id': 7238, 'rank': 15, 'fitness': 0.9792156214955907, 'generation': 90}","{'id': 7199, 'rank': 16, 'fitness': 0.9789286726644921, 'generation': 90}","{'id': 7203, 'rank': 17, 'fitness': 0.9785616808509822, 'generation': 90}","{'id': 7202, 'rank': 18, 'fitness': 0.9783621679807941, 'generation': 90}","{'id': 7202, 'rank': 19, 'fitness': 0.9783621679807941, 'generation': 90}","{'id': 7013, 'rank': 20, 'fitness': 0.9775585586534942, 'generation': 90}","{'id': 7167, 'rank': 21, 'fitness': 0.9770308880201256, 'generation': 90}","{'id': 7196, 'rank': 22, 'fitness': 0.9767858730714263, 'generation': 90}","{'id': 7237, 'rank': 23, 'fitness': 0.9740391235843333, 'generation': 90}","{'id': 7207, 'rank': 24, 'fitness': 0.9723928441099972, 'generation': 90}","{'id': 7173, 'rank': 25, 'fitness': 0.9714085966889465, 'generation': 90}","{'id': 7173, 'rank': 26, 'fitness': 0.9714085966889465, 'generation': 90}","{'id': 7168, 'rank': 27, 'fitness': 0.9690681748595791, 'generation': 90}","{'id': 7116, 'rank': 28, 'fitness': 0.9641843284379412, 'generation': 90}","{'id': 7211, 'rank': 29, 'fitness': 0.05849133899453568, 'generation': 90}","{'id': 7212, 'rank': 30, 'fitness': 0.01798620996209155, 'generation': 90}"
"{'id': 7279, 'rank': 1, 'fitness': 0.9820137900379085, 'generation': 91}","{'id': 7320, 'rank': 2, 'fitness': 0.9783501826826757, 'generation': 91}","{'id': 7243, 'rank': 3, 'fitness': 0.9782372210718502, 'generation': 91}","{'id': 7176, 'rank': 4, 'fitness': 0.9776286578475952, 'generation': 91}","{'id': 7326, 'rank': 5, 'fitness': 0.9716926999302968, 'generation': 91}","{'id': 7326, 'rank': 6, 'fitness': 0.9716926999302968, 'generation': 91}","{'id': 7254, 'rank': 7, 'fitness': 0.971435673722017, 'generation': 91}","{'id': 7309, 'rank': 8, 'fitness': 0.9689378918175799, 'generation': 91}","{'id': 7330, 'rank': 9, 'fitness': 0.9686623283082297, 'generation': 91}","{'id': 7112, 'rank': 10, 'fitness': 0.9684522828033546, 'generation': 91}","{'id': 7262, 'rank': 11, 'fitness': 0.968290067559124, 'generation': 91}","{'id': 7257, 'rank': 12, 'fitness': 0.9681452862130864, 'generation': 91}","{'id': 7273, 'rank': 13, 'fitness': 0.967219437193253, 'generation': 91}","{'id': 7230, 'rank': 14, 'fitness': 0.9664933225924955, 'generation': 91}","{'id': 7230, 'rank': 15, 'fitness': 0.9664933225924955, 'generation': 91}","{'id': 7281, 'rank': 16, 'fitness': 0.9607039239729609, 'generation': 91}","{'id': 7298, 'rank': 17, 'fitness': 0.9599061479343431, 'generation': 91}","{'id': 7298, 'rank': 18, 'fitness': 0.9599061479343431, 'generation': 91}","{'id': 7199, 'rank': 19, 'fitness': 0.9546441239407444, 'generation': 91}","{'id': 7290, 'rank': 20, 'fitness': 0.947634263635635, 'generation': 91}","{'id': 7292, 'rank': 21, 'fitness': 0.94528236083431, 'generation': 91}","{'id': 7316, 'rank': 22, 'fitness': 0.9326754183622741, 'generation': 91}","{'id': 7196, 'rank': 23, 'fitness': 0.9262600390895335, 'generation': 91}","{'id': 7303, 'rank': 24, 'fitness': 0.8734206714232033, 'generation': 91}","{'id': 7293, 'rank': 25, 'fitness': 0.8717710835528818, 'generation': 91}","{'id': 7207, 'rank': 26, 'fitness': 0.8325501712605103, 'generation': 91}","{'id': 7173, 'rank': 27, 'fitness': 0.8047028213259912, 'generation': 91}","{'id': 7270, 'rank': 28, 'fitness': 0.6987323836394579, 'generation': 91}","{'id': 7272, 'rank': 29, 'fitness': 0.6763504135055074, 'generation': 91}","{'id': 7314, 'rank': 30, 'fitness': 0.01798620996209155, 'generation': 91}"
"{'id': 7405, 'rank': 1, 'fitness': 0.9820137900379085, 'generation': 92}","{'id': 7357, 'rank': 2, 'fitness': 0.9813007238837574, 'generation': 92}","{'id': 7320, 'rank': 3, 'fitness': 0.9811491805316421, 'generation': 92}","{'id': 7373, 'rank': 4, 'fitness': 0.9756426837424199, 'generation': 92}","{'id': 7262, 'rank': 5, 'fitness': 0.9721616779698188, 'generation': 92}","{'id': 7368, 'rank': 6, 'fitness': 0.9716347459594429, 'generation': 92}","{'id': 7368, 'rank': 7, 'fitness': 0.9716347459594429, 'generation': 92}","{'id': 7394, 'rank': 8, 'fitness': 0.9712610986181587, 'generation': 92}","{'id': 7273, 'rank': 9, 'fitness': 0.9712005242384054, 'generation': 92}","{'id': 7230, 'rank': 10, 'fitness': 0.9705481946858607, 'generation': 92}","{'id': 7347, 'rank': 11, 'fitness': 0.9703219018457929, 'generation': 92}","{'id': 7348, 'rank': 12, 'fitness': 0.9696005455593396, 'generation': 92}","{'id': 7369, 'rank': 13, 'fitness': 0.9652383076778448, 'generation': 92}","{'id': 7392, 'rank': 14, 'fitness': 0.9615346727151906, 'generation': 92}","{'id': 7395, 'rank': 15, 'fitness': 0.9571628319583346, 'generation': 92}","{'id': 7417, 'rank': 16, 'fitness': 0.9547389596280011, 'generation': 92}","{'id': 7290, 'rank': 17, 'fitness': 0.9534898677839998, 'generation': 92}","{'id': 7409, 'rank': 18, 'fitness': 0.9475960166270139, 'generation': 92}","{'id': 7409, 'rank': 19, 'fitness': 0.9475960166270139, 'generation': 92}","{'id': 7379, 'rank': 20, 'fitness': 0.9442413736358655, 'generation': 92}","{'id': 7389, 'rank': 21, 'fitness': 0.9384378293926845, 'generation': 92}","{'id': 7363, 'rank': 22, 'fitness': 0.9353855072978724, 'generation': 92}","{'id': 7403, 'rank': 23, 'fitness': 0.9346770717269173, 'generation': 92}","{'id': 7391, 'rank': 24, 'fitness': 0.8660524960733971, 'generation': 92}","{'id': 7207, 'rank': 25, 'fitness': 0.8462102952654373, 'generation': 92}","{'id': 7272, 'rank': 26, 'fitness': 0.6948181698815197, 'generation': 92}","{'id': 7413, 'rank': 27, 'fitness': 0.6519464685658216, 'generation': 92}","{'id': 7385, 'rank': 28, 'fitness': 0.11541247846820712, 'generation': 92}","{'id': 7314, 'rank': 29, 'fitness': 0.01798620996209155, 'generation': 92}","{'id': 7314, 'rank': 30, 'fitness': 0.01798620996209155, 'generation': 92}"
"{'id': 7464, 'rank': 1, 'fitness': 0.9820137900379085, 'generation': 93}","{'id': 7432, 'rank': 2, 'fitness': 0.9819930168154605, 'generation': 93}","{'id': 7465, 'rank': 3, 'fitness': 0.9819087272890173, 'generation': 93}","{'id': 7445, 'rank': 4, 'fitness': 0.9818715320074981, 'generation': 93}","{'id': 7469, 'rank': 5, 'fitness': 0.9817007471153684, 'generation': 93}","{'id': 7230, 'rank': 6, 'fitness': 0.9816872148087268, 'generation': 93}","{'id': 7230, 'rank': 7, 'fitness': 0.9816872148087268, 'generation': 93}","{'id': 7451, 'rank': 8, 'fitness': 0.9816518922596649, 'generation': 93}","{'id': 7497, 'rank': 9, 'fitness': 0.9815969989302451, 'generation': 93}","{'id': 7392, 'rank': 10, 'fitness': 0.9815081836454649, 'generation': 93}","{'id': 7496, 'rank': 11, 'fitness': 0.9815051889726732, 'generation': 93}","{'id': 7452, 'rank': 12, 'fitness': 0.9815046886550269, 'generation': 93}","{'id': 7447, 'rank': 13, 'fitness': 0.9814999044475801, 'generation': 93}","{'id': 7479, 'rank': 14, 'fitness': 0.9814478819290513, 'generation': 93}","{'id': 7479, 'rank': 15, 'fitness': 0.9814478819290513, 'generation': 93}","{'id': 7395, 'rank': 16, 'fitness': 0.9814349980212869, 'generation': 93}","{'id': 7290, 'rank': 17, 'fitness': 0.981378641490378, 'generation': 93}","{'id': 7379, 'rank': 18, 'fitness': 0.9812529641448329, 'generation': 93}","{'id': 7389, 'rank': 19, 'fitness': 0.981183440497048, 'generation': 93}","{'id': 7436, 'rank': 20, 'fitness': 0.9811429945429724, 'generation': 93}","{'id': 7403, 'rank': 21, 'fitness': 0.9811414704997559, 'generation': 93}","{'id': 7493, 'rank': 22, 'fitness': 0.9811409968857852, 'generation': 93}","{'id': 7439, 'rank': 23, 'fitness': 0.9806084132956296, 'generation': 93}","{'id': 7485, 'rank': 24, 'fitness': 0.9805171258704795, 'generation': 93}","{'id': 7314, 'rank': 25, 'fitness': 0.976173611178513, 'generation': 93}","{'id': 7489, 'rank': 26, 'fitness': 0.9761612853952074, 'generation': 93}","{'id': 7491, 'rank': 27, 'fitness': 0.9736113124952666, 'generation': 93}","{'id': 7503, 'rank': 28, 'fitness': 0.9131020050706088, 'generation': 93}","{'id': 7503, 'rank': 29, 'fitness': 0.9131020050706088, 'generation': 93}","{'id': 7507, 'rank': 30, 'fitness': 0.01798620996209155, 'generation': 93}"
"{'id': 7591, 'rank': 1, 'fitness': 0.9820137900379085, 'generation': 94}","{'id': 7561, 'rank': 2, 'fitness': 0.9818956966168422, 'generation': 94}","{'id': 7516, 'rank': 3, 'fitness': 0.9818314884686179, 'generation': 94}","{'id': 7538, 'rank': 4, 'fitness': 0.9817593097329688, 'generation': 94}","{'id': 7445, 'rank': 5, 'fitness': 0.981634765481357, 'generation': 94}","{'id': 7562, 'rank': 6, 'fitness': 0.9815721666469194, 'generation': 94}","{'id': 7523, 'rank': 7, 'fitness': 0.9814864435591777, 'generation': 94}","{'id': 7590, 'rank': 8, 'fitness': 0.9814697523373805, 'generation': 94}","{'id': 7518, 'rank': 9, 'fitness': 0.9811288540172443, 'generation': 94}","{'id': 7509, 'rank': 10, 'fitness': 0.9809305168317373, 'generation': 94}","{'id': 7451, 'rank': 11, 'fitness': 0.9807413679178905, 'generation': 94}","{'id': 7536, 'rank': 12, 'fitness': 0.980617986779383, 'generation': 94}","{'id': 7536, 'rank': 13, 'fitness': 0.980617986779383, 'generation': 94}","{'id': 7521, 'rank': 14, 'fitness': 0.9805622087709774, 'generation': 94}","{'id': 7573, 'rank': 15, 'fitness': 0.9803481960527041, 'generation': 94}","{'id': 7586, 'rank': 16, 'fitness': 0.9801736886747657, 'generation': 94}","{'id': 7479, 'rank': 17, 'fitness': 0.9798834453454746, 'generation': 94}","{'id': 7589, 'rank': 18, 'fitness': 0.9798333461932508, 'generation': 94}","{'id': 7524, 'rank': 19, 'fitness': 0.9789628420819414, 'generation': 94}","{'id': 7588, 'rank': 20, 'fitness': 0.9789098470214908, 'generation': 94}","{'id': 7436, 'rank': 21, 'fitness': 0.9785497259133602, 'generation': 94}","{'id': 7511, 'rank': 22, 'fitness': 0.978120948070061, 'generation': 94}","{'id': 7526, 'rank': 23, 'fitness': 0.9779015947907264, 'generation': 94}","{'id': 7485, 'rank': 24, 'fitness': 0.9756116023070338, 'generation': 94}","{'id': 7557, 'rank': 25, 'fitness': 0.9671816191494478, 'generation': 94}","{'id': 7558, 'rank': 26, 'fitness': 0.9616045896242071, 'generation': 94}","{'id': 7559, 'rank': 27, 'fitness': 0.9570366701879951, 'generation': 94}","{'id': 7553, 'rank': 28, 'fitness': 0.09148286818347579, 'generation': 94}","{'id': 7503, 'rank': 29, 'fitness': 0.07635165250441833, 'generation': 94}","{'id': 7551, 'rank': 30, 'fitness': 0.01798620996209155, 'generation': 94}"
"{'id': 7629, 'rank': 1, 'fitness': 0.9820137900379085, 'generation': 95}","{'id': 7652, 'rank': 2, 'fitness': 0.9815197483573398, 'generation': 95}","{'id': 7516, 'rank': 3, 'fitness': 0.98132916713415, 'generation': 95}","{'id': 7562, 'rank': 4, 'fitness': 0.9810015168292083, 'generation': 95}","{'id': 7523, 'rank': 5, 'fitness': 0.9808929800895615, 'generation': 95}","{'id': 7523, 'rank': 6, 'fitness': 0.9808929800895615, 'generation': 95}","{'id': 7601, 'rank': 7, 'fitness': 0.9808778212303941, 'generation': 95}","{'id': 7660, 'rank': 8, 'fitness': 0.9801118733971388, 'generation': 95}","{'id': 7633, 'rank': 9, 'fitness': 0.9800323739415533, 'generation': 95}","{'id': 7649, 'rank': 10, 'fitness': 0.9799223281028412, 'generation': 95}","{'id': 7640, 'rank': 11, 'fitness': 0.9799165765705162, 'generation': 95}","{'id': 7616, 'rank': 12, 'fitness': 0.979815121346274, 'generation': 95}","{'id': 7521, 'rank': 13, 'fitness': 0.979715764381336, 'generation': 95}","{'id': 7661, 'rank': 14, 'fitness': 0.9795615985911104, 'generation': 95}","{'id': 7661, 'rank': 15, 'fitness': 0.9795615985911104, 'generation': 95}","{'id': 7611, 'rank': 16, 'fitness': 0.9795325514281623, 'generation': 95}","{'id': 7573, 'rank': 17, 'fitness': 0.9794413755488235, 'generation': 95}","{'id': 7589, 'rank': 18, 'fitness': 0.9787785781365336, 'generation': 95}","{'id': 7600, 'rank': 19, 'fitness': 0.9784234774798766, 'generation': 95}","{'id': 7630, 'rank': 20, 'fitness': 0.9780277622408251, 'generation': 95}","{'id': 7606, 'rank': 21, 'fitness': 0.9779419356018861, 'generation': 95}","{'id': 7524, 'rank': 22, 'fitness': 0.9776494427648785, 'generation': 95}","{'id': 7596, 'rank': 23, 'fitness': 0.9772745024239012, 'generation': 95}","{'id': 7663, 'rank': 24, 'fitness': 0.976765631070862, 'generation': 95}","{'id': 7664, 'rank': 25, 'fitness': 0.9765917657120863, 'generation': 95}","{'id': 7605, 'rank': 26, 'fitness': 0.9760248405080865, 'generation': 95}","{'id': 7621, 'rank': 27, 'fitness': 0.9386123882022739, 'generation': 95}","{'id': 7603, 'rank': 28, 'fitness': 0.916208253781412, 'generation': 95}","{'id': 7503, 'rank': 29, 'fitness': 0.01798620996209155, 'generation': 95}","{'id': 7503, 'rank': 30, 'fitness': 0.01798620996209155, 'generation': 95}"
"{'id': 7748, 'rank': 1, 'fitness': 0.9820137900379085, 'generation': 96}","{'id': 7695, 'rank': 2, 'fitness': 0.9806583673857735, 'generation': 96}","{'id': 7704, 'rank': 3, 'fitness': 0.9796939322417195, 'generation': 96}","{'id': 7753, 'rank': 4, 'fitness': 0.9790878290316458, 'generation': 96}","{'id': 7562, 'rank': 5, 'fitness': 0.9784629831308267, 'generation': 96}","{'id': 7523, 'rank': 6, 'fitness': 0.9781467143540391, 'generation': 96}","{'id': 7700, 'rank': 7, 'fitness': 0.976868356925928, 'generation': 96}","{'id': 7665, 'rank': 8, 'fitness': 0.9764936853186239, 'generation': 96}","{'id': 7713, 'rank': 9, 'fitness': 0.9762786859237362, 'generation': 96}","{'id': 7649, 'rank': 10, 'fitness': 0.9751956086518736, 'generation': 96}","{'id': 7669, 'rank': 11, 'fitness': 0.974874955079577, 'generation': 96}","{'id': 7706, 'rank': 12, 'fitness': 0.9746463210069927, 'generation': 96}","{'id': 7729, 'rank': 13, 'fitness': 0.9742101692576575, 'generation': 96}","{'id': 7673, 'rank': 14, 'fitness': 0.973844625484052, 'generation': 96}","{'id': 7723, 'rank': 15, 'fitness': 0.9726491667036228, 'generation': 96}","{'id': 7675, 'rank': 16, 'fitness': 0.9720540320250654, 'generation': 96}","{'id': 7717, 'rank': 17, 'fitness': 0.9711303644617828, 'generation': 96}","{'id': 7600, 'rank': 18, 'fitness': 0.970198613534826, 'generation': 96}","{'id': 7755, 'rank': 19, 'fitness': 0.9699697321143042, 'generation': 96}","{'id': 7714, 'rank': 20, 'fitness': 0.9686491341281909, 'generation': 96}","{'id': 7741, 'rank': 21, 'fitness': 0.9658764430419307, 'generation': 96}","{'id': 7750, 'rank': 22, 'fitness': 0.9548855693512573, 'generation': 96}","{'id': 7745, 'rank': 23, 'fitness': 0.9524748464114392, 'generation': 96}","{'id': 7692, 'rank': 24, 'fitness': 0.952384912814225, 'generation': 96}","{'id': 7747, 'rank': 25, 'fitness': 0.9301366012495809, 'generation': 96}","{'id': 7671, 'rank': 26, 'fitness': 0.9228237381167059, 'generation': 96}","{'id': 7746, 'rank': 27, 'fitness': 0.9099051772177176, 'generation': 96}","{'id': 7621, 'rank': 28, 'fitness': 0.6667153620404004, 'generation': 96}","{'id': 7733, 'rank': 29, 'fitness': 0.06917932719421294, 'generation': 96}","{'id': 7732, 'rank': 30, 'fitness': 0.01798620996209155, 'generation': 96}"
"{'id': 7768, 'rank': 1, 'fitness': 0.9820137900379085, 'generation': 97}","{'id': 7768, 'rank': 2, 'fitness': 0.9820137900379085, 'generation': 97}","{'id': 7822, 'rank': 3, 'fitness': 0.9819489983162939, 'generation': 97}","{'id': 7808, 'rank': 4, 'fitness': 0.9804789776769265, 'generation': 97}","{'id': 7808, 'rank': 5, 'fitness': 0.9804789776769265, 'generation': 97}","{'id': 7562, 'rank': 6, 'fitness': 0.9797592066257171, 'generation': 97}","{'id': 7793, 'rank': 7, 'fitness': 0.9786265224000903, 'generation': 97}","{'id': 7758, 'rank': 8, 'fitness': 0.9769199826480975, 'generation': 97}","{'id': 7706, 'rank': 9, 'fitness': 0.9767196761643302, 'generation': 97}","{'id': 7673, 'rank': 10, 'fitness': 0.9760894918243477, 'generation': 97}","{'id': 7826, 'rank': 11, 'fitness': 0.9757724779096227, 'generation': 97}","{'id': 7771, 'rank': 12, 'fitness': 0.974454486730882, 'generation': 97}","{'id': 7717, 'rank': 13, 'fitness': 0.9739748313778707, 'generation': 97}","{'id': 7790, 'rank': 14, 'fitness': 0.9736589107892248, 'generation': 97}","{'id': 7781, 'rank': 15, 'fitness': 0.9733210355033801, 'generation': 97}","{'id': 7781, 'rank': 16, 'fitness': 0.9733210355033801, 'generation': 97}","{'id': 7600, 'rank': 17, 'fitness': 0.9732552100978511, 'generation': 97}","{'id': 7825, 'rank': 18, 'fitness': 0.9724330926688378, 'generation': 97}","{'id': 7782, 'rank': 19, 'fitness': 0.9722811373289671, 'generation': 97}","{'id': 7786, 'rank': 20, 'fitness': 0.9700134181381868, 'generation': 97}","{'id': 7741, 'rank': 21, 'fitness': 0.9699546965657474, 'generation': 97}","{'id': 7794, 'rank': 22, 'fitness': 0.9669293039492156, 'generation': 97}","{'id': 7794, 'rank': 23, 'fitness': 0.9669293039492156, 'generation': 97}","{'id': 7794, 'rank': 24, 'fitness': 0.9669293039492156, 'generation': 97}","{'id': 7783, 'rank': 25, 'fitness': 0.9563126863811443, 'generation': 97}","{'id': 7671, 'rank': 26, 'fitness': 0.939166866438837, 'generation': 97}","{'id': 7801, 'rank': 27, 'fitness': 0.9337662029795143, 'generation': 97}","{'id': 7621, 'rank': 28, 'fitness': 0.7696271157780956, 'generation': 97}","{'id': 7732, 'rank': 29, 'fitness': 0.056696039409092236, 'generation': 97}","{'id': 7780, 'rank': 30, 'fitness': 0.01798620996209155, 'generation': 97}"
"{'id': 7863, 'rank': 1, 'fitness': 0.9820137900379085, 'generation': 98}","{'id': 7847, 'rank': 2, 'fitness': 0.9799902904174148, 'generation': 98}","{'id': 7847, 'rank': 3, 'fitness': 0.9799902904174148, 'generation': 98}","{'id': 7870, 'rank': 4, 'fitness': 0.9772622919597442, 'generation': 98}","{'id': 7844, 'rank': 5, 'fitness': 0.9764311479024164, 'generation': 98}","{'id': 7859, 'rank': 6, 'fitness': 0.9709086079294935, 'generation': 98}","{'id': 7893, 'rank': 7, 'fitness': 0.9694316068587439, 'generation': 98}","{'id': 7871, 'rank': 8, 'fitness': 0.9670088622490782, 'generation': 98}","{'id': 7842, 'rank': 9, 'fitness': 0.9635502576502233, 'generation': 98}","{'id': 7896, 'rank': 10, 'fitness': 0.9619132432898585, 'generation': 98}","{'id': 7896, 'rank': 11, 'fitness': 0.9619132432898585, 'generation': 98}","{'id': 7917, 'rank': 12, 'fitness': 0.9608919258291683, 'generation': 98}","{'id': 7853, 'rank': 13, 'fitness': 0.960237074867027, 'generation': 98}","{'id': 7826, 'rank': 14, 'fitness': 0.9575086986465466, 'generation': 98}","{'id': 7881, 'rank': 15, 'fitness': 0.9574535333779333, 'generation': 98}","{'id': 7868, 'rank': 16, 'fitness': 0.9533288233495163, 'generation': 98}","{'id': 7868, 'rank': 17, 'fitness': 0.9533288233495163, 'generation': 98}","{'id': 7876, 'rank': 18, 'fitness': 0.9459649160219846, 'generation': 98}","{'id': 7600, 'rank': 19, 'fitness': 0.9440767487131627, 'generation': 98}","{'id': 7918, 'rank': 20, 'fitness': 0.9394797606428099, 'generation': 98}","{'id': 7850, 'rank': 21, 'fitness': 0.9368400460525379, 'generation': 98}","{'id': 7886, 'rank': 22, 'fitness': 0.9249386301668776, 'generation': 98}","{'id': 7794, 'rank': 23, 'fitness': 0.9005332209848791, 'generation': 98}","{'id': 7879, 'rank': 24, 'fitness': 0.8975600323610787, 'generation': 98}","{'id': 7884, 'rank': 25, 'fitness': 0.878571070851394, 'generation': 98}","{'id': 7838, 'rank': 26, 'fitness': 0.8528131885533886, 'generation': 98}","{'id': 7887, 'rank': 27, 'fitness': 0.8244322838388326, 'generation': 98}","{'id': 7890, 'rank': 28, 'fitness': 0.8067746284602988, 'generation': 98}","{'id': 7801, 'rank': 29, 'fitness': 0.5315197617123566, 'generation': 98}","{'id': 7903, 'rank': 30, 'fitness': 0.01798620996209155, 'generation': 98}"
"{'id': 7979, 'rank': 1, 'fitness': 0.9820137900379085, 'generation': 99}","{'id': 7863, 'rank': 2, 'fitness': 0.9819688395954413, 'generation': 99}","{'id': 7977, 'rank': 3, 'fitness': 0.9810308407613604, 'generation': 99}","{'id': 7920, 'rank': 4, 'fitness': 0.9797055834315966, 'generation': 99}","{'id': 7978, 'rank': 5, 'fitness': 0.9793393976999578, 'generation': 99}","{'id': 7893, 'rank': 6, 'fitness': 0.9770201724305285, 'generation': 99}","{'id': 7995, 'rank': 7, 'fitness': 0.9763525331180863, 'generation': 99}","{'id': 8002, 'rank': 8, 'fitness': 0.976170613347898, 'generation': 99}","{'id': 7997, 'rank': 9, 'fitness': 0.9755556522917774, 'generation': 99}","{'id': 7997, 'rank': 10, 'fitness': 0.9755556522917774, 'generation': 99}","{'id': 7896, 'rank': 11, 'fitness': 0.9745716116493457, 'generation': 99}","{'id': 7917, 'rank': 12, 'fitness': 0.974258909932342, 'generation': 99}","{'id': 7826, 'rank': 13, 'fitness': 0.973251671132602, 'generation': 99}","{'id': 7881, 'rank': 14, 'fitness': 0.9732355909378176, 'generation': 99}","{'id': 7600, 'rank': 15, 'fitness': 0.9696034433304936, 'generation': 99}","{'id': 8006, 'rank': 16, 'fitness': 0.9691475547592361, 'generation': 99}","{'id': 7922, 'rank': 17, 'fitness': 0.9661719944516504, 'generation': 99}","{'id': 7984, 'rank': 18, 'fitness': 0.9655137381471073, 'generation': 99}","{'id': 7794, 'rank': 19, 'fitness': 0.9600217813419775, 'generation': 99}","{'id': 7929, 'rank': 20, 'fitness': 0.9589813802221672, 'generation': 99}","{'id': 7884, 'rank': 21, 'fitness': 0.9559109334517766, 'generation': 99}","{'id': 7985, 'rank': 22, 'fitness': 0.954568545371646, 'generation': 99}","{'id': 7838, 'rank': 23, 'fitness': 0.9514422925381377, 'generation': 99}","{'id': 7965, 'rank': 24, 'fitness': 0.9488048182621942, 'generation': 99}","{'id': 7887, 'rank': 25, 'fitness': 0.9468212028867808, 'generation': 99}","{'id': 7975, 'rank': 26, 'fitness': 0.9376291989231449, 'generation': 99}","{'id': 7955, 'rank': 27, 'fitness': 0.9240505258018356, 'generation': 99}","{'id': 7955, 'rank': 28, 'fitness': 0.9240505258018356, 'generation': 99}","{'id': 7932, 'rank': 29, 'fitness': 0.7386947328371951, 'generation': 99}","{'id': 7983, 'rank': 30, 'fitness': 0.01798620996209155, 'generation': 99}"
"{'id': 8057, 'rank': 1, 'fitness': 0.9820137900379085, 'generation': 100}","{'id': 8064, 'rank': 2, 'fitness': 0.981739634889716, 'generation': 100}","{'id': 8064, 'rank': 3, 'fitness': 0.981739634889716, 'generation': 100}","{'id': 8028, 'rank': 4, 'fitness': 0.9817292765901862, 'generation': 100}","{'id': 8028, 'rank': 5, 'fitness': 0.9817292765901862, 'generation': 100}","{'id': 8050, 'rank': 6, 'fitness': 0.9816234963418684, 'generation': 100}","{'id': 8037, 'rank': 7, 'fitness': 0.978870643858221, 'generation': 100}","{'id': 7978, 'rank': 8, 'fitness': 0.9787011337321472, 'generation': 100}","{'id': 8013, 'rank': 9, 'fitness': 0.9762856539689251, 'generation': 100}","{'id': 8078, 'rank': 10, 'fitness': 0.972179228576863, 'generation': 100}","{'id': 8002, 'rank': 11, 'fitness': 0.9716990812876065, 'generation': 100}","{'id': 8008, 'rank': 12, 'fitness': 0.9708051064612337, 'generation': 100}","{'id': 8085, 'rank': 13, 'fitness': 0.9671527722773222, 'generation': 100}","{'id': 8038, 'rank': 14, 'fitness': 0.9580797483825273, 'generation': 100}","{'id': 8040, 'rank': 15, 'fitness': 0.9560825814115972, 'generation': 100}","{'id': 8046, 'rank': 16, 'fitness': 0.9460804178327537, 'generation': 100}","{'id': 7984, 'rank': 17, 'fitness': 0.9413689332021925, 'generation': 100}","{'id': 8016, 'rank': 18, 'fitness': 0.9327093164764936, 'generation': 100}","{'id': 7794, 'rank': 19, 'fitness': 0.9219815739671472, 'generation': 100}","{'id': 8084, 'rank': 20, 'fitness': 0.9055776356064325, 'generation': 100}","{'id': 8074, 'rank': 21, 'fitness': 0.8885428971406457, 'generation': 100}","{'id': 7838, 'rank': 22, 'fitness': 0.8872953809089354, 'generation': 100}","{'id': 8075, 'rank': 23, 'fitness': 0.882119227513998, 'generation': 100}","{'id': 8053, 'rank': 24, 'fitness': 0.7479827096740439, 'generation': 100}","{'id': 8027, 'rank': 25, 'fitness': 0.7417479719700829, 'generation': 100}","{'id': 8011, 'rank': 26, 'fitness': 0.6083558254732324, 'generation': 100}","{'id': 8073, 'rank': 27, 'fitness': 0.3615107587236088, 'generation': 100}","{'id': 7932, 'rank': 28, 'fitness': 0.14151349508484712, 'generation': 100}","{'id': 7932, 'rank': 29, 'fitness': 0.14151349508484712, 'generation': 100}","{'id': 8014, 'rank': 30, 'fitness': 0.01798620996209155, 'generation': 100}"
"{'id': 8154, 'rank': 1, 'fitness': 0.9820137900379085, 'generation': 101}","{'id': 8101, 'rank': 2, 'fitness': 0.9819425990446168, 'generation': 101}","{'id': 8092, 'rank': 3, 'fitness': 0.9810666456394863, 'generation': 101}","{'id': 8037, 'rank': 4, 'fitness': 0.9803000154670888, 'generation': 101}","{'id': 8037, 'rank': 5, 'fitness': 0.9803000154670888, 'generation': 101}","{'id': 8135, 'rank': 6, 'fitness': 0.9794918726981954, 'generation': 101}","{'id': 8078, 'rank': 7, 'fitness': 0.9789592492349928, 'generation': 101}","{'id': 8002, 'rank': 8, 'fitness': 0.978872638186059, 'generation': 101}","{'id': 8002, 'rank': 9, 'fitness': 0.978872638186059, 'generation': 101}","{'id': 8149, 'rank': 10, 'fitness': 0.9785436061407742, 'generation': 101}","{'id': 8038, 'rank': 11, 'fitness': 0.9767703785808364, 'generation': 101}","{'id': 8046, 'rank': 12, 'fitness': 0.9752970320898507, 'generation': 101}","{'id': 7984, 'rank': 13, 'fitness': 0.9747821324981134, 'generation': 101}","{'id': 8016, 'rank': 14, 'fitness': 0.9739063447465666, 'generation': 101}","{'id': 8150, 'rank': 15, 'fitness': 0.9735565216841775, 'generation': 101}","{'id': 7794, 'rank': 16, 'fitness': 0.972922647107908, 'generation': 101}","{'id': 7794, 'rank': 17, 'fitness': 0.972922647107908, 'generation': 101}","{'id': 8130, 'rank': 18, 'fitness': 0.969997111690633, 'generation': 101}","{'id': 8100, 'rank': 19, 'fitness': 0.9690287083418867, 'generation': 101}","{'id': 8097, 'rank': 20, 'fitness': 0.967431344394901, 'generation': 101}","{'id': 8161, 'rank': 21, 'fitness': 0.9663351134725122, 'generation': 101}","{'id': 8108, 'rank': 22, 'fitness': 0.9654057178925196, 'generation': 101}","{'id': 8027, 'rank': 23, 'fitness': 0.9624731030941036, 'generation': 101}","{'id': 8027, 'rank': 24, 'fitness': 0.9624731030941036, 'generation': 101}","{'id': 8104, 'rank': 25, 'fitness': 0.9582337295884046, 'generation': 101}","{'id': 8129, 'rank': 26, 'fitness': 0.9037423088792736, 'generation': 101}","{'id': 8112, 'rank': 27, 'fitness': 0.8310451296885815, 'generation': 101}","{'id': 8126, 'rank': 28, 'fitness': 0.7118043780219766, 'generation': 101}","{'id': 8124, 'rank': 29, 'fitness': 0.3312553992104552, 'generation': 101}","{'id': 8090, 'rank': 30, 'fitness': 0.01798620996209155, 'generation': 101}"
"{'id': 8191, 'rank': 1, 'fitness': 0.9820137900379085, 'generation': 102}","{'id': 8092, 'rank': 2, 'fitness': 0.9819572577467908, 'generation': 102}","{'id': 8037, 'rank': 3, 'fitness': 0.9817205968335994, 'generation': 102}","{'id': 8204, 'rank': 4, 'fitness': 0.9816944697825505, 'generation': 102}","{'id': 8190, 'rank': 5, 'fitness': 0.9813299818753282, 'generation': 102}","{'id': 8002, 'rank': 6, 'fitness': 0.9812956105067036, 'generation': 102}","{'id': 8185, 'rank': 7, 'fitness': 0.9810824001461054, 'generation': 102}","{'id': 8171, 'rank': 8, 'fitness': 0.9807081765415233, 'generation': 102}","{'id': 8231, 'rank': 9, 'fitness': 0.9806821528563905, 'generation': 102}","{'id': 8230, 'rank': 10, 'fitness': 0.9804085571949631, 'generation': 102}","{'id': 8230, 'rank': 11, 'fitness': 0.9804085571949631, 'generation': 102}","{'id': 8175, 'rank': 12, 'fitness': 0.9800253320220302, 'generation': 102}","{'id': 8175, 'rank': 13, 'fitness': 0.9800253320220302, 'generation': 102}","{'id': 8184, 'rank': 14, 'fitness': 0.979654217245543, 'generation': 102}","{'id': 8174, 'rank': 15, 'fitness': 0.9789769776382273, 'generation': 102}","{'id': 8226, 'rank': 16, 'fitness': 0.9787251700793871, 'generation': 102}","{'id': 8167, 'rank': 17, 'fitness': 0.9785345779382523, 'generation': 102}","{'id': 8167, 'rank': 18, 'fitness': 0.9785345779382523, 'generation': 102}","{'id': 8210, 'rank': 19, 'fitness': 0.9784532735970943, 'generation': 102}","{'id': 8177, 'rank': 20, 'fitness': 0.9781263433226938, 'generation': 102}","{'id': 8108, 'rank': 21, 'fitness': 0.9779871093222685, 'generation': 102}","{'id': 8027, 'rank': 22, 'fitness': 0.9773832441485355, 'generation': 102}","{'id': 8027, 'rank': 23, 'fitness': 0.9773832441485355, 'generation': 102}","{'id': 8215, 'rank': 24, 'fitness': 0.9745476287486341, 'generation': 102}","{'id': 8221, 'rank': 25, 'fitness': 0.9724660978980002, 'generation': 102}","{'id': 8165, 'rank': 26, 'fitness': 0.9604244582783128, 'generation': 102}","{'id': 8197, 'rank': 27, 'fitness': 0.9224169623535619, 'generation': 102}","{'id': 8164, 'rank': 28, 'fitness': 0.8863533488239322, 'generation': 102}","{'id': 8198, 'rank': 29, 'fitness': 0.597161657242268, 'generation': 102}","{'id': 8213, 'rank': 30, 'fitness': 0.01798620996209155, 'generation': 102}"
"{'id': 8260, 'rank': 1, 'fitness': 0.9820137900379085, 'generation': 103}","{'id': 8250, 'rank': 2, 'fitness': 0.9815837058232832, 'generation': 103}","{'id': 8250, 'rank': 3, 'fitness': 0.9815837058232832, 'generation': 103}","{'id': 8241, 'rank': 4, 'fitness': 0.9810970253720139, 'generation': 103}","{'id': 8240, 'rank': 5, 'fitness': 0.9804662881886694, 'generation': 103}","{'id': 8240, 'rank': 6, 'fitness': 0.9804662881886694, 'generation': 103}","{'id': 8301, 'rank': 7, 'fitness': 0.9801817715024875, 'generation': 103}","{'id': 8299, 'rank': 8, 'fitness': 0.9798928446384739, 'generation': 103}","{'id': 8256, 'rank': 9, 'fitness': 0.9779853266529892, 'generation': 103}","{'id': 8244, 'rank': 10, 'fitness': 0.9777247224358037, 'generation': 103}","{'id': 8280, 'rank': 11, 'fitness': 0.9775395472165158, 'generation': 103}","{'id': 8280, 'rank': 12, 'fitness': 0.9775395472165158, 'generation': 103}","{'id': 8175, 'rank': 13, 'fitness': 0.976878913737498, 'generation': 103}","{'id': 8265, 'rank': 14, 'fitness': 0.9763582986752788, 'generation': 103}","{'id': 8184, 'rank': 15, 'fitness': 0.9759210709194261, 'generation': 103}","{'id': 8245, 'rank': 16, 'fitness': 0.9756490143050658, 'generation': 103}","{'id': 8302, 'rank': 17, 'fitness': 0.9753529012042697, 'generation': 103}","{'id': 8254, 'rank': 18, 'fitness': 0.9745727260661512, 'generation': 103}","{'id': 8294, 'rank': 19, 'fitness': 0.9736393765588311, 'generation': 103}","{'id': 8278, 'rank': 20, 'fitness': 0.9717740402638053, 'generation': 103}","{'id': 8177, 'rank': 21, 'fitness': 0.9717598262004258, 'generation': 103}","{'id': 8177, 'rank': 22, 'fitness': 0.9717598262004258, 'generation': 103}","{'id': 8275, 'rank': 23, 'fitness': 0.971432829389819, 'generation': 103}","{'id': 8309, 'rank': 24, 'fitness': 0.9712740585893975, 'generation': 103}","{'id': 8027, 'rank': 25, 'fitness': 0.969609283538277, 'generation': 103}","{'id': 8306, 'rank': 26, 'fitness': 0.9653043761239154, 'generation': 103}","{'id': 8319, 'rank': 27, 'fitness': 0.9483828030691314, 'generation': 103}","{'id': 8316, 'rank': 28, 'fitness': 0.75691472968894, 'generation': 103}","{'id': 8284, 'rank': 29, 'fitness': 0.35472045151792425, 'generation': 103}","{'id': 8198, 'rank': 30, 'fitness': 0.01798620996209155, 'generation': 103}"
"{'id': 8395, 'rank': 1, 'fitness': 0.9820137900379085, 'generation': 104}","{'id': 8395, 'rank': 2, 'fitness': 0.9820137900379085, 'generation': 104}","{'id': 8404, 'rank': 3, 'fitness': 0.9819597683399542, 'generation': 104}","{'id': 8250, 'rank': 4, 'fitness': 0.9819204225353895, 'generation': 104}","{'id': 8356, 'rank': 5, 'fitness': 0.9818345218129099, 'generation': 104}","{'id': 8241, 'rank': 6, 'fitness': 0.9817811177883997, 'generation': 104}","{'id': 8347, 'rank': 7, 'fitness': 0.9817466996957129, 'generation': 104}","{'id': 8347, 'rank': 8, 'fitness': 0.9817466996957129, 'generation': 104}","{'id': 8385, 'rank': 9, 'fitness': 0.9813674210761827, 'generation': 104}","{'id': 8407, 'rank': 10, 'fitness': 0.9811006782007425, 'generation': 104}","{'id': 8244, 'rank': 11, 'fitness': 0.9808781310039778, 'generation': 104}","{'id': 8280, 'rank': 12, 'fitness': 0.9808313607248204, 'generation': 104}","{'id': 8377, 'rank': 13, 'fitness': 0.9806058006928294, 'generation': 104}","{'id': 8377, 'rank': 14, 'fitness': 0.9806058006928294, 'generation': 104}","{'id': 8344, 'rank': 15, 'fitness': 0.9805593137304007, 'generation': 104}","{'id': 8265, 'rank': 16, 'fitness': 0.9805390791742457, 'generation': 104}","{'id': 8340, 'rank': 17, 'fitness': 0.9804542337108614, 'generation': 104}","{'id': 8349, 'rank': 18, 'fitness': 0.9804300511919566, 'generation': 104}","{'id': 8349, 'rank': 19, 'fitness': 0.9804300511919566, 'generation': 104}","{'id': 8349, 'rank': 20, 'fitness': 0.9804300511919566, 'generation': 104}","{'id': 8360, 'rank': 21, 'fitness': 0.9801389361777239, 'generation': 104}","{'id': 8360, 'rank': 22, 'fitness': 0.9801389361777239, 'generation': 104}","{'id': 8342, 'rank': 23, 'fitness': 0.9800497926784663, 'generation': 104}","{'id': 8341, 'rank': 24, 'fitness': 0.979755043376823, 'generation': 104}","{'id': 8376, 'rank': 25, 'fitness': 0.9797515403778388, 'generation': 104}","{'id': 8275, 'rank': 26, 'fitness': 0.9794180941114021, 'generation': 104}","{'id': 8275, 'rank': 27, 'fitness': 0.9794180941114021, 'generation': 104}","{'id': 8374, 'rank': 28, 'fitness': 0.9794160712270568, 'generation': 104}","{'id': 8367, 'rank': 29, 'fitness': 0.9787264292655269, 'generation': 104}","{'id': 8370, 'rank': 30, 'fitness': 0.01798620996209155, 'generation': 104}"
"{'id': 8456, 'rank': 1, 'fitness': 0.9820137900379085, 'generation': 105}","{'id': 8486, 'rank': 2, 'fitness': 0.9703350650281066, 'generation': 105}","{'id': 8356, 'rank': 3, 'fitness': 0.9690450758258587, 'generation': 105}","{'id': 8461, 'rank': 4, 'fitness': 0.9545131170204033, 'generation': 105}","{'id': 8420, 'rank': 5, 'fitness': 0.9531768347831386, 'generation': 105}","{'id': 8420, 'rank': 6, 'fitness': 0.9531768347831386, 'generation': 105}","{'id': 8420, 'rank': 7, 'fitness': 0.9531768347831386, 'generation': 105}","{'id': 8492, 'rank': 8, 'fitness': 0.9300650856708025, 'generation': 105}","{'id': 8442, 'rank': 9, 'fitness': 0.9250226284395625, 'generation': 105}","{'id': 8482, 'rank': 10, 'fitness': 0.9184033893793545, 'generation': 105}","{'id': 8410, 'rank': 11, 'fitness': 0.9060406129472289, 'generation': 105}","{'id': 8407, 'rank': 12, 'fitness': 0.8936832880700137, 'generation': 105}","{'id': 8443, 'rank': 13, 'fitness': 0.8843897325221111, 'generation': 105}","{'id': 8472, 'rank': 14, 'fitness': 0.8684083686418151, 'generation': 105}","{'id': 8244, 'rank': 15, 'fitness': 0.85069601421892, 'generation': 105}","{'id': 8458, 'rank': 16, 'fitness': 0.8499882951194064, 'generation': 105}","{'id': 8477, 'rank': 17, 'fitness': 0.8174908631127545, 'generation': 105}","{'id': 8452, 'rank': 18, 'fitness': 0.7922290713563186, 'generation': 105}","{'id': 8344, 'rank': 19, 'fitness': 0.7668593099188614, 'generation': 105}","{'id': 8265, 'rank': 20, 'fitness': 0.7606215771484734, 'generation': 105}","{'id': 8413, 'rank': 21, 'fitness': 0.7408697933704929, 'generation': 105}","{'id': 8360, 'rank': 22, 'fitness': 0.6176492707848472, 'generation': 105}","{'id': 8426, 'rank': 23, 'fitness': 0.4367133578501281, 'generation': 105}","{'id': 8454, 'rank': 24, 'fitness': 0.1722753883372754, 'generation': 105}","{'id': 8465, 'rank': 25, 'fitness': 0.08992560239064817, 'generation': 105}","{'id': 8465, 'rank': 26, 'fitness': 0.08992560239064817, 'generation': 105}","{'id': 8476, 'rank': 27, 'fitness': 0.07152756599550769, 'generation': 105}","{'id': 8476, 'rank': 28, 'fitness': 0.07152756599550769, 'generation': 105}","{'id': 8476, 'rank': 29, 'fitness': 0.07152756599550769, 'generation': 105}","{'id': 8463, 'rank': 30, 'fitness': 0.01798620996209155, 'generation': 105}"
"{'id': 8562, 'rank': 1, 'fitness': 0.9820137900379085, 'generation': 106}","{'id': 8562, 'rank': 2, 'fitness': 0.9820137900379085, 'generation': 106}","{'id': 8560, 'rank': 3, 'fitness': 0.981837776412134, 'generation': 106}","{'id': 8486, 'rank': 4, 'fitness': 0.9817638755126228, 'generation': 106}","{'id': 8420, 'rank': 5, 'fitness': 0.9815045330580727, 'generation': 106}","{'id': 8420, 'rank': 6, 'fitness': 0.9815045330580727, 'generation': 106}","{'id': 8442, 'rank': 7, 'fitness': 0.9812267508911388, 'generation': 106}","{'id': 8551, 'rank': 8, 'fitness': 0.9812005886162772, 'generation': 106}","{'id': 8518, 'rank': 9, 'fitness': 0.9811297866070714, 'generation': 106}","{'id': 8410, 'rank': 10, 'fitness': 0.9810885720661702, 'generation': 106}","{'id': 8477, 'rank': 11, 'fitness': 0.9806521744095118, 'generation': 106}","{'id': 8265, 'rank': 12, 'fitness': 0.9804535788354227, 'generation': 106}","{'id': 8557, 'rank': 13, 'fitness': 0.9798088590692293, 'generation': 106}","{'id': 8557, 'rank': 14, 'fitness': 0.9798088590692293, 'generation': 106}","{'id': 8515, 'rank': 15, 'fitness': 0.9797199586591149, 'generation': 106}","{'id': 8535, 'rank': 16, 'fitness': 0.9791383224894998, 'generation': 106}","{'id': 8506, 'rank': 17, 'fitness': 0.9790239580155199, 'generation': 106}","{'id': 8503, 'rank': 18, 'fitness': 0.9786775833981959, 'generation': 106}","{'id': 8465, 'rank': 19, 'fitness': 0.9783306619181279, 'generation': 106}","{'id': 8476, 'rank': 20, 'fitness': 0.978170019246128, 'generation': 106}","{'id': 8529, 'rank': 21, 'fitness': 0.9720408514745341, 'generation': 106}","{'id': 8529, 'rank': 22, 'fitness': 0.9720408514745341, 'generation': 106}","{'id': 8533, 'rank': 23, 'fitness': 0.9709819885720394, 'generation': 106}","{'id': 8533, 'rank': 24, 'fitness': 0.9709819885720394, 'generation': 106}","{'id': 8532, 'rank': 25, 'fitness': 0.9680806688298724, 'generation': 106}","{'id': 8528, 'rank': 26, 'fitness': 0.9476511037243112, 'generation': 106}","{'id': 8528, 'rank': 27, 'fitness': 0.9476511037243112, 'generation': 106}","{'id': 8558, 'rank': 28, 'fitness': 0.9335721524941791, 'generation': 106}","{'id': 8555, 'rank': 29, 'fitness': 0.1059474854893569, 'generation': 106}","{'id': 8540, 'rank': 30, 'fitness': 0.01798620996209155, 'generation': 106}"
"{'id': 8562, 'rank': 1, 'fitness': 0.9820137900379085, 'generation': 107}","{'id': 8573, 'rank': 2, 'fitness': 0.9811715272129149, 'generation': 107}","{'id': 8420, 'rank': 3, 'fitness': 0.980524235832871, 'generation': 107}","{'id': 8633, 'rank': 4, 'fitness': 0.9795106866908623, 'generation': 107}","{'id': 8592, 'rank': 5, 'fitness': 0.9794009506423582, 'generation': 107}","{'id': 8635, 'rank': 6, 'fitness': 0.9793256834843129, 'generation': 107}","{'id': 8410, 'rank': 7, 'fitness': 0.9792511380063661, 'generation': 107}","{'id': 8617, 'rank': 8, 'fitness': 0.9788340911343255, 'generation': 107}","{'id': 8618, 'rank': 9, 'fitness': 0.9786442427063463, 'generation': 107}","{'id': 8576, 'rank': 10, 'fitness': 0.9765025869200433, 'generation': 107}","{'id': 8576, 'rank': 11, 'fitness': 0.9765025869200433, 'generation': 107}","{'id': 8609, 'rank': 12, 'fitness': 0.9762091882631097, 'generation': 107}","{'id': 8596, 'rank': 13, 'fitness': 0.9761423350568943, 'generation': 107}","{'id': 8612, 'rank': 14, 'fitness': 0.975506864490862, 'generation': 107}","{'id': 8614, 'rank': 15, 'fitness': 0.9730948455216903, 'generation': 107}","{'id': 8614, 'rank': 16, 'fitness': 0.9730948455216903, 'generation': 107}","{'id': 8599, 'rank': 17, 'fitness': 0.9727776881428628, 'generation': 107}","{'id': 8634, 'rank': 18, 'fitness': 0.9721755560614036, 'generation': 107}","{'id': 8506, 'rank': 19, 'fitness': 0.9721552668483515, 'generation': 107}","{'id': 8639, 'rank': 20, 'fitness': 0.9616580914178214, 'generation': 107}","{'id': 8639, 'rank': 21, 'fitness': 0.9616580914178214, 'generation': 107}","{'id': 8611, 'rank': 22, 'fitness': 0.9593316309025373, 'generation': 107}","{'id': 8568, 'rank': 23, 'fitness': 0.9364994468523391, 'generation': 107}","{'id': 8568, 'rank': 24, 'fitness': 0.9364994468523391, 'generation': 107}","{'id': 8533, 'rank': 25, 'fitness': 0.9311224499700372, 'generation': 107}","{'id': 8571, 'rank': 26, 'fitness': 0.920709101552065, 'generation': 107}","{'id': 8626, 'rank': 27, 'fitness': 0.8006370848941128, 'generation': 107}","{'id': 8528, 'rank': 28, 'fitness': 0.7010930407442875, 'generation': 107}","{'id': 8528, 'rank': 29, 'fitness': 0.7010930407442875, 'generation': 107}","{'id': 8583, 'rank': 30, 'fitness': 0.01798620996209155, 'generation': 107}"
"{'id': 8695, 'rank': 1, 'fitness': 0.9820137900379085, 'generation': 108}","{'id': 8648, 'rank': 2, 'fitness': 0.98166016093607, 'generation': 108}","{'id': 8420, 'rank': 3, 'fitness': 0.9813610911988144, 'generation': 108}","{'id': 8681, 'rank': 4, 'fitness': 0.9812040361579635, 'generation': 108}","{'id': 8715, 'rank': 5, 'fitness': 0.9811977639348148, 'generation': 108}","{'id': 8635, 'rank': 6, 'fitness': 0.9806880524979794, 'generation': 108}","{'id': 8670, 'rank': 7, 'fitness': 0.9805558321435869, 'generation': 108}","{'id': 8668, 'rank': 8, 'fitness': 0.9787792371397447, 'generation': 108}","{'id': 8666, 'rank': 9, 'fitness': 0.9786606181387127, 'generation': 108}","{'id': 8675, 'rank': 10, 'fitness': 0.9784211496143331, 'generation': 108}","{'id': 8675, 'rank': 11, 'fitness': 0.9784211496143331, 'generation': 108}","{'id': 8652, 'rank': 12, 'fitness': 0.9780797979717414, 'generation': 108}","{'id': 8709, 'rank': 13, 'fitness': 0.9779488816398606, 'generation': 108}","{'id': 8667, 'rank': 14, 'fitness': 0.9778578205327222, 'generation': 108}","{'id': 8661, 'rank': 15, 'fitness': 0.9771085607271153, 'generation': 108}","{'id': 8645, 'rank': 16, 'fitness': 0.9764005525185591, 'generation': 108}","{'id': 8645, 'rank': 17, 'fitness': 0.9764005525185591, 'generation': 108}","{'id': 8708, 'rank': 18, 'fitness': 0.9763873700498875, 'generation': 108}","{'id': 8712, 'rank': 19, 'fitness': 0.9758521157776631, 'generation': 108}","{'id': 8568, 'rank': 20, 'fitness': 0.9621382949791557, 'generation': 108}","{'id': 8568, 'rank': 21, 'fitness': 0.9621382949791557, 'generation': 108}","{'id': 8676, 'rank': 22, 'fitness': 0.961302872065332, 'generation': 108}","{'id': 8571, 'rank': 23, 'fitness': 0.956618459466553, 'generation': 108}","{'id': 8659, 'rank': 24, 'fitness': 0.9530959533107688, 'generation': 108}","{'id': 8659, 'rank': 25, 'fitness': 0.9530959533107688, 'generation': 108}","{'id': 8690, 'rank': 26, 'fitness': 0.9455384615364268, 'generation': 108}","{'id': 8528, 'rank': 27, 'fitness': 0.8951414663224138, 'generation': 108}","{'id': 8688, 'rank': 28, 'fitness': 0.8491748712066496, 'generation': 108}","{'id': 8641, 'rank': 29, 'fitness': 0.8026985540271916, 'generation': 108}","{'id': 8689, 'rank': 30, 'fitness': 0.01798620996209155, 'generation': 108}"
"{'id': 8755, 'rank': 1, 'fitness': 0.9820137900379085, 'generation': 109}","{'id': 8715, 'rank': 2, 'fitness': 0.9818443186384097, 'generation': 109}","{'id': 8715, 'rank': 3, 'fitness': 0.9818443186384097, 'generation': 109}","{'id': 8766, 'rank': 4, 'fitness': 0.9814202560212875, 'generation': 109}","{'id': 8727, 'rank': 5, 'fitness': 0.9811621533609077, 'generation': 109}","{'id': 8767, 'rank': 6, 'fitness': 0.9809112986549946, 'generation': 109}","{'id': 8735, 'rank': 7, 'fitness': 0.9807612605964287, 'generation': 109}","{'id': 8735, 'rank': 8, 'fitness': 0.9807612605964287, 'generation': 109}","{'id': 8793, 'rank': 9, 'fitness': 0.9807591932830269, 'generation': 109}","{'id': 8733, 'rank': 10, 'fitness': 0.97990868755947, 'generation': 109}","{'id': 8733, 'rank': 11, 'fitness': 0.97990868755947, 'generation': 109}","{'id': 8675, 'rank': 12, 'fitness': 0.979547377327513, 'generation': 109}","{'id': 8799, 'rank': 13, 'fitness': 0.9788554303397843, 'generation': 109}","{'id': 8708, 'rank': 14, 'fitness': 0.9778896830230109, 'generation': 109}","{'id': 8781, 'rank': 15, 'fitness': 0.977372486175455, 'generation': 109}","{'id': 8780, 'rank': 16, 'fitness': 0.9773342256734866, 'generation': 109}","{'id': 8731, 'rank': 17, 'fitness': 0.9760467993928189, 'generation': 109}","{'id': 8738, 'rank': 18, 'fitness': 0.9751040268405561, 'generation': 109}","{'id': 8805, 'rank': 19, 'fitness': 0.9744929604272231, 'generation': 109}","{'id': 8747, 'rank': 20, 'fitness': 0.9699598748237372, 'generation': 109}","{'id': 8568, 'rank': 21, 'fitness': 0.9667103102624842, 'generation': 109}","{'id': 8676, 'rank': 22, 'fitness': 0.9660734208645296, 'generation': 109}","{'id': 8676, 'rank': 23, 'fitness': 0.9660734208645296, 'generation': 109}","{'id': 8690, 'rank': 24, 'fitness': 0.954325319068957, 'generation': 109}","{'id': 8742, 'rank': 25, 'fitness': 0.9501247391525409, 'generation': 109}","{'id': 8746, 'rank': 26, 'fitness': 0.9457642968373061, 'generation': 109}","{'id': 8528, 'rank': 27, 'fitness': 0.918791229590666, 'generation': 109}","{'id': 8771, 'rank': 28, 'fitness': 0.7113039495278543, 'generation': 109}","{'id': 8689, 'rank': 29, 'fitness': 0.05298081707275326, 'generation': 109}","{'id': 8724, 'rank': 30, 'fitness': 0.01798620996209155, 'generation': 109}"
"{'id': 8809, 'rank': 1, 'fitness': 0.9820137900379085, 'generation': 110}","{'id': 8854, 'rank': 2, 'fitness': 0.9816027504269312, 'generation': 110}","{'id': 8819, 'rank': 3, 'fitness': 0.9810477900064543, 'generation': 110}","{'id': 8853, 'rank': 4, 'fitness': 0.9810127717446542, 'generation': 110}","{'id': 8865, 'rank': 5, 'fitness': 0.980862365389989, 'generation': 110}","{'id': 8817, 'rank': 6, 'fitness': 0.9801502395311503, 'generation': 110}","{'id': 8836, 'rank': 7, 'fitness': 0.9798292280763118, 'generation': 110}","{'id': 8818, 'rank': 8, 'fitness': 0.9796609142355694, 'generation': 110}","{'id': 8735, 'rank': 9, 'fitness': 0.9795747845920817, 'generation': 110}","{'id': 8735, 'rank': 10, 'fitness': 0.9795747845920817, 'generation': 110}","{'id': 8835, 'rank': 11, 'fitness': 0.979394564824027, 'generation': 110}","{'id': 8863, 'rank': 12, 'fitness': 0.97899838430807, 'generation': 110}","{'id': 8862, 'rank': 13, 'fitness': 0.9765388298812105, 'generation': 110}","{'id': 8872, 'rank': 14, 'fitness': 0.9751085522701866, 'generation': 110}","{'id': 8781, 'rank': 15, 'fitness': 0.9733405574010081, 'generation': 110}","{'id': 8877, 'rank': 16, 'fitness': 0.9721306329357106, 'generation': 110}","{'id': 8870, 'rank': 17, 'fitness': 0.9693804173363723, 'generation': 110}","{'id': 8885, 'rank': 18, 'fitness': 0.9674774713625589, 'generation': 110}","{'id': 8885, 'rank': 19, 'fitness': 0.9674774713625589, 'generation': 110}","{'id': 8880, 'rank': 20, 'fitness': 0.9674143404793939, 'generation': 110}","{'id': 8850, 'rank': 21, 'fitness': 0.9672316095998261, 'generation': 110}","{'id': 8878, 'rank': 22, 'fitness': 0.9655509789526033, 'generation': 110}","{'id': 8813, 'rank': 23, 'fitness': 0.9647046974872596, 'generation': 110}","{'id': 8806, 'rank': 24, 'fitness': 0.9631266594872407, 'generation': 110}","{'id': 8831, 'rank': 25, 'fitness': 0.9618471691742225, 'generation': 110}","{'id': 8871, 'rank': 26, 'fitness': 0.9571530971610777, 'generation': 110}","{'id': 8807, 'rank': 27, 'fitness': 0.9549254432052025, 'generation': 110}","{'id': 8840, 'rank': 28, 'fitness': 0.9315040232589108, 'generation': 110}","{'id': 8742, 'rank': 29, 'fitness': 0.9046556325748549, 'generation': 110}","{'id': 8875, 'rank': 30, 'fitness': 0.01798620996209155, 'generation': 110}"
"{'id': 8913, 'rank': 1, 'fitness': 0.9820137900379085, 'generation': 111}","{'id': 8912, 'rank': 2, 'fitness': 0.9811495841727744, 'generation': 111}","{'id': 8854, 'rank': 3, 'fitness': 0.9807054755295325, 'generation': 111}","{'id': 8854, 'rank': 4, 'fitness': 0.9807054755295325, 'generation': 111}","{'id': 8959, 'rank': 5, 'fitness': 0.9796305753096881, 'generation': 111}","{'id': 8945, 'rank': 6, 'fitness': 0.9771068773833285, 'generation': 111}","{'id': 8853, 'rank': 7, 'fitness': 0.9768396922213771, 'generation': 111}","{'id': 8942, 'rank': 8, 'fitness': 0.9760224536037927, 'generation': 111}","{'id': 8895, 'rank': 9, 'fitness': 0.9735243339359283, 'generation': 111}","{'id': 8941, 'rank': 10, 'fitness': 0.9725260916373552, 'generation': 111}","{'id': 8949, 'rank': 11, 'fitness': 0.9710220651270005, 'generation': 111}","{'id': 8948, 'rank': 12, 'fitness': 0.9706939241282696, 'generation': 111}","{'id': 8899, 'rank': 13, 'fitness': 0.9682543841829108, 'generation': 111}","{'id': 8735, 'rank': 14, 'fitness': 0.964768549465662, 'generation': 111}","{'id': 8735, 'rank': 15, 'fitness': 0.964768549465662, 'generation': 111}","{'id': 8863, 'rank': 16, 'fitness': 0.9587161725667517, 'generation': 111}","{'id': 8971, 'rank': 17, 'fitness': 0.9419329563955101, 'generation': 111}","{'id': 8933, 'rank': 18, 'fitness': 0.9313196591571344, 'generation': 111}","{'id': 8897, 'rank': 19, 'fitness': 0.9066391962280294, 'generation': 111}","{'id': 8965, 'rank': 20, 'fitness': 0.870092119665195, 'generation': 111}","{'id': 8909, 'rank': 21, 'fitness': 0.5360591494797985, 'generation': 111}","{'id': 8921, 'rank': 22, 'fitness': 0.47813596574431605, 'generation': 111}","{'id': 8939, 'rank': 23, 'fitness': 0.3283749848437123, 'generation': 111}","{'id': 8871, 'rank': 24, 'fitness': 0.2457509642494391, 'generation': 111}","{'id': 8940, 'rank': 25, 'fitness': 0.22291280689169435, 'generation': 111}","{'id': 8964, 'rank': 26, 'fitness': 0.18562617631176842, 'generation': 111}","{'id': 8904, 'rank': 27, 'fitness': 0.06197054499241522, 'generation': 111}","{'id': 8904, 'rank': 28, 'fitness': 0.06197054499241522, 'generation': 111}","{'id': 8976, 'rank': 29, 'fitness': 0.020322539182530075, 'generation': 111}","{'id': 8840, 'rank': 30, 'fitness': 0.01798620996209155, 'generation': 111}"
"{'id': 8992, 'rank': 1, 'fitness': 0.9820137900379085, 'generation': 112}","{'id': 8854, 'rank': 2, 'fitness': 0.9819443085088688, 'generation': 112}","{'id': 8959, 'rank': 3, 'fitness': 0.9818635808360545, 'generation': 112}","{'id': 9025, 'rank': 4, 'fitness': 0.9816362214298112, 'generation': 112}","{'id': 8982, 'rank': 5, 'fitness': 0.9814498280576189, 'generation': 112}","{'id': 9015, 'rank': 6, 'fitness': 0.9813715307301609, 'generation': 112}","{'id': 9011, 'rank': 7, 'fitness': 0.9813656779378981, 'generation': 112}","{'id': 8989, 'rank': 8, 'fitness': 0.9813104141307117, 'generation': 112}","{'id': 9013, 'rank': 9, 'fitness': 0.9811072989876287, 'generation': 112}","{'id': 9032, 'rank': 10, 'fitness': 0.9810888492887964, 'generation': 112}","{'id': 8735, 'rank': 11, 'fitness': 0.9810211493155202, 'generation': 112}","{'id': 8735, 'rank': 12, 'fitness': 0.9810211493155202, 'generation': 112}","{'id': 8735, 'rank': 13, 'fitness': 0.9810211493155202, 'generation': 112}","{'id': 9030, 'rank': 14, 'fitness': 0.9809792025977457, 'generation': 112}","{'id': 9000, 'rank': 15, 'fitness': 0.9809409691151612, 'generation': 112}","{'id': 9035, 'rank': 16, 'fitness': 0.9805617368655907, 'generation': 112}","{'id': 9035, 'rank': 17, 'fitness': 0.9805617368655907, 'generation': 112}","{'id': 9018, 'rank': 18, 'fitness': 0.9804385643259008, 'generation': 112}","{'id': 9012, 'rank': 19, 'fitness': 0.9800979769649684, 'generation': 112}","{'id': 8897, 'rank': 20, 'fitness': 0.9793690128160875, 'generation': 112}","{'id': 8965, 'rank': 21, 'fitness': 0.978743329501005, 'generation': 112}","{'id': 8965, 'rank': 22, 'fitness': 0.978743329501005, 'generation': 112}","{'id': 8997, 'rank': 23, 'fitness': 0.9767839230114623, 'generation': 112}","{'id': 8871, 'rank': 24, 'fitness': 0.9729137545740549, 'generation': 112}","{'id': 8871, 'rank': 25, 'fitness': 0.9729137545740549, 'generation': 112}","{'id': 8940, 'rank': 26, 'fitness': 0.9726366793129446, 'generation': 112}","{'id': 8964, 'rank': 27, 'fitness': 0.9721295394346597, 'generation': 112}","{'id': 9010, 'rank': 28, 'fitness': 0.9535650805265812, 'generation': 112}","{'id': 9008, 'rank': 29, 'fitness': 0.6130595797139858, 'generation': 112}","{'id': 9026, 'rank': 30, 'fitness': 0.01798620996209155, 'generation': 112}"
"{'id': 9076, 'rank': 1, 'fitness': 0.9820137900379085, 'generation': 113}","{'id': 8992, 'rank': 2, 'fitness': 0.9812713832350688, 'generation': 113}","{'id': 9025, 'rank': 3, 'fitness': 0.9778296046441615, 'generation': 113}","{'id': 9101, 'rank': 4, 'fitness': 0.976943186253287, 'generation': 113}","{'id': 9109, 'rank': 5, 'fitness': 0.9766930331895907, 'generation': 113}","{'id': 9100, 'rank': 6, 'fitness': 0.9762011788828817, 'generation': 113}","{'id': 8982, 'rank': 7, 'fitness': 0.975939657807154, 'generation': 113}","{'id': 9037, 'rank': 8, 'fitness': 0.9759147856276255, 'generation': 113}","{'id': 9106, 'rank': 9, 'fitness': 0.9725876041278114, 'generation': 113}","{'id': 9113, 'rank': 10, 'fitness': 0.9721573274869233, 'generation': 113}","{'id': 8735, 'rank': 11, 'fitness': 0.9710647365196492, 'generation': 113}","{'id': 8735, 'rank': 12, 'fitness': 0.9710647365196492, 'generation': 113}","{'id': 9000, 'rank': 13, 'fitness': 0.9700655542694417, 'generation': 113}","{'id': 9088, 'rank': 14, 'fitness': 0.9696758113255114, 'generation': 113}","{'id': 9056, 'rank': 15, 'fitness': 0.9686362403474815, 'generation': 113}","{'id': 9035, 'rank': 16, 'fitness': 0.9649346289479671, 'generation': 113}","{'id': 9035, 'rank': 17, 'fitness': 0.9649346289479671, 'generation': 113}","{'id': 9082, 'rank': 18, 'fitness': 0.9639174553182219, 'generation': 113}","{'id': 9067, 'rank': 19, 'fitness': 0.960055758353023, 'generation': 113}","{'id': 9079, 'rank': 20, 'fitness': 0.9572224150447298, 'generation': 113}","{'id': 9069, 'rank': 21, 'fitness': 0.9537953494323288, 'generation': 113}","{'id': 9055, 'rank': 22, 'fitness': 0.9488241865739209, 'generation': 113}","{'id': 9055, 'rank': 23, 'fitness': 0.9488241865739209, 'generation': 113}","{'id': 8897, 'rank': 24, 'fitness': 0.9437602946671514, 'generation': 113}","{'id': 9073, 'rank': 25, 'fitness': 0.9310682019652199, 'generation': 113}","{'id': 8965, 'rank': 26, 'fitness': 0.9290296544036835, 'generation': 113}","{'id': 9051, 'rank': 27, 'fitness': 0.9115095155910273, 'generation': 113}","{'id': 8997, 'rank': 28, 'fitness': 0.8627009303328766, 'generation': 113}","{'id': 8871, 'rank': 29, 'fitness': 0.6342968403568565, 'generation': 113}","{'id': 9010, 'rank': 30, 'fitness': 0.01798620996209155, 'generation': 113}"
"{'id': 9143, 'rank': 1, 'fitness': 0.9820137900379085, 'generation': 114}","{'id': 8992, 'rank': 2, 'fitness': 0.9799201999698521, 'generation': 114}","{'id': 9188, 'rank': 3, 'fitness': 0.9790203536771722, 'generation': 114}","{'id': 9189, 'rank': 4, 'fitness': 0.9782918641422825, 'generation': 114}","{'id': 9149, 'rank': 5, 'fitness': 0.9733390567104062, 'generation': 114}","{'id': 9196, 'rank': 6, 'fitness': 0.9729840501970666, 'generation': 114}","{'id': 9025, 'rank': 7, 'fitness': 0.9713911852117044, 'generation': 114}","{'id': 9192, 'rank': 8, 'fitness': 0.9687522838387208, 'generation': 114}","{'id': 9180, 'rank': 9, 'fitness': 0.9685584650382577, 'generation': 114}","{'id': 9182, 'rank': 10, 'fitness': 0.9671138261303889, 'generation': 114}","{'id': 8982, 'rank': 11, 'fitness': 0.9660599498781163, 'generation': 114}","{'id': 8982, 'rank': 12, 'fitness': 0.9660599498781163, 'generation': 114}","{'id': 9106, 'rank': 13, 'fitness': 0.9554963322655179, 'generation': 114}","{'id': 8735, 'rank': 14, 'fitness': 0.9502389414004504, 'generation': 114}","{'id': 8735, 'rank': 15, 'fitness': 0.9502389414004504, 'generation': 114}","{'id': 8735, 'rank': 16, 'fitness': 0.9502389414004504, 'generation': 114}","{'id': 8735, 'rank': 17, 'fitness': 0.9502389414004504, 'generation': 114}","{'id': 9088, 'rank': 18, 'fitness': 0.945200362746006, 'generation': 114}","{'id': 9127, 'rank': 19, 'fitness': 0.9427599490024994, 'generation': 114}","{'id': 9148, 'rank': 20, 'fitness': 0.9425243369526987, 'generation': 114}","{'id': 9201, 'rank': 21, 'fitness': 0.9411799117372663, 'generation': 114}","{'id': 9035, 'rank': 22, 'fitness': 0.9263148234484171, 'generation': 114}","{'id': 9157, 'rank': 23, 'fitness': 0.9251834387556419, 'generation': 114}","{'id': 9082, 'rank': 24, 'fitness': 0.9219370498114005, 'generation': 114}","{'id': 9128, 'rank': 25, 'fitness': 0.9144424946286024, 'generation': 114}","{'id': 9136, 'rank': 26, 'fitness': 0.903799610918218, 'generation': 114}","{'id': 9160, 'rank': 27, 'fitness': 0.8570157967522068, 'generation': 114}","{'id': 9055, 'rank': 28, 'fitness': 0.8454904437852927, 'generation': 114}","{'id': 9159, 'rank': 29, 'fitness': 0.01798620996209155, 'generation': 114}","{'id': 9159, 'rank': 30, 'fitness': 0.01798620996209155, 'generation': 114}"
"{'id': 9275, 'rank': 1, 'fitness': 0.9820137900379085, 'generation': 115}","{'id': 9228, 'rank': 2, 'fitness': 0.9803260955049646, 'generation': 115}","{'id': 9254, 'rank': 3, 'fitness': 0.9781979158629474, 'generation': 115}","{'id': 9188, 'rank': 4, 'fitness': 0.9776956056420455, 'generation': 115}","{'id': 9265, 'rank': 5, 'fitness': 0.9722375798737743, 'generation': 115}","{'id': 9265, 'rank': 6, 'fitness': 0.9722375798737743, 'generation': 115}","{'id': 9252, 'rank': 7, 'fitness': 0.9663333532217753, 'generation': 115}","{'id': 9252, 'rank': 8, 'fitness': 0.9663333532217753, 'generation': 115}","{'id': 9204, 'rank': 9, 'fitness': 0.9636244448070908, 'generation': 115}","{'id': 9268, 'rank': 10, 'fitness': 0.9582334411660449, 'generation': 115}","{'id': 9232, 'rank': 11, 'fitness': 0.9578709891409243, 'generation': 115}","{'id': 8982, 'rank': 12, 'fitness': 0.9425587803546147, 'generation': 115}","{'id': 9230, 'rank': 13, 'fitness': 0.9150078792938998, 'generation': 115}","{'id': 9106, 'rank': 14, 'fitness': 0.903558843960264, 'generation': 115}","{'id': 9249, 'rank': 15, 'fitness': 0.8875524094271998, 'generation': 115}","{'id': 9225, 'rank': 16, 'fitness': 0.8645576626523137, 'generation': 115}","{'id': 9127, 'rank': 17, 'fitness': 0.8469022632458426, 'generation': 115}","{'id': 9276, 'rank': 18, 'fitness': 0.8422609237436304, 'generation': 115}","{'id': 9276, 'rank': 19, 'fitness': 0.8422609237436304, 'generation': 115}","{'id': 9201, 'rank': 20, 'fitness': 0.839303524393496, 'generation': 115}","{'id': 9035, 'rank': 21, 'fitness': 0.7637923191281082, 'generation': 115}","{'id': 9237, 'rank': 22, 'fitness': 0.6008461719340438, 'generation': 115}","{'id': 9266, 'rank': 23, 'fitness': 0.5138757578316427, 'generation': 115}","{'id': 9245, 'rank': 24, 'fitness': 0.4455339908854913, 'generation': 115}","{'id': 9055, 'rank': 25, 'fitness': 0.3823574662201755, 'generation': 115}","{'id': 9206, 'rank': 26, 'fitness': 0.15514881584768292, 'generation': 115}","{'id': 9236, 'rank': 27, 'fitness': 0.13763337712619556, 'generation': 115}","{'id': 9263, 'rank': 28, 'fitness': 0.019905957352686965, 'generation': 115}","{'id': 9259, 'rank': 29, 'fitness': 0.01952432800691911, 'generation': 115}","{'id': 9248, 'rank': 30, 'fitness': 0.01798620996209155, 'generation': 115}"
"{'id': 9275, 'rank': 1, 'fitness': 0.9820137900379085, 'generation': 116}","{'id': 9228, 'rank': 2, 'fitness': 0.9818989262775903, 'generation': 116}","{'id': 9228, 'rank': 3, 'fitness': 0.9818989262775903, 'generation': 116}","{'id': 9304, 'rank': 4, 'fitness': 0.9815151456678709, 'generation': 116}","{'id': 9304, 'rank': 5, 'fitness': 0.9815151456678709, 'generation': 116}","{'id': 9339, 'rank': 6, 'fitness': 0.9814169873013788, 'generation': 116}","{'id': 9294, 'rank': 7, 'fitness': 0.9813616743235689, 'generation': 116}","{'id': 9302, 'rank': 8, 'fitness': 0.9812828401592615, 'generation': 116}","{'id': 9314, 'rank': 9, 'fitness': 0.98109073956466, 'generation': 116}","{'id': 9232, 'rank': 10, 'fitness': 0.9808829052394936, 'generation': 116}","{'id': 9337, 'rank': 11, 'fitness': 0.9799461168807992, 'generation': 116}","{'id': 9336, 'rank': 12, 'fitness': 0.9795574329291405, 'generation': 116}","{'id': 9201, 'rank': 13, 'fitness': 0.9788253512216085, 'generation': 116}","{'id': 9317, 'rank': 14, 'fitness': 0.9787616162145214, 'generation': 116}","{'id': 9324, 'rank': 15, 'fitness': 0.978675121141256, 'generation': 116}","{'id': 9324, 'rank': 16, 'fitness': 0.978675121141256, 'generation': 116}","{'id': 9266, 'rank': 17, 'fitness': 0.9763451283145759, 'generation': 116}","{'id': 9236, 'rank': 18, 'fitness': 0.9730423500394034, 'generation': 116}","{'id': 9248, 'rank': 19, 'fitness': 0.9687085607117558, 'generation': 116}","{'id': 9248, 'rank': 20, 'fitness': 0.9687085607117558, 'generation': 116}","{'id': 9318, 'rank': 21, 'fitness': 0.9676041705953766, 'generation': 116}","{'id': 9318, 'rank': 22, 'fitness': 0.9676041705953766, 'generation': 116}","{'id': 9327, 'rank': 23, 'fitness': 0.958753710475513, 'generation': 116}","{'id': 9289, 'rank': 24, 'fitness': 0.9378681961796764, 'generation': 116}","{'id': 9289, 'rank': 25, 'fitness': 0.9378681961796764, 'generation': 116}","{'id': 9291, 'rank': 26, 'fitness': 0.9303190257239528, 'generation': 116}","{'id': 9320, 'rank': 27, 'fitness': 0.7054387033392376, 'generation': 116}","{'id': 9307, 'rank': 28, 'fitness': 0.1216248578227827, 'generation': 116}","{'id': 9307, 'rank': 29, 'fitness': 0.1216248578227827, 'generation': 116}","{'id': 9321, 'rank': 30, 'fitness': 0.01798620996209155, 'generation': 116}"
"{'id': 9375, 'rank': 1, 'fitness': 0.9820137900379085, 'generation': 117}","{'id': 9304, 'rank': 2, 'fitness': 0.9815076697314651, 'generation': 117}","{'id': 9368, 'rank': 3, 'fitness': 0.9813774327839324, 'generation': 117}","{'id': 9368, 'rank': 4, 'fitness': 0.9813774327839324, 'generation': 117}","{'id': 9397, 'rank': 5, 'fitness': 0.9813663848537797, 'generation': 117}","{'id': 9314, 'rank': 6, 'fitness': 0.9809365951494761, 'generation': 117}","{'id': 9376, 'rank': 7, 'fitness': 0.9802439352889092, 'generation': 117}","{'id': 9384, 'rank': 8, 'fitness': 0.9776852346423148, 'generation': 117}","{'id': 9413, 'rank': 9, 'fitness': 0.9774811492004366, 'generation': 117}","{'id': 9382, 'rank': 10, 'fitness': 0.9771910617322085, 'generation': 117}","{'id': 9392, 'rank': 11, 'fitness': 0.9768184739220478, 'generation': 117}","{'id': 9393, 'rank': 12, 'fitness': 0.9764848421300543, 'generation': 117}","{'id': 9366, 'rank': 13, 'fitness': 0.9738850039145044, 'generation': 117}","{'id': 9406, 'rank': 14, 'fitness': 0.9713973548430435, 'generation': 117}","{'id': 9352, 'rank': 15, 'fitness': 0.971140421938288, 'generation': 117}","{'id': 9398, 'rank': 16, 'fitness': 0.9707810403127479, 'generation': 117}","{'id': 9407, 'rank': 17, 'fitness': 0.9687042290982145, 'generation': 117}","{'id': 9369, 'rank': 18, 'fitness': 0.9684604279563807, 'generation': 117}","{'id': 9369, 'rank': 19, 'fitness': 0.9684604279563807, 'generation': 117}","{'id': 9387, 'rank': 20, 'fitness': 0.9617338938931771, 'generation': 117}","{'id': 9318, 'rank': 21, 'fitness': 0.9608640158397783, 'generation': 117}","{'id': 9318, 'rank': 22, 'fitness': 0.9608640158397783, 'generation': 117}","{'id': 9403, 'rank': 23, 'fitness': 0.9503519728316688, 'generation': 117}","{'id': 9403, 'rank': 24, 'fitness': 0.9503519728316688, 'generation': 117}","{'id': 9386, 'rank': 25, 'fitness': 0.9471458927309485, 'generation': 117}","{'id': 9327, 'rank': 26, 'fitness': 0.9460806238659158, 'generation': 117}","{'id': 9402, 'rank': 27, 'fitness': 0.9387056409631745, 'generation': 117}","{'id': 9377, 'rank': 28, 'fitness': 0.9126502385321809, 'generation': 117}","{'id': 9378, 'rank': 29, 'fitness': 0.8938877570497779, 'generation': 117}","{'id': 9307, 'rank': 30, 'fitness': 0.01798620996209155, 'generation': 117}"
"{'id': 9472, 'rank': 1, 'fitness': 0.9820137900379085, 'generation': 118}","{'id': 9466, 'rank': 2, 'fitness': 0.9812464996200199, 'generation': 118}","{'id': 9455, 'rank': 3, 'fitness': 0.9805926914447214, 'generation': 118}","{'id': 9467, 'rank': 4, 'fitness': 0.9804961320285297, 'generation': 118}","{'id': 9314, 'rank': 5, 'fitness': 0.9786306701924838, 'generation': 118}","{'id': 9468, 'rank': 6, 'fitness': 0.9780372850765102, 'generation': 118}","{'id': 9475, 'rank': 7, 'fitness': 0.9756342663869555, 'generation': 118}","{'id': 9430, 'rank': 8, 'fitness': 0.975207463083201, 'generation': 118}","{'id': 9451, 'rank': 9, 'fitness': 0.9628869198761203, 'generation': 118}","{'id': 9382, 'rank': 10, 'fitness': 0.960090599071258, 'generation': 118}","{'id': 9486, 'rank': 11, 'fitness': 0.9589381407658801, 'generation': 118}","{'id': 9497, 'rank': 12, 'fitness': 0.9392390409158186, 'generation': 118}","{'id': 9497, 'rank': 13, 'fitness': 0.9392390409158186, 'generation': 118}","{'id': 9459, 'rank': 14, 'fitness': 0.9219976474089068, 'generation': 118}","{'id': 9509, 'rank': 15, 'fitness': 0.8978547503256278, 'generation': 118}","{'id': 9421, 'rank': 16, 'fitness': 0.8965050656560711, 'generation': 118}","{'id': 9508, 'rank': 17, 'fitness': 0.8815833184152111, 'generation': 118}","{'id': 9441, 'rank': 18, 'fitness': 0.8655461545400317, 'generation': 118}","{'id': 9460, 'rank': 19, 'fitness': 0.8469425974614111, 'generation': 118}","{'id': 9460, 'rank': 20, 'fitness': 0.8469425974614111, 'generation': 118}","{'id': 9463, 'rank': 21, 'fitness': 0.7970845982081585, 'generation': 118}","{'id': 9433, 'rank': 22, 'fitness': 0.75304109333702, 'generation': 118}","{'id': 9498, 'rank': 23, 'fitness': 0.7396023969220266, 'generation': 118}","{'id': 9450, 'rank': 24, 'fitness': 0.7254605399358387, 'generation': 118}","{'id': 9501, 'rank': 25, 'fitness': 0.47684254812972404, 'generation': 118}","{'id': 9484, 'rank': 26, 'fitness': 0.4425490873693206, 'generation': 118}","{'id': 9437, 'rank': 27, 'fitness': 0.14855897781064042, 'generation': 118}","{'id': 9378, 'rank': 28, 'fitness': 0.0734520387871499, 'generation': 118}","{'id': 9426, 'rank': 29, 'fitness': 0.052725059005595376, 'generation': 118}","{'id': 9427, 'rank': 30, 'fitness': 0.01798620996209155, 'generation': 118}"
"{'id': 9455, 'rank': 1, 'fitness': 0.9820137900379085, 'generation': 119}","{'id': 9455, 'rank': 2, 'fitness': 0.9820137900379085, 'generation': 119}","{'id': 9559, 'rank': 3, 'fitness': 0.9819629764288406, 'generation': 119}","{'id': 9560, 'rank': 4, 'fitness': 0.9819289624350482, 'generation': 119}","{'id': 9518, 'rank': 5, 'fitness': 0.9818824124108946, 'generation': 119}","{'id': 9562, 'rank': 6, 'fitness': 0.9818454926587863, 'generation': 119}","{'id': 9528, 'rank': 7, 'fitness': 0.9816615307048322, 'generation': 119}","{'id': 9572, 'rank': 8, 'fitness': 0.9815688319408211, 'generation': 119}","{'id': 9564, 'rank': 9, 'fitness': 0.9815118063752045, 'generation': 119}","{'id': 9430, 'rank': 10, 'fitness': 0.981366257450875, 'generation': 119}","{'id': 9430, 'rank': 11, 'fitness': 0.981366257450875, 'generation': 119}","{'id': 9536, 'rank': 12, 'fitness': 0.9812001057025649, 'generation': 119}","{'id': 9542, 'rank': 13, 'fitness': 0.9809772080587496, 'generation': 119}","{'id': 9553, 'rank': 14, 'fitness': 0.9805211991595741, 'generation': 119}","{'id': 9451, 'rank': 15, 'fitness': 0.9802391918903153, 'generation': 119}","{'id': 9497, 'rank': 16, 'fitness': 0.9787430872817849, 'generation': 119}","{'id': 9529, 'rank': 17, 'fitness': 0.9757854034817677, 'generation': 119}","{'id': 9460, 'rank': 18, 'fitness': 0.9754401438552974, 'generation': 119}","{'id': 9460, 'rank': 19, 'fitness': 0.9754401438552974, 'generation': 119}","{'id': 9540, 'rank': 20, 'fitness': 0.9748321473112087, 'generation': 119}","{'id': 9501, 'rank': 21, 'fitness': 0.9683936338415652, 'generation': 119}","{'id': 9543, 'rank': 22, 'fitness': 0.963543603600945, 'generation': 119}","{'id': 9524, 'rank': 23, 'fitness': 0.9605747803671945, 'generation': 119}","{'id': 9524, 'rank': 24, 'fitness': 0.9605747803671945, 'generation': 119}","{'id': 9437, 'rank': 25, 'fitness': 0.9602431762647079, 'generation': 119}","{'id': 9437, 'rank': 26, 'fitness': 0.9602431762647079, 'generation': 119}","{'id': 9378, 'rank': 27, 'fitness': 0.9556762206434173, 'generation': 119}","{'id': 9427, 'rank': 28, 'fitness': 0.9458376604383427, 'generation': 119}","{'id': 9548, 'rank': 29, 'fitness': 0.9223406981165689, 'generation': 119}","{'id': 9539, 'rank': 30, 'fitness': 0.01798620996209155, 'generation': 119}"
"{'id': 9630, 'rank': 1, 'fitness': 0.9820137900379085, 'generation': 120}","{'id': 9455, 'rank': 2, 'fitness': 0.9799326160609156, 'generation': 120}","{'id': 9455, 'rank': 3, 'fitness': 0.9799326160609156, 'generation': 120}","{'id': 9560, 'rank': 4, 'fitness': 0.9795319950081347, 'generation': 120}","{'id': 9596, 'rank': 5, 'fitness': 0.9790547116056292, 'generation': 120}","{'id': 9632, 'rank': 6, 'fitness': 0.978628877982115, 'generation': 120}","{'id': 9594, 'rank': 7, 'fitness': 0.9781240874722351, 'generation': 120}","{'id': 9564, 'rank': 8, 'fitness': 0.977474534447781, 'generation': 120}","{'id': 9430, 'rank': 9, 'fitness': 0.9767217384575335, 'generation': 120}","{'id': 9591, 'rank': 10, 'fitness': 0.9761972375231479, 'generation': 120}","{'id': 9591, 'rank': 11, 'fitness': 0.9761972375231479, 'generation': 120}","{'id': 9635, 'rank': 12, 'fitness': 0.9759873422464493, 'generation': 120}","{'id': 9582, 'rank': 13, 'fitness': 0.9756293591909716, 'generation': 120}","{'id': 9605, 'rank': 14, 'fitness': 0.9722495854506, 'generation': 120}","{'id': 9627, 'rank': 15, 'fitness': 0.9472196466066971, 'generation': 120}","{'id': 9641, 'rank': 16, 'fitness': 0.9453354242441883, 'generation': 120}","{'id': 9529, 'rank': 17, 'fitness': 0.9314723608822495, 'generation': 120}","{'id': 9460, 'rank': 18, 'fitness': 0.927467633157236, 'generation': 120}","{'id': 9540, 'rank': 19, 'fitness': 0.9200354596068313, 'generation': 120}","{'id': 9617, 'rank': 20, 'fitness': 0.9081135311700765, 'generation': 120}","{'id': 9639, 'rank': 21, 'fitness': 0.8666733379415741, 'generation': 120}","{'id': 9575, 'rank': 22, 'fitness': 0.8469315940270983, 'generation': 120}","{'id': 9501, 'rank': 23, 'fitness': 0.8108825470475738, 'generation': 120}","{'id': 9501, 'rank': 24, 'fitness': 0.8108825470475738, 'generation': 120}","{'id': 9615, 'rank': 25, 'fitness': 0.7763611095111306, 'generation': 120}","{'id': 9615, 'rank': 26, 'fitness': 0.7763611095111306, 'generation': 120}","{'id': 9611, 'rank': 27, 'fitness': 0.7089121376903391, 'generation': 120}","{'id': 9437, 'rank': 28, 'fitness': 0.6116190992918004, 'generation': 120}","{'id': 9619, 'rank': 29, 'fitness': 0.12815453555780926, 'generation': 120}","{'id': 9640, 'rank': 30, 'fitness': 0.01798620996209155, 'generation': 120}"
"{'id': 9707, 'rank': 1, 'fitness': 0.9820137900379085, 'generation': 121}","{'id': 9657, 'rank': 2, 'fitness': 0.9810724375701262, 'generation': 121}","{'id': 9659, 'rank': 3, 'fitness': 0.9800129941462028, 'generation': 121}","{'id': 9666, 'rank': 4, 'fitness': 0.9798088909480205, 'generation': 121}","{'id': 9666, 'rank': 5, 'fitness': 0.9798088909480205, 'generation': 121}","{'id': 9697, 'rank': 6, 'fitness': 0.979668148715824, 'generation': 121}","{'id': 9455, 'rank': 7, 'fitness': 0.9795653655713779, 'generation': 121}","{'id': 9717, 'rank': 8, 'fitness': 0.9787594112201906, 'generation': 121}","{'id': 9594, 'rank': 9, 'fitness': 0.9787328886674417, 'generation': 121}","{'id': 9696, 'rank': 10, 'fitness': 0.9786305218694125, 'generation': 121}","{'id': 9671, 'rank': 11, 'fitness': 0.9784035855845153, 'generation': 121}","{'id': 9430, 'rank': 12, 'fitness': 0.9781119678560166, 'generation': 121}","{'id': 9689, 'rank': 13, 'fitness': 0.9779298357652628, 'generation': 121}","{'id': 9673, 'rank': 14, 'fitness': 0.9776070970588949, 'generation': 121}","{'id': 9664, 'rank': 15, 'fitness': 0.9769176210976227, 'generation': 121}","{'id': 9688, 'rank': 16, 'fitness': 0.9758177730861521, 'generation': 121}","{'id': 9733, 'rank': 17, 'fitness': 0.9754830596383933, 'generation': 121}","{'id': 9661, 'rank': 18, 'fitness': 0.9753258966783256, 'generation': 121}","{'id': 9734, 'rank': 19, 'fitness': 0.9751271853384559, 'generation': 121}","{'id': 9641, 'rank': 20, 'fitness': 0.9673770147476524, 'generation': 121}","{'id': 9460, 'rank': 21, 'fitness': 0.9626689519152865, 'generation': 121}","{'id': 9540, 'rank': 22, 'fitness': 0.9608728500745445, 'generation': 121}","{'id': 9685, 'rank': 23, 'fitness': 0.9415497872966543, 'generation': 121}","{'id': 9615, 'rank': 24, 'fitness': 0.9338014118557945, 'generation': 121}","{'id': 9437, 'rank': 25, 'fitness': 0.9072796076426045, 'generation': 121}","{'id': 9724, 'rank': 26, 'fitness': 0.8929810628501421, 'generation': 121}","{'id': 9703, 'rank': 27, 'fitness': 0.8909210611010759, 'generation': 121}","{'id': 9640, 'rank': 28, 'fitness': 0.5547703263567331, 'generation': 121}","{'id': 9640, 'rank': 29, 'fitness': 0.5547703263567331, 'generation': 121}","{'id': 9731, 'rank': 30, 'fitness': 0.01798620996209155, 'generation': 121}"
"{'id': 9756, 'rank': 1, 'fitness': 0.9820137900379085, 'generation': 122}","{'id': 9754, 'rank': 2, 'fitness': 0.9818475125020879, 'generation': 122}","{'id': 9804, 'rank': 3, 'fitness': 0.9815648453075226, 'generation': 122}","{'id': 9657, 'rank': 4, 'fitness': 0.9815585134710797, 'generation': 122}","{'id': 9752, 'rank': 5, 'fitness': 0.9807651855782694, 'generation': 122}","{'id': 9768, 'rank': 6, 'fitness': 0.9807328516527014, 'generation': 122}","{'id': 9749, 'rank': 7, 'fitness': 0.9807283906407083, 'generation': 122}","{'id': 9821, 'rank': 8, 'fitness': 0.9807248710876633, 'generation': 122}","{'id': 9819, 'rank': 9, 'fitness': 0.9804222419874313, 'generation': 122}","{'id': 9771, 'rank': 10, 'fitness': 0.9803329542640182, 'generation': 122}","{'id': 9767, 'rank': 11, 'fitness': 0.9803030533770674, 'generation': 122}","{'id': 9671, 'rank': 12, 'fitness': 0.9802976130420475, 'generation': 122}","{'id': 9795, 'rank': 13, 'fitness': 0.979770560309468, 'generation': 122}","{'id': 9823, 'rank': 14, 'fitness': 0.9792550294627163, 'generation': 122}","{'id': 9661, 'rank': 15, 'fitness': 0.9789343324258206, 'generation': 122}","{'id': 9734, 'rank': 16, 'fitness': 0.9788492237596481, 'generation': 122}","{'id': 9817, 'rank': 17, 'fitness': 0.9785476521484505, 'generation': 122}","{'id': 9803, 'rank': 18, 'fitness': 0.9783148873008078, 'generation': 122}","{'id': 9763, 'rank': 19, 'fitness': 0.9778415497880522, 'generation': 122}","{'id': 9793, 'rank': 20, 'fitness': 0.9778183410099923, 'generation': 122}","{'id': 9793, 'rank': 21, 'fitness': 0.9778183410099923, 'generation': 122}","{'id': 9792, 'rank': 22, 'fitness': 0.9777039463035604, 'generation': 122}","{'id': 9776, 'rank': 23, 'fitness': 0.9762319138888392, 'generation': 122}","{'id': 9818, 'rank': 24, 'fitness': 0.9750692880366036, 'generation': 122}","{'id': 9811, 'rank': 25, 'fitness': 0.9730247560066694, 'generation': 122}","{'id': 9809, 'rank': 26, 'fitness': 0.9710015148448705, 'generation': 122}","{'id': 9828, 'rank': 27, 'fitness': 0.9680511676386109, 'generation': 122}","{'id': 9802, 'rank': 28, 'fitness': 0.8525210172466452, 'generation': 122}","{'id': 9785, 'rank': 29, 'fitness': 0.5555897870414124, 'generation': 122}","{'id': 9801, 'rank': 30, 'fitness': 0.01798620996209155, 'generation': 122}"
"{'id': 9908, 'rank': 1, 'fitness': 0.9820137900379085, 'generation': 123}","{'id': 9754, 'rank': 2, 'fitness': 0.9798988916371114, 'generation': 123}","{'id': 9865, 'rank': 3, 'fitness': 0.9724192692746934, 'generation': 123}","{'id': 9889, 'rank': 4, 'fitness': 0.9702563932116453, 'generation': 123}","{'id': 9898, 'rank': 5, 'fitness': 0.9656629032319917, 'generation': 123}","{'id': 9900, 'rank': 6, 'fitness': 0.9640259106475457, 'generation': 123}","{'id': 9819, 'rank': 7, 'fitness': 0.9594394948001186, 'generation': 123}","{'id': 9767, 'rank': 8, 'fitness': 0.9571166875205845, 'generation': 123}","{'id': 9831, 'rank': 9, 'fitness': 0.9522442899086081, 'generation': 123}","{'id': 9834, 'rank': 10, 'fitness': 0.9424627585984132, 'generation': 123}","{'id': 9862, 'rank': 11, 'fitness': 0.9419222983447558, 'generation': 123}","{'id': 9836, 'rank': 12, 'fitness': 0.9372936643267307, 'generation': 123}","{'id': 9836, 'rank': 13, 'fitness': 0.9372936643267307, 'generation': 123}","{'id': 9823, 'rank': 14, 'fitness': 0.9314264268709311, 'generation': 123}","{'id': 9861, 'rank': 15, 'fitness': 0.9241775297520124, 'generation': 123}","{'id': 9734, 'rank': 16, 'fitness': 0.918570348288736, 'generation': 123}","{'id': 9734, 'rank': 17, 'fitness': 0.918570348288736, 'generation': 123}","{'id': 9870, 'rank': 18, 'fitness': 0.9075653376459274, 'generation': 123}","{'id': 9871, 'rank': 19, 'fitness': 0.8975812105877315, 'generation': 123}","{'id': 9838, 'rank': 20, 'fitness': 0.8859667986603141, 'generation': 123}","{'id': 9793, 'rank': 21, 'fitness': 0.8772344586319403, 'generation': 123}","{'id': 9903, 'rank': 22, 'fitness': 0.8768896494136791, 'generation': 123}","{'id': 9894, 'rank': 23, 'fitness': 0.814410230735986, 'generation': 123}","{'id': 9847, 'rank': 24, 'fitness': 0.7957314824281307, 'generation': 123}","{'id': 9847, 'rank': 25, 'fitness': 0.7957314824281307, 'generation': 123}","{'id': 9847, 'rank': 26, 'fitness': 0.7957314824281307, 'generation': 123}","{'id': 9886, 'rank': 27, 'fitness': 0.7563564543979708, 'generation': 123}","{'id': 9818, 'rank': 28, 'fitness': 0.6991841358687074, 'generation': 123}","{'id': 9905, 'rank': 29, 'fitness': 0.5591342458378873, 'generation': 123}","{'id': 9856, 'rank': 30, 'fitness': 0.01798620996209155, 'generation': 123}"
"{'id': 9913, 'rank': 1, 'fitness': 0.9820137900379085, 'generation': 124}","{'id': 9927, 'rank': 2, 'fitness': 0.9789942476132085, 'generation': 124}","{'id': 9968, 'rank': 3, 'fitness': 0.9775856362748188, 'generation': 124}","{'id': 9900, 'rank': 4, 'fitness': 0.9732576170251601, 'generation': 124}","{'id': 9767, 'rank': 5, 'fitness': 0.9699332884660079, 'generation': 124}","{'id': 9767, 'rank': 6, 'fitness': 0.9699332884660079, 'generation': 124}","{'id': 9969, 'rank': 7, 'fitness': 0.9695021409991438, 'generation': 124}","{'id': 9969, 'rank': 8, 'fitness': 0.9695021409991438, 'generation': 124}","{'id': 9986, 'rank': 9, 'fitness': 0.967163182724097, 'generation': 124}","{'id': 9936, 'rank': 10, 'fitness': 0.9644148597650589, 'generation': 124}","{'id': 9836, 'rank': 11, 'fitness': 0.9611882111045246, 'generation': 124}","{'id': 9949, 'rank': 12, 'fitness': 0.9590347507710097, 'generation': 124}","{'id': 9823, 'rank': 13, 'fitness': 0.9587636662035626, 'generation': 124}","{'id': 9823, 'rank': 14, 'fitness': 0.9587636662035626, 'generation': 124}","{'id': 9966, 'rank': 15, 'fitness': 0.958180874822991, 'generation': 124}","{'id': 9966, 'rank': 16, 'fitness': 0.958180874822991, 'generation': 124}","{'id': 9734, 'rank': 17, 'fitness': 0.9536401338296312, 'generation': 124}","{'id': 9933, 'rank': 18, 'fitness': 0.9492918861060283, 'generation': 124}","{'id': 9871, 'rank': 19, 'fitness': 0.9456992951484, 'generation': 124}","{'id': 9918, 'rank': 20, 'fitness': 0.943992736888335, 'generation': 124}","{'id': 9847, 'rank': 21, 'fitness': 0.9107424626715804, 'generation': 124}","{'id': 9847, 'rank': 22, 'fitness': 0.9107424626715804, 'generation': 124}","{'id': 9976, 'rank': 23, 'fitness': 0.8976909572814156, 'generation': 124}","{'id': 9959, 'rank': 24, 'fitness': 0.8740305052564294, 'generation': 124}","{'id': 9935, 'rank': 25, 'fitness': 0.8304142573341895, 'generation': 124}","{'id': 9905, 'rank': 26, 'fitness': 0.8295951779450973, 'generation': 124}","{'id': 9938, 'rank': 27, 'fitness': 0.4791052780347912, 'generation': 124}","{'id': 9972, 'rank': 28, 'fitness': 0.43089246503987744, 'generation': 124}","{'id': 9973, 'rank': 29, 'fitness': 0.1577652704231342, 'generation': 124}","{'id': 9930, 'rank': 30, 'fitness': 0.01798620996209155, 'generation': 124}"
"{'id': 10054, 'rank': 1, 'fitness': 0.9820137900379085, 'generation': 125}","{'id': 10064, 'rank': 2, 'fitness': 0.981909606029881, 'generation': 125}","{'id': 10057, 'rank': 3, 'fitness': 0.9818321948879059, 'generation': 125}","{'id': 9992, 'rank': 4, 'fitness': 0.9813609616622025, 'generation': 125}","{'id': 10031, 'rank': 5, 'fitness': 0.9807535542169528, 'generation': 125}","{'id': 9767, 'rank': 6, 'fitness': 0.9806591452954492, 'generation': 125}","{'id': 9767, 'rank': 7, 'fitness': 0.9806591452954492, 'generation': 125}","{'id': 9990, 'rank': 8, 'fitness': 0.9805193672596358, 'generation': 125}","{'id': 10019, 'rank': 9, 'fitness': 0.9805147965338891, 'generation': 125}","{'id': 10016, 'rank': 10, 'fitness': 0.9804642040089647, 'generation': 125}","{'id': 10027, 'rank': 11, 'fitness': 0.9803386860434173, 'generation': 125}","{'id': 10007, 'rank': 12, 'fitness': 0.9800447189392774, 'generation': 125}","{'id': 9836, 'rank': 13, 'fitness': 0.9798783349911242, 'generation': 125}","{'id': 10011, 'rank': 14, 'fitness': 0.9798696996190113, 'generation': 125}","{'id': 9949, 'rank': 15, 'fitness': 0.9797082769466308, 'generation': 125}","{'id': 9949, 'rank': 16, 'fitness': 0.9797082769466308, 'generation': 125}","{'id': 9966, 'rank': 17, 'fitness': 0.9796428356159175, 'generation': 125}","{'id': 9997, 'rank': 18, 'fitness': 0.9793941860031494, 'generation': 125}","{'id': 10048, 'rank': 19, 'fitness': 0.9793708059442899, 'generation': 125}","{'id': 9933, 'rank': 20, 'fitness': 0.9790182508980751, 'generation': 125}","{'id': 9918, 'rank': 21, 'fitness': 0.9786863299296396, 'generation': 125}","{'id': 9847, 'rank': 22, 'fitness': 0.9770273660997271, 'generation': 125}","{'id': 9991, 'rank': 23, 'fitness': 0.973472435114523, 'generation': 125}","{'id': 9991, 'rank': 24, 'fitness': 0.973472435114523, 'generation': 125}","{'id': 9991, 'rank': 25, 'fitness': 0.973472435114523, 'generation': 125}","{'id': 9938, 'rank': 26, 'fitness': 0.9671596870771155, 'generation': 125}","{'id': 9972, 'rank': 27, 'fitness': 0.9662026004011559, 'generation': 125}","{'id': 9972, 'rank': 28, 'fitness': 0.9662026004011559, 'generation': 125}","{'id': 9973, 'rank': 29, 'fitness': 0.9585000320258713, 'generation': 125}","{'id': 10015, 'rank': 30, 'fitness': 0.01798620996209155, 'generation': 125}"
"{'id': 10093, 'rank': 1, 'fitness': 0.9820137900379085, 'generation': 126}","{'id': 10107, 'rank': 2, 'fitness': 0.979301791831881, 'generation': 126}","{'id': 10076, 'rank': 3, 'fitness': 0.9744079118087303, 'generation': 126}","{'id': 10076, 'rank': 4, 'fitness': 0.9744079118087303, 'generation': 126}","{'id': 10147, 'rank': 5, 'fitness': 0.9732996040712105, 'generation': 126}","{'id': 9767, 'rank': 6, 'fitness': 0.9679581395601031, 'generation': 126}","{'id': 10016, 'rank': 7, 'fitness': 0.9655432499048711, 'generation': 126}","{'id': 10103, 'rank': 8, 'fitness': 0.9650570516976744, 'generation': 126}","{'id': 10154, 'rank': 9, 'fitness': 0.9643683864541785, 'generation': 126}","{'id': 10027, 'rank': 10, 'fitness': 0.9639099446988855, 'generation': 126}","{'id': 10106, 'rank': 11, 'fitness': 0.962619534308942, 'generation': 126}","{'id': 10125, 'rank': 12, 'fitness': 0.9620707393503041, 'generation': 126}","{'id': 10142, 'rank': 13, 'fitness': 0.9564669955974914, 'generation': 126}","{'id': 10119, 'rank': 14, 'fitness': 0.9519664100288636, 'generation': 126}","{'id': 9997, 'rank': 15, 'fitness': 0.9494583098705109, 'generation': 126}","{'id': 10105, 'rank': 16, 'fitness': 0.9492986068420483, 'generation': 126}","{'id': 10104, 'rank': 17, 'fitness': 0.943880285633524, 'generation': 126}","{'id': 10120, 'rank': 18, 'fitness': 0.9413732250072939, 'generation': 126}","{'id': 10136, 'rank': 19, 'fitness': 0.9117212723585518, 'generation': 126}","{'id': 9847, 'rank': 20, 'fitness': 0.8924758557456036, 'generation': 126}","{'id': 10112, 'rank': 21, 'fitness': 0.861037279900765, 'generation': 126}","{'id': 10102, 'rank': 22, 'fitness': 0.850210146797806, 'generation': 126}","{'id': 10151, 'rank': 23, 'fitness': 0.8456065033536024, 'generation': 126}","{'id': 10130, 'rank': 24, 'fitness': 0.8359694068052035, 'generation': 126}","{'id': 10099, 'rank': 25, 'fitness': 0.7613322063650898, 'generation': 126}","{'id': 10099, 'rank': 26, 'fitness': 0.7613322063650898, 'generation': 126}","{'id': 10075, 'rank': 27, 'fitness': 0.7149585854215463, 'generation': 126}","{'id': 10115, 'rank': 28, 'fitness': 0.5528399818430164, 'generation': 126}","{'id': 10115, 'rank': 29, 'fitness': 0.5528399818430164, 'generation': 126}","{'id': 10101, 'rank': 30, 'fitness': 0.01798620996209155, 'generation': 126}"
"{'id': 10212, 'rank': 1, 'fitness': 0.9820137900379085, 'generation': 127}","{'id': 10211, 'rank': 2, 'fitness': 0.981432092984558, 'generation': 127}","{'id': 10107, 'rank': 3, 'fitness': 0.9813627509843118, 'generation': 127}","{'id': 10193, 'rank': 4, 'fitness': 0.9804568629653339, 'generation': 127}","{'id': 10159, 'rank': 5, 'fitness': 0.9799020976439362, 'generation': 127}","{'id': 10159, 'rank': 6, 'fitness': 0.9799020976439362, 'generation': 127}","{'id': 10076, 'rank': 7, 'fitness': 0.9796209549887933, 'generation': 127}","{'id': 10183, 'rank': 8, 'fitness': 0.97815285048288, 'generation': 127}","{'id': 9767, 'rank': 9, 'fitness': 0.9775903691169059, 'generation': 127}","{'id': 10160, 'rank': 10, 'fitness': 0.9769408339697151, 'generation': 127}","{'id': 10103, 'rank': 11, 'fitness': 0.9767513871740326, 'generation': 127}","{'id': 10027, 'rank': 12, 'fitness': 0.9764302606440216, 'generation': 127}","{'id': 10182, 'rank': 13, 'fitness': 0.9762455128642148, 'generation': 127}","{'id': 10188, 'rank': 14, 'fitness': 0.9742111373824591, 'generation': 127}","{'id': 10119, 'rank': 15, 'fitness': 0.9733719087734077, 'generation': 127}","{'id': 10167, 'rank': 16, 'fitness': 0.9733610298657562, 'generation': 127}","{'id': 9997, 'rank': 17, 'fitness': 0.9727836653865742, 'generation': 127}","{'id': 10105, 'rank': 18, 'fitness': 0.9727467387646578, 'generation': 127}","{'id': 10173, 'rank': 19, 'fitness': 0.9723774719602298, 'generation': 127}","{'id': 10215, 'rank': 20, 'fitness': 0.9692969916568981, 'generation': 127}","{'id': 10230, 'rank': 21, 'fitness': 0.9604996067777292, 'generation': 127}","{'id': 10099, 'rank': 22, 'fitness': 0.9444143015402975, 'generation': 127}","{'id': 10115, 'rank': 23, 'fitness': 0.9194632065418402, 'generation': 127}","{'id': 10115, 'rank': 24, 'fitness': 0.9194632065418402, 'generation': 127}","{'id': 10197, 'rank': 25, 'fitness': 0.8794441259702237, 'generation': 127}","{'id': 10228, 'rank': 26, 'fitness': 0.8488681874407025, 'generation': 127}","{'id': 10171, 'rank': 27, 'fitness': 0.6912387807464389, 'generation': 127}","{'id': 10187, 'rank': 28, 'fitness': 0.5621285473754648, 'generation': 127}","{'id': 10209, 'rank': 29, 'fitness': 0.04579391589876264, 'generation': 127}","{'id': 10189, 'rank': 30, 'fitness': 0.01798620996209155, 'generation': 127}"
"{'id': 10107, 'rank': 1, 'fitness': 0.9820137900379085, 'generation': 128}","{'id': 10282, 'rank': 2, 'fitness': 0.9817398911652562, 'generation': 128}","{'id': 10260, 'rank': 3, 'fitness': 0.9816848760506612, 'generation': 128}","{'id': 10276, 'rank': 4, 'fitness': 0.9816811450533889, 'generation': 128}","{'id': 10193, 'rank': 5, 'fitness': 0.9815194065456572, 'generation': 128}","{'id': 10257, 'rank': 6, 'fitness': 0.9813975334581995, 'generation': 128}","{'id': 10076, 'rank': 7, 'fitness': 0.9810716759601718, 'generation': 128}","{'id': 10274, 'rank': 8, 'fitness': 0.9807571095673395, 'generation': 128}","{'id': 10274, 'rank': 9, 'fitness': 0.9807571095673395, 'generation': 128}","{'id': 10314, 'rank': 10, 'fitness': 0.9804806966261669, 'generation': 128}","{'id': 10263, 'rank': 11, 'fitness': 0.980442680721255, 'generation': 128}","{'id': 10291, 'rank': 12, 'fitness': 0.9804351353121311, 'generation': 128}","{'id': 10302, 'rank': 13, 'fitness': 0.9803692145902727, 'generation': 128}","{'id': 9767, 'rank': 14, 'fitness': 0.9800149455308615, 'generation': 128}","{'id': 10256, 'rank': 15, 'fitness': 0.9791495825771828, 'generation': 128}","{'id': 10270, 'rank': 16, 'fitness': 0.9777809507878548, 'generation': 128}","{'id': 10323, 'rank': 17, 'fitness': 0.9775582256219442, 'generation': 128}","{'id': 10323, 'rank': 18, 'fitness': 0.9775582256219442, 'generation': 128}","{'id': 10308, 'rank': 19, 'fitness': 0.9770984090709045, 'generation': 128}","{'id': 10237, 'rank': 20, 'fitness': 0.9762080153241094, 'generation': 128}","{'id': 10246, 'rank': 21, 'fitness': 0.9759282137745808, 'generation': 128}","{'id': 10306, 'rank': 22, 'fitness': 0.9738772950068149, 'generation': 128}","{'id': 10230, 'rank': 23, 'fitness': 0.9723196941241871, 'generation': 128}","{'id': 10279, 'rank': 24, 'fitness': 0.9620333053286536, 'generation': 128}","{'id': 10244, 'rank': 25, 'fitness': 0.9603152640207476, 'generation': 128}","{'id': 10251, 'rank': 26, 'fitness': 0.9529802741949984, 'generation': 128}","{'id': 10197, 'rank': 27, 'fitness': 0.9464303986418695, 'generation': 128}","{'id': 10228, 'rank': 28, 'fitness': 0.9383406976204052, 'generation': 128}","{'id': 10252, 'rank': 29, 'fitness': 0.8533089295378553, 'generation': 128}","{'id': 10255, 'rank': 30, 'fitness': 0.01798620996209155, 'generation': 128}"
"{'id': 10382, 'rank': 1, 'fitness': 0.9820137900379085, 'generation': 129}","{'id': 10382, 'rank': 2, 'fitness': 0.9820137900379085, 'generation': 129}","{'id': 10377, 'rank': 3, 'fitness': 0.9814120244451956, 'generation': 129}","{'id': 10362, 'rank': 4, 'fitness': 0.9812718078150968, 'generation': 129}","{'id': 10376, 'rank': 5, 'fitness': 0.9812579314488323, 'generation': 129}","{'id': 10386, 'rank': 6, 'fitness': 0.9812128496683565, 'generation': 129}","{'id': 10260, 'rank': 7, 'fitness': 0.98117027399101, 'generation': 129}","{'id': 10365, 'rank': 8, 'fitness': 0.9810326902840437, 'generation': 129}","{'id': 10390, 'rank': 9, 'fitness': 0.9810207386851976, 'generation': 129}","{'id': 10390, 'rank': 10, 'fitness': 0.9810207386851976, 'generation': 129}","{'id': 10385, 'rank': 11, 'fitness': 0.9809944824194394, 'generation': 129}","{'id': 10076, 'rank': 12, 'fitness': 0.9805424511797087, 'generation': 129}","{'id': 10395, 'rank': 13, 'fitness': 0.9801169261291789, 'generation': 129}","{'id': 10263, 'rank': 14, 'fitness': 0.9798985525706597, 'generation': 129}","{'id': 10335, 'rank': 15, 'fitness': 0.9789118952031615, 'generation': 129}","{'id': 10364, 'rank': 16, 'fitness': 0.9785323658758509, 'generation': 129}","{'id': 10339, 'rank': 17, 'fitness': 0.978450678111156, 'generation': 129}","{'id': 10374, 'rank': 18, 'fitness': 0.9768884130264801, 'generation': 129}","{'id': 10330, 'rank': 19, 'fitness': 0.9763084644547728, 'generation': 129}","{'id': 10351, 'rank': 20, 'fitness': 0.9754920301944072, 'generation': 129}","{'id': 10357, 'rank': 21, 'fitness': 0.9705248742222413, 'generation': 129}","{'id': 10327, 'rank': 22, 'fitness': 0.9680769326115759, 'generation': 129}","{'id': 10367, 'rank': 23, 'fitness': 0.9666531203398352, 'generation': 129}","{'id': 10384, 'rank': 24, 'fitness': 0.9649337372084673, 'generation': 129}","{'id': 10384, 'rank': 25, 'fitness': 0.9649337372084673, 'generation': 129}","{'id': 10244, 'rank': 26, 'fitness': 0.9593350618279131, 'generation': 129}","{'id': 10197, 'rank': 27, 'fitness': 0.9451845239274022, 'generation': 129}","{'id': 10197, 'rank': 28, 'fitness': 0.9451845239274022, 'generation': 129}","{'id': 10197, 'rank': 29, 'fitness': 0.9451845239274022, 'generation': 129}","{'id': 10255, 'rank': 30, 'fitness': 0.01798620996209155, 'generation': 129}"
"{'id': 10382, 'rank': 1, 'fitness': 0.9820137900379085, 'generation': 130}","{'id': 10420, 'rank': 2, 'fitness': 0.9782788573241594, 'generation': 130}","{'id': 10404, 'rank': 3, 'fitness': 0.9765841427215272, 'generation': 130}","{'id': 10405, 'rank': 4, 'fitness': 0.9749165147380507, 'generation': 130}","{'id': 10365, 'rank': 5, 'fitness': 0.974035502141441, 'generation': 130}","{'id': 10365, 'rank': 6, 'fitness': 0.974035502141441, 'generation': 130}","{'id': 10390, 'rank': 7, 'fitness': 0.9739226406916278, 'generation': 130}","{'id': 10444, 'rank': 8, 'fitness': 0.9737127122989352, 'generation': 130}","{'id': 10444, 'rank': 9, 'fitness': 0.9737127122989352, 'generation': 130}","{'id': 10483, 'rank': 10, 'fitness': 0.9723716192046148, 'generation': 130}","{'id': 10441, 'rank': 11, 'fitness': 0.972326740956318, 'generation': 130}","{'id': 10440, 'rank': 12, 'fitness': 0.9704912864553845, 'generation': 130}","{'id': 10430, 'rank': 13, 'fitness': 0.9677729484235067, 'generation': 130}","{'id': 10445, 'rank': 14, 'fitness': 0.965865186371557, 'generation': 130}","{'id': 10436, 'rank': 15, 'fitness': 0.961958228670913, 'generation': 130}","{'id': 10448, 'rank': 16, 'fitness': 0.95363882429307, 'generation': 130}","{'id': 10458, 'rank': 17, 'fitness': 0.9388858666651134, 'generation': 130}","{'id': 10429, 'rank': 18, 'fitness': 0.9247438216929186, 'generation': 130}","{'id': 10478, 'rank': 19, 'fitness': 0.9041547549092073, 'generation': 130}","{'id': 10374, 'rank': 20, 'fitness': 0.9024549697221202, 'generation': 130}","{'id': 10431, 'rank': 21, 'fitness': 0.8655079495420984, 'generation': 130}","{'id': 10474, 'rank': 22, 'fitness': 0.8612773264243533, 'generation': 130}","{'id': 10433, 'rank': 23, 'fitness': 0.8324845622780295, 'generation': 130}","{'id': 10492, 'rank': 24, 'fitness': 0.13637007704982923, 'generation': 130}","{'id': 10466, 'rank': 25, 'fitness': 0.08191463997986986, 'generation': 130}","{'id': 10423, 'rank': 26, 'fitness': 0.027535530893733617, 'generation': 130}","{'id': 10411, 'rank': 27, 'fitness': 0.025200020707974558, 'generation': 130}","{'id': 10411, 'rank': 28, 'fitness': 0.025200020707974558, 'generation': 130}","{'id': 10197, 'rank': 29, 'fitness': 0.01809810816780799, 'generation': 130}","{'id': 10476, 'rank': 30, 'fitness': 0.01798620996209155, 'generation': 130}"
"{'id': 10562, 'rank': 1, 'fitness': 0.9820137900379085, 'generation': 131}","{'id': 10548, 'rank': 2, 'fitness': 0.9820081856014258, 'generation': 131}","{'id': 10548, 'rank': 3, 'fitness': 0.9820081856014258, 'generation': 131}","{'id': 10545, 'rank': 4, 'fitness': 0.981233810000993, 'generation': 131}","{'id': 10567, 'rank': 5, 'fitness': 0.9788461992052504, 'generation': 131}","{'id': 10365, 'rank': 6, 'fitness': 0.9775534351692379, 'generation': 131}","{'id': 10390, 'rank': 7, 'fitness': 0.9775013788838474, 'generation': 131}","{'id': 10483, 'rank': 8, 'fitness': 0.9767960014543011, 'generation': 131}","{'id': 10483, 'rank': 9, 'fitness': 0.9767960014543011, 'generation': 131}","{'id': 10574, 'rank': 10, 'fitness': 0.97657044736291, 'generation': 131}","{'id': 10581, 'rank': 11, 'fitness': 0.9753805481548894, 'generation': 131}","{'id': 10445, 'rank': 12, 'fitness': 0.9740135232646592, 'generation': 131}","{'id': 10529, 'rank': 13, 'fitness': 0.9739998224148188, 'generation': 131}","{'id': 10498, 'rank': 14, 'fitness': 0.9727662043391576, 'generation': 131}","{'id': 10513, 'rank': 15, 'fitness': 0.9708223101461737, 'generation': 131}","{'id': 10547, 'rank': 16, 'fitness': 0.9703278871672325, 'generation': 131}","{'id': 10512, 'rank': 17, 'fitness': 0.968167682617527, 'generation': 131}","{'id': 10514, 'rank': 18, 'fitness': 0.9674399304821016, 'generation': 131}","{'id': 10531, 'rank': 19, 'fitness': 0.9608460375885022, 'generation': 131}","{'id': 10429, 'rank': 20, 'fitness': 0.9600749035412088, 'generation': 131}","{'id': 10537, 'rank': 21, 'fitness': 0.957824245077912, 'generation': 131}","{'id': 10433, 'rank': 22, 'fitness': 0.9369250858473213, 'generation': 131}","{'id': 10517, 'rank': 23, 'fitness': 0.9133571897500872, 'generation': 131}","{'id': 10506, 'rank': 24, 'fitness': 0.8907852299461114, 'generation': 131}","{'id': 10526, 'rank': 25, 'fitness': 0.7881195718951213, 'generation': 131}","{'id': 10411, 'rank': 26, 'fitness': 0.47500994772236377, 'generation': 131}","{'id': 10411, 'rank': 27, 'fitness': 0.47500994772236377, 'generation': 131}","{'id': 10502, 'rank': 28, 'fitness': 0.3360706637365247, 'generation': 131}","{'id': 10527, 'rank': 29, 'fitness': 0.060260878757824266, 'generation': 131}","{'id': 10508, 'rank': 30, 'fitness': 0.01798620996209155, 'generation': 131}"
"{'id': 10548, 'rank': 1, 'fitness': 0.9820137900379085, 'generation': 132}","{'id': 10618, 'rank': 2, 'fitness': 0.9818721219815159, 'generation': 132}","{'id': 10618, 'rank': 3, 'fitness': 0.9818721219815159, 'generation': 132}","{'id': 10545, 'rank': 4, 'fitness': 0.9812396197065177, 'generation': 132}","{'id': 10601, 'rank': 5, 'fitness': 0.9809916883336514, 'generation': 132}","{'id': 10615, 'rank': 6, 'fitness': 0.9801396010637341, 'generation': 132}","{'id': 10588, 'rank': 7, 'fitness': 0.979965141177634, 'generation': 132}","{'id': 10607, 'rank': 8, 'fitness': 0.9764105233654579, 'generation': 132}","{'id': 10529, 'rank': 9, 'fitness': 0.9740074775336691, 'generation': 132}","{'id': 10644, 'rank': 10, 'fitness': 0.9731712396475587, 'generation': 132}","{'id': 10644, 'rank': 11, 'fitness': 0.9731712396475587, 'generation': 132}","{'id': 10584, 'rank': 12, 'fitness': 0.9712574439685057, 'generation': 132}","{'id': 10514, 'rank': 13, 'fitness': 0.9674491630359652, 'generation': 132}","{'id': 10656, 'rank': 14, 'fitness': 0.9654952018628158, 'generation': 132}","{'id': 10602, 'rank': 15, 'fitness': 0.9627192265755249, 'generation': 132}","{'id': 10602, 'rank': 16, 'fitness': 0.9627192265755249, 'generation': 132}","{'id': 10597, 'rank': 17, 'fitness': 0.9604206583195911, 'generation': 132}","{'id': 10634, 'rank': 18, 'fitness': 0.9571833281750443, 'generation': 132}","{'id': 10634, 'rank': 19, 'fitness': 0.9571833281750443, 'generation': 132}","{'id': 10603, 'rank': 20, 'fitness': 0.9479112087616703, 'generation': 132}","{'id': 10603, 'rank': 21, 'fitness': 0.9479112087616703, 'generation': 132}","{'id': 10662, 'rank': 22, 'fitness': 0.9441157284109245, 'generation': 132}","{'id': 10627, 'rank': 23, 'fitness': 0.930044994083536, 'generation': 132}","{'id': 10660, 'rank': 24, 'fitness': 0.9264501951880173, 'generation': 132}","{'id': 10606, 'rank': 25, 'fitness': 0.9222845817806684, 'generation': 132}","{'id': 10591, 'rank': 26, 'fitness': 0.9049160379720722, 'generation': 132}","{'id': 10595, 'rank': 27, 'fitness': 0.869277423336098, 'generation': 132}","{'id': 10659, 'rank': 28, 'fitness': 0.6614357208802524, 'generation': 132}","{'id': 10411, 'rank': 29, 'fitness': 0.47504851782017443, 'generation': 132}","{'id': 10508, 'rank': 30, 'fitness': 0.01798620996209155, 'generation': 132}"
"{'id': 10669, 'rank': 1, 'fitness': 0.9820137900379085, 'generation': 133}","{'id': 10618, 'rank': 2, 'fitness': 0.9818041932307925, 'generation': 133}","{'id': 10671, 'rank': 3, 'fitness': 0.9816635963354655, 'generation': 133}","{'id': 10683, 'rank': 4, 'fitness': 0.981614671978427, 'generation': 133}","{'id': 10676, 'rank': 5, 'fitness': 0.9814123178941436, 'generation': 133}","{'id': 10545, 'rank': 6, 'fitness': 0.9813138279300928, 'generation': 133}","{'id': 10719, 'rank': 7, 'fitness': 0.9812042960878444, 'generation': 133}","{'id': 10601, 'rank': 8, 'fitness': 0.9811226104160051, 'generation': 133}","{'id': 10666, 'rank': 9, 'fitness': 0.9801534182090617, 'generation': 133}","{'id': 10709, 'rank': 10, 'fitness': 0.9787508701015867, 'generation': 133}","{'id': 10677, 'rank': 11, 'fitness': 0.9781225391430688, 'generation': 133}","{'id': 10663, 'rank': 12, 'fitness': 0.9775117745651882, 'generation': 133}","{'id': 10529, 'rank': 13, 'fitness': 0.9759329785988498, 'generation': 133}","{'id': 10644, 'rank': 14, 'fitness': 0.9753334814814979, 'generation': 133}","{'id': 10706, 'rank': 15, 'fitness': 0.9751658201686978, 'generation': 133}","{'id': 10584, 'rank': 16, 'fitness': 0.9739763021598659, 'generation': 133}","{'id': 10584, 'rank': 17, 'fitness': 0.9739763021598659, 'generation': 133}","{'id': 10704, 'rank': 18, 'fitness': 0.9732487583194878, 'generation': 133}","{'id': 10704, 'rank': 19, 'fitness': 0.9732487583194878, 'generation': 133}","{'id': 10722, 'rank': 20, 'fitness': 0.9731483430052126, 'generation': 133}","{'id': 10678, 'rank': 21, 'fitness': 0.9623775048134239, 'generation': 133}","{'id': 10603, 'rank': 22, 'fitness': 0.9586120457568481, 'generation': 133}","{'id': 10627, 'rank': 23, 'fitness': 0.9478010313984302, 'generation': 133}","{'id': 10660, 'rank': 24, 'fitness': 0.9456909253723396, 'generation': 133}","{'id': 10712, 'rank': 25, 'fitness': 0.9382358486168223, 'generation': 133}","{'id': 10688, 'rank': 26, 'fitness': 0.9125620355508736, 'generation': 133}","{'id': 10685, 'rank': 27, 'fitness': 0.8070898264703216, 'generation': 133}","{'id': 10411, 'rank': 28, 'fitness': 0.6932657974002838, 'generation': 133}","{'id': 10733, 'rank': 29, 'fitness': 0.3732237617394827, 'generation': 133}","{'id': 10737, 'rank': 30, 'fitness': 0.01798620996209155, 'generation': 133}"
"{'id': 10783, 'rank': 1, 'fitness': 0.9820137900379085, 'generation': 134}","{'id': 10814, 'rank': 2, 'fitness': 0.9814714259594302, 'generation': 134}","{'id': 10786, 'rank': 3, 'fitness': 0.9813203585311698, 'generation': 134}","{'id': 10810, 'rank': 4, 'fitness': 0.9812158685922951, 'generation': 134}","{'id': 10750, 'rank': 5, 'fitness': 0.9810794979332389, 'generation': 134}","{'id': 10808, 'rank': 6, 'fitness': 0.9810281333487167, 'generation': 134}","{'id': 10777, 'rank': 7, 'fitness': 0.9798926079171246, 'generation': 134}","{'id': 10677, 'rank': 8, 'fitness': 0.9785537062229301, 'generation': 134}","{'id': 10764, 'rank': 9, 'fitness': 0.9784097402040794, 'generation': 134}","{'id': 10765, 'rank': 10, 'fitness': 0.9779238026951871, 'generation': 134}","{'id': 10774, 'rank': 11, 'fitness': 0.977088701626502, 'generation': 134}","{'id': 10807, 'rank': 12, 'fitness': 0.9764982489333425, 'generation': 134}","{'id': 10756, 'rank': 13, 'fitness': 0.9754436686061944, 'generation': 134}","{'id': 10762, 'rank': 14, 'fitness': 0.9753070788269234, 'generation': 134}","{'id': 10762, 'rank': 15, 'fitness': 0.9753070788269234, 'generation': 134}","{'id': 10584, 'rank': 16, 'fitness': 0.974475520311823, 'generation': 134}","{'id': 10584, 'rank': 17, 'fitness': 0.974475520311823, 'generation': 134}","{'id': 10704, 'rank': 18, 'fitness': 0.9737596696545991, 'generation': 134}","{'id': 10796, 'rank': 19, 'fitness': 0.9736650718317861, 'generation': 134}","{'id': 10796, 'rank': 20, 'fitness': 0.9736650718317861, 'generation': 134}","{'id': 10722, 'rank': 21, 'fitness': 0.973660862707459, 'generation': 134}","{'id': 10758, 'rank': 22, 'fitness': 0.9692741993313163, 'generation': 134}","{'id': 10768, 'rank': 23, 'fitness': 0.9681932899759529, 'generation': 134}","{'id': 10768, 'rank': 24, 'fitness': 0.9681932899759529, 'generation': 134}","{'id': 10794, 'rank': 25, 'fitness': 0.9634970229781761, 'generation': 134}","{'id': 10678, 'rank': 26, 'fitness': 0.9630554903648909, 'generation': 134}","{'id': 10678, 'rank': 27, 'fitness': 0.9630554903648909, 'generation': 134}","{'id': 10791, 'rank': 28, 'fitness': 0.9160888052156022, 'generation': 134}","{'id': 10688, 'rank': 29, 'fitness': 0.9138736952753048, 'generation': 134}","{'id': 10737, 'rank': 30, 'fitness': 0.01798620996209155, 'generation': 134}"
"{'id': 10864, 'rank': 1, 'fitness': 0.9820137900379085, 'generation': 135}","{'id': 10810, 'rank': 2, 'fitness': 0.9806479047440686, 'generation': 135}","{'id': 10852, 'rank': 3, 'fitness': 0.9804619298419066, 'generation': 135}","{'id': 10882, 'rank': 4, 'fitness': 0.9802472950684074, 'generation': 135}","{'id': 10849, 'rank': 5, 'fitness': 0.9799231858928603, 'generation': 135}","{'id': 10897, 'rank': 6, 'fitness': 0.9796680037690394, 'generation': 135}","{'id': 10892, 'rank': 7, 'fitness': 0.9787758499254207, 'generation': 135}","{'id': 10891, 'rank': 8, 'fitness': 0.978186191614121, 'generation': 135}","{'id': 10677, 'rank': 9, 'fitness': 0.9776697426415364, 'generation': 135}","{'id': 10677, 'rank': 10, 'fitness': 0.9776697426415364, 'generation': 135}","{'id': 10889, 'rank': 11, 'fitness': 0.9776361188551121, 'generation': 135}","{'id': 10764, 'rank': 12, 'fitness': 0.977507836990706, 'generation': 135}","{'id': 10902, 'rank': 13, 'fitness': 0.9764130808078414, 'generation': 135}","{'id': 10774, 'rank': 14, 'fitness': 0.9760183710109437, 'generation': 135}","{'id': 10756, 'rank': 15, 'fitness': 0.9741544327984941, 'generation': 135}","{'id': 10900, 'rank': 16, 'fitness': 0.9728534566098969, 'generation': 135}","{'id': 10871, 'rank': 17, 'fitness': 0.9726889151402739, 'generation': 135}","{'id': 10796, 'rank': 18, 'fitness': 0.9721284790747977, 'generation': 135}","{'id': 10823, 'rank': 19, 'fitness': 0.969734546557314, 'generation': 135}","{'id': 10869, 'rank': 20, 'fitness': 0.9679892185320886, 'generation': 135}","{'id': 10839, 'rank': 21, 'fitness': 0.9676068366140564, 'generation': 135}","{'id': 10887, 'rank': 22, 'fitness': 0.9665537949591101, 'generation': 135}","{'id': 10865, 'rank': 23, 'fitness': 0.9645167549452084, 'generation': 135}","{'id': 10886, 'rank': 24, 'fitness': 0.9637088223004184, 'generation': 135}","{'id': 10848, 'rank': 25, 'fitness': 0.9632398741649487, 'generation': 135}","{'id': 10858, 'rank': 26, 'fitness': 0.9574610261113135, 'generation': 135}","{'id': 10858, 'rank': 27, 'fitness': 0.9574610261113135, 'generation': 135}","{'id': 10842, 'rank': 28, 'fitness': 0.8687238759699998, 'generation': 135}","{'id': 10862, 'rank': 29, 'fitness': 0.8372557921098424, 'generation': 135}","{'id': 10824, 'rank': 30, 'fitness': 0.01798620996209155, 'generation': 135}"
"{'id': 10931, 'rank': 1, 'fitness': 0.9820137900379085, 'generation': 136}","{'id': 10987, 'rank': 2, 'fitness': 0.9782054199797452, 'generation': 136}","{'id': 10933, 'rank': 3, 'fitness': 0.9745020664938573, 'generation': 136}","{'id': 10891, 'rank': 4, 'fitness': 0.9737836315434684, 'generation': 136}","{'id': 10891, 'rank': 5, 'fitness': 0.9737836315434684, 'generation': 136}","{'id': 10980, 'rank': 6, 'fitness': 0.9719013501084779, 'generation': 136}","{'id': 10979, 'rank': 7, 'fitness': 0.9718948568445226, 'generation': 136}","{'id': 10889, 'rank': 8, 'fitness': 0.9715620366643797, 'generation': 136}","{'id': 10919, 'rank': 9, 'fitness': 0.9690210407891611, 'generation': 136}","{'id': 10902, 'rank': 10, 'fitness': 0.9661777004777349, 'generation': 136}","{'id': 10937, 'rank': 11, 'fitness': 0.9624835553496348, 'generation': 136}","{'id': 10969, 'rank': 12, 'fitness': 0.9607849979906027, 'generation': 136}","{'id': 10915, 'rank': 13, 'fitness': 0.953091501383881, 'generation': 136}","{'id': 10915, 'rank': 14, 'fitness': 0.953091501383881, 'generation': 136}","{'id': 10986, 'rank': 15, 'fitness': 0.952708417755828, 'generation': 136}","{'id': 10796, 'rank': 16, 'fitness': 0.9421161306889085, 'generation': 136}","{'id': 10920, 'rank': 17, 'fitness': 0.9323254227094464, 'generation': 136}","{'id': 10823, 'rank': 18, 'fitness': 0.9249100430544142, 'generation': 136}","{'id': 10913, 'rank': 19, 'fitness': 0.890195553769043, 'generation': 136}","{'id': 10930, 'rank': 20, 'fitness': 0.8866228160870048, 'generation': 136}","{'id': 10983, 'rank': 21, 'fitness': 0.8789430508530189, 'generation': 136}","{'id': 10985, 'rank': 22, 'fitness': 0.8748059476734453, 'generation': 136}","{'id': 10950, 'rank': 23, 'fitness': 0.8717459611845065, 'generation': 136}","{'id': 10926, 'rank': 24, 'fitness': 0.868157637139426, 'generation': 136}","{'id': 10961, 'rank': 25, 'fitness': 0.8163459651261443, 'generation': 136}","{'id': 10977, 'rank': 26, 'fitness': 0.5446744553874094, 'generation': 136}","{'id': 10949, 'rank': 27, 'fitness': 0.40336282633566334, 'generation': 136}","{'id': 10936, 'rank': 28, 'fitness': 0.2153769983012947, 'generation': 136}","{'id': 10910, 'rank': 29, 'fitness': 0.05554494311467062, 'generation': 136}","{'id': 10964, 'rank': 30, 'fitness': 0.01798620996209155, 'generation': 136}"
"{'id': 11060, 'rank': 1, 'fitness': 0.9820137900379085, 'generation': 137}","{'id': 11015, 'rank': 2, 'fitness': 0.9803743129679994, 'generation': 137}","{'id': 11027, 'rank': 3, 'fitness': 0.9763824430653871, 'generation': 137}","{'id': 10980, 'rank': 4, 'fitness': 0.9762831776561581, 'generation': 137}","{'id': 11049, 'rank': 5, 'fitness': 0.9739716293129571, 'generation': 137}","{'id': 11055, 'rank': 6, 'fitness': 0.9732050252003672, 'generation': 137}","{'id': 10937, 'rank': 7, 'fitness': 0.9727308890251405, 'generation': 137}","{'id': 10937, 'rank': 8, 'fitness': 0.9727308890251405, 'generation': 137}","{'id': 10937, 'rank': 9, 'fitness': 0.9727308890251405, 'generation': 137}","{'id': 10915, 'rank': 10, 'fitness': 0.9696036766490117, 'generation': 137}","{'id': 10796, 'rank': 11, 'fitness': 0.9663087207920517, 'generation': 137}","{'id': 10920, 'rank': 12, 'fitness': 0.9636079675617287, 'generation': 137}","{'id': 11005, 'rank': 13, 'fitness': 0.9559683273816997, 'generation': 137}","{'id': 10950, 'rank': 14, 'fitness': 0.9496793772729213, 'generation': 137}","{'id': 11007, 'rank': 15, 'fitness': 0.9432166263731789, 'generation': 137}","{'id': 11020, 'rank': 16, 'fitness': 0.9414523134613715, 'generation': 137}","{'id': 11039, 'rank': 17, 'fitness': 0.9198119423722857, 'generation': 137}","{'id': 11039, 'rank': 18, 'fitness': 0.9198119423722857, 'generation': 137}","{'id': 10949, 'rank': 19, 'fitness': 0.8619384724021812, 'generation': 137}","{'id': 11033, 'rank': 20, 'fitness': 0.7551807294830766, 'generation': 137}","{'id': 11033, 'rank': 21, 'fitness': 0.7551807294830766, 'generation': 137}","{'id': 10964, 'rank': 22, 'fitness': 0.5254491803812567, 'generation': 137}","{'id': 10999, 'rank': 23, 'fitness': 0.4975344456502913, 'generation': 137}","{'id': 11001, 'rank': 24, 'fitness': 0.45383262147338654, 'generation': 137}","{'id': 11001, 'rank': 25, 'fitness': 0.45383262147338654, 'generation': 137}","{'id': 11001, 'rank': 26, 'fitness': 0.45383262147338654, 'generation': 137}","{'id': 11036, 'rank': 27, 'fitness': 0.35990862703810256, 'generation': 137}","{'id': 11063, 'rank': 28, 'fitness': 0.06837161503189787, 'generation': 137}","{'id': 11035, 'rank': 29, 'fitness': 0.031054843107125307, 'generation': 137}","{'id': 11037, 'rank': 30, 'fitness': 0.01798620996209155, 'generation': 137}"
"{'id': 11073, 'rank': 1, 'fitness': 0.9820137900379085, 'generation': 138}","{'id': 11073, 'rank': 2, 'fitness': 0.9820137900379085, 'generation': 138}","{'id': 10980, 'rank': 3, 'fitness': 0.9815250880264612, 'generation': 138}","{'id': 11121, 'rank': 4, 'fitness': 0.9814208939140268, 'generation': 138}","{'id': 11113, 'rank': 5, 'fitness': 0.9813487140604418, 'generation': 138}","{'id': 11136, 'rank': 6, 'fitness': 0.9813486855216491, 'generation': 138}","{'id': 11049, 'rank': 7, 'fitness': 0.9813286916331434, 'generation': 138}","{'id': 11138, 'rank': 8, 'fitness': 0.9812506559070413, 'generation': 138}","{'id': 11087, 'rank': 9, 'fitness': 0.9811707219947869, 'generation': 138}","{'id': 11079, 'rank': 10, 'fitness': 0.9808405347384482, 'generation': 138}","{'id': 11085, 'rank': 11, 'fitness': 0.9805827227103618, 'generation': 138}","{'id': 11114, 'rank': 12, 'fitness': 0.9805692355952222, 'generation': 138}","{'id': 11092, 'rank': 13, 'fitness': 0.9804477954598059, 'generation': 138}","{'id': 11005, 'rank': 14, 'fitness': 0.98016786031404, 'generation': 138}","{'id': 10950, 'rank': 15, 'fitness': 0.9798578325241957, 'generation': 138}","{'id': 11080, 'rank': 16, 'fitness': 0.9794993971407882, 'generation': 138}","{'id': 11039, 'rank': 17, 'fitness': 0.9787171636916411, 'generation': 138}","{'id': 11084, 'rank': 18, 'fitness': 0.978469208414622, 'generation': 138}","{'id': 11107, 'rank': 19, 'fitness': 0.9783783118163947, 'generation': 138}","{'id': 11128, 'rank': 20, 'fitness': 0.9778882705583496, 'generation': 138}","{'id': 11094, 'rank': 21, 'fitness': 0.9678405369636993, 'generation': 138}","{'id': 11035, 'rank': 22, 'fitness': 0.9594584144292062, 'generation': 138}","{'id': 11035, 'rank': 23, 'fitness': 0.9594584144292062, 'generation': 138}","{'id': 11103, 'rank': 24, 'fitness': 0.9399928803998245, 'generation': 138}","{'id': 11103, 'rank': 25, 'fitness': 0.9399928803998245, 'generation': 138}","{'id': 11105, 'rank': 26, 'fitness': 0.410774692132298, 'generation': 138}","{'id': 11105, 'rank': 27, 'fitness': 0.410774692132298, 'generation': 138}","{'id': 11132, 'rank': 28, 'fitness': 0.05089369787100123, 'generation': 138}","{'id': 11076, 'rank': 29, 'fitness': 0.01798620996209155, 'generation': 138}","{'id': 11076, 'rank': 30, 'fitness': 0.01798620996209155, 'generation': 138}"
"{'id': 11179, 'rank': 1, 'fitness': 0.9820137900379085, 'generation': 139}","{'id': 11177, 'rank': 2, 'fitness': 0.9819182515850651, 'generation': 139}","{'id': 11177, 'rank': 3, 'fitness': 0.9819182515850651, 'generation': 139}","{'id': 11073, 'rank': 4, 'fitness': 0.9817425658705085, 'generation': 139}","{'id': 11073, 'rank': 5, 'fitness': 0.9817425658705085, 'generation': 139}","{'id': 11169, 'rank': 6, 'fitness': 0.9806505723312895, 'generation': 139}","{'id': 11193, 'rank': 7, 'fitness': 0.9804993319459304, 'generation': 139}","{'id': 11193, 'rank': 8, 'fitness': 0.9804993319459304, 'generation': 139}","{'id': 11087, 'rank': 9, 'fitness': 0.9801462374228855, 'generation': 139}","{'id': 11165, 'rank': 10, 'fitness': 0.979992165304466, 'generation': 139}","{'id': 11188, 'rank': 11, 'fitness': 0.979793363780447, 'generation': 139}","{'id': 11162, 'rank': 12, 'fitness': 0.9795525820571818, 'generation': 139}","{'id': 11079, 'rank': 13, 'fitness': 0.9795048979241974, 'generation': 139}","{'id': 11114, 'rank': 14, 'fitness': 0.978971192069044, 'generation': 139}","{'id': 11164, 'rank': 15, 'fitness': 0.9787268981159835, 'generation': 139}","{'id': 11164, 'rank': 16, 'fitness': 0.9787268981159835, 'generation': 139}","{'id': 11195, 'rank': 17, 'fitness': 0.9786395018153387, 'generation': 139}","{'id': 11155, 'rank': 18, 'fitness': 0.9786255504476329, 'generation': 139}","{'id': 11155, 'rank': 19, 'fitness': 0.9786255504476329, 'generation': 139}","{'id': 11157, 'rank': 20, 'fitness': 0.9781509415608958, 'generation': 139}","{'id': 11191, 'rank': 21, 'fitness': 0.977546417100297, 'generation': 139}","{'id': 11211, 'rank': 22, 'fitness': 0.9765916017948497, 'generation': 139}","{'id': 11039, 'rank': 23, 'fitness': 0.9751671791972027, 'generation': 139}","{'id': 11205, 'rank': 24, 'fitness': 0.9735964900859126, 'generation': 139}","{'id': 11163, 'rank': 25, 'fitness': 0.9692022860271681, 'generation': 139}","{'id': 11149, 'rank': 26, 'fitness': 0.9681821810809437, 'generation': 139}","{'id': 11094, 'rank': 27, 'fitness': 0.947554699250795, 'generation': 139}","{'id': 11035, 'rank': 28, 'fitness': 0.9208591064567548, 'generation': 139}","{'id': 11200, 'rank': 29, 'fitness': 0.885975784425941, 'generation': 139}","{'id': 11105, 'rank': 30, 'fitness': 0.01798620996209155, 'generation': 139}"
"{'id': 11239, 'rank': 1, 'fitness': 0.9820137900379085, 'generation': 140}","{'id': 11177, 'rank': 2, 'fitness': 0.9814114471124555, 'generation': 140}","{'id': 11240, 'rank': 3, 'fitness': 0.9813451222456948, 'generation': 140}","{'id': 11286, 'rank': 4, 'fitness': 0.9813401404542014, 'generation': 140}","{'id': 11073, 'rank': 5, 'fitness': 0.9801434323489788, 'generation': 140}","{'id': 11280, 'rank': 6, 'fitness': 0.973640781417538, 'generation': 140}","{'id': 11169, 'rank': 7, 'fitness': 0.9705364375407044, 'generation': 140}","{'id': 11193, 'rank': 8, 'fitness': 0.9689450241697133, 'generation': 140}","{'id': 11193, 'rank': 9, 'fitness': 0.9689450241697133, 'generation': 140}","{'id': 11087, 'rank': 10, 'fitness': 0.9649530763370336, 'generation': 140}","{'id': 11222, 'rank': 11, 'fitness': 0.9641830304787408, 'generation': 140}","{'id': 11281, 'rank': 12, 'fitness': 0.9595137118268968, 'generation': 140}","{'id': 11215, 'rank': 13, 'fitness': 0.958380437480835, 'generation': 140}","{'id': 11217, 'rank': 14, 'fitness': 0.9539635839756693, 'generation': 140}","{'id': 11258, 'rank': 15, 'fitness': 0.9532904586476266, 'generation': 140}","{'id': 11218, 'rank': 16, 'fitness': 0.9461292407189907, 'generation': 140}","{'id': 11155, 'rank': 17, 'fitness': 0.9427068295595136, 'generation': 140}","{'id': 11155, 'rank': 18, 'fitness': 0.9427068295595136, 'generation': 140}","{'id': 11269, 'rank': 19, 'fitness': 0.9381055874216215, 'generation': 140}","{'id': 11244, 'rank': 20, 'fitness': 0.9262256518993592, 'generation': 140}","{'id': 11191, 'rank': 21, 'fitness': 0.9210384116479299, 'generation': 140}","{'id': 11243, 'rank': 22, 'fitness': 0.9141273684782634, 'generation': 140}","{'id': 11290, 'rank': 23, 'fitness': 0.8941681307437204, 'generation': 140}","{'id': 11273, 'rank': 24, 'fitness': 0.8816341022410769, 'generation': 140}","{'id': 11262, 'rank': 25, 'fitness': 0.8713987088676727, 'generation': 140}","{'id': 11294, 'rank': 26, 'fitness': 0.8626506127984822, 'generation': 140}","{'id': 11216, 'rank': 27, 'fitness': 0.862259324637218, 'generation': 140}","{'id': 11248, 'rank': 28, 'fitness': 0.6710153500972837, 'generation': 140}","{'id': 11149, 'rank': 29, 'fitness': 0.5023388658005626, 'generation': 140}","{'id': 11276, 'rank': 30, 'fitness': 0.01798620996209155, 'generation': 140}"
"{'id': 11286, 'rank': 1, 'fitness': 0.9820137900379085, 'generation': 141}","{'id': 11363, 'rank': 2, 'fitness': 0.9819525594349023, 'generation': 141}","{'id': 11345, 'rank': 3, 'fitness': 0.9819458550803921, 'generation': 141}","{'id': 11346, 'rank': 4, 'fitness': 0.9816578741065223, 'generation': 141}","{'id': 11375, 'rank': 5, 'fitness': 0.9815732147219329, 'generation': 141}","{'id': 11316, 'rank': 6, 'fitness': 0.9797002699417128, 'generation': 141}","{'id': 11316, 'rank': 7, 'fitness': 0.9797002699417128, 'generation': 141}","{'id': 11343, 'rank': 8, 'fitness': 0.9793198741019693, 'generation': 141}","{'id': 11326, 'rank': 9, 'fitness': 0.9791026784047621, 'generation': 141}","{'id': 11169, 'rank': 10, 'fitness': 0.9788168591471303, 'generation': 141}","{'id': 11169, 'rank': 11, 'fitness': 0.9788168591471303, 'generation': 141}","{'id': 11325, 'rank': 12, 'fitness': 0.977938052841017, 'generation': 141}","{'id': 11215, 'rank': 13, 'fitness': 0.9760009475202542, 'generation': 141}","{'id': 11358, 'rank': 14, 'fitness': 0.9759556121377684, 'generation': 141}","{'id': 11217, 'rank': 15, 'fitness': 0.9751037964239088, 'generation': 141}","{'id': 11339, 'rank': 16, 'fitness': 0.9736883099317342, 'generation': 141}","{'id': 11341, 'rank': 17, 'fitness': 0.9721597104168778, 'generation': 141}","{'id': 11370, 'rank': 18, 'fitness': 0.9697110577542991, 'generation': 141}","{'id': 11191, 'rank': 19, 'fitness': 0.9696128132522523, 'generation': 141}","{'id': 11306, 'rank': 20, 'fitness': 0.9671016852164689, 'generation': 141}","{'id': 11262, 'rank': 21, 'fitness': 0.9633553845704337, 'generation': 141}","{'id': 11357, 'rank': 22, 'fitness': 0.9611079162492198, 'generation': 141}","{'id': 11369, 'rank': 23, 'fitness': 0.9608818092144732, 'generation': 141}","{'id': 11307, 'rank': 24, 'fitness': 0.9503178942399076, 'generation': 141}","{'id': 11307, 'rank': 25, 'fitness': 0.9503178942399076, 'generation': 141}","{'id': 11307, 'rank': 26, 'fitness': 0.9503178942399076, 'generation': 141}","{'id': 11356, 'rank': 27, 'fitness': 0.9298174787755553, 'generation': 141}","{'id': 11321, 'rank': 28, 'fitness': 0.9196481891127761, 'generation': 141}","{'id': 11379, 'rank': 29, 'fitness': 0.8291044215649143, 'generation': 141}","{'id': 11380, 'rank': 30, 'fitness': 0.01798620996209155, 'generation': 141}"
"{'id': 11419, 'rank': 1, 'fitness': 0.9820137900379085, 'generation': 142}","{'id': 11404, 'rank': 2, 'fitness': 0.9816117793299378, 'generation': 142}","{'id': 11432, 'rank': 3, 'fitness': 0.9798841296105887, 'generation': 142}","{'id': 11469, 'rank': 4, 'fitness': 0.9794001345595308, 'generation': 142}","{'id': 11389, 'rank': 5, 'fitness': 0.9780783449740642, 'generation': 142}","{'id': 11409, 'rank': 6, 'fitness': 0.9780371382452344, 'generation': 142}","{'id': 11441, 'rank': 7, 'fitness': 0.9769018198745802, 'generation': 142}","{'id': 11429, 'rank': 8, 'fitness': 0.9765553000535618, 'generation': 142}","{'id': 11428, 'rank': 9, 'fitness': 0.9763048303495678, 'generation': 142}","{'id': 11339, 'rank': 10, 'fitness': 0.9737253290116639, 'generation': 142}","{'id': 11422, 'rank': 11, 'fitness': 0.9733393460034845, 'generation': 142}","{'id': 11422, 'rank': 12, 'fitness': 0.9733393460034845, 'generation': 142}","{'id': 11437, 'rank': 13, 'fitness': 0.9714560682446496, 'generation': 142}","{'id': 11191, 'rank': 14, 'fitness': 0.9696545591789174, 'generation': 142}","{'id': 11191, 'rank': 15, 'fitness': 0.9696545591789174, 'generation': 142}","{'id': 11425, 'rank': 16, 'fitness': 0.969321057991448, 'generation': 142}","{'id': 11449, 'rank': 17, 'fitness': 0.9690783122680346, 'generation': 142}","{'id': 11400, 'rank': 18, 'fitness': 0.963655727253681, 'generation': 142}","{'id': 11424, 'rank': 19, 'fitness': 0.9629058066939933, 'generation': 142}","{'id': 11414, 'rank': 20, 'fitness': 0.9594759910379547, 'generation': 142}","{'id': 11439, 'rank': 21, 'fitness': 0.9569836891885277, 'generation': 142}","{'id': 11411, 'rank': 22, 'fitness': 0.9435839203647555, 'generation': 142}","{'id': 11399, 'rank': 23, 'fitness': 0.9434000069211721, 'generation': 142}","{'id': 11393, 'rank': 24, 'fitness': 0.931138491184406, 'generation': 142}","{'id': 11393, 'rank': 25, 'fitness': 0.931138491184406, 'generation': 142}","{'id': 11453, 'rank': 26, 'fitness': 0.9134152940221107, 'generation': 142}","{'id': 11472, 'rank': 27, 'fitness': 0.9103679291626368, 'generation': 142}","{'id': 11471, 'rank': 28, 'fitness': 0.7795080507125349, 'generation': 142}","{'id': 11430, 'rank': 29, 'fitness': 0.5767841797031952, 'generation': 142}","{'id': 11380, 'rank': 30, 'fitness': 0.01798620996209155, 'generation': 142}"
"{'id': 11501, 'rank': 1, 'fitness': 0.9820137900379085, 'generation': 143}","{'id': 11553, 'rank': 2, 'fitness': 0.9817242784942264, 'generation': 143}","{'id': 11531, 'rank': 3, 'fitness': 0.9815631622383832, 'generation': 143}","{'id': 11507, 'rank': 4, 'fitness': 0.9812800373817315, 'generation': 143}","{'id': 11527, 'rank': 5, 'fitness': 0.9812380533280797, 'generation': 143}","{'id': 11389, 'rank': 6, 'fitness': 0.9808871634641476, 'generation': 143}","{'id': 11518, 'rank': 7, 'fitness': 0.9807544559147927, 'generation': 143}","{'id': 11518, 'rank': 8, 'fitness': 0.9807544559147927, 'generation': 143}","{'id': 11537, 'rank': 9, 'fitness': 0.980728593139526, 'generation': 143}","{'id': 11428, 'rank': 10, 'fitness': 0.9804304219948126, 'generation': 143}","{'id': 11512, 'rank': 11, 'fitness': 0.9803976675389046, 'generation': 143}","{'id': 11533, 'rank': 12, 'fitness': 0.9803497620657223, 'generation': 143}","{'id': 11536, 'rank': 13, 'fitness': 0.980218473777889, 'generation': 143}","{'id': 11529, 'rank': 14, 'fitness': 0.9799723099949877, 'generation': 143}","{'id': 11422, 'rank': 15, 'fitness': 0.9797159147430543, 'generation': 143}","{'id': 11191, 'rank': 16, 'fitness': 0.978899222352863, 'generation': 143}","{'id': 11557, 'rank': 17, 'fitness': 0.9786950140651953, 'generation': 143}","{'id': 11482, 'rank': 18, 'fitness': 0.9785599214949806, 'generation': 143}","{'id': 11482, 'rank': 19, 'fitness': 0.9785599214949806, 'generation': 143}","{'id': 11535, 'rank': 20, 'fitness': 0.9782915944131332, 'generation': 143}","{'id': 11535, 'rank': 21, 'fitness': 0.9782915944131332, 'generation': 143}","{'id': 11400, 'rank': 22, 'fitness': 0.9777012788556696, 'generation': 143}","{'id': 11560, 'rank': 23, 'fitness': 0.9762758835624654, 'generation': 143}","{'id': 11393, 'rank': 24, 'fitness': 0.9728004969984441, 'generation': 143}","{'id': 11534, 'rank': 25, 'fitness': 0.9718764923065906, 'generation': 143}","{'id': 11508, 'rank': 26, 'fitness': 0.971725776052867, 'generation': 143}","{'id': 11453, 'rank': 27, 'fitness': 0.9707414575420938, 'generation': 143}","{'id': 11488, 'rank': 28, 'fitness': 0.9699534757604292, 'generation': 143}","{'id': 11380, 'rank': 29, 'fitness': 0.8290947570714309, 'generation': 143}","{'id': 11545, 'rank': 30, 'fitness': 0.01798620996209155, 'generation': 143}"
"{'id': 11606, 'rank': 1, 'fitness': 0.9820137900379085, 'generation': 144}","{'id': 11577, 'rank': 2, 'fitness': 0.9765314603373925, 'generation': 144}","{'id': 11645, 'rank': 3, 'fitness': 0.9760620487597611, 'generation': 144}","{'id': 11537, 'rank': 4, 'fitness': 0.9746836968754269, 'generation': 144}","{'id': 11629, 'rank': 5, 'fitness': 0.9740425877657319, 'generation': 144}","{'id': 11567, 'rank': 6, 'fitness': 0.9730485175301209, 'generation': 144}","{'id': 11567, 'rank': 7, 'fitness': 0.9730485175301209, 'generation': 144}","{'id': 11620, 'rank': 8, 'fitness': 0.9720903270679676, 'generation': 144}","{'id': 11428, 'rank': 9, 'fitness': 0.9698582873702386, 'generation': 144}","{'id': 11641, 'rank': 10, 'fitness': 0.9691378396855375, 'generation': 144}","{'id': 11585, 'rank': 11, 'fitness': 0.9686080470878, 'generation': 144}","{'id': 11533, 'rank': 12, 'fitness': 0.9684206536971156, 'generation': 144}","{'id': 11636, 'rank': 13, 'fitness': 0.9677319786837497, 'generation': 144}","{'id': 11636, 'rank': 14, 'fitness': 0.9677319786837497, 'generation': 144}","{'id': 11569, 'rank': 15, 'fitness': 0.9673839216281406, 'generation': 144}","{'id': 11581, 'rank': 16, 'fitness': 0.9651293810732633, 'generation': 144}","{'id': 11582, 'rank': 17, 'fitness': 0.9620701386197733, 'generation': 144}","{'id': 11529, 'rank': 18, 'fitness': 0.9608615602608108, 'generation': 144}","{'id': 11637, 'rank': 19, 'fitness': 0.9567965318596325, 'generation': 144}","{'id': 11568, 'rank': 20, 'fitness': 0.9479565488199623, 'generation': 144}","{'id': 11613, 'rank': 21, 'fitness': 0.9444545240201692, 'generation': 144}","{'id': 11601, 'rank': 22, 'fitness': 0.9313683316838595, 'generation': 144}","{'id': 11564, 'rank': 23, 'fitness': 0.9037211696538698, 'generation': 144}","{'id': 11632, 'rank': 24, 'fitness': 0.8748434247188919, 'generation': 144}","{'id': 11400, 'rank': 25, 'fitness': 0.8747115737962827, 'generation': 144}","{'id': 11566, 'rank': 26, 'fitness': 0.8340096973570802, 'generation': 144}","{'id': 11571, 'rank': 27, 'fitness': 0.8327347244427198, 'generation': 144}","{'id': 11595, 'rank': 28, 'fitness': 0.8044423381548841, 'generation': 144}","{'id': 11589, 'rank': 29, 'fitness': 0.46102404209748954, 'generation': 144}","{'id': 11572, 'rank': 30, 'fitness': 0.01798620996209155, 'generation': 144}"
"{'id': 11672, 'rank': 1, 'fitness': 0.9820137900379085, 'generation': 145}","{'id': 11645, 'rank': 2, 'fitness': 0.981988282249985, 'generation': 145}","{'id': 11688, 'rank': 3, 'fitness': 0.9818902823462895, 'generation': 145}","{'id': 11659, 'rank': 4, 'fitness': 0.9818178545941583, 'generation': 145}","{'id': 11428, 'rank': 5, 'fitness': 0.9817987936837003, 'generation': 145}","{'id': 11533, 'rank': 6, 'fitness': 0.981760087645341, 'generation': 145}","{'id': 11636, 'rank': 7, 'fitness': 0.9817421190330708, 'generation': 145}","{'id': 11667, 'rank': 8, 'fitness': 0.9816740223647651, 'generation': 145}","{'id': 11655, 'rank': 9, 'fitness': 0.981526443669247, 'generation': 145}","{'id': 11734, 'rank': 10, 'fitness': 0.9814382359944094, 'generation': 145}","{'id': 11568, 'rank': 11, 'fitness': 0.9813354758365043, 'generation': 145}","{'id': 11717, 'rank': 12, 'fitness': 0.9809688119741298, 'generation': 145}","{'id': 11717, 'rank': 13, 'fitness': 0.9809688119741298, 'generation': 145}","{'id': 11719, 'rank': 14, 'fitness': 0.9809626421972831, 'generation': 145}","{'id': 11564, 'rank': 15, 'fitness': 0.9807810567371993, 'generation': 145}","{'id': 11676, 'rank': 16, 'fitness': 0.9805538521476191, 'generation': 145}","{'id': 11676, 'rank': 17, 'fitness': 0.9805538521476191, 'generation': 145}","{'id': 11632, 'rank': 18, 'fitness': 0.9805293701792015, 'generation': 145}","{'id': 11682, 'rank': 19, 'fitness': 0.9796593688700377, 'generation': 145}","{'id': 11682, 'rank': 20, 'fitness': 0.9796593688700377, 'generation': 145}","{'id': 11683, 'rank': 21, 'fitness': 0.9793393347518982, 'generation': 145}","{'id': 11589, 'rank': 22, 'fitness': 0.9786399559882564, 'generation': 145}","{'id': 11739, 'rank': 23, 'fitness': 0.97792567957911, 'generation': 145}","{'id': 11730, 'rank': 24, 'fitness': 0.973394263861396, 'generation': 145}","{'id': 11701, 'rank': 25, 'fitness': 0.9725295984006779, 'generation': 145}","{'id': 11701, 'rank': 26, 'fitness': 0.9725295984006779, 'generation': 145}","{'id': 11699, 'rank': 27, 'fitness': 0.9680896629463429, 'generation': 145}","{'id': 11699, 'rank': 28, 'fitness': 0.9680896629463429, 'generation': 145}","{'id': 11733, 'rank': 29, 'fitness': 0.959310884574303, 'generation': 145}","{'id': 11685, 'rank': 30, 'fitness': 0.01798620996209155, 'generation': 145}"
"{'id': 11780, 'rank': 1, 'fitness': 0.9820137900379085, 'generation': 146}","{'id': 11796, 'rank': 2, 'fitness': 0.9813659203569352, 'generation': 146}","{'id': 11758, 'rank': 3, 'fitness': 0.9812277427887988, 'generation': 146}","{'id': 11777, 'rank': 4, 'fitness': 0.9810194644316634, 'generation': 146}","{'id': 11795, 'rank': 5, 'fitness': 0.9809513512773802, 'generation': 146}","{'id': 11688, 'rank': 6, 'fitness': 0.9805592917071748, 'generation': 146}","{'id': 11659, 'rank': 7, 'fitness': 0.9802375671457861, 'generation': 146}","{'id': 11798, 'rank': 8, 'fitness': 0.9786497356378621, 'generation': 146}","{'id': 11798, 'rank': 9, 'fitness': 0.9786497356378621, 'generation': 146}","{'id': 11833, 'rank': 10, 'fitness': 0.9768808812243406, 'generation': 146}","{'id': 11833, 'rank': 11, 'fitness': 0.9768808812243406, 'generation': 146}","{'id': 11838, 'rank': 12, 'fitness': 0.9765595804547983, 'generation': 146}","{'id': 11838, 'rank': 13, 'fitness': 0.9765595804547983, 'generation': 146}","{'id': 11828, 'rank': 14, 'fitness': 0.9764770298914205, 'generation': 146}","{'id': 11827, 'rank': 15, 'fitness': 0.9753979605083394, 'generation': 146}","{'id': 11564, 'rank': 16, 'fitness': 0.9751872906205117, 'generation': 146}","{'id': 11824, 'rank': 17, 'fitness': 0.9718665301366971, 'generation': 146}","{'id': 11683, 'rank': 18, 'fitness': 0.9666672845487646, 'generation': 146}","{'id': 11800, 'rank': 19, 'fitness': 0.9656418002664708, 'generation': 146}","{'id': 11840, 'rank': 20, 'fitness': 0.9627714118954773, 'generation': 146}","{'id': 11789, 'rank': 21, 'fitness': 0.9521673392805721, 'generation': 146}","{'id': 11820, 'rank': 22, 'fitness': 0.9042849260241718, 'generation': 146}","{'id': 11748, 'rank': 23, 'fitness': 0.8884320493412791, 'generation': 146}","{'id': 11748, 'rank': 24, 'fitness': 0.8884320493412791, 'generation': 146}","{'id': 11748, 'rank': 25, 'fitness': 0.8884320493412791, 'generation': 146}","{'id': 11815, 'rank': 26, 'fitness': 0.8651553222662347, 'generation': 146}","{'id': 11775, 'rank': 27, 'fitness': 0.8568796154811015, 'generation': 146}","{'id': 11775, 'rank': 28, 'fitness': 0.8568796154811015, 'generation': 146}","{'id': 11808, 'rank': 29, 'fitness': 0.6888733301431385, 'generation': 146}","{'id': 11754, 'rank': 30, 'fitness': 0.01798620996209155, 'generation': 146}"
"{'id': 11868, 'rank': 1, 'fitness': 0.9820137900379085, 'generation': 147}","{'id': 11780, 'rank': 2, 'fitness': 0.9819537789957322, 'generation': 147}","{'id': 11905, 'rank': 3, 'fitness': 0.981846441027699, 'generation': 147}","{'id': 11758, 'rank': 4, 'fitness': 0.9818229695049354, 'generation': 147}","{'id': 11871, 'rank': 5, 'fitness': 0.9816956992015542, 'generation': 147}","{'id': 11871, 'rank': 6, 'fitness': 0.9816956992015542, 'generation': 147}","{'id': 11852, 'rank': 7, 'fitness': 0.9816755051763695, 'generation': 147}","{'id': 11869, 'rank': 8, 'fitness': 0.9816572698176704, 'generation': 147}","{'id': 11883, 'rank': 9, 'fitness': 0.9814369324557741, 'generation': 147}","{'id': 11798, 'rank': 10, 'fitness': 0.9814231221719751, 'generation': 147}","{'id': 11913, 'rank': 11, 'fitness': 0.981402368415976, 'generation': 147}","{'id': 11913, 'rank': 12, 'fitness': 0.981402368415976, 'generation': 147}","{'id': 11854, 'rank': 13, 'fitness': 0.9812718629054467, 'generation': 147}","{'id': 11861, 'rank': 14, 'fitness': 0.981069435827974, 'generation': 147}","{'id': 11857, 'rank': 15, 'fitness': 0.9810341851595517, 'generation': 147}","{'id': 11564, 'rank': 16, 'fitness': 0.9809437141785595, 'generation': 147}","{'id': 11844, 'rank': 17, 'fitness': 0.9807411945770911, 'generation': 147}","{'id': 11925, 'rank': 18, 'fitness': 0.9806955140108209, 'generation': 147}","{'id': 11858, 'rank': 19, 'fitness': 0.9805401090750168, 'generation': 147}","{'id': 11923, 'rank': 20, 'fitness': 0.9804434602928753, 'generation': 147}","{'id': 11918, 'rank': 21, 'fitness': 0.9785051704320926, 'generation': 147}","{'id': 11894, 'rank': 22, 'fitness': 0.9781728734224616, 'generation': 147}","{'id': 11820, 'rank': 23, 'fitness': 0.9758844939284166, 'generation': 147}","{'id': 11748, 'rank': 24, 'fitness': 0.9751959952100662, 'generation': 147}","{'id': 11748, 'rank': 25, 'fitness': 0.9751959952100662, 'generation': 147}","{'id': 11865, 'rank': 26, 'fitness': 0.972178971992849, 'generation': 147}","{'id': 11884, 'rank': 27, 'fitness': 0.9692050016929945, 'generation': 147}","{'id': 11921, 'rank': 28, 'fitness': 0.9654349507961386, 'generation': 147}","{'id': 11911, 'rank': 29, 'fitness': 0.895728304102039, 'generation': 147}","{'id': 11876, 'rank': 30, 'fitness': 0.01798620996209155, 'generation': 147}"
"{'id': 11868, 'rank': 1, 'fitness': 0.9820137900379085, 'generation': 148}","{'id': 11946, 'rank': 2, 'fitness': 0.9810409900202228, 'generation': 148}","{'id': 11946, 'rank': 3, 'fitness': 0.9810409900202228, 'generation': 148}","{'id': 11973, 'rank': 4, 'fitness': 0.9803549170742847, 'generation': 148}","{'id': 11965, 'rank': 5, 'fitness': 0.9801182106309567, 'generation': 148}","{'id': 11976, 'rank': 6, 'fitness': 0.977121411864468, 'generation': 148}","{'id': 11871, 'rank': 7, 'fitness': 0.9762579609290742, 'generation': 148}","{'id': 11978, 'rank': 8, 'fitness': 0.9748039189041344, 'generation': 148}","{'id': 11949, 'rank': 9, 'fitness': 0.9741900857978193, 'generation': 148}","{'id': 11949, 'rank': 10, 'fitness': 0.9741900857978193, 'generation': 148}","{'id': 11960, 'rank': 11, 'fitness': 0.9603562903159073, 'generation': 148}","{'id': 11861, 'rank': 12, 'fitness': 0.959772204753027, 'generation': 148}","{'id': 11861, 'rank': 13, 'fitness': 0.959772204753027, 'generation': 148}","{'id': 11857, 'rank': 14, 'fitness': 0.9585933610792388, 'generation': 148}","{'id': 12015, 'rank': 15, 'fitness': 0.954575061090587, 'generation': 148}","{'id': 11997, 'rank': 16, 'fitness': 0.948425647795321, 'generation': 148}","{'id': 11998, 'rank': 17, 'fitness': 0.9447432779037808, 'generation': 148}","{'id': 11945, 'rank': 18, 'fitness': 0.9422981591208821, 'generation': 148}","{'id': 11858, 'rank': 19, 'fitness': 0.9385234500284485, 'generation': 148}","{'id': 11858, 'rank': 20, 'fitness': 0.9385234500284485, 'generation': 148}","{'id': 11923, 'rank': 21, 'fitness': 0.9337279084762423, 'generation': 148}","{'id': 11992, 'rank': 22, 'fitness': 0.7186143227293869, 'generation': 148}","{'id': 11992, 'rank': 23, 'fitness': 0.7186143227293869, 'generation': 148}","{'id': 11943, 'rank': 24, 'fitness': 0.4122073560007362, 'generation': 148}","{'id': 11748, 'rank': 25, 'fitness': 0.22895037008503233, 'generation': 148}","{'id': 11748, 'rank': 26, 'fitness': 0.22895037008503233, 'generation': 148}","{'id': 11942, 'rank': 27, 'fitness': 0.14670202951458255, 'generation': 148}","{'id': 11988, 'rank': 28, 'fitness': 0.03661059586009463, 'generation': 148}","{'id': 11950, 'rank': 29, 'fitness': 0.01798620996209155, 'generation': 148}","{'id': 11950, 'rank': 30, 'fitness': 0.01798620996209155, 'generation': 148}"
"{'id': 11868, 'rank': 1, 'fitness': 0.9820137900379085, 'generation': 149}","{'id': 12068, 'rank': 2, 'fitness': 0.981335747477224, 'generation': 149}","{'id': 12031, 'rank': 3, 'fitness': 0.9813266573786155, 'generation': 149}","{'id': 11946, 'rank': 4, 'fitness': 0.9809405214798701, 'generation': 149}","{'id': 12045, 'rank': 5, 'fitness': 0.9804632863517607, 'generation': 149}","{'id': 12045, 'rank': 6, 'fitness': 0.9804632863517607, 'generation': 149}","{'id': 11973, 'rank': 7, 'fitness': 0.9801803143727563, 'generation': 149}","{'id': 12076, 'rank': 8, 'fitness': 0.979502069456637, 'generation': 149}","{'id': 12079, 'rank': 9, 'fitness': 0.97388294922226, 'generation': 149}","{'id': 12079, 'rank': 10, 'fitness': 0.97388294922226, 'generation': 149}","{'id': 12048, 'rank': 11, 'fitness': 0.9646898196975326, 'generation': 149}","{'id': 11857, 'rank': 12, 'fitness': 0.9550361277539197, 'generation': 149}","{'id': 12063, 'rank': 13, 'fitness': 0.9543461887760254, 'generation': 149}","{'id': 12058, 'rank': 14, 'fitness': 0.95278224842988, 'generation': 149}","{'id': 12094, 'rank': 15, 'fitness': 0.9480246151173024, 'generation': 149}","{'id': 12035, 'rank': 16, 'fitness': 0.9449885600888676, 'generation': 149}","{'id': 11997, 'rank': 17, 'fitness': 0.9428122523521497, 'generation': 149}","{'id': 12095, 'rank': 18, 'fitness': 0.9366364494848883, 'generation': 149}","{'id': 12051, 'rank': 19, 'fitness': 0.920771329129678, 'generation': 149}","{'id': 12084, 'rank': 20, 'fitness': 0.9185245836517634, 'generation': 149}","{'id': 12022, 'rank': 21, 'fitness': 0.9112097277078806, 'generation': 149}","{'id': 12055, 'rank': 22, 'fitness': 0.8511748807266841, 'generation': 149}","{'id': 12033, 'rank': 23, 'fitness': 0.8441400399874696, 'generation': 149}","{'id': 11992, 'rank': 24, 'fitness': 0.6525235465337964, 'generation': 149}","{'id': 11992, 'rank': 25, 'fitness': 0.6525235465337964, 'generation': 149}","{'id': 12018, 'rank': 26, 'fitness': 0.6449089082502492, 'generation': 149}","{'id': 11943, 'rank': 27, 'fitness': 0.31172856709899066, 'generation': 149}","{'id': 12027, 'rank': 28, 'fitness': 0.23252875269577028, 'generation': 149}","{'id': 11942, 'rank': 29, 'fitness': 0.08794021192181839, 'generation': 149}","{'id': 11988, 'rank': 30, 'fitness': 0.01798620996209155, 'generation': 149}"
"{'id': 12105, 'rank': 1, 'fitness': 0.9820137900379085, 'generation': 150}","{'id': 12099, 'rank': 2, 'fitness': 0.9811760566525676, 'generation': 150}","{'id': 12156, 'rank': 3, 'fitness': 0.9797275125460483, 'generation': 150}","{'id': 12045, 'rank': 4, 'fitness': 0.9796679880430135, 'generation': 150}","{'id': 12045, 'rank': 5, 'fitness': 0.9796679880430135, 'generation': 150}","{'id': 11973, 'rank': 6, 'fitness': 0.9793143092049623, 'generation': 150}","{'id': 12111, 'rank': 7, 'fitness': 0.9786089291776057, 'generation': 150}","{'id': 12135, 'rank': 8, 'fitness': 0.9780820718803405, 'generation': 150}","{'id': 12135, 'rank': 9, 'fitness': 0.9780820718803405, 'generation': 150}","{'id': 12110, 'rank': 10, 'fitness': 0.974128516978172, 'generation': 150}","{'id': 12136, 'rank': 11, 'fitness': 0.973817793821391, 'generation': 150}","{'id': 12141, 'rank': 12, 'fitness': 0.9713592060024846, 'generation': 150}","{'id': 12079, 'rank': 13, 'fitness': 0.971209670264784, 'generation': 150}","{'id': 12123, 'rank': 14, 'fitness': 0.9662204388500344, 'generation': 150}","{'id': 11857, 'rank': 15, 'fitness': 0.9449542665710088, 'generation': 150}","{'id': 12058, 'rank': 16, 'fitness': 0.9416640478127163, 'generation': 150}","{'id': 12035, 'rank': 17, 'fitness': 0.9300985291156023, 'generation': 150}","{'id': 11997, 'rank': 18, 'fitness': 0.9268220543156013, 'generation': 150}","{'id': 12163, 'rank': 19, 'fitness': 0.9241790740021476, 'generation': 150}","{'id': 12163, 'rank': 20, 'fitness': 0.9241790740021476, 'generation': 150}","{'id': 12151, 'rank': 21, 'fitness': 0.9137031090562204, 'generation': 150}","{'id': 12103, 'rank': 22, 'fitness': 0.908602102585703, 'generation': 150}","{'id': 12103, 'rank': 23, 'fitness': 0.908602102585703, 'generation': 150}","{'id': 12148, 'rank': 24, 'fitness': 0.8953559855760698, 'generation': 150}","{'id': 12084, 'rank': 25, 'fitness': 0.8892093707713122, 'generation': 150}","{'id': 11992, 'rank': 26, 'fitness': 0.4828607038618871, 'generation': 150}","{'id': 12018, 'rank': 27, 'fitness': 0.4728537241554435, 'generation': 150}","{'id': 12126, 'rank': 28, 'fitness': 0.4625983323923205, 'generation': 150}","{'id': 11942, 'rank': 29, 'fitness': 0.025769880925739452, 'generation': 150}","{'id': 12121, 'rank': 30, 'fitness': 0.01798620996209155, 'generation': 150}"
"{'id': 12222, 'rank': 1, 'fitness': 0.9820137900379085, 'generation': 151}","{'id': 12204, 'rank': 2, 'fitness': 0.981981236331253, 'generation': 151}","{'id': 12099, 'rank': 3, 'fitness': 0.981979488361693, 'generation': 151}","{'id': 12257, 'rank': 4, 'fitness': 0.9819172926173321, 'generation': 151}","{'id': 12257, 'rank': 5, 'fitness': 0.9819172926173321, 'generation': 151}","{'id': 12250, 'rank': 6, 'fitness': 0.98189692790065, 'generation': 151}","{'id': 12249, 'rank': 7, 'fitness': 0.9818293923512771, 'generation': 151}","{'id': 12249, 'rank': 8, 'fitness': 0.9818293923512771, 'generation': 151}","{'id': 12253, 'rank': 9, 'fitness': 0.9818078145860345, 'generation': 151}","{'id': 12216, 'rank': 10, 'fitness': 0.9818036584405321, 'generation': 151}","{'id': 12136, 'rank': 11, 'fitness': 0.9817053053811949, 'generation': 151}","{'id': 12213, 'rank': 12, 'fitness': 0.9816745268167035, 'generation': 151}","{'id': 12245, 'rank': 13, 'fitness': 0.9815076258937454, 'generation': 151}","{'id': 12181, 'rank': 14, 'fitness': 0.9814506931675471, 'generation': 151}","{'id': 12218, 'rank': 15, 'fitness': 0.9812497158531768, 'generation': 151}","{'id': 12218, 'rank': 16, 'fitness': 0.9812497158531768, 'generation': 151}","{'id': 12184, 'rank': 17, 'fitness': 0.9810677625543629, 'generation': 151}","{'id': 12184, 'rank': 18, 'fitness': 0.9810677625543629, 'generation': 151}","{'id': 12103, 'rank': 19, 'fitness': 0.9805934824122736, 'generation': 151}","{'id': 12148, 'rank': 20, 'fitness': 0.9804629439908663, 'generation': 151}","{'id': 12228, 'rank': 21, 'fitness': 0.9804020999278774, 'generation': 151}","{'id': 12241, 'rank': 22, 'fitness': 0.9803500703954754, 'generation': 151}","{'id': 12168, 'rank': 23, 'fitness': 0.9789861804816278, 'generation': 151}","{'id': 12173, 'rank': 24, 'fitness': 0.9786649237570157, 'generation': 151}","{'id': 12178, 'rank': 25, 'fitness': 0.9778665847513501, 'generation': 151}","{'id': 12236, 'rank': 26, 'fitness': 0.9749257165346756, 'generation': 151}","{'id': 11942, 'rank': 27, 'fitness': 0.9747251080864541, 'generation': 151}","{'id': 12207, 'rank': 28, 'fitness': 0.9743674520761755, 'generation': 151}","{'id': 12121, 'rank': 29, 'fitness': 0.9743091418003882, 'generation': 151}","{'id': 12179, 'rank': 30, 'fitness': 0.01798620996209155, 'generation': 151}"
"{'id': 12282, 'rank': 1, 'fitness': 0.9820137900379085, 'generation': 152}","{'id': 12346, 'rank': 2, 'fitness': 0.9814740682437415, 'generation': 152}","{'id': 12322, 'rank': 3, 'fitness': 0.98145345226081, 'generation': 152}","{'id': 12347, 'rank': 4, 'fitness': 0.9813408123661632, 'generation': 152}","{'id': 12304, 'rank': 5, 'fitness': 0.9809148901391096, 'generation': 152}","{'id': 12276, 'rank': 6, 'fitness': 0.9809043204663477, 'generation': 152}","{'id': 12276, 'rank': 7, 'fitness': 0.9809043204663477, 'generation': 152}","{'id': 12307, 'rank': 8, 'fitness': 0.9803281993129617, 'generation': 152}","{'id': 12261, 'rank': 9, 'fitness': 0.9801605025319737, 'generation': 152}","{'id': 12349, 'rank': 10, 'fitness': 0.9800566753736477, 'generation': 152}","{'id': 12213, 'rank': 11, 'fitness': 0.9799134580997697, 'generation': 152}","{'id': 12310, 'rank': 12, 'fitness': 0.9787722497757667, 'generation': 152}","{'id': 12316, 'rank': 13, 'fitness': 0.978569064656784, 'generation': 152}","{'id': 12323, 'rank': 14, 'fitness': 0.9782339296968936, 'generation': 152}","{'id': 12267, 'rank': 15, 'fitness': 0.9781168023712371, 'generation': 152}","{'id': 12266, 'rank': 16, 'fitness': 0.976559509613014, 'generation': 152}","{'id': 12296, 'rank': 17, 'fitness': 0.974099199636026, 'generation': 152}","{'id': 12279, 'rank': 18, 'fitness': 0.9716220534770836, 'generation': 152}","{'id': 12103, 'rank': 19, 'fitness': 0.9714476782116228, 'generation': 152}","{'id': 12241, 'rank': 20, 'fitness': 0.9691901603650097, 'generation': 152}","{'id': 12277, 'rank': 21, 'fitness': 0.9672028903977077, 'generation': 152}","{'id': 12277, 'rank': 22, 'fitness': 0.9672028903977077, 'generation': 152}","{'id': 12293, 'rank': 23, 'fitness': 0.9634100310914198, 'generation': 152}","{'id': 12173, 'rank': 24, 'fitness': 0.9493320427122045, 'generation': 152}","{'id': 12330, 'rank': 25, 'fitness': 0.9421602959757162, 'generation': 152}","{'id': 12327, 'rank': 26, 'fitness': 0.9374744953309047, 'generation': 152}","{'id': 12339, 'rank': 27, 'fitness': 0.9328954259180796, 'generation': 152}","{'id': 12337, 'rank': 28, 'fitness': 0.9245725050126348, 'generation': 152}","{'id': 12312, 'rank': 29, 'fitness': 0.7750325693359299, 'generation': 152}","{'id': 12291, 'rank': 30, 'fitness': 0.01798620996209155, 'generation': 152}"
"{'id': 12392, 'rank': 1, 'fitness': 0.9820137900379085, 'generation': 153}","{'id': 12322, 'rank': 2, 'fitness': 0.9812986763792451, 'generation': 153}","{'id': 12322, 'rank': 3, 'fitness': 0.9812986763792451, 'generation': 153}","{'id': 12347, 'rank': 4, 'fitness': 0.9810496732207583, 'generation': 153}","{'id': 12347, 'rank': 5, 'fitness': 0.9810496732207583, 'generation': 153}","{'id': 12347, 'rank': 6, 'fitness': 0.9810496732207583, 'generation': 153}","{'id': 12429, 'rank': 7, 'fitness': 0.980990254287553, 'generation': 153}","{'id': 12367, 'rank': 8, 'fitness': 0.9802135641326297, 'generation': 153}","{'id': 12304, 'rank': 9, 'fitness': 0.9800922868153359, 'generation': 153}","{'id': 12276, 'rank': 10, 'fitness': 0.9800682096560163, 'generation': 153}","{'id': 12379, 'rank': 11, 'fitness': 0.979607525804361, 'generation': 153}","{'id': 12379, 'rank': 12, 'fitness': 0.979607525804361, 'generation': 153}","{'id': 12349, 'rank': 13, 'fitness': 0.9780870219422745, 'generation': 153}","{'id': 12402, 'rank': 14, 'fitness': 0.9759615733731635, 'generation': 153}","{'id': 12316, 'rank': 15, 'fitness': 0.9743696341903405, 'generation': 153}","{'id': 12267, 'rank': 16, 'fitness': 0.9731787441832978, 'generation': 153}","{'id': 12375, 'rank': 17, 'fitness': 0.9711176764870069, 'generation': 153}","{'id': 12413, 'rank': 18, 'fitness': 0.9702135700335903, 'generation': 153}","{'id': 12360, 'rank': 19, 'fitness': 0.9669795777197657, 'generation': 153}","{'id': 12296, 'rank': 20, 'fitness': 0.9613612914900808, 'generation': 153}","{'id': 12103, 'rank': 21, 'fitness': 0.9523561269886813, 'generation': 153}","{'id': 12407, 'rank': 22, 'fitness': 0.9478550947158039, 'generation': 153}","{'id': 12408, 'rank': 23, 'fitness': 0.9286123998299471, 'generation': 153}","{'id': 12293, 'rank': 24, 'fitness': 0.9194638852729003, 'generation': 153}","{'id': 12444, 'rank': 25, 'fitness': 0.9182017131344367, 'generation': 153}","{'id': 12400, 'rank': 26, 'fitness': 0.8979061152311921, 'generation': 153}","{'id': 12441, 'rank': 27, 'fitness': 0.8896221982301482, 'generation': 153}","{'id': 12312, 'rank': 28, 'fitness': 0.1183055290016598, 'generation': 153}","{'id': 12443, 'rank': 29, 'fitness': 0.04319751902666796, 'generation': 153}","{'id': 12383, 'rank': 30, 'fitness': 0.01798620996209155, 'generation': 153}"
"{'id': 12449, 'rank': 1, 'fitness': 0.9820137900379085, 'generation': 154}","{'id': 12451, 'rank': 2, 'fitness': 0.9806047691877855, 'generation': 154}","{'id': 12463, 'rank': 3, 'fitness': 0.9803263714626387, 'generation': 154}","{'id': 12452, 'rank': 4, 'fitness': 0.9797175072383981, 'generation': 154}","{'id': 12347, 'rank': 5, 'fitness': 0.9792938474981288, 'generation': 154}","{'id': 12495, 'rank': 6, 'fitness': 0.9783066097860669, 'generation': 154}","{'id': 12276, 'rank': 7, 'fitness': 0.9778705315652303, 'generation': 154}","{'id': 12464, 'rank': 8, 'fitness': 0.9771123578163312, 'generation': 154}","{'id': 12448, 'rank': 9, 'fitness': 0.9760127508984539, 'generation': 154}","{'id': 12448, 'rank': 10, 'fitness': 0.9760127508984539, 'generation': 154}","{'id': 12447, 'rank': 11, 'fitness': 0.9713858524160256, 'generation': 154}","{'id': 12456, 'rank': 12, 'fitness': 0.9705850735915897, 'generation': 154}","{'id': 12316, 'rank': 13, 'fitness': 0.9692025857150393, 'generation': 154}","{'id': 12267, 'rank': 14, 'fitness': 0.9673120647926055, 'generation': 154}","{'id': 12267, 'rank': 15, 'fitness': 0.9673120647926055, 'generation': 154}","{'id': 12472, 'rank': 16, 'fitness': 0.9647100182681974, 'generation': 154}","{'id': 12413, 'rank': 17, 'fitness': 0.9624987793602978, 'generation': 154}","{'id': 12360, 'rank': 18, 'fitness': 0.9570894522631597, 'generation': 154}","{'id': 12492, 'rank': 19, 'fitness': 0.9517001235292037, 'generation': 154}","{'id': 12103, 'rank': 20, 'fitness': 0.9309270067975899, 'generation': 154}","{'id': 12502, 'rank': 21, 'fitness': 0.9304176092882457, 'generation': 154}","{'id': 12501, 'rank': 22, 'fitness': 0.8855707101928889, 'generation': 154}","{'id': 12479, 'rank': 23, 'fitness': 0.8155988177588367, 'generation': 154}","{'id': 12503, 'rank': 24, 'fitness': 0.7190500366931631, 'generation': 154}","{'id': 12503, 'rank': 25, 'fitness': 0.7190500366931631, 'generation': 154}","{'id': 12467, 'rank': 26, 'fitness': 0.5514691605393482, 'generation': 154}","{'id': 12468, 'rank': 27, 'fitness': 0.08651680683824375, 'generation': 154}","{'id': 12468, 'rank': 28, 'fitness': 0.08651680683824375, 'generation': 154}","{'id': 12468, 'rank': 29, 'fitness': 0.08651680683824375, 'generation': 154}","{'id': 12312, 'rank': 30, 'fitness': 0.01798620996209155, 'generation': 154}"
"{'id': 12528, 'rank': 1, 'fitness': 0.9820137900379085, 'generation': 155}","{'id': 12525, 'rank': 2, 'fitness': 0.9818851940748333, 'generation': 155}","{'id': 12591, 'rank': 3, 'fitness': 0.9817217545963801, 'generation': 155}","{'id': 12463, 'rank': 4, 'fitness': 0.9816887264869246, 'generation': 155}","{'id': 12452, 'rank': 5, 'fitness': 0.9816000029419054, 'generation': 155}","{'id': 12524, 'rank': 6, 'fitness': 0.9815747788493816, 'generation': 155}","{'id': 12524, 'rank': 7, 'fitness': 0.9815747788493816, 'generation': 155}","{'id': 12557, 'rank': 8, 'fitness': 0.9812784531289629, 'generation': 155}","{'id': 12464, 'rank': 9, 'fitness': 0.9812434926443909, 'generation': 155}","{'id': 12521, 'rank': 10, 'fitness': 0.9812425043726277, 'generation': 155}","{'id': 12530, 'rank': 11, 'fitness': 0.9810459228866255, 'generation': 155}","{'id': 12530, 'rank': 12, 'fitness': 0.9810459228866255, 'generation': 155}","{'id': 12585, 'rank': 13, 'fitness': 0.980930295503302, 'generation': 155}","{'id': 12543, 'rank': 14, 'fitness': 0.9808916230296714, 'generation': 155}","{'id': 12518, 'rank': 15, 'fitness': 0.9808510496839482, 'generation': 155}","{'id': 12564, 'rank': 16, 'fitness': 0.9807402101855345, 'generation': 155}","{'id': 12564, 'rank': 17, 'fitness': 0.9807402101855345, 'generation': 155}","{'id': 12589, 'rank': 18, 'fitness': 0.9806657347340888, 'generation': 155}","{'id': 12267, 'rank': 19, 'fitness': 0.9801452039425633, 'generation': 155}","{'id': 12600, 'rank': 20, 'fitness': 0.979547993448968, 'generation': 155}","{'id': 12598, 'rank': 21, 'fitness': 0.9793897796327697, 'generation': 155}","{'id': 12548, 'rank': 22, 'fitness': 0.9791801203043501, 'generation': 155}","{'id': 12548, 'rank': 23, 'fitness': 0.9791801203043501, 'generation': 155}","{'id': 12595, 'rank': 24, 'fitness': 0.977263637249423, 'generation': 155}","{'id': 12595, 'rank': 25, 'fitness': 0.977263637249423, 'generation': 155}","{'id': 12522, 'rank': 26, 'fitness': 0.9764825784469364, 'generation': 155}","{'id': 12479, 'rank': 27, 'fitness': 0.9733595861206739, 'generation': 155}","{'id': 12479, 'rank': 28, 'fitness': 0.9733595861206739, 'generation': 155}","{'id': 12597, 'rank': 29, 'fitness': 0.972555430100446, 'generation': 155}","{'id': 12551, 'rank': 30, 'fitness': 0.01798620996209155, 'generation': 155}"
"{'id': 12591, 'rank': 1, 'fitness': 0.9820137900379085, 'generation': 156}","{'id': 12685, 'rank': 2, 'fitness': 0.980542715205147, 'generation': 156}","{'id': 12685, 'rank': 3, 'fitness': 0.980542715205147, 'generation': 156}","{'id': 12685, 'rank': 4, 'fitness': 0.980542715205147, 'generation': 156}","{'id': 12524, 'rank': 5, 'fitness': 0.9794649410814567, 'generation': 156}","{'id': 12524, 'rank': 6, 'fitness': 0.9794649410814567, 'generation': 156}","{'id': 12687, 'rank': 7, 'fitness': 0.978290882807402, 'generation': 156}","{'id': 12650, 'rank': 8, 'fitness': 0.9768366739316775, 'generation': 156}","{'id': 12557, 'rank': 9, 'fitness': 0.9732894233244171, 'generation': 156}","{'id': 12642, 'rank': 10, 'fitness': 0.9708116753750988, 'generation': 156}","{'id': 12655, 'rank': 11, 'fitness': 0.9696342280959936, 'generation': 156}","{'id': 12648, 'rank': 12, 'fitness': 0.9694804681647586, 'generation': 156}","{'id': 12648, 'rank': 13, 'fitness': 0.9694804681647586, 'generation': 156}","{'id': 12518, 'rank': 14, 'fitness': 0.9613778940417413, 'generation': 156}","{'id': 12518, 'rank': 15, 'fitness': 0.9613778940417413, 'generation': 156}","{'id': 12620, 'rank': 16, 'fitness': 0.9587652423785511, 'generation': 156}","{'id': 12611, 'rank': 17, 'fitness': 0.9465375131823529, 'generation': 156}","{'id': 12663, 'rank': 18, 'fitness': 0.9430875631480538, 'generation': 156}","{'id': 12606, 'rank': 19, 'fitness': 0.9280640442720042, 'generation': 156}","{'id': 12548, 'rank': 20, 'fitness': 0.8582307836888637, 'generation': 156}","{'id': 12613, 'rank': 21, 'fitness': 0.8431859883364982, 'generation': 156}","{'id': 12682, 'rank': 22, 'fitness': 0.7594620359850988, 'generation': 156}","{'id': 12612, 'rank': 23, 'fitness': 0.7039209472481899, 'generation': 156}","{'id': 12665, 'rank': 24, 'fitness': 0.6434410699008943, 'generation': 156}","{'id': 12631, 'rank': 25, 'fitness': 0.10789532302912325, 'generation': 156}","{'id': 12683, 'rank': 26, 'fitness': 0.05483629292957559, 'generation': 156}","{'id': 12684, 'rank': 27, 'fitness': 0.026393801025485608, 'generation': 156}","{'id': 12625, 'rank': 28, 'fitness': 0.019596474552825704, 'generation': 156}","{'id': 12625, 'rank': 29, 'fitness': 0.019596474552825704, 'generation': 156}","{'id': 12669, 'rank': 30, 'fitness': 0.01798620996209155, 'generation': 156}"
"{'id': 12707, 'rank': 1, 'fitness': 0.9820137900379085, 'generation': 157}","{'id': 12757, 'rank': 2, 'fitness': 0.982001439108772, 'generation': 157}","{'id': 12751, 'rank': 3, 'fitness': 0.9819770801727182, 'generation': 157}","{'id': 12703, 'rank': 4, 'fitness': 0.9819649289742998, 'generation': 157}","{'id': 12705, 'rank': 5, 'fitness': 0.9819561708687375, 'generation': 157}","{'id': 12749, 'rank': 6, 'fitness': 0.9819482139305291, 'generation': 157}","{'id': 12750, 'rank': 7, 'fitness': 0.9817462241074357, 'generation': 157}","{'id': 12738, 'rank': 8, 'fitness': 0.9817413014802723, 'generation': 157}","{'id': 12524, 'rank': 9, 'fitness': 0.9817197861494937, 'generation': 157}","{'id': 12696, 'rank': 10, 'fitness': 0.981676517553253, 'generation': 157}","{'id': 12748, 'rank': 11, 'fitness': 0.9816366368611658, 'generation': 157}","{'id': 12758, 'rank': 12, 'fitness': 0.9815302347977135, 'generation': 157}","{'id': 12758, 'rank': 13, 'fitness': 0.9815302347977135, 'generation': 157}","{'id': 12694, 'rank': 14, 'fitness': 0.9815076840295978, 'generation': 157}","{'id': 12744, 'rank': 15, 'fitness': 0.9814254675452658, 'generation': 157}","{'id': 12697, 'rank': 16, 'fitness': 0.9814019795792813, 'generation': 157}","{'id': 12704, 'rank': 17, 'fitness': 0.9813736578107162, 'generation': 157}","{'id': 12736, 'rank': 18, 'fitness': 0.9811147225007344, 'generation': 157}","{'id': 12727, 'rank': 19, 'fitness': 0.9811020154341669, 'generation': 157}","{'id': 12691, 'rank': 20, 'fitness': 0.9810938803890689, 'generation': 157}","{'id': 12611, 'rank': 21, 'fitness': 0.9808903441281798, 'generation': 157}","{'id': 12613, 'rank': 22, 'fitness': 0.9798439997398947, 'generation': 157}","{'id': 12735, 'rank': 23, 'fitness': 0.9794753427376925, 'generation': 157}","{'id': 12625, 'rank': 24, 'fitness': 0.9741338100705734, 'generation': 157}","{'id': 12733, 'rank': 25, 'fitness': 0.931346230108163, 'generation': 157}","{'id': 12732, 'rank': 26, 'fitness': 0.9240997150954982, 'generation': 157}","{'id': 12761, 'rank': 27, 'fitness': 0.8992030952867129, 'generation': 157}","{'id': 12762, 'rank': 28, 'fitness': 0.8882024098340625, 'generation': 157}","{'id': 12741, 'rank': 29, 'fitness': 0.16634573068007463, 'generation': 157}","{'id': 12719, 'rank': 30, 'fitness': 0.01798620996209155, 'generation': 157}"
"{'id': 12792, 'rank': 1, 'fitness': 0.9820137900379085, 'generation': 158}","{'id': 12810, 'rank': 2, 'fitness': 0.9819105046574435, 'generation': 158}","{'id': 12816, 'rank': 3, 'fitness': 0.9818634614613937, 'generation': 158}","{'id': 12825, 'rank': 4, 'fitness': 0.9818590083261829, 'generation': 158}","{'id': 12845, 'rank': 5, 'fitness': 0.9817713391566214, 'generation': 158}","{'id': 12793, 'rank': 6, 'fitness': 0.9816477993933483, 'generation': 158}","{'id': 12750, 'rank': 7, 'fitness': 0.9816128539560153, 'generation': 158}","{'id': 12836, 'rank': 8, 'fitness': 0.9815475570732699, 'generation': 158}","{'id': 12787, 'rank': 9, 'fitness': 0.9815458526410656, 'generation': 158}","{'id': 12784, 'rank': 10, 'fitness': 0.981539872718716, 'generation': 158}","{'id': 12790, 'rank': 11, 'fitness': 0.9814771322912285, 'generation': 158}","{'id': 12758, 'rank': 12, 'fitness': 0.9813020125574861, 'generation': 158}","{'id': 12776, 'rank': 13, 'fitness': 0.9812232445073059, 'generation': 158}","{'id': 12815, 'rank': 14, 'fitness': 0.9812147749045239, 'generation': 158}","{'id': 12744, 'rank': 15, 'fitness': 0.9811506889181367, 'generation': 158}","{'id': 12791, 'rank': 16, 'fitness': 0.9811501569776893, 'generation': 158}","{'id': 12727, 'rank': 17, 'fitness': 0.9806812613217046, 'generation': 158}","{'id': 12691, 'rank': 18, 'fitness': 0.9806694114896606, 'generation': 158}","{'id': 12691, 'rank': 19, 'fitness': 0.9806694114896606, 'generation': 158}","{'id': 12819, 'rank': 20, 'fitness': 0.9804502468932433, 'generation': 158}","{'id': 12804, 'rank': 21, 'fitness': 0.9797744193218851, 'generation': 158}","{'id': 12769, 'rank': 22, 'fitness': 0.9796751191648663, 'generation': 158}","{'id': 12773, 'rank': 23, 'fitness': 0.9786892621495382, 'generation': 158}","{'id': 12839, 'rank': 24, 'fitness': 0.9777404322492169, 'generation': 158}","{'id': 12840, 'rank': 25, 'fitness': 0.977455546635061, 'generation': 158}","{'id': 12625, 'rank': 26, 'fitness': 0.9698104808355517, 'generation': 158}","{'id': 12795, 'rank': 27, 'fitness': 0.9458314010414095, 'generation': 158}","{'id': 12780, 'rank': 28, 'fitness': 0.9266852150769482, 'generation': 158}","{'id': 12733, 'rank': 29, 'fitness': 0.8822791788468688, 'generation': 158}","{'id': 12741, 'rank': 30, 'fitness': 0.01798620996209155, 'generation': 158}"
"{'id': 12909, 'rank': 1, 'fitness': 0.9820137900379085, 'generation': 159}","{'id': 12825, 'rank': 2, 'fitness': 0.9816644588708991, 'generation': 159}","{'id': 12845, 'rank': 3, 'fitness': 0.9814381850471217, 'generation': 159}","{'id': 12892, 'rank': 4, 'fitness': 0.9812105112181699, 'generation': 159}","{'id': 12793, 'rank': 5, 'fitness': 0.9811165209841606, 'generation': 159}","{'id': 12787, 'rank': 6, 'fitness': 0.9808485995436818, 'generation': 159}","{'id': 12894, 'rank': 7, 'fitness': 0.9804520632411602, 'generation': 159}","{'id': 12865, 'rank': 8, 'fitness': 0.9803187723313433, 'generation': 159}","{'id': 12900, 'rank': 9, 'fitness': 0.9802940521427069, 'generation': 159}","{'id': 12898, 'rank': 10, 'fitness': 0.9802882830701019, 'generation': 159}","{'id': 12911, 'rank': 11, 'fitness': 0.9799677489112919, 'generation': 159}","{'id': 12815, 'rank': 12, 'fitness': 0.9799629841331962, 'generation': 159}","{'id': 12870, 'rank': 13, 'fitness': 0.9786653815009065, 'generation': 159}","{'id': 12691, 'rank': 14, 'fitness': 0.978452059396741, 'generation': 159}","{'id': 12899, 'rank': 15, 'fitness': 0.9783492000406514, 'generation': 159}","{'id': 12819, 'rank': 16, 'fitness': 0.9778264694217769, 'generation': 159}","{'id': 12897, 'rank': 17, 'fitness': 0.9771011646020792, 'generation': 159}","{'id': 12890, 'rank': 18, 'fitness': 0.9764661323984205, 'generation': 159}","{'id': 12804, 'rank': 19, 'fitness': 0.9758303749670689, 'generation': 159}","{'id': 12923, 'rank': 20, 'fitness': 0.9744650938178092, 'generation': 159}","{'id': 12919, 'rank': 21, 'fitness': 0.9732907774766888, 'generation': 159}","{'id': 12906, 'rank': 22, 'fitness': 0.9720989011939702, 'generation': 159}","{'id': 12849, 'rank': 23, 'fitness': 0.9710794163187146, 'generation': 159}","{'id': 12839, 'rank': 24, 'fitness': 0.9692028565080373, 'generation': 159}","{'id': 12889, 'rank': 25, 'fitness': 0.9672879241472024, 'generation': 159}","{'id': 12886, 'rank': 26, 'fitness': 0.9635707351131002, 'generation': 159}","{'id': 12933, 'rank': 27, 'fitness': 0.9605322653461306, 'generation': 159}","{'id': 12932, 'rank': 28, 'fitness': 0.9563366583638487, 'generation': 159}","{'id': 12733, 'rank': 29, 'fitness': 0.25906097540531653, 'generation': 159}","{'id': 12872, 'rank': 30, 'fitness': 0.01798620996209155, 'generation': 159}"
"{'id': 12940, 'rank': 1, 'fitness': 0.9820137900379085, 'generation': 160}","{'id': 12940, 'rank': 2, 'fitness': 0.9820137900379085, 'generation': 160}","{'id': 13005, 'rank': 3, 'fitness': 0.979333030410168, 'generation': 160}","{'id': 12793, 'rank': 4, 'fitness': 0.9777369414860266, 'generation': 160}","{'id': 12793, 'rank': 5, 'fitness': 0.9777369414860266, 'generation': 160}","{'id': 12894, 'rank': 6, 'fitness': 0.9708824931160442, 'generation': 160}","{'id': 13004, 'rank': 7, 'fitness': 0.9699355614258682, 'generation': 160}","{'id': 12954, 'rank': 8, 'fitness': 0.9666529321433293, 'generation': 160}","{'id': 12954, 'rank': 9, 'fitness': 0.9666529321433293, 'generation': 160}","{'id': 12978, 'rank': 10, 'fitness': 0.966136732676997, 'generation': 160}","{'id': 12911, 'rank': 11, 'fitness': 0.9648320632534358, 'generation': 160}","{'id': 12815, 'rank': 12, 'fitness': 0.9647676776741092, 'generation': 160}","{'id': 12972, 'rank': 13, 'fitness': 0.9576165324202811, 'generation': 160}","{'id': 13025, 'rank': 14, 'fitness': 0.9436390000041994, 'generation': 160}","{'id': 12939, 'rank': 15, 'fitness': 0.9396577759534208, 'generation': 160}","{'id': 12981, 'rank': 16, 'fitness': 0.9149529441720436, 'generation': 160}","{'id': 13011, 'rank': 17, 'fitness': 0.9011930052790169, 'generation': 160}","{'id': 12989, 'rank': 18, 'fitness': 0.8794621080344738, 'generation': 160}","{'id': 13006, 'rank': 19, 'fitness': 0.8784479804068985, 'generation': 160}","{'id': 12804, 'rank': 20, 'fitness': 0.8596105600632746, 'generation': 160}","{'id': 12804, 'rank': 21, 'fitness': 0.8596105600632746, 'generation': 160}","{'id': 12994, 'rank': 22, 'fitness': 0.8429395454281979, 'generation': 160}","{'id': 13012, 'rank': 23, 'fitness': 0.7112122482719525, 'generation': 160}","{'id': 12944, 'rank': 24, 'fitness': 0.7095865103962786, 'generation': 160}","{'id': 13016, 'rank': 25, 'fitness': 0.4553355481233529, 'generation': 160}","{'id': 12971, 'rank': 26, 'fitness': 0.2737912126663813, 'generation': 160}","{'id': 13008, 'rank': 27, 'fitness': 0.23812077699096867, 'generation': 160}","{'id': 12933, 'rank': 28, 'fitness': 0.10505944529545602, 'generation': 160}","{'id': 12985, 'rank': 29, 'fitness': 0.10453340305901093, 'generation': 160}","{'id': 12937, 'rank': 30, 'fitness': 0.01798620996209155, 'generation': 160}"
"{'id': 13060, 'rank': 1, 'fitness': 0.9820137900379085, 'generation': 161}","{'id': 13048, 'rank': 2, 'fitness': 0.9819620975844523, 'generation': 161}","{'id': 12940, 'rank': 3, 'fitness': 0.9819150747457084, 'generation': 161}","{'id': 13059, 'rank': 4, 'fitness': 0.9818709757667846, 'generation': 161}","{'id': 13049, 'rank': 5, 'fitness': 0.9818343867156339, 'generation': 161}","{'id': 13053, 'rank': 6, 'fitness': 0.9816599691987407, 'generation': 161}","{'id': 12894, 'rank': 7, 'fitness': 0.9815843238586676, 'generation': 161}","{'id': 12894, 'rank': 8, 'fitness': 0.9815843238586676, 'generation': 161}","{'id': 13030, 'rank': 9, 'fitness': 0.9814476315600985, 'generation': 161}","{'id': 12972, 'rank': 10, 'fitness': 0.9813191143594513, 'generation': 161}","{'id': 13087, 'rank': 11, 'fitness': 0.9808223881378832, 'generation': 161}","{'id': 12981, 'rank': 12, 'fitness': 0.9808030330963688, 'generation': 161}","{'id': 13091, 'rank': 13, 'fitness': 0.9806545471884094, 'generation': 161}","{'id': 13091, 'rank': 14, 'fitness': 0.9806545471884094, 'generation': 161}","{'id': 13006, 'rank': 15, 'fitness': 0.9805205922507516, 'generation': 161}","{'id': 13090, 'rank': 16, 'fitness': 0.9803412583065222, 'generation': 161}","{'id': 13012, 'rank': 17, 'fitness': 0.9797357718590795, 'generation': 161}","{'id': 12944, 'rank': 18, 'fitness': 0.9797298979557885, 'generation': 161}","{'id': 13027, 'rank': 19, 'fitness': 0.9795610819614418, 'generation': 161}","{'id': 13027, 'rank': 20, 'fitness': 0.9795610819614418, 'generation': 161}","{'id': 13093, 'rank': 21, 'fitness': 0.9791467116573457, 'generation': 161}","{'id': 13070, 'rank': 22, 'fitness': 0.9786435905331354, 'generation': 161}","{'id': 13032, 'rank': 23, 'fitness': 0.9783508887906127, 'generation': 161}","{'id': 13040, 'rank': 24, 'fitness': 0.9781533749368153, 'generation': 161}","{'id': 13089, 'rank': 25, 'fitness': 0.9764127094634273, 'generation': 161}","{'id': 13038, 'rank': 26, 'fitness': 0.9697616564048598, 'generation': 161}","{'id': 13051, 'rank': 27, 'fitness': 0.9645685518412039, 'generation': 161}","{'id': 13037, 'rank': 28, 'fitness': 0.90973923488809, 'generation': 161}","{'id': 13072, 'rank': 29, 'fitness': 0.37941701808753003, 'generation': 161}","{'id': 13052, 'rank': 30, 'fitness': 0.01798620996209155, 'generation': 161}"
"{'id': 13109, 'rank': 1, 'fitness': 0.9820137900379085, 'generation': 162}","{'id': 13108, 'rank': 2, 'fitness': 0.9816001931397368, 'generation': 162}","{'id': 13053, 'rank': 3, 'fitness': 0.9805618817565216, 'generation': 162}","{'id': 12894, 'rank': 4, 'fitness': 0.9802702901964823, 'generation': 162}","{'id': 12894, 'rank': 5, 'fitness': 0.9802702901964823, 'generation': 162}","{'id': 13144, 'rank': 6, 'fitness': 0.9797377635378152, 'generation': 162}","{'id': 13116, 'rank': 7, 'fitness': 0.9788777904724166, 'generation': 162}","{'id': 13184, 'rank': 8, 'fitness': 0.9782037886783181, 'generation': 162}","{'id': 13152, 'rank': 9, 'fitness': 0.977416677413266, 'generation': 162}","{'id': 13123, 'rank': 10, 'fitness': 0.9764718576067147, 'generation': 162}","{'id': 13091, 'rank': 11, 'fitness': 0.9764288006008903, 'generation': 162}","{'id': 13104, 'rank': 12, 'fitness': 0.9763930445038969, 'generation': 162}","{'id': 13145, 'rank': 13, 'fitness': 0.9754115769190377, 'generation': 162}","{'id': 13105, 'rank': 14, 'fitness': 0.9733353980152519, 'generation': 162}","{'id': 13118, 'rank': 15, 'fitness': 0.9711313533399554, 'generation': 162}","{'id': 13177, 'rank': 16, 'fitness': 0.969697380493623, 'generation': 162}","{'id': 13070, 'rank': 17, 'fitness': 0.9663743296443907, 'generation': 162}","{'id': 13040, 'rank': 18, 'fitness': 0.9635348200391873, 'generation': 162}","{'id': 13040, 'rank': 19, 'fitness': 0.9635348200391873, 'generation': 162}","{'id': 13156, 'rank': 20, 'fitness': 0.9634990827711918, 'generation': 162}","{'id': 13159, 'rank': 21, 'fitness': 0.963199764033762, 'generation': 162}","{'id': 13161, 'rank': 22, 'fitness': 0.9618840205271812, 'generation': 162}","{'id': 13161, 'rank': 23, 'fitness': 0.9618840205271812, 'generation': 162}","{'id': 13117, 'rank': 24, 'fitness': 0.9588686504995942, 'generation': 162}","{'id': 13172, 'rank': 25, 'fitness': 0.950748395435722, 'generation': 162}","{'id': 13110, 'rank': 26, 'fitness': 0.9403150063143596, 'generation': 162}","{'id': 13181, 'rank': 27, 'fitness': 0.8187496320278465, 'generation': 162}","{'id': 13170, 'rank': 28, 'fitness': 0.578569352480939, 'generation': 162}","{'id': 13171, 'rank': 29, 'fitness': 0.5405857425601752, 'generation': 162}","{'id': 13137, 'rank': 30, 'fitness': 0.01798620996209155, 'generation': 162}"
"{'id': 13202, 'rank': 1, 'fitness': 0.9820137900379085, 'generation': 163}","{'id': 13196, 'rank': 2, 'fitness': 0.9811650539932829, 'generation': 163}","{'id': 13191, 'rank': 3, 'fitness': 0.9803036982779263, 'generation': 163}","{'id': 13254, 'rank': 4, 'fitness': 0.9802271848062833, 'generation': 163}","{'id': 13249, 'rank': 5, 'fitness': 0.9797420650775086, 'generation': 163}","{'id': 13152, 'rank': 6, 'fitness': 0.9792854101162132, 'generation': 163}","{'id': 13250, 'rank': 7, 'fitness': 0.9782564325953924, 'generation': 163}","{'id': 13193, 'rank': 8, 'fitness': 0.9782080161667763, 'generation': 163}","{'id': 13145, 'rank': 9, 'fitness': 0.9781770044691209, 'generation': 163}","{'id': 13232, 'rank': 10, 'fitness': 0.9781012710582662, 'generation': 163}","{'id': 13212, 'rank': 11, 'fitness': 0.9778787594757197, 'generation': 163}","{'id': 13237, 'rank': 12, 'fitness': 0.977759957439237, 'generation': 163}","{'id': 13255, 'rank': 13, 'fitness': 0.9776906999259567, 'generation': 163}","{'id': 13255, 'rank': 14, 'fitness': 0.9776906999259567, 'generation': 163}","{'id': 13228, 'rank': 15, 'fitness': 0.9775366637914895, 'generation': 163}","{'id': 13211, 'rank': 16, 'fitness': 0.9772342373725248, 'generation': 163}","{'id': 13118, 'rank': 17, 'fitness': 0.9759183723060325, 'generation': 163}","{'id': 13235, 'rank': 18, 'fitness': 0.9746824119548119, 'generation': 163}","{'id': 13215, 'rank': 19, 'fitness': 0.9718825449904569, 'generation': 163}","{'id': 13215, 'rank': 20, 'fitness': 0.9718825449904569, 'generation': 163}","{'id': 13161, 'rank': 21, 'fitness': 0.9714241946604786, 'generation': 163}","{'id': 13204, 'rank': 22, 'fitness': 0.9634013868000328, 'generation': 163}","{'id': 13247, 'rank': 23, 'fitness': 0.9633999768730033, 'generation': 163}","{'id': 13239, 'rank': 24, 'fitness': 0.9632917154797594, 'generation': 163}","{'id': 13207, 'rank': 25, 'fitness': 0.9632512518559821, 'generation': 163}","{'id': 13186, 'rank': 26, 'fitness': 0.9555483153469588, 'generation': 163}","{'id': 13210, 'rank': 27, 'fitness': 0.9436956565504315, 'generation': 163}","{'id': 13213, 'rank': 28, 'fitness': 0.9366364438066801, 'generation': 163}","{'id': 13213, 'rank': 29, 'fitness': 0.9366364438066801, 'generation': 163}","{'id': 13205, 'rank': 30, 'fitness': 0.01798620996209155, 'generation': 163}"
"{'id': 13202, 'rank': 1, 'fitness': 0.9820137900379085, 'generation': 164}","{'id': 13296, 'rank': 2, 'fitness': 0.9810450677616881, 'generation': 164}","{'id': 13196, 'rank': 3, 'fitness': 0.9795192406228851, 'generation': 164}","{'id': 13298, 'rank': 4, 'fitness': 0.9785313200035777, 'generation': 164}","{'id': 13277, 'rank': 5, 'fitness': 0.9783935984089519, 'generation': 164}","{'id': 13337, 'rank': 6, 'fitness': 0.977856255476134, 'generation': 164}","{'id': 13295, 'rank': 7, 'fitness': 0.9770539735994053, 'generation': 164}","{'id': 13276, 'rank': 8, 'fitness': 0.9752220896615431, 'generation': 164}","{'id': 13249, 'rank': 9, 'fitness': 0.9748679854064543, 'generation': 164}","{'id': 13273, 'rank': 10, 'fitness': 0.9740075743556484, 'generation': 164}","{'id': 13273, 'rank': 11, 'fitness': 0.9740075743556484, 'generation': 164}","{'id': 13152, 'rank': 12, 'fitness': 0.9732472765920165, 'generation': 164}","{'id': 13329, 'rank': 13, 'fitness': 0.9712794766368498, 'generation': 164}","{'id': 13311, 'rank': 14, 'fitness': 0.9699265882181143, 'generation': 164}","{'id': 13193, 'rank': 15, 'fitness': 0.969170170019133, 'generation': 164}","{'id': 13270, 'rank': 16, 'fitness': 0.968313383138323, 'generation': 164}","{'id': 13312, 'rank': 17, 'fitness': 0.9664918375936773, 'generation': 164}","{'id': 13282, 'rank': 18, 'fitness': 0.962483305600516, 'generation': 164}","{'id': 13282, 'rank': 19, 'fitness': 0.962483305600516, 'generation': 164}","{'id': 13260, 'rank': 20, 'fitness': 0.9610598308837803, 'generation': 164}","{'id': 13318, 'rank': 21, 'fitness': 0.960633881554003, 'generation': 164}","{'id': 13261, 'rank': 22, 'fitness': 0.956730245979835, 'generation': 164}","{'id': 13247, 'rank': 23, 'fitness': 0.874704936523957, 'generation': 164}","{'id': 13291, 'rank': 24, 'fitness': 0.8546352738562804, 'generation': 164}","{'id': 13351, 'rank': 25, 'fitness': 0.8475186836142381, 'generation': 164}","{'id': 13346, 'rank': 26, 'fitness': 0.77236633301423, 'generation': 164}","{'id': 13346, 'rank': 27, 'fitness': 0.77236633301423, 'generation': 164}","{'id': 13348, 'rank': 28, 'fitness': 0.7538352996102582, 'generation': 164}","{'id': 13301, 'rank': 29, 'fitness': 0.6860118447448486, 'generation': 164}","{'id': 13345, 'rank': 30, 'fitness': 0.01798620996209155, 'generation': 164}"
"{'id': 13383, 'rank': 1, 'fitness': 0.9820137900379085, 'generation': 165}","{'id': 13390, 'rank': 2, 'fitness': 0.981789156956106, 'generation': 165}","{'id': 13202, 'rank': 3, 'fitness': 0.9814951983683482, 'generation': 165}","{'id': 13379, 'rank': 4, 'fitness': 0.9753431921508995, 'generation': 165}","{'id': 13379, 'rank': 5, 'fitness': 0.9753431921508995, 'generation': 165}","{'id': 13419, 'rank': 6, 'fitness': 0.9744385329912857, 'generation': 165}","{'id': 13295, 'rank': 7, 'fitness': 0.9741032671847412, 'generation': 165}","{'id': 13249, 'rank': 8, 'fitness': 0.970645550846122, 'generation': 165}","{'id': 13273, 'rank': 9, 'fitness': 0.9692539297356773, 'generation': 165}","{'id': 13422, 'rank': 10, 'fitness': 0.969235827015039, 'generation': 165}","{'id': 13392, 'rank': 11, 'fitness': 0.966533081290754, 'generation': 165}","{'id': 13376, 'rank': 12, 'fitness': 0.9650598086879542, 'generation': 165}","{'id': 13376, 'rank': 13, 'fitness': 0.9650598086879542, 'generation': 165}","{'id': 13424, 'rank': 14, 'fitness': 0.9622593350774113, 'generation': 165}","{'id': 13373, 'rank': 15, 'fitness': 0.961192302472468, 'generation': 165}","{'id': 13373, 'rank': 16, 'fitness': 0.961192302472468, 'generation': 165}","{'id': 13375, 'rank': 17, 'fitness': 0.9530043938105969, 'generation': 165}","{'id': 13401, 'rank': 18, 'fitness': 0.9435085143793787, 'generation': 165}","{'id': 13425, 'rank': 19, 'fitness': 0.9392411571635972, 'generation': 165}","{'id': 13425, 'rank': 20, 'fitness': 0.9392411571635972, 'generation': 165}","{'id': 13430, 'rank': 21, 'fitness': 0.93722559999723, 'generation': 165}","{'id': 13361, 'rank': 22, 'fitness': 0.8687860812088893, 'generation': 165}","{'id': 13439, 'rank': 23, 'fitness': 0.8525127378310181, 'generation': 165}","{'id': 13432, 'rank': 24, 'fitness': 0.7794760532058757, 'generation': 165}","{'id': 13291, 'rank': 25, 'fitness': 0.7089870888211145, 'generation': 165}","{'id': 13407, 'rank': 26, 'fitness': 0.5927770437677287, 'generation': 165}","{'id': 13346, 'rank': 27, 'fitness': 0.5326044777672654, 'generation': 165}","{'id': 13346, 'rank': 28, 'fitness': 0.5326044777672654, 'generation': 165}","{'id': 13429, 'rank': 29, 'fitness': 0.27463152307377237, 'generation': 165}","{'id': 13393, 'rank': 30, 'fitness': 0.01798620996209155, 'generation': 165}"
"{'id': 13478, 'rank': 1, 'fitness': 0.9820137900379085, 'generation': 166}","{'id': 13478, 'rank': 2, 'fitness': 0.9820137900379085, 'generation': 166}","{'id': 13202, 'rank': 3, 'fitness': 0.9819878913487984, 'generation': 166}","{'id': 13488, 'rank': 4, 'fitness': 0.9818999589168977, 'generation': 166}","{'id': 13379, 'rank': 5, 'fitness': 0.98101923686703, 'generation': 166}","{'id': 13521, 'rank': 6, 'fitness': 0.9807754686815208, 'generation': 166}","{'id': 13512, 'rank': 7, 'fitness': 0.9805109731354724, 'generation': 166}","{'id': 13481, 'rank': 8, 'fitness': 0.9804054505418107, 'generation': 166}","{'id': 13422, 'rank': 9, 'fitness': 0.9802326313656125, 'generation': 166}","{'id': 13523, 'rank': 10, 'fitness': 0.9801587508692413, 'generation': 166}","{'id': 13502, 'rank': 11, 'fitness': 0.9799881252515381, 'generation': 166}","{'id': 13376, 'rank': 12, 'fitness': 0.9797632661852937, 'generation': 166}","{'id': 13376, 'rank': 13, 'fitness': 0.9797632661852937, 'generation': 166}","{'id': 13520, 'rank': 14, 'fitness': 0.9791194877049019, 'generation': 166}","{'id': 13520, 'rank': 15, 'fitness': 0.9791194877049019, 'generation': 166}","{'id': 13491, 'rank': 16, 'fitness': 0.9786563772473559, 'generation': 166}","{'id': 13493, 'rank': 17, 'fitness': 0.9783420541970176, 'generation': 166}","{'id': 13425, 'rank': 18, 'fitness': 0.9775598431729429, 'generation': 166}","{'id': 13474, 'rank': 19, 'fitness': 0.9772734938705576, 'generation': 166}","{'id': 13446, 'rank': 20, 'fitness': 0.9771888948323445, 'generation': 166}","{'id': 13471, 'rank': 21, 'fitness': 0.9763520068655356, 'generation': 166}","{'id': 13490, 'rank': 22, 'fitness': 0.9763213556011657, 'generation': 166}","{'id': 13465, 'rank': 23, 'fitness': 0.9760025857509826, 'generation': 166}","{'id': 13361, 'rank': 24, 'fitness': 0.9739141761772914, 'generation': 166}","{'id': 13361, 'rank': 25, 'fitness': 0.9739141761772914, 'generation': 166}","{'id': 13524, 'rank': 26, 'fitness': 0.9728796361747492, 'generation': 166}","{'id': 13476, 'rank': 27, 'fitness': 0.9632228208808834, 'generation': 166}","{'id': 13505, 'rank': 28, 'fitness': 0.9339664833624644, 'generation': 166}","{'id': 13515, 'rank': 29, 'fitness': 0.8585068338020287, 'generation': 166}","{'id': 13475, 'rank': 30, 'fitness': 0.01798620996209155, 'generation': 166}"
"{'id': 13202, 'rank': 1, 'fitness': 0.9820137900379085, 'generation': 167}","{'id': 13535, 'rank': 2, 'fitness': 0.9819479730355705, 'generation': 167}","{'id': 13591, 'rank': 3, 'fitness': 0.9814942087967569, 'generation': 167}","{'id': 13592, 'rank': 4, 'fitness': 0.9807806417022034, 'generation': 167}","{'id': 13592, 'rank': 5, 'fitness': 0.9807806417022034, 'generation': 167}","{'id': 13590, 'rank': 6, 'fitness': 0.9799321120510053, 'generation': 167}","{'id': 13617, 'rank': 7, 'fitness': 0.9793003611040595, 'generation': 167}","{'id': 13530, 'rank': 8, 'fitness': 0.9770931153922795, 'generation': 167}","{'id': 13583, 'rank': 9, 'fitness': 0.977081358098328, 'generation': 167}","{'id': 13613, 'rank': 10, 'fitness': 0.9767383917058388, 'generation': 167}","{'id': 13603, 'rank': 11, 'fitness': 0.9766882974093754, 'generation': 167}","{'id': 13589, 'rank': 12, 'fitness': 0.9764132436541166, 'generation': 167}","{'id': 13512, 'rank': 13, 'fitness': 0.9760458551452298, 'generation': 167}","{'id': 13578, 'rank': 14, 'fitness': 0.9757907939475385, 'generation': 167}","{'id': 13502, 'rank': 15, 'fitness': 0.9736340323538965, 'generation': 167}","{'id': 13548, 'rank': 16, 'fitness': 0.9734492989683707, 'generation': 167}","{'id': 13520, 'rank': 17, 'fitness': 0.9692582469557514, 'generation': 167}","{'id': 13550, 'rank': 18, 'fitness': 0.9690709037206509, 'generation': 167}","{'id': 13491, 'rank': 19, 'fitness': 0.9667297549225442, 'generation': 167}","{'id': 13610, 'rank': 20, 'fitness': 0.9661031067986329, 'generation': 167}","{'id': 13610, 'rank': 21, 'fitness': 0.9661031067986329, 'generation': 167}","{'id': 13534, 'rank': 22, 'fitness': 0.9610119329848554, 'generation': 167}","{'id': 13609, 'rank': 23, 'fitness': 0.9583373087047438, 'generation': 167}","{'id': 13566, 'rank': 24, 'fitness': 0.9567261066089218, 'generation': 167}","{'id': 13573, 'rank': 25, 'fitness': 0.8888526220882007, 'generation': 167}","{'id': 13604, 'rank': 26, 'fitness': 0.855816352662455, 'generation': 167}","{'id': 13572, 'rank': 27, 'fitness': 0.7631854294153626, 'generation': 167}","{'id': 13542, 'rank': 28, 'fitness': 0.5132554480184168, 'generation': 167}","{'id': 13579, 'rank': 29, 'fitness': 0.17279196043504857, 'generation': 167}","{'id': 13515, 'rank': 30, 'fitness': 0.01798620996209155, 'generation': 167}"
"{'id': 13591, 'rank': 1, 'fitness': 0.9820137900379085, 'generation': 168}","{'id': 13634, 'rank': 2, 'fitness': 0.981621276242777, 'generation': 168}","{'id': 13634, 'rank': 3, 'fitness': 0.981621276242777, 'generation': 168}","{'id': 13650, 'rank': 4, 'fitness': 0.9813742307201104, 'generation': 168}","{'id': 13622, 'rank': 5, 'fitness': 0.9813581701023228, 'generation': 168}","{'id': 13592, 'rank': 6, 'fitness': 0.9811990803361339, 'generation': 168}","{'id': 13687, 'rank': 7, 'fitness': 0.9807475870950457, 'generation': 168}","{'id': 13590, 'rank': 8, 'fitness': 0.9802236550895909, 'generation': 168}","{'id': 13642, 'rank': 9, 'fitness': 0.9795389163167185, 'generation': 168}","{'id': 13675, 'rank': 10, 'fitness': 0.9770173865303775, 'generation': 168}","{'id': 13512, 'rank': 11, 'fitness': 0.9756712836786179, 'generation': 168}","{'id': 13512, 'rank': 12, 'fitness': 0.9756712836786179, 'generation': 168}","{'id': 13630, 'rank': 13, 'fitness': 0.9677727576106544, 'generation': 168}","{'id': 13491, 'rank': 14, 'fitness': 0.9642830446886923, 'generation': 168}","{'id': 13679, 'rank': 15, 'fitness': 0.961757804495202, 'generation': 168}","{'id': 13632, 'rank': 16, 'fitness': 0.957606161708813, 'generation': 168}","{'id': 13534, 'rank': 17, 'fitness': 0.9570249139165914, 'generation': 168}","{'id': 13631, 'rank': 18, 'fitness': 0.9560572510437859, 'generation': 168}","{'id': 13621, 'rank': 19, 'fitness': 0.9519151063298459, 'generation': 168}","{'id': 13566, 'rank': 20, 'fitness': 0.9514742385864611, 'generation': 168}","{'id': 13694, 'rank': 21, 'fitness': 0.9489030486857777, 'generation': 168}","{'id': 13620, 'rank': 22, 'fitness': 0.9481467652287408, 'generation': 168}","{'id': 13625, 'rank': 23, 'fitness': 0.9439841682180252, 'generation': 168}","{'id': 13573, 'rank': 24, 'fitness': 0.8564116119816281, 'generation': 168}","{'id': 13653, 'rank': 25, 'fitness': 0.8383526317952376, 'generation': 168}","{'id': 13572, 'rank': 26, 'fitness': 0.6730758730630185, 'generation': 168}","{'id': 13572, 'rank': 27, 'fitness': 0.6730758730630185, 'generation': 168}","{'id': 13639, 'rank': 28, 'fitness': 0.427209882358472, 'generation': 168}","{'id': 13579, 'rank': 29, 'fitness': 0.07726063208509681, 'generation': 168}","{'id': 13638, 'rank': 30, 'fitness': 0.01798620996209155, 'generation': 168}"
"{'id': 13741, 'rank': 1, 'fitness': 0.9820137900379085, 'generation': 169}","{'id': 13729, 'rank': 2, 'fitness': 0.9819766698327639, 'generation': 169}","{'id': 13729, 'rank': 3, 'fitness': 0.9819766698327639, 'generation': 169}","{'id': 13724, 'rank': 4, 'fitness': 0.9819315361828604, 'generation': 169}","{'id': 13724, 'rank': 5, 'fitness': 0.9819315361828604, 'generation': 169}","{'id': 13590, 'rank': 6, 'fitness': 0.9818996085493908, 'generation': 169}","{'id': 13710, 'rank': 7, 'fitness': 0.9818959154979311, 'generation': 169}","{'id': 13726, 'rank': 8, 'fitness': 0.98173714670183, 'generation': 169}","{'id': 13725, 'rank': 9, 'fitness': 0.9816376467888794, 'generation': 169}","{'id': 13733, 'rank': 10, 'fitness': 0.981517482991402, 'generation': 169}","{'id': 13733, 'rank': 11, 'fitness': 0.981517482991402, 'generation': 169}","{'id': 13733, 'rank': 12, 'fitness': 0.981517482991402, 'generation': 169}","{'id': 13763, 'rank': 13, 'fitness': 0.9814499176408912, 'generation': 169}","{'id': 13763, 'rank': 14, 'fitness': 0.9814499176408912, 'generation': 169}","{'id': 13534, 'rank': 15, 'fitness': 0.9812700390981187, 'generation': 169}","{'id': 13631, 'rank': 16, 'fitness': 0.9812514035963831, 'generation': 169}","{'id': 13631, 'rank': 17, 'fitness': 0.9812514035963831, 'generation': 169}","{'id': 13631, 'rank': 18, 'fitness': 0.9812514035963831, 'generation': 169}","{'id': 13694, 'rank': 19, 'fitness': 0.9811241560862444, 'generation': 169}","{'id': 13620, 'rank': 20, 'fitness': 0.98111166320761, 'generation': 169}","{'id': 13715, 'rank': 21, 'fitness': 0.9809291196562577, 'generation': 169}","{'id': 13755, 'rank': 22, 'fitness': 0.9806473487125228, 'generation': 169}","{'id': 13768, 'rank': 23, 'fitness': 0.9800869395440248, 'generation': 169}","{'id': 13701, 'rank': 24, 'fitness': 0.9800673522637287, 'generation': 169}","{'id': 13703, 'rank': 25, 'fitness': 0.9797050774178875, 'generation': 169}","{'id': 13572, 'rank': 26, 'fitness': 0.9792666694926562, 'generation': 169}","{'id': 13751, 'rank': 27, 'fitness': 0.9786358459005418, 'generation': 169}","{'id': 13639, 'rank': 28, 'fitness': 0.9783498818842229, 'generation': 169}","{'id': 13754, 'rank': 29, 'fitness': 0.9769727916233037, 'generation': 169}","{'id': 13769, 'rank': 30, 'fitness': 0.01798620996209155, 'generation': 169}"
"{'id': 13800, 'rank': 1, 'fitness': 0.9820137900379085, 'generation': 170}","{'id': 13829, 'rank': 2, 'fitness': 0.974104938738763, 'generation': 170}","{'id': 13726, 'rank': 3, 'fitness': 0.9737401869952299, 'generation': 170}","{'id': 13778, 'rank': 4, 'fitness': 0.9688938235818949, 'generation': 170}","{'id': 13780, 'rank': 5, 'fitness': 0.9643390181235945, 'generation': 170}","{'id': 13853, 'rank': 6, 'fitness': 0.9635312746096999, 'generation': 170}","{'id': 13854, 'rank': 7, 'fitness': 0.9610103813000744, 'generation': 170}","{'id': 13847, 'rank': 8, 'fitness': 0.9582823010721422, 'generation': 170}","{'id': 13847, 'rank': 9, 'fitness': 0.9582823010721422, 'generation': 170}","{'id': 13840, 'rank': 10, 'fitness': 0.9557203298048387, 'generation': 170}","{'id': 13813, 'rank': 11, 'fitness': 0.9516527487160912, 'generation': 170}","{'id': 13820, 'rank': 12, 'fitness': 0.9392479255820183, 'generation': 170}","{'id': 13820, 'rank': 13, 'fitness': 0.9392479255820183, 'generation': 170}","{'id': 13841, 'rank': 14, 'fitness': 0.9257291058788432, 'generation': 170}","{'id': 13841, 'rank': 15, 'fitness': 0.9257291058788432, 'generation': 170}","{'id': 13620, 'rank': 16, 'fitness': 0.9198096627869237, 'generation': 170}","{'id': 13845, 'rank': 17, 'fitness': 0.918372138047837, 'generation': 170}","{'id': 13848, 'rank': 18, 'fitness': 0.9124082730183367, 'generation': 170}","{'id': 13821, 'rank': 19, 'fitness': 0.9100406526607612, 'generation': 170}","{'id': 13852, 'rank': 20, 'fitness': 0.856751649012211, 'generation': 170}","{'id': 13858, 'rank': 21, 'fitness': 0.8556593567954667, 'generation': 170}","{'id': 13844, 'rank': 22, 'fitness': 0.8280563088375836, 'generation': 170}","{'id': 13857, 'rank': 23, 'fitness': 0.4323936049763631, 'generation': 170}","{'id': 13572, 'rank': 24, 'fitness': 0.30756180995753224, 'generation': 170}","{'id': 13836, 'rank': 25, 'fitness': 0.22322900078515379, 'generation': 170}","{'id': 13837, 'rank': 26, 'fitness': 0.0927913634865436, 'generation': 170}","{'id': 13639, 'rank': 27, 'fitness': 0.08922377428144529, 'generation': 170}","{'id': 13639, 'rank': 28, 'fitness': 0.08922377428144529, 'generation': 170}","{'id': 13786, 'rank': 29, 'fitness': 0.040554738184806094, 'generation': 170}","{'id': 13776, 'rank': 30, 'fitness': 0.01798620996209155, 'generation': 170}"
"{'id': 13917, 'rank': 1, 'fitness': 0.9820137900379085, 'generation': 171}","{'id': 13922, 'rank': 2, 'fitness': 0.9817814663654338, 'generation': 171}","{'id': 13905, 'rank': 3, 'fitness': 0.9813070906590184, 'generation': 171}","{'id': 13887, 'rank': 4, 'fitness': 0.9805714314244578, 'generation': 171}","{'id': 13829, 'rank': 5, 'fitness': 0.9804520168160246, 'generation': 171}","{'id': 13726, 'rank': 6, 'fitness': 0.9804033512172935, 'generation': 171}","{'id': 13899, 'rank': 7, 'fitness': 0.9798837697148577, 'generation': 171}","{'id': 13899, 'rank': 8, 'fitness': 0.9798837697148577, 'generation': 171}","{'id': 13899, 'rank': 9, 'fitness': 0.9798837697148577, 'generation': 171}","{'id': 13865, 'rank': 10, 'fitness': 0.9793904777843211, 'generation': 171}","{'id': 13780, 'rank': 11, 'fitness': 0.9793030500753037, 'generation': 171}","{'id': 13904, 'rank': 12, 'fitness': 0.9792583551310658, 'generation': 171}","{'id': 13840, 'rank': 13, 'fitness': 0.9784805723303749, 'generation': 171}","{'id': 13889, 'rank': 14, 'fitness': 0.9774394737760321, 'generation': 171}","{'id': 13889, 'rank': 15, 'fitness': 0.9774394737760321, 'generation': 171}","{'id': 13903, 'rank': 16, 'fitness': 0.9772061327566679, 'generation': 171}","{'id': 13820, 'rank': 17, 'fitness': 0.9772043433912914, 'generation': 171}","{'id': 13881, 'rank': 18, 'fitness': 0.9768165958138038, 'generation': 171}","{'id': 13620, 'rank': 19, 'fitness': 0.9760001016555832, 'generation': 171}","{'id': 13848, 'rank': 20, 'fitness': 0.9755982744644954, 'generation': 171}","{'id': 13882, 'rank': 21, 'fitness': 0.9705035654573413, 'generation': 171}","{'id': 13902, 'rank': 22, 'fitness': 0.9699042449620063, 'generation': 171}","{'id': 13879, 'rank': 23, 'fitness': 0.9666060522254871, 'generation': 171}","{'id': 13857, 'rank': 24, 'fitness': 0.9618210736890439, 'generation': 171}","{'id': 13639, 'rank': 25, 'fitness': 0.9460563546761291, 'generation': 171}","{'id': 13921, 'rank': 26, 'fitness': 0.9449348132502882, 'generation': 171}","{'id': 13910, 'rank': 27, 'fitness': 0.9315248377021685, 'generation': 171}","{'id': 13884, 'rank': 28, 'fitness': 0.8267857412889961, 'generation': 171}","{'id': 13913, 'rank': 29, 'fitness': 0.8002391510185943, 'generation': 171}","{'id': 13907, 'rank': 30, 'fitness': 0.01798620996209155, 'generation': 171}"
"{'id': 13917, 'rank': 1, 'fitness': 0.9820137900379085, 'generation': 172}","{'id': 13922, 'rank': 2, 'fitness': 0.9817098048854506, 'generation': 172}","{'id': 13986, 'rank': 3, 'fitness': 0.981586012163691, 'generation': 172}","{'id': 14005, 'rank': 4, 'fitness': 0.9814221612634524, 'generation': 172}","{'id': 13982, 'rank': 5, 'fitness': 0.9812842005584514, 'generation': 172}","{'id': 13981, 'rank': 6, 'fitness': 0.9811491607708747, 'generation': 172}","{'id': 13981, 'rank': 7, 'fitness': 0.9811491607708747, 'generation': 172}","{'id': 13887, 'rank': 8, 'fitness': 0.9801079384753427, 'generation': 172}","{'id': 13973, 'rank': 9, 'fitness': 0.9779900727299093, 'generation': 172}","{'id': 14009, 'rank': 10, 'fitness': 0.977943877035585, 'generation': 172}","{'id': 13967, 'rank': 11, 'fitness': 0.9776441462876139, 'generation': 172}","{'id': 13967, 'rank': 12, 'fitness': 0.9776441462876139, 'generation': 172}","{'id': 13967, 'rank': 13, 'fitness': 0.9776441462876139, 'generation': 172}","{'id': 13941, 'rank': 14, 'fitness': 0.9752860685106582, 'generation': 172}","{'id': 13945, 'rank': 15, 'fitness': 0.9749586935596214, 'generation': 172}","{'id': 14002, 'rank': 16, 'fitness': 0.9749389633102478, 'generation': 172}","{'id': 13620, 'rank': 17, 'fitness': 0.9737960042186887, 'generation': 172}","{'id': 13620, 'rank': 18, 'fitness': 0.9737960042186887, 'generation': 172}","{'id': 13848, 'rank': 19, 'fitness': 0.9732229536029882, 'generation': 172}","{'id': 13988, 'rank': 20, 'fitness': 0.9727160139001085, 'generation': 172}","{'id': 13969, 'rank': 21, 'fitness': 0.9717182780140541, 'generation': 172}","{'id': 13882, 'rank': 22, 'fitness': 0.9657297294448434, 'generation': 172}","{'id': 13882, 'rank': 23, 'fitness': 0.9657297294448434, 'generation': 172}","{'id': 13960, 'rank': 24, 'fitness': 0.9624899747206092, 'generation': 172}","{'id': 13879, 'rank': 25, 'fitness': 0.9597389857631412, 'generation': 172}","{'id': 13990, 'rank': 26, 'fitness': 0.9458871061481409, 'generation': 172}","{'id': 13639, 'rank': 27, 'fitness': 0.9253205895368284, 'generation': 172}","{'id': 13921, 'rank': 28, 'fitness': 0.923332645107833, 'generation': 172}","{'id': 14006, 'rank': 29, 'fitness': 0.520001348324995, 'generation': 172}","{'id': 14008, 'rank': 30, 'fitness': 0.01798620996209155, 'generation': 172}"
"{'id': 14090, 'rank': 1, 'fitness': 0.9820137900379085, 'generation': 173}","{'id': 14093, 'rank': 2, 'fitness': 0.9819619783875173, 'generation': 173}","{'id': 14046, 'rank': 3, 'fitness': 0.9816979032245154, 'generation': 173}","{'id': 14053, 'rank': 4, 'fitness': 0.981644790044445, 'generation': 173}","{'id': 14054, 'rank': 5, 'fitness': 0.9815263962941061, 'generation': 173}","{'id': 14054, 'rank': 6, 'fitness': 0.9815263962941061, 'generation': 173}","{'id': 13981, 'rank': 7, 'fitness': 0.9814159104204594, 'generation': 173}","{'id': 14052, 'rank': 8, 'fitness': 0.9811212967077517, 'generation': 173}","{'id': 14033, 'rank': 9, 'fitness': 0.9810804413137384, 'generation': 173}","{'id': 14043, 'rank': 10, 'fitness': 0.9810542359202774, 'generation': 173}","{'id': 14021, 'rank': 11, 'fitness': 0.9808065419758842, 'generation': 173}","{'id': 14089, 'rank': 12, 'fitness': 0.9803899378641541, 'generation': 173}","{'id': 14045, 'rank': 13, 'fitness': 0.9802416035985337, 'generation': 173}","{'id': 14057, 'rank': 14, 'fitness': 0.9802352581293816, 'generation': 173}","{'id': 14087, 'rank': 15, 'fitness': 0.9800782192575721, 'generation': 173}","{'id': 14055, 'rank': 16, 'fitness': 0.9799033836245095, 'generation': 173}","{'id': 14025, 'rank': 17, 'fitness': 0.9798226750831961, 'generation': 173}","{'id': 14023, 'rank': 18, 'fitness': 0.9794106282227246, 'generation': 173}","{'id': 13967, 'rank': 19, 'fitness': 0.9793122364322957, 'generation': 173}","{'id': 13945, 'rank': 20, 'fitness': 0.9777804705467446, 'generation': 173}","{'id': 13620, 'rank': 21, 'fitness': 0.9771357530220025, 'generation': 173}","{'id': 13988, 'rank': 22, 'fitness': 0.9765459976147359, 'generation': 173}","{'id': 14063, 'rank': 23, 'fitness': 0.9751245838051845, 'generation': 173}","{'id': 14020, 'rank': 24, 'fitness': 0.9746743632432058, 'generation': 173}","{'id': 14097, 'rank': 25, 'fitness': 0.9743776852027173, 'generation': 173}","{'id': 14097, 'rank': 26, 'fitness': 0.9743776852027173, 'generation': 173}","{'id': 14097, 'rank': 27, 'fitness': 0.9743776852027173, 'generation': 173}","{'id': 14083, 'rank': 28, 'fitness': 0.9560643319514052, 'generation': 173}","{'id': 14034, 'rank': 29, 'fitness': 0.8991871888498667, 'generation': 173}","{'id': 14078, 'rank': 30, 'fitness': 0.01798620996209155, 'generation': 173}"
"{'id': 14180, 'rank': 1, 'fitness': 0.9820137900379085, 'generation': 174}","{'id': 14180, 'rank': 2, 'fitness': 0.9820137900379085, 'generation': 174}","{'id': 14053, 'rank': 3, 'fitness': 0.9811603086206956, 'generation': 174}","{'id': 14054, 'rank': 4, 'fitness': 0.9806635128645665, 'generation': 174}","{'id': 14177, 'rank': 5, 'fitness': 0.9795737937486942, 'generation': 174}","{'id': 14147, 'rank': 6, 'fitness': 0.9789223183278835, 'generation': 174}","{'id': 14021, 'rank': 7, 'fitness': 0.9774322354589035, 'generation': 174}","{'id': 14125, 'rank': 8, 'fitness': 0.976932836800078, 'generation': 174}","{'id': 14125, 'rank': 9, 'fitness': 0.976932836800078, 'generation': 174}","{'id': 14178, 'rank': 10, 'fitness': 0.9766173208038913, 'generation': 174}","{'id': 14119, 'rank': 11, 'fitness': 0.975881297232768, 'generation': 174}","{'id': 14089, 'rank': 12, 'fitness': 0.9753902845198141, 'generation': 174}","{'id': 14171, 'rank': 13, 'fitness': 0.9753547951914852, 'generation': 174}","{'id': 14165, 'rank': 14, 'fitness': 0.9738905262144111, 'generation': 174}","{'id': 14153, 'rank': 15, 'fitness': 0.9737006216193688, 'generation': 174}","{'id': 14025, 'rank': 16, 'fitness': 0.9723967419091476, 'generation': 174}","{'id': 14128, 'rank': 17, 'fitness': 0.965934507985385, 'generation': 174}","{'id': 14185, 'rank': 18, 'fitness': 0.9602157152219785, 'generation': 174}","{'id': 14157, 'rank': 19, 'fitness': 0.9569712273603623, 'generation': 174}","{'id': 14129, 'rank': 20, 'fitness': 0.9466467673577484, 'generation': 174}","{'id': 14158, 'rank': 21, 'fitness': 0.9429627049388956, 'generation': 174}","{'id': 14123, 'rank': 22, 'fitness': 0.9365686756170238, 'generation': 174}","{'id': 14020, 'rank': 23, 'fitness': 0.9321289311588417, 'generation': 174}","{'id': 14102, 'rank': 24, 'fitness': 0.9319283300642209, 'generation': 174}","{'id': 14107, 'rank': 25, 'fitness': 0.9146424555550027, 'generation': 174}","{'id': 14159, 'rank': 26, 'fitness': 0.9142219470439696, 'generation': 174}","{'id': 14159, 'rank': 27, 'fitness': 0.9142219470439696, 'generation': 174}","{'id': 14034, 'rank': 28, 'fitness': 0.035468932357120786, 'generation': 174}","{'id': 14034, 'rank': 29, 'fitness': 0.035468932357120786, 'generation': 174}","{'id': 14141, 'rank': 30, 'fitness': 0.01798620996209155, 'generation': 174}"
"{'id': 14180, 'rank': 1, 'fitness': 0.9820137900379085, 'generation': 175}","{'id': 14180, 'rank': 2, 'fitness': 0.9820137900379085, 'generation': 175}","{'id': 14247, 'rank': 3, 'fitness': 0.9799635402813378, 'generation': 175}","{'id': 14247, 'rank': 4, 'fitness': 0.9799635402813378, 'generation': 175}","{'id': 14054, 'rank': 5, 'fitness': 0.979479013863334, 'generation': 175}","{'id': 14256, 'rank': 6, 'fitness': 0.9788773385947441, 'generation': 175}","{'id': 14242, 'rank': 7, 'fitness': 0.977053373567601, 'generation': 175}","{'id': 14257, 'rank': 8, 'fitness': 0.9768250193671635, 'generation': 175}","{'id': 14234, 'rank': 9, 'fitness': 0.9757958218257359, 'generation': 175}","{'id': 14234, 'rank': 10, 'fitness': 0.9757958218257359, 'generation': 175}","{'id': 14245, 'rank': 11, 'fitness': 0.9739393621328478, 'generation': 175}","{'id': 14196, 'rank': 12, 'fitness': 0.9730584524308337, 'generation': 175}","{'id': 14199, 'rank': 13, 'fitness': 0.9686989978861043, 'generation': 175}","{'id': 14197, 'rank': 14, 'fitness': 0.9666907719679659, 'generation': 175}","{'id': 14241, 'rank': 15, 'fitness': 0.9660903438970643, 'generation': 175}","{'id': 14209, 'rank': 16, 'fitness': 0.9490723670594855, 'generation': 175}","{'id': 14219, 'rank': 17, 'fitness': 0.9438904027330443, 'generation': 175}","{'id': 14201, 'rank': 18, 'fitness': 0.9409567078203485, 'generation': 175}","{'id': 14215, 'rank': 19, 'fitness': 0.921537429543928, 'generation': 175}","{'id': 14215, 'rank': 20, 'fitness': 0.921537429543928, 'generation': 175}","{'id': 14157, 'rank': 21, 'fitness': 0.9139874157279317, 'generation': 175}","{'id': 14259, 'rank': 22, 'fitness': 0.8901437679328501, 'generation': 175}","{'id': 14123, 'rank': 23, 'fitness': 0.8343536726866156, 'generation': 175}","{'id': 14203, 'rank': 24, 'fitness': 0.7457041034400766, 'generation': 175}","{'id': 14203, 'rank': 25, 'fitness': 0.7457041034400766, 'generation': 175}","{'id': 14107, 'rank': 26, 'fitness': 0.7374159353168794, 'generation': 175}","{'id': 14205, 'rank': 27, 'fitness': 0.6790128668375611, 'generation': 175}","{'id': 14190, 'rank': 28, 'fitness': 0.41588983947448377, 'generation': 175}","{'id': 14223, 'rank': 29, 'fitness': 0.055532727326285725, 'generation': 175}","{'id': 14224, 'rank': 30, 'fitness': 0.01798620996209155, 'generation': 175}"
"{'id': 14322, 'rank': 1, 'fitness': 0.9820137900379085, 'generation': 176}","{'id': 14279, 'rank': 2, 'fitness': 0.9819296459803963, 'generation': 176}","{'id': 14279, 'rank': 3, 'fitness': 0.9819296459803963, 'generation': 176}","{'id': 14280, 'rank': 4, 'fitness': 0.9817717142235598, 'generation': 176}","{'id': 14323, 'rank': 5, 'fitness': 0.9817700768038491, 'generation': 176}","{'id': 14310, 'rank': 6, 'fitness': 0.9817543211324207, 'generation': 176}","{'id': 14325, 'rank': 7, 'fitness': 0.9817324406886907, 'generation': 176}","{'id': 14054, 'rank': 8, 'fitness': 0.981547607165713, 'generation': 176}","{'id': 14295, 'rank': 9, 'fitness': 0.9809134899691996, 'generation': 176}","{'id': 14242, 'rank': 10, 'fitness': 0.9807624999159869, 'generation': 176}","{'id': 14312, 'rank': 11, 'fitness': 0.9804853467951888, 'generation': 176}","{'id': 14234, 'rank': 12, 'fitness': 0.9803753560972917, 'generation': 176}","{'id': 14300, 'rank': 13, 'fitness': 0.9802280232137535, 'generation': 176}","{'id': 14318, 'rank': 14, 'fitness': 0.980115617927085, 'generation': 176}","{'id': 14196, 'rank': 15, 'fitness': 0.9795730507414178, 'generation': 176}","{'id': 14288, 'rank': 16, 'fitness': 0.9792089269589535, 'generation': 176}","{'id': 14332, 'rank': 17, 'fitness': 0.9784463023908772, 'generation': 176}","{'id': 14316, 'rank': 18, 'fitness': 0.9781410709554093, 'generation': 176}","{'id': 14338, 'rank': 19, 'fitness': 0.9780588096756309, 'generation': 176}","{'id': 14219, 'rank': 20, 'fitness': 0.9730416004787763, 'generation': 176}","{'id': 14329, 'rank': 21, 'fitness': 0.970830910855091, 'generation': 176}","{'id': 14329, 'rank': 22, 'fitness': 0.970830910855091, 'generation': 176}","{'id': 14341, 'rank': 23, 'fitness': 0.9696755111421849, 'generation': 176}","{'id': 14205, 'rank': 24, 'fitness': 0.9434856956352904, 'generation': 176}","{'id': 14304, 'rank': 25, 'fitness': 0.9218166568859081, 'generation': 176}","{'id': 14190, 'rank': 26, 'fitness': 0.9175989923205496, 'generation': 176}","{'id': 14274, 'rank': 27, 'fitness': 0.8192720363205328, 'generation': 176}","{'id': 14273, 'rank': 28, 'fitness': 0.7843565335457412, 'generation': 176}","{'id': 14224, 'rank': 29, 'fitness': 0.7405869345658846, 'generation': 176}","{'id': 14285, 'rank': 30, 'fitness': 0.01798620996209155, 'generation': 176}"
"{'id': 14434, 'rank': 1, 'fitness': 0.9820137900379085, 'generation': 177}","{'id': 14279, 'rank': 2, 'fitness': 0.9815730892204042, 'generation': 177}","{'id': 14279, 'rank': 3, 'fitness': 0.9815730892204042, 'generation': 177}","{'id': 14359, 'rank': 4, 'fitness': 0.9812537875289811, 'generation': 177}","{'id': 14428, 'rank': 5, 'fitness': 0.9811754656557585, 'generation': 177}","{'id': 14375, 'rank': 6, 'fitness': 0.9811607890842593, 'generation': 177}","{'id': 14396, 'rank': 7, 'fitness': 0.9809952674411666, 'generation': 177}","{'id': 14392, 'rank': 8, 'fitness': 0.9809555170287501, 'generation': 177}","{'id': 14397, 'rank': 9, 'fitness': 0.9808377356094773, 'generation': 177}","{'id': 14295, 'rank': 10, 'fitness': 0.9807844748653192, 'generation': 177}","{'id': 14312, 'rank': 11, 'fitness': 0.9804551093362315, 'generation': 177}","{'id': 14373, 'rank': 12, 'fitness': 0.9799075604298546, 'generation': 177}","{'id': 14373, 'rank': 13, 'fitness': 0.9799075604298546, 'generation': 177}","{'id': 14433, 'rank': 14, 'fitness': 0.9797401358196145, 'generation': 177}","{'id': 14433, 'rank': 15, 'fitness': 0.9797401358196145, 'generation': 177}","{'id': 14362, 'rank': 16, 'fitness': 0.9796879323082277, 'generation': 177}","{'id': 14377, 'rank': 17, 'fitness': 0.9793954450775748, 'generation': 177}","{'id': 14332, 'rank': 18, 'fitness': 0.9789084144308481, 'generation': 177}","{'id': 14366, 'rank': 19, 'fitness': 0.9787787842740134, 'generation': 177}","{'id': 14316, 'rank': 20, 'fitness': 0.978679826339192, 'generation': 177}","{'id': 14376, 'rank': 21, 'fitness': 0.97851511324891, 'generation': 177}","{'id': 14403, 'rank': 22, 'fitness': 0.9776095085861337, 'generation': 177}","{'id': 14219, 'rank': 23, 'fitness': 0.974959215933533, 'generation': 177}","{'id': 14389, 'rank': 24, 'fitness': 0.9743336709551138, 'generation': 177}","{'id': 14357, 'rank': 25, 'fitness': 0.9677899568087046, 'generation': 177}","{'id': 14357, 'rank': 26, 'fitness': 0.9677899568087046, 'generation': 177}","{'id': 14354, 'rank': 27, 'fitness': 0.9550889618924242, 'generation': 177}","{'id': 14190, 'rank': 28, 'fitness': 0.9405253956647155, 'generation': 177}","{'id': 14435, 'rank': 29, 'fitness': 0.44145219374391204, 'generation': 177}","{'id': 14387, 'rank': 30, 'fitness': 0.01798620996209155, 'generation': 177}"
"{'id': 14473, 'rank': 1, 'fitness': 0.9820137900379085, 'generation': 178}","{'id': 14515, 'rank': 2, 'fitness': 0.9807287166495668, 'generation': 178}","{'id': 14295, 'rank': 3, 'fitness': 0.980189501450056, 'generation': 178}","{'id': 14464, 'rank': 4, 'fitness': 0.9800419653400456, 'generation': 178}","{'id': 14377, 'rank': 5, 'fitness': 0.9787641979889552, 'generation': 178}","{'id': 14445, 'rank': 6, 'fitness': 0.9785450754562645, 'generation': 178}","{'id': 14516, 'rank': 7, 'fitness': 0.9781374020913071, 'generation': 178}","{'id': 14316, 'rank': 8, 'fitness': 0.9780300851293668, 'generation': 178}","{'id': 14532, 'rank': 9, 'fitness': 0.9774811025042864, 'generation': 178}","{'id': 14499, 'rank': 10, 'fitness': 0.9773606537903141, 'generation': 178}","{'id': 14403, 'rank': 11, 'fitness': 0.9769323427547201, 'generation': 178}","{'id': 14496, 'rank': 12, 'fitness': 0.9765286685468533, 'generation': 178}","{'id': 14480, 'rank': 13, 'fitness': 0.9763172478430631, 'generation': 178}","{'id': 14463, 'rank': 14, 'fitness': 0.9763110625213773, 'generation': 178}","{'id': 14488, 'rank': 15, 'fitness': 0.9758415401280871, 'generation': 178}","{'id': 14219, 'rank': 16, 'fitness': 0.9742152981698133, 'generation': 178}","{'id': 14519, 'rank': 17, 'fitness': 0.9738735429166708, 'generation': 178}","{'id': 14438, 'rank': 18, 'fitness': 0.9719687277276842, 'generation': 178}","{'id': 14497, 'rank': 19, 'fitness': 0.9700923926674017, 'generation': 178}","{'id': 14484, 'rank': 20, 'fitness': 0.9682342751893231, 'generation': 178}","{'id': 14357, 'rank': 21, 'fitness': 0.9668728552529261, 'generation': 178}","{'id': 14481, 'rank': 22, 'fitness': 0.9663931920279109, 'generation': 178}","{'id': 14469, 'rank': 23, 'fitness': 0.9596687297857722, 'generation': 178}","{'id': 14469, 'rank': 24, 'fitness': 0.9596687297857722, 'generation': 178}","{'id': 14467, 'rank': 25, 'fitness': 0.957265499132815, 'generation': 178}","{'id': 14467, 'rank': 26, 'fitness': 0.957265499132815, 'generation': 178}","{'id': 14354, 'rank': 27, 'fitness': 0.9538871224315453, 'generation': 178}","{'id': 14503, 'rank': 28, 'fitness': 0.9380121544676013, 'generation': 178}","{'id': 14518, 'rank': 29, 'fitness': 0.9232447136192028, 'generation': 178}","{'id': 14387, 'rank': 30, 'fitness': 0.01798620996209155, 'generation': 178}"
"{'id': 14542, 'rank': 1, 'fitness': 0.9820137900379085, 'generation': 179}","{'id': 14473, 'rank': 2, 'fitness': 0.9814388514348171, 'generation': 179}","{'id': 14601, 'rank': 3, 'fitness': 0.9757971614064771, 'generation': 179}","{'id': 14559, 'rank': 4, 'fitness': 0.9681384962593307, 'generation': 179}","{'id': 14567, 'rank': 5, 'fitness': 0.9672418884809431, 'generation': 179}","{'id': 14377, 'rank': 6, 'fitness': 0.9558785569907772, 'generation': 179}","{'id': 14579, 'rank': 7, 'fitness': 0.9508318147360368, 'generation': 179}","{'id': 14579, 'rank': 8, 'fitness': 0.9508318147360368, 'generation': 179}","{'id': 14499, 'rank': 9, 'fitness': 0.9388322351395808, 'generation': 179}","{'id': 14596, 'rank': 10, 'fitness': 0.9277898591906422, 'generation': 179}","{'id': 14480, 'rank': 11, 'fitness': 0.9233004860491748, 'generation': 179}","{'id': 14585, 'rank': 12, 'fitness': 0.9165486339011292, 'generation': 179}","{'id': 14597, 'rank': 13, 'fitness': 0.9151135502011476, 'generation': 179}","{'id': 14219, 'rank': 14, 'fitness': 0.8837887153212881, 'generation': 179}","{'id': 14586, 'rank': 15, 'fitness': 0.8380312012886098, 'generation': 179}","{'id': 14438, 'rank': 16, 'fitness': 0.8287257041698345, 'generation': 179}","{'id': 14612, 'rank': 17, 'fitness': 0.8004738681026666, 'generation': 179}","{'id': 14602, 'rank': 18, 'fitness': 0.7589818848326937, 'generation': 179}","{'id': 14599, 'rank': 19, 'fitness': 0.5929868417304857, 'generation': 179}","{'id': 14572, 'rank': 20, 'fitness': 0.5349436972565434, 'generation': 179}","{'id': 14582, 'rank': 21, 'fitness': 0.5226908593418598, 'generation': 179}","{'id': 14587, 'rank': 22, 'fitness': 0.514450468248065, 'generation': 179}","{'id': 14469, 'rank': 23, 'fitness': 0.39969760357211115, 'generation': 179}","{'id': 14354, 'rank': 24, 'fitness': 0.2415527830474627, 'generation': 179}","{'id': 14580, 'rank': 25, 'fitness': 0.17668121636609602, 'generation': 179}","{'id': 14574, 'rank': 26, 'fitness': 0.14895385361287405, 'generation': 179}","{'id': 14543, 'rank': 27, 'fitness': 0.10521047235538011, 'generation': 179}","{'id': 14503, 'rank': 28, 'fitness': 0.05781875127309066, 'generation': 179}","{'id': 14503, 'rank': 29, 'fitness': 0.05781875127309066, 'generation': 179}","{'id': 14518, 'rank': 30, 'fitness': 0.01798620996209155, 'generation': 179}"
"{'id': 14637, 'rank': 1, 'fitness': 0.9820137900379085, 'generation': 180}","{'id': 14643, 'rank': 2, 'fitness': 0.9819807660028428, 'generation': 180}","{'id': 14601, 'rank': 3, 'fitness': 0.981493320977897, 'generation': 180}","{'id': 14622, 'rank': 4, 'fitness': 0.9813479058050912, 'generation': 180}","{'id': 14628, 'rank': 5, 'fitness': 0.9812272276992137, 'generation': 180}","{'id': 14641, 'rank': 6, 'fitness': 0.9811279499871323, 'generation': 180}","{'id': 14632, 'rank': 7, 'fitness': 0.9810456320477788, 'generation': 180}","{'id': 14559, 'rank': 8, 'fitness': 0.9810040602174906, 'generation': 180}","{'id': 14567, 'rank': 9, 'fitness': 0.9809537431058037, 'generation': 180}","{'id': 14567, 'rank': 10, 'fitness': 0.9809537431058037, 'generation': 180}","{'id': 14567, 'rank': 11, 'fitness': 0.9809537431058037, 'generation': 180}","{'id': 14656, 'rank': 12, 'fitness': 0.9808698185667764, 'generation': 180}","{'id': 14656, 'rank': 13, 'fitness': 0.9808698185667764, 'generation': 180}","{'id': 14666, 'rank': 14, 'fitness': 0.980439084396385, 'generation': 180}","{'id': 14579, 'rank': 15, 'fitness': 0.9801958505750462, 'generation': 180}","{'id': 14669, 'rank': 16, 'fitness': 0.9794206524225426, 'generation': 180}","{'id': 14480, 'rank': 17, 'fitness': 0.9793118333854789, 'generation': 180}","{'id': 14627, 'rank': 18, 'fitness': 0.9783069085827711, 'generation': 180}","{'id': 14612, 'rank': 19, 'fitness': 0.9771115651237301, 'generation': 180}","{'id': 14599, 'rank': 20, 'fitness': 0.9748818128688974, 'generation': 180}","{'id': 14572, 'rank': 21, 'fitness': 0.9743318940366142, 'generation': 180}","{'id': 14582, 'rank': 22, 'fitness': 0.9742159951408811, 'generation': 180}","{'id': 14354, 'rank': 23, 'fitness': 0.9711326486980943, 'generation': 180}","{'id': 14574, 'rank': 24, 'fitness': 0.9695120640984993, 'generation': 180}","{'id': 14655, 'rank': 25, 'fitness': 0.9677725274677415, 'generation': 180}","{'id': 14638, 'rank': 26, 'fitness': 0.9675143176619039, 'generation': 180}","{'id': 14503, 'rank': 27, 'fitness': 0.9664604258949956, 'generation': 180}","{'id': 14503, 'rank': 28, 'fitness': 0.9664604258949956, 'generation': 180}","{'id': 14518, 'rank': 29, 'fitness': 0.9625731731688363, 'generation': 180}","{'id': 14634, 'rank': 30, 'fitness': 0.01798620996209155, 'generation': 180}"
"{'id': 14744, 'rank': 1, 'fitness': 0.9820137900379085, 'generation': 181}","{'id': 14744, 'rank': 2, 'fitness': 0.9820137900379085, 'generation': 181}","{'id': 14698, 'rank': 3, 'fitness': 0.9815609331111111, 'generation': 181}","{'id': 14693, 'rank': 4, 'fitness': 0.9808124371723673, 'generation': 181}","{'id': 14601, 'rank': 5, 'fitness': 0.9785790354603752, 'generation': 181}","{'id': 14740, 'rank': 6, 'fitness': 0.9768120926599061, 'generation': 181}","{'id': 14686, 'rank': 7, 'fitness': 0.9736254143442031, 'generation': 181}","{'id': 14746, 'rank': 8, 'fitness': 0.9714569279974814, 'generation': 181}","{'id': 14688, 'rank': 9, 'fitness': 0.9648483662779903, 'generation': 181}","{'id': 14706, 'rank': 10, 'fitness': 0.9633653697657224, 'generation': 181}","{'id': 14694, 'rank': 11, 'fitness': 0.9497395297661176, 'generation': 181}","{'id': 14694, 'rank': 12, 'fitness': 0.9497395297661176, 'generation': 181}","{'id': 14694, 'rank': 13, 'fitness': 0.9497395297661176, 'generation': 181}","{'id': 14669, 'rank': 14, 'fitness': 0.9490581695794973, 'generation': 181}","{'id': 14747, 'rank': 15, 'fitness': 0.9433115935232468, 'generation': 181}","{'id': 14733, 'rank': 16, 'fitness': 0.9376697999332295, 'generation': 181}","{'id': 14680, 'rank': 17, 'fitness': 0.9350183186685525, 'generation': 181}","{'id': 14627, 'rank': 18, 'fitness': 0.9226370618289161, 'generation': 181}","{'id': 14696, 'rank': 19, 'fitness': 0.9185564913851161, 'generation': 181}","{'id': 14696, 'rank': 20, 'fitness': 0.9185564913851161, 'generation': 181}","{'id': 14685, 'rank': 21, 'fitness': 0.9001642170601087, 'generation': 181}","{'id': 14739, 'rank': 22, 'fitness': 0.8983004535232263, 'generation': 181}","{'id': 14710, 'rank': 23, 'fitness': 0.7744433587831648, 'generation': 181}","{'id': 14582, 'rank': 24, 'fitness': 0.7335698361296445, 'generation': 181}","{'id': 14743, 'rank': 25, 'fitness': 0.7108865941881394, 'generation': 181}","{'id': 14676, 'rank': 26, 'fitness': 0.37218870533163717, 'generation': 181}","{'id': 14638, 'rank': 27, 'fitness': 0.27719348772541064, 'generation': 181}","{'id': 14757, 'rank': 28, 'fitness': 0.10065296835913551, 'generation': 181}","{'id': 14735, 'rank': 29, 'fitness': 0.09349362174869785, 'generation': 181}","{'id': 14700, 'rank': 30, 'fitness': 0.01798620996209155, 'generation': 181}"
"{'id': 14777, 'rank': 1, 'fitness': 0.9820137900379085, 'generation': 182}","{'id': 14815, 'rank': 2, 'fitness': 0.9819530728732667, 'generation': 182}","{'id': 14805, 'rank': 3, 'fitness': 0.9816693860478708, 'generation': 182}","{'id': 14772, 'rank': 4, 'fitness': 0.9812811802032058, 'generation': 182}","{'id': 14601, 'rank': 5, 'fitness': 0.980902085383764, 'generation': 182}","{'id': 14774, 'rank': 6, 'fitness': 0.98084331481279, 'generation': 182}","{'id': 14830, 'rank': 7, 'fitness': 0.9803941081421872, 'generation': 182}","{'id': 14824, 'rank': 8, 'fitness': 0.9802336747786119, 'generation': 182}","{'id': 14686, 'rank': 9, 'fitness': 0.9799475082871669, 'generation': 182}","{'id': 14706, 'rank': 10, 'fitness': 0.97833099073442, 'generation': 182}","{'id': 14694, 'rank': 11, 'fitness': 0.9766337551367141, 'generation': 182}","{'id': 14669, 'rank': 12, 'fitness': 0.9765580788456467, 'generation': 182}","{'id': 14822, 'rank': 13, 'fitness': 0.9765544471245637, 'generation': 182}","{'id': 14680, 'rank': 14, 'fitness': 0.9751371715605073, 'generation': 182}","{'id': 14811, 'rank': 15, 'fitness': 0.9739017145100834, 'generation': 182}","{'id': 14696, 'rank': 16, 'fitness': 0.9737207636710838, 'generation': 182}","{'id': 14685, 'rank': 17, 'fitness': 0.9723500225485124, 'generation': 182}","{'id': 14739, 'rank': 18, 'fitness': 0.9722206353450837, 'generation': 182}","{'id': 14820, 'rank': 19, 'fitness': 0.9681914299538464, 'generation': 182}","{'id': 14710, 'rank': 20, 'fitness': 0.9656004803427984, 'generation': 182}","{'id': 14789, 'rank': 21, 'fitness': 0.9605645539864245, 'generation': 182}","{'id': 14765, 'rank': 22, 'fitness': 0.9581460895613898, 'generation': 182}","{'id': 14833, 'rank': 23, 'fitness': 0.9535027451823803, 'generation': 182}","{'id': 14829, 'rank': 24, 'fitness': 0.9500440075733236, 'generation': 182}","{'id': 14676, 'rank': 25, 'fitness': 0.9490533751972904, 'generation': 182}","{'id': 14825, 'rank': 26, 'fitness': 0.9123423570232224, 'generation': 182}","{'id': 14816, 'rank': 27, 'fitness': 0.8176801915206524, 'generation': 182}","{'id': 14791, 'rank': 28, 'fitness': 0.07172207953511028, 'generation': 182}","{'id': 14840, 'rank': 29, 'fitness': 0.01798620996209155, 'generation': 182}","{'id': 14840, 'rank': 30, 'fitness': 0.01798620996209155, 'generation': 182}"
"{'id': 14777, 'rank': 1, 'fitness': 0.9820137900379085, 'generation': 183}","{'id': 14899, 'rank': 2, 'fitness': 0.9818463743230217, 'generation': 183}","{'id': 14862, 'rank': 3, 'fitness': 0.9816270260884467, 'generation': 183}","{'id': 14805, 'rank': 4, 'fitness': 0.9815217337924702, 'generation': 183}","{'id': 14858, 'rank': 5, 'fitness': 0.9813676038629944, 'generation': 183}","{'id': 14861, 'rank': 6, 'fitness': 0.98092760540668, 'generation': 183}","{'id': 14898, 'rank': 7, 'fitness': 0.9806224877512741, 'generation': 183}","{'id': 14918, 'rank': 8, 'fitness': 0.9805992499703204, 'generation': 183}","{'id': 14918, 'rank': 9, 'fitness': 0.9805992499703204, 'generation': 183}","{'id': 14774, 'rank': 10, 'fitness': 0.9803259101098742, 'generation': 183}","{'id': 14869, 'rank': 11, 'fitness': 0.979920555815516, 'generation': 183}","{'id': 14824, 'rank': 12, 'fitness': 0.9794295639368276, 'generation': 183}","{'id': 14914, 'rank': 13, 'fitness': 0.9784533262625834, 'generation': 183}","{'id': 14868, 'rank': 14, 'fitness': 0.9782814538186759, 'generation': 183}","{'id': 14908, 'rank': 15, 'fitness': 0.9780514316482147, 'generation': 183}","{'id': 14669, 'rank': 16, 'fitness': 0.9737903375436681, 'generation': 183}","{'id': 14863, 'rank': 17, 'fitness': 0.9736067719720862, 'generation': 183}","{'id': 14879, 'rank': 18, 'fitness': 0.9724615387555977, 'generation': 183}","{'id': 14680, 'rank': 19, 'fitness': 0.9715086676638405, 'generation': 183}","{'id': 14906, 'rank': 20, 'fitness': 0.9703218465181991, 'generation': 183}","{'id': 14906, 'rank': 21, 'fitness': 0.9703218465181991, 'generation': 183}","{'id': 14865, 'rank': 22, 'fitness': 0.9637596550624723, 'generation': 183}","{'id': 14875, 'rank': 23, 'fitness': 0.9632852953715829, 'generation': 183}","{'id': 14710, 'rank': 24, 'fitness': 0.9549219290725129, 'generation': 183}","{'id': 14881, 'rank': 25, 'fitness': 0.9428561046640553, 'generation': 183}","{'id': 14765, 'rank': 26, 'fitness': 0.9406476940544997, 'generation': 183}","{'id': 14829, 'rank': 27, 'fitness': 0.924083481953855, 'generation': 183}","{'id': 14816, 'rank': 28, 'fitness': 0.6090454483200596, 'generation': 183}","{'id': 14850, 'rank': 29, 'fitness': 0.5731902326412556, 'generation': 183}","{'id': 14902, 'rank': 30, 'fitness': 0.01798620996209155, 'generation': 183}"
"{'id': 15018, 'rank': 1, 'fitness': 0.9820137900379085, 'generation': 184}","{'id': 14899, 'rank': 2, 'fitness': 0.9819914610783366, 'generation': 184}","{'id': 15012, 'rank': 3, 'fitness': 0.9819758350524783, 'generation': 184}","{'id': 15012, 'rank': 4, 'fitness': 0.9819758350524783, 'generation': 184}","{'id': 15010, 'rank': 5, 'fitness': 0.9819486703291865, 'generation': 184}","{'id': 14862, 'rank': 6, 'fitness': 0.9819044111604711, 'generation': 184}","{'id': 14805, 'rank': 7, 'fitness': 0.9818628418901929, 'generation': 184}","{'id': 14805, 'rank': 8, 'fitness': 0.9818628418901929, 'generation': 184}","{'id': 15001, 'rank': 9, 'fitness': 0.9817821138651591, 'generation': 184}","{'id': 14958, 'rank': 10, 'fitness': 0.9815328386896868, 'generation': 184}","{'id': 14898, 'rank': 11, 'fitness': 0.9815133488306624, 'generation': 184}","{'id': 14918, 'rank': 12, 'fitness': 0.9815044448218134, 'generation': 184}","{'id': 14946, 'rank': 13, 'fitness': 0.9814473329187223, 'generation': 184}","{'id': 15013, 'rank': 14, 'fitness': 0.9814006721647818, 'generation': 184}","{'id': 14923, 'rank': 15, 'fitness': 0.9812047177428586, 'generation': 184}","{'id': 14960, 'rank': 16, 'fitness': 0.981018997626316, 'generation': 184}","{'id': 15017, 'rank': 17, 'fitness': 0.9804469202248834, 'generation': 184}","{'id': 14952, 'rank': 18, 'fitness': 0.980002997063433, 'generation': 184}","{'id': 15007, 'rank': 19, 'fitness': 0.9797917003871555, 'generation': 184}","{'id': 14979, 'rank': 20, 'fitness': 0.9787501926003092, 'generation': 184}","{'id': 14987, 'rank': 21, 'fitness': 0.9778326026348868, 'generation': 184}","{'id': 15015, 'rank': 22, 'fitness': 0.9776854314086652, 'generation': 184}","{'id': 14968, 'rank': 23, 'fitness': 0.975089270065244, 'generation': 184}","{'id': 14928, 'rank': 24, 'fitness': 0.9732323080460781, 'generation': 184}","{'id': 14973, 'rank': 25, 'fitness': 0.9583285627612057, 'generation': 184}","{'id': 14997, 'rank': 26, 'fitness': 0.9561434522708534, 'generation': 184}","{'id': 14995, 'rank': 27, 'fitness': 0.9466720875873683, 'generation': 184}","{'id': 14994, 'rank': 28, 'fitness': 0.9431719918355823, 'generation': 184}","{'id': 14850, 'rank': 29, 'fitness': 0.9252039552109511, 'generation': 184}","{'id': 14993, 'rank': 30, 'fitness': 0.01798620996209155, 'generation': 184}"
"{'id': 15099, 'rank': 1, 'fitness': 0.9820137900379085, 'generation': 185}","{'id': 15099, 'rank': 2, 'fitness': 0.9820137900379085, 'generation': 185}","{'id': 15010, 'rank': 3, 'fitness': 0.9807058623106586, 'generation': 185}","{'id': 15044, 'rank': 4, 'fitness': 0.9804227958839551, 'generation': 185}","{'id': 15021, 'rank': 5, 'fitness': 0.9803373245698901, 'generation': 185}","{'id': 15063, 'rank': 6, 'fitness': 0.9799765564977976, 'generation': 185}","{'id': 15104, 'rank': 7, 'fitness': 0.9795433781997394, 'generation': 185}","{'id': 15001, 'rank': 8, 'fitness': 0.9794119811398034, 'generation': 185}","{'id': 15049, 'rank': 9, 'fitness': 0.9787523651985265, 'generation': 185}","{'id': 15024, 'rank': 10, 'fitness': 0.9786511815739583, 'generation': 185}","{'id': 15024, 'rank': 11, 'fitness': 0.9786511815739583, 'generation': 185}","{'id': 15046, 'rank': 12, 'fitness': 0.9781381227273327, 'generation': 185}","{'id': 15100, 'rank': 13, 'fitness': 0.9780685962725968, 'generation': 185}","{'id': 15100, 'rank': 14, 'fitness': 0.9780685962725968, 'generation': 185}","{'id': 15103, 'rank': 15, 'fitness': 0.9774908700261244, 'generation': 185}","{'id': 14958, 'rank': 16, 'fitness': 0.9773398205035596, 'generation': 185}","{'id': 15071, 'rank': 17, 'fitness': 0.9763398322796935, 'generation': 185}","{'id': 15071, 'rank': 18, 'fitness': 0.9763398322796935, 'generation': 185}","{'id': 15091, 'rank': 19, 'fitness': 0.9761344522149829, 'generation': 185}","{'id': 15033, 'rank': 20, 'fitness': 0.9752797055330757, 'generation': 185}","{'id': 15072, 'rank': 21, 'fitness': 0.9751258773525036, 'generation': 185}","{'id': 14923, 'rank': 22, 'fitness': 0.974348447655666, 'generation': 185}","{'id': 15017, 'rank': 23, 'fitness': 0.9661650620444306, 'generation': 185}","{'id': 15017, 'rank': 24, 'fitness': 0.9661650620444306, 'generation': 185}","{'id': 15070, 'rank': 25, 'fitness': 0.9638137829919339, 'generation': 185}","{'id': 15070, 'rank': 26, 'fitness': 0.9638137829919339, 'generation': 185}","{'id': 15093, 'rank': 27, 'fitness': 0.9492916982246238, 'generation': 185}","{'id': 15025, 'rank': 28, 'fitness': 0.9352100476896703, 'generation': 185}","{'id': 15059, 'rank': 29, 'fitness': 0.05192898816695429, 'generation': 185}","{'id': 14995, 'rank': 30, 'fitness': 0.01798620996209155, 'generation': 185}"
"{'id': 15122, 'rank': 1, 'fitness': 0.9820137900379085, 'generation': 186}","{'id': 15162, 'rank': 2, 'fitness': 0.9817946016707745, 'generation': 186}","{'id': 15124, 'rank': 3, 'fitness': 0.9812968723267306, 'generation': 186}","{'id': 15186, 'rank': 4, 'fitness': 0.9810195658894261, 'generation': 186}","{'id': 15119, 'rank': 5, 'fitness': 0.9807411907971536, 'generation': 186}","{'id': 15118, 'rank': 6, 'fitness': 0.980075568423203, 'generation': 186}","{'id': 15160, 'rank': 7, 'fitness': 0.9793043199025158, 'generation': 186}","{'id': 15158, 'rank': 8, 'fitness': 0.9786663586805299, 'generation': 186}","{'id': 15158, 'rank': 9, 'fitness': 0.9786663586805299, 'generation': 186}","{'id': 14958, 'rank': 10, 'fitness': 0.9785222836177156, 'generation': 186}","{'id': 15033, 'rank': 11, 'fitness': 0.9765526929871011, 'generation': 186}","{'id': 15072, 'rank': 12, 'fitness': 0.9764055602964057, 'generation': 186}","{'id': 15171, 'rank': 13, 'fitness': 0.9762739737589649, 'generation': 186}","{'id': 15171, 'rank': 14, 'fitness': 0.9762739737589649, 'generation': 186}","{'id': 15155, 'rank': 15, 'fitness': 0.9761075666752002, 'generation': 186}","{'id': 15127, 'rank': 16, 'fitness': 0.9759776027592754, 'generation': 186}","{'id': 15110, 'rank': 17, 'fitness': 0.9728005955606722, 'generation': 186}","{'id': 15111, 'rank': 18, 'fitness': 0.9726580928720878, 'generation': 186}","{'id': 15121, 'rank': 19, 'fitness': 0.9701645679169391, 'generation': 186}","{'id': 15107, 'rank': 20, 'fitness': 0.9698938265823782, 'generation': 186}","{'id': 15153, 'rank': 21, 'fitness': 0.9692163156025762, 'generation': 186}","{'id': 15136, 'rank': 22, 'fitness': 0.9688565700690563, 'generation': 186}","{'id': 15114, 'rank': 23, 'fitness': 0.9503893081408545, 'generation': 186}","{'id': 15146, 'rank': 24, 'fitness': 0.9205651886295508, 'generation': 186}","{'id': 15132, 'rank': 25, 'fitness': 0.918672189440186, 'generation': 186}","{'id': 15132, 'rank': 26, 'fitness': 0.918672189440186, 'generation': 186}","{'id': 15132, 'rank': 27, 'fitness': 0.918672189440186, 'generation': 186}","{'id': 15180, 'rank': 28, 'fitness': 0.5860898352448132, 'generation': 186}","{'id': 15113, 'rank': 29, 'fitness': 0.585121259544673, 'generation': 186}","{'id': 14995, 'rank': 30, 'fitness': 0.01798620996209155, 'generation': 186}"
"{'id': 15266, 'rank': 1, 'fitness': 0.9820137900379085, 'generation': 187}","{'id': 15213, 'rank': 2, 'fitness': 0.9802486510498793, 'generation': 187}","{'id': 15191, 'rank': 3, 'fitness': 0.9800632987452664, 'generation': 187}","{'id': 15275, 'rank': 4, 'fitness': 0.9798281964262359, 'generation': 187}","{'id': 15160, 'rank': 5, 'fitness': 0.9790719121483754, 'generation': 187}","{'id': 15158, 'rank': 6, 'fitness': 0.9783649699681805, 'generation': 187}","{'id': 15158, 'rank': 7, 'fitness': 0.9783649699681805, 'generation': 187}","{'id': 15265, 'rank': 8, 'fitness': 0.9783566321131312, 'generation': 187}","{'id': 15205, 'rank': 9, 'fitness': 0.9776613877912678, 'generation': 187}","{'id': 15256, 'rank': 10, 'fitness': 0.9760215684280289, 'generation': 187}","{'id': 15273, 'rank': 11, 'fitness': 0.9753755081187406, 'generation': 187}","{'id': 15127, 'rank': 12, 'fitness': 0.9753647659603557, 'generation': 187}","{'id': 15242, 'rank': 13, 'fitness': 0.9746813158085745, 'generation': 187}","{'id': 15198, 'rank': 14, 'fitness': 0.9746114306155372, 'generation': 187}","{'id': 15218, 'rank': 15, 'fitness': 0.9714810278742967, 'generation': 187}","{'id': 15218, 'rank': 16, 'fitness': 0.9714810278742967, 'generation': 187}","{'id': 15238, 'rank': 17, 'fitness': 0.9712314071886703, 'generation': 187}","{'id': 15238, 'rank': 18, 'fitness': 0.9712314071886703, 'generation': 187}","{'id': 15244, 'rank': 19, 'fitness': 0.9674256107582065, 'generation': 187}","{'id': 15253, 'rank': 20, 'fitness': 0.9671509593884867, 'generation': 187}","{'id': 15272, 'rank': 21, 'fitness': 0.9655796067114998, 'generation': 187}","{'id': 15252, 'rank': 22, 'fitness': 0.9105733750937246, 'generation': 187}","{'id': 15231, 'rank': 23, 'fitness': 0.9099634281972228, 'generation': 187}","{'id': 15146, 'rank': 24, 'fitness': 0.9093426660618485, 'generation': 187}","{'id': 15209, 'rank': 25, 'fitness': 0.8980060013472891, 'generation': 187}","{'id': 15254, 'rank': 26, 'fitness': 0.8900587705241447, 'generation': 187}","{'id': 15229, 'rank': 27, 'fitness': 0.5823879960624763, 'generation': 187}","{'id': 15267, 'rank': 28, 'fitness': 0.1666782585612508, 'generation': 187}","{'id': 15227, 'rank': 29, 'fitness': 0.01798620996209155, 'generation': 187}","{'id': 15227, 'rank': 30, 'fitness': 0.01798620996209155, 'generation': 187}"
"{'id': 15284, 'rank': 1, 'fitness': 0.9820137900379085, 'generation': 188}","{'id': 15286, 'rank': 2, 'fitness': 0.9809426388600477, 'generation': 188}","{'id': 15354, 'rank': 3, 'fitness': 0.9804473142534678, 'generation': 188}","{'id': 15339, 'rank': 4, 'fitness': 0.9802178791624981, 'generation': 188}","{'id': 15295, 'rank': 5, 'fitness': 0.9800652631311768, 'generation': 188}","{'id': 15323, 'rank': 6, 'fitness': 0.9798625138973928, 'generation': 188}","{'id': 15320, 'rank': 7, 'fitness': 0.9793351711599886, 'generation': 188}","{'id': 15281, 'rank': 8, 'fitness': 0.9785772598860751, 'generation': 188}","{'id': 15127, 'rank': 9, 'fitness': 0.9776745276139871, 'generation': 188}","{'id': 15302, 'rank': 10, 'fitness': 0.9776403316316815, 'generation': 188}","{'id': 15343, 'rank': 11, 'fitness': 0.9775148556519825, 'generation': 188}","{'id': 15327, 'rank': 12, 'fitness': 0.9773414029302481, 'generation': 188}","{'id': 15337, 'rank': 13, 'fitness': 0.9772270842021331, 'generation': 188}","{'id': 15279, 'rank': 14, 'fitness': 0.9771003137288274, 'generation': 188}","{'id': 15294, 'rank': 15, 'fitness': 0.977025123571569, 'generation': 188}","{'id': 15297, 'rank': 16, 'fitness': 0.9751846329366173, 'generation': 188}","{'id': 15316, 'rank': 17, 'fitness': 0.9681654325809561, 'generation': 188}","{'id': 15316, 'rank': 18, 'fitness': 0.9681654325809561, 'generation': 188}","{'id': 15341, 'rank': 19, 'fitness': 0.967612852709477, 'generation': 188}","{'id': 15365, 'rank': 20, 'fitness': 0.9664474979034561, 'generation': 188}","{'id': 15346, 'rank': 21, 'fitness': 0.9646896521145778, 'generation': 188}","{'id': 15288, 'rank': 22, 'fitness': 0.9582757252920429, 'generation': 188}","{'id': 15209, 'rank': 23, 'fitness': 0.9573307409395901, 'generation': 188}","{'id': 15209, 'rank': 24, 'fitness': 0.9573307409395901, 'generation': 188}","{'id': 15364, 'rank': 25, 'fitness': 0.9517554846205554, 'generation': 188}","{'id': 15364, 'rank': 26, 'fitness': 0.9517554846205554, 'generation': 188}","{'id': 15352, 'rank': 27, 'fitness': 0.6464740047996996, 'generation': 188}","{'id': 15227, 'rank': 28, 'fitness': 0.5899090142483115, 'generation': 188}","{'id': 15348, 'rank': 29, 'fitness': 0.05719704310471724, 'generation': 188}","{'id': 15349, 'rank': 30, 'fitness': 0.01798620996209155, 'generation': 188}"
"{'id': 15392, 'rank': 1, 'fitness': 0.9820137900379085, 'generation': 189}","{'id': 15354, 'rank': 2, 'fitness': 0.9778190222109606, 'generation': 189}","{'id': 15432, 'rank': 3, 'fitness': 0.9750794944956787, 'generation': 189}","{'id': 15422, 'rank': 4, 'fitness': 0.9749739050819789, 'generation': 189}","{'id': 15380, 'rank': 5, 'fitness': 0.9748581257086877, 'generation': 189}","{'id': 15427, 'rank': 6, 'fitness': 0.9740967097599917, 'generation': 189}","{'id': 15420, 'rank': 7, 'fitness': 0.9725343929400092, 'generation': 189}","{'id': 15381, 'rank': 8, 'fitness': 0.9712996281860651, 'generation': 189}","{'id': 15127, 'rank': 9, 'fitness': 0.9697518111131744, 'generation': 189}","{'id': 15327, 'rank': 10, 'fitness': 0.968689071527134, 'generation': 189}","{'id': 15279, 'rank': 11, 'fitness': 0.9679073693776394, 'generation': 189}","{'id': 15419, 'rank': 12, 'fitness': 0.9674555456835907, 'generation': 189}","{'id': 15419, 'rank': 13, 'fitness': 0.9674555456835907, 'generation': 189}","{'id': 15419, 'rank': 14, 'fitness': 0.9674555456835907, 'generation': 189}","{'id': 15408, 'rank': 15, 'fitness': 0.9651675002511882, 'generation': 189}","{'id': 15450, 'rank': 16, 'fitness': 0.9646821319933544, 'generation': 189}","{'id': 15390, 'rank': 17, 'fitness': 0.9638232374175775, 'generation': 189}","{'id': 15418, 'rank': 18, 'fitness': 0.9620394736524696, 'generation': 189}","{'id': 15297, 'rank': 19, 'fitness': 0.961320117133049, 'generation': 189}","{'id': 15411, 'rank': 20, 'fitness': 0.9598210830755072, 'generation': 189}","{'id': 15445, 'rank': 21, 'fitness': 0.9547276311323682, 'generation': 189}","{'id': 15452, 'rank': 22, 'fitness': 0.9532281666110228, 'generation': 189}","{'id': 15447, 'rank': 23, 'fitness': 0.9435394231447597, 'generation': 189}","{'id': 15442, 'rank': 24, 'fitness': 0.9213055761960007, 'generation': 189}","{'id': 15413, 'rank': 25, 'fitness': 0.8887140613129018, 'generation': 189}","{'id': 15376, 'rank': 26, 'fitness': 0.8678170121777129, 'generation': 189}","{'id': 15369, 'rank': 27, 'fitness': 0.7945848405928864, 'generation': 189}","{'id': 15463, 'rank': 28, 'fitness': 0.7738913722407684, 'generation': 189}","{'id': 15463, 'rank': 29, 'fitness': 0.7738913722407684, 'generation': 189}","{'id': 15352, 'rank': 30, 'fitness': 0.01798620996209155, 'generation': 189}"
"{'id': 15392, 'rank': 1, 'fitness': 0.9820137900379085, 'generation': 190}","{'id': 15515, 'rank': 2, 'fitness': 0.9706820281574444, 'generation': 190}","{'id': 15530, 'rank': 3, 'fitness': 0.962490803958961, 'generation': 190}","{'id': 15427, 'rank': 4, 'fitness': 0.9423164926948924, 'generation': 190}","{'id': 15509, 'rank': 5, 'fitness': 0.9387554016905262, 'generation': 190}","{'id': 15420, 'rank': 6, 'fitness': 0.9307747401747818, 'generation': 190}","{'id': 15474, 'rank': 7, 'fitness': 0.9253788555407099, 'generation': 190}","{'id': 15381, 'rank': 8, 'fitness': 0.9207242749521269, 'generation': 190}","{'id': 15381, 'rank': 9, 'fitness': 0.9207242749521269, 'generation': 190}","{'id': 15499, 'rank': 10, 'fitness': 0.9083939790236661, 'generation': 190}","{'id': 15127, 'rank': 11, 'fitness': 0.9069613321743453, 'generation': 190}","{'id': 15327, 'rank': 12, 'fitness': 0.8967652883151258, 'generation': 190}","{'id': 15419, 'rank': 13, 'fitness': 0.8841797752211029, 'generation': 190}","{'id': 15419, 'rank': 14, 'fitness': 0.8841797752211029, 'generation': 190}","{'id': 15408, 'rank': 15, 'fitness': 0.8587664174385332, 'generation': 190}","{'id': 15512, 'rank': 16, 'fitness': 0.8480223378372193, 'generation': 190}","{'id': 15496, 'rank': 17, 'fitness': 0.7820559467338124, 'generation': 190}","{'id': 15496, 'rank': 18, 'fitness': 0.7820559467338124, 'generation': 190}","{'id': 15484, 'rank': 19, 'fitness': 0.7596048939789566, 'generation': 190}","{'id': 15476, 'rank': 20, 'fitness': 0.7064942215891159, 'generation': 190}","{'id': 15469, 'rank': 21, 'fitness': 0.697149049883954, 'generation': 190}","{'id': 15486, 'rank': 22, 'fitness': 0.4637266769061418, 'generation': 190}","{'id': 15479, 'rank': 23, 'fitness': 0.4314520731233168, 'generation': 190}","{'id': 15542, 'rank': 24, 'fitness': 0.35083557507594665, 'generation': 190}","{'id': 15542, 'rank': 25, 'fitness': 0.35083557507594665, 'generation': 190}","{'id': 15442, 'rank': 26, 'fitness': 0.2723037738120624, 'generation': 190}","{'id': 15503, 'rank': 27, 'fitness': 0.05726691342810314, 'generation': 190}","{'id': 15498, 'rank': 28, 'fitness': 0.04137624799675954, 'generation': 190}","{'id': 15539, 'rank': 29, 'fitness': 0.01798620996209155, 'generation': 190}","{'id': 15539, 'rank': 30, 'fitness': 0.01798620996209155, 'generation': 190}"
"{'id': 15619, 'rank': 1, 'fitness': 0.9820137900379085, 'generation': 191}","{'id': 15584, 'rank': 2, 'fitness': 0.9819593783090623, 'generation': 191}","{'id': 15584, 'rank': 3, 'fitness': 0.9819593783090623, 'generation': 191}","{'id': 15618, 'rank': 4, 'fitness': 0.9819074682841086, 'generation': 191}","{'id': 15509, 'rank': 5, 'fitness': 0.9817906502576251, 'generation': 191}","{'id': 15585, 'rank': 6, 'fitness': 0.981785492334886, 'generation': 191}","{'id': 15569, 'rank': 7, 'fitness': 0.9817692354370263, 'generation': 191}","{'id': 15419, 'rank': 8, 'fitness': 0.9816699315722123, 'generation': 191}","{'id': 15476, 'rank': 9, 'fitness': 0.9814683140459748, 'generation': 191}","{'id': 15616, 'rank': 10, 'fitness': 0.9812376770328919, 'generation': 191}","{'id': 15607, 'rank': 11, 'fitness': 0.9810030199196538, 'generation': 191}","{'id': 15557, 'rank': 12, 'fitness': 0.9809363944436993, 'generation': 191}","{'id': 15596, 'rank': 13, 'fitness': 0.9806624581674764, 'generation': 191}","{'id': 15606, 'rank': 14, 'fitness': 0.9791154461360521, 'generation': 191}","{'id': 15609, 'rank': 15, 'fitness': 0.9783539444693724, 'generation': 191}","{'id': 15594, 'rank': 16, 'fitness': 0.9781593167009222, 'generation': 191}","{'id': 15563, 'rank': 17, 'fitness': 0.9776362214767098, 'generation': 191}","{'id': 15563, 'rank': 18, 'fitness': 0.9776362214767098, 'generation': 191}","{'id': 15548, 'rank': 19, 'fitness': 0.9770690168054782, 'generation': 191}","{'id': 15555, 'rank': 20, 'fitness': 0.9741558280125716, 'generation': 191}","{'id': 15589, 'rank': 21, 'fitness': 0.9736785435693642, 'generation': 191}","{'id': 15589, 'rank': 22, 'fitness': 0.9736785435693642, 'generation': 191}","{'id': 15551, 'rank': 23, 'fitness': 0.9728249112562721, 'generation': 191}","{'id': 15568, 'rank': 24, 'fitness': 0.9716282858104766, 'generation': 191}","{'id': 15574, 'rank': 25, 'fitness': 0.9475551480369329, 'generation': 191}","{'id': 15574, 'rank': 26, 'fitness': 0.9475551480369329, 'generation': 191}","{'id': 15621, 'rank': 27, 'fitness': 0.861310618877096, 'generation': 191}","{'id': 15614, 'rank': 28, 'fitness': 0.583784376654236, 'generation': 191}","{'id': 15550, 'rank': 29, 'fitness': 0.4228090867865084, 'generation': 191}","{'id': 15620, 'rank': 30, 'fitness': 0.01798620996209155, 'generation': 191}"
"{'id': 15619, 'rank': 1, 'fitness': 0.9820137900379085, 'generation': 192}","{'id': 15678, 'rank': 2, 'fitness': 0.981994708358493, 'generation': 192}","{'id': 15678, 'rank': 3, 'fitness': 0.981994708358493, 'generation': 192}","{'id': 15639, 'rank': 4, 'fitness': 0.9819077522309159, 'generation': 192}","{'id': 15639, 'rank': 5, 'fitness': 0.9819077522309159, 'generation': 192}","{'id': 15618, 'rank': 6, 'fitness': 0.981816008852305, 'generation': 192}","{'id': 15677, 'rank': 7, 'fitness': 0.9817365255173796, 'generation': 192}","{'id': 15677, 'rank': 8, 'fitness': 0.9817365255173796, 'generation': 192}","{'id': 15687, 'rank': 9, 'fitness': 0.9817283487447523, 'generation': 192}","{'id': 15585, 'rank': 10, 'fitness': 0.9815879028398712, 'generation': 192}","{'id': 15627, 'rank': 11, 'fitness': 0.981207299171551, 'generation': 192}","{'id': 15627, 'rank': 12, 'fitness': 0.981207299171551, 'generation': 192}","{'id': 15679, 'rank': 13, 'fitness': 0.981102592976083, 'generation': 192}","{'id': 15638, 'rank': 14, 'fitness': 0.9809002466951535, 'generation': 192}","{'id': 15616, 'rank': 15, 'fitness': 0.9805476222737328, 'generation': 192}","{'id': 15616, 'rank': 16, 'fitness': 0.9805476222737328, 'generation': 192}","{'id': 15686, 'rank': 17, 'fitness': 0.9801908588448495, 'generation': 192}","{'id': 15636, 'rank': 18, 'fitness': 0.9791807369163821, 'generation': 192}","{'id': 15651, 'rank': 19, 'fitness': 0.977282453377764, 'generation': 192}","{'id': 15606, 'rank': 20, 'fitness': 0.976276479647991, 'generation': 192}","{'id': 15662, 'rank': 21, 'fitness': 0.9752625704692617, 'generation': 192}","{'id': 15563, 'rank': 22, 'fitness': 0.973077171102183, 'generation': 192}","{'id': 15653, 'rank': 23, 'fitness': 0.9728695140870709, 'generation': 192}","{'id': 15672, 'rank': 24, 'fitness': 0.9718463373380126, 'generation': 192}","{'id': 15555, 'rank': 25, 'fitness': 0.9648541723532615, 'generation': 192}","{'id': 15589, 'rank': 26, 'fitness': 0.9636524991497255, 'generation': 192}","{'id': 15551, 'rank': 27, 'fitness': 0.9614599019784926, 'generation': 192}","{'id': 15574, 'rank': 28, 'fitness': 0.8752201274202809, 'generation': 192}","{'id': 15709, 'rank': 29, 'fitness': 0.03099767895325284, 'generation': 192}","{'id': 15550, 'rank': 30, 'fitness': 0.01798620996209155, 'generation': 192}"
"{'id': 15720, 'rank': 1, 'fitness': 0.9820137900379085, 'generation': 193}","{'id': 15678, 'rank': 2, 'fitness': 0.9819630323657605, 'generation': 193}","{'id': 15639, 'rank': 3, 'fitness': 0.9816812266732373, 'generation': 193}","{'id': 15639, 'rank': 4, 'fitness': 0.9816812266732373, 'generation': 193}","{'id': 15757, 'rank': 5, 'fitness': 0.9814076062062287, 'generation': 193}","{'id': 15719, 'rank': 6, 'fitness': 0.9811979760845093, 'generation': 193}","{'id': 15677, 'rank': 7, 'fitness': 0.9811176443322758, 'generation': 193}","{'id': 15677, 'rank': 8, 'fitness': 0.9811176443322758, 'generation': 193}","{'id': 15724, 'rank': 9, 'fitness': 0.9806152987695252, 'generation': 193}","{'id': 15724, 'rank': 10, 'fitness': 0.9806152987695252, 'generation': 193}","{'id': 15778, 'rank': 11, 'fitness': 0.9804909925668328, 'generation': 193}","{'id': 15723, 'rank': 12, 'fitness': 0.9804479724663542, 'generation': 193}","{'id': 15776, 'rank': 13, 'fitness': 0.9798634901886132, 'generation': 193}","{'id': 15710, 'rank': 14, 'fitness': 0.9778576821221986, 'generation': 193}","{'id': 15745, 'rank': 15, 'fitness': 0.9765957042952729, 'generation': 193}","{'id': 15736, 'rank': 16, 'fitness': 0.9724089876318514, 'generation': 193}","{'id': 15738, 'rank': 17, 'fitness': 0.9698895354780699, 'generation': 193}","{'id': 15735, 'rank': 18, 'fitness': 0.966684837524252, 'generation': 193}","{'id': 15761, 'rank': 19, 'fitness': 0.9660424907431892, 'generation': 193}","{'id': 15651, 'rank': 20, 'fitness': 0.9620756051984015, 'generation': 193}","{'id': 15737, 'rank': 21, 'fitness': 0.9480946085117469, 'generation': 193}","{'id': 15737, 'rank': 22, 'fitness': 0.9480946085117469, 'generation': 193}","{'id': 15715, 'rank': 23, 'fitness': 0.9190615259628692, 'generation': 193}","{'id': 15766, 'rank': 24, 'fitness': 0.9081306088554458, 'generation': 193}","{'id': 15732, 'rank': 25, 'fitness': 0.858682610907348, 'generation': 193}","{'id': 15712, 'rank': 26, 'fitness': 0.8429603689553761, 'generation': 193}","{'id': 15589, 'rank': 27, 'fitness': 0.8423426314481044, 'generation': 193}","{'id': 15748, 'rank': 28, 'fitness': 0.6633252828020126, 'generation': 193}","{'id': 15574, 'rank': 29, 'fitness': 0.06891507929691354, 'generation': 193}","{'id': 15763, 'rank': 30, 'fitness': 0.01798620996209155, 'generation': 193}"
"{'id': 15786, 'rank': 1, 'fitness': 0.9820137900379085, 'generation': 194}","{'id': 15783, 'rank': 2, 'fitness': 0.9816009625849741, 'generation': 194}","{'id': 15830, 'rank': 3, 'fitness': 0.9813754673986136, 'generation': 194}","{'id': 15834, 'rank': 4, 'fitness': 0.981272237141708, 'generation': 194}","{'id': 15831, 'rank': 5, 'fitness': 0.9810170017651121, 'generation': 194}","{'id': 15859, 'rank': 6, 'fitness': 0.9807985521872674, 'generation': 194}","{'id': 15828, 'rank': 7, 'fitness': 0.9806916073970708, 'generation': 194}","{'id': 15798, 'rank': 8, 'fitness': 0.9805240022301441, 'generation': 194}","{'id': 15776, 'rank': 9, 'fitness': 0.9793980503028961, 'generation': 194}","{'id': 15780, 'rank': 10, 'fitness': 0.9793547229351075, 'generation': 194}","{'id': 15832, 'rank': 11, 'fitness': 0.9782983190249201, 'generation': 194}","{'id': 15832, 'rank': 12, 'fitness': 0.9782983190249201, 'generation': 194}","{'id': 15850, 'rank': 13, 'fitness': 0.976494871673468, 'generation': 194}","{'id': 15795, 'rank': 14, 'fitness': 0.9733557936798994, 'generation': 194}","{'id': 15795, 'rank': 15, 'fitness': 0.9733557936798994, 'generation': 194}","{'id': 15861, 'rank': 16, 'fitness': 0.9721475420330941, 'generation': 194}","{'id': 15861, 'rank': 17, 'fitness': 0.9721475420330941, 'generation': 194}","{'id': 15862, 'rank': 18, 'fitness': 0.97000443436283, 'generation': 194}","{'id': 15792, 'rank': 19, 'fitness': 0.9633083980769109, 'generation': 194}","{'id': 15735, 'rank': 20, 'fitness': 0.9621344162747245, 'generation': 194}","{'id': 15844, 'rank': 21, 'fitness': 0.9620153565960218, 'generation': 194}","{'id': 15851, 'rank': 22, 'fitness': 0.9577418932829531, 'generation': 194}","{'id': 15863, 'rank': 23, 'fitness': 0.9407549199982189, 'generation': 194}","{'id': 15863, 'rank': 24, 'fitness': 0.9407549199982189, 'generation': 194}","{'id': 15791, 'rank': 25, 'fitness': 0.9252520255715849, 'generation': 194}","{'id': 15805, 'rank': 26, 'fitness': 0.8953885679992646, 'generation': 194}","{'id': 15845, 'rank': 27, 'fitness': 0.8074003296169476, 'generation': 194}","{'id': 15589, 'rank': 28, 'fitness': 0.7658273617595571, 'generation': 194}","{'id': 15855, 'rank': 29, 'fitness': 0.7039077477466129, 'generation': 194}","{'id': 15574, 'rank': 30, 'fitness': 0.01798620996209155, 'generation': 194}"
"{'id': 15936, 'rank': 1, 'fitness': 0.9820137900379085, 'generation': 195}","{'id': 15887, 'rank': 2, 'fitness': 0.9814112105879823, 'generation': 195}","{'id': 15830, 'rank': 3, 'fitness': 0.9813537882963347, 'generation': 195}","{'id': 15898, 'rank': 4, 'fitness': 0.9810127154987123, 'generation': 195}","{'id': 15831, 'rank': 5, 'fitness': 0.9809219464926924, 'generation': 195}","{'id': 15959, 'rank': 6, 'fitness': 0.9803983860339808, 'generation': 195}","{'id': 15798, 'rank': 7, 'fitness': 0.9803254096048075, 'generation': 195}","{'id': 15949, 'rank': 8, 'fitness': 0.9801686918543853, 'generation': 195}","{'id': 15780, 'rank': 9, 'fitness': 0.9788987819843438, 'generation': 195}","{'id': 15952, 'rank': 10, 'fitness': 0.9767898270584146, 'generation': 195}","{'id': 15945, 'rank': 11, 'fitness': 0.9766508189677785, 'generation': 195}","{'id': 15961, 'rank': 12, 'fitness': 0.9748708134577794, 'generation': 195}","{'id': 15869, 'rank': 13, 'fitness': 0.9735250280537951, 'generation': 195}","{'id': 15869, 'rank': 14, 'fitness': 0.9735250280537951, 'generation': 195}","{'id': 15869, 'rank': 15, 'fitness': 0.9735250280537951, 'generation': 195}","{'id': 15928, 'rank': 16, 'fitness': 0.9713525663197211, 'generation': 195}","{'id': 15861, 'rank': 17, 'fitness': 0.9697806883217881, 'generation': 195}","{'id': 15944, 'rank': 18, 'fitness': 0.9660686324375083, 'generation': 195}","{'id': 15944, 'rank': 19, 'fitness': 0.9660686324375083, 'generation': 195}","{'id': 15920, 'rank': 20, 'fitness': 0.9648792320679183, 'generation': 195}","{'id': 15909, 'rank': 21, 'fitness': 0.9565037094124931, 'generation': 195}","{'id': 15947, 'rank': 22, 'fitness': 0.9559830404982704, 'generation': 195}","{'id': 15851, 'rank': 23, 'fitness': 0.9502619906298669, 'generation': 195}","{'id': 15953, 'rank': 24, 'fitness': 0.9342006382055398, 'generation': 195}","{'id': 15892, 'rank': 25, 'fitness': 0.9340163785663661, 'generation': 195}","{'id': 15915, 'rank': 26, 'fitness': 0.9288072468568286, 'generation': 195}","{'id': 15791, 'rank': 27, 'fitness': 0.9023422451789738, 'generation': 195}","{'id': 15903, 'rank': 28, 'fitness': 0.17923453966132202, 'generation': 195}","{'id': 15932, 'rank': 29, 'fitness': 0.10593150039505472, 'generation': 195}","{'id': 15924, 'rank': 30, 'fitness': 0.01798620996209155, 'generation': 195}"
"{'id': 15976, 'rank': 1, 'fitness': 0.9820137900379085, 'generation': 196}","{'id': 16010, 'rank': 2, 'fitness': 0.9817243281125569, 'generation': 196}","{'id': 15887, 'rank': 3, 'fitness': 0.9816528040764372, 'generation': 196}","{'id': 15977, 'rank': 4, 'fitness': 0.9813970599764177, 'generation': 196}","{'id': 15991, 'rank': 5, 'fitness': 0.9810226314397212, 'generation': 196}","{'id': 15991, 'rank': 6, 'fitness': 0.9810226314397212, 'generation': 196}","{'id': 15991, 'rank': 7, 'fitness': 0.9810226314397212, 'generation': 196}","{'id': 15996, 'rank': 8, 'fitness': 0.9794207289070623, 'generation': 196}","{'id': 15959, 'rank': 9, 'fitness': 0.979410526458451, 'generation': 196}","{'id': 15959, 'rank': 10, 'fitness': 0.979410526458451, 'generation': 196}","{'id': 15974, 'rank': 11, 'fitness': 0.9780138574892983, 'generation': 196}","{'id': 16029, 'rank': 12, 'fitness': 0.9746432842384773, 'generation': 196}","{'id': 16031, 'rank': 13, 'fitness': 0.9744286611808606, 'generation': 196}","{'id': 16024, 'rank': 14, 'fitness': 0.974100106919321, 'generation': 196}","{'id': 15980, 'rank': 15, 'fitness': 0.9726575769550687, 'generation': 196}","{'id': 16028, 'rank': 16, 'fitness': 0.9680207088502251, 'generation': 196}","{'id': 16025, 'rank': 17, 'fitness': 0.9656564540449935, 'generation': 196}","{'id': 15981, 'rank': 18, 'fitness': 0.9648904166774478, 'generation': 196}","{'id': 15869, 'rank': 19, 'fitness': 0.9605834400591239, 'generation': 196}","{'id': 15869, 'rank': 20, 'fitness': 0.9605834400591239, 'generation': 196}","{'id': 15869, 'rank': 21, 'fitness': 0.9605834400591239, 'generation': 196}","{'id': 16003, 'rank': 22, 'fitness': 0.9587785412929832, 'generation': 196}","{'id': 16002, 'rank': 23, 'fitness': 0.9562208836906724, 'generation': 196}","{'id': 16006, 'rank': 24, 'fitness': 0.9472965926678999, 'generation': 196}","{'id': 16017, 'rank': 25, 'fitness': 0.9392726210303235, 'generation': 196}","{'id': 15909, 'rank': 26, 'fitness': 0.8885086971891032, 'generation': 196}","{'id': 15953, 'rank': 27, 'fitness': 0.7547949295160156, 'generation': 196}","{'id': 15915, 'rank': 28, 'fitness': 0.7191970724419768, 'generation': 196}","{'id': 16015, 'rank': 29, 'fitness': 0.33190100976789, 'generation': 196}","{'id': 16019, 'rank': 30, 'fitness': 0.01798620996209155, 'generation': 196}"
"{'id': 16101, 'rank': 1, 'fitness': 0.9820137900379085, 'generation': 197}","{'id': 16101, 'rank': 2, 'fitness': 0.9820137900379085, 'generation': 197}","{'id': 16052, 'rank': 3, 'fitness': 0.9809247455984802, 'generation': 197}","{'id': 16081, 'rank': 4, 'fitness': 0.980218743196136, 'generation': 197}","{'id': 15991, 'rank': 5, 'fitness': 0.9801722064018742, 'generation': 197}","{'id': 16079, 'rank': 6, 'fitness': 0.9798846779341777, 'generation': 197}","{'id': 16056, 'rank': 7, 'fitness': 0.9794126227273238, 'generation': 197}","{'id': 16056, 'rank': 8, 'fitness': 0.9794126227273238, 'generation': 197}","{'id': 16091, 'rank': 9, 'fitness': 0.9791404559253343, 'generation': 197}","{'id': 16058, 'rank': 10, 'fitness': 0.9783469555601447, 'generation': 197}","{'id': 16092, 'rank': 11, 'fitness': 0.9782148897540117, 'generation': 197}","{'id': 16111, 'rank': 12, 'fitness': 0.978187526761277, 'generation': 197}","{'id': 16033, 'rank': 13, 'fitness': 0.9781500095627418, 'generation': 197}","{'id': 16055, 'rank': 14, 'fitness': 0.9771560941521968, 'generation': 197}","{'id': 16055, 'rank': 15, 'fitness': 0.9771560941521968, 'generation': 197}","{'id': 16029, 'rank': 16, 'fitness': 0.9769572996640528, 'generation': 197}","{'id': 16054, 'rank': 17, 'fitness': 0.9763989761347446, 'generation': 197}","{'id': 16054, 'rank': 18, 'fitness': 0.9763989761347446, 'generation': 197}","{'id': 16071, 'rank': 19, 'fitness': 0.9761432288019848, 'generation': 197}","{'id': 16105, 'rank': 20, 'fitness': 0.9758361805299154, 'generation': 197}","{'id': 16066, 'rank': 21, 'fitness': 0.9749289819464526, 'generation': 197}","{'id': 15981, 'rank': 22, 'fitness': 0.9727015752566675, 'generation': 197}","{'id': 16099, 'rank': 23, 'fitness': 0.970907033194246, 'generation': 197}","{'id': 16002, 'rank': 24, 'fitness': 0.969356628705873, 'generation': 197}","{'id': 16050, 'rank': 25, 'fitness': 0.953842294251113, 'generation': 197}","{'id': 16084, 'rank': 26, 'fitness': 0.9456739902759154, 'generation': 197}","{'id': 16107, 'rank': 27, 'fitness': 0.9391020124843612, 'generation': 197}","{'id': 15953, 'rank': 28, 'fitness': 0.9197412710169226, 'generation': 197}","{'id': 16048, 'rank': 29, 'fitness': 0.7773736920644512, 'generation': 197}","{'id': 16034, 'rank': 30, 'fitness': 0.01798620996209155, 'generation': 197}"
"{'id': 16165, 'rank': 1, 'fitness': 0.9820137900379085, 'generation': 198}","{'id': 16205, 'rank': 2, 'fitness': 0.9819431563727696, 'generation': 198}","{'id': 16152, 'rank': 3, 'fitness': 0.9811334995182672, 'generation': 198}","{'id': 16079, 'rank': 4, 'fitness': 0.9798744510831942, 'generation': 198}","{'id': 16079, 'rank': 5, 'fitness': 0.9798744510831942, 'generation': 198}","{'id': 16150, 'rank': 6, 'fitness': 0.9797750700175929, 'generation': 198}","{'id': 16179, 'rank': 7, 'fitness': 0.9781597530242291, 'generation': 198}","{'id': 16195, 'rank': 8, 'fitness': 0.9754324615965253, 'generation': 198}","{'id': 16195, 'rank': 9, 'fitness': 0.9754324615965253, 'generation': 198}","{'id': 16055, 'rank': 10, 'fitness': 0.9752688246535203, 'generation': 198}","{'id': 16116, 'rank': 11, 'fitness': 0.9752648054014645, 'generation': 198}","{'id': 16151, 'rank': 12, 'fitness': 0.9747428305721584, 'generation': 198}","{'id': 16071, 'rank': 13, 'fitness': 0.9734707121380819, 'generation': 198}","{'id': 16189, 'rank': 14, 'fitness': 0.9733903238938342, 'generation': 198}","{'id': 16129, 'rank': 15, 'fitness': 0.9716854705746611, 'generation': 198}","{'id': 16124, 'rank': 16, 'fitness': 0.971060112170135, 'generation': 198}","{'id': 16160, 'rank': 17, 'fitness': 0.9695325437735829, 'generation': 198}","{'id': 16182, 'rank': 18, 'fitness': 0.9694438312563939, 'generation': 198}","{'id': 16161, 'rank': 19, 'fitness': 0.968787535585413, 'generation': 198}","{'id': 16134, 'rank': 20, 'fitness': 0.964848853933227, 'generation': 198}","{'id': 16188, 'rank': 21, 'fitness': 0.9623817799326764, 'generation': 198}","{'id': 16206, 'rank': 22, 'fitness': 0.9605905279926419, 'generation': 198}","{'id': 16158, 'rank': 23, 'fitness': 0.9528851200102298, 'generation': 198}","{'id': 16156, 'rank': 24, 'fitness': 0.9477686159422796, 'generation': 198}","{'id': 15953, 'rank': 25, 'fitness': 0.8233012787582347, 'generation': 198}","{'id': 15953, 'rank': 26, 'fitness': 0.8233012787582347, 'generation': 198}","{'id': 16180, 'rank': 27, 'fitness': 0.7447690495368346, 'generation': 198}","{'id': 16175, 'rank': 28, 'fitness': 0.7104241559118866, 'generation': 198}","{'id': 16191, 'rank': 29, 'fitness': 0.01798620996209155, 'generation': 198}","{'id': 16191, 'rank': 30, 'fitness': 0.01798620996209155, 'generation': 198}"
"{'id': 16250, 'rank': 1, 'fitness': 0.9820137900379085, 'generation': 199}","{'id': 16263, 'rank': 2, 'fitness': 0.9819491514523724, 'generation': 199}","{'id': 16205, 'rank': 3, 'fitness': 0.9818824542649253, 'generation': 199}","{'id': 16239, 'rank': 4, 'fitness': 0.9815682882397496, 'generation': 199}","{'id': 16239, 'rank': 5, 'fitness': 0.9815682882397496, 'generation': 199}","{'id': 16239, 'rank': 6, 'fitness': 0.9815682882397496, 'generation': 199}","{'id': 16152, 'rank': 7, 'fitness': 0.9814556914181569, 'generation': 199}","{'id': 16226, 'rank': 8, 'fitness': 0.9812242071587993, 'generation': 199}","{'id': 16281, 'rank': 9, 'fitness': 0.9797861659867415, 'generation': 199}","{'id': 16282, 'rank': 10, 'fitness': 0.9790058398018611, 'generation': 199}","{'id': 16218, 'rank': 11, 'fitness': 0.9787057172302858, 'generation': 199}","{'id': 16151, 'rank': 12, 'fitness': 0.9783440898637608, 'generation': 199}","{'id': 16071, 'rank': 13, 'fitness': 0.9777695441158296, 'generation': 199}","{'id': 16215, 'rank': 14, 'fitness': 0.9769634664348643, 'generation': 199}","{'id': 16290, 'rank': 15, 'fitness': 0.9766325147838079, 'generation': 199}","{'id': 16269, 'rank': 16, 'fitness': 0.9762490140907036, 'generation': 199}","{'id': 16182, 'rank': 17, 'fitness': 0.97602814427809, 'generation': 199}","{'id': 16161, 'rank': 18, 'fitness': 0.9757543409431753, 'generation': 199}","{'id': 16229, 'rank': 19, 'fitness': 0.9753571341215505, 'generation': 199}","{'id': 16286, 'rank': 20, 'fitness': 0.9737002718832707, 'generation': 199}","{'id': 16206, 'rank': 21, 'fitness': 0.9725273126948466, 'generation': 199}","{'id': 16268, 'rank': 22, 'fitness': 0.9700534520322468, 'generation': 199}","{'id': 16280, 'rank': 23, 'fitness': 0.9610512930148554, 'generation': 199}","{'id': 16267, 'rank': 24, 'fitness': 0.960653207618078, 'generation': 199}","{'id': 16249, 'rank': 25, 'fitness': 0.9580641516680413, 'generation': 199}","{'id': 16256, 'rank': 26, 'fitness': 0.9396355224727604, 'generation': 199}","{'id': 15953, 'rank': 27, 'fitness': 0.936347130434737, 'generation': 199}","{'id': 16224, 'rank': 28, 'fitness': 0.9083742254001252, 'generation': 199}","{'id': 16247, 'rank': 29, 'fitness': 0.6404338315549303, 'generation': 199}","{'id': 16274, 'rank': 30, 'fitness': 0.01798620996209155, 'generation': 199}"
"{'id': 16361, 'rank': 1, 'fitness': 0.9820137900379085, 'generation': 200}","{'id': 16370, 'rank': 2, 'fitness': 0.9810265697365201, 'generation': 200}","{'id': 16205, 'rank': 3, 'fitness': 0.9781172924490443, 'generation': 200}","{'id': 16372, 'rank': 4, 'fitness': 0.9770076613976757, 'generation': 200}","{'id': 16239, 'rank': 5, 'fitness': 0.9759781472447485, 'generation': 200}","{'id': 16152, 'rank': 6, 'fitness': 0.9751722682853486, 'generation': 200}","{'id': 16318, 'rank': 7, 'fitness': 0.9750851117862669, 'generation': 200}","{'id': 16318, 'rank': 8, 'fitness': 0.9750851117862669, 'generation': 200}","{'id': 16318, 'rank': 9, 'fitness': 0.9750851117862669, 'generation': 200}","{'id': 16339, 'rank': 10, 'fitness': 0.9687542273069512, 'generation': 200}","{'id': 16339, 'rank': 11, 'fitness': 0.9687542273069512, 'generation': 200}","{'id': 16359, 'rank': 12, 'fitness': 0.9678637589193362, 'generation': 200}","{'id': 16329, 'rank': 13, 'fitness': 0.9677149975407223, 'generation': 200}","{'id': 16362, 'rank': 14, 'fitness': 0.9629063089100998, 'generation': 200}","{'id': 16281, 'rank': 15, 'fitness': 0.9605121728823668, 'generation': 200}","{'id': 16334, 'rank': 16, 'fitness': 0.9577922522529523, 'generation': 200}","{'id': 16336, 'rank': 17, 'fitness': 0.9521608446413687, 'generation': 200}","{'id': 16360, 'rank': 18, 'fitness': 0.948267483220619, 'generation': 200}","{'id': 16344, 'rank': 19, 'fitness': 0.9279414961603086, 'generation': 200}","{'id': 16344, 'rank': 20, 'fitness': 0.9279414961603086, 'generation': 200}","{'id': 16297, 'rank': 21, 'fitness': 0.9105033093838748, 'generation': 200}","{'id': 16229, 'rank': 22, 'fitness': 0.8896162644179719, 'generation': 200}","{'id': 16354, 'rank': 23, 'fitness': 0.8793044680656619, 'generation': 200}","{'id': 16206, 'rank': 24, 'fitness': 0.8143369492270736, 'generation': 200}","{'id': 16206, 'rank': 25, 'fitness': 0.8143369492270736, 'generation': 200}","{'id': 16206, 'rank': 26, 'fitness': 0.8143369492270736, 'generation': 200}","{'id': 16325, 'rank': 27, 'fitness': 0.43278659060308455, 'generation': 200}","{'id': 16280, 'rank': 28, 'fitness': 0.3801413257228771, 'generation': 200}","{'id': 16280, 'rank': 29, 'fitness': 0.3801413257228771, 'generation': 200}","{'id': 16302, 'rank': 30, 'fitness': 0.01798620996209155, 'generation': 200}"
"{'id': 16425, 'rank': 1, 'fitness': 0.9820137900379085, 'generation': 201}","{'id': 16420, 'rank': 2, 'fitness': 0.9820048689320824, 'generation': 201}","{'id': 16440, 'rank': 3, 'fitness': 0.9818754850425884, 'generation': 201}","{'id': 16444, 'rank': 4, 'fitness': 0.9818568869847996, 'generation': 201}","{'id': 16205, 'rank': 5, 'fitness': 0.9817577454989284, 'generation': 201}","{'id': 16394, 'rank': 6, 'fitness': 0.9817238303931621, 'generation': 201}","{'id': 16372, 'rank': 7, 'fitness': 0.9817193168495872, 'generation': 201}","{'id': 16399, 'rank': 8, 'fitness': 0.9816177159531221, 'generation': 201}","{'id': 16399, 'rank': 9, 'fitness': 0.9816177159531221, 'generation': 201}","{'id': 16419, 'rank': 10, 'fitness': 0.9814869680051113, 'generation': 201}","{'id': 16339, 'rank': 11, 'fitness': 0.9814781325088416, 'generation': 201}","{'id': 16421, 'rank': 12, 'fitness': 0.9814683914288659, 'generation': 201}","{'id': 16421, 'rank': 13, 'fitness': 0.9814683914288659, 'generation': 201}","{'id': 16422, 'rank': 14, 'fitness': 0.9813518771776106, 'generation': 201}","{'id': 16281, 'rank': 15, 'fitness': 0.9812903395191939, 'generation': 201}","{'id': 16433, 'rank': 16, 'fitness': 0.9812827291001752, 'generation': 201}","{'id': 16334, 'rank': 17, 'fitness': 0.9812362503072408, 'generation': 201}","{'id': 16418, 'rank': 18, 'fitness': 0.9810630015919333, 'generation': 201}","{'id': 16344, 'rank': 19, 'fitness': 0.9807892340450436, 'generation': 201}","{'id': 16412, 'rank': 20, 'fitness': 0.9803326380885091, 'generation': 201}","{'id': 16354, 'rank': 21, 'fitness': 0.980329254878801, 'generation': 201}","{'id': 16373, 'rank': 22, 'fitness': 0.9801218322139879, 'generation': 201}","{'id': 16373, 'rank': 23, 'fitness': 0.9801218322139879, 'generation': 201}","{'id': 16206, 'rank': 24, 'fitness': 0.9799104340538384, 'generation': 201}","{'id': 16383, 'rank': 25, 'fitness': 0.9793336235799808, 'generation': 201}","{'id': 16414, 'rank': 26, 'fitness': 0.9792831905246415, 'generation': 201}","{'id': 16407, 'rank': 27, 'fitness': 0.9791469002741333, 'generation': 201}","{'id': 16407, 'rank': 28, 'fitness': 0.9791469002741333, 'generation': 201}","{'id': 16405, 'rank': 29, 'fitness': 0.9705763137573805, 'generation': 201}","{'id': 16401, 'rank': 30, 'fitness': 0.01798620996209155, 'generation': 201}"
"{'id': 16471, 'rank': 1, 'fitness': 0.9820137900379085, 'generation': 202}","{'id': 16444, 'rank': 2, 'fitness': 0.9812406544517196, 'generation': 202}","{'id': 16205, 'rank': 3, 'fitness': 0.9778262922133109, 'generation': 202}","{'id': 16394, 'rank': 4, 'fitness': 0.9765290041834951, 'generation': 202}","{'id': 16475, 'rank': 5, 'fitness': 0.9698411351912093, 'generation': 202}","{'id': 16421, 'rank': 6, 'fitness': 0.9642008180172272, 'generation': 202}","{'id': 16433, 'rank': 7, 'fitness': 0.9517071747469781, 'generation': 202}","{'id': 16514, 'rank': 8, 'fitness': 0.9498624882733675, 'generation': 202}","{'id': 16463, 'rank': 9, 'fitness': 0.9396777920671978, 'generation': 202}","{'id': 16474, 'rank': 10, 'fitness': 0.9319529858507429, 'generation': 202}","{'id': 16474, 'rank': 11, 'fitness': 0.9319529858507429, 'generation': 202}","{'id': 16474, 'rank': 12, 'fitness': 0.9319529858507429, 'generation': 202}","{'id': 16418, 'rank': 13, 'fitness': 0.9318308430929467, 'generation': 202}","{'id': 16483, 'rank': 14, 'fitness': 0.9182096239925741, 'generation': 202}","{'id': 16455, 'rank': 15, 'fitness': 0.9168508509755314, 'generation': 202}","{'id': 16344, 'rank': 16, 'fitness': 0.897076505202123, 'generation': 202}","{'id': 16520, 'rank': 17, 'fitness': 0.8809221890941812, 'generation': 202}","{'id': 16495, 'rank': 18, 'fitness': 0.8801942180596793, 'generation': 202}","{'id': 16454, 'rank': 19, 'fitness': 0.8596787328722839, 'generation': 202}","{'id': 16467, 'rank': 20, 'fitness': 0.855583181888273, 'generation': 202}","{'id': 16465, 'rank': 21, 'fitness': 0.8393256035405545, 'generation': 202}","{'id': 16530, 'rank': 22, 'fitness': 0.825370517595597, 'generation': 202}","{'id': 16511, 'rank': 23, 'fitness': 0.8174819025011455, 'generation': 202}","{'id': 16511, 'rank': 24, 'fitness': 0.8174819025011455, 'generation': 202}","{'id': 16354, 'rank': 25, 'fitness': 0.8058139906183917, 'generation': 202}","{'id': 16373, 'rank': 26, 'fitness': 0.7491216768890558, 'generation': 202}","{'id': 16498, 'rank': 27, 'fitness': 0.7075629762774719, 'generation': 202}","{'id': 16460, 'rank': 28, 'fitness': 0.5343718203715602, 'generation': 202}","{'id': 16531, 'rank': 29, 'fitness': 0.20956284307648987, 'generation': 202}","{'id': 16506, 'rank': 30, 'fitness': 0.01798620996209155, 'generation': 202}"
"{'id': 16587, 'rank': 1, 'fitness': 0.9820137900379085, 'generation': 203}","{'id': 16584, 'rank': 2, 'fitness': 0.98180024683664, 'generation': 203}","{'id': 16545, 'rank': 3, 'fitness': 0.9817297587259826, 'generation': 203}","{'id': 16581, 'rank': 4, 'fitness': 0.98165341709467, 'generation': 203}","{'id': 16557, 'rank': 5, 'fitness': 0.9805511643596239, 'generation': 203}","{'id': 16474, 'rank': 6, 'fitness': 0.9798755311532459, 'generation': 203}","{'id': 16418, 'rank': 7, 'fitness': 0.979872141563755, 'generation': 203}","{'id': 16483, 'rank': 8, 'fitness': 0.9795223747802864, 'generation': 203}","{'id': 16455, 'rank': 9, 'fitness': 0.9794901803219545, 'generation': 203}","{'id': 16567, 'rank': 10, 'fitness': 0.9793362860623518, 'generation': 203}","{'id': 16344, 'rank': 11, 'fitness': 0.9790639881322234, 'generation': 203}","{'id': 16520, 'rank': 12, 'fitness': 0.9787617056103931, 'generation': 203}","{'id': 16564, 'rank': 13, 'fitness': 0.9785376012740883, 'generation': 203}","{'id': 16556, 'rank': 14, 'fitness': 0.978140186639711, 'generation': 203}","{'id': 16511, 'rank': 15, 'fitness': 0.9778097942743247, 'generation': 203}","{'id': 16354, 'rank': 16, 'fitness': 0.9776613673055572, 'generation': 203}","{'id': 16498, 'rank': 17, 'fitness': 0.9765845511318199, 'generation': 203}","{'id': 16614, 'rank': 18, 'fitness': 0.9756556110542632, 'generation': 203}","{'id': 16610, 'rank': 19, 'fitness': 0.9699340459059325, 'generation': 203}","{'id': 16606, 'rank': 20, 'fitness': 0.9693453110105603, 'generation': 203}","{'id': 16536, 'rank': 21, 'fitness': 0.9643667347614395, 'generation': 203}","{'id': 16551, 'rank': 22, 'fitness': 0.940865194089753, 'generation': 203}","{'id': 16539, 'rank': 23, 'fitness': 0.9039894005751987, 'generation': 203}","{'id': 16570, 'rank': 24, 'fitness': 0.8961672632057937, 'generation': 203}","{'id': 16601, 'rank': 25, 'fitness': 0.8571455212638908, 'generation': 203}","{'id': 16595, 'rank': 26, 'fitness': 0.6407574134063322, 'generation': 203}","{'id': 16603, 'rank': 27, 'fitness': 0.24487409714658248, 'generation': 203}","{'id': 16580, 'rank': 28, 'fitness': 0.14639423869367185, 'generation': 203}","{'id': 16590, 'rank': 29, 'fitness': 0.01798620996209155, 'generation': 203}","{'id': 16590, 'rank': 30, 'fitness': 0.01798620996209155, 'generation': 203}"
"{'id': 16696, 'rank': 1, 'fitness': 0.9820137900379085, 'generation': 204}","{'id': 16584, 'rank': 2, 'fitness': 0.9816318198096239, 'generation': 204}","{'id': 16698, 'rank': 3, 'fitness': 0.9813633360429528, 'generation': 204}","{'id': 16698, 'rank': 4, 'fitness': 0.9813633360429528, 'generation': 204}","{'id': 16690, 'rank': 5, 'fitness': 0.9812984079652536, 'generation': 204}","{'id': 16668, 'rank': 6, 'fitness': 0.9812349386880439, 'generation': 204}","{'id': 16641, 'rank': 7, 'fitness': 0.9805148040163219, 'generation': 204}","{'id': 16669, 'rank': 8, 'fitness': 0.9804995605968871, 'generation': 204}","{'id': 16646, 'rank': 9, 'fitness': 0.980436629074169, 'generation': 204}","{'id': 16633, 'rank': 10, 'fitness': 0.9803488879600863, 'generation': 204}","{'id': 16633, 'rank': 11, 'fitness': 0.9803488879600863, 'generation': 204}","{'id': 16645, 'rank': 12, 'fitness': 0.9801176986373407, 'generation': 204}","{'id': 16632, 'rank': 13, 'fitness': 0.9796653665401185, 'generation': 204}","{'id': 16631, 'rank': 14, 'fitness': 0.9794840137900089, 'generation': 204}","{'id': 16659, 'rank': 15, 'fitness': 0.979013689542797, 'generation': 204}","{'id': 16620, 'rank': 16, 'fitness': 0.9716174321584381, 'generation': 204}","{'id': 16700, 'rank': 17, 'fitness': 0.9713784109439533, 'generation': 204}","{'id': 16610, 'rank': 18, 'fitness': 0.969676961992239, 'generation': 204}","{'id': 16610, 'rank': 19, 'fitness': 0.969676961992239, 'generation': 204}","{'id': 16651, 'rank': 20, 'fitness': 0.9631037323022976, 'generation': 204}","{'id': 16651, 'rank': 21, 'fitness': 0.9631037323022976, 'generation': 204}","{'id': 16703, 'rank': 22, 'fitness': 0.9473384338807899, 'generation': 204}","{'id': 16652, 'rank': 23, 'fitness': 0.9381562093545066, 'generation': 204}","{'id': 16650, 'rank': 24, 'fitness': 0.932882296511914, 'generation': 204}","{'id': 16539, 'rank': 25, 'fitness': 0.9033510793325934, 'generation': 204}","{'id': 16570, 'rank': 26, 'fitness': 0.8954925156847577, 'generation': 204}","{'id': 16701, 'rank': 27, 'fitness': 0.8720566974623443, 'generation': 204}","{'id': 16601, 'rank': 28, 'fitness': 0.8563104241624688, 'generation': 204}","{'id': 16603, 'rank': 29, 'fitness': 0.2442503981980209, 'generation': 204}","{'id': 16590, 'rank': 30, 'fitness': 0.01798620996209155, 'generation': 204}"
"{'id': 16787, 'rank': 1, 'fitness': 0.9820137900379085, 'generation': 205}","{'id': 16787, 'rank': 2, 'fitness': 0.9820137900379085, 'generation': 205}","{'id': 16739, 'rank': 3, 'fitness': 0.9818195018847127, 'generation': 205}","{'id': 16789, 'rank': 4, 'fitness': 0.9817382144499057, 'generation': 205}","{'id': 16733, 'rank': 5, 'fitness': 0.9816944336961697, 'generation': 205}","{'id': 16698, 'rank': 6, 'fitness': 0.9816649528941359, 'generation': 205}","{'id': 16737, 'rank': 7, 'fitness': 0.9816099033831656, 'generation': 205}","{'id': 16731, 'rank': 8, 'fitness': 0.9812962979281795, 'generation': 205}","{'id': 16786, 'rank': 9, 'fitness': 0.9812753850068434, 'generation': 205}","{'id': 16773, 'rank': 10, 'fitness': 0.9809371422185111, 'generation': 205}","{'id': 16734, 'rank': 11, 'fitness': 0.9804618873172266, 'generation': 205}","{'id': 16766, 'rank': 12, 'fitness': 0.9793210246848225, 'generation': 205}","{'id': 16745, 'rank': 13, 'fitness': 0.9790359791232115, 'generation': 205}","{'id': 16716, 'rank': 14, 'fitness': 0.9780078853594721, 'generation': 205}","{'id': 16700, 'rank': 15, 'fitness': 0.968564715175639, 'generation': 205}","{'id': 16700, 'rank': 16, 'fitness': 0.968564715175639, 'generation': 205}","{'id': 16753, 'rank': 17, 'fitness': 0.9670936447284537, 'generation': 205}","{'id': 16730, 'rank': 18, 'fitness': 0.9634889653644843, 'generation': 205}","{'id': 16730, 'rank': 19, 'fitness': 0.9634889653644843, 'generation': 205}","{'id': 16730, 'rank': 20, 'fitness': 0.9634889653644843, 'generation': 205}","{'id': 16727, 'rank': 21, 'fitness': 0.9356656340086512, 'generation': 205}","{'id': 16703, 'rank': 22, 'fitness': 0.9327283404833085, 'generation': 205}","{'id': 16763, 'rank': 23, 'fitness': 0.9296507817667912, 'generation': 205}","{'id': 16652, 'rank': 24, 'fitness': 0.9179596534269581, 'generation': 205}","{'id': 16751, 'rank': 25, 'fitness': 0.8603858996906777, 'generation': 205}","{'id': 16570, 'rank': 26, 'fitness': 0.8450679119876612, 'generation': 205}","{'id': 16779, 'rank': 27, 'fitness': 0.8222809322125089, 'generation': 205}","{'id': 16770, 'rank': 28, 'fitness': 0.6884312998037381, 'generation': 205}","{'id': 16603, 'rank': 29, 'fitness': 0.08116848723325781, 'generation': 205}","{'id': 16769, 'rank': 30, 'fitness': 0.01798620996209155, 'generation': 205}"
"{'id': 16861, 'rank': 1, 'fitness': 0.9820137900379085, 'generation': 206}","{'id': 16861, 'rank': 2, 'fitness': 0.9820137900379085, 'generation': 206}","{'id': 16881, 'rank': 3, 'fitness': 0.9816767285007011, 'generation': 206}","{'id': 16733, 'rank': 4, 'fitness': 0.9815374379828413, 'generation': 206}","{'id': 16846, 'rank': 5, 'fitness': 0.9813184748126025, 'generation': 206}","{'id': 16859, 'rank': 6, 'fitness': 0.980908547832457, 'generation': 206}","{'id': 16859, 'rank': 7, 'fitness': 0.980908547832457, 'generation': 206}","{'id': 16880, 'rank': 8, 'fitness': 0.9806346921272259, 'generation': 206}","{'id': 16838, 'rank': 9, 'fitness': 0.980546341906315, 'generation': 206}","{'id': 16838, 'rank': 10, 'fitness': 0.980546341906315, 'generation': 206}","{'id': 16811, 'rank': 11, 'fitness': 0.9804956987458384, 'generation': 206}","{'id': 16864, 'rank': 12, 'fitness': 0.9803285149840297, 'generation': 206}","{'id': 16745, 'rank': 13, 'fitness': 0.9802971892916352, 'generation': 206}","{'id': 16852, 'rank': 14, 'fitness': 0.9790998675693712, 'generation': 206}","{'id': 16852, 'rank': 15, 'fitness': 0.9790998675693712, 'generation': 206}","{'id': 16804, 'rank': 16, 'fitness': 0.9783113810645387, 'generation': 206}","{'id': 16851, 'rank': 17, 'fitness': 0.9777972958416912, 'generation': 206}","{'id': 16851, 'rank': 18, 'fitness': 0.9777972958416912, 'generation': 206}","{'id': 16835, 'rank': 19, 'fitness': 0.9762036595041745, 'generation': 206}","{'id': 16700, 'rank': 20, 'fitness': 0.9760560651262895, 'generation': 206}","{'id': 16834, 'rank': 21, 'fitness': 0.9754216666875273, 'generation': 206}","{'id': 16730, 'rank': 22, 'fitness': 0.9742581492056205, 'generation': 206}","{'id': 16806, 'rank': 23, 'fitness': 0.9734529470598285, 'generation': 206}","{'id': 16877, 'rank': 24, 'fitness': 0.9651984078742603, 'generation': 206}","{'id': 16763, 'rank': 25, 'fitness': 0.9645020342632047, 'generation': 206}","{'id': 16652, 'rank': 26, 'fitness': 0.9616685604681492, 'generation': 206}","{'id': 16751, 'rank': 27, 'fitness': 0.9496254483200709, 'generation': 206}","{'id': 16825, 'rank': 28, 'fitness': 0.9450416457989392, 'generation': 206}","{'id': 16825, 'rank': 29, 'fitness': 0.9450416457989392, 'generation': 206}","{'id': 16865, 'rank': 30, 'fitness': 0.01798620996209155, 'generation': 206}"
"{'id': 16861, 'rank': 1, 'fitness': 0.9820137900379085, 'generation': 207}","{'id': 16953, 'rank': 2, 'fitness': 0.9789764923899096, 'generation': 207}","{'id': 16733, 'rank': 3, 'fitness': 0.9784509893702258, 'generation': 207}","{'id': 16957, 'rank': 4, 'fitness': 0.9773452012321306, 'generation': 207}","{'id': 16933, 'rank': 5, 'fitness': 0.9762739070404748, 'generation': 207}","{'id': 16933, 'rank': 6, 'fitness': 0.9762739070404748, 'generation': 207}","{'id': 16912, 'rank': 7, 'fitness': 0.9731835491900875, 'generation': 207}","{'id': 16888, 'rank': 8, 'fitness': 0.9725162325720721, 'generation': 207}","{'id': 16900, 'rank': 9, 'fitness': 0.9721023822326342, 'generation': 207}","{'id': 16958, 'rank': 10, 'fitness': 0.9710650881502567, 'generation': 207}","{'id': 16890, 'rank': 11, 'fitness': 0.9695294294717158, 'generation': 207}","{'id': 16864, 'rank': 12, 'fitness': 0.9666871190412647, 'generation': 207}","{'id': 16745, 'rank': 13, 'fitness': 0.9663232807667036, 'generation': 207}","{'id': 16937, 'rank': 14, 'fitness': 0.9526654878220611, 'generation': 207}","{'id': 16940, 'rank': 15, 'fitness': 0.9383245143033878, 'generation': 207}","{'id': 16851, 'rank': 16, 'fitness': 0.924970520670114, 'generation': 207}","{'id': 16851, 'rank': 17, 'fitness': 0.924970520670114, 'generation': 207}","{'id': 16886, 'rank': 18, 'fitness': 0.9197472717731245, 'generation': 207}","{'id': 16965, 'rank': 19, 'fitness': 0.7568983766917505, 'generation': 207}","{'id': 16965, 'rank': 20, 'fitness': 0.7568983766917505, 'generation': 207}","{'id': 16945, 'rank': 21, 'fitness': 0.6935595843983456, 'generation': 207}","{'id': 16951, 'rank': 22, 'fitness': 0.5981004985744126, 'generation': 207}","{'id': 16961, 'rank': 23, 'fitness': 0.5314312915033688, 'generation': 207}","{'id': 16963, 'rank': 24, 'fitness': 0.516883242129133, 'generation': 207}","{'id': 16910, 'rank': 25, 'fitness': 0.47201895431604346, 'generation': 207}","{'id': 16949, 'rank': 26, 'fitness': 0.2149079240134093, 'generation': 207}","{'id': 16892, 'rank': 27, 'fitness': 0.09567030250645997, 'generation': 207}","{'id': 16892, 'rank': 28, 'fitness': 0.09567030250645997, 'generation': 207}","{'id': 16825, 'rank': 29, 'fitness': 0.01798620996209155, 'generation': 207}","{'id': 16825, 'rank': 30, 'fitness': 0.01798620996209155, 'generation': 207}"
"{'id': 16974, 'rank': 1, 'fitness': 0.9820137900379085, 'generation': 208}","{'id': 17020, 'rank': 2, 'fitness': 0.9818778231066121, 'generation': 208}","{'id': 16953, 'rank': 3, 'fitness': 0.981843470825986, 'generation': 208}","{'id': 17024, 'rank': 4, 'fitness': 0.9817620523515127, 'generation': 208}","{'id': 17029, 'rank': 5, 'fitness': 0.9817361886228044, 'generation': 208}","{'id': 17029, 'rank': 6, 'fitness': 0.9817361886228044, 'generation': 208}","{'id': 16987, 'rank': 7, 'fitness': 0.9817248593770851, 'generation': 208}","{'id': 16933, 'rank': 8, 'fitness': 0.9817165102238601, 'generation': 208}","{'id': 17025, 'rank': 9, 'fitness': 0.9816308471406547, 'generation': 208}","{'id': 16998, 'rank': 10, 'fitness': 0.9815997762254688, 'generation': 208}","{'id': 16912, 'rank': 11, 'fitness': 0.9815866957625217, 'generation': 208}","{'id': 16958, 'rank': 12, 'fitness': 0.9815054091890154, 'generation': 208}","{'id': 16958, 'rank': 13, 'fitness': 0.9815054091890154, 'generation': 208}","{'id': 16984, 'rank': 14, 'fitness': 0.9814977732709069, 'generation': 208}","{'id': 17036, 'rank': 15, 'fitness': 0.9814815484094263, 'generation': 208}","{'id': 16890, 'rank': 16, 'fitness': 0.9814498178274966, 'generation': 208}","{'id': 16999, 'rank': 17, 'fitness': 0.9813751848009935, 'generation': 208}","{'id': 16937, 'rank': 18, 'fitness': 0.9809652511164922, 'generation': 208}","{'id': 17015, 'rank': 19, 'fitness': 0.9805809568907266, 'generation': 208}","{'id': 17015, 'rank': 20, 'fitness': 0.9805809568907266, 'generation': 208}","{'id': 17006, 'rank': 21, 'fitness': 0.9802947341814215, 'generation': 208}","{'id': 16961, 'rank': 22, 'fitness': 0.9776263799309108, 'generation': 208}","{'id': 16961, 'rank': 23, 'fitness': 0.9776263799309108, 'generation': 208}","{'id': 17032, 'rank': 24, 'fitness': 0.9769739980671297, 'generation': 208}","{'id': 16892, 'rank': 25, 'fitness': 0.9744474864755452, 'generation': 208}","{'id': 16985, 'rank': 26, 'fitness': 0.9726096791688104, 'generation': 208}","{'id': 17003, 'rank': 27, 'fitness': 0.9686466266962364, 'generation': 208}","{'id': 16993, 'rank': 28, 'fitness': 0.9628462194511783, 'generation': 208}","{'id': 17013, 'rank': 29, 'fitness': 0.394809755823207, 'generation': 208}","{'id': 16983, 'rank': 30, 'fitness': 0.01798620996209155, 'generation': 208}"
"{'id': 17020, 'rank': 1, 'fitness': 0.9820137900379085, 'generation': 209}","{'id': 16953, 'rank': 2, 'fitness': 0.9816404935046549, 'generation': 209}","{'id': 17066, 'rank': 3, 'fitness': 0.9810197301663941, 'generation': 209}","{'id': 17066, 'rank': 4, 'fitness': 0.9810197301663941, 'generation': 209}","{'id': 17029, 'rank': 5, 'fitness': 0.9804298630265709, 'generation': 209}","{'id': 17092, 'rank': 6, 'fitness': 0.9800834661920922, 'generation': 209}","{'id': 17063, 'rank': 7, 'fitness': 0.9800546217024311, 'generation': 209}","{'id': 17083, 'rank': 8, 'fitness': 0.9798680472970609, 'generation': 209}","{'id': 17116, 'rank': 9, 'fitness': 0.979614661307349, 'generation': 209}","{'id': 17025, 'rank': 10, 'fitness': 0.9791725613849894, 'generation': 209}","{'id': 17093, 'rank': 11, 'fitness': 0.9768955103939305, 'generation': 209}","{'id': 17127, 'rank': 12, 'fitness': 0.9765600997888353, 'generation': 209}","{'id': 17071, 'rank': 13, 'fitness': 0.9760320143280299, 'generation': 209}","{'id': 17095, 'rank': 14, 'fitness': 0.9753322308889217, 'generation': 209}","{'id': 17061, 'rank': 15, 'fitness': 0.9738310232899808, 'generation': 209}","{'id': 17076, 'rank': 16, 'fitness': 0.9716631814396703, 'generation': 209}","{'id': 17084, 'rank': 17, 'fitness': 0.9708015989831812, 'generation': 209}","{'id': 16937, 'rank': 18, 'fitness': 0.9694386820880021, 'generation': 209}","{'id': 16937, 'rank': 19, 'fitness': 0.9694386820880021, 'generation': 209}","{'id': 17118, 'rank': 20, 'fitness': 0.9693131443472154, 'generation': 209}","{'id': 17125, 'rank': 21, 'fitness': 0.9690459025063085, 'generation': 209}","{'id': 17015, 'rank': 22, 'fitness': 0.9621636255875972, 'generation': 209}","{'id': 17062, 'rank': 23, 'fitness': 0.9589784081293279, 'generation': 209}","{'id': 17006, 'rank': 24, 'fitness': 0.9558087266563813, 'generation': 209}","{'id': 17045, 'rank': 25, 'fitness': 0.9221242072529487, 'generation': 209}","{'id': 17121, 'rank': 26, 'fitness': 0.9202486930632419, 'generation': 209}","{'id': 17046, 'rank': 27, 'fitness': 0.8779934915219934, 'generation': 209}","{'id': 17058, 'rank': 28, 'fitness': 0.5505148231964972, 'generation': 209}","{'id': 16892, 'rank': 29, 'fitness': 0.5474649717548359, 'generation': 209}","{'id': 16993, 'rank': 30, 'fitness': 0.01798620996209155, 'generation': 209}"
"{'id': 17179, 'rank': 1, 'fitness': 0.9820137900379085, 'generation': 210}","{'id': 17195, 'rank': 2, 'fitness': 0.9818194729347169, 'generation': 210}","{'id': 17193, 'rank': 3, 'fitness': 0.9817493177080008, 'generation': 210}","{'id': 17210, 'rank': 4, 'fitness': 0.9815835693469226, 'generation': 210}","{'id': 17210, 'rank': 5, 'fitness': 0.9815835693469226, 'generation': 210}","{'id': 17190, 'rank': 6, 'fitness': 0.9815757728306395, 'generation': 210}","{'id': 17163, 'rank': 7, 'fitness': 0.981369129742939, 'generation': 210}","{'id': 17133, 'rank': 8, 'fitness': 0.98097881338375, 'generation': 210}","{'id': 17151, 'rank': 9, 'fitness': 0.9807913858808582, 'generation': 210}","{'id': 17206, 'rank': 10, 'fitness': 0.9807319743183982, 'generation': 210}","{'id': 17116, 'rank': 11, 'fitness': 0.9800264115183903, 'generation': 210}","{'id': 17116, 'rank': 12, 'fitness': 0.9800264115183903, 'generation': 210}","{'id': 17025, 'rank': 13, 'fitness': 0.9797756924404933, 'generation': 210}","{'id': 17144, 'rank': 14, 'fitness': 0.979723093402395, 'generation': 210}","{'id': 17168, 'rank': 15, 'fitness': 0.9793176762180831, 'generation': 210}","{'id': 17158, 'rank': 16, 'fitness': 0.9783584338426041, 'generation': 210}","{'id': 17142, 'rank': 17, 'fitness': 0.9772823038799155, 'generation': 210}","{'id': 17061, 'rank': 18, 'fitness': 0.9769008631295251, 'generation': 210}","{'id': 17084, 'rank': 19, 'fitness': 0.975376559545432, 'generation': 210}","{'id': 16937, 'rank': 20, 'fitness': 0.9747116377266217, 'generation': 210}","{'id': 17159, 'rank': 21, 'fitness': 0.9717797187428983, 'generation': 210}","{'id': 17182, 'rank': 22, 'fitness': 0.9707378253500587, 'generation': 210}","{'id': 17062, 'rank': 23, 'fitness': 0.969951548007173, 'generation': 210}","{'id': 17200, 'rank': 24, 'fitness': 0.9682172435247112, 'generation': 210}","{'id': 17174, 'rank': 25, 'fitness': 0.9670095954640987, 'generation': 210}","{'id': 17149, 'rank': 26, 'fitness': 0.9348050992696524, 'generation': 210}","{'id': 17180, 'rank': 27, 'fitness': 0.8985464520426147, 'generation': 210}","{'id': 17180, 'rank': 28, 'fitness': 0.8985464520426147, 'generation': 210}","{'id': 17058, 'rank': 29, 'fitness': 0.8533004414104475, 'generation': 210}","{'id': 17156, 'rank': 30, 'fitness': 0.01798620996209155, 'generation': 210}"
"{'id': 17286, 'rank': 1, 'fitness': 0.9820137900379085, 'generation': 211}","{'id': 17239, 'rank': 2, 'fitness': 0.9819261205120025, 'generation': 211}","{'id': 17269, 'rank': 3, 'fitness': 0.981890745670051, 'generation': 211}","{'id': 17291, 'rank': 4, 'fitness': 0.9818888988310814, 'generation': 211}","{'id': 17210, 'rank': 5, 'fitness': 0.9817267500648202, 'generation': 211}","{'id': 17190, 'rank': 6, 'fitness': 0.9817190053202683, 'generation': 211}","{'id': 17215, 'rank': 7, 'fitness': 0.9812209817333841, 'generation': 211}","{'id': 17223, 'rank': 8, 'fitness': 0.9809013536222215, 'generation': 211}","{'id': 17259, 'rank': 9, 'fitness': 0.9808643289760893, 'generation': 211}","{'id': 17259, 'rank': 10, 'fitness': 0.9808643289760893, 'generation': 211}","{'id': 17250, 'rank': 11, 'fitness': 0.9805294105871885, 'generation': 211}","{'id': 17285, 'rank': 12, 'fitness': 0.9804237901717432, 'generation': 211}","{'id': 17265, 'rank': 13, 'fitness': 0.9796237964131274, 'generation': 211}","{'id': 17265, 'rank': 14, 'fitness': 0.9796237964131274, 'generation': 211}","{'id': 17224, 'rank': 15, 'fitness': 0.9785733703164249, 'generation': 211}","{'id': 17237, 'rank': 16, 'fitness': 0.9785041944884265, 'generation': 211}","{'id': 17142, 'rank': 17, 'fitness': 0.9774534500381797, 'generation': 211}","{'id': 17217, 'rank': 18, 'fitness': 0.9771573342740003, 'generation': 211}","{'id': 17261, 'rank': 19, 'fitness': 0.9739776442778516, 'generation': 211}","{'id': 17222, 'rank': 20, 'fitness': 0.971993008477334, 'generation': 211}","{'id': 17159, 'rank': 21, 'fitness': 0.9719850909410426, 'generation': 211}","{'id': 17062, 'rank': 22, 'fitness': 0.9701679509969949, 'generation': 211}","{'id': 17219, 'rank': 23, 'fitness': 0.9685233269567886, 'generation': 211}","{'id': 17270, 'rank': 24, 'fitness': 0.9653689243867338, 'generation': 211}","{'id': 17270, 'rank': 25, 'fitness': 0.9653689243867338, 'generation': 211}","{'id': 17271, 'rank': 26, 'fitness': 0.9480785388189693, 'generation': 211}","{'id': 17271, 'rank': 27, 'fitness': 0.9480785388189693, 'generation': 211}","{'id': 17274, 'rank': 28, 'fitness': 0.9147783013695705, 'generation': 211}","{'id': 17180, 'rank': 29, 'fitness': 0.8991067837624311, 'generation': 211}","{'id': 17156, 'rank': 30, 'fitness': 0.01798620996209155, 'generation': 211}"
"{'id': 17328, 'rank': 1, 'fitness': 0.9820137900379085, 'generation': 212}","{'id': 17314, 'rank': 2, 'fitness': 0.9819359764303454, 'generation': 212}","{'id': 17333, 'rank': 3, 'fitness': 0.9818549156355146, 'generation': 212}","{'id': 17286, 'rank': 4, 'fitness': 0.9815348046202748, 'generation': 212}","{'id': 17286, 'rank': 5, 'fitness': 0.9815348046202748, 'generation': 212}","{'id': 17239, 'rank': 6, 'fitness': 0.9814451462540756, 'generation': 212}","{'id': 17337, 'rank': 7, 'fitness': 0.9813473161907753, 'generation': 212}","{'id': 17210, 'rank': 8, 'fitness': 0.9812412598457334, 'generation': 212}","{'id': 17335, 'rank': 9, 'fitness': 0.981180348627616, 'generation': 212}","{'id': 17223, 'rank': 10, 'fitness': 0.9803972673938335, 'generation': 212}","{'id': 17259, 'rank': 11, 'fitness': 0.9803594123121058, 'generation': 212}","{'id': 17259, 'rank': 12, 'fitness': 0.9803594123121058, 'generation': 212}","{'id': 17259, 'rank': 13, 'fitness': 0.9803594123121058, 'generation': 212}","{'id': 17312, 'rank': 14, 'fitness': 0.9787707001495383, 'generation': 212}","{'id': 17365, 'rank': 15, 'fitness': 0.9787688755853192, 'generation': 212}","{'id': 17371, 'rank': 16, 'fitness': 0.9781549405632225, 'generation': 212}","{'id': 17366, 'rank': 17, 'fitness': 0.9781366466664843, 'generation': 212}","{'id': 17224, 'rank': 18, 'fitness': 0.9780176643016616, 'generation': 212}","{'id': 17350, 'rank': 19, 'fitness': 0.9776561918373892, 'generation': 212}","{'id': 17315, 'rank': 20, 'fitness': 0.9774766477595458, 'generation': 212}","{'id': 17331, 'rank': 21, 'fitness': 0.9762461218984559, 'generation': 212}","{'id': 17343, 'rank': 22, 'fitness': 0.9761166905003882, 'generation': 212}","{'id': 17305, 'rank': 23, 'fitness': 0.9734315767988557, 'generation': 212}","{'id': 17261, 'rank': 24, 'fitness': 0.9733232963978685, 'generation': 212}","{'id': 17159, 'rank': 25, 'fitness': 0.9712891932831532, 'generation': 212}","{'id': 17361, 'rank': 26, 'fitness': 0.970169095144805, 'generation': 212}","{'id': 17219, 'rank': 27, 'fitness': 0.9677568321632463, 'generation': 212}","{'id': 17320, 'rank': 28, 'fitness': 0.8916269241848126, 'generation': 212}","{'id': 17308, 'rank': 29, 'fitness': 0.07937325032168568, 'generation': 212}","{'id': 17156, 'rank': 30, 'fitness': 0.01798620996209155, 'generation': 212}"
"{'id': 17469, 'rank': 1, 'fitness': 0.9820137900379085, 'generation': 213}","{'id': 17393, 'rank': 2, 'fitness': 0.9815106307731589, 'generation': 213}","{'id': 17393, 'rank': 3, 'fitness': 0.9815106307731589, 'generation': 213}","{'id': 17335, 'rank': 4, 'fitness': 0.979970670932433, 'generation': 213}","{'id': 17378, 'rank': 5, 'fitness': 0.9791229174349434, 'generation': 213}","{'id': 17406, 'rank': 6, 'fitness': 0.9779714381455549, 'generation': 213}","{'id': 17406, 'rank': 7, 'fitness': 0.9779714381455549, 'generation': 213}","{'id': 17379, 'rank': 8, 'fitness': 0.977591086398106, 'generation': 213}","{'id': 17377, 'rank': 9, 'fitness': 0.9766609140642135, 'generation': 213}","{'id': 17416, 'rank': 10, 'fitness': 0.9752669541608373, 'generation': 213}","{'id': 17384, 'rank': 11, 'fitness': 0.974251965806761, 'generation': 213}","{'id': 17400, 'rank': 12, 'fitness': 0.9736842572959229, 'generation': 213}","{'id': 17395, 'rank': 13, 'fitness': 0.9715763844172982, 'generation': 213}","{'id': 17371, 'rank': 14, 'fitness': 0.9677667275378788, 'generation': 213}","{'id': 17387, 'rank': 15, 'fitness': 0.9677562986215369, 'generation': 213}","{'id': 17224, 'rank': 16, 'fitness': 0.9671193295853941, 'generation': 213}","{'id': 17224, 'rank': 17, 'fitness': 0.9671193295853941, 'generation': 213}","{'id': 17350, 'rank': 18, 'fitness': 0.9653738609955945, 'generation': 213}","{'id': 17388, 'rank': 19, 'fitness': 0.960123590510412, 'generation': 213}","{'id': 17443, 'rank': 20, 'fitness': 0.9471719052591101, 'generation': 213}","{'id': 17462, 'rank': 21, 'fitness': 0.9445704223957894, 'generation': 213}","{'id': 17305, 'rank': 22, 'fitness': 0.9403769655660454, 'generation': 213}","{'id': 17261, 'rank': 23, 'fitness': 0.939620632819201, 'generation': 213}","{'id': 17261, 'rank': 24, 'fitness': 0.939620632819201, 'generation': 213}","{'id': 17430, 'rank': 25, 'fitness': 0.9234374549250592, 'generation': 213}","{'id': 17361, 'rank': 26, 'fitness': 0.9149599080611038, 'generation': 213}","{'id': 17457, 'rank': 27, 'fitness': 0.8474556694274082, 'generation': 213}","{'id': 17402, 'rank': 28, 'fitness': 0.5537156062671902, 'generation': 213}","{'id': 17418, 'rank': 29, 'fitness': 0.01798620996209155, 'generation': 213}","{'id': 17418, 'rank': 30, 'fitness': 0.01798620996209155, 'generation': 213}"
"{'id': 17393, 'rank': 1, 'fitness': 0.9820137900379085, 'generation': 214}","{'id': 17534, 'rank': 2, 'fitness': 0.9810696983848031, 'generation': 214}","{'id': 17475, 'rank': 3, 'fitness': 0.9807564902396041, 'generation': 214}","{'id': 17378, 'rank': 4, 'fitness': 0.9805335441871517, 'generation': 214}","{'id': 17474, 'rank': 5, 'fitness': 0.9803637880014637, 'generation': 214}","{'id': 17539, 'rank': 6, 'fitness': 0.9788437828542245, 'generation': 214}","{'id': 17384, 'rank': 7, 'fitness': 0.97768085539951, 'generation': 214}","{'id': 17384, 'rank': 8, 'fitness': 0.97768085539951, 'generation': 214}","{'id': 17384, 'rank': 9, 'fitness': 0.97768085539951, 'generation': 214}","{'id': 17537, 'rank': 10, 'fitness': 0.9774913344739433, 'generation': 214}","{'id': 17501, 'rank': 11, 'fitness': 0.9771888531976207, 'generation': 214}","{'id': 17491, 'rank': 12, 'fitness': 0.9768746529537016, 'generation': 214}","{'id': 17395, 'rank': 13, 'fitness': 0.9761919678404137, 'generation': 214}","{'id': 17532, 'rank': 14, 'fitness': 0.9734115682780196, 'generation': 214}","{'id': 17540, 'rank': 15, 'fitness': 0.9731190677084826, 'generation': 214}","{'id': 17443, 'rank': 16, 'fitness': 0.9642179406175945, 'generation': 214}","{'id': 17462, 'rank': 17, 'fitness': 0.9630596239412794, 'generation': 214}","{'id': 17261, 'rank': 18, 'fitness': 0.9609000541012105, 'generation': 214}","{'id': 17492, 'rank': 19, 'fitness': 0.9593018526165612, 'generation': 214}","{'id': 17492, 'rank': 20, 'fitness': 0.9593018526165612, 'generation': 214}","{'id': 17497, 'rank': 21, 'fitness': 0.9483456744446717, 'generation': 214}","{'id': 17496, 'rank': 22, 'fitness': 0.9319166275480866, 'generation': 214}","{'id': 17457, 'rank': 23, 'fitness': 0.9263323118302871, 'generation': 214}","{'id': 17549, 'rank': 24, 'fitness': 0.8487481777274325, 'generation': 214}","{'id': 17514, 'rank': 25, 'fitness': 0.14431009861077987, 'generation': 214}","{'id': 17500, 'rank': 26, 'fitness': 0.019866051263348616, 'generation': 214}","{'id': 17500, 'rank': 27, 'fitness': 0.019866051263348616, 'generation': 214}","{'id': 17526, 'rank': 28, 'fitness': 0.018733544034296112, 'generation': 214}","{'id': 17499, 'rank': 29, 'fitness': 0.01798620996209155, 'generation': 214}","{'id': 17499, 'rank': 30, 'fitness': 0.01798620996209155, 'generation': 214}"
"{'id': 17629, 'rank': 1, 'fitness': 0.9820137900379085, 'generation': 215}","{'id': 17578, 'rank': 2, 'fitness': 0.9816617015518747, 'generation': 215}","{'id': 17578, 'rank': 3, 'fitness': 0.9816617015518747, 'generation': 215}","{'id': 17599, 'rank': 4, 'fitness': 0.9815657609581159, 'generation': 215}","{'id': 17621, 'rank': 5, 'fitness': 0.9813093785769773, 'generation': 215}","{'id': 17601, 'rank': 6, 'fitness': 0.9812389679586211, 'generation': 215}","{'id': 17556, 'rank': 7, 'fitness': 0.980812783639798, 'generation': 215}","{'id': 17612, 'rank': 8, 'fitness': 0.9795886629384256, 'generation': 215}","{'id': 17568, 'rank': 9, 'fitness': 0.9791124784238063, 'generation': 215}","{'id': 17571, 'rank': 10, 'fitness': 0.978911640717453, 'generation': 215}","{'id': 17594, 'rank': 11, 'fitness': 0.9786660079558784, 'generation': 215}","{'id': 17384, 'rank': 12, 'fitness': 0.9784285148996226, 'generation': 215}","{'id': 17491, 'rank': 13, 'fitness': 0.9776451485209215, 'generation': 215}","{'id': 17567, 'rank': 14, 'fitness': 0.9774299905612611, 'generation': 215}","{'id': 17598, 'rank': 15, 'fitness': 0.973361294910983, 'generation': 215}","{'id': 17631, 'rank': 16, 'fitness': 0.9707737987146037, 'generation': 215}","{'id': 17558, 'rank': 17, 'fitness': 0.9698747865186226, 'generation': 215}","{'id': 17443, 'rank': 18, 'fitness': 0.9653278824966465, 'generation': 215}","{'id': 17261, 'rank': 19, 'fitness': 0.9620938296280181, 'generation': 215}","{'id': 17591, 'rank': 20, 'fitness': 0.9459534755777705, 'generation': 215}","{'id': 17457, 'rank': 21, 'fitness': 0.928303510945242, 'generation': 215}","{'id': 17616, 'rank': 22, 'fitness': 0.8685224896491364, 'generation': 215}","{'id': 17549, 'rank': 23, 'fitness': 0.8520097500900459, 'generation': 215}","{'id': 17586, 'rank': 24, 'fitness': 0.7645836892798985, 'generation': 215}","{'id': 17617, 'rank': 25, 'fitness': 0.7494614803578717, 'generation': 215}","{'id': 17617, 'rank': 26, 'fitness': 0.7494614803578717, 'generation': 215}","{'id': 17632, 'rank': 27, 'fitness': 0.7493837740360683, 'generation': 215}","{'id': 17632, 'rank': 28, 'fitness': 0.7493837740360683, 'generation': 215}","{'id': 17499, 'rank': 29, 'fitness': 0.01798620996209155, 'generation': 215}","{'id': 17499, 'rank': 30, 'fitness': 0.01798620996209155, 'generation': 215}"
"{'id': 17676, 'rank': 1, 'fitness': 0.9820137900379085, 'generation': 216}","{'id': 17685, 'rank': 2, 'fitness': 0.9820018923079009, 'generation': 216}","{'id': 17636, 'rank': 3, 'fitness': 0.9818469305019868, 'generation': 216}","{'id': 17682, 'rank': 4, 'fitness': 0.9818468036814572, 'generation': 216}","{'id': 17637, 'rank': 5, 'fitness': 0.9818055790743379, 'generation': 216}","{'id': 17661, 'rank': 6, 'fitness': 0.9817901887217393, 'generation': 216}","{'id': 17677, 'rank': 7, 'fitness': 0.9817898109968192, 'generation': 216}","{'id': 17691, 'rank': 8, 'fitness': 0.981481886283418, 'generation': 216}","{'id': 17691, 'rank': 9, 'fitness': 0.981481886283418, 'generation': 216}","{'id': 17568, 'rank': 10, 'fitness': 0.9814747036924764, 'generation': 216}","{'id': 17663, 'rank': 11, 'fitness': 0.98133487250656, 'generation': 216}","{'id': 17663, 'rank': 12, 'fitness': 0.98133487250656, 'generation': 216}","{'id': 17491, 'rank': 13, 'fitness': 0.9812949832715631, 'generation': 216}","{'id': 17491, 'rank': 14, 'fitness': 0.9812949832715631, 'generation': 216}","{'id': 17683, 'rank': 15, 'fitness': 0.9812405471039947, 'generation': 216}","{'id': 17687, 'rank': 16, 'fitness': 0.9809277530358371, 'generation': 216}","{'id': 17687, 'rank': 17, 'fitness': 0.9809277530358371, 'generation': 216}","{'id': 17645, 'rank': 18, 'fitness': 0.9805529088122642, 'generation': 216}","{'id': 17668, 'rank': 19, 'fitness': 0.980250551953549, 'generation': 216}","{'id': 17688, 'rank': 20, 'fitness': 0.9800005854487583, 'generation': 216}","{'id': 17697, 'rank': 21, 'fitness': 0.9797259888687305, 'generation': 216}","{'id': 17654, 'rank': 22, 'fitness': 0.9789898922555083, 'generation': 216}","{'id': 17704, 'rank': 23, 'fitness': 0.9789646562179568, 'generation': 216}","{'id': 17549, 'rank': 24, 'fitness': 0.9752197819026309, 'generation': 216}","{'id': 17617, 'rank': 25, 'fitness': 0.9728749464206572, 'generation': 216}","{'id': 17632, 'rank': 26, 'fitness': 0.9728733982540281, 'generation': 216}","{'id': 17632, 'rank': 27, 'fitness': 0.9728733982540281, 'generation': 216}","{'id': 17675, 'rank': 28, 'fitness': 0.9685784491090604, 'generation': 216}","{'id': 17708, 'rank': 29, 'fitness': 0.9399604050122816, 'generation': 216}","{'id': 17641, 'rank': 30, 'fitness': 0.01798620996209155, 'generation': 216}"
"{'id': 17676, 'rank': 1, 'fitness': 0.9820137900379085, 'generation': 217}","{'id': 17748, 'rank': 2, 'fitness': 0.9795956928146035, 'generation': 217}","{'id': 17636, 'rank': 3, 'fitness': 0.9793285915380261, 'generation': 217}","{'id': 17636, 'rank': 4, 'fitness': 0.9793285915380261, 'generation': 217}","{'id': 17720, 'rank': 5, 'fitness': 0.9756529899625653, 'generation': 217}","{'id': 17752, 'rank': 6, 'fitness': 0.971875281412234, 'generation': 217}","{'id': 17744, 'rank': 7, 'fitness': 0.9696004373038261, 'generation': 217}","{'id': 17663, 'rank': 8, 'fitness': 0.9686460411134579, 'generation': 217}","{'id': 17491, 'rank': 9, 'fitness': 0.9676337319775142, 'generation': 217}","{'id': 17793, 'rank': 10, 'fitness': 0.9655932010006198, 'generation': 217}","{'id': 17687, 'rank': 11, 'fitness': 0.9568414003737251, 'generation': 217}","{'id': 17687, 'rank': 12, 'fitness': 0.9568414003737251, 'generation': 217}","{'id': 17792, 'rank': 13, 'fitness': 0.9552464448471596, 'generation': 217}","{'id': 17740, 'rank': 14, 'fitness': 0.9550047519412893, 'generation': 217}","{'id': 17778, 'rank': 15, 'fitness': 0.9536214042652502, 'generation': 217}","{'id': 17712, 'rank': 16, 'fitness': 0.9341447759165205, 'generation': 217}","{'id': 17776, 'rank': 17, 'fitness': 0.9155858338184832, 'generation': 217}","{'id': 17757, 'rank': 18, 'fitness': 0.8998416590653326, 'generation': 217}","{'id': 17772, 'rank': 19, 'fitness': 0.8885418202815477, 'generation': 217}","{'id': 17730, 'rank': 20, 'fitness': 0.8383768610190434, 'generation': 217}","{'id': 17728, 'rank': 21, 'fitness': 0.8355826967559228, 'generation': 217}","{'id': 17728, 'rank': 22, 'fitness': 0.8355826967559228, 'generation': 217}","{'id': 17729, 'rank': 23, 'fitness': 0.7795415628548302, 'generation': 217}","{'id': 17737, 'rank': 24, 'fitness': 0.7164196304658688, 'generation': 217}","{'id': 17790, 'rank': 25, 'fitness': 0.5443734554988506, 'generation': 217}","{'id': 17767, 'rank': 26, 'fitness': 0.37830912681174816, 'generation': 217}","{'id': 17736, 'rank': 27, 'fitness': 0.1463042827428705, 'generation': 217}","{'id': 17783, 'rank': 28, 'fitness': 0.10412990704659386, 'generation': 217}","{'id': 17617, 'rank': 29, 'fitness': 0.08788787814030552, 'generation': 217}","{'id': 17764, 'rank': 30, 'fitness': 0.01798620996209155, 'generation': 217}"
"{'id': 17858, 'rank': 1, 'fitness': 0.9820137900379085, 'generation': 218}","{'id': 17862, 'rank': 2, 'fitness': 0.9819287281634799, 'generation': 218}","{'id': 17636, 'rank': 3, 'fitness': 0.9819141086591396, 'generation': 218}","{'id': 17829, 'rank': 4, 'fitness': 0.9818512143093173, 'generation': 218}","{'id': 17859, 'rank': 5, 'fitness': 0.9818378422213336, 'generation': 218}","{'id': 17854, 'rank': 6, 'fitness': 0.9816602464069248, 'generation': 218}","{'id': 17847, 'rank': 7, 'fitness': 0.9815997799058257, 'generation': 218}","{'id': 17839, 'rank': 8, 'fitness': 0.981554295792227, 'generation': 218}","{'id': 17839, 'rank': 9, 'fitness': 0.981554295792227, 'generation': 218}","{'id': 17863, 'rank': 10, 'fitness': 0.9814677028350851, 'generation': 218}","{'id': 17687, 'rank': 11, 'fitness': 0.9812280764492766, 'generation': 218}","{'id': 17813, 'rank': 12, 'fitness': 0.9807730242431176, 'generation': 218}","{'id': 17821, 'rank': 13, 'fitness': 0.9806614383991459, 'generation': 218}","{'id': 17798, 'rank': 14, 'fitness': 0.9806153602836585, 'generation': 218}","{'id': 17776, 'rank': 15, 'fitness': 0.9805588911916254, 'generation': 218}","{'id': 17776, 'rank': 16, 'fitness': 0.9805588911916254, 'generation': 218}","{'id': 17757, 'rank': 17, 'fitness': 0.980378722803185, 'generation': 218}","{'id': 17728, 'rank': 18, 'fitness': 0.9798237461388314, 'generation': 218}","{'id': 17805, 'rank': 19, 'fitness': 0.9797253549639753, 'generation': 218}","{'id': 17805, 'rank': 20, 'fitness': 0.9797253549639753, 'generation': 218}","{'id': 17790, 'rank': 21, 'fitness': 0.978343443533142, 'generation': 218}","{'id': 17736, 'rank': 22, 'fitness': 0.9761901862772402, 'generation': 218}","{'id': 17736, 'rank': 23, 'fitness': 0.9761901862772402, 'generation': 218}","{'id': 17831, 'rank': 24, 'fitness': 0.9728825554628904, 'generation': 218}","{'id': 17846, 'rank': 25, 'fitness': 0.9706530985757347, 'generation': 218}","{'id': 17837, 'rank': 26, 'fitness': 0.960303490011506, 'generation': 218}","{'id': 17837, 'rank': 27, 'fitness': 0.960303490011506, 'generation': 218}","{'id': 17826, 'rank': 28, 'fitness': 0.9454538360006245, 'generation': 218}","{'id': 17816, 'rank': 29, 'fitness': 0.6733196880739573, 'generation': 218}","{'id': 17835, 'rank': 30, 'fitness': 0.01798620996209155, 'generation': 218}"
"{'id': 17862, 'rank': 1, 'fitness': 0.9820137900379085, 'generation': 219}","{'id': 17909, 'rank': 2, 'fitness': 0.9818475201514836, 'generation': 219}","{'id': 17872, 'rank': 3, 'fitness': 0.9812082827469796, 'generation': 219}","{'id': 17945, 'rank': 4, 'fitness': 0.981120591517354, 'generation': 219}","{'id': 17878, 'rank': 5, 'fitness': 0.9806816719312317, 'generation': 219}","{'id': 17914, 'rank': 6, 'fitness': 0.9805803602746015, 'generation': 219}","{'id': 17934, 'rank': 7, 'fitness': 0.9805451090609321, 'generation': 219}","{'id': 17922, 'rank': 8, 'fitness': 0.9800266872981946, 'generation': 219}","{'id': 17883, 'rank': 9, 'fitness': 0.9799978357241174, 'generation': 219}","{'id': 17919, 'rank': 10, 'fitness': 0.9794977254838516, 'generation': 219}","{'id': 17948, 'rank': 11, 'fitness': 0.979433316178212, 'generation': 219}","{'id': 17898, 'rank': 12, 'fitness': 0.9791864290318779, 'generation': 219}","{'id': 17920, 'rank': 13, 'fitness': 0.9789825882277026, 'generation': 219}","{'id': 17798, 'rank': 14, 'fitness': 0.9786514351997309, 'generation': 219}","{'id': 17911, 'rank': 15, 'fitness': 0.9785794912691734, 'generation': 219}","{'id': 17776, 'rank': 16, 'fitness': 0.9784993725255549, 'generation': 219}","{'id': 17871, 'rank': 17, 'fitness': 0.978139552729056, 'generation': 219}","{'id': 17880, 'rank': 18, 'fitness': 0.9776543267721498, 'generation': 219}","{'id': 17949, 'rank': 19, 'fitness': 0.9765601092042369, 'generation': 219}","{'id': 17728, 'rank': 20, 'fitness': 0.9764627794587868, 'generation': 219}","{'id': 17805, 'rank': 21, 'fitness': 0.9761821457146778, 'generation': 219}","{'id': 17805, 'rank': 22, 'fitness': 0.9761821457146778, 'generation': 219}","{'id': 17899, 'rank': 23, 'fitness': 0.9756240200781093, 'generation': 219}","{'id': 17937, 'rank': 24, 'fitness': 0.9720200637144303, 'generation': 219}","{'id': 17927, 'rank': 25, 'fitness': 0.951080297978593, 'generation': 219}","{'id': 17903, 'rank': 26, 'fitness': 0.9459292718563216, 'generation': 219}","{'id': 17846, 'rank': 27, 'fitness': 0.9419288190413083, 'generation': 219}","{'id': 17884, 'rank': 28, 'fitness': 0.8905414499329657, 'generation': 219}","{'id': 17837, 'rank': 29, 'fitness': 0.883032673229731, 'generation': 219}","{'id': 17816, 'rank': 30, 'fitness': 0.01798620996209155, 'generation': 219}"
"{'id': 18038, 'rank': 1, 'fitness': 0.9820137900379085, 'generation': 220}","{'id': 18038, 'rank': 2, 'fitness': 0.9820137900379085, 'generation': 220}","{'id': 18041, 'rank': 3, 'fitness': 0.9819605240227967, 'generation': 220}","{'id': 17971, 'rank': 4, 'fitness': 0.9818035975892018, 'generation': 220}","{'id': 18057, 'rank': 5, 'fitness': 0.9797763997089322, 'generation': 220}","{'id': 17914, 'rank': 6, 'fitness': 0.9793157558865395, 'generation': 220}","{'id': 17914, 'rank': 7, 'fitness': 0.9793157558865395, 'generation': 220}","{'id': 18012, 'rank': 8, 'fitness': 0.9783449262233856, 'generation': 220}","{'id': 17922, 'rank': 9, 'fitness': 0.9781083400092545, 'generation': 220}","{'id': 17883, 'rank': 10, 'fitness': 0.9780444977583954, 'generation': 220}","{'id': 17996, 'rank': 11, 'fitness': 0.9770542542917907, 'generation': 220}","{'id': 17948, 'rank': 12, 'fitness': 0.9767769583789548, 'generation': 220}","{'id': 17976, 'rank': 13, 'fitness': 0.9753791678392894, 'generation': 220}","{'id': 17993, 'rank': 14, 'fitness': 0.9743627396662802, 'generation': 220}","{'id': 17871, 'rank': 15, 'fitness': 0.973740671645704, 'generation': 220}","{'id': 18021, 'rank': 16, 'fitness': 0.9735731299109314, 'generation': 220}","{'id': 17999, 'rank': 17, 'fitness': 0.9722991857918785, 'generation': 220}","{'id': 17999, 'rank': 18, 'fitness': 0.9722991857918785, 'generation': 220}","{'id': 18066, 'rank': 19, 'fitness': 0.9708044223490815, 'generation': 220}","{'id': 17979, 'rank': 20, 'fitness': 0.9697901302880554, 'generation': 220}","{'id': 18026, 'rank': 21, 'fitness': 0.9688307285305829, 'generation': 220}","{'id': 18026, 'rank': 22, 'fitness': 0.9688307285305829, 'generation': 220}","{'id': 17805, 'rank': 23, 'fitness': 0.9688026354075245, 'generation': 220}","{'id': 17899, 'rank': 24, 'fitness': 0.967319502404957, 'generation': 220}","{'id': 18062, 'rank': 25, 'fitness': 0.9504139554985545, 'generation': 220}","{'id': 18034, 'rank': 26, 'fitness': 0.9470571303808908, 'generation': 220}","{'id': 18034, 'rank': 27, 'fitness': 0.9470571303808908, 'generation': 220}","{'id': 17927, 'rank': 28, 'fitness': 0.8730483875707671, 'generation': 220}","{'id': 17846, 'rank': 29, 'fitness': 0.8266393084076007, 'generation': 220}","{'id': 17966, 'rank': 30, 'fitness': 0.01798620996209155, 'generation': 220}"
"{'id': 18100, 'rank': 1, 'fitness': 0.9820137900379085, 'generation': 221}","{'id': 18112, 'rank': 2, 'fitness': 0.9809163794024207, 'generation': 221}","{'id': 18113, 'rank': 3, 'fitness': 0.9787226206040744, 'generation': 221}","{'id': 17971, 'rank': 4, 'fitness': 0.9771425332168886, 'generation': 221}","{'id': 18101, 'rank': 5, 'fitness': 0.9737239400099622, 'generation': 221}","{'id': 18071, 'rank': 6, 'fitness': 0.964474686400953, 'generation': 221}","{'id': 18071, 'rank': 7, 'fitness': 0.964474686400953, 'generation': 221}","{'id': 17914, 'rank': 8, 'fitness': 0.9511257195200492, 'generation': 221}","{'id': 18147, 'rank': 9, 'fitness': 0.9504885850721034, 'generation': 221}","{'id': 17922, 'rank': 10, 'fitness': 0.9320952684943289, 'generation': 221}","{'id': 17922, 'rank': 11, 'fitness': 0.9320952684943289, 'generation': 221}","{'id': 18086, 'rank': 12, 'fitness': 0.9271807119069315, 'generation': 221}","{'id': 18096, 'rank': 13, 'fitness': 0.9027976942338518, 'generation': 221}","{'id': 18145, 'rank': 14, 'fitness': 0.8701628929097077, 'generation': 221}","{'id': 18151, 'rank': 15, 'fitness': 0.846680452459535, 'generation': 221}","{'id': 17871, 'rank': 16, 'fitness': 0.8171151713721686, 'generation': 221}","{'id': 18021, 'rank': 17, 'fitness': 0.8111635919430085, 'generation': 221}","{'id': 18072, 'rank': 18, 'fitness': 0.8020284542694551, 'generation': 221}","{'id': 18136, 'rank': 19, 'fitness': 0.725834614463716, 'generation': 221}","{'id': 18146, 'rank': 20, 'fitness': 0.6142952266060188, 'generation': 221}","{'id': 18026, 'rank': 21, 'fitness': 0.6068953209906309, 'generation': 221}","{'id': 17805, 'rank': 22, 'fitness': 0.605558595989584, 'generation': 221}","{'id': 18140, 'rank': 23, 'fitness': 0.5438186173737407, 'generation': 221}","{'id': 18140, 'rank': 24, 'fitness': 0.5438186173737407, 'generation': 221}","{'id': 17899, 'rank': 25, 'fitness': 0.5348867338925333, 'generation': 221}","{'id': 18105, 'rank': 26, 'fitness': 0.22518140634534795, 'generation': 221}","{'id': 18105, 'rank': 27, 'fitness': 0.22518140634534795, 'generation': 221}","{'id': 18062, 'rank': 28, 'fitness': 0.07748175866968876, 'generation': 221}","{'id': 18121, 'rank': 29, 'fitness': 0.06217447743547977, 'generation': 221}","{'id': 18131, 'rank': 30, 'fitness': 0.01798620996209155, 'generation': 221}"
"{'id': 18172, 'rank': 1, 'fitness': 0.9820137900379085, 'generation': 222}","{'id': 18172, 'rank': 2, 'fitness': 0.9820137900379085, 'generation': 222}","{'id': 18112, 'rank': 3, 'fitness': 0.9819314468461061, 'generation': 222}","{'id': 18101, 'rank': 4, 'fitness': 0.9817625941435784, 'generation': 222}","{'id': 18211, 'rank': 5, 'fitness': 0.9816826538783276, 'generation': 222}","{'id': 18164, 'rank': 6, 'fitness': 0.9816680952526378, 'generation': 222}","{'id': 18164, 'rank': 7, 'fitness': 0.9816680952526378, 'generation': 222}","{'id': 18183, 'rank': 8, 'fitness': 0.9815132840711525, 'generation': 222}","{'id': 18187, 'rank': 9, 'fitness': 0.9813262453225384, 'generation': 222}","{'id': 18086, 'rank': 10, 'fitness': 0.9812004184550518, 'generation': 222}","{'id': 18096, 'rank': 11, 'fitness': 0.9810311842351482, 'generation': 222}","{'id': 18145, 'rank': 12, 'fitness': 0.9808545626231695, 'generation': 222}","{'id': 18145, 'rank': 13, 'fitness': 0.9808545626231695, 'generation': 222}","{'id': 18151, 'rank': 14, 'fitness': 0.9807490095288034, 'generation': 222}","{'id': 18209, 'rank': 15, 'fitness': 0.9801411067783024, 'generation': 222}","{'id': 18026, 'rank': 16, 'fitness': 0.980039751697517, 'generation': 222}","{'id': 18191, 'rank': 17, 'fitness': 0.9800080919028181, 'generation': 222}","{'id': 18062, 'rank': 18, 'fitness': 0.9783222460454617, 'generation': 222}","{'id': 18207, 'rank': 19, 'fitness': 0.9768627210354243, 'generation': 222}","{'id': 18207, 'rank': 20, 'fitness': 0.9768627210354243, 'generation': 222}","{'id': 18156, 'rank': 21, 'fitness': 0.9767906319535682, 'generation': 222}","{'id': 18201, 'rank': 22, 'fitness': 0.9717857263926821, 'generation': 222}","{'id': 18201, 'rank': 23, 'fitness': 0.9717857263926821, 'generation': 222}","{'id': 18193, 'rank': 24, 'fitness': 0.9652541004908108, 'generation': 222}","{'id': 18203, 'rank': 25, 'fitness': 0.9590798418680012, 'generation': 222}","{'id': 18214, 'rank': 26, 'fitness': 0.9477727553734955, 'generation': 222}","{'id': 18158, 'rank': 27, 'fitness': 0.9293126044195864, 'generation': 222}","{'id': 18180, 'rank': 28, 'fitness': 0.7299347100723201, 'generation': 222}","{'id': 18216, 'rank': 29, 'fitness': 0.1426243633393517, 'generation': 222}","{'id': 18213, 'rank': 30, 'fitness': 0.01798620996209155, 'generation': 222}"
"{'id': 18242, 'rank': 1, 'fitness': 0.9820137900379085, 'generation': 223}","{'id': 18261, 'rank': 2, 'fitness': 0.981695896952955, 'generation': 223}","{'id': 18288, 'rank': 3, 'fitness': 0.9816095526606898, 'generation': 223}","{'id': 18302, 'rank': 4, 'fitness': 0.9816052340117758, 'generation': 223}","{'id': 18245, 'rank': 5, 'fitness': 0.9813890838758769, 'generation': 223}","{'id': 18272, 'rank': 6, 'fitness': 0.9811533956540088, 'generation': 223}","{'id': 18284, 'rank': 7, 'fitness': 0.9802866830257392, 'generation': 223}","{'id': 18086, 'rank': 8, 'fitness': 0.9801162683358153, 'generation': 223}","{'id': 18274, 'rank': 9, 'fitness': 0.9800717348568385, 'generation': 223}","{'id': 18238, 'rank': 10, 'fitness': 0.9798213715130201, 'generation': 223}","{'id': 18254, 'rank': 11, 'fitness': 0.9794105618047394, 'generation': 223}","{'id': 18254, 'rank': 12, 'fitness': 0.9794105618047394, 'generation': 223}","{'id': 18254, 'rank': 13, 'fitness': 0.9794105618047394, 'generation': 223}","{'id': 18309, 'rank': 14, 'fitness': 0.9789946696979575, 'generation': 223}","{'id': 18309, 'rank': 15, 'fitness': 0.9789946696979575, 'generation': 223}","{'id': 18310, 'rank': 16, 'fitness': 0.9782964805307123, 'generation': 223}","{'id': 18279, 'rank': 17, 'fitness': 0.9780476957882176, 'generation': 223}","{'id': 18256, 'rank': 18, 'fitness': 0.9776698761698743, 'generation': 223}","{'id': 18191, 'rank': 19, 'fitness': 0.9765805049413744, 'generation': 223}","{'id': 18191, 'rank': 20, 'fitness': 0.9765805049413744, 'generation': 223}","{'id': 18313, 'rank': 21, 'fitness': 0.9688726618114194, 'generation': 223}","{'id': 18248, 'rank': 22, 'fitness': 0.9628692105416095, 'generation': 223}","{'id': 18232, 'rank': 23, 'fitness': 0.9546523070243089, 'generation': 223}","{'id': 18295, 'rank': 24, 'fitness': 0.9475529200586429, 'generation': 223}","{'id': 18229, 'rank': 25, 'fitness': 0.9451186390321393, 'generation': 223}","{'id': 18231, 'rank': 26, 'fitness': 0.9426847414810349, 'generation': 223}","{'id': 18269, 'rank': 27, 'fitness': 0.9106405439888815, 'generation': 223}","{'id': 18268, 'rank': 28, 'fitness': 0.8680658895823268, 'generation': 223}","{'id': 18246, 'rank': 29, 'fitness': 0.8077347174708306, 'generation': 223}","{'id': 18180, 'rank': 30, 'fitness': 0.01798620996209155, 'generation': 223}"
"{'id': 18324, 'rank': 1, 'fitness': 0.9820137900379085, 'generation': 224}","{'id': 18324, 'rank': 2, 'fitness': 0.9820137900379085, 'generation': 224}","{'id': 18403, 'rank': 3, 'fitness': 0.9817750047586705, 'generation': 224}","{'id': 18384, 'rank': 4, 'fitness': 0.9813282589355274, 'generation': 224}","{'id': 18328, 'rank': 5, 'fitness': 0.9804348346159316, 'generation': 224}","{'id': 18328, 'rank': 6, 'fitness': 0.9804348346159316, 'generation': 224}","{'id': 18373, 'rank': 7, 'fitness': 0.9797271099683462, 'generation': 224}","{'id': 18405, 'rank': 8, 'fitness': 0.9797244105211134, 'generation': 224}","{'id': 18377, 'rank': 9, 'fitness': 0.9795783786197461, 'generation': 224}","{'id': 18407, 'rank': 10, 'fitness': 0.9795249338066867, 'generation': 224}","{'id': 18407, 'rank': 11, 'fitness': 0.9795249338066867, 'generation': 224}","{'id': 18367, 'rank': 12, 'fitness': 0.9794033476865724, 'generation': 224}","{'id': 18365, 'rank': 13, 'fitness': 0.9791700968865424, 'generation': 224}","{'id': 18274, 'rank': 14, 'fitness': 0.9788262481829336, 'generation': 224}","{'id': 18254, 'rank': 15, 'fitness': 0.9776914462147832, 'generation': 224}","{'id': 18348, 'rank': 16, 'fitness': 0.9756050653765614, 'generation': 224}","{'id': 18256, 'rank': 17, 'fitness': 0.9746020620045154, 'generation': 224}","{'id': 18396, 'rank': 18, 'fitness': 0.9734262623113269, 'generation': 224}","{'id': 18191, 'rank': 19, 'fitness': 0.9725957413242949, 'generation': 224}","{'id': 18337, 'rank': 20, 'fitness': 0.9709444266024092, 'generation': 224}","{'id': 18399, 'rank': 21, 'fitness': 0.9686810661824685, 'generation': 224}","{'id': 18399, 'rank': 22, 'fitness': 0.9686810661824685, 'generation': 224}","{'id': 18319, 'rank': 23, 'fitness': 0.9556686059246684, 'generation': 224}","{'id': 18388, 'rank': 24, 'fitness': 0.9556107892098945, 'generation': 224}","{'id': 18350, 'rank': 25, 'fitness': 0.9332922360831531, 'generation': 224}","{'id': 18335, 'rank': 26, 'fitness': 0.9261664598976873, 'generation': 224}","{'id': 18386, 'rank': 27, 'fitness': 0.910293681288286, 'generation': 224}","{'id': 18295, 'rank': 28, 'fitness': 0.9028560073840042, 'generation': 224}","{'id': 18364, 'rank': 29, 'fitness': 0.8714287391772967, 'generation': 224}","{'id': 18395, 'rank': 30, 'fitness': 0.01798620996209155, 'generation': 224}"
"{'id': 18442, 'rank': 1, 'fitness': 0.9820137900379085, 'generation': 225}","{'id': 18458, 'rank': 2, 'fitness': 0.9768255327419345, 'generation': 225}","{'id': 18377, 'rank': 3, 'fitness': 0.9750503318345585, 'generation': 225}","{'id': 18407, 'rank': 4, 'fitness': 0.9748939202058913, 'generation': 225}","{'id': 18467, 'rank': 5, 'fitness': 0.973592003398975, 'generation': 225}","{'id': 18410, 'rank': 6, 'fitness': 0.972219300116601, 'generation': 225}","{'id': 18482, 'rank': 7, 'fitness': 0.9703841756175821, 'generation': 225}","{'id': 18254, 'rank': 8, 'fitness': 0.9691919806259237, 'generation': 225}","{'id': 18254, 'rank': 9, 'fitness': 0.9691919806259237, 'generation': 225}","{'id': 18481, 'rank': 10, 'fitness': 0.9680409555357697, 'generation': 225}","{'id': 18462, 'rank': 11, 'fitness': 0.9665228271394695, 'generation': 225}","{'id': 18455, 'rank': 12, 'fitness': 0.9647965266054428, 'generation': 225}","{'id': 18461, 'rank': 13, 'fitness': 0.9638080176044956, 'generation': 225}","{'id': 18461, 'rank': 14, 'fitness': 0.9638080176044956, 'generation': 225}","{'id': 18436, 'rank': 15, 'fitness': 0.9551055146490528, 'generation': 225}","{'id': 18460, 'rank': 16, 'fitness': 0.953927690115415, 'generation': 225}","{'id': 18484, 'rank': 17, 'fitness': 0.9536261885006094, 'generation': 225}","{'id': 18438, 'rank': 18, 'fitness': 0.9525573388800284, 'generation': 225}","{'id': 18432, 'rank': 19, 'fitness': 0.9439080887208628, 'generation': 225}","{'id': 18337, 'rank': 20, 'fitness': 0.9425274661833122, 'generation': 225}","{'id': 18399, 'rank': 21, 'fitness': 0.9315945997068915, 'generation': 225}","{'id': 18399, 'rank': 22, 'fitness': 0.9315945997068915, 'generation': 225}","{'id': 18464, 'rank': 23, 'fitness': 0.8772603699850432, 'generation': 225}","{'id': 18350, 'rank': 24, 'fitness': 0.6694358533261437, 'generation': 225}","{'id': 18335, 'rank': 25, 'fitness': 0.6090700179299603, 'generation': 225}","{'id': 18335, 'rank': 26, 'fitness': 0.6090700179299603, 'generation': 225}","{'id': 18364, 'rank': 27, 'fitness': 0.26202885121925423, 'generation': 225}","{'id': 18447, 'rank': 28, 'fitness': 0.19341768430881567, 'generation': 225}","{'id': 18450, 'rank': 29, 'fitness': 0.0770295090145584, 'generation': 225}","{'id': 18446, 'rank': 30, 'fitness': 0.01798620996209155, 'generation': 225}"
"{'id': 18499, 'rank': 1, 'fitness': 0.9820137900379085, 'generation': 226}","{'id': 18505, 'rank': 2, 'fitness': 0.9819512425790373, 'generation': 226}","{'id': 18555, 'rank': 3, 'fitness': 0.9818676439441346, 'generation': 226}","{'id': 18559, 'rank': 4, 'fitness': 0.9818100569775549, 'generation': 226}","{'id': 18506, 'rank': 5, 'fitness': 0.9817512819563537, 'generation': 226}","{'id': 18513, 'rank': 6, 'fitness': 0.9816187240371694, 'generation': 226}","{'id': 18377, 'rank': 7, 'fitness': 0.9812102682823398, 'generation': 226}","{'id': 18407, 'rank': 8, 'fitness': 0.9811961935403165, 'generation': 226}","{'id': 18521, 'rank': 9, 'fitness': 0.9811247431389798, 'generation': 226}","{'id': 18467, 'rank': 10, 'fitness': 0.9810818668997856, 'generation': 226}","{'id': 18540, 'rank': 11, 'fitness': 0.9808346149937321, 'generation': 226}","{'id': 18254, 'rank': 12, 'fitness': 0.9807281261108817, 'generation': 226}","{'id': 18481, 'rank': 13, 'fitness': 0.9806427303269483, 'generation': 226}","{'id': 18523, 'rank': 14, 'fitness': 0.9806023957296592, 'generation': 226}","{'id': 18455, 'rank': 15, 'fitness': 0.9804153305696908, 'generation': 226}","{'id': 18461, 'rank': 16, 'fitness': 0.9803495742492364, 'generation': 226}","{'id': 18530, 'rank': 17, 'fitness': 0.980250367996238, 'generation': 226}","{'id': 18511, 'rank': 18, 'fitness': 0.9797402309360955, 'generation': 226}","{'id': 18399, 'rank': 19, 'fitness': 0.9787510861370882, 'generation': 226}","{'id': 18549, 'rank': 20, 'fitness': 0.9784020265530484, 'generation': 226}","{'id': 18549, 'rank': 21, 'fitness': 0.9784020265530484, 'generation': 226}","{'id': 18544, 'rank': 22, 'fitness': 0.9777522633951875, 'generation': 226}","{'id': 18335, 'rank': 23, 'fitness': 0.9726646219220827, 'generation': 226}","{'id': 18364, 'rank': 24, 'fitness': 0.9675728276036903, 'generation': 226}","{'id': 18503, 'rank': 25, 'fitness': 0.9668046257371086, 'generation': 226}","{'id': 18503, 'rank': 26, 'fitness': 0.9668046257371086, 'generation': 226}","{'id': 18551, 'rank': 27, 'fitness': 0.9635886584807487, 'generation': 226}","{'id': 18554, 'rank': 28, 'fitness': 0.9553033625998517, 'generation': 226}","{'id': 18497, 'rank': 29, 'fitness': 0.884239486857657, 'generation': 226}","{'id': 18525, 'rank': 30, 'fitness': 0.01798620996209155, 'generation': 226}"
"{'id': 18505, 'rank': 1, 'fitness': 0.9820137900379085, 'generation': 227}","{'id': 18597, 'rank': 2, 'fitness': 0.9818006800984735, 'generation': 227}","{'id': 18602, 'rank': 3, 'fitness': 0.9811835429170831, 'generation': 227}","{'id': 18607, 'rank': 4, 'fitness': 0.9809464720031909, 'generation': 227}","{'id': 18513, 'rank': 5, 'fitness': 0.980885936391136, 'generation': 227}","{'id': 18595, 'rank': 6, 'fitness': 0.9803520030351283, 'generation': 227}","{'id': 18633, 'rank': 7, 'fitness': 0.9801640899322532, 'generation': 227}","{'id': 18624, 'rank': 8, 'fitness': 0.9797605346574896, 'generation': 227}","{'id': 18604, 'rank': 9, 'fitness': 0.9784370930676606, 'generation': 227}","{'id': 18576, 'rank': 10, 'fitness': 0.9784349988039927, 'generation': 227}","{'id': 18603, 'rank': 11, 'fitness': 0.9781793603783023, 'generation': 227}","{'id': 18603, 'rank': 12, 'fitness': 0.9781793603783023, 'generation': 227}","{'id': 18623, 'rank': 13, 'fitness': 0.9777118011589471, 'generation': 227}","{'id': 18571, 'rank': 14, 'fitness': 0.977490812512541, 'generation': 227}","{'id': 18588, 'rank': 15, 'fitness': 0.9747929582771713, 'generation': 227}","{'id': 18580, 'rank': 16, 'fitness': 0.9736767801537506, 'generation': 227}","{'id': 18579, 'rank': 17, 'fitness': 0.9730026705051, 'generation': 227}","{'id': 18634, 'rank': 18, 'fitness': 0.9701102126267966, 'generation': 227}","{'id': 18615, 'rank': 19, 'fitness': 0.9700737590913939, 'generation': 227}","{'id': 18617, 'rank': 20, 'fitness': 0.9678636911900635, 'generation': 227}","{'id': 18549, 'rank': 21, 'fitness': 0.9673795003535162, 'generation': 227}","{'id': 18630, 'rank': 22, 'fitness': 0.9667601118751074, 'generation': 227}","{'id': 18627, 'rank': 23, 'fitness': 0.9633933569601381, 'generation': 227}","{'id': 18636, 'rank': 24, 'fitness': 0.952874760262534, 'generation': 227}","{'id': 18618, 'rank': 25, 'fitness': 0.9510749781999908, 'generation': 227}","{'id': 18335, 'rank': 26, 'fitness': 0.9298861038083845, 'generation': 227}","{'id': 18503, 'rank': 27, 'fitness': 0.8718604714803941, 'generation': 227}","{'id': 18593, 'rank': 28, 'fitness': 0.7449302346643394, 'generation': 227}","{'id': 18574, 'rank': 29, 'fitness': 0.23279528368257113, 'generation': 227}","{'id': 18570, 'rank': 30, 'fitness': 0.01798620996209155, 'generation': 227}"
"{'id': 18597, 'rank': 1, 'fitness': 0.9820137900379085, 'generation': 228}","{'id': 18651, 'rank': 2, 'fitness': 0.9811828711672579, 'generation': 228}","{'id': 18736, 'rank': 3, 'fitness': 0.9780093589180183, 'generation': 228}","{'id': 18659, 'rank': 4, 'fitness': 0.9779364497044435, 'generation': 228}","{'id': 18696, 'rank': 5, 'fitness': 0.9741285818440615, 'generation': 228}","{'id': 18731, 'rank': 6, 'fitness': 0.973458307505457, 'generation': 228}","{'id': 18711, 'rank': 7, 'fitness': 0.9723974992350157, 'generation': 228}","{'id': 18730, 'rank': 8, 'fitness': 0.9697468436256225, 'generation': 228}","{'id': 18730, 'rank': 9, 'fitness': 0.9697468436256225, 'generation': 228}","{'id': 18653, 'rank': 10, 'fitness': 0.96730971809551, 'generation': 228}","{'id': 18728, 'rank': 11, 'fitness': 0.9664428213667934, 'generation': 228}","{'id': 18716, 'rank': 12, 'fitness': 0.965305408639032, 'generation': 228}","{'id': 18707, 'rank': 13, 'fitness': 0.9652717224550584, 'generation': 228}","{'id': 18707, 'rank': 14, 'fitness': 0.9652717224550584, 'generation': 228}","{'id': 18729, 'rank': 15, 'fitness': 0.9648811644620835, 'generation': 228}","{'id': 18698, 'rank': 16, 'fitness': 0.9640048683821414, 'generation': 228}","{'id': 18658, 'rank': 17, 'fitness': 0.9550835555305994, 'generation': 228}","{'id': 18658, 'rank': 18, 'fitness': 0.9550835555305994, 'generation': 228}","{'id': 18704, 'rank': 19, 'fitness': 0.9489394944556273, 'generation': 228}","{'id': 18580, 'rank': 20, 'fitness': 0.9463492609232913, 'generation': 228}","{'id': 18686, 'rank': 21, 'fitness': 0.9460968239272253, 'generation': 228}","{'id': 18671, 'rank': 22, 'fitness': 0.9225057205235405, 'generation': 228}","{'id': 18697, 'rank': 23, 'fitness': 0.9168480464938513, 'generation': 228}","{'id': 18617, 'rank': 24, 'fitness': 0.905061138255653, 'generation': 228}","{'id': 18549, 'rank': 25, 'fitness': 0.90100994500602, 'generation': 228}","{'id': 18630, 'rank': 26, 'fitness': 0.8956932661293988, 'generation': 228}","{'id': 18680, 'rank': 27, 'fitness': 0.8224626786407134, 'generation': 228}","{'id': 18663, 'rank': 28, 'fitness': 0.5157855561273277, 'generation': 228}","{'id': 18503, 'rank': 29, 'fitness': 0.0998253220920372, 'generation': 228}","{'id': 18677, 'rank': 30, 'fitness': 0.01798620996209155, 'generation': 228}"
"{'id': 18793, 'rank': 1, 'fitness': 0.9820137900379085, 'generation': 229}","{'id': 18772, 'rank': 2, 'fitness': 0.9813398445684799, 'generation': 229}","{'id': 18753, 'rank': 3, 'fitness': 0.9794728269320346, 'generation': 229}","{'id': 18764, 'rank': 4, 'fitness': 0.9790154717976505, 'generation': 229}","{'id': 18659, 'rank': 5, 'fitness': 0.9786535254374479, 'generation': 229}","{'id': 18659, 'rank': 6, 'fitness': 0.9786535254374479, 'generation': 229}","{'id': 18782, 'rank': 7, 'fitness': 0.9782785163959766, 'generation': 229}","{'id': 18773, 'rank': 8, 'fitness': 0.9775524302318703, 'generation': 229}","{'id': 18790, 'rank': 9, 'fitness': 0.9754922262125207, 'generation': 229}","{'id': 18785, 'rank': 10, 'fitness': 0.9749702437006242, 'generation': 229}","{'id': 18731, 'rank': 11, 'fitness': 0.9730030386629388, 'generation': 229}","{'id': 18761, 'rank': 12, 'fitness': 0.9698049633479553, 'generation': 229}","{'id': 18754, 'rank': 13, 'fitness': 0.9685722574622833, 'generation': 229}","{'id': 18730, 'rank': 14, 'fitness': 0.9681239940412671, 'generation': 229}","{'id': 18758, 'rank': 15, 'fitness': 0.9590532001569689, 'generation': 229}","{'id': 18658, 'rank': 16, 'fitness': 0.9474493733807353, 'generation': 229}","{'id': 18658, 'rank': 17, 'fitness': 0.9474493733807353, 'generation': 229}","{'id': 18658, 'rank': 18, 'fitness': 0.9474493733807353, 'generation': 229}","{'id': 18704, 'rank': 19, 'fitness': 0.938248365748222, 'generation': 229}","{'id': 18768, 'rank': 20, 'fitness': 0.9358035315556328, 'generation': 229}","{'id': 18810, 'rank': 21, 'fitness': 0.9211891175710156, 'generation': 229}","{'id': 18769, 'rank': 22, 'fitness': 0.9057219170887093, 'generation': 229}","{'id': 18776, 'rank': 23, 'fitness': 0.8879085240732099, 'generation': 229}","{'id': 18697, 'rank': 24, 'fitness': 0.8867088592208945, 'generation': 229}","{'id': 18697, 'rank': 25, 'fitness': 0.8867088592208945, 'generation': 229}","{'id': 18791, 'rank': 26, 'fitness': 0.8829609381639361, 'generation': 229}","{'id': 18814, 'rank': 27, 'fitness': 0.7287168477605643, 'generation': 229}","{'id': 18680, 'rank': 28, 'fitness': 0.722268799152695, 'generation': 229}","{'id': 18767, 'rank': 29, 'fitness': 0.03098993811234113, 'generation': 229}","{'id': 18766, 'rank': 30, 'fitness': 0.01798620996209155, 'generation': 229}"
"{'id': 18793, 'rank': 1, 'fitness': 0.9820137900379085, 'generation': 230}","{'id': 18793, 'rank': 2, 'fitness': 0.9820137900379085, 'generation': 230}","{'id': 18867, 'rank': 3, 'fitness': 0.9815964539317275, 'generation': 230}","{'id': 18859, 'rank': 4, 'fitness': 0.9814010122070456, 'generation': 230}","{'id': 18877, 'rank': 5, 'fitness': 0.9802307100994025, 'generation': 230}","{'id': 18753, 'rank': 6, 'fitness': 0.9800721787984061, 'generation': 230}","{'id': 18854, 'rank': 7, 'fitness': 0.979354141595937, 'generation': 230}","{'id': 18782, 'rank': 8, 'fitness': 0.9791780427311443, 'generation': 230}","{'id': 18773, 'rank': 9, 'fitness': 0.978639707784581, 'generation': 230}","{'id': 18835, 'rank': 10, 'fitness': 0.9759926641755099, 'generation': 230}","{'id': 18829, 'rank': 11, 'fitness': 0.9744409313002576, 'generation': 230}","{'id': 18889, 'rank': 12, 'fitness': 0.9724129239658152, 'generation': 230}","{'id': 18754, 'rank': 13, 'fitness': 0.9722533488258024, 'generation': 230}","{'id': 18851, 'rank': 14, 'fitness': 0.972100519581796, 'generation': 230}","{'id': 18730, 'rank': 15, 'fitness': 0.9719457222044018, 'generation': 230}","{'id': 18837, 'rank': 16, 'fitness': 0.9714337136115156, 'generation': 230}","{'id': 18869, 'rank': 17, 'fitness': 0.9614836151134332, 'generation': 230}","{'id': 18658, 'rank': 18, 'fitness': 0.9585412608116568, 'generation': 230}","{'id': 18841, 'rank': 19, 'fitness': 0.9574353200801342, 'generation': 230}","{'id': 18841, 'rank': 20, 'fitness': 0.9574353200801342, 'generation': 230}","{'id': 18768, 'rank': 21, 'fitness': 0.9514726869111998, 'generation': 230}","{'id': 18887, 'rank': 22, 'fitness': 0.9412973827340086, 'generation': 230}","{'id': 18887, 'rank': 23, 'fitness': 0.9412973827340086, 'generation': 230}","{'id': 18822, 'rank': 24, 'fitness': 0.940657189286737, 'generation': 230}","{'id': 18831, 'rank': 25, 'fitness': 0.9293116750833358, 'generation': 230}","{'id': 18821, 'rank': 26, 'fitness': 0.8928169687495822, 'generation': 230}","{'id': 18821, 'rank': 27, 'fitness': 0.8928169687495822, 'generation': 230}","{'id': 18853, 'rank': 28, 'fitness': 0.8606542690748005, 'generation': 230}","{'id': 18844, 'rank': 29, 'fitness': 0.8168489184995896, 'generation': 230}","{'id': 18896, 'rank': 30, 'fitness': 0.01798620996209155, 'generation': 230}"
"{'id': 18953, 'rank': 1, 'fitness': 0.9820137900379085, 'generation': 231}","{'id': 18932, 'rank': 2, 'fitness': 0.981775259116827, 'generation': 231}","{'id': 18932, 'rank': 3, 'fitness': 0.981775259116827, 'generation': 231}","{'id': 18928, 'rank': 4, 'fitness': 0.9815651288671992, 'generation': 231}","{'id': 18985, 'rank': 5, 'fitness': 0.9812983220572393, 'generation': 231}","{'id': 18971, 'rank': 6, 'fitness': 0.9811078792050478, 'generation': 231}","{'id': 18972, 'rank': 7, 'fitness': 0.9805188258068394, 'generation': 231}","{'id': 18972, 'rank': 8, 'fitness': 0.9805188258068394, 'generation': 231}","{'id': 18964, 'rank': 9, 'fitness': 0.9805130272188087, 'generation': 231}","{'id': 18964, 'rank': 10, 'fitness': 0.9805130272188087, 'generation': 231}","{'id': 18964, 'rank': 11, 'fitness': 0.9805130272188087, 'generation': 231}","{'id': 18965, 'rank': 12, 'fitness': 0.9804468028038551, 'generation': 231}","{'id': 18916, 'rank': 13, 'fitness': 0.9804254346050578, 'generation': 231}","{'id': 18956, 'rank': 14, 'fitness': 0.9798985002457151, 'generation': 231}","{'id': 18957, 'rank': 15, 'fitness': 0.979838976517443, 'generation': 231}","{'id': 18951, 'rank': 16, 'fitness': 0.9790424960478946, 'generation': 231}","{'id': 18926, 'rank': 17, 'fitness': 0.9789273440030485, 'generation': 231}","{'id': 18948, 'rank': 18, 'fitness': 0.9789192871413648, 'generation': 231}","{'id': 18754, 'rank': 19, 'fitness': 0.9782227769155885, 'generation': 231}","{'id': 18851, 'rank': 20, 'fitness': 0.9781755153268704, 'generation': 231}","{'id': 18851, 'rank': 21, 'fitness': 0.9781755153268704, 'generation': 231}","{'id': 18658, 'rank': 22, 'fitness': 0.9744636657125145, 'generation': 231}","{'id': 18905, 'rank': 23, 'fitness': 0.973883477918374, 'generation': 231}","{'id': 18945, 'rank': 24, 'fitness': 0.9729464067177949, 'generation': 231}","{'id': 18978, 'rank': 25, 'fitness': 0.9729442389241629, 'generation': 231}","{'id': 18887, 'rank': 26, 'fitness': 0.9706379192383066, 'generation': 231}","{'id': 18925, 'rank': 27, 'fitness': 0.9608356004438572, 'generation': 231}","{'id': 18936, 'rank': 28, 'fitness': 0.9503835802563794, 'generation': 231}","{'id': 18896, 'rank': 29, 'fitness': 0.698659027398139, 'generation': 231}","{'id': 18963, 'rank': 30, 'fitness': 0.01798620996209155, 'generation': 231}"
"{'id': 19059, 'rank': 1, 'fitness': 0.9820137900379085, 'generation': 232}","{'id': 19059, 'rank': 2, 'fitness': 0.9820137900379085, 'generation': 232}","{'id': 18932, 'rank': 3, 'fitness': 0.9815084253041588, 'generation': 232}","{'id': 19031, 'rank': 4, 'fitness': 0.981058291041695, 'generation': 232}","{'id': 18928, 'rank': 5, 'fitness': 0.9809635692397854, 'generation': 232}","{'id': 19014, 'rank': 6, 'fitness': 0.9797907023683858, 'generation': 232}","{'id': 18971, 'rank': 7, 'fitness': 0.9797453733316251, 'generation': 232}","{'id': 19030, 'rank': 8, 'fitness': 0.9793230284779479, 'generation': 232}","{'id': 19056, 'rank': 9, 'fitness': 0.9787480175175226, 'generation': 232}","{'id': 19056, 'rank': 10, 'fitness': 0.9787480175175226, 'generation': 232}","{'id': 19003, 'rank': 11, 'fitness': 0.9783496887869052, 'generation': 232}","{'id': 18964, 'rank': 12, 'fitness': 0.9780932195840722, 'generation': 232}","{'id': 18916, 'rank': 13, 'fitness': 0.9778434581512091, 'generation': 232}","{'id': 19005, 'rank': 14, 'fitness': 0.9774102236858437, 'generation': 232}","{'id': 18992, 'rank': 15, 'fitness': 0.974437812971206, 'generation': 232}","{'id': 18948, 'rank': 16, 'fitness': 0.9732853674511179, 'generation': 232}","{'id': 19017, 'rank': 17, 'fitness': 0.9723615140516733, 'generation': 232}","{'id': 18991, 'rank': 18, 'fitness': 0.9716079618073237, 'generation': 232}","{'id': 19055, 'rank': 19, 'fitness': 0.9710731674043818, 'generation': 232}","{'id': 18851, 'rank': 20, 'fitness': 0.9708486263146732, 'generation': 232}","{'id': 19024, 'rank': 21, 'fitness': 0.9691970284125202, 'generation': 232}","{'id': 19037, 'rank': 22, 'fitness': 0.9680444445263297, 'generation': 232}","{'id': 19019, 'rank': 23, 'fitness': 0.9593552991143544, 'generation': 232}","{'id': 18887, 'rank': 24, 'fitness': 0.9390168628031088, 'generation': 232}","{'id': 19044, 'rank': 25, 'fitness': 0.9363613770657734, 'generation': 232}","{'id': 19002, 'rank': 26, 'fitness': 0.9357800824317316, 'generation': 232}","{'id': 18994, 'rank': 27, 'fitness': 0.9157365563845538, 'generation': 232}","{'id': 19045, 'rank': 28, 'fitness': 0.8902972898147188, 'generation': 232}","{'id': 18987, 'rank': 29, 'fitness': 0.8433607484832096, 'generation': 232}","{'id': 18896, 'rank': 30, 'fitness': 0.01798620996209155, 'generation': 232}"
"{'id': 19059, 'rank': 1, 'fitness': 0.9820137900379085, 'generation': 233}","{'id': 19086, 'rank': 2, 'fitness': 0.9813993932166284, 'generation': 233}","{'id': 19085, 'rank': 3, 'fitness': 0.980069317651497, 'generation': 233}","{'id': 18971, 'rank': 4, 'fitness': 0.9782632840129635, 'generation': 233}","{'id': 19030, 'rank': 5, 'fitness': 0.9775367890878286, 'generation': 233}","{'id': 19117, 'rank': 6, 'fitness': 0.977102710202284, 'generation': 233}","{'id': 19082, 'rank': 7, 'fitness': 0.9768479588294678, 'generation': 233}","{'id': 19138, 'rank': 8, 'fitness': 0.9766940031379807, 'generation': 233}","{'id': 19056, 'rank': 9, 'fitness': 0.9765338505283526, 'generation': 233}","{'id': 19100, 'rank': 10, 'fitness': 0.9721819626477897, 'generation': 233}","{'id': 18948, 'rank': 11, 'fitness': 0.9662514133303407, 'generation': 233}","{'id': 19070, 'rank': 12, 'fitness': 0.965223775617952, 'generation': 233}","{'id': 19017, 'rank': 13, 'fitness': 0.9643848717498874, 'generation': 233}","{'id': 19103, 'rank': 14, 'fitness': 0.9621528992967221, 'generation': 233}","{'id': 19055, 'rank': 15, 'fitness': 0.9617239705505967, 'generation': 233}","{'id': 19142, 'rank': 16, 'fitness': 0.9609755742479598, 'generation': 233}","{'id': 19142, 'rank': 17, 'fitness': 0.9609755742479598, 'generation': 233}","{'id': 19141, 'rank': 18, 'fitness': 0.9479785909919193, 'generation': 233}","{'id': 19098, 'rank': 19, 'fitness': 0.9389646875153119, 'generation': 233}","{'id': 19129, 'rank': 20, 'fitness': 0.9257770422902039, 'generation': 233}","{'id': 19002, 'rank': 21, 'fitness': 0.8690049630897206, 'generation': 233}","{'id': 19107, 'rank': 22, 'fitness': 0.841239422971925, 'generation': 233}","{'id': 19071, 'rank': 23, 'fitness': 0.8377750399580519, 'generation': 233}","{'id': 19091, 'rank': 24, 'fitness': 0.7662649924238569, 'generation': 233}","{'id': 19069, 'rank': 25, 'fitness': 0.7359323543455469, 'generation': 233}","{'id': 19092, 'rank': 26, 'fitness': 0.7241369939588751, 'generation': 233}","{'id': 19132, 'rank': 27, 'fitness': 0.3842728964212544, 'generation': 233}","{'id': 19074, 'rank': 28, 'fitness': 0.30261790442547576, 'generation': 233}","{'id': 19074, 'rank': 29, 'fitness': 0.30261790442547576, 'generation': 233}","{'id': 19077, 'rank': 30, 'fitness': 0.01798620996209155, 'generation': 233}"
"{'id': 19198, 'rank': 1, 'fitness': 0.9820137900379085, 'generation': 234}","{'id': 19215, 'rank': 2, 'fitness': 0.9818825327979275, 'generation': 234}","{'id': 19175, 'rank': 3, 'fitness': 0.9818472386731782, 'generation': 234}","{'id': 19175, 'rank': 4, 'fitness': 0.9818472386731782, 'generation': 234}","{'id': 19175, 'rank': 5, 'fitness': 0.9818472386731782, 'generation': 234}","{'id': 19086, 'rank': 6, 'fitness': 0.981842067896422, 'generation': 234}","{'id': 19196, 'rank': 7, 'fitness': 0.9816875886495304, 'generation': 234}","{'id': 19170, 'rank': 8, 'fitness': 0.9816166747277965, 'generation': 234}","{'id': 19190, 'rank': 9, 'fitness': 0.9816165648514223, 'generation': 234}","{'id': 19158, 'rank': 10, 'fitness': 0.9814882841488062, 'generation': 234}","{'id': 19158, 'rank': 11, 'fitness': 0.9814882841488062, 'generation': 234}","{'id': 19208, 'rank': 12, 'fitness': 0.9814659891013593, 'generation': 234}","{'id': 19201, 'rank': 13, 'fitness': 0.9814610763545576, 'generation': 234}","{'id': 19149, 'rank': 14, 'fitness': 0.9813889477542828, 'generation': 234}","{'id': 19219, 'rank': 15, 'fitness': 0.9810996096552955, 'generation': 234}","{'id': 19155, 'rank': 16, 'fitness': 0.980899392640451, 'generation': 234}","{'id': 19156, 'rank': 17, 'fitness': 0.9807783811843195, 'generation': 234}","{'id': 19160, 'rank': 18, 'fitness': 0.9806206857178019, 'generation': 234}","{'id': 19204, 'rank': 19, 'fitness': 0.9806074471939668, 'generation': 234}","{'id': 18948, 'rank': 20, 'fitness': 0.979794557017212, 'generation': 234}","{'id': 19166, 'rank': 21, 'fitness': 0.9795805117855056, 'generation': 234}","{'id': 19189, 'rank': 22, 'fitness': 0.9761467910429313, 'generation': 234}","{'id': 19189, 'rank': 23, 'fitness': 0.9761467910429313, 'generation': 234}","{'id': 19223, 'rank': 24, 'fitness': 0.974289546639117, 'generation': 234}","{'id': 19159, 'rank': 25, 'fitness': 0.9734368607319532, 'generation': 234}","{'id': 19178, 'rank': 26, 'fitness': 0.9728520943092135, 'generation': 234}","{'id': 19192, 'rank': 27, 'fitness': 0.9694887779992196, 'generation': 234}","{'id': 19150, 'rank': 28, 'fitness': 0.9411848655166444, 'generation': 234}","{'id': 19222, 'rank': 29, 'fitness': 0.01798620996209155, 'generation': 234}","{'id': 19222, 'rank': 30, 'fitness': 0.01798620996209155, 'generation': 234}"
"{'id': 19292, 'rank': 1, 'fitness': 0.9820137900379085, 'generation': 235}","{'id': 19175, 'rank': 2, 'fitness': 0.9819154439064961, 'generation': 235}","{'id': 19086, 'rank': 3, 'fitness': 0.9819141873767878, 'generation': 235}","{'id': 19293, 'rank': 4, 'fitness': 0.9818677990629289, 'generation': 235}","{'id': 19190, 'rank': 5, 'fitness': 0.9818596452140994, 'generation': 235}","{'id': 19231, 'rank': 6, 'fitness': 0.9818374377877477, 'generation': 235}","{'id': 19231, 'rank': 7, 'fitness': 0.9818374377877477, 'generation': 235}","{'id': 19208, 'rank': 8, 'fitness': 0.9818235013803748, 'generation': 235}","{'id': 19149, 'rank': 9, 'fitness': 0.9818050927228927, 'generation': 235}","{'id': 19281, 'rank': 10, 'fitness': 0.9818010283051337, 'generation': 235}","{'id': 19266, 'rank': 11, 'fitness': 0.9817988663127102, 'generation': 235}","{'id': 19155, 'rank': 12, 'fitness': 0.9816894173120309, 'generation': 235}","{'id': 19303, 'rank': 13, 'fitness': 0.9816725372833953, 'generation': 235}","{'id': 19250, 'rank': 14, 'fitness': 0.9816210024357257, 'generation': 235}","{'id': 19280, 'rank': 15, 'fitness': 0.9815999925704675, 'generation': 235}","{'id': 19287, 'rank': 16, 'fitness': 0.9815981713319627, 'generation': 235}","{'id': 19287, 'rank': 17, 'fitness': 0.9815981713319627, 'generation': 235}","{'id': 19307, 'rank': 18, 'fitness': 0.9812361377681165, 'generation': 235}","{'id': 19305, 'rank': 19, 'fitness': 0.98112586104361, 'generation': 235}","{'id': 19264, 'rank': 20, 'fitness': 0.9808624122443194, 'generation': 235}","{'id': 19282, 'rank': 21, 'fitness': 0.9802929695721272, 'generation': 235}","{'id': 19282, 'rank': 22, 'fitness': 0.9802929695721272, 'generation': 235}","{'id': 19282, 'rank': 23, 'fitness': 0.9802929695721272, 'generation': 235}","{'id': 19226, 'rank': 24, 'fitness': 0.9799682870227555, 'generation': 235}","{'id': 19226, 'rank': 25, 'fitness': 0.9799682870227555, 'generation': 235}","{'id': 19192, 'rank': 26, 'fitness': 0.9794612710678171, 'generation': 235}","{'id': 19265, 'rank': 27, 'fitness': 0.9789706448921727, 'generation': 235}","{'id': 19260, 'rank': 28, 'fitness': 0.9769853958654138, 'generation': 235}","{'id': 19150, 'rank': 29, 'fitness': 0.975810968554975, 'generation': 235}","{'id': 19235, 'rank': 30, 'fitness': 0.01798620996209155, 'generation': 235}"
"{'id': 19371, 'rank': 1, 'fitness': 0.9820137900379085, 'generation': 236}","{'id': 19231, 'rank': 2, 'fitness': 0.9795430300418251, 'generation': 236}","{'id': 19357, 'rank': 3, 'fitness': 0.9790224823326615, 'generation': 236}","{'id': 19317, 'rank': 4, 'fitness': 0.97888706356238, 'generation': 236}","{'id': 19321, 'rank': 5, 'fitness': 0.9768354687380205, 'generation': 236}","{'id': 19155, 'rank': 6, 'fitness': 0.9766148342503995, 'generation': 236}","{'id': 19353, 'rank': 7, 'fitness': 0.9750344404158127, 'generation': 236}","{'id': 19287, 'rank': 8, 'fitness': 0.9746232612658525, 'generation': 236}","{'id': 19338, 'rank': 9, 'fitness': 0.9731031734022932, 'generation': 236}","{'id': 19316, 'rank': 10, 'fitness': 0.957734583897911, 'generation': 236}","{'id': 19359, 'rank': 11, 'fitness': 0.9054622538048411, 'generation': 236}","{'id': 19320, 'rank': 12, 'fitness': 0.9044026250066833, 'generation': 236}","{'id': 19226, 'rank': 13, 'fitness': 0.9017434632008485, 'generation': 236}","{'id': 19362, 'rank': 14, 'fitness': 0.8848496940354471, 'generation': 236}","{'id': 19360, 'rank': 15, 'fitness': 0.8775940077291334, 'generation': 236}","{'id': 19361, 'rank': 16, 'fitness': 0.8236986734481879, 'generation': 236}","{'id': 19313, 'rank': 17, 'fitness': 0.8184829712816094, 'generation': 236}","{'id': 19398, 'rank': 18, 'fitness': 0.8177448181094318, 'generation': 236}","{'id': 19398, 'rank': 19, 'fitness': 0.8177448181094318, 'generation': 236}","{'id': 19314, 'rank': 20, 'fitness': 0.7957394927847677, 'generation': 236}","{'id': 19312, 'rank': 21, 'fitness': 0.5289040310968314, 'generation': 236}","{'id': 19260, 'rank': 22, 'fitness': 0.4675198155140471, 'generation': 236}","{'id': 19363, 'rank': 23, 'fitness': 0.2752404714587101, 'generation': 236}","{'id': 19150, 'rank': 24, 'fitness': 0.2742093296091108, 'generation': 236}","{'id': 19390, 'rank': 25, 'fitness': 0.06145153378932666, 'generation': 236}","{'id': 19315, 'rank': 26, 'fitness': 0.048349457475428625, 'generation': 236}","{'id': 19315, 'rank': 27, 'fitness': 0.048349457475428625, 'generation': 236}","{'id': 19388, 'rank': 28, 'fitness': 0.01798620996209155, 'generation': 236}","{'id': 19388, 'rank': 29, 'fitness': 0.01798620996209155, 'generation': 236}","{'id': 19388, 'rank': 30, 'fitness': 0.01798620996209155, 'generation': 236}"
"{'id': 19454, 'rank': 1, 'fitness': 0.9820137900379085, 'generation': 237}","{'id': 19429, 'rank': 2, 'fitness': 0.9819793032125, 'generation': 237}","{'id': 19429, 'rank': 3, 'fitness': 0.9819793032125, 'generation': 237}","{'id': 19357, 'rank': 4, 'fitness': 0.9819785198201696, 'generation': 237}","{'id': 19469, 'rank': 5, 'fitness': 0.981967767787207, 'generation': 237}","{'id': 19444, 'rank': 6, 'fitness': 0.981884543850581, 'generation': 237}","{'id': 19403, 'rank': 7, 'fitness': 0.9818228228908001, 'generation': 237}","{'id': 19400, 'rank': 8, 'fitness': 0.9817100473397202, 'generation': 237}","{'id': 19430, 'rank': 9, 'fitness': 0.9816748913050484, 'generation': 237}","{'id': 19425, 'rank': 10, 'fitness': 0.9816168050572174, 'generation': 237}","{'id': 19419, 'rank': 11, 'fitness': 0.9815253257538966, 'generation': 237}","{'id': 19419, 'rank': 12, 'fitness': 0.9815253257538966, 'generation': 237}","{'id': 19419, 'rank': 13, 'fitness': 0.9815253257538966, 'generation': 237}","{'id': 19455, 'rank': 14, 'fitness': 0.9815239239538012, 'generation': 237}","{'id': 19316, 'rank': 15, 'fitness': 0.9815208190983279, 'generation': 237}","{'id': 19443, 'rank': 16, 'fitness': 0.9813435934380803, 'generation': 237}","{'id': 19398, 'rank': 17, 'fitness': 0.9804530766053858, 'generation': 237}","{'id': 19398, 'rank': 18, 'fitness': 0.9804530766053858, 'generation': 237}","{'id': 19417, 'rank': 19, 'fitness': 0.9802862622347919, 'generation': 237}","{'id': 19450, 'rank': 20, 'fitness': 0.9801007233784593, 'generation': 237}","{'id': 19442, 'rank': 21, 'fitness': 0.980064827421218, 'generation': 237}","{'id': 19260, 'rank': 22, 'fitness': 0.9793164979930513, 'generation': 237}","{'id': 19363, 'rank': 23, 'fitness': 0.9787076450803938, 'generation': 237}","{'id': 19150, 'rank': 24, 'fitness': 0.978703831558525, 'generation': 237}","{'id': 19315, 'rank': 25, 'fitness': 0.9771738911641946, 'generation': 237}","{'id': 19315, 'rank': 26, 'fitness': 0.9771738911641946, 'generation': 237}","{'id': 19412, 'rank': 27, 'fitness': 0.9759887214920777, 'generation': 237}","{'id': 19467, 'rank': 28, 'fitness': 0.9744125012560141, 'generation': 237}","{'id': 19413, 'rank': 29, 'fitness': 0.9712868807002463, 'generation': 237}","{'id': 19404, 'rank': 30, 'fitness': 0.01798620996209155, 'generation': 237}"
"{'id': 19454, 'rank': 1, 'fitness': 0.9820137900379085, 'generation': 238}","{'id': 19505, 'rank': 2, 'fitness': 0.9818523481945474, 'generation': 238}","{'id': 19509, 'rank': 3, 'fitness': 0.9816314707997496, 'generation': 238}","{'id': 19509, 'rank': 4, 'fitness': 0.9816314707997496, 'generation': 238}","{'id': 19525, 'rank': 5, 'fitness': 0.981043972462855, 'generation': 238}","{'id': 19444, 'rank': 6, 'fitness': 0.9804989245317908, 'generation': 238}","{'id': 19558, 'rank': 7, 'fitness': 0.9799929300744947, 'generation': 238}","{'id': 19541, 'rank': 8, 'fitness': 0.9782914830178017, 'generation': 238}","{'id': 19430, 'rank': 9, 'fitness': 0.9777983269137134, 'generation': 238}","{'id': 19430, 'rank': 10, 'fitness': 0.9777983269137134, 'generation': 238}","{'id': 19419, 'rank': 11, 'fitness': 0.9756731679274743, 'generation': 238}","{'id': 19555, 'rank': 12, 'fitness': 0.9738509953221322, 'generation': 238}","{'id': 19553, 'rank': 13, 'fitness': 0.9720650512270258, 'generation': 238}","{'id': 19471, 'rank': 14, 'fitness': 0.9572715024523737, 'generation': 238}","{'id': 19538, 'rank': 15, 'fitness': 0.9560694478564606, 'generation': 238}","{'id': 19538, 'rank': 16, 'fitness': 0.9560694478564606, 'generation': 238}","{'id': 19543, 'rank': 17, 'fitness': 0.9495135300100834, 'generation': 238}","{'id': 19543, 'rank': 18, 'fitness': 0.9495135300100834, 'generation': 238}","{'id': 19543, 'rank': 19, 'fitness': 0.9495135300100834, 'generation': 238}","{'id': 19487, 'rank': 20, 'fitness': 0.9411725971699385, 'generation': 238}","{'id': 19519, 'rank': 21, 'fitness': 0.9325427644338729, 'generation': 238}","{'id': 19499, 'rank': 22, 'fitness': 0.9285882827105982, 'generation': 238}","{'id': 19515, 'rank': 23, 'fitness': 0.9225594577811056, 'generation': 238}","{'id': 19489, 'rank': 24, 'fitness': 0.919193830151597, 'generation': 238}","{'id': 19550, 'rank': 25, 'fitness': 0.9190541966650853, 'generation': 238}","{'id': 19520, 'rank': 26, 'fitness': 0.8064531835795518, 'generation': 238}","{'id': 19315, 'rank': 27, 'fitness': 0.7774758049245305, 'generation': 238}","{'id': 19412, 'rank': 28, 'fitness': 0.6604351836883979, 'generation': 238}","{'id': 19467, 'rank': 29, 'fitness': 0.4821113353721041, 'generation': 238}","{'id': 19476, 'rank': 30, 'fitness': 0.01798620996209155, 'generation': 238}"
"{'id': 19602, 'rank': 1, 'fitness': 0.9820137900379085, 'generation': 239}","{'id': 19638, 'rank': 2, 'fitness': 0.9818288844866819, 'generation': 239}","{'id': 19454, 'rank': 3, 'fitness': 0.9817822280124081, 'generation': 239}","{'id': 19636, 'rank': 4, 'fitness': 0.9816824670410542, 'generation': 239}","{'id': 19636, 'rank': 5, 'fitness': 0.9816824670410542, 'generation': 239}","{'id': 19639, 'rank': 6, 'fitness': 0.9815400682352076, 'generation': 239}","{'id': 19599, 'rank': 7, 'fitness': 0.9811046898612064, 'generation': 239}","{'id': 19637, 'rank': 8, 'fitness': 0.980969125937808, 'generation': 239}","{'id': 19585, 'rank': 9, 'fitness': 0.9805844887840391, 'generation': 239}","{'id': 19541, 'rank': 10, 'fitness': 0.9802415366925941, 'generation': 239}","{'id': 19628, 'rank': 11, 'fitness': 0.979434292288836, 'generation': 239}","{'id': 19589, 'rank': 12, 'fitness': 0.9793587691542572, 'generation': 239}","{'id': 19603, 'rank': 13, 'fitness': 0.9792530985582096, 'generation': 239}","{'id': 19419, 'rank': 14, 'fitness': 0.9792441543761694, 'generation': 239}","{'id': 19555, 'rank': 15, 'fitness': 0.9785846117222168, 'generation': 239}","{'id': 19555, 'rank': 16, 'fitness': 0.9785846117222168, 'generation': 239}","{'id': 19538, 'rank': 17, 'fitness': 0.9731512595320302, 'generation': 239}","{'id': 19543, 'rank': 18, 'fitness': 0.9714565479785622, 'generation': 239}","{'id': 19499, 'rank': 19, 'fitness': 0.9666964820210845, 'generation': 239}","{'id': 19643, 'rank': 20, 'fitness': 0.9652115042074577, 'generation': 239}","{'id': 19576, 'rank': 21, 'fitness': 0.9607621894851002, 'generation': 239}","{'id': 19575, 'rank': 22, 'fitness': 0.9481980581623155, 'generation': 239}","{'id': 19575, 'rank': 23, 'fitness': 0.9481980581623155, 'generation': 239}","{'id': 19575, 'rank': 24, 'fitness': 0.9481980581623155, 'generation': 239}","{'id': 19520, 'rank': 25, 'fitness': 0.9467193891775065, 'generation': 239}","{'id': 19520, 'rank': 26, 'fitness': 0.9467193891775065, 'generation': 239}","{'id': 19315, 'rank': 27, 'fitness': 0.9427559429406079, 'generation': 239}","{'id': 19566, 'rank': 28, 'fitness': 0.7332780908858961, 'generation': 239}","{'id': 19642, 'rank': 29, 'fitness': 0.026592685395074145, 'generation': 239}","{'id': 19646, 'rank': 30, 'fitness': 0.01798620996209155, 'generation': 239}"
"{'id': 19686, 'rank': 1, 'fitness': 0.9820137900379085, 'generation': 240}","{'id': 19671, 'rank': 2, 'fitness': 0.9819422014577414, 'generation': 240}","{'id': 19638, 'rank': 3, 'fitness': 0.9819139227912164, 'generation': 240}","{'id': 19636, 'rank': 4, 'fitness': 0.9818635055336948, 'generation': 240}","{'id': 19685, 'rank': 5, 'fitness': 0.9817425076779592, 'generation': 240}","{'id': 19722, 'rank': 6, 'fitness': 0.9817256897844637, 'generation': 240}","{'id': 19722, 'rank': 7, 'fitness': 0.9817256897844637, 'generation': 240}","{'id': 19709, 'rank': 8, 'fitness': 0.9817057113105967, 'generation': 240}","{'id': 19700, 'rank': 9, 'fitness': 0.9816098683781533, 'generation': 240}","{'id': 19585, 'rank': 10, 'fitness': 0.9814934090689786, 'generation': 240}","{'id': 19728, 'rank': 11, 'fitness': 0.981231219686663, 'generation': 240}","{'id': 19555, 'rank': 12, 'fitness': 0.9808522941318741, 'generation': 240}","{'id': 19655, 'rank': 13, 'fitness': 0.9803187629498431, 'generation': 240}","{'id': 19668, 'rank': 14, 'fitness': 0.9799864912819066, 'generation': 240}","{'id': 19717, 'rank': 15, 'fitness': 0.9794893228806486, 'generation': 240}","{'id': 19688, 'rank': 16, 'fitness': 0.9790342848877882, 'generation': 240}","{'id': 19701, 'rank': 17, 'fitness': 0.9783175410585159, 'generation': 240}","{'id': 19712, 'rank': 18, 'fitness': 0.9781900097739009, 'generation': 240}","{'id': 19691, 'rank': 19, 'fitness': 0.9780460757180831, 'generation': 240}","{'id': 19732, 'rank': 20, 'fitness': 0.9770787274849633, 'generation': 240}","{'id': 19687, 'rank': 21, 'fitness': 0.9758186461496243, 'generation': 240}","{'id': 19690, 'rank': 22, 'fitness': 0.9756982911371823, 'generation': 240}","{'id': 19652, 'rank': 23, 'fitness': 0.9753522641840529, 'generation': 240}","{'id': 19689, 'rank': 24, 'fitness': 0.9752820664709014, 'generation': 240}","{'id': 19689, 'rank': 25, 'fitness': 0.9752820664709014, 'generation': 240}","{'id': 19575, 'rank': 26, 'fitness': 0.9738891537164955, 'generation': 240}","{'id': 19575, 'rank': 27, 'fitness': 0.9738891537164955, 'generation': 240}","{'id': 19661, 'rank': 28, 'fitness': 0.9720636872071133, 'generation': 240}","{'id': 19703, 'rank': 29, 'fitness': 0.5383013576192228, 'generation': 240}","{'id': 19704, 'rank': 30, 'fitness': 0.01798620996209155, 'generation': 240}"
"{'id': 19767, 'rank': 1, 'fitness': 0.9820137900379085, 'generation': 241}","{'id': 19752, 'rank': 2, 'fitness': 0.9797567944312293, 'generation': 241}","{'id': 19754, 'rank': 3, 'fitness': 0.9781060117951683, 'generation': 241}","{'id': 19756, 'rank': 4, 'fitness': 0.9768085166336706, 'generation': 241}","{'id': 19798, 'rank': 5, 'fitness': 0.9762656831912019, 'generation': 241}","{'id': 19798, 'rank': 6, 'fitness': 0.9762656831912019, 'generation': 241}","{'id': 19795, 'rank': 7, 'fitness': 0.9747328120067476, 'generation': 241}","{'id': 19759, 'rank': 8, 'fitness': 0.9737495570211923, 'generation': 241}","{'id': 19768, 'rank': 9, 'fitness': 0.9726968394706035, 'generation': 241}","{'id': 19751, 'rank': 10, 'fitness': 0.9692610124160739, 'generation': 241}","{'id': 19783, 'rank': 11, 'fitness': 0.9589406459737311, 'generation': 241}","{'id': 19785, 'rank': 12, 'fitness': 0.9435519721571366, 'generation': 241}","{'id': 19769, 'rank': 13, 'fitness': 0.929861151524843, 'generation': 241}","{'id': 19734, 'rank': 14, 'fitness': 0.915215506404946, 'generation': 241}","{'id': 19803, 'rank': 15, 'fitness': 0.9123144062859784, 'generation': 241}","{'id': 19655, 'rank': 16, 'fitness': 0.8937355684856072, 'generation': 241}","{'id': 19655, 'rank': 17, 'fitness': 0.8937355684856072, 'generation': 241}","{'id': 19655, 'rank': 18, 'fitness': 0.8937355684856072, 'generation': 241}","{'id': 19737, 'rank': 19, 'fitness': 0.7813338436085847, 'generation': 241}","{'id': 19717, 'rank': 20, 'fitness': 0.7750119283366492, 'generation': 241}","{'id': 19688, 'rank': 21, 'fitness': 0.6817918262200096, 'generation': 241}","{'id': 19811, 'rank': 22, 'fitness': 0.6726550697728081, 'generation': 241}","{'id': 19811, 'rank': 23, 'fitness': 0.6726550697728081, 'generation': 241}","{'id': 19775, 'rank': 24, 'fitness': 0.6145765929265194, 'generation': 241}","{'id': 19738, 'rank': 25, 'fitness': 0.4203267552772183, 'generation': 241}","{'id': 19809, 'rank': 26, 'fitness': 0.22364511930159314, 'generation': 241}","{'id': 19747, 'rank': 27, 'fitness': 0.17907370442678322, 'generation': 241}","{'id': 19747, 'rank': 28, 'fitness': 0.17907370442678322, 'generation': 241}","{'id': 19779, 'rank': 29, 'fitness': 0.1649287960655298, 'generation': 241}","{'id': 19575, 'rank': 30, 'fitness': 0.01798620996209155, 'generation': 241}"
"{'id': 19876, 'rank': 1, 'fitness': 0.9820137900379085, 'generation': 242}","{'id': 19864, 'rank': 2, 'fitness': 0.9818757980939308, 'generation': 242}","{'id': 19752, 'rank': 3, 'fitness': 0.9816990537285619, 'generation': 242}","{'id': 19752, 'rank': 4, 'fitness': 0.9816990537285619, 'generation': 242}","{'id': 19868, 'rank': 5, 'fitness': 0.981560836184663, 'generation': 242}","{'id': 19867, 'rank': 6, 'fitness': 0.9815060281182618, 'generation': 242}","{'id': 19878, 'rank': 7, 'fitness': 0.9813927262704151, 'generation': 242}","{'id': 19878, 'rank': 8, 'fitness': 0.9813927262704151, 'generation': 242}","{'id': 19756, 'rank': 9, 'fitness': 0.9813029325005198, 'generation': 242}","{'id': 19865, 'rank': 10, 'fitness': 0.9796388441173209, 'generation': 242}","{'id': 19783, 'rank': 11, 'fitness': 0.9795265840154304, 'generation': 242}","{'id': 19859, 'rank': 12, 'fitness': 0.9788494136704182, 'generation': 242}","{'id': 19859, 'rank': 13, 'fitness': 0.9788494136704182, 'generation': 242}","{'id': 19785, 'rank': 14, 'fitness': 0.9784466363123577, 'generation': 242}","{'id': 19814, 'rank': 15, 'fitness': 0.9781987325101408, 'generation': 242}","{'id': 19857, 'rank': 16, 'fitness': 0.977343117967364, 'generation': 242}","{'id': 19655, 'rank': 17, 'fitness': 0.9760515066424322, 'generation': 242}","{'id': 19815, 'rank': 18, 'fitness': 0.9756338763862422, 'generation': 242}","{'id': 19815, 'rank': 19, 'fitness': 0.9756338763862422, 'generation': 242}","{'id': 19843, 'rank': 20, 'fitness': 0.9674104480713605, 'generation': 242}","{'id': 19837, 'rank': 21, 'fitness': 0.9641222935388438, 'generation': 242}","{'id': 19747, 'rank': 22, 'fitness': 0.9582851428832595, 'generation': 242}","{'id': 19852, 'rank': 23, 'fitness': 0.9522780042025347, 'generation': 242}","{'id': 19852, 'rank': 24, 'fitness': 0.9522780042025347, 'generation': 242}","{'id': 19826, 'rank': 25, 'fitness': 0.9474077770753478, 'generation': 242}","{'id': 19836, 'rank': 26, 'fitness': 0.9446853660150205, 'generation': 242}","{'id': 19827, 'rank': 27, 'fitness': 0.9417782559403618, 'generation': 242}","{'id': 19834, 'rank': 28, 'fitness': 0.9174617054202789, 'generation': 242}","{'id': 19833, 'rank': 29, 'fitness': 0.7727758999200083, 'generation': 242}","{'id': 19839, 'rank': 30, 'fitness': 0.01798620996209155, 'generation': 242}"
"{'id': 19962, 'rank': 1, 'fitness': 0.9820137900379085, 'generation': 243}","{'id': 19876, 'rank': 2, 'fitness': 0.9819337393189493, 'generation': 243}","{'id': 19904, 'rank': 3, 'fitness': 0.9818529532344298, 'generation': 243}","{'id': 19901, 'rank': 4, 'fitness': 0.9818308401013451, 'generation': 243}","{'id': 19935, 'rank': 5, 'fitness': 0.9818057227545888, 'generation': 243}","{'id': 19929, 'rank': 6, 'fitness': 0.9815866718002397, 'generation': 243}","{'id': 19887, 'rank': 7, 'fitness': 0.9812036073592829, 'generation': 243}","{'id': 19920, 'rank': 8, 'fitness': 0.9811327626693163, 'generation': 243}","{'id': 19946, 'rank': 9, 'fitness': 0.9810120541477108, 'generation': 243}","{'id': 19959, 'rank': 10, 'fitness': 0.9805548677386903, 'generation': 243}","{'id': 19908, 'rank': 11, 'fitness': 0.9804824991368131, 'generation': 243}","{'id': 19902, 'rank': 12, 'fitness': 0.9803234504337184, 'generation': 243}","{'id': 19956, 'rank': 13, 'fitness': 0.9800440079183984, 'generation': 243}","{'id': 19890, 'rank': 14, 'fitness': 0.9798364049268458, 'generation': 243}","{'id': 19917, 'rank': 15, 'fitness': 0.9791655822685073, 'generation': 243}","{'id': 19883, 'rank': 16, 'fitness': 0.9760032119184977, 'generation': 243}","{'id': 19965, 'rank': 17, 'fitness': 0.9746193153740941, 'generation': 243}","{'id': 19892, 'rank': 18, 'fitness': 0.9716632848280999, 'generation': 243}","{'id': 19931, 'rank': 19, 'fitness': 0.9704679385815855, 'generation': 243}","{'id': 19933, 'rank': 20, 'fitness': 0.9691062625680964, 'generation': 243}","{'id': 19932, 'rank': 21, 'fitness': 0.9665598178797907, 'generation': 243}","{'id': 19932, 'rank': 22, 'fitness': 0.9665598178797907, 'generation': 243}","{'id': 19968, 'rank': 23, 'fitness': 0.9647673992139933, 'generation': 243}","{'id': 19852, 'rank': 24, 'fitness': 0.964141476356138, 'generation': 243}","{'id': 19924, 'rank': 25, 'fitness': 0.9541337867747601, 'generation': 243}","{'id': 19974, 'rank': 26, 'fitness': 0.9510729222150582, 'generation': 243}","{'id': 19913, 'rank': 27, 'fitness': 0.9403880022771616, 'generation': 243}","{'id': 19912, 'rank': 28, 'fitness': 0.9282222774682063, 'generation': 243}","{'id': 19939, 'rank': 29, 'fitness': 0.9237228230483303, 'generation': 243}","{'id': 19954, 'rank': 30, 'fitness': 0.01798620996209155, 'generation': 243}"
"{'id': 19962, 'rank': 1, 'fitness': 0.9820137900379085, 'generation': 244}","{'id': 19876, 'rank': 2, 'fitness': 0.9816050178448885, 'generation': 244}","{'id': 19904, 'rank': 3, 'fitness': 0.9811851110963655, 'generation': 244}","{'id': 20006, 'rank': 4, 'fitness': 0.981132838501386, 'generation': 244}","{'id': 19998, 'rank': 5, 'fitness': 0.9808210587248722, 'generation': 244}","{'id': 20007, 'rank': 6, 'fitness': 0.9804982606207746, 'generation': 244}","{'id': 20027, 'rank': 7, 'fitness': 0.9802255682970508, 'generation': 244}","{'id': 20009, 'rank': 8, 'fitness': 0.9800968397167462, 'generation': 244}","{'id': 20009, 'rank': 9, 'fitness': 0.9800968397167462, 'generation': 244}","{'id': 19978, 'rank': 10, 'fitness': 0.9791585009516609, 'generation': 244}","{'id': 20047, 'rank': 11, 'fitness': 0.9791139929704995, 'generation': 244}","{'id': 20005, 'rank': 12, 'fitness': 0.9790570187187048, 'generation': 244}","{'id': 20000, 'rank': 13, 'fitness': 0.9789495738332601, 'generation': 244}","{'id': 20048, 'rank': 14, 'fitness': 0.978082495117395, 'generation': 244}","{'id': 20048, 'rank': 15, 'fitness': 0.978082495117395, 'generation': 244}","{'id': 19920, 'rank': 16, 'fitness': 0.9770992045935276, 'generation': 244}","{'id': 20015, 'rank': 17, 'fitness': 0.9747839151245414, 'generation': 244}","{'id': 19890, 'rank': 18, 'fitness': 0.9680276907918145, 'generation': 244}","{'id': 20017, 'rank': 19, 'fitness': 0.9566513133286361, 'generation': 244}","{'id': 20001, 'rank': 20, 'fitness': 0.9366641166842105, 'generation': 244}","{'id': 20020, 'rank': 21, 'fitness': 0.9012920442317679, 'generation': 244}","{'id': 20020, 'rank': 22, 'fitness': 0.9012920442317679, 'generation': 244}","{'id': 20023, 'rank': 23, 'fitness': 0.8691079566819802, 'generation': 244}","{'id': 19931, 'rank': 24, 'fitness': 0.8069597621339173, 'generation': 244}","{'id': 20019, 'rank': 25, 'fitness': 0.8068753543906468, 'generation': 244}","{'id': 20032, 'rank': 26, 'fitness': 0.7281858538825156, 'generation': 244}","{'id': 19993, 'rank': 27, 'fitness': 0.6831392774476807, 'generation': 244}","{'id': 19991, 'rank': 28, 'fitness': 0.6612465541022213, 'generation': 244}","{'id': 19982, 'rank': 29, 'fitness': 0.11178801839715319, 'generation': 244}","{'id': 20035, 'rank': 30, 'fitness': 0.01798620996209155, 'generation': 244}"
"{'id': 20104, 'rank': 1, 'fitness': 0.9820137900379085, 'generation': 245}","{'id': 20058, 'rank': 2, 'fitness': 0.9818764597664454, 'generation': 245}","{'id': 19962, 'rank': 3, 'fitness': 0.9813846247877338, 'generation': 245}","{'id': 19962, 'rank': 4, 'fitness': 0.9813846247877338, 'generation': 245}","{'id': 20060, 'rank': 5, 'fitness': 0.9808942166547375, 'generation': 245}","{'id': 20066, 'rank': 6, 'fitness': 0.9804511609159436, 'generation': 245}","{'id': 20006, 'rank': 7, 'fitness': 0.9804022597590181, 'generation': 245}","{'id': 20009, 'rank': 8, 'fitness': 0.9792427085409331, 'generation': 245}","{'id': 20064, 'rank': 9, 'fitness': 0.9789057468712993, 'generation': 245}","{'id': 20111, 'rank': 10, 'fitness': 0.9787753851123433, 'generation': 245}","{'id': 20047, 'rank': 11, 'fitness': 0.9781385738450304, 'generation': 245}","{'id': 20047, 'rank': 12, 'fitness': 0.9781385738450304, 'generation': 245}","{'id': 20005, 'rank': 13, 'fitness': 0.9780744512749022, 'generation': 245}","{'id': 20000, 'rank': 14, 'fitness': 0.9779534913804587, 'generation': 245}","{'id': 20110, 'rank': 15, 'fitness': 0.9760722400473271, 'generation': 245}","{'id': 20110, 'rank': 16, 'fitness': 0.9760722400473271, 'generation': 245}","{'id': 19920, 'rank': 17, 'fitness': 0.9758635510117086, 'generation': 245}","{'id': 20099, 'rank': 18, 'fitness': 0.9745360793960901, 'generation': 245}","{'id': 20100, 'rank': 19, 'fitness': 0.9708135193478352, 'generation': 245}","{'id': 20100, 'rank': 20, 'fitness': 0.9708135193478352, 'generation': 245}","{'id': 20076, 'rank': 21, 'fitness': 0.9584593956037553, 'generation': 245}","{'id': 20121, 'rank': 22, 'fitness': 0.9583254249443846, 'generation': 245}","{'id': 20118, 'rank': 23, 'fitness': 0.9388577182437974, 'generation': 245}","{'id': 20096, 'rank': 24, 'fitness': 0.8179098085745338, 'generation': 245}","{'id': 20054, 'rank': 25, 'fitness': 0.7311506803773783, 'generation': 245}","{'id': 19993, 'rank': 26, 'fitness': 0.6193765249056997, 'generation': 245}","{'id': 20119, 'rank': 27, 'fitness': 0.3247405869023962, 'generation': 245}","{'id': 20119, 'rank': 28, 'fitness': 0.3247405869023962, 'generation': 245}","{'id': 20095, 'rank': 29, 'fitness': 0.03584709669947472, 'generation': 245}","{'id': 20063, 'rank': 30, 'fitness': 0.01798620996209155, 'generation': 245}"
"{'id': 20212, 'rank': 1, 'fitness': 0.9820137900379085, 'generation': 246}","{'id': 20104, 'rank': 2, 'fitness': 0.9818629109484884, 'generation': 246}","{'id': 20058, 'rank': 3, 'fitness': 0.9818324495069339, 'generation': 246}","{'id': 20152, 'rank': 4, 'fitness': 0.9816866476697146, 'generation': 246}","{'id': 20200, 'rank': 5, 'fitness': 0.9816047180802877, 'generation': 246}","{'id': 20146, 'rank': 6, 'fitness': 0.981562466040528, 'generation': 246}","{'id': 20066, 'rank': 7, 'fitness': 0.9815262794255777, 'generation': 246}","{'id': 20139, 'rank': 8, 'fitness': 0.9814782122610134, 'generation': 246}","{'id': 20161, 'rank': 9, 'fitness': 0.9814670160402714, 'generation': 246}","{'id': 20129, 'rank': 10, 'fitness': 0.981432826697711, 'generation': 246}","{'id': 20162, 'rank': 11, 'fitness': 0.9814075918992293, 'generation': 246}","{'id': 20154, 'rank': 12, 'fitness': 0.9812375124835033, 'generation': 246}","{'id': 20158, 'rank': 13, 'fitness': 0.9812293354011679, 'generation': 246}","{'id': 20005, 'rank': 14, 'fitness': 0.9810516522321573, 'generation': 246}","{'id': 20215, 'rank': 15, 'fitness': 0.9809088102398849, 'generation': 246}","{'id': 20179, 'rank': 16, 'fitness': 0.9808499126102261, 'generation': 246}","{'id': 20176, 'rank': 17, 'fitness': 0.9805894527177828, 'generation': 246}","{'id': 20206, 'rank': 18, 'fitness': 0.9805227505201551, 'generation': 246}","{'id': 20099, 'rank': 19, 'fitness': 0.9804128207994068, 'generation': 246}","{'id': 20131, 'rank': 20, 'fitness': 0.9803581667425755, 'generation': 246}","{'id': 20131, 'rank': 21, 'fitness': 0.9803581667425755, 'generation': 246}","{'id': 20169, 'rank': 22, 'fitness': 0.980230589726315, 'generation': 246}","{'id': 20147, 'rank': 23, 'fitness': 0.9800902349876507, 'generation': 246}","{'id': 20142, 'rank': 24, 'fitness': 0.9798512747980535, 'generation': 246}","{'id': 20164, 'rank': 25, 'fitness': 0.9794270454584111, 'generation': 246}","{'id': 20170, 'rank': 26, 'fitness': 0.9747255065342963, 'generation': 246}","{'id': 20170, 'rank': 27, 'fitness': 0.9747255065342963, 'generation': 246}","{'id': 20127, 'rank': 28, 'fitness': 0.9744587919307528, 'generation': 246}","{'id': 20132, 'rank': 29, 'fitness': 0.5451023112365387, 'generation': 246}","{'id': 20134, 'rank': 30, 'fitness': 0.01798620996209155, 'generation': 246}"
"{'id': 20222, 'rank': 1, 'fitness': 0.9820137900379085, 'generation': 247}","{'id': 20299, 'rank': 2, 'fitness': 0.981913748299788, 'generation': 247}","{'id': 20256, 'rank': 3, 'fitness': 0.9818411513480811, 'generation': 247}","{'id': 20297, 'rank': 4, 'fitness': 0.9816531200354845, 'generation': 247}","{'id': 20297, 'rank': 5, 'fitness': 0.9816531200354845, 'generation': 247}","{'id': 20254, 'rank': 6, 'fitness': 0.9815774482048123, 'generation': 247}","{'id': 20251, 'rank': 7, 'fitness': 0.9815312639948471, 'generation': 247}","{'id': 20146, 'rank': 8, 'fitness': 0.9813183089657866, 'generation': 247}","{'id': 20261, 'rank': 9, 'fitness': 0.9812565834796617, 'generation': 247}","{'id': 20162, 'rank': 10, 'fitness': 0.9809875970943729, 'generation': 247}","{'id': 20279, 'rank': 11, 'fitness': 0.9808570562540286, 'generation': 247}","{'id': 20284, 'rank': 12, 'fitness': 0.9806846332104365, 'generation': 247}","{'id': 20291, 'rank': 13, 'fitness': 0.9805117280892726, 'generation': 247}","{'id': 20282, 'rank': 14, 'fitness': 0.9803578299394303, 'generation': 247}","{'id': 20296, 'rank': 15, 'fitness': 0.9799323298053453, 'generation': 247}","{'id': 20280, 'rank': 16, 'fitness': 0.9798421474094445, 'generation': 247}","{'id': 20179, 'rank': 17, 'fitness': 0.9797720956968856, 'generation': 247}","{'id': 20242, 'rank': 18, 'fitness': 0.9793311440837749, 'generation': 247}","{'id': 20243, 'rank': 19, 'fitness': 0.978540685924759, 'generation': 247}","{'id': 20231, 'rank': 20, 'fitness': 0.9780312476818827, 'generation': 247}","{'id': 20230, 'rank': 21, 'fitness': 0.977036411440123, 'generation': 247}","{'id': 20294, 'rank': 22, 'fitness': 0.975738530641671, 'generation': 247}","{'id': 20233, 'rank': 23, 'fitness': 0.9714088139607726, 'generation': 247}","{'id': 20218, 'rank': 24, 'fitness': 0.9690104412364096, 'generation': 247}","{'id': 20170, 'rank': 25, 'fitness': 0.9639039228384486, 'generation': 247}","{'id': 20127, 'rank': 26, 'fitness': 0.9631091942971178, 'generation': 247}","{'id': 20238, 'rank': 27, 'fitness': 0.9574563774613609, 'generation': 247}","{'id': 20238, 'rank': 28, 'fitness': 0.9574563774613609, 'generation': 247}","{'id': 20236, 'rank': 29, 'fitness': 0.9520554379340398, 'generation': 247}","{'id': 20132, 'rank': 30, 'fitness': 0.01798620996209155, 'generation': 247}"
"{'id': 20371, 'rank': 1, 'fitness': 0.9820137900379085, 'generation': 248}","{'id': 20371, 'rank': 2, 'fitness': 0.9820137900379085, 'generation': 248}","{'id': 20344, 'rank': 3, 'fitness': 0.9804757716254712, 'generation': 248}","{'id': 20320, 'rank': 4, 'fitness': 0.9800460159917213, 'generation': 248}","{'id': 20297, 'rank': 5, 'fitness': 0.979419860238068, 'generation': 248}","{'id': 20308, 'rank': 6, 'fitness': 0.9792924263126612, 'generation': 248}","{'id': 20251, 'rank': 7, 'fitness': 0.9789970234263274, 'generation': 248}","{'id': 20319, 'rank': 8, 'fitness': 0.9782552663962788, 'generation': 248}","{'id': 20306, 'rank': 9, 'fitness': 0.9776697221342842, 'generation': 248}","{'id': 20162, 'rank': 10, 'fitness': 0.9770407841605518, 'generation': 248}","{'id': 20324, 'rank': 11, 'fitness': 0.9770320438218921, 'generation': 248}","{'id': 20351, 'rank': 12, 'fitness': 0.9762300470852177, 'generation': 248}","{'id': 20375, 'rank': 13, 'fitness': 0.9757021741455322, 'generation': 248}","{'id': 20291, 'rank': 14, 'fitness': 0.9752333856319458, 'generation': 248}","{'id': 20314, 'rank': 15, 'fitness': 0.974953328449303, 'generation': 248}","{'id': 20242, 'rank': 16, 'fitness': 0.9703540711683138, 'generation': 248}","{'id': 20340, 'rank': 17, 'fitness': 0.9688722740426905, 'generation': 248}","{'id': 20361, 'rank': 18, 'fitness': 0.9669641376263521, 'generation': 248}","{'id': 20362, 'rank': 19, 'fitness': 0.9658596598296396, 'generation': 248}","{'id': 20365, 'rank': 20, 'fitness': 0.9657259617115364, 'generation': 248}","{'id': 20366, 'rank': 21, 'fitness': 0.9636892617934226, 'generation': 248}","{'id': 20366, 'rank': 22, 'fitness': 0.9636892617934226, 'generation': 248}","{'id': 20349, 'rank': 23, 'fitness': 0.8997708499226764, 'generation': 248}","{'id': 20349, 'rank': 24, 'fitness': 0.8997708499226764, 'generation': 248}","{'id': 20321, 'rank': 25, 'fitness': 0.7854741774589766, 'generation': 248}","{'id': 20311, 'rank': 26, 'fitness': 0.5118887829678895, 'generation': 248}","{'id': 20360, 'rank': 27, 'fitness': 0.47083851164500506, 'generation': 248}","{'id': 20377, 'rank': 28, 'fitness': 0.2963308646649911, 'generation': 248}","{'id': 20347, 'rank': 29, 'fitness': 0.05704475056859121, 'generation': 248}","{'id': 20312, 'rank': 30, 'fitness': 0.01798620996209155, 'generation': 248}"
"{'id': 20320, 'rank': 1, 'fitness': 0.9820137900379085, 'generation': 249}","{'id': 20423, 'rank': 2, 'fitness': 0.9819879050798414, 'generation': 249}","{'id': 20445, 'rank': 3, 'fitness': 0.9819650121407513, 'generation': 249}","{'id': 20414, 'rank': 4, 'fitness': 0.9819272098688301, 'generation': 249}","{'id': 20435, 'rank': 5, 'fitness': 0.9819219786464786, 'generation': 249}","{'id': 20306, 'rank': 6, 'fitness': 0.9818772495773558, 'generation': 249}","{'id': 20458, 'rank': 7, 'fitness': 0.9818474206236809, 'generation': 249}","{'id': 20430, 'rank': 8, 'fitness': 0.9818459534511673, 'generation': 249}","{'id': 20430, 'rank': 9, 'fitness': 0.9818459534511673, 'generation': 249}","{'id': 20375, 'rank': 10, 'fitness': 0.9817738759270668, 'generation': 249}","{'id': 20444, 'rank': 11, 'fitness': 0.9817552999543067, 'generation': 249}","{'id': 20408, 'rank': 12, 'fitness': 0.9817466368694976, 'generation': 249}","{'id': 20314, 'rank': 13, 'fitness': 0.9817365235000752, 'generation': 249}","{'id': 20422, 'rank': 14, 'fitness': 0.9815748952830199, 'generation': 249}","{'id': 20455, 'rank': 15, 'fitness': 0.9815410751769598, 'generation': 249}","{'id': 20242, 'rank': 16, 'fitness': 0.9815271360024136, 'generation': 249}","{'id': 20454, 'rank': 17, 'fitness': 0.9814860907935987, 'generation': 249}","{'id': 20392, 'rank': 18, 'fitness': 0.9813531411542857, 'generation': 249}","{'id': 20427, 'rank': 19, 'fitness': 0.9813475770602551, 'generation': 249}","{'id': 20366, 'rank': 20, 'fitness': 0.9812706596471304, 'generation': 249}","{'id': 20366, 'rank': 21, 'fitness': 0.9812706596471304, 'generation': 249}","{'id': 20391, 'rank': 22, 'fitness': 0.9806572294017346, 'generation': 249}","{'id': 20409, 'rank': 23, 'fitness': 0.9804279971915426, 'generation': 249}","{'id': 20453, 'rank': 24, 'fitness': 0.9801938075887484, 'generation': 249}","{'id': 20349, 'rank': 25, 'fitness': 0.9798880600537981, 'generation': 249}","{'id': 20406, 'rank': 26, 'fitness': 0.9793221618020701, 'generation': 249}","{'id': 20312, 'rank': 27, 'fitness': 0.9698526272185586, 'generation': 249}","{'id': 20312, 'rank': 28, 'fitness': 0.9698526272185586, 'generation': 249}","{'id': 20386, 'rank': 29, 'fitness': 0.9601018063154475, 'generation': 249}","{'id': 20397, 'rank': 30, 'fitness': 0.01798620996209155, 'generation': 249}"
"{'id': 20485, 'rank': 1, 'fitness': 0.9820137900379085, 'generation': 250}","{'id': 20481, 'rank': 2, 'fitness': 0.9816616684715701, 'generation': 250}","{'id': 20477, 'rank': 3, 'fitness': 0.9812767546109612, 'generation': 250}","{'id': 20477, 'rank': 4, 'fitness': 0.9812767546109612, 'generation': 250}","{'id': 20467, 'rank': 5, 'fitness': 0.9790822896652982, 'generation': 250}","{'id': 20475, 'rank': 6, 'fitness': 0.9787099066495862, 'generation': 250}","{'id': 20537, 'rank': 7, 'fitness': 0.9785225080745394, 'generation': 250}","{'id': 20495, 'rank': 8, 'fitness': 0.9775835664098194, 'generation': 250}","{'id': 20375, 'rank': 9, 'fitness': 0.9773211003218893, 'generation': 250}","{'id': 20375, 'rank': 10, 'fitness': 0.9773211003218893, 'generation': 250}","{'id': 20546, 'rank': 11, 'fitness': 0.9765135847474296, 'generation': 250}","{'id': 20541, 'rank': 12, 'fitness': 0.9756237183692242, 'generation': 250}","{'id': 20526, 'rank': 13, 'fitness': 0.975243553445355, 'generation': 250}","{'id': 20526, 'rank': 14, 'fitness': 0.975243553445355, 'generation': 250}","{'id': 20473, 'rank': 15, 'fitness': 0.9741872425998466, 'generation': 250}","{'id': 20515, 'rank': 16, 'fitness': 0.9740304419706771, 'generation': 250}","{'id': 20490, 'rank': 17, 'fitness': 0.970849189941839, 'generation': 250}","{'id': 20478, 'rank': 18, 'fitness': 0.9696318267978792, 'generation': 250}","{'id': 20533, 'rank': 19, 'fitness': 0.9675623031853987, 'generation': 250}","{'id': 20468, 'rank': 20, 'fitness': 0.9669015046159902, 'generation': 250}","{'id': 20482, 'rank': 21, 'fitness': 0.964197319768479, 'generation': 250}","{'id': 20496, 'rank': 22, 'fitness': 0.9639222408006894, 'generation': 250}","{'id': 20470, 'rank': 23, 'fitness': 0.9597513137491611, 'generation': 250}","{'id': 20463, 'rank': 24, 'fitness': 0.9566148145639233, 'generation': 250}","{'id': 20523, 'rank': 25, 'fitness': 0.9498440508798391, 'generation': 250}","{'id': 20486, 'rank': 26, 'fitness': 0.9423893478594447, 'generation': 250}","{'id': 20462, 'rank': 27, 'fitness': 0.8794036787740509, 'generation': 250}","{'id': 20500, 'rank': 28, 'fitness': 0.3099634045210867, 'generation': 250}","{'id': 20312, 'rank': 29, 'fitness': 0.049802619239941504, 'generation': 250}","{'id': 20513, 'rank': 30, 'fitness': 0.01798620996209155, 'generation': 250}"
"{'id': 20585, 'rank': 1, 'fitness': 0.9820137900379085, 'generation': 251}","{'id': 20604, 'rank': 2, 'fitness': 0.9819920871856973, 'generation': 251}","{'id': 20629, 'rank': 3, 'fitness': 0.9819891726475525, 'generation': 251}","{'id': 20586, 'rank': 4, 'fitness': 0.9815524328428271, 'generation': 251}","{'id': 20596, 'rank': 5, 'fitness': 0.9810355363361364, 'generation': 251}","{'id': 20467, 'rank': 6, 'fitness': 0.9809919627374057, 'generation': 251}","{'id': 20560, 'rank': 7, 'fitness': 0.980947344476957, 'generation': 251}","{'id': 20634, 'rank': 8, 'fitness': 0.9804495473844175, 'generation': 251}","{'id': 20558, 'rank': 9, 'fitness': 0.9802093581577884, 'generation': 251}","{'id': 20592, 'rank': 10, 'fitness': 0.9800863328538489, 'generation': 251}","{'id': 20583, 'rank': 11, 'fitness': 0.9797540894570452, 'generation': 251}","{'id': 20617, 'rank': 12, 'fitness': 0.9795593880942357, 'generation': 251}","{'id': 20618, 'rank': 13, 'fitness': 0.9789913283813629, 'generation': 251}","{'id': 20618, 'rank': 14, 'fitness': 0.9789913283813629, 'generation': 251}","{'id': 20570, 'rank': 15, 'fitness': 0.9785489404613938, 'generation': 251}","{'id': 20619, 'rank': 16, 'fitness': 0.978296006542072, 'generation': 251}","{'id': 20614, 'rank': 17, 'fitness': 0.9782218918356078, 'generation': 251}","{'id': 20533, 'rank': 18, 'fitness': 0.9778187793871873, 'generation': 251}","{'id': 20557, 'rank': 19, 'fitness': 0.9764686631042905, 'generation': 251}","{'id': 20621, 'rank': 20, 'fitness': 0.976335300015168, 'generation': 251}","{'id': 20633, 'rank': 21, 'fitness': 0.9751984854895107, 'generation': 251}","{'id': 20571, 'rank': 22, 'fitness': 0.9750167713050097, 'generation': 251}","{'id': 20635, 'rank': 23, 'fitness': 0.9745945105525454, 'generation': 251}","{'id': 20523, 'rank': 24, 'fitness': 0.9740968708128832, 'generation': 251}","{'id': 20616, 'rank': 25, 'fitness': 0.9729988165228596, 'generation': 251}","{'id': 20616, 'rank': 26, 'fitness': 0.9729988165228596, 'generation': 251}","{'id': 20587, 'rank': 27, 'fitness': 0.9694950445153828, 'generation': 251}","{'id': 20641, 'rank': 28, 'fitness': 0.968791262650127, 'generation': 251}","{'id': 20513, 'rank': 29, 'fitness': 0.7683209584763855, 'generation': 251}","{'id': 20612, 'rank': 30, 'fitness': 0.01798620996209155, 'generation': 251}"
"{'id': 20655, 'rank': 1, 'fitness': 0.9820137900379085, 'generation': 252}","{'id': 20672, 'rank': 2, 'fitness': 0.9809927501457729, 'generation': 252}","{'id': 20711, 'rank': 3, 'fitness': 0.9800333206340202, 'generation': 252}","{'id': 20717, 'rank': 4, 'fitness': 0.9791375284073043, 'generation': 252}","{'id': 20717, 'rank': 5, 'fitness': 0.9791375284073043, 'generation': 252}","{'id': 20634, 'rank': 6, 'fitness': 0.9784162587524132, 'generation': 252}","{'id': 20671, 'rank': 7, 'fitness': 0.9780569434162476, 'generation': 252}","{'id': 20558, 'rank': 8, 'fitness': 0.9776464172976796, 'generation': 252}","{'id': 20592, 'rank': 9, 'fitness': 0.9772454387275349, 'generation': 252}","{'id': 20592, 'rank': 10, 'fitness': 0.9772454387275349, 'generation': 252}","{'id': 20694, 'rank': 11, 'fitness': 0.9771877927419959, 'generation': 252}","{'id': 20705, 'rank': 12, 'fitness': 0.9757009634841229, 'generation': 252}","{'id': 20654, 'rank': 13, 'fitness': 0.9752164137024575, 'generation': 252}","{'id': 20701, 'rank': 14, 'fitness': 0.9742172961397706, 'generation': 252}","{'id': 20701, 'rank': 15, 'fitness': 0.9742172961397706, 'generation': 252}","{'id': 20618, 'rank': 16, 'fitness': 0.9734743952827609, 'generation': 252}","{'id': 20618, 'rank': 17, 'fitness': 0.9734743952827609, 'generation': 252}","{'id': 20618, 'rank': 18, 'fitness': 0.9734743952827609, 'generation': 252}","{'id': 20618, 'rank': 19, 'fitness': 0.9734743952827609, 'generation': 252}","{'id': 20618, 'rank': 20, 'fitness': 0.9734743952827609, 'generation': 252}","{'id': 20618, 'rank': 21, 'fitness': 0.9734743952827609, 'generation': 252}","{'id': 20709, 'rank': 22, 'fitness': 0.9732132979784921, 'generation': 252}","{'id': 20533, 'rank': 23, 'fitness': 0.9690237762977908, 'generation': 252}","{'id': 20693, 'rank': 24, 'fitness': 0.9671312520433086, 'generation': 252}","{'id': 20621, 'rank': 25, 'fitness': 0.9627613403928595, 'generation': 252}","{'id': 20571, 'rank': 26, 'fitness': 0.9565859052359387, 'generation': 252}","{'id': 20724, 'rank': 27, 'fitness': 0.9369495802750392, 'generation': 252}","{'id': 20724, 'rank': 28, 'fitness': 0.9369495802750392, 'generation': 252}","{'id': 20670, 'rank': 29, 'fitness': 0.8360575082950519, 'generation': 252}","{'id': 20513, 'rank': 30, 'fitness': 0.01798620996209155, 'generation': 252}"
"{'id': 20790, 'rank': 1, 'fitness': 0.9820137900379085, 'generation': 253}","{'id': 20655, 'rank': 2, 'fitness': 0.9819801383031892, 'generation': 253}","{'id': 20672, 'rank': 3, 'fitness': 0.9817874513920313, 'generation': 253}","{'id': 20672, 'rank': 4, 'fitness': 0.9817874513920313, 'generation': 253}","{'id': 20773, 'rank': 5, 'fitness': 0.9817586065115238, 'generation': 253}","{'id': 20816, 'rank': 6, 'fitness': 0.981726588855782, 'generation': 253}","{'id': 20812, 'rank': 7, 'fitness': 0.9817159642960667, 'generation': 253}","{'id': 20786, 'rank': 8, 'fitness': 0.9815020351941492, 'generation': 253}","{'id': 20792, 'rank': 9, 'fitness': 0.9810909944873574, 'generation': 253}","{'id': 20799, 'rank': 10, 'fitness': 0.9809513871915716, 'generation': 253}","{'id': 20751, 'rank': 11, 'fitness': 0.9808567440098506, 'generation': 253}","{'id': 20785, 'rank': 12, 'fitness': 0.9807885988701726, 'generation': 253}","{'id': 20701, 'rank': 13, 'fitness': 0.9806821957823229, 'generation': 253}","{'id': 20701, 'rank': 14, 'fitness': 0.9806821957823229, 'generation': 253}","{'id': 20743, 'rank': 15, 'fitness': 0.9806283045372735, 'generation': 253}","{'id': 20821, 'rank': 16, 'fitness': 0.9806203197227416, 'generation': 253}","{'id': 20618, 'rank': 17, 'fitness': 0.9805754988127239, 'generation': 253}","{'id': 20618, 'rank': 18, 'fitness': 0.9805754988127239, 'generation': 253}","{'id': 20709, 'rank': 19, 'fitness': 0.9805385549726244, 'generation': 253}","{'id': 20763, 'rank': 20, 'fitness': 0.9803242595601313, 'generation': 253}","{'id': 20811, 'rank': 21, 'fitness': 0.9798634803289678, 'generation': 253}","{'id': 20757, 'rank': 22, 'fitness': 0.9797546145305104, 'generation': 253}","{'id': 20777, 'rank': 23, 'fitness': 0.9796737676903395, 'generation': 253}","{'id': 20756, 'rank': 24, 'fitness': 0.979649216047289, 'generation': 253}","{'id': 20803, 'rank': 25, 'fitness': 0.9796160514285008, 'generation': 253}","{'id': 20817, 'rank': 26, 'fitness': 0.979083908922774, 'generation': 253}","{'id': 20571, 'rank': 27, 'fitness': 0.9786132622614092, 'generation': 253}","{'id': 20791, 'rank': 28, 'fitness': 0.977861322050583, 'generation': 253}","{'id': 20791, 'rank': 29, 'fitness': 0.977861322050583, 'generation': 253}","{'id': 20762, 'rank': 30, 'fitness': 0.01798620996209155, 'generation': 253}"
"{'id': 20890, 'rank': 1, 'fitness': 0.9820137900379085, 'generation': 254}","{'id': 20890, 'rank': 2, 'fitness': 0.9820137900379085, 'generation': 254}","{'id': 20655, 'rank': 3, 'fitness': 0.9795565063996026, 'generation': 254}","{'id': 20895, 'rank': 4, 'fitness': 0.9772259495467102, 'generation': 254}","{'id': 20874, 'rank': 5, 'fitness': 0.974038453619549, 'generation': 254}","{'id': 20880, 'rank': 6, 'fitness': 0.9698028651061268, 'generation': 254}","{'id': 20786, 'rank': 7, 'fitness': 0.9608366856119361, 'generation': 254}","{'id': 20831, 'rank': 8, 'fitness': 0.9456876590779321, 'generation': 254}","{'id': 20792, 'rank': 9, 'fitness': 0.9332686067743033, 'generation': 254}","{'id': 20792, 'rank': 10, 'fitness': 0.9332686067743033, 'generation': 254}","{'id': 20867, 'rank': 11, 'fitness': 0.932148447036222, 'generation': 254}","{'id': 20857, 'rank': 12, 'fitness': 0.9296481511388961, 'generation': 254}","{'id': 20875, 'rank': 13, 'fitness': 0.9295493943928907, 'generation': 254}","{'id': 20861, 'rank': 14, 'fitness': 0.926359431055233, 'generation': 254}","{'id': 20861, 'rank': 15, 'fitness': 0.926359431055233, 'generation': 254}","{'id': 20861, 'rank': 16, 'fitness': 0.926359431055233, 'generation': 254}","{'id': 20834, 'rank': 17, 'fitness': 0.9075317656789372, 'generation': 254}","{'id': 20785, 'rank': 18, 'fitness': 0.9030977698402249, 'generation': 254}","{'id': 20891, 'rank': 19, 'fitness': 0.8937478603976781, 'generation': 254}","{'id': 20891, 'rank': 20, 'fitness': 0.8937478603976781, 'generation': 254}","{'id': 20858, 'rank': 21, 'fitness': 0.8769742542494917, 'generation': 254}","{'id': 20757, 'rank': 22, 'fitness': 0.7089078421698021, 'generation': 254}","{'id': 20840, 'rank': 23, 'fitness': 0.6278476521853282, 'generation': 254}","{'id': 20854, 'rank': 24, 'fitness': 0.2214079308048253, 'generation': 254}","{'id': 20854, 'rank': 25, 'fitness': 0.2214079308048253, 'generation': 254}","{'id': 20854, 'rank': 26, 'fitness': 0.2214079308048253, 'generation': 254}","{'id': 20897, 'rank': 27, 'fitness': 0.2066288043796683, 'generation': 254}","{'id': 20849, 'rank': 28, 'fitness': 0.15044708989632533, 'generation': 254}","{'id': 20906, 'rank': 29, 'fitness': 0.028797704779950528, 'generation': 254}","{'id': 20876, 'rank': 30, 'fitness': 0.01798620996209155, 'generation': 254}"
"{'id': 20958, 'rank': 1, 'fitness': 0.9820137900379085, 'generation': 255}","{'id': 20978, 'rank': 2, 'fitness': 0.9817364621801182, 'generation': 255}","{'id': 20890, 'rank': 3, 'fitness': 0.9816356652739391, 'generation': 255}","{'id': 20932, 'rank': 4, 'fitness': 0.9813639401944052, 'generation': 255}","{'id': 20874, 'rank': 5, 'fitness': 0.9810374271094915, 'generation': 255}","{'id': 20956, 'rank': 6, 'fitness': 0.980736396356785, 'generation': 255}","{'id': 20961, 'rank': 7, 'fitness': 0.9805209075200517, 'generation': 255}","{'id': 20955, 'rank': 8, 'fitness': 0.9791614023839017, 'generation': 255}","{'id': 20973, 'rank': 9, 'fitness': 0.9791321662454351, 'generation': 255}","{'id': 20913, 'rank': 10, 'fitness': 0.9790077996133234, 'generation': 255}","{'id': 20834, 'rank': 11, 'fitness': 0.9787388349662217, 'generation': 255}","{'id': 20948, 'rank': 12, 'fitness': 0.978580331386029, 'generation': 255}","{'id': 20930, 'rank': 13, 'fitness': 0.9764735314963129, 'generation': 255}","{'id': 20965, 'rank': 14, 'fitness': 0.9761439346144605, 'generation': 255}","{'id': 20946, 'rank': 15, 'fitness': 0.9746830779816669, 'generation': 255}","{'id': 20943, 'rank': 16, 'fitness': 0.9723604348526256, 'generation': 255}","{'id': 20917, 'rank': 17, 'fitness': 0.9716613905774689, 'generation': 255}","{'id': 20854, 'rank': 18, 'fitness': 0.971280291301301, 'generation': 255}","{'id': 20854, 'rank': 19, 'fitness': 0.971280291301301, 'generation': 255}","{'id': 20974, 'rank': 20, 'fitness': 0.9710805814356291, 'generation': 255}","{'id': 20876, 'rank': 21, 'fitness': 0.9638143258453172, 'generation': 255}","{'id': 20927, 'rank': 22, 'fitness': 0.9602690968739498, 'generation': 255}","{'id': 20941, 'rank': 23, 'fitness': 0.9291945585590184, 'generation': 255}","{'id': 20941, 'rank': 24, 'fitness': 0.9291945585590184, 'generation': 255}","{'id': 20968, 'rank': 25, 'fitness': 0.9203003795402626, 'generation': 255}","{'id': 20924, 'rank': 26, 'fitness': 0.8888975499723012, 'generation': 255}","{'id': 20928, 'rank': 27, 'fitness': 0.8469712395210761, 'generation': 255}","{'id': 20934, 'rank': 28, 'fitness': 0.24941706240022382, 'generation': 255}","{'id': 20934, 'rank': 29, 'fitness': 0.24941706240022382, 'generation': 255}","{'id': 20918, 'rank': 30, 'fitness': 0.01798620996209155, 'generation': 255}"
"{'id': 20998, 'rank': 1, 'fitness': 0.9820137900379085, 'generation': 256}","{'id': 21040, 'rank': 2, 'fitness': 0.9816361812158624, 'generation': 256}","{'id': 21039, 'rank': 3, 'fitness': 0.9815322230661849, 'generation': 256}","{'id': 21039, 'rank': 4, 'fitness': 0.9815322230661849, 'generation': 256}","{'id': 21008, 'rank': 5, 'fitness': 0.9814748231151635, 'generation': 256}","{'id': 21008, 'rank': 6, 'fitness': 0.9814748231151635, 'generation': 256}","{'id': 20999, 'rank': 7, 'fitness': 0.9812917381895483, 'generation': 256}","{'id': 20874, 'rank': 8, 'fitness': 0.9801739564512159, 'generation': 256}","{'id': 21036, 'rank': 9, 'fitness': 0.9797373485387305, 'generation': 256}","{'id': 20992, 'rank': 10, 'fitness': 0.9785012398532789, 'generation': 256}","{'id': 21011, 'rank': 11, 'fitness': 0.978402475494365, 'generation': 256}","{'id': 20973, 'rank': 12, 'fitness': 0.9769740810167039, 'generation': 256}","{'id': 21024, 'rank': 13, 'fitness': 0.9756890142847939, 'generation': 256}","{'id': 21018, 'rank': 14, 'fitness': 0.9752558788361411, 'generation': 256}","{'id': 21010, 'rank': 15, 'fitness': 0.9744859279714841, 'generation': 256}","{'id': 21010, 'rank': 16, 'fitness': 0.9744859279714841, 'generation': 256}","{'id': 21023, 'rank': 17, 'fitness': 0.967218928604678, 'generation': 256}","{'id': 20917, 'rank': 18, 'fitness': 0.9629197793822526, 'generation': 256}","{'id': 21022, 'rank': 19, 'fitness': 0.9583048624456455, 'generation': 256}","{'id': 21048, 'rank': 20, 'fitness': 0.9498804218903325, 'generation': 256}","{'id': 20876, 'rank': 21, 'fitness': 0.9459156991892812, 'generation': 256}","{'id': 20994, 'rank': 22, 'fitness': 0.944068644762008, 'generation': 256}","{'id': 20927, 'rank': 23, 'fitness': 0.937587949240393, 'generation': 256}","{'id': 20927, 'rank': 24, 'fitness': 0.937587949240393, 'generation': 256}","{'id': 20985, 'rank': 25, 'fitness': 0.9193718986249857, 'generation': 256}","{'id': 21019, 'rank': 26, 'fitness': 0.915530979885039, 'generation': 256}","{'id': 20991, 'rank': 27, 'fitness': 0.7640425956806708, 'generation': 256}","{'id': 21025, 'rank': 28, 'fitness': 0.7416912413402188, 'generation': 256}","{'id': 21035, 'rank': 29, 'fitness': 0.47592028210066467, 'generation': 256}","{'id': 20934, 'rank': 30, 'fitness': 0.01798620996209155, 'generation': 256}"
"{'id': 20998, 'rank': 1, 'fitness': 0.9820137900379085, 'generation': 257}","{'id': 21115, 'rank': 2, 'fitness': 0.981611767580508, 'generation': 257}","{'id': 21039, 'rank': 3, 'fitness': 0.9815602996126, 'generation': 257}","{'id': 21039, 'rank': 4, 'fitness': 0.9815602996126, 'generation': 257}","{'id': 21008, 'rank': 5, 'fitness': 0.9815062911038841, 'generation': 257}","{'id': 20999, 'rank': 6, 'fitness': 0.9813340865975261, 'generation': 257}","{'id': 21099, 'rank': 7, 'fitness': 0.9807841390870338, 'generation': 257}","{'id': 21121, 'rank': 8, 'fitness': 0.980632484342453, 'generation': 257}","{'id': 21111, 'rank': 9, 'fitness': 0.9802347655818694, 'generation': 257}","{'id': 21109, 'rank': 10, 'fitness': 0.9798917739940859, 'generation': 257}","{'id': 21072, 'rank': 11, 'fitness': 0.979891592978705, 'generation': 257}","{'id': 21036, 'rank': 12, 'fitness': 0.979875800705905, 'generation': 257}","{'id': 21036, 'rank': 13, 'fitness': 0.979875800705905, 'generation': 257}","{'id': 21054, 'rank': 14, 'fitness': 0.9798733377764959, 'generation': 257}","{'id': 21051, 'rank': 15, 'fitness': 0.9797104345176357, 'generation': 257}","{'id': 20992, 'rank': 16, 'fitness': 0.978720620820936, 'generation': 257}","{'id': 20992, 'rank': 17, 'fitness': 0.978720620820936, 'generation': 257}","{'id': 21095, 'rank': 18, 'fitness': 0.9779169142869581, 'generation': 257}","{'id': 21116, 'rank': 19, 'fitness': 0.9762513139356661, 'generation': 257}","{'id': 21081, 'rank': 20, 'fitness': 0.9737659113428796, 'generation': 257}","{'id': 20917, 'rank': 21, 'fitness': 0.9644180672056879, 'generation': 257}","{'id': 21097, 'rank': 22, 'fitness': 0.9546296594561893, 'generation': 257}","{'id': 20927, 'rank': 23, 'fitness': 0.9417983225332294, 'generation': 257}","{'id': 21079, 'rank': 24, 'fitness': 0.9134982453181864, 'generation': 257}","{'id': 21083, 'rank': 25, 'fitness': 0.8958894733483471, 'generation': 257}","{'id': 21073, 'rank': 26, 'fitness': 0.7044155605932187, 'generation': 257}","{'id': 21073, 'rank': 27, 'fitness': 0.7044155605932187, 'generation': 257}","{'id': 21035, 'rank': 28, 'fitness': 0.5348292371254989, 'generation': 257}","{'id': 21076, 'rank': 29, 'fitness': 0.05324458677763, 'generation': 257}","{'id': 21086, 'rank': 30, 'fitness': 0.01798620996209155, 'generation': 257}"
"{'id': 20998, 'rank': 1, 'fitness': 0.9820137900379085, 'generation': 258}","{'id': 21039, 'rank': 2, 'fitness': 0.9815790146339649, 'generation': 258}","{'id': 21198, 'rank': 3, 'fitness': 0.9812201881991884, 'generation': 258}","{'id': 21151, 'rank': 4, 'fitness': 0.9811788969780791, 'generation': 258}","{'id': 21149, 'rank': 5, 'fitness': 0.9807972032289878, 'generation': 258}","{'id': 21163, 'rank': 6, 'fitness': 0.9807886058787929, 'generation': 258}","{'id': 21197, 'rank': 7, 'fitness': 0.9806034728613259, 'generation': 258}","{'id': 21111, 'rank': 8, 'fitness': 0.9803105932860762, 'generation': 258}","{'id': 21141, 'rank': 9, 'fitness': 0.9802069111281884, 'generation': 258}","{'id': 21139, 'rank': 10, 'fitness': 0.980147854670255, 'generation': 258}","{'id': 21170, 'rank': 11, 'fitness': 0.9800465273732449, 'generation': 258}","{'id': 21190, 'rank': 12, 'fitness': 0.979788048820753, 'generation': 258}","{'id': 21188, 'rank': 13, 'fitness': 0.9794891608896494, 'generation': 258}","{'id': 20992, 'rank': 14, 'fitness': 0.9788658159232898, 'generation': 258}","{'id': 21201, 'rank': 15, 'fitness': 0.9788023653259801, 'generation': 258}","{'id': 21175, 'rank': 16, 'fitness': 0.9787301847160894, 'generation': 258}","{'id': 21202, 'rank': 17, 'fitness': 0.9772993244113657, 'generation': 258}","{'id': 21180, 'rank': 18, 'fitness': 0.9772437951671504, 'generation': 258}","{'id': 21158, 'rank': 19, 'fitness': 0.9770019822689393, 'generation': 258}","{'id': 21183, 'rank': 20, 'fitness': 0.9751832997316079, 'generation': 258}","{'id': 21192, 'rank': 21, 'fitness': 0.9745358226822907, 'generation': 258}","{'id': 21140, 'rank': 22, 'fitness': 0.9650814990668514, 'generation': 258}","{'id': 20927, 'rank': 23, 'fitness': 0.9444585105468069, 'generation': 258}","{'id': 21079, 'rank': 24, 'fitness': 0.9186488045717096, 'generation': 258}","{'id': 21083, 'rank': 25, 'fitness': 0.9027119410061315, 'generation': 258}","{'id': 21132, 'rank': 26, 'fitness': 0.8214803987169168, 'generation': 258}","{'id': 21073, 'rank': 27, 'fitness': 0.7303006111544033, 'generation': 258}","{'id': 21086, 'rank': 28, 'fitness': 0.024754359756708588, 'generation': 258}","{'id': 21129, 'rank': 29, 'fitness': 0.01798620996209155, 'generation': 258}","{'id': 21129, 'rank': 30, 'fitness': 0.01798620996209155, 'generation': 258}"
"{'id': 21198, 'rank': 1, 'fitness': 0.9820137900379085, 'generation': 259}","{'id': 21246, 'rank': 2, 'fitness': 0.9815391329006682, 'generation': 259}","{'id': 21197, 'rank': 3, 'fitness': 0.9814385901195832, 'generation': 259}","{'id': 21188, 'rank': 4, 'fitness': 0.9804004099043173, 'generation': 259}","{'id': 21208, 'rank': 5, 'fitness': 0.9796832515218634, 'generation': 259}","{'id': 21208, 'rank': 6, 'fitness': 0.9796832515218634, 'generation': 259}","{'id': 21219, 'rank': 7, 'fitness': 0.9795481835591313, 'generation': 259}","{'id': 21296, 'rank': 8, 'fitness': 0.9790431426096928, 'generation': 259}","{'id': 21296, 'rank': 9, 'fitness': 0.9790431426096928, 'generation': 259}","{'id': 21302, 'rank': 10, 'fitness': 0.9790274392773246, 'generation': 259}","{'id': 21267, 'rank': 11, 'fitness': 0.9784766201223775, 'generation': 259}","{'id': 21231, 'rank': 12, 'fitness': 0.9769838786612604, 'generation': 259}","{'id': 21232, 'rank': 13, 'fitness': 0.9754570352523609, 'generation': 259}","{'id': 21250, 'rank': 14, 'fitness': 0.9747591480293456, 'generation': 259}","{'id': 21301, 'rank': 15, 'fitness': 0.9746255347206512, 'generation': 259}","{'id': 21256, 'rank': 16, 'fitness': 0.973605526198636, 'generation': 259}","{'id': 21266, 'rank': 17, 'fitness': 0.9720117364882328, 'generation': 259}","{'id': 21298, 'rank': 18, 'fitness': 0.9689402546093936, 'generation': 259}","{'id': 21223, 'rank': 19, 'fitness': 0.9667654009792293, 'generation': 259}","{'id': 21258, 'rank': 20, 'fitness': 0.9663853131557306, 'generation': 259}","{'id': 21236, 'rank': 21, 'fitness': 0.9628973098199656, 'generation': 259}","{'id': 21083, 'rank': 22, 'fitness': 0.9103262239895451, 'generation': 259}","{'id': 21264, 'rank': 23, 'fitness': 0.7581581431068413, 'generation': 259}","{'id': 21073, 'rank': 24, 'fitness': 0.7537591019579739, 'generation': 259}","{'id': 21274, 'rank': 25, 'fitness': 0.6284754303288647, 'generation': 259}","{'id': 21281, 'rank': 26, 'fitness': 0.5730625601321037, 'generation': 259}","{'id': 21286, 'rank': 27, 'fitness': 0.14013473013820799, 'generation': 259}","{'id': 21086, 'rank': 28, 'fitness': 0.03146162290760063, 'generation': 259}","{'id': 21129, 'rank': 29, 'fitness': 0.023097478738545896, 'generation': 259}","{'id': 21261, 'rank': 30, 'fitness': 0.01798620996209155, 'generation': 259}"
"{'id': 21364, 'rank': 1, 'fitness': 0.9820137900379085, 'generation': 260}","{'id': 21325, 'rank': 2, 'fitness': 0.981963314283664, 'generation': 260}","{'id': 21358, 'rank': 3, 'fitness': 0.981950491027821, 'generation': 260}","{'id': 21188, 'rank': 4, 'fitness': 0.9819421180883225, 'generation': 260}","{'id': 21334, 'rank': 5, 'fitness': 0.981907038300494, 'generation': 260}","{'id': 21208, 'rank': 6, 'fitness': 0.981862187759434, 'generation': 260}","{'id': 21354, 'rank': 7, 'fitness': 0.9818473142391655, 'generation': 260}","{'id': 21267, 'rank': 8, 'fitness': 0.981733011763282, 'generation': 260}","{'id': 21310, 'rank': 9, 'fitness': 0.9816585690286521, 'generation': 260}","{'id': 21335, 'rank': 10, 'fitness': 0.9816514558708447, 'generation': 260}","{'id': 21232, 'rank': 11, 'fitness': 0.9814350525468045, 'generation': 260}","{'id': 21323, 'rank': 12, 'fitness': 0.9812820679511213, 'generation': 260}","{'id': 21256, 'rank': 13, 'fitness': 0.9812675190790187, 'generation': 260}","{'id': 21357, 'rank': 14, 'fitness': 0.9810305602154662, 'generation': 260}","{'id': 21357, 'rank': 15, 'fitness': 0.9810305602154662, 'generation': 260}","{'id': 21315, 'rank': 16, 'fitness': 0.9806376347026224, 'generation': 260}","{'id': 21340, 'rank': 17, 'fitness': 0.9803742200693616, 'generation': 260}","{'id': 21355, 'rank': 18, 'fitness': 0.9799254664721263, 'generation': 260}","{'id': 21355, 'rank': 19, 'fitness': 0.9799254664721263, 'generation': 260}","{'id': 21083, 'rank': 20, 'fitness': 0.9781255796684645, 'generation': 260}","{'id': 21083, 'rank': 21, 'fitness': 0.9781255796684645, 'generation': 260}","{'id': 21338, 'rank': 22, 'fitness': 0.9771647330704534, 'generation': 260}","{'id': 21342, 'rank': 23, 'fitness': 0.9761346436972959, 'generation': 260}","{'id': 21342, 'rank': 24, 'fitness': 0.9761346436972959, 'generation': 260}","{'id': 21073, 'rank': 25, 'fitness': 0.9747476991248836, 'generation': 260}","{'id': 21274, 'rank': 26, 'fitness': 0.9728937620758319, 'generation': 260}","{'id': 21286, 'rank': 27, 'fitness': 0.9642048816534696, 'generation': 260}","{'id': 21086, 'rank': 28, 'fitness': 0.956713030380895, 'generation': 260}","{'id': 21337, 'rank': 29, 'fitness': 0.955597757070958, 'generation': 260}","{'id': 21349, 'rank': 30, 'fitness': 0.01798620996209155, 'generation': 260}"
"{'id': 21415, 'rank': 1, 'fitness': 0.9820137900379085, 'generation': 261}","{'id': 21406, 'rank': 2, 'fitness': 0.9810243857653871, 'generation': 261}","{'id': 21354, 'rank': 3, 'fitness': 0.9809418574455845, 'generation': 261}","{'id': 21420, 'rank': 4, 'fitness': 0.9807004386945473, 'generation': 261}","{'id': 21436, 'rank': 5, 'fitness': 0.9798795229414998, 'generation': 261}","{'id': 21404, 'rank': 6, 'fitness': 0.9789283763897343, 'generation': 261}","{'id': 21412, 'rank': 7, 'fitness': 0.9778169478136387, 'generation': 261}","{'id': 21439, 'rank': 8, 'fitness': 0.9739262963464491, 'generation': 261}","{'id': 21384, 'rank': 9, 'fitness': 0.973790451574692, 'generation': 261}","{'id': 21357, 'rank': 10, 'fitness': 0.9722024081339803, 'generation': 261}","{'id': 21357, 'rank': 11, 'fitness': 0.9722024081339803, 'generation': 261}","{'id': 21428, 'rank': 12, 'fitness': 0.970260237000448, 'generation': 261}","{'id': 21377, 'rank': 13, 'fitness': 0.967190028543071, 'generation': 261}","{'id': 21422, 'rank': 14, 'fitness': 0.9639902404160985, 'generation': 261}","{'id': 21340, 'rank': 15, 'fitness': 0.9628791191391751, 'generation': 261}","{'id': 21340, 'rank': 16, 'fitness': 0.9628791191391751, 'generation': 261}","{'id': 21425, 'rank': 17, 'fitness': 0.9578998561914246, 'generation': 261}","{'id': 21423, 'rank': 18, 'fitness': 0.9566944646964772, 'generation': 261}","{'id': 21449, 'rank': 19, 'fitness': 0.9552269810110539, 'generation': 261}","{'id': 21355, 'rank': 20, 'fitness': 0.9550834981991014, 'generation': 261}","{'id': 21445, 'rank': 21, 'fitness': 0.9533333493362978, 'generation': 261}","{'id': 21427, 'rank': 22, 'fitness': 0.9288223056997584, 'generation': 261}","{'id': 21441, 'rank': 23, 'fitness': 0.9125887382048334, 'generation': 261}","{'id': 21441, 'rank': 24, 'fitness': 0.9125887382048334, 'generation': 261}","{'id': 21338, 'rank': 25, 'fitness': 0.8724023148302198, 'generation': 261}","{'id': 21342, 'rank': 26, 'fitness': 0.8224580156441286, 'generation': 261}","{'id': 21342, 'rank': 27, 'fitness': 0.8224580156441286, 'generation': 261}","{'id': 21073, 'rank': 28, 'fitness': 0.7377058406240816, 'generation': 261}","{'id': 21379, 'rank': 29, 'fitness': 0.18834568383511968, 'generation': 261}","{'id': 21337, 'rank': 30, 'fitness': 0.01798620996209155, 'generation': 261}"
"{'id': 21495, 'rank': 1, 'fitness': 0.9820137900379085, 'generation': 262}","{'id': 21415, 'rank': 2, 'fitness': 0.9813466639212594, 'generation': 262}","{'id': 21542, 'rank': 3, 'fitness': 0.9812937219621947, 'generation': 262}","{'id': 21354, 'rank': 4, 'fitness': 0.9810109198849746, 'generation': 262}","{'id': 21354, 'rank': 5, 'fitness': 0.9810109198849746, 'generation': 262}","{'id': 21531, 'rank': 6, 'fitness': 0.9809433071777409, 'generation': 262}","{'id': 21458, 'rank': 7, 'fitness': 0.9809383604833489, 'generation': 262}","{'id': 21463, 'rank': 8, 'fitness': 0.9807693148763861, 'generation': 262}","{'id': 21530, 'rank': 9, 'fitness': 0.9804385648026859, 'generation': 262}","{'id': 21545, 'rank': 10, 'fitness': 0.9803758959738552, 'generation': 262}","{'id': 21545, 'rank': 11, 'fitness': 0.9803758959738552, 'generation': 262}","{'id': 21545, 'rank': 12, 'fitness': 0.9803758959738552, 'generation': 262}","{'id': 21499, 'rank': 13, 'fitness': 0.9802888856622359, 'generation': 262}","{'id': 21474, 'rank': 14, 'fitness': 0.9789120951586517, 'generation': 262}","{'id': 21487, 'rank': 15, 'fitness': 0.978611280456861, 'generation': 262}","{'id': 21461, 'rank': 16, 'fitness': 0.9785952877908668, 'generation': 262}","{'id': 21541, 'rank': 17, 'fitness': 0.9785609863141148, 'generation': 262}","{'id': 21518, 'rank': 18, 'fitness': 0.9784027798159365, 'generation': 262}","{'id': 21511, 'rank': 19, 'fitness': 0.9780857464157047, 'generation': 262}","{'id': 21423, 'rank': 20, 'fitness': 0.9754932071318329, 'generation': 262}","{'id': 21449, 'rank': 21, 'fitness': 0.9752349973259744, 'generation': 262}","{'id': 21445, 'rank': 22, 'fitness': 0.9749097633910797, 'generation': 262}","{'id': 21441, 'rank': 23, 'fitness': 0.9693187784840982, 'generation': 262}","{'id': 21338, 'rank': 24, 'fitness': 0.965191357871146, 'generation': 262}","{'id': 21539, 'rank': 25, 'fitness': 0.964129424397125, 'generation': 262}","{'id': 21539, 'rank': 26, 'fitness': 0.964129424397125, 'generation': 262}","{'id': 21476, 'rank': 27, 'fitness': 0.9562452556834753, 'generation': 262}","{'id': 21476, 'rank': 28, 'fitness': 0.9562452556834753, 'generation': 262}","{'id': 21521, 'rank': 29, 'fitness': 0.9452795400682479, 'generation': 262}","{'id': 21493, 'rank': 30, 'fitness': 0.01798620996209155, 'generation': 262}"
"{'id': 21576, 'rank': 1, 'fitness': 0.9820137900379085, 'generation': 263}","{'id': 21575, 'rank': 2, 'fitness': 0.9813500611456432, 'generation': 263}","{'id': 21575, 'rank': 3, 'fitness': 0.9813500611456432, 'generation': 263}","{'id': 21635, 'rank': 4, 'fitness': 0.9794069820932405, 'generation': 263}","{'id': 21354, 'rank': 5, 'fitness': 0.9779555776725062, 'generation': 263}","{'id': 21531, 'rank': 6, 'fitness': 0.9776372163899503, 'generation': 263}","{'id': 21604, 'rank': 7, 'fitness': 0.9752609193674269, 'generation': 263}","{'id': 21604, 'rank': 8, 'fitness': 0.9752609193674269, 'generation': 263}","{'id': 21573, 'rank': 9, 'fitness': 0.9749257046165507, 'generation': 263}","{'id': 21545, 'rank': 10, 'fitness': 0.9748309966493143, 'generation': 263}","{'id': 21499, 'rank': 11, 'fitness': 0.97437895890929, 'generation': 263}","{'id': 21625, 'rank': 12, 'fitness': 0.9739430886140277, 'generation': 263}","{'id': 21624, 'rank': 13, 'fitness': 0.9737925572736443, 'generation': 263}","{'id': 21552, 'rank': 14, 'fitness': 0.9735713990592916, 'generation': 263}","{'id': 21589, 'rank': 15, 'fitness': 0.9710166677210063, 'generation': 263}","{'id': 21461, 'rank': 16, 'fitness': 0.9643525017839976, 'generation': 263}","{'id': 21461, 'rank': 17, 'fitness': 0.9643525017839976, 'generation': 263}","{'id': 21610, 'rank': 18, 'fitness': 0.9597043303034647, 'generation': 263}","{'id': 21548, 'rank': 19, 'fitness': 0.9586136245649077, 'generation': 263}","{'id': 21629, 'rank': 20, 'fitness': 0.9483258787352156, 'generation': 263}","{'id': 21555, 'rank': 21, 'fitness': 0.9104952272180804, 'generation': 263}","{'id': 21555, 'rank': 22, 'fitness': 0.9104952272180804, 'generation': 263}","{'id': 21588, 'rank': 23, 'fitness': 0.8223237175834048, 'generation': 263}","{'id': 21588, 'rank': 24, 'fitness': 0.8223237175834048, 'generation': 263}","{'id': 21628, 'rank': 25, 'fitness': 0.8038049599450734, 'generation': 263}","{'id': 21628, 'rank': 26, 'fitness': 0.8038049599450734, 'generation': 263}","{'id': 21476, 'rank': 27, 'fitness': 0.577011616307217, 'generation': 263}","{'id': 21521, 'rank': 28, 'fitness': 0.344956289484851, 'generation': 263}","{'id': 21521, 'rank': 29, 'fitness': 0.344956289484851, 'generation': 263}","{'id': 21612, 'rank': 30, 'fitness': 0.01798620996209155, 'generation': 263}"
"{'id': 21667, 'rank': 1, 'fitness': 0.9820137900379085, 'generation': 264}","{'id': 21708, 'rank': 2, 'fitness': 0.9820040002827359, 'generation': 264}","{'id': 21669, 'rank': 3, 'fitness': 0.9818654504121562, 'generation': 264}","{'id': 21644, 'rank': 4, 'fitness': 0.9817594087674468, 'generation': 264}","{'id': 21644, 'rank': 5, 'fitness': 0.9817594087674468, 'generation': 264}","{'id': 21682, 'rank': 6, 'fitness': 0.9814998697661208, 'generation': 264}","{'id': 21604, 'rank': 7, 'fitness': 0.9809620855497916, 'generation': 264}","{'id': 21573, 'rank': 8, 'fitness': 0.9809128863007537, 'generation': 264}","{'id': 21545, 'rank': 9, 'fitness': 0.9808990798211439, 'generation': 264}","{'id': 21625, 'rank': 10, 'fitness': 0.9807715872769693, 'generation': 264}","{'id': 21675, 'rank': 11, 'fitness': 0.98045864744267, 'generation': 264}","{'id': 21662, 'rank': 12, 'fitness': 0.9801490721142687, 'generation': 264}","{'id': 21664, 'rank': 13, 'fitness': 0.9801189958159321, 'generation': 264}","{'id': 21640, 'rank': 14, 'fitness': 0.9799736311700203, 'generation': 264}","{'id': 21672, 'rank': 15, 'fitness': 0.9795003904129077, 'generation': 264}","{'id': 21642, 'rank': 16, 'fitness': 0.9792854168716334, 'generation': 264}","{'id': 21548, 'rank': 17, 'fitness': 0.9789737308905687, 'generation': 264}","{'id': 21691, 'rank': 18, 'fitness': 0.9784638118092308, 'generation': 264}","{'id': 21629, 'rank': 19, 'fitness': 0.9780406167338491, 'generation': 264}","{'id': 21659, 'rank': 20, 'fitness': 0.977436494221259, 'generation': 264}","{'id': 21688, 'rank': 21, 'fitness': 0.9763818853399944, 'generation': 264}","{'id': 21628, 'rank': 22, 'fitness': 0.9709856813598516, 'generation': 264}","{'id': 21643, 'rank': 23, 'fitness': 0.9698501681182696, 'generation': 264}","{'id': 21702, 'rank': 24, 'fitness': 0.9667169920610628, 'generation': 264}","{'id': 21476, 'rank': 25, 'fitness': 0.9644593688935761, 'generation': 264}","{'id': 21647, 'rank': 26, 'fitness': 0.9020884813794314, 'generation': 264}","{'id': 21701, 'rank': 27, 'fitness': 0.9010616466297219, 'generation': 264}","{'id': 21711, 'rank': 28, 'fitness': 0.9006791005542134, 'generation': 264}","{'id': 21657, 'rank': 29, 'fitness': 0.01798620996209155, 'generation': 264}","{'id': 21657, 'rank': 30, 'fitness': 0.01798620996209155, 'generation': 264}"
"{'id': 21786, 'rank': 1, 'fitness': 0.9820137900379085, 'generation': 265}","{'id': 21667, 'rank': 2, 'fitness': 0.9816021007781114, 'generation': 265}","{'id': 21644, 'rank': 3, 'fitness': 0.9804184956009316, 'generation': 265}","{'id': 21783, 'rank': 4, 'fitness': 0.980397181060271, 'generation': 265}","{'id': 21767, 'rank': 5, 'fitness': 0.9798488372700748, 'generation': 265}","{'id': 21750, 'rank': 6, 'fitness': 0.9795691157309004, 'generation': 265}","{'id': 21750, 'rank': 7, 'fitness': 0.9795691157309004, 'generation': 265}","{'id': 21750, 'rank': 8, 'fitness': 0.9795691157309004, 'generation': 265}","{'id': 21722, 'rank': 9, 'fitness': 0.9773956500062211, 'generation': 265}","{'id': 21769, 'rank': 10, 'fitness': 0.977328675591163, 'generation': 265}","{'id': 21545, 'rank': 11, 'fitness': 0.9759836675965163, 'generation': 265}","{'id': 21797, 'rank': 12, 'fitness': 0.9756889063906502, 'generation': 265}","{'id': 21625, 'rank': 13, 'fitness': 0.9752670255144109, 'generation': 265}","{'id': 21752, 'rank': 14, 'fitness': 0.9733140773645228, 'generation': 265}","{'id': 21765, 'rank': 15, 'fitness': 0.9719017611365965, 'generation': 265}","{'id': 21662, 'rank': 16, 'fitness': 0.9715342802852813, 'generation': 265}","{'id': 21664, 'rank': 17, 'fitness': 0.971343849109026, 'generation': 265}","{'id': 21640, 'rank': 18, 'fitness': 0.9704099960206525, 'generation': 265}","{'id': 21779, 'rank': 19, 'fitness': 0.969739806464055, 'generation': 265}","{'id': 21756, 'rank': 20, 'fitness': 0.9668335045299546, 'generation': 265}","{'id': 21778, 'rank': 21, 'fitness': 0.9521818123396384, 'generation': 265}","{'id': 21780, 'rank': 22, 'fitness': 0.8887411905088664, 'generation': 265}","{'id': 21736, 'rank': 23, 'fitness': 0.8610456108981814, 'generation': 265}","{'id': 21628, 'rank': 24, 'fitness': 0.8583885248873282, 'generation': 265}","{'id': 21702, 'rank': 25, 'fitness': 0.7635951808062529, 'generation': 265}","{'id': 21476, 'rank': 26, 'fitness': 0.7048455191379763, 'generation': 265}","{'id': 21730, 'rank': 27, 'fitness': 0.6378020666747086, 'generation': 265}","{'id': 21802, 'rank': 28, 'fitness': 0.5401610786211695, 'generation': 265}","{'id': 21802, 'rank': 29, 'fitness': 0.5401610786211695, 'generation': 265}","{'id': 21711, 'rank': 30, 'fitness': 0.01798620996209155, 'generation': 265}"
"{'id': 21863, 'rank': 1, 'fitness': 0.9820137900379085, 'generation': 266}","{'id': 21852, 'rank': 2, 'fitness': 0.9819965465718995, 'generation': 266}","{'id': 21644, 'rank': 3, 'fitness': 0.9818796597142926, 'generation': 266}","{'id': 21783, 'rank': 4, 'fitness': 0.9818776164623291, 'generation': 266}","{'id': 21864, 'rank': 5, 'fitness': 0.9816822103362095, 'generation': 266}","{'id': 21820, 'rank': 6, 'fitness': 0.9816434967124692, 'generation': 266}","{'id': 21841, 'rank': 7, 'fitness': 0.9815926694516686, 'generation': 266}","{'id': 21823, 'rank': 8, 'fitness': 0.9815651357405939, 'generation': 266}","{'id': 21815, 'rank': 9, 'fitness': 0.9815503641624826, 'generation': 266}","{'id': 21870, 'rank': 10, 'fitness': 0.9813611133585303, 'generation': 266}","{'id': 21884, 'rank': 11, 'fitness': 0.9813081484481618, 'generation': 266}","{'id': 21662, 'rank': 12, 'fitness': 0.9811604114563164, 'generation': 266}","{'id': 21664, 'rank': 13, 'fitness': 0.9811472774301135, 'generation': 266}","{'id': 21825, 'rank': 14, 'fitness': 0.9811164103691409, 'generation': 266}","{'id': 21827, 'rank': 15, 'fitness': 0.9811135734662397, 'generation': 266}","{'id': 21756, 'rank': 16, 'fitness': 0.9808563821017209, 'generation': 266}","{'id': 21778, 'rank': 17, 'fitness': 0.9801015425012904, 'generation': 266}","{'id': 21858, 'rank': 18, 'fitness': 0.9798965533070123, 'generation': 266}","{'id': 21860, 'rank': 19, 'fitness': 0.9783116127259601, 'generation': 266}","{'id': 21780, 'rank': 20, 'fitness': 0.9781719258760717, 'generation': 266}","{'id': 21476, 'rank': 21, 'fitness': 0.9753382572482582, 'generation': 266}","{'id': 21872, 'rank': 22, 'fitness': 0.9735974809874176, 'generation': 266}","{'id': 21711, 'rank': 23, 'fitness': 0.9598247332121717, 'generation': 266}","{'id': 21845, 'rank': 24, 'fitness': 0.958902765230387, 'generation': 266}","{'id': 21836, 'rank': 25, 'fitness': 0.9456441104102821, 'generation': 266}","{'id': 21808, 'rank': 26, 'fitness': 0.8718675896578044, 'generation': 266}","{'id': 21837, 'rank': 27, 'fitness': 0.701510699521495, 'generation': 266}","{'id': 21807, 'rank': 28, 'fitness': 0.6275231771965825, 'generation': 266}","{'id': 21807, 'rank': 29, 'fitness': 0.6275231771965825, 'generation': 266}","{'id': 21873, 'rank': 30, 'fitness': 0.01798620996209155, 'generation': 266}"
"{'id': 21907, 'rank': 1, 'fitness': 0.9820137900379085, 'generation': 267}","{'id': 21928, 'rank': 2, 'fitness': 0.981730013025216, 'generation': 267}","{'id': 21928, 'rank': 3, 'fitness': 0.981730013025216, 'generation': 267}","{'id': 21928, 'rank': 4, 'fitness': 0.981730013025216, 'generation': 267}","{'id': 21644, 'rank': 5, 'fitness': 0.9812533992961818, 'generation': 267}","{'id': 21899, 'rank': 6, 'fitness': 0.9805349766572304, 'generation': 267}","{'id': 21905, 'rank': 7, 'fitness': 0.9804672283725533, 'generation': 267}","{'id': 21906, 'rank': 8, 'fitness': 0.9798523691959813, 'generation': 267}","{'id': 21909, 'rank': 9, 'fitness': 0.9797296112232915, 'generation': 267}","{'id': 21909, 'rank': 10, 'fitness': 0.9797296112232915, 'generation': 267}","{'id': 21820, 'rank': 11, 'fitness': 0.9788191774079033, 'generation': 267}","{'id': 21910, 'rank': 12, 'fitness': 0.97879266408362, 'generation': 267}","{'id': 21841, 'rank': 13, 'fitness': 0.9782605385787813, 'generation': 267}","{'id': 21823, 'rank': 14, 'fitness': 0.9779525761619918, 'generation': 267}","{'id': 21964, 'rank': 15, 'fitness': 0.97668498482093, 'generation': 267}","{'id': 21902, 'rank': 16, 'fitness': 0.9731020842467248, 'generation': 267}","{'id': 21664, 'rank': 17, 'fitness': 0.9727893040596781, 'generation': 267}","{'id': 21664, 'rank': 18, 'fitness': 0.9727893040596781, 'generation': 267}","{'id': 21913, 'rank': 19, 'fitness': 0.9711164021985843, 'generation': 267}","{'id': 21935, 'rank': 20, 'fitness': 0.969592418997273, 'generation': 267}","{'id': 21756, 'rank': 21, 'fitness': 0.9686029746453819, 'generation': 267}","{'id': 21915, 'rank': 22, 'fitness': 0.9673984023864401, 'generation': 267}","{'id': 21925, 'rank': 23, 'fitness': 0.9636785852245515, 'generation': 267}","{'id': 21893, 'rank': 24, 'fitness': 0.9336963146129308, 'generation': 267}","{'id': 21893, 'rank': 25, 'fitness': 0.9336963146129308, 'generation': 267}","{'id': 21933, 'rank': 26, 'fitness': 0.8951404602268787, 'generation': 267}","{'id': 21946, 'rank': 27, 'fitness': 0.06209921457893236, 'generation': 267}","{'id': 21946, 'rank': 28, 'fitness': 0.06209921457893236, 'generation': 267}","{'id': 21919, 'rank': 29, 'fitness': 0.03774656457783776, 'generation': 267}","{'id': 21845, 'rank': 30, 'fitness': 0.01798620996209155, 'generation': 267}"
"{'id': 21995, 'rank': 1, 'fitness': 0.9820137900379085, 'generation': 268}","{'id': 21994, 'rank': 2, 'fitness': 0.9819166336395705, 'generation': 268}","{'id': 21928, 'rank': 3, 'fitness': 0.9818948841607821, 'generation': 268}","{'id': 21928, 'rank': 4, 'fitness': 0.9818948841607821, 'generation': 268}","{'id': 21992, 'rank': 5, 'fitness': 0.9818561850155163, 'generation': 268}","{'id': 21644, 'rank': 6, 'fitness': 0.9817845959733227, 'generation': 268}","{'id': 22020, 'rank': 7, 'fitness': 0.9817009220364457, 'generation': 268}","{'id': 21984, 'rank': 8, 'fitness': 0.981697511411408, 'generation': 268}","{'id': 21984, 'rank': 9, 'fitness': 0.981697511411408, 'generation': 268}","{'id': 21906, 'rank': 10, 'fitness': 0.9814721169103253, 'generation': 268}","{'id': 21909, 'rank': 11, 'fitness': 0.9814455211445559, 'generation': 268}","{'id': 21990, 'rank': 12, 'fitness': 0.981370015087629, 'generation': 268}","{'id': 21971, 'rank': 13, 'fitness': 0.981227604979695, 'generation': 268}","{'id': 21981, 'rank': 14, 'fitness': 0.9810129709482426, 'generation': 268}","{'id': 21964, 'rank': 15, 'fitness': 0.9808213596123765, 'generation': 268}","{'id': 22035, 'rank': 16, 'fitness': 0.9806455912287249, 'generation': 268}","{'id': 22006, 'rank': 17, 'fitness': 0.980629612956559, 'generation': 268}","{'id': 21664, 'rank': 18, 'fitness': 0.9801056858341388, 'generation': 268}","{'id': 21664, 'rank': 19, 'fitness': 0.9801056858341388, 'generation': 268}","{'id': 22041, 'rank': 20, 'fitness': 0.9798280822329828, 'generation': 268}","{'id': 21915, 'rank': 21, 'fitness': 0.9792310065442515, 'generation': 268}","{'id': 22016, 'rank': 22, 'fitness': 0.9791455188588531, 'generation': 268}","{'id': 22019, 'rank': 23, 'fitness': 0.9790857721772794, 'generation': 268}","{'id': 22011, 'rank': 24, 'fitness': 0.9778884346851173, 'generation': 268}","{'id': 21893, 'rank': 25, 'fitness': 0.9753399189173162, 'generation': 268}","{'id': 21893, 'rank': 26, 'fitness': 0.9753399189173162, 'generation': 268}","{'id': 21976, 'rank': 27, 'fitness': 0.9750747716587935, 'generation': 268}","{'id': 21976, 'rank': 28, 'fitness': 0.9750747716587935, 'generation': 268}","{'id': 22014, 'rank': 29, 'fitness': 0.8799081861027218, 'generation': 268}","{'id': 22017, 'rank': 30, 'fitness': 0.01798620996209155, 'generation': 268}"
"{'id': 22053, 'rank': 1, 'fitness': 0.9820137900379085, 'generation': 269}","{'id': 21928, 'rank': 2, 'fitness': 0.9818770049312286, 'generation': 269}","{'id': 21644, 'rank': 3, 'fitness': 0.9817249257450152, 'generation': 269}","{'id': 22075, 'rank': 4, 'fitness': 0.9817202341595315, 'generation': 269}","{'id': 22020, 'rank': 5, 'fitness': 0.981609318678338, 'generation': 269}","{'id': 21984, 'rank': 6, 'fitness': 0.9816046022873968, 'generation': 269}","{'id': 21984, 'rank': 7, 'fitness': 0.9816046022873968, 'generation': 269}","{'id': 22061, 'rank': 8, 'fitness': 0.9815868013074993, 'generation': 269}","{'id': 22117, 'rank': 9, 'fitness': 0.9814546585221157, 'generation': 269}","{'id': 22073, 'rank': 10, 'fitness': 0.9813941405414537, 'generation': 269}","{'id': 22116, 'rank': 11, 'fitness': 0.9813780913078662, 'generation': 269}","{'id': 22056, 'rank': 12, 'fitness': 0.9813500402303161, 'generation': 269}","{'id': 22056, 'rank': 13, 'fitness': 0.9813500402303161, 'generation': 269}","{'id': 21906, 'rank': 14, 'fitness': 0.9812921985121441, 'generation': 269}","{'id': 22074, 'rank': 15, 'fitness': 0.9810919066109507, 'generation': 269}","{'id': 22062, 'rank': 16, 'fitness': 0.9810124556277862, 'generation': 269}","{'id': 22108, 'rank': 17, 'fitness': 0.9809658805228131, 'generation': 269}","{'id': 22087, 'rank': 18, 'fitness': 0.9803700541039195, 'generation': 269}","{'id': 22087, 'rank': 19, 'fitness': 0.9803700541039195, 'generation': 269}","{'id': 22051, 'rank': 20, 'fitness': 0.9794171212886382, 'generation': 269}","{'id': 21664, 'rank': 21, 'fitness': 0.9793686632816845, 'generation': 269}","{'id': 22016, 'rank': 22, 'fitness': 0.977987546433534, 'generation': 269}","{'id': 22019, 'rank': 23, 'fitness': 0.9779008245972248, 'generation': 269}","{'id': 22088, 'rank': 24, 'fitness': 0.9773803649470867, 'generation': 269}","{'id': 22070, 'rank': 25, 'fitness': 0.9762502633278083, 'generation': 269}","{'id': 22070, 'rank': 26, 'fitness': 0.9762502633278083, 'generation': 269}","{'id': 21893, 'rank': 27, 'fitness': 0.9722905561258777, 'generation': 269}","{'id': 21976, 'rank': 28, 'fitness': 0.9718810825175647, 'generation': 269}","{'id': 22068, 'rank': 29, 'fitness': 0.9662350666820559, 'generation': 269}","{'id': 22094, 'rank': 30, 'fitness': 0.01798620996209155, 'generation': 269}"
"{'id': 22129, 'rank': 1, 'fitness': 0.9820137900379085, 'generation': 270}","{'id': 22129, 'rank': 2, 'fitness': 0.9820137900379085, 'generation': 270}","{'id': 21928, 'rank': 3, 'fitness': 0.9807532674501269, 'generation': 270}","{'id': 22151, 'rank': 4, 'fitness': 0.9804341893786181, 'generation': 270}","{'id': 22180, 'rank': 5, 'fitness': 0.980214499242642, 'generation': 270}","{'id': 22150, 'rank': 6, 'fitness': 0.9771267661037728, 'generation': 270}","{'id': 22056, 'rank': 7, 'fitness': 0.9762654912153401, 'generation': 270}","{'id': 22199, 'rank': 8, 'fitness': 0.9758761616826038, 'generation': 270}","{'id': 22203, 'rank': 9, 'fitness': 0.9753262380762225, 'generation': 270}","{'id': 22201, 'rank': 10, 'fitness': 0.9752036508023587, 'generation': 270}","{'id': 22074, 'rank': 11, 'fitness': 0.973764298739525, 'generation': 270}","{'id': 22062, 'rank': 12, 'fitness': 0.9729513649364124, 'generation': 270}","{'id': 22087, 'rank': 13, 'fitness': 0.9655715371443347, 'generation': 270}","{'id': 22196, 'rank': 14, 'fitness': 0.9573641266408104, 'generation': 270}","{'id': 22169, 'rank': 15, 'fitness': 0.9528658135824659, 'generation': 270}","{'id': 22169, 'rank': 16, 'fitness': 0.9528658135824659, 'generation': 270}","{'id': 22169, 'rank': 17, 'fitness': 0.9528658135824659, 'generation': 270}","{'id': 22144, 'rank': 18, 'fitness': 0.9478536166840799, 'generation': 270}","{'id': 22144, 'rank': 19, 'fitness': 0.9478536166840799, 'generation': 270}","{'id': 22148, 'rank': 20, 'fitness': 0.9473825878384341, 'generation': 270}","{'id': 22166, 'rank': 21, 'fitness': 0.940791765537037, 'generation': 270}","{'id': 22132, 'rank': 22, 'fitness': 0.9343747935055244, 'generation': 270}","{'id': 22132, 'rank': 23, 'fitness': 0.9343747935055244, 'generation': 270}","{'id': 22016, 'rank': 24, 'fitness': 0.9224245829879635, 'generation': 270}","{'id': 22016, 'rank': 25, 'fitness': 0.9224245829879635, 'generation': 270}","{'id': 22130, 'rank': 26, 'fitness': 0.9061609246801356, 'generation': 270}","{'id': 22070, 'rank': 27, 'fitness': 0.8705159242117788, 'generation': 270}","{'id': 22198, 'rank': 28, 'fitness': 0.5771210843234938, 'generation': 270}","{'id': 22157, 'rank': 29, 'fitness': 0.118671945218706, 'generation': 270}","{'id': 22159, 'rank': 30, 'fitness': 0.01798620996209155, 'generation': 270}"
"{'id': 22251, 'rank': 1, 'fitness': 0.9820137900379085, 'generation': 271}","{'id': 22222, 'rank': 2, 'fitness': 0.9794170317560518, 'generation': 271}","{'id': 22225, 'rank': 3, 'fitness': 0.9786340369941355, 'generation': 271}","{'id': 22255, 'rank': 4, 'fitness': 0.9776895383504028, 'generation': 271}","{'id': 22218, 'rank': 5, 'fitness': 0.9773620401583175, 'generation': 271}","{'id': 22218, 'rank': 6, 'fitness': 0.9773620401583175, 'generation': 271}","{'id': 22056, 'rank': 7, 'fitness': 0.9773060420322959, 'generation': 271}","{'id': 22279, 'rank': 8, 'fitness': 0.9762349977794448, 'generation': 271}","{'id': 22240, 'rank': 9, 'fitness': 0.9752124000639986, 'generation': 271}","{'id': 22240, 'rank': 10, 'fitness': 0.9752124000639986, 'generation': 271}","{'id': 22233, 'rank': 11, 'fitness': 0.9750591025269018, 'generation': 271}","{'id': 22235, 'rank': 12, 'fitness': 0.9736474587291604, 'generation': 271}","{'id': 22242, 'rank': 13, 'fitness': 0.9735064413058339, 'generation': 271}","{'id': 22087, 'rank': 14, 'fitness': 0.9669924840161083, 'generation': 271}","{'id': 22144, 'rank': 15, 'fitness': 0.9498451946000133, 'generation': 271}","{'id': 22244, 'rank': 16, 'fitness': 0.9494404141157899, 'generation': 271}","{'id': 22256, 'rank': 17, 'fitness': 0.9482062832151028, 'generation': 271}","{'id': 22166, 'rank': 18, 'fitness': 0.9429938591578433, 'generation': 271}","{'id': 22132, 'rank': 19, 'fitness': 0.9367608609592801, 'generation': 271}","{'id': 22016, 'rank': 20, 'fitness': 0.9251361898074105, 'generation': 271}","{'id': 22130, 'rank': 21, 'fitness': 0.9092831208892895, 'generation': 271}","{'id': 22269, 'rank': 22, 'fitness': 0.8840673505845786, 'generation': 271}","{'id': 22269, 'rank': 23, 'fitness': 0.8840673505845786, 'generation': 271}","{'id': 22236, 'rank': 24, 'fitness': 0.7704731546118431, 'generation': 271}","{'id': 22271, 'rank': 25, 'fitness': 0.6757322230403171, 'generation': 271}","{'id': 22198, 'rank': 26, 'fitness': 0.5833658924447315, 'generation': 271}","{'id': 22245, 'rank': 27, 'fitness': 0.5470588528007377, 'generation': 271}","{'id': 22246, 'rank': 28, 'fitness': 0.5194588514479157, 'generation': 271}","{'id': 22157, 'rank': 29, 'fitness': 0.11991852892275823, 'generation': 271}","{'id': 22159, 'rank': 30, 'fitness': 0.01798620996209155, 'generation': 271}"
"{'id': 22305, 'rank': 1, 'fitness': 0.9820137900379085, 'generation': 272}","{'id': 22305, 'rank': 2, 'fitness': 0.9820137900379085, 'generation': 272}","{'id': 22299, 'rank': 3, 'fitness': 0.9820012218734518, 'generation': 272}","{'id': 22304, 'rank': 4, 'fitness': 0.9818016732581846, 'generation': 272}","{'id': 22345, 'rank': 5, 'fitness': 0.9817919597278477, 'generation': 272}","{'id': 22345, 'rank': 6, 'fitness': 0.9817919597278477, 'generation': 272}","{'id': 22292, 'rank': 7, 'fitness': 0.9817706570208273, 'generation': 272}","{'id': 22287, 'rank': 8, 'fitness': 0.9817627453800458, 'generation': 272}","{'id': 22311, 'rank': 9, 'fitness': 0.9815607679634126, 'generation': 272}","{'id': 22242, 'rank': 10, 'fitness': 0.9814376008741359, 'generation': 272}","{'id': 22309, 'rank': 11, 'fitness': 0.9813675909092494, 'generation': 272}","{'id': 22308, 'rank': 12, 'fitness': 0.9812337365699045, 'generation': 272}","{'id': 22339, 'rank': 13, 'fitness': 0.9809395861831878, 'generation': 272}","{'id': 22348, 'rank': 14, 'fitness': 0.9808115703090978, 'generation': 272}","{'id': 22284, 'rank': 15, 'fitness': 0.9807855101779376, 'generation': 272}","{'id': 22336, 'rank': 16, 'fitness': 0.9806571609633286, 'generation': 272}","{'id': 22289, 'rank': 17, 'fitness': 0.9805560058214575, 'generation': 272}","{'id': 22256, 'rank': 18, 'fitness': 0.9803560583492857, 'generation': 272}","{'id': 22282, 'rank': 19, 'fitness': 0.9797847822288416, 'generation': 272}","{'id': 22016, 'rank': 20, 'fitness': 0.9797189200702074, 'generation': 272}","{'id': 22130, 'rank': 21, 'fitness': 0.9793713180006596, 'generation': 272}","{'id': 22130, 'rank': 22, 'fitness': 0.9793713180006596, 'generation': 272}","{'id': 22296, 'rank': 23, 'fitness': 0.9792193716941144, 'generation': 272}","{'id': 22198, 'rank': 24, 'fitness': 0.9758050802697783, 'generation': 272}","{'id': 22353, 'rank': 25, 'fitness': 0.9755634549815287, 'generation': 272}","{'id': 22245, 'rank': 26, 'fitness': 0.9755142007784817, 'generation': 272}","{'id': 22356, 'rank': 27, 'fitness': 0.9715791839770782, 'generation': 272}","{'id': 22356, 'rank': 28, 'fitness': 0.9715791839770782, 'generation': 272}","{'id': 22355, 'rank': 29, 'fitness': 0.9118022798156011, 'generation': 272}","{'id': 22319, 'rank': 30, 'fitness': 0.01798620996209155, 'generation': 272}"
"{'id': 22359, 'rank': 1, 'fitness': 0.9820137900379085, 'generation': 273}","{'id': 22359, 'rank': 2, 'fitness': 0.9820137900379085, 'generation': 273}","{'id': 22369, 'rank': 3, 'fitness': 0.9811370377194792, 'generation': 273}","{'id': 22386, 'rank': 4, 'fitness': 0.9809494067805548, 'generation': 273}","{'id': 22386, 'rank': 5, 'fitness': 0.9809494067805548, 'generation': 273}","{'id': 22389, 'rank': 6, 'fitness': 0.9806660161936143, 'generation': 273}","{'id': 22389, 'rank': 7, 'fitness': 0.9806660161936143, 'generation': 273}","{'id': 22383, 'rank': 8, 'fitness': 0.9798453404926384, 'generation': 273}","{'id': 22383, 'rank': 9, 'fitness': 0.9798453404926384, 'generation': 273}","{'id': 22440, 'rank': 10, 'fitness': 0.9720801100148236, 'generation': 273}","{'id': 22422, 'rank': 11, 'fitness': 0.9691834917055666, 'generation': 273}","{'id': 22429, 'rank': 12, 'fitness': 0.9689110734780461, 'generation': 273}","{'id': 22348, 'rank': 13, 'fitness': 0.9640159969252124, 'generation': 273}","{'id': 22433, 'rank': 14, 'fitness': 0.9638469717058107, 'generation': 273}","{'id': 22433, 'rank': 15, 'fitness': 0.9638469717058107, 'generation': 273}","{'id': 22433, 'rank': 16, 'fitness': 0.9638469717058107, 'generation': 273}","{'id': 22441, 'rank': 17, 'fitness': 0.9585563035882634, 'generation': 273}","{'id': 22360, 'rank': 18, 'fitness': 0.9585405164905093, 'generation': 273}","{'id': 22362, 'rank': 19, 'fitness': 0.9541435679217737, 'generation': 273}","{'id': 22397, 'rank': 20, 'fitness': 0.9489970003345642, 'generation': 273}","{'id': 22396, 'rank': 21, 'fitness': 0.9450890651028611, 'generation': 273}","{'id': 22377, 'rank': 22, 'fitness': 0.8721705293760684, 'generation': 273}","{'id': 22394, 'rank': 23, 'fitness': 0.8259490172697909, 'generation': 273}","{'id': 22364, 'rank': 24, 'fitness': 0.7183080507232911, 'generation': 273}","{'id': 22364, 'rank': 25, 'fitness': 0.7183080507232911, 'generation': 273}","{'id': 22356, 'rank': 26, 'fitness': 0.30779766160448974, 'generation': 273}","{'id': 22366, 'rank': 27, 'fitness': 0.2728532640969943, 'generation': 273}","{'id': 22415, 'rank': 28, 'fitness': 0.11343986741721718, 'generation': 273}","{'id': 22367, 'rank': 29, 'fitness': 0.11200709021213329, 'generation': 273}","{'id': 22418, 'rank': 30, 'fitness': 0.01798620996209155, 'generation': 273}"
"{'id': 22369, 'rank': 1, 'fitness': 0.9820137900379085, 'generation': 274}","{'id': 22386, 'rank': 2, 'fitness': 0.9819950075783305, 'generation': 274}","{'id': 22389, 'rank': 3, 'fitness': 0.9819669445707776, 'generation': 274}","{'id': 22524, 'rank': 4, 'fitness': 0.9819509650805597, 'generation': 274}","{'id': 22524, 'rank': 5, 'fitness': 0.9819509650805597, 'generation': 274}","{'id': 22519, 'rank': 6, 'fitness': 0.9818732614859467, 'generation': 274}","{'id': 22460, 'rank': 7, 'fitness': 0.981485853464698, 'generation': 274}","{'id': 22460, 'rank': 8, 'fitness': 0.981485853464698, 'generation': 274}","{'id': 22523, 'rank': 9, 'fitness': 0.9814624772583302, 'generation': 274}","{'id': 22440, 'rank': 10, 'fitness': 0.9812514588759758, 'generation': 274}","{'id': 22429, 'rank': 11, 'fitness': 0.9810355558468282, 'generation': 274}","{'id': 22429, 'rank': 12, 'fitness': 0.9810355558468282, 'generation': 274}","{'id': 22348, 'rank': 13, 'fitness': 0.9807367568663463, 'generation': 274}","{'id': 22433, 'rank': 14, 'fitness': 0.9807270789009253, 'generation': 274}","{'id': 22433, 'rank': 15, 'fitness': 0.9807270789009253, 'generation': 274}","{'id': 22477, 'rank': 16, 'fitness': 0.9803347697387867, 'generation': 274}","{'id': 22397, 'rank': 17, 'fitness': 0.9799977489052756, 'generation': 274}","{'id': 22485, 'rank': 18, 'fitness': 0.9773665846008279, 'generation': 274}","{'id': 22509, 'rank': 19, 'fitness': 0.9772316673223059, 'generation': 274}","{'id': 22509, 'rank': 20, 'fitness': 0.9772316673223059, 'generation': 274}","{'id': 22511, 'rank': 21, 'fitness': 0.9757040871923598, 'generation': 274}","{'id': 22356, 'rank': 22, 'fitness': 0.9706407449800349, 'generation': 274}","{'id': 22512, 'rank': 23, 'fitness': 0.9692859544275982, 'generation': 274}","{'id': 22367, 'rank': 24, 'fitness': 0.9666125094369464, 'generation': 274}","{'id': 22475, 'rank': 25, 'fitness': 0.8904481077100381, 'generation': 274}","{'id': 22505, 'rank': 26, 'fitness': 0.8794562453783301, 'generation': 274}","{'id': 22505, 'rank': 27, 'fitness': 0.8794562453783301, 'generation': 274}","{'id': 22507, 'rank': 28, 'fitness': 0.3697285013855677, 'generation': 274}","{'id': 22507, 'rank': 29, 'fitness': 0.3697285013855677, 'generation': 274}","{'id': 22472, 'rank': 30, 'fitness': 0.01798620996209155, 'generation': 274}"
"{'id': 22369, 'rank': 1, 'fitness': 0.9820137900379085, 'generation': 275}","{'id': 22389, 'rank': 2, 'fitness': 0.9819669445707776, 'generation': 275}","{'id': 22600, 'rank': 3, 'fitness': 0.9815490900142516, 'generation': 275}","{'id': 22460, 'rank': 4, 'fitness': 0.981485853464698, 'generation': 275}","{'id': 22595, 'rank': 5, 'fitness': 0.9813766408389497, 'generation': 275}","{'id': 22588, 'rank': 6, 'fitness': 0.9810850345737192, 'generation': 275}","{'id': 22429, 'rank': 7, 'fitness': 0.9810355558468282, 'generation': 275}","{'id': 22541, 'rank': 8, 'fitness': 0.9809467360244268, 'generation': 275}","{'id': 22348, 'rank': 9, 'fitness': 0.9807367568663463, 'generation': 275}","{'id': 22587, 'rank': 10, 'fitness': 0.9807258864725301, 'generation': 275}","{'id': 22543, 'rank': 11, 'fitness': 0.9804446229522925, 'generation': 275}","{'id': 22573, 'rank': 12, 'fitness': 0.980391130860838, 'generation': 275}","{'id': 22569, 'rank': 13, 'fitness': 0.9800490236320183, 'generation': 275}","{'id': 22568, 'rank': 14, 'fitness': 0.9797907416808449, 'generation': 275}","{'id': 22584, 'rank': 15, 'fitness': 0.979526714146076, 'generation': 275}","{'id': 22551, 'rank': 16, 'fitness': 0.97915233910512, 'generation': 275}","{'id': 22554, 'rank': 17, 'fitness': 0.9790493599294128, 'generation': 275}","{'id': 22550, 'rank': 18, 'fitness': 0.9789070976567362, 'generation': 275}","{'id': 22548, 'rank': 19, 'fitness': 0.9780998371871644, 'generation': 275}","{'id': 22509, 'rank': 20, 'fitness': 0.9772316673223059, 'generation': 275}","{'id': 22593, 'rank': 21, 'fitness': 0.9769303707072132, 'generation': 275}","{'id': 22535, 'rank': 22, 'fitness': 0.976525635000115, 'generation': 275}","{'id': 22559, 'rank': 23, 'fitness': 0.974444991921027, 'generation': 275}","{'id': 22356, 'rank': 24, 'fitness': 0.9706407449800349, 'generation': 275}","{'id': 22356, 'rank': 25, 'fitness': 0.9706407449800349, 'generation': 275}","{'id': 22577, 'rank': 26, 'fitness': 0.970246078683783, 'generation': 275}","{'id': 22505, 'rank': 27, 'fitness': 0.8794562453783301, 'generation': 275}","{'id': 22560, 'rank': 28, 'fitness': 0.40349375836198037, 'generation': 275}","{'id': 22586, 'rank': 29, 'fitness': 0.2661288869946303, 'generation': 275}","{'id': 22472, 'rank': 30, 'fitness': 0.01798620996209155, 'generation': 275}"
"{'id': 22369, 'rank': 1, 'fitness': 0.9820137900379085, 'generation': 276}","{'id': 22369, 'rank': 2, 'fitness': 0.9820137900379085, 'generation': 276}","{'id': 22617, 'rank': 3, 'fitness': 0.9816672733199392, 'generation': 276}","{'id': 22668, 'rank': 4, 'fitness': 0.9814097073269197, 'generation': 276}","{'id': 22460, 'rank': 5, 'fitness': 0.9811643185396866, 'generation': 276}","{'id': 22669, 'rank': 6, 'fitness': 0.9802902129353273, 'generation': 276}","{'id': 22669, 'rank': 7, 'fitness': 0.9802902129353273, 'generation': 276}","{'id': 22645, 'rank': 8, 'fitness': 0.9802746215023659, 'generation': 276}","{'id': 22543, 'rank': 9, 'fitness': 0.9794473741178717, 'generation': 276}","{'id': 22648, 'rank': 10, 'fitness': 0.9792260880604251, 'generation': 276}","{'id': 22623, 'rank': 11, 'fitness': 0.9791803559878324, 'generation': 276}","{'id': 22646, 'rank': 12, 'fitness': 0.9783641436770213, 'generation': 276}","{'id': 22614, 'rank': 13, 'fitness': 0.9750672885090895, 'generation': 276}","{'id': 22606, 'rank': 14, 'fitness': 0.9733933466697926, 'generation': 276}","{'id': 22593, 'rank': 15, 'fitness': 0.9732628737259175, 'generation': 276}","{'id': 22656, 'rank': 16, 'fitness': 0.9730154929449244, 'generation': 276}","{'id': 22640, 'rank': 17, 'fitness': 0.9730137086736821, 'generation': 276}","{'id': 22615, 'rank': 18, 'fitness': 0.9728606414086511, 'generation': 276}","{'id': 22613, 'rank': 19, 'fitness': 0.969968682435516, 'generation': 276}","{'id': 22643, 'rank': 20, 'fitness': 0.9685461982478321, 'generation': 276}","{'id': 22603, 'rank': 21, 'fitness': 0.964515010696448, 'generation': 276}","{'id': 22603, 'rank': 22, 'fitness': 0.964515010696448, 'generation': 276}","{'id': 22356, 'rank': 23, 'fitness': 0.960821298103613, 'generation': 276}","{'id': 22577, 'rank': 24, 'fitness': 0.9599865071295268, 'generation': 276}","{'id': 22621, 'rank': 25, 'fitness': 0.957488759583121, 'generation': 276}","{'id': 22627, 'rank': 26, 'fitness': 0.950081816597033, 'generation': 276}","{'id': 22608, 'rank': 27, 'fitness': 0.9475821180386954, 'generation': 276}","{'id': 22632, 'rank': 28, 'fitness': 0.946471494159175, 'generation': 276}","{'id': 22636, 'rank': 29, 'fitness': 0.09246790624826806, 'generation': 276}","{'id': 22586, 'rank': 30, 'fitness': 0.01798620996209155, 'generation': 276}"
"{'id': 22369, 'rank': 1, 'fitness': 0.9820137900379085, 'generation': 277}","{'id': 22692, 'rank': 2, 'fitness': 0.9815481407077582, 'generation': 277}","{'id': 22706, 'rank': 3, 'fitness': 0.9793020613699603, 'generation': 277}","{'id': 22686, 'rank': 4, 'fitness': 0.9770172964057917, 'generation': 277}","{'id': 22708, 'rank': 5, 'fitness': 0.9718295202138765, 'generation': 277}","{'id': 22669, 'rank': 6, 'fitness': 0.9668379649847415, 'generation': 277}","{'id': 22677, 'rank': 7, 'fitness': 0.9667536087315642, 'generation': 277}","{'id': 22678, 'rank': 8, 'fitness': 0.9640700712551389, 'generation': 277}","{'id': 22697, 'rank': 9, 'fitness': 0.9560234989941132, 'generation': 277}","{'id': 22623, 'rank': 10, 'fitness': 0.9524160583535077, 'generation': 277}","{'id': 22681, 'rank': 11, 'fitness': 0.9469063312495652, 'generation': 277}","{'id': 22722, 'rank': 12, 'fitness': 0.941909928756885, 'generation': 277}","{'id': 22762, 'rank': 13, 'fitness': 0.9403709791300783, 'generation': 277}","{'id': 22646, 'rank': 14, 'fitness': 0.9389014747248634, 'generation': 277}","{'id': 22676, 'rank': 15, 'fitness': 0.9361605467899512, 'generation': 277}","{'id': 22715, 'rank': 16, 'fitness': 0.93477382603345, 'generation': 277}","{'id': 22695, 'rank': 17, 'fitness': 0.9095170459043818, 'generation': 277}","{'id': 22755, 'rank': 18, 'fitness': 0.9081351715256181, 'generation': 277}","{'id': 22757, 'rank': 19, 'fitness': 0.8286019454269313, 'generation': 277}","{'id': 22679, 'rank': 20, 'fitness': 0.802386662283158, 'generation': 277}","{'id': 22724, 'rank': 21, 'fitness': 0.7942766119180675, 'generation': 277}","{'id': 22606, 'rank': 22, 'fitness': 0.7869804229993485, 'generation': 277}","{'id': 22727, 'rank': 23, 'fitness': 0.7819551745903657, 'generation': 277}","{'id': 22743, 'rank': 24, 'fitness': 0.23236320497708235, 'generation': 277}","{'id': 22699, 'rank': 25, 'fitness': 0.19727178597038014, 'generation': 277}","{'id': 22744, 'rank': 26, 'fitness': 0.1506697604368863, 'generation': 277}","{'id': 22726, 'rank': 27, 'fitness': 0.14025674107281516, 'generation': 277}","{'id': 22739, 'rank': 28, 'fitness': 0.06785373396443106, 'generation': 277}","{'id': 22632, 'rank': 29, 'fitness': 0.027010400251657962, 'generation': 277}","{'id': 22673, 'rank': 30, 'fitness': 0.01798620996209155, 'generation': 277}"
"{'id': 22775, 'rank': 1, 'fitness': 0.9820137900379085, 'generation': 278}","{'id': 22369, 'rank': 2, 'fitness': 0.9819104877349357, 'generation': 278}","{'id': 22795, 'rank': 3, 'fitness': 0.9818441727318815, 'generation': 278}","{'id': 22792, 'rank': 4, 'fitness': 0.9815566682341299, 'generation': 278}","{'id': 22706, 'rank': 5, 'fitness': 0.9815245288017833, 'generation': 278}","{'id': 22793, 'rank': 6, 'fitness': 0.9808875242455971, 'generation': 278}","{'id': 22830, 'rank': 7, 'fitness': 0.9806925989859155, 'generation': 278}","{'id': 22708, 'rank': 8, 'fitness': 0.9806442711792063, 'generation': 278}","{'id': 22785, 'rank': 9, 'fitness': 0.9802415900225876, 'generation': 278}","{'id': 22785, 'rank': 10, 'fitness': 0.9802415900225876, 'generation': 278}","{'id': 22677, 'rank': 11, 'fitness': 0.9801510275459089, 'generation': 278}","{'id': 22678, 'rank': 12, 'fitness': 0.9799147408169954, 'generation': 278}","{'id': 22806, 'rank': 13, 'fitness': 0.9794215328428079, 'generation': 278}","{'id': 22788, 'rank': 14, 'fitness': 0.9791244382840509, 'generation': 278}","{'id': 22722, 'rank': 15, 'fitness': 0.9783706476190455, 'generation': 278}","{'id': 22762, 'rank': 16, 'fitness': 0.9782821766861924, 'generation': 278}","{'id': 22646, 'rank': 17, 'fitness': 0.9781993530961135, 'generation': 278}","{'id': 22800, 'rank': 18, 'fitness': 0.9774790391399986, 'generation': 278}","{'id': 22820, 'rank': 19, 'fitness': 0.9756768107340277, 'generation': 278}","{'id': 22803, 'rank': 20, 'fitness': 0.9723462645274349, 'generation': 278}","{'id': 22803, 'rank': 21, 'fitness': 0.9723462645274349, 'generation': 278}","{'id': 22810, 'rank': 22, 'fitness': 0.9709933286265136, 'generation': 278}","{'id': 22810, 'rank': 23, 'fitness': 0.9709933286265136, 'generation': 278}","{'id': 22798, 'rank': 24, 'fitness': 0.9678651044704247, 'generation': 278}","{'id': 22726, 'rank': 25, 'fitness': 0.9577568312746729, 'generation': 278}","{'id': 22739, 'rank': 26, 'fitness': 0.952572324316961, 'generation': 278}","{'id': 22831, 'rank': 27, 'fitness': 0.9316452531594405, 'generation': 278}","{'id': 22802, 'rank': 28, 'fitness': 0.6110821868393941, 'generation': 278}","{'id': 22814, 'rank': 29, 'fitness': 0.1005457195762332, 'generation': 278}","{'id': 22824, 'rank': 30, 'fitness': 0.01798620996209155, 'generation': 278}"
"{'id': 22845, 'rank': 1, 'fitness': 0.9820137900379085, 'generation': 279}","{'id': 22846, 'rank': 2, 'fitness': 0.9819127572883121, 'generation': 279}","{'id': 22706, 'rank': 3, 'fitness': 0.981676040804896, 'generation': 279}","{'id': 22900, 'rank': 4, 'fitness': 0.9814586666539507, 'generation': 279}","{'id': 22793, 'rank': 5, 'fitness': 0.9810434832561343, 'generation': 279}","{'id': 22871, 'rank': 6, 'fitness': 0.9807622151350708, 'generation': 279}","{'id': 22860, 'rank': 7, 'fitness': 0.9804534573322052, 'generation': 279}","{'id': 22785, 'rank': 8, 'fitness': 0.9804020293147466, 'generation': 279}","{'id': 22850, 'rank': 9, 'fitness': 0.9799049498204326, 'generation': 279}","{'id': 22870, 'rank': 10, 'fitness': 0.9798442879555427, 'generation': 279}","{'id': 22788, 'rank': 11, 'fitness': 0.9792925594387015, 'generation': 279}","{'id': 22912, 'rank': 12, 'fitness': 0.9789116884446412, 'generation': 279}","{'id': 22874, 'rank': 13, 'fitness': 0.9788074988375115, 'generation': 279}","{'id': 22722, 'rank': 14, 'fitness': 0.9785439057529732, 'generation': 279}","{'id': 22762, 'rank': 15, 'fitness': 0.9784560353507619, 'generation': 279}","{'id': 22879, 'rank': 16, 'fitness': 0.9780709493297006, 'generation': 279}","{'id': 22800, 'rank': 17, 'fitness': 0.9776583269318226, 'generation': 279}","{'id': 22800, 'rank': 18, 'fitness': 0.9776583269318226, 'generation': 279}","{'id': 22884, 'rank': 19, 'fitness': 0.9768847700973144, 'generation': 279}","{'id': 22885, 'rank': 20, 'fitness': 0.9754948301900682, 'generation': 279}","{'id': 22885, 'rank': 21, 'fitness': 0.9754948301900682, 'generation': 279}","{'id': 22906, 'rank': 22, 'fitness': 0.9718925842411696, 'generation': 279}","{'id': 22858, 'rank': 23, 'fitness': 0.97178893096897, 'generation': 279}","{'id': 22837, 'rank': 24, 'fitness': 0.9704030059318651, 'generation': 279}","{'id': 22881, 'rank': 25, 'fitness': 0.9567078096205001, 'generation': 279}","{'id': 22909, 'rank': 26, 'fitness': 0.9554152810370203, 'generation': 279}","{'id': 22908, 'rank': 27, 'fitness': 0.9450280735390275, 'generation': 279}","{'id': 22814, 'rank': 28, 'fitness': 0.10071797365092783, 'generation': 279}","{'id': 22824, 'rank': 29, 'fitness': 0.01798620996209155, 'generation': 279}","{'id': 22824, 'rank': 30, 'fitness': 0.01798620996209155, 'generation': 279}"
"{'id': 22846, 'rank': 1, 'fitness': 0.9820137900379085, 'generation': 280}","{'id': 22984, 'rank': 2, 'fitness': 0.9812797223582214, 'generation': 280}","{'id': 22706, 'rank': 3, 'fitness': 0.9803788604635384, 'generation': 280}","{'id': 22972, 'rank': 4, 'fitness': 0.9789262980930437, 'generation': 280}","{'id': 22972, 'rank': 5, 'fitness': 0.9789262980930437, 'generation': 280}","{'id': 22921, 'rank': 6, 'fitness': 0.9770394037527782, 'generation': 280}","{'id': 22997, 'rank': 7, 'fitness': 0.9756334086798674, 'generation': 280}","{'id': 22997, 'rank': 8, 'fitness': 0.9756334086798674, 'generation': 280}","{'id': 22967, 'rank': 9, 'fitness': 0.9749559412295554, 'generation': 280}","{'id': 22967, 'rank': 10, 'fitness': 0.9749559412295554, 'generation': 280}","{'id': 22944, 'rank': 11, 'fitness': 0.9744519278109489, 'generation': 280}","{'id': 22926, 'rank': 12, 'fitness': 0.9731272137789051, 'generation': 280}","{'id': 22850, 'rank': 13, 'fitness': 0.9637893682573191, 'generation': 280}","{'id': 22951, 'rank': 14, 'fitness': 0.9596081731038499, 'generation': 280}","{'id': 22788, 'rank': 15, 'fitness': 0.9559065622609443, 'generation': 280}","{'id': 22788, 'rank': 16, 'fitness': 0.9559065622609443, 'generation': 280}","{'id': 22930, 'rank': 17, 'fitness': 0.9542020485324278, 'generation': 280}","{'id': 22762, 'rank': 18, 'fitness': 0.9429713550453582, 'generation': 280}","{'id': 22879, 'rank': 19, 'fitness': 0.9360897593945139, 'generation': 280}","{'id': 22962, 'rank': 20, 'fitness': 0.9326960313101502, 'generation': 280}","{'id': 22980, 'rank': 21, 'fitness': 0.9325323776790487, 'generation': 280}","{'id': 22800, 'rank': 22, 'fitness': 0.9280156372542585, 'generation': 280}","{'id': 22800, 'rank': 23, 'fitness': 0.9280156372542585, 'generation': 280}","{'id': 22991, 'rank': 24, 'fitness': 0.9106971864840449, 'generation': 280}","{'id': 22995, 'rank': 25, 'fitness': 0.9014446281879032, 'generation': 280}","{'id': 22978, 'rank': 26, 'fitness': 0.8968687555504706, 'generation': 280}","{'id': 22945, 'rank': 27, 'fitness': 0.7847964267859315, 'generation': 280}","{'id': 22837, 'rank': 28, 'fitness': 0.6511107920933072, 'generation': 280}","{'id': 22927, 'rank': 29, 'fitness': 0.10212936291719088, 'generation': 280}","{'id': 22955, 'rank': 30, 'fitness': 0.01798620996209155, 'generation': 280}"
"{'id': 23024, 'rank': 1, 'fitness': 0.9820137900379085, 'generation': 281}","{'id': 22984, 'rank': 2, 'fitness': 0.9808197434069538, 'generation': 281}","{'id': 23057, 'rank': 3, 'fitness': 0.9803607985205107, 'generation': 281}","{'id': 22997, 'rank': 4, 'fitness': 0.9785193484567953, 'generation': 281}","{'id': 22997, 'rank': 5, 'fitness': 0.9785193484567953, 'generation': 281}","{'id': 23060, 'rank': 6, 'fitness': 0.9783984827410978, 'generation': 281}","{'id': 23022, 'rank': 7, 'fitness': 0.9783142687176074, 'generation': 281}","{'id': 22967, 'rank': 8, 'fitness': 0.9782642038823296, 'generation': 281}","{'id': 22967, 'rank': 9, 'fitness': 0.9782642038823296, 'generation': 281}","{'id': 23044, 'rank': 10, 'fitness': 0.9782250758077427, 'generation': 281}","{'id': 23041, 'rank': 11, 'fitness': 0.9770632417501355, 'generation': 281}","{'id': 23028, 'rank': 12, 'fitness': 0.9765638902761876, 'generation': 281}","{'id': 23059, 'rank': 13, 'fitness': 0.9762042891711593, 'generation': 281}","{'id': 23062, 'rank': 14, 'fitness': 0.9760304195026444, 'generation': 281}","{'id': 23004, 'rank': 15, 'fitness': 0.9759936334312073, 'generation': 281}","{'id': 23008, 'rank': 16, 'fitness': 0.9758060098129653, 'generation': 281}","{'id': 23071, 'rank': 17, 'fitness': 0.9750797290477734, 'generation': 281}","{'id': 23071, 'rank': 18, 'fitness': 0.9750797290477734, 'generation': 281}","{'id': 22788, 'rank': 19, 'fitness': 0.972227847844662, 'generation': 281}","{'id': 23002, 'rank': 20, 'fitness': 0.9693547404051768, 'generation': 281}","{'id': 23082, 'rank': 21, 'fitness': 0.9678750831901768, 'generation': 281}","{'id': 23021, 'rank': 22, 'fitness': 0.9643213609590603, 'generation': 281}","{'id': 23073, 'rank': 23, 'fitness': 0.9614903990943724, 'generation': 281}","{'id': 23073, 'rank': 24, 'fitness': 0.9614903990943724, 'generation': 281}","{'id': 22995, 'rank': 25, 'fitness': 0.9602720072057175, 'generation': 281}","{'id': 22837, 'rank': 26, 'fitness': 0.9243483032555164, 'generation': 281}","{'id': 23038, 'rank': 27, 'fitness': 0.8781527987002171, 'generation': 281}","{'id': 22955, 'rank': 28, 'fitness': 0.6267523565220825, 'generation': 281}","{'id': 23079, 'rank': 29, 'fitness': 0.5643126759070193, 'generation': 281}","{'id': 23083, 'rank': 30, 'fitness': 0.01798620996209155, 'generation': 281}"
"{'id': 23127, 'rank': 1, 'fitness': 0.9820137900379085, 'generation': 282}","{'id': 23154, 'rank': 2, 'fitness': 0.9819136378316137, 'generation': 282}","{'id': 23155, 'rank': 3, 'fitness': 0.9818413489255787, 'generation': 282}","{'id': 22997, 'rank': 4, 'fitness': 0.9817819238318981, 'generation': 282}","{'id': 22997, 'rank': 5, 'fitness': 0.9817819238318981, 'generation': 282}","{'id': 23060, 'rank': 6, 'fitness': 0.9817722548472111, 'generation': 282}","{'id': 23131, 'rank': 7, 'fitness': 0.9817694935444123, 'generation': 282}","{'id': 23022, 'rank': 8, 'fitness': 0.9817655461811862, 'generation': 282}","{'id': 23044, 'rank': 9, 'fitness': 0.9817584659815641, 'generation': 282}","{'id': 23094, 'rank': 10, 'fitness': 0.9817122023872683, 'generation': 282}","{'id': 23125, 'rank': 11, 'fitness': 0.9816928883825926, 'generation': 282}","{'id': 23110, 'rank': 12, 'fitness': 0.9816489828403623, 'generation': 282}","{'id': 23105, 'rank': 13, 'fitness': 0.9815625217079811, 'generation': 282}","{'id': 23124, 'rank': 14, 'fitness': 0.981348209240162, 'generation': 282}","{'id': 22788, 'rank': 15, 'fitness': 0.9813326841931787, 'generation': 282}","{'id': 23089, 'rank': 16, 'fitness': 0.9813241139282269, 'generation': 282}","{'id': 23143, 'rank': 17, 'fitness': 0.9812806002028631, 'generation': 282}","{'id': 23107, 'rank': 18, 'fitness': 0.9808504863154215, 'generation': 282}","{'id': 23073, 'rank': 19, 'fitness': 0.9807401447059262, 'generation': 282}","{'id': 23169, 'rank': 20, 'fitness': 0.9806548879257984, 'generation': 282}","{'id': 23169, 'rank': 21, 'fitness': 0.9806548879257984, 'generation': 282}","{'id': 23159, 'rank': 22, 'fitness': 0.9806236766063996, 'generation': 282}","{'id': 23159, 'rank': 23, 'fitness': 0.9806236766063996, 'generation': 282}","{'id': 23159, 'rank': 24, 'fitness': 0.9806236766063996, 'generation': 282}","{'id': 23109, 'rank': 25, 'fitness': 0.9803975051348841, 'generation': 282}","{'id': 23109, 'rank': 26, 'fitness': 0.9803975051348841, 'generation': 282}","{'id': 23133, 'rank': 27, 'fitness': 0.9795807798444323, 'generation': 282}","{'id': 23165, 'rank': 28, 'fitness': 0.9790619617127554, 'generation': 282}","{'id': 23139, 'rank': 29, 'fitness': 0.9707654104718626, 'generation': 282}","{'id': 23091, 'rank': 30, 'fitness': 0.01798620996209155, 'generation': 282}"
"{'id': 23196, 'rank': 1, 'fitness': 0.9820137900379085, 'generation': 283}","{'id': 23211, 'rank': 2, 'fitness': 0.9811129123038056, 'generation': 283}","{'id': 23194, 'rank': 3, 'fitness': 0.9789335804373749, 'generation': 283}","{'id': 23185, 'rank': 4, 'fitness': 0.9787774322233762, 'generation': 283}","{'id': 23220, 'rank': 5, 'fitness': 0.9774227846015509, 'generation': 283}","{'id': 23249, 'rank': 6, 'fitness': 0.9693838567682616, 'generation': 283}","{'id': 23256, 'rank': 7, 'fitness': 0.9648412447384989, 'generation': 283}","{'id': 23256, 'rank': 8, 'fitness': 0.9648412447384989, 'generation': 283}","{'id': 23239, 'rank': 9, 'fitness': 0.9639681545958234, 'generation': 283}","{'id': 23241, 'rank': 10, 'fitness': 0.9567659887219995, 'generation': 283}","{'id': 23241, 'rank': 11, 'fitness': 0.9567659887219995, 'generation': 283}","{'id': 23216, 'rank': 12, 'fitness': 0.9513937024738995, 'generation': 283}","{'id': 23143, 'rank': 13, 'fitness': 0.9411123369239097, 'generation': 283}","{'id': 23177, 'rank': 14, 'fitness': 0.92625175526012, 'generation': 283}","{'id': 23224, 'rank': 15, 'fitness': 0.9235797091825224, 'generation': 283}","{'id': 23248, 'rank': 16, 'fitness': 0.9207147683525723, 'generation': 283}","{'id': 23206, 'rank': 17, 'fitness': 0.9088480666313672, 'generation': 283}","{'id': 23183, 'rank': 18, 'fitness': 0.8988249721251539, 'generation': 283}","{'id': 23234, 'rank': 19, 'fitness': 0.8824558151085782, 'generation': 283}","{'id': 23259, 'rank': 20, 'fitness': 0.8746565573177436, 'generation': 283}","{'id': 23159, 'rank': 21, 'fitness': 0.8325225637597893, 'generation': 283}","{'id': 23159, 'rank': 22, 'fitness': 0.8325225637597893, 'generation': 283}","{'id': 23199, 'rank': 23, 'fitness': 0.8067088721008469, 'generation': 283}","{'id': 23238, 'rank': 24, 'fitness': 0.7289668972084383, 'generation': 283}","{'id': 23238, 'rank': 25, 'fitness': 0.7289668972084383, 'generation': 283}","{'id': 23175, 'rank': 26, 'fitness': 0.6702442638541818, 'generation': 283}","{'id': 23197, 'rank': 27, 'fitness': 0.6471830379587268, 'generation': 283}","{'id': 23235, 'rank': 28, 'fitness': 0.5884717097593204, 'generation': 283}","{'id': 23231, 'rank': 29, 'fitness': 0.05722437562956462, 'generation': 283}","{'id': 23258, 'rank': 30, 'fitness': 0.01798620996209155, 'generation': 283}"
"{'id': 23267, 'rank': 1, 'fitness': 0.9820137900379085, 'generation': 284}","{'id': 23211, 'rank': 2, 'fitness': 0.9816482681184225, 'generation': 284}","{'id': 23282, 'rank': 3, 'fitness': 0.9815256442731752, 'generation': 284}","{'id': 23282, 'rank': 4, 'fitness': 0.9815256442731752, 'generation': 284}","{'id': 23282, 'rank': 5, 'fitness': 0.9815256442731752, 'generation': 284}","{'id': 23194, 'rank': 6, 'fitness': 0.9813438238082277, 'generation': 284}","{'id': 23194, 'rank': 7, 'fitness': 0.9813438238082277, 'generation': 284}","{'id': 23265, 'rank': 8, 'fitness': 0.9803703989745297, 'generation': 284}","{'id': 23249, 'rank': 9, 'fitness': 0.9802572192549821, 'generation': 284}","{'id': 23249, 'rank': 10, 'fitness': 0.9802572192549821, 'generation': 284}","{'id': 23256, 'rank': 11, 'fitness': 0.9798364048400756, 'generation': 284}","{'id': 23304, 'rank': 12, 'fitness': 0.9791419987451154, 'generation': 284}","{'id': 23177, 'rank': 13, 'fitness': 0.9773772880380799, 'generation': 284}","{'id': 23177, 'rank': 14, 'fitness': 0.9773772880380799, 'generation': 284}","{'id': 23224, 'rank': 15, 'fitness': 0.9772489301823508, 'generation': 284}","{'id': 23289, 'rank': 16, 'fitness': 0.976886248891204, 'generation': 284}","{'id': 23183, 'rank': 17, 'fitness': 0.9761963823622488, 'generation': 284}","{'id': 23234, 'rank': 18, 'fitness': 0.9756007227022652, 'generation': 284}","{'id': 23259, 'rank': 19, 'fitness': 0.9753374884795594, 'generation': 284}","{'id': 23303, 'rank': 20, 'fitness': 0.9723432621078256, 'generation': 284}","{'id': 23276, 'rank': 21, 'fitness': 0.9714319679914296, 'generation': 284}","{'id': 23175, 'rank': 22, 'fitness': 0.9704571916588319, 'generation': 284}","{'id': 23338, 'rank': 23, 'fitness': 0.9641820433729866, 'generation': 284}","{'id': 23331, 'rank': 24, 'fitness': 0.9624866582601752, 'generation': 284}","{'id': 23306, 'rank': 25, 'fitness': 0.9517735548105517, 'generation': 284}","{'id': 23302, 'rank': 26, 'fitness': 0.8902329704536522, 'generation': 284}","{'id': 23328, 'rank': 27, 'fitness': 0.8530428585302, 'generation': 284}","{'id': 23301, 'rank': 28, 'fitness': 0.6890400193470245, 'generation': 284}","{'id': 23286, 'rank': 29, 'fitness': 0.48373368616541174, 'generation': 284}","{'id': 23327, 'rank': 30, 'fitness': 0.01798620996209155, 'generation': 284}"
"{'id': 23267, 'rank': 1, 'fitness': 0.9820137900379085, 'generation': 285}","{'id': 23405, 'rank': 2, 'fitness': 0.981498609657363, 'generation': 285}","{'id': 23405, 'rank': 3, 'fitness': 0.981498609657363, 'generation': 285}","{'id': 23282, 'rank': 4, 'fitness': 0.9814503480890755, 'generation': 285}","{'id': 23355, 'rank': 5, 'fitness': 0.9813381987484324, 'generation': 285}","{'id': 23367, 'rank': 6, 'fitness': 0.9812743203441983, 'generation': 285}","{'id': 23194, 'rank': 7, 'fitness': 0.981239911266435, 'generation': 285}","{'id': 23358, 'rank': 8, 'fitness': 0.9807383592996581, 'generation': 285}","{'id': 23389, 'rank': 9, 'fitness': 0.9801895002874375, 'generation': 285}","{'id': 23341, 'rank': 10, 'fitness': 0.9797954320547362, 'generation': 285}","{'id': 23341, 'rank': 11, 'fitness': 0.9797954320547362, 'generation': 285}","{'id': 23375, 'rank': 12, 'fitness': 0.9793592653068315, 'generation': 285}","{'id': 23383, 'rank': 13, 'fitness': 0.9790114234193877, 'generation': 285}","{'id': 23429, 'rank': 14, 'fitness': 0.9782650291289732, 'generation': 285}","{'id': 23429, 'rank': 15, 'fitness': 0.9782650291289732, 'generation': 285}","{'id': 23177, 'rank': 16, 'fitness': 0.9765774028346872, 'generation': 285}","{'id': 23411, 'rank': 17, 'fitness': 0.9755182854743903, 'generation': 285}","{'id': 23234, 'rank': 18, 'fitness': 0.9744483978521776, 'generation': 285}","{'id': 23259, 'rank': 19, 'fitness': 0.9741309749223713, 'generation': 285}","{'id': 23362, 'rank': 20, 'fitness': 0.9735999229416471, 'generation': 285}","{'id': 23362, 'rank': 21, 'fitness': 0.9735999229416471, 'generation': 285}","{'id': 23362, 'rank': 22, 'fitness': 0.9735999229416471, 'generation': 285}","{'id': 23431, 'rank': 23, 'fitness': 0.960829228731746, 'generation': 285}","{'id': 23361, 'rank': 24, 'fitness': 0.9602668348566235, 'generation': 285}","{'id': 23331, 'rank': 25, 'fitness': 0.958116780443846, 'generation': 285}","{'id': 23427, 'rank': 26, 'fitness': 0.9498083942695399, 'generation': 285}","{'id': 23376, 'rank': 27, 'fitness': 0.6527420228154387, 'generation': 285}","{'id': 23301, 'rank': 28, 'fitness': 0.5765859726600943, 'generation': 285}","{'id': 23432, 'rank': 29, 'fitness': 0.4487173332366394, 'generation': 285}","{'id': 23415, 'rank': 30, 'fitness': 0.01798620996209155, 'generation': 285}"
"{'id': 23405, 'rank': 1, 'fitness': 0.9820137900379085, 'generation': 286}","{'id': 23488, 'rank': 2, 'fitness': 0.9820121621191731, 'generation': 286}","{'id': 23355, 'rank': 3, 'fitness': 0.9819781316029408, 'generation': 286}","{'id': 23194, 'rank': 4, 'fitness': 0.981956397160038, 'generation': 286}","{'id': 23479, 'rank': 5, 'fitness': 0.9818490062507166, 'generation': 286}","{'id': 23479, 'rank': 6, 'fitness': 0.9818490062507166, 'generation': 286}","{'id': 23479, 'rank': 7, 'fitness': 0.9818490062507166, 'generation': 286}","{'id': 23479, 'rank': 8, 'fitness': 0.9818490062507166, 'generation': 286}","{'id': 23494, 'rank': 9, 'fitness': 0.9817295787302777, 'generation': 286}","{'id': 23389, 'rank': 10, 'fitness': 0.9817293255220094, 'generation': 286}","{'id': 23476, 'rank': 11, 'fitness': 0.9816719422249238, 'generation': 286}","{'id': 23475, 'rank': 12, 'fitness': 0.9816631915286034, 'generation': 286}","{'id': 23444, 'rank': 13, 'fitness': 0.9816506427482707, 'generation': 286}","{'id': 23341, 'rank': 14, 'fitness': 0.9816464811328028, 'generation': 286}","{'id': 23341, 'rank': 15, 'fitness': 0.9816464811328028, 'generation': 286}","{'id': 23456, 'rank': 16, 'fitness': 0.9816265169551734, 'generation': 286}","{'id': 23477, 'rank': 17, 'fitness': 0.9816144136051732, 'generation': 286}","{'id': 23375, 'rank': 18, 'fitness': 0.9815561948397575, 'generation': 286}","{'id': 23375, 'rank': 19, 'fitness': 0.9815561948397575, 'generation': 286}","{'id': 23465, 'rank': 20, 'fitness': 0.9812041828209386, 'generation': 286}","{'id': 23439, 'rank': 21, 'fitness': 0.9811058422176, 'generation': 286}","{'id': 23470, 'rank': 22, 'fitness': 0.9810517172684116, 'generation': 286}","{'id': 23234, 'rank': 23, 'fitness': 0.9806271575069402, 'generation': 286}","{'id': 23362, 'rank': 24, 'fitness': 0.9804805271286916, 'generation': 286}","{'id': 23457, 'rank': 25, 'fitness': 0.9797859847269146, 'generation': 286}","{'id': 23507, 'rank': 26, 'fitness': 0.9777386904880193, 'generation': 286}","{'id': 23486, 'rank': 27, 'fitness': 0.9776649711620198, 'generation': 286}","{'id': 23376, 'rank': 28, 'fitness': 0.9620992496293896, 'generation': 286}","{'id': 23461, 'rank': 29, 'fitness': 0.9397133526323236, 'generation': 286}","{'id': 23485, 'rank': 30, 'fitness': 0.01798620996209155, 'generation': 286}"
"{'id': 23558, 'rank': 1, 'fitness': 0.9820137900379085, 'generation': 287}","{'id': 23405, 'rank': 2, 'fitness': 0.9732001673737158, 'generation': 287}","{'id': 23567, 'rank': 3, 'fitness': 0.9683165377904621, 'generation': 287}","{'id': 23516, 'rank': 4, 'fitness': 0.9682567925253853, 'generation': 287}","{'id': 23570, 'rank': 5, 'fitness': 0.9679563287940856, 'generation': 287}","{'id': 23527, 'rank': 6, 'fitness': 0.9667853705414616, 'generation': 287}","{'id': 23584, 'rank': 7, 'fitness': 0.9661471724788794, 'generation': 287}","{'id': 23479, 'rank': 8, 'fitness': 0.9644910338144398, 'generation': 287}","{'id': 23565, 'rank': 9, 'fitness': 0.9630989365058751, 'generation': 287}","{'id': 23548, 'rank': 10, 'fitness': 0.962051994612456, 'generation': 287}","{'id': 23578, 'rank': 11, 'fitness': 0.9615883907473015, 'generation': 287}","{'id': 23476, 'rank': 12, 'fitness': 0.952241713935273, 'generation': 287}","{'id': 23575, 'rank': 13, 'fitness': 0.9496849726067648, 'generation': 287}","{'id': 23564, 'rank': 14, 'fitness': 0.9479341908971062, 'generation': 287}","{'id': 23375, 'rank': 15, 'fitness': 0.9422504071629859, 'generation': 287}","{'id': 23536, 'rank': 16, 'fitness': 0.9415708918591338, 'generation': 287}","{'id': 23551, 'rank': 17, 'fitness': 0.9368148001221879, 'generation': 287}","{'id': 23573, 'rank': 18, 'fitness': 0.9343464524943342, 'generation': 287}","{'id': 23573, 'rank': 19, 'fitness': 0.9343464524943342, 'generation': 287}","{'id': 23556, 'rank': 20, 'fitness': 0.9219635091756363, 'generation': 287}","{'id': 23552, 'rank': 21, 'fitness': 0.9174173793294529, 'generation': 287}","{'id': 23530, 'rank': 22, 'fitness': 0.9114179690434516, 'generation': 287}","{'id': 23465, 'rank': 23, 'fitness': 0.8993350115845115, 'generation': 287}","{'id': 23580, 'rank': 24, 'fitness': 0.8887863962916377, 'generation': 287}","{'id': 23576, 'rank': 25, 'fitness': 0.7598060295504113, 'generation': 287}","{'id': 23538, 'rank': 26, 'fitness': 0.4811535125063838, 'generation': 287}","{'id': 23542, 'rank': 27, 'fitness': 0.4777182813908834, 'generation': 287}","{'id': 23547, 'rank': 28, 'fitness': 0.4189037285405538, 'generation': 287}","{'id': 23545, 'rank': 29, 'fitness': 0.1650111321364714, 'generation': 287}","{'id': 23541, 'rank': 30, 'fitness': 0.01798620996209155, 'generation': 287}"
"{'id': 23665, 'rank': 1, 'fitness': 0.9820137900379085, 'generation': 288}","{'id': 23611, 'rank': 2, 'fitness': 0.9819049319203659, 'generation': 288}","{'id': 23645, 'rank': 3, 'fitness': 0.9818257143577696, 'generation': 288}","{'id': 23578, 'rank': 4, 'fitness': 0.9816308443287974, 'generation': 288}","{'id': 23602, 'rank': 5, 'fitness': 0.9815990738193427, 'generation': 288}","{'id': 23603, 'rank': 6, 'fitness': 0.9815005639600529, 'generation': 288}","{'id': 23595, 'rank': 7, 'fitness': 0.9814999084387277, 'generation': 288}","{'id': 23594, 'rank': 8, 'fitness': 0.9814920317723578, 'generation': 288}","{'id': 23643, 'rank': 9, 'fitness': 0.9814737010414167, 'generation': 288}","{'id': 23375, 'rank': 10, 'fitness': 0.9813328404283652, 'generation': 288}","{'id': 23375, 'rank': 11, 'fitness': 0.9813328404283652, 'generation': 288}","{'id': 23627, 'rank': 12, 'fitness': 0.9812668614290261, 'generation': 288}","{'id': 23636, 'rank': 13, 'fitness': 0.9812411927916713, 'generation': 288}","{'id': 23628, 'rank': 14, 'fitness': 0.9811641357801408, 'generation': 288}","{'id': 23628, 'rank': 15, 'fitness': 0.9811641357801408, 'generation': 288}","{'id': 23656, 'rank': 16, 'fitness': 0.9811196891944067, 'generation': 288}","{'id': 23552, 'rank': 17, 'fitness': 0.9810612068386823, 'generation': 288}","{'id': 23625, 'rank': 18, 'fitness': 0.9808981033701353, 'generation': 288}","{'id': 23642, 'rank': 19, 'fitness': 0.9805627108405782, 'generation': 288}","{'id': 23605, 'rank': 20, 'fitness': 0.9803142589354449, 'generation': 288}","{'id': 23604, 'rank': 21, 'fitness': 0.980272812720201, 'generation': 288}","{'id': 23609, 'rank': 22, 'fitness': 0.979784363113251, 'generation': 288}","{'id': 23619, 'rank': 23, 'fitness': 0.9793407508299004, 'generation': 288}","{'id': 23664, 'rank': 24, 'fitness': 0.977530579359759, 'generation': 288}","{'id': 23664, 'rank': 25, 'fitness': 0.977530579359759, 'generation': 288}","{'id': 23668, 'rank': 26, 'fitness': 0.976940669362534, 'generation': 288}","{'id': 23541, 'rank': 27, 'fitness': 0.9759196729278945, 'generation': 288}","{'id': 23626, 'rank': 28, 'fitness': 0.9758294203519382, 'generation': 288}","{'id': 23612, 'rank': 29, 'fitness': 0.9590499780306554, 'generation': 288}","{'id': 23622, 'rank': 30, 'fitness': 0.01798620996209155, 'generation': 288}"
"{'id': 23687, 'rank': 1, 'fitness': 0.9820137900379085, 'generation': 289}","{'id': 23611, 'rank': 2, 'fitness': 0.981181983686566, 'generation': 289}","{'id': 23645, 'rank': 3, 'fitness': 0.9806666648639167, 'generation': 289}","{'id': 23712, 'rank': 4, 'fitness': 0.9805744638420603, 'generation': 289}","{'id': 23728, 'rank': 5, 'fitness': 0.9800878905802243, 'generation': 289}","{'id': 23602, 'rank': 6, 'fitness': 0.9791279620254701, 'generation': 289}","{'id': 23735, 'rank': 7, 'fitness': 0.9778805831652371, 'generation': 289}","{'id': 23375, 'rank': 8, 'fitness': 0.9771936830163235, 'generation': 289}","{'id': 23375, 'rank': 9, 'fitness': 0.9771936830163235, 'generation': 289}","{'id': 23375, 'rank': 10, 'fitness': 0.9771936830163235, 'generation': 289}","{'id': 23375, 'rank': 11, 'fitness': 0.9771936830163235, 'generation': 289}","{'id': 23688, 'rank': 12, 'fitness': 0.9762242654146254, 'generation': 289}","{'id': 23689, 'rank': 13, 'fitness': 0.975379724754742, 'generation': 289}","{'id': 23719, 'rank': 14, 'fitness': 0.9744605664504791, 'generation': 289}","{'id': 23683, 'rank': 15, 'fitness': 0.9726007648036376, 'generation': 289}","{'id': 23682, 'rank': 16, 'fitness': 0.972568966366978, 'generation': 289}","{'id': 23759, 'rank': 17, 'fitness': 0.9720096165956105, 'generation': 289}","{'id': 23759, 'rank': 18, 'fitness': 0.9720096165956105, 'generation': 289}","{'id': 23707, 'rank': 19, 'fitness': 0.9693139961324201, 'generation': 289}","{'id': 23760, 'rank': 20, 'fitness': 0.9597044816334132, 'generation': 289}","{'id': 23705, 'rank': 21, 'fitness': 0.9580561003126953, 'generation': 289}","{'id': 23691, 'rank': 22, 'fitness': 0.9454902146549151, 'generation': 289}","{'id': 23748, 'rank': 23, 'fitness': 0.9404905026959288, 'generation': 289}","{'id': 23664, 'rank': 24, 'fitness': 0.9299525371080177, 'generation': 289}","{'id': 23733, 'rank': 25, 'fitness': 0.9269511379270619, 'generation': 289}","{'id': 23732, 'rank': 26, 'fitness': 0.9212002305472872, 'generation': 289}","{'id': 23668, 'rank': 27, 'fitness': 0.9184742917484314, 'generation': 289}","{'id': 23626, 'rank': 28, 'fitness': 0.893155820799832, 'generation': 289}","{'id': 23743, 'rank': 29, 'fitness': 0.01798620996209155, 'generation': 289}","{'id': 23743, 'rank': 30, 'fitness': 0.01798620996209155, 'generation': 289}"
"{'id': 23850, 'rank': 1, 'fitness': 0.9820137900379085, 'generation': 290}","{'id': 23728, 'rank': 2, 'fitness': 0.9814006613809645, 'generation': 290}","{'id': 23776, 'rank': 3, 'fitness': 0.9812977120856368, 'generation': 290}","{'id': 23840, 'rank': 4, 'fitness': 0.9799372502801652, 'generation': 290}","{'id': 23814, 'rank': 5, 'fitness': 0.9794901226481671, 'generation': 290}","{'id': 23793, 'rank': 6, 'fitness': 0.9792362234212384, 'generation': 290}","{'id': 23835, 'rank': 7, 'fitness': 0.9790046143930775, 'generation': 290}","{'id': 23820, 'rank': 8, 'fitness': 0.9789917960226098, 'generation': 290}","{'id': 23375, 'rank': 9, 'fitness': 0.9789618316383728, 'generation': 290}","{'id': 23375, 'rank': 10, 'fitness': 0.9789618316383728, 'generation': 290}","{'id': 23689, 'rank': 11, 'fitness': 0.9774473908782255, 'generation': 290}","{'id': 23689, 'rank': 12, 'fitness': 0.9774473908782255, 'generation': 290}","{'id': 23777, 'rank': 13, 'fitness': 0.9772195075182906, 'generation': 290}","{'id': 23825, 'rank': 14, 'fitness': 0.9771078002064049, 'generation': 290}","{'id': 23825, 'rank': 15, 'fitness': 0.9771078002064049, 'generation': 290}","{'id': 23759, 'rank': 16, 'fitness': 0.9746589416284904, 'generation': 290}","{'id': 23759, 'rank': 17, 'fitness': 0.9746589416284904, 'generation': 290}","{'id': 23773, 'rank': 18, 'fitness': 0.9744997512343252, 'generation': 290}","{'id': 23779, 'rank': 19, 'fitness': 0.9722657666576853, 'generation': 290}","{'id': 23779, 'rank': 20, 'fitness': 0.9722657666576853, 'generation': 290}","{'id': 23845, 'rank': 21, 'fitness': 0.9721852290520605, 'generation': 290}","{'id': 23836, 'rank': 22, 'fitness': 0.9705246883629888, 'generation': 290}","{'id': 23772, 'rank': 23, 'fitness': 0.9685374301561627, 'generation': 290}","{'id': 23818, 'rank': 24, 'fitness': 0.9660581210848285, 'generation': 290}","{'id': 23803, 'rank': 25, 'fitness': 0.9611149629915561, 'generation': 290}","{'id': 23801, 'rank': 26, 'fitness': 0.9041885660234719, 'generation': 290}","{'id': 23796, 'rank': 27, 'fitness': 0.8690042071375469, 'generation': 290}","{'id': 23839, 'rank': 28, 'fitness': 0.5061429886352435, 'generation': 290}","{'id': 23788, 'rank': 29, 'fitness': 0.27929697041876544, 'generation': 290}","{'id': 23774, 'rank': 30, 'fitness': 0.01798620996209155, 'generation': 290}"
"{'id': 23904, 'rank': 1, 'fitness': 0.9820137900379085, 'generation': 291}","{'id': 23898, 'rank': 2, 'fitness': 0.9816189068415874, 'generation': 291}","{'id': 23898, 'rank': 3, 'fitness': 0.9816189068415874, 'generation': 291}","{'id': 23924, 'rank': 4, 'fitness': 0.9813826261834169, 'generation': 291}","{'id': 23924, 'rank': 5, 'fitness': 0.9813826261834169, 'generation': 291}","{'id': 23924, 'rank': 6, 'fitness': 0.9813826261834169, 'generation': 291}","{'id': 23860, 'rank': 7, 'fitness': 0.9813302534961117, 'generation': 291}","{'id': 23930, 'rank': 8, 'fitness': 0.9809992574698914, 'generation': 291}","{'id': 23852, 'rank': 9, 'fitness': 0.9803721382177586, 'generation': 291}","{'id': 23889, 'rank': 10, 'fitness': 0.9799909441191048, 'generation': 291}","{'id': 23814, 'rank': 11, 'fitness': 0.9792769509679033, 'generation': 291}","{'id': 23916, 'rank': 12, 'fitness': 0.9787348979186077, 'generation': 291}","{'id': 23689, 'rank': 13, 'fitness': 0.9772163815059336, 'generation': 291}","{'id': 23878, 'rank': 14, 'fitness': 0.9770396412927469, 'generation': 291}","{'id': 23897, 'rank': 15, 'fitness': 0.9768359809516871, 'generation': 291}","{'id': 23864, 'rank': 16, 'fitness': 0.9764739238909126, 'generation': 291}","{'id': 23928, 'rank': 17, 'fitness': 0.9758757682552834, 'generation': 291}","{'id': 23863, 'rank': 18, 'fitness': 0.9758442108445522, 'generation': 291}","{'id': 23859, 'rank': 19, 'fitness': 0.9754905888084995, 'generation': 291}","{'id': 23907, 'rank': 20, 'fitness': 0.9754724657722107, 'generation': 291}","{'id': 23759, 'rank': 21, 'fitness': 0.9744041161038126, 'generation': 291}","{'id': 23880, 'rank': 22, 'fitness': 0.9736262052292863, 'generation': 291}","{'id': 23877, 'rank': 23, 'fitness': 0.9723486774561956, 'generation': 291}","{'id': 23926, 'rank': 24, 'fitness': 0.9721394985802488, 'generation': 291}","{'id': 23865, 'rank': 25, 'fitness': 0.9720303599345179, 'generation': 291}","{'id': 23890, 'rank': 26, 'fitness': 0.969076426597631, 'generation': 291}","{'id': 23885, 'rank': 27, 'fitness': 0.9678816447099603, 'generation': 291}","{'id': 23903, 'rank': 28, 'fitness': 0.9343050742934125, 'generation': 291}","{'id': 23933, 'rank': 29, 'fitness': 0.5588036486272099, 'generation': 291}","{'id': 23774, 'rank': 30, 'fitness': 0.01798620996209155, 'generation': 291}"
"{'id': 23958, 'rank': 1, 'fitness': 0.9820137900379085, 'generation': 292}","{'id': 23991, 'rank': 2, 'fitness': 0.9700624727497287, 'generation': 292}","{'id': 23991, 'rank': 3, 'fitness': 0.9700624727497287, 'generation': 292}","{'id': 24010, 'rank': 4, 'fitness': 0.9668235432531976, 'generation': 292}","{'id': 24005, 'rank': 5, 'fitness': 0.962673411109397, 'generation': 292}","{'id': 23924, 'rank': 6, 'fitness': 0.9618601992988456, 'generation': 292}","{'id': 24006, 'rank': 7, 'fitness': 0.9591653921773453, 'generation': 292}","{'id': 23974, 'rank': 8, 'fitness': 0.9208047934786989, 'generation': 292}","{'id': 23974, 'rank': 9, 'fitness': 0.9208047934786989, 'generation': 292}","{'id': 23974, 'rank': 10, 'fitness': 0.9208047934786989, 'generation': 292}","{'id': 23954, 'rank': 11, 'fitness': 0.9111053474488762, 'generation': 292}","{'id': 24007, 'rank': 12, 'fitness': 0.906397139563079, 'generation': 292}","{'id': 23992, 'rank': 13, 'fitness': 0.8837896893790269, 'generation': 292}","{'id': 23997, 'rank': 14, 'fitness': 0.8837037940033085, 'generation': 292}","{'id': 23878, 'rank': 15, 'fitness': 0.8643467597082666, 'generation': 292}","{'id': 24029, 'rank': 16, 'fitness': 0.8612948798091896, 'generation': 292}","{'id': 23986, 'rank': 17, 'fitness': 0.8586745504063948, 'generation': 292}","{'id': 23978, 'rank': 18, 'fitness': 0.8576775092781153, 'generation': 292}","{'id': 23864, 'rank': 19, 'fitness': 0.8444547840709169, 'generation': 292}","{'id': 23928, 'rank': 20, 'fitness': 0.8214925334742522, 'generation': 292}","{'id': 23865, 'rank': 21, 'fitness': 0.634318231338535, 'generation': 292}","{'id': 23982, 'rank': 22, 'fitness': 0.6004561323674832, 'generation': 292}","{'id': 23982, 'rank': 23, 'fitness': 0.6004561323674832, 'generation': 292}","{'id': 23964, 'rank': 24, 'fitness': 0.4743246663759679, 'generation': 292}","{'id': 24003, 'rank': 25, 'fitness': 0.4436265501974004, 'generation': 292}","{'id': 24023, 'rank': 26, 'fitness': 0.3162956966763195, 'generation': 292}","{'id': 23957, 'rank': 27, 'fitness': 0.07856841328326858, 'generation': 292}","{'id': 23957, 'rank': 28, 'fitness': 0.07856841328326858, 'generation': 292}","{'id': 23953, 'rank': 29, 'fitness': 0.03910660668009941, 'generation': 292}","{'id': 23956, 'rank': 30, 'fitness': 0.01798620996209155, 'generation': 292}"
"{'id': 24094, 'rank': 1, 'fitness': 0.9820137900379085, 'generation': 293}","{'id': 24005, 'rank': 2, 'fitness': 0.9807313904570374, 'generation': 293}","{'id': 24076, 'rank': 3, 'fitness': 0.9787363687284234, 'generation': 293}","{'id': 24007, 'rank': 4, 'fitness': 0.9785239381440611, 'generation': 293}","{'id': 24007, 'rank': 5, 'fitness': 0.9785239381440611, 'generation': 293}","{'id': 23992, 'rank': 6, 'fitness': 0.9779425485111599, 'generation': 293}","{'id': 23997, 'rank': 7, 'fitness': 0.9779405101257614, 'generation': 293}","{'id': 23864, 'rank': 8, 'fitness': 0.9771056602920727, 'generation': 293}","{'id': 24080, 'rank': 9, 'fitness': 0.9769346668282792, 'generation': 293}","{'id': 24080, 'rank': 10, 'fitness': 0.9769346668282792, 'generation': 293}","{'id': 24003, 'rank': 11, 'fitness': 0.9717198091587462, 'generation': 293}","{'id': 24081, 'rank': 12, 'fitness': 0.9713082921255239, 'generation': 293}","{'id': 24081, 'rank': 13, 'fitness': 0.9713082921255239, 'generation': 293}","{'id': 24023, 'rank': 14, 'fitness': 0.9699790199169878, 'generation': 293}","{'id': 24038, 'rank': 15, 'fitness': 0.9665975229687656, 'generation': 293}","{'id': 24066, 'rank': 16, 'fitness': 0.9592700767935433, 'generation': 293}","{'id': 23956, 'rank': 17, 'fitness': 0.9573202856702046, 'generation': 293}","{'id': 24046, 'rank': 18, 'fitness': 0.9552208134654683, 'generation': 293}","{'id': 24046, 'rank': 19, 'fitness': 0.9552208134654683, 'generation': 293}","{'id': 24089, 'rank': 20, 'fitness': 0.9313645035075003, 'generation': 293}","{'id': 24089, 'rank': 21, 'fitness': 0.9313645035075003, 'generation': 293}","{'id': 24040, 'rank': 22, 'fitness': 0.9304757595569358, 'generation': 293}","{'id': 24045, 'rank': 23, 'fitness': 0.7657298492653943, 'generation': 293}","{'id': 24032, 'rank': 24, 'fitness': 0.7321569566558421, 'generation': 293}","{'id': 24073, 'rank': 25, 'fitness': 0.6723825164516402, 'generation': 293}","{'id': 24069, 'rank': 26, 'fitness': 0.6046651304817711, 'generation': 293}","{'id': 24069, 'rank': 27, 'fitness': 0.6046651304817711, 'generation': 293}","{'id': 24067, 'rank': 28, 'fitness': 0.3225925381904431, 'generation': 293}","{'id': 24085, 'rank': 29, 'fitness': 0.01798620996209155, 'generation': 293}","{'id': 24085, 'rank': 30, 'fitness': 0.01798620996209155, 'generation': 293}"
"{'id': 24159, 'rank': 1, 'fitness': 0.9820137900379085, 'generation': 294}","{'id': 24150, 'rank': 2, 'fitness': 0.9818799800268112, 'generation': 294}","{'id': 24156, 'rank': 3, 'fitness': 0.981847644086116, 'generation': 294}","{'id': 24168, 'rank': 4, 'fitness': 0.9817601581609494, 'generation': 294}","{'id': 24118, 'rank': 5, 'fitness': 0.9816644975503137, 'generation': 294}","{'id': 24118, 'rank': 6, 'fitness': 0.9816644975503137, 'generation': 294}","{'id': 24149, 'rank': 7, 'fitness': 0.9814930664477386, 'generation': 294}","{'id': 24147, 'rank': 8, 'fitness': 0.981442538743911, 'generation': 294}","{'id': 24164, 'rank': 9, 'fitness': 0.9811267507473864, 'generation': 294}","{'id': 24155, 'rank': 10, 'fitness': 0.9810793427563756, 'generation': 294}","{'id': 23992, 'rank': 11, 'fitness': 0.980778643782926, 'generation': 294}","{'id': 24165, 'rank': 12, 'fitness': 0.9807255259342786, 'generation': 294}","{'id': 24108, 'rank': 13, 'fitness': 0.980700277638447, 'generation': 294}","{'id': 23864, 'rank': 14, 'fitness': 0.980500721595364, 'generation': 294}","{'id': 24080, 'rank': 15, 'fitness': 0.9804446884658544, 'generation': 294}","{'id': 24160, 'rank': 16, 'fitness': 0.9796608843138096, 'generation': 294}","{'id': 24099, 'rank': 17, 'fitness': 0.9784579663172228, 'generation': 294}","{'id': 24125, 'rank': 18, 'fitness': 0.9756764613580007, 'generation': 294}","{'id': 23956, 'rank': 19, 'fitness': 0.9751682879724672, 'generation': 294}","{'id': 23956, 'rank': 20, 'fitness': 0.9751682879724672, 'generation': 294}","{'id': 24046, 'rank': 21, 'fitness': 0.9746967195458567, 'generation': 294}","{'id': 24046, 'rank': 22, 'fitness': 0.9746967195458567, 'generation': 294}","{'id': 24129, 'rank': 23, 'fitness': 0.9719514278732783, 'generation': 294}","{'id': 24089, 'rank': 24, 'fitness': 0.9700368158224376, 'generation': 294}","{'id': 24133, 'rank': 25, 'fitness': 0.961611585601724, 'generation': 294}","{'id': 24098, 'rank': 26, 'fitness': 0.9557660984645724, 'generation': 294}","{'id': 24109, 'rank': 27, 'fitness': 0.9398687796477604, 'generation': 294}","{'id': 24109, 'rank': 28, 'fitness': 0.9398687796477604, 'generation': 294}","{'id': 24116, 'rank': 29, 'fitness': 0.5404935331047098, 'generation': 294}","{'id': 24139, 'rank': 30, 'fitness': 0.01798620996209155, 'generation': 294}"
"{'id': 24253, 'rank': 1, 'fitness': 0.9820137900379085, 'generation': 295}","{'id': 24159, 'rank': 2, 'fitness': 0.9813692942372866, 'generation': 295}","{'id': 24219, 'rank': 3, 'fitness': 0.9809534276078988, 'generation': 295}","{'id': 24231, 'rank': 4, 'fitness': 0.9795095693961651, 'generation': 295}","{'id': 24118, 'rank': 5, 'fitness': 0.9789463938554409, 'generation': 295}","{'id': 24118, 'rank': 6, 'fitness': 0.9789463938554409, 'generation': 295}","{'id': 24259, 'rank': 7, 'fitness': 0.9779003297553868, 'generation': 295}","{'id': 24259, 'rank': 8, 'fitness': 0.9779003297553868, 'generation': 295}","{'id': 24261, 'rank': 9, 'fitness': 0.9762536165412473, 'generation': 295}","{'id': 24227, 'rank': 10, 'fitness': 0.976037099006571, 'generation': 295}","{'id': 24221, 'rank': 11, 'fitness': 0.9754946309755379, 'generation': 295}","{'id': 24206, 'rank': 12, 'fitness': 0.9754706326839997, 'generation': 295}","{'id': 24258, 'rank': 13, 'fitness': 0.9749809175324118, 'generation': 295}","{'id': 24237, 'rank': 14, 'fitness': 0.9747687377919652, 'generation': 295}","{'id': 24164, 'rank': 15, 'fitness': 0.9747132082234873, 'generation': 295}","{'id': 24228, 'rank': 16, 'fitness': 0.9728850040874621, 'generation': 295}","{'id': 24230, 'rank': 17, 'fitness': 0.9709991451011216, 'generation': 295}","{'id': 24108, 'rank': 18, 'fitness': 0.9708810425288938, 'generation': 295}","{'id': 23864, 'rank': 19, 'fitness': 0.9689321186666295, 'generation': 295}","{'id': 24184, 'rank': 20, 'fitness': 0.9535935973485956, 'generation': 295}","{'id': 24182, 'rank': 21, 'fitness': 0.9141564917327647, 'generation': 295}","{'id': 24249, 'rank': 22, 'fitness': 0.8991234962666568, 'generation': 295}","{'id': 24046, 'rank': 23, 'fitness': 0.8510902200961348, 'generation': 295}","{'id': 24046, 'rank': 24, 'fitness': 0.8510902200961348, 'generation': 295}","{'id': 24243, 'rank': 25, 'fitness': 0.8107799392170999, 'generation': 295}","{'id': 24089, 'rank': 26, 'fitness': 0.6539314612045852, 'generation': 295}","{'id': 24215, 'rank': 27, 'fitness': 0.20696522126496186, 'generation': 295}","{'id': 24200, 'rank': 28, 'fitness': 0.1649688174331666, 'generation': 295}","{'id': 24200, 'rank': 29, 'fitness': 0.1649688174331666, 'generation': 295}","{'id': 24109, 'rank': 30, 'fitness': 0.01798620996209155, 'generation': 295}"
"{'id': 24325, 'rank': 1, 'fitness': 0.9820137900379085, 'generation': 296}","{'id': 24319, 'rank': 2, 'fitness': 0.9789682582634409, 'generation': 296}","{'id': 24298, 'rank': 3, 'fitness': 0.9784956955628974, 'generation': 296}","{'id': 24295, 'rank': 4, 'fitness': 0.9765416015744484, 'generation': 296}","{'id': 24219, 'rank': 5, 'fitness': 0.9761976171691115, 'generation': 296}","{'id': 24219, 'rank': 6, 'fitness': 0.9761976171691115, 'generation': 296}","{'id': 24118, 'rank': 7, 'fitness': 0.969976381008901, 'generation': 296}","{'id': 24282, 'rank': 8, 'fitness': 0.9696258821729545, 'generation': 296}","{'id': 24282, 'rank': 9, 'fitness': 0.9696258821729545, 'generation': 296}","{'id': 24346, 'rank': 10, 'fitness': 0.9655531404472474, 'generation': 296}","{'id': 24309, 'rank': 11, 'fitness': 0.9617067177201624, 'generation': 296}","{'id': 24275, 'rank': 12, 'fitness': 0.9567505867892685, 'generation': 296}","{'id': 24275, 'rank': 13, 'fitness': 0.9567505867892685, 'generation': 296}","{'id': 24258, 'rank': 14, 'fitness': 0.9553437010556776, 'generation': 296}","{'id': 24296, 'rank': 15, 'fitness': 0.9532407042897907, 'generation': 296}","{'id': 24228, 'rank': 16, 'fitness': 0.9463587207544133, 'generation': 296}","{'id': 24230, 'rank': 17, 'fitness': 0.9375470135235013, 'generation': 296}","{'id': 24338, 'rank': 18, 'fitness': 0.9215867858060565, 'generation': 296}","{'id': 24324, 'rank': 19, 'fitness': 0.9175604963521915, 'generation': 296}","{'id': 24299, 'rank': 20, 'fitness': 0.8906692849033255, 'generation': 296}","{'id': 24286, 'rank': 21, 'fitness': 0.8463028096128409, 'generation': 296}","{'id': 24184, 'rank': 22, 'fitness': 0.8277103444627067, 'generation': 296}","{'id': 24335, 'rank': 23, 'fitness': 0.8111741593362592, 'generation': 296}","{'id': 24307, 'rank': 24, 'fitness': 0.7444682576290405, 'generation': 296}","{'id': 24182, 'rank': 25, 'fitness': 0.5088529769417648, 'generation': 296}","{'id': 24284, 'rank': 26, 'fitness': 0.44630002118951473, 'generation': 296}","{'id': 24046, 'rank': 27, 'fitness': 0.19514633458869235, 'generation': 296}","{'id': 24243, 'rank': 28, 'fitness': 0.11014490159981866, 'generation': 296}","{'id': 24341, 'rank': 29, 'fitness': 0.06525528570098427, 'generation': 296}","{'id': 24089, 'rank': 30, 'fitness': 0.01798620996209155, 'generation': 296}"
"{'id': 24367, 'rank': 1, 'fitness': 0.9820137900379085, 'generation': 297}","{'id': 24325, 'rank': 2, 'fitness': 0.9809634172064288, 'generation': 297}","{'id': 24415, 'rank': 3, 'fitness': 0.9789245724203032, 'generation': 297}","{'id': 24358, 'rank': 4, 'fitness': 0.9748217485052053, 'generation': 297}","{'id': 24358, 'rank': 5, 'fitness': 0.9748217485052053, 'generation': 297}","{'id': 24371, 'rank': 6, 'fitness': 0.9747454274804013, 'generation': 297}","{'id': 24417, 'rank': 7, 'fitness': 0.9734448721212914, 'generation': 297}","{'id': 24424, 'rank': 8, 'fitness': 0.9722440869052957, 'generation': 297}","{'id': 24393, 'rank': 9, 'fitness': 0.9721823346195537, 'generation': 297}","{'id': 24406, 'rank': 10, 'fitness': 0.968698580227118, 'generation': 297}","{'id': 24381, 'rank': 11, 'fitness': 0.9686824908756395, 'generation': 297}","{'id': 24377, 'rank': 12, 'fitness': 0.9685042944479637, 'generation': 297}","{'id': 24275, 'rank': 13, 'fitness': 0.9638549679911153, 'generation': 297}","{'id': 24413, 'rank': 14, 'fitness': 0.9604030661132763, 'generation': 297}","{'id': 24388, 'rank': 15, 'fitness': 0.9584992538929351, 'generation': 297}","{'id': 24388, 'rank': 16, 'fitness': 0.9584992538929351, 'generation': 297}","{'id': 24427, 'rank': 17, 'fitness': 0.9545511048417574, 'generation': 297}","{'id': 24230, 'rank': 18, 'fitness': 0.9526054511060666, 'generation': 297}","{'id': 24324, 'rank': 19, 'fitness': 0.9417240898953837, 'generation': 297}","{'id': 24425, 'rank': 20, 'fitness': 0.9323075425421752, 'generation': 297}","{'id': 24299, 'rank': 21, 'fitness': 0.9279071644149511, 'generation': 297}","{'id': 24430, 'rank': 22, 'fitness': 0.9266963171194296, 'generation': 297}","{'id': 24411, 'rank': 23, 'fitness': 0.9052123162208031, 'generation': 297}","{'id': 24359, 'rank': 24, 'fitness': 0.8688628779399155, 'generation': 297}","{'id': 24357, 'rank': 25, 'fitness': 0.8680991372958069, 'generation': 297}","{'id': 24366, 'rank': 26, 'fitness': 0.8155060672515448, 'generation': 297}","{'id': 24374, 'rank': 27, 'fitness': 0.7851975927943532, 'generation': 297}","{'id': 24046, 'rank': 28, 'fitness': 0.49806704351360787, 'generation': 297}","{'id': 24385, 'rank': 29, 'fitness': 0.18141651353910615, 'generation': 297}","{'id': 24352, 'rank': 30, 'fitness': 0.01798620996209155, 'generation': 297}"
"{'id': 24455, 'rank': 1, 'fitness': 0.9820137900379085, 'generation': 298}","{'id': 24453, 'rank': 2, 'fitness': 0.9819727259876393, 'generation': 298}","{'id': 24494, 'rank': 3, 'fitness': 0.9819192889850596, 'generation': 298}","{'id': 24495, 'rank': 4, 'fitness': 0.9818149077647018, 'generation': 298}","{'id': 24452, 'rank': 5, 'fitness': 0.9818037900751249, 'generation': 298}","{'id': 24452, 'rank': 6, 'fitness': 0.9818037900751249, 'generation': 298}","{'id': 24451, 'rank': 7, 'fitness': 0.9813383852597726, 'generation': 298}","{'id': 24424, 'rank': 8, 'fitness': 0.9804171793753449, 'generation': 298}","{'id': 24504, 'rank': 9, 'fitness': 0.9801905517033915, 'generation': 298}","{'id': 24406, 'rank': 10, 'fitness': 0.9799162246858049, 'generation': 298}","{'id': 24377, 'rank': 11, 'fitness': 0.9798900509275532, 'generation': 298}","{'id': 24458, 'rank': 12, 'fitness': 0.9787601185196471, 'generation': 298}","{'id': 24499, 'rank': 13, 'fitness': 0.9785396154168027, 'generation': 298}","{'id': 24502, 'rank': 14, 'fitness': 0.978423946592497, 'generation': 298}","{'id': 24427, 'rank': 15, 'fitness': 0.9782660671687333, 'generation': 298}","{'id': 24503, 'rank': 16, 'fitness': 0.9779376819162309, 'generation': 298}","{'id': 24459, 'rank': 17, 'fitness': 0.9741993994647039, 'generation': 298}","{'id': 24459, 'rank': 18, 'fitness': 0.9741993994647039, 'generation': 298}","{'id': 24468, 'rank': 19, 'fitness': 0.9728896602752168, 'generation': 298}","{'id': 24366, 'rank': 20, 'fitness': 0.9701906234264441, 'generation': 298}","{'id': 24462, 'rank': 21, 'fitness': 0.9689360165552046, 'generation': 298}","{'id': 24438, 'rank': 22, 'fitness': 0.9685331497458496, 'generation': 298}","{'id': 24469, 'rank': 23, 'fitness': 0.9655881375609546, 'generation': 298}","{'id': 24487, 'rank': 24, 'fitness': 0.952653965799216, 'generation': 298}","{'id': 24478, 'rank': 25, 'fitness': 0.9186842387268486, 'generation': 298}","{'id': 24497, 'rank': 26, 'fitness': 0.9127947979812953, 'generation': 298}","{'id': 24448, 'rank': 27, 'fitness': 0.8595226758294563, 'generation': 298}","{'id': 24448, 'rank': 28, 'fitness': 0.8595226758294563, 'generation': 298}","{'id': 24489, 'rank': 29, 'fitness': 0.01798620996209155, 'generation': 298}","{'id': 24489, 'rank': 30, 'fitness': 0.01798620996209155, 'generation': 298}"
"{'id': 24534, 'rank': 1, 'fitness': 0.9820137900379085, 'generation': 299}","{'id': 24528, 'rank': 2, 'fitness': 0.9819996987913904, 'generation': 299}","{'id': 24567, 'rank': 3, 'fitness': 0.981844671721144, 'generation': 299}","{'id': 24529, 'rank': 4, 'fitness': 0.9818291888965363, 'generation': 299}","{'id': 24570, 'rank': 5, 'fitness': 0.9792549338712639, 'generation': 299}","{'id': 24507, 'rank': 6, 'fitness': 0.978480102763262, 'generation': 299}","{'id': 24563, 'rank': 7, 'fitness': 0.9764944167575917, 'generation': 299}","{'id': 24541, 'rank': 8, 'fitness': 0.976087209785591, 'generation': 299}","{'id': 24509, 'rank': 9, 'fitness': 0.9753549066963897, 'generation': 299}","{'id': 24571, 'rank': 10, 'fitness': 0.9744724884310958, 'generation': 299}","{'id': 24566, 'rank': 11, 'fitness': 0.9743599993226868, 'generation': 299}","{'id': 24566, 'rank': 12, 'fitness': 0.9743599993226868, 'generation': 299}","{'id': 24510, 'rank': 13, 'fitness': 0.9701348800224789, 'generation': 299}","{'id': 24458, 'rank': 14, 'fitness': 0.9694331789888062, 'generation': 299}","{'id': 24499, 'rank': 15, 'fitness': 0.9682568679564996, 'generation': 299}","{'id': 24581, 'rank': 16, 'fitness': 0.9670851408201351, 'generation': 299}","{'id': 24522, 'rank': 17, 'fitness': 0.964995700090882, 'generation': 299}","{'id': 24589, 'rank': 18, 'fitness': 0.9610778009504122, 'generation': 299}","{'id': 24589, 'rank': 19, 'fitness': 0.9610778009504122, 'generation': 299}","{'id': 24568, 'rank': 20, 'fitness': 0.9480954871541503, 'generation': 299}","{'id': 24564, 'rank': 21, 'fitness': 0.9337022852390864, 'generation': 299}","{'id': 24505, 'rank': 22, 'fitness': 0.9297853416797033, 'generation': 299}","{'id': 24468, 'rank': 23, 'fitness': 0.9264446577307863, 'generation': 299}","{'id': 24515, 'rank': 24, 'fitness': 0.9089612169599427, 'generation': 299}","{'id': 24557, 'rank': 25, 'fitness': 0.9038128286846845, 'generation': 299}","{'id': 24366, 'rank': 26, 'fitness': 0.8977568181074341, 'generation': 299}","{'id': 24554, 'rank': 27, 'fitness': 0.8634865496531309, 'generation': 299}","{'id': 24469, 'rank': 28, 'fitness': 0.8354455194014571, 'generation': 299}","{'id': 24555, 'rank': 29, 'fitness': 0.02086971055820297, 'generation': 299}","{'id': 24448, 'rank': 30, 'fitness': 0.01798620996209155, 'generation': 299}"
"{'id': 24622, 'rank': 1, 'fitness': 0.9820137900379085, 'generation': 300}","{'id': 24620, 'rank': 2, 'fitness': 0.9819165681269966, 'generation': 300}","{'id': 24620, 'rank': 3, 'fitness': 0.9819165681269966, 'generation': 300}","{'id': 24612, 'rank': 4, 'fitness': 0.9816506516119928, 'generation': 300}","{'id': 24529, 'rank': 5, 'fitness': 0.9812104542824686, 'generation': 300}","{'id': 24644, 'rank': 6, 'fitness': 0.9811319474287478, 'generation': 300}","{'id': 24597, 'rank': 7, 'fitness': 0.9811166960401454, 'generation': 300}","{'id': 24679, 'rank': 8, 'fitness': 0.9810947260604013, 'generation': 300}","{'id': 24679, 'rank': 9, 'fitness': 0.9810947260604013, 'generation': 300}","{'id': 24679, 'rank': 10, 'fitness': 0.9810947260604013, 'generation': 300}","{'id': 24657, 'rank': 11, 'fitness': 0.9808884453599569, 'generation': 300}","{'id': 24648, 'rank': 12, 'fitness': 0.9806812443675029, 'generation': 300}","{'id': 24635, 'rank': 13, 'fitness': 0.9805283329829433, 'generation': 300}","{'id': 24593, 'rank': 14, 'fitness': 0.98037619245848, 'generation': 300}","{'id': 24592, 'rank': 15, 'fitness': 0.9798507866102488, 'generation': 300}","{'id': 24541, 'rank': 16, 'fitness': 0.9797955460646095, 'generation': 300}","{'id': 24566, 'rank': 17, 'fitness': 0.9794183909219121, 'generation': 300}","{'id': 24625, 'rank': 18, 'fitness': 0.9783801541359387, 'generation': 300}","{'id': 24607, 'rank': 19, 'fitness': 0.9783478403906929, 'generation': 300}","{'id': 24594, 'rank': 20, 'fitness': 0.9781229046719596, 'generation': 300}","{'id': 24668, 'rank': 21, 'fitness': 0.9770132608808886, 'generation': 300}","{'id': 24630, 'rank': 22, 'fitness': 0.9769252286396534, 'generation': 300}","{'id': 24609, 'rank': 23, 'fitness': 0.9748331252744986, 'generation': 300}","{'id': 24468, 'rank': 24, 'fitness': 0.9726420632148027, 'generation': 300}","{'id': 24515, 'rank': 25, 'fitness': 0.9709619317006667, 'generation': 300}","{'id': 24670, 'rank': 26, 'fitness': 0.9654129513174396, 'generation': 300}","{'id': 24596, 'rank': 27, 'fitness': 0.9468223572445364, 'generation': 300}","{'id': 24555, 'rank': 28, 'fitness': 0.8683179550303971, 'generation': 300}","{'id': 24659, 'rank': 29, 'fitness': 0.5919189963066359, 'generation': 300}","{'id': 24654, 'rank': 30, 'fitness': 0.01798620996209155, 'generation': 300}"
"{'id': 24701, 'rank': 1, 'fitness': 0.9820137900379085, 'generation': 301}","{'id': 24743, 'rank': 2, 'fitness': 0.9819868591173111, 'generation': 301}","{'id': 24746, 'rank': 3, 'fitness': 0.9819256043652216, 'generation': 301}","{'id': 24699, 'rank': 4, 'fitness': 0.9819057922142926, 'generation': 301}","{'id': 24612, 'rank': 5, 'fitness': 0.9815058313375769, 'generation': 301}","{'id': 24689, 'rank': 6, 'fitness': 0.980793828815915, 'generation': 301}","{'id': 24679, 'rank': 7, 'fitness': 0.9802456863891377, 'generation': 301}","{'id': 24739, 'rank': 8, 'fitness': 0.9799895016548245, 'generation': 301}","{'id': 24763, 'rank': 9, 'fitness': 0.9790859374699068, 'generation': 301}","{'id': 24690, 'rank': 10, 'fitness': 0.9782398287720082, 'generation': 301}","{'id': 24718, 'rank': 11, 'fitness': 0.9779681829789342, 'generation': 301}","{'id': 24761, 'rank': 12, 'fitness': 0.9776469732369873, 'generation': 301}","{'id': 24765, 'rank': 13, 'fitness': 0.9774938019284249, 'generation': 301}","{'id': 24775, 'rank': 14, 'fitness': 0.977301870828029, 'generation': 301}","{'id': 24541, 'rank': 15, 'fitness': 0.9771267692647754, 'generation': 301}","{'id': 24771, 'rank': 16, 'fitness': 0.9769751998362108, 'generation': 301}","{'id': 24771, 'rank': 17, 'fitness': 0.9769751998362108, 'generation': 301}","{'id': 24766, 'rank': 18, 'fitness': 0.9762115604196817, 'generation': 301}","{'id': 24716, 'rank': 19, 'fitness': 0.9759184539326753, 'generation': 301}","{'id': 24773, 'rank': 20, 'fitness': 0.9753635904090375, 'generation': 301}","{'id': 24773, 'rank': 21, 'fitness': 0.9753635904090375, 'generation': 301}","{'id': 24607, 'rank': 22, 'fitness': 0.9733634535172835, 'generation': 301}","{'id': 24668, 'rank': 23, 'fitness': 0.9696252007974585, 'generation': 301}","{'id': 24758, 'rank': 24, 'fitness': 0.966561918754692, 'generation': 301}","{'id': 24722, 'rank': 25, 'fitness': 0.9655881665968392, 'generation': 301}","{'id': 24697, 'rank': 26, 'fitness': 0.9654592725985192, 'generation': 301}","{'id': 24751, 'rank': 27, 'fitness': 0.9269157056370154, 'generation': 301}","{'id': 24670, 'rank': 28, 'fitness': 0.9265013755441627, 'generation': 301}","{'id': 24685, 'rank': 29, 'fitness': 0.695447430658977, 'generation': 301}","{'id': 24659, 'rank': 30, 'fitness': 0.01798620996209155, 'generation': 301}"
"{'id': 24839, 'rank': 1, 'fitness': 0.9820137900379085, 'generation': 302}","{'id': 24701, 'rank': 2, 'fitness': 0.9819546760754595, 'generation': 302}","{'id': 24836, 'rank': 3, 'fitness': 0.9819272633674754, 'generation': 302}","{'id': 24746, 'rank': 4, 'fitness': 0.9819242746777423, 'generation': 302}","{'id': 24815, 'rank': 5, 'fitness': 0.9814514085870074, 'generation': 302}","{'id': 24679, 'rank': 6, 'fitness': 0.9813624978817667, 'generation': 302}","{'id': 24805, 'rank': 7, 'fitness': 0.9813094562753333, 'generation': 302}","{'id': 24838, 'rank': 8, 'fitness': 0.9812989007781983, 'generation': 302}","{'id': 24788, 'rank': 9, 'fitness': 0.981204998089229, 'generation': 302}","{'id': 24833, 'rank': 10, 'fitness': 0.981072466091748, 'generation': 302}","{'id': 24833, 'rank': 11, 'fitness': 0.981072466091748, 'generation': 302}","{'id': 24832, 'rank': 12, 'fitness': 0.9807733014830639, 'generation': 302}","{'id': 24718, 'rank': 13, 'fitness': 0.9806478610617257, 'generation': 302}","{'id': 24791, 'rank': 14, 'fitness': 0.9804221775799599, 'generation': 302}","{'id': 24773, 'rank': 15, 'fitness': 0.9798862956094635, 'generation': 302}","{'id': 24773, 'rank': 16, 'fitness': 0.9798862956094635, 'generation': 302}","{'id': 24840, 'rank': 17, 'fitness': 0.979820757744466, 'generation': 302}","{'id': 24811, 'rank': 18, 'fitness': 0.9794818473110121, 'generation': 302}","{'id': 24814, 'rank': 19, 'fitness': 0.9786032528337206, 'generation': 302}","{'id': 24808, 'rank': 20, 'fitness': 0.9781854107587268, 'generation': 302}","{'id': 24849, 'rank': 21, 'fitness': 0.9780089127032029, 'generation': 302}","{'id': 24856, 'rank': 22, 'fitness': 0.9777981479735802, 'generation': 302}","{'id': 24856, 'rank': 23, 'fitness': 0.9777981479735802, 'generation': 302}","{'id': 24812, 'rank': 24, 'fitness': 0.9774783910000869, 'generation': 302}","{'id': 24786, 'rank': 25, 'fitness': 0.9746208913995764, 'generation': 302}","{'id': 24848, 'rank': 26, 'fitness': 0.9732893355702501, 'generation': 302}","{'id': 24751, 'rank': 27, 'fitness': 0.9705236380303063, 'generation': 302}","{'id': 24659, 'rank': 28, 'fitness': 0.776129082047472, 'generation': 302}","{'id': 24819, 'rank': 29, 'fitness': 0.01798620996209155, 'generation': 302}","{'id': 24819, 'rank': 30, 'fitness': 0.01798620996209155, 'generation': 302}"
"{'id': 24890, 'rank': 1, 'fitness': 0.9820137900379085, 'generation': 303}","{'id': 24938, 'rank': 2, 'fitness': 0.9819622347390596, 'generation': 303}","{'id': 24938, 'rank': 3, 'fitness': 0.9819622347390596, 'generation': 303}","{'id': 24896, 'rank': 4, 'fitness': 0.9817195292478386, 'generation': 303}","{'id': 24906, 'rank': 5, 'fitness': 0.981582987717379, 'generation': 303}","{'id': 24920, 'rank': 6, 'fitness': 0.9815550951236225, 'generation': 303}","{'id': 24920, 'rank': 7, 'fitness': 0.9815550951236225, 'generation': 303}","{'id': 24945, 'rank': 8, 'fitness': 0.9814401593664543, 'generation': 303}","{'id': 24838, 'rank': 9, 'fitness': 0.9813379779263778, 'generation': 303}","{'id': 24937, 'rank': 10, 'fitness': 0.9811452582235108, 'generation': 303}","{'id': 24931, 'rank': 11, 'fitness': 0.981021427261729, 'generation': 303}","{'id': 24909, 'rank': 12, 'fitness': 0.9809175917979396, 'generation': 303}","{'id': 24832, 'rank': 13, 'fitness': 0.9808133130589634, 'generation': 303}","{'id': 24951, 'rank': 14, 'fitness': 0.9802580937836307, 'generation': 303}","{'id': 24921, 'rank': 15, 'fitness': 0.9801156185695035, 'generation': 303}","{'id': 24875, 'rank': 16, 'fitness': 0.98003431020947, 'generation': 303}","{'id': 24811, 'rank': 17, 'fitness': 0.979524134128431, 'generation': 303}","{'id': 24907, 'rank': 18, 'fitness': 0.9793330801929647, 'generation': 303}","{'id': 24814, 'rank': 19, 'fitness': 0.9786470712715798, 'generation': 303}","{'id': 24908, 'rank': 20, 'fitness': 0.9785886197591916, 'generation': 303}","{'id': 24919, 'rank': 21, 'fitness': 0.9782345057024158, 'generation': 303}","{'id': 24860, 'rank': 22, 'fitness': 0.9773569607418489, 'generation': 303}","{'id': 24942, 'rank': 23, 'fitness': 0.9771152030703047, 'generation': 303}","{'id': 24892, 'rank': 24, 'fitness': 0.9747924961559906, 'generation': 303}","{'id': 24892, 'rank': 25, 'fitness': 0.9747924961559906, 'generation': 303}","{'id': 24891, 'rank': 26, 'fitness': 0.9743402226940974, 'generation': 303}","{'id': 24848, 'rank': 27, 'fitness': 0.9733421609389613, 'generation': 303}","{'id': 24878, 'rank': 28, 'fitness': 0.9632150519505813, 'generation': 303}","{'id': 24915, 'rank': 29, 'fitness': 0.5610866603631739, 'generation': 303}","{'id': 24819, 'rank': 30, 'fitness': 0.01798620996209155, 'generation': 303}"
"{'id': 25022, 'rank': 1, 'fitness': 0.9820137900379085, 'generation': 304}","{'id': 24896, 'rank': 2, 'fitness': 0.9817165161357628, 'generation': 304}","{'id': 25030, 'rank': 3, 'fitness': 0.9816130507096953, 'generation': 304}","{'id': 24906, 'rank': 4, 'fitness': 0.9815955687519307, 'generation': 304}","{'id': 25009, 'rank': 5, 'fitness': 0.9813644616834212, 'generation': 304}","{'id': 24963, 'rank': 6, 'fitness': 0.9812798113389748, 'generation': 304}","{'id': 24995, 'rank': 7, 'fitness': 0.9812620788994555, 'generation': 304}","{'id': 24937, 'rank': 8, 'fitness': 0.9812085029633054, 'generation': 304}","{'id': 25028, 'rank': 9, 'fitness': 0.9811606655782932, 'generation': 304}","{'id': 24985, 'rank': 10, 'fitness': 0.9811215293148365, 'generation': 304}","{'id': 24973, 'rank': 11, 'fitness': 0.9811177662989848, 'generation': 304}","{'id': 25007, 'rank': 12, 'fitness': 0.9810089871720986, 'generation': 304}","{'id': 24994, 'rank': 13, 'fitness': 0.9809725549146562, 'generation': 304}","{'id': 24994, 'rank': 14, 'fitness': 0.9809725549146562, 'generation': 304}","{'id': 24975, 'rank': 15, 'fitness': 0.980879364869478, 'generation': 304}","{'id': 24962, 'rank': 16, 'fitness': 0.9808790054635201, 'generation': 304}","{'id': 24977, 'rank': 17, 'fitness': 0.9795292959589875, 'generation': 304}","{'id': 24977, 'rank': 18, 'fitness': 0.9795292959589875, 'generation': 304}","{'id': 24987, 'rank': 19, 'fitness': 0.9794730238679665, 'generation': 304}","{'id': 24987, 'rank': 20, 'fitness': 0.9794730238679665, 'generation': 304}","{'id': 24988, 'rank': 21, 'fitness': 0.9788390605780102, 'generation': 304}","{'id': 24993, 'rank': 22, 'fitness': 0.9787258104934253, 'generation': 304}","{'id': 25001, 'rank': 23, 'fitness': 0.9784310592882405, 'generation': 304}","{'id': 24942, 'rank': 24, 'fitness': 0.9776888438348682, 'generation': 304}","{'id': 24976, 'rank': 25, 'fitness': 0.9774747668431778, 'generation': 304}","{'id': 24976, 'rank': 26, 'fitness': 0.9774747668431778, 'generation': 304}","{'id': 24999, 'rank': 27, 'fitness': 0.9765857051687034, 'generation': 304}","{'id': 24878, 'rank': 28, 'fitness': 0.9660029047047494, 'generation': 304}","{'id': 24991, 'rank': 29, 'fitness': 0.9636371797939167, 'generation': 304}","{'id': 24974, 'rank': 30, 'fitness': 0.01798620996209155, 'generation': 304}"
"{'id': 25036, 'rank': 1, 'fitness': 0.9820137900379085, 'generation': 305}","{'id': 25088, 'rank': 2, 'fitness': 0.9791343750501273, 'generation': 305}","{'id': 25030, 'rank': 3, 'fitness': 0.9771410933110534, 'generation': 305}","{'id': 25009, 'rank': 4, 'fitness': 0.9744222039770657, 'generation': 305}","{'id': 25044, 'rank': 5, 'fitness': 0.9742864805843764, 'generation': 305}","{'id': 25050, 'rank': 6, 'fitness': 0.9738638676428166, 'generation': 305}","{'id': 25106, 'rank': 7, 'fitness': 0.9735291692898078, 'generation': 305}","{'id': 25106, 'rank': 8, 'fitness': 0.9735291692898078, 'generation': 305}","{'id': 24995, 'rank': 9, 'fitness': 0.973224413876618, 'generation': 305}","{'id': 25028, 'rank': 10, 'fitness': 0.9719910090613817, 'generation': 305}","{'id': 24973, 'rank': 11, 'fitness': 0.9714548463049616, 'generation': 305}","{'id': 25068, 'rank': 12, 'fitness': 0.9705627207506611, 'generation': 305}","{'id': 25051, 'rank': 13, 'fitness': 0.9700291059771797, 'generation': 305}","{'id': 25113, 'rank': 14, 'fitness': 0.9686080351341575, 'generation': 305}","{'id': 24962, 'rank': 15, 'fitness': 0.9683081797559281, 'generation': 305}","{'id': 24962, 'rank': 16, 'fitness': 0.9683081797559281, 'generation': 305}","{'id': 25062, 'rank': 17, 'fitness': 0.9679765792607695, 'generation': 305}","{'id': 25086, 'rank': 18, 'fitness': 0.9670366033191591, 'generation': 305}","{'id': 25108, 'rank': 19, 'fitness': 0.9495722917050433, 'generation': 305}","{'id': 25047, 'rank': 20, 'fitness': 0.9486086378435042, 'generation': 305}","{'id': 25066, 'rank': 21, 'fitness': 0.9176087495242304, 'generation': 305}","{'id': 25001, 'rank': 22, 'fitness': 0.9156337335104154, 'generation': 305}","{'id': 25078, 'rank': 23, 'fitness': 0.909443191424661, 'generation': 305}","{'id': 25089, 'rank': 24, 'fitness': 0.9085095146072085, 'generation': 305}","{'id': 25105, 'rank': 25, 'fitness': 0.8130304476929049, 'generation': 305}","{'id': 25071, 'rank': 26, 'fitness': 0.5977151064541498, 'generation': 305}","{'id': 25098, 'rank': 27, 'fitness': 0.5814270780082298, 'generation': 305}","{'id': 25059, 'rank': 28, 'fitness': 0.03544106621714277, 'generation': 305}","{'id': 25082, 'rank': 29, 'fitness': 0.028996701104023803, 'generation': 305}","{'id': 25060, 'rank': 30, 'fitness': 0.01798620996209155, 'generation': 305}"
"{'id': 25036, 'rank': 1, 'fitness': 0.9820137900379085, 'generation': 306}","{'id': 25152, 'rank': 2, 'fitness': 0.9819809215851004, 'generation': 306}","{'id': 25155, 'rank': 3, 'fitness': 0.9819733948723703, 'generation': 306}","{'id': 25132, 'rank': 4, 'fitness': 0.981970213020885, 'generation': 306}","{'id': 25130, 'rank': 5, 'fitness': 0.9818211633685251, 'generation': 306}","{'id': 25120, 'rank': 6, 'fitness': 0.9817533049823901, 'generation': 306}","{'id': 25120, 'rank': 7, 'fitness': 0.9817533049823901, 'generation': 306}","{'id': 25176, 'rank': 8, 'fitness': 0.9817522006760444, 'generation': 306}","{'id': 25050, 'rank': 9, 'fitness': 0.9817052237198903, 'generation': 306}","{'id': 25129, 'rank': 10, 'fitness': 0.9816950941130878, 'generation': 306}","{'id': 25028, 'rank': 11, 'fitness': 0.981647202044427, 'generation': 306}","{'id': 25145, 'rank': 12, 'fitness': 0.9816133006096273, 'generation': 306}","{'id': 25051, 'rank': 13, 'fitness': 0.9815901554099835, 'generation': 306}","{'id': 25051, 'rank': 14, 'fitness': 0.9815901554099835, 'generation': 306}","{'id': 25113, 'rank': 15, 'fitness': 0.9815509518178382, 'generation': 306}","{'id': 25144, 'rank': 16, 'fitness': 0.981432109123489, 'generation': 306}","{'id': 25147, 'rank': 17, 'fitness': 0.9813201884354243, 'generation': 306}","{'id': 25194, 'rank': 18, 'fitness': 0.981297318672246, 'generation': 306}","{'id': 25135, 'rank': 19, 'fitness': 0.9812646719139648, 'generation': 306}","{'id': 25149, 'rank': 20, 'fitness': 0.9812539157387217, 'generation': 306}","{'id': 25197, 'rank': 21, 'fitness': 0.9811692473040777, 'generation': 306}","{'id': 25159, 'rank': 22, 'fitness': 0.9808369269309258, 'generation': 306}","{'id': 25066, 'rank': 23, 'fitness': 0.9806952839622003, 'generation': 306}","{'id': 25089, 'rank': 24, 'fitness': 0.980596548772822, 'generation': 306}","{'id': 25185, 'rank': 25, 'fitness': 0.9805178404554782, 'generation': 306}","{'id': 25163, 'rank': 26, 'fitness': 0.979756010322844, 'generation': 306}","{'id': 25171, 'rank': 27, 'fitness': 0.9796013966768964, 'generation': 306}","{'id': 25160, 'rank': 28, 'fitness': 0.9794803950925088, 'generation': 306}","{'id': 25118, 'rank': 29, 'fitness': 0.8616374495273553, 'generation': 306}","{'id': 25192, 'rank': 30, 'fitness': 0.01798620996209155, 'generation': 306}"
"{'id': 25036, 'rank': 1, 'fitness': 0.9820137900379085, 'generation': 307}","{'id': 25155, 'rank': 2, 'fitness': 0.9796996219448295, 'generation': 307}","{'id': 25130, 'rank': 3, 'fitness': 0.9681397482000601, 'generation': 307}","{'id': 25120, 'rank': 4, 'fitness': 0.9611729928153632, 'generation': 307}","{'id': 25050, 'rank': 5, 'fitness': 0.955393865212727, 'generation': 307}","{'id': 25050, 'rank': 6, 'fitness': 0.955393865212727, 'generation': 307}","{'id': 25275, 'rank': 7, 'fitness': 0.9539382960210474, 'generation': 307}","{'id': 25275, 'rank': 8, 'fitness': 0.9539382960210474, 'generation': 307}","{'id': 25201, 'rank': 9, 'fitness': 0.9489345006433219, 'generation': 307}","{'id': 25201, 'rank': 10, 'fitness': 0.9489345006433219, 'generation': 307}","{'id': 25237, 'rank': 11, 'fitness': 0.943727821221473, 'generation': 307}","{'id': 25113, 'rank': 12, 'fitness': 0.931003354971943, 'generation': 307}","{'id': 25230, 'rank': 13, 'fitness': 0.9186949144519712, 'generation': 307}","{'id': 25258, 'rank': 14, 'fitness': 0.8940292598744621, 'generation': 307}","{'id': 25135, 'rank': 15, 'fitness': 0.8525506601752568, 'generation': 307}","{'id': 25210, 'rank': 16, 'fitness': 0.8507260136887598, 'generation': 307}","{'id': 25149, 'rank': 17, 'fitness': 0.8485348110832599, 'generation': 307}","{'id': 25222, 'rank': 18, 'fitness': 0.8287454417042028, 'generation': 307}","{'id': 25222, 'rank': 19, 'fitness': 0.8287454417042028, 'generation': 307}","{'id': 25217, 'rank': 20, 'fitness': 0.7722016742338852, 'generation': 307}","{'id': 25250, 'rank': 21, 'fitness': 0.7462850354474584, 'generation': 307}","{'id': 25250, 'rank': 22, 'fitness': 0.7462850354474584, 'generation': 307}","{'id': 25213, 'rank': 23, 'fitness': 0.7426019273849762, 'generation': 307}","{'id': 25066, 'rank': 24, 'fitness': 0.5265574751703403, 'generation': 307}","{'id': 25203, 'rank': 25, 'fitness': 0.4448847318284067, 'generation': 307}","{'id': 25207, 'rank': 26, 'fitness': 0.16558037103939494, 'generation': 307}","{'id': 25264, 'rank': 27, 'fitness': 0.1383611262507745, 'generation': 307}","{'id': 25206, 'rank': 28, 'fitness': 0.12184233438614184, 'generation': 307}","{'id': 25268, 'rank': 29, 'fitness': 0.01798620996209155, 'generation': 307}","{'id': 25268, 'rank': 30, 'fitness': 0.01798620996209155, 'generation': 307}"
"{'id': 25305, 'rank': 1, 'fitness': 0.9820137900379085, 'generation': 308}","{'id': 25291, 'rank': 2, 'fitness': 0.9819120602867529, 'generation': 308}","{'id': 25315, 'rank': 3, 'fitness': 0.9816978912751503, 'generation': 308}","{'id': 25289, 'rank': 4, 'fitness': 0.98169749153409, 'generation': 308}","{'id': 25050, 'rank': 5, 'fitness': 0.9814362220411544, 'generation': 308}","{'id': 25201, 'rank': 6, 'fitness': 0.9812491425818897, 'generation': 308}","{'id': 25285, 'rank': 7, 'fitness': 0.9811662551840563, 'generation': 308}","{'id': 25327, 'rank': 8, 'fitness': 0.981140157986556, 'generation': 308}","{'id': 25326, 'rank': 9, 'fitness': 0.9811159742761308, 'generation': 308}","{'id': 25237, 'rank': 10, 'fitness': 0.9811128514934999, 'generation': 308}","{'id': 25319, 'rank': 11, 'fitness': 0.9809287254467056, 'generation': 308}","{'id': 25342, 'rank': 12, 'fitness': 0.9808399691198524, 'generation': 308}","{'id': 25113, 'rank': 13, 'fitness': 0.9808207812648441, 'generation': 308}","{'id': 25135, 'rank': 14, 'fitness': 0.9796395710231325, 'generation': 308}","{'id': 25304, 'rank': 15, 'fitness': 0.9794464135162515, 'generation': 308}","{'id': 25250, 'rank': 16, 'fitness': 0.978646749439464, 'generation': 308}","{'id': 25213, 'rank': 17, 'fitness': 0.9786176230633794, 'generation': 308}","{'id': 25343, 'rank': 18, 'fitness': 0.9772402895551848, 'generation': 308}","{'id': 25066, 'rank': 19, 'fitness': 0.9771344921634728, 'generation': 308}","{'id': 25203, 'rank': 20, 'fitness': 0.9766017744844526, 'generation': 308}","{'id': 25344, 'rank': 21, 'fitness': 0.9759713734393961, 'generation': 308}","{'id': 25302, 'rank': 22, 'fitness': 0.9739552022661728, 'generation': 308}","{'id': 25302, 'rank': 23, 'fitness': 0.9739552022661728, 'generation': 308}","{'id': 25264, 'rank': 24, 'fitness': 0.9738079486536697, 'generation': 308}","{'id': 25284, 'rank': 25, 'fitness': 0.9715486110818381, 'generation': 308}","{'id': 25335, 'rank': 26, 'fitness': 0.9564944076579285, 'generation': 308}","{'id': 25334, 'rank': 27, 'fitness': 0.8768169383968953, 'generation': 308}","{'id': 25334, 'rank': 28, 'fitness': 0.8768169383968953, 'generation': 308}","{'id': 25295, 'rank': 29, 'fitness': 0.25517091943610987, 'generation': 308}","{'id': 25279, 'rank': 30, 'fitness': 0.01798620996209155, 'generation': 308}"
"{'id': 25395, 'rank': 1, 'fitness': 0.9820137900379085, 'generation': 309}","{'id': 25395, 'rank': 2, 'fitness': 0.9820137900379085, 'generation': 309}","{'id': 25315, 'rank': 3, 'fitness': 0.981170196912514, 'generation': 309}","{'id': 25201, 'rank': 4, 'fitness': 0.9807396661090927, 'generation': 309}","{'id': 25379, 'rank': 5, 'fitness': 0.9806383028226682, 'generation': 309}","{'id': 25348, 'rank': 6, 'fitness': 0.980540178191911, 'generation': 309}","{'id': 25429, 'rank': 7, 'fitness': 0.9805054811818432, 'generation': 309}","{'id': 25425, 'rank': 8, 'fitness': 0.9802684283973229, 'generation': 309}","{'id': 25408, 'rank': 9, 'fitness': 0.9802229972004064, 'generation': 309}","{'id': 25417, 'rank': 10, 'fitness': 0.980199768639795, 'generation': 309}","{'id': 25396, 'rank': 11, 'fitness': 0.9800519350425434, 'generation': 309}","{'id': 25304, 'rank': 12, 'fitness': 0.9790167905931622, 'generation': 309}","{'id': 25410, 'rank': 13, 'fitness': 0.9790149844844327, 'generation': 309}","{'id': 25371, 'rank': 14, 'fitness': 0.978746846567973, 'generation': 309}","{'id': 25350, 'rank': 15, 'fitness': 0.9784784008195736, 'generation': 309}","{'id': 25409, 'rank': 16, 'fitness': 0.9778235207376148, 'generation': 309}","{'id': 25409, 'rank': 17, 'fitness': 0.9778235207376148, 'generation': 309}","{'id': 25384, 'rank': 18, 'fitness': 0.977800503692594, 'generation': 309}","{'id': 25430, 'rank': 19, 'fitness': 0.9755768884471699, 'generation': 309}","{'id': 25370, 'rank': 20, 'fitness': 0.9754107260959957, 'generation': 309}","{'id': 25351, 'rank': 21, 'fitness': 0.9753062924570979, 'generation': 309}","{'id': 25428, 'rank': 22, 'fitness': 0.9748763616521062, 'generation': 309}","{'id': 25302, 'rank': 23, 'fitness': 0.9738262709596222, 'generation': 309}","{'id': 25284, 'rank': 24, 'fitness': 0.9715747752284444, 'generation': 309}","{'id': 25366, 'rank': 25, 'fitness': 0.9665848232153255, 'generation': 309}","{'id': 25352, 'rank': 26, 'fitness': 0.9655025304980094, 'generation': 309}","{'id': 25398, 'rank': 27, 'fitness': 0.9598516415608993, 'generation': 309}","{'id': 25373, 'rank': 28, 'fitness': 0.9476771605218015, 'generation': 309}","{'id': 25387, 'rank': 29, 'fitness': 0.8390775755894138, 'generation': 309}","{'id': 25412, 'rank': 30, 'fitness': 0.01798620996209155, 'generation': 309}"
"{'id': 25395, 'rank': 1, 'fitness': 0.9820137900379085, 'generation': 310}","{'id': 25395, 'rank': 2, 'fitness': 0.9820137900379085, 'generation': 310}","{'id': 25487, 'rank': 3, 'fitness': 0.9664037454161397, 'generation': 310}","{'id': 25450, 'rank': 4, 'fitness': 0.9614212129980753, 'generation': 310}","{'id': 25450, 'rank': 5, 'fitness': 0.9614212129980753, 'generation': 310}","{'id': 25490, 'rank': 6, 'fitness': 0.9350448039113061, 'generation': 310}","{'id': 25440, 'rank': 7, 'fitness': 0.9314878621720237, 'generation': 310}","{'id': 25489, 'rank': 8, 'fitness': 0.9210348185795355, 'generation': 310}","{'id': 25478, 'rank': 9, 'fitness': 0.9091047295202033, 'generation': 310}","{'id': 25371, 'rank': 10, 'fitness': 0.8924327283558703, 'generation': 310}","{'id': 25446, 'rank': 11, 'fitness': 0.8834862492932597, 'generation': 310}","{'id': 25444, 'rank': 12, 'fitness': 0.8667620223342116, 'generation': 310}","{'id': 25473, 'rank': 13, 'fitness': 0.8663376347608246, 'generation': 310}","{'id': 25512, 'rank': 14, 'fitness': 0.863066225123094, 'generation': 310}","{'id': 25507, 'rank': 15, 'fitness': 0.8493973758091994, 'generation': 310}","{'id': 25409, 'rank': 16, 'fitness': 0.8368112887216087, 'generation': 310}","{'id': 25384, 'rank': 17, 'fitness': 0.8352014324128291, 'generation': 310}","{'id': 25474, 'rank': 18, 'fitness': 0.8299813375764642, 'generation': 310}","{'id': 25470, 'rank': 19, 'fitness': 0.7458269285182382, 'generation': 310}","{'id': 25351, 'rank': 20, 'fitness': 0.6025616262395042, 'generation': 310}","{'id': 25435, 'rank': 21, 'fitness': 0.5912260378016442, 'generation': 310}","{'id': 25516, 'rank': 22, 'fitness': 0.5755221966206344, 'generation': 310}","{'id': 25438, 'rank': 23, 'fitness': 0.46567647581792654, 'generation': 310}","{'id': 25497, 'rank': 24, 'fitness': 0.19527102725460105, 'generation': 310}","{'id': 25515, 'rank': 25, 'fitness': 0.0987362360674035, 'generation': 310}","{'id': 25515, 'rank': 26, 'fitness': 0.0987362360674035, 'generation': 310}","{'id': 25366, 'rank': 27, 'fitness': 0.04604583464108558, 'generation': 310}","{'id': 25352, 'rank': 28, 'fitness': 0.03241487224435291, 'generation': 310}","{'id': 25466, 'rank': 29, 'fitness': 0.01798620996209155, 'generation': 310}","{'id': 25466, 'rank': 30, 'fitness': 0.01798620996209155, 'generation': 310}"
"{'id': 25450, 'rank': 1, 'fitness': 0.9820137900379085, 'generation': 311}","{'id': 25584, 'rank': 2, 'fitness': 0.9812299165550233, 'generation': 311}","{'id': 25582, 'rank': 3, 'fitness': 0.9808734660046323, 'generation': 311}","{'id': 25446, 'rank': 4, 'fitness': 0.9806826665228436, 'generation': 311}","{'id': 25384, 'rank': 5, 'fitness': 0.9802103756847338, 'generation': 311}","{'id': 25470, 'rank': 6, 'fitness': 0.9795516961309665, 'generation': 311}","{'id': 25577, 'rank': 7, 'fitness': 0.9789168052431585, 'generation': 311}","{'id': 25516, 'rank': 8, 'fitness': 0.9785843890841708, 'generation': 311}","{'id': 25579, 'rank': 9, 'fitness': 0.9785320684519823, 'generation': 311}","{'id': 25569, 'rank': 10, 'fitness': 0.9781268634205653, 'generation': 311}","{'id': 25570, 'rank': 11, 'fitness': 0.9769200659804631, 'generation': 311}","{'id': 25557, 'rank': 12, 'fitness': 0.9752373575925188, 'generation': 311}","{'id': 25515, 'rank': 13, 'fitness': 0.9751118070668228, 'generation': 311}","{'id': 25539, 'rank': 14, 'fitness': 0.9739961271326538, 'generation': 311}","{'id': 25539, 'rank': 15, 'fitness': 0.9739961271326538, 'generation': 311}","{'id': 25530, 'rank': 16, 'fitness': 0.9724126250757842, 'generation': 311}","{'id': 25466, 'rank': 17, 'fitness': 0.9723150260951048, 'generation': 311}","{'id': 25552, 'rank': 18, 'fitness': 0.9694440079585585, 'generation': 311}","{'id': 25573, 'rank': 19, 'fitness': 0.9607833168947741, 'generation': 311}","{'id': 25565, 'rank': 20, 'fitness': 0.9594921953421358, 'generation': 311}","{'id': 25529, 'rank': 21, 'fitness': 0.9581221658137242, 'generation': 311}","{'id': 25528, 'rank': 22, 'fitness': 0.9540101286572656, 'generation': 311}","{'id': 25545, 'rank': 23, 'fitness': 0.9355618781657377, 'generation': 311}","{'id': 25526, 'rank': 24, 'fitness': 0.9027656811603071, 'generation': 311}","{'id': 25526, 'rank': 25, 'fitness': 0.9027656811603071, 'generation': 311}","{'id': 25541, 'rank': 26, 'fitness': 0.9011102829394334, 'generation': 311}","{'id': 25571, 'rank': 27, 'fitness': 0.5960211848760729, 'generation': 311}","{'id': 25586, 'rank': 28, 'fitness': 0.11609802310108691, 'generation': 311}","{'id': 25586, 'rank': 29, 'fitness': 0.11609802310108691, 'generation': 311}","{'id': 25581, 'rank': 30, 'fitness': 0.01798620996209155, 'generation': 311}"
"{'id': 25450, 'rank': 1, 'fitness': 0.9820137900379085, 'generation': 312}","{'id': 25648, 'rank': 2, 'fitness': 0.9800582873114793, 'generation': 312}","{'id': 25584, 'rank': 3, 'fitness': 0.9785635533405257, 'generation': 312}","{'id': 25384, 'rank': 4, 'fitness': 0.9733728572699343, 'generation': 312}","{'id': 25654, 'rank': 5, 'fitness': 0.9718991603345873, 'generation': 312}","{'id': 25654, 'rank': 6, 'fitness': 0.9718991603345873, 'generation': 312}","{'id': 25628, 'rank': 7, 'fitness': 0.9701586641913087, 'generation': 312}","{'id': 25616, 'rank': 8, 'fitness': 0.9660349854327055, 'generation': 312}","{'id': 25569, 'rank': 9, 'fitness': 0.9599879785641866, 'generation': 312}","{'id': 25598, 'rank': 10, 'fitness': 0.9593296331841326, 'generation': 312}","{'id': 25614, 'rank': 11, 'fitness': 0.939247432036683, 'generation': 312}","{'id': 25618, 'rank': 12, 'fitness': 0.9368600059147295, 'generation': 312}","{'id': 25646, 'rank': 13, 'fitness': 0.9147066927051462, 'generation': 312}","{'id': 25646, 'rank': 14, 'fitness': 0.9147066927051462, 'generation': 312}","{'id': 25466, 'rank': 15, 'fitness': 0.8986761605826652, 'generation': 312}","{'id': 25644, 'rank': 16, 'fitness': 0.8558448336477225, 'generation': 312}","{'id': 25599, 'rank': 17, 'fitness': 0.8535876437914276, 'generation': 312}","{'id': 25625, 'rank': 18, 'fitness': 0.8213620221856001, 'generation': 312}","{'id': 25625, 'rank': 19, 'fitness': 0.8213620221856001, 'generation': 312}","{'id': 25600, 'rank': 20, 'fitness': 0.6505024902552656, 'generation': 312}","{'id': 25600, 'rank': 21, 'fitness': 0.6505024902552656, 'generation': 312}","{'id': 25529, 'rank': 22, 'fitness': 0.6028278252491089, 'generation': 312}","{'id': 25529, 'rank': 23, 'fitness': 0.6028278252491089, 'generation': 312}","{'id': 25631, 'rank': 24, 'fitness': 0.4942862512718618, 'generation': 312}","{'id': 25610, 'rank': 25, 'fitness': 0.1793617186042672, 'generation': 312}","{'id': 25610, 'rank': 26, 'fitness': 0.1793617186042672, 'generation': 312}","{'id': 25640, 'rank': 27, 'fitness': 0.04968942877877319, 'generation': 312}","{'id': 25526, 'rank': 28, 'fitness': 0.03565045509749637, 'generation': 312}","{'id': 25607, 'rank': 29, 'fitness': 0.01798620996209155, 'generation': 312}","{'id': 25607, 'rank': 30, 'fitness': 0.01798620996209155, 'generation': 312}"
"{'id': 25729, 'rank': 1, 'fitness': 0.9820137900379085, 'generation': 313}","{'id': 25681, 'rank': 2, 'fitness': 0.9816235863081539, 'generation': 313}","{'id': 25720, 'rank': 3, 'fitness': 0.9815696407907353, 'generation': 313}","{'id': 25676, 'rank': 4, 'fitness': 0.981437388336814, 'generation': 313}","{'id': 25705, 'rank': 5, 'fitness': 0.9813465849541442, 'generation': 313}","{'id': 25584, 'rank': 6, 'fitness': 0.9812017093517607, 'generation': 313}","{'id': 25671, 'rank': 7, 'fitness': 0.981167639340726, 'generation': 313}","{'id': 25708, 'rank': 8, 'fitness': 0.9806459766186246, 'generation': 313}","{'id': 25708, 'rank': 9, 'fitness': 0.9806459766186246, 'generation': 313}","{'id': 25701, 'rank': 10, 'fitness': 0.9806315062218862, 'generation': 313}","{'id': 25654, 'rank': 11, 'fitness': 0.9805609296576087, 'generation': 313}","{'id': 25654, 'rank': 12, 'fitness': 0.9805609296576087, 'generation': 313}","{'id': 25616, 'rank': 13, 'fitness': 0.9800965596257162, 'generation': 313}","{'id': 25598, 'rank': 14, 'fitness': 0.9796420856076975, 'generation': 313}","{'id': 25695, 'rank': 15, 'fitness': 0.9788891680479451, 'generation': 313}","{'id': 25697, 'rank': 16, 'fitness': 0.9776964060499465, 'generation': 313}","{'id': 25717, 'rank': 17, 'fitness': 0.9775988199567698, 'generation': 313}","{'id': 25625, 'rank': 18, 'fitness': 0.9752143188294202, 'generation': 313}","{'id': 25672, 'rank': 19, 'fitness': 0.9744362068936501, 'generation': 313}","{'id': 25696, 'rank': 20, 'fitness': 0.9736959060153981, 'generation': 313}","{'id': 25529, 'rank': 21, 'fitness': 0.9716928732960112, 'generation': 313}","{'id': 25698, 'rank': 22, 'fitness': 0.9655681681114373, 'generation': 313}","{'id': 25610, 'rank': 23, 'fitness': 0.964336636318973, 'generation': 313}","{'id': 25607, 'rank': 24, 'fitness': 0.9522136263044035, 'generation': 313}","{'id': 25607, 'rank': 25, 'fitness': 0.9522136263044035, 'generation': 313}","{'id': 25691, 'rank': 26, 'fitness': 0.8899490119837716, 'generation': 313}","{'id': 25656, 'rank': 27, 'fitness': 0.8863304329503177, 'generation': 313}","{'id': 25731, 'rank': 28, 'fitness': 0.8206036313436806, 'generation': 313}","{'id': 25662, 'rank': 29, 'fitness': 0.6931256391269524, 'generation': 313}","{'id': 25721, 'rank': 30, 'fitness': 0.01798620996209155, 'generation': 313}"
"{'id': 25766, 'rank': 1, 'fitness': 0.9820137900379085, 'generation': 314}","{'id': 25782, 'rank': 2, 'fitness': 0.9814965122735435, 'generation': 314}","{'id': 25823, 'rank': 3, 'fitness': 0.9812287618712705, 'generation': 314}","{'id': 25720, 'rank': 4, 'fitness': 0.9810301616264812, 'generation': 314}","{'id': 25741, 'rank': 5, 'fitness': 0.9799975410599298, 'generation': 314}","{'id': 25790, 'rank': 6, 'fitness': 0.9796335159955778, 'generation': 314}","{'id': 25584, 'rank': 7, 'fitness': 0.9793838323265249, 'generation': 314}","{'id': 25821, 'rank': 8, 'fitness': 0.9793537904938578, 'generation': 314}","{'id': 25671, 'rank': 9, 'fitness': 0.9792261691428688, 'generation': 314}","{'id': 25745, 'rank': 10, 'fitness': 0.9777304526038194, 'generation': 314}","{'id': 25760, 'rank': 11, 'fitness': 0.9771902800056155, 'generation': 314}","{'id': 25708, 'rank': 12, 'fitness': 0.9766981906779031, 'generation': 314}","{'id': 25701, 'rank': 13, 'fitness': 0.9766249601469362, 'generation': 314}","{'id': 25776, 'rank': 14, 'fitness': 0.9741461290857181, 'generation': 314}","{'id': 25806, 'rank': 15, 'fitness': 0.9669893702871241, 'generation': 314}","{'id': 25755, 'rank': 16, 'fitness': 0.9603148527148381, 'generation': 314}","{'id': 25789, 'rank': 17, 'fitness': 0.9468553002142098, 'generation': 314}","{'id': 25824, 'rank': 18, 'fitness': 0.9398176285721014, 'generation': 314}","{'id': 25800, 'rank': 19, 'fitness': 0.9360915332706998, 'generation': 314}","{'id': 25800, 'rank': 20, 'fitness': 0.9360915332706998, 'generation': 314}","{'id': 25625, 'rank': 21, 'fitness': 0.9352019420691344, 'generation': 314}","{'id': 25799, 'rank': 22, 'fitness': 0.917810131802888, 'generation': 314}","{'id': 25798, 'rank': 23, 'fitness': 0.8467651478856308, 'generation': 314}","{'id': 25764, 'rank': 24, 'fitness': 0.695753750938467, 'generation': 314}","{'id': 25750, 'rank': 25, 'fitness': 0.5688537037472344, 'generation': 314}","{'id': 25607, 'rank': 26, 'fitness': 0.4505546919301814, 'generation': 314}","{'id': 25736, 'rank': 27, 'fitness': 0.3717383696681727, 'generation': 314}","{'id': 25748, 'rank': 28, 'fitness': 0.27747076176399477, 'generation': 314}","{'id': 25815, 'rank': 29, 'fitness': 0.2144924255136748, 'generation': 314}","{'id': 25691, 'rank': 30, 'fitness': 0.01798620996209155, 'generation': 314}"
"{'id': 25858, 'rank': 1, 'fitness': 0.9820137900379085, 'generation': 315}","{'id': 25871, 'rank': 2, 'fitness': 0.9799398599687282, 'generation': 315}","{'id': 25871, 'rank': 3, 'fitness': 0.9799398599687282, 'generation': 315}","{'id': 25584, 'rank': 4, 'fitness': 0.9797965247725231, 'generation': 315}","{'id': 25843, 'rank': 5, 'fitness': 0.9796165007057462, 'generation': 315}","{'id': 25873, 'rank': 6, 'fitness': 0.9786619944206215, 'generation': 315}","{'id': 25882, 'rank': 7, 'fitness': 0.9784414871661435, 'generation': 315}","{'id': 25708, 'rank': 8, 'fitness': 0.977682628656878, 'generation': 315}","{'id': 25835, 'rank': 9, 'fitness': 0.9764916518532374, 'generation': 315}","{'id': 25835, 'rank': 10, 'fitness': 0.9764916518532374, 'generation': 315}","{'id': 25886, 'rank': 11, 'fitness': 0.973658980395342, 'generation': 315}","{'id': 25886, 'rank': 12, 'fitness': 0.973658980395342, 'generation': 315}","{'id': 25886, 'rank': 13, 'fitness': 0.973658980395342, 'generation': 315}","{'id': 25851, 'rank': 14, 'fitness': 0.9722993225946625, 'generation': 315}","{'id': 25851, 'rank': 15, 'fitness': 0.9722993225946625, 'generation': 315}","{'id': 25806, 'rank': 16, 'fitness': 0.9703693957401638, 'generation': 315}","{'id': 25830, 'rank': 17, 'fitness': 0.9638304238972261, 'generation': 315}","{'id': 25884, 'rank': 18, 'fitness': 0.9615145524831721, 'generation': 315}","{'id': 25889, 'rank': 19, 'fitness': 0.9593759919829449, 'generation': 315}","{'id': 25840, 'rank': 20, 'fitness': 0.9487539055699561, 'generation': 315}","{'id': 25625, 'rank': 21, 'fitness': 0.9485360348577372, 'generation': 315}","{'id': 25625, 'rank': 22, 'fitness': 0.9485360348577372, 'generation': 315}","{'id': 25856, 'rank': 23, 'fitness': 0.8590909358663736, 'generation': 315}","{'id': 25839, 'rank': 24, 'fitness': 0.8111445162169009, 'generation': 315}","{'id': 25764, 'rank': 25, 'fitness': 0.8050189508638936, 'generation': 315}","{'id': 25876, 'rank': 26, 'fitness': 0.7537211284003343, 'generation': 315}","{'id': 25607, 'rank': 27, 'fitness': 0.6422465278643875, 'generation': 315}","{'id': 25893, 'rank': 28, 'fitness': 0.5677942270181301, 'generation': 315}","{'id': 25893, 'rank': 29, 'fitness': 0.5677942270181301, 'generation': 315}","{'id': 25831, 'rank': 30, 'fitness': 0.01798620996209155, 'generation': 315}"
"{'id': 25898, 'rank': 1, 'fitness': 0.9820137900379085, 'generation': 316}","{'id': 25923, 'rank': 2, 'fitness': 0.9819721944224546, 'generation': 316}","{'id': 25924, 'rank': 3, 'fitness': 0.9818832592982987, 'generation': 316}","{'id': 25910, 'rank': 4, 'fitness': 0.9818724300710505, 'generation': 316}","{'id': 25906, 'rank': 5, 'fitness': 0.9818667788324127, 'generation': 316}","{'id': 25964, 'rank': 6, 'fitness': 0.9818348545016167, 'generation': 316}","{'id': 25933, 'rank': 7, 'fitness': 0.9818127640602574, 'generation': 316}","{'id': 25843, 'rank': 8, 'fitness': 0.9818092940479626, 'generation': 316}","{'id': 25972, 'rank': 9, 'fitness': 0.9817801450674158, 'generation': 316}","{'id': 25708, 'rank': 10, 'fitness': 0.9815926660487819, 'generation': 316}","{'id': 25886, 'rank': 11, 'fitness': 0.981188703474092, 'generation': 316}","{'id': 25851, 'rank': 12, 'fitness': 0.9810639870786694, 'generation': 316}","{'id': 25851, 'rank': 13, 'fitness': 0.9810639870786694, 'generation': 316}","{'id': 25948, 'rank': 14, 'fitness': 0.9810602784003506, 'generation': 316}","{'id': 25951, 'rank': 15, 'fitness': 0.9807296343293899, 'generation': 316}","{'id': 25939, 'rank': 16, 'fitness': 0.9804735982822594, 'generation': 316}","{'id': 25830, 'rank': 17, 'fitness': 0.9803859343348038, 'generation': 316}","{'id': 25625, 'rank': 18, 'fitness': 0.9794412995576622, 'generation': 316}","{'id': 25625, 'rank': 19, 'fitness': 0.9794412995576622, 'generation': 316}","{'id': 25953, 'rank': 20, 'fitness': 0.978562246875103, 'generation': 316}","{'id': 25959, 'rank': 21, 'fitness': 0.9779828706474121, 'generation': 316}","{'id': 25959, 'rank': 22, 'fitness': 0.9779828706474121, 'generation': 316}","{'id': 25856, 'rank': 23, 'fitness': 0.9763314529530149, 'generation': 316}","{'id': 25839, 'rank': 24, 'fitness': 0.9752542583895738, 'generation': 316}","{'id': 25607, 'rank': 25, 'fitness': 0.9723600032482023, 'generation': 316}","{'id': 25929, 'rank': 26, 'fitness': 0.9693045603254836, 'generation': 316}","{'id': 25896, 'rank': 27, 'fitness': 0.9481690589801, 'generation': 316}","{'id': 25921, 'rank': 28, 'fitness': 0.8815543675645032, 'generation': 316}","{'id': 25921, 'rank': 29, 'fitness': 0.8815543675645032, 'generation': 316}","{'id': 25920, 'rank': 30, 'fitness': 0.01798620996209155, 'generation': 316}"
"{'id': 26013, 'rank': 1, 'fitness': 0.9820137900379085, 'generation': 317}","{'id': 26042, 'rank': 2, 'fitness': 0.9818253596981652, 'generation': 317}","{'id': 26043, 'rank': 3, 'fitness': 0.9818202278169442, 'generation': 317}","{'id': 25984, 'rank': 4, 'fitness': 0.9815878493402654, 'generation': 317}","{'id': 26031, 'rank': 5, 'fitness': 0.9815119781274562, 'generation': 317}","{'id': 26014, 'rank': 6, 'fitness': 0.9813697534103035, 'generation': 317}","{'id': 25977, 'rank': 7, 'fitness': 0.9813539707858068, 'generation': 317}","{'id': 25977, 'rank': 8, 'fitness': 0.9813539707858068, 'generation': 317}","{'id': 26055, 'rank': 9, 'fitness': 0.9808630044149311, 'generation': 317}","{'id': 25990, 'rank': 10, 'fitness': 0.9805993581211017, 'generation': 317}","{'id': 26021, 'rank': 11, 'fitness': 0.9804986639970257, 'generation': 317}","{'id': 26030, 'rank': 12, 'fitness': 0.9802738841050369, 'generation': 317}","{'id': 25948, 'rank': 13, 'fitness': 0.980039524815356, 'generation': 317}","{'id': 26017, 'rank': 14, 'fitness': 0.9790302048917009, 'generation': 317}","{'id': 26015, 'rank': 15, 'fitness': 0.9789196694601368, 'generation': 317}","{'id': 25976, 'rank': 16, 'fitness': 0.9771101423648765, 'generation': 317}","{'id': 26007, 'rank': 17, 'fitness': 0.9770926198487682, 'generation': 317}","{'id': 26061, 'rank': 18, 'fitness': 0.975100655959482, 'generation': 317}","{'id': 26048, 'rank': 19, 'fitness': 0.973473713202005, 'generation': 317}","{'id': 25959, 'rank': 20, 'fitness': 0.972770951234606, 'generation': 317}","{'id': 25839, 'rank': 21, 'fitness': 0.9653897683111686, 'generation': 317}","{'id': 25839, 'rank': 22, 'fitness': 0.9653897683111686, 'generation': 317}","{'id': 26049, 'rank': 23, 'fitness': 0.9653412068913803, 'generation': 317}","{'id': 26032, 'rank': 24, 'fitness': 0.9623801476913806, 'generation': 317}","{'id': 26033, 'rank': 25, 'fitness': 0.9579923614876924, 'generation': 317}","{'id': 26036, 'rank': 26, 'fitness': 0.9527500965369737, 'generation': 317}","{'id': 26036, 'rank': 27, 'fitness': 0.9527500965369737, 'generation': 317}","{'id': 26002, 'rank': 28, 'fitness': 0.847657765626228, 'generation': 317}","{'id': 26053, 'rank': 29, 'fitness': 0.01798620996209155, 'generation': 317}","{'id': 26053, 'rank': 30, 'fitness': 0.01798620996209155, 'generation': 317}"
"{'id': 26150, 'rank': 1, 'fitness': 0.9820137900379085, 'generation': 318}","{'id': 26013, 'rank': 2, 'fitness': 0.9816503924723611, 'generation': 318}","{'id': 26013, 'rank': 3, 'fitness': 0.9816503924723611, 'generation': 318}","{'id': 26088, 'rank': 4, 'fitness': 0.9816415324376495, 'generation': 318}","{'id': 26130, 'rank': 5, 'fitness': 0.98152197275329, 'generation': 318}","{'id': 26123, 'rank': 6, 'fitness': 0.9813258191740788, 'generation': 318}","{'id': 26042, 'rank': 7, 'fitness': 0.9813134383137528, 'generation': 318}","{'id': 26087, 'rank': 8, 'fitness': 0.9812598536597046, 'generation': 318}","{'id': 25984, 'rank': 9, 'fitness': 0.980885067110197, 'generation': 318}","{'id': 26131, 'rank': 10, 'fitness': 0.980306043600492, 'generation': 318}","{'id': 26080, 'rank': 11, 'fitness': 0.9797419340969027, 'generation': 318}","{'id': 26086, 'rank': 12, 'fitness': 0.9797016674365109, 'generation': 318}","{'id': 26086, 'rank': 13, 'fitness': 0.9797016674365109, 'generation': 318}","{'id': 25990, 'rank': 14, 'fitness': 0.9790588967735406, 'generation': 318}","{'id': 26078, 'rank': 15, 'fitness': 0.9790462563181153, 'generation': 318}","{'id': 26021, 'rank': 16, 'fitness': 0.978868983037487, 'generation': 318}","{'id': 26107, 'rank': 17, 'fitness': 0.9784133435042955, 'generation': 318}","{'id': 26109, 'rank': 18, 'fitness': 0.9780821202457376, 'generation': 318}","{'id': 26114, 'rank': 19, 'fitness': 0.977428902099073, 'generation': 318}","{'id': 26081, 'rank': 20, 'fitness': 0.9746782989225836, 'generation': 318}","{'id': 26143, 'rank': 21, 'fitness': 0.9722700449403556, 'generation': 318}","{'id': 26075, 'rank': 22, 'fitness': 0.9687285410938271, 'generation': 318}","{'id': 26099, 'rank': 23, 'fitness': 0.9672436749461704, 'generation': 318}","{'id': 26144, 'rank': 24, 'fitness': 0.9525432583926055, 'generation': 318}","{'id': 26049, 'rank': 25, 'fitness': 0.942888001680606, 'generation': 318}","{'id': 26049, 'rank': 26, 'fitness': 0.942888001680606, 'generation': 318}","{'id': 26073, 'rank': 27, 'fitness': 0.9086639625038111, 'generation': 318}","{'id': 26036, 'rank': 28, 'fitness': 0.9037565912805878, 'generation': 318}","{'id': 26036, 'rank': 29, 'fitness': 0.9037565912805878, 'generation': 318}","{'id': 26067, 'rank': 30, 'fitness': 0.01798620996209155, 'generation': 318}"
"{'id': 26160, 'rank': 1, 'fitness': 0.9820137900379085, 'generation': 319}","{'id': 26225, 'rank': 2, 'fitness': 0.9806404627343257, 'generation': 319}","{'id': 26042, 'rank': 3, 'fitness': 0.979938286071117, 'generation': 319}","{'id': 26176, 'rank': 4, 'fitness': 0.9798878355717295, 'generation': 319}","{'id': 26179, 'rank': 5, 'fitness': 0.9788446704774919, 'generation': 319}","{'id': 26191, 'rank': 6, 'fitness': 0.977878548890365, 'generation': 319}","{'id': 26183, 'rank': 7, 'fitness': 0.9777630659172978, 'generation': 319}","{'id': 26159, 'rank': 8, 'fitness': 0.9776180679719082, 'generation': 319}","{'id': 26153, 'rank': 9, 'fitness': 0.9755751770997241, 'generation': 319}","{'id': 26153, 'rank': 10, 'fitness': 0.9755751770997241, 'generation': 319}","{'id': 26086, 'rank': 11, 'fitness': 0.9743341393555643, 'generation': 319}","{'id': 26180, 'rank': 12, 'fitness': 0.9739671246137127, 'generation': 319}","{'id': 26239, 'rank': 13, 'fitness': 0.9705890430383002, 'generation': 319}","{'id': 26107, 'rank': 14, 'fitness': 0.9691958459251577, 'generation': 319}","{'id': 26114, 'rank': 15, 'fitness': 0.9648578659340572, 'generation': 319}","{'id': 26211, 'rank': 16, 'fitness': 0.9628876415805749, 'generation': 319}","{'id': 26197, 'rank': 17, 'fitness': 0.9574936272591017, 'generation': 319}","{'id': 26200, 'rank': 18, 'fitness': 0.9460017065815391, 'generation': 319}","{'id': 26231, 'rank': 19, 'fitness': 0.94271152928781, 'generation': 319}","{'id': 26208, 'rank': 20, 'fitness': 0.9423025892603294, 'generation': 319}","{'id': 26232, 'rank': 21, 'fitness': 0.9234872561676027, 'generation': 319}","{'id': 26172, 'rank': 22, 'fitness': 0.7787612755675131, 'generation': 319}","{'id': 26144, 'rank': 23, 'fitness': 0.7340625322298533, 'generation': 319}","{'id': 26073, 'rank': 24, 'fitness': 0.2532044599449775, 'generation': 319}","{'id': 26188, 'rank': 25, 'fitness': 0.23882628807964107, 'generation': 319}","{'id': 26188, 'rank': 26, 'fitness': 0.23882628807964107, 'generation': 319}","{'id': 26036, 'rank': 27, 'fitness': 0.22198662859048385, 'generation': 319}","{'id': 26174, 'rank': 28, 'fitness': 0.18876831213552353, 'generation': 319}","{'id': 26174, 'rank': 29, 'fitness': 0.18876831213552353, 'generation': 319}","{'id': 26186, 'rank': 30, 'fitness': 0.01798620996209155, 'generation': 319}"
"{'id': 26251, 'rank': 1, 'fitness': 0.9820137900379085, 'generation': 320}","{'id': 26160, 'rank': 2, 'fitness': 0.9816180202336041, 'generation': 320}","{'id': 26250, 'rank': 3, 'fitness': 0.98146583551314, 'generation': 320}","{'id': 26307, 'rank': 4, 'fitness': 0.9811245686960723, 'generation': 320}","{'id': 26310, 'rank': 5, 'fitness': 0.9810720735792362, 'generation': 320}","{'id': 26310, 'rank': 6, 'fitness': 0.9810720735792362, 'generation': 320}","{'id': 26310, 'rank': 7, 'fitness': 0.9810720735792362, 'generation': 320}","{'id': 26248, 'rank': 8, 'fitness': 0.9810402687691616, 'generation': 320}","{'id': 26266, 'rank': 9, 'fitness': 0.9803911170053754, 'generation': 320}","{'id': 26275, 'rank': 10, 'fitness': 0.9799252016585644, 'generation': 320}","{'id': 26302, 'rank': 11, 'fitness': 0.9795477659073417, 'generation': 320}","{'id': 26304, 'rank': 12, 'fitness': 0.978804971406432, 'generation': 320}","{'id': 26304, 'rank': 13, 'fitness': 0.978804971406432, 'generation': 320}","{'id': 26247, 'rank': 14, 'fitness': 0.9787764635750982, 'generation': 320}","{'id': 26159, 'rank': 15, 'fitness': 0.9787238270403188, 'generation': 320}","{'id': 26306, 'rank': 16, 'fitness': 0.9765537981910745, 'generation': 320}","{'id': 26253, 'rank': 17, 'fitness': 0.9752173819447613, 'generation': 320}","{'id': 26253, 'rank': 18, 'fitness': 0.9752173819447613, 'generation': 320}","{'id': 26253, 'rank': 19, 'fitness': 0.9752173819447613, 'generation': 320}","{'id': 26291, 'rank': 20, 'fitness': 0.9741731224252018, 'generation': 320}","{'id': 26258, 'rank': 21, 'fitness': 0.9699186276939461, 'generation': 320}","{'id': 26254, 'rank': 22, 'fitness': 0.9635716221441051, 'generation': 320}","{'id': 26256, 'rank': 23, 'fitness': 0.9632892426631422, 'generation': 320}","{'id': 26200, 'rank': 24, 'fitness': 0.9615031589020229, 'generation': 320}","{'id': 26289, 'rank': 25, 'fitness': 0.9606268530077443, 'generation': 320}","{'id': 26289, 'rank': 26, 'fitness': 0.9606268530077443, 'generation': 320}","{'id': 26286, 'rank': 27, 'fitness': 0.9320911352781306, 'generation': 320}","{'id': 26282, 'rank': 28, 'fitness': 0.6085782277578681, 'generation': 320}","{'id': 26186, 'rank': 29, 'fitness': 0.20256939591270595, 'generation': 320}","{'id': 26243, 'rank': 30, 'fitness': 0.01798620996209155, 'generation': 320}"
"{'id': 26371, 'rank': 1, 'fitness': 0.9820137900379085, 'generation': 321}","{'id': 26251, 'rank': 2, 'fitness': 0.9819706008958194, 'generation': 321}","{'id': 26321, 'rank': 3, 'fitness': 0.9812888035453629, 'generation': 321}","{'id': 26347, 'rank': 4, 'fitness': 0.9805454096912993, 'generation': 321}","{'id': 26347, 'rank': 5, 'fitness': 0.9805454096912993, 'generation': 321}","{'id': 26354, 'rank': 6, 'fitness': 0.9800644594740295, 'generation': 321}","{'id': 26380, 'rank': 7, 'fitness': 0.979753388264399, 'generation': 321}","{'id': 26368, 'rank': 8, 'fitness': 0.9780930550840626, 'generation': 321}","{'id': 26339, 'rank': 9, 'fitness': 0.9778998940485606, 'generation': 321}","{'id': 26312, 'rank': 10, 'fitness': 0.9769475437885908, 'generation': 321}","{'id': 26365, 'rank': 11, 'fitness': 0.9764720181223058, 'generation': 321}","{'id': 26365, 'rank': 12, 'fitness': 0.9764720181223058, 'generation': 321}","{'id': 26378, 'rank': 13, 'fitness': 0.9763615148926656, 'generation': 321}","{'id': 26335, 'rank': 14, 'fitness': 0.9762628223319372, 'generation': 321}","{'id': 26326, 'rank': 15, 'fitness': 0.975096001784468, 'generation': 321}","{'id': 26302, 'rank': 16, 'fitness': 0.9738808609221073, 'generation': 321}","{'id': 26356, 'rank': 17, 'fitness': 0.9738292935842021, 'generation': 321}","{'id': 26330, 'rank': 18, 'fitness': 0.972499091660627, 'generation': 321}","{'id': 26367, 'rank': 19, 'fitness': 0.9724361976519034, 'generation': 321}","{'id': 26327, 'rank': 20, 'fitness': 0.9723590322797915, 'generation': 321}","{'id': 26304, 'rank': 21, 'fitness': 0.9710619604203784, 'generation': 321}","{'id': 26355, 'rank': 22, 'fitness': 0.9700888671053611, 'generation': 321}","{'id': 26344, 'rank': 23, 'fitness': 0.9693358651003594, 'generation': 321}","{'id': 26343, 'rank': 24, 'fitness': 0.964761767870391, 'generation': 321}","{'id': 26343, 'rank': 25, 'fitness': 0.964761767870391, 'generation': 321}","{'id': 26364, 'rank': 26, 'fitness': 0.9425842449169471, 'generation': 321}","{'id': 26254, 'rank': 27, 'fitness': 0.870035103889272, 'generation': 321}","{'id': 26289, 'rank': 28, 'fitness': 0.8412495120932106, 'generation': 321}","{'id': 26349, 'rank': 29, 'fitness': 0.4692575507332632, 'generation': 321}","{'id': 26359, 'rank': 30, 'fitness': 0.01798620996209155, 'generation': 321}"
"{'id': 26321, 'rank': 1, 'fitness': 0.9820137900379085, 'generation': 322}","{'id': 26321, 'rank': 2, 'fitness': 0.9820137900379085, 'generation': 322}","{'id': 26445, 'rank': 3, 'fitness': 0.9816207245842361, 'generation': 322}","{'id': 26458, 'rank': 4, 'fitness': 0.9813277855971378, 'generation': 322}","{'id': 26458, 'rank': 5, 'fitness': 0.9813277855971378, 'generation': 322}","{'id': 26405, 'rank': 6, 'fitness': 0.9808268446229034, 'generation': 322}","{'id': 26394, 'rank': 7, 'fitness': 0.9807689566868127, 'generation': 322}","{'id': 26448, 'rank': 8, 'fitness': 0.9806597846448423, 'generation': 322}","{'id': 26365, 'rank': 9, 'fitness': 0.9805634102441656, 'generation': 322}","{'id': 26326, 'rank': 10, 'fitness': 0.9801848931573605, 'generation': 322}","{'id': 26414, 'rank': 11, 'fitness': 0.9801660165612063, 'generation': 322}","{'id': 26414, 'rank': 12, 'fitness': 0.9801660165612063, 'generation': 322}","{'id': 26406, 'rank': 13, 'fitness': 0.9801184042242495, 'generation': 322}","{'id': 26436, 'rank': 14, 'fitness': 0.9800217076557214, 'generation': 322}","{'id': 26356, 'rank': 15, 'fitness': 0.979848138577019, 'generation': 322}","{'id': 26356, 'rank': 16, 'fitness': 0.979848138577019, 'generation': 322}","{'id': 26473, 'rank': 17, 'fitness': 0.9797227617057889, 'generation': 322}","{'id': 26407, 'rank': 18, 'fitness': 0.9796967059878333, 'generation': 322}","{'id': 26447, 'rank': 19, 'fitness': 0.9793074938174152, 'generation': 322}","{'id': 26447, 'rank': 20, 'fitness': 0.9793074938174152, 'generation': 322}","{'id': 26344, 'rank': 21, 'fitness': 0.978731312146106, 'generation': 322}","{'id': 26395, 'rank': 22, 'fitness': 0.9778076130540188, 'generation': 322}","{'id': 26430, 'rank': 23, 'fitness': 0.9773874319582896, 'generation': 322}","{'id': 26472, 'rank': 24, 'fitness': 0.9702410705224296, 'generation': 322}","{'id': 26463, 'rank': 25, 'fitness': 0.9702117855415069, 'generation': 322}","{'id': 26416, 'rank': 26, 'fitness': 0.9577870212891768, 'generation': 322}","{'id': 26452, 'rank': 27, 'fitness': 0.954621846647999, 'generation': 322}","{'id': 26469, 'rank': 28, 'fitness': 0.9442486080738879, 'generation': 322}","{'id': 26426, 'rank': 29, 'fitness': 0.04450520356924631, 'generation': 322}","{'id': 26415, 'rank': 30, 'fitness': 0.01798620996209155, 'generation': 322}"
"{'id': 26495, 'rank': 1, 'fitness': 0.9820137900379085, 'generation': 323}","{'id': 26488, 'rank': 2, 'fitness': 0.981793762491294, 'generation': 323}","{'id': 26537, 'rank': 3, 'fitness': 0.9817226799727674, 'generation': 323}","{'id': 26533, 'rank': 4, 'fitness': 0.9814267656620936, 'generation': 323}","{'id': 26511, 'rank': 5, 'fitness': 0.9812359915337293, 'generation': 323}","{'id': 26480, 'rank': 6, 'fitness': 0.9812335434123962, 'generation': 323}","{'id': 26480, 'rank': 7, 'fitness': 0.9812335434123962, 'generation': 323}","{'id': 26503, 'rank': 8, 'fitness': 0.981214600824823, 'generation': 323}","{'id': 26503, 'rank': 9, 'fitness': 0.981214600824823, 'generation': 323}","{'id': 26405, 'rank': 10, 'fitness': 0.9809048203213275, 'generation': 323}","{'id': 26517, 'rank': 11, 'fitness': 0.9808908460539152, 'generation': 323}","{'id': 26394, 'rank': 12, 'fitness': 0.9808471329797015, 'generation': 323}","{'id': 26522, 'rank': 13, 'fitness': 0.9808179069473539, 'generation': 323}","{'id': 26414, 'rank': 14, 'fitness': 0.9802462752808743, 'generation': 323}","{'id': 26447, 'rank': 15, 'fitness': 0.9793906964261381, 'generation': 323}","{'id': 26519, 'rank': 16, 'fitness': 0.9788437399446641, 'generation': 323}","{'id': 26512, 'rank': 17, 'fitness': 0.9786280236583861, 'generation': 323}","{'id': 26512, 'rank': 18, 'fitness': 0.9786280236583861, 'generation': 323}","{'id': 26506, 'rank': 19, 'fitness': 0.9785070963241818, 'generation': 323}","{'id': 26554, 'rank': 20, 'fitness': 0.9780781116038069, 'generation': 323}","{'id': 26430, 'rank': 21, 'fitness': 0.977477131930653, 'generation': 323}","{'id': 26514, 'rank': 22, 'fitness': 0.9770471047727646, 'generation': 323}","{'id': 26521, 'rank': 23, 'fitness': 0.976281745529711, 'generation': 323}","{'id': 26505, 'rank': 24, 'fitness': 0.9734549444327214, 'generation': 323}","{'id': 26472, 'rank': 25, 'fitness': 0.9703540123368393, 'generation': 323}","{'id': 26472, 'rank': 26, 'fitness': 0.9703540123368393, 'generation': 323}","{'id': 26463, 'rank': 27, 'fitness': 0.9703248198151343, 'generation': 323}","{'id': 26538, 'rank': 28, 'fitness': 0.9653943798714261, 'generation': 323}","{'id': 26476, 'rank': 29, 'fitness': 0.8419170024902636, 'generation': 323}","{'id': 26415, 'rank': 30, 'fitness': 0.01798620996209155, 'generation': 323}"
"{'id': 26635, 'rank': 1, 'fitness': 0.9820137900379085, 'generation': 324}","{'id': 26634, 'rank': 2, 'fitness': 0.9808786269258571, 'generation': 324}","{'id': 26646, 'rank': 3, 'fitness': 0.9775182058778672, 'generation': 324}","{'id': 26646, 'rank': 4, 'fitness': 0.9775182058778672, 'generation': 324}","{'id': 26595, 'rank': 5, 'fitness': 0.9768708088068118, 'generation': 324}","{'id': 26618, 'rank': 6, 'fitness': 0.9747264213529102, 'generation': 324}","{'id': 26511, 'rank': 7, 'fitness': 0.9732859136907421, 'generation': 324}","{'id': 26480, 'rank': 8, 'fitness': 0.9732649701521124, 'generation': 324}","{'id': 26596, 'rank': 9, 'fitness': 0.9726082920410823, 'generation': 324}","{'id': 26614, 'rank': 10, 'fitness': 0.9680698058800051, 'generation': 324}","{'id': 26619, 'rank': 11, 'fitness': 0.9662261567771009, 'generation': 324}","{'id': 26588, 'rank': 12, 'fitness': 0.9630950706322312, 'generation': 324}","{'id': 26631, 'rank': 13, 'fitness': 0.9586950627685469, 'generation': 324}","{'id': 26447, 'rank': 14, 'fitness': 0.9532920331774211, 'generation': 324}","{'id': 26617, 'rank': 15, 'fitness': 0.9520282725935287, 'generation': 324}","{'id': 26582, 'rank': 16, 'fitness': 0.9503409453819845, 'generation': 324}","{'id': 26512, 'rank': 17, 'fitness': 0.9421995238404408, 'generation': 324}","{'id': 26628, 'rank': 18, 'fitness': 0.9421318206085392, 'generation': 324}","{'id': 26430, 'rank': 19, 'fitness': 0.9217556911295645, 'generation': 324}","{'id': 26584, 'rank': 20, 'fitness': 0.9175460566125703, 'generation': 324}","{'id': 26630, 'rank': 21, 'fitness': 0.9172879858110357, 'generation': 324}","{'id': 26521, 'rank': 22, 'fitness': 0.895279944339223, 'generation': 324}","{'id': 26576, 'rank': 23, 'fitness': 0.7789434401758005, 'generation': 324}","{'id': 26472, 'rank': 24, 'fitness': 0.6809067297991663, 'generation': 324}","{'id': 26472, 'rank': 25, 'fitness': 0.6809067297991663, 'generation': 324}","{'id': 26463, 'rank': 26, 'fitness': 0.6795705872517972, 'generation': 324}","{'id': 26574, 'rank': 27, 'fitness': 0.6736426900181055, 'generation': 324}","{'id': 26589, 'rank': 28, 'fitness': 0.30138020820290967, 'generation': 324}","{'id': 26601, 'rank': 29, 'fitness': 0.02531730903088497, 'generation': 324}","{'id': 26602, 'rank': 30, 'fitness': 0.01798620996209155, 'generation': 324}"
"{'id': 26686, 'rank': 1, 'fitness': 0.9820137900379085, 'generation': 325}","{'id': 26724, 'rank': 2, 'fitness': 0.9819798722159616, 'generation': 325}","{'id': 26688, 'rank': 3, 'fitness': 0.9819481566064816, 'generation': 325}","{'id': 26646, 'rank': 4, 'fitness': 0.9819217888467675, 'generation': 325}","{'id': 26713, 'rank': 5, 'fitness': 0.9819038885446908, 'generation': 325}","{'id': 26709, 'rank': 6, 'fitness': 0.981813954191022, 'generation': 325}","{'id': 26675, 'rank': 7, 'fitness': 0.9817630786377076, 'generation': 325}","{'id': 26614, 'rank': 8, 'fitness': 0.9817454743197827, 'generation': 325}","{'id': 26655, 'rank': 9, 'fitness': 0.9817072299205021, 'generation': 325}","{'id': 26588, 'rank': 10, 'fitness': 0.9816716548004212, 'generation': 325}","{'id': 26660, 'rank': 11, 'fitness': 0.9816234906170027, 'generation': 325}","{'id': 26447, 'rank': 12, 'fitness': 0.981550010532844, 'generation': 325}","{'id': 26447, 'rank': 13, 'fitness': 0.981550010532844, 'generation': 325}","{'id': 26628, 'rank': 14, 'fitness': 0.9814374520173861, 'generation': 325}","{'id': 26665, 'rank': 15, 'fitness': 0.9813107925535326, 'generation': 325}","{'id': 26584, 'rank': 16, 'fitness': 0.9812464387689274, 'generation': 325}","{'id': 26521, 'rank': 17, 'fitness': 0.9811129773257738, 'generation': 325}","{'id': 26701, 'rank': 18, 'fitness': 0.9807735612894812, 'generation': 325}","{'id': 26679, 'rank': 19, 'fitness': 0.9806998887549891, 'generation': 325}","{'id': 26472, 'rank': 20, 'fitness': 0.9803948161269476, 'generation': 325}","{'id': 26463, 'rank': 21, 'fitness': 0.9803915788326831, 'generation': 325}","{'id': 26463, 'rank': 22, 'fitness': 0.9803915788326831, 'generation': 325}","{'id': 26589, 'rank': 23, 'fitness': 0.9795343922684675, 'generation': 325}","{'id': 26695, 'rank': 24, 'fitness': 0.9792785482215941, 'generation': 325}","{'id': 26681, 'rank': 25, 'fitness': 0.9792258462822105, 'generation': 325}","{'id': 26662, 'rank': 26, 'fitness': 0.9792016348885016, 'generation': 325}","{'id': 26682, 'rank': 27, 'fitness': 0.9781403868935435, 'generation': 325}","{'id': 26668, 'rank': 28, 'fitness': 0.9746044187712769, 'generation': 325}","{'id': 26707, 'rank': 29, 'fitness': 0.8299562002429026, 'generation': 325}","{'id': 26696, 'rank': 30, 'fitness': 0.01798620996209155, 'generation': 325}"
"{'id': 26819, 'rank': 1, 'fitness': 0.9820137900379085, 'generation': 326}","{'id': 26821, 'rank': 2, 'fitness': 0.9809778307745969, 'generation': 326}","{'id': 26736, 'rank': 3, 'fitness': 0.9801431462315984, 'generation': 326}","{'id': 26776, 'rank': 4, 'fitness': 0.9774026790018935, 'generation': 326}","{'id': 26804, 'rank': 5, 'fitness': 0.9765785694699349, 'generation': 326}","{'id': 26803, 'rank': 6, 'fitness': 0.9763590083782923, 'generation': 326}","{'id': 26803, 'rank': 7, 'fitness': 0.9763590083782923, 'generation': 326}","{'id': 26813, 'rank': 8, 'fitness': 0.9761511550298428, 'generation': 326}","{'id': 26790, 'rank': 9, 'fitness': 0.9758188767671798, 'generation': 326}","{'id': 26801, 'rank': 10, 'fitness': 0.9722943538288844, 'generation': 326}","{'id': 26801, 'rank': 11, 'fitness': 0.9722943538288844, 'generation': 326}","{'id': 26747, 'rank': 12, 'fitness': 0.9716079633880311, 'generation': 326}","{'id': 26756, 'rank': 13, 'fitness': 0.9693351302817665, 'generation': 326}","{'id': 26675, 'rank': 14, 'fitness': 0.9655329089046385, 'generation': 326}","{'id': 26655, 'rank': 15, 'fitness': 0.9617875721603202, 'generation': 326}","{'id': 26785, 'rank': 16, 'fitness': 0.9414479123857258, 'generation': 326}","{'id': 26744, 'rank': 17, 'fitness': 0.9411729130475832, 'generation': 326}","{'id': 26744, 'rank': 18, 'fitness': 0.9411729130475832, 'generation': 326}","{'id': 26748, 'rank': 19, 'fitness': 0.939519001099598, 'generation': 326}","{'id': 26740, 'rank': 20, 'fitness': 0.9253867665230613, 'generation': 326}","{'id': 26807, 'rank': 21, 'fitness': 0.8943640307309605, 'generation': 326}","{'id': 26782, 'rank': 22, 'fitness': 0.8851409926464209, 'generation': 326}","{'id': 26782, 'rank': 23, 'fitness': 0.8851409926464209, 'generation': 326}","{'id': 26784, 'rank': 24, 'fitness': 0.8816309190928756, 'generation': 326}","{'id': 26808, 'rank': 25, 'fitness': 0.7902777560535504, 'generation': 326}","{'id': 26808, 'rank': 26, 'fitness': 0.7902777560535504, 'generation': 326}","{'id': 26731, 'rank': 27, 'fitness': 0.21985613845912128, 'generation': 326}","{'id': 26766, 'rank': 28, 'fitness': 0.1547626955714521, 'generation': 326}","{'id': 26772, 'rank': 29, 'fitness': 0.056845007036421535, 'generation': 326}","{'id': 26732, 'rank': 30, 'fitness': 0.01798620996209155, 'generation': 326}"
"{'id': 26819, 'rank': 1, 'fitness': 0.9820137900379085, 'generation': 327}","{'id': 26839, 'rank': 2, 'fitness': 0.9818183931780415, 'generation': 327}","{'id': 26878, 'rank': 3, 'fitness': 0.9809281985209608, 'generation': 327}","{'id': 26881, 'rank': 4, 'fitness': 0.9803069907016246, 'generation': 327}","{'id': 26858, 'rank': 5, 'fitness': 0.9776256293814216, 'generation': 327}","{'id': 26858, 'rank': 6, 'fitness': 0.9776256293814216, 'generation': 327}","{'id': 26803, 'rank': 7, 'fitness': 0.9752052377860314, 'generation': 327}","{'id': 26813, 'rank': 8, 'fitness': 0.9749492199315923, 'generation': 327}","{'id': 26893, 'rank': 9, 'fitness': 0.9738266468105452, 'generation': 327}","{'id': 26835, 'rank': 10, 'fitness': 0.9736108328975537, 'generation': 327}","{'id': 26833, 'rank': 11, 'fitness': 0.9733358050648295, 'generation': 327}","{'id': 26833, 'rank': 12, 'fitness': 0.9733358050648295, 'generation': 327}","{'id': 26801, 'rank': 13, 'fitness': 0.9701337870982782, 'generation': 327}","{'id': 26830, 'rank': 14, 'fitness': 0.9692854010214469, 'generation': 327}","{'id': 26828, 'rank': 15, 'fitness': 0.9635702639331533, 'generation': 327}","{'id': 26838, 'rank': 16, 'fitness': 0.958580132320048, 'generation': 327}","{'id': 26655, 'rank': 17, 'fitness': 0.9564854778122557, 'generation': 327}","{'id': 26785, 'rank': 18, 'fitness': 0.9284850519941257, 'generation': 327}","{'id': 26785, 'rank': 19, 'fitness': 0.9284850519941257, 'generation': 327}","{'id': 26744, 'rank': 20, 'fitness': 0.9280957276219455, 'generation': 327}","{'id': 26831, 'rank': 21, 'fitness': 0.9168628081221125, 'generation': 327}","{'id': 26831, 'rank': 22, 'fitness': 0.9168628081221125, 'generation': 327}","{'id': 26873, 'rank': 23, 'fitness': 0.8879090086178698, 'generation': 327}","{'id': 26807, 'rank': 24, 'fitness': 0.8593691080376825, 'generation': 327}","{'id': 26859, 'rank': 25, 'fitness': 0.8499114318110016, 'generation': 327}","{'id': 26808, 'rank': 26, 'fitness': 0.7024383505221444, 'generation': 327}","{'id': 26876, 'rank': 27, 'fitness': 0.6311996205686395, 'generation': 327}","{'id': 26731, 'rank': 28, 'fitness': 0.10085255930430259, 'generation': 327}","{'id': 26889, 'rank': 29, 'fitness': 0.02734071788541631, 'generation': 327}","{'id': 26772, 'rank': 30, 'fitness': 0.01798620996209155, 'generation': 327}"
"{'id': 26974, 'rank': 1, 'fitness': 0.9820137900379085, 'generation': 328}","{'id': 26878, 'rank': 2, 'fitness': 0.9819910583988747, 'generation': 328}","{'id': 26987, 'rank': 3, 'fitness': 0.9818844320706002, 'generation': 328}","{'id': 26934, 'rank': 4, 'fitness': 0.9818816301050897, 'generation': 328}","{'id': 26934, 'rank': 5, 'fitness': 0.9818816301050897, 'generation': 328}","{'id': 26858, 'rank': 6, 'fitness': 0.9818481489363153, 'generation': 328}","{'id': 26813, 'rank': 7, 'fitness': 0.9817460566919912, 'generation': 328}","{'id': 26950, 'rank': 8, 'fitness': 0.981745596009914, 'generation': 328}","{'id': 26833, 'rank': 9, 'fitness': 0.9816892921709341, 'generation': 328}","{'id': 26936, 'rank': 10, 'fitness': 0.9816215143942182, 'generation': 328}","{'id': 26801, 'rank': 11, 'fitness': 0.9815854568029025, 'generation': 328}","{'id': 26801, 'rank': 12, 'fitness': 0.9815854568029025, 'generation': 328}","{'id': 26828, 'rank': 13, 'fitness': 0.9814012548860687, 'generation': 328}","{'id': 26838, 'rank': 14, 'fitness': 0.9812805305201147, 'generation': 328}","{'id': 26976, 'rank': 15, 'fitness': 0.9812798143081605, 'generation': 328}","{'id': 26976, 'rank': 16, 'fitness': 0.9812798143081605, 'generation': 328}","{'id': 26940, 'rank': 17, 'fitness': 0.981242827158724, 'generation': 328}","{'id': 26937, 'rank': 18, 'fitness': 0.9810012076920313, 'generation': 328}","{'id': 26955, 'rank': 19, 'fitness': 0.980576208603068, 'generation': 328}","{'id': 26955, 'rank': 20, 'fitness': 0.980576208603068, 'generation': 328}","{'id': 26807, 'rank': 21, 'fitness': 0.9800341365507144, 'generation': 328}","{'id': 26913, 'rank': 22, 'fitness': 0.9788919654260453, 'generation': 328}","{'id': 26946, 'rank': 23, 'fitness': 0.9764214160526834, 'generation': 328}","{'id': 26915, 'rank': 24, 'fitness': 0.9741247710620795, 'generation': 328}","{'id': 26915, 'rank': 25, 'fitness': 0.9741247710620795, 'generation': 328}","{'id': 26980, 'rank': 26, 'fitness': 0.7801895549540889, 'generation': 328}","{'id': 26911, 'rank': 27, 'fitness': 0.5988429939348784, 'generation': 328}","{'id': 26957, 'rank': 28, 'fitness': 0.3635230093796108, 'generation': 328}","{'id': 26910, 'rank': 29, 'fitness': 0.01798620996209155, 'generation': 328}","{'id': 26910, 'rank': 30, 'fitness': 0.01798620996209155, 'generation': 328}"
"{'id': 26974, 'rank': 1, 'fitness': 0.9820137900379085, 'generation': 329}","{'id': 26934, 'rank': 2, 'fitness': 0.9817293104232974, 'generation': 329}","{'id': 26934, 'rank': 3, 'fitness': 0.9817293104232974, 'generation': 329}","{'id': 27028, 'rank': 4, 'fitness': 0.9817172471596485, 'generation': 329}","{'id': 27029, 'rank': 5, 'fitness': 0.9816964416544222, 'generation': 329}","{'id': 27029, 'rank': 6, 'fitness': 0.9816964416544222, 'generation': 329}","{'id': 27046, 'rank': 7, 'fitness': 0.9816719342460556, 'generation': 329}","{'id': 27047, 'rank': 8, 'fitness': 0.9814999994566698, 'generation': 329}","{'id': 26833, 'rank': 9, 'fitness': 0.9813111185200125, 'generation': 329}","{'id': 27022, 'rank': 10, 'fitness': 0.9812831753487009, 'generation': 329}","{'id': 26936, 'rank': 11, 'fitness': 0.9811625723163162, 'generation': 329}","{'id': 27019, 'rank': 12, 'fitness': 0.9811265092785275, 'generation': 329}","{'id': 27002, 'rank': 13, 'fitness': 0.9810922766664446, 'generation': 329}","{'id': 27002, 'rank': 14, 'fitness': 0.9810922766664446, 'generation': 329}","{'id': 27011, 'rank': 15, 'fitness': 0.9808600657365125, 'generation': 329}","{'id': 27037, 'rank': 16, 'fitness': 0.9805665039161015, 'generation': 329}","{'id': 27032, 'rank': 17, 'fitness': 0.9801506423455109, 'generation': 329}","{'id': 26999, 'rank': 18, 'fitness': 0.979534532635459, 'generation': 329}","{'id': 27049, 'rank': 19, 'fitness': 0.9793961821313605, 'generation': 329}","{'id': 27050, 'rank': 20, 'fitness': 0.9793187630098599, 'generation': 329}","{'id': 27045, 'rank': 21, 'fitness': 0.9755049821521597, 'generation': 329}","{'id': 26913, 'rank': 22, 'fitness': 0.9746692463242543, 'generation': 329}","{'id': 27056, 'rank': 23, 'fitness': 0.974583350088259, 'generation': 329}","{'id': 27030, 'rank': 24, 'fitness': 0.973872124415649, 'generation': 329}","{'id': 27044, 'rank': 25, 'fitness': 0.9707220080970719, 'generation': 329}","{'id': 27043, 'rank': 26, 'fitness': 0.9623093301638699, 'generation': 329}","{'id': 26988, 'rank': 27, 'fitness': 0.9553045444741199, 'generation': 329}","{'id': 27059, 'rank': 28, 'fitness': 0.939096409535997, 'generation': 329}","{'id': 26989, 'rank': 29, 'fitness': 0.08904463965669662, 'generation': 329}","{'id': 27005, 'rank': 30, 'fitness': 0.01798620996209155, 'generation': 329}"
"{'id': 26974, 'rank': 1, 'fitness': 0.9820137900379085, 'generation': 330}","{'id': 27129, 'rank': 2, 'fitness': 0.9819995633894517, 'generation': 330}","{'id': 27069, 'rank': 3, 'fitness': 0.9819809704372136, 'generation': 330}","{'id': 26934, 'rank': 4, 'fitness': 0.9819493924016431, 'generation': 330}","{'id': 26934, 'rank': 5, 'fitness': 0.9819493924016431, 'generation': 330}","{'id': 27029, 'rank': 6, 'fitness': 0.9819420009813671, 'generation': 330}","{'id': 27047, 'rank': 7, 'fitness': 0.9818980341469183, 'generation': 330}","{'id': 27047, 'rank': 8, 'fitness': 0.9818980341469183, 'generation': 330}","{'id': 27090, 'rank': 9, 'fitness': 0.9818874896680756, 'generation': 330}","{'id': 27112, 'rank': 10, 'fitness': 0.9818866853478756, 'generation': 330}","{'id': 27092, 'rank': 11, 'fitness': 0.9818829836739162, 'generation': 330}","{'id': 27110, 'rank': 12, 'fitness': 0.9818760203982978, 'generation': 330}","{'id': 27106, 'rank': 13, 'fitness': 0.9818546416906713, 'generation': 330}","{'id': 27022, 'rank': 14, 'fitness': 0.9818499142302841, 'generation': 330}","{'id': 27084, 'rank': 15, 'fitness': 0.9818312103979712, 'generation': 330}","{'id': 27116, 'rank': 16, 'fitness': 0.9817636302217122, 'generation': 330}","{'id': 27088, 'rank': 17, 'fitness': 0.9816844533098767, 'generation': 330}","{'id': 27109, 'rank': 18, 'fitness': 0.9816429133215275, 'generation': 330}","{'id': 27133, 'rank': 19, 'fitness': 0.9815792773935246, 'generation': 330}","{'id': 27091, 'rank': 20, 'fitness': 0.981470073748777, 'generation': 330}","{'id': 27119, 'rank': 21, 'fitness': 0.981391443292744, 'generation': 330}","{'id': 27076, 'rank': 22, 'fitness': 0.9813482559643814, 'generation': 330}","{'id': 27138, 'rank': 23, 'fitness': 0.9793295691529857, 'generation': 330}","{'id': 27043, 'rank': 24, 'fitness': 0.978687391055475, 'generation': 330}","{'id': 26988, 'rank': 25, 'fitness': 0.9778264552970236, 'generation': 330}","{'id': 27063, 'rank': 26, 'fitness': 0.9777777565614254, 'generation': 330}","{'id': 27059, 'rank': 27, 'fitness': 0.9761556214026574, 'generation': 330}","{'id': 27065, 'rank': 28, 'fitness': 0.9755930414397778, 'generation': 330}","{'id': 26989, 'rank': 29, 'fitness': 0.9282140623229087, 'generation': 330}","{'id': 27147, 'rank': 30, 'fitness': 0.01798620996209155, 'generation': 330}"
"{'id': 27213, 'rank': 1, 'fitness': 0.9820137900379085, 'generation': 331}","{'id': 27188, 'rank': 2, 'fitness': 0.9812506784087299, 'generation': 331}","{'id': 27047, 'rank': 3, 'fitness': 0.9810724994647475, 'generation': 331}","{'id': 27112, 'rank': 4, 'fitness': 0.9808344110746274, 'generation': 331}","{'id': 27092, 'rank': 5, 'fitness': 0.9807561517644421, 'generation': 331}","{'id': 27092, 'rank': 6, 'fitness': 0.9807561517644421, 'generation': 331}","{'id': 27179, 'rank': 7, 'fitness': 0.9804625213483866, 'generation': 331}","{'id': 27175, 'rank': 8, 'fitness': 0.9781016713581812, 'generation': 331}","{'id': 27171, 'rank': 9, 'fitness': 0.9781015881209698, 'generation': 331}","{'id': 27223, 'rank': 10, 'fitness': 0.9772257380182405, 'generation': 331}","{'id': 27216, 'rank': 11, 'fitness': 0.9769106814408355, 'generation': 331}","{'id': 27226, 'rank': 12, 'fitness': 0.9766041375722023, 'generation': 331}","{'id': 27214, 'rank': 13, 'fitness': 0.9746326701753173, 'generation': 331}","{'id': 27204, 'rank': 14, 'fitness': 0.9739857526472807, 'generation': 331}","{'id': 27169, 'rank': 15, 'fitness': 0.9695782896575313, 'generation': 331}","{'id': 27194, 'rank': 16, 'fitness': 0.9686758182037559, 'generation': 331}","{'id': 27194, 'rank': 17, 'fitness': 0.9686758182037559, 'generation': 331}","{'id': 27194, 'rank': 18, 'fitness': 0.9686758182037559, 'generation': 331}","{'id': 27168, 'rank': 19, 'fitness': 0.9673777410235366, 'generation': 331}","{'id': 27193, 'rank': 20, 'fitness': 0.9585867414602989, 'generation': 331}","{'id': 27165, 'rank': 21, 'fitness': 0.9546713046189801, 'generation': 331}","{'id': 27215, 'rank': 22, 'fitness': 0.9259484547137411, 'generation': 331}","{'id': 27244, 'rank': 23, 'fitness': 0.7792233994337913, 'generation': 331}","{'id': 26988, 'rank': 24, 'fitness': 0.4538122306100069, 'generation': 331}","{'id': 27155, 'rank': 25, 'fitness': 0.3870179739773073, 'generation': 331}","{'id': 27150, 'rank': 26, 'fitness': 0.2693492379271874, 'generation': 331}","{'id': 27150, 'rank': 27, 'fitness': 0.2693492379271874, 'generation': 331}","{'id': 27151, 'rank': 28, 'fitness': 0.18091109094975738, 'generation': 331}","{'id': 27059, 'rank': 29, 'fitness': 0.15845040796829707, 'generation': 331}","{'id': 27149, 'rank': 30, 'fitness': 0.01798620996209155, 'generation': 331}"
"{'id': 27278, 'rank': 1, 'fitness': 0.9820137900379085, 'generation': 332}","{'id': 27278, 'rank': 2, 'fitness': 0.9820137900379085, 'generation': 332}","{'id': 27305, 'rank': 3, 'fitness': 0.9817870496371047, 'generation': 332}","{'id': 27213, 'rank': 4, 'fitness': 0.9812009881273405, 'generation': 332}","{'id': 27314, 'rank': 5, 'fitness': 0.9807675878828072, 'generation': 332}","{'id': 27256, 'rank': 6, 'fitness': 0.9792333768828979, 'generation': 332}","{'id': 27171, 'rank': 7, 'fitness': 0.9775032025197139, 'generation': 332}","{'id': 27324, 'rank': 8, 'fitness': 0.9769859795632414, 'generation': 332}","{'id': 27310, 'rank': 9, 'fitness': 0.9766906696370685, 'generation': 332}","{'id': 27226, 'rank': 10, 'fitness': 0.9761034565562883, 'generation': 332}","{'id': 27265, 'rank': 11, 'fitness': 0.9752508531035977, 'generation': 332}","{'id': 27315, 'rank': 12, 'fitness': 0.9750599670244166, 'generation': 332}","{'id': 27300, 'rank': 13, 'fitness': 0.9749773214127699, 'generation': 332}","{'id': 27300, 'rank': 14, 'fitness': 0.9749773214127699, 'generation': 332}","{'id': 27277, 'rank': 15, 'fitness': 0.9745917181300296, 'generation': 332}","{'id': 27257, 'rank': 16, 'fitness': 0.9741825889055067, 'generation': 332}","{'id': 27264, 'rank': 17, 'fitness': 0.9724091704953196, 'generation': 332}","{'id': 27276, 'rank': 18, 'fitness': 0.9722528756245596, 'generation': 332}","{'id': 27276, 'rank': 19, 'fitness': 0.9722528756245596, 'generation': 332}","{'id': 27267, 'rank': 20, 'fitness': 0.9720479581479281, 'generation': 332}","{'id': 27194, 'rank': 21, 'fitness': 0.9688087775205783, 'generation': 332}","{'id': 27308, 'rank': 22, 'fitness': 0.9598301400824593, 'generation': 332}","{'id': 27318, 'rank': 23, 'fitness': 0.9555112354783766, 'generation': 332}","{'id': 27302, 'rank': 24, 'fitness': 0.9425933142804784, 'generation': 332}","{'id': 27270, 'rank': 25, 'fitness': 0.8988745161556873, 'generation': 332}","{'id': 27320, 'rank': 26, 'fitness': 0.8638076272601116, 'generation': 332}","{'id': 27322, 'rank': 27, 'fitness': 0.8526909084641019, 'generation': 332}","{'id': 27155, 'rank': 28, 'fitness': 0.4707378203958243, 'generation': 332}","{'id': 27149, 'rank': 29, 'fitness': 0.033909444648955844, 'generation': 332}","{'id': 27330, 'rank': 30, 'fitness': 0.01798620996209155, 'generation': 332}"
"{'id': 27389, 'rank': 1, 'fitness': 0.9820137900379085, 'generation': 333}","{'id': 27278, 'rank': 2, 'fitness': 0.9819851068202818, 'generation': 333}","{'id': 27340, 'rank': 3, 'fitness': 0.9819694031845595, 'generation': 333}","{'id': 27364, 'rank': 4, 'fitness': 0.9819373124609094, 'generation': 333}","{'id': 27364, 'rank': 5, 'fitness': 0.9819373124609094, 'generation': 333}","{'id': 27363, 'rank': 6, 'fitness': 0.9818931301175176, 'generation': 333}","{'id': 27363, 'rank': 7, 'fitness': 0.9818931301175176, 'generation': 333}","{'id': 27371, 'rank': 8, 'fitness': 0.9818736831231395, 'generation': 333}","{'id': 27371, 'rank': 9, 'fitness': 0.9818736831231395, 'generation': 333}","{'id': 27347, 'rank': 10, 'fitness': 0.981833233696422, 'generation': 333}","{'id': 27411, 'rank': 11, 'fitness': 0.9818012960230091, 'generation': 333}","{'id': 27310, 'rank': 12, 'fitness': 0.9817444030048479, 'generation': 333}","{'id': 27369, 'rank': 13, 'fitness': 0.9817025323717175, 'generation': 333}","{'id': 27403, 'rank': 14, 'fitness': 0.9817001884300296, 'generation': 333}","{'id': 27373, 'rank': 15, 'fitness': 0.9816852563604206, 'generation': 333}","{'id': 27257, 'rank': 16, 'fitness': 0.9816482585609245, 'generation': 333}","{'id': 27264, 'rank': 17, 'fitness': 0.9815853524391579, 'generation': 333}","{'id': 27264, 'rank': 18, 'fitness': 0.9815853524391579, 'generation': 333}","{'id': 27267, 'rank': 19, 'fitness': 0.981572997998081, 'generation': 333}","{'id': 27396, 'rank': 20, 'fitness': 0.9815387364753041, 'generation': 333}","{'id': 27374, 'rank': 21, 'fitness': 0.9815341020795463, 'generation': 333}","{'id': 27355, 'rank': 22, 'fitness': 0.9813958762482216, 'generation': 333}","{'id': 27348, 'rank': 23, 'fitness': 0.9813601330778607, 'generation': 333}","{'id': 27335, 'rank': 24, 'fitness': 0.9813320895143041, 'generation': 333}","{'id': 27345, 'rank': 25, 'fitness': 0.9810148415431053, 'generation': 333}","{'id': 27357, 'rank': 26, 'fitness': 0.9809764054557492, 'generation': 333}","{'id': 27367, 'rank': 27, 'fitness': 0.980964502519112, 'generation': 333}","{'id': 27368, 'rank': 28, 'fitness': 0.9806659848556671, 'generation': 333}","{'id': 27402, 'rank': 29, 'fitness': 0.9801491782740142, 'generation': 333}","{'id': 27398, 'rank': 30, 'fitness': 0.01798620996209155, 'generation': 333}"
"{'id': 27423, 'rank': 1, 'fitness': 0.9820137900379085, 'generation': 334}","{'id': 27428, 'rank': 2, 'fitness': 0.9801976327146614, 'generation': 334}","{'id': 27363, 'rank': 3, 'fitness': 0.9794686068393157, 'generation': 334}","{'id': 27471, 'rank': 4, 'fitness': 0.9713225612065703, 'generation': 334}","{'id': 27413, 'rank': 5, 'fitness': 0.969822504941859, 'generation': 334}","{'id': 27413, 'rank': 6, 'fitness': 0.969822504941859, 'generation': 334}","{'id': 27413, 'rank': 7, 'fitness': 0.969822504941859, 'generation': 334}","{'id': 27503, 'rank': 8, 'fitness': 0.9647072163470121, 'generation': 334}","{'id': 27369, 'rank': 9, 'fitness': 0.9589839631774173, 'generation': 334}","{'id': 27373, 'rank': 10, 'fitness': 0.956379674829448, 'generation': 334}","{'id': 27494, 'rank': 11, 'fitness': 0.9560806606042485, 'generation': 334}","{'id': 27494, 'rank': 12, 'fitness': 0.9560806606042485, 'generation': 334}","{'id': 27427, 'rank': 13, 'fitness': 0.9542621461633358, 'generation': 334}","{'id': 27257, 'rank': 14, 'fitness': 0.9502716503565394, 'generation': 334}","{'id': 27435, 'rank': 15, 'fitness': 0.9473580437048784, 'generation': 334}","{'id': 27435, 'rank': 16, 'fitness': 0.9473580437048784, 'generation': 334}","{'id': 27451, 'rank': 17, 'fitness': 0.9404759366656524, 'generation': 334}","{'id': 27267, 'rank': 18, 'fitness': 0.9353173004290869, 'generation': 334}","{'id': 27464, 'rank': 19, 'fitness': 0.8537561993342346, 'generation': 334}","{'id': 27464, 'rank': 20, 'fitness': 0.8537561993342346, 'generation': 334}","{'id': 27469, 'rank': 21, 'fitness': 0.8435458861453161, 'generation': 334}","{'id': 27499, 'rank': 22, 'fitness': 0.7416063431985004, 'generation': 334}","{'id': 27357, 'rank': 23, 'fitness': 0.622509864568149, 'generation': 334}","{'id': 27433, 'rank': 24, 'fitness': 0.6073590255225366, 'generation': 334}","{'id': 27431, 'rank': 25, 'fitness': 0.44601808282693156, 'generation': 334}","{'id': 27438, 'rank': 26, 'fitness': 0.14398202156138845, 'generation': 334}","{'id': 27438, 'rank': 27, 'fitness': 0.14398202156138845, 'generation': 334}","{'id': 27402, 'rank': 28, 'fitness': 0.082994415243686, 'generation': 334}","{'id': 27436, 'rank': 29, 'fitness': 0.06182936823772783, 'generation': 334}","{'id': 27492, 'rank': 30, 'fitness': 0.01798620996209155, 'generation': 334}"
"{'id': 27544, 'rank': 1, 'fitness': 0.9820137900379085, 'generation': 335}","{'id': 27428, 'rank': 2, 'fitness': 0.9818897592210328, 'generation': 335}","{'id': 27363, 'rank': 3, 'fitness': 0.9817897227282152, 'generation': 335}","{'id': 27535, 'rank': 4, 'fitness': 0.981728084191247, 'generation': 335}","{'id': 27560, 'rank': 5, 'fitness': 0.9814622450346557, 'generation': 335}","{'id': 27538, 'rank': 6, 'fitness': 0.9814157453293973, 'generation': 335}","{'id': 27514, 'rank': 7, 'fitness': 0.9810676555074748, 'generation': 335}","{'id': 27413, 'rank': 8, 'fitness': 0.9806841373910152, 'generation': 335}","{'id': 27413, 'rank': 9, 'fitness': 0.9806841373910152, 'generation': 335}","{'id': 27369, 'rank': 10, 'fitness': 0.9797462670802719, 'generation': 335}","{'id': 27494, 'rank': 11, 'fitness': 0.9795296344814781, 'generation': 335}","{'id': 27494, 'rank': 12, 'fitness': 0.9795296344814781, 'generation': 335}","{'id': 27435, 'rank': 13, 'fitness': 0.978941233733562, 'generation': 335}","{'id': 27568, 'rank': 14, 'fitness': 0.9787841883030162, 'generation': 335}","{'id': 27527, 'rank': 15, 'fitness': 0.9778427568240089, 'generation': 335}","{'id': 27527, 'rank': 16, 'fitness': 0.9778427568240089, 'generation': 335}","{'id': 27527, 'rank': 17, 'fitness': 0.9778427568240089, 'generation': 335}","{'id': 27564, 'rank': 18, 'fitness': 0.9763997546008468, 'generation': 335}","{'id': 27554, 'rank': 19, 'fitness': 0.9761868932054609, 'generation': 335}","{'id': 27464, 'rank': 20, 'fitness': 0.97510730464503, 'generation': 335}","{'id': 27469, 'rank': 21, 'fitness': 0.9748121221325092, 'generation': 335}","{'id': 27469, 'rank': 22, 'fitness': 0.9748121221325092, 'generation': 335}","{'id': 27561, 'rank': 23, 'fitness': 0.9741034039050089, 'generation': 335}","{'id': 27577, 'rank': 24, 'fitness': 0.9727779305820867, 'generation': 335}","{'id': 27517, 'rank': 25, 'fitness': 0.968813349293465, 'generation': 335}","{'id': 27510, 'rank': 26, 'fitness': 0.9665052553112108, 'generation': 335}","{'id': 27570, 'rank': 27, 'fitness': 0.9663122825966695, 'generation': 335}","{'id': 27557, 'rank': 28, 'fitness': 0.9536678756424903, 'generation': 335}","{'id': 27436, 'rank': 29, 'fitness': 0.9519455744890529, 'generation': 335}","{'id': 27507, 'rank': 30, 'fitness': 0.01798620996209155, 'generation': 335}"
"{'id': 27593, 'rank': 1, 'fitness': 0.9820137900379085, 'generation': 336}","{'id': 27619, 'rank': 2, 'fitness': 0.9766602836321778, 'generation': 336}","{'id': 27605, 'rank': 3, 'fitness': 0.9703863249965798, 'generation': 336}","{'id': 27630, 'rank': 4, 'fitness': 0.9699560078512365, 'generation': 336}","{'id': 27623, 'rank': 5, 'fitness': 0.9662003040735484, 'generation': 336}","{'id': 27638, 'rank': 6, 'fitness': 0.9624646803356864, 'generation': 336}","{'id': 27662, 'rank': 7, 'fitness': 0.9594393154597642, 'generation': 336}","{'id': 27656, 'rank': 8, 'fitness': 0.9465343068634369, 'generation': 336}","{'id': 27604, 'rank': 9, 'fitness': 0.9391063320094692, 'generation': 336}","{'id': 27602, 'rank': 10, 'fitness': 0.9386354863843172, 'generation': 336}","{'id': 27633, 'rank': 11, 'fitness': 0.906711172055518, 'generation': 336}","{'id': 27435, 'rank': 12, 'fitness': 0.855341236696685, 'generation': 336}","{'id': 27435, 'rank': 13, 'fitness': 0.855341236696685, 'generation': 336}","{'id': 27527, 'rank': 14, 'fitness': 0.7702603242577897, 'generation': 336}","{'id': 27609, 'rank': 15, 'fitness': 0.7312727720631425, 'generation': 336}","{'id': 27609, 'rank': 16, 'fitness': 0.7312727720631425, 'generation': 336}","{'id': 27609, 'rank': 17, 'fitness': 0.7312727720631425, 'generation': 336}","{'id': 27464, 'rank': 18, 'fitness': 0.4771144005431682, 'generation': 336}","{'id': 27469, 'rank': 19, 'fitness': 0.4443312868086281, 'generation': 336}","{'id': 27469, 'rank': 20, 'fitness': 0.4443312868086281, 'generation': 336}","{'id': 27649, 'rank': 21, 'fitness': 0.4339438429605774, 'generation': 336}","{'id': 27589, 'rank': 22, 'fitness': 0.3462645772689786, 'generation': 336}","{'id': 27581, 'rank': 23, 'fitness': 0.32229873538749443, 'generation': 336}","{'id': 27632, 'rank': 24, 'fitness': 0.22154330632989944, 'generation': 336}","{'id': 27653, 'rank': 25, 'fitness': 0.10574138664421123, 'generation': 336}","{'id': 27587, 'rank': 26, 'fitness': 0.03836397446275602, 'generation': 336}","{'id': 27510, 'rank': 27, 'fitness': 0.03141494165720132, 'generation': 336}","{'id': 27510, 'rank': 28, 'fitness': 0.03141494165720132, 'generation': 336}","{'id': 27570, 'rank': 29, 'fitness': 0.02949928980422456, 'generation': 336}","{'id': 27640, 'rank': 30, 'fitness': 0.01798620996209155, 'generation': 336}"
"{'id': 27677, 'rank': 1, 'fitness': 0.9820137900379085, 'generation': 337}","{'id': 27593, 'rank': 2, 'fitness': 0.9820102465392427, 'generation': 337}","{'id': 27680, 'rank': 3, 'fitness': 0.9818595571467942, 'generation': 337}","{'id': 27623, 'rank': 4, 'fitness': 0.9818464479362552, 'generation': 337}","{'id': 27727, 'rank': 5, 'fitness': 0.9818053230324353, 'generation': 337}","{'id': 27662, 'rank': 6, 'fitness': 0.981798235649624, 'generation': 337}","{'id': 27662, 'rank': 7, 'fitness': 0.981798235649624, 'generation': 337}","{'id': 27604, 'rank': 8, 'fitness': 0.9816888701303841, 'generation': 337}","{'id': 27675, 'rank': 9, 'fitness': 0.9816313457845451, 'generation': 337}","{'id': 27685, 'rank': 10, 'fitness': 0.9816098037394789, 'generation': 337}","{'id': 27679, 'rank': 11, 'fitness': 0.981531603942033, 'generation': 337}","{'id': 27527, 'rank': 12, 'fitness': 0.9812934249377487, 'generation': 337}","{'id': 27609, 'rank': 13, 'fitness': 0.9812386983407977, 'generation': 337}","{'id': 27724, 'rank': 14, 'fitness': 0.9811662463465864, 'generation': 337}","{'id': 27699, 'rank': 15, 'fitness': 0.9811186648202207, 'generation': 337}","{'id': 27632, 'rank': 16, 'fitness': 0.9806364949241071, 'generation': 337}","{'id': 27653, 'rank': 17, 'fitness': 0.9803971462053388, 'generation': 337}","{'id': 27587, 'rank': 18, 'fitness': 0.9800970416795486, 'generation': 337}","{'id': 27570, 'rank': 19, 'fitness': 0.9800212314298471, 'generation': 337}","{'id': 27687, 'rank': 20, 'fitness': 0.9790273984177467, 'generation': 337}","{'id': 27687, 'rank': 21, 'fitness': 0.9790273984177467, 'generation': 337}","{'id': 27706, 'rank': 22, 'fitness': 0.9751219408422159, 'generation': 337}","{'id': 27721, 'rank': 23, 'fitness': 0.9659313070312723, 'generation': 337}","{'id': 27710, 'rank': 24, 'fitness': 0.9612674413816504, 'generation': 337}","{'id': 27669, 'rank': 25, 'fitness': 0.8392541458974007, 'generation': 337}","{'id': 27730, 'rank': 26, 'fitness': 0.21151016663654587, 'generation': 337}","{'id': 27700, 'rank': 27, 'fitness': 0.11518105954785862, 'generation': 337}","{'id': 27700, 'rank': 28, 'fitness': 0.11518105954785862, 'generation': 337}","{'id': 27702, 'rank': 29, 'fitness': 0.03144651807750287, 'generation': 337}","{'id': 27731, 'rank': 30, 'fitness': 0.01798620996209155, 'generation': 337}"
"{'id': 27782, 'rank': 1, 'fitness': 0.9820137900379085, 'generation': 338}","{'id': 27740, 'rank': 2, 'fitness': 0.981871180638304, 'generation': 338}","{'id': 27680, 'rank': 3, 'fitness': 0.9818619514038139, 'generation': 338}","{'id': 27623, 'rank': 4, 'fitness': 0.9818509104397697, 'generation': 338}","{'id': 27727, 'rank': 5, 'fitness': 0.9818162818301378, 'generation': 338}","{'id': 27604, 'rank': 6, 'fitness': 0.9817182899649575, 'generation': 338}","{'id': 27785, 'rank': 7, 'fitness': 0.9814922442535247, 'generation': 338}","{'id': 27754, 'rank': 8, 'fitness': 0.9814335734306231, 'generation': 338}","{'id': 27772, 'rank': 9, 'fitness': 0.9814295885477833, 'generation': 338}","{'id': 27753, 'rank': 10, 'fitness': 0.9812870907976637, 'generation': 338}","{'id': 27741, 'rank': 11, 'fitness': 0.9812818773419163, 'generation': 338}","{'id': 27699, 'rank': 12, 'fitness': 0.9812398548696226, 'generation': 338}","{'id': 27757, 'rank': 13, 'fitness': 0.9810176527275026, 'generation': 338}","{'id': 27632, 'rank': 14, 'fitness': 0.9808370265079758, 'generation': 338}","{'id': 27653, 'rank': 15, 'fitness': 0.980637639019964, 'generation': 338}","{'id': 27771, 'rank': 16, 'fitness': 0.9806153966906548, 'generation': 338}","{'id': 27733, 'rank': 17, 'fitness': 0.9805365328890813, 'generation': 338}","{'id': 27587, 'rank': 18, 'fitness': 0.9803881681769855, 'generation': 338}","{'id': 27570, 'rank': 19, 'fitness': 0.9803252405576903, 'generation': 338}","{'id': 27744, 'rank': 20, 'fitness': 0.9801973887523758, 'generation': 338}","{'id': 27777, 'rank': 21, 'fitness': 0.9797172311783926, 'generation': 338}","{'id': 27687, 'rank': 22, 'fitness': 0.9795036278311327, 'generation': 338}","{'id': 27735, 'rank': 23, 'fitness': 0.9794106390590769, 'generation': 338}","{'id': 27776, 'rank': 24, 'fitness': 0.9791008001005206, 'generation': 338}","{'id': 27776, 'rank': 25, 'fitness': 0.9791008001005206, 'generation': 338}","{'id': 27706, 'rank': 26, 'fitness': 0.9763296545822813, 'generation': 338}","{'id': 27706, 'rank': 27, 'fitness': 0.9763296545822813, 'generation': 338}","{'id': 27759, 'rank': 28, 'fitness': 0.9724660895941013, 'generation': 338}","{'id': 27760, 'rank': 29, 'fitness': 0.9666411618100217, 'generation': 338}","{'id': 27780, 'rank': 30, 'fitness': 0.01798620996209155, 'generation': 338}"
"{'id': 27798, 'rank': 1, 'fitness': 0.9820137900379085, 'generation': 339}","{'id': 27794, 'rank': 2, 'fitness': 0.9799254415436343, 'generation': 339}","{'id': 27794, 'rank': 3, 'fitness': 0.9799254415436343, 'generation': 339}","{'id': 27854, 'rank': 4, 'fitness': 0.9769896266038672, 'generation': 339}","{'id': 27790, 'rank': 5, 'fitness': 0.9750013653620262, 'generation': 339}","{'id': 27852, 'rank': 6, 'fitness': 0.9713343218505728, 'generation': 339}","{'id': 27796, 'rank': 7, 'fitness': 0.9686941850924333, 'generation': 339}","{'id': 27814, 'rank': 8, 'fitness': 0.959866211453495, 'generation': 339}","{'id': 27835, 'rank': 9, 'fitness': 0.9504867378922774, 'generation': 339}","{'id': 27840, 'rank': 10, 'fitness': 0.9503497854869815, 'generation': 339}","{'id': 27848, 'rank': 11, 'fitness': 0.949372016947549, 'generation': 339}","{'id': 27848, 'rank': 12, 'fitness': 0.949372016947549, 'generation': 339}","{'id': 27839, 'rank': 13, 'fitness': 0.9488739110545144, 'generation': 339}","{'id': 27801, 'rank': 14, 'fitness': 0.9471103666774217, 'generation': 339}","{'id': 27802, 'rank': 15, 'fitness': 0.9442000086626366, 'generation': 339}","{'id': 27802, 'rank': 16, 'fitness': 0.9442000086626366, 'generation': 339}","{'id': 27819, 'rank': 17, 'fitness': 0.920326868050427, 'generation': 339}","{'id': 27792, 'rank': 18, 'fitness': 0.9142134349467439, 'generation': 339}","{'id': 27792, 'rank': 19, 'fitness': 0.9142134349467439, 'generation': 339}","{'id': 27863, 'rank': 20, 'fitness': 0.8994670464168423, 'generation': 339}","{'id': 27827, 'rank': 21, 'fitness': 0.8953744986673151, 'generation': 339}","{'id': 27827, 'rank': 22, 'fitness': 0.8953744986673151, 'generation': 339}","{'id': 27864, 'rank': 23, 'fitness': 0.8633951846044103, 'generation': 339}","{'id': 27841, 'rank': 24, 'fitness': 0.8388363068910968, 'generation': 339}","{'id': 27828, 'rank': 25, 'fitness': 0.8330868202599834, 'generation': 339}","{'id': 27844, 'rank': 26, 'fitness': 0.8107424766078113, 'generation': 339}","{'id': 27858, 'rank': 27, 'fitness': 0.5200491052179403, 'generation': 339}","{'id': 27759, 'rank': 28, 'fitness': 0.18227164465540951, 'generation': 339}","{'id': 27859, 'rank': 29, 'fitness': 0.07888356141185976, 'generation': 339}","{'id': 27760, 'rank': 30, 'fitness': 0.01798620996209155, 'generation': 339}"
"{'id': 27885, 'rank': 1, 'fitness': 0.9820137900379085, 'generation': 340}","{'id': 27887, 'rank': 2, 'fitness': 0.9820080995629261, 'generation': 340}","{'id': 27942, 'rank': 3, 'fitness': 0.9817690778467759, 'generation': 340}","{'id': 27884, 'rank': 4, 'fitness': 0.9816827712410536, 'generation': 340}","{'id': 27794, 'rank': 5, 'fitness': 0.9816392045506641, 'generation': 340}","{'id': 27919, 'rank': 6, 'fitness': 0.9811908256043926, 'generation': 340}","{'id': 27920, 'rank': 7, 'fitness': 0.9811521754556415, 'generation': 340}","{'id': 27854, 'rank': 8, 'fitness': 0.9810293058889422, 'generation': 340}","{'id': 27790, 'rank': 9, 'fitness': 0.9806483593608424, 'generation': 340}","{'id': 27895, 'rank': 10, 'fitness': 0.9805118389323186, 'generation': 340}","{'id': 27852, 'rank': 11, 'fitness': 0.9800008138864037, 'generation': 340}","{'id': 27946, 'rank': 12, 'fitness': 0.9799432363734838, 'generation': 340}","{'id': 27916, 'rank': 13, 'fitness': 0.9796566401625825, 'generation': 340}","{'id': 27945, 'rank': 14, 'fitness': 0.9780127433824477, 'generation': 340}","{'id': 27848, 'rank': 15, 'fitness': 0.9770365291220553, 'generation': 340}","{'id': 27828, 'rank': 16, 'fitness': 0.9687699389472215, 'generation': 340}","{'id': 27828, 'rank': 17, 'fitness': 0.9687699389472215, 'generation': 340}","{'id': 27844, 'rank': 18, 'fitness': 0.9676471313780373, 'generation': 340}","{'id': 27937, 'rank': 19, 'fitness': 0.9610351164310299, 'generation': 340}","{'id': 27898, 'rank': 20, 'fitness': 0.9604236256384, 'generation': 340}","{'id': 27897, 'rank': 21, 'fitness': 0.9185426279977437, 'generation': 340}","{'id': 27912, 'rank': 22, 'fitness': 0.9023088251325563, 'generation': 340}","{'id': 27912, 'rank': 23, 'fitness': 0.9023088251325563, 'generation': 340}","{'id': 27912, 'rank': 24, 'fitness': 0.9023088251325563, 'generation': 340}","{'id': 27905, 'rank': 25, 'fitness': 0.848284842725888, 'generation': 340}","{'id': 27909, 'rank': 26, 'fitness': 0.7792513866642359, 'generation': 340}","{'id': 27909, 'rank': 27, 'fitness': 0.7792513866642359, 'generation': 340}","{'id': 27882, 'rank': 28, 'fitness': 0.6713834166234092, 'generation': 340}","{'id': 27913, 'rank': 29, 'fitness': 0.027632320306472502, 'generation': 340}","{'id': 27931, 'rank': 30, 'fitness': 0.01798620996209155, 'generation': 340}"
"{'id': 27885, 'rank': 1, 'fitness': 0.9820137900379085, 'generation': 341}","{'id': 27885, 'rank': 2, 'fitness': 0.9820137900379085, 'generation': 341}","{'id': 27994, 'rank': 3, 'fitness': 0.98200739601797, 'generation': 341}","{'id': 27991, 'rank': 4, 'fitness': 0.9819507761107799, 'generation': 341}","{'id': 27953, 'rank': 5, 'fitness': 0.9819475924939651, 'generation': 341}","{'id': 27992, 'rank': 6, 'fitness': 0.9818401917744464, 'generation': 341}","{'id': 27984, 'rank': 7, 'fitness': 0.98182825753243, 'generation': 341}","{'id': 27997, 'rank': 8, 'fitness': 0.981828205377004, 'generation': 341}","{'id': 28007, 'rank': 9, 'fitness': 0.9818242596690425, 'generation': 341}","{'id': 27983, 'rank': 10, 'fitness': 0.9818156774842981, 'generation': 341}","{'id': 28012, 'rank': 11, 'fitness': 0.9817103397890262, 'generation': 341}","{'id': 27981, 'rank': 12, 'fitness': 0.9816906655115738, 'generation': 341}","{'id': 28017, 'rank': 13, 'fitness': 0.9815611462504976, 'generation': 341}","{'id': 28029, 'rank': 14, 'fitness': 0.9812310455825922, 'generation': 341}","{'id': 27946, 'rank': 15, 'fitness': 0.9811120237166272, 'generation': 341}","{'id': 27916, 'rank': 16, 'fitness': 0.9809912383277134, 'generation': 341}","{'id': 27945, 'rank': 17, 'fitness': 0.9803154713146642, 'generation': 341}","{'id': 28011, 'rank': 18, 'fitness': 0.9803017482322335, 'generation': 341}","{'id': 27975, 'rank': 19, 'fitness': 0.9801728317666706, 'generation': 341}","{'id': 28024, 'rank': 20, 'fitness': 0.979025363024451, 'generation': 341}","{'id': 27968, 'rank': 21, 'fitness': 0.9770071078995043, 'generation': 341}","{'id': 27828, 'rank': 22, 'fitness': 0.9769398857894602, 'generation': 341}","{'id': 27986, 'rank': 23, 'fitness': 0.9740922022746707, 'generation': 341}","{'id': 27966, 'rank': 24, 'fitness': 0.973548625434089, 'generation': 341}","{'id': 27956, 'rank': 25, 'fitness': 0.9678561434693629, 'generation': 341}","{'id': 27897, 'rank': 26, 'fitness': 0.9641621634407331, 'generation': 341}","{'id': 27959, 'rank': 27, 'fitness': 0.9544372200853842, 'generation': 341}","{'id': 27905, 'rank': 28, 'fitness': 0.9515466592086135, 'generation': 341}","{'id': 27996, 'rank': 29, 'fitness': 0.49011378350963114, 'generation': 341}","{'id': 27974, 'rank': 30, 'fitness': 0.01798620996209155, 'generation': 341}"
"{'id': 28069, 'rank': 1, 'fitness': 0.9820137900379085, 'generation': 342}","{'id': 28069, 'rank': 2, 'fitness': 0.9820137900379085, 'generation': 342}","{'id': 27885, 'rank': 3, 'fitness': 0.9819223545057605, 'generation': 342}","{'id': 28079, 'rank': 4, 'fitness': 0.9812215812706633, 'generation': 342}","{'id': 28086, 'rank': 5, 'fitness': 0.9811276310060395, 'generation': 342}","{'id': 28049, 'rank': 6, 'fitness': 0.9805067698649703, 'generation': 342}","{'id': 28052, 'rank': 7, 'fitness': 0.9804652918545692, 'generation': 342}","{'id': 28089, 'rank': 8, 'fitness': 0.9787063303166681, 'generation': 342}","{'id': 28077, 'rank': 9, 'fitness': 0.9785448673017224, 'generation': 342}","{'id': 28050, 'rank': 10, 'fitness': 0.9780572149429606, 'generation': 342}","{'id': 28103, 'rank': 11, 'fitness': 0.9776897073035403, 'generation': 342}","{'id': 28105, 'rank': 12, 'fitness': 0.9769868748759396, 'generation': 342}","{'id': 28105, 'rank': 13, 'fitness': 0.9769868748759396, 'generation': 342}","{'id': 28088, 'rank': 14, 'fitness': 0.9761062473670096, 'generation': 342}","{'id': 28088, 'rank': 15, 'fitness': 0.9761062473670096, 'generation': 342}","{'id': 28101, 'rank': 16, 'fitness': 0.9757585182084048, 'generation': 342}","{'id': 28051, 'rank': 17, 'fitness': 0.975042770281162, 'generation': 342}","{'id': 28104, 'rank': 18, 'fitness': 0.9747303207457041, 'generation': 342}","{'id': 28116, 'rank': 19, 'fitness': 0.965575759591816, 'generation': 342}","{'id': 28036, 'rank': 20, 'fitness': 0.9628599344955062, 'generation': 342}","{'id': 28114, 'rank': 21, 'fitness': 0.9479333017585696, 'generation': 342}","{'id': 28100, 'rank': 22, 'fitness': 0.9278387126043919, 'generation': 342}","{'id': 28024, 'rank': 23, 'fitness': 0.8937482327352375, 'generation': 342}","{'id': 27828, 'rank': 24, 'fitness': 0.7263812707908011, 'generation': 342}","{'id': 28043, 'rank': 25, 'fitness': 0.6959846802078353, 'generation': 342}","{'id': 28107, 'rank': 26, 'fitness': 0.5296457986027133, 'generation': 342}","{'id': 28107, 'rank': 27, 'fitness': 0.5296457986027133, 'generation': 342}","{'id': 27986, 'rank': 28, 'fitness': 0.39081358015249384, 'generation': 342}","{'id': 28097, 'rank': 29, 'fitness': 0.01798620996209155, 'generation': 342}","{'id': 28097, 'rank': 30, 'fitness': 0.01798620996209155, 'generation': 342}"
"{'id': 28145, 'rank': 1, 'fitness': 0.9820137900379085, 'generation': 343}","{'id': 28069, 'rank': 2, 'fitness': 0.9819974982681474, 'generation': 343}","{'id': 28069, 'rank': 3, 'fitness': 0.9819974982681474, 'generation': 343}","{'id': 28164, 'rank': 4, 'fitness': 0.9819847589195163, 'generation': 343}","{'id': 28086, 'rank': 5, 'fitness': 0.9819262915167026, 'generation': 343}","{'id': 28049, 'rank': 6, 'fitness': 0.9818781746734095, 'generation': 343}","{'id': 28052, 'rank': 7, 'fitness': 0.9818750094792241, 'generation': 343}","{'id': 28184, 'rank': 8, 'fitness': 0.9818438427184948, 'generation': 343}","{'id': 28128, 'rank': 9, 'fitness': 0.9817902010426092, 'generation': 343}","{'id': 28077, 'rank': 10, 'fitness': 0.9817346935180996, 'generation': 343}","{'id': 28103, 'rank': 11, 'fitness': 0.9816758106348131, 'generation': 343}","{'id': 28101, 'rank': 12, 'fitness': 0.9815499427079335, 'generation': 343}","{'id': 28163, 'rank': 13, 'fitness': 0.9815102409844069, 'generation': 343}","{'id': 28180, 'rank': 14, 'fitness': 0.9814621194250774, 'generation': 343}","{'id': 28178, 'rank': 15, 'fitness': 0.9813624770236328, 'generation': 343}","{'id': 28174, 'rank': 16, 'fitness': 0.9813340773048969, 'generation': 343}","{'id': 28176, 'rank': 17, 'fitness': 0.9811926314277514, 'generation': 343}","{'id': 28151, 'rank': 18, 'fitness': 0.9807276705447249, 'generation': 343}","{'id': 28118, 'rank': 19, 'fitness': 0.9802464332296956, 'generation': 343}","{'id': 28150, 'rank': 20, 'fitness': 0.9793186963149375, 'generation': 343}","{'id': 28150, 'rank': 21, 'fitness': 0.9793186963149375, 'generation': 343}","{'id': 28193, 'rank': 22, 'fitness': 0.9749910749778041, 'generation': 343}","{'id': 28193, 'rank': 23, 'fitness': 0.9749910749778041, 'generation': 343}","{'id': 28198, 'rank': 24, 'fitness': 0.9730848026733764, 'generation': 343}","{'id': 28133, 'rank': 25, 'fitness': 0.9661660450091812, 'generation': 343}","{'id': 28097, 'rank': 26, 'fitness': 0.9658645499094426, 'generation': 343}","{'id': 28097, 'rank': 27, 'fitness': 0.9658645499094426, 'generation': 343}","{'id': 28197, 'rank': 28, 'fitness': 0.959949386994846, 'generation': 343}","{'id': 28135, 'rank': 29, 'fitness': 0.6058921474224452, 'generation': 343}","{'id': 28173, 'rank': 30, 'fitness': 0.01798620996209155, 'generation': 343}"
"{'id': 28224, 'rank': 1, 'fitness': 0.9820137900379085, 'generation': 344}","{'id': 28069, 'rank': 2, 'fitness': 0.9818444083059292, 'generation': 344}","{'id': 28218, 'rank': 3, 'fitness': 0.9817799364172632, 'generation': 344}","{'id': 28260, 'rank': 4, 'fitness': 0.9815124214393908, 'generation': 344}","{'id': 28238, 'rank': 5, 'fitness': 0.9814107113360648, 'generation': 344}","{'id': 28241, 'rank': 6, 'fitness': 0.980979937855305, 'generation': 344}","{'id': 28241, 'rank': 7, 'fitness': 0.980979937855305, 'generation': 344}","{'id': 28222, 'rank': 8, 'fitness': 0.9808696128180747, 'generation': 344}","{'id': 28264, 'rank': 9, 'fitness': 0.9807585378870673, 'generation': 344}","{'id': 28264, 'rank': 10, 'fitness': 0.9807585378870673, 'generation': 344}","{'id': 28052, 'rank': 11, 'fitness': 0.9806535820627009, 'generation': 344}","{'id': 28234, 'rank': 12, 'fitness': 0.9765059705564991, 'generation': 344}","{'id': 28174, 'rank': 13, 'fitness': 0.9745395943489241, 'generation': 344}","{'id': 28235, 'rank': 14, 'fitness': 0.9734929611630445, 'generation': 344}","{'id': 28230, 'rank': 15, 'fitness': 0.9720467926092262, 'generation': 344}","{'id': 28236, 'rank': 16, 'fitness': 0.9719563048988895, 'generation': 344}","{'id': 28279, 'rank': 17, 'fitness': 0.9707699817441215, 'generation': 344}","{'id': 28279, 'rank': 18, 'fitness': 0.9707699817441215, 'generation': 344}","{'id': 28243, 'rank': 19, 'fitness': 0.9669345397620209, 'generation': 344}","{'id': 28226, 'rank': 20, 'fitness': 0.8472207429220244, 'generation': 344}","{'id': 28250, 'rank': 21, 'fitness': 0.750403460409136, 'generation': 344}","{'id': 28193, 'rank': 22, 'fitness': 0.6987779109366477, 'generation': 344}","{'id': 28269, 'rank': 23, 'fitness': 0.5835940758335879, 'generation': 344}","{'id': 28253, 'rank': 24, 'fitness': 0.1980829331410226, 'generation': 344}","{'id': 28207, 'rank': 25, 'fitness': 0.1446986944640537, 'generation': 344}","{'id': 28256, 'rank': 26, 'fitness': 0.13536953028787835, 'generation': 344}","{'id': 28248, 'rank': 27, 'fitness': 0.1284746223670704, 'generation': 344}","{'id': 28197, 'rank': 28, 'fitness': 0.02367974828123348, 'generation': 344}","{'id': 28197, 'rank': 29, 'fitness': 0.02367974828123348, 'generation': 344}","{'id': 28258, 'rank': 30, 'fitness': 0.01798620996209155, 'generation': 344}"
"{'id': 28069, 'rank': 1, 'fitness': 0.9820137900379085, 'generation': 345}","{'id': 28218, 'rank': 2, 'fitness': 0.981998643302639, 'generation': 345}","{'id': 28344, 'rank': 3, 'fitness': 0.9819647946696115, 'generation': 345}","{'id': 28311, 'rank': 4, 'fitness': 0.9819543189456514, 'generation': 345}","{'id': 28285, 'rank': 5, 'fitness': 0.9818843552267953, 'generation': 345}","{'id': 28309, 'rank': 6, 'fitness': 0.9818729987017983, 'generation': 345}","{'id': 28241, 'rank': 7, 'fitness': 0.9818139500580578, 'generation': 345}","{'id': 28264, 'rank': 8, 'fitness': 0.9817638643842352, 'generation': 345}","{'id': 28313, 'rank': 9, 'fitness': 0.9816451583243465, 'generation': 345}","{'id': 28342, 'rank': 10, 'fitness': 0.9815418826593636, 'generation': 345}","{'id': 28315, 'rank': 11, 'fitness': 0.9814045339815834, 'generation': 345}","{'id': 28286, 'rank': 12, 'fitness': 0.9808020842177603, 'generation': 345}","{'id': 28286, 'rank': 13, 'fitness': 0.9808020842177603, 'generation': 345}","{'id': 28343, 'rank': 14, 'fitness': 0.9805243095597982, 'generation': 345}","{'id': 28330, 'rank': 15, 'fitness': 0.9802493257875524, 'generation': 345}","{'id': 28294, 'rank': 16, 'fitness': 0.9800699392689933, 'generation': 345}","{'id': 28279, 'rank': 17, 'fitness': 0.9798509311525432, 'generation': 345}","{'id': 28323, 'rank': 18, 'fitness': 0.9793818942517417, 'generation': 345}","{'id': 28288, 'rank': 19, 'fitness': 0.9784052710704265, 'generation': 345}","{'id': 28284, 'rank': 20, 'fitness': 0.9776055007647246, 'generation': 345}","{'id': 28321, 'rank': 21, 'fitness': 0.9767187184495856, 'generation': 345}","{'id': 28293, 'rank': 22, 'fitness': 0.9738835521878113, 'generation': 345}","{'id': 28226, 'rank': 23, 'fitness': 0.9695065325240972, 'generation': 345}","{'id': 28226, 'rank': 24, 'fitness': 0.9695065325240972, 'generation': 345}","{'id': 28253, 'rank': 25, 'fitness': 0.9382305747848534, 'generation': 345}","{'id': 28297, 'rank': 26, 'fitness': 0.5063848657329403, 'generation': 345}","{'id': 28317, 'rank': 27, 'fitness': 0.26022219781306655, 'generation': 345}","{'id': 28341, 'rank': 28, 'fitness': 0.08688685029054011, 'generation': 345}","{'id': 28301, 'rank': 29, 'fitness': 0.01798620996209155, 'generation': 345}","{'id': 28301, 'rank': 30, 'fitness': 0.01798620996209155, 'generation': 345}"
"{'id': 28421, 'rank': 1, 'fitness': 0.9820137900379085, 'generation': 346}","{'id': 28218, 'rank': 2, 'fitness': 0.9820003552535876, 'generation': 346}","{'id': 28371, 'rank': 3, 'fitness': 0.98196125503157, 'generation': 346}","{'id': 28422, 'rank': 4, 'fitness': 0.9819304301774436, 'generation': 346}","{'id': 28422, 'rank': 5, 'fitness': 0.9819304301774436, 'generation': 346}","{'id': 28313, 'rank': 6, 'fitness': 0.9818826802914065, 'generation': 346}","{'id': 28367, 'rank': 7, 'fitness': 0.981864958332477, 'generation': 346}","{'id': 28394, 'rank': 8, 'fitness': 0.9818135956815253, 'generation': 346}","{'id': 28403, 'rank': 9, 'fitness': 0.9817729873793526, 'generation': 346}","{'id': 28363, 'rank': 10, 'fitness': 0.9817676520896899, 'generation': 346}","{'id': 28395, 'rank': 11, 'fitness': 0.9817529389448652, 'generation': 346}","{'id': 28373, 'rank': 12, 'fitness': 0.9817466583153098, 'generation': 346}","{'id': 28415, 'rank': 13, 'fitness': 0.9816846704868478, 'generation': 346}","{'id': 28354, 'rank': 14, 'fitness': 0.9816632400595962, 'generation': 346}","{'id': 28393, 'rank': 15, 'fitness': 0.9816606411772022, 'generation': 346}","{'id': 28286, 'rank': 16, 'fitness': 0.981607866118906, 'generation': 346}","{'id': 28286, 'rank': 17, 'fitness': 0.981607866118906, 'generation': 346}","{'id': 28372, 'rank': 18, 'fitness': 0.9815921280962718, 'generation': 346}","{'id': 28380, 'rank': 19, 'fitness': 0.9813435643414665, 'generation': 346}","{'id': 28380, 'rank': 20, 'fitness': 0.9813435643414665, 'generation': 346}","{'id': 28366, 'rank': 21, 'fitness': 0.9810819752010504, 'generation': 346}","{'id': 28411, 'rank': 22, 'fitness': 0.9810603766139319, 'generation': 346}","{'id': 28351, 'rank': 23, 'fitness': 0.9807431021767858, 'generation': 346}","{'id': 28425, 'rank': 24, 'fitness': 0.9799602554933244, 'generation': 346}","{'id': 28428, 'rank': 25, 'fitness': 0.9793819840930357, 'generation': 346}","{'id': 28381, 'rank': 26, 'fitness': 0.9750926392801591, 'generation': 346}","{'id': 28383, 'rank': 27, 'fitness': 0.9747885973528433, 'generation': 346}","{'id': 28253, 'rank': 28, 'fitness': 0.9726379211478541, 'generation': 346}","{'id': 28384, 'rank': 29, 'fitness': 0.9715805092444049, 'generation': 346}","{'id': 28386, 'rank': 30, 'fitness': 0.01798620996209155, 'generation': 346}"
"{'id': 28421, 'rank': 1, 'fitness': 0.9820137900379085, 'generation': 347}","{'id': 28449, 'rank': 2, 'fitness': 0.98176755271419, 'generation': 347}","{'id': 28449, 'rank': 3, 'fitness': 0.98176755271419, 'generation': 347}","{'id': 28450, 'rank': 4, 'fitness': 0.981632077521918, 'generation': 347}","{'id': 28371, 'rank': 5, 'fitness': 0.9813675373220148, 'generation': 347}","{'id': 28422, 'rank': 6, 'fitness': 0.9809786936463604, 'generation': 347}","{'id': 28445, 'rank': 7, 'fitness': 0.9805614773086307, 'generation': 347}","{'id': 28367, 'rank': 8, 'fitness': 0.9801284809096981, 'generation': 347}","{'id': 28363, 'rank': 9, 'fitness': 0.9788017203148215, 'generation': 347}","{'id': 28373, 'rank': 10, 'fitness': 0.9785052558212259, 'generation': 347}","{'id': 28438, 'rank': 11, 'fitness': 0.977939833064053, 'generation': 347}","{'id': 28435, 'rank': 12, 'fitness': 0.9774420873284209, 'generation': 347}","{'id': 28489, 'rank': 13, 'fitness': 0.9769783769936697, 'generation': 347}","{'id': 28479, 'rank': 14, 'fitness': 0.9768002703287215, 'generation': 347}","{'id': 28459, 'rank': 15, 'fitness': 0.9763077218072554, 'generation': 347}","{'id': 28480, 'rank': 16, 'fitness': 0.9762928411683602, 'generation': 347}","{'id': 28480, 'rank': 17, 'fitness': 0.9762928411683602, 'generation': 347}","{'id': 28498, 'rank': 18, 'fitness': 0.9744767311272419, 'generation': 347}","{'id': 28478, 'rank': 19, 'fitness': 0.9701859481632955, 'generation': 347}","{'id': 28441, 'rank': 20, 'fitness': 0.9607805143424584, 'generation': 347}","{'id': 28494, 'rank': 21, 'fitness': 0.9603370323651276, 'generation': 347}","{'id': 28471, 'rank': 22, 'fitness': 0.9561906456795897, 'generation': 347}","{'id': 28471, 'rank': 23, 'fitness': 0.9561906456795897, 'generation': 347}","{'id': 28497, 'rank': 24, 'fitness': 0.9441850303013432, 'generation': 347}","{'id': 28451, 'rank': 25, 'fitness': 0.9422438857332757, 'generation': 347}","{'id': 28451, 'rank': 26, 'fitness': 0.9422438857332757, 'generation': 347}","{'id': 28490, 'rank': 27, 'fitness': 0.9303546804928546, 'generation': 347}","{'id': 28493, 'rank': 28, 'fitness': 0.8097954817467786, 'generation': 347}","{'id': 28462, 'rank': 29, 'fitness': 0.33642725991641986, 'generation': 347}","{'id': 28465, 'rank': 30, 'fitness': 0.01798620996209155, 'generation': 347}"
"{'id': 28558, 'rank': 1, 'fitness': 0.9820137900379085, 'generation': 348}","{'id': 28541, 'rank': 2, 'fitness': 0.9819820171516358, 'generation': 348}","{'id': 28502, 'rank': 3, 'fitness': 0.9819535039384919, 'generation': 348}","{'id': 28590, 'rank': 4, 'fitness': 0.9817661885411458, 'generation': 348}","{'id': 28548, 'rank': 5, 'fitness': 0.9817548315608982, 'generation': 348}","{'id': 28560, 'rank': 6, 'fitness': 0.9816063495344332, 'generation': 348}","{'id': 28591, 'rank': 7, 'fitness': 0.9815790053426126, 'generation': 348}","{'id': 28554, 'rank': 8, 'fitness': 0.9814998988297277, 'generation': 348}","{'id': 28498, 'rank': 9, 'fitness': 0.9813254553556015, 'generation': 348}","{'id': 28579, 'rank': 10, 'fitness': 0.9811129676562724, 'generation': 348}","{'id': 28505, 'rank': 11, 'fitness': 0.9811009872884116, 'generation': 348}","{'id': 28517, 'rank': 12, 'fitness': 0.9810067565687627, 'generation': 348}","{'id': 28539, 'rank': 13, 'fitness': 0.9810014472612364, 'generation': 348}","{'id': 28537, 'rank': 14, 'fitness': 0.9807509408076671, 'generation': 348}","{'id': 28538, 'rank': 15, 'fitness': 0.9806608586608987, 'generation': 348}","{'id': 28583, 'rank': 16, 'fitness': 0.9804450899740975, 'generation': 348}","{'id': 28572, 'rank': 17, 'fitness': 0.9804007440603182, 'generation': 348}","{'id': 28561, 'rank': 18, 'fitness': 0.9801633945784403, 'generation': 348}","{'id': 28471, 'rank': 19, 'fitness': 0.9799542959134886, 'generation': 348}","{'id': 28471, 'rank': 20, 'fitness': 0.9799542959134886, 'generation': 348}","{'id': 28522, 'rank': 21, 'fitness': 0.9796915928530081, 'generation': 348}","{'id': 28569, 'rank': 22, 'fitness': 0.9796308670178979, 'generation': 348}","{'id': 28570, 'rank': 23, 'fitness': 0.9795854250351856, 'generation': 348}","{'id': 28497, 'rank': 24, 'fitness': 0.9792971881404275, 'generation': 348}","{'id': 28550, 'rank': 25, 'fitness': 0.9791481757654932, 'generation': 348}","{'id': 28550, 'rank': 26, 'fitness': 0.9791481757654932, 'generation': 348}","{'id': 28592, 'rank': 27, 'fitness': 0.9726992540872339, 'generation': 348}","{'id': 28592, 'rank': 28, 'fitness': 0.9726992540872339, 'generation': 348}","{'id': 28592, 'rank': 29, 'fitness': 0.9726992540872339, 'generation': 348}","{'id': 28574, 'rank': 30, 'fitness': 0.01798620996209155, 'generation': 348}"
"{'id': 28645, 'rank': 1, 'fitness': 0.9820137900379085, 'generation': 349}","{'id': 28612, 'rank': 2, 'fitness': 0.9814530291015897, 'generation': 349}","{'id': 28620, 'rank': 3, 'fitness': 0.9814394966896496, 'generation': 349}","{'id': 28595, 'rank': 4, 'fitness': 0.9814324962723805, 'generation': 349}","{'id': 28623, 'rank': 5, 'fitness': 0.981421161110444, 'generation': 349}","{'id': 28618, 'rank': 6, 'fitness': 0.9812913595707782, 'generation': 349}","{'id': 28498, 'rank': 7, 'fitness': 0.9811863216413799, 'generation': 349}","{'id': 28636, 'rank': 8, 'fitness': 0.9811366486936451, 'generation': 349}","{'id': 28677, 'rank': 9, 'fitness': 0.9810450380966356, 'generation': 349}","{'id': 28634, 'rank': 10, 'fitness': 0.9810180381292672, 'generation': 349}","{'id': 28594, 'rank': 11, 'fitness': 0.9810175621056028, 'generation': 349}","{'id': 28629, 'rank': 12, 'fitness': 0.9809427879799093, 'generation': 349}","{'id': 28610, 'rank': 13, 'fitness': 0.9808992812199137, 'generation': 349}","{'id': 28679, 'rank': 14, 'fitness': 0.9808663986556221, 'generation': 349}","{'id': 28538, 'rank': 15, 'fitness': 0.9805175187218603, 'generation': 349}","{'id': 28538, 'rank': 16, 'fitness': 0.9805175187218603, 'generation': 349}","{'id': 28648, 'rank': 17, 'fitness': 0.9804844534038284, 'generation': 349}","{'id': 28628, 'rank': 18, 'fitness': 0.9804682274235811, 'generation': 349}","{'id': 28572, 'rank': 19, 'fitness': 0.9802557655593506, 'generation': 349}","{'id': 28471, 'rank': 20, 'fitness': 0.9798065149719635, 'generation': 349}","{'id': 28471, 'rank': 21, 'fitness': 0.9798065149719635, 'generation': 349}","{'id': 28672, 'rank': 22, 'fitness': 0.979401634020548, 'generation': 349}","{'id': 28608, 'rank': 23, 'fitness': 0.9792576877752686, 'generation': 349}","{'id': 28614, 'rank': 24, 'fitness': 0.9792542842575486, 'generation': 349}","{'id': 28497, 'rank': 25, 'fitness': 0.9791453047703167, 'generation': 349}","{'id': 28550, 'rank': 26, 'fitness': 0.9789953657310178, 'generation': 349}","{'id': 28606, 'rank': 27, 'fitness': 0.9780524511023689, 'generation': 349}","{'id': 28639, 'rank': 28, 'fitness': 0.9779133811833451, 'generation': 349}","{'id': 28603, 'rank': 29, 'fitness': 0.9661315845340088, 'generation': 349}","{'id': 28574, 'rank': 30, 'fitness': 0.01798620996209155, 'generation': 349}"
"{'id': 28735, 'rank': 1, 'fitness': 0.9820137900379085, 'generation': 350}","{'id': 28768, 'rank': 2, 'fitness': 0.9814454813161977, 'generation': 350}","{'id': 28694, 'rank': 3, 'fitness': 0.9806012617784077, 'generation': 350}","{'id': 28740, 'rank': 4, 'fitness': 0.9795357613697158, 'generation': 350}","{'id': 28620, 'rank': 5, 'fitness': 0.9663943079893793, 'generation': 350}","{'id': 28762, 'rank': 6, 'fitness': 0.9363914589346956, 'generation': 350}","{'id': 28762, 'rank': 7, 'fitness': 0.9363914589346956, 'generation': 350}","{'id': 28742, 'rank': 8, 'fitness': 0.9304617220652727, 'generation': 350}","{'id': 28767, 'rank': 9, 'fitness': 0.9214018281125003, 'generation': 350}","{'id': 28728, 'rank': 10, 'fitness': 0.9046385077498602, 'generation': 350}","{'id': 28772, 'rank': 11, 'fitness': 0.8940891851923839, 'generation': 350}","{'id': 28704, 'rank': 12, 'fitness': 0.8802614749378415, 'generation': 350}","{'id': 28727, 'rank': 13, 'fitness': 0.8698913651699369, 'generation': 350}","{'id': 28628, 'rank': 14, 'fitness': 0.8534437849129126, 'generation': 350}","{'id': 28693, 'rank': 15, 'fitness': 0.8471212354504474, 'generation': 350}","{'id': 28693, 'rank': 16, 'fitness': 0.8471212354504474, 'generation': 350}","{'id': 28701, 'rank': 17, 'fitness': 0.7601990489089583, 'generation': 350}","{'id': 28776, 'rank': 18, 'fitness': 0.7479181479901038, 'generation': 350}","{'id': 28711, 'rank': 19, 'fitness': 0.7374877036301775, 'generation': 350}","{'id': 28751, 'rank': 20, 'fitness': 0.6869303912195431, 'generation': 350}","{'id': 28709, 'rank': 21, 'fitness': 0.6845410316871452, 'generation': 350}","{'id': 28705, 'rank': 22, 'fitness': 0.548653448306763, 'generation': 350}","{'id': 28752, 'rank': 23, 'fitness': 0.5425091996290203, 'generation': 350}","{'id': 28752, 'rank': 24, 'fitness': 0.5425091996290203, 'generation': 350}","{'id': 28708, 'rank': 25, 'fitness': 0.20288171995919385, 'generation': 350}","{'id': 28712, 'rank': 26, 'fitness': 0.11633386095135173, 'generation': 350}","{'id': 28639, 'rank': 27, 'fitness': 0.10969454740056706, 'generation': 350}","{'id': 28771, 'rank': 28, 'fitness': 0.05190301110435469, 'generation': 350}","{'id': 28731, 'rank': 29, 'fitness': 0.024151440630496013, 'generation': 350}","{'id': 28749, 'rank': 30, 'fitness': 0.01798620996209155, 'generation': 350}"
"{'id': 28790, 'rank': 1, 'fitness': 0.9820137900379085, 'generation': 351}","{'id': 28825, 'rank': 2, 'fitness': 0.9819865964389838, 'generation': 351}","{'id': 28735, 'rank': 3, 'fitness': 0.9819695380275528, 'generation': 351}","{'id': 28694, 'rank': 4, 'fitness': 0.9819444364002886, 'generation': 351}","{'id': 28789, 'rank': 5, 'fitness': 0.9819368775688231, 'generation': 351}","{'id': 28740, 'rank': 6, 'fitness': 0.9819266397161999, 'generation': 351}","{'id': 28788, 'rank': 7, 'fitness': 0.9816719901714364, 'generation': 351}","{'id': 28772, 'rank': 8, 'fitness': 0.9813515564559108, 'generation': 351}","{'id': 28806, 'rank': 9, 'fitness': 0.9812934537847119, 'generation': 351}","{'id': 28840, 'rank': 10, 'fitness': 0.9810037838621761, 'generation': 351}","{'id': 28776, 'rank': 11, 'fitness': 0.9809963682201672, 'generation': 351}","{'id': 28803, 'rank': 12, 'fitness': 0.9808025118217876, 'generation': 351}","{'id': 28781, 'rank': 13, 'fitness': 0.9806857026935449, 'generation': 351}","{'id': 28752, 'rank': 14, 'fitness': 0.9806793998799337, 'generation': 351}","{'id': 28843, 'rank': 15, 'fitness': 0.9801756213484583, 'generation': 351}","{'id': 28843, 'rank': 16, 'fitness': 0.9801756213484583, 'generation': 351}","{'id': 28708, 'rank': 17, 'fitness': 0.9801358633825173, 'generation': 351}","{'id': 28818, 'rank': 18, 'fitness': 0.9788808346686593, 'generation': 351}","{'id': 28847, 'rank': 19, 'fitness': 0.9760900466038889, 'generation': 351}","{'id': 28816, 'rank': 20, 'fitness': 0.9743553442230651, 'generation': 351}","{'id': 28832, 'rank': 21, 'fitness': 0.9734704863121916, 'generation': 351}","{'id': 28814, 'rank': 22, 'fitness': 0.9706735913496936, 'generation': 351}","{'id': 28784, 'rank': 23, 'fitness': 0.9706167247484375, 'generation': 351}","{'id': 28794, 'rank': 24, 'fitness': 0.9663751622984704, 'generation': 351}","{'id': 28810, 'rank': 25, 'fitness': 0.9655359199190237, 'generation': 351}","{'id': 28835, 'rank': 26, 'fitness': 0.9519992130778405, 'generation': 351}","{'id': 28819, 'rank': 27, 'fitness': 0.9435544733164384, 'generation': 351}","{'id': 28842, 'rank': 28, 'fitness': 0.24426507996566127, 'generation': 351}","{'id': 28842, 'rank': 29, 'fitness': 0.24426507996566127, 'generation': 351}","{'id': 28793, 'rank': 30, 'fitness': 0.01798620996209155, 'generation': 351}"
"{'id': 28898, 'rank': 1, 'fitness': 0.9820137900379085, 'generation': 352}","{'id': 28735, 'rank': 2, 'fitness': 0.9814877315118837, 'generation': 352}","{'id': 28735, 'rank': 3, 'fitness': 0.9814877315118837, 'generation': 352}","{'id': 28735, 'rank': 4, 'fitness': 0.9814877315118837, 'generation': 352}","{'id': 28789, 'rank': 5, 'fitness': 0.9812603903115917, 'generation': 352}","{'id': 28740, 'rank': 6, 'fitness': 0.981188648931475, 'generation': 352}","{'id': 28740, 'rank': 7, 'fitness': 0.981188648931475, 'generation': 352}","{'id': 28905, 'rank': 8, 'fitness': 0.9811016378380848, 'generation': 352}","{'id': 28895, 'rank': 9, 'fitness': 0.9807819159916588, 'generation': 352}","{'id': 28899, 'rank': 10, 'fitness': 0.9803565010190504, 'generation': 352}","{'id': 28907, 'rank': 11, 'fitness': 0.9795397831533152, 'generation': 352}","{'id': 28879, 'rank': 12, 'fitness': 0.9794162235203383, 'generation': 352}","{'id': 28920, 'rank': 13, 'fitness': 0.9791409669152065, 'generation': 352}","{'id': 28901, 'rank': 14, 'fitness': 0.9790354500518799, 'generation': 352}","{'id': 28906, 'rank': 15, 'fitness': 0.9788399281154672, 'generation': 352}","{'id': 28910, 'rank': 16, 'fitness': 0.9785261729143158, 'generation': 352}","{'id': 28934, 'rank': 17, 'fitness': 0.9784291573149101, 'generation': 352}","{'id': 28872, 'rank': 18, 'fitness': 0.9774421270937479, 'generation': 352}","{'id': 28772, 'rank': 19, 'fitness': 0.9767736422115441, 'generation': 352}","{'id': 28772, 'rank': 20, 'fitness': 0.9767736422115441, 'generation': 352}","{'id': 28940, 'rank': 21, 'fitness': 0.9765765896768124, 'generation': 352}","{'id': 28781, 'rank': 22, 'fitness': 0.970620377911075, 'generation': 352}","{'id': 28843, 'rank': 23, 'fitness': 0.9650484209156605, 'generation': 352}","{'id': 28818, 'rank': 24, 'fitness': 0.946966240743687, 'generation': 352}","{'id': 28936, 'rank': 25, 'fitness': 0.9275545005098922, 'generation': 352}","{'id': 28926, 'rank': 26, 'fitness': 0.7280400834436396, 'generation': 352}","{'id': 28888, 'rank': 27, 'fitness': 0.5433200348870288, 'generation': 352}","{'id': 28854, 'rank': 28, 'fitness': 0.54044411032121, 'generation': 352}","{'id': 28890, 'rank': 29, 'fitness': 0.02444040826977828, 'generation': 352}","{'id': 28819, 'rank': 30, 'fitness': 0.01798620996209155, 'generation': 352}"
"{'id': 28735, 'rank': 1, 'fitness': 0.9820137900379085, 'generation': 353}","{'id': 28789, 'rank': 2, 'fitness': 0.9815464832336361, 'generation': 353}","{'id': 28997, 'rank': 3, 'fitness': 0.9813893562591731, 'generation': 353}","{'id': 28958, 'rank': 4, 'fitness': 0.9812250986849148, 'generation': 353}","{'id': 28953, 'rank': 5, 'fitness': 0.9808174503904903, 'generation': 353}","{'id': 29021, 'rank': 6, 'fitness': 0.9807035330648439, 'generation': 353}","{'id': 28895, 'rank': 7, 'fitness': 0.9805428166738634, 'generation': 353}","{'id': 28971, 'rank': 8, 'fitness': 0.9803380155638133, 'generation': 353}","{'id': 28990, 'rank': 9, 'fitness': 0.9796969594727609, 'generation': 353}","{'id': 28972, 'rank': 10, 'fitness': 0.9790403099426137, 'generation': 353}","{'id': 28972, 'rank': 11, 'fitness': 0.9790403099426137, 'generation': 353}","{'id': 28879, 'rank': 12, 'fitness': 0.977527987948207, 'generation': 353}","{'id': 28989, 'rank': 13, 'fitness': 0.9772891969560394, 'generation': 353}","{'id': 28920, 'rank': 14, 'fitness': 0.9768934680562279, 'generation': 353}","{'id': 28984, 'rank': 15, 'fitness': 0.97286687523926, 'generation': 353}","{'id': 28872, 'rank': 16, 'fitness': 0.9727784334445657, 'generation': 353}","{'id': 29005, 'rank': 17, 'fitness': 0.9718037849251925, 'generation': 353}","{'id': 28772, 'rank': 18, 'fitness': 0.9710656813012648, 'generation': 353}","{'id': 28772, 'rank': 19, 'fitness': 0.9710656813012648, 'generation': 353}","{'id': 29002, 'rank': 20, 'fitness': 0.9703481927040387, 'generation': 353}","{'id': 28993, 'rank': 21, 'fitness': 0.968990003170482, 'generation': 353}","{'id': 28949, 'rank': 22, 'fitness': 0.9664829885411901, 'generation': 353}","{'id': 28976, 'rank': 23, 'fitness': 0.9626280360596353, 'generation': 353}","{'id': 28970, 'rank': 24, 'fitness': 0.9612056375109843, 'generation': 353}","{'id': 28945, 'rank': 25, 'fitness': 0.9561685702910313, 'generation': 353}","{'id': 28988, 'rank': 26, 'fitness': 0.950809689546524, 'generation': 353}","{'id': 29009, 'rank': 27, 'fitness': 0.9438804008958182, 'generation': 353}","{'id': 28950, 'rank': 28, 'fitness': 0.04065144191289782, 'generation': 353}","{'id': 28888, 'rank': 29, 'fitness': 0.018421112525330963, 'generation': 353}","{'id': 28854, 'rank': 30, 'fitness': 0.01798620996209155, 'generation': 353}"
"{'id': 29067, 'rank': 1, 'fitness': 0.9820137900379085, 'generation': 354}","{'id': 29064, 'rank': 2, 'fitness': 0.9820043587138411, 'generation': 354}","{'id': 29042, 'rank': 3, 'fitness': 0.9813973537763521, 'generation': 354}","{'id': 29045, 'rank': 4, 'fitness': 0.9805361907545953, 'generation': 354}","{'id': 28789, 'rank': 5, 'fitness': 0.9804666691743473, 'generation': 354}","{'id': 28958, 'rank': 6, 'fitness': 0.9800893234391937, 'generation': 354}","{'id': 29055, 'rank': 7, 'fitness': 0.9800360896210145, 'generation': 354}","{'id': 29055, 'rank': 8, 'fitness': 0.9800360896210145, 'generation': 354}","{'id': 29055, 'rank': 9, 'fitness': 0.9800360896210145, 'generation': 354}","{'id': 29021, 'rank': 10, 'fitness': 0.9794755033615399, 'generation': 354}","{'id': 29061, 'rank': 11, 'fitness': 0.9771919951514145, 'generation': 354}","{'id': 29076, 'rank': 12, 'fitness': 0.9767070227083807, 'generation': 354}","{'id': 29076, 'rank': 13, 'fitness': 0.9767070227083807, 'generation': 354}","{'id': 29076, 'rank': 14, 'fitness': 0.9767070227083807, 'generation': 354}","{'id': 29047, 'rank': 15, 'fitness': 0.9758722308090431, 'generation': 354}","{'id': 29047, 'rank': 16, 'fitness': 0.9758722308090431, 'generation': 354}","{'id': 29087, 'rank': 17, 'fitness': 0.9750202306619615, 'generation': 354}","{'id': 28920, 'rank': 18, 'fitness': 0.9749415683054328, 'generation': 354}","{'id': 29075, 'rank': 19, 'fitness': 0.9714081326943378, 'generation': 354}","{'id': 29053, 'rank': 20, 'fitness': 0.9683898924613479, 'generation': 354}","{'id': 29053, 'rank': 21, 'fitness': 0.9683898924613479, 'generation': 354}","{'id': 28772, 'rank': 22, 'fitness': 0.9678605269803844, 'generation': 354}","{'id': 29002, 'rank': 23, 'fitness': 0.9669781934592339, 'generation': 354}","{'id': 29062, 'rank': 24, 'fitness': 0.9651914692346397, 'generation': 354}","{'id': 29059, 'rank': 25, 'fitness': 0.9625142765365564, 'generation': 354}","{'id': 29034, 'rank': 26, 'fitness': 0.9618490573846801, 'generation': 354}","{'id': 29058, 'rank': 27, 'fitness': 0.961254808984625, 'generation': 354}","{'id': 29096, 'rank': 28, 'fitness': 0.9146772454540865, 'generation': 354}","{'id': 29078, 'rank': 29, 'fitness': 0.5876189772566747, 'generation': 354}","{'id': 28950, 'rank': 30, 'fitness': 0.01798620996209155, 'generation': 354}"
"{'id': 29102, 'rank': 1, 'fitness': 0.9820137900379085, 'generation': 355}","{'id': 29132, 'rank': 2, 'fitness': 0.9819623196611207, 'generation': 355}","{'id': 29067, 'rank': 3, 'fitness': 0.9819072595212894, 'generation': 355}","{'id': 29121, 'rank': 4, 'fitness': 0.9818444769300694, 'generation': 355}","{'id': 29120, 'rank': 5, 'fitness': 0.9817740429508575, 'generation': 355}","{'id': 29116, 'rank': 6, 'fitness': 0.9817673344321893, 'generation': 355}","{'id': 28789, 'rank': 7, 'fitness': 0.9816459918600104, 'generation': 355}","{'id': 29107, 'rank': 8, 'fitness': 0.9815649235512672, 'generation': 355}","{'id': 29156, 'rank': 9, 'fitness': 0.9814652422005157, 'generation': 355}","{'id': 29110, 'rank': 10, 'fitness': 0.981284627738662, 'generation': 355}","{'id': 29122, 'rank': 11, 'fitness': 0.981279833008319, 'generation': 355}","{'id': 29112, 'rank': 12, 'fitness': 0.9811947224816415, 'generation': 355}","{'id': 29109, 'rank': 13, 'fitness': 0.9810930909549147, 'generation': 355}","{'id': 29076, 'rank': 14, 'fitness': 0.9810746655266396, 'generation': 355}","{'id': 29076, 'rank': 15, 'fitness': 0.9810746655266396, 'generation': 355}","{'id': 29142, 'rank': 16, 'fitness': 0.9809757870694854, 'generation': 355}","{'id': 29111, 'rank': 17, 'fitness': 0.9807750013312311, 'generation': 355}","{'id': 29147, 'rank': 18, 'fitness': 0.9804450841039812, 'generation': 355}","{'id': 29147, 'rank': 19, 'fitness': 0.9804450841039812, 'generation': 355}","{'id': 29126, 'rank': 20, 'fitness': 0.9803219110192694, 'generation': 355}","{'id': 29168, 'rank': 21, 'fitness': 0.9803072113202218, 'generation': 355}","{'id': 29173, 'rank': 22, 'fitness': 0.9802786174379575, 'generation': 355}","{'id': 29053, 'rank': 23, 'fitness': 0.9800356478230421, 'generation': 355}","{'id': 28772, 'rank': 24, 'fitness': 0.9799772773676334, 'generation': 355}","{'id': 29161, 'rank': 25, 'fitness': 0.9797857094132181, 'generation': 355}","{'id': 29062, 'rank': 26, 'fitness': 0.9796940876243996, 'generation': 355}","{'id': 29146, 'rank': 27, 'fitness': 0.9784984995220602, 'generation': 355}","{'id': 29159, 'rank': 28, 'fitness': 0.9783277862881403, 'generation': 355}","{'id': 29163, 'rank': 29, 'fitness': 0.977136111261893, 'generation': 355}","{'id': 29141, 'rank': 30, 'fitness': 0.01798620996209155, 'generation': 355}"
"{'id': 29234, 'rank': 1, 'fitness': 0.9820137900379085, 'generation': 356}","{'id': 29234, 'rank': 2, 'fitness': 0.9820137900379085, 'generation': 356}","{'id': 29234, 'rank': 3, 'fitness': 0.9820137900379085, 'generation': 356}","{'id': 29196, 'rank': 4, 'fitness': 0.9816090027740221, 'generation': 356}","{'id': 29120, 'rank': 5, 'fitness': 0.9798669098767246, 'generation': 356}","{'id': 29120, 'rank': 6, 'fitness': 0.9798669098767246, 'generation': 356}","{'id': 29208, 'rank': 7, 'fitness': 0.9752201000430074, 'generation': 356}","{'id': 29156, 'rank': 8, 'fitness': 0.9629744188318319, 'generation': 356}","{'id': 29210, 'rank': 9, 'fitness': 0.9619843816027673, 'generation': 356}","{'id': 29210, 'rank': 10, 'fitness': 0.9619843816027673, 'generation': 356}","{'id': 29267, 'rank': 11, 'fitness': 0.954832135615225, 'generation': 356}","{'id': 29110, 'rank': 12, 'fitness': 0.94767991932167, 'generation': 356}","{'id': 29265, 'rank': 13, 'fitness': 0.9206614535736505, 'generation': 356}","{'id': 29254, 'rank': 14, 'fitness': 0.9020546554760558, 'generation': 356}","{'id': 29193, 'rank': 15, 'fitness': 0.8959503226977872, 'generation': 356}","{'id': 29181, 'rank': 16, 'fitness': 0.8900183728987872, 'generation': 356}","{'id': 29257, 'rank': 17, 'fitness': 0.8825218654139858, 'generation': 356}","{'id': 29199, 'rank': 18, 'fitness': 0.8758190768562913, 'generation': 356}","{'id': 29199, 'rank': 19, 'fitness': 0.8758190768562913, 'generation': 356}","{'id': 29249, 'rank': 20, 'fitness': 0.6977933100571407, 'generation': 356}","{'id': 29215, 'rank': 21, 'fitness': 0.6773723450897565, 'generation': 356}","{'id': 29188, 'rank': 22, 'fitness': 0.595581731885222, 'generation': 356}","{'id': 29188, 'rank': 23, 'fitness': 0.595581731885222, 'generation': 356}","{'id': 29264, 'rank': 24, 'fitness': 0.49096448086358124, 'generation': 356}","{'id': 29266, 'rank': 25, 'fitness': 0.4432653477639992, 'generation': 356}","{'id': 29197, 'rank': 26, 'fitness': 0.33041838498764975, 'generation': 356}","{'id': 29213, 'rank': 27, 'fitness': 0.25770528181483315, 'generation': 356}","{'id': 29228, 'rank': 28, 'fitness': 0.07462718085564074, 'generation': 356}","{'id': 29223, 'rank': 29, 'fitness': 0.020160815628173623, 'generation': 356}","{'id': 29242, 'rank': 30, 'fitness': 0.01798620996209155, 'generation': 356}"
"{'id': 29328, 'rank': 1, 'fitness': 0.9820137900379085, 'generation': 357}","{'id': 29306, 'rank': 2, 'fitness': 0.9819974749522431, 'generation': 357}","{'id': 29290, 'rank': 3, 'fitness': 0.9819570059520772, 'generation': 357}","{'id': 29283, 'rank': 4, 'fitness': 0.9819418027208067, 'generation': 357}","{'id': 29234, 'rank': 5, 'fitness': 0.9819398779840793, 'generation': 357}","{'id': 29302, 'rank': 6, 'fitness': 0.9819113406394724, 'generation': 357}","{'id': 29120, 'rank': 7, 'fitness': 0.9819079806311404, 'generation': 357}","{'id': 29301, 'rank': 8, 'fitness': 0.9819056250908775, 'generation': 357}","{'id': 29208, 'rank': 9, 'fitness': 0.9818488893509107, 'generation': 357}","{'id': 29269, 'rank': 10, 'fitness': 0.9817485444763597, 'generation': 357}","{'id': 29210, 'rank': 11, 'fitness': 0.9817254303586282, 'generation': 357}","{'id': 29309, 'rank': 12, 'fitness': 0.9817012368464935, 'generation': 357}","{'id': 29110, 'rank': 13, 'fitness': 0.9816314097582629, 'generation': 357}","{'id': 29307, 'rank': 14, 'fitness': 0.9814896470127086, 'generation': 357}","{'id': 29307, 'rank': 15, 'fitness': 0.9814896470127086, 'generation': 357}","{'id': 29313, 'rank': 16, 'fitness': 0.9814477589353823, 'generation': 357}","{'id': 29313, 'rank': 17, 'fitness': 0.9814477589353823, 'generation': 357}","{'id': 29310, 'rank': 18, 'fitness': 0.9814460383596555, 'generation': 357}","{'id': 29257, 'rank': 19, 'fitness': 0.9813816564885955, 'generation': 357}","{'id': 29199, 'rank': 20, 'fitness': 0.9813636194868054, 'generation': 357}","{'id': 29335, 'rank': 21, 'fitness': 0.9813508969518268, 'generation': 357}","{'id': 29297, 'rank': 22, 'fitness': 0.9807637671261692, 'generation': 357}","{'id': 29266, 'rank': 23, 'fitness': 0.9807295567674876, 'generation': 357}","{'id': 29334, 'rank': 24, 'fitness': 0.9801564641248633, 'generation': 357}","{'id': 29294, 'rank': 25, 'fitness': 0.9789156035537686, 'generation': 357}","{'id': 29296, 'rank': 26, 'fitness': 0.977442431167443, 'generation': 357}","{'id': 29291, 'rank': 27, 'fitness': 0.976560153846831, 'generation': 357}","{'id': 29305, 'rank': 28, 'fitness': 0.9495338645468369, 'generation': 357}","{'id': 29324, 'rank': 29, 'fitness': 0.6531344138759452, 'generation': 357}","{'id': 29273, 'rank': 30, 'fitness': 0.01798620996209155, 'generation': 357}"
"{'id': 29368, 'rank': 1, 'fitness': 0.9820137900379085, 'generation': 358}","{'id': 29407, 'rank': 2, 'fitness': 0.9819584411623855, 'generation': 358}","{'id': 29283, 'rank': 3, 'fitness': 0.9818714524652861, 'generation': 358}","{'id': 29283, 'rank': 4, 'fitness': 0.9818714524652861, 'generation': 358}","{'id': 29283, 'rank': 5, 'fitness': 0.9818714524652861, 'generation': 358}","{'id': 29120, 'rank': 6, 'fitness': 0.9817906689148487, 'generation': 358}","{'id': 29371, 'rank': 7, 'fitness': 0.9817118493132927, 'generation': 358}","{'id': 29367, 'rank': 8, 'fitness': 0.9816851708654808, 'generation': 358}","{'id': 29367, 'rank': 9, 'fitness': 0.9816851708654808, 'generation': 358}","{'id': 29367, 'rank': 10, 'fitness': 0.9816851708654808, 'generation': 358}","{'id': 29372, 'rank': 11, 'fitness': 0.9816484969016426, 'generation': 358}","{'id': 29406, 'rank': 12, 'fitness': 0.981644253145283, 'generation': 358}","{'id': 29354, 'rank': 13, 'fitness': 0.9814788260764706, 'generation': 358}","{'id': 29357, 'rank': 14, 'fitness': 0.9812732373632355, 'generation': 358}","{'id': 29364, 'rank': 15, 'fitness': 0.9811306231212469, 'generation': 358}","{'id': 29307, 'rank': 16, 'fitness': 0.9807745742361501, 'generation': 358}","{'id': 29307, 'rank': 17, 'fitness': 0.9807745742361501, 'generation': 358}","{'id': 29310, 'rank': 18, 'fitness': 0.9806668478769409, 'generation': 358}","{'id': 29310, 'rank': 19, 'fitness': 0.9806668478769409, 'generation': 358}","{'id': 29421, 'rank': 20, 'fitness': 0.9806193526207475, 'generation': 358}","{'id': 29355, 'rank': 21, 'fitness': 0.9805179550862406, 'generation': 358}","{'id': 29257, 'rank': 22, 'fitness': 0.9805071811869827, 'generation': 358}","{'id': 29257, 'rank': 23, 'fitness': 0.9805071811869827, 'generation': 358}","{'id': 29366, 'rank': 24, 'fitness': 0.9804186642165231, 'generation': 358}","{'id': 29416, 'rank': 25, 'fitness': 0.980098651505629, 'generation': 358}","{'id': 29414, 'rank': 26, 'fitness': 0.9799828416601408, 'generation': 358}","{'id': 29334, 'rank': 27, 'fitness': 0.9773261055728815, 'generation': 358}","{'id': 29296, 'rank': 28, 'fitness': 0.9693021306590808, 'generation': 358}","{'id': 29350, 'rank': 29, 'fitness': 0.9587176078646664, 'generation': 358}","{'id': 29324, 'rank': 30, 'fitness': 0.01798620996209155, 'generation': 358}"
"{'id': 29501, 'rank': 1, 'fitness': 0.9820137900379085, 'generation': 359}","{'id': 29456, 'rank': 2, 'fitness': 0.9814881033925889, 'generation': 359}","{'id': 29120, 'rank': 3, 'fitness': 0.9806804769796491, 'generation': 359}","{'id': 29372, 'rank': 4, 'fitness': 0.979061380878171, 'generation': 359}","{'id': 29455, 'rank': 5, 'fitness': 0.9780064979724812, 'generation': 359}","{'id': 29465, 'rank': 6, 'fitness': 0.9777255385092553, 'generation': 359}","{'id': 29478, 'rank': 7, 'fitness': 0.9776081578435141, 'generation': 359}","{'id': 29475, 'rank': 8, 'fitness': 0.9767844775866952, 'generation': 359}","{'id': 29429, 'rank': 9, 'fitness': 0.9732760353830148, 'generation': 359}","{'id': 29482, 'rank': 10, 'fitness': 0.9729980194409686, 'generation': 359}","{'id': 29435, 'rank': 11, 'fitness': 0.972635808320504, 'generation': 359}","{'id': 29435, 'rank': 12, 'fitness': 0.972635808320504, 'generation': 359}","{'id': 29364, 'rank': 13, 'fitness': 0.9721050280424952, 'generation': 359}","{'id': 29307, 'rank': 14, 'fitness': 0.9662177786538295, 'generation': 359}","{'id': 29507, 'rank': 15, 'fitness': 0.9649818134176691, 'generation': 359}","{'id': 29471, 'rank': 16, 'fitness': 0.963585133722577, 'generation': 359}","{'id': 29257, 'rank': 17, 'fitness': 0.9611128986223769, 'generation': 359}","{'id': 29504, 'rank': 18, 'fitness': 0.9602359414678764, 'generation': 359}","{'id': 29508, 'rank': 19, 'fitness': 0.959749272127743, 'generation': 359}","{'id': 29416, 'rank': 20, 'fitness': 0.9520325365221235, 'generation': 359}","{'id': 29503, 'rank': 21, 'fitness': 0.8884143977354609, 'generation': 359}","{'id': 29503, 'rank': 22, 'fitness': 0.8884143977354609, 'generation': 359}","{'id': 29500, 'rank': 23, 'fitness': 0.8462770200589772, 'generation': 359}","{'id': 29494, 'rank': 24, 'fitness': 0.830879278130177, 'generation': 359}","{'id': 29494, 'rank': 25, 'fitness': 0.830879278130177, 'generation': 359}","{'id': 29494, 'rank': 26, 'fitness': 0.830879278130177, 'generation': 359}","{'id': 29499, 'rank': 27, 'fitness': 0.1635642602083699, 'generation': 359}","{'id': 29499, 'rank': 28, 'fitness': 0.1635642602083699, 'generation': 359}","{'id': 29496, 'rank': 29, 'fitness': 0.01798620996209155, 'generation': 359}","{'id': 29496, 'rank': 30, 'fitness': 0.01798620996209155, 'generation': 359}"
"{'id': 29574, 'rank': 1, 'fitness': 0.9820137900379085, 'generation': 360}","{'id': 29552, 'rank': 2, 'fitness': 0.9817136130093473, 'generation': 360}","{'id': 29120, 'rank': 3, 'fitness': 0.9816070978597138, 'generation': 360}","{'id': 29569, 'rank': 4, 'fitness': 0.9815908581204827, 'generation': 360}","{'id': 29455, 'rank': 5, 'fitness': 0.9812551988335043, 'generation': 360}","{'id': 29575, 'rank': 6, 'fitness': 0.9810731189256578, 'generation': 360}","{'id': 29575, 'rank': 7, 'fitness': 0.9810731189256578, 'generation': 360}","{'id': 29482, 'rank': 8, 'fitness': 0.9806824722385299, 'generation': 360}","{'id': 29435, 'rank': 9, 'fitness': 0.9806445791253102, 'generation': 360}","{'id': 29435, 'rank': 10, 'fitness': 0.9806445791253102, 'generation': 360}","{'id': 29568, 'rank': 11, 'fitness': 0.9806282027638691, 'generation': 360}","{'id': 29568, 'rank': 12, 'fitness': 0.9806282027638691, 'generation': 360}","{'id': 29536, 'rank': 13, 'fitness': 0.9801789372562515, 'generation': 360}","{'id': 29564, 'rank': 14, 'fitness': 0.9800484538947782, 'generation': 360}","{'id': 29582, 'rank': 15, 'fitness': 0.9797245377264532, 'generation': 360}","{'id': 29257, 'rank': 16, 'fitness': 0.9796123819205138, 'generation': 360}","{'id': 29257, 'rank': 17, 'fitness': 0.9796123819205138, 'generation': 360}","{'id': 29553, 'rank': 18, 'fitness': 0.9796010567404929, 'generation': 360}","{'id': 29537, 'rank': 19, 'fitness': 0.9791714228242498, 'generation': 360}","{'id': 29544, 'rank': 20, 'fitness': 0.978531607793508, 'generation': 360}","{'id': 29588, 'rank': 21, 'fitness': 0.9775120021813076, 'generation': 360}","{'id': 29517, 'rank': 22, 'fitness': 0.9773758344662242, 'generation': 360}","{'id': 29517, 'rank': 23, 'fitness': 0.9773758344662242, 'generation': 360}","{'id': 29529, 'rank': 24, 'fitness': 0.9773255350031997, 'generation': 360}","{'id': 29529, 'rank': 25, 'fitness': 0.9773255350031997, 'generation': 360}","{'id': 29539, 'rank': 26, 'fitness': 0.9747945997867771, 'generation': 360}","{'id': 29562, 'rank': 27, 'fitness': 0.9709215157548721, 'generation': 360}","{'id': 29591, 'rank': 28, 'fitness': 0.8203268506979899, 'generation': 360}","{'id': 29538, 'rank': 29, 'fitness': 0.615332938893457, 'generation': 360}","{'id': 29570, 'rank': 30, 'fitness': 0.01798620996209155, 'generation': 360}"
"{'id': 29574, 'rank': 1, 'fitness': 0.9820137900379085, 'generation': 361}","{'id': 29629, 'rank': 2, 'fitness': 0.9817407720578729, 'generation': 361}","{'id': 29603, 'rank': 3, 'fitness': 0.9816194415962975, 'generation': 361}","{'id': 29603, 'rank': 4, 'fitness': 0.9816194415962975, 'generation': 361}","{'id': 29614, 'rank': 5, 'fitness': 0.9816174981915899, 'generation': 361}","{'id': 29120, 'rank': 6, 'fitness': 0.9816070978597138, 'generation': 361}","{'id': 29120, 'rank': 7, 'fitness': 0.9816070978597138, 'generation': 361}","{'id': 29650, 'rank': 8, 'fitness': 0.9813502853800808, 'generation': 361}","{'id': 29593, 'rank': 9, 'fitness': 0.9811451788388563, 'generation': 361}","{'id': 29602, 'rank': 10, 'fitness': 0.9808954812950803, 'generation': 361}","{'id': 29652, 'rank': 11, 'fitness': 0.9808547027985963, 'generation': 361}","{'id': 29634, 'rank': 12, 'fitness': 0.9807762210363771, 'generation': 361}","{'id': 29482, 'rank': 13, 'fitness': 0.9806824722385299, 'generation': 361}","{'id': 29435, 'rank': 14, 'fitness': 0.9806445791253102, 'generation': 361}","{'id': 29630, 'rank': 15, 'fitness': 0.9803678144738782, 'generation': 361}","{'id': 29619, 'rank': 16, 'fitness': 0.9798952142231301, 'generation': 361}","{'id': 29257, 'rank': 17, 'fitness': 0.9796123819205138, 'generation': 361}","{'id': 29553, 'rank': 18, 'fitness': 0.9796010567404929, 'generation': 361}","{'id': 29553, 'rank': 19, 'fitness': 0.9796010567404929, 'generation': 361}","{'id': 29601, 'rank': 20, 'fitness': 0.9792857547245963, 'generation': 361}","{'id': 29626, 'rank': 21, 'fitness': 0.9792827950146058, 'generation': 361}","{'id': 29537, 'rank': 22, 'fitness': 0.9791714228242498, 'generation': 361}","{'id': 29537, 'rank': 23, 'fitness': 0.9791714228242498, 'generation': 361}","{'id': 29635, 'rank': 24, 'fitness': 0.9790204896970656, 'generation': 361}","{'id': 29596, 'rank': 25, 'fitness': 0.9784064323209507, 'generation': 361}","{'id': 29606, 'rank': 26, 'fitness': 0.9758838530104829, 'generation': 361}","{'id': 29539, 'rank': 27, 'fitness': 0.9747945997867771, 'generation': 361}","{'id': 29562, 'rank': 28, 'fitness': 0.9709215157548721, 'generation': 361}","{'id': 29656, 'rank': 29, 'fitness': 0.9692839532714166, 'generation': 361}","{'id': 29570, 'rank': 30, 'fitness': 0.01798620996209155, 'generation': 361}"
"{'id': 29603, 'rank': 1, 'fitness': 0.9820137900379085, 'generation': 362}","{'id': 29674, 'rank': 2, 'fitness': 0.9819277973503847, 'generation': 362}","{'id': 29700, 'rank': 3, 'fitness': 0.9814306201329026, 'generation': 362}","{'id': 29698, 'rank': 4, 'fitness': 0.9802568976698466, 'generation': 362}","{'id': 29650, 'rank': 5, 'fitness': 0.9800797738950172, 'generation': 362}","{'id': 29741, 'rank': 6, 'fitness': 0.9793903522364187, 'generation': 362}","{'id': 29741, 'rank': 7, 'fitness': 0.9793903522364187, 'generation': 362}","{'id': 29690, 'rank': 8, 'fitness': 0.9788695392560558, 'generation': 362}","{'id': 29682, 'rank': 9, 'fitness': 0.9771234008808414, 'generation': 362}","{'id': 29666, 'rank': 10, 'fitness': 0.976904264340346, 'generation': 362}","{'id': 29680, 'rank': 11, 'fitness': 0.976158861385025, 'generation': 362}","{'id': 29680, 'rank': 12, 'fitness': 0.976158861385025, 'generation': 362}","{'id': 29689, 'rank': 13, 'fitness': 0.9755858094360659, 'generation': 362}","{'id': 29482, 'rank': 14, 'fitness': 0.9745147749526296, 'generation': 362}","{'id': 29684, 'rank': 15, 'fitness': 0.9738675716447144, 'generation': 362}","{'id': 29705, 'rank': 16, 'fitness': 0.9704535706159599, 'generation': 362}","{'id': 29678, 'rank': 17, 'fitness': 0.9653518635514764, 'generation': 362}","{'id': 29729, 'rank': 18, 'fitness': 0.963406982294146, 'generation': 362}","{'id': 29734, 'rank': 19, 'fitness': 0.9597183736781177, 'generation': 362}","{'id': 29601, 'rank': 20, 'fitness': 0.9586391496530948, 'generation': 362}","{'id': 29537, 'rank': 21, 'fitness': 0.9570439942413655, 'generation': 362}","{'id': 29676, 'rank': 22, 'fitness': 0.9566278427960091, 'generation': 362}","{'id': 29725, 'rank': 23, 'fitness': 0.9561277343000232, 'generation': 362}","{'id': 29740, 'rank': 24, 'fitness': 0.9518959172925258, 'generation': 362}","{'id': 29694, 'rank': 25, 'fitness': 0.9390240320257677, 'generation': 362}","{'id': 29727, 'rank': 26, 'fitness': 0.9200573816235251, 'generation': 362}","{'id': 29714, 'rank': 27, 'fitness': 0.9136295830704394, 'generation': 362}","{'id': 29735, 'rank': 28, 'fitness': 0.721297000627146, 'generation': 362}","{'id': 29685, 'rank': 29, 'fitness': 0.6165494894904222, 'generation': 362}","{'id': 29707, 'rank': 30, 'fitness': 0.01798620996209155, 'generation': 362}"
"{'id': 29766, 'rank': 1, 'fitness': 0.9820137900379085, 'generation': 363}","{'id': 29807, 'rank': 2, 'fitness': 0.9819274944065428, 'generation': 363}","{'id': 29753, 'rank': 3, 'fitness': 0.9818429527207228, 'generation': 363}","{'id': 29821, 'rank': 4, 'fitness': 0.9814801902082297, 'generation': 363}","{'id': 29741, 'rank': 5, 'fitness': 0.9814684276451766, 'generation': 363}","{'id': 29824, 'rank': 6, 'fitness': 0.9811463998631079, 'generation': 363}","{'id': 29799, 'rank': 7, 'fitness': 0.9809926099518749, 'generation': 363}","{'id': 29802, 'rank': 8, 'fitness': 0.9809559177585232, 'generation': 363}","{'id': 29705, 'rank': 9, 'fitness': 0.9807267486059053, 'generation': 363}","{'id': 29774, 'rank': 10, 'fitness': 0.9802958474094281, 'generation': 363}","{'id': 29537, 'rank': 11, 'fitness': 0.9799160557085254, 'generation': 363}","{'id': 29765, 'rank': 12, 'fitness': 0.9791555500606255, 'generation': 363}","{'id': 29761, 'rank': 13, 'fitness': 0.9790154857696372, 'generation': 363}","{'id': 29785, 'rank': 14, 'fitness': 0.9786191854158582, 'generation': 363}","{'id': 29758, 'rank': 15, 'fitness': 0.9784468429121499, 'generation': 363}","{'id': 29714, 'rank': 16, 'fitness': 0.9782655680505996, 'generation': 363}","{'id': 29714, 'rank': 17, 'fitness': 0.9782655680505996, 'generation': 363}","{'id': 29714, 'rank': 18, 'fitness': 0.9782655680505996, 'generation': 363}","{'id': 29749, 'rank': 19, 'fitness': 0.9775893758443955, 'generation': 363}","{'id': 29749, 'rank': 20, 'fitness': 0.9775893758443955, 'generation': 363}","{'id': 29767, 'rank': 21, 'fitness': 0.9774741747381435, 'generation': 363}","{'id': 29767, 'rank': 22, 'fitness': 0.9774741747381435, 'generation': 363}","{'id': 29767, 'rank': 23, 'fitness': 0.9774741747381435, 'generation': 363}","{'id': 29779, 'rank': 24, 'fitness': 0.9772246390996767, 'generation': 363}","{'id': 29809, 'rank': 25, 'fitness': 0.9754441399796938, 'generation': 363}","{'id': 29818, 'rank': 26, 'fitness': 0.9746667921125672, 'generation': 363}","{'id': 29818, 'rank': 27, 'fitness': 0.9746667921125672, 'generation': 363}","{'id': 29826, 'rank': 28, 'fitness': 0.9689983018171082, 'generation': 363}","{'id': 29771, 'rank': 29, 'fitness': 0.9608320743240035, 'generation': 363}","{'id': 29757, 'rank': 30, 'fitness': 0.01798620996209155, 'generation': 363}"
"{'id': 29838, 'rank': 1, 'fitness': 0.9820137900379085, 'generation': 364}","{'id': 29845, 'rank': 2, 'fitness': 0.9819274777869873, 'generation': 364}","{'id': 29807, 'rank': 3, 'fitness': 0.981457386943607, 'generation': 364}","{'id': 29904, 'rank': 4, 'fitness': 0.9812426861026324, 'generation': 364}","{'id': 29753, 'rank': 5, 'fitness': 0.9807898177893459, 'generation': 364}","{'id': 29903, 'rank': 6, 'fitness': 0.9800177007107882, 'generation': 364}","{'id': 29741, 'rank': 7, 'fitness': 0.9775810131175677, 'generation': 364}","{'id': 29870, 'rank': 8, 'fitness': 0.9745725243660406, 'generation': 364}","{'id': 29824, 'rank': 9, 'fitness': 0.9744695261184633, 'generation': 364}","{'id': 29824, 'rank': 10, 'fitness': 0.9744695261184633, 'generation': 364}","{'id': 29802, 'rank': 11, 'fitness': 0.9724631139363655, 'generation': 364}","{'id': 29865, 'rank': 12, 'fitness': 0.9697058884107153, 'generation': 364}","{'id': 29774, 'rank': 13, 'fitness': 0.9644554975185092, 'generation': 364}","{'id': 29537, 'rank': 14, 'fitness': 0.959028482394708, 'generation': 364}","{'id': 29858, 'rank': 15, 'fitness': 0.9570804162325377, 'generation': 364}","{'id': 29901, 'rank': 16, 'fitness': 0.9556000351963074, 'generation': 364}","{'id': 29832, 'rank': 17, 'fitness': 0.9553627529720331, 'generation': 364}","{'id': 29907, 'rank': 18, 'fitness': 0.9523092333046124, 'generation': 364}","{'id': 29837, 'rank': 19, 'fitness': 0.946711812208767, 'generation': 364}","{'id': 29884, 'rank': 20, 'fitness': 0.9272398594267466, 'generation': 364}","{'id': 29861, 'rank': 21, 'fitness': 0.9251650661137432, 'generation': 364}","{'id': 29749, 'rank': 22, 'fitness': 0.9091794608320044, 'generation': 364}","{'id': 29887, 'rank': 23, 'fitness': 0.9070511961664336, 'generation': 364}","{'id': 29864, 'rank': 24, 'fitness': 0.8943233897996068, 'generation': 364}","{'id': 29863, 'rank': 25, 'fitness': 0.8361676842616705, 'generation': 364}","{'id': 29856, 'rank': 26, 'fitness': 0.8347588834809413, 'generation': 364}","{'id': 29839, 'rank': 27, 'fitness': 0.5017227284596865, 'generation': 364}","{'id': 29874, 'rank': 28, 'fitness': 0.1409994244031611, 'generation': 364}","{'id': 29771, 'rank': 29, 'fitness': 0.11284451635375697, 'generation': 364}","{'id': 29875, 'rank': 30, 'fitness': 0.01798620996209155, 'generation': 364}"
"{'id': 29942, 'rank': 1, 'fitness': 0.9820137900379085, 'generation': 365}","{'id': 29922, 'rank': 2, 'fitness': 0.982012368683409, 'generation': 365}","{'id': 29904, 'rank': 3, 'fitness': 0.9820056217072992, 'generation': 365}","{'id': 29903, 'rank': 4, 'fitness': 0.9819757612379181, 'generation': 365}","{'id': 29941, 'rank': 5, 'fitness': 0.9819718504314876, 'generation': 365}","{'id': 29741, 'rank': 6, 'fitness': 0.9819212259573369, 'generation': 365}","{'id': 29923, 'rank': 7, 'fitness': 0.981920253213756, 'generation': 365}","{'id': 29979, 'rank': 8, 'fitness': 0.9819105351102583, 'generation': 365}","{'id': 29932, 'rank': 9, 'fitness': 0.9818929477073823, 'generation': 365}","{'id': 29969, 'rank': 10, 'fitness': 0.98187330753179, 'generation': 365}","{'id': 29824, 'rank': 11, 'fitness': 0.9818592569692138, 'generation': 365}","{'id': 29824, 'rank': 12, 'fitness': 0.9818592569692138, 'generation': 365}","{'id': 29925, 'rank': 13, 'fitness': 0.981829664776274, 'generation': 365}","{'id': 29925, 'rank': 14, 'fitness': 0.981829664776274, 'generation': 365}","{'id': 29802, 'rank': 15, 'fitness': 0.9818229923358834, 'generation': 365}","{'id': 29928, 'rank': 16, 'fitness': 0.9817217890480952, 'generation': 365}","{'id': 29928, 'rank': 17, 'fitness': 0.9817217890480952, 'generation': 365}","{'id': 29907, 'rank': 18, 'fitness': 0.9815547525161952, 'generation': 365}","{'id': 29884, 'rank': 19, 'fitness': 0.9813407297419469, 'generation': 365}","{'id': 29957, 'rank': 20, 'fitness': 0.9812995949412111, 'generation': 365}","{'id': 29957, 'rank': 21, 'fitness': 0.9812995949412111, 'generation': 365}","{'id': 29939, 'rank': 22, 'fitness': 0.9811956305807403, 'generation': 365}","{'id': 29987, 'rank': 23, 'fitness': 0.9810730235386884, 'generation': 365}","{'id': 29985, 'rank': 24, 'fitness': 0.9808599814980707, 'generation': 365}","{'id': 29985, 'rank': 25, 'fitness': 0.9808599814980707, 'generation': 365}","{'id': 29983, 'rank': 26, 'fitness': 0.9808523289993895, 'generation': 365}","{'id': 29980, 'rank': 27, 'fitness': 0.9802890362220498, 'generation': 365}","{'id': 29839, 'rank': 28, 'fitness': 0.9800846100077756, 'generation': 365}","{'id': 29917, 'rank': 29, 'fitness': 0.9790670517876701, 'generation': 365}","{'id': 29930, 'rank': 30, 'fitness': 0.01798620996209155, 'generation': 365}"
"{'id': 29998, 'rank': 1, 'fitness': 0.9820137900379085, 'generation': 366}","{'id': 30060, 'rank': 2, 'fitness': 0.9807451594215415, 'generation': 366}","{'id': 30043, 'rank': 3, 'fitness': 0.9793863330335175, 'generation': 366}","{'id': 30069, 'rank': 4, 'fitness': 0.9784454494640158, 'generation': 366}","{'id': 29999, 'rank': 5, 'fitness': 0.97767566017003, 'generation': 366}","{'id': 29999, 'rank': 6, 'fitness': 0.97767566017003, 'generation': 366}","{'id': 30000, 'rank': 7, 'fitness': 0.9764295914264232, 'generation': 366}","{'id': 29824, 'rank': 8, 'fitness': 0.9755522390994305, 'generation': 366}","{'id': 29997, 'rank': 9, 'fitness': 0.974609689219823, 'generation': 366}","{'id': 30013, 'rank': 10, 'fitness': 0.9738495275264387, 'generation': 366}","{'id': 30042, 'rank': 11, 'fitness': 0.9705347337541437, 'generation': 366}","{'id': 30065, 'rank': 12, 'fitness': 0.9644971029010787, 'generation': 366}","{'id': 30034, 'rank': 13, 'fitness': 0.9633858753812388, 'generation': 366}","{'id': 30015, 'rank': 14, 'fitness': 0.9616961127995083, 'generation': 366}","{'id': 30009, 'rank': 15, 'fitness': 0.9518453056296037, 'generation': 366}","{'id': 30024, 'rank': 16, 'fitness': 0.9515311621211051, 'generation': 366}","{'id': 30062, 'rank': 17, 'fitness': 0.9501278227589933, 'generation': 366}","{'id': 30008, 'rank': 18, 'fitness': 0.9463970619325474, 'generation': 366}","{'id': 30025, 'rank': 19, 'fitness': 0.9279901704816411, 'generation': 366}","{'id': 30028, 'rank': 20, 'fitness': 0.9072607520015671, 'generation': 366}","{'id': 30028, 'rank': 21, 'fitness': 0.9072607520015671, 'generation': 366}","{'id': 29987, 'rank': 22, 'fitness': 0.8326662338366041, 'generation': 366}","{'id': 29985, 'rank': 23, 'fitness': 0.7417614702056218, 'generation': 366}","{'id': 29980, 'rank': 24, 'fitness': 0.4040929418042532, 'generation': 366}","{'id': 30003, 'rank': 25, 'fitness': 0.3607603967369277, 'generation': 366}","{'id': 29839, 'rank': 26, 'fitness': 0.2900032044791268, 'generation': 366}","{'id': 30018, 'rank': 27, 'fitness': 0.018660285077427896, 'generation': 366}","{'id': 30017, 'rank': 28, 'fitness': 0.01798620996209155, 'generation': 366}","{'id': 30017, 'rank': 29, 'fitness': 0.01798620996209155, 'generation': 366}","{'id': 30017, 'rank': 30, 'fitness': 0.01798620996209155, 'generation': 366}"
"{'id': 30113, 'rank': 1, 'fitness': 0.9820137900379085, 'generation': 367}","{'id': 30130, 'rank': 2, 'fitness': 0.981957243474125, 'generation': 367}","{'id': 30129, 'rank': 3, 'fitness': 0.9819468933838534, 'generation': 367}","{'id': 30127, 'rank': 4, 'fitness': 0.981943856262162, 'generation': 367}","{'id': 30128, 'rank': 5, 'fitness': 0.9819395957904065, 'generation': 367}","{'id': 30128, 'rank': 6, 'fitness': 0.9819395957904065, 'generation': 367}","{'id': 30085, 'rank': 7, 'fitness': 0.9819323785333368, 'generation': 367}","{'id': 30087, 'rank': 8, 'fitness': 0.9819263273160739, 'generation': 367}","{'id': 30135, 'rank': 9, 'fitness': 0.9819221790298451, 'generation': 367}","{'id': 30139, 'rank': 10, 'fitness': 0.9818194943263121, 'generation': 367}","{'id': 30042, 'rank': 11, 'fitness': 0.9817943358996797, 'generation': 367}","{'id': 30042, 'rank': 12, 'fitness': 0.9817943358996797, 'generation': 367}","{'id': 30106, 'rank': 13, 'fitness': 0.9817455568629824, 'generation': 367}","{'id': 30118, 'rank': 14, 'fitness': 0.9816937711199087, 'generation': 367}","{'id': 30118, 'rank': 15, 'fitness': 0.9816937711199087, 'generation': 367}","{'id': 30141, 'rank': 16, 'fitness': 0.9816797413207247, 'generation': 367}","{'id': 30024, 'rank': 17, 'fitness': 0.9816202224542343, 'generation': 367}","{'id': 30008, 'rank': 18, 'fitness': 0.9815843248874974, 'generation': 367}","{'id': 30025, 'rank': 19, 'fitness': 0.98147739042156, 'generation': 367}","{'id': 30028, 'rank': 20, 'fitness': 0.9813832904772423, 'generation': 367}","{'id': 30109, 'rank': 21, 'fitness': 0.9810478943441594, 'generation': 367}","{'id': 30150, 'rank': 22, 'fitness': 0.9802700494250344, 'generation': 367}","{'id': 30146, 'rank': 23, 'fitness': 0.980065971317066, 'generation': 367}","{'id': 30099, 'rank': 24, 'fitness': 0.9792255202985353, 'generation': 367}","{'id': 30097, 'rank': 25, 'fitness': 0.9791309534555417, 'generation': 367}","{'id': 30018, 'rank': 26, 'fitness': 0.9791214070393113, 'generation': 367}","{'id': 30017, 'rank': 27, 'fitness': 0.9791070472561361, 'generation': 367}","{'id': 30017, 'rank': 28, 'fitness': 0.9791070472561361, 'generation': 367}","{'id': 30017, 'rank': 29, 'fitness': 0.9791070472561361, 'generation': 367}","{'id': 30076, 'rank': 30, 'fitness': 0.01798620996209155, 'generation': 367}"
"{'id': 30161, 'rank': 1, 'fitness': 0.9820137900379085, 'generation': 368}","{'id': 30190, 'rank': 2, 'fitness': 0.9812324520851312, 'generation': 368}","{'id': 30127, 'rank': 3, 'fitness': 0.981210403754843, 'generation': 368}","{'id': 30189, 'rank': 4, 'fitness': 0.9809305764602734, 'generation': 368}","{'id': 30185, 'rank': 5, 'fitness': 0.9808304279915939, 'generation': 368}","{'id': 30191, 'rank': 6, 'fitness': 0.9807549279308023, 'generation': 368}","{'id': 30135, 'rank': 7, 'fitness': 0.9805084330180965, 'generation': 368}","{'id': 30164, 'rank': 8, 'fitness': 0.9804646680351845, 'generation': 368}","{'id': 30218, 'rank': 9, 'fitness': 0.9786682205058903, 'generation': 368}","{'id': 30169, 'rank': 10, 'fitness': 0.9784982821482567, 'generation': 368}","{'id': 30169, 'rank': 11, 'fitness': 0.9784982821482567, 'generation': 368}","{'id': 30203, 'rank': 12, 'fitness': 0.9767000937696925, 'generation': 368}","{'id': 30165, 'rank': 13, 'fitness': 0.976193610130254, 'generation': 368}","{'id': 30195, 'rank': 14, 'fitness': 0.9742022009281317, 'generation': 368}","{'id': 30106, 'rank': 15, 'fitness': 0.9737895685636054, 'generation': 368}","{'id': 30106, 'rank': 16, 'fitness': 0.9737895685636054, 'generation': 368}","{'id': 30227, 'rank': 17, 'fitness': 0.9724852906834824, 'generation': 368}","{'id': 30118, 'rank': 18, 'fitness': 0.9714387767351115, 'generation': 368}","{'id': 30118, 'rank': 19, 'fitness': 0.9714387767351115, 'generation': 368}","{'id': 30141, 'rank': 20, 'fitness': 0.9707686288780809, 'generation': 368}","{'id': 30204, 'rank': 21, 'fitness': 0.9677166898818048, 'generation': 368}","{'id': 30153, 'rank': 22, 'fitness': 0.9493444944344498, 'generation': 368}","{'id': 30231, 'rank': 23, 'fitness': 0.945350440440847, 'generation': 368}","{'id': 30226, 'rank': 24, 'fitness': 0.8185709074377664, 'generation': 368}","{'id': 30213, 'rank': 25, 'fitness': 0.554001931680077, 'generation': 368}","{'id': 30209, 'rank': 26, 'fitness': 0.23815521772886028, 'generation': 368}","{'id': 30207, 'rank': 27, 'fitness': 0.23543682708742103, 'generation': 368}","{'id': 30184, 'rank': 28, 'fitness': 0.143177842941271, 'generation': 368}","{'id': 30212, 'rank': 29, 'fitness': 0.09599911685875323, 'generation': 368}","{'id': 30197, 'rank': 30, 'fitness': 0.01798620996209155, 'generation': 368}"
"{'id': 30161, 'rank': 1, 'fitness': 0.9820137900379085, 'generation': 369}","{'id': 30291, 'rank': 2, 'fitness': 0.9819601832099958, 'generation': 369}","{'id': 30250, 'rank': 3, 'fitness': 0.9818094369460924, 'generation': 369}","{'id': 30189, 'rank': 4, 'fitness': 0.981785540263956, 'generation': 369}","{'id': 30243, 'rank': 5, 'fitness': 0.981779249396529, 'generation': 369}","{'id': 30191, 'rank': 6, 'fitness': 0.9817494742174342, 'generation': 369}","{'id': 30277, 'rank': 7, 'fitness': 0.9817342984090214, 'generation': 369}","{'id': 30277, 'rank': 8, 'fitness': 0.9817342984090214, 'generation': 369}","{'id': 30135, 'rank': 9, 'fitness': 0.981699285481849, 'generation': 369}","{'id': 30275, 'rank': 10, 'fitness': 0.9816863737411241, 'generation': 369}","{'id': 30273, 'rank': 11, 'fitness': 0.9816537518908868, 'generation': 369}","{'id': 30279, 'rank': 12, 'fitness': 0.9815723881793128, 'generation': 369}","{'id': 30285, 'rank': 13, 'fitness': 0.9815170898824495, 'generation': 369}","{'id': 30265, 'rank': 14, 'fitness': 0.9813370157295758, 'generation': 369}","{'id': 30264, 'rank': 15, 'fitness': 0.9812394419915422, 'generation': 369}","{'id': 30264, 'rank': 16, 'fitness': 0.9812394419915422, 'generation': 369}","{'id': 30249, 'rank': 17, 'fitness': 0.9811522317214402, 'generation': 369}","{'id': 30284, 'rank': 18, 'fitness': 0.9810460647209228, 'generation': 369}","{'id': 30284, 'rank': 19, 'fitness': 0.9810460647209228, 'generation': 369}","{'id': 30315, 'rank': 20, 'fitness': 0.9808226312093359, 'generation': 369}","{'id': 30303, 'rank': 21, 'fitness': 0.9807607126965574, 'generation': 369}","{'id': 30303, 'rank': 22, 'fitness': 0.9807607126965574, 'generation': 369}","{'id': 30106, 'rank': 23, 'fitness': 0.9804880819183374, 'generation': 369}","{'id': 30267, 'rank': 24, 'fitness': 0.9804094712455272, 'generation': 369}","{'id': 30118, 'rank': 25, 'fitness': 0.9801205834417527, 'generation': 369}","{'id': 30118, 'rank': 26, 'fitness': 0.9801205834417527, 'generation': 369}","{'id': 30311, 'rank': 27, 'fitness': 0.9796662187771012, 'generation': 369}","{'id': 30293, 'rank': 28, 'fitness': 0.9659004504923527, 'generation': 369}","{'id': 30296, 'rank': 29, 'fitness': 0.8879468090412181, 'generation': 369}","{'id': 30292, 'rank': 30, 'fitness': 0.01798620996209155, 'generation': 369}"
"{'id': 30377, 'rank': 1, 'fitness': 0.9820137900379085, 'generation': 370}","{'id': 30372, 'rank': 2, 'fitness': 0.9803163456244837, 'generation': 370}","{'id': 30403, 'rank': 3, 'fitness': 0.979592680654066, 'generation': 370}","{'id': 30403, 'rank': 4, 'fitness': 0.979592680654066, 'generation': 370}","{'id': 30382, 'rank': 5, 'fitness': 0.9791918621881002, 'generation': 370}","{'id': 30343, 'rank': 6, 'fitness': 0.978126409093218, 'generation': 370}","{'id': 30343, 'rank': 7, 'fitness': 0.978126409093218, 'generation': 370}","{'id': 30331, 'rank': 8, 'fitness': 0.97602972162753, 'generation': 370}","{'id': 30135, 'rank': 9, 'fitness': 0.9759335644171894, 'generation': 370}","{'id': 30135, 'rank': 10, 'fitness': 0.9759335644171894, 'generation': 370}","{'id': 30279, 'rank': 11, 'fitness': 0.9742162548871864, 'generation': 370}","{'id': 30401, 'rank': 12, 'fitness': 0.9710982298887747, 'generation': 370}","{'id': 30264, 'rank': 13, 'fitness': 0.9691914491611028, 'generation': 370}","{'id': 30264, 'rank': 14, 'fitness': 0.9691914491611028, 'generation': 370}","{'id': 30376, 'rank': 15, 'fitness': 0.9628908016673383, 'generation': 370}","{'id': 30405, 'rank': 16, 'fitness': 0.9628867948619853, 'generation': 370}","{'id': 30405, 'rank': 17, 'fitness': 0.9628867948619853, 'generation': 370}","{'id': 30267, 'rank': 18, 'fitness': 0.9528206498569038, 'generation': 370}","{'id': 30375, 'rank': 19, 'fitness': 0.9455039172008111, 'generation': 370}","{'id': 30318, 'rank': 20, 'fitness': 0.9442221280203, 'generation': 370}","{'id': 30406, 'rank': 21, 'fitness': 0.9433198627946602, 'generation': 370}","{'id': 30398, 'rank': 22, 'fitness': 0.9383517397690356, 'generation': 370}","{'id': 30340, 'rank': 23, 'fitness': 0.9190944786721233, 'generation': 370}","{'id': 30397, 'rank': 24, 'fitness': 0.9010829390126592, 'generation': 370}","{'id': 30353, 'rank': 25, 'fitness': 0.8953026958531312, 'generation': 370}","{'id': 30341, 'rank': 26, 'fitness': 0.8511343708252584, 'generation': 370}","{'id': 30364, 'rank': 27, 'fitness': 0.7495988537281664, 'generation': 370}","{'id': 30387, 'rank': 28, 'fitness': 0.7414016785295268, 'generation': 370}","{'id': 30386, 'rank': 29, 'fitness': 0.4818613588245375, 'generation': 370}","{'id': 30367, 'rank': 30, 'fitness': 0.01798620996209155, 'generation': 370}"
"{'id': 30410, 'rank': 1, 'fitness': 0.9820137900379085, 'generation': 371}","{'id': 30377, 'rank': 2, 'fitness': 0.9819053287023607, 'generation': 371}","{'id': 30427, 'rank': 3, 'fitness': 0.9809362820746121, 'generation': 371}","{'id': 30490, 'rank': 4, 'fitness': 0.9808662669876436, 'generation': 371}","{'id': 30403, 'rank': 5, 'fitness': 0.9805476173845475, 'generation': 371}","{'id': 30483, 'rank': 6, 'fitness': 0.9798312857108692, 'generation': 371}","{'id': 30483, 'rank': 7, 'fitness': 0.9798312857108692, 'generation': 371}","{'id': 30135, 'rank': 8, 'fitness': 0.9786171307491012, 'generation': 371}","{'id': 30414, 'rank': 9, 'fitness': 0.9780284159418622, 'generation': 371}","{'id': 30450, 'rank': 10, 'fitness': 0.9771850566497178, 'generation': 371}","{'id': 30447, 'rank': 11, 'fitness': 0.977120293394043, 'generation': 371}","{'id': 30401, 'rank': 12, 'fitness': 0.9762435492316951, 'generation': 371}","{'id': 30458, 'rank': 13, 'fitness': 0.975479258091405, 'generation': 371}","{'id': 30480, 'rank': 14, 'fitness': 0.9750255315824035, 'generation': 371}","{'id': 30405, 'rank': 15, 'fitness': 0.9725561624571619, 'generation': 371}","{'id': 30424, 'rank': 16, 'fitness': 0.972513873167375, 'generation': 371}","{'id': 30406, 'rank': 17, 'fitness': 0.9648900371245734, 'generation': 371}","{'id': 30421, 'rank': 18, 'fitness': 0.9586641683962199, 'generation': 371}","{'id': 30353, 'rank': 19, 'fitness': 0.9494149093108097, 'generation': 371}","{'id': 30422, 'rank': 20, 'fitness': 0.9117653249621828, 'generation': 371}","{'id': 30437, 'rank': 21, 'fitness': 0.8951562285657424, 'generation': 371}","{'id': 30435, 'rank': 22, 'fitness': 0.8802916031180412, 'generation': 371}","{'id': 30418, 'rank': 23, 'fitness': 0.8720554149088502, 'generation': 371}","{'id': 30418, 'rank': 24, 'fitness': 0.8720554149088502, 'generation': 371}","{'id': 30470, 'rank': 25, 'fitness': 0.8136677955898861, 'generation': 371}","{'id': 30470, 'rank': 26, 'fitness': 0.8136677955898861, 'generation': 371}","{'id': 30436, 'rank': 27, 'fitness': 0.46050274863179075, 'generation': 371}","{'id': 30367, 'rank': 28, 'fitness': 0.3572038746372138, 'generation': 371}","{'id': 30438, 'rank': 29, 'fitness': 0.01798620996209155, 'generation': 371}","{'id': 30438, 'rank': 30, 'fitness': 0.01798620996209155, 'generation': 371}"
"{'id': 30377, 'rank': 1, 'fitness': 0.9820137900379085, 'generation': 372}","{'id': 30427, 'rank': 2, 'fitness': 0.9815505294684505, 'generation': 372}","{'id': 30490, 'rank': 3, 'fitness': 0.9815175216361435, 'generation': 372}","{'id': 30558, 'rank': 4, 'fitness': 0.9814359190576549, 'generation': 372}","{'id': 30403, 'rank': 5, 'fitness': 0.9813680581105328, 'generation': 372}","{'id': 30555, 'rank': 6, 'fitness': 0.9810536650505999, 'generation': 372}","{'id': 30483, 'rank': 7, 'fitness': 0.9810364813904913, 'generation': 372}","{'id': 30511, 'rank': 8, 'fitness': 0.9808644146212093, 'generation': 372}","{'id': 30570, 'rank': 9, 'fitness': 0.9806428148210746, 'generation': 372}","{'id': 30535, 'rank': 10, 'fitness': 0.9805098851759733, 'generation': 372}","{'id': 30537, 'rank': 11, 'fitness': 0.9802989263224771, 'generation': 372}","{'id': 30537, 'rank': 12, 'fitness': 0.9802989263224771, 'generation': 372}","{'id': 30514, 'rank': 13, 'fitness': 0.9797275607253284, 'generation': 372}","{'id': 30512, 'rank': 14, 'fitness': 0.9790858021350688, 'generation': 372}","{'id': 30529, 'rank': 15, 'fitness': 0.9788701312108594, 'generation': 372}","{'id': 30575, 'rank': 16, 'fitness': 0.9786906479347329, 'generation': 372}","{'id': 30424, 'rank': 17, 'fitness': 0.9779382998380548, 'generation': 372}","{'id': 30520, 'rank': 18, 'fitness': 0.9737891123714175, 'generation': 372}","{'id': 30504, 'rank': 19, 'fitness': 0.9722777253685464, 'generation': 372}","{'id': 30504, 'rank': 20, 'fitness': 0.9722777253685464, 'generation': 372}","{'id': 30504, 'rank': 21, 'fitness': 0.9722777253685464, 'generation': 372}","{'id': 30509, 'rank': 22, 'fitness': 0.9702965317465246, 'generation': 372}","{'id': 30496, 'rank': 23, 'fitness': 0.9692940797866841, 'generation': 372}","{'id': 30545, 'rank': 24, 'fitness': 0.955535841024928, 'generation': 372}","{'id': 30500, 'rank': 25, 'fitness': 0.9306741870390445, 'generation': 372}","{'id': 30550, 'rank': 26, 'fitness': 0.9274093689077907, 'generation': 372}","{'id': 30498, 'rank': 27, 'fitness': 0.8869753621742742, 'generation': 372}","{'id': 30495, 'rank': 28, 'fitness': 0.8510725306400417, 'generation': 372}","{'id': 30543, 'rank': 29, 'fitness': 0.318345500423981, 'generation': 372}","{'id': 30515, 'rank': 30, 'fitness': 0.01798620996209155, 'generation': 372}"
"{'id': 30657, 'rank': 1, 'fitness': 0.9820137900379085, 'generation': 373}","{'id': 30582, 'rank': 2, 'fitness': 0.981915870014971, 'generation': 373}","{'id': 30490, 'rank': 3, 'fitness': 0.9818347824031541, 'generation': 373}","{'id': 30558, 'rank': 4, 'fitness': 0.9818139405579149, 'generation': 373}","{'id': 30483, 'rank': 5, 'fitness': 0.9817128696175927, 'generation': 373}","{'id': 30511, 'rank': 6, 'fitness': 0.981669806498677, 'generation': 373}","{'id': 30584, 'rank': 7, 'fitness': 0.981633217570177, 'generation': 373}","{'id': 30537, 'rank': 8, 'fitness': 0.9815302294392028, 'generation': 373}","{'id': 30537, 'rank': 9, 'fitness': 0.9815302294392028, 'generation': 373}","{'id': 30613, 'rank': 10, 'fitness': 0.9814249769850499, 'generation': 373}","{'id': 30611, 'rank': 11, 'fitness': 0.9813722133466976, 'generation': 373}","{'id': 30581, 'rank': 12, 'fitness': 0.9813146729587034, 'generation': 373}","{'id': 30635, 'rank': 13, 'fitness': 0.981283178486327, 'generation': 373}","{'id': 30592, 'rank': 14, 'fitness': 0.9812603788328097, 'generation': 373}","{'id': 30592, 'rank': 15, 'fitness': 0.9812603788328097, 'generation': 373}","{'id': 30614, 'rank': 16, 'fitness': 0.9812069433223024, 'generation': 373}","{'id': 30424, 'rank': 17, 'fitness': 0.9809770584402344, 'generation': 373}","{'id': 30651, 'rank': 18, 'fitness': 0.9808642289357663, 'generation': 373}","{'id': 30628, 'rank': 19, 'fitness': 0.9804794124364096, 'generation': 373}","{'id': 30648, 'rank': 20, 'fitness': 0.9802152909907005, 'generation': 373}","{'id': 30520, 'rank': 21, 'fitness': 0.9801004207075124, 'generation': 373}","{'id': 30616, 'rank': 22, 'fitness': 0.9798292989188762, 'generation': 373}","{'id': 30616, 'rank': 23, 'fitness': 0.9798292989188762, 'generation': 373}","{'id': 30504, 'rank': 24, 'fitness': 0.9798059228887084, 'generation': 373}","{'id': 30588, 'rank': 25, 'fitness': 0.9791725626035347, 'generation': 373}","{'id': 30579, 'rank': 26, 'fitness': 0.9741673044224664, 'generation': 373}","{'id': 30634, 'rank': 27, 'fitness': 0.9735388118550278, 'generation': 373}","{'id': 30498, 'rank': 28, 'fitness': 0.9704706487485657, 'generation': 373}","{'id': 30623, 'rank': 29, 'fitness': 0.9529476430624793, 'generation': 373}","{'id': 30619, 'rank': 30, 'fitness': 0.01798620996209155, 'generation': 373}"
"{'id': 30657, 'rank': 1, 'fitness': 0.9820137900379085, 'generation': 374}","{'id': 30705, 'rank': 2, 'fitness': 0.9812251891478464, 'generation': 374}","{'id': 30671, 'rank': 3, 'fitness': 0.9809733736168968, 'generation': 374}","{'id': 30718, 'rank': 4, 'fitness': 0.9809073604757013, 'generation': 374}","{'id': 30667, 'rank': 5, 'fitness': 0.9805351771644946, 'generation': 374}","{'id': 30511, 'rank': 6, 'fitness': 0.9801705451482432, 'generation': 374}","{'id': 30728, 'rank': 7, 'fitness': 0.9793866343832571, 'generation': 374}","{'id': 30666, 'rank': 8, 'fitness': 0.978772064698916, 'generation': 374}","{'id': 30611, 'rank': 9, 'fitness': 0.9784584298545147, 'generation': 374}","{'id': 30740, 'rank': 10, 'fitness': 0.9784194539762168, 'generation': 374}","{'id': 30592, 'rank': 11, 'fitness': 0.9777857572854185, 'generation': 374}","{'id': 30592, 'rank': 12, 'fitness': 0.9777857572854185, 'generation': 374}","{'id': 30672, 'rank': 13, 'fitness': 0.976642858611889, 'generation': 374}","{'id': 30663, 'rank': 14, 'fitness': 0.9765579343004065, 'generation': 374}","{'id': 30663, 'rank': 15, 'fitness': 0.9765579343004065, 'generation': 374}","{'id': 30685, 'rank': 16, 'fitness': 0.9757733676522595, 'generation': 374}","{'id': 30698, 'rank': 17, 'fitness': 0.9734074277689889, 'generation': 374}","{'id': 30735, 'rank': 18, 'fitness': 0.9732417249306435, 'generation': 374}","{'id': 30741, 'rank': 19, 'fitness': 0.9727173375916944, 'generation': 374}","{'id': 30741, 'rank': 20, 'fitness': 0.9727173375916944, 'generation': 374}","{'id': 30701, 'rank': 21, 'fitness': 0.964862896881067, 'generation': 374}","{'id': 30688, 'rank': 22, 'fitness': 0.9601669957460149, 'generation': 374}","{'id': 30725, 'rank': 23, 'fitness': 0.9543147695527403, 'generation': 374}","{'id': 30703, 'rank': 24, 'fitness': 0.9501333007106698, 'generation': 374}","{'id': 30742, 'rank': 25, 'fitness': 0.9239499421587816, 'generation': 374}","{'id': 30711, 'rank': 26, 'fitness': 0.19692211065433196, 'generation': 374}","{'id': 30708, 'rank': 27, 'fitness': 0.1969061666661689, 'generation': 374}","{'id': 30708, 'rank': 28, 'fitness': 0.1969061666661689, 'generation': 374}","{'id': 30708, 'rank': 29, 'fitness': 0.1969061666661689, 'generation': 374}","{'id': 30746, 'rank': 30, 'fitness': 0.01798620996209155, 'generation': 374}"
"{'id': 30823, 'rank': 1, 'fitness': 0.9820137900379085, 'generation': 375}","{'id': 30826, 'rank': 2, 'fitness': 0.9815938664742941, 'generation': 375}","{'id': 30783, 'rank': 3, 'fitness': 0.9814997664975267, 'generation': 375}","{'id': 30783, 'rank': 4, 'fitness': 0.9814997664975267, 'generation': 375}","{'id': 30667, 'rank': 5, 'fitness': 0.9813358833690633, 'generation': 375}","{'id': 30775, 'rank': 6, 'fitness': 0.981124757517833, 'generation': 375}","{'id': 30781, 'rank': 7, 'fitness': 0.980833390813383, 'generation': 375}","{'id': 30800, 'rank': 8, 'fitness': 0.9805379461175374, 'generation': 375}","{'id': 30800, 'rank': 9, 'fitness': 0.9805379461175374, 'generation': 375}","{'id': 30728, 'rank': 10, 'fitness': 0.9802275045136157, 'generation': 375}","{'id': 30806, 'rank': 11, 'fitness': 0.9796581077728762, 'generation': 375}","{'id': 30776, 'rank': 12, 'fitness': 0.9787539952251182, 'generation': 375}","{'id': 30776, 'rank': 13, 'fitness': 0.9787539952251182, 'generation': 375}","{'id': 30822, 'rank': 14, 'fitness': 0.9784722160562966, 'generation': 375}","{'id': 30822, 'rank': 15, 'fitness': 0.9784722160562966, 'generation': 375}","{'id': 30817, 'rank': 16, 'fitness': 0.9782041328649558, 'generation': 375}","{'id': 30672, 'rank': 17, 'fitness': 0.9775779550242192, 'generation': 375}","{'id': 30663, 'rank': 18, 'fitness': 0.9774959102615624, 'generation': 375}","{'id': 30685, 'rank': 19, 'fitness': 0.9767378455386977, 'generation': 375}","{'id': 30831, 'rank': 20, 'fitness': 0.9758138261569493, 'generation': 375}","{'id': 30767, 'rank': 21, 'fitness': 0.974774527276296, 'generation': 375}","{'id': 30768, 'rank': 22, 'fitness': 0.9743790707129311, 'generation': 375}","{'id': 30769, 'rank': 23, 'fitness': 0.9742316102919993, 'generation': 375}","{'id': 30820, 'rank': 24, 'fitness': 0.9719727647071891, 'generation': 375}","{'id': 30774, 'rank': 25, 'fitness': 0.9693633929874838, 'generation': 375}","{'id': 30791, 'rank': 26, 'fitness': 0.9633200424095538, 'generation': 375}","{'id': 30798, 'rank': 27, 'fitness': 0.9570561685313513, 'generation': 375}","{'id': 30784, 'rank': 28, 'fitness': 0.8209698737644615, 'generation': 375}","{'id': 30708, 'rank': 29, 'fitness': 0.19913385849936138, 'generation': 375}","{'id': 30746, 'rank': 30, 'fitness': 0.01798620996209155, 'generation': 375}"
"{'id': 30883, 'rank': 1, 'fitness': 0.9820137900379085, 'generation': 376}","{'id': 30849, 'rank': 2, 'fitness': 0.9819979738666955, 'generation': 376}","{'id': 30899, 'rank': 3, 'fitness': 0.9819977733903852, 'generation': 376}","{'id': 30899, 'rank': 4, 'fitness': 0.9819977733903852, 'generation': 376}","{'id': 30899, 'rank': 5, 'fitness': 0.9819977733903852, 'generation': 376}","{'id': 30888, 'rank': 6, 'fitness': 0.9818500068096354, 'generation': 376}","{'id': 30878, 'rank': 7, 'fitness': 0.9818145687396007, 'generation': 376}","{'id': 30851, 'rank': 8, 'fitness': 0.9817693253529298, 'generation': 376}","{'id': 30835, 'rank': 9, 'fitness': 0.9817342362276213, 'generation': 376}","{'id': 30800, 'rank': 10, 'fitness': 0.9816236124981472, 'generation': 376}","{'id': 30848, 'rank': 11, 'fitness': 0.9815806637045367, 'generation': 376}","{'id': 30848, 'rank': 12, 'fitness': 0.9815806637045367, 'generation': 376}","{'id': 30885, 'rank': 13, 'fitness': 0.9815075868200476, 'generation': 376}","{'id': 30902, 'rank': 14, 'fitness': 0.9814898461966608, 'generation': 376}","{'id': 30833, 'rank': 15, 'fitness': 0.9814811458243693, 'generation': 376}","{'id': 30874, 'rank': 16, 'fitness': 0.9814112242367006, 'generation': 376}","{'id': 30868, 'rank': 17, 'fitness': 0.9813259332737467, 'generation': 376}","{'id': 30842, 'rank': 18, 'fitness': 0.98116274770643, 'generation': 376}","{'id': 30776, 'rank': 19, 'fitness': 0.9811593932806497, 'generation': 376}","{'id': 30905, 'rank': 20, 'fitness': 0.9808663045412682, 'generation': 376}","{'id': 30914, 'rank': 21, 'fitness': 0.9806408245714813, 'generation': 376}","{'id': 30831, 'rank': 22, 'fitness': 0.980450483398669, 'generation': 376}","{'id': 30767, 'rank': 23, 'fitness': 0.9802143032329325, 'generation': 376}","{'id': 30767, 'rank': 24, 'fitness': 0.9802143032329325, 'generation': 376}","{'id': 30864, 'rank': 25, 'fitness': 0.9801771508953487, 'generation': 376}","{'id': 30850, 'rank': 26, 'fitness': 0.9801238447301563, 'generation': 376}","{'id': 30906, 'rank': 27, 'fitness': 0.9781562684501202, 'generation': 376}","{'id': 30897, 'rank': 28, 'fitness': 0.9774226641282822, 'generation': 376}","{'id': 30746, 'rank': 29, 'fitness': 0.8493215204279728, 'generation': 376}","{'id': 30838, 'rank': 30, 'fitness': 0.01798620996209155, 'generation': 376}"
"{'id': 30984, 'rank': 1, 'fitness': 0.9820137900379085, 'generation': 377}","{'id': 30883, 'rank': 2, 'fitness': 0.9652618106460644, 'generation': 377}","{'id': 30899, 'rank': 3, 'fitness': 0.9642042674597306, 'generation': 377}","{'id': 30936, 'rank': 4, 'fitness': 0.9606133288353724, 'generation': 377}","{'id': 30851, 'rank': 5, 'fitness': 0.94547517387051, 'generation': 377}","{'id': 30972, 'rank': 6, 'fitness': 0.9398040757671746, 'generation': 377}","{'id': 30977, 'rank': 7, 'fitness': 0.9356747837381834, 'generation': 377}","{'id': 30848, 'rank': 8, 'fitness': 0.9236750639206742, 'generation': 377}","{'id': 30992, 'rank': 9, 'fitness': 0.9047596768537273, 'generation': 377}","{'id': 30868, 'rank': 10, 'fitness': 0.8821996670126186, 'generation': 377}","{'id': 30982, 'rank': 11, 'fitness': 0.8740667754846707, 'generation': 377}","{'id': 30842, 'rank': 12, 'fitness': 0.8467500840130955, 'generation': 377}","{'id': 30979, 'rank': 13, 'fitness': 0.820637598855457, 'generation': 377}","{'id': 30943, 'rank': 14, 'fitness': 0.7889648096240394, 'generation': 377}","{'id': 30948, 'rank': 15, 'fitness': 0.7642822885913094, 'generation': 377}","{'id': 30948, 'rank': 16, 'fitness': 0.7642822885913094, 'generation': 377}","{'id': 30924, 'rank': 17, 'fitness': 0.5671606874625977, 'generation': 377}","{'id': 30924, 'rank': 18, 'fitness': 0.5671606874625977, 'generation': 377}","{'id': 30767, 'rank': 19, 'fitness': 0.4978758724519342, 'generation': 377}","{'id': 30945, 'rank': 20, 'fitness': 0.46134290749244616, 'generation': 377}","{'id': 30925, 'rank': 21, 'fitness': 0.38665776686329667, 'generation': 377}","{'id': 30986, 'rank': 22, 'fitness': 0.37559559651356983, 'generation': 377}","{'id': 30995, 'rank': 23, 'fitness': 0.19720225037405836, 'generation': 377}","{'id': 30944, 'rank': 24, 'fitness': 0.146347520212585, 'generation': 377}","{'id': 30940, 'rank': 25, 'fitness': 0.1347642019675226, 'generation': 377}","{'id': 30939, 'rank': 26, 'fitness': 0.12497919700046917, 'generation': 377}","{'id': 30939, 'rank': 27, 'fitness': 0.12497919700046917, 'generation': 377}","{'id': 30947, 'rank': 28, 'fitness': 0.023601676622936496, 'generation': 377}","{'id': 30949, 'rank': 29, 'fitness': 0.01798620996209155, 'generation': 377}","{'id': 30949, 'rank': 30, 'fitness': 0.01798620996209155, 'generation': 377}"
"{'id': 31044, 'rank': 1, 'fitness': 0.9820137900379085, 'generation': 378}","{'id': 30899, 'rank': 2, 'fitness': 0.9819647705166948, 'generation': 378}","{'id': 30899, 'rank': 3, 'fitness': 0.9819647705166948, 'generation': 378}","{'id': 30936, 'rank': 4, 'fitness': 0.9819209082341755, 'generation': 378}","{'id': 31058, 'rank': 5, 'fitness': 0.9818038837234184, 'generation': 378}","{'id': 30992, 'rank': 6, 'fitness': 0.9814993022633992, 'generation': 378}","{'id': 31061, 'rank': 7, 'fitness': 0.9814031454677958, 'generation': 378}","{'id': 30979, 'rank': 8, 'fitness': 0.9811659999713144, 'generation': 378}","{'id': 30943, 'rank': 9, 'fitness': 0.9810728221309191, 'generation': 378}","{'id': 30948, 'rank': 10, 'fitness': 0.9810068596466464, 'generation': 378}","{'id': 30767, 'rank': 11, 'fitness': 0.9804492054962517, 'generation': 378}","{'id': 30945, 'rank': 12, 'fitness': 0.9803791747419347, 'generation': 378}","{'id': 30945, 'rank': 13, 'fitness': 0.9803791747419347, 'generation': 378}","{'id': 31022, 'rank': 14, 'fitness': 0.9799094513552201, 'generation': 378}","{'id': 31022, 'rank': 15, 'fitness': 0.9799094513552201, 'generation': 378}","{'id': 30944, 'rank': 16, 'fitness': 0.9795935492533057, 'generation': 378}","{'id': 30939, 'rank': 17, 'fitness': 0.9795024652135597, 'generation': 378}","{'id': 30949, 'rank': 18, 'fitness': 0.9784498988069696, 'generation': 378}","{'id': 31038, 'rank': 19, 'fitness': 0.9765717502082198, 'generation': 378}","{'id': 31021, 'rank': 20, 'fitness': 0.9763915481635601, 'generation': 378}","{'id': 31045, 'rank': 21, 'fitness': 0.9662511476015949, 'generation': 378}","{'id': 31023, 'rank': 22, 'fitness': 0.9607780776531762, 'generation': 378}","{'id': 31070, 'rank': 23, 'fitness': 0.9587590394408592, 'generation': 378}","{'id': 31067, 'rank': 24, 'fitness': 0.9483428203149227, 'generation': 378}","{'id': 31067, 'rank': 25, 'fitness': 0.9483428203149227, 'generation': 378}","{'id': 31017, 'rank': 26, 'fitness': 0.7324831766950239, 'generation': 378}","{'id': 31035, 'rank': 27, 'fitness': 0.4595525082875131, 'generation': 378}","{'id': 31034, 'rank': 28, 'fitness': 0.09460850117043318, 'generation': 378}","{'id': 31042, 'rank': 29, 'fitness': 0.031331959878689086, 'generation': 378}","{'id': 31068, 'rank': 30, 'fitness': 0.01798620996209155, 'generation': 378}"
"{'id': 31102, 'rank': 1, 'fitness': 0.9820137900379085, 'generation': 379}","{'id': 30992, 'rank': 2, 'fitness': 0.9817777927808505, 'generation': 379}","{'id': 31163, 'rank': 3, 'fitness': 0.9817102556881531, 'generation': 379}","{'id': 31107, 'rank': 4, 'fitness': 0.9816953632756973, 'generation': 379}","{'id': 31118, 'rank': 5, 'fitness': 0.9813975056607023, 'generation': 379}","{'id': 31131, 'rank': 6, 'fitness': 0.981333570765379, 'generation': 379}","{'id': 31131, 'rank': 7, 'fitness': 0.981333570765379, 'generation': 379}","{'id': 31115, 'rank': 8, 'fitness': 0.9810870270080219, 'generation': 379}","{'id': 31125, 'rank': 9, 'fitness': 0.9808563865772444, 'generation': 379}","{'id': 30945, 'rank': 10, 'fitness': 0.9806719929698248, 'generation': 379}","{'id': 31133, 'rank': 11, 'fitness': 0.9804636939146043, 'generation': 379}","{'id': 31022, 'rank': 12, 'fitness': 0.9802082305139375, 'generation': 379}","{'id': 31079, 'rank': 13, 'fitness': 0.9801533275636585, 'generation': 379}","{'id': 31155, 'rank': 14, 'fitness': 0.9800859380860704, 'generation': 379}","{'id': 31130, 'rank': 15, 'fitness': 0.9797964203487646, 'generation': 379}","{'id': 31090, 'rank': 16, 'fitness': 0.9795112890678412, 'generation': 379}","{'id': 31132, 'rank': 17, 'fitness': 0.979366179883361, 'generation': 379}","{'id': 31168, 'rank': 18, 'fitness': 0.9792201832588822, 'generation': 379}","{'id': 31140, 'rank': 19, 'fitness': 0.9775588199927574, 'generation': 379}","{'id': 31021, 'rank': 20, 'fitness': 0.9767341377868839, 'generation': 379}","{'id': 31093, 'rank': 21, 'fitness': 0.9764528908883712, 'generation': 379}","{'id': 31045, 'rank': 22, 'fitness': 0.9667129420998564, 'generation': 379}","{'id': 31111, 'rank': 23, 'fitness': 0.954171511016395, 'generation': 379}","{'id': 31067, 'rank': 24, 'fitness': 0.9489950569081953, 'generation': 379}","{'id': 31161, 'rank': 25, 'fitness': 0.9480073923477608, 'generation': 379}","{'id': 31136, 'rank': 26, 'fitness': 0.79519581855124, 'generation': 379}","{'id': 31017, 'rank': 27, 'fitness': 0.734380750736741, 'generation': 379}","{'id': 31017, 'rank': 28, 'fitness': 0.734380750736741, 'generation': 379}","{'id': 31042, 'rank': 29, 'fitness': 0.03136543446097667, 'generation': 379}","{'id': 31068, 'rank': 30, 'fitness': 0.01798620996209155, 'generation': 379}"
"{'id': 31249, 'rank': 1, 'fitness': 0.9820137900379085, 'generation': 380}","{'id': 31219, 'rank': 2, 'fitness': 0.9820025410547548, 'generation': 380}","{'id': 31230, 'rank': 3, 'fitness': 0.9818656699994992, 'generation': 380}","{'id': 30992, 'rank': 4, 'fitness': 0.9818341785953497, 'generation': 380}","{'id': 31260, 'rank': 5, 'fitness': 0.9815703343508361, 'generation': 380}","{'id': 31199, 'rank': 6, 'fitness': 0.9812423175060851, 'generation': 380}","{'id': 31115, 'rank': 7, 'fitness': 0.981091254486196, 'generation': 380}","{'id': 31115, 'rank': 8, 'fitness': 0.981091254486196, 'generation': 380}","{'id': 31216, 'rank': 9, 'fitness': 0.981033119480383, 'generation': 380}","{'id': 31185, 'rank': 10, 'fitness': 0.9810302841913329, 'generation': 380}","{'id': 31215, 'rank': 11, 'fitness': 0.9809089357016691, 'generation': 380}","{'id': 31241, 'rank': 12, 'fitness': 0.9808996062098234, 'generation': 380}","{'id': 31125, 'rank': 13, 'fitness': 0.9808427366251622, 'generation': 380}","{'id': 31231, 'rank': 14, 'fitness': 0.9808046879989631, 'generation': 380}","{'id': 31253, 'rank': 15, 'fitness': 0.9801676829977988, 'generation': 380}","{'id': 31179, 'rank': 16, 'fitness': 0.9801292584811068, 'generation': 380}","{'id': 31227, 'rank': 17, 'fitness': 0.9798891235299725, 'generation': 380}","{'id': 31228, 'rank': 18, 'fitness': 0.9798090410809877, 'generation': 380}","{'id': 31255, 'rank': 19, 'fitness': 0.9796917428028041, 'generation': 380}","{'id': 31229, 'rank': 20, 'fitness': 0.9796364682683143, 'generation': 380}","{'id': 31175, 'rank': 21, 'fitness': 0.9793995376296941, 'generation': 380}","{'id': 31175, 'rank': 22, 'fitness': 0.9793995376296941, 'generation': 380}","{'id': 31196, 'rank': 23, 'fitness': 0.9789848785062799, 'generation': 380}","{'id': 31244, 'rank': 24, 'fitness': 0.9784284089049194, 'generation': 380}","{'id': 31225, 'rank': 25, 'fitness': 0.9780035772909551, 'generation': 380}","{'id': 31197, 'rank': 26, 'fitness': 0.9749289971191308, 'generation': 380}","{'id': 31202, 'rank': 27, 'fitness': 0.9718604510676507, 'generation': 380}","{'id': 31190, 'rank': 28, 'fitness': 0.8750042261362526, 'generation': 380}","{'id': 31207, 'rank': 29, 'fitness': 0.026874600265250514, 'generation': 380}","{'id': 31042, 'rank': 30, 'fitness': 0.01798620996209155, 'generation': 380}"
"{'id': 31276, 'rank': 1, 'fitness': 0.9820137900379085, 'generation': 381}","{'id': 31274, 'rank': 2, 'fitness': 0.981964434719975, 'generation': 381}","{'id': 31278, 'rank': 3, 'fitness': 0.9817135153097322, 'generation': 381}","{'id': 31285, 'rank': 4, 'fitness': 0.9814362852621579, 'generation': 381}","{'id': 30992, 'rank': 5, 'fitness': 0.9813080472912272, 'generation': 381}","{'id': 31308, 'rank': 6, 'fitness': 0.9810278363222548, 'generation': 381}","{'id': 31306, 'rank': 7, 'fitness': 0.9809030720789714, 'generation': 381}","{'id': 31284, 'rank': 8, 'fitness': 0.9805737981555358, 'generation': 381}","{'id': 31289, 'rank': 9, 'fitness': 0.9805063788451789, 'generation': 381}","{'id': 31289, 'rank': 10, 'fitness': 0.9805063788451789, 'generation': 381}","{'id': 31216, 'rank': 11, 'fitness': 0.9803219658323623, 'generation': 381}","{'id': 31215, 'rank': 12, 'fitness': 0.9801683927266047, 'generation': 381}","{'id': 31241, 'rank': 13, 'fitness': 0.9801568477728375, 'generation': 381}","{'id': 31241, 'rank': 14, 'fitness': 0.9801568477728375, 'generation': 381}","{'id': 31286, 'rank': 15, 'fitness': 0.9790883806182309, 'generation': 381}","{'id': 31286, 'rank': 16, 'fitness': 0.9790883806182309, 'generation': 381}","{'id': 31328, 'rank': 17, 'fitness': 0.9789108644341802, 'generation': 381}","{'id': 31297, 'rank': 18, 'fitness': 0.9784070336967496, 'generation': 381}","{'id': 31297, 'rank': 19, 'fitness': 0.9784070336967496, 'generation': 381}","{'id': 31295, 'rank': 20, 'fitness': 0.977899641761105, 'generation': 381}","{'id': 31295, 'rank': 21, 'fitness': 0.977899641761105, 'generation': 381}","{'id': 31344, 'rank': 22, 'fitness': 0.9775325121185615, 'generation': 381}","{'id': 31344, 'rank': 23, 'fitness': 0.9775325121185615, 'generation': 381}","{'id': 31332, 'rank': 24, 'fitness': 0.9771762892799527, 'generation': 381}","{'id': 31335, 'rank': 25, 'fitness': 0.9750732463937389, 'generation': 381}","{'id': 31335, 'rank': 26, 'fitness': 0.9750732463937389, 'generation': 381}","{'id': 31323, 'rank': 27, 'fitness': 0.9743349221835935, 'generation': 381}","{'id': 31261, 'rank': 28, 'fitness': 0.97364782570152, 'generation': 381}","{'id': 31343, 'rank': 29, 'fitness': 0.9690026841405746, 'generation': 381}","{'id': 31340, 'rank': 30, 'fitness': 0.01798620996209155, 'generation': 381}"
"{'id': 31412, 'rank': 1, 'fitness': 0.9820137900379085, 'generation': 382}","{'id': 31276, 'rank': 2, 'fitness': 0.9806242775359344, 'generation': 382}","{'id': 31276, 'rank': 3, 'fitness': 0.9806242775359344, 'generation': 382}","{'id': 31274, 'rank': 4, 'fitness': 0.9800195149069991, 'generation': 382}","{'id': 31278, 'rank': 5, 'fitness': 0.9766769881839985, 'generation': 382}","{'id': 31413, 'rank': 6, 'fitness': 0.9754397274967824, 'generation': 382}","{'id': 31389, 'rank': 7, 'fitness': 0.9728716486890192, 'generation': 382}","{'id': 31437, 'rank': 8, 'fitness': 0.9667524403670165, 'generation': 382}","{'id': 31350, 'rank': 9, 'fitness': 0.9461474264389154, 'generation': 382}","{'id': 31431, 'rank': 10, 'fitness': 0.9423450942759339, 'generation': 382}","{'id': 31372, 'rank': 11, 'fitness': 0.9361435689208707, 'generation': 382}","{'id': 31380, 'rank': 12, 'fitness': 0.9356759057564838, 'generation': 382}","{'id': 31374, 'rank': 13, 'fitness': 0.9247490738904531, 'generation': 382}","{'id': 31374, 'rank': 14, 'fitness': 0.9247490738904531, 'generation': 382}","{'id': 31359, 'rank': 15, 'fitness': 0.9212707786214827, 'generation': 382}","{'id': 31391, 'rank': 16, 'fitness': 0.913694215840523, 'generation': 382}","{'id': 31367, 'rank': 17, 'fitness': 0.8986910544312843, 'generation': 382}","{'id': 31328, 'rank': 18, 'fitness': 0.8909545024809951, 'generation': 382}","{'id': 31328, 'rank': 19, 'fitness': 0.8909545024809951, 'generation': 382}","{'id': 31352, 'rank': 20, 'fitness': 0.8807250637573277, 'generation': 382}","{'id': 31297, 'rank': 21, 'fitness': 0.8617008955956805, 'generation': 382}","{'id': 31295, 'rank': 22, 'fitness': 0.8267425528806217, 'generation': 382}","{'id': 31295, 'rank': 23, 'fitness': 0.8267425528806217, 'generation': 382}","{'id': 31346, 'rank': 24, 'fitness': 0.8023229941218155, 'generation': 382}","{'id': 31346, 'rank': 25, 'fitness': 0.8023229941218155, 'generation': 382}","{'id': 31344, 'rank': 26, 'fitness': 0.7979279114317768, 'generation': 382}","{'id': 31408, 'rank': 27, 'fitness': 0.7608054875700241, 'generation': 382}","{'id': 31408, 'rank': 28, 'fitness': 0.7608054875700241, 'generation': 382}","{'id': 31343, 'rank': 29, 'fitness': 0.08779539106875156, 'generation': 382}","{'id': 31355, 'rank': 30, 'fitness': 0.01798620996209155, 'generation': 382}"
"{'id': 31471, 'rank': 1, 'fitness': 0.9820137900379085, 'generation': 383}","{'id': 31453, 'rank': 2, 'fitness': 0.9819719127181759, 'generation': 383}","{'id': 31443, 'rank': 3, 'fitness': 0.981858111134013, 'generation': 383}","{'id': 31413, 'rank': 4, 'fitness': 0.9818480235297561, 'generation': 383}","{'id': 31463, 'rank': 5, 'fitness': 0.9818075138440772, 'generation': 383}","{'id': 31475, 'rank': 6, 'fitness': 0.9817761463835643, 'generation': 383}","{'id': 31514, 'rank': 7, 'fitness': 0.9817441790179098, 'generation': 383}","{'id': 31461, 'rank': 8, 'fitness': 0.9817406202805969, 'generation': 383}","{'id': 31459, 'rank': 9, 'fitness': 0.981614839491008, 'generation': 383}","{'id': 31437, 'rank': 10, 'fitness': 0.9815603421069646, 'generation': 383}","{'id': 31374, 'rank': 11, 'fitness': 0.9807422457693913, 'generation': 383}","{'id': 31295, 'rank': 12, 'fitness': 0.9798026582818593, 'generation': 383}","{'id': 31444, 'rank': 13, 'fitness': 0.978947598714778, 'generation': 383}","{'id': 31444, 'rank': 14, 'fitness': 0.978947598714778, 'generation': 383}","{'id': 31439, 'rank': 15, 'fitness': 0.9783062175499142, 'generation': 383}","{'id': 31440, 'rank': 16, 'fitness': 0.9777706727804917, 'generation': 383}","{'id': 31440, 'rank': 17, 'fitness': 0.9777706727804917, 'generation': 383}","{'id': 31440, 'rank': 18, 'fitness': 0.9777706727804917, 'generation': 383}","{'id': 31503, 'rank': 19, 'fitness': 0.9775489657296341, 'generation': 383}","{'id': 31343, 'rank': 20, 'fitness': 0.9754280482272025, 'generation': 383}","{'id': 31441, 'rank': 21, 'fitness': 0.9752994197602507, 'generation': 383}","{'id': 31441, 'rank': 22, 'fitness': 0.9752994197602507, 'generation': 383}","{'id': 31477, 'rank': 23, 'fitness': 0.97478611717626, 'generation': 383}","{'id': 31477, 'rank': 24, 'fitness': 0.97478611717626, 'generation': 383}","{'id': 31489, 'rank': 25, 'fitness': 0.9697337621301838, 'generation': 383}","{'id': 31489, 'rank': 26, 'fitness': 0.9697337621301838, 'generation': 383}","{'id': 31467, 'rank': 27, 'fitness': 0.9608459394646913, 'generation': 383}","{'id': 31467, 'rank': 28, 'fitness': 0.9608459394646913, 'generation': 383}","{'id': 31496, 'rank': 29, 'fitness': 0.752048813452364, 'generation': 383}","{'id': 31508, 'rank': 30, 'fitness': 0.01798620996209155, 'generation': 383}"
"{'id': 31539, 'rank': 1, 'fitness': 0.9820137900379085, 'generation': 384}","{'id': 31453, 'rank': 2, 'fitness': 0.9813437461660499, 'generation': 384}","{'id': 31568, 'rank': 3, 'fitness': 0.9804656484724156, 'generation': 384}","{'id': 31475, 'rank': 4, 'fitness': 0.9795259446035258, 'generation': 384}","{'id': 31566, 'rank': 5, 'fitness': 0.9790872184953481, 'generation': 384}","{'id': 31574, 'rank': 6, 'fitness': 0.978318803325785, 'generation': 384}","{'id': 31574, 'rank': 7, 'fitness': 0.978318803325785, 'generation': 384}","{'id': 31594, 'rank': 8, 'fitness': 0.9781646690531771, 'generation': 384}","{'id': 31459, 'rank': 9, 'fitness': 0.977914908799216, 'generation': 384}","{'id': 31567, 'rank': 10, 'fitness': 0.9747351200729808, 'generation': 384}","{'id': 31567, 'rank': 11, 'fitness': 0.9747351200729808, 'generation': 384}","{'id': 31533, 'rank': 12, 'fitness': 0.9590218577812957, 'generation': 384}","{'id': 31517, 'rank': 13, 'fitness': 0.955289042066725, 'generation': 384}","{'id': 31548, 'rank': 14, 'fitness': 0.953095694034628, 'generation': 384}","{'id': 31295, 'rank': 15, 'fitness': 0.9509274675545425, 'generation': 384}","{'id': 31532, 'rank': 16, 'fitness': 0.9394974115941919, 'generation': 384}","{'id': 31584, 'rank': 17, 'fitness': 0.9184879481851684, 'generation': 384}","{'id': 31584, 'rank': 18, 'fitness': 0.9184879481851684, 'generation': 384}","{'id': 31588, 'rank': 19, 'fitness': 0.9097030914713466, 'generation': 384}","{'id': 31528, 'rank': 20, 'fitness': 0.8368145527514868, 'generation': 384}","{'id': 31343, 'rank': 21, 'fitness': 0.7747520667374385, 'generation': 384}","{'id': 31441, 'rank': 22, 'fitness': 0.7665965804965743, 'generation': 384}","{'id': 31441, 'rank': 23, 'fitness': 0.7665965804965743, 'generation': 384}","{'id': 31441, 'rank': 24, 'fitness': 0.7665965804965743, 'generation': 384}","{'id': 31521, 'rank': 25, 'fitness': 0.4664963558775229, 'generation': 384}","{'id': 31598, 'rank': 26, 'fitness': 0.44312296264407264, 'generation': 384}","{'id': 31489, 'rank': 27, 'fitness': 0.35159868165605596, 'generation': 384}","{'id': 31489, 'rank': 28, 'fitness': 0.35159868165605596, 'generation': 384}","{'id': 31573, 'rank': 29, 'fitness': 0.15132435906826425, 'generation': 384}","{'id': 31546, 'rank': 30, 'fitness': 0.01798620996209155, 'generation': 384}"
"{'id': 31453, 'rank': 1, 'fitness': 0.9820137900379085, 'generation': 385}","{'id': 31453, 'rank': 2, 'fitness': 0.9820137900379085, 'generation': 385}","{'id': 31614, 'rank': 3, 'fitness': 0.9819517661325832, 'generation': 385}","{'id': 31673, 'rank': 4, 'fitness': 0.9819466111251753, 'generation': 385}","{'id': 31574, 'rank': 5, 'fitness': 0.981544791371711, 'generation': 385}","{'id': 31574, 'rank': 6, 'fitness': 0.981544791371711, 'generation': 385}","{'id': 31615, 'rank': 7, 'fitness': 0.9812857556389059, 'generation': 385}","{'id': 31615, 'rank': 8, 'fitness': 0.9812857556389059, 'generation': 385}","{'id': 31667, 'rank': 9, 'fitness': 0.9812261016923857, 'generation': 385}","{'id': 31624, 'rank': 10, 'fitness': 0.9811346132678911, 'generation': 385}","{'id': 31624, 'rank': 11, 'fitness': 0.9811346132678911, 'generation': 385}","{'id': 31662, 'rank': 12, 'fitness': 0.9801297935236765, 'generation': 385}","{'id': 31629, 'rank': 13, 'fitness': 0.9781273700438726, 'generation': 385}","{'id': 31675, 'rank': 14, 'fitness': 0.9751554268749489, 'generation': 385}","{'id': 31676, 'rank': 15, 'fitness': 0.974977999115382, 'generation': 385}","{'id': 31650, 'rank': 16, 'fitness': 0.9746841334363412, 'generation': 385}","{'id': 31528, 'rank': 17, 'fitness': 0.9734539383628247, 'generation': 385}","{'id': 31626, 'rank': 18, 'fitness': 0.9717748130398008, 'generation': 385}","{'id': 31626, 'rank': 19, 'fitness': 0.9717748130398008, 'generation': 385}","{'id': 31441, 'rank': 20, 'fitness': 0.9714129121378636, 'generation': 385}","{'id': 31677, 'rank': 21, 'fitness': 0.9688520288275302, 'generation': 385}","{'id': 31627, 'rank': 22, 'fitness': 0.9648799109171771, 'generation': 385}","{'id': 31627, 'rank': 23, 'fitness': 0.9648799109171771, 'generation': 385}","{'id': 31627, 'rank': 24, 'fitness': 0.9648799109171771, 'generation': 385}","{'id': 31489, 'rank': 25, 'fitness': 0.961500022147273, 'generation': 385}","{'id': 31546, 'rank': 26, 'fitness': 0.9333037427043438, 'generation': 385}","{'id': 31609, 'rank': 27, 'fitness': 0.8362354325574932, 'generation': 385}","{'id': 31606, 'rank': 28, 'fitness': 0.7376851119757677, 'generation': 385}","{'id': 31620, 'rank': 29, 'fitness': 0.01798620996209155, 'generation': 385}","{'id': 31620, 'rank': 30, 'fitness': 0.01798620996209155, 'generation': 385}"
"{'id': 31716, 'rank': 1, 'fitness': 0.9820137900379085, 'generation': 386}","{'id': 31705, 'rank': 2, 'fitness': 0.9802447253863187, 'generation': 386}","{'id': 31614, 'rank': 3, 'fitness': 0.9786162877790525, 'generation': 386}","{'id': 31703, 'rank': 4, 'fitness': 0.9761950160007415, 'generation': 386}","{'id': 31574, 'rank': 5, 'fitness': 0.9742676345802315, 'generation': 386}","{'id': 31574, 'rank': 6, 'fitness': 0.9742676345802315, 'generation': 386}","{'id': 31760, 'rank': 7, 'fitness': 0.9740030528932739, 'generation': 386}","{'id': 31758, 'rank': 8, 'fitness': 0.9702846951187423, 'generation': 386}","{'id': 31723, 'rank': 9, 'fitness': 0.9690183106352093, 'generation': 386}","{'id': 31750, 'rank': 10, 'fitness': 0.9629253694445967, 'generation': 386}","{'id': 31731, 'rank': 11, 'fitness': 0.959598037473004, 'generation': 386}","{'id': 31751, 'rank': 12, 'fitness': 0.9556603786047907, 'generation': 386}","{'id': 31710, 'rank': 13, 'fitness': 0.92467311190363, 'generation': 386}","{'id': 31629, 'rank': 14, 'fitness': 0.8990641619727009, 'generation': 386}","{'id': 31691, 'rank': 15, 'fitness': 0.8908097697744016, 'generation': 386}","{'id': 31694, 'rank': 16, 'fitness': 0.8460378323952337, 'generation': 386}","{'id': 31693, 'rank': 17, 'fitness': 0.784157710824244, 'generation': 386}","{'id': 31675, 'rank': 18, 'fitness': 0.749907434805277, 'generation': 386}","{'id': 31692, 'rank': 19, 'fitness': 0.7249258818027945, 'generation': 386}","{'id': 31692, 'rank': 20, 'fitness': 0.7249258818027945, 'generation': 386}","{'id': 31692, 'rank': 21, 'fitness': 0.7249258818027945, 'generation': 386}","{'id': 31722, 'rank': 22, 'fitness': 0.5661972905159608, 'generation': 386}","{'id': 31722, 'rank': 23, 'fitness': 0.5661972905159608, 'generation': 386}","{'id': 31722, 'rank': 24, 'fitness': 0.5661972905159608, 'generation': 386}","{'id': 31688, 'rank': 25, 'fitness': 0.556849787288301, 'generation': 386}","{'id': 31626, 'rank': 26, 'fitness': 0.5010861411537979, 'generation': 386}","{'id': 31441, 'rank': 27, 'fitness': 0.4737491018247287, 'generation': 386}","{'id': 31746, 'rank': 28, 'fitness': 0.031536246106116606, 'generation': 386}","{'id': 31708, 'rank': 29, 'fitness': 0.01798620996209155, 'generation': 386}","{'id': 31708, 'rank': 30, 'fitness': 0.01798620996209155, 'generation': 386}"
"{'id': 31716, 'rank': 1, 'fitness': 0.9820137900379085, 'generation': 387}","{'id': 31796, 'rank': 2, 'fitness': 0.9820000609681605, 'generation': 387}","{'id': 31794, 'rank': 3, 'fitness': 0.9819975667498481, 'generation': 387}","{'id': 31794, 'rank': 4, 'fitness': 0.9819975667498481, 'generation': 387}","{'id': 31820, 'rank': 5, 'fitness': 0.9819956217153163, 'generation': 387}","{'id': 31820, 'rank': 6, 'fitness': 0.9819956217153163, 'generation': 387}","{'id': 31820, 'rank': 7, 'fitness': 0.9819956217153163, 'generation': 387}","{'id': 31774, 'rank': 8, 'fitness': 0.9818595385497902, 'generation': 387}","{'id': 31793, 'rank': 9, 'fitness': 0.9818397635133316, 'generation': 387}","{'id': 31798, 'rank': 10, 'fitness': 0.981816855029412, 'generation': 387}","{'id': 31703, 'rank': 11, 'fitness': 0.9818106800229744, 'generation': 387}","{'id': 31803, 'rank': 12, 'fitness': 0.9817476924953685, 'generation': 387}","{'id': 31803, 'rank': 13, 'fitness': 0.9817476924953685, 'generation': 387}","{'id': 31760, 'rank': 14, 'fitness': 0.981746114484839, 'generation': 387}","{'id': 31814, 'rank': 15, 'fitness': 0.9816735918513801, 'generation': 387}","{'id': 31785, 'rank': 16, 'fitness': 0.9814773094796794, 'generation': 387}","{'id': 31808, 'rank': 17, 'fitness': 0.9808918988415338, 'generation': 387}","{'id': 31629, 'rank': 18, 'fitness': 0.9806885806855967, 'generation': 387}","{'id': 31813, 'rank': 19, 'fitness': 0.9800294147269368, 'generation': 387}","{'id': 31813, 'rank': 20, 'fitness': 0.9800294147269368, 'generation': 387}","{'id': 31824, 'rank': 21, 'fitness': 0.9796518557045955, 'generation': 387}","{'id': 31824, 'rank': 22, 'fitness': 0.9796518557045955, 'generation': 387}","{'id': 31826, 'rank': 23, 'fitness': 0.9794999383867635, 'generation': 387}","{'id': 31722, 'rank': 24, 'fitness': 0.9791805058773477, 'generation': 387}","{'id': 31787, 'rank': 25, 'fitness': 0.971918539928429, 'generation': 387}","{'id': 31787, 'rank': 26, 'fitness': 0.971918539928429, 'generation': 387}","{'id': 31789, 'rank': 27, 'fitness': 0.9612940480312138, 'generation': 387}","{'id': 31789, 'rank': 28, 'fitness': 0.9612940480312138, 'generation': 387}","{'id': 31781, 'rank': 29, 'fitness': 0.7322376924919536, 'generation': 387}","{'id': 31819, 'rank': 30, 'fitness': 0.01798620996209155, 'generation': 387}"
"{'id': 31855, 'rank': 1, 'fitness': 0.9820137900379085, 'generation': 388}","{'id': 31716, 'rank': 2, 'fitness': 0.9820010443266403, 'generation': 388}","{'id': 31836, 'rank': 3, 'fitness': 0.9819934139628199, 'generation': 388}","{'id': 31796, 'rank': 4, 'fitness': 0.9819867713153735, 'generation': 388}","{'id': 31796, 'rank': 5, 'fitness': 0.9819867713153735, 'generation': 388}","{'id': 31820, 'rank': 6, 'fitness': 0.9819821560918442, 'generation': 388}","{'id': 31905, 'rank': 7, 'fitness': 0.981940352081077, 'generation': 388}","{'id': 31874, 'rank': 8, 'fitness': 0.9819054834921002, 'generation': 388}","{'id': 31865, 'rank': 9, 'fitness': 0.9818453333445057, 'generation': 388}","{'id': 31842, 'rank': 10, 'fitness': 0.9818374665026514, 'generation': 388}","{'id': 31916, 'rank': 11, 'fitness': 0.9818314697015573, 'generation': 388}","{'id': 31834, 'rank': 12, 'fitness': 0.9818213907787552, 'generation': 388}","{'id': 31803, 'rank': 13, 'fitness': 0.9817243304439369, 'generation': 388}","{'id': 31867, 'rank': 14, 'fitness': 0.9817216126088597, 'generation': 388}","{'id': 31814, 'rank': 15, 'fitness': 0.9816472459756173, 'generation': 388}","{'id': 31843, 'rank': 16, 'fitness': 0.9815812807175829, 'generation': 388}","{'id': 31837, 'rank': 17, 'fitness': 0.9814990117887599, 'generation': 388}","{'id': 31893, 'rank': 18, 'fitness': 0.9809433717066235, 'generation': 388}","{'id': 31882, 'rank': 19, 'fitness': 0.9808842660178616, 'generation': 388}","{'id': 31839, 'rank': 20, 'fitness': 0.980669874688932, 'generation': 388}","{'id': 31911, 'rank': 21, 'fitness': 0.9803530902193638, 'generation': 388}","{'id': 31866, 'rank': 22, 'fitness': 0.9800906697575512, 'generation': 388}","{'id': 31813, 'rank': 23, 'fitness': 0.9799338928148791, 'generation': 388}","{'id': 31845, 'rank': 24, 'fitness': 0.9785090241923432, 'generation': 388}","{'id': 31832, 'rank': 25, 'fitness': 0.9761216406347963, 'generation': 388}","{'id': 31898, 'rank': 26, 'fitness': 0.972638980517404, 'generation': 388}","{'id': 31900, 'rank': 27, 'fitness': 0.968266384412455, 'generation': 388}","{'id': 31889, 'rank': 28, 'fitness': 0.9273262303503729, 'generation': 388}","{'id': 31892, 'rank': 29, 'fitness': 0.9228419971828978, 'generation': 388}","{'id': 31907, 'rank': 30, 'fitness': 0.01798620996209155, 'generation': 388}"
"{'id': 31836, 'rank': 1, 'fitness': 0.9820137900379085, 'generation': 389}","{'id': 31944, 'rank': 2, 'fitness': 0.9818126631745951, 'generation': 389}","{'id': 31905, 'rank': 3, 'fitness': 0.9815881213274854, 'generation': 389}","{'id': 31874, 'rank': 4, 'fitness': 0.9813037210455099, 'generation': 389}","{'id': 31942, 'rank': 5, 'fitness': 0.9812600846684183, 'generation': 389}","{'id': 31974, 'rank': 6, 'fitness': 0.980935100796873, 'generation': 389}","{'id': 31974, 'rank': 7, 'fitness': 0.980935100796873, 'generation': 389}","{'id': 31958, 'rank': 8, 'fitness': 0.9806839197951571, 'generation': 389}","{'id': 31965, 'rank': 9, 'fitness': 0.980659160833398, 'generation': 389}","{'id': 31961, 'rank': 10, 'fitness': 0.9804633868629818, 'generation': 389}","{'id': 31929, 'rank': 11, 'fitness': 0.9801202292759081, 'generation': 389}","{'id': 31975, 'rank': 12, 'fitness': 0.9797421607029017, 'generation': 389}","{'id': 31988, 'rank': 13, 'fitness': 0.9796549419189884, 'generation': 389}","{'id': 31922, 'rank': 14, 'fitness': 0.9795078083682005, 'generation': 389}","{'id': 32000, 'rank': 15, 'fitness': 0.9778102971585847, 'generation': 389}","{'id': 31837, 'rank': 16, 'fitness': 0.9777005123051296, 'generation': 389}","{'id': 31978, 'rank': 17, 'fitness': 0.9770249699324296, 'generation': 389}","{'id': 31936, 'rank': 18, 'fitness': 0.9740668083117265, 'generation': 389}","{'id': 31911, 'rank': 19, 'fitness': 0.9642068321034842, 'generation': 389}","{'id': 31917, 'rank': 20, 'fitness': 0.9559263374303256, 'generation': 389}","{'id': 31991, 'rank': 21, 'fitness': 0.9516495354922007, 'generation': 389}","{'id': 31991, 'rank': 22, 'fitness': 0.9516495354922007, 'generation': 389}","{'id': 32005, 'rank': 23, 'fitness': 0.9499027918659015, 'generation': 389}","{'id': 31845, 'rank': 24, 'fitness': 0.9285947003608974, 'generation': 389}","{'id': 32004, 'rank': 25, 'fitness': 0.9279049676401101, 'generation': 389}","{'id': 31951, 'rank': 26, 'fitness': 0.6696407656606934, 'generation': 389}","{'id': 31926, 'rank': 27, 'fitness': 0.44182769254948184, 'generation': 389}","{'id': 31950, 'rank': 28, 'fitness': 0.16396139921769037, 'generation': 389}","{'id': 31971, 'rank': 29, 'fitness': 0.11511970471253785, 'generation': 389}","{'id': 32009, 'rank': 30, 'fitness': 0.01798620996209155, 'generation': 389}"
"{'id': 32068, 'rank': 1, 'fitness': 0.9820137900379085, 'generation': 390}","{'id': 32075, 'rank': 2, 'fitness': 0.9819677050699827, 'generation': 390}","{'id': 32020, 'rank': 3, 'fitness': 0.9819391970208615, 'generation': 390}","{'id': 31905, 'rank': 4, 'fitness': 0.9819032457019546, 'generation': 390}","{'id': 32065, 'rank': 5, 'fitness': 0.9818411290682147, 'generation': 390}","{'id': 32031, 'rank': 6, 'fitness': 0.9817940547719515, 'generation': 390}","{'id': 32018, 'rank': 7, 'fitness': 0.9817506947940551, 'generation': 390}","{'id': 32026, 'rank': 8, 'fitness': 0.9816864216659082, 'generation': 390}","{'id': 32058, 'rank': 9, 'fitness': 0.9816089080164709, 'generation': 390}","{'id': 31988, 'rank': 10, 'fitness': 0.9815931586633883, 'generation': 390}","{'id': 32045, 'rank': 11, 'fitness': 0.9815823509501596, 'generation': 390}","{'id': 32076, 'rank': 12, 'fitness': 0.9815700327135337, 'generation': 390}","{'id': 32053, 'rank': 13, 'fitness': 0.9811705951964727, 'generation': 390}","{'id': 31936, 'rank': 14, 'fitness': 0.980814561941399, 'generation': 390}","{'id': 32070, 'rank': 15, 'fitness': 0.9805189764214508, 'generation': 390}","{'id': 32064, 'rank': 16, 'fitness': 0.9803132916374968, 'generation': 390}","{'id': 32035, 'rank': 17, 'fitness': 0.9797694770936201, 'generation': 390}","{'id': 31911, 'rank': 18, 'fitness': 0.9797219768794448, 'generation': 390}","{'id': 32047, 'rank': 19, 'fitness': 0.9796626750359189, 'generation': 390}","{'id': 32032, 'rank': 20, 'fitness': 0.9791281208309595, 'generation': 390}","{'id': 32033, 'rank': 21, 'fitness': 0.9788781102296096, 'generation': 390}","{'id': 31991, 'rank': 22, 'fitness': 0.9786346614619343, 'generation': 390}","{'id': 31991, 'rank': 23, 'fitness': 0.9786346614619343, 'generation': 390}","{'id': 32037, 'rank': 24, 'fitness': 0.9760363792966744, 'generation': 390}","{'id': 31951, 'rank': 25, 'fitness': 0.9688715447811239, 'generation': 390}","{'id': 31926, 'rank': 26, 'fitness': 0.9636726727083598, 'generation': 390}","{'id': 31950, 'rank': 27, 'fitness': 0.9543931146883458, 'generation': 390}","{'id': 32009, 'rank': 28, 'fitness': 0.9332684697240738, 'generation': 390}","{'id': 32044, 'rank': 29, 'fitness': 0.01798620996209155, 'generation': 390}","{'id': 32044, 'rank': 30, 'fitness': 0.01798620996209155, 'generation': 390}"
"{'id': 32111, 'rank': 1, 'fitness': 0.9820137900379085, 'generation': 391}","{'id': 32075, 'rank': 2, 'fitness': 0.9817938980059412, 'generation': 391}","{'id': 32075, 'rank': 3, 'fitness': 0.9817938980059412, 'generation': 391}","{'id': 32124, 'rank': 4, 'fitness': 0.9817113637357605, 'generation': 391}","{'id': 32065, 'rank': 5, 'fitness': 0.9813140668937712, 'generation': 391}","{'id': 32026, 'rank': 6, 'fitness': 0.9807153612077483, 'generation': 391}","{'id': 32100, 'rank': 7, 'fitness': 0.9805500641702276, 'generation': 391}","{'id': 32058, 'rank': 8, 'fitness': 0.9804102795538329, 'generation': 391}","{'id': 32137, 'rank': 9, 'fitness': 0.9802792192357559, 'generation': 391}","{'id': 32120, 'rank': 10, 'fitness': 0.9792989657687547, 'generation': 391}","{'id': 32142, 'rank': 11, 'fitness': 0.9792361794570748, 'generation': 391}","{'id': 32097, 'rank': 12, 'fitness': 0.9787109515029112, 'generation': 391}","{'id': 32104, 'rank': 13, 'fitness': 0.9786121151012315, 'generation': 391}","{'id': 32101, 'rank': 14, 'fitness': 0.9767288036095343, 'generation': 391}","{'id': 32108, 'rank': 15, 'fitness': 0.9750416543577787, 'generation': 391}","{'id': 32095, 'rank': 16, 'fitness': 0.9698212514537167, 'generation': 391}","{'id': 32105, 'rank': 17, 'fitness': 0.9677248377854087, 'generation': 391}","{'id': 32105, 'rank': 18, 'fitness': 0.9677248377854087, 'generation': 391}","{'id': 31991, 'rank': 19, 'fitness': 0.9659072265759275, 'generation': 391}","{'id': 32153, 'rank': 20, 'fitness': 0.9258203014841278, 'generation': 391}","{'id': 32153, 'rank': 21, 'fitness': 0.9258203014841278, 'generation': 391}","{'id': 31951, 'rank': 22, 'fitness': 0.8706272610402459, 'generation': 391}","{'id': 32148, 'rank': 23, 'fitness': 0.8084672741878303, 'generation': 391}","{'id': 32134, 'rank': 24, 'fitness': 0.7804601233377519, 'generation': 391}","{'id': 32146, 'rank': 25, 'fitness': 0.7799773154047157, 'generation': 391}","{'id': 32133, 'rank': 26, 'fitness': 0.4475709040040483, 'generation': 391}","{'id': 32133, 'rank': 27, 'fitness': 0.4475709040040483, 'generation': 391}","{'id': 32132, 'rank': 28, 'fitness': 0.44454714795492667, 'generation': 391}","{'id': 32158, 'rank': 29, 'fitness': 0.04000838700165876, 'generation': 391}","{'id': 32157, 'rank': 30, 'fitness': 0.01798620996209155, 'generation': 391}"
"{'id': 32234, 'rank': 1, 'fitness': 0.9820137900379085, 'generation': 392}","{'id': 32191, 'rank': 2, 'fitness': 0.9819819977948222, 'generation': 392}","{'id': 32200, 'rank': 3, 'fitness': 0.9819304405866325, 'generation': 392}","{'id': 32200, 'rank': 4, 'fitness': 0.9819304405866325, 'generation': 392}","{'id': 32230, 'rank': 5, 'fitness': 0.9817512480193205, 'generation': 392}","{'id': 32205, 'rank': 6, 'fitness': 0.9817429254549352, 'generation': 392}","{'id': 32173, 'rank': 7, 'fitness': 0.9816798289945218, 'generation': 392}","{'id': 32192, 'rank': 8, 'fitness': 0.9816177638985271, 'generation': 392}","{'id': 32192, 'rank': 9, 'fitness': 0.9816177638985271, 'generation': 392}","{'id': 32238, 'rank': 10, 'fitness': 0.9815524965473343, 'generation': 392}","{'id': 32026, 'rank': 11, 'fitness': 0.9813192677205758, 'generation': 392}","{'id': 32233, 'rank': 12, 'fitness': 0.9807648057558161, 'generation': 392}","{'id': 32101, 'rank': 13, 'fitness': 0.9790884680198122, 'generation': 392}","{'id': 32169, 'rank': 14, 'fitness': 0.9789523607260828, 'generation': 392}","{'id': 32197, 'rank': 15, 'fitness': 0.9787970226172944, 'generation': 392}","{'id': 32162, 'rank': 16, 'fitness': 0.9772696387369555, 'generation': 392}","{'id': 32249, 'rank': 17, 'fitness': 0.9770950891644656, 'generation': 392}","{'id': 32195, 'rank': 18, 'fitness': 0.9769043913520628, 'generation': 392}","{'id': 32188, 'rank': 19, 'fitness': 0.9760228561146259, 'generation': 392}","{'id': 32171, 'rank': 20, 'fitness': 0.9750952024178445, 'generation': 392}","{'id': 32171, 'rank': 21, 'fitness': 0.9750952024178445, 'generation': 392}","{'id': 31991, 'rank': 22, 'fitness': 0.9736793668833431, 'generation': 392}","{'id': 32237, 'rank': 23, 'fitness': 0.9730536841335515, 'generation': 392}","{'id': 32198, 'rank': 24, 'fitness': 0.970671416518163, 'generation': 392}","{'id': 32212, 'rank': 25, 'fitness': 0.9583140487716347, 'generation': 392}","{'id': 31951, 'rank': 26, 'fitness': 0.9398586228838639, 'generation': 392}","{'id': 32217, 'rank': 27, 'fitness': 0.9193145182609559, 'generation': 392}","{'id': 32158, 'rank': 28, 'fitness': 0.4258476440257253, 'generation': 392}","{'id': 32229, 'rank': 29, 'fitness': 0.0936610309458496, 'generation': 392}","{'id': 32204, 'rank': 30, 'fitness': 0.01798620996209155, 'generation': 392}"
"{'id': 32304, 'rank': 1, 'fitness': 0.9820137900379085, 'generation': 393}","{'id': 32191, 'rank': 2, 'fitness': 0.9817161836874947, 'generation': 393}","{'id': 32310, 'rank': 3, 'fitness': 0.9815823122573375, 'generation': 393}","{'id': 32310, 'rank': 4, 'fitness': 0.9815823122573375, 'generation': 393}","{'id': 32258, 'rank': 5, 'fitness': 0.9814429389427808, 'generation': 393}","{'id': 32258, 'rank': 6, 'fitness': 0.9814429389427808, 'generation': 393}","{'id': 32306, 'rank': 7, 'fitness': 0.9814382952550824, 'generation': 393}","{'id': 32230, 'rank': 8, 'fitness': 0.981211603137875, 'generation': 393}","{'id': 32308, 'rank': 9, 'fitness': 0.9811835619425906, 'generation': 393}","{'id': 32026, 'rank': 10, 'fitness': 0.9802477022433027, 'generation': 393}","{'id': 32309, 'rank': 11, 'fitness': 0.9801460567054665, 'generation': 393}","{'id': 32309, 'rank': 12, 'fitness': 0.9801460567054665, 'generation': 393}","{'id': 32251, 'rank': 13, 'fitness': 0.9796613990209726, 'generation': 393}","{'id': 32295, 'rank': 14, 'fitness': 0.978347632311333, 'generation': 393}","{'id': 32293, 'rank': 15, 'fitness': 0.9772613227482501, 'generation': 393}","{'id': 32270, 'rank': 16, 'fitness': 0.9754722109158853, 'generation': 393}","{'id': 32270, 'rank': 17, 'fitness': 0.9754722109158853, 'generation': 393}","{'id': 32101, 'rank': 18, 'fitness': 0.9748698641653686, 'generation': 393}","{'id': 32197, 'rank': 19, 'fitness': 0.9741178143452136, 'generation': 393}","{'id': 32252, 'rank': 20, 'fitness': 0.9732523634818058, 'generation': 393}","{'id': 32162, 'rank': 21, 'fitness': 0.9699902897611288, 'generation': 393}","{'id': 32188, 'rank': 22, 'fitness': 0.9663901656895044, 'generation': 393}","{'id': 32271, 'rank': 23, 'fitness': 0.949984045129767, 'generation': 393}","{'id': 32276, 'rank': 24, 'fitness': 0.9494231061644864, 'generation': 393}","{'id': 32299, 'rank': 25, 'fitness': 0.9081753699054702, 'generation': 393}","{'id': 32212, 'rank': 26, 'fitness': 0.8943450157987547, 'generation': 393}","{'id': 32281, 'rank': 27, 'fitness': 0.8682345575019221, 'generation': 393}","{'id': 31951, 'rank': 28, 'fitness': 0.787488086183671, 'generation': 393}","{'id': 31951, 'rank': 29, 'fitness': 0.787488086183671, 'generation': 393}","{'id': 32282, 'rank': 30, 'fitness': 0.01798620996209155, 'generation': 393}"
"{'id': 32324, 'rank': 1, 'fitness': 0.9820137900379085, 'generation': 394}","{'id': 32324, 'rank': 2, 'fitness': 0.9820137900379085, 'generation': 394}","{'id': 32316, 'rank': 3, 'fitness': 0.982004985498864, 'generation': 394}","{'id': 32392, 'rank': 4, 'fitness': 0.9819697198559887, 'generation': 394}","{'id': 32388, 'rank': 5, 'fitness': 0.9819649356644324, 'generation': 394}","{'id': 32349, 'rank': 6, 'fitness': 0.9819358093867845, 'generation': 394}","{'id': 32258, 'rank': 7, 'fitness': 0.9818772030193891, 'generation': 394}","{'id': 32258, 'rank': 8, 'fitness': 0.9818772030193891, 'generation': 394}","{'id': 32317, 'rank': 9, 'fitness': 0.9818688590752374, 'generation': 394}","{'id': 32337, 'rank': 10, 'fitness': 0.9818230385678889, 'generation': 394}","{'id': 32353, 'rank': 11, 'fitness': 0.9816922868045318, 'generation': 394}","{'id': 32364, 'rank': 12, 'fitness': 0.9816875348077451, 'generation': 394}","{'id': 32026, 'rank': 13, 'fitness': 0.9816202925554218, 'generation': 394}","{'id': 32371, 'rank': 14, 'fitness': 0.9815500022736917, 'generation': 394}","{'id': 32251, 'rank': 15, 'fitness': 0.9814985620638301, 'generation': 394}","{'id': 32329, 'rank': 16, 'fitness': 0.9814837935994958, 'generation': 394}","{'id': 32363, 'rank': 17, 'fitness': 0.98141448998633, 'generation': 394}","{'id': 32397, 'rank': 18, 'fitness': 0.9807861461346599, 'generation': 394}","{'id': 32397, 'rank': 19, 'fitness': 0.9807861461346599, 'generation': 394}","{'id': 32397, 'rank': 20, 'fitness': 0.9807861461346599, 'generation': 394}","{'id': 32270, 'rank': 21, 'fitness': 0.9806982541972441, 'generation': 394}","{'id': 32188, 'rank': 22, 'fitness': 0.9792651505482557, 'generation': 394}","{'id': 32365, 'rank': 23, 'fitness': 0.9765225251629546, 'generation': 394}","{'id': 32396, 'rank': 24, 'fitness': 0.9756194418521462, 'generation': 394}","{'id': 31951, 'rank': 25, 'fitness': 0.967496082816343, 'generation': 394}","{'id': 32399, 'rank': 26, 'fitness': 0.9550685180809144, 'generation': 394}","{'id': 32400, 'rank': 27, 'fitness': 0.9528210748402721, 'generation': 394}","{'id': 32342, 'rank': 28, 'fitness': 0.9042174595728618, 'generation': 394}","{'id': 32282, 'rank': 29, 'fitness': 0.8999791010159248, 'generation': 394}","{'id': 32344, 'rank': 30, 'fitness': 0.01798620996209155, 'generation': 394}"
"{'id': 32405, 'rank': 1, 'fitness': 0.9820137900379085, 'generation': 395}","{'id': 32316, 'rank': 2, 'fitness': 0.981960308943735, 'generation': 395}","{'id': 32468, 'rank': 3, 'fitness': 0.9819275193167639, 'generation': 395}","{'id': 32425, 'rank': 4, 'fitness': 0.9817335605762052, 'generation': 395}","{'id': 32449, 'rank': 5, 'fitness': 0.9814246558304945, 'generation': 395}","{'id': 32423, 'rank': 6, 'fitness': 0.9810934507850992, 'generation': 395}","{'id': 32026, 'rank': 7, 'fitness': 0.9810841911351462, 'generation': 395}","{'id': 32251, 'rank': 8, 'fitness': 0.9808022510306462, 'generation': 395}","{'id': 32439, 'rank': 9, 'fitness': 0.9802140002571472, 'generation': 395}","{'id': 32431, 'rank': 10, 'fitness': 0.9795466949942522, 'generation': 395}","{'id': 32429, 'rank': 11, 'fitness': 0.9792205254003323, 'generation': 395}","{'id': 32397, 'rank': 12, 'fitness': 0.9791067623891992, 'generation': 395}","{'id': 32397, 'rank': 13, 'fitness': 0.9791067623891992, 'generation': 395}","{'id': 32430, 'rank': 14, 'fitness': 0.9790727816044104, 'generation': 395}","{'id': 32430, 'rank': 15, 'fitness': 0.9790727816044104, 'generation': 395}","{'id': 32411, 'rank': 16, 'fitness': 0.9757834942117791, 'generation': 395}","{'id': 32463, 'rank': 17, 'fitness': 0.9754632510157827, 'generation': 395}","{'id': 32188, 'rank': 18, 'fitness': 0.9752261321894261, 'generation': 395}","{'id': 32410, 'rank': 19, 'fitness': 0.9672684021279645, 'generation': 395}","{'id': 32456, 'rank': 20, 'fitness': 0.9626073574969773, 'generation': 395}","{'id': 32457, 'rank': 21, 'fitness': 0.9584471600809819, 'generation': 395}","{'id': 32417, 'rank': 22, 'fitness': 0.9410565702563418, 'generation': 395}","{'id': 31951, 'rank': 23, 'fitness': 0.9332421458724287, 'generation': 395}","{'id': 31951, 'rank': 24, 'fitness': 0.9332421458724287, 'generation': 395}","{'id': 31951, 'rank': 25, 'fitness': 0.9332421458724287, 'generation': 395}","{'id': 31951, 'rank': 26, 'fitness': 0.9332421458724287, 'generation': 395}","{'id': 32419, 'rank': 27, 'fitness': 0.89748078162704, 'generation': 395}","{'id': 32438, 'rank': 28, 'fitness': 0.4023398943329618, 'generation': 395}","{'id': 32418, 'rank': 29, 'fitness': 0.055966962088612016, 'generation': 395}","{'id': 32416, 'rank': 30, 'fitness': 0.01798620996209155, 'generation': 395}"
"{'id': 32405, 'rank': 1, 'fitness': 0.9820137900379085, 'generation': 396}","{'id': 32468, 'rank': 2, 'fitness': 0.9819126318584307, 'generation': 396}","{'id': 32468, 'rank': 3, 'fitness': 0.9819126318584307, 'generation': 396}","{'id': 32477, 'rank': 4, 'fitness': 0.9818556901481155, 'generation': 396}","{'id': 32425, 'rank': 5, 'fitness': 0.9816849048992107, 'generation': 396}","{'id': 32516, 'rank': 6, 'fitness': 0.9816479928134488, 'generation': 396}","{'id': 32516, 'rank': 7, 'fitness': 0.9816479928134488, 'generation': 396}","{'id': 32494, 'rank': 8, 'fitness': 0.9815016178960945, 'generation': 396}","{'id': 32500, 'rank': 9, 'fitness': 0.9808354484387427, 'generation': 396}","{'id': 32548, 'rank': 10, 'fitness': 0.9799748511952331, 'generation': 396}","{'id': 32470, 'rank': 11, 'fitness': 0.9796443071517253, 'generation': 396}","{'id': 32470, 'rank': 12, 'fitness': 0.9796443071517253, 'generation': 396}","{'id': 32538, 'rank': 13, 'fitness': 0.9794165083673616, 'generation': 396}","{'id': 32487, 'rank': 14, 'fitness': 0.9791277351086841, 'generation': 396}","{'id': 32540, 'rank': 15, 'fitness': 0.9787768456681424, 'generation': 396}","{'id': 32544, 'rank': 16, 'fitness': 0.9786593131068784, 'generation': 396}","{'id': 32545, 'rank': 17, 'fitness': 0.977391281057408, 'generation': 396}","{'id': 32545, 'rank': 18, 'fitness': 0.977391281057408, 'generation': 396}","{'id': 32534, 'rank': 19, 'fitness': 0.9773700477215532, 'generation': 396}","{'id': 32534, 'rank': 20, 'fitness': 0.9773700477215532, 'generation': 396}","{'id': 32484, 'rank': 21, 'fitness': 0.9706378750222182, 'generation': 396}","{'id': 32524, 'rank': 22, 'fitness': 0.968249498005821, 'generation': 396}","{'id': 32520, 'rank': 23, 'fitness': 0.964823333203477, 'generation': 396}","{'id': 32518, 'rank': 24, 'fitness': 0.9568430927155364, 'generation': 396}","{'id': 32481, 'rank': 25, 'fitness': 0.9429307208350752, 'generation': 396}","{'id': 32474, 'rank': 26, 'fitness': 0.9379530765968496, 'generation': 396}","{'id': 32510, 'rank': 27, 'fitness': 0.9130007382585237, 'generation': 396}","{'id': 32530, 'rank': 28, 'fitness': 0.7679986776802284, 'generation': 396}","{'id': 32527, 'rank': 29, 'fitness': 0.5587177236054328, 'generation': 396}","{'id': 32418, 'rank': 30, 'fitness': 0.01798620996209155, 'generation': 396}"
"{'id': 32600, 'rank': 1, 'fitness': 0.9820137900379085, 'generation': 397}","{'id': 32552, 'rank': 2, 'fitness': 0.9818694013868494, 'generation': 397}","{'id': 32579, 'rank': 3, 'fitness': 0.9814634666397575, 'generation': 397}","{'id': 32516, 'rank': 4, 'fitness': 0.9812353617681654, 'generation': 397}","{'id': 32516, 'rank': 5, 'fitness': 0.9812353617681654, 'generation': 397}","{'id': 32566, 'rank': 6, 'fitness': 0.9807538877024105, 'generation': 397}","{'id': 32572, 'rank': 7, 'fitness': 0.9792278856921459, 'generation': 397}","{'id': 32624, 'rank': 8, 'fitness': 0.9788853407479187, 'generation': 397}","{'id': 32637, 'rank': 9, 'fitness': 0.9769622800044094, 'generation': 397}","{'id': 32622, 'rank': 10, 'fitness': 0.9766205345648608, 'generation': 397}","{'id': 32470, 'rank': 11, 'fitness': 0.9747824284042876, 'generation': 397}","{'id': 32470, 'rank': 12, 'fitness': 0.9747824284042876, 'generation': 397}","{'id': 32487, 'rank': 13, 'fitness': 0.9729198383509836, 'generation': 397}","{'id': 32575, 'rank': 14, 'fitness': 0.9707779862337487, 'generation': 397}","{'id': 32567, 'rank': 15, 'fitness': 0.9698215215296184, 'generation': 397}","{'id': 32588, 'rank': 16, 'fitness': 0.9691993801707328, 'generation': 397}","{'id': 32588, 'rank': 17, 'fitness': 0.9691993801707328, 'generation': 397}","{'id': 32576, 'rank': 18, 'fitness': 0.9639043131859562, 'generation': 397}","{'id': 32611, 'rank': 19, 'fitness': 0.9495921135134604, 'generation': 397}","{'id': 32608, 'rank': 20, 'fitness': 0.941995547404874, 'generation': 397}","{'id': 32577, 'rank': 21, 'fitness': 0.93754478576097, 'generation': 397}","{'id': 32556, 'rank': 22, 'fitness': 0.9076376470912386, 'generation': 397}","{'id': 32627, 'rank': 23, 'fitness': 0.8532544282054002, 'generation': 397}","{'id': 32586, 'rank': 24, 'fitness': 0.8269181784196101, 'generation': 397}","{'id': 32630, 'rank': 25, 'fitness': 0.7187609271766486, 'generation': 397}","{'id': 32474, 'rank': 26, 'fitness': 0.5849526071685286, 'generation': 397}","{'id': 32474, 'rank': 27, 'fitness': 0.5849526071685286, 'generation': 397}","{'id': 32628, 'rank': 28, 'fitness': 0.3493363512070337, 'generation': 397}","{'id': 32584, 'rank': 29, 'fitness': 0.315612896541354, 'generation': 397}","{'id': 32530, 'rank': 30, 'fitness': 0.01798620996209155, 'generation': 397}"
"{'id': 32665, 'rank': 1, 'fitness': 0.9820137900379085, 'generation': 398}","{'id': 32677, 'rank': 2, 'fitness': 0.9819912584102597, 'generation': 398}","{'id': 32703, 'rank': 3, 'fitness': 0.9819156976973997, 'generation': 398}","{'id': 32683, 'rank': 4, 'fitness': 0.9818428523527714, 'generation': 398}","{'id': 32683, 'rank': 5, 'fitness': 0.9818428523527714, 'generation': 398}","{'id': 32707, 'rank': 6, 'fitness': 0.9818210955837351, 'generation': 398}","{'id': 32651, 'rank': 7, 'fitness': 0.9817722971155951, 'generation': 398}","{'id': 32718, 'rank': 8, 'fitness': 0.9816751642511498, 'generation': 398}","{'id': 32684, 'rank': 9, 'fitness': 0.9815315920196366, 'generation': 398}","{'id': 32684, 'rank': 10, 'fitness': 0.9815315920196366, 'generation': 398}","{'id': 32624, 'rank': 11, 'fitness': 0.981422025525182, 'generation': 398}","{'id': 32675, 'rank': 12, 'fitness': 0.9812137606508833, 'generation': 398}","{'id': 32637, 'rank': 13, 'fitness': 0.9810457060046187, 'generation': 398}","{'id': 32662, 'rank': 14, 'fitness': 0.9809441837299735, 'generation': 398}","{'id': 32662, 'rank': 15, 'fitness': 0.9809441837299735, 'generation': 398}","{'id': 32575, 'rank': 16, 'fitness': 0.9799762446558623, 'generation': 398}","{'id': 32588, 'rank': 17, 'fitness': 0.9797307365004841, 'generation': 398}","{'id': 32588, 'rank': 18, 'fitness': 0.9797307365004841, 'generation': 398}","{'id': 32588, 'rank': 19, 'fitness': 0.9797307365004841, 'generation': 398}","{'id': 32588, 'rank': 20, 'fitness': 0.9797307365004841, 'generation': 398}","{'id': 32696, 'rank': 21, 'fitness': 0.9780988416769016, 'generation': 398}","{'id': 32671, 'rank': 22, 'fitness': 0.977641996114583, 'generation': 398}","{'id': 32647, 'rank': 23, 'fitness': 0.9774455453673594, 'generation': 398}","{'id': 32608, 'rank': 24, 'fitness': 0.9764892303617692, 'generation': 398}","{'id': 32687, 'rank': 25, 'fitness': 0.9763564247652198, 'generation': 398}","{'id': 32586, 'rank': 26, 'fitness': 0.9691103090602511, 'generation': 398}","{'id': 32657, 'rank': 27, 'fitness': 0.9669102964943064, 'generation': 398}","{'id': 32628, 'rank': 28, 'fitness': 0.9500145032375982, 'generation': 398}","{'id': 32663, 'rank': 29, 'fitness': 0.5187589681806423, 'generation': 398}","{'id': 32701, 'rank': 30, 'fitness': 0.01798620996209155, 'generation': 398}"
"{'id': 32814, 'rank': 1, 'fitness': 0.9820137900379085, 'generation': 399}","{'id': 32792, 'rank': 2, 'fitness': 0.9812538088763916, 'generation': 399}","{'id': 32683, 'rank': 3, 'fitness': 0.9812470002236177, 'generation': 399}","{'id': 32752, 'rank': 4, 'fitness': 0.9811886707272326, 'generation': 399}","{'id': 32651, 'rank': 5, 'fitness': 0.9810986967925365, 'generation': 399}","{'id': 32742, 'rank': 6, 'fitness': 0.9810173229195356, 'generation': 399}","{'id': 32799, 'rank': 7, 'fitness': 0.980947542361642, 'generation': 399}","{'id': 32624, 'rank': 8, 'fitness': 0.9803538436092465, 'generation': 399}","{'id': 32798, 'rank': 9, 'fitness': 0.9800658733566725, 'generation': 399}","{'id': 32662, 'rank': 10, 'fitness': 0.9793146601848398, 'generation': 399}","{'id': 32816, 'rank': 11, 'fitness': 0.9791843250164822, 'generation': 399}","{'id': 32816, 'rank': 12, 'fitness': 0.9791843250164822, 'generation': 399}","{'id': 32795, 'rank': 13, 'fitness': 0.9789760504324627, 'generation': 399}","{'id': 32795, 'rank': 14, 'fitness': 0.9789760504324627, 'generation': 399}","{'id': 32796, 'rank': 15, 'fitness': 0.9784397135973388, 'generation': 399}","{'id': 32796, 'rank': 16, 'fitness': 0.9784397135973388, 'generation': 399}","{'id': 32777, 'rank': 17, 'fitness': 0.9765669049692671, 'generation': 399}","{'id': 32588, 'rank': 18, 'fitness': 0.9765566309923145, 'generation': 399}","{'id': 32787, 'rank': 19, 'fitness': 0.9755086997325801, 'generation': 399}","{'id': 32774, 'rank': 20, 'fitness': 0.9746532611822933, 'generation': 399}","{'id': 32781, 'rank': 21, 'fitness': 0.9741851126166433, 'generation': 399}","{'id': 32731, 'rank': 22, 'fitness': 0.9635022235603494, 'generation': 399}","{'id': 32776, 'rank': 23, 'fitness': 0.9629214709981663, 'generation': 399}","{'id': 32775, 'rank': 24, 'fitness': 0.9605905934007596, 'generation': 399}","{'id': 32768, 'rank': 25, 'fitness': 0.9502602422374316, 'generation': 399}","{'id': 32586, 'rank': 26, 'fitness': 0.9453706753759434, 'generation': 399}","{'id': 32769, 'rank': 27, 'fitness': 0.9357823025809717, 'generation': 399}","{'id': 32804, 'rank': 28, 'fitness': 0.9342742153811419, 'generation': 399}","{'id': 32764, 'rank': 29, 'fitness': 0.7452679372358446, 'generation': 399}","{'id': 32663, 'rank': 30, 'fitness': 0.01798620996209155, 'generation': 399}"
"{'id': 32886, 'rank': 1, 'fitness': 0.9820137900379085, 'generation': 400}","{'id': 32752, 'rank': 2, 'fitness': 0.9811799625651997, 'generation': 400}","{'id': 32651, 'rank': 3, 'fitness': 0.981049306547821, 'generation': 400}","{'id': 32876, 'rank': 4, 'fitness': 0.9804808013867444, 'generation': 400}","{'id': 32912, 'rank': 5, 'fitness': 0.9797803043520653, 'generation': 400}","{'id': 32912, 'rank': 6, 'fitness': 0.9797803043520653, 'generation': 400}","{'id': 32912, 'rank': 7, 'fitness': 0.9797803043520653, 'generation': 400}","{'id': 32824, 'rank': 8, 'fitness': 0.9796263276232792, 'generation': 400}","{'id': 32910, 'rank': 9, 'fitness': 0.97912876942174, 'generation': 400}","{'id': 32662, 'rank': 10, 'fitness': 0.9784029398815366, 'generation': 400}","{'id': 32881, 'rank': 11, 'fitness': 0.9783118966720924, 'generation': 400}","{'id': 32881, 'rank': 12, 'fitness': 0.9783118966720924, 'generation': 400}","{'id': 32881, 'rank': 13, 'fitness': 0.9783118966720924, 'generation': 400}","{'id': 32842, 'rank': 14, 'fitness': 0.9773436594790157, 'generation': 400}","{'id': 32842, 'rank': 15, 'fitness': 0.9773436594790157, 'generation': 400}","{'id': 32830, 'rank': 16, 'fitness': 0.9773207384460987, 'generation': 400}","{'id': 32890, 'rank': 17, 'fitness': 0.9773095545023303, 'generation': 400}","{'id': 32831, 'rank': 18, 'fitness': 0.9771157440501222, 'generation': 400}","{'id': 32796, 'rank': 19, 'fitness': 0.9770674738494803, 'generation': 400}","{'id': 32883, 'rank': 20, 'fitness': 0.9742812741154308, 'generation': 400}","{'id': 32588, 'rank': 21, 'fitness': 0.9741131857133523, 'generation': 400}","{'id': 32905, 'rank': 22, 'fitness': 0.9711683813086207, 'generation': 400}","{'id': 32774, 'rank': 23, 'fitness': 0.9710210120685168, 'generation': 400}","{'id': 32781, 'rank': 24, 'fitness': 0.9702447922186668, 'generation': 400}","{'id': 32882, 'rank': 25, 'fitness': 0.9694170157084305, 'generation': 400}","{'id': 32914, 'rank': 26, 'fitness': 0.9692916516901889, 'generation': 400}","{'id': 32871, 'rank': 27, 'fitness': 0.9692490896831124, 'generation': 400}","{'id': 32908, 'rank': 28, 'fitness': 0.9676105003350339, 'generation': 400}","{'id': 32839, 'rank': 29, 'fitness': 0.701878677792253, 'generation': 400}","{'id': 32895, 'rank': 30, 'fitness': 0.01798620996209155, 'generation': 400}"
"{'id': 32992, 'rank': 1, 'fitness': 0.9820137900379085, 'generation': 401}","{'id': 32752, 'rank': 2, 'fitness': 0.9812808550779177, 'generation': 401}","{'id': 33011, 'rank': 3, 'fitness': 0.9812072239413191, 'generation': 401}","{'id': 33011, 'rank': 4, 'fitness': 0.9812072239413191, 'generation': 401}","{'id': 33011, 'rank': 5, 'fitness': 0.9812072239413191, 'generation': 401}","{'id': 32940, 'rank': 6, 'fitness': 0.9801726927284112, 'generation': 401}","{'id': 33014, 'rank': 7, 'fitness': 0.980018633775884, 'generation': 401}","{'id': 32912, 'rank': 8, 'fitness': 0.979887553441944, 'generation': 401}","{'id': 32959, 'rank': 9, 'fitness': 0.9796705816881082, 'generation': 401}","{'id': 32967, 'rank': 10, 'fitness': 0.9794256309259406, 'generation': 401}","{'id': 32997, 'rank': 11, 'fitness': 0.9782843572372013, 'generation': 401}","{'id': 32979, 'rank': 12, 'fitness': 0.9781180648082095, 'generation': 401}","{'id': 32935, 'rank': 13, 'fitness': 0.9776281926016596, 'generation': 401}","{'id': 33019, 'rank': 14, 'fitness': 0.9774220528443601, 'generation': 401}","{'id': 32796, 'rank': 15, 'fitness': 0.9771868017505642, 'generation': 401}","{'id': 32921, 'rank': 16, 'fitness': 0.9766267923622226, 'generation': 401}","{'id': 32921, 'rank': 17, 'fitness': 0.9766267923622226, 'generation': 401}","{'id': 32926, 'rank': 18, 'fitness': 0.9759687509343791, 'generation': 401}","{'id': 32926, 'rank': 19, 'fitness': 0.9759687509343791, 'generation': 401}","{'id': 32917, 'rank': 20, 'fitness': 0.975926619782934, 'generation': 401}","{'id': 32975, 'rank': 21, 'fitness': 0.9749487533450214, 'generation': 401}","{'id': 32588, 'rank': 22, 'fitness': 0.9742453345131433, 'generation': 401}","{'id': 33000, 'rank': 23, 'fitness': 0.9738817253337042, 'generation': 401}","{'id': 33010, 'rank': 24, 'fitness': 0.9714701525790642, 'generation': 401}","{'id': 32905, 'rank': 25, 'fitness': 0.9713129946085322, 'generation': 401}","{'id': 32945, 'rank': 26, 'fitness': 0.9709157349717199, 'generation': 401}","{'id': 32914, 'rank': 27, 'fitness': 0.9694440560759755, 'generation': 401}","{'id': 32977, 'rank': 28, 'fitness': 0.9587632377877868, 'generation': 401}","{'id': 32970, 'rank': 29, 'fitness': 0.9585573313044957, 'generation': 401}","{'id': 32895, 'rank': 30, 'fitness': 0.01798620996209155, 'generation': 401}"
"{'id': 33045, 'rank': 1, 'fitness': 0.9820137900379085, 'generation': 402}","{'id': 33101, 'rank': 2, 'fitness': 0.9812623220907124, 'generation': 402}","{'id': 33100, 'rank': 3, 'fitness': 0.9488017949253509, 'generation': 402}","{'id': 33014, 'rank': 4, 'fitness': 0.9430928887412898, 'generation': 402}","{'id': 33035, 'rank': 5, 'fitness': 0.9197570827694015, 'generation': 402}","{'id': 32967, 'rank': 6, 'fitness': 0.9190759380201188, 'generation': 402}","{'id': 33044, 'rank': 7, 'fitness': 0.9078586465983608, 'generation': 402}","{'id': 33077, 'rank': 8, 'fitness': 0.8957920660151508, 'generation': 402}","{'id': 33089, 'rank': 9, 'fitness': 0.8241813236700777, 'generation': 402}","{'id': 32935, 'rank': 10, 'fitness': 0.793531001139971, 'generation': 402}","{'id': 33036, 'rank': 11, 'fitness': 0.78945054668019, 'generation': 402}","{'id': 33080, 'rank': 12, 'fitness': 0.7563109203194925, 'generation': 402}","{'id': 33078, 'rank': 13, 'fitness': 0.7282194551943344, 'generation': 402}","{'id': 33078, 'rank': 14, 'fitness': 0.7282194551943344, 'generation': 402}","{'id': 32921, 'rank': 15, 'fitness': 0.6854743365345504, 'generation': 402}","{'id': 33096, 'rank': 16, 'fitness': 0.5952258310528151, 'generation': 402}","{'id': 33096, 'rank': 17, 'fitness': 0.5952258310528151, 'generation': 402}","{'id': 33063, 'rank': 18, 'fitness': 0.36374523530061437, 'generation': 402}","{'id': 33088, 'rank': 19, 'fitness': 0.319583691838771, 'generation': 402}","{'id': 33048, 'rank': 20, 'fitness': 0.27975090393306645, 'generation': 402}","{'id': 33071, 'rank': 21, 'fitness': 0.23128278850132794, 'generation': 402}","{'id': 33071, 'rank': 22, 'fitness': 0.23128278850132794, 'generation': 402}","{'id': 32905, 'rank': 23, 'fitness': 0.13201391929961193, 'generation': 402}","{'id': 32945, 'rank': 24, 'fitness': 0.11279069927775309, 'generation': 402}","{'id': 33059, 'rank': 25, 'fitness': 0.0940049075318764, 'generation': 402}","{'id': 33062, 'rank': 26, 'fitness': 0.02684998090368068, 'generation': 402}","{'id': 33062, 'rank': 27, 'fitness': 0.02684998090368068, 'generation': 402}","{'id': 33062, 'rank': 28, 'fitness': 0.02684998090368068, 'generation': 402}","{'id': 33099, 'rank': 29, 'fitness': 0.021724737223483392, 'generation': 402}","{'id': 33050, 'rank': 30, 'fitness': 0.01798620996209155, 'generation': 402}"
"{'id': 33127, 'rank': 1, 'fitness': 0.9820137900379085, 'generation': 403}","{'id': 33127, 'rank': 2, 'fitness': 0.9820137900379085, 'generation': 403}","{'id': 33124, 'rank': 3, 'fitness': 0.9819353868117502, 'generation': 403}","{'id': 33078, 'rank': 4, 'fitness': 0.9817947329304068, 'generation': 403}","{'id': 32921, 'rank': 5, 'fitness': 0.9817782418049674, 'generation': 403}","{'id': 33096, 'rank': 6, 'fitness': 0.9817467910003185, 'generation': 403}","{'id': 32945, 'rank': 7, 'fitness': 0.9815498865148926, 'generation': 403}","{'id': 33145, 'rank': 8, 'fitness': 0.9814927140011429, 'generation': 403}","{'id': 33145, 'rank': 9, 'fitness': 0.9814927140011429, 'generation': 403}","{'id': 33062, 'rank': 10, 'fitness': 0.9814259575375126, 'generation': 403}","{'id': 33062, 'rank': 11, 'fitness': 0.9814259575375126, 'generation': 403}","{'id': 33062, 'rank': 12, 'fitness': 0.9814259575375126, 'generation': 403}","{'id': 33156, 'rank': 13, 'fitness': 0.9814124035862121, 'generation': 403}","{'id': 33099, 'rank': 14, 'fitness': 0.9814082830032287, 'generation': 403}","{'id': 33099, 'rank': 15, 'fitness': 0.9814082830032287, 'generation': 403}","{'id': 33161, 'rank': 16, 'fitness': 0.9808632179669396, 'generation': 403}","{'id': 33140, 'rank': 17, 'fitness': 0.98010219201697, 'generation': 403}","{'id': 33147, 'rank': 18, 'fitness': 0.9798881048875827, 'generation': 403}","{'id': 33111, 'rank': 19, 'fitness': 0.9778428497490367, 'generation': 403}","{'id': 33106, 'rank': 20, 'fitness': 0.9669931070107273, 'generation': 403}","{'id': 33134, 'rank': 21, 'fitness': 0.9667663453115054, 'generation': 403}","{'id': 33155, 'rank': 22, 'fitness': 0.9432429504419707, 'generation': 403}","{'id': 33133, 'rank': 23, 'fitness': 0.9274445991016784, 'generation': 403}","{'id': 33149, 'rank': 24, 'fitness': 0.8884187866746199, 'generation': 403}","{'id': 33108, 'rank': 25, 'fitness': 0.8688628101692785, 'generation': 403}","{'id': 33137, 'rank': 26, 'fitness': 0.8447956102869509, 'generation': 403}","{'id': 33110, 'rank': 27, 'fitness': 0.7568327856847704, 'generation': 403}","{'id': 33136, 'rank': 28, 'fitness': 0.7437858403325794, 'generation': 403}","{'id': 33146, 'rank': 29, 'fitness': 0.617830331195246, 'generation': 403}","{'id': 33109, 'rank': 30, 'fitness': 0.01798620996209155, 'generation': 403}"
"{'id': 33191, 'rank': 1, 'fitness': 0.9820137900379085, 'generation': 404}","{'id': 33183, 'rank': 2, 'fitness': 0.9817692132195271, 'generation': 404}","{'id': 33223, 'rank': 3, 'fitness': 0.9817106825709763, 'generation': 404}","{'id': 33187, 'rank': 4, 'fitness': 0.981593020096881, 'generation': 404}","{'id': 33187, 'rank': 5, 'fitness': 0.981593020096881, 'generation': 404}","{'id': 32921, 'rank': 6, 'fitness': 0.9815654286900173, 'generation': 404}","{'id': 33247, 'rank': 7, 'fitness': 0.9811440655433139, 'generation': 404}","{'id': 33181, 'rank': 8, 'fitness': 0.9809608975748267, 'generation': 404}","{'id': 32945, 'rank': 9, 'fitness': 0.9809281089922803, 'generation': 404}","{'id': 33238, 'rank': 10, 'fitness': 0.9806646084399013, 'generation': 404}","{'id': 33214, 'rank': 11, 'fitness': 0.9805880701457474, 'generation': 404}","{'id': 33156, 'rank': 12, 'fitness': 0.9805378990947995, 'generation': 404}","{'id': 33099, 'rank': 13, 'fitness': 0.9805261281081692, 'generation': 404}","{'id': 33215, 'rank': 14, 'fitness': 0.9800730376426019, 'generation': 404}","{'id': 33215, 'rank': 15, 'fitness': 0.9800730376426019, 'generation': 404}","{'id': 33215, 'rank': 16, 'fitness': 0.9800730376426019, 'generation': 404}","{'id': 33177, 'rank': 17, 'fitness': 0.9800410166416684, 'generation': 404}","{'id': 33225, 'rank': 18, 'fitness': 0.979629051030927, 'generation': 404}","{'id': 33207, 'rank': 19, 'fitness': 0.9790918956158483, 'generation': 404}","{'id': 33161, 'rank': 20, 'fitness': 0.97892993964244, 'generation': 404}","{'id': 33244, 'rank': 21, 'fitness': 0.9771511830779354, 'generation': 404}","{'id': 33244, 'rank': 22, 'fitness': 0.9771511830779354, 'generation': 404}","{'id': 33173, 'rank': 23, 'fitness': 0.9732744183055868, 'generation': 404}","{'id': 33188, 'rank': 24, 'fitness': 0.9662001177934395, 'generation': 404}","{'id': 33106, 'rank': 25, 'fitness': 0.9098237442803115, 'generation': 404}","{'id': 33165, 'rank': 26, 'fitness': 0.8523482277437928, 'generation': 404}","{'id': 33251, 'rank': 27, 'fitness': 0.8515577727263537, 'generation': 404}","{'id': 33251, 'rank': 28, 'fitness': 0.8515577727263537, 'generation': 404}","{'id': 33149, 'rank': 29, 'fitness': 0.22350289268610296, 'generation': 404}","{'id': 33136, 'rank': 30, 'fitness': 0.01798620996209155, 'generation': 404}"
"{'id': 33284, 'rank': 1, 'fitness': 0.9820137900379085, 'generation': 405}","{'id': 33284, 'rank': 2, 'fitness': 0.9820137900379085, 'generation': 405}","{'id': 33281, 'rank': 3, 'fitness': 0.9819666390376396, 'generation': 405}","{'id': 33294, 'rank': 4, 'fitness': 0.9815896445605649, 'generation': 405}","{'id': 33288, 'rank': 5, 'fitness': 0.9813667651286105, 'generation': 405}","{'id': 33187, 'rank': 6, 'fitness': 0.9813093212501182, 'generation': 405}","{'id': 33308, 'rank': 7, 'fitness': 0.9807360507065762, 'generation': 405}","{'id': 32945, 'rank': 8, 'fitness': 0.9805414053336207, 'generation': 405}","{'id': 33302, 'rank': 9, 'fitness': 0.9804817630942773, 'generation': 405}","{'id': 33277, 'rank': 10, 'fitness': 0.9803753774661293, 'generation': 405}","{'id': 33238, 'rank': 11, 'fitness': 0.9802361015196394, 'generation': 405}","{'id': 33257, 'rank': 12, 'fitness': 0.9802256867032203, 'generation': 405}","{'id': 33297, 'rank': 13, 'fitness': 0.9801995552781956, 'generation': 405}","{'id': 33297, 'rank': 14, 'fitness': 0.9801995552781956, 'generation': 405}","{'id': 33279, 'rank': 15, 'fitness': 0.9797063835855293, 'generation': 405}","{'id': 33278, 'rank': 16, 'fitness': 0.9796852943240251, 'generation': 405}","{'id': 33215, 'rank': 17, 'fitness': 0.9795486978820103, 'generation': 405}","{'id': 33273, 'rank': 18, 'fitness': 0.9794256243907167, 'generation': 405}","{'id': 33273, 'rank': 19, 'fitness': 0.9794256243907167, 'generation': 405}","{'id': 33336, 'rank': 20, 'fitness': 0.9792533907095576, 'generation': 405}","{'id': 33330, 'rank': 21, 'fitness': 0.9783954751109973, 'generation': 405}","{'id': 33323, 'rank': 22, 'fitness': 0.9763697024321114, 'generation': 405}","{'id': 33244, 'rank': 23, 'fitness': 0.9761155603740108, 'generation': 405}","{'id': 33307, 'rank': 24, 'fitness': 0.9744225071974599, 'generation': 405}","{'id': 33173, 'rank': 25, 'fitness': 0.9714728181784846, 'generation': 405}","{'id': 33317, 'rank': 26, 'fitness': 0.9690338324279881, 'generation': 405}","{'id': 33271, 'rank': 27, 'fitness': 0.9414798154822321, 'generation': 405}","{'id': 33106, 'rank': 28, 'fitness': 0.8880586423138301, 'generation': 405}","{'id': 33269, 'rank': 29, 'fitness': 0.7346339164127675, 'generation': 405}","{'id': 33312, 'rank': 30, 'fitness': 0.01798620996209155, 'generation': 405}"
"{'id': 33382, 'rank': 1, 'fitness': 0.9820137900379085, 'generation': 406}","{'id': 33403, 'rank': 2, 'fitness': 0.9815694899257061, 'generation': 406}","{'id': 33302, 'rank': 3, 'fitness': 0.9815402609317101, 'generation': 406}","{'id': 33360, 'rank': 4, 'fitness': 0.9814519904253942, 'generation': 406}","{'id': 33238, 'rank': 5, 'fitness': 0.9814337360222581, 'generation': 406}","{'id': 33366, 'rank': 6, 'fitness': 0.9814205550346502, 'generation': 406}","{'id': 33297, 'rank': 7, 'fitness': 0.9814179485989931, 'generation': 406}","{'id': 33410, 'rank': 8, 'fitness': 0.9812913774514986, 'generation': 406}","{'id': 33347, 'rank': 9, 'fitness': 0.9812408285802252, 'generation': 406}","{'id': 33367, 'rank': 10, 'fitness': 0.9811803797972677, 'generation': 406}","{'id': 33367, 'rank': 11, 'fitness': 0.9811803797972677, 'generation': 406}","{'id': 33367, 'rank': 12, 'fitness': 0.9811803797972677, 'generation': 406}","{'id': 33215, 'rank': 13, 'fitness': 0.9811393247793629, 'generation': 406}","{'id': 33273, 'rank': 14, 'fitness': 0.9810871673890619, 'generation': 406}","{'id': 33368, 'rank': 15, 'fitness': 0.9810797508947839, 'generation': 406}","{'id': 33368, 'rank': 16, 'fitness': 0.9810797508947839, 'generation': 406}","{'id': 33374, 'rank': 17, 'fitness': 0.9810186385726307, 'generation': 406}","{'id': 33409, 'rank': 18, 'fitness': 0.9809835953598571, 'generation': 406}","{'id': 33345, 'rank': 19, 'fitness': 0.9807900992484988, 'generation': 406}","{'id': 33401, 'rank': 20, 'fitness': 0.9802776044972858, 'generation': 406}","{'id': 33307, 'rank': 21, 'fitness': 0.9790910362167538, 'generation': 406}","{'id': 33343, 'rank': 22, 'fitness': 0.9790421731473209, 'generation': 406}","{'id': 33343, 'rank': 23, 'fitness': 0.9790421731473209, 'generation': 406}","{'id': 33350, 'rank': 24, 'fitness': 0.9789961359002403, 'generation': 406}","{'id': 33357, 'rank': 25, 'fitness': 0.9785465893769751, 'generation': 406}","{'id': 33351, 'rank': 26, 'fitness': 0.9775129747238761, 'generation': 406}","{'id': 33418, 'rank': 27, 'fitness': 0.972716615249205, 'generation': 406}","{'id': 33271, 'rank': 28, 'fitness': 0.9692407563265295, 'generation': 406}","{'id': 33389, 'rank': 29, 'fitness': 0.9522482347280979, 'generation': 406}","{'id': 33381, 'rank': 30, 'fitness': 0.01798620996209155, 'generation': 406}"
"{'id': 33425, 'rank': 1, 'fitness': 0.9820137900379085, 'generation': 407}","{'id': 33476, 'rank': 2, 'fitness': 0.9795669891819203, 'generation': 407}","{'id': 33360, 'rank': 3, 'fitness': 0.975657178334034, 'generation': 407}","{'id': 33482, 'rank': 4, 'fitness': 0.9752260147846721, 'generation': 407}","{'id': 33297, 'rank': 5, 'fitness': 0.9749261958580063, 'generation': 407}","{'id': 33458, 'rank': 6, 'fitness': 0.9725428772216436, 'generation': 407}","{'id': 33410, 'rank': 7, 'fitness': 0.9720291082648138, 'generation': 407}","{'id': 33481, 'rank': 8, 'fitness': 0.9686977028604382, 'generation': 407}","{'id': 33460, 'rank': 9, 'fitness': 0.9674893462998403, 'generation': 407}","{'id': 33374, 'rank': 10, 'fitness': 0.9647264231761565, 'generation': 407}","{'id': 33427, 'rank': 11, 'fitness': 0.9642851195470621, 'generation': 407}","{'id': 33438, 'rank': 12, 'fitness': 0.9582776106632549, 'generation': 407}","{'id': 33452, 'rank': 13, 'fitness': 0.9523194971171105, 'generation': 407}","{'id': 33434, 'rank': 14, 'fitness': 0.9484200282380744, 'generation': 407}","{'id': 33401, 'rank': 15, 'fitness': 0.9355116800114711, 'generation': 407}","{'id': 33487, 'rank': 16, 'fitness': 0.928193908888713, 'generation': 407}","{'id': 33472, 'rank': 17, 'fitness': 0.9235974136950422, 'generation': 407}","{'id': 33486, 'rank': 18, 'fitness': 0.9084067985310275, 'generation': 407}","{'id': 33470, 'rank': 19, 'fitness': 0.8840620234543834, 'generation': 407}","{'id': 33454, 'rank': 20, 'fitness': 0.8752566758276921, 'generation': 407}","{'id': 33307, 'rank': 21, 'fitness': 0.8463596772151655, 'generation': 407}","{'id': 33343, 'rank': 22, 'fitness': 0.8412581398477055, 'generation': 407}","{'id': 33343, 'rank': 23, 'fitness': 0.8412581398477055, 'generation': 407}","{'id': 33343, 'rank': 24, 'fitness': 0.8412581398477055, 'generation': 407}","{'id': 33350, 'rank': 25, 'fitness': 0.8363377529290265, 'generation': 407}","{'id': 33357, 'rank': 26, 'fitness': 0.7824356144559338, 'generation': 407}","{'id': 33351, 'rank': 27, 'fitness': 0.6221607677955933, 'generation': 407}","{'id': 33466, 'rank': 28, 'fitness': 0.18642420351315475, 'generation': 407}","{'id': 33431, 'rank': 29, 'fitness': 0.01798620996209155, 'generation': 407}","{'id': 33431, 'rank': 30, 'fitness': 0.01798620996209155, 'generation': 407}"
"{'id': 33528, 'rank': 1, 'fitness': 0.9820137900379085, 'generation': 408}","{'id': 33577, 'rank': 2, 'fitness': 0.9812296764476197, 'generation': 408}","{'id': 33577, 'rank': 3, 'fitness': 0.9812296764476197, 'generation': 408}","{'id': 33510, 'rank': 4, 'fitness': 0.9807752039780088, 'generation': 408}","{'id': 33562, 'rank': 5, 'fitness': 0.9799156769996282, 'generation': 408}","{'id': 33534, 'rank': 6, 'fitness': 0.978381815460754, 'generation': 408}","{'id': 33481, 'rank': 7, 'fitness': 0.9777716220522443, 'generation': 408}","{'id': 33481, 'rank': 8, 'fitness': 0.9777716220522443, 'generation': 408}","{'id': 33535, 'rank': 9, 'fitness': 0.9773447790092269, 'generation': 408}","{'id': 33374, 'rank': 10, 'fitness': 0.9766290975117408, 'generation': 408}","{'id': 33500, 'rank': 11, 'fitness': 0.9765624437345113, 'generation': 408}","{'id': 33575, 'rank': 12, 'fitness': 0.9750697704390936, 'generation': 408}","{'id': 33575, 'rank': 13, 'fitness': 0.9750697704390936, 'generation': 408}","{'id': 33524, 'rank': 14, 'fitness': 0.9736071520229839, 'generation': 408}","{'id': 33505, 'rank': 15, 'fitness': 0.9733990974443356, 'generation': 408}","{'id': 33434, 'rank': 16, 'fitness': 0.972556109995746, 'generation': 408}","{'id': 33504, 'rank': 17, 'fitness': 0.9686168003524867, 'generation': 408}","{'id': 33498, 'rank': 18, 'fitness': 0.9680876002579, 'generation': 408}","{'id': 33470, 'rank': 19, 'fitness': 0.9609236953157327, 'generation': 408}","{'id': 33578, 'rank': 20, 'fitness': 0.9546029011705273, 'generation': 408}","{'id': 33350, 'rank': 21, 'fitness': 0.9541838730014656, 'generation': 408}","{'id': 33507, 'rank': 22, 'fitness': 0.9336981934248385, 'generation': 408}","{'id': 33545, 'rank': 23, 'fitness': 0.8835338314043243, 'generation': 408}","{'id': 33466, 'rank': 24, 'fitness': 0.8516182878269218, 'generation': 408}","{'id': 33431, 'rank': 25, 'fitness': 0.6678454415249588, 'generation': 408}","{'id': 33548, 'rank': 26, 'fitness': 0.5727999892699384, 'generation': 408}","{'id': 33548, 'rank': 27, 'fitness': 0.5727999892699384, 'generation': 408}","{'id': 33556, 'rank': 28, 'fitness': 0.378032860741205, 'generation': 408}","{'id': 33529, 'rank': 29, 'fitness': 0.01798620996209155, 'generation': 408}","{'id': 33529, 'rank': 30, 'fitness': 0.01798620996209155, 'generation': 408}"
"{'id': 33528, 'rank': 1, 'fitness': 0.9820137900379085, 'generation': 409}","{'id': 33510, 'rank': 2, 'fitness': 0.9807980136534981, 'generation': 409}","{'id': 33592, 'rank': 3, 'fitness': 0.9804585483686534, 'generation': 409}","{'id': 33592, 'rank': 4, 'fitness': 0.9804585483686534, 'generation': 409}","{'id': 33606, 'rank': 5, 'fitness': 0.9783559656491028, 'generation': 409}","{'id': 33606, 'rank': 6, 'fitness': 0.9783559656491028, 'generation': 409}","{'id': 33593, 'rank': 7, 'fitness': 0.9772975330046312, 'generation': 409}","{'id': 33593, 'rank': 8, 'fitness': 0.9772975330046312, 'generation': 409}","{'id': 33652, 'rank': 9, 'fitness': 0.9767978676340592, 'generation': 409}","{'id': 33651, 'rank': 10, 'fitness': 0.9763987152526699, 'generation': 409}","{'id': 33612, 'rank': 11, 'fitness': 0.9752382857891553, 'generation': 409}","{'id': 33505, 'rank': 12, 'fitness': 0.9735832960330242, 'generation': 409}","{'id': 33505, 'rank': 13, 'fitness': 0.9735832960330242, 'generation': 409}","{'id': 33434, 'rank': 14, 'fitness': 0.972761141875577, 'generation': 409}","{'id': 33434, 'rank': 15, 'fitness': 0.972761141875577, 'generation': 409}","{'id': 33646, 'rank': 16, 'fitness': 0.9711107559601926, 'generation': 409}","{'id': 33646, 'rank': 17, 'fitness': 0.9711107559601926, 'generation': 409}","{'id': 33504, 'rank': 18, 'fitness': 0.9689246253723026, 'generation': 409}","{'id': 33636, 'rank': 19, 'fitness': 0.9658891657061995, 'generation': 409}","{'id': 33470, 'rank': 20, 'fitness': 0.9614544514483843, 'generation': 409}","{'id': 33470, 'rank': 21, 'fitness': 0.9614544514483843, 'generation': 409}","{'id': 33626, 'rank': 22, 'fitness': 0.9613512325885205, 'generation': 409}","{'id': 33350, 'rank': 23, 'fitness': 0.9549296031631676, 'generation': 409}","{'id': 33580, 'rank': 24, 'fitness': 0.9528489606586921, 'generation': 409}","{'id': 33630, 'rank': 25, 'fitness': 0.9521148125310944, 'generation': 409}","{'id': 33628, 'rank': 26, 'fitness': 0.9461195978807742, 'generation': 409}","{'id': 33548, 'rank': 27, 'fitness': 0.5888961615509888, 'generation': 409}","{'id': 33556, 'rank': 28, 'fitness': 0.39707365238877274, 'generation': 409}","{'id': 33619, 'rank': 29, 'fitness': 0.01798620996209155, 'generation': 409}","{'id': 33619, 'rank': 30, 'fitness': 0.01798620996209155, 'generation': 409}"
"{'id': 33686, 'rank': 1, 'fitness': 0.9820137900379085, 'generation': 410}","{'id': 33682, 'rank': 2, 'fitness': 0.9794706476930106, 'generation': 410}","{'id': 33510, 'rank': 3, 'fitness': 0.9788127824637524, 'generation': 410}","{'id': 33592, 'rank': 4, 'fitness': 0.9771932992081112, 'generation': 410}","{'id': 33691, 'rank': 5, 'fitness': 0.9760104361921751, 'generation': 410}","{'id': 33606, 'rank': 6, 'fitness': 0.9650381069007927, 'generation': 410}","{'id': 33738, 'rank': 7, 'fitness': 0.9599415478844724, 'generation': 410}","{'id': 33593, 'rank': 8, 'fitness': 0.9573906475373927, 'generation': 410}","{'id': 33593, 'rank': 9, 'fitness': 0.9573906475373927, 'generation': 410}","{'id': 33593, 'rank': 10, 'fitness': 0.9573906475373927, 'generation': 410}","{'id': 33667, 'rank': 11, 'fitness': 0.9502690963901819, 'generation': 410}","{'id': 33505, 'rank': 12, 'fitness': 0.9211094831521636, 'generation': 410}","{'id': 33646, 'rank': 13, 'fitness': 0.8879261441750246, 'generation': 410}","{'id': 33684, 'rank': 14, 'fitness': 0.8805160629947121, 'generation': 410}","{'id': 33697, 'rank': 15, 'fitness': 0.8802767507766144, 'generation': 410}","{'id': 33714, 'rank': 16, 'fitness': 0.8602628148697444, 'generation': 410}","{'id': 33680, 'rank': 17, 'fitness': 0.8594313711405548, 'generation': 410}","{'id': 33504, 'rank': 18, 'fitness': 0.8523069031381085, 'generation': 410}","{'id': 33702, 'rank': 19, 'fitness': 0.7901949539130447, 'generation': 410}","{'id': 33734, 'rank': 20, 'fitness': 0.7650779684483132, 'generation': 410}","{'id': 33470, 'rank': 21, 'fitness': 0.6926023590108368, 'generation': 410}","{'id': 33626, 'rank': 22, 'fitness': 0.690100910034074, 'generation': 410}","{'id': 33626, 'rank': 23, 'fitness': 0.690100910034074, 'generation': 410}","{'id': 33732, 'rank': 24, 'fitness': 0.668842559929266, 'generation': 410}","{'id': 33731, 'rank': 25, 'fitness': 0.6488500841347942, 'generation': 410}","{'id': 33685, 'rank': 26, 'fitness': 0.6239490139968826, 'generation': 410}","{'id': 33724, 'rank': 27, 'fitness': 0.4442880643843935, 'generation': 410}","{'id': 33726, 'rank': 28, 'fitness': 0.12887126310568336, 'generation': 410}","{'id': 33739, 'rank': 29, 'fitness': 0.0810289316568158, 'generation': 410}","{'id': 33733, 'rank': 30, 'fitness': 0.01798620996209155, 'generation': 410}"
"{'id': 33795, 'rank': 1, 'fitness': 0.9820137900379085, 'generation': 411}","{'id': 33786, 'rank': 2, 'fitness': 0.9817420000319202, 'generation': 411}","{'id': 33764, 'rank': 3, 'fitness': 0.9814782378873498, 'generation': 411}","{'id': 33801, 'rank': 4, 'fitness': 0.9813655211197242, 'generation': 411}","{'id': 33808, 'rank': 5, 'fitness': 0.9813006912562066, 'generation': 411}","{'id': 33793, 'rank': 6, 'fitness': 0.9812190172264517, 'generation': 411}","{'id': 33784, 'rank': 7, 'fitness': 0.9811510504273098, 'generation': 411}","{'id': 33791, 'rank': 8, 'fitness': 0.9810209068033351, 'generation': 411}","{'id': 33789, 'rank': 9, 'fitness': 0.9809952602078124, 'generation': 411}","{'id': 33606, 'rank': 10, 'fitness': 0.9807204458697449, 'generation': 411}","{'id': 33796, 'rank': 11, 'fitness': 0.980679203826757, 'generation': 411}","{'id': 33738, 'rank': 12, 'fitness': 0.980550723825709, 'generation': 411}","{'id': 33788, 'rank': 13, 'fitness': 0.9805395490848985, 'generation': 411}","{'id': 33752, 'rank': 14, 'fitness': 0.9799664014233049, 'generation': 411}","{'id': 33752, 'rank': 15, 'fitness': 0.9799664014233049, 'generation': 411}","{'id': 33626, 'rank': 16, 'fitness': 0.97746952148742, 'generation': 411}","{'id': 33626, 'rank': 17, 'fitness': 0.97746952148742, 'generation': 411}","{'id': 33731, 'rank': 18, 'fitness': 0.9772082498659789, 'generation': 411}","{'id': 33731, 'rank': 19, 'fitness': 0.9772082498659789, 'generation': 411}","{'id': 33731, 'rank': 20, 'fitness': 0.9772082498659789, 'generation': 411}","{'id': 33768, 'rank': 21, 'fitness': 0.9767007951903914, 'generation': 411}","{'id': 33748, 'rank': 22, 'fitness': 0.9747555802546348, 'generation': 411}","{'id': 33744, 'rank': 23, 'fitness': 0.9744204693633804, 'generation': 411}","{'id': 33726, 'rank': 24, 'fitness': 0.9733686440900635, 'generation': 411}","{'id': 33726, 'rank': 25, 'fitness': 0.9733686440900635, 'generation': 411}","{'id': 33783, 'rank': 26, 'fitness': 0.14127101580165735, 'generation': 411}","{'id': 33800, 'rank': 27, 'fitness': 0.043372806714841006, 'generation': 411}","{'id': 33794, 'rank': 28, 'fitness': 0.026395089124810978, 'generation': 411}","{'id': 33799, 'rank': 29, 'fitness': 0.01798620996209155, 'generation': 411}","{'id': 33799, 'rank': 30, 'fitness': 0.01798620996209155, 'generation': 411}"
"{'id': 33846, 'rank': 1, 'fitness': 0.9820137900379085, 'generation': 412}","{'id': 33795, 'rank': 2, 'fitness': 0.9819426972402001, 'generation': 412}","{'id': 33795, 'rank': 3, 'fitness': 0.9819426972402001, 'generation': 412}","{'id': 33786, 'rank': 4, 'fitness': 0.9816558243970406, 'generation': 412}","{'id': 33848, 'rank': 5, 'fitness': 0.9814168519088713, 'generation': 412}","{'id': 33885, 'rank': 6, 'fitness': 0.981138261152722, 'generation': 412}","{'id': 33793, 'rank': 7, 'fitness': 0.981103222086684, 'generation': 412}","{'id': 33850, 'rank': 8, 'fitness': 0.980856839857181, 'generation': 412}","{'id': 33811, 'rank': 9, 'fitness': 0.9808527439406345, 'generation': 412}","{'id': 33827, 'rank': 10, 'fitness': 0.980817030238862, 'generation': 412}","{'id': 33606, 'rank': 11, 'fitness': 0.9805756994427826, 'generation': 412}","{'id': 33812, 'rank': 12, 'fitness': 0.9798801718533474, 'generation': 412}","{'id': 33810, 'rank': 13, 'fitness': 0.9796920236907751, 'generation': 412}","{'id': 33810, 'rank': 14, 'fitness': 0.9796920236907751, 'generation': 412}","{'id': 33867, 'rank': 15, 'fitness': 0.9795205151643331, 'generation': 412}","{'id': 33864, 'rank': 16, 'fitness': 0.9782159455807041, 'generation': 412}","{'id': 33818, 'rank': 17, 'fitness': 0.978025491997419, 'generation': 412}","{'id': 33823, 'rank': 18, 'fitness': 0.9773199515588742, 'generation': 412}","{'id': 33626, 'rank': 19, 'fitness': 0.9771201089257573, 'generation': 412}","{'id': 33731, 'rank': 20, 'fitness': 0.9768412691018413, 'generation': 412}","{'id': 33768, 'rank': 21, 'fitness': 0.9762992462204994, 'generation': 412}","{'id': 33855, 'rank': 22, 'fitness': 0.976205574378409, 'generation': 412}","{'id': 33858, 'rank': 23, 'fitness': 0.9761668786317679, 'generation': 412}","{'id': 33824, 'rank': 24, 'fitness': 0.9761486611844923, 'generation': 412}","{'id': 33824, 'rank': 25, 'fitness': 0.9761486611844923, 'generation': 412}","{'id': 33874, 'rank': 26, 'fitness': 0.9745850990415774, 'generation': 412}","{'id': 33726, 'rank': 27, 'fitness': 0.972726315395092, 'generation': 412}","{'id': 33783, 'rank': 28, 'fitness': 0.1086163583448661, 'generation': 412}","{'id': 33783, 'rank': 29, 'fitness': 0.1086163583448661, 'generation': 412}","{'id': 33794, 'rank': 30, 'fitness': 0.01798620996209155, 'generation': 412}"
"{'id': 33941, 'rank': 1, 'fitness': 0.9820137900379085, 'generation': 413}","{'id': 33981, 'rank': 2, 'fitness': 0.9817770095726802, 'generation': 413}","{'id': 33981, 'rank': 3, 'fitness': 0.9817770095726802, 'generation': 413}","{'id': 33912, 'rank': 4, 'fitness': 0.9813325666369558, 'generation': 413}","{'id': 33786, 'rank': 5, 'fitness': 0.9812946539799599, 'generation': 413}","{'id': 33848, 'rank': 6, 'fitness': 0.9809753758978577, 'generation': 413}","{'id': 33917, 'rank': 7, 'fitness': 0.980920431139616, 'generation': 413}","{'id': 33885, 'rank': 8, 'fitness': 0.9806016028247326, 'generation': 413}","{'id': 33978, 'rank': 9, 'fitness': 0.9805721435199334, 'generation': 413}","{'id': 33927, 'rank': 10, 'fitness': 0.9804298112588444, 'generation': 413}","{'id': 33936, 'rank': 11, 'fitness': 0.9802152838127041, 'generation': 413}","{'id': 33936, 'rank': 12, 'fitness': 0.9802152838127041, 'generation': 413}","{'id': 33827, 'rank': 13, 'fitness': 0.9801685564287813, 'generation': 413}","{'id': 33930, 'rank': 14, 'fitness': 0.9801014705127931, 'generation': 413}","{'id': 33606, 'rank': 15, 'fitness': 0.9798417838286708, 'generation': 413}","{'id': 33973, 'rank': 16, 'fitness': 0.9797181330862083, 'generation': 413}","{'id': 33953, 'rank': 17, 'fitness': 0.97946639621656, 'generation': 413}","{'id': 33920, 'rank': 18, 'fitness': 0.9794218247077344, 'generation': 413}","{'id': 33810, 'rank': 19, 'fitness': 0.9786349175425011, 'generation': 413}","{'id': 33979, 'rank': 20, 'fitness': 0.9768227727556398, 'generation': 413}","{'id': 33979, 'rank': 21, 'fitness': 0.9768227727556398, 'generation': 413}","{'id': 33959, 'rank': 22, 'fitness': 0.9767562136088707, 'generation': 413}","{'id': 33956, 'rank': 23, 'fitness': 0.975490623147983, 'generation': 413}","{'id': 33971, 'rank': 24, 'fitness': 0.9752914127330237, 'generation': 413}","{'id': 33626, 'rank': 25, 'fitness': 0.9750342955685716, 'generation': 413}","{'id': 33855, 'rank': 26, 'fitness': 0.9737240427104993, 'generation': 413}","{'id': 33908, 'rank': 27, 'fitness': 0.9736399662208564, 'generation': 413}","{'id': 33968, 'rank': 28, 'fitness': 0.9693589719054566, 'generation': 413}","{'id': 33957, 'rank': 29, 'fitness': 0.9688470446100845, 'generation': 413}","{'id': 33783, 'rank': 30, 'fitness': 0.01798620996209155, 'generation': 413}"
"{'id': 34001, 'rank': 1, 'fitness': 0.9820137900379085, 'generation': 414}","{'id': 33981, 'rank': 2, 'fitness': 0.9818824692847102, 'generation': 414}","{'id': 33981, 'rank': 3, 'fitness': 0.9818824692847102, 'generation': 414}","{'id': 34000, 'rank': 4, 'fitness': 0.9818568864934204, 'generation': 414}","{'id': 34058, 'rank': 5, 'fitness': 0.9815046005680765, 'generation': 414}","{'id': 34057, 'rank': 6, 'fitness': 0.9814880124872805, 'generation': 414}","{'id': 34060, 'rank': 7, 'fitness': 0.9814826335075659, 'generation': 414}","{'id': 33786, 'rank': 8, 'fitness': 0.9814024927280156, 'generation': 414}","{'id': 34004, 'rank': 9, 'fitness': 0.9810099065076876, 'generation': 414}","{'id': 34020, 'rank': 10, 'fitness': 0.9810054770988088, 'generation': 414}","{'id': 34005, 'rank': 11, 'fitness': 0.9809106143993627, 'generation': 414}","{'id': 34003, 'rank': 12, 'fitness': 0.9807527182219095, 'generation': 414}","{'id': 33885, 'rank': 13, 'fitness': 0.9807128393465239, 'generation': 414}","{'id': 33978, 'rank': 14, 'fitness': 0.9806835239449023, 'generation': 414}","{'id': 33927, 'rank': 15, 'fitness': 0.9805418863544563, 'generation': 414}","{'id': 33936, 'rank': 16, 'fitness': 0.9803284040813189, 'generation': 414}","{'id': 33991, 'rank': 17, 'fitness': 0.9801470998268877, 'generation': 414}","{'id': 34010, 'rank': 18, 'fitness': 0.9801116949183937, 'generation': 414}","{'id': 34016, 'rank': 19, 'fitness': 0.9796786313589942, 'generation': 414}","{'id': 33995, 'rank': 20, 'fitness': 0.9790450020880781, 'generation': 414}","{'id': 33996, 'rank': 21, 'fitness': 0.9789873558178245, 'generation': 414}","{'id': 34051, 'rank': 22, 'fitness': 0.9770520207996651, 'generation': 414}","{'id': 33979, 'rank': 23, 'fitness': 0.9769521387017964, 'generation': 414}","{'id': 34052, 'rank': 24, 'fitness': 0.9769209498566971, 'generation': 414}","{'id': 33971, 'rank': 25, 'fitness': 0.9754279482712791, 'generation': 414}","{'id': 33855, 'rank': 26, 'fitness': 0.9738678184400451, 'generation': 414}","{'id': 34040, 'rank': 27, 'fitness': 0.9663322431741381, 'generation': 414}","{'id': 34048, 'rank': 28, 'fitness': 0.9659961114225064, 'generation': 414}","{'id': 33985, 'rank': 29, 'fitness': 0.9596634694161486, 'generation': 414}","{'id': 33783, 'rank': 30, 'fitness': 0.01798620996209155, 'generation': 414}"
"{'id': 33981, 'rank': 1, 'fitness': 0.9820137900379085, 'generation': 415}","{'id': 34089, 'rank': 2, 'fitness': 0.9803834572102774, 'generation': 415}","{'id': 34116, 'rank': 3, 'fitness': 0.979559876681625, 'generation': 415}","{'id': 34102, 'rank': 4, 'fitness': 0.9770459421156247, 'generation': 415}","{'id': 34087, 'rank': 5, 'fitness': 0.9762388200815494, 'generation': 415}","{'id': 34113, 'rank': 6, 'fitness': 0.9741113196341932, 'generation': 415}","{'id': 34004, 'rank': 7, 'fitness': 0.9738933147555112, 'generation': 415}","{'id': 34004, 'rank': 8, 'fitness': 0.9738933147555112, 'generation': 415}","{'id': 34140, 'rank': 9, 'fitness': 0.9719012250609587, 'generation': 415}","{'id': 34105, 'rank': 10, 'fitness': 0.9718807499327587, 'generation': 415}","{'id': 33927, 'rank': 11, 'fitness': 0.9683797232287685, 'generation': 415}","{'id': 33936, 'rank': 12, 'fitness': 0.9655562386770811, 'generation': 415}","{'id': 33991, 'rank': 13, 'fitness': 0.9629949809097785, 'generation': 415}","{'id': 34110, 'rank': 14, 'fitness': 0.9618801310653717, 'generation': 415}","{'id': 34108, 'rank': 15, 'fitness': 0.9587632064912628, 'generation': 415}","{'id': 34076, 'rank': 16, 'fitness': 0.958761678827905, 'generation': 415}","{'id': 34125, 'rank': 17, 'fitness': 0.9562982803621627, 'generation': 415}","{'id': 34016, 'rank': 18, 'fitness': 0.9556313748046921, 'generation': 415}","{'id': 34136, 'rank': 19, 'fitness': 0.9552082994637158, 'generation': 415}","{'id': 34121, 'rank': 20, 'fitness': 0.9486100540522332, 'generation': 415}","{'id': 34131, 'rank': 21, 'fitness': 0.947877384980762, 'generation': 415}","{'id': 34137, 'rank': 22, 'fitness': 0.936855748400682, 'generation': 415}","{'id': 34070, 'rank': 23, 'fitness': 0.8987936988041301, 'generation': 415}","{'id': 33971, 'rank': 24, 'fitness': 0.8213886768644799, 'generation': 415}","{'id': 34146, 'rank': 25, 'fitness': 0.8031268506190442, 'generation': 415}","{'id': 34069, 'rank': 26, 'fitness': 0.7909867076828891, 'generation': 415}","{'id': 34064, 'rank': 27, 'fitness': 0.6203701095974609, 'generation': 415}","{'id': 34040, 'rank': 28, 'fitness': 0.2589286086626663, 'generation': 415}","{'id': 34092, 'rank': 29, 'fitness': 0.048027919168825206, 'generation': 415}","{'id': 34093, 'rank': 30, 'fitness': 0.01798620996209155, 'generation': 415}"
"{'id': 34160, 'rank': 1, 'fitness': 0.9820137900379085, 'generation': 416}","{'id': 34203, 'rank': 2, 'fitness': 0.9804134093107535, 'generation': 416}","{'id': 34203, 'rank': 3, 'fitness': 0.9804134093107535, 'generation': 416}","{'id': 34175, 'rank': 4, 'fitness': 0.979916614038358, 'generation': 416}","{'id': 34175, 'rank': 5, 'fitness': 0.979916614038358, 'generation': 416}","{'id': 34202, 'rank': 6, 'fitness': 0.9757315116790252, 'generation': 416}","{'id': 34004, 'rank': 7, 'fitness': 0.9744419960735966, 'generation': 416}","{'id': 34180, 'rank': 8, 'fitness': 0.9740139885427624, 'generation': 416}","{'id': 34193, 'rank': 9, 'fitness': 0.973886008186417, 'generation': 416}","{'id': 34140, 'rank': 10, 'fitness': 0.9722492789788613, 'generation': 416}","{'id': 34140, 'rank': 11, 'fitness': 0.9722492789788613, 'generation': 416}","{'id': 34187, 'rank': 12, 'fitness': 0.9708488835508322, 'generation': 416}","{'id': 33927, 'rank': 13, 'fitness': 0.9683294524293343, 'generation': 416}","{'id': 33927, 'rank': 14, 'fitness': 0.9683294524293343, 'generation': 416}","{'id': 34153, 'rank': 15, 'fitness': 0.9627307532978886, 'generation': 416}","{'id': 34153, 'rank': 16, 'fitness': 0.9627307532978886, 'generation': 416}","{'id': 34110, 'rank': 17, 'fitness': 0.9609657196484745, 'generation': 416}","{'id': 34182, 'rank': 18, 'fitness': 0.9531232101088398, 'generation': 416}","{'id': 34215, 'rank': 19, 'fitness': 0.9468368173621293, 'generation': 416}","{'id': 34167, 'rank': 20, 'fitness': 0.9439596811481362, 'generation': 416}","{'id': 34155, 'rank': 21, 'fitness': 0.9399992827755186, 'generation': 416}","{'id': 34161, 'rank': 22, 'fitness': 0.9370008471405935, 'generation': 416}","{'id': 34161, 'rank': 23, 'fitness': 0.9370008471405935, 'generation': 416}","{'id': 34137, 'rank': 24, 'fitness': 0.9314605352744927, 'generation': 416}","{'id': 34219, 'rank': 25, 'fitness': 0.7894799902523113, 'generation': 416}","{'id': 34069, 'rank': 26, 'fitness': 0.7466382994705423, 'generation': 416}","{'id': 34069, 'rank': 27, 'fitness': 0.7466382994705423, 'generation': 416}","{'id': 34159, 'rank': 28, 'fitness': 0.49368572406384587, 'generation': 416}","{'id': 34152, 'rank': 29, 'fitness': 0.1732963630363329, 'generation': 416}","{'id': 34178, 'rank': 30, 'fitness': 0.01798620996209155, 'generation': 416}"
"{'id': 34244, 'rank': 1, 'fitness': 0.9820137900379085, 'generation': 417}","{'id': 34244, 'rank': 2, 'fitness': 0.9820137900379085, 'generation': 417}","{'id': 34294, 'rank': 3, 'fitness': 0.981573810753968, 'generation': 417}","{'id': 34294, 'rank': 4, 'fitness': 0.981573810753968, 'generation': 417}","{'id': 34294, 'rank': 5, 'fitness': 0.981573810753968, 'generation': 417}","{'id': 34202, 'rank': 6, 'fitness': 0.9800331051320817, 'generation': 417}","{'id': 34202, 'rank': 7, 'fitness': 0.9800331051320817, 'generation': 417}","{'id': 34193, 'rank': 8, 'fitness': 0.9794746329477284, 'generation': 417}","{'id': 34277, 'rank': 9, 'fitness': 0.9794735630254122, 'generation': 417}","{'id': 34283, 'rank': 10, 'fitness': 0.9791302582291124, 'generation': 417}","{'id': 34259, 'rank': 11, 'fitness': 0.9785383027648417, 'generation': 417}","{'id': 33927, 'rank': 12, 'fitness': 0.9779245843424309, 'generation': 417}","{'id': 34250, 'rank': 13, 'fitness': 0.9772293663041216, 'generation': 417}","{'id': 34110, 'rank': 14, 'fitness': 0.9761031613574527, 'generation': 417}","{'id': 34282, 'rank': 15, 'fitness': 0.9758044147054852, 'generation': 417}","{'id': 34255, 'rank': 16, 'fitness': 0.9754910044112406, 'generation': 417}","{'id': 34238, 'rank': 17, 'fitness': 0.9734753816732614, 'generation': 417}","{'id': 34229, 'rank': 18, 'fitness': 0.9729034360094356, 'generation': 417}","{'id': 34167, 'rank': 19, 'fitness': 0.9725541348157991, 'generation': 417}","{'id': 34155, 'rank': 20, 'fitness': 0.9718201622735824, 'generation': 417}","{'id': 34161, 'rank': 21, 'fitness': 0.9712823672151725, 'generation': 417}","{'id': 34161, 'rank': 22, 'fitness': 0.9712823672151725, 'generation': 417}","{'id': 34276, 'rank': 23, 'fitness': 0.9635212157120457, 'generation': 417}","{'id': 34284, 'rank': 24, 'fitness': 0.9627723599684702, 'generation': 417}","{'id': 34301, 'rank': 25, 'fitness': 0.9520928617636049, 'generation': 417}","{'id': 34069, 'rank': 26, 'fitness': 0.9485776101890399, 'generation': 417}","{'id': 34300, 'rank': 27, 'fitness': 0.9137963217224052, 'generation': 417}","{'id': 34152, 'rank': 28, 'fitness': 0.8727004788206358, 'generation': 417}","{'id': 34152, 'rank': 29, 'fitness': 0.8727004788206358, 'generation': 417}","{'id': 34228, 'rank': 30, 'fitness': 0.01798620996209155, 'generation': 417}"
"{'id': 34350, 'rank': 1, 'fitness': 0.9820137900379085, 'generation': 418}","{'id': 34322, 'rank': 2, 'fitness': 0.981166832949017, 'generation': 418}","{'id': 34202, 'rank': 3, 'fitness': 0.981111342122312, 'generation': 418}","{'id': 34365, 'rank': 4, 'fitness': 0.9808478361874804, 'generation': 418}","{'id': 34193, 'rank': 5, 'fitness': 0.9805808895572634, 'generation': 418}","{'id': 34355, 'rank': 6, 'fitness': 0.9796776689072393, 'generation': 418}","{'id': 34353, 'rank': 7, 'fitness': 0.9774258006779432, 'generation': 418}","{'id': 34255, 'rank': 8, 'fitness': 0.9767950634984436, 'generation': 418}","{'id': 34372, 'rank': 9, 'fitness': 0.9766203534296762, 'generation': 418}","{'id': 34335, 'rank': 10, 'fitness': 0.9744502262865798, 'generation': 418}","{'id': 34155, 'rank': 11, 'fitness': 0.9733034906358199, 'generation': 418}","{'id': 34389, 'rank': 12, 'fitness': 0.9728871384852262, 'generation': 418}","{'id': 34313, 'rank': 13, 'fitness': 0.9703597610777412, 'generation': 418}","{'id': 34316, 'rank': 14, 'fitness': 0.9692631208522946, 'generation': 418}","{'id': 34316, 'rank': 15, 'fitness': 0.9692631208522946, 'generation': 418}","{'id': 34390, 'rank': 16, 'fitness': 0.9656471571944422, 'generation': 418}","{'id': 34324, 'rank': 17, 'fitness': 0.9651100419802658, 'generation': 418}","{'id': 34284, 'rank': 18, 'fitness': 0.9646864830581341, 'generation': 418}","{'id': 34336, 'rank': 19, 'fitness': 0.964592805655099, 'generation': 418}","{'id': 34356, 'rank': 20, 'fitness': 0.9603727130769917, 'generation': 418}","{'id': 34388, 'rank': 21, 'fitness': 0.9572612558965687, 'generation': 418}","{'id': 34301, 'rank': 22, 'fitness': 0.9544972884964016, 'generation': 418}","{'id': 34330, 'rank': 23, 'fitness': 0.9540960188222527, 'generation': 418}","{'id': 34363, 'rank': 24, 'fitness': 0.9457413933589597, 'generation': 418}","{'id': 34363, 'rank': 25, 'fitness': 0.9457413933589597, 'generation': 418}","{'id': 34300, 'rank': 26, 'fitness': 0.9178210393656069, 'generation': 418}","{'id': 34152, 'rank': 27, 'fitness': 0.8782546605119622, 'generation': 418}","{'id': 34305, 'rank': 28, 'fitness': 0.48215257196666167, 'generation': 418}","{'id': 34346, 'rank': 29, 'fitness': 0.08842005032322808, 'generation': 418}","{'id': 34383, 'rank': 30, 'fitness': 0.01798620996209155, 'generation': 418}"
"{'id': 34430, 'rank': 1, 'fitness': 0.9820137900379085, 'generation': 419}","{'id': 34430, 'rank': 2, 'fitness': 0.9820137900379085, 'generation': 419}","{'id': 34394, 'rank': 3, 'fitness': 0.979776165109331, 'generation': 419}","{'id': 34423, 'rank': 4, 'fitness': 0.9779443483789187, 'generation': 419}","{'id': 34392, 'rank': 5, 'fitness': 0.9769628687251735, 'generation': 419}","{'id': 34411, 'rank': 6, 'fitness': 0.9761788401747831, 'generation': 419}","{'id': 34395, 'rank': 7, 'fitness': 0.9742547870376808, 'generation': 419}","{'id': 34450, 'rank': 8, 'fitness': 0.9696307229734907, 'generation': 419}","{'id': 34475, 'rank': 9, 'fitness': 0.9676616175103343, 'generation': 419}","{'id': 34418, 'rank': 10, 'fitness': 0.9648979794711139, 'generation': 419}","{'id': 34335, 'rank': 11, 'fitness': 0.9632349165561591, 'generation': 419}","{'id': 34441, 'rank': 12, 'fitness': 0.9627642640644646, 'generation': 419}","{'id': 34155, 'rank': 13, 'fitness': 0.9606446679394298, 'generation': 419}","{'id': 34457, 'rank': 14, 'fitness': 0.9590923380813402, 'generation': 419}","{'id': 34399, 'rank': 15, 'fitness': 0.9559699112593747, 'generation': 419}","{'id': 34313, 'rank': 16, 'fitness': 0.953735097485295, 'generation': 419}","{'id': 34324, 'rank': 17, 'fitness': 0.9405585617539989, 'generation': 419}","{'id': 34324, 'rank': 18, 'fitness': 0.9405585617539989, 'generation': 419}","{'id': 34356, 'rank': 19, 'fitness': 0.927833386753108, 'generation': 419}","{'id': 34440, 'rank': 20, 'fitness': 0.8984870978737587, 'generation': 419}","{'id': 34363, 'rank': 21, 'fitness': 0.8845692559799112, 'generation': 419}","{'id': 34363, 'rank': 22, 'fitness': 0.8845692559799112, 'generation': 419}","{'id': 34478, 'rank': 23, 'fitness': 0.7786191586856308, 'generation': 419}","{'id': 34478, 'rank': 24, 'fitness': 0.7786191586856308, 'generation': 419}","{'id': 34472, 'rank': 25, 'fitness': 0.7298144392805304, 'generation': 419}","{'id': 34416, 'rank': 26, 'fitness': 0.7013974650414136, 'generation': 419}","{'id': 34449, 'rank': 27, 'fitness': 0.6849170125685723, 'generation': 419}","{'id': 34403, 'rank': 28, 'fitness': 0.2788016447060528, 'generation': 419}","{'id': 34305, 'rank': 29, 'fitness': 0.07156476900768272, 'generation': 419}","{'id': 34404, 'rank': 30, 'fitness': 0.01798620996209155, 'generation': 419}"
"{'id': 34499, 'rank': 1, 'fitness': 0.9820137900379085, 'generation': 420}","{'id': 34537, 'rank': 2, 'fitness': 0.9817002473839853, 'generation': 420}","{'id': 34537, 'rank': 3, 'fitness': 0.9817002473839853, 'generation': 420}","{'id': 34423, 'rank': 4, 'fitness': 0.9816544143252548, 'generation': 420}","{'id': 34423, 'rank': 5, 'fitness': 0.9816544143252548, 'generation': 420}","{'id': 34392, 'rank': 6, 'fitness': 0.9815930913401625, 'generation': 420}","{'id': 34483, 'rank': 7, 'fitness': 0.981445490673699, 'generation': 420}","{'id': 34534, 'rank': 8, 'fitness': 0.9814004117008248, 'generation': 420}","{'id': 34552, 'rank': 9, 'fitness': 0.9812459237591125, 'generation': 420}","{'id': 34450, 'rank': 10, 'fitness': 0.9811975451620522, 'generation': 420}","{'id': 34566, 'rank': 11, 'fitness': 0.9810917487421027, 'generation': 420}","{'id': 34511, 'rank': 12, 'fitness': 0.9810644964570545, 'generation': 420}","{'id': 34511, 'rank': 13, 'fitness': 0.9810644964570545, 'generation': 420}","{'id': 34441, 'rank': 14, 'fitness': 0.9808982130127804, 'generation': 420}","{'id': 34493, 'rank': 15, 'fitness': 0.9806761505309416, 'generation': 420}","{'id': 34313, 'rank': 16, 'fitness': 0.9805715503523957, 'generation': 420}","{'id': 34531, 'rank': 17, 'fitness': 0.980436367641224, 'generation': 420}","{'id': 34531, 'rank': 18, 'fitness': 0.980436367641224, 'generation': 420}","{'id': 34494, 'rank': 19, 'fitness': 0.9802436045370408, 'generation': 420}","{'id': 34560, 'rank': 20, 'fitness': 0.979886423714017, 'generation': 420}","{'id': 34363, 'rank': 21, 'fitness': 0.9790792592828819, 'generation': 420}","{'id': 34550, 'rank': 22, 'fitness': 0.9786501451211681, 'generation': 420}","{'id': 34513, 'rank': 23, 'fitness': 0.978392430664081, 'generation': 420}","{'id': 34416, 'rank': 24, 'fitness': 0.9771485433702451, 'generation': 420}","{'id': 34548, 'rank': 25, 'fitness': 0.9746817664533376, 'generation': 420}","{'id': 34504, 'rank': 26, 'fitness': 0.9678123339742717, 'generation': 420}","{'id': 34503, 'rank': 27, 'fitness': 0.9480177469139632, 'generation': 420}","{'id': 34528, 'rank': 28, 'fitness': 0.7678824542560722, 'generation': 420}","{'id': 34528, 'rank': 29, 'fitness': 0.7678824542560722, 'generation': 420}","{'id': 34540, 'rank': 30, 'fitness': 0.01798620996209155, 'generation': 420}"
"{'id': 34499, 'rank': 1, 'fitness': 0.9820137900379085, 'generation': 421}","{'id': 34613, 'rank': 2, 'fitness': 0.9818064581340519, 'generation': 421}","{'id': 34620, 'rank': 3, 'fitness': 0.981785818557197, 'generation': 421}","{'id': 34655, 'rank': 4, 'fitness': 0.981783757475529, 'generation': 421}","{'id': 34614, 'rank': 5, 'fitness': 0.9816931310659442, 'generation': 421}","{'id': 34537, 'rank': 6, 'fitness': 0.9814724097355626, 'generation': 421}","{'id': 34537, 'rank': 7, 'fitness': 0.9814724097355626, 'generation': 421}","{'id': 34621, 'rank': 8, 'fitness': 0.9814617920522815, 'generation': 421}","{'id': 34423, 'rank': 9, 'fitness': 0.9813927219565688, 'generation': 421}","{'id': 34622, 'rank': 10, 'fitness': 0.9813333958377075, 'generation': 421}","{'id': 34599, 'rank': 11, 'fitness': 0.9810836152011091, 'generation': 421}","{'id': 34587, 'rank': 12, 'fitness': 0.9810403161816938, 'generation': 421}","{'id': 34583, 'rank': 13, 'fitness': 0.9806702669284755, 'generation': 421}","{'id': 34450, 'rank': 14, 'fitness': 0.9805907617966313, 'generation': 421}","{'id': 34576, 'rank': 15, 'fitness': 0.98041280102462, 'generation': 421}","{'id': 34612, 'rank': 16, 'fitness': 0.9797247584993954, 'generation': 421}","{'id': 34632, 'rank': 17, 'fitness': 0.9796448703458227, 'generation': 421}","{'id': 34531, 'rank': 18, 'fitness': 0.9792241320686433, 'generation': 421}","{'id': 34531, 'rank': 19, 'fitness': 0.9792241320686433, 'generation': 421}","{'id': 34585, 'rank': 20, 'fitness': 0.9787129607802382, 'generation': 421}","{'id': 34600, 'rank': 21, 'fitness': 0.9774058019207934, 'generation': 421}","{'id': 34630, 'rank': 22, 'fitness': 0.9757625219488344, 'generation': 421}","{'id': 34513, 'rank': 23, 'fitness': 0.975369950284789, 'generation': 421}","{'id': 34604, 'rank': 24, 'fitness': 0.9521135207196265, 'generation': 421}","{'id': 34604, 'rank': 25, 'fitness': 0.9521135207196265, 'generation': 421}","{'id': 34635, 'rank': 26, 'fitness': 0.932523594963466, 'generation': 421}","{'id': 34646, 'rank': 27, 'fitness': 0.5028031667335608, 'generation': 421}","{'id': 34528, 'rank': 28, 'fitness': 0.3075824130321043, 'generation': 421}","{'id': 34528, 'rank': 29, 'fitness': 0.3075824130321043, 'generation': 421}","{'id': 34588, 'rank': 30, 'fitness': 0.01798620996209155, 'generation': 421}"
"{'id': 34499, 'rank': 1, 'fitness': 0.9820137900379085, 'generation': 422}","{'id': 34721, 'rank': 2, 'fitness': 0.9813654379765024, 'generation': 422}","{'id': 34730, 'rank': 3, 'fitness': 0.9805035338633645, 'generation': 422}","{'id': 34711, 'rank': 4, 'fitness': 0.9799909854264519, 'generation': 422}","{'id': 34620, 'rank': 5, 'fitness': 0.9795986401556641, 'generation': 422}","{'id': 34655, 'rank': 6, 'fitness': 0.9795755609997129, 'generation': 422}","{'id': 34671, 'rank': 7, 'fitness': 0.9792718131443566, 'generation': 422}","{'id': 34746, 'rank': 8, 'fitness': 0.9788843865316901, 'generation': 422}","{'id': 34614, 'rank': 9, 'fitness': 0.978537754456208, 'generation': 422}","{'id': 34734, 'rank': 10, 'fitness': 0.9782428717113824, 'generation': 422}","{'id': 34739, 'rank': 11, 'fitness': 0.9778216187850481, 'generation': 422}","{'id': 34739, 'rank': 12, 'fitness': 0.9778216187850481, 'generation': 422}","{'id': 34745, 'rank': 13, 'fitness': 0.9771525570499872, 'generation': 422}","{'id': 34737, 'rank': 14, 'fitness': 0.9757559953019082, 'generation': 422}","{'id': 34714, 'rank': 15, 'fitness': 0.9728384634222802, 'generation': 422}","{'id': 34662, 'rank': 16, 'fitness': 0.9716610423949696, 'generation': 422}","{'id': 34668, 'rank': 17, 'fitness': 0.9585070461132421, 'generation': 422}","{'id': 34706, 'rank': 18, 'fitness': 0.9581038873212502, 'generation': 422}","{'id': 34576, 'rank': 19, 'fitness': 0.9581020770558797, 'generation': 422}","{'id': 34693, 'rank': 20, 'fitness': 0.9563606316070445, 'generation': 422}","{'id': 34680, 'rank': 21, 'fitness': 0.9553123570624, 'generation': 422}","{'id': 34713, 'rank': 22, 'fitness': 0.9459120965734227, 'generation': 422}","{'id': 34682, 'rank': 23, 'fitness': 0.9335477508563825, 'generation': 422}","{'id': 34531, 'rank': 24, 'fitness': 0.9260513184161054, 'generation': 422}","{'id': 34717, 'rank': 25, 'fitness': 0.9182250417438603, 'generation': 422}","{'id': 34690, 'rank': 26, 'fitness': 0.9170787647496077, 'generation': 422}","{'id': 34600, 'rank': 27, 'fitness': 0.8414052906202355, 'generation': 422}","{'id': 34513, 'rank': 28, 'fitness': 0.6865097510582492, 'generation': 422}","{'id': 34741, 'rank': 29, 'fitness': 0.01798620996209155, 'generation': 422}","{'id': 34741, 'rank': 30, 'fitness': 0.01798620996209155, 'generation': 422}"
"{'id': 34499, 'rank': 1, 'fitness': 0.9820137900379085, 'generation': 423}","{'id': 34721, 'rank': 2, 'fitness': 0.9813654379765024, 'generation': 423}","{'id': 34730, 'rank': 3, 'fitness': 0.9805035338633645, 'generation': 423}","{'id': 34730, 'rank': 4, 'fitness': 0.9805035338633645, 'generation': 423}","{'id': 34776, 'rank': 5, 'fitness': 0.980186368741329, 'generation': 423}","{'id': 34776, 'rank': 6, 'fitness': 0.980186368741329, 'generation': 423}","{'id': 34799, 'rank': 7, 'fitness': 0.9801307818671205, 'generation': 423}","{'id': 34773, 'rank': 8, 'fitness': 0.9793152956145197, 'generation': 423}","{'id': 34671, 'rank': 9, 'fitness': 0.9792718131443566, 'generation': 423}","{'id': 34671, 'rank': 10, 'fitness': 0.9792718131443566, 'generation': 423}","{'id': 34803, 'rank': 11, 'fitness': 0.9786338685016629, 'generation': 423}","{'id': 34791, 'rank': 12, 'fitness': 0.9772697459418322, 'generation': 423}","{'id': 34772, 'rank': 13, 'fitness': 0.9767059448889808, 'generation': 423}","{'id': 34772, 'rank': 14, 'fitness': 0.9767059448889808, 'generation': 423}","{'id': 34760, 'rank': 15, 'fitness': 0.9766818059281487, 'generation': 423}","{'id': 34821, 'rank': 16, 'fitness': 0.9746329187801057, 'generation': 423}","{'id': 34810, 'rank': 17, 'fitness': 0.9743195640441984, 'generation': 423}","{'id': 34768, 'rank': 18, 'fitness': 0.9662196600475355, 'generation': 423}","{'id': 34789, 'rank': 19, 'fitness': 0.9621067054817263, 'generation': 423}","{'id': 34802, 'rank': 20, 'fitness': 0.9582776267133943, 'generation': 423}","{'id': 34822, 'rank': 21, 'fitness': 0.9513880475174035, 'generation': 423}","{'id': 34713, 'rank': 22, 'fitness': 0.9459120965734227, 'generation': 423}","{'id': 34815, 'rank': 23, 'fitness': 0.9322846866423038, 'generation': 423}","{'id': 34815, 'rank': 24, 'fitness': 0.9322846866423038, 'generation': 423}","{'id': 34600, 'rank': 25, 'fitness': 0.8414052906202355, 'generation': 423}","{'id': 34600, 'rank': 26, 'fitness': 0.8414052906202355, 'generation': 423}","{'id': 34814, 'rank': 27, 'fitness': 0.08122812033188415, 'generation': 423}","{'id': 34814, 'rank': 28, 'fitness': 0.08122812033188415, 'generation': 423}","{'id': 34741, 'rank': 29, 'fitness': 0.01798620996209155, 'generation': 423}","{'id': 34741, 'rank': 30, 'fitness': 0.01798620996209155, 'generation': 423}"
"{'id': 34859, 'rank': 1, 'fitness': 0.9820137900379085, 'generation': 424}","{'id': 34730, 'rank': 2, 'fitness': 0.9809176420937948, 'generation': 424}","{'id': 34730, 'rank': 3, 'fitness': 0.9809176420937948, 'generation': 424}","{'id': 34730, 'rank': 4, 'fitness': 0.9809176420937948, 'generation': 424}","{'id': 34892, 'rank': 5, 'fitness': 0.980917616000053, 'generation': 424}","{'id': 34799, 'rank': 6, 'fitness': 0.9805088933359867, 'generation': 424}","{'id': 34862, 'rank': 7, 'fitness': 0.9803461281640817, 'generation': 424}","{'id': 34671, 'rank': 8, 'fitness': 0.9795635766489659, 'generation': 424}","{'id': 34900, 'rank': 9, 'fitness': 0.979073235289655, 'generation': 424}","{'id': 34856, 'rank': 10, 'fitness': 0.9786737405600882, 'generation': 424}","{'id': 34891, 'rank': 11, 'fitness': 0.9776228279112886, 'generation': 424}","{'id': 34772, 'rank': 12, 'fitness': 0.9767131253392058, 'generation': 424}","{'id': 34760, 'rank': 13, 'fitness': 0.976686128847981, 'generation': 424}","{'id': 34894, 'rank': 14, 'fitness': 0.9761670598065417, 'generation': 424}","{'id': 34832, 'rank': 15, 'fitness': 0.9761347348349556, 'generation': 424}","{'id': 34869, 'rank': 16, 'fitness': 0.9760269704057558, 'generation': 424}","{'id': 34871, 'rank': 17, 'fitness': 0.9756705582922482, 'generation': 424}","{'id': 34885, 'rank': 18, 'fitness': 0.975294793747591, 'generation': 424}","{'id': 34866, 'rank': 19, 'fitness': 0.9718916108329341, 'generation': 424}","{'id': 34884, 'rank': 20, 'fitness': 0.9699391996639067, 'generation': 424}","{'id': 34868, 'rank': 21, 'fitness': 0.9692406744855284, 'generation': 424}","{'id': 34826, 'rank': 22, 'fitness': 0.9494996093963155, 'generation': 424}","{'id': 34895, 'rank': 23, 'fitness': 0.9478774373007322, 'generation': 424}","{'id': 34815, 'rank': 24, 'fitness': 0.923473708423945, 'generation': 424}","{'id': 34904, 'rank': 25, 'fitness': 0.8076702587505036, 'generation': 424}","{'id': 34904, 'rank': 26, 'fitness': 0.8076702587505036, 'generation': 424}","{'id': 34874, 'rank': 27, 'fitness': 0.3620075437547111, 'generation': 424}","{'id': 34874, 'rank': 28, 'fitness': 0.3620075437547111, 'generation': 424}","{'id': 34847, 'rank': 29, 'fitness': 0.2715636572714808, 'generation': 424}","{'id': 34878, 'rank': 30, 'fitness': 0.01798620996209155, 'generation': 424}"
"{'id': 34980, 'rank': 1, 'fitness': 0.9820137900379085, 'generation': 425}","{'id': 34859, 'rank': 2, 'fitness': 0.9816418911762348, 'generation': 425}","{'id': 34926, 'rank': 3, 'fitness': 0.9815379278030367, 'generation': 425}","{'id': 34730, 'rank': 4, 'fitness': 0.9811927510191061, 'generation': 425}","{'id': 34799, 'rank': 5, 'fitness': 0.9810291086367622, 'generation': 425}","{'id': 34994, 'rank': 6, 'fitness': 0.9809482014879671, 'generation': 425}","{'id': 34967, 'rank': 7, 'fitness': 0.9807860936476243, 'generation': 425}","{'id': 34966, 'rank': 8, 'fitness': 0.9798136527415807, 'generation': 425}","{'id': 34995, 'rank': 9, 'fitness': 0.9795515602406787, 'generation': 425}","{'id': 34869, 'rank': 10, 'fitness': 0.9793516631952863, 'generation': 425}","{'id': 34962, 'rank': 11, 'fitness': 0.9792941087887465, 'generation': 425}","{'id': 34962, 'rank': 12, 'fitness': 0.9792941087887465, 'generation': 425}","{'id': 34963, 'rank': 13, 'fitness': 0.9788081026376583, 'generation': 425}","{'id': 34917, 'rank': 14, 'fitness': 0.9774725872300798, 'generation': 425}","{'id': 34917, 'rank': 15, 'fitness': 0.9774725872300798, 'generation': 425}","{'id': 34948, 'rank': 16, 'fitness': 0.9764899388059197, 'generation': 425}","{'id': 34970, 'rank': 17, 'fitness': 0.9751450666066832, 'generation': 425}","{'id': 34970, 'rank': 18, 'fitness': 0.9751450666066832, 'generation': 425}","{'id': 34920, 'rank': 19, 'fitness': 0.9742254259580798, 'generation': 425}","{'id': 34949, 'rank': 20, 'fitness': 0.973923049231657, 'generation': 425}","{'id': 34975, 'rank': 21, 'fitness': 0.9736278128278492, 'generation': 425}","{'id': 34913, 'rank': 22, 'fitness': 0.9733467191439791, 'generation': 425}","{'id': 34919, 'rank': 23, 'fitness': 0.9654222508862492, 'generation': 425}","{'id': 34904, 'rank': 24, 'fitness': 0.9493613038117117, 'generation': 425}","{'id': 34904, 'rank': 25, 'fitness': 0.9493613038117117, 'generation': 425}","{'id': 34921, 'rank': 26, 'fitness': 0.9487892601314518, 'generation': 425}","{'id': 34874, 'rank': 27, 'fitness': 0.8921813298682705, 'generation': 425}","{'id': 34847, 'rank': 28, 'fitness': 0.8745266526578539, 'generation': 425}","{'id': 34924, 'rank': 29, 'fitness': 0.5646632817771545, 'generation': 425}","{'id': 34972, 'rank': 30, 'fitness': 0.01798620996209155, 'generation': 425}"
"{'id': 35043, 'rank': 1, 'fitness': 0.9820137900379085, 'generation': 426}","{'id': 34799, 'rank': 2, 'fitness': 0.9817412794120044, 'generation': 426}","{'id': 34967, 'rank': 3, 'fitness': 0.9815282439163819, 'generation': 426}","{'id': 35054, 'rank': 4, 'fitness': 0.981288127918518, 'generation': 426}","{'id': 35036, 'rank': 5, 'fitness': 0.9811360691638862, 'generation': 426}","{'id': 35059, 'rank': 6, 'fitness': 0.9811259565852873, 'generation': 426}","{'id': 35058, 'rank': 7, 'fitness': 0.9804108460609655, 'generation': 426}","{'id': 35005, 'rank': 8, 'fitness': 0.9800694201440796, 'generation': 426}","{'id': 34998, 'rank': 9, 'fitness': 0.9797993914658589, 'generation': 426}","{'id': 35041, 'rank': 10, 'fitness': 0.9795113798109141, 'generation': 426}","{'id': 35014, 'rank': 11, 'fitness': 0.9789818552566252, 'generation': 426}","{'id': 35016, 'rank': 12, 'fitness': 0.978725216899869, 'generation': 426}","{'id': 35070, 'rank': 13, 'fitness': 0.9784418100093752, 'generation': 426}","{'id': 35064, 'rank': 14, 'fitness': 0.9782067538185489, 'generation': 426}","{'id': 35062, 'rank': 15, 'fitness': 0.9774508718111745, 'generation': 426}","{'id': 35069, 'rank': 16, 'fitness': 0.9768780137317447, 'generation': 426}","{'id': 34970, 'rank': 17, 'fitness': 0.9766421945263433, 'generation': 426}","{'id': 35030, 'rank': 18, 'fitness': 0.9757259501037184, 'generation': 426}","{'id': 35025, 'rank': 19, 'fitness': 0.97042129130437, 'generation': 426}","{'id': 35027, 'rank': 20, 'fitness': 0.9695135144006705, 'generation': 426}","{'id': 34919, 'rank': 21, 'fitness': 0.9684279810714982, 'generation': 426}","{'id': 35032, 'rank': 22, 'fitness': 0.9660040781092221, 'generation': 426}","{'id': 35081, 'rank': 23, 'fitness': 0.9620283927067808, 'generation': 426}","{'id': 35021, 'rank': 24, 'fitness': 0.9597233414053145, 'generation': 426}","{'id': 34921, 'rank': 25, 'fitness': 0.9547791497948408, 'generation': 426}","{'id': 34874, 'rank': 26, 'fitness': 0.9101858484639036, 'generation': 426}","{'id': 35074, 'rank': 27, 'fitness': 0.8594815450190025, 'generation': 426}","{'id': 35003, 'rank': 28, 'fitness': 0.782064543979528, 'generation': 426}","{'id': 35076, 'rank': 29, 'fitness': 0.028989860060713024, 'generation': 426}","{'id': 35075, 'rank': 30, 'fitness': 0.01798620996209155, 'generation': 426}"
"{'id': 35095, 'rank': 1, 'fitness': 0.9820137900379085, 'generation': 427}","{'id': 35099, 'rank': 2, 'fitness': 0.9817944667822645, 'generation': 427}","{'id': 35096, 'rank': 3, 'fitness': 0.9812706419662148, 'generation': 427}","{'id': 35096, 'rank': 4, 'fitness': 0.9812706419662148, 'generation': 427}","{'id': 35094, 'rank': 5, 'fitness': 0.9812236312944644, 'generation': 427}","{'id': 35054, 'rank': 6, 'fitness': 0.9808979555206273, 'generation': 427}","{'id': 35121, 'rank': 7, 'fitness': 0.9808006546689527, 'generation': 427}","{'id': 35166, 'rank': 8, 'fitness': 0.9798926724123423, 'generation': 427}","{'id': 35109, 'rank': 9, 'fitness': 0.9798124150815581, 'generation': 427}","{'id': 35005, 'rank': 10, 'fitness': 0.9796577513083942, 'generation': 427}","{'id': 35138, 'rank': 11, 'fitness': 0.9793625187720372, 'generation': 427}","{'id': 35124, 'rank': 12, 'fitness': 0.9790963500992926, 'generation': 427}","{'id': 35139, 'rank': 13, 'fitness': 0.9782661371444257, 'generation': 427}","{'id': 35070, 'rank': 14, 'fitness': 0.9780018355166646, 'generation': 427}","{'id': 35070, 'rank': 15, 'fitness': 0.9780018355166646, 'generation': 427}","{'id': 35120, 'rank': 16, 'fitness': 0.9772838771712447, 'generation': 427}","{'id': 35122, 'rank': 17, 'fitness': 0.9768680102459091, 'generation': 427}","{'id': 35122, 'rank': 18, 'fitness': 0.9768680102459091, 'generation': 427}","{'id': 35069, 'rank': 19, 'fitness': 0.9764112539052583, 'generation': 427}","{'id': 35132, 'rank': 20, 'fitness': 0.9733100761666, 'generation': 427}","{'id': 35169, 'rank': 21, 'fitness': 0.9712711635511376, 'generation': 427}","{'id': 35153, 'rank': 22, 'fitness': 0.9655784451565461, 'generation': 427}","{'id': 35032, 'rank': 23, 'fitness': 0.965360668283004, 'generation': 427}","{'id': 35032, 'rank': 24, 'fitness': 0.965360668283004, 'generation': 427}","{'id': 35085, 'rank': 25, 'fitness': 0.9417071180056136, 'generation': 427}","{'id': 35084, 'rank': 26, 'fitness': 0.8877549420792635, 'generation': 427}","{'id': 35084, 'rank': 27, 'fitness': 0.8877549420792635, 'generation': 427}","{'id': 35154, 'rank': 28, 'fitness': 0.7440838777110756, 'generation': 427}","{'id': 35154, 'rank': 29, 'fitness': 0.7440838777110756, 'generation': 427}","{'id': 35075, 'rank': 30, 'fitness': 0.01798620996209155, 'generation': 427}"
"{'id': 35095, 'rank': 1, 'fitness': 0.9820137900379085, 'generation': 428}","{'id': 35210, 'rank': 2, 'fitness': 0.9814734872195643, 'generation': 428}","{'id': 35246, 'rank': 3, 'fitness': 0.9813077095806207, 'generation': 428}","{'id': 35094, 'rank': 4, 'fitness': 0.9812236312944644, 'generation': 428}","{'id': 35243, 'rank': 5, 'fitness': 0.9806420423871921, 'generation': 428}","{'id': 35243, 'rank': 6, 'fitness': 0.9806420423871921, 'generation': 428}","{'id': 35138, 'rank': 7, 'fitness': 0.9793625187720372, 'generation': 428}","{'id': 35138, 'rank': 8, 'fitness': 0.9793625187720372, 'generation': 428}","{'id': 35221, 'rank': 9, 'fitness': 0.9786598948126395, 'generation': 428}","{'id': 35070, 'rank': 10, 'fitness': 0.9780018355166646, 'generation': 428}","{'id': 35182, 'rank': 11, 'fitness': 0.9771064736017454, 'generation': 428}","{'id': 35199, 'rank': 12, 'fitness': 0.9752101479940846, 'generation': 428}","{'id': 35229, 'rank': 13, 'fitness': 0.9741035124447375, 'generation': 428}","{'id': 35198, 'rank': 14, 'fitness': 0.9739700411253338, 'generation': 428}","{'id': 35226, 'rank': 15, 'fitness': 0.9738644784465191, 'generation': 428}","{'id': 35248, 'rank': 16, 'fitness': 0.9737220230635908, 'generation': 428}","{'id': 35203, 'rank': 17, 'fitness': 0.971473573021268, 'generation': 428}","{'id': 35169, 'rank': 18, 'fitness': 0.9712711635511376, 'generation': 428}","{'id': 35214, 'rank': 19, 'fitness': 0.971175802369664, 'generation': 428}","{'id': 35201, 'rank': 20, 'fitness': 0.9689190360531454, 'generation': 428}","{'id': 35237, 'rank': 21, 'fitness': 0.967284915966376, 'generation': 428}","{'id': 35181, 'rank': 22, 'fitness': 0.9637076331972996, 'generation': 428}","{'id': 35217, 'rank': 23, 'fitness': 0.9325601313656888, 'generation': 428}","{'id': 35177, 'rank': 24, 'fitness': 0.8941835560471423, 'generation': 428}","{'id': 35219, 'rank': 25, 'fitness': 0.8335872343057791, 'generation': 428}","{'id': 35239, 'rank': 26, 'fitness': 0.8275752850968735, 'generation': 428}","{'id': 35212, 'rank': 27, 'fitness': 0.7575596735535852, 'generation': 428}","{'id': 35212, 'rank': 28, 'fitness': 0.7575596735535852, 'generation': 428}","{'id': 35189, 'rank': 29, 'fitness': 0.7545979496093754, 'generation': 428}","{'id': 35075, 'rank': 30, 'fitness': 0.01798620996209155, 'generation': 428}"
"{'id': 35323, 'rank': 1, 'fitness': 0.9820137900379085, 'generation': 429}","{'id': 35323, 'rank': 2, 'fitness': 0.9820137900379085, 'generation': 429}","{'id': 35095, 'rank': 3, 'fitness': 0.9816451123699753, 'generation': 429}","{'id': 35280, 'rank': 4, 'fitness': 0.9810025010672381, 'generation': 429}","{'id': 35280, 'rank': 5, 'fitness': 0.9810025010672381, 'generation': 429}","{'id': 35094, 'rank': 6, 'fitness': 0.9808983740646543, 'generation': 429}","{'id': 35271, 'rank': 7, 'fitness': 0.9806744945502203, 'generation': 429}","{'id': 35298, 'rank': 8, 'fitness': 0.980333198272545, 'generation': 429}","{'id': 35255, 'rank': 9, 'fitness': 0.9789505185595104, 'generation': 429}","{'id': 35291, 'rank': 10, 'fitness': 0.9783711655182796, 'generation': 429}","{'id': 35265, 'rank': 11, 'fitness': 0.9773434296914115, 'generation': 429}","{'id': 35301, 'rank': 12, 'fitness': 0.9771226203606918, 'generation': 429}","{'id': 35277, 'rank': 13, 'fitness': 0.9764844282100389, 'generation': 429}","{'id': 35289, 'rank': 14, 'fitness': 0.975892464931419, 'generation': 429}","{'id': 35315, 'rank': 15, 'fitness': 0.9747020088846281, 'generation': 429}","{'id': 35229, 'rank': 16, 'fitness': 0.9742598775007556, 'generation': 429}","{'id': 35226, 'rank': 17, 'fitness': 0.9740394648763133, 'generation': 429}","{'id': 35248, 'rank': 18, 'fitness': 0.9739081742097485, 'generation': 429}","{'id': 35248, 'rank': 19, 'fitness': 0.9739081742097485, 'generation': 429}","{'id': 35312, 'rank': 20, 'fitness': 0.9731173459781894, 'generation': 429}","{'id': 35308, 'rank': 21, 'fitness': 0.9691927809602043, 'generation': 429}","{'id': 35266, 'rank': 22, 'fitness': 0.9647915260009408, 'generation': 429}","{'id': 35287, 'rank': 23, 'fitness': 0.9645504065862307, 'generation': 429}","{'id': 35276, 'rank': 24, 'fitness': 0.9567676374978662, 'generation': 429}","{'id': 35276, 'rank': 25, 'fitness': 0.9567676374978662, 'generation': 429}","{'id': 35270, 'rank': 26, 'fitness': 0.8823559871393344, 'generation': 429}","{'id': 35292, 'rank': 27, 'fitness': 0.7297324866027725, 'generation': 429}","{'id': 35292, 'rank': 28, 'fitness': 0.7297324866027725, 'generation': 429}","{'id': 35075, 'rank': 29, 'fitness': 0.030964690924196625, 'generation': 429}","{'id': 35305, 'rank': 30, 'fitness': 0.01798620996209155, 'generation': 429}"
"{'id': 35323, 'rank': 1, 'fitness': 0.9820137900379085, 'generation': 430}","{'id': 35335, 'rank': 2, 'fitness': 0.9812030391900064, 'generation': 430}","{'id': 35337, 'rank': 3, 'fitness': 0.9810738375887937, 'generation': 430}","{'id': 35271, 'rank': 4, 'fitness': 0.9807857131442644, 'generation': 430}","{'id': 35357, 'rank': 5, 'fitness': 0.9807839477539029, 'generation': 430}","{'id': 35348, 'rank': 6, 'fitness': 0.9807584782738337, 'generation': 430}","{'id': 35338, 'rank': 7, 'fitness': 0.978806040972599, 'generation': 430}","{'id': 35352, 'rank': 8, 'fitness': 0.9775590118455944, 'generation': 430}","{'id': 35352, 'rank': 9, 'fitness': 0.9775590118455944, 'generation': 430}","{'id': 35425, 'rank': 10, 'fitness': 0.9769993554494724, 'generation': 430}","{'id': 35358, 'rank': 11, 'fitness': 0.975891840083077, 'generation': 430}","{'id': 35350, 'rank': 12, 'fitness': 0.9747205337297735, 'generation': 430}","{'id': 35248, 'rank': 13, 'fitness': 0.9746741216085768, 'generation': 430}","{'id': 35248, 'rank': 14, 'fitness': 0.9746741216085768, 'generation': 430}","{'id': 35378, 'rank': 15, 'fitness': 0.9744519443814086, 'generation': 430}","{'id': 35363, 'rank': 16, 'fitness': 0.9744028657394813, 'generation': 430}","{'id': 35389, 'rank': 17, 'fitness': 0.9737848017549536, 'generation': 430}","{'id': 35389, 'rank': 18, 'fitness': 0.9737848017549536, 'generation': 430}","{'id': 35364, 'rank': 19, 'fitness': 0.9713381511855648, 'generation': 430}","{'id': 35370, 'rank': 20, 'fitness': 0.9708111503147283, 'generation': 430}","{'id': 35346, 'rank': 21, 'fitness': 0.9630867097653988, 'generation': 430}","{'id': 35347, 'rank': 22, 'fitness': 0.9623761352658529, 'generation': 430}","{'id': 35418, 'rank': 23, 'fitness': 0.9566001905689903, 'generation': 430}","{'id': 35393, 'rank': 24, 'fitness': 0.9298057311416281, 'generation': 430}","{'id': 35392, 'rank': 25, 'fitness': 0.9083316093412176, 'generation': 430}","{'id': 35408, 'rank': 26, 'fitness': 0.8693106856708346, 'generation': 430}","{'id': 35373, 'rank': 27, 'fitness': 0.7157549484993488, 'generation': 430}","{'id': 35399, 'rank': 28, 'fitness': 0.21921983798051858, 'generation': 430}","{'id': 35400, 'rank': 29, 'fitness': 0.042469243319816774, 'generation': 430}","{'id': 35367, 'rank': 30, 'fitness': 0.01798620996209155, 'generation': 430}"
"{'id': 35323, 'rank': 1, 'fitness': 0.9820137900379085, 'generation': 431}","{'id': 35470, 'rank': 2, 'fitness': 0.9813649015440047, 'generation': 431}","{'id': 35469, 'rank': 3, 'fitness': 0.9811477839760342, 'generation': 431}","{'id': 35505, 'rank': 4, 'fitness': 0.9807235858848957, 'generation': 431}","{'id': 35473, 'rank': 5, 'fitness': 0.9805933585446104, 'generation': 431}","{'id': 35519, 'rank': 6, 'fitness': 0.9795337157834493, 'generation': 431}","{'id': 35467, 'rank': 7, 'fitness': 0.9792925579104481, 'generation': 431}","{'id': 35517, 'rank': 8, 'fitness': 0.9787207114118175, 'generation': 431}","{'id': 35518, 'rank': 9, 'fitness': 0.978663626060847, 'generation': 431}","{'id': 35518, 'rank': 10, 'fitness': 0.978663626060847, 'generation': 431}","{'id': 35518, 'rank': 11, 'fitness': 0.978663626060847, 'generation': 431}","{'id': 35352, 'rank': 12, 'fitness': 0.9785391527178503, 'generation': 431}","{'id': 35352, 'rank': 13, 'fitness': 0.9785391527178503, 'generation': 431}","{'id': 35352, 'rank': 14, 'fitness': 0.9785391527178503, 'generation': 431}","{'id': 35484, 'rank': 15, 'fitness': 0.97767720158506, 'generation': 431}","{'id': 35358, 'rank': 16, 'fitness': 0.9772748758552798, 'generation': 431}","{'id': 35378, 'rank': 17, 'fitness': 0.9761966404312312, 'generation': 431}","{'id': 35389, 'rank': 18, 'fitness': 0.9757010932725765, 'generation': 431}","{'id': 35488, 'rank': 19, 'fitness': 0.975258717115731, 'generation': 431}","{'id': 35447, 'rank': 20, 'fitness': 0.9731879300548985, 'generation': 431}","{'id': 35442, 'rank': 21, 'fitness': 0.9708948556868783, 'generation': 431}","{'id': 35346, 'rank': 22, 'fitness': 0.9680427080685488, 'generation': 431}","{'id': 35347, 'rank': 23, 'fitness': 0.9675502696038292, 'generation': 431}","{'id': 35392, 'rank': 24, 'fitness': 0.9332977594576326, 'generation': 431}","{'id': 35491, 'rank': 25, 'fitness': 0.926892048912068, 'generation': 431}","{'id': 35494, 'rank': 26, 'fitness': 0.8860578931169516, 'generation': 431}","{'id': 35373, 'rank': 27, 'fitness': 0.8242691512754772, 'generation': 431}","{'id': 35400, 'rank': 28, 'fitness': 0.15751074726187803, 'generation': 431}","{'id': 35367, 'rank': 29, 'fitness': 0.08451950795274754, 'generation': 431}","{'id': 35480, 'rank': 30, 'fitness': 0.01798620996209155, 'generation': 431}"
"{'id': 35323, 'rank': 1, 'fitness': 0.9820137900379085, 'generation': 432}","{'id': 35470, 'rank': 2, 'fitness': 0.9802189128306674, 'generation': 432}","{'id': 35524, 'rank': 3, 'fitness': 0.9788187087845862, 'generation': 432}","{'id': 35557, 'rank': 4, 'fitness': 0.9787127255458037, 'generation': 432}","{'id': 35522, 'rank': 5, 'fitness': 0.978498300949517, 'generation': 432}","{'id': 35522, 'rank': 6, 'fitness': 0.978498300949517, 'generation': 432}","{'id': 35583, 'rank': 7, 'fitness': 0.9757543205060446, 'generation': 432}","{'id': 35566, 'rank': 8, 'fitness': 0.9745859705567298, 'generation': 432}","{'id': 35519, 'rank': 9, 'fitness': 0.9745763719542235, 'generation': 432}","{'id': 35545, 'rank': 10, 'fitness': 0.9739277669716677, 'generation': 432}","{'id': 35527, 'rank': 11, 'fitness': 0.9737528387438501, 'generation': 432}","{'id': 35518, 'rank': 12, 'fitness': 0.9715883065129599, 'generation': 432}","{'id': 35518, 'rank': 13, 'fitness': 0.9715883065129599, 'generation': 432}","{'id': 35484, 'rank': 14, 'fitness': 0.9679553299918567, 'generation': 432}","{'id': 35574, 'rank': 15, 'fitness': 0.9670826753641835, 'generation': 432}","{'id': 35530, 'rank': 16, 'fitness': 0.9634366762830816, 'generation': 432}","{'id': 35530, 'rank': 17, 'fitness': 0.9634366762830816, 'generation': 432}","{'id': 35541, 'rank': 18, 'fitness': 0.9599416087948063, 'generation': 432}","{'id': 35541, 'rank': 19, 'fitness': 0.9599416087948063, 'generation': 432}","{'id': 35594, 'rank': 20, 'fitness': 0.9584738071477763, 'generation': 432}","{'id': 35488, 'rank': 21, 'fitness': 0.9579190710780532, 'generation': 432}","{'id': 35561, 'rank': 22, 'fitness': 0.9546913115097778, 'generation': 432}","{'id': 35521, 'rank': 23, 'fitness': 0.9506079301065485, 'generation': 432}","{'id': 35447, 'rank': 24, 'fitness': 0.9480245619399763, 'generation': 432}","{'id': 35550, 'rank': 25, 'fitness': 0.9148659813777839, 'generation': 432}","{'id': 35593, 'rank': 26, 'fitness': 0.7345708796900252, 'generation': 432}","{'id': 35494, 'rank': 27, 'fitness': 0.2255445431161925, 'generation': 432}","{'id': 35520, 'rank': 28, 'fitness': 0.01798620996209155, 'generation': 432}","{'id': 35520, 'rank': 29, 'fitness': 0.01798620996209155, 'generation': 432}","{'id': 35520, 'rank': 30, 'fitness': 0.01798620996209155, 'generation': 432}"
"{'id': 35608, 'rank': 1, 'fitness': 0.9820137900379085, 'generation': 433}","{'id': 35638, 'rank': 2, 'fitness': 0.9820093580545435, 'generation': 433}","{'id': 35637, 'rank': 3, 'fitness': 0.9818458065436281, 'generation': 433}","{'id': 35610, 'rank': 4, 'fitness': 0.981713101602755, 'generation': 433}","{'id': 35656, 'rank': 5, 'fitness': 0.9814004901501633, 'generation': 433}","{'id': 35605, 'rank': 6, 'fitness': 0.9813141691582071, 'generation': 433}","{'id': 35522, 'rank': 7, 'fitness': 0.9812264575117209, 'generation': 433}","{'id': 35630, 'rank': 8, 'fitness': 0.9809426033977866, 'generation': 433}","{'id': 35583, 'rank': 9, 'fitness': 0.9804469824439206, 'generation': 433}","{'id': 35653, 'rank': 10, 'fitness': 0.9802122866264356, 'generation': 433}","{'id': 35647, 'rank': 11, 'fitness': 0.9801541250947641, 'generation': 433}","{'id': 35527, 'rank': 12, 'fitness': 0.9799135896873817, 'generation': 433}","{'id': 35527, 'rank': 13, 'fitness': 0.9799135896873817, 'generation': 433}","{'id': 35652, 'rank': 14, 'fitness': 0.979789454421691, 'generation': 433}","{'id': 35600, 'rank': 15, 'fitness': 0.9796491307909667, 'generation': 433}","{'id': 35636, 'rank': 16, 'fitness': 0.9791775549180279, 'generation': 433}","{'id': 35636, 'rank': 17, 'fitness': 0.9791775549180279, 'generation': 433}","{'id': 35634, 'rank': 18, 'fitness': 0.9787886500940861, 'generation': 433}","{'id': 35641, 'rank': 19, 'fitness': 0.9783541417581147, 'generation': 433}","{'id': 35541, 'rank': 20, 'fitness': 0.9767956927275705, 'generation': 433}","{'id': 35602, 'rank': 21, 'fitness': 0.9759444867767134, 'generation': 433}","{'id': 35550, 'rank': 22, 'fitness': 0.9698021698104403, 'generation': 433}","{'id': 35622, 'rank': 23, 'fitness': 0.9677175429377995, 'generation': 433}","{'id': 35620, 'rank': 24, 'fitness': 0.9659395631354188, 'generation': 433}","{'id': 35659, 'rank': 25, 'fitness': 0.9605660920199606, 'generation': 433}","{'id': 35613, 'rank': 26, 'fitness': 0.9490246754344774, 'generation': 433}","{'id': 35640, 'rank': 27, 'fitness': 0.9423200904454831, 'generation': 433}","{'id': 35640, 'rank': 28, 'fitness': 0.9423200904454831, 'generation': 433}","{'id': 35520, 'rank': 29, 'fitness': 0.7889025808808796, 'generation': 433}","{'id': 35617, 'rank': 30, 'fitness': 0.01798620996209155, 'generation': 433}"
"{'id': 35683, 'rank': 1, 'fitness': 0.9820137900379085, 'generation': 434}","{'id': 35637, 'rank': 2, 'fitness': 0.9804845421832671, 'generation': 434}","{'id': 35721, 'rank': 3, 'fitness': 0.9790536733361597, 'generation': 434}","{'id': 35726, 'rank': 4, 'fitness': 0.978104656295772, 'generation': 434}","{'id': 35718, 'rank': 5, 'fitness': 0.9779639289440012, 'generation': 434}","{'id': 35522, 'rank': 6, 'fitness': 0.9756556148136843, 'generation': 434}","{'id': 35522, 'rank': 7, 'fitness': 0.9756556148136843, 'generation': 434}","{'id': 35716, 'rank': 8, 'fitness': 0.9713605878849172, 'generation': 434}","{'id': 35716, 'rank': 9, 'fitness': 0.9713605878849172, 'generation': 434}","{'id': 35647, 'rank': 10, 'fitness': 0.9649810903580134, 'generation': 434}","{'id': 35527, 'rank': 11, 'fitness': 0.9621275780159778, 'generation': 434}","{'id': 35652, 'rank': 12, 'fitness': 0.9605829085798805, 'generation': 434}","{'id': 35677, 'rank': 13, 'fitness': 0.9542999281858772, 'generation': 434}","{'id': 35708, 'rank': 14, 'fitness': 0.9510560258041472, 'generation': 434}","{'id': 35702, 'rank': 15, 'fitness': 0.9477587343829452, 'generation': 434}","{'id': 35634, 'rank': 16, 'fitness': 0.9461880407573722, 'generation': 434}","{'id': 35734, 'rank': 17, 'fitness': 0.944902985104789, 'generation': 434}","{'id': 35681, 'rank': 18, 'fitness': 0.9154230806220176, 'generation': 434}","{'id': 35729, 'rank': 19, 'fitness': 0.8955587234728103, 'generation': 434}","{'id': 35695, 'rank': 20, 'fitness': 0.8845251431468881, 'generation': 434}","{'id': 35695, 'rank': 21, 'fitness': 0.8845251431468881, 'generation': 434}","{'id': 35692, 'rank': 22, 'fitness': 0.8639934054337797, 'generation': 434}","{'id': 35676, 'rank': 23, 'fitness': 0.8531717862955731, 'generation': 434}","{'id': 35674, 'rank': 24, 'fitness': 0.8512357528793022, 'generation': 434}","{'id': 35701, 'rank': 25, 'fitness': 0.8410539302442148, 'generation': 434}","{'id': 35622, 'rank': 26, 'fitness': 0.5035457540244096, 'generation': 434}","{'id': 35622, 'rank': 27, 'fitness': 0.5035457540244096, 'generation': 434}","{'id': 35700, 'rank': 28, 'fitness': 0.43567668159517753, 'generation': 434}","{'id': 35710, 'rank': 29, 'fitness': 0.04959890192859584, 'generation': 434}","{'id': 35640, 'rank': 30, 'fitness': 0.01798620996209155, 'generation': 434}"
"{'id': 35786, 'rank': 1, 'fitness': 0.9820137900379085, 'generation': 435}","{'id': 35806, 'rank': 2, 'fitness': 0.9819743254023016, 'generation': 435}","{'id': 35718, 'rank': 3, 'fitness': 0.9818949709582345, 'generation': 435}","{'id': 35522, 'rank': 4, 'fitness': 0.9818440856666375, 'generation': 435}","{'id': 35782, 'rank': 5, 'fitness': 0.981826324581292, 'generation': 435}","{'id': 35782, 'rank': 6, 'fitness': 0.981826324581292, 'generation': 435}","{'id': 35811, 'rank': 7, 'fitness': 0.9817782536703491, 'generation': 435}","{'id': 35716, 'rank': 8, 'fitness': 0.9817605097821802, 'generation': 435}","{'id': 35777, 'rank': 9, 'fitness': 0.9817093064137785, 'generation': 435}","{'id': 35771, 'rank': 10, 'fitness': 0.9815659218650301, 'generation': 435}","{'id': 35783, 'rank': 11, 'fitness': 0.9815477742903091, 'generation': 435}","{'id': 35677, 'rank': 12, 'fitness': 0.9815154691081343, 'generation': 435}","{'id': 35702, 'rank': 13, 'fitness': 0.9814438099358591, 'generation': 435}","{'id': 35634, 'rank': 14, 'fitness': 0.9814278354602286, 'generation': 435}","{'id': 35745, 'rank': 15, 'fitness': 0.981291112596741, 'generation': 435}","{'id': 35741, 'rank': 16, 'fitness': 0.9811955774409544, 'generation': 435}","{'id': 35802, 'rank': 17, 'fitness': 0.9811911109117567, 'generation': 435}","{'id': 35802, 'rank': 18, 'fitness': 0.9811911109117567, 'generation': 435}","{'id': 35802, 'rank': 19, 'fitness': 0.9811911109117567, 'generation': 435}","{'id': 35789, 'rank': 20, 'fitness': 0.9807763012039145, 'generation': 435}","{'id': 35759, 'rank': 21, 'fitness': 0.9803586063165008, 'generation': 435}","{'id': 35800, 'rank': 22, 'fitness': 0.9798537727013015, 'generation': 435}","{'id': 35742, 'rank': 23, 'fitness': 0.9798278962938054, 'generation': 435}","{'id': 35700, 'rank': 24, 'fitness': 0.9797617845149988, 'generation': 435}","{'id': 35757, 'rank': 25, 'fitness': 0.9776105208410419, 'generation': 435}","{'id': 35757, 'rank': 26, 'fitness': 0.9776105208410419, 'generation': 435}","{'id': 35754, 'rank': 27, 'fitness': 0.9761574785803248, 'generation': 435}","{'id': 35754, 'rank': 28, 'fitness': 0.9761574785803248, 'generation': 435}","{'id': 35743, 'rank': 29, 'fitness': 0.9671660198549048, 'generation': 435}","{'id': 35781, 'rank': 30, 'fitness': 0.01798620996209155, 'generation': 435}"
"{'id': 35786, 'rank': 1, 'fitness': 0.9820137900379085, 'generation': 436}","{'id': 35890, 'rank': 2, 'fitness': 0.9817335242452161, 'generation': 436}","{'id': 35855, 'rank': 3, 'fitness': 0.9816099206549491, 'generation': 436}","{'id': 35806, 'rank': 4, 'fitness': 0.9815815230196188, 'generation': 436}","{'id': 35903, 'rank': 5, 'fitness': 0.9812169453118083, 'generation': 436}","{'id': 35903, 'rank': 6, 'fitness': 0.9812169453118083, 'generation': 436}","{'id': 35853, 'rank': 7, 'fitness': 0.9804861700128893, 'generation': 436}","{'id': 35522, 'rank': 8, 'fitness': 0.9800885781732271, 'generation': 436}","{'id': 35880, 'rank': 9, 'fitness': 0.9799669377430371, 'generation': 436}","{'id': 35716, 'rank': 10, 'fitness': 0.9790747748036326, 'generation': 436}","{'id': 35884, 'rank': 11, 'fitness': 0.9785067860722527, 'generation': 436}","{'id': 35872, 'rank': 12, 'fitness': 0.9781105177459815, 'generation': 436}","{'id': 35850, 'rank': 13, 'fitness': 0.9764170431017007, 'generation': 436}","{'id': 35825, 'rank': 14, 'fitness': 0.9752073240507751, 'generation': 436}","{'id': 35834, 'rank': 15, 'fitness': 0.9736513066531878, 'generation': 436}","{'id': 35802, 'rank': 16, 'fitness': 0.970863853241168, 'generation': 436}","{'id': 35877, 'rank': 17, 'fitness': 0.9698919814398601, 'generation': 436}","{'id': 35877, 'rank': 18, 'fitness': 0.9698919814398601, 'generation': 436}","{'id': 35826, 'rank': 19, 'fitness': 0.9683761049651846, 'generation': 436}","{'id': 35827, 'rank': 20, 'fitness': 0.9670412743019747, 'generation': 436}","{'id': 35833, 'rank': 21, 'fitness': 0.9653785279828356, 'generation': 436}","{'id': 35870, 'rank': 22, 'fitness': 0.9571514021555685, 'generation': 436}","{'id': 35870, 'rank': 23, 'fitness': 0.9571514021555685, 'generation': 436}","{'id': 35800, 'rank': 24, 'fitness': 0.9397441081196193, 'generation': 436}","{'id': 35822, 'rank': 25, 'fitness': 0.9107236459252273, 'generation': 436}","{'id': 35866, 'rank': 26, 'fitness': 0.8817491683428298, 'generation': 436}","{'id': 35858, 'rank': 27, 'fitness': 0.8809536226246235, 'generation': 436}","{'id': 35754, 'rank': 28, 'fitness': 0.7069027262487756, 'generation': 436}","{'id': 35743, 'rank': 29, 'fitness': 0.063690495848431, 'generation': 436}","{'id': 35861, 'rank': 30, 'fitness': 0.01798620996209155, 'generation': 436}"
"{'id': 35786, 'rank': 1, 'fitness': 0.9820137900379085, 'generation': 437}","{'id': 35967, 'rank': 2, 'fitness': 0.9819577876076926, 'generation': 437}","{'id': 35937, 'rank': 3, 'fitness': 0.9813629516361089, 'generation': 437}","{'id': 35927, 'rank': 4, 'fitness': 0.9812109611789321, 'generation': 437}","{'id': 35922, 'rank': 5, 'fitness': 0.9811425557300584, 'generation': 437}","{'id': 35903, 'rank': 6, 'fitness': 0.9810340755241724, 'generation': 437}","{'id': 35903, 'rank': 7, 'fitness': 0.9810340755241724, 'generation': 437}","{'id': 35935, 'rank': 8, 'fitness': 0.981001488778714, 'generation': 437}","{'id': 35938, 'rank': 9, 'fitness': 0.9795895992963204, 'generation': 437}","{'id': 35926, 'rank': 10, 'fitness': 0.9778389712451647, 'generation': 437}","{'id': 35972, 'rank': 11, 'fitness': 0.9775755406098333, 'generation': 437}","{'id': 35973, 'rank': 12, 'fitness': 0.976638683856958, 'generation': 437}","{'id': 35953, 'rank': 13, 'fitness': 0.9758996306505335, 'generation': 437}","{'id': 35952, 'rank': 14, 'fitness': 0.9753994365956565, 'generation': 437}","{'id': 35952, 'rank': 15, 'fitness': 0.9753994365956565, 'generation': 437}","{'id': 35825, 'rank': 16, 'fitness': 0.9733713711857074, 'generation': 437}","{'id': 35919, 'rank': 17, 'fitness': 0.9720256963745006, 'generation': 437}","{'id': 35834, 'rank': 18, 'fitness': 0.971316850369439, 'generation': 437}","{'id': 35916, 'rank': 19, 'fitness': 0.9710504039347587, 'generation': 437}","{'id': 35802, 'rank': 20, 'fitness': 0.9675726084892626, 'generation': 437}","{'id': 35877, 'rank': 21, 'fitness': 0.9662490241094406, 'generation': 437}","{'id': 35978, 'rank': 22, 'fitness': 0.9660280995169077, 'generation': 437}","{'id': 35948, 'rank': 23, 'fitness': 0.9563574868370662, 'generation': 437}","{'id': 35987, 'rank': 24, 'fitness': 0.9483854559244159, 'generation': 437}","{'id': 35945, 'rank': 25, 'fitness': 0.9296479539135851, 'generation': 437}","{'id': 35914, 'rank': 26, 'fitness': 0.9113505244027801, 'generation': 437}","{'id': 35912, 'rank': 27, 'fitness': 0.8750982834668428, 'generation': 437}","{'id': 35858, 'rank': 28, 'fitness': 0.8255764029926487, 'generation': 437}","{'id': 35754, 'rank': 29, 'fitness': 0.5455721561775595, 'generation': 437}","{'id': 35965, 'rank': 30, 'fitness': 0.01798620996209155, 'generation': 437}"
"{'id': 35786, 'rank': 1, 'fitness': 0.9820137900379085, 'generation': 438}","{'id': 35994, 'rank': 2, 'fitness': 0.9812716393979244, 'generation': 438}","{'id': 36036, 'rank': 3, 'fitness': 0.9800054329479215, 'generation': 438}","{'id': 36018, 'rank': 4, 'fitness': 0.9795407351825554, 'generation': 438}","{'id': 36039, 'rank': 5, 'fitness': 0.9795260131980598, 'generation': 438}","{'id': 36031, 'rank': 6, 'fitness': 0.9786772731784033, 'generation': 438}","{'id': 36078, 'rank': 7, 'fitness': 0.9781284214072522, 'generation': 438}","{'id': 36029, 'rank': 8, 'fitness': 0.9772957585465891, 'generation': 438}","{'id': 35973, 'rank': 9, 'fitness': 0.976638683856958, 'generation': 438}","{'id': 35952, 'rank': 10, 'fitness': 0.9753994365956565, 'generation': 438}","{'id': 36034, 'rank': 11, 'fitness': 0.9753136880493243, 'generation': 438}","{'id': 36032, 'rank': 12, 'fitness': 0.9750766285621963, 'generation': 438}","{'id': 36032, 'rank': 13, 'fitness': 0.9750766285621963, 'generation': 438}","{'id': 36011, 'rank': 14, 'fitness': 0.9745023749532564, 'generation': 438}","{'id': 36035, 'rank': 15, 'fitness': 0.9720406094433273, 'generation': 438}","{'id': 36003, 'rank': 16, 'fitness': 0.9688334371517527, 'generation': 438}","{'id': 35995, 'rank': 17, 'fitness': 0.9678334049327029, 'generation': 438}","{'id': 35802, 'rank': 18, 'fitness': 0.9675726084892626, 'generation': 438}","{'id': 35802, 'rank': 19, 'fitness': 0.9675726084892626, 'generation': 438}","{'id': 36053, 'rank': 20, 'fitness': 0.9666881780998826, 'generation': 438}","{'id': 36047, 'rank': 21, 'fitness': 0.9542830560894344, 'generation': 438}","{'id': 36050, 'rank': 22, 'fitness': 0.9495921030315309, 'generation': 438}","{'id': 35987, 'rank': 23, 'fitness': 0.9483854559244159, 'generation': 438}","{'id': 36012, 'rank': 24, 'fitness': 0.9441763058837481, 'generation': 438}","{'id': 36007, 'rank': 25, 'fitness': 0.8958388047865702, 'generation': 438}","{'id': 35912, 'rank': 26, 'fitness': 0.8750982834668428, 'generation': 438}","{'id': 35858, 'rank': 27, 'fitness': 0.8255764029926487, 'generation': 438}","{'id': 35754, 'rank': 28, 'fitness': 0.5455721561775595, 'generation': 438}","{'id': 36013, 'rank': 29, 'fitness': 0.5444926697692314, 'generation': 438}","{'id': 35965, 'rank': 30, 'fitness': 0.01798620996209155, 'generation': 438}"
"{'id': 35786, 'rank': 1, 'fitness': 0.9820137900379085, 'generation': 439}","{'id': 36140, 'rank': 2, 'fitness': 0.9802650774125721, 'generation': 439}","{'id': 36145, 'rank': 3, 'fitness': 0.9796527179195289, 'generation': 439}","{'id': 36083, 'rank': 4, 'fitness': 0.9785296576425653, 'generation': 439}","{'id': 36090, 'rank': 5, 'fitness': 0.9749838208688439, 'generation': 439}","{'id': 36090, 'rank': 6, 'fitness': 0.9749838208688439, 'generation': 439}","{'id': 36090, 'rank': 7, 'fitness': 0.9749838208688439, 'generation': 439}","{'id': 36160, 'rank': 8, 'fitness': 0.9739596889321442, 'generation': 439}","{'id': 36091, 'rank': 9, 'fitness': 0.9724004417967568, 'generation': 439}","{'id': 36029, 'rank': 10, 'fitness': 0.9707362001678844, 'generation': 439}","{'id': 36086, 'rank': 11, 'fitness': 0.9672213412598978, 'generation': 439}","{'id': 36034, 'rank': 12, 'fitness': 0.9651771643321534, 'generation': 439}","{'id': 36112, 'rank': 13, 'fitness': 0.9643495190719968, 'generation': 439}","{'id': 36094, 'rank': 14, 'fitness': 0.9617868300399741, 'generation': 439}","{'id': 36114, 'rank': 15, 'fitness': 0.9492278779459061, 'generation': 439}","{'id': 36003, 'rank': 16, 'fitness': 0.943723083557173, 'generation': 439}","{'id': 36088, 'rank': 17, 'fitness': 0.9436908459822362, 'generation': 439}","{'id': 36092, 'rank': 18, 'fitness': 0.9404219853474596, 'generation': 439}","{'id': 36111, 'rank': 19, 'fitness': 0.9400319194051622, 'generation': 439}","{'id': 36158, 'rank': 20, 'fitness': 0.9277730141263982, 'generation': 439}","{'id': 36100, 'rank': 21, 'fitness': 0.8459142101316213, 'generation': 439}","{'id': 36154, 'rank': 22, 'fitness': 0.8080507340674853, 'generation': 439}","{'id': 36099, 'rank': 23, 'fitness': 0.7169315574271317, 'generation': 439}","{'id': 36099, 'rank': 24, 'fitness': 0.7169315574271317, 'generation': 439}","{'id': 36102, 'rank': 25, 'fitness': 0.6681125447849845, 'generation': 439}","{'id': 36133, 'rank': 26, 'fitness': 0.6099541247858482, 'generation': 439}","{'id': 36133, 'rank': 27, 'fitness': 0.6099541247858482, 'generation': 439}","{'id': 36109, 'rank': 28, 'fitness': 0.18953455169667116, 'generation': 439}","{'id': 36131, 'rank': 29, 'fitness': 0.05591299817009676, 'generation': 439}","{'id': 35754, 'rank': 30, 'fitness': 0.01798620996209155, 'generation': 439}"
"{'id': 35786, 'rank': 1, 'fitness': 0.9820137900379085, 'generation': 440}","{'id': 36203, 'rank': 2, 'fitness': 0.981959057514441, 'generation': 440}","{'id': 36196, 'rank': 3, 'fitness': 0.9818676235245758, 'generation': 440}","{'id': 36165, 'rank': 4, 'fitness': 0.9817730634891408, 'generation': 440}","{'id': 36163, 'rank': 5, 'fitness': 0.9817072269473688, 'generation': 440}","{'id': 36162, 'rank': 6, 'fitness': 0.9817067224129731, 'generation': 440}","{'id': 36194, 'rank': 7, 'fitness': 0.9816880247738841, 'generation': 440}","{'id': 36166, 'rank': 8, 'fitness': 0.9814123253349016, 'generation': 440}","{'id': 36223, 'rank': 9, 'fitness': 0.981409583720374, 'generation': 440}","{'id': 36034, 'rank': 10, 'fitness': 0.9813771997134006, 'generation': 440}","{'id': 36112, 'rank': 11, 'fitness': 0.9813539317685245, 'generation': 440}","{'id': 36112, 'rank': 12, 'fitness': 0.9813539317685245, 'generation': 440}","{'id': 36183, 'rank': 13, 'fitness': 0.9813123278441407, 'generation': 440}","{'id': 36226, 'rank': 14, 'fitness': 0.9812020696654569, 'generation': 440}","{'id': 36114, 'rank': 15, 'fitness': 0.9809973972990859, 'generation': 440}","{'id': 36003, 'rank': 16, 'fitness': 0.9808911608734452, 'generation': 440}","{'id': 36158, 'rank': 17, 'fitness': 0.9806282855914341, 'generation': 440}","{'id': 36171, 'rank': 18, 'fitness': 0.9802307808812851, 'generation': 440}","{'id': 36199, 'rank': 19, 'fitness': 0.9794585139498189, 'generation': 440}","{'id': 36199, 'rank': 20, 'fitness': 0.9794585139498189, 'generation': 440}","{'id': 36219, 'rank': 21, 'fitness': 0.979174575144509, 'generation': 440}","{'id': 36133, 'rank': 22, 'fitness': 0.9784233168932445, 'generation': 440}","{'id': 36182, 'rank': 23, 'fitness': 0.9783525023533222, 'generation': 440}","{'id': 36182, 'rank': 24, 'fitness': 0.9783525023533222, 'generation': 440}","{'id': 36131, 'rank': 25, 'fitness': 0.9745002573601408, 'generation': 440}","{'id': 36228, 'rank': 26, 'fitness': 0.9729950812819854, 'generation': 440}","{'id': 35754, 'rank': 27, 'fitness': 0.972931055315696, 'generation': 440}","{'id': 36233, 'rank': 28, 'fitness': 0.6802414268297852, 'generation': 440}","{'id': 36218, 'rank': 29, 'fitness': 0.23710976476106127, 'generation': 440}","{'id': 36178, 'rank': 30, 'fitness': 0.01798620996209155, 'generation': 440}"
"{'id': 36238, 'rank': 1, 'fitness': 0.9820137900379085, 'generation': 441}","{'id': 36236, 'rank': 2, 'fitness': 0.9807689863349613, 'generation': 441}","{'id': 36253, 'rank': 3, 'fitness': 0.9805130036333358, 'generation': 441}","{'id': 36296, 'rank': 4, 'fitness': 0.9794630003564546, 'generation': 441}","{'id': 36309, 'rank': 5, 'fitness': 0.9789983006294855, 'generation': 441}","{'id': 36288, 'rank': 6, 'fitness': 0.9758690552441635, 'generation': 441}","{'id': 36271, 'rank': 7, 'fitness': 0.9754570740753907, 'generation': 441}","{'id': 36223, 'rank': 8, 'fitness': 0.9737382742641415, 'generation': 441}","{'id': 36276, 'rank': 9, 'fitness': 0.9733627443700568, 'generation': 441}","{'id': 36034, 'rank': 10, 'fitness': 0.9732217222636002, 'generation': 441}","{'id': 36034, 'rank': 11, 'fitness': 0.9732217222636002, 'generation': 441}","{'id': 36226, 'rank': 12, 'fitness': 0.9702695299151521, 'generation': 441}","{'id': 36244, 'rank': 13, 'fitness': 0.9698439249101094, 'generation': 441}","{'id': 36114, 'rank': 14, 'fitness': 0.9664588996559486, 'generation': 441}","{'id': 36257, 'rank': 15, 'fitness': 0.9630183993761116, 'generation': 441}","{'id': 36257, 'rank': 16, 'fitness': 0.9630183993761116, 'generation': 441}","{'id': 36257, 'rank': 17, 'fitness': 0.9630183993761116, 'generation': 441}","{'id': 36249, 'rank': 18, 'fitness': 0.93983226521634, 'generation': 441}","{'id': 36280, 'rank': 19, 'fitness': 0.9348775926484275, 'generation': 441}","{'id': 36247, 'rank': 20, 'fitness': 0.9286287294618709, 'generation': 441}","{'id': 36247, 'rank': 21, 'fitness': 0.9286287294618709, 'generation': 441}","{'id': 36255, 'rank': 22, 'fitness': 0.9159139092967291, 'generation': 441}","{'id': 36266, 'rank': 23, 'fitness': 0.8967576648475368, 'generation': 441}","{'id': 36182, 'rank': 24, 'fitness': 0.8653128457702413, 'generation': 441}","{'id': 36182, 'rank': 25, 'fitness': 0.8653128457702413, 'generation': 441}","{'id': 36260, 'rank': 26, 'fitness': 0.8202105065228306, 'generation': 441}","{'id': 36301, 'rank': 27, 'fitness': 0.7499695817100644, 'generation': 441}","{'id': 36312, 'rank': 28, 'fitness': 0.0801485733332295, 'generation': 441}","{'id': 36312, 'rank': 29, 'fitness': 0.0801485733332295, 'generation': 441}","{'id': 36264, 'rank': 30, 'fitness': 0.01798620996209155, 'generation': 441}"
"{'id': 36238, 'rank': 1, 'fitness': 0.9820137900379085, 'generation': 442}","{'id': 36238, 'rank': 2, 'fitness': 0.9820137900379085, 'generation': 442}","{'id': 36236, 'rank': 3, 'fitness': 0.9815412667318857, 'generation': 442}","{'id': 36330, 'rank': 4, 'fitness': 0.9814879479074179, 'generation': 442}","{'id': 36330, 'rank': 5, 'fitness': 0.9814879479074179, 'generation': 442}","{'id': 36253, 'rank': 6, 'fitness': 0.9814463921141166, 'generation': 442}","{'id': 36393, 'rank': 7, 'fitness': 0.9811885819321129, 'generation': 442}","{'id': 36381, 'rank': 8, 'fitness': 0.9811156492494953, 'generation': 442}","{'id': 36296, 'rank': 9, 'fitness': 0.9810648533519082, 'generation': 442}","{'id': 36317, 'rank': 10, 'fitness': 0.9809655676909605, 'generation': 442}","{'id': 36309, 'rank': 11, 'fitness': 0.9808997248316228, 'generation': 442}","{'id': 36335, 'rank': 12, 'fitness': 0.9808213301895885, 'generation': 442}","{'id': 36335, 'rank': 13, 'fitness': 0.9808213301895885, 'generation': 442}","{'id': 36325, 'rank': 14, 'fitness': 0.9805501579267479, 'generation': 442}","{'id': 36360, 'rank': 15, 'fitness': 0.979888055847577, 'generation': 442}","{'id': 36223, 'rank': 16, 'fitness': 0.9791657041336925, 'generation': 442}","{'id': 36226, 'rank': 17, 'fitness': 0.9781328777756846, 'generation': 442}","{'id': 36226, 'rank': 18, 'fitness': 0.9781328777756846, 'generation': 442}","{'id': 36226, 'rank': 19, 'fitness': 0.9781328777756846, 'generation': 442}","{'id': 36244, 'rank': 20, 'fitness': 0.9780111445705081, 'generation': 442}","{'id': 36337, 'rank': 21, 'fitness': 0.9762799103489656, 'generation': 442}","{'id': 36386, 'rank': 22, 'fitness': 0.9759874127737292, 'generation': 442}","{'id': 36346, 'rank': 23, 'fitness': 0.9671215326245615, 'generation': 442}","{'id': 36379, 'rank': 24, 'fitness': 0.9654802570930132, 'generation': 442}","{'id': 36260, 'rank': 25, 'fitness': 0.9542819788853711, 'generation': 442}","{'id': 36387, 'rank': 26, 'fitness': 0.9537361537053441, 'generation': 442}","{'id': 36369, 'rank': 27, 'fitness': 0.9536098533274255, 'generation': 442}","{'id': 36372, 'rank': 28, 'fitness': 0.8714253165231903, 'generation': 442}","{'id': 36264, 'rank': 29, 'fitness': 0.7111674149484175, 'generation': 442}","{'id': 36389, 'rank': 30, 'fitness': 0.01798620996209155, 'generation': 442}"
"{'id': 36426, 'rank': 1, 'fitness': 0.9820137900379085, 'generation': 443}","{'id': 36335, 'rank': 2, 'fitness': 0.9811306409701329, 'generation': 443}","{'id': 36428, 'rank': 3, 'fitness': 0.9807479720675875, 'generation': 443}","{'id': 36411, 'rank': 4, 'fitness': 0.9800658451233746, 'generation': 443}","{'id': 36409, 'rank': 5, 'fitness': 0.9799883938720704, 'generation': 443}","{'id': 36430, 'rank': 6, 'fitness': 0.9792761557472242, 'generation': 443}","{'id': 36360, 'rank': 7, 'fitness': 0.9787895463605827, 'generation': 443}","{'id': 36413, 'rank': 8, 'fitness': 0.9780729913218528, 'generation': 443}","{'id': 36463, 'rank': 9, 'fitness': 0.9720990581108799, 'generation': 443}","{'id': 36463, 'rank': 10, 'fitness': 0.9720990581108799, 'generation': 443}","{'id': 36462, 'rank': 11, 'fitness': 0.971313922337496, 'generation': 443}","{'id': 36386, 'rank': 12, 'fitness': 0.9672486619455146, 'generation': 443}","{'id': 36470, 'rank': 13, 'fitness': 0.9664586255918197, 'generation': 443}","{'id': 36408, 'rank': 14, 'fitness': 0.9663381266100907, 'generation': 443}","{'id': 36406, 'rank': 15, 'fitness': 0.9637126434809664, 'generation': 443}","{'id': 36443, 'rank': 16, 'fitness': 0.9576189093169445, 'generation': 443}","{'id': 36439, 'rank': 17, 'fitness': 0.9565353244397834, 'generation': 443}","{'id': 36446, 'rank': 18, 'fitness': 0.956319572092878, 'generation': 443}","{'id': 36424, 'rank': 19, 'fitness': 0.9452251954421325, 'generation': 443}","{'id': 36402, 'rank': 20, 'fitness': 0.9377326830484647, 'generation': 443}","{'id': 36442, 'rank': 21, 'fitness': 0.932411513574116, 'generation': 443}","{'id': 36379, 'rank': 22, 'fitness': 0.9216612968132479, 'generation': 443}","{'id': 36379, 'rank': 23, 'fitness': 0.9216612968132479, 'generation': 443}","{'id': 36403, 'rank': 24, 'fitness': 0.87892442525106, 'generation': 443}","{'id': 36456, 'rank': 25, 'fitness': 0.8655881697046861, 'generation': 443}","{'id': 36387, 'rank': 26, 'fitness': 0.8473476091584233, 'generation': 443}","{'id': 36455, 'rank': 27, 'fitness': 0.8390612686396072, 'generation': 443}","{'id': 36417, 'rank': 28, 'fitness': 0.47153859264646053, 'generation': 443}","{'id': 36264, 'rank': 29, 'fitness': 0.028790651252549038, 'generation': 443}","{'id': 36465, 'rank': 30, 'fitness': 0.01798620996209155, 'generation': 443}"
"{'id': 36509, 'rank': 1, 'fitness': 0.9820137900379085, 'generation': 444}","{'id': 36479, 'rank': 2, 'fitness': 0.9818615634439374, 'generation': 444}","{'id': 36430, 'rank': 3, 'fitness': 0.9816949913593935, 'generation': 444}","{'id': 36531, 'rank': 4, 'fitness': 0.9816141524583633, 'generation': 444}","{'id': 36531, 'rank': 5, 'fitness': 0.9816141524583633, 'generation': 444}","{'id': 36529, 'rank': 6, 'fitness': 0.9815488107874433, 'generation': 444}","{'id': 36534, 'rank': 7, 'fitness': 0.981446551879661, 'generation': 444}","{'id': 36505, 'rank': 8, 'fitness': 0.981202459145765, 'generation': 444}","{'id': 36476, 'rank': 9, 'fitness': 0.9811313836376254, 'generation': 444}","{'id': 36512, 'rank': 10, 'fitness': 0.9811244161802968, 'generation': 444}","{'id': 36503, 'rank': 11, 'fitness': 0.9800306580652902, 'generation': 444}","{'id': 36503, 'rank': 12, 'fitness': 0.9800306580652902, 'generation': 444}","{'id': 36544, 'rank': 13, 'fitness': 0.979922199232546, 'generation': 444}","{'id': 36424, 'rank': 14, 'fitness': 0.9795266618426285, 'generation': 444}","{'id': 36442, 'rank': 15, 'fitness': 0.9790116635499904, 'generation': 444}","{'id': 36486, 'rank': 16, 'fitness': 0.9789905912648802, 'generation': 444}","{'id': 36548, 'rank': 17, 'fitness': 0.9788727017736144, 'generation': 444}","{'id': 36379, 'rank': 18, 'fitness': 0.9786377185458407, 'generation': 444}","{'id': 36488, 'rank': 19, 'fitness': 0.9783120066904597, 'generation': 444}","{'id': 36488, 'rank': 20, 'fitness': 0.9783120066904597, 'generation': 444}","{'id': 36403, 'rank': 21, 'fitness': 0.9774632583681472, 'generation': 444}","{'id': 36403, 'rank': 22, 'fitness': 0.9774632583681472, 'generation': 444}","{'id': 36403, 'rank': 23, 'fitness': 0.9774632583681472, 'generation': 444}","{'id': 36493, 'rank': 24, 'fitness': 0.9773877493226368, 'generation': 444}","{'id': 36489, 'rank': 25, 'fitness': 0.9764159876225074, 'generation': 444}","{'id': 36496, 'rank': 26, 'fitness': 0.9721296454965642, 'generation': 444}","{'id': 36417, 'rank': 27, 'fitness': 0.971591537255766, 'generation': 444}","{'id': 36264, 'rank': 28, 'fitness': 0.958767376026872, 'generation': 444}","{'id': 36495, 'rank': 29, 'fitness': 0.9464636386272055, 'generation': 444}","{'id': 36474, 'rank': 30, 'fitness': 0.01798620996209155, 'generation': 444}"
"{'id': 36629, 'rank': 1, 'fitness': 0.9820137900379085, 'generation': 445}","{'id': 36628, 'rank': 2, 'fitness': 0.9815295094867362, 'generation': 445}","{'id': 36627, 'rank': 3, 'fitness': 0.9809880891764544, 'generation': 445}","{'id': 36558, 'rank': 4, 'fitness': 0.9809192201751344, 'generation': 445}","{'id': 36558, 'rank': 5, 'fitness': 0.9809192201751344, 'generation': 445}","{'id': 36557, 'rank': 6, 'fitness': 0.980505675893372, 'generation': 445}","{'id': 36616, 'rank': 7, 'fitness': 0.98004363710478, 'generation': 445}","{'id': 36430, 'rank': 8, 'fitness': 0.9788372051402066, 'generation': 445}","{'id': 36556, 'rank': 9, 'fitness': 0.9787683580063462, 'generation': 445}","{'id': 36576, 'rank': 10, 'fitness': 0.9785433692252528, 'generation': 445}","{'id': 36606, 'rank': 11, 'fitness': 0.9770461535954655, 'generation': 445}","{'id': 36512, 'rank': 12, 'fitness': 0.9727452302769375, 'generation': 445}","{'id': 36574, 'rank': 13, 'fitness': 0.9720156580932862, 'generation': 445}","{'id': 36605, 'rank': 14, 'fitness': 0.9713034150119649, 'generation': 445}","{'id': 36584, 'rank': 15, 'fitness': 0.9695433645725497, 'generation': 445}","{'id': 36584, 'rank': 16, 'fitness': 0.9695433645725497, 'generation': 445}","{'id': 36623, 'rank': 17, 'fitness': 0.9472107637340084, 'generation': 445}","{'id': 36564, 'rank': 18, 'fitness': 0.9251688180497216, 'generation': 445}","{'id': 36589, 'rank': 19, 'fitness': 0.9240720594369793, 'generation': 445}","{'id': 36589, 'rank': 20, 'fitness': 0.9240720594369793, 'generation': 445}","{'id': 36560, 'rank': 21, 'fitness': 0.9075097219278383, 'generation': 445}","{'id': 36598, 'rank': 22, 'fitness': 0.8893647202976593, 'generation': 445}","{'id': 36493, 'rank': 23, 'fitness': 0.8855625564976886, 'generation': 445}","{'id': 36595, 'rank': 24, 'fitness': 0.8842028078034747, 'generation': 445}","{'id': 36597, 'rank': 25, 'fitness': 0.8245068786623981, 'generation': 445}","{'id': 36559, 'rank': 26, 'fitness': 0.7055654736692272, 'generation': 445}","{'id': 36496, 'rank': 27, 'fitness': 0.5667529374952373, 'generation': 445}","{'id': 36561, 'rank': 28, 'fitness': 0.5383088668573363, 'generation': 445}","{'id': 36561, 'rank': 29, 'fitness': 0.5383088668573363, 'generation': 445}","{'id': 36591, 'rank': 30, 'fitness': 0.01798620996209155, 'generation': 445}"
"{'id': 36674, 'rank': 1, 'fitness': 0.9820137900379085, 'generation': 446}","{'id': 36672, 'rank': 2, 'fitness': 0.981979916910487, 'generation': 446}","{'id': 36672, 'rank': 3, 'fitness': 0.981979916910487, 'generation': 446}","{'id': 36629, 'rank': 4, 'fitness': 0.9818068437602447, 'generation': 446}","{'id': 36627, 'rank': 5, 'fitness': 0.981115196726541, 'generation': 446}","{'id': 36643, 'rank': 6, 'fitness': 0.98074084160427, 'generation': 446}","{'id': 36643, 'rank': 7, 'fitness': 0.98074084160427, 'generation': 446}","{'id': 36656, 'rank': 8, 'fitness': 0.9798900617795356, 'generation': 446}","{'id': 36659, 'rank': 9, 'fitness': 0.9798359606866702, 'generation': 446}","{'id': 36633, 'rank': 10, 'fitness': 0.9797989655243415, 'generation': 446}","{'id': 36430, 'rank': 11, 'fitness': 0.9797023881233783, 'generation': 446}","{'id': 36666, 'rank': 12, 'fitness': 0.9796678240322506, 'generation': 446}","{'id': 36695, 'rank': 13, 'fitness': 0.9796607391128538, 'generation': 446}","{'id': 36556, 'rank': 14, 'fitness': 0.9796579452668601, 'generation': 446}","{'id': 36650, 'rank': 15, 'fitness': 0.9789307013779667, 'generation': 446}","{'id': 36657, 'rank': 16, 'fitness': 0.9772610678116156, 'generation': 446}","{'id': 36657, 'rank': 17, 'fitness': 0.9772610678116156, 'generation': 446}","{'id': 36655, 'rank': 18, 'fitness': 0.9761571151237839, 'generation': 446}","{'id': 36605, 'rank': 19, 'fitness': 0.9750753475868572, 'generation': 446}","{'id': 36584, 'rank': 20, 'fitness': 0.9740524570827819, 'generation': 446}","{'id': 36584, 'rank': 21, 'fitness': 0.9740524570827819, 'generation': 446}","{'id': 36684, 'rank': 22, 'fitness': 0.9692717915064379, 'generation': 446}","{'id': 36564, 'rank': 23, 'fitness': 0.9520778191000749, 'generation': 446}","{'id': 36589, 'rank': 24, 'fitness': 0.9515924466135166, 'generation': 446}","{'id': 36667, 'rank': 25, 'fitness': 0.9442747587588609, 'generation': 446}","{'id': 36678, 'rank': 26, 'fitness': 0.9128129550745752, 'generation': 446}","{'id': 36688, 'rank': 27, 'fitness': 0.9096066762710995, 'generation': 446}","{'id': 36561, 'rank': 28, 'fitness': 0.8022554766848747, 'generation': 446}","{'id': 36710, 'rank': 29, 'fitness': 0.5913417763836192, 'generation': 446}","{'id': 36705, 'rank': 30, 'fitness': 0.01798620996209155, 'generation': 446}"
"{'id': 36674, 'rank': 1, 'fitness': 0.9820137900379085, 'generation': 447}","{'id': 36672, 'rank': 2, 'fitness': 0.9818530002582789, 'generation': 447}","{'id': 36748, 'rank': 3, 'fitness': 0.9811199312372277, 'generation': 447}","{'id': 36629, 'rank': 4, 'fitness': 0.9810140132768901, 'generation': 447}","{'id': 36719, 'rank': 5, 'fitness': 0.980404953237721, 'generation': 447}","{'id': 36722, 'rank': 6, 'fitness': 0.980285100049576, 'generation': 447}","{'id': 36769, 'rank': 7, 'fitness': 0.9799033336662444, 'generation': 447}","{'id': 36727, 'rank': 8, 'fitness': 0.977047941469122, 'generation': 447}","{'id': 36727, 'rank': 9, 'fitness': 0.977047941469122, 'generation': 447}","{'id': 36800, 'rank': 10, 'fitness': 0.9754648575520957, 'generation': 447}","{'id': 36797, 'rank': 11, 'fitness': 0.9726445525853934, 'generation': 447}","{'id': 36765, 'rank': 12, 'fitness': 0.9725070580017481, 'generation': 447}","{'id': 36753, 'rank': 13, 'fitness': 0.9710039093986362, 'generation': 447}","{'id': 36741, 'rank': 14, 'fitness': 0.960007985572938, 'generation': 447}","{'id': 36795, 'rank': 15, 'fitness': 0.9534583551567879, 'generation': 447}","{'id': 36657, 'rank': 16, 'fitness': 0.9462354875546062, 'generation': 447}","{'id': 36784, 'rank': 17, 'fitness': 0.9393730965852846, 'generation': 447}","{'id': 36723, 'rank': 18, 'fitness': 0.9389962163571939, 'generation': 447}","{'id': 36725, 'rank': 19, 'fitness': 0.9318672080203784, 'generation': 447}","{'id': 36605, 'rank': 20, 'fitness': 0.9185739645509186, 'generation': 447}","{'id': 36724, 'rank': 21, 'fitness': 0.9035453833615873, 'generation': 447}","{'id': 36724, 'rank': 22, 'fitness': 0.9035453833615873, 'generation': 447}","{'id': 36584, 'rank': 23, 'fitness': 0.9027274879799334, 'generation': 447}","{'id': 36584, 'rank': 24, 'fitness': 0.9027274879799334, 'generation': 447}","{'id': 36684, 'rank': 25, 'fitness': 0.8029262679960063, 'generation': 447}","{'id': 36684, 'rank': 26, 'fitness': 0.8029262679960063, 'generation': 447}","{'id': 36775, 'rank': 27, 'fitness': 0.4817522000546181, 'generation': 447}","{'id': 36802, 'rank': 28, 'fitness': 0.24910767301746672, 'generation': 447}","{'id': 36750, 'rank': 29, 'fitness': 0.16423639955289604, 'generation': 447}","{'id': 36688, 'rank': 30, 'fitness': 0.01798620996209155, 'generation': 447}"
"{'id': 36832, 'rank': 1, 'fitness': 0.9820137900379085, 'generation': 448}","{'id': 36858, 'rank': 2, 'fitness': 0.9819401423145726, 'generation': 448}","{'id': 36822, 'rank': 3, 'fitness': 0.9818443970883692, 'generation': 448}","{'id': 36800, 'rank': 4, 'fitness': 0.9818172006321317, 'generation': 448}","{'id': 36855, 'rank': 5, 'fitness': 0.9817944004591088, 'generation': 448}","{'id': 36855, 'rank': 6, 'fitness': 0.9817944004591088, 'generation': 448}","{'id': 36813, 'rank': 7, 'fitness': 0.9817770046491717, 'generation': 448}","{'id': 36869, 'rank': 8, 'fitness': 0.9817604898408105, 'generation': 448}","{'id': 36821, 'rank': 9, 'fitness': 0.9816509312918221, 'generation': 448}","{'id': 36891, 'rank': 10, 'fitness': 0.9814615657614134, 'generation': 448}","{'id': 36815, 'rank': 11, 'fitness': 0.9814279500235332, 'generation': 448}","{'id': 36871, 'rank': 12, 'fitness': 0.9814116881745136, 'generation': 448}","{'id': 36843, 'rank': 13, 'fitness': 0.9813606940377391, 'generation': 448}","{'id': 36895, 'rank': 14, 'fitness': 0.9812896734564178, 'generation': 448}","{'id': 36895, 'rank': 15, 'fitness': 0.9812896734564178, 'generation': 448}","{'id': 36784, 'rank': 16, 'fitness': 0.9812791348422506, 'generation': 448}","{'id': 36784, 'rank': 17, 'fitness': 0.9812791348422506, 'generation': 448}","{'id': 36784, 'rank': 18, 'fitness': 0.9812791348422506, 'generation': 448}","{'id': 36605, 'rank': 19, 'fitness': 0.9810944399493255, 'generation': 448}","{'id': 36584, 'rank': 20, 'fitness': 0.9809799340490393, 'generation': 448}","{'id': 36844, 'rank': 21, 'fitness': 0.9806790490008863, 'generation': 448}","{'id': 36775, 'rank': 22, 'fitness': 0.9795780496172819, 'generation': 448}","{'id': 36883, 'rank': 23, 'fitness': 0.9793634802295226, 'generation': 448}","{'id': 36860, 'rank': 24, 'fitness': 0.9784557836799164, 'generation': 448}","{'id': 36828, 'rank': 25, 'fitness': 0.9775465950607786, 'generation': 448}","{'id': 36846, 'rank': 26, 'fitness': 0.9758651738596005, 'generation': 448}","{'id': 36881, 'rank': 27, 'fitness': 0.9707356864845866, 'generation': 448}","{'id': 36830, 'rank': 28, 'fitness': 0.9678536332994945, 'generation': 448}","{'id': 36853, 'rank': 29, 'fitness': 0.9625731659128509, 'generation': 448}","{'id': 36808, 'rank': 30, 'fitness': 0.01798620996209155, 'generation': 448}"
"{'id': 36928, 'rank': 1, 'fitness': 0.9820137900379085, 'generation': 449}","{'id': 36935, 'rank': 2, 'fitness': 0.981847398235197, 'generation': 449}","{'id': 36942, 'rank': 3, 'fitness': 0.9812095093652053, 'generation': 449}","{'id': 36942, 'rank': 4, 'fitness': 0.9812095093652053, 'generation': 449}","{'id': 36921, 'rank': 5, 'fitness': 0.9811639979079119, 'generation': 449}","{'id': 36919, 'rank': 6, 'fitness': 0.9806250805576024, 'generation': 449}","{'id': 36952, 'rank': 7, 'fitness': 0.9802374161123781, 'generation': 449}","{'id': 36912, 'rank': 8, 'fitness': 0.9798834037658692, 'generation': 449}","{'id': 36929, 'rank': 9, 'fitness': 0.9793925590035806, 'generation': 449}","{'id': 36956, 'rank': 10, 'fitness': 0.9784952614296263, 'generation': 449}","{'id': 36956, 'rank': 11, 'fitness': 0.9784952614296263, 'generation': 449}","{'id': 36911, 'rank': 12, 'fitness': 0.978102009643146, 'generation': 449}","{'id': 36911, 'rank': 13, 'fitness': 0.978102009643146, 'generation': 449}","{'id': 36958, 'rank': 14, 'fitness': 0.9777003694939399, 'generation': 449}","{'id': 36871, 'rank': 15, 'fitness': 0.9776165516200904, 'generation': 449}","{'id': 36843, 'rank': 16, 'fitness': 0.9770154514706528, 'generation': 449}","{'id': 36931, 'rank': 17, 'fitness': 0.9768466785715664, 'generation': 449}","{'id': 36961, 'rank': 18, 'fitness': 0.9731789147158045, 'generation': 449}","{'id': 36915, 'rank': 19, 'fitness': 0.9717902050240086, 'generation': 449}","{'id': 36915, 'rank': 20, 'fitness': 0.9717902050240086, 'generation': 449}","{'id': 36915, 'rank': 21, 'fitness': 0.9717902050240086, 'generation': 449}","{'id': 36939, 'rank': 22, 'fitness': 0.9675098104915602, 'generation': 449}","{'id': 36963, 'rank': 23, 'fitness': 0.9631525651562545, 'generation': 449}","{'id': 36966, 'rank': 24, 'fitness': 0.9565579997361631, 'generation': 449}","{'id': 36900, 'rank': 25, 'fitness': 0.9412242665296506, 'generation': 449}","{'id': 36965, 'rank': 26, 'fitness': 0.7276452536111232, 'generation': 449}","{'id': 36881, 'rank': 27, 'fitness': 0.32349826794940206, 'generation': 449}","{'id': 36853, 'rank': 28, 'fitness': 0.03881174147035843, 'generation': 449}","{'id': 36853, 'rank': 29, 'fitness': 0.03881174147035843, 'generation': 449}","{'id': 36910, 'rank': 30, 'fitness': 0.01798620996209155, 'generation': 449}"
"{'id': 37018, 'rank': 1, 'fitness': 0.9820137900379085, 'generation': 450}","{'id': 37017, 'rank': 2, 'fitness': 0.9819572354694326, 'generation': 450}","{'id': 36942, 'rank': 3, 'fitness': 0.9819374537989831, 'generation': 450}","{'id': 37009, 'rank': 4, 'fitness': 0.9818201740067396, 'generation': 450}","{'id': 36929, 'rank': 5, 'fitness': 0.9818163684755656, 'generation': 450}","{'id': 36978, 'rank': 6, 'fitness': 0.9817971564922108, 'generation': 450}","{'id': 37026, 'rank': 7, 'fitness': 0.9817734793075739, 'generation': 450}","{'id': 36956, 'rank': 8, 'fitness': 0.9817601089214347, 'generation': 450}","{'id': 36911, 'rank': 9, 'fitness': 0.981736120972319, 'generation': 450}","{'id': 36958, 'rank': 10, 'fitness': 0.9817120210681147, 'generation': 450}","{'id': 36958, 'rank': 11, 'fitness': 0.9817120210681147, 'generation': 450}","{'id': 36871, 'rank': 12, 'fitness': 0.9817070413328074, 'generation': 450}","{'id': 36915, 'rank': 13, 'fitness': 0.9813964685958173, 'generation': 450}","{'id': 37038, 'rank': 14, 'fitness': 0.9813602662400787, 'generation': 450}","{'id': 37038, 'rank': 15, 'fitness': 0.9813602662400787, 'generation': 450}","{'id': 37021, 'rank': 16, 'fitness': 0.9812903961517103, 'generation': 450}","{'id': 37003, 'rank': 17, 'fitness': 0.9812355680416595, 'generation': 450}","{'id': 36939, 'rank': 18, 'fitness': 0.9812032655542842, 'generation': 450}","{'id': 36983, 'rank': 19, 'fitness': 0.9810750625685865, 'generation': 450}","{'id': 37048, 'rank': 20, 'fitness': 0.9809074385301397, 'generation': 450}","{'id': 37047, 'rank': 21, 'fitness': 0.9808028253867829, 'generation': 450}","{'id': 37049, 'rank': 22, 'fitness': 0.9806655801923472, 'generation': 450}","{'id': 36993, 'rank': 23, 'fitness': 0.980283110474715, 'generation': 450}","{'id': 36993, 'rank': 24, 'fitness': 0.980283110474715, 'generation': 450}","{'id': 36973, 'rank': 25, 'fitness': 0.9801565134852981, 'generation': 450}","{'id': 36985, 'rank': 26, 'fitness': 0.9786843142513415, 'generation': 450}","{'id': 36995, 'rank': 27, 'fitness': 0.9781128797441871, 'generation': 450}","{'id': 36976, 'rank': 28, 'fitness': 0.9770210950019904, 'generation': 450}","{'id': 36853, 'rank': 29, 'fitness': 0.9700517020038738, 'generation': 450}","{'id': 36972, 'rank': 30, 'fitness': 0.01798620996209155, 'generation': 450}"
"{'id': 37063, 'rank': 1, 'fitness': 0.9820137900379085, 'generation': 451}","{'id': 37107, 'rank': 2, 'fitness': 0.9814723366729853, 'generation': 451}","{'id': 37018, 'rank': 3, 'fitness': 0.9812695579704409, 'generation': 451}","{'id': 37123, 'rank': 4, 'fitness': 0.9811062694162755, 'generation': 451}","{'id': 37139, 'rank': 5, 'fitness': 0.9803487154657805, 'generation': 451}","{'id': 36942, 'rank': 6, 'fitness': 0.9802622027415684, 'generation': 451}","{'id': 37064, 'rank': 7, 'fitness': 0.9802223171873243, 'generation': 451}","{'id': 37136, 'rank': 8, 'fitness': 0.9795792409542998, 'generation': 451}","{'id': 37106, 'rank': 9, 'fitness': 0.9792706291534017, 'generation': 451}","{'id': 36978, 'rank': 10, 'fitness': 0.9782827950460715, 'generation': 451}","{'id': 36978, 'rank': 11, 'fitness': 0.9782827950460715, 'generation': 451}","{'id': 37120, 'rank': 12, 'fitness': 0.9781147562811362, 'generation': 451}","{'id': 37084, 'rank': 13, 'fitness': 0.9777470246036177, 'generation': 451}","{'id': 37130, 'rank': 14, 'fitness': 0.9769456268149397, 'generation': 451}","{'id': 37130, 'rank': 15, 'fitness': 0.9769456268149397, 'generation': 451}","{'id': 37066, 'rank': 16, 'fitness': 0.9769170119106196, 'generation': 451}","{'id': 37099, 'rank': 17, 'fitness': 0.974980557626553, 'generation': 451}","{'id': 37114, 'rank': 18, 'fitness': 0.9748693679445519, 'generation': 451}","{'id': 37114, 'rank': 19, 'fitness': 0.9748693679445519, 'generation': 451}","{'id': 37102, 'rank': 20, 'fitness': 0.9741081536749443, 'generation': 451}","{'id': 37051, 'rank': 21, 'fitness': 0.9722893789892624, 'generation': 451}","{'id': 37116, 'rank': 22, 'fitness': 0.972170280147663, 'generation': 451}","{'id': 37111, 'rank': 23, 'fitness': 0.9721064571432985, 'generation': 451}","{'id': 37038, 'rank': 24, 'fitness': 0.9709273650400447, 'generation': 451}","{'id': 37150, 'rank': 25, 'fitness': 0.9684174319575224, 'generation': 451}","{'id': 37055, 'rank': 26, 'fitness': 0.9562572936261027, 'generation': 451}","{'id': 37104, 'rank': 27, 'fitness': 0.945268789766416, 'generation': 451}","{'id': 37112, 'rank': 28, 'fitness': 0.9271664767381504, 'generation': 451}","{'id': 37075, 'rank': 29, 'fitness': 0.01798620996209155, 'generation': 451}","{'id': 37075, 'rank': 30, 'fitness': 0.01798620996209155, 'generation': 451}"
"{'id': 37182, 'rank': 1, 'fitness': 0.9820137900379085, 'generation': 452}","{'id': 37123, 'rank': 2, 'fitness': 0.9810806908262204, 'generation': 452}","{'id': 37199, 'rank': 3, 'fitness': 0.9809479132982948, 'generation': 452}","{'id': 37223, 'rank': 4, 'fitness': 0.9805247004315967, 'generation': 452}","{'id': 37180, 'rank': 5, 'fitness': 0.9802360171306013, 'generation': 452}","{'id': 37180, 'rank': 6, 'fitness': 0.9802360171306013, 'generation': 452}","{'id': 37211, 'rank': 7, 'fitness': 0.9796921731641505, 'generation': 452}","{'id': 37211, 'rank': 8, 'fitness': 0.9796921731641505, 'generation': 452}","{'id': 37136, 'rank': 9, 'fitness': 0.9795519135874349, 'generation': 452}","{'id': 37176, 'rank': 10, 'fitness': 0.979520615953839, 'generation': 452}","{'id': 37218, 'rank': 11, 'fitness': 0.9794577246804692, 'generation': 452}","{'id': 37163, 'rank': 12, 'fitness': 0.9792511044851797, 'generation': 452}","{'id': 36978, 'rank': 13, 'fitness': 0.978254003288446, 'generation': 452}","{'id': 37120, 'rank': 14, 'fitness': 0.9780857760308006, 'generation': 452}","{'id': 37120, 'rank': 15, 'fitness': 0.9780857760308006, 'generation': 452}","{'id': 37206, 'rank': 16, 'fitness': 0.9779610170230637, 'generation': 452}","{'id': 37198, 'rank': 17, 'fitness': 0.9770278304671114, 'generation': 452}","{'id': 37130, 'rank': 18, 'fitness': 0.9769153432124651, 'generation': 452}","{'id': 37114, 'rank': 19, 'fitness': 0.9748368032403356, 'generation': 452}","{'id': 37221, 'rank': 20, 'fitness': 0.974085118708675, 'generation': 452}","{'id': 37169, 'rank': 21, 'fitness': 0.972250524037017, 'generation': 452}","{'id': 37161, 'rank': 22, 'fitness': 0.967244842112726, 'generation': 452}","{'id': 37167, 'rank': 23, 'fitness': 0.9660518511699974, 'generation': 452}","{'id': 37167, 'rank': 24, 'fitness': 0.9660518511699974, 'generation': 452}","{'id': 37166, 'rank': 25, 'fitness': 0.9653193368837136, 'generation': 452}","{'id': 37177, 'rank': 26, 'fitness': 0.9627627654683224, 'generation': 452}","{'id': 37158, 'rank': 27, 'fitness': 0.9593306810554418, 'generation': 452}","{'id': 37208, 'rank': 28, 'fitness': 0.9300357250559328, 'generation': 452}","{'id': 37203, 'rank': 29, 'fitness': 0.11305908852326463, 'generation': 452}","{'id': 37075, 'rank': 30, 'fitness': 0.01798620996209155, 'generation': 452}"
"{'id': 37254, 'rank': 1, 'fitness': 0.9820137900379085, 'generation': 453}","{'id': 37274, 'rank': 2, 'fitness': 0.981786882321503, 'generation': 453}","{'id': 37288, 'rank': 3, 'fitness': 0.9817153205153073, 'generation': 453}","{'id': 37255, 'rank': 4, 'fitness': 0.9814070305055256, 'generation': 453}","{'id': 37277, 'rank': 5, 'fitness': 0.9809318636956726, 'generation': 453}","{'id': 37180, 'rank': 6, 'fitness': 0.9806259362628269, 'generation': 453}","{'id': 37260, 'rank': 7, 'fitness': 0.9798958717869717, 'generation': 453}","{'id': 37261, 'rank': 8, 'fitness': 0.9797318461436013, 'generation': 453}","{'id': 37318, 'rank': 9, 'fitness': 0.9795097334450737, 'generation': 453}","{'id': 37266, 'rank': 10, 'fitness': 0.9790228081354603, 'generation': 453}","{'id': 37120, 'rank': 11, 'fitness': 0.9790158405929332, 'generation': 453}","{'id': 37257, 'rank': 12, 'fitness': 0.978872805812868, 'generation': 453}","{'id': 37239, 'rank': 13, 'fitness': 0.9786936733343181, 'generation': 453}","{'id': 37286, 'rank': 14, 'fitness': 0.9783789768334792, 'generation': 453}","{'id': 37286, 'rank': 15, 'fitness': 0.9783789768334792, 'generation': 453}","{'id': 37244, 'rank': 16, 'fitness': 0.9773340475757888, 'generation': 453}","{'id': 37289, 'rank': 17, 'fitness': 0.9771659245847558, 'generation': 453}","{'id': 37268, 'rank': 18, 'fitness': 0.9767649174203021, 'generation': 453}","{'id': 37114, 'rank': 19, 'fitness': 0.9766473356664147, 'generation': 453}","{'id': 37169, 'rank': 20, 'fitness': 0.9748097538365093, 'generation': 453}","{'id': 37169, 'rank': 21, 'fitness': 0.9748097538365093, 'generation': 453}","{'id': 37249, 'rank': 22, 'fitness': 0.974131217179993, 'generation': 453}","{'id': 37267, 'rank': 23, 'fitness': 0.9740974742036308, 'generation': 453}","{'id': 37300, 'rank': 24, 'fitness': 0.9731514752677353, 'generation': 453}","{'id': 37264, 'rank': 25, 'fitness': 0.9729693294200872, 'generation': 453}","{'id': 37248, 'rank': 26, 'fitness': 0.9715354708389521, 'generation': 453}","{'id': 37233, 'rank': 27, 'fitness': 0.9627133410647368, 'generation': 453}","{'id': 37233, 'rank': 28, 'fitness': 0.9627133410647368, 'generation': 453}","{'id': 37075, 'rank': 29, 'fitness': 0.1014230659867329, 'generation': 453}","{'id': 37238, 'rank': 30, 'fitness': 0.01798620996209155, 'generation': 453}"
"{'id': 37353, 'rank': 1, 'fitness': 0.9820137900379085, 'generation': 454}","{'id': 37356, 'rank': 2, 'fitness': 0.9801977373074433, 'generation': 454}","{'id': 37352, 'rank': 3, 'fitness': 0.9792043318522246, 'generation': 454}","{'id': 37405, 'rank': 4, 'fitness': 0.9785694953546908, 'generation': 454}","{'id': 37405, 'rank': 5, 'fitness': 0.9785694953546908, 'generation': 454}","{'id': 37355, 'rank': 6, 'fitness': 0.9724614378194987, 'generation': 454}","{'id': 37363, 'rank': 7, 'fitness': 0.9693494449747233, 'generation': 454}","{'id': 37369, 'rank': 8, 'fitness': 0.9681251090892569, 'generation': 454}","{'id': 37257, 'rank': 9, 'fitness': 0.9645545427893767, 'generation': 454}","{'id': 37339, 'rank': 10, 'fitness': 0.9619617820985108, 'generation': 454}","{'id': 37387, 'rank': 11, 'fitness': 0.9555944571748648, 'generation': 454}","{'id': 37400, 'rank': 12, 'fitness': 0.9503724657179096, 'generation': 454}","{'id': 37268, 'rank': 13, 'fitness': 0.9487401022134244, 'generation': 454}","{'id': 37268, 'rank': 14, 'fitness': 0.9487401022134244, 'generation': 454}","{'id': 37370, 'rank': 15, 'fitness': 0.9427705066815883, 'generation': 454}","{'id': 37337, 'rank': 16, 'fitness': 0.9413432115843925, 'generation': 454}","{'id': 37403, 'rank': 17, 'fitness': 0.9396792774736288, 'generation': 454}","{'id': 37371, 'rank': 18, 'fitness': 0.9013480030001628, 'generation': 454}","{'id': 37379, 'rank': 19, 'fitness': 0.8926846352058816, 'generation': 454}","{'id': 37386, 'rank': 20, 'fitness': 0.8903478991376133, 'generation': 454}","{'id': 37386, 'rank': 21, 'fitness': 0.8903478991376133, 'generation': 454}","{'id': 37248, 'rank': 22, 'fitness': 0.8901677777373662, 'generation': 454}","{'id': 37331, 'rank': 23, 'fitness': 0.8837563373977058, 'generation': 454}","{'id': 37346, 'rank': 24, 'fitness': 0.8758983091371747, 'generation': 454}","{'id': 37336, 'rank': 25, 'fitness': 0.8704303471388855, 'generation': 454}","{'id': 37408, 'rank': 26, 'fitness': 0.8052880898721637, 'generation': 454}","{'id': 37326, 'rank': 27, 'fitness': 0.6485688148888468, 'generation': 454}","{'id': 37326, 'rank': 28, 'fitness': 0.6485688148888468, 'generation': 454}","{'id': 37333, 'rank': 29, 'fitness': 0.5626623325889785, 'generation': 454}","{'id': 37385, 'rank': 30, 'fitness': 0.01798620996209155, 'generation': 454}"
"{'id': 37481, 'rank': 1, 'fitness': 0.9820137900379085, 'generation': 455}","{'id': 37468, 'rank': 2, 'fitness': 0.981992087259038, 'generation': 455}","{'id': 37353, 'rank': 3, 'fitness': 0.9819859162299641, 'generation': 455}","{'id': 37469, 'rank': 4, 'fitness': 0.9819689589914968, 'generation': 455}","{'id': 37466, 'rank': 5, 'fitness': 0.9819474341621525, 'generation': 455}","{'id': 37436, 'rank': 6, 'fitness': 0.981894676399999, 'generation': 455}","{'id': 37450, 'rank': 7, 'fitness': 0.981893411161701, 'generation': 455}","{'id': 37405, 'rank': 8, 'fitness': 0.9818879578706711, 'generation': 455}","{'id': 37488, 'rank': 9, 'fitness': 0.9818206366780287, 'generation': 455}","{'id': 37488, 'rank': 10, 'fitness': 0.9818206366780287, 'generation': 455}","{'id': 37476, 'rank': 11, 'fitness': 0.9816394747812378, 'generation': 455}","{'id': 37257, 'rank': 12, 'fitness': 0.9816012993748462, 'generation': 455}","{'id': 37489, 'rank': 13, 'fitness': 0.9814917442865889, 'generation': 455}","{'id': 37400, 'rank': 14, 'fitness': 0.981404176572171, 'generation': 455}","{'id': 37431, 'rank': 15, 'fitness': 0.9812330506895108, 'generation': 455}","{'id': 37431, 'rank': 16, 'fitness': 0.9812330506895108, 'generation': 455}","{'id': 37431, 'rank': 17, 'fitness': 0.9812330506895108, 'generation': 455}","{'id': 37439, 'rank': 18, 'fitness': 0.9811142864739264, 'generation': 455}","{'id': 37418, 'rank': 19, 'fitness': 0.9810974635442331, 'generation': 455}","{'id': 37386, 'rank': 20, 'fitness': 0.9809140661495062, 'generation': 455}","{'id': 37421, 'rank': 21, 'fitness': 0.9808771348680054, 'generation': 455}","{'id': 37346, 'rank': 22, 'fitness': 0.980832814709874, 'generation': 455}","{'id': 37456, 'rank': 23, 'fitness': 0.980176971793658, 'generation': 455}","{'id': 37326, 'rank': 24, 'fitness': 0.9800377990778009, 'generation': 455}","{'id': 37425, 'rank': 25, 'fitness': 0.979440882088381, 'generation': 455}","{'id': 37411, 'rank': 26, 'fitness': 0.9792349979682646, 'generation': 455}","{'id': 37464, 'rank': 27, 'fitness': 0.978395812804001, 'generation': 455}","{'id': 37409, 'rank': 28, 'fitness': 0.9769030827086131, 'generation': 455}","{'id': 37427, 'rank': 29, 'fitness': 0.9713978713069977, 'generation': 455}","{'id': 37493, 'rank': 30, 'fitness': 0.01798620996209155, 'generation': 455}"
"{'id': 37550, 'rank': 1, 'fitness': 0.9820137900379085, 'generation': 456}","{'id': 37522, 'rank': 2, 'fitness': 0.9817855841991068, 'generation': 456}","{'id': 37551, 'rank': 3, 'fitness': 0.9817286437139132, 'generation': 456}","{'id': 37578, 'rank': 4, 'fitness': 0.9815222762778585, 'generation': 456}","{'id': 37553, 'rank': 5, 'fitness': 0.9813287898127265, 'generation': 456}","{'id': 37527, 'rank': 6, 'fitness': 0.9812304629798019, 'generation': 456}","{'id': 37469, 'rank': 7, 'fitness': 0.9807868594135556, 'generation': 456}","{'id': 37524, 'rank': 8, 'fitness': 0.9804295187703554, 'generation': 456}","{'id': 37577, 'rank': 9, 'fitness': 0.9777892875938958, 'generation': 456}","{'id': 37554, 'rank': 10, 'fitness': 0.977258431987948, 'generation': 456}","{'id': 37523, 'rank': 11, 'fitness': 0.9767804026053216, 'generation': 456}","{'id': 37257, 'rank': 12, 'fitness': 0.9746715472440142, 'generation': 456}","{'id': 37562, 'rank': 13, 'fitness': 0.9742950989461052, 'generation': 456}","{'id': 37511, 'rank': 14, 'fitness': 0.9674659126963516, 'generation': 456}","{'id': 37431, 'rank': 15, 'fitness': 0.9668381693755628, 'generation': 456}","{'id': 37431, 'rank': 16, 'fitness': 0.9668381693755628, 'generation': 456}","{'id': 37421, 'rank': 17, 'fitness': 0.9572795029823118, 'generation': 456}","{'id': 37421, 'rank': 18, 'fitness': 0.9572795029823118, 'generation': 456}","{'id': 37558, 'rank': 19, 'fitness': 0.9519486801205269, 'generation': 456}","{'id': 37536, 'rank': 20, 'fitness': 0.9438513706210399, 'generation': 456}","{'id': 37538, 'rank': 21, 'fitness': 0.933218926206036, 'generation': 456}","{'id': 37563, 'rank': 22, 'fitness': 0.9270426172016144, 'generation': 456}","{'id': 37326, 'rank': 23, 'fitness': 0.9246473855481957, 'generation': 456}","{'id': 37499, 'rank': 24, 'fitness': 0.9222907287381934, 'generation': 456}","{'id': 37539, 'rank': 25, 'fitness': 0.9124053145645186, 'generation': 456}","{'id': 37534, 'rank': 26, 'fitness': 0.8974382590733916, 'generation': 456}","{'id': 37464, 'rank': 27, 'fitness': 0.8018203297030138, 'generation': 456}","{'id': 37427, 'rank': 28, 'fitness': 0.07191458419841318, 'generation': 456}","{'id': 37520, 'rank': 29, 'fitness': 0.01798620996209155, 'generation': 456}","{'id': 37520, 'rank': 30, 'fitness': 0.01798620996209155, 'generation': 456}"
"{'id': 37617, 'rank': 1, 'fitness': 0.9820137900379085, 'generation': 457}","{'id': 37550, 'rank': 2, 'fitness': 0.9803764089555513, 'generation': 457}","{'id': 37594, 'rank': 3, 'fitness': 0.9798606529520291, 'generation': 457}","{'id': 37522, 'rank': 4, 'fitness': 0.9796719895461548, 'generation': 457}","{'id': 37606, 'rank': 5, 'fitness': 0.9792078798304982, 'generation': 457}","{'id': 37608, 'rank': 6, 'fitness': 0.9767117429696115, 'generation': 457}","{'id': 37651, 'rank': 7, 'fitness': 0.9763492834302605, 'generation': 457}","{'id': 37641, 'rank': 8, 'fitness': 0.9738346667676505, 'generation': 457}","{'id': 37641, 'rank': 9, 'fitness': 0.9738346667676505, 'generation': 457}","{'id': 37644, 'rank': 10, 'fitness': 0.9679138794322084, 'generation': 457}","{'id': 37619, 'rank': 11, 'fitness': 0.9581072032981797, 'generation': 457}","{'id': 37634, 'rank': 12, 'fitness': 0.9534211066106999, 'generation': 457}","{'id': 37600, 'rank': 13, 'fitness': 0.9526604798071671, 'generation': 457}","{'id': 37600, 'rank': 14, 'fitness': 0.9526604798071671, 'generation': 457}","{'id': 37640, 'rank': 15, 'fitness': 0.9496055681786447, 'generation': 457}","{'id': 37622, 'rank': 16, 'fitness': 0.9314635130500634, 'generation': 457}","{'id': 37598, 'rank': 17, 'fitness': 0.9257120480039511, 'generation': 457}","{'id': 37650, 'rank': 18, 'fitness': 0.8737161018879527, 'generation': 457}","{'id': 37611, 'rank': 19, 'fitness': 0.826510361418197, 'generation': 457}","{'id': 37618, 'rank': 20, 'fitness': 0.8181310273931326, 'generation': 457}","{'id': 37421, 'rank': 21, 'fitness': 0.8045987956842986, 'generation': 457}","{'id': 37579, 'rank': 22, 'fitness': 0.8034212290133748, 'generation': 457}","{'id': 37591, 'rank': 23, 'fitness': 0.7745074686461573, 'generation': 457}","{'id': 37582, 'rank': 24, 'fitness': 0.7476635217668935, 'generation': 457}","{'id': 37631, 'rank': 25, 'fitness': 0.6445756990261557, 'generation': 457}","{'id': 37603, 'rank': 26, 'fitness': 0.1521593754942695, 'generation': 457}","{'id': 37601, 'rank': 27, 'fitness': 0.14881725379886357, 'generation': 457}","{'id': 37613, 'rank': 28, 'fitness': 0.08510574457793785, 'generation': 457}","{'id': 37612, 'rank': 29, 'fitness': 0.01798620996209155, 'generation': 457}","{'id': 37612, 'rank': 30, 'fitness': 0.01798620996209155, 'generation': 457}"
"{'id': 37617, 'rank': 1, 'fitness': 0.9820137900379085, 'generation': 458}","{'id': 37608, 'rank': 2, 'fitness': 0.9811549353016549, 'generation': 458}","{'id': 37669, 'rank': 3, 'fitness': 0.9801579581761721, 'generation': 458}","{'id': 37731, 'rank': 4, 'fitness': 0.9801258957817551, 'generation': 458}","{'id': 37722, 'rank': 5, 'fitness': 0.9799501025176142, 'generation': 458}","{'id': 37672, 'rank': 6, 'fitness': 0.9789609608376956, 'generation': 458}","{'id': 37677, 'rank': 7, 'fitness': 0.9787443539113377, 'generation': 458}","{'id': 37600, 'rank': 8, 'fitness': 0.9785464210287333, 'generation': 458}","{'id': 37600, 'rank': 9, 'fitness': 0.9785464210287333, 'generation': 458}","{'id': 37720, 'rank': 10, 'fitness': 0.9780293824605015, 'generation': 458}","{'id': 37715, 'rank': 11, 'fitness': 0.9757430175799976, 'generation': 458}","{'id': 37725, 'rank': 12, 'fitness': 0.975092421423235, 'generation': 458}","{'id': 37618, 'rank': 13, 'fitness': 0.9720842997690204, 'generation': 458}","{'id': 37693, 'rank': 14, 'fitness': 0.9703809216080908, 'generation': 458}","{'id': 37631, 'rank': 15, 'fitness': 0.9672824407306981, 'generation': 458}","{'id': 37631, 'rank': 16, 'fitness': 0.9672824407306981, 'generation': 458}","{'id': 37736, 'rank': 17, 'fitness': 0.9662832005936997, 'generation': 458}","{'id': 37736, 'rank': 18, 'fitness': 0.9662832005936997, 'generation': 458}","{'id': 37664, 'rank': 19, 'fitness': 0.9471024695501872, 'generation': 458}","{'id': 37657, 'rank': 20, 'fitness': 0.9283394334019228, 'generation': 458}","{'id': 37730, 'rank': 21, 'fitness': 0.8931121300857079, 'generation': 458}","{'id': 37730, 'rank': 22, 'fitness': 0.8931121300857079, 'generation': 458}","{'id': 37655, 'rank': 23, 'fitness': 0.7576524096332349, 'generation': 458}","{'id': 37712, 'rank': 24, 'fitness': 0.7363122145915153, 'generation': 458}","{'id': 37712, 'rank': 25, 'fitness': 0.7363122145915153, 'generation': 458}","{'id': 37712, 'rank': 26, 'fitness': 0.7363122145915153, 'generation': 458}","{'id': 37712, 'rank': 27, 'fitness': 0.7363122145915153, 'generation': 458}","{'id': 37709, 'rank': 28, 'fitness': 0.6015236586881908, 'generation': 458}","{'id': 37656, 'rank': 29, 'fitness': 0.3079763215353881, 'generation': 458}","{'id': 37666, 'rank': 30, 'fitness': 0.01798620996209155, 'generation': 458}"
"{'id': 37806, 'rank': 1, 'fitness': 0.9820137900379085, 'generation': 459}","{'id': 37807, 'rank': 2, 'fitness': 0.9819680986125721, 'generation': 459}","{'id': 37608, 'rank': 3, 'fitness': 0.9818486691393072, 'generation': 459}","{'id': 37669, 'rank': 4, 'fitness': 0.9815673432206666, 'generation': 459}","{'id': 37731, 'rank': 5, 'fitness': 0.9815584588002874, 'generation': 459}","{'id': 37672, 'rank': 6, 'fitness': 0.9812421213416667, 'generation': 459}","{'id': 37802, 'rank': 7, 'fitness': 0.9812034978385626, 'generation': 459}","{'id': 37755, 'rank': 8, 'fitness': 0.9806204736088503, 'generation': 459}","{'id': 37741, 'rank': 9, 'fitness': 0.980540798841561, 'generation': 459}","{'id': 37790, 'rank': 10, 'fitness': 0.9800944546392331, 'generation': 459}","{'id': 37618, 'rank': 11, 'fitness': 0.9795842397039878, 'generation': 459}","{'id': 37618, 'rank': 12, 'fitness': 0.9795842397039878, 'generation': 459}","{'id': 37780, 'rank': 13, 'fitness': 0.979468264518682, 'generation': 459}","{'id': 37765, 'rank': 14, 'fitness': 0.9794424194452134, 'generation': 459}","{'id': 37765, 'rank': 15, 'fitness': 0.9794424194452134, 'generation': 459}","{'id': 37743, 'rank': 16, 'fitness': 0.9790580657170626, 'generation': 459}","{'id': 37793, 'rank': 17, 'fitness': 0.9780846905815226, 'generation': 459}","{'id': 37791, 'rank': 18, 'fitness': 0.9756715445809637, 'generation': 459}","{'id': 37657, 'rank': 19, 'fitness': 0.9727781983583497, 'generation': 459}","{'id': 37730, 'rank': 20, 'fitness': 0.9690950935847311, 'generation': 459}","{'id': 37748, 'rank': 21, 'fitness': 0.9681038813727976, 'generation': 459}","{'id': 37750, 'rank': 22, 'fitness': 0.9671811125179115, 'generation': 459}","{'id': 37712, 'rank': 23, 'fitness': 0.9576617091480748, 'generation': 459}","{'id': 37709, 'rank': 24, 'fitness': 0.9495735932554039, 'generation': 459}","{'id': 37798, 'rank': 25, 'fitness': 0.8313136989623033, 'generation': 459}","{'id': 37795, 'rank': 26, 'fitness': 0.7743618704572518, 'generation': 459}","{'id': 37795, 'rank': 27, 'fitness': 0.7743618704572518, 'generation': 459}","{'id': 37781, 'rank': 28, 'fitness': 0.5850528090105539, 'generation': 459}","{'id': 37804, 'rank': 29, 'fitness': 0.023736398866891273, 'generation': 459}","{'id': 37777, 'rank': 30, 'fitness': 0.01798620996209155, 'generation': 459}"
"{'id': 37862, 'rank': 1, 'fitness': 0.9820137900379085, 'generation': 460}","{'id': 37851, 'rank': 2, 'fitness': 0.9816467669677611, 'generation': 460}","{'id': 37802, 'rank': 3, 'fitness': 0.9816402766660501, 'generation': 460}","{'id': 37822, 'rank': 4, 'fitness': 0.9815958207981066, 'generation': 460}","{'id': 37868, 'rank': 5, 'fitness': 0.981169793521483, 'generation': 460}","{'id': 37877, 'rank': 6, 'fitness': 0.980904251387312, 'generation': 460}","{'id': 37887, 'rank': 7, 'fitness': 0.9809014892257147, 'generation': 460}","{'id': 37618, 'rank': 8, 'fitness': 0.9806818370073789, 'generation': 460}","{'id': 37765, 'rank': 9, 'fitness': 0.9805992799229524, 'generation': 460}","{'id': 37743, 'rank': 10, 'fitness': 0.9803766049922499, 'generation': 460}","{'id': 37817, 'rank': 11, 'fitness': 0.9803537220767017, 'generation': 460}","{'id': 37852, 'rank': 12, 'fitness': 0.9802450214304187, 'generation': 460}","{'id': 37874, 'rank': 13, 'fitness': 0.9801885505248487, 'generation': 460}","{'id': 37834, 'rank': 14, 'fitness': 0.9800446907225534, 'generation': 460}","{'id': 37834, 'rank': 15, 'fitness': 0.9800446907225534, 'generation': 460}","{'id': 37793, 'rank': 16, 'fitness': 0.9798194207699181, 'generation': 460}","{'id': 37832, 'rank': 17, 'fitness': 0.9797007444516546, 'generation': 460}","{'id': 37841, 'rank': 18, 'fitness': 0.9788332026628794, 'generation': 460}","{'id': 37885, 'rank': 19, 'fitness': 0.9785943529612222, 'generation': 460}","{'id': 37791, 'rank': 20, 'fitness': 0.9784765029124365, 'generation': 460}","{'id': 37820, 'rank': 21, 'fitness': 0.9776223264942583, 'generation': 460}","{'id': 37824, 'rank': 22, 'fitness': 0.9754344735197439, 'generation': 460}","{'id': 37816, 'rank': 23, 'fitness': 0.974676714740567, 'generation': 460}","{'id': 37748, 'rank': 24, 'fitness': 0.9745537481165649, 'generation': 460}","{'id': 37748, 'rank': 25, 'fitness': 0.9745537481165649, 'generation': 460}","{'id': 37712, 'rank': 26, 'fitness': 0.9696599789826216, 'generation': 460}","{'id': 37840, 'rank': 27, 'fitness': 0.9680521402152067, 'generation': 460}","{'id': 37826, 'rank': 28, 'fitness': 0.9666361346247823, 'generation': 460}","{'id': 37777, 'rank': 29, 'fitness': 0.28581572998900207, 'generation': 460}","{'id': 37871, 'rank': 30, 'fitness': 0.01798620996209155, 'generation': 460}"
"{'id': 37862, 'rank': 1, 'fitness': 0.9820137900379085, 'generation': 461}","{'id': 37897, 'rank': 2, 'fitness': 0.9795315675996276, 'generation': 461}","{'id': 37897, 'rank': 3, 'fitness': 0.9795315675996276, 'generation': 461}","{'id': 37851, 'rank': 4, 'fitness': 0.9771658388338592, 'generation': 461}","{'id': 37911, 'rank': 5, 'fitness': 0.9743381197707088, 'generation': 461}","{'id': 37908, 'rank': 6, 'fitness': 0.9730909271598678, 'generation': 461}","{'id': 37910, 'rank': 7, 'fitness': 0.9692346540668627, 'generation': 461}","{'id': 37900, 'rank': 8, 'fitness': 0.9640027659215786, 'generation': 461}","{'id': 37887, 'rank': 9, 'fitness': 0.9636002367192766, 'generation': 461}","{'id': 37887, 'rank': 10, 'fitness': 0.9636002367192766, 'generation': 461}","{'id': 37991, 'rank': 11, 'fitness': 0.9574391528753489, 'generation': 461}","{'id': 37765, 'rank': 12, 'fitness': 0.9563356885307781, 'generation': 461}","{'id': 37959, 'rank': 13, 'fitness': 0.9521122900879259, 'generation': 461}","{'id': 37891, 'rank': 14, 'fitness': 0.9470909768660791, 'generation': 461}","{'id': 37834, 'rank': 15, 'fitness': 0.9396963952908344, 'generation': 461}","{'id': 37904, 'rank': 16, 'fitness': 0.9389346514993362, 'generation': 461}","{'id': 37902, 'rank': 17, 'fitness': 0.9350993185163468, 'generation': 461}","{'id': 37793, 'rank': 18, 'fitness': 0.931536330350353, 'generation': 461}","{'id': 37948, 'rank': 19, 'fitness': 0.9292425842031331, 'generation': 461}","{'id': 37990, 'rank': 20, 'fitness': 0.8897264176103875, 'generation': 461}","{'id': 37965, 'rank': 21, 'fitness': 0.8876695473793228, 'generation': 461}","{'id': 37949, 'rank': 22, 'fitness': 0.8857869598819679, 'generation': 461}","{'id': 37791, 'rank': 23, 'fitness': 0.8619401364773378, 'generation': 461}","{'id': 37981, 'rank': 24, 'fitness': 0.7757269586866229, 'generation': 461}","{'id': 37967, 'rank': 25, 'fitness': 0.6631791291259596, 'generation': 461}","{'id': 37969, 'rank': 26, 'fitness': 0.5614070013231467, 'generation': 461}","{'id': 37927, 'rank': 27, 'fitness': 0.36235844683346985, 'generation': 461}","{'id': 37893, 'rank': 28, 'fitness': 0.035376484354334936, 'generation': 461}","{'id': 37826, 'rank': 29, 'fitness': 0.02924078494761312, 'generation': 461}","{'id': 37978, 'rank': 30, 'fitness': 0.01798620996209155, 'generation': 461}"
"{'id': 38069, 'rank': 1, 'fitness': 0.9820137900379085, 'generation': 462}","{'id': 38070, 'rank': 2, 'fitness': 0.9818365444070074, 'generation': 462}","{'id': 38070, 'rank': 3, 'fitness': 0.9818365444070074, 'generation': 462}","{'id': 37862, 'rank': 4, 'fitness': 0.9818343506419234, 'generation': 462}","{'id': 37862, 'rank': 5, 'fitness': 0.9818343506419234, 'generation': 462}","{'id': 38007, 'rank': 6, 'fitness': 0.9814238199587088, 'generation': 462}","{'id': 37999, 'rank': 7, 'fitness': 0.9811553833838692, 'generation': 462}","{'id': 37897, 'rank': 8, 'fitness': 0.9804353965519776, 'generation': 462}","{'id': 38036, 'rank': 9, 'fitness': 0.979610077398313, 'generation': 462}","{'id': 38002, 'rank': 10, 'fitness': 0.978983046242701, 'generation': 462}","{'id': 37996, 'rank': 11, 'fitness': 0.9780464277582379, 'generation': 462}","{'id': 37996, 'rank': 12, 'fitness': 0.9780464277582379, 'generation': 462}","{'id': 37910, 'rank': 13, 'fitness': 0.9752637410203953, 'generation': 462}","{'id': 37887, 'rank': 14, 'fitness': 0.9727378862325999, 'generation': 462}","{'id': 38034, 'rank': 15, 'fitness': 0.9713228223077921, 'generation': 462}","{'id': 37991, 'rank': 16, 'fitness': 0.9701489713014859, 'generation': 462}","{'id': 38059, 'rank': 17, 'fitness': 0.9699233099753113, 'generation': 462}","{'id': 37834, 'rank': 18, 'fitness': 0.9634063039739268, 'generation': 462}","{'id': 37834, 'rank': 19, 'fitness': 0.9634063039739268, 'generation': 462}","{'id': 37904, 'rank': 20, 'fitness': 0.9631350671659193, 'generation': 462}","{'id': 37948, 'rank': 21, 'fitness': 0.9597850723095518, 'generation': 462}","{'id': 38061, 'rank': 22, 'fitness': 0.9350164594897379, 'generation': 462}","{'id': 38022, 'rank': 23, 'fitness': 0.9225153900439839, 'generation': 462}","{'id': 37981, 'rank': 24, 'fitness': 0.9173664080054162, 'generation': 462}","{'id': 37967, 'rank': 25, 'fitness': 0.8893244435250871, 'generation': 462}","{'id': 38029, 'rank': 26, 'fitness': 0.8843487707421047, 'generation': 462}","{'id': 38044, 'rank': 27, 'fitness': 0.8495601109521509, 'generation': 462}","{'id': 37927, 'rank': 28, 'fitness': 0.797540475538885, 'generation': 462}","{'id': 38058, 'rank': 29, 'fitness': 0.018120395453687155, 'generation': 462}","{'id': 38016, 'rank': 30, 'fitness': 0.01798620996209155, 'generation': 462}"
"{'id': 38086, 'rank': 1, 'fitness': 0.9820137900379085, 'generation': 463}","{'id': 38125, 'rank': 2, 'fitness': 0.9817101455118749, 'generation': 463}","{'id': 38125, 'rank': 3, 'fitness': 0.9817101455118749, 'generation': 463}","{'id': 38140, 'rank': 4, 'fitness': 0.9817070739944974, 'generation': 463}","{'id': 38070, 'rank': 5, 'fitness': 0.9816185798530914, 'generation': 463}","{'id': 38070, 'rank': 6, 'fitness': 0.9816185798530914, 'generation': 463}","{'id': 37862, 'rank': 7, 'fitness': 0.9816173465820632, 'generation': 463}","{'id': 38153, 'rank': 8, 'fitness': 0.981391813691553, 'generation': 463}","{'id': 38161, 'rank': 9, 'fitness': 0.9807614072224475, 'generation': 463}","{'id': 38133, 'rank': 10, 'fitness': 0.9800215895036823, 'generation': 463}","{'id': 38143, 'rank': 11, 'fitness': 0.9798589124453825, 'generation': 463}","{'id': 38114, 'rank': 12, 'fitness': 0.9795727243565168, 'generation': 463}","{'id': 38128, 'rank': 13, 'fitness': 0.9792348667553197, 'generation': 463}","{'id': 38162, 'rank': 14, 'fitness': 0.9783115876366937, 'generation': 463}","{'id': 37910, 'rank': 15, 'fitness': 0.9781724967406166, 'generation': 463}","{'id': 38156, 'rank': 16, 'fitness': 0.9774107346825176, 'generation': 463}","{'id': 38108, 'rank': 17, 'fitness': 0.9731408761684583, 'generation': 463}","{'id': 37834, 'rank': 18, 'fitness': 0.9728307753405248, 'generation': 463}","{'id': 38110, 'rank': 19, 'fitness': 0.970569214925882, 'generation': 463}","{'id': 38110, 'rank': 20, 'fitness': 0.970569214925882, 'generation': 463}","{'id': 38100, 'rank': 21, 'fitness': 0.96240173433741, 'generation': 463}","{'id': 38080, 'rank': 22, 'fitness': 0.9620566098169703, 'generation': 463}","{'id': 37927, 'rank': 23, 'fitness': 0.9257126025011226, 'generation': 463}","{'id': 38123, 'rank': 24, 'fitness': 0.881185477156051, 'generation': 463}","{'id': 38145, 'rank': 25, 'fitness': 0.7800644693841187, 'generation': 463}","{'id': 38145, 'rank': 26, 'fitness': 0.7800644693841187, 'generation': 463}","{'id': 38145, 'rank': 27, 'fitness': 0.7800644693841187, 'generation': 463}","{'id': 38142, 'rank': 28, 'fitness': 0.5468164702359811, 'generation': 463}","{'id': 38136, 'rank': 29, 'fitness': 0.06383240540744406, 'generation': 463}","{'id': 38105, 'rank': 30, 'fitness': 0.01798620996209155, 'generation': 463}"
"{'id': 38207, 'rank': 1, 'fitness': 0.9820137900379085, 'generation': 464}","{'id': 38206, 'rank': 2, 'fitness': 0.9819737909708686, 'generation': 464}","{'id': 38250, 'rank': 3, 'fitness': 0.9817887272201165, 'generation': 464}","{'id': 38246, 'rank': 4, 'fitness': 0.9815184498551688, 'generation': 464}","{'id': 38070, 'rank': 5, 'fitness': 0.9814566598338503, 'generation': 464}","{'id': 37862, 'rank': 6, 'fitness': 0.9814556970932926, 'generation': 464}","{'id': 38193, 'rank': 7, 'fitness': 0.9813529469262773, 'generation': 464}","{'id': 38202, 'rank': 8, 'fitness': 0.9812752914270325, 'generation': 464}","{'id': 38197, 'rank': 9, 'fitness': 0.9811378548426861, 'generation': 464}","{'id': 38180, 'rank': 10, 'fitness': 0.9811345824574268, 'generation': 464}","{'id': 38247, 'rank': 11, 'fitness': 0.9809857046167003, 'generation': 464}","{'id': 38242, 'rank': 12, 'fitness': 0.9808278895431817, 'generation': 464}","{'id': 38161, 'rank': 13, 'fitness': 0.9807909096988641, 'generation': 464}","{'id': 38204, 'rank': 14, 'fitness': 0.9806827990901217, 'generation': 464}","{'id': 38194, 'rank': 15, 'fitness': 0.9804256970713925, 'generation': 464}","{'id': 38183, 'rank': 16, 'fitness': 0.980153457290389, 'generation': 464}","{'id': 38183, 'rank': 17, 'fitness': 0.980153457290389, 'generation': 464}","{'id': 38183, 'rank': 18, 'fitness': 0.980153457290389, 'generation': 464}","{'id': 38239, 'rank': 19, 'fitness': 0.9801006317796003, 'generation': 464}","{'id': 38239, 'rank': 20, 'fitness': 0.9801006317796003, 'generation': 464}","{'id': 38229, 'rank': 21, 'fitness': 0.9798825548231278, 'generation': 464}","{'id': 38256, 'rank': 22, 'fitness': 0.9793341878628115, 'generation': 464}","{'id': 38162, 'rank': 23, 'fitness': 0.9789230639099734, 'generation': 464}","{'id': 38178, 'rank': 24, 'fitness': 0.9783882259273174, 'generation': 464}","{'id': 38219, 'rank': 25, 'fitness': 0.9775814186017004, 'generation': 464}","{'id': 38179, 'rank': 26, 'fitness': 0.9762671749576148, 'generation': 464}","{'id': 38179, 'rank': 27, 'fitness': 0.9762671749576148, 'generation': 464}","{'id': 38238, 'rank': 28, 'fitness': 0.9758372616918405, 'generation': 464}","{'id': 38136, 'rank': 29, 'fitness': 0.23357145934323237, 'generation': 464}","{'id': 38187, 'rank': 30, 'fitness': 0.01798620996209155, 'generation': 464}"
"{'id': 38207, 'rank': 1, 'fitness': 0.9820137900379085, 'generation': 465}","{'id': 38207, 'rank': 2, 'fitness': 0.9820137900379085, 'generation': 465}","{'id': 38260, 'rank': 3, 'fitness': 0.9812903068312044, 'generation': 465}","{'id': 38250, 'rank': 4, 'fitness': 0.9785204860740773, 'generation': 465}","{'id': 38323, 'rank': 5, 'fitness': 0.9760288549355067, 'generation': 465}","{'id': 38261, 'rank': 6, 'fitness': 0.9751098711832117, 'generation': 465}","{'id': 38316, 'rank': 7, 'fitness': 0.9720105150113291, 'generation': 465}","{'id': 38317, 'rank': 8, 'fitness': 0.971175249053577, 'generation': 465}","{'id': 38193, 'rank': 9, 'fitness': 0.9699541722919297, 'generation': 465}","{'id': 38202, 'rank': 10, 'fitness': 0.968138611413872, 'generation': 465}","{'id': 38247, 'rank': 11, 'fitness': 0.9604696367796434, 'generation': 465}","{'id': 38304, 'rank': 12, 'fitness': 0.9564332249085303, 'generation': 465}","{'id': 38161, 'rank': 13, 'fitness': 0.9544271153832546, 'generation': 465}","{'id': 38348, 'rank': 14, 'fitness': 0.9443121066934277, 'generation': 465}","{'id': 38331, 'rank': 15, 'fitness': 0.9383839714106079, 'generation': 465}","{'id': 38332, 'rank': 16, 'fitness': 0.9346466213280917, 'generation': 465}","{'id': 38183, 'rank': 17, 'fitness': 0.9286266940295158, 'generation': 465}","{'id': 38321, 'rank': 18, 'fitness': 0.9044799483406101, 'generation': 465}","{'id': 38272, 'rank': 19, 'fitness': 0.897463549462125, 'generation': 465}","{'id': 38265, 'rank': 20, 'fitness': 0.8963311845619305, 'generation': 465}","{'id': 38308, 'rank': 21, 'fitness': 0.8942682169567822, 'generation': 465}","{'id': 38305, 'rank': 22, 'fitness': 0.8336876813087177, 'generation': 465}","{'id': 38353, 'rank': 23, 'fitness': 0.8323199970598016, 'generation': 465}","{'id': 38275, 'rank': 24, 'fitness': 0.8052522702506604, 'generation': 465}","{'id': 38320, 'rank': 25, 'fitness': 0.6952271898292597, 'generation': 465}","{'id': 38283, 'rank': 26, 'fitness': 0.6945744490893726, 'generation': 465}","{'id': 38179, 'rank': 27, 'fitness': 0.48809816937276673, 'generation': 465}","{'id': 38297, 'rank': 28, 'fitness': 0.3567142191886975, 'generation': 465}","{'id': 38298, 'rank': 29, 'fitness': 0.29330180153544677, 'generation': 465}","{'id': 38294, 'rank': 30, 'fitness': 0.01798620996209155, 'generation': 465}"
"{'id': 38378, 'rank': 1, 'fitness': 0.9820137900379085, 'generation': 466}","{'id': 38207, 'rank': 2, 'fitness': 0.9818728674926025, 'generation': 466}","{'id': 38260, 'rank': 3, 'fitness': 0.9817298270152371, 'generation': 466}","{'id': 38380, 'rank': 4, 'fitness': 0.9813388134058472, 'generation': 466}","{'id': 38379, 'rank': 5, 'fitness': 0.9809204463280551, 'generation': 466}","{'id': 38417, 'rank': 6, 'fitness': 0.9807528565956976, 'generation': 466}","{'id': 38357, 'rank': 7, 'fitness': 0.9795510700828081, 'generation': 466}","{'id': 38437, 'rank': 8, 'fitness': 0.9794381979611795, 'generation': 466}","{'id': 38365, 'rank': 9, 'fitness': 0.979024677148215, 'generation': 466}","{'id': 38366, 'rank': 10, 'fitness': 0.9776447159005145, 'generation': 466}","{'id': 38355, 'rank': 11, 'fitness': 0.9774820887728595, 'generation': 466}","{'id': 38361, 'rank': 12, 'fitness': 0.9772458428876918, 'generation': 466}","{'id': 38399, 'rank': 13, 'fitness': 0.9758881590718713, 'generation': 466}","{'id': 38362, 'rank': 14, 'fitness': 0.9755588785987509, 'generation': 466}","{'id': 38400, 'rank': 15, 'fitness': 0.9750973811220256, 'generation': 466}","{'id': 38265, 'rank': 16, 'fitness': 0.9740376855393005, 'generation': 466}","{'id': 38265, 'rank': 17, 'fitness': 0.9740376855393005, 'generation': 466}","{'id': 38396, 'rank': 18, 'fitness': 0.9725564917155964, 'generation': 466}","{'id': 38409, 'rank': 19, 'fitness': 0.971574637682032, 'generation': 466}","{'id': 38409, 'rank': 20, 'fitness': 0.971574637682032, 'generation': 466}","{'id': 38404, 'rank': 21, 'fitness': 0.9679262408662666, 'generation': 466}","{'id': 38403, 'rank': 22, 'fitness': 0.9663893615876347, 'generation': 466}","{'id': 38360, 'rank': 23, 'fitness': 0.9482478823486546, 'generation': 466}","{'id': 38418, 'rank': 24, 'fitness': 0.9393205525391778, 'generation': 466}","{'id': 38294, 'rank': 25, 'fitness': 0.9166614180835149, 'generation': 466}","{'id': 38415, 'rank': 26, 'fitness': 0.8300086837318683, 'generation': 466}","{'id': 38371, 'rank': 27, 'fitness': 0.6193622330473623, 'generation': 466}","{'id': 38429, 'rank': 28, 'fitness': 0.2700609561684797, 'generation': 466}","{'id': 38429, 'rank': 29, 'fitness': 0.2700609561684797, 'generation': 466}","{'id': 38436, 'rank': 30, 'fitness': 0.01798620996209155, 'generation': 466}"
"{'id': 38475, 'rank': 1, 'fitness': 0.9820137900379085, 'generation': 467}","{'id': 38446, 'rank': 2, 'fitness': 0.9819274901873698, 'generation': 467}","{'id': 38474, 'rank': 3, 'fitness': 0.9818013961420748, 'generation': 467}","{'id': 38513, 'rank': 4, 'fitness': 0.9817303097026133, 'generation': 467}","{'id': 38472, 'rank': 5, 'fitness': 0.9815601927301442, 'generation': 467}","{'id': 38462, 'rank': 6, 'fitness': 0.9815443339345853, 'generation': 467}","{'id': 38485, 'rank': 7, 'fitness': 0.9815344075699122, 'generation': 467}","{'id': 38506, 'rank': 8, 'fitness': 0.9811664040288947, 'generation': 467}","{'id': 38505, 'rank': 9, 'fitness': 0.9810295374982165, 'generation': 467}","{'id': 38504, 'rank': 10, 'fitness': 0.9808742738440248, 'generation': 467}","{'id': 38467, 'rank': 11, 'fitness': 0.9807618630503292, 'generation': 467}","{'id': 38361, 'rank': 12, 'fitness': 0.9807430314728102, 'generation': 467}","{'id': 38469, 'rank': 13, 'fitness': 0.9806674097922919, 'generation': 467}","{'id': 38362, 'rank': 14, 'fitness': 0.9803512354185975, 'generation': 467}","{'id': 38362, 'rank': 15, 'fitness': 0.9803512354185975, 'generation': 467}","{'id': 38515, 'rank': 16, 'fitness': 0.980075175586449, 'generation': 467}","{'id': 38265, 'rank': 17, 'fitness': 0.9800138347326686, 'generation': 467}","{'id': 38517, 'rank': 18, 'fitness': 0.9800003913272696, 'generation': 467}","{'id': 38507, 'rank': 19, 'fitness': 0.9798811752925541, 'generation': 467}","{'id': 38443, 'rank': 20, 'fitness': 0.9794503192022923, 'generation': 467}","{'id': 38455, 'rank': 21, 'fitness': 0.9780710633133138, 'generation': 467}","{'id': 38494, 'rank': 22, 'fitness': 0.9772427290334191, 'generation': 467}","{'id': 38444, 'rank': 23, 'fitness': 0.9761845157281542, 'generation': 467}","{'id': 38510, 'rank': 24, 'fitness': 0.9755147607798484, 'generation': 467}","{'id': 38456, 'rank': 25, 'fitness': 0.9712282220085755, 'generation': 467}","{'id': 38429, 'rank': 26, 'fitness': 0.9306786692710978, 'generation': 467}","{'id': 38450, 'rank': 27, 'fitness': 0.6874536964899167, 'generation': 467}","{'id': 38450, 'rank': 28, 'fitness': 0.6874536964899167, 'generation': 467}","{'id': 38530, 'rank': 29, 'fitness': 0.5232412146879764, 'generation': 467}","{'id': 38448, 'rank': 30, 'fitness': 0.01798620996209155, 'generation': 467}"
"{'id': 38579, 'rank': 1, 'fitness': 0.9820137900379085, 'generation': 468}","{'id': 38536, 'rank': 2, 'fitness': 0.9819166350321449, 'generation': 468}","{'id': 38536, 'rank': 3, 'fitness': 0.9819166350321449, 'generation': 468}","{'id': 38581, 'rank': 4, 'fitness': 0.981908852653082, 'generation': 468}","{'id': 38581, 'rank': 5, 'fitness': 0.981908852653082, 'generation': 468}","{'id': 38570, 'rank': 6, 'fitness': 0.9817960824235681, 'generation': 468}","{'id': 38474, 'rank': 7, 'fitness': 0.9817592582968099, 'generation': 468}","{'id': 38547, 'rank': 8, 'fitness': 0.9817012514166668, 'generation': 468}","{'id': 38597, 'rank': 9, 'fitness': 0.9816980635845778, 'generation': 468}","{'id': 38550, 'rank': 10, 'fitness': 0.9815628605715179, 'generation': 468}","{'id': 38485, 'rank': 11, 'fitness': 0.9814917426607235, 'generation': 468}","{'id': 38505, 'rank': 12, 'fitness': 0.9809858798860938, 'generation': 468}","{'id': 38617, 'rank': 13, 'fitness': 0.9808744020529223, 'generation': 468}","{'id': 38606, 'rank': 14, 'fitness': 0.9801314825849907, 'generation': 468}","{'id': 38551, 'rank': 15, 'fitness': 0.980125869775772, 'generation': 468}","{'id': 38599, 'rank': 16, 'fitness': 0.9794665736637329, 'generation': 468}","{'id': 38540, 'rank': 17, 'fitness': 0.9794649048628141, 'generation': 468}","{'id': 38443, 'rank': 18, 'fitness': 0.9794035888346713, 'generation': 468}","{'id': 38543, 'rank': 19, 'fitness': 0.9791644978076655, 'generation': 468}","{'id': 38609, 'rank': 20, 'fitness': 0.9789039987995887, 'generation': 468}","{'id': 38610, 'rank': 21, 'fitness': 0.9786234594032811, 'generation': 468}","{'id': 38583, 'rank': 22, 'fitness': 0.9785435023632603, 'generation': 468}","{'id': 38590, 'rank': 23, 'fitness': 0.9783549713634516, 'generation': 468}","{'id': 38600, 'rank': 24, 'fitness': 0.9775917133652239, 'generation': 468}","{'id': 38587, 'rank': 25, 'fitness': 0.9772609042176092, 'generation': 468}","{'id': 38558, 'rank': 26, 'fitness': 0.9381217066287734, 'generation': 468}","{'id': 38450, 'rank': 27, 'fitness': 0.6871502193701304, 'generation': 468}","{'id': 38450, 'rank': 28, 'fitness': 0.6871502193701304, 'generation': 468}","{'id': 38530, 'rank': 29, 'fitness': 0.5229400978312594, 'generation': 468}","{'id': 38448, 'rank': 30, 'fitness': 0.01798620996209155, 'generation': 468}"
"{'id': 38691, 'rank': 1, 'fitness': 0.9820137900379085, 'generation': 469}","{'id': 38536, 'rank': 2, 'fitness': 0.9819099873048982, 'generation': 469}","{'id': 38684, 'rank': 3, 'fitness': 0.9819080016610919, 'generation': 469}","{'id': 38581, 'rank': 4, 'fitness': 0.9819053224030099, 'generation': 469}","{'id': 38640, 'rank': 5, 'fitness': 0.9818765298389189, 'generation': 469}","{'id': 38635, 'rank': 6, 'fitness': 0.9818615688734453, 'generation': 469}","{'id': 38699, 'rank': 7, 'fitness': 0.981825581796718, 'generation': 469}","{'id': 38694, 'rank': 8, 'fitness': 0.9816358485206449, 'generation': 469}","{'id': 38681, 'rank': 9, 'fitness': 0.9815935125529056, 'generation': 469}","{'id': 38505, 'rank': 10, 'fitness': 0.9813575418664058, 'generation': 469}","{'id': 38642, 'rank': 11, 'fitness': 0.9813215529616443, 'generation': 469}","{'id': 38675, 'rank': 12, 'fitness': 0.9813149064564026, 'generation': 469}","{'id': 38617, 'rank': 13, 'fitness': 0.9812920945928469, 'generation': 469}","{'id': 38617, 'rank': 14, 'fitness': 0.9812920945928469, 'generation': 469}","{'id': 38622, 'rank': 15, 'fitness': 0.9812316667228489, 'generation': 469}","{'id': 38676, 'rank': 16, 'fitness': 0.9811415771161818, 'generation': 469}","{'id': 38676, 'rank': 17, 'fitness': 0.9811415771161818, 'generation': 469}","{'id': 38692, 'rank': 18, 'fitness': 0.9810258673926711, 'generation': 469}","{'id': 38641, 'rank': 19, 'fitness': 0.9808284119884854, 'generation': 469}","{'id': 38649, 'rank': 20, 'fitness': 0.980765091146886, 'generation': 469}","{'id': 38672, 'rank': 21, 'fitness': 0.9805635807962676, 'generation': 469}","{'id': 38690, 'rank': 22, 'fitness': 0.980521967484084, 'generation': 469}","{'id': 38443, 'rank': 23, 'fitness': 0.9804421434118507, 'generation': 469}","{'id': 38543, 'rank': 24, 'fitness': 0.9803062551044581, 'generation': 469}","{'id': 38623, 'rank': 25, 'fitness': 0.9795994246285782, 'generation': 469}","{'id': 38621, 'rank': 26, 'fitness': 0.9793817403714509, 'generation': 469}","{'id': 38639, 'rank': 27, 'fitness': 0.9793343912694129, 'generation': 469}","{'id': 38646, 'rank': 28, 'fitness': 0.9747521791953603, 'generation': 469}","{'id': 38450, 'rank': 29, 'fitness': 0.8881443741670069, 'generation': 469}","{'id': 38678, 'rank': 30, 'fitness': 0.01798620996209155, 'generation': 469}"
"{'id': 38691, 'rank': 1, 'fitness': 0.9820137900379085, 'generation': 470}","{'id': 38536, 'rank': 2, 'fitness': 0.9804295861448722, 'generation': 470}","{'id': 38684, 'rank': 3, 'fitness': 0.980398076588462, 'generation': 470}","{'id': 38786, 'rank': 4, 'fitness': 0.9793121391614109, 'generation': 470}","{'id': 38791, 'rank': 5, 'fitness': 0.978549628780497, 'generation': 470}","{'id': 38744, 'rank': 6, 'fitness': 0.9785010229593105, 'generation': 470}","{'id': 38774, 'rank': 7, 'fitness': 0.9783129578267067, 'generation': 470}","{'id': 38761, 'rank': 8, 'fitness': 0.9782817556632919, 'generation': 470}","{'id': 38761, 'rank': 9, 'fitness': 0.9782817556632919, 'generation': 470}","{'id': 38742, 'rank': 10, 'fitness': 0.9736368421163148, 'generation': 470}","{'id': 38742, 'rank': 11, 'fitness': 0.9736368421163148, 'generation': 470}","{'id': 38710, 'rank': 12, 'fitness': 0.9713767475941253, 'generation': 470}","{'id': 38711, 'rank': 13, 'fitness': 0.9696663048106116, 'generation': 470}","{'id': 38642, 'rank': 14, 'fitness': 0.968788866193037, 'generation': 470}","{'id': 38676, 'rank': 15, 'fitness': 0.9641468011542534, 'generation': 470}","{'id': 38729, 'rank': 16, 'fitness': 0.964076133922459, 'generation': 470}","{'id': 38768, 'rank': 17, 'fitness': 0.9584245851015879, 'generation': 470}","{'id': 38732, 'rank': 18, 'fitness': 0.9569934138980742, 'generation': 470}","{'id': 38726, 'rank': 19, 'fitness': 0.9531699369813477, 'generation': 470}","{'id': 38672, 'rank': 20, 'fitness': 0.9447993062138285, 'generation': 470}","{'id': 38780, 'rank': 21, 'fitness': 0.9439128502897041, 'generation': 470}","{'id': 38713, 'rank': 22, 'fitness': 0.9371846575561845, 'generation': 470}","{'id': 38621, 'rank': 23, 'fitness': 0.8760750009685087, 'generation': 470}","{'id': 38639, 'rank': 24, 'fitness': 0.8722936657707192, 'generation': 470}","{'id': 38714, 'rank': 25, 'fitness': 0.8281923073378146, 'generation': 470}","{'id': 38747, 'rank': 26, 'fitness': 0.7649515750220683, 'generation': 470}","{'id': 38712, 'rank': 27, 'fitness': 0.7290462427663965, 'generation': 470}","{'id': 38706, 'rank': 28, 'fitness': 0.5059054879664783, 'generation': 470}","{'id': 38750, 'rank': 29, 'fitness': 0.01798620996209155, 'generation': 470}","{'id': 38750, 'rank': 30, 'fitness': 0.01798620996209155, 'generation': 470}"
"{'id': 38813, 'rank': 1, 'fitness': 0.9820137900379085, 'generation': 471}","{'id': 38860, 'rank': 2, 'fitness': 0.9819572143047263, 'generation': 471}","{'id': 38820, 'rank': 3, 'fitness': 0.9819428866562967, 'generation': 471}","{'id': 38684, 'rank': 4, 'fitness': 0.981919508017829, 'generation': 471}","{'id': 38830, 'rank': 5, 'fitness': 0.9817690027845807, 'generation': 471}","{'id': 38828, 'rank': 6, 'fitness': 0.9817164089967121, 'generation': 471}","{'id': 38811, 'rank': 7, 'fitness': 0.9816196356986362, 'generation': 471}","{'id': 38811, 'rank': 8, 'fitness': 0.9816196356986362, 'generation': 471}","{'id': 38742, 'rank': 9, 'fitness': 0.9816142012693452, 'generation': 471}","{'id': 38742, 'rank': 10, 'fitness': 0.9816142012693452, 'generation': 471}","{'id': 38863, 'rank': 11, 'fitness': 0.9814938631444079, 'generation': 471}","{'id': 38711, 'rank': 12, 'fitness': 0.9814670767959726, 'generation': 471}","{'id': 38834, 'rank': 13, 'fitness': 0.9813605756484438, 'generation': 471}","{'id': 38729, 'rank': 14, 'fitness': 0.9812872767531411, 'generation': 471}","{'id': 38846, 'rank': 15, 'fitness': 0.9812676700717337, 'generation': 471}","{'id': 38732, 'rank': 16, 'fitness': 0.9810928329538449, 'generation': 471}","{'id': 38833, 'rank': 17, 'fitness': 0.9810850854347487, 'generation': 471}","{'id': 38847, 'rank': 18, 'fitness': 0.9809481591626444, 'generation': 471}","{'id': 38672, 'rank': 19, 'fitness': 0.9808170768836828, 'generation': 471}","{'id': 38713, 'rank': 20, 'fitness': 0.9806712294999685, 'generation': 471}","{'id': 38818, 'rank': 21, 'fitness': 0.9801283086074397, 'generation': 471}","{'id': 38639, 'rank': 22, 'fitness': 0.9798204837514058, 'generation': 471}","{'id': 38747, 'rank': 23, 'fitness': 0.9789793459595637, 'generation': 471}","{'id': 38819, 'rank': 24, 'fitness': 0.974219946713778, 'generation': 471}","{'id': 38750, 'rank': 25, 'fitness': 0.9720684699972157, 'generation': 471}","{'id': 38796, 'rank': 26, 'fitness': 0.9431178456721551, 'generation': 471}","{'id': 38796, 'rank': 27, 'fitness': 0.9431178456721551, 'generation': 471}","{'id': 38814, 'rank': 28, 'fitness': 0.874519227206126, 'generation': 471}","{'id': 38814, 'rank': 29, 'fitness': 0.874519227206126, 'generation': 471}","{'id': 38802, 'rank': 30, 'fitness': 0.01798620996209155, 'generation': 471}"
"{'id': 38813, 'rank': 1, 'fitness': 0.9820137900379085, 'generation': 472}","{'id': 38813, 'rank': 2, 'fitness': 0.9820137900379085, 'generation': 472}","{'id': 38915, 'rank': 3, 'fitness': 0.9819456108066635, 'generation': 472}","{'id': 38906, 'rank': 4, 'fitness': 0.9819146583957176, 'generation': 472}","{'id': 38949, 'rank': 5, 'fitness': 0.9818948159040426, 'generation': 472}","{'id': 38916, 'rank': 6, 'fitness': 0.9818294837359124, 'generation': 472}","{'id': 38916, 'rank': 7, 'fitness': 0.9818294837359124, 'generation': 472}","{'id': 38927, 'rank': 8, 'fitness': 0.9818113663684196, 'generation': 472}","{'id': 38874, 'rank': 9, 'fitness': 0.9816253453366471, 'generation': 472}","{'id': 38939, 'rank': 10, 'fitness': 0.9815644846021099, 'generation': 472}","{'id': 38912, 'rank': 11, 'fitness': 0.9814042884663989, 'generation': 472}","{'id': 38863, 'rank': 12, 'fitness': 0.9813324339763803, 'generation': 472}","{'id': 38729, 'rank': 13, 'fitness': 0.9810601046079623, 'generation': 472}","{'id': 38867, 'rank': 14, 'fitness': 0.9809667980758872, 'generation': 472}","{'id': 38879, 'rank': 15, 'fitness': 0.9808001182587862, 'generation': 472}","{'id': 38879, 'rank': 16, 'fitness': 0.9808001182587862, 'generation': 472}","{'id': 38937, 'rank': 17, 'fitness': 0.9807389192523732, 'generation': 472}","{'id': 38881, 'rank': 18, 'fitness': 0.9802900274192596, 'generation': 472}","{'id': 38944, 'rank': 19, 'fitness': 0.9802025133558347, 'generation': 472}","{'id': 38872, 'rank': 20, 'fitness': 0.9797001199236313, 'generation': 472}","{'id': 38931, 'rank': 21, 'fitness': 0.97953373933986, 'generation': 472}","{'id': 38894, 'rank': 22, 'fitness': 0.979097504464622, 'generation': 472}","{'id': 38953, 'rank': 23, 'fitness': 0.9788708828016132, 'generation': 472}","{'id': 38870, 'rank': 24, 'fitness': 0.9784229754344884, 'generation': 472}","{'id': 38870, 'rank': 25, 'fitness': 0.9784229754344884, 'generation': 472}","{'id': 38873, 'rank': 26, 'fitness': 0.9769238825884274, 'generation': 472}","{'id': 38902, 'rank': 27, 'fitness': 0.9485297913098526, 'generation': 472}","{'id': 38814, 'rank': 28, 'fitness': 0.7881702079577175, 'generation': 472}","{'id': 38885, 'rank': 29, 'fitness': 0.030847432670798147, 'generation': 472}","{'id': 38883, 'rank': 30, 'fitness': 0.01798620996209155, 'generation': 472}"
"{'id': 38972, 'rank': 1, 'fitness': 0.9820137900379085, 'generation': 473}","{'id': 38974, 'rank': 2, 'fitness': 0.9820070133177761, 'generation': 473}","{'id': 39034, 'rank': 3, 'fitness': 0.9819899657478948, 'generation': 473}","{'id': 39002, 'rank': 4, 'fitness': 0.9819041469094381, 'generation': 473}","{'id': 39042, 'rank': 5, 'fitness': 0.9818889078450543, 'generation': 473}","{'id': 39001, 'rank': 6, 'fitness': 0.9818874085612962, 'generation': 473}","{'id': 39005, 'rank': 7, 'fitness': 0.9818047508427101, 'generation': 473}","{'id': 39003, 'rank': 8, 'fitness': 0.9816891794219886, 'generation': 473}","{'id': 39028, 'rank': 9, 'fitness': 0.981662465609345, 'generation': 473}","{'id': 38963, 'rank': 10, 'fitness': 0.9815418213505476, 'generation': 473}","{'id': 39032, 'rank': 11, 'fitness': 0.9814205566060401, 'generation': 473}","{'id': 38975, 'rank': 12, 'fitness': 0.9813651331184051, 'generation': 473}","{'id': 38975, 'rank': 13, 'fitness': 0.9813651331184051, 'generation': 473}","{'id': 38863, 'rank': 14, 'fitness': 0.9813111250246248, 'generation': 473}","{'id': 39021, 'rank': 15, 'fitness': 0.98123646437855, 'generation': 473}","{'id': 39029, 'rank': 16, 'fitness': 0.9809203421404586, 'generation': 473}","{'id': 39029, 'rank': 17, 'fitness': 0.9809203421404586, 'generation': 473}","{'id': 39036, 'rank': 18, 'fitness': 0.9808774524727852, 'generation': 473}","{'id': 39044, 'rank': 19, 'fitness': 0.9807046270402957, 'generation': 473}","{'id': 38937, 'rank': 20, 'fitness': 0.9806719896667471, 'generation': 473}","{'id': 38988, 'rank': 21, 'fitness': 0.9805107419966093, 'generation': 473}","{'id': 38881, 'rank': 22, 'fitness': 0.9801876375822036, 'generation': 473}","{'id': 38931, 'rank': 23, 'fitness': 0.9793698001219251, 'generation': 473}","{'id': 39039, 'rank': 24, 'fitness': 0.9781993026473623, 'generation': 473}","{'id': 38870, 'rank': 25, 'fitness': 0.9781646816765703, 'generation': 473}","{'id': 38870, 'rank': 26, 'fitness': 0.9781646816765703, 'generation': 473}","{'id': 39012, 'rank': 27, 'fitness': 0.9776608381215289, 'generation': 473}","{'id': 38996, 'rank': 28, 'fitness': 0.9758617355679216, 'generation': 473}","{'id': 38814, 'rank': 29, 'fitness': 0.7531847444893736, 'generation': 473}","{'id': 38885, 'rank': 30, 'fitness': 0.01798620996209155, 'generation': 473}"
"{'id': 39077, 'rank': 1, 'fitness': 0.9820137900379085, 'generation': 474}","{'id': 39095, 'rank': 2, 'fitness': 0.9819148156266628, 'generation': 474}","{'id': 39034, 'rank': 3, 'fitness': 0.9817203491562027, 'generation': 474}","{'id': 39111, 'rank': 4, 'fitness': 0.9788587727943807, 'generation': 474}","{'id': 39111, 'rank': 5, 'fitness': 0.9788587727943807, 'generation': 474}","{'id': 39111, 'rank': 6, 'fitness': 0.9788587727943807, 'generation': 474}","{'id': 39042, 'rank': 7, 'fitness': 0.9788345344897961, 'generation': 474}","{'id': 39001, 'rank': 8, 'fitness': 0.9787886550047044, 'generation': 474}","{'id': 39073, 'rank': 9, 'fitness': 0.9784767190411655, 'generation': 474}","{'id': 39115, 'rank': 10, 'fitness': 0.9774580876062333, 'generation': 474}","{'id': 39058, 'rank': 11, 'fitness': 0.975461579112507, 'generation': 474}","{'id': 39103, 'rank': 12, 'fitness': 0.9723198026482722, 'generation': 474}","{'id': 39103, 'rank': 13, 'fitness': 0.9723198026482722, 'generation': 474}","{'id': 39003, 'rank': 14, 'fitness': 0.9718284056017216, 'generation': 474}","{'id': 39113, 'rank': 15, 'fitness': 0.9672816209393064, 'generation': 474}","{'id': 39089, 'rank': 16, 'fitness': 0.9669105066124357, 'generation': 474}","{'id': 39124, 'rank': 17, 'fitness': 0.9642612196097451, 'generation': 474}","{'id': 39070, 'rank': 18, 'fitness': 0.956905038199803, 'generation': 474}","{'id': 39109, 'rank': 19, 'fitness': 0.9512029993167428, 'generation': 474}","{'id': 39090, 'rank': 20, 'fitness': 0.929918642785764, 'generation': 474}","{'id': 39029, 'rank': 21, 'fitness': 0.9199041059811731, 'generation': 474}","{'id': 39044, 'rank': 22, 'fitness': 0.8947559778309528, 'generation': 474}","{'id': 39044, 'rank': 23, 'fitness': 0.8947559778309528, 'generation': 474}","{'id': 39086, 'rank': 24, 'fitness': 0.8898295616027884, 'generation': 474}","{'id': 38988, 'rank': 25, 'fitness': 0.866774034113236, 'generation': 474}","{'id': 38931, 'rank': 26, 'fitness': 0.5864539596443986, 'generation': 474}","{'id': 39084, 'rank': 27, 'fitness': 0.41813016609465875, 'generation': 474}","{'id': 39099, 'rank': 28, 'fitness': 0.2990941890859709, 'generation': 474}","{'id': 38870, 'rank': 29, 'fitness': 0.23636838102273156, 'generation': 474}","{'id': 39066, 'rank': 30, 'fitness': 0.01798620996209155, 'generation': 474}"
"{'id': 39165, 'rank': 1, 'fitness': 0.9820137900379085, 'generation': 475}","{'id': 39168, 'rank': 2, 'fitness': 0.9819508163623891, 'generation': 475}","{'id': 39173, 'rank': 3, 'fitness': 0.9812325403686465, 'generation': 475}","{'id': 39146, 'rank': 4, 'fitness': 0.9806972798439922, 'generation': 475}","{'id': 39138, 'rank': 5, 'fitness': 0.9803476482491851, 'generation': 475}","{'id': 39138, 'rank': 6, 'fitness': 0.9803476482491851, 'generation': 475}","{'id': 39176, 'rank': 7, 'fitness': 0.9802730309979693, 'generation': 475}","{'id': 39191, 'rank': 8, 'fitness': 0.979649152662144, 'generation': 475}","{'id': 39191, 'rank': 9, 'fitness': 0.979649152662144, 'generation': 475}","{'id': 39145, 'rank': 10, 'fitness': 0.9785321245653531, 'generation': 475}","{'id': 39113, 'rank': 11, 'fitness': 0.9784541553941015, 'generation': 475}","{'id': 39113, 'rank': 12, 'fitness': 0.9784541553941015, 'generation': 475}","{'id': 39089, 'rank': 13, 'fitness': 0.9783874424795105, 'generation': 475}","{'id': 39127, 'rank': 14, 'fitness': 0.9745121994366276, 'generation': 475}","{'id': 39090, 'rank': 15, 'fitness': 0.9733705439808354, 'generation': 475}","{'id': 39131, 'rank': 16, 'fitness': 0.9718642520822827, 'generation': 475}","{'id': 39129, 'rank': 17, 'fitness': 0.9706331689964003, 'generation': 475}","{'id': 39129, 'rank': 18, 'fitness': 0.9706331689964003, 'generation': 475}","{'id': 39129, 'rank': 19, 'fitness': 0.9706331689964003, 'generation': 475}","{'id': 39044, 'rank': 20, 'fitness': 0.9700592702576303, 'generation': 475}","{'id': 39142, 'rank': 21, 'fitness': 0.9685406945245689, 'generation': 475}","{'id': 39142, 'rank': 22, 'fitness': 0.9685406945245689, 'generation': 475}","{'id': 39142, 'rank': 23, 'fitness': 0.9685406945245689, 'generation': 475}","{'id': 38988, 'rank': 24, 'fitness': 0.9678807658132423, 'generation': 475}","{'id': 38988, 'rank': 25, 'fitness': 0.9678807658132423, 'generation': 475}","{'id': 39180, 'rank': 26, 'fitness': 0.9608663687893972, 'generation': 475}","{'id': 39201, 'rank': 27, 'fitness': 0.9595115277819044, 'generation': 475}","{'id': 39194, 'rank': 28, 'fitness': 0.9439576900772263, 'generation': 475}","{'id': 39189, 'rank': 29, 'fitness': 0.8860202475311898, 'generation': 475}","{'id': 39190, 'rank': 30, 'fitness': 0.01798620996209155, 'generation': 475}"
"{'id': 39168, 'rank': 1, 'fitness': 0.9820137900379085, 'generation': 476}","{'id': 39258, 'rank': 2, 'fitness': 0.9801780453520269, 'generation': 476}","{'id': 39254, 'rank': 3, 'fitness': 0.9791949125188453, 'generation': 476}","{'id': 39239, 'rank': 4, 'fitness': 0.9791149135965085, 'generation': 476}","{'id': 39146, 'rank': 5, 'fitness': 0.9786026972275783, 'generation': 476}","{'id': 39231, 'rank': 6, 'fitness': 0.9776644592653873, 'generation': 476}","{'id': 39176, 'rank': 7, 'fitness': 0.9773670755800418, 'generation': 476}","{'id': 39191, 'rank': 8, 'fitness': 0.9754742766302804, 'generation': 476}","{'id': 39221, 'rank': 9, 'fitness': 0.9751501284263753, 'generation': 476}","{'id': 39275, 'rank': 10, 'fitness': 0.9736671868151211, 'generation': 476}","{'id': 39222, 'rank': 11, 'fitness': 0.9725657004304431, 'generation': 476}","{'id': 39283, 'rank': 12, 'fitness': 0.9649827069070778, 'generation': 476}","{'id': 39278, 'rank': 13, 'fitness': 0.9554918045918859, 'generation': 476}","{'id': 39288, 'rank': 14, 'fitness': 0.9535963920365755, 'generation': 476}","{'id': 39279, 'rank': 15, 'fitness': 0.9493648552608963, 'generation': 476}","{'id': 39253, 'rank': 16, 'fitness': 0.9457580827544441, 'generation': 476}","{'id': 39293, 'rank': 17, 'fitness': 0.9396777350894647, 'generation': 476}","{'id': 39129, 'rank': 18, 'fitness': 0.9376029628058437, 'generation': 476}","{'id': 39142, 'rank': 19, 'fitness': 0.9259466895944263, 'generation': 476}","{'id': 39142, 'rank': 20, 'fitness': 0.9259466895944263, 'generation': 476}","{'id': 39142, 'rank': 21, 'fitness': 0.9259466895944263, 'generation': 476}","{'id': 39210, 'rank': 22, 'fitness': 0.8876517570742593, 'generation': 476}","{'id': 39242, 'rank': 23, 'fitness': 0.30992760384110507, 'generation': 476}","{'id': 39189, 'rank': 24, 'fitness': 0.26168121356922736, 'generation': 476}","{'id': 39274, 'rank': 25, 'fitness': 0.22865593116339095, 'generation': 476}","{'id': 39274, 'rank': 26, 'fitness': 0.22865593116339095, 'generation': 476}","{'id': 39244, 'rank': 27, 'fitness': 0.19942485433703488, 'generation': 476}","{'id': 39246, 'rank': 28, 'fitness': 0.12125476815383063, 'generation': 476}","{'id': 39249, 'rank': 29, 'fitness': 0.1031786794518657, 'generation': 476}","{'id': 39220, 'rank': 30, 'fitness': 0.01798620996209155, 'generation': 476}"
"{'id': 39321, 'rank': 1, 'fitness': 0.9820137900379085, 'generation': 477}","{'id': 39258, 'rank': 2, 'fitness': 0.9819110546618012, 'generation': 477}","{'id': 39347, 'rank': 3, 'fitness': 0.9818359646791484, 'generation': 477}","{'id': 39332, 'rank': 4, 'fitness': 0.9818257709658873, 'generation': 477}","{'id': 39332, 'rank': 5, 'fitness': 0.9818257709658873, 'generation': 477}","{'id': 39323, 'rank': 6, 'fitness': 0.9818010296386568, 'generation': 477}","{'id': 39367, 'rank': 7, 'fitness': 0.981795010488105, 'generation': 477}","{'id': 39231, 'rank': 8, 'fitness': 0.9817939110286754, 'generation': 477}","{'id': 39364, 'rank': 9, 'fitness': 0.9817698240850221, 'generation': 477}","{'id': 39359, 'rank': 10, 'fitness': 0.9817219536952261, 'generation': 477}","{'id': 39299, 'rank': 11, 'fitness': 0.9815096581256835, 'generation': 477}","{'id': 39374, 'rank': 12, 'fitness': 0.9815021527271671, 'generation': 477}","{'id': 39350, 'rank': 13, 'fitness': 0.981476779181838, 'generation': 477}","{'id': 39283, 'rank': 14, 'fitness': 0.9813426440049443, 'generation': 477}","{'id': 39369, 'rank': 15, 'fitness': 0.9813419790430495, 'generation': 477}","{'id': 39311, 'rank': 16, 'fitness': 0.9812771165373431, 'generation': 477}","{'id': 39329, 'rank': 17, 'fitness': 0.9812754132176129, 'generation': 477}","{'id': 39279, 'rank': 18, 'fitness': 0.9809587027422848, 'generation': 477}","{'id': 39354, 'rank': 19, 'fitness': 0.980914119244913, 'generation': 477}","{'id': 39348, 'rank': 20, 'fitness': 0.9809126042288068, 'generation': 477}","{'id': 39343, 'rank': 21, 'fitness': 0.980899579638199, 'generation': 477}","{'id': 39327, 'rank': 22, 'fitness': 0.9800546540893909, 'generation': 477}","{'id': 39330, 'rank': 23, 'fitness': 0.9792517261941166, 'generation': 477}","{'id': 39314, 'rank': 24, 'fitness': 0.9775482908446571, 'generation': 477}","{'id': 39313, 'rank': 25, 'fitness': 0.9681891928164175, 'generation': 477}","{'id': 39325, 'rank': 26, 'fitness': 0.9645132076996004, 'generation': 477}","{'id': 39304, 'rank': 27, 'fitness': 0.4254444007775443, 'generation': 477}","{'id': 39324, 'rank': 28, 'fitness': 0.3133047224893404, 'generation': 477}","{'id': 39298, 'rank': 29, 'fitness': 0.01798620996209155, 'generation': 477}","{'id': 39298, 'rank': 30, 'fitness': 0.01798620996209155, 'generation': 477}"
"{'id': 39394, 'rank': 1, 'fitness': 0.9820137900379085, 'generation': 478}","{'id': 39376, 'rank': 2, 'fitness': 0.97997642401276, 'generation': 478}","{'id': 39418, 'rank': 3, 'fitness': 0.9789901919941695, 'generation': 478}","{'id': 39395, 'rank': 4, 'fitness': 0.9779238591902055, 'generation': 478}","{'id': 39385, 'rank': 5, 'fitness': 0.975638073434938, 'generation': 478}","{'id': 39398, 'rank': 6, 'fitness': 0.9756126953095492, 'generation': 478}","{'id': 39347, 'rank': 7, 'fitness': 0.9750502050599472, 'generation': 478}","{'id': 39332, 'rank': 8, 'fitness': 0.9745111048494524, 'generation': 478}","{'id': 39450, 'rank': 9, 'fitness': 0.9699434883692013, 'generation': 478}","{'id': 39458, 'rank': 10, 'fitness': 0.9694920007335863, 'generation': 478}","{'id': 39460, 'rank': 11, 'fitness': 0.9692677003970742, 'generation': 478}","{'id': 39460, 'rank': 12, 'fitness': 0.9692677003970742, 'generation': 478}","{'id': 39399, 'rank': 13, 'fitness': 0.9685165315490079, 'generation': 478}","{'id': 39419, 'rank': 14, 'fitness': 0.9627727428683869, 'generation': 478}","{'id': 39283, 'rank': 15, 'fitness': 0.9320060392261346, 'generation': 478}","{'id': 39430, 'rank': 16, 'fitness': 0.9242282637839625, 'generation': 478}","{'id': 39430, 'rank': 17, 'fitness': 0.9242282637839625, 'generation': 478}","{'id': 39378, 'rank': 18, 'fitness': 0.9090180596784914, 'generation': 478}","{'id': 39434, 'rank': 19, 'fitness': 0.8500556699141804, 'generation': 478}","{'id': 39354, 'rank': 20, 'fitness': 0.8493683230566025, 'generation': 478}","{'id': 39455, 'rank': 21, 'fitness': 0.8152769094783673, 'generation': 478}","{'id': 39386, 'rank': 22, 'fitness': 0.726780133134359, 'generation': 478}","{'id': 39438, 'rank': 23, 'fitness': 0.5571800497198569, 'generation': 478}","{'id': 39391, 'rank': 24, 'fitness': 0.5032718064751677, 'generation': 478}","{'id': 39327, 'rank': 25, 'fitness': 0.5013936495773834, 'generation': 478}","{'id': 39461, 'rank': 26, 'fitness': 0.431521347173163, 'generation': 478}","{'id': 39435, 'rank': 27, 'fitness': 0.359637673406182, 'generation': 478}","{'id': 39464, 'rank': 28, 'fitness': 0.22931424614084978, 'generation': 478}","{'id': 39417, 'rank': 29, 'fitness': 0.038334578683478726, 'generation': 478}","{'id': 39412, 'rank': 30, 'fitness': 0.01798620996209155, 'generation': 478}"
"{'id': 39495, 'rank': 1, 'fitness': 0.9820137900379085, 'generation': 479}","{'id': 39495, 'rank': 2, 'fitness': 0.9820137900379085, 'generation': 479}","{'id': 39516, 'rank': 3, 'fitness': 0.982012797319131, 'generation': 479}","{'id': 39466, 'rank': 4, 'fitness': 0.9819966779104592, 'generation': 479}","{'id': 39398, 'rank': 5, 'fitness': 0.98197198302449, 'generation': 479}","{'id': 39479, 'rank': 6, 'fitness': 0.981969879710207, 'generation': 479}","{'id': 39484, 'rank': 7, 'fitness': 0.9819231022785827, 'generation': 479}","{'id': 39450, 'rank': 8, 'fitness': 0.9819173766962566, 'generation': 479}","{'id': 39458, 'rank': 9, 'fitness': 0.981913462618434, 'generation': 479}","{'id': 39458, 'rank': 10, 'fitness': 0.981913462618434, 'generation': 479}","{'id': 39483, 'rank': 11, 'fitness': 0.981830894981033, 'generation': 479}","{'id': 39489, 'rank': 12, 'fitness': 0.9816851951784811, 'generation': 479}","{'id': 39378, 'rank': 13, 'fitness': 0.9816165051458369, 'generation': 479}","{'id': 39386, 'rank': 14, 'fitness': 0.9812710060040745, 'generation': 479}","{'id': 39474, 'rank': 15, 'fitness': 0.9811727840156996, 'generation': 479}","{'id': 39535, 'rank': 16, 'fitness': 0.9810881515817822, 'generation': 479}","{'id': 39461, 'rank': 17, 'fitness': 0.9809377425256105, 'generation': 479}","{'id': 39525, 'rank': 18, 'fitness': 0.9809110309444824, 'generation': 479}","{'id': 39499, 'rank': 19, 'fitness': 0.9808981007695784, 'generation': 479}","{'id': 39531, 'rank': 20, 'fitness': 0.9807649700127645, 'generation': 479}","{'id': 39488, 'rank': 21, 'fitness': 0.9806883144116549, 'generation': 479}","{'id': 39464, 'rank': 22, 'fitness': 0.9806850594981052, 'generation': 479}","{'id': 39503, 'rank': 23, 'fitness': 0.9699855273675033, 'generation': 479}","{'id': 39510, 'rank': 24, 'fitness': 0.9527889732673814, 'generation': 479}","{'id': 39472, 'rank': 25, 'fitness': 0.9442838368045822, 'generation': 479}","{'id': 39473, 'rank': 26, 'fitness': 0.9122385322737765, 'generation': 479}","{'id': 39524, 'rank': 27, 'fitness': 0.7392218636557046, 'generation': 479}","{'id': 39524, 'rank': 28, 'fitness': 0.7392218636557046, 'generation': 479}","{'id': 39524, 'rank': 29, 'fitness': 0.7392218636557046, 'generation': 479}","{'id': 39493, 'rank': 30, 'fitness': 0.01798620996209155, 'generation': 479}"
"{'id': 39495, 'rank': 1, 'fitness': 0.9820137900379085, 'generation': 480}","{'id': 39613, 'rank': 2, 'fitness': 0.9820019905194928, 'generation': 480}","{'id': 39613, 'rank': 3, 'fitness': 0.9820019905194928, 'generation': 480}","{'id': 39466, 'rank': 4, 'fitness': 0.9819674740561477, 'generation': 480}","{'id': 39544, 'rank': 5, 'fitness': 0.9819366716178917, 'generation': 480}","{'id': 39561, 'rank': 6, 'fitness': 0.9818992541953635, 'generation': 480}","{'id': 39552, 'rank': 7, 'fitness': 0.9818431597844482, 'generation': 480}","{'id': 39553, 'rank': 8, 'fitness': 0.9815023763568249, 'generation': 480}","{'id': 39602, 'rank': 9, 'fitness': 0.9814990403154877, 'generation': 480}","{'id': 39538, 'rank': 10, 'fitness': 0.9814480096231246, 'generation': 480}","{'id': 39600, 'rank': 11, 'fitness': 0.9813421619519058, 'generation': 480}","{'id': 39536, 'rank': 12, 'fitness': 0.9813418585952987, 'generation': 480}","{'id': 39551, 'rank': 13, 'fitness': 0.9811238325291491, 'generation': 480}","{'id': 39378, 'rank': 14, 'fitness': 0.9809194117534785, 'generation': 480}","{'id': 39555, 'rank': 15, 'fitness': 0.9804107369582421, 'generation': 480}","{'id': 39581, 'rank': 16, 'fitness': 0.980377888143933, 'generation': 480}","{'id': 39596, 'rank': 17, 'fitness': 0.97950661390714, 'generation': 480}","{'id': 39592, 'rank': 18, 'fitness': 0.9791411056458673, 'generation': 480}","{'id': 39592, 'rank': 19, 'fitness': 0.9791411056458673, 'generation': 480}","{'id': 39461, 'rank': 20, 'fitness': 0.978956430138893, 'generation': 480}","{'id': 39525, 'rank': 21, 'fitness': 0.9788767494780614, 'generation': 480}","{'id': 39488, 'rank': 22, 'fitness': 0.9782051594062514, 'generation': 480}","{'id': 39464, 'rank': 23, 'fitness': 0.9781952484893783, 'generation': 480}","{'id': 39578, 'rank': 24, 'fitness': 0.9760971877837672, 'generation': 480}","{'id': 39568, 'rank': 25, 'fitness': 0.9755564011283198, 'generation': 480}","{'id': 39617, 'rank': 26, 'fitness': 0.9741139812147818, 'generation': 480}","{'id': 39617, 'rank': 27, 'fitness': 0.9741139812147818, 'generation': 480}","{'id': 39571, 'rank': 28, 'fitness': 0.939460404222755, 'generation': 480}","{'id': 39565, 'rank': 29, 'fitness': 0.9359731618770102, 'generation': 480}","{'id': 39524, 'rank': 30, 'fitness': 0.01798620996209155, 'generation': 480}"
"{'id': 39624, 'rank': 1, 'fitness': 0.9820137900379085, 'generation': 481}","{'id': 39613, 'rank': 2, 'fitness': 0.981977675309629, 'generation': 481}","{'id': 39466, 'rank': 3, 'fitness': 0.9818845085490373, 'generation': 481}","{'id': 39648, 'rank': 4, 'fitness': 0.981851668383499, 'generation': 481}","{'id': 39544, 'rank': 5, 'fitness': 0.9818011163495369, 'generation': 481}","{'id': 39672, 'rank': 6, 'fitness': 0.980978121670651, 'generation': 481}","{'id': 39680, 'rank': 7, 'fitness': 0.9807066306519041, 'generation': 481}","{'id': 39645, 'rank': 8, 'fitness': 0.9804746962126791, 'generation': 481}","{'id': 39645, 'rank': 9, 'fitness': 0.9804746962126791, 'generation': 481}","{'id': 39600, 'rank': 10, 'fitness': 0.9801450326328784, 'generation': 481}","{'id': 39671, 'rank': 11, 'fitness': 0.9798380847029794, 'generation': 481}","{'id': 39666, 'rank': 12, 'fitness': 0.9797551549699092, 'generation': 481}","{'id': 39378, 'rank': 13, 'fitness': 0.9789130164943938, 'generation': 481}","{'id': 39623, 'rank': 14, 'fitness': 0.9776261492857161, 'generation': 481}","{'id': 39685, 'rank': 15, 'fitness': 0.9774852264514621, 'generation': 481}","{'id': 39555, 'rank': 16, 'fitness': 0.97736983659594, 'generation': 481}","{'id': 39555, 'rank': 17, 'fitness': 0.97736983659594, 'generation': 481}","{'id': 39581, 'rank': 18, 'fitness': 0.9772678823189407, 'generation': 481}","{'id': 39631, 'rank': 19, 'fitness': 0.9744107262068538, 'generation': 481}","{'id': 39631, 'rank': 20, 'fitness': 0.9744107262068538, 'generation': 481}","{'id': 39632, 'rank': 21, 'fitness': 0.9668068234761933, 'generation': 481}","{'id': 39690, 'rank': 22, 'fitness': 0.9629015154118103, 'generation': 481}","{'id': 39689, 'rank': 23, 'fitness': 0.9612342777061365, 'generation': 481}","{'id': 39630, 'rank': 24, 'fitness': 0.9556520666077881, 'generation': 481}","{'id': 39630, 'rank': 25, 'fitness': 0.9556520666077881, 'generation': 481}","{'id': 39653, 'rank': 26, 'fitness': 0.9169619470969061, 'generation': 481}","{'id': 39641, 'rank': 27, 'fitness': 0.8790456695907093, 'generation': 481}","{'id': 39571, 'rank': 28, 'fitness': 0.6488697129231015, 'generation': 481}","{'id': 39636, 'rank': 29, 'fitness': 0.40873061861533555, 'generation': 481}","{'id': 39635, 'rank': 30, 'fitness': 0.01798620996209155, 'generation': 481}"
"{'id': 39712, 'rank': 1, 'fitness': 0.9820137900379085, 'generation': 482}","{'id': 39718, 'rank': 2, 'fitness': 0.9820089871806188, 'generation': 482}","{'id': 39769, 'rank': 3, 'fitness': 0.9814587382199438, 'generation': 482}","{'id': 39723, 'rank': 4, 'fitness': 0.9813899790847967, 'generation': 482}","{'id': 39719, 'rank': 5, 'fitness': 0.9812191008232587, 'generation': 482}","{'id': 39544, 'rank': 6, 'fitness': 0.9808771566608838, 'generation': 482}","{'id': 39762, 'rank': 7, 'fitness': 0.9807175671291456, 'generation': 482}","{'id': 39680, 'rank': 8, 'fitness': 0.9785818849704799, 'generation': 482}","{'id': 39680, 'rank': 9, 'fitness': 0.9785818849704799, 'generation': 482}","{'id': 39698, 'rank': 10, 'fitness': 0.9782086648363517, 'generation': 482}","{'id': 39731, 'rank': 11, 'fitness': 0.9781092139330808, 'generation': 482}","{'id': 39645, 'rank': 12, 'fitness': 0.9780797014319196, 'generation': 482}","{'id': 39645, 'rank': 13, 'fitness': 0.9780797014319196, 'generation': 482}","{'id': 39600, 'rank': 14, 'fitness': 0.9773564678047159, 'generation': 482}","{'id': 39766, 'rank': 15, 'fitness': 0.9762320593737568, 'generation': 482}","{'id': 39729, 'rank': 16, 'fitness': 0.9745768225574283, 'generation': 482}","{'id': 39705, 'rank': 17, 'fitness': 0.9720881684124093, 'generation': 482}","{'id': 39747, 'rank': 18, 'fitness': 0.971424776092612, 'generation': 482}","{'id': 39748, 'rank': 19, 'fitness': 0.9603897737293627, 'generation': 482}","{'id': 39760, 'rank': 20, 'fitness': 0.9505839748778822, 'generation': 482}","{'id': 39632, 'rank': 21, 'fitness': 0.9393104621304365, 'generation': 482}","{'id': 39690, 'rank': 22, 'fitness': 0.9252060577004482, 'generation': 482}","{'id': 39630, 'rank': 23, 'fitness': 0.8960062488091316, 'generation': 482}","{'id': 39751, 'rank': 24, 'fitness': 0.8657998684663124, 'generation': 482}","{'id': 39750, 'rank': 25, 'fitness': 0.8604981396872022, 'generation': 482}","{'id': 39758, 'rank': 26, 'fitness': 0.847996435539702, 'generation': 482}","{'id': 39752, 'rank': 27, 'fitness': 0.7620627705357175, 'generation': 482}","{'id': 39742, 'rank': 28, 'fitness': 0.71377319350964, 'generation': 482}","{'id': 39771, 'rank': 29, 'fitness': 0.2689173564648359, 'generation': 482}","{'id': 39738, 'rank': 30, 'fitness': 0.01798620996209155, 'generation': 482}"
"{'id': 39778, 'rank': 1, 'fitness': 0.9820137900379085, 'generation': 483}","{'id': 39778, 'rank': 2, 'fitness': 0.9820137900379085, 'generation': 483}","{'id': 39829, 'rank': 3, 'fitness': 0.9818375487612305, 'generation': 483}","{'id': 39719, 'rank': 4, 'fitness': 0.9816940513785306, 'generation': 483}","{'id': 39783, 'rank': 5, 'fitness': 0.9816531783843239, 'generation': 483}","{'id': 39762, 'rank': 6, 'fitness': 0.9814425832772732, 'generation': 483}","{'id': 39798, 'rank': 7, 'fitness': 0.9810092336653912, 'generation': 483}","{'id': 39798, 'rank': 8, 'fitness': 0.9810092336653912, 'generation': 483}","{'id': 39814, 'rank': 9, 'fitness': 0.9808470102587016, 'generation': 483}","{'id': 39830, 'rank': 10, 'fitness': 0.9807185915542023, 'generation': 483}","{'id': 39833, 'rank': 11, 'fitness': 0.9806387227026652, 'generation': 483}","{'id': 39809, 'rank': 12, 'fitness': 0.9806139012833831, 'generation': 483}","{'id': 39731, 'rank': 13, 'fitness': 0.980181757891552, 'generation': 483}","{'id': 39645, 'rank': 14, 'fitness': 0.98016790939373, 'generation': 483}","{'id': 39782, 'rank': 15, 'fitness': 0.9800632558838345, 'generation': 483}","{'id': 39782, 'rank': 16, 'fitness': 0.9800632558838345, 'generation': 483}","{'id': 39780, 'rank': 17, 'fitness': 0.9797431281823556, 'generation': 483}","{'id': 39729, 'rank': 18, 'fitness': 0.9785818424239945, 'generation': 483}","{'id': 39854, 'rank': 19, 'fitness': 0.9780579893971878, 'generation': 483}","{'id': 39773, 'rank': 20, 'fitness': 0.977244877426813, 'generation': 483}","{'id': 39794, 'rank': 21, 'fitness': 0.9762780857463611, 'generation': 483}","{'id': 39748, 'rank': 22, 'fitness': 0.9730081611030263, 'generation': 483}","{'id': 39819, 'rank': 23, 'fitness': 0.970341286530993, 'generation': 483}","{'id': 39690, 'rank': 24, 'fitness': 0.9621913121675616, 'generation': 483}","{'id': 39750, 'rank': 25, 'fitness': 0.9466803417110558, 'generation': 483}","{'id': 39792, 'rank': 26, 'fitness': 0.9331904844980663, 'generation': 483}","{'id': 39827, 'rank': 27, 'fitness': 0.91901148825778, 'generation': 483}","{'id': 39826, 'rank': 28, 'fitness': 0.7949596133605963, 'generation': 483}","{'id': 39845, 'rank': 29, 'fitness': 0.01798620996209155, 'generation': 483}","{'id': 39845, 'rank': 30, 'fitness': 0.01798620996209155, 'generation': 483}"
"{'id': 39783, 'rank': 1, 'fitness': 0.9820137900379085, 'generation': 484}","{'id': 39783, 'rank': 2, 'fitness': 0.9820137900379085, 'generation': 484}","{'id': 39928, 'rank': 3, 'fitness': 0.981831931394447, 'generation': 484}","{'id': 39798, 'rank': 4, 'fitness': 0.9813806347702478, 'generation': 484}","{'id': 39913, 'rank': 5, 'fitness': 0.9813346107340436, 'generation': 484}","{'id': 39814, 'rank': 6, 'fitness': 0.9812211183975921, 'generation': 484}","{'id': 39830, 'rank': 7, 'fitness': 0.9810948395111567, 'generation': 484}","{'id': 39903, 'rank': 8, 'fitness': 0.9810313648509281, 'generation': 484}","{'id': 39900, 'rank': 9, 'fitness': 0.9808648986824723, 'generation': 484}","{'id': 39932, 'rank': 10, 'fitness': 0.9805714023034973, 'generation': 484}","{'id': 39932, 'rank': 11, 'fitness': 0.9805714023034973, 'generation': 484}","{'id': 39932, 'rank': 12, 'fitness': 0.9805714023034973, 'generation': 484}","{'id': 39912, 'rank': 13, 'fitness': 0.9800118688364122, 'generation': 484}","{'id': 39924, 'rank': 14, 'fitness': 0.9799007453884158, 'generation': 484}","{'id': 39927, 'rank': 15, 'fitness': 0.9797268624048543, 'generation': 484}","{'id': 39868, 'rank': 16, 'fitness': 0.9792655099381141, 'generation': 484}","{'id': 39729, 'rank': 17, 'fitness': 0.9789933038071857, 'generation': 484}","{'id': 39773, 'rank': 18, 'fitness': 0.9776780137944199, 'generation': 484}","{'id': 39865, 'rank': 19, 'fitness': 0.9768146851465724, 'generation': 484}","{'id': 39879, 'rank': 20, 'fitness': 0.9759267684251636, 'generation': 484}","{'id': 39748, 'rank': 21, 'fitness': 0.9735083182475213, 'generation': 484}","{'id': 39748, 'rank': 22, 'fitness': 0.9735083182475213, 'generation': 484}","{'id': 39863, 'rank': 23, 'fitness': 0.9723983896423505, 'generation': 484}","{'id': 39885, 'rank': 24, 'fitness': 0.9720282255674685, 'generation': 484}","{'id': 39885, 'rank': 25, 'fitness': 0.9720282255674685, 'generation': 484}","{'id': 39916, 'rank': 26, 'fitness': 0.9689656224661978, 'generation': 484}","{'id': 39916, 'rank': 27, 'fitness': 0.9689656224661978, 'generation': 484}","{'id': 39916, 'rank': 28, 'fitness': 0.9689656224661978, 'generation': 484}","{'id': 39875, 'rank': 29, 'fitness': 0.9065804168365361, 'generation': 484}","{'id': 39845, 'rank': 30, 'fitness': 0.01798620996209155, 'generation': 484}"
"{'id': 39977, 'rank': 1, 'fitness': 0.9820137900379085, 'generation': 485}","{'id': 40027, 'rank': 2, 'fitness': 0.9811971149213383, 'generation': 485}","{'id': 39945, 'rank': 3, 'fitness': 0.9805547436611564, 'generation': 485}","{'id': 39783, 'rank': 4, 'fitness': 0.9770461309717958, 'generation': 485}","{'id': 39952, 'rank': 5, 'fitness': 0.9766386463227483, 'generation': 485}","{'id': 39952, 'rank': 6, 'fitness': 0.9766386463227483, 'generation': 485}","{'id': 39946, 'rank': 7, 'fitness': 0.9730415986035251, 'generation': 485}","{'id': 39985, 'rank': 8, 'fitness': 0.9692916663781319, 'generation': 485}","{'id': 40014, 'rank': 9, 'fitness': 0.9691434650907715, 'generation': 485}","{'id': 40008, 'rank': 10, 'fitness': 0.9688424312473967, 'generation': 485}","{'id': 39961, 'rank': 11, 'fitness': 0.9645484030262768, 'generation': 485}","{'id': 39961, 'rank': 12, 'fitness': 0.9645484030262768, 'generation': 485}","{'id': 40021, 'rank': 13, 'fitness': 0.9575327079407865, 'generation': 485}","{'id': 39912, 'rank': 14, 'fitness': 0.9406130396444621, 'generation': 485}","{'id': 39957, 'rank': 15, 'fitness': 0.9068175762871851, 'generation': 485}","{'id': 39940, 'rank': 16, 'fitness': 0.8881875591840601, 'generation': 485}","{'id': 39962, 'rank': 17, 'fitness': 0.8234679131288591, 'generation': 485}","{'id': 39865, 'rank': 18, 'fitness': 0.7971912302575384, 'generation': 485}","{'id': 39990, 'rank': 19, 'fitness': 0.7412624055504472, 'generation': 485}","{'id': 39990, 'rank': 20, 'fitness': 0.7412624055504472, 'generation': 485}","{'id': 39959, 'rank': 21, 'fitness': 0.6526325708652108, 'generation': 485}","{'id': 40005, 'rank': 22, 'fitness': 0.6504086966951653, 'generation': 485}","{'id': 39748, 'rank': 23, 'fitness': 0.5281092569907332, 'generation': 485}","{'id': 39748, 'rank': 24, 'fitness': 0.5281092569907332, 'generation': 485}","{'id': 39863, 'rank': 25, 'fitness': 0.4316528918567023, 'generation': 485}","{'id': 39885, 'rank': 26, 'fitness': 0.4010636133956452, 'generation': 485}","{'id': 39885, 'rank': 27, 'fitness': 0.4010636133956452, 'generation': 485}","{'id': 39885, 'rank': 28, 'fitness': 0.4010636133956452, 'generation': 485}","{'id': 39992, 'rank': 29, 'fitness': 0.3336510722782192, 'generation': 485}","{'id': 39995, 'rank': 30, 'fitness': 0.01798620996209155, 'generation': 485}"
"{'id': 40073, 'rank': 1, 'fitness': 0.9820137900379085, 'generation': 486}","{'id': 40073, 'rank': 2, 'fitness': 0.9820137900379085, 'generation': 486}","{'id': 40043, 'rank': 3, 'fitness': 0.9819790347222253, 'generation': 486}","{'id': 40043, 'rank': 4, 'fitness': 0.9819790347222253, 'generation': 486}","{'id': 40008, 'rank': 5, 'fitness': 0.9817781489713414, 'generation': 486}","{'id': 40051, 'rank': 6, 'fitness': 0.9817638260003352, 'generation': 486}","{'id': 40035, 'rank': 7, 'fitness': 0.9817319487465701, 'generation': 486}","{'id': 40091, 'rank': 8, 'fitness': 0.9817300365560775, 'generation': 486}","{'id': 40038, 'rank': 9, 'fitness': 0.9816869656652809, 'generation': 486}","{'id': 40079, 'rank': 10, 'fitness': 0.98167243921657, 'generation': 486}","{'id': 40037, 'rank': 11, 'fitness': 0.9816093867164268, 'generation': 486}","{'id': 40050, 'rank': 12, 'fitness': 0.9815678795127027, 'generation': 486}","{'id': 40078, 'rank': 13, 'fitness': 0.981503770824862, 'generation': 486}","{'id': 40078, 'rank': 14, 'fitness': 0.981503770824862, 'generation': 486}","{'id': 40096, 'rank': 15, 'fitness': 0.9811954925674278, 'generation': 486}","{'id': 39959, 'rank': 16, 'fitness': 0.9807309257950785, 'generation': 486}","{'id': 40064, 'rank': 17, 'fitness': 0.980710037515441, 'generation': 486}","{'id': 39748, 'rank': 18, 'fitness': 0.9805312521532059, 'generation': 486}","{'id': 40055, 'rank': 19, 'fitness': 0.9804549959356074, 'generation': 486}","{'id': 40055, 'rank': 20, 'fitness': 0.9804549959356074, 'generation': 486}","{'id': 39885, 'rank': 21, 'fitness': 0.9803313055900393, 'generation': 486}","{'id': 39885, 'rank': 22, 'fitness': 0.9803313055900393, 'generation': 486}","{'id': 40077, 'rank': 23, 'fitness': 0.9790050589003283, 'generation': 486}","{'id': 40083, 'rank': 24, 'fitness': 0.9711970028863459, 'generation': 486}","{'id': 40083, 'rank': 25, 'fitness': 0.9711970028863459, 'generation': 486}","{'id': 40076, 'rank': 26, 'fitness': 0.9695701199666573, 'generation': 486}","{'id': 40056, 'rank': 27, 'fitness': 0.9178959043866296, 'generation': 486}","{'id': 40053, 'rank': 28, 'fitness': 0.5703024818291742, 'generation': 486}","{'id': 40058, 'rank': 29, 'fitness': 0.01798620996209155, 'generation': 486}","{'id': 40058, 'rank': 30, 'fitness': 0.01798620996209155, 'generation': 486}"
"{'id': 40131, 'rank': 1, 'fitness': 0.9820137900379085, 'generation': 487}","{'id': 40168, 'rank': 2, 'fitness': 0.9819428640833354, 'generation': 487}","{'id': 40168, 'rank': 3, 'fitness': 0.9819428640833354, 'generation': 487}","{'id': 40117, 'rank': 4, 'fitness': 0.9818117196618416, 'generation': 487}","{'id': 40176, 'rank': 5, 'fitness': 0.9817085408022789, 'generation': 487}","{'id': 40126, 'rank': 6, 'fitness': 0.9816690904434773, 'generation': 487}","{'id': 40138, 'rank': 7, 'fitness': 0.9816405988813082, 'generation': 487}","{'id': 40138, 'rank': 8, 'fitness': 0.9816405988813082, 'generation': 487}","{'id': 40177, 'rank': 9, 'fitness': 0.9815071542176179, 'generation': 487}","{'id': 40103, 'rank': 10, 'fitness': 0.9814499252055171, 'generation': 487}","{'id': 40038, 'rank': 11, 'fitness': 0.9813228017315478, 'generation': 487}","{'id': 40079, 'rank': 12, 'fitness': 0.9812909076439518, 'generation': 487}","{'id': 40110, 'rank': 13, 'fitness': 0.981271368855605, 'generation': 487}","{'id': 40110, 'rank': 14, 'fitness': 0.981271368855605, 'generation': 487}","{'id': 40125, 'rank': 15, 'fitness': 0.9810432624875476, 'generation': 487}","{'id': 40078, 'rank': 16, 'fitness': 0.9809184900259404, 'generation': 487}","{'id': 40119, 'rank': 17, 'fitness': 0.9805196549333375, 'generation': 487}","{'id': 40096, 'rank': 18, 'fitness': 0.9802278618208125, 'generation': 487}","{'id': 40179, 'rank': 19, 'fitness': 0.9799425161993361, 'generation': 487}","{'id': 39959, 'rank': 20, 'fitness': 0.9791627916677714, 'generation': 487}","{'id': 40108, 'rank': 21, 'fitness': 0.9774745648711475, 'generation': 487}","{'id': 40151, 'rank': 22, 'fitness': 0.9763430669085844, 'generation': 487}","{'id': 40105, 'rank': 23, 'fitness': 0.9745299098612843, 'generation': 487}","{'id': 40142, 'rank': 24, 'fitness': 0.9714397732255526, 'generation': 487}","{'id': 40122, 'rank': 25, 'fitness': 0.9651748309371282, 'generation': 487}","{'id': 40123, 'rank': 26, 'fitness': 0.9524376295610526, 'generation': 487}","{'id': 40165, 'rank': 27, 'fitness': 0.9523844193076372, 'generation': 487}","{'id': 40164, 'rank': 28, 'fitness': 0.9515077360671862, 'generation': 487}","{'id': 40083, 'rank': 29, 'fitness': 0.9509035628303876, 'generation': 487}","{'id': 40053, 'rank': 30, 'fitness': 0.01798620996209155, 'generation': 487}"
"{'id': 40168, 'rank': 1, 'fitness': 0.9820137900379085, 'generation': 488}","{'id': 40210, 'rank': 2, 'fitness': 0.9815049240797732, 'generation': 488}","{'id': 40138, 'rank': 3, 'fitness': 0.9807356519810696, 'generation': 488}","{'id': 40138, 'rank': 4, 'fitness': 0.9807356519810696, 'generation': 488}","{'id': 40251, 'rank': 5, 'fitness': 0.9794078110143901, 'generation': 488}","{'id': 40110, 'rank': 6, 'fitness': 0.9790842161182025, 'generation': 488}","{'id': 40192, 'rank': 7, 'fitness': 0.9783717174435254, 'generation': 488}","{'id': 40261, 'rank': 8, 'fitness': 0.97821270979972, 'generation': 488}","{'id': 40125, 'rank': 9, 'fitness': 0.978012921216705, 'generation': 488}","{'id': 40245, 'rank': 10, 'fitness': 0.9779209872950416, 'generation': 488}","{'id': 40224, 'rank': 11, 'fitness': 0.9778788908362834, 'generation': 488}","{'id': 40214, 'rank': 12, 'fitness': 0.9765391341947391, 'generation': 488}","{'id': 40214, 'rank': 13, 'fitness': 0.9765391341947391, 'generation': 488}","{'id': 40214, 'rank': 14, 'fitness': 0.9765391341947391, 'generation': 488}","{'id': 40263, 'rank': 15, 'fitness': 0.9755851929793142, 'generation': 488}","{'id': 40229, 'rank': 16, 'fitness': 0.9746234982391422, 'generation': 488}","{'id': 40096, 'rank': 17, 'fitness': 0.973849689994429, 'generation': 488}","{'id': 40096, 'rank': 18, 'fitness': 0.973849689994429, 'generation': 488}","{'id': 40238, 'rank': 19, 'fitness': 0.9737284976866794, 'generation': 488}","{'id': 40182, 'rank': 20, 'fitness': 0.9725296314185263, 'generation': 488}","{'id': 40208, 'rank': 21, 'fitness': 0.972483833548833, 'generation': 488}","{'id': 40260, 'rank': 22, 'fitness': 0.9655918331786435, 'generation': 488}","{'id': 40198, 'rank': 23, 'fitness': 0.9560504654304822, 'generation': 488}","{'id': 40248, 'rank': 24, 'fitness': 0.9508833413327402, 'generation': 488}","{'id': 40247, 'rank': 25, 'fitness': 0.9453145849669433, 'generation': 488}","{'id': 40232, 'rank': 26, 'fitness': 0.8260214149529703, 'generation': 488}","{'id': 40218, 'rank': 27, 'fitness': 0.818679178863752, 'generation': 488}","{'id': 40165, 'rank': 28, 'fitness': 0.46558614878221855, 'generation': 488}","{'id': 40164, 'rank': 29, 'fitness': 0.44592186922476446, 'generation': 488}","{'id': 40219, 'rank': 30, 'fitness': 0.01798620996209155, 'generation': 488}"
"{'id': 40288, 'rank': 1, 'fitness': 0.9820137900379085, 'generation': 489}","{'id': 40338, 'rank': 2, 'fitness': 0.9819594595386235, 'generation': 489}","{'id': 40338, 'rank': 3, 'fitness': 0.9819594595386235, 'generation': 489}","{'id': 40319, 'rank': 4, 'fitness': 0.9819533599507635, 'generation': 489}","{'id': 40276, 'rank': 5, 'fitness': 0.9819301076201907, 'generation': 489}","{'id': 40138, 'rank': 6, 'fitness': 0.9818686304181155, 'generation': 489}","{'id': 40341, 'rank': 7, 'fitness': 0.9817478452389231, 'generation': 489}","{'id': 40301, 'rank': 8, 'fitness': 0.9817378782057917, 'generation': 489}","{'id': 40344, 'rank': 9, 'fitness': 0.9817325315000693, 'generation': 489}","{'id': 40344, 'rank': 10, 'fitness': 0.9817325315000693, 'generation': 489}","{'id': 40344, 'rank': 11, 'fitness': 0.9817325315000693, 'generation': 489}","{'id': 40316, 'rank': 12, 'fitness': 0.9817080590757918, 'generation': 489}","{'id': 40261, 'rank': 13, 'fitness': 0.9816759033400972, 'generation': 489}","{'id': 40332, 'rank': 14, 'fitness': 0.9814869093990185, 'generation': 489}","{'id': 40332, 'rank': 15, 'fitness': 0.9814869093990185, 'generation': 489}","{'id': 40229, 'rank': 16, 'fitness': 0.9814335484716746, 'generation': 489}","{'id': 40238, 'rank': 17, 'fitness': 0.9813778958924326, 'generation': 489}","{'id': 40293, 'rank': 18, 'fitness': 0.9812020967813624, 'generation': 489}","{'id': 40283, 'rank': 19, 'fitness': 0.981198492055174, 'generation': 489}","{'id': 40273, 'rank': 20, 'fitness': 0.9807557020177083, 'generation': 489}","{'id': 40289, 'rank': 21, 'fitness': 0.9807263247082696, 'generation': 489}","{'id': 40355, 'rank': 22, 'fitness': 0.9803082462586961, 'generation': 489}","{'id': 40337, 'rank': 23, 'fitness': 0.980250703032802, 'generation': 489}","{'id': 40314, 'rank': 24, 'fitness': 0.980086306979048, 'generation': 489}","{'id': 40311, 'rank': 25, 'fitness': 0.9784536839728502, 'generation': 489}","{'id': 40165, 'rank': 26, 'fitness': 0.9744972455609773, 'generation': 489}","{'id': 40336, 'rank': 27, 'fitness': 0.931881767320881, 'generation': 489}","{'id': 40304, 'rank': 28, 'fitness': 0.810939058764845, 'generation': 489}","{'id': 40304, 'rank': 29, 'fitness': 0.810939058764845, 'generation': 489}","{'id': 40353, 'rank': 30, 'fitness': 0.01798620996209155, 'generation': 489}"
"{'id': 40442, 'rank': 1, 'fitness': 0.9820137900379085, 'generation': 490}","{'id': 40369, 'rank': 2, 'fitness': 0.9817300458701299, 'generation': 490}","{'id': 40138, 'rank': 3, 'fitness': 0.9816895465804015, 'generation': 490}","{'id': 40385, 'rank': 4, 'fitness': 0.9816818061884229, 'generation': 490}","{'id': 40404, 'rank': 5, 'fitness': 0.9816127269190108, 'generation': 490}","{'id': 40410, 'rank': 6, 'fitness': 0.9815146372433148, 'generation': 490}","{'id': 40373, 'rank': 7, 'fitness': 0.9815085131973352, 'generation': 490}","{'id': 40426, 'rank': 8, 'fitness': 0.9814670890200891, 'generation': 490}","{'id': 40420, 'rank': 9, 'fitness': 0.9814013477276784, 'generation': 490}","{'id': 40420, 'rank': 10, 'fitness': 0.9814013477276784, 'generation': 490}","{'id': 40437, 'rank': 11, 'fitness': 0.9812849025865085, 'generation': 490}","{'id': 40261, 'rank': 12, 'fitness': 0.9811926852811861, 'generation': 490}","{'id': 40384, 'rank': 13, 'fitness': 0.9811612221038379, 'generation': 490}","{'id': 40368, 'rank': 14, 'fitness': 0.9810652523286307, 'generation': 490}","{'id': 40362, 'rank': 15, 'fitness': 0.980992731490845, 'generation': 490}","{'id': 40422, 'rank': 16, 'fitness': 0.9809566887988755, 'generation': 490}","{'id': 40293, 'rank': 17, 'fitness': 0.9799374888322093, 'generation': 490}","{'id': 40407, 'rank': 18, 'fitness': 0.9793945863154215, 'generation': 490}","{'id': 40273, 'rank': 19, 'fitness': 0.9787107554965506, 'generation': 490}","{'id': 40289, 'rank': 20, 'fitness': 0.9786285123982719, 'generation': 490}","{'id': 40411, 'rank': 21, 'fitness': 0.9780410552777543, 'generation': 490}","{'id': 40445, 'rank': 22, 'fitness': 0.9774044209276367, 'generation': 490}","{'id': 40337, 'rank': 23, 'fitness': 0.977270861397256, 'generation': 490}","{'id': 40391, 'rank': 24, 'fitness': 0.9737052232332681, 'generation': 490}","{'id': 40311, 'rank': 25, 'fitness': 0.9716914350573863, 'generation': 490}","{'id': 40430, 'rank': 26, 'fitness': 0.9325147710062718, 'generation': 490}","{'id': 40416, 'rank': 27, 'fitness': 0.8770143439924324, 'generation': 490}","{'id': 40416, 'rank': 28, 'fitness': 0.8770143439924324, 'generation': 490}","{'id': 40414, 'rank': 29, 'fitness': 0.5833554789747815, 'generation': 490}","{'id': 40427, 'rank': 30, 'fitness': 0.01798620996209155, 'generation': 490}"
"{'id': 40492, 'rank': 1, 'fitness': 0.9820137900379085, 'generation': 491}","{'id': 40492, 'rank': 2, 'fitness': 0.9820137900379085, 'generation': 491}","{'id': 40499, 'rank': 3, 'fitness': 0.9819781428812626, 'generation': 491}","{'id': 40528, 'rank': 4, 'fitness': 0.9819672472256675, 'generation': 491}","{'id': 40446, 'rank': 5, 'fitness': 0.9817958157159374, 'generation': 491}","{'id': 40481, 'rank': 6, 'fitness': 0.9817139091148271, 'generation': 491}","{'id': 40501, 'rank': 7, 'fitness': 0.9815934603306244, 'generation': 491}","{'id': 40437, 'rank': 8, 'fitness': 0.9812099747280636, 'generation': 491}","{'id': 40505, 'rank': 9, 'fitness': 0.980870347067637, 'generation': 491}","{'id': 40362, 'rank': 10, 'fitness': 0.9807753514577422, 'generation': 491}","{'id': 40452, 'rank': 11, 'fitness': 0.9805505230333476, 'generation': 491}","{'id': 40488, 'rank': 12, 'fitness': 0.9794233271310231, 'generation': 491}","{'id': 40488, 'rank': 13, 'fitness': 0.9794233271310231, 'generation': 491}","{'id': 40488, 'rank': 14, 'fitness': 0.9794233271310231, 'generation': 491}","{'id': 40293, 'rank': 15, 'fitness': 0.9791797712294674, 'generation': 491}","{'id': 40526, 'rank': 16, 'fitness': 0.97905663074408, 'generation': 491}","{'id': 40463, 'rank': 17, 'fitness': 0.9786839390515372, 'generation': 491}","{'id': 40479, 'rank': 18, 'fitness': 0.9785604342703403, 'generation': 491}","{'id': 40479, 'rank': 19, 'fitness': 0.9785604342703403, 'generation': 491}","{'id': 40522, 'rank': 20, 'fitness': 0.9783768906003545, 'generation': 491}","{'id': 40407, 'rank': 21, 'fitness': 0.9783434193090723, 'generation': 491}","{'id': 40468, 'rank': 22, 'fitness': 0.978133520414177, 'generation': 491}","{'id': 40468, 'rank': 23, 'fitness': 0.978133520414177, 'generation': 491}","{'id': 40516, 'rank': 24, 'fitness': 0.9723414686098131, 'generation': 491}","{'id': 40511, 'rank': 25, 'fitness': 0.9715814045390733, 'generation': 491}","{'id': 40391, 'rank': 26, 'fitness': 0.9689911927531372, 'generation': 491}","{'id': 40486, 'rank': 27, 'fitness': 0.9602364011444657, 'generation': 491}","{'id': 40478, 'rank': 28, 'fitness': 0.9597234051882608, 'generation': 491}","{'id': 40508, 'rank': 29, 'fitness': 0.18508932684096768, 'generation': 491}","{'id': 40530, 'rank': 30, 'fitness': 0.01798620996209155, 'generation': 491}"
"{'id': 40573, 'rank': 1, 'fitness': 0.9820137900379085, 'generation': 492}","{'id': 40492, 'rank': 2, 'fitness': 0.9818310465125637, 'generation': 492}","{'id': 40528, 'rank': 3, 'fitness': 0.9817624998148493, 'generation': 492}","{'id': 40566, 'rank': 4, 'fitness': 0.9814246947748033, 'generation': 492}","{'id': 40437, 'rank': 5, 'fitness': 0.9806361531576082, 'generation': 492}","{'id': 40616, 'rank': 6, 'fitness': 0.9805124117269346, 'generation': 492}","{'id': 40362, 'rank': 7, 'fitness': 0.9799804247588839, 'generation': 492}","{'id': 40554, 'rank': 8, 'fitness': 0.9797939770026315, 'generation': 492}","{'id': 40569, 'rank': 9, 'fitness': 0.9797869057362707, 'generation': 492}","{'id': 40624, 'rank': 10, 'fitness': 0.9791020314744616, 'generation': 492}","{'id': 40609, 'rank': 11, 'fitness': 0.9785346469162928, 'generation': 492}","{'id': 40488, 'rank': 12, 'fitness': 0.9778985146367811, 'generation': 492}","{'id': 40548, 'rank': 13, 'fitness': 0.977898379641279, 'generation': 492}","{'id': 40548, 'rank': 14, 'fitness': 0.977898379641279, 'generation': 492}","{'id': 40604, 'rank': 15, 'fitness': 0.9776488958980046, 'generation': 492}","{'id': 40546, 'rank': 16, 'fitness': 0.9770919954783837, 'generation': 492}","{'id': 40586, 'rank': 17, 'fitness': 0.9767000975926919, 'generation': 492}","{'id': 40479, 'rank': 18, 'fitness': 0.9765374445091058, 'generation': 492}","{'id': 40587, 'rank': 19, 'fitness': 0.976521754564326, 'generation': 492}","{'id': 40522, 'rank': 20, 'fitness': 0.9762447660261676, 'generation': 492}","{'id': 40545, 'rank': 21, 'fitness': 0.9759709567436752, 'generation': 492}","{'id': 40583, 'rank': 22, 'fitness': 0.9745346416674645, 'generation': 492}","{'id': 40541, 'rank': 23, 'fitness': 0.9736978170990387, 'generation': 492}","{'id': 40593, 'rank': 24, 'fitness': 0.9729015133826461, 'generation': 492}","{'id': 40556, 'rank': 25, 'fitness': 0.9728738874059026, 'generation': 492}","{'id': 40622, 'rank': 26, 'fitness': 0.9713761442681356, 'generation': 492}","{'id': 40622, 'rank': 27, 'fitness': 0.9713761442681356, 'generation': 492}","{'id': 40588, 'rank': 28, 'fitness': 0.9711600420833508, 'generation': 492}","{'id': 40391, 'rank': 29, 'fitness': 0.9599389121213096, 'generation': 492}","{'id': 40508, 'rank': 30, 'fitness': 0.01798620996209155, 'generation': 492}"
"{'id': 40687, 'rank': 1, 'fitness': 0.9820137900379085, 'generation': 493}","{'id': 40655, 'rank': 2, 'fitness': 0.9815715194741705, 'generation': 493}","{'id': 40685, 'rank': 3, 'fitness': 0.9804727759534684, 'generation': 493}","{'id': 40657, 'rank': 4, 'fitness': 0.9796354533546707, 'generation': 493}","{'id': 40693, 'rank': 5, 'fitness': 0.979084945209401, 'generation': 493}","{'id': 40692, 'rank': 6, 'fitness': 0.977512067793102, 'generation': 493}","{'id': 40692, 'rank': 7, 'fitness': 0.977512067793102, 'generation': 493}","{'id': 40638, 'rank': 8, 'fitness': 0.974587240169134, 'generation': 493}","{'id': 40690, 'rank': 9, 'fitness': 0.9727527869331427, 'generation': 493}","{'id': 40670, 'rank': 10, 'fitness': 0.9680731763583144, 'generation': 493}","{'id': 40652, 'rank': 11, 'fitness': 0.9551335891815877, 'generation': 493}","{'id': 40680, 'rank': 12, 'fitness': 0.9481653224716822, 'generation': 493}","{'id': 40671, 'rank': 13, 'fitness': 0.9455623259669548, 'generation': 493}","{'id': 40671, 'rank': 14, 'fitness': 0.9455623259669548, 'generation': 493}","{'id': 40633, 'rank': 15, 'fitness': 0.9424739166646583, 'generation': 493}","{'id': 40640, 'rank': 16, 'fitness': 0.9408047633154222, 'generation': 493}","{'id': 40627, 'rank': 17, 'fitness': 0.9327501550506944, 'generation': 493}","{'id': 40627, 'rank': 18, 'fitness': 0.9327501550506944, 'generation': 493}","{'id': 40548, 'rank': 19, 'fitness': 0.9249635239502056, 'generation': 493}","{'id': 40682, 'rank': 20, 'fitness': 0.9152596833115539, 'generation': 493}","{'id': 40658, 'rank': 21, 'fitness': 0.9101014657156253, 'generation': 493}","{'id': 40703, 'rank': 22, 'fitness': 0.8925697521343335, 'generation': 493}","{'id': 40479, 'rank': 23, 'fitness': 0.8904798768584011, 'generation': 493}","{'id': 40522, 'rank': 24, 'fitness': 0.8817644399723685, 'generation': 493}","{'id': 40522, 'rank': 25, 'fitness': 0.8817644399723685, 'generation': 493}","{'id': 40556, 'rank': 26, 'fitness': 0.7470015312463056, 'generation': 493}","{'id': 40704, 'rank': 27, 'fitness': 0.6590601690070772, 'generation': 493}","{'id': 40588, 'rank': 28, 'fitness': 0.6578566514778833, 'generation': 493}","{'id': 40678, 'rank': 29, 'fitness': 0.2111059632072526, 'generation': 493}","{'id': 40644, 'rank': 30, 'fitness': 0.01798620996209155, 'generation': 493}"
"{'id': 40687, 'rank': 1, 'fitness': 0.9820137900379085, 'generation': 494}","{'id': 40655, 'rank': 2, 'fitness': 0.9819818119969215, 'generation': 494}","{'id': 40742, 'rank': 3, 'fitness': 0.9818649371997094, 'generation': 494}","{'id': 40756, 'rank': 4, 'fitness': 0.9818373752995146, 'generation': 494}","{'id': 40745, 'rank': 5, 'fitness': 0.9817511337007145, 'generation': 494}","{'id': 40728, 'rank': 6, 'fitness': 0.9816706680758847, 'generation': 494}","{'id': 40764, 'rank': 7, 'fitness': 0.9816593006181562, 'generation': 494}","{'id': 40747, 'rank': 8, 'fitness': 0.9815850075220032, 'generation': 494}","{'id': 40741, 'rank': 9, 'fitness': 0.9815773782034514, 'generation': 494}","{'id': 40638, 'rank': 10, 'fitness': 0.9815519274710874, 'generation': 494}","{'id': 40777, 'rank': 11, 'fitness': 0.9815130315583371, 'generation': 494}","{'id': 40774, 'rank': 12, 'fitness': 0.9814643899464355, 'generation': 494}","{'id': 40763, 'rank': 13, 'fitness': 0.981395801213031, 'generation': 494}","{'id': 40797, 'rank': 14, 'fitness': 0.9813239515104083, 'generation': 494}","{'id': 40779, 'rank': 15, 'fitness': 0.9808266760987202, 'generation': 494}","{'id': 40770, 'rank': 16, 'fitness': 0.9800287798757942, 'generation': 494}","{'id': 40711, 'rank': 17, 'fitness': 0.9799273834338335, 'generation': 494}","{'id': 40718, 'rank': 18, 'fitness': 0.9798930468200979, 'generation': 494}","{'id': 40479, 'rank': 19, 'fitness': 0.9793823426711694, 'generation': 494}","{'id': 40522, 'rank': 20, 'fitness': 0.9792543970831915, 'generation': 494}","{'id': 40522, 'rank': 21, 'fitness': 0.9792543970831915, 'generation': 494}","{'id': 40522, 'rank': 22, 'fitness': 0.9792543970831915, 'generation': 494}","{'id': 40771, 'rank': 23, 'fitness': 0.9771935068952446, 'generation': 494}","{'id': 40725, 'rank': 24, 'fitness': 0.9757422822543002, 'generation': 494}","{'id': 40769, 'rank': 25, 'fitness': 0.9740811010374499, 'generation': 494}","{'id': 40720, 'rank': 26, 'fitness': 0.973368581283725, 'generation': 494}","{'id': 40793, 'rank': 27, 'fitness': 0.9718076680555007, 'generation': 494}","{'id': 40710, 'rank': 28, 'fitness': 0.9439303577240244, 'generation': 494}","{'id': 40740, 'rank': 29, 'fitness': 0.9410903325719594, 'generation': 494}","{'id': 40787, 'rank': 30, 'fitness': 0.01798620996209155, 'generation': 494}"
"{'id': 40742, 'rank': 1, 'fitness': 0.9820137900379085, 'generation': 495}","{'id': 40815, 'rank': 2, 'fitness': 0.9818192504463781, 'generation': 495}","{'id': 40822, 'rank': 3, 'fitness': 0.9814754606567826, 'generation': 495}","{'id': 40820, 'rank': 4, 'fitness': 0.9814619695899274, 'generation': 495}","{'id': 40814, 'rank': 5, 'fitness': 0.9809278680432825, 'generation': 495}","{'id': 40828, 'rank': 6, 'fitness': 0.9808414880157826, 'generation': 495}","{'id': 40728, 'rank': 7, 'fitness': 0.9805016369059452, 'generation': 495}","{'id': 40835, 'rank': 8, 'fitness': 0.9800785615604559, 'generation': 495}","{'id': 40858, 'rank': 9, 'fitness': 0.978759670678425, 'generation': 495}","{'id': 40819, 'rank': 10, 'fitness': 0.9770482038172562, 'generation': 495}","{'id': 40862, 'rank': 11, 'fitness': 0.9770018232907203, 'generation': 495}","{'id': 40856, 'rank': 12, 'fitness': 0.9760705337887308, 'generation': 495}","{'id': 40813, 'rank': 13, 'fitness': 0.9747811557739388, 'generation': 495}","{'id': 40813, 'rank': 14, 'fitness': 0.9747811557739388, 'generation': 495}","{'id': 40826, 'rank': 15, 'fitness': 0.9737941128917513, 'generation': 495}","{'id': 40804, 'rank': 16, 'fitness': 0.9682553369990579, 'generation': 495}","{'id': 40806, 'rank': 17, 'fitness': 0.9674086870251657, 'generation': 495}","{'id': 40770, 'rank': 18, 'fitness': 0.9628442011853048, 'generation': 495}","{'id': 40711, 'rank': 19, 'fitness': 0.9614171646419509, 'generation': 495}","{'id': 40821, 'rank': 20, 'fitness': 0.9613981250399153, 'generation': 495}","{'id': 40821, 'rank': 21, 'fitness': 0.9613981250399153, 'generation': 495}","{'id': 40808, 'rank': 22, 'fitness': 0.9611092371285782, 'generation': 495}","{'id': 40874, 'rank': 23, 'fitness': 0.9455635279626063, 'generation': 495}","{'id': 40812, 'rank': 24, 'fitness': 0.9416965854701109, 'generation': 495}","{'id': 40810, 'rank': 25, 'fitness': 0.9219670406758643, 'generation': 495}","{'id': 40810, 'rank': 26, 'fitness': 0.9219670406758643, 'generation': 495}","{'id': 40810, 'rank': 27, 'fitness': 0.9219670406758643, 'generation': 495}","{'id': 40829, 'rank': 28, 'fitness': 0.8839565953399688, 'generation': 495}","{'id': 40869, 'rank': 29, 'fitness': 0.7092362750519232, 'generation': 495}","{'id': 40851, 'rank': 30, 'fitness': 0.01798620996209155, 'generation': 495}"
"{'id': 40906, 'rank': 1, 'fitness': 0.9820137900379085, 'generation': 496}","{'id': 40909, 'rank': 2, 'fitness': 0.9816304976396355, 'generation': 496}","{'id': 40947, 'rank': 3, 'fitness': 0.9807777574932401, 'generation': 496}","{'id': 40948, 'rank': 4, 'fitness': 0.9807591320043096, 'generation': 496}","{'id': 40895, 'rank': 5, 'fitness': 0.980714631282757, 'generation': 496}","{'id': 40915, 'rank': 6, 'fitness': 0.9805754987592199, 'generation': 496}","{'id': 40814, 'rank': 7, 'fitness': 0.9796985762741744, 'generation': 496}","{'id': 40926, 'rank': 8, 'fitness': 0.9795393918730781, 'generation': 496}","{'id': 40878, 'rank': 9, 'fitness': 0.9793174668412931, 'generation': 496}","{'id': 40929, 'rank': 10, 'fitness': 0.9791264046488666, 'generation': 496}","{'id': 40946, 'rank': 11, 'fitness': 0.978066103299182, 'generation': 496}","{'id': 40941, 'rank': 12, 'fitness': 0.9779922209117633, 'generation': 496}","{'id': 40935, 'rank': 13, 'fitness': 0.9777208485403232, 'generation': 496}","{'id': 40935, 'rank': 14, 'fitness': 0.9777208485403232, 'generation': 496}","{'id': 40921, 'rank': 15, 'fitness': 0.9762048173627917, 'generation': 496}","{'id': 40927, 'rank': 16, 'fitness': 0.9757126717062317, 'generation': 496}","{'id': 40862, 'rank': 17, 'fitness': 0.974906735972414, 'generation': 496}","{'id': 40856, 'rank': 18, 'fitness': 0.9737540562233984, 'generation': 496}","{'id': 40813, 'rank': 19, 'fitness': 0.9721489036810956, 'generation': 496}","{'id': 40911, 'rank': 20, 'fitness': 0.9630986120342768, 'generation': 496}","{'id': 40952, 'rank': 21, 'fitness': 0.9439859663225645, 'generation': 496}","{'id': 40882, 'rank': 22, 'fitness': 0.9318673991676567, 'generation': 496}","{'id': 40812, 'rank': 23, 'fitness': 0.9284511082496798, 'generation': 496}","{'id': 40812, 'rank': 24, 'fitness': 0.9284511082496798, 'generation': 496}","{'id': 40923, 'rank': 25, 'fitness': 0.8828885630147757, 'generation': 496}","{'id': 40957, 'rank': 26, 'fitness': 0.8760133108220132, 'generation': 496}","{'id': 40869, 'rank': 27, 'fitness': 0.603374367618418, 'generation': 496}","{'id': 40931, 'rank': 28, 'fitness': 0.07924823360421784, 'generation': 496}","{'id': 40890, 'rank': 29, 'fitness': 0.01798620996209155, 'generation': 496}","{'id': 40890, 'rank': 30, 'fitness': 0.01798620996209155, 'generation': 496}"
"{'id': 40906, 'rank': 1, 'fitness': 0.9820137900379085, 'generation': 497}","{'id': 40962, 'rank': 2, 'fitness': 0.9818361466014986, 'generation': 497}","{'id': 40948, 'rank': 3, 'fitness': 0.9810486972922812, 'generation': 497}","{'id': 41044, 'rank': 4, 'fitness': 0.9809788881714124, 'generation': 497}","{'id': 41006, 'rank': 5, 'fitness': 0.9809707255298524, 'generation': 497}","{'id': 40915, 'rank': 6, 'fitness': 0.9809086270672515, 'generation': 497}","{'id': 41002, 'rank': 7, 'fitness': 0.9807637195203647, 'generation': 497}","{'id': 41034, 'rank': 8, 'fitness': 0.9802485305880335, 'generation': 497}","{'id': 40984, 'rank': 9, 'fitness': 0.979659711125181, 'generation': 497}","{'id': 40968, 'rank': 10, 'fitness': 0.9796173758045508, 'generation': 497}","{'id': 40990, 'rank': 11, 'fitness': 0.9794092053326289, 'generation': 497}","{'id': 40935, 'rank': 12, 'fitness': 0.9787665857532448, 'generation': 497}","{'id': 41027, 'rank': 13, 'fitness': 0.9777683181489472, 'generation': 497}","{'id': 41008, 'rank': 14, 'fitness': 0.9762895815309289, 'generation': 497}","{'id': 41008, 'rank': 15, 'fitness': 0.9762895815309289, 'generation': 497}","{'id': 41007, 'rank': 16, 'fitness': 0.9756710349961413, 'generation': 497}","{'id': 41007, 'rank': 17, 'fitness': 0.9756710349961413, 'generation': 497}","{'id': 41019, 'rank': 18, 'fitness': 0.9755060571330267, 'generation': 497}","{'id': 40813, 'rank': 19, 'fitness': 0.9747483931331131, 'generation': 497}","{'id': 40992, 'rank': 20, 'fitness': 0.9707069077722259, 'generation': 497}","{'id': 41030, 'rank': 21, 'fitness': 0.9675745262205673, 'generation': 497}","{'id': 41039, 'rank': 22, 'fitness': 0.9629171908997336, 'generation': 497}","{'id': 41017, 'rank': 23, 'fitness': 0.9569286441767944, 'generation': 497}","{'id': 40952, 'rank': 24, 'fitness': 0.9564360713436553, 'generation': 497}","{'id': 40952, 'rank': 25, 'fitness': 0.9564360713436553, 'generation': 497}","{'id': 40963, 'rank': 26, 'fitness': 0.9534716689811185, 'generation': 497}","{'id': 40931, 'rank': 27, 'fitness': 0.26877939502302234, 'generation': 497}","{'id': 40931, 'rank': 28, 'fitness': 0.26877939502302234, 'generation': 497}","{'id': 40994, 'rank': 29, 'fitness': 0.1179316789749098, 'generation': 497}","{'id': 40993, 'rank': 30, 'fitness': 0.01798620996209155, 'generation': 497}"
"{'id': 41081, 'rank': 1, 'fitness': 0.9820137900379085, 'generation': 498}","{'id': 41080, 'rank': 2, 'fitness': 0.9818120133030455, 'generation': 498}","{'id': 41044, 'rank': 3, 'fitness': 0.9805048011427664, 'generation': 498}","{'id': 41006, 'rank': 4, 'fitness': 0.9804964655302839, 'generation': 498}","{'id': 41090, 'rank': 5, 'fitness': 0.9804176743980518, 'generation': 498}","{'id': 41034, 'rank': 6, 'fitness': 0.9797590238019109, 'generation': 498}","{'id': 40968, 'rank': 7, 'fitness': 0.9791146347205908, 'generation': 498}","{'id': 41101, 'rank': 8, 'fitness': 0.978740094517308, 'generation': 498}","{'id': 41114, 'rank': 9, 'fitness': 0.9781918600753784, 'generation': 498}","{'id': 41114, 'rank': 10, 'fitness': 0.9781918600753784, 'generation': 498}","{'id': 41104, 'rank': 11, 'fitness': 0.9780782064018829, 'generation': 498}","{'id': 41027, 'rank': 12, 'fitness': 0.977227271024962, 'generation': 498}","{'id': 41083, 'rank': 13, 'fitness': 0.9757817283843835, 'generation': 498}","{'id': 41019, 'rank': 14, 'fitness': 0.9749190352460992, 'generation': 498}","{'id': 41082, 'rank': 15, 'fitness': 0.974514445153345, 'generation': 498}","{'id': 41064, 'rank': 16, 'fitness': 0.9743157201936782, 'generation': 498}","{'id': 41056, 'rank': 17, 'fitness': 0.9736276535397556, 'generation': 498}","{'id': 41052, 'rank': 18, 'fitness': 0.9727816782695179, 'generation': 498}","{'id': 41113, 'rank': 19, 'fitness': 0.9707667858329178, 'generation': 498}","{'id': 41113, 'rank': 20, 'fitness': 0.9707667858329178, 'generation': 498}","{'id': 41113, 'rank': 21, 'fitness': 0.9707667858329178, 'generation': 498}","{'id': 41065, 'rank': 22, 'fitness': 0.9672787314984085, 'generation': 498}","{'id': 41109, 'rank': 23, 'fitness': 0.9669879509639389, 'generation': 498}","{'id': 41093, 'rank': 24, 'fitness': 0.9666456476612133, 'generation': 498}","{'id': 41093, 'rank': 25, 'fitness': 0.9666456476612133, 'generation': 498}","{'id': 41130, 'rank': 26, 'fitness': 0.9578748118619159, 'generation': 498}","{'id': 41047, 'rank': 27, 'fitness': 0.9424197158048, 'generation': 498}","{'id': 40931, 'rank': 28, 'fitness': 0.2669206583167401, 'generation': 498}","{'id': 40931, 'rank': 29, 'fitness': 0.2669206583167401, 'generation': 498}","{'id': 40993, 'rank': 30, 'fitness': 0.01798620996209155, 'generation': 498}"
"{'id': 41081, 'rank': 1, 'fitness': 0.9820137900379085, 'generation': 499}","{'id': 41141, 'rank': 2, 'fitness': 0.9819704920930279, 'generation': 499}","{'id': 41034, 'rank': 3, 'fitness': 0.9819534191375273, 'generation': 499}","{'id': 41153, 'rank': 4, 'fitness': 0.9819411303385273, 'generation': 499}","{'id': 41157, 'rank': 5, 'fitness': 0.9819361767583915, 'generation': 499}","{'id': 41145, 'rank': 6, 'fitness': 0.9819271198452829, 'generation': 499}","{'id': 41114, 'rank': 7, 'fitness': 0.9819151215771607, 'generation': 499}","{'id': 41132, 'rank': 8, 'fitness': 0.9818964856549955, 'generation': 499}","{'id': 41132, 'rank': 9, 'fitness': 0.9818964856549955, 'generation': 499}","{'id': 41191, 'rank': 10, 'fitness': 0.9818955647947458, 'generation': 499}","{'id': 41173, 'rank': 11, 'fitness': 0.9818660644206259, 'generation': 499}","{'id': 41158, 'rank': 12, 'fitness': 0.9818423248666956, 'generation': 499}","{'id': 41170, 'rank': 13, 'fitness': 0.9818416676799325, 'generation': 499}","{'id': 41137, 'rank': 14, 'fitness': 0.9818326198960027, 'generation': 499}","{'id': 41182, 'rank': 15, 'fitness': 0.9818087685346878, 'generation': 499}","{'id': 41140, 'rank': 16, 'fitness': 0.9817998047679474, 'generation': 499}","{'id': 41177, 'rank': 17, 'fitness': 0.9817853387967602, 'generation': 499}","{'id': 41192, 'rank': 18, 'fitness': 0.981747160004226, 'generation': 499}","{'id': 41109, 'rank': 19, 'fitness': 0.9816994163633272, 'generation': 499}","{'id': 41167, 'rank': 20, 'fitness': 0.981677510423988, 'generation': 499}","{'id': 41203, 'rank': 21, 'fitness': 0.9816447540150153, 'generation': 499}","{'id': 41163, 'rank': 22, 'fitness': 0.9815918806685264, 'generation': 499}","{'id': 41130, 'rank': 23, 'fitness': 0.9815700258642561, 'generation': 499}","{'id': 41183, 'rank': 24, 'fitness': 0.9815397510844276, 'generation': 499}","{'id': 41183, 'rank': 25, 'fitness': 0.9815397510844276, 'generation': 499}","{'id': 41047, 'rank': 26, 'fitness': 0.981400689740923, 'generation': 499}","{'id': 41134, 'rank': 27, 'fitness': 0.9812463290650425, 'generation': 499}","{'id': 41172, 'rank': 28, 'fitness': 0.9812078245857008, 'generation': 499}","{'id': 41199, 'rank': 29, 'fitness': 0.9810008452744368, 'generation': 499}","{'id': 41160, 'rank': 30, 'fitness': 0.01798620996209155, 'generation': 499}"
"{'id': 41081, 'rank': 1, 'fitness': 0.9820137900379085, 'generation': 500}","{'id': 41206, 'rank': 2, 'fitness': 0.9747281487924193, 'generation': 500}","{'id': 41253, 'rank': 3, 'fitness': 0.9744958854054674, 'generation': 500}","{'id': 41277, 'rank': 4, 'fitness': 0.9737948118249486, 'generation': 500}","{'id': 41215, 'rank': 5, 'fitness': 0.9691519074721384, 'generation': 500}","{'id': 41275, 'rank': 6, 'fitness': 0.9689491420614897, 'generation': 500}","{'id': 41034, 'rank': 7, 'fitness': 0.9674184021856056, 'generation': 500}","{'id': 41034, 'rank': 8, 'fitness': 0.9674184021856056, 'generation': 500}","{'id': 41221, 'rank': 9, 'fitness': 0.9632237536679669, 'generation': 500}","{'id': 41219, 'rank': 10, 'fitness': 0.9624412130090675, 'generation': 500}","{'id': 41145, 'rank': 11, 'fitness': 0.9579590165708416, 'generation': 500}","{'id': 41241, 'rank': 12, 'fitness': 0.946295138621053, 'generation': 500}","{'id': 41217, 'rank': 13, 'fitness': 0.9452703009049592, 'generation': 500}","{'id': 41217, 'rank': 14, 'fitness': 0.9452703009049592, 'generation': 500}","{'id': 41132, 'rank': 15, 'fitness': 0.9436556211010445, 'generation': 500}","{'id': 41228, 'rank': 16, 'fitness': 0.9422632985298101, 'generation': 500}","{'id': 41252, 'rank': 17, 'fitness': 0.9191995231360299, 'generation': 500}","{'id': 41251, 'rank': 18, 'fitness': 0.9169812818078421, 'generation': 500}","{'id': 41218, 'rank': 19, 'fitness': 0.9008639340893623, 'generation': 500}","{'id': 41238, 'rank': 20, 'fitness': 0.8676341826602958, 'generation': 500}","{'id': 41238, 'rank': 21, 'fitness': 0.8676341826602958, 'generation': 500}","{'id': 41109, 'rank': 22, 'fitness': 0.7005304403929393, 'generation': 500}","{'id': 41109, 'rank': 23, 'fitness': 0.7005304403929393, 'generation': 500}","{'id': 41163, 'rank': 24, 'fitness': 0.44631893297789804, 'generation': 500}","{'id': 41163, 'rank': 25, 'fitness': 0.44631893297789804, 'generation': 500}","{'id': 41226, 'rank': 26, 'fitness': 0.1430585782990207, 'generation': 500}","{'id': 41247, 'rank': 27, 'fitness': 0.12471808462917972, 'generation': 500}","{'id': 41227, 'rank': 28, 'fitness': 0.07713555132577099, 'generation': 500}","{'id': 41222, 'rank': 29, 'fitness': 0.044101285763271436, 'generation': 500}","{'id': 41246, 'rank': 30, 'fitness': 0.01798620996209155, 'generation': 500}"
"{'id': 41353, 'rank': 1, 'fitness': 0.9820137900379085, 'generation': 501}","{'id': 41315, 'rank': 2, 'fitness': 0.981987037600577, 'generation': 501}","{'id': 41324, 'rank': 3, 'fitness': 0.9819706482463693, 'generation': 501}","{'id': 41275, 'rank': 4, 'fitness': 0.9819128153887018, 'generation': 501}","{'id': 41300, 'rank': 5, 'fitness': 0.98190965390808, 'generation': 501}","{'id': 41221, 'rank': 6, 'fitness': 0.9818832295604567, 'generation': 501}","{'id': 41328, 'rank': 7, 'fitness': 0.981871653677895, 'generation': 501}","{'id': 41145, 'rank': 8, 'fitness': 0.9818596702677578, 'generation': 501}","{'id': 41306, 'rank': 9, 'fitness': 0.9818463964889426, 'generation': 501}","{'id': 41301, 'rank': 10, 'fitness': 0.9817652802396912, 'generation': 501}","{'id': 41327, 'rank': 11, 'fitness': 0.9817527112159972, 'generation': 501}","{'id': 41320, 'rank': 12, 'fitness': 0.9817420494686667, 'generation': 501}","{'id': 41320, 'rank': 13, 'fitness': 0.9817420494686667, 'generation': 501}","{'id': 41333, 'rank': 14, 'fitness': 0.9817396939214273, 'generation': 501}","{'id': 41333, 'rank': 15, 'fitness': 0.9817396939214273, 'generation': 501}","{'id': 41344, 'rank': 16, 'fitness': 0.9816980229643337, 'generation': 501}","{'id': 41342, 'rank': 17, 'fitness': 0.981690515746561, 'generation': 501}","{'id': 41299, 'rank': 18, 'fitness': 0.9814802034516094, 'generation': 501}","{'id': 41109, 'rank': 19, 'fitness': 0.9814703199408956, 'generation': 501}","{'id': 41163, 'rank': 20, 'fitness': 0.9812852890536096, 'generation': 501}","{'id': 41348, 'rank': 21, 'fitness': 0.9809692117012985, 'generation': 501}","{'id': 41334, 'rank': 22, 'fitness': 0.9793117524603687, 'generation': 501}","{'id': 41345, 'rank': 23, 'fitness': 0.9775288619363923, 'generation': 501}","{'id': 41304, 'rank': 24, 'fitness': 0.976165270319398, 'generation': 501}","{'id': 41346, 'rank': 25, 'fitness': 0.9742443030343821, 'generation': 501}","{'id': 41337, 'rank': 26, 'fitness': 0.9738708378681205, 'generation': 501}","{'id': 41338, 'rank': 27, 'fitness': 0.8925431028102966, 'generation': 501}","{'id': 41339, 'rank': 28, 'fitness': 0.8917019462388758, 'generation': 501}","{'id': 41290, 'rank': 29, 'fitness': 0.35515831276968846, 'generation': 501}","{'id': 41307, 'rank': 30, 'fitness': 0.01798620996209155, 'generation': 501}"
"{'id': 41398, 'rank': 1, 'fitness': 0.9820137900379085, 'generation': 502}","{'id': 41275, 'rank': 2, 'fitness': 0.981347514069093, 'generation': 502}","{'id': 41300, 'rank': 3, 'fitness': 0.9812989879917385, 'generation': 502}","{'id': 41221, 'rank': 4, 'fitness': 0.9808888568808815, 'generation': 502}","{'id': 41328, 'rank': 5, 'fitness': 0.9807066105618657, 'generation': 502}","{'id': 41397, 'rank': 6, 'fitness': 0.9806623398579348, 'generation': 502}","{'id': 41145, 'rank': 7, 'fitness': 0.9805162756890773, 'generation': 502}","{'id': 41393, 'rank': 8, 'fitness': 0.9805043591559384, 'generation': 502}","{'id': 41431, 'rank': 9, 'fitness': 0.9804924618147703, 'generation': 502}","{'id': 41366, 'rank': 10, 'fitness': 0.98042672073245, 'generation': 502}","{'id': 41306, 'rank': 11, 'fitness': 0.9803034432674141, 'generation': 502}","{'id': 41433, 'rank': 12, 'fitness': 0.9787774153353042, 'generation': 502}","{'id': 41327, 'rank': 13, 'fitness': 0.9787398553632667, 'generation': 502}","{'id': 41320, 'rank': 14, 'fitness': 0.9785549153977795, 'generation': 502}","{'id': 41344, 'rank': 15, 'fitness': 0.9777755889485336, 'generation': 502}","{'id': 41344, 'rank': 16, 'fitness': 0.9777755889485336, 'generation': 502}","{'id': 41342, 'rank': 17, 'fitness': 0.9776401549452285, 'generation': 502}","{'id': 41422, 'rank': 18, 'fitness': 0.9775170691871192, 'generation': 502}","{'id': 41405, 'rank': 19, 'fitness': 0.9769880632954233, 'generation': 502}","{'id': 41388, 'rank': 20, 'fitness': 0.9759426172384131, 'generation': 502}","{'id': 41388, 'rank': 21, 'fitness': 0.9759426172384131, 'generation': 502}","{'id': 41376, 'rank': 22, 'fitness': 0.9759035904929338, 'generation': 502}","{'id': 41362, 'rank': 23, 'fitness': 0.9744211019698912, 'generation': 502}","{'id': 41348, 'rank': 24, 'fitness': 0.9605394403455827, 'generation': 502}","{'id': 41361, 'rank': 25, 'fitness': 0.9514040243338454, 'generation': 502}","{'id': 41363, 'rank': 26, 'fitness': 0.9506504837124248, 'generation': 502}","{'id': 41421, 'rank': 27, 'fitness': 0.7831969094342537, 'generation': 502}","{'id': 41345, 'rank': 28, 'fitness': 0.6610833840284305, 'generation': 502}","{'id': 41420, 'rank': 29, 'fitness': 0.4227138804417936, 'generation': 502}","{'id': 41428, 'rank': 30, 'fitness': 0.01798620996209155, 'generation': 502}"
"{'id': 41483, 'rank': 1, 'fitness': 0.9820137900379085, 'generation': 503}","{'id': 41458, 'rank': 2, 'fitness': 0.9815628669942622, 'generation': 503}","{'id': 41398, 'rank': 3, 'fitness': 0.9815578889476251, 'generation': 503}","{'id': 41482, 'rank': 4, 'fitness': 0.9813900672538395, 'generation': 503}","{'id': 41300, 'rank': 5, 'fitness': 0.9808702038416295, 'generation': 503}","{'id': 41507, 'rank': 6, 'fitness': 0.9805585465579051, 'generation': 503}","{'id': 41328, 'rank': 7, 'fitness': 0.98030149294694, 'generation': 503}","{'id': 41328, 'rank': 8, 'fitness': 0.98030149294694, 'generation': 503}","{'id': 41306, 'rank': 9, 'fitness': 0.9799150314875992, 'generation': 503}","{'id': 41500, 'rank': 10, 'fitness': 0.9796430602422732, 'generation': 503}","{'id': 41441, 'rank': 11, 'fitness': 0.9789611749630754, 'generation': 503}","{'id': 41491, 'rank': 12, 'fitness': 0.9784612115726652, 'generation': 503}","{'id': 41442, 'rank': 13, 'fitness': 0.9776855398328712, 'generation': 503}","{'id': 41344, 'rank': 14, 'fitness': 0.9775022805399239, 'generation': 503}","{'id': 41344, 'rank': 15, 'fitness': 0.9775022805399239, 'generation': 503}","{'id': 41376, 'rank': 16, 'fitness': 0.9757261160108619, 'generation': 503}","{'id': 41477, 'rank': 17, 'fitness': 0.9754158520200665, 'generation': 503}","{'id': 41448, 'rank': 18, 'fitness': 0.9750690432963227, 'generation': 503}","{'id': 41448, 'rank': 19, 'fitness': 0.9750690432963227, 'generation': 503}","{'id': 41362, 'rank': 20, 'fitness': 0.9743253281009847, 'generation': 503}","{'id': 41362, 'rank': 21, 'fitness': 0.9743253281009847, 'generation': 503}","{'id': 41440, 'rank': 22, 'fitness': 0.9740025024637262, 'generation': 503}","{'id': 41443, 'rank': 23, 'fitness': 0.9735629812722335, 'generation': 503}","{'id': 41451, 'rank': 24, 'fitness': 0.9735158095066689, 'generation': 503}","{'id': 41473, 'rank': 25, 'fitness': 0.9588545375627502, 'generation': 503}","{'id': 41511, 'rank': 26, 'fitness': 0.9574777527473872, 'generation': 503}","{'id': 41514, 'rank': 27, 'fitness': 0.9571738048857606, 'generation': 503}","{'id': 41345, 'rank': 28, 'fitness': 0.6991264482489962, 'generation': 503}","{'id': 41502, 'rank': 29, 'fitness': 0.2599664694318443, 'generation': 503}","{'id': 41498, 'rank': 30, 'fitness': 0.01798620996209155, 'generation': 503}"
"{'id': 41398, 'rank': 1, 'fitness': 0.9820137900379085, 'generation': 504}","{'id': 41521, 'rank': 2, 'fitness': 0.9819735999935486, 'generation': 504}","{'id': 41579, 'rank': 3, 'fitness': 0.9819697836967631, 'generation': 504}","{'id': 41569, 'rank': 4, 'fitness': 0.9819239016195511, 'generation': 504}","{'id': 41300, 'rank': 5, 'fitness': 0.9819159219923238, 'generation': 504}","{'id': 41552, 'rank': 6, 'fitness': 0.98189972213193, 'generation': 504}","{'id': 41507, 'rank': 7, 'fitness': 0.9818725331512804, 'generation': 504}","{'id': 41328, 'rank': 8, 'fitness': 0.9818371809395996, 'generation': 504}","{'id': 41328, 'rank': 9, 'fitness': 0.9818371809395996, 'generation': 504}","{'id': 41328, 'rank': 10, 'fitness': 0.9818371809395996, 'generation': 504}","{'id': 41564, 'rank': 11, 'fitness': 0.9818017357531899, 'generation': 504}","{'id': 41533, 'rank': 12, 'fitness': 0.9817537262183211, 'generation': 504}","{'id': 41605, 'rank': 13, 'fitness': 0.9816294782648918, 'generation': 504}","{'id': 41599, 'rank': 14, 'fitness': 0.9815611345767026, 'generation': 504}","{'id': 41588, 'rank': 15, 'fitness': 0.9815051558666935, 'generation': 504}","{'id': 41522, 'rank': 16, 'fitness': 0.9814996577500819, 'generation': 504}","{'id': 41522, 'rank': 17, 'fitness': 0.9814996577500819, 'generation': 504}","{'id': 41344, 'rank': 18, 'fitness': 0.9814751886340259, 'generation': 504}","{'id': 41568, 'rank': 19, 'fitness': 0.981433276118964, 'generation': 504}","{'id': 41536, 'rank': 20, 'fitness': 0.9812769461285167, 'generation': 504}","{'id': 41600, 'rank': 21, 'fitness': 0.98115358093953, 'generation': 504}","{'id': 41362, 'rank': 22, 'fitness': 0.9811071754408253, 'generation': 504}","{'id': 41451, 'rank': 23, 'fitness': 0.9810194702317057, 'generation': 504}","{'id': 41451, 'rank': 24, 'fitness': 0.9810194702317057, 'generation': 504}","{'id': 41556, 'rank': 25, 'fitness': 0.9810169482111619, 'generation': 504}","{'id': 41577, 'rank': 26, 'fitness': 0.9807610420144213, 'generation': 504}","{'id': 41577, 'rank': 27, 'fitness': 0.9807610420144213, 'generation': 504}","{'id': 41576, 'rank': 28, 'fitness': 0.9800076528259973, 'generation': 504}","{'id': 41555, 'rank': 29, 'fitness': 0.9740091436176341, 'generation': 504}","{'id': 41590, 'rank': 30, 'fitness': 0.01798620996209155, 'generation': 504}"
"{'id': 41670, 'rank': 1, 'fitness': 0.9820137900379085, 'generation': 505}","{'id': 41398, 'rank': 2, 'fitness': 0.976908303350756, 'generation': 505}","{'id': 41626, 'rank': 3, 'fitness': 0.9765575692209612, 'generation': 505}","{'id': 41507, 'rank': 4, 'fitness': 0.9597856309194357, 'generation': 505}","{'id': 41673, 'rank': 5, 'fitness': 0.9595365260051696, 'generation': 505}","{'id': 41673, 'rank': 6, 'fitness': 0.9595365260051696, 'generation': 505}","{'id': 41683, 'rank': 7, 'fitness': 0.9569294134139996, 'generation': 505}","{'id': 41677, 'rank': 8, 'fitness': 0.954754682262724, 'generation': 505}","{'id': 41328, 'rank': 9, 'fitness': 0.9539071347670773, 'generation': 505}","{'id': 41671, 'rank': 10, 'fitness': 0.9388632919353115, 'generation': 505}","{'id': 41655, 'rank': 11, 'fitness': 0.9369429558872102, 'generation': 505}","{'id': 41533, 'rank': 12, 'fitness': 0.9366958738523576, 'generation': 505}","{'id': 41658, 'rank': 13, 'fitness': 0.9259445386425356, 'generation': 505}","{'id': 41659, 'rank': 14, 'fitness': 0.9185503225005723, 'generation': 505}","{'id': 41609, 'rank': 15, 'fitness': 0.8630168596319203, 'generation': 505}","{'id': 41638, 'rank': 16, 'fitness': 0.8589796234465641, 'generation': 505}","{'id': 41636, 'rank': 17, 'fitness': 0.8407664340573759, 'generation': 505}","{'id': 41652, 'rank': 18, 'fitness': 0.8067378359388699, 'generation': 505}","{'id': 41652, 'rank': 19, 'fitness': 0.8067378359388699, 'generation': 505}","{'id': 41631, 'rank': 20, 'fitness': 0.7563079113345188, 'generation': 505}","{'id': 41616, 'rank': 21, 'fitness': 0.7128032387888149, 'generation': 505}","{'id': 41653, 'rank': 22, 'fitness': 0.5116104463737768, 'generation': 505}","{'id': 41621, 'rank': 23, 'fitness': 0.29082025022966507, 'generation': 505}","{'id': 41621, 'rank': 24, 'fitness': 0.29082025022966507, 'generation': 505}","{'id': 41577, 'rank': 25, 'fitness': 0.23419617737584192, 'generation': 505}","{'id': 41650, 'rank': 26, 'fitness': 0.18681483630616347, 'generation': 505}","{'id': 41675, 'rank': 27, 'fitness': 0.11544458064615393, 'generation': 505}","{'id': 41672, 'rank': 28, 'fitness': 0.0635783456251584, 'generation': 505}","{'id': 41630, 'rank': 29, 'fitness': 0.022758744825995436, 'generation': 505}","{'id': 41576, 'rank': 30, 'fitness': 0.01798620996209155, 'generation': 505}"
"{'id': 41751, 'rank': 1, 'fitness': 0.9820137900379085, 'generation': 506}","{'id': 41751, 'rank': 2, 'fitness': 0.9820137900379085, 'generation': 506}","{'id': 41507, 'rank': 3, 'fitness': 0.9817510196083136, 'generation': 506}","{'id': 41719, 'rank': 4, 'fitness': 0.9816925922739466, 'generation': 506}","{'id': 41740, 'rank': 5, 'fitness': 0.9815909455248006, 'generation': 506}","{'id': 41652, 'rank': 6, 'fitness': 0.9812601362881271, 'generation': 506}","{'id': 41691, 'rank': 7, 'fitness': 0.9812507430311592, 'generation': 506}","{'id': 41616, 'rank': 8, 'fitness': 0.9811112663019268, 'generation': 506}","{'id': 41701, 'rank': 9, 'fitness': 0.9810850351858789, 'generation': 506}","{'id': 41704, 'rank': 10, 'fitness': 0.9808913176983247, 'generation': 506}","{'id': 41704, 'rank': 11, 'fitness': 0.9808913176983247, 'generation': 506}","{'id': 41650, 'rank': 12, 'fitness': 0.9804148847035352, 'generation': 506}","{'id': 41695, 'rank': 13, 'fitness': 0.9803045752244666, 'generation': 506}","{'id': 41695, 'rank': 14, 'fitness': 0.9803045752244666, 'generation': 506}","{'id': 41672, 'rank': 15, 'fitness': 0.9800485216595181, 'generation': 506}","{'id': 41723, 'rank': 16, 'fitness': 0.9796959476200635, 'generation': 506}","{'id': 41708, 'rank': 17, 'fitness': 0.9793651060389517, 'generation': 506}","{'id': 41725, 'rank': 18, 'fitness': 0.9785711916852153, 'generation': 506}","{'id': 41728, 'rank': 19, 'fitness': 0.9783565082200189, 'generation': 506}","{'id': 41707, 'rank': 20, 'fitness': 0.9779476182035491, 'generation': 506}","{'id': 41734, 'rank': 21, 'fitness': 0.9732399448524289, 'generation': 506}","{'id': 41732, 'rank': 22, 'fitness': 0.9731523090820045, 'generation': 506}","{'id': 41690, 'rank': 23, 'fitness': 0.9731314619153064, 'generation': 506}","{'id': 41759, 'rank': 24, 'fitness': 0.97127801828087, 'generation': 506}","{'id': 41727, 'rank': 25, 'fitness': 0.9710064402047764, 'generation': 506}","{'id': 41727, 'rank': 26, 'fitness': 0.9710064402047764, 'generation': 506}","{'id': 41764, 'rank': 27, 'fitness': 0.7395789903877458, 'generation': 506}","{'id': 41705, 'rank': 28, 'fitness': 0.06311321422299265, 'generation': 506}","{'id': 41745, 'rank': 29, 'fitness': 0.02968414300148159, 'generation': 506}","{'id': 41746, 'rank': 30, 'fitness': 0.01798620996209155, 'generation': 506}"
"{'id': 41810, 'rank': 1, 'fitness': 0.9820137900379085, 'generation': 507}","{'id': 41825, 'rank': 2, 'fitness': 0.9818965080585538, 'generation': 507}","{'id': 41824, 'rank': 3, 'fitness': 0.9818896544113929, 'generation': 507}","{'id': 41507, 'rank': 4, 'fitness': 0.9817676490499344, 'generation': 507}","{'id': 41719, 'rank': 5, 'fitness': 0.9817092671665952, 'generation': 507}","{'id': 41820, 'rank': 6, 'fitness': 0.9811707943729551, 'generation': 507}","{'id': 41782, 'rank': 7, 'fitness': 0.9810866389338276, 'generation': 507}","{'id': 41788, 'rank': 8, 'fitness': 0.9810777418601895, 'generation': 507}","{'id': 41827, 'rank': 9, 'fitness': 0.9810579239315625, 'generation': 507}","{'id': 41834, 'rank': 10, 'fitness': 0.9810487069829055, 'generation': 507}","{'id': 41704, 'rank': 11, 'fitness': 0.9809086131539566, 'generation': 507}","{'id': 41808, 'rank': 12, 'fitness': 0.9806084303381475, 'generation': 507}","{'id': 41784, 'rank': 13, 'fitness': 0.9805308487711782, 'generation': 507}","{'id': 41835, 'rank': 14, 'fitness': 0.980415317833079, 'generation': 507}","{'id': 41804, 'rank': 15, 'fitness': 0.9801785704662828, 'generation': 507}","{'id': 41769, 'rank': 16, 'fitness': 0.9801572326393301, 'generation': 507}","{'id': 41798, 'rank': 17, 'fitness': 0.9789134629843638, 'generation': 507}","{'id': 41805, 'rank': 18, 'fitness': 0.9783866240866899, 'generation': 507}","{'id': 41805, 'rank': 19, 'fitness': 0.9783866240866899, 'generation': 507}","{'id': 41816, 'rank': 20, 'fitness': 0.9782027275392007, 'generation': 507}","{'id': 41732, 'rank': 21, 'fitness': 0.9731753613377616, 'generation': 507}","{'id': 41794, 'rank': 22, 'fitness': 0.9729273844170049, 'generation': 507}","{'id': 41791, 'rank': 23, 'fitness': 0.9716819637984048, 'generation': 507}","{'id': 41759, 'rank': 24, 'fitness': 0.9713024074096216, 'generation': 507}","{'id': 41727, 'rank': 25, 'fitness': 0.9710310213643876, 'generation': 507}","{'id': 41727, 'rank': 26, 'fitness': 0.9710310213643876, 'generation': 507}","{'id': 41770, 'rank': 27, 'fitness': 0.9408682035064765, 'generation': 507}","{'id': 41705, 'rank': 28, 'fitness': 0.06312217022938965, 'generation': 507}","{'id': 41745, 'rank': 29, 'fitness': 0.029685861323275664, 'generation': 507}","{'id': 41746, 'rank': 30, 'fitness': 0.01798620996209155, 'generation': 507}"
"{'id': 41860, 'rank': 1, 'fitness': 0.9820137900379085, 'generation': 508}","{'id': 41881, 'rank': 2, 'fitness': 0.9819774363295477, 'generation': 508}","{'id': 41719, 'rank': 3, 'fitness': 0.9817348754141505, 'generation': 508}","{'id': 41870, 'rank': 4, 'fitness': 0.9817104870766885, 'generation': 508}","{'id': 41873, 'rank': 5, 'fitness': 0.9814513014650921, 'generation': 508}","{'id': 41856, 'rank': 6, 'fitness': 0.9813793355850289, 'generation': 508}","{'id': 41847, 'rank': 7, 'fitness': 0.98136835733427, 'generation': 508}","{'id': 41876, 'rank': 8, 'fitness': 0.9813060374337087, 'generation': 508}","{'id': 41820, 'rank': 9, 'fitness': 0.9811595398640458, 'generation': 508}","{'id': 41827, 'rank': 10, 'fitness': 0.9810388004781563, 'generation': 508}","{'id': 41910, 'rank': 11, 'fitness': 0.9806240758559555, 'generation': 508}","{'id': 41808, 'rank': 12, 'fitness': 0.9805574906200516, 'generation': 508}","{'id': 41921, 'rank': 13, 'fitness': 0.9805542966879637, 'generation': 508}","{'id': 41854, 'rank': 14, 'fitness': 0.9801842194008586, 'generation': 508}","{'id': 41769, 'rank': 15, 'fitness': 0.980073599145548, 'generation': 508}","{'id': 41915, 'rank': 16, 'fitness': 0.9773230387675463, 'generation': 508}","{'id': 41901, 'rank': 17, 'fitness': 0.9746198413949623, 'generation': 508}","{'id': 41900, 'rank': 18, 'fitness': 0.9742718465222661, 'generation': 508}","{'id': 41897, 'rank': 19, 'fitness': 0.9740924427607267, 'generation': 508}","{'id': 41794, 'rank': 20, 'fitness': 0.9722286892395025, 'generation': 508}","{'id': 41794, 'rank': 21, 'fitness': 0.9722286892395025, 'generation': 508}","{'id': 41727, 'rank': 22, 'fitness': 0.9701462492904798, 'generation': 508}","{'id': 41916, 'rank': 23, 'fitness': 0.9682800968345409, 'generation': 508}","{'id': 41916, 'rank': 24, 'fitness': 0.9682800968345409, 'generation': 508}","{'id': 41911, 'rank': 25, 'fitness': 0.9671705011454264, 'generation': 508}","{'id': 41887, 'rank': 26, 'fitness': 0.9593790085697271, 'generation': 508}","{'id': 41842, 'rank': 27, 'fitness': 0.9572015071976494, 'generation': 508}","{'id': 41890, 'rank': 28, 'fitness': 0.9527688995394206, 'generation': 508}","{'id': 41745, 'rank': 29, 'fitness': 0.01798620996209155, 'generation': 508}","{'id': 41745, 'rank': 30, 'fitness': 0.01798620996209155, 'generation': 508}"
"{'id': 41860, 'rank': 1, 'fitness': 0.9820137900379085, 'generation': 509}","{'id': 41881, 'rank': 2, 'fitness': 0.9818559610509541, 'generation': 509}","{'id': 41931, 'rank': 3, 'fitness': 0.9817001538630084, 'generation': 509}","{'id': 41974, 'rank': 4, 'fitness': 0.9814802232052269, 'generation': 509}","{'id': 41981, 'rank': 5, 'fitness': 0.9799469256852551, 'generation': 509}","{'id': 41856, 'rank': 6, 'fitness': 0.9791063466574593, 'generation': 509}","{'id': 41856, 'rank': 7, 'fitness': 0.9791063466574593, 'generation': 509}","{'id': 41856, 'rank': 8, 'fitness': 0.9791063466574593, 'generation': 509}","{'id': 41965, 'rank': 9, 'fitness': 0.9785704232991088, 'generation': 509}","{'id': 41820, 'rank': 10, 'fitness': 0.9780210766818056, 'generation': 509}","{'id': 41827, 'rank': 11, 'fitness': 0.9774072074118543, 'generation': 509}","{'id': 41940, 'rank': 12, 'fitness': 0.9750639542819184, 'generation': 509}","{'id': 41921, 'rank': 13, 'fitness': 0.9748138957900425, 'generation': 509}","{'id': 41854, 'rank': 14, 'fitness': 0.9726881439559615, 'generation': 509}","{'id': 41978, 'rank': 15, 'fitness': 0.9650240301354285, 'generation': 509}","{'id': 41915, 'rank': 16, 'fitness': 0.9515003118763584, 'generation': 509}","{'id': 42018, 'rank': 17, 'fitness': 0.9489471765364111, 'generation': 509}","{'id': 41901, 'rank': 18, 'fitness': 0.9225263609853729, 'generation': 509}","{'id': 41900, 'rank': 19, 'fitness': 0.9180922852048743, 'generation': 509}","{'id': 41991, 'rank': 20, 'fitness': 0.9034932924276866, 'generation': 509}","{'id': 42005, 'rank': 21, 'fitness': 0.8943471834656882, 'generation': 509}","{'id': 42005, 'rank': 22, 'fitness': 0.8943471834656882, 'generation': 509}","{'id': 41727, 'rank': 23, 'fitness': 0.8525552041223814, 'generation': 509}","{'id': 42008, 'rank': 24, 'fitness': 0.6720368634059448, 'generation': 509}","{'id': 41956, 'rank': 25, 'fitness': 0.6015477087066515, 'generation': 509}","{'id': 41887, 'rank': 26, 'fitness': 0.5923839755798315, 'generation': 509}","{'id': 41887, 'rank': 27, 'fitness': 0.5923839755798315, 'generation': 509}","{'id': 41887, 'rank': 28, 'fitness': 0.5923839755798315, 'generation': 509}","{'id': 41842, 'rank': 29, 'fitness': 0.5344554445377074, 'generation': 509}","{'id': 42002, 'rank': 30, 'fitness': 0.01798620996209155, 'generation': 509}"
"{'id': 42033, 'rank': 1, 'fitness': 0.9820137900379085, 'generation': 510}","{'id': 42050, 'rank': 2, 'fitness': 0.9818177316554777, 'generation': 510}","{'id': 42062, 'rank': 3, 'fitness': 0.9816162544641274, 'generation': 510}","{'id': 42023, 'rank': 4, 'fitness': 0.9812122803826717, 'generation': 510}","{'id': 42023, 'rank': 5, 'fitness': 0.9812122803826717, 'generation': 510}","{'id': 42028, 'rank': 6, 'fitness': 0.9812023303750628, 'generation': 510}","{'id': 42028, 'rank': 7, 'fitness': 0.9812023303750628, 'generation': 510}","{'id': 42088, 'rank': 8, 'fitness': 0.9810249665768289, 'generation': 510}","{'id': 42099, 'rank': 9, 'fitness': 0.9809146877451813, 'generation': 510}","{'id': 42045, 'rank': 10, 'fitness': 0.9807591505718418, 'generation': 510}","{'id': 42046, 'rank': 11, 'fitness': 0.9804565610951324, 'generation': 510}","{'id': 41854, 'rank': 12, 'fitness': 0.9802435768437888, 'generation': 510}","{'id': 42044, 'rank': 13, 'fitness': 0.9799713240942377, 'generation': 510}","{'id': 42029, 'rank': 14, 'fitness': 0.979294523722463, 'generation': 510}","{'id': 42064, 'rank': 15, 'fitness': 0.9791268976569776, 'generation': 510}","{'id': 42024, 'rank': 16, 'fitness': 0.9783518421895696, 'generation': 510}","{'id': 42079, 'rank': 17, 'fitness': 0.977727932129479, 'generation': 510}","{'id': 42081, 'rank': 18, 'fitness': 0.977623066570009, 'generation': 510}","{'id': 42005, 'rank': 19, 'fitness': 0.9733868865851714, 'generation': 510}","{'id': 42041, 'rank': 20, 'fitness': 0.9661648699213472, 'generation': 510}","{'id': 42068, 'rank': 21, 'fitness': 0.9657214882360943, 'generation': 510}","{'id': 42068, 'rank': 22, 'fitness': 0.9657214882360943, 'generation': 510}","{'id': 42071, 'rank': 23, 'fitness': 0.9652667493054319, 'generation': 510}","{'id': 42069, 'rank': 24, 'fitness': 0.9636517693452229, 'generation': 510}","{'id': 42040, 'rank': 25, 'fitness': 0.9629713423966111, 'generation': 510}","{'id': 41956, 'rank': 26, 'fitness': 0.9620747741696014, 'generation': 510}","{'id': 42070, 'rank': 27, 'fitness': 0.9509453822929708, 'generation': 510}","{'id': 42070, 'rank': 28, 'fitness': 0.9509453822929708, 'generation': 510}","{'id': 42059, 'rank': 29, 'fitness': 0.49162175656484186, 'generation': 510}","{'id': 42057, 'rank': 30, 'fitness': 0.01798620996209155, 'generation': 510}"
"{'id': 42189, 'rank': 1, 'fitness': 0.9820137900379085, 'generation': 511}","{'id': 42062, 'rank': 2, 'fitness': 0.9799948496066095, 'generation': 511}","{'id': 42178, 'rank': 3, 'fitness': 0.9799244208427896, 'generation': 511}","{'id': 42146, 'rank': 4, 'fitness': 0.9794390987470929, 'generation': 511}","{'id': 42028, 'rank': 5, 'fitness': 0.9778035605353914, 'generation': 511}","{'id': 42117, 'rank': 6, 'fitness': 0.9775618004275173, 'generation': 511}","{'id': 42126, 'rank': 7, 'fitness': 0.9771350623139153, 'generation': 511}","{'id': 42165, 'rank': 8, 'fitness': 0.9766986498219214, 'generation': 511}","{'id': 42122, 'rank': 9, 'fitness': 0.9766823615022155, 'generation': 511}","{'id': 42122, 'rank': 10, 'fitness': 0.9766823615022155, 'generation': 511}","{'id': 42175, 'rank': 11, 'fitness': 0.9762847084355102, 'generation': 511}","{'id': 42131, 'rank': 12, 'fitness': 0.9753696062068444, 'generation': 511}","{'id': 42184, 'rank': 13, 'fitness': 0.9741940273665846, 'generation': 511}","{'id': 42167, 'rank': 14, 'fitness': 0.9681566910613489, 'generation': 511}","{'id': 42029, 'rank': 15, 'fitness': 0.9652385749431267, 'generation': 511}","{'id': 42064, 'rank': 16, 'fitness': 0.9639220900394236, 'generation': 511}","{'id': 42064, 'rank': 17, 'fitness': 0.9639220900394236, 'generation': 511}","{'id': 42134, 'rank': 18, 'fitness': 0.9550334308426736, 'generation': 511}","{'id': 42183, 'rank': 19, 'fitness': 0.9480939453730739, 'generation': 511}","{'id': 42108, 'rank': 20, 'fitness': 0.9369207641781663, 'generation': 511}","{'id': 42151, 'rank': 21, 'fitness': 0.9131567153664608, 'generation': 511}","{'id': 42118, 'rank': 22, 'fitness': 0.8935151406381812, 'generation': 511}","{'id': 42124, 'rank': 23, 'fitness': 0.8815983380183949, 'generation': 511}","{'id': 42112, 'rank': 24, 'fitness': 0.8309016316221717, 'generation': 511}","{'id': 42138, 'rank': 25, 'fitness': 0.8096156013668194, 'generation': 511}","{'id': 42068, 'rank': 26, 'fitness': 0.7107899622324076, 'generation': 511}","{'id': 42040, 'rank': 27, 'fitness': 0.6282459155876208, 'generation': 511}","{'id': 42150, 'rank': 28, 'fitness': 0.4095538831681045, 'generation': 511}","{'id': 42160, 'rank': 29, 'fitness': 0.11832321473859142, 'generation': 511}","{'id': 42142, 'rank': 30, 'fitness': 0.01798620996209155, 'generation': 511}"
"{'id': 42220, 'rank': 1, 'fitness': 0.9820137900379085, 'generation': 512}","{'id': 42178, 'rank': 2, 'fitness': 0.9816625279256315, 'generation': 512}","{'id': 42271, 'rank': 3, 'fitness': 0.9816292746538151, 'generation': 512}","{'id': 42225, 'rank': 4, 'fitness': 0.9812936920903046, 'generation': 512}","{'id': 42234, 'rank': 5, 'fitness': 0.9812689816574975, 'generation': 512}","{'id': 42028, 'rank': 6, 'fitness': 0.9809499843815039, 'generation': 512}","{'id': 42224, 'rank': 7, 'fitness': 0.980921298085448, 'generation': 512}","{'id': 42200, 'rank': 8, 'fitness': 0.9806384974310467, 'generation': 512}","{'id': 42252, 'rank': 9, 'fitness': 0.9805513937714423, 'generation': 512}","{'id': 42215, 'rank': 10, 'fitness': 0.9804900644620826, 'generation': 512}","{'id': 42229, 'rank': 11, 'fitness': 0.9802602769515744, 'generation': 512}","{'id': 42131, 'rank': 12, 'fitness': 0.9801812983516865, 'generation': 512}","{'id': 42264, 'rank': 13, 'fitness': 0.9798744993982691, 'generation': 512}","{'id': 42262, 'rank': 14, 'fitness': 0.9783362368858556, 'generation': 512}","{'id': 42230, 'rank': 15, 'fitness': 0.9766686109982325, 'generation': 512}","{'id': 42210, 'rank': 16, 'fitness': 0.9765360391921227, 'generation': 512}","{'id': 42222, 'rank': 17, 'fitness': 0.976078320085845, 'generation': 512}","{'id': 42222, 'rank': 18, 'fitness': 0.976078320085845, 'generation': 512}","{'id': 42134, 'rank': 19, 'fitness': 0.9750401290278163, 'generation': 512}","{'id': 42250, 'rank': 20, 'fitness': 0.969682636147734, 'generation': 512}","{'id': 42190, 'rank': 21, 'fitness': 0.9645144695099195, 'generation': 512}","{'id': 42246, 'rank': 22, 'fitness': 0.9584577685801488, 'generation': 512}","{'id': 42219, 'rank': 23, 'fitness': 0.9579701360705417, 'generation': 512}","{'id': 42040, 'rank': 24, 'fitness': 0.9374265190780767, 'generation': 512}","{'id': 42213, 'rank': 25, 'fitness': 0.9318127303504077, 'generation': 512}","{'id': 42150, 'rank': 26, 'fitness': 0.9144799960885642, 'generation': 512}","{'id': 42236, 'rank': 27, 'fitness': 0.891897516043465, 'generation': 512}","{'id': 42195, 'rank': 28, 'fitness': 0.4658650253392633, 'generation': 512}","{'id': 42208, 'rank': 29, 'fitness': 0.35573570005557376, 'generation': 512}","{'id': 42193, 'rank': 30, 'fitness': 0.01798620996209155, 'generation': 512}"
"{'id': 42316, 'rank': 1, 'fitness': 0.9820137900379085, 'generation': 513}","{'id': 42312, 'rank': 2, 'fitness': 0.9809549098952564, 'generation': 513}","{'id': 42234, 'rank': 3, 'fitness': 0.9805397129934239, 'generation': 513}","{'id': 42296, 'rank': 4, 'fitness': 0.979871962210056, 'generation': 513}","{'id': 42281, 'rank': 5, 'fitness': 0.9796491291238669, 'generation': 513}","{'id': 42348, 'rank': 6, 'fitness': 0.9794619095502094, 'generation': 513}","{'id': 42352, 'rank': 7, 'fitness': 0.9793880571669493, 'generation': 513}","{'id': 42330, 'rank': 8, 'fitness': 0.9778489643916336, 'generation': 513}","{'id': 42275, 'rank': 9, 'fitness': 0.9770818918753097, 'generation': 513}","{'id': 42307, 'rank': 10, 'fitness': 0.9715524764582042, 'generation': 513}","{'id': 42307, 'rank': 11, 'fitness': 0.9715524764582042, 'generation': 513}","{'id': 42337, 'rank': 12, 'fitness': 0.9695704150015093, 'generation': 513}","{'id': 42328, 'rank': 13, 'fitness': 0.9620746664901485, 'generation': 513}","{'id': 42328, 'rank': 14, 'fitness': 0.9620746664901485, 'generation': 513}","{'id': 42328, 'rank': 15, 'fitness': 0.9620746664901485, 'generation': 513}","{'id': 42230, 'rank': 16, 'fitness': 0.9612764608975609, 'generation': 513}","{'id': 42230, 'rank': 17, 'fitness': 0.9612764608975609, 'generation': 513}","{'id': 42222, 'rank': 18, 'fitness': 0.9581557493229835, 'generation': 513}","{'id': 42300, 'rank': 19, 'fitness': 0.95569661887, 'generation': 513}","{'id': 42339, 'rank': 20, 'fitness': 0.9529409719860779, 'generation': 513}","{'id': 42280, 'rank': 21, 'fitness': 0.9507443621449663, 'generation': 513}","{'id': 42350, 'rank': 22, 'fitness': 0.9483470542259838, 'generation': 513}","{'id': 42277, 'rank': 23, 'fitness': 0.9410225018999048, 'generation': 513}","{'id': 42288, 'rank': 24, 'fitness': 0.9241891711135953, 'generation': 513}","{'id': 42342, 'rank': 25, 'fitness': 0.8122509156855082, 'generation': 513}","{'id': 42246, 'rank': 26, 'fitness': 0.7911338001429324, 'generation': 513}","{'id': 42219, 'rank': 27, 'fitness': 0.7847117985907502, 'generation': 513}","{'id': 42219, 'rank': 28, 'fitness': 0.7847117985907502, 'generation': 513}","{'id': 42314, 'rank': 29, 'fitness': 0.12018001467949152, 'generation': 513}","{'id': 42321, 'rank': 30, 'fitness': 0.01798620996209155, 'generation': 513}"
"{'id': 42420, 'rank': 1, 'fitness': 0.9820137900379085, 'generation': 514}","{'id': 42316, 'rank': 2, 'fitness': 0.9805154055887908, 'generation': 514}","{'id': 42370, 'rank': 3, 'fitness': 0.9804285183413323, 'generation': 514}","{'id': 42312, 'rank': 4, 'fitness': 0.9782008355960741, 'generation': 514}","{'id': 42417, 'rank': 5, 'fitness': 0.9779452844949749, 'generation': 514}","{'id': 42348, 'rank': 6, 'fitness': 0.974727366429932, 'generation': 514}","{'id': 42355, 'rank': 7, 'fitness': 0.9671764403827743, 'generation': 514}","{'id': 42405, 'rank': 8, 'fitness': 0.9671079403474019, 'generation': 514}","{'id': 42423, 'rank': 9, 'fitness': 0.9653927069129913, 'generation': 514}","{'id': 42391, 'rank': 10, 'fitness': 0.9644294492485932, 'generation': 514}","{'id': 42424, 'rank': 11, 'fitness': 0.9635126448811915, 'generation': 514}","{'id': 42402, 'rank': 12, 'fitness': 0.959955012606017, 'generation': 514}","{'id': 42357, 'rank': 13, 'fitness': 0.9564483215456832, 'generation': 514}","{'id': 42392, 'rank': 14, 'fitness': 0.9522105344153232, 'generation': 514}","{'id': 42337, 'rank': 15, 'fitness': 0.9458021987370364, 'generation': 514}","{'id': 42380, 'rank': 16, 'fitness': 0.9340003150160898, 'generation': 514}","{'id': 42380, 'rank': 17, 'fitness': 0.9340003150160898, 'generation': 514}","{'id': 42380, 'rank': 18, 'fitness': 0.9340003150160898, 'generation': 514}","{'id': 42388, 'rank': 19, 'fitness': 0.9310571595410357, 'generation': 514}","{'id': 42328, 'rank': 20, 'fitness': 0.9176705053761732, 'generation': 514}","{'id': 42230, 'rank': 21, 'fitness': 0.9143949788774774, 'generation': 514}","{'id': 42365, 'rank': 22, 'fitness': 0.8986211254035528, 'generation': 514}","{'id': 42365, 'rank': 23, 'fitness': 0.8986211254035528, 'generation': 514}","{'id': 42429, 'rank': 24, 'fitness': 0.8886947747584006, 'generation': 514}","{'id': 42366, 'rank': 25, 'fitness': 0.8069060246241051, 'generation': 514}","{'id': 42374, 'rank': 26, 'fitness': 0.7068409349227065, 'generation': 514}","{'id': 42387, 'rank': 27, 'fitness': 0.37524423513913985, 'generation': 514}","{'id': 42219, 'rank': 28, 'fitness': 0.19716840246768352, 'generation': 514}","{'id': 42375, 'rank': 29, 'fitness': 0.01798620996209155, 'generation': 514}","{'id': 42375, 'rank': 30, 'fitness': 0.01798620996209155, 'generation': 514}"
"{'id': 42467, 'rank': 1, 'fitness': 0.9820137900379085, 'generation': 515}","{'id': 42467, 'rank': 2, 'fitness': 0.9820137900379085, 'generation': 515}","{'id': 42455, 'rank': 3, 'fitness': 0.9818007486581162, 'generation': 515}","{'id': 42464, 'rank': 4, 'fitness': 0.9815468985817222, 'generation': 515}","{'id': 42507, 'rank': 5, 'fitness': 0.9814824584738745, 'generation': 515}","{'id': 42312, 'rank': 6, 'fitness': 0.9814624271532757, 'generation': 515}","{'id': 42417, 'rank': 7, 'fitness': 0.9814334201436206, 'generation': 515}","{'id': 42493, 'rank': 8, 'fitness': 0.9811011270080946, 'generation': 515}","{'id': 42492, 'rank': 9, 'fitness': 0.9808799215668575, 'generation': 515}","{'id': 42423, 'rank': 10, 'fitness': 0.9802700416228403, 'generation': 515}","{'id': 42424, 'rank': 11, 'fitness': 0.9801277123514088, 'generation': 515}","{'id': 42510, 'rank': 12, 'fitness': 0.979948008307456, 'generation': 515}","{'id': 42460, 'rank': 13, 'fitness': 0.9798628267782137, 'generation': 515}","{'id': 42460, 'rank': 14, 'fitness': 0.9798628267782137, 'generation': 515}","{'id': 42522, 'rank': 15, 'fitness': 0.9794169809441325, 'generation': 515}","{'id': 42463, 'rank': 16, 'fitness': 0.9793446707999526, 'generation': 515}","{'id': 42515, 'rank': 17, 'fitness': 0.9793373275751803, 'generation': 515}","{'id': 42479, 'rank': 18, 'fitness': 0.978967445358633, 'generation': 515}","{'id': 42230, 'rank': 19, 'fitness': 0.9776286907237784, 'generation': 515}","{'id': 42508, 'rank': 20, 'fitness': 0.9758117742223233, 'generation': 515}","{'id': 42488, 'rank': 21, 'fitness': 0.9727101373561098, 'generation': 515}","{'id': 42458, 'rank': 22, 'fitness': 0.9719961733465681, 'generation': 515}","{'id': 42458, 'rank': 23, 'fitness': 0.9719961733465681, 'generation': 515}","{'id': 42497, 'rank': 24, 'fitness': 0.9697624189176912, 'generation': 515}","{'id': 42497, 'rank': 25, 'fitness': 0.9697624189176912, 'generation': 515}","{'id': 42219, 'rank': 26, 'fitness': 0.9634900776459159, 'generation': 515}","{'id': 42496, 'rank': 27, 'fitness': 0.9625098660254778, 'generation': 515}","{'id': 42375, 'rank': 28, 'fitness': 0.9491130597147589, 'generation': 515}","{'id': 42375, 'rank': 29, 'fitness': 0.9491130597147589, 'generation': 515}","{'id': 42485, 'rank': 30, 'fitness': 0.01798620996209155, 'generation': 515}"
"{'id': 42611, 'rank': 1, 'fitness': 0.9820137900379085, 'generation': 516}","{'id': 42467, 'rank': 2, 'fitness': 0.9819478720907033, 'generation': 516}","{'id': 42467, 'rank': 3, 'fitness': 0.9819478720907033, 'generation': 516}","{'id': 42613, 'rank': 4, 'fitness': 0.9816785331247778, 'generation': 516}","{'id': 42613, 'rank': 5, 'fitness': 0.9816785331247778, 'generation': 516}","{'id': 42619, 'rank': 6, 'fitness': 0.9797324773466914, 'generation': 516}","{'id': 42543, 'rank': 7, 'fitness': 0.9790925661691198, 'generation': 516}","{'id': 42617, 'rank': 8, 'fitness': 0.9775404486292059, 'generation': 516}","{'id': 42585, 'rank': 9, 'fitness': 0.9765633023470954, 'generation': 516}","{'id': 42602, 'rank': 10, 'fitness': 0.9754956608819576, 'generation': 516}","{'id': 42562, 'rank': 11, 'fitness': 0.975313599134733, 'generation': 516}","{'id': 42553, 'rank': 12, 'fitness': 0.9733873635305159, 'generation': 516}","{'id': 42531, 'rank': 13, 'fitness': 0.9731707153535891, 'generation': 516}","{'id': 42527, 'rank': 14, 'fitness': 0.9678230402764314, 'generation': 516}","{'id': 42530, 'rank': 15, 'fitness': 0.9662161010400958, 'generation': 516}","{'id': 42547, 'rank': 16, 'fitness': 0.9612243508240592, 'generation': 516}","{'id': 42557, 'rank': 17, 'fitness': 0.9610524562052778, 'generation': 516}","{'id': 42479, 'rank': 18, 'fitness': 0.9464666358031809, 'generation': 516}","{'id': 42479, 'rank': 19, 'fitness': 0.9464666358031809, 'generation': 516}","{'id': 42597, 'rank': 20, 'fitness': 0.9365624722593295, 'generation': 516}","{'id': 42591, 'rank': 21, 'fitness': 0.9098065193440938, 'generation': 516}","{'id': 42538, 'rank': 22, 'fitness': 0.8963048460873092, 'generation': 516}","{'id': 42583, 'rank': 23, 'fitness': 0.8527277933921451, 'generation': 516}","{'id': 42583, 'rank': 24, 'fitness': 0.8527277933921451, 'generation': 516}","{'id': 42546, 'rank': 25, 'fitness': 0.7566820241426329, 'generation': 516}","{'id': 42573, 'rank': 26, 'fitness': 0.7044804903963486, 'generation': 516}","{'id': 42458, 'rank': 27, 'fitness': 0.6912465785643356, 'generation': 516}","{'id': 42578, 'rank': 28, 'fitness': 0.6092790130270379, 'generation': 516}","{'id': 42539, 'rank': 29, 'fitness': 0.49735142675793337, 'generation': 516}","{'id': 42582, 'rank': 30, 'fitness': 0.01798620996209155, 'generation': 516}"
"{'id': 42613, 'rank': 1, 'fitness': 0.9820137900379085, 'generation': 517}","{'id': 42682, 'rank': 2, 'fitness': 0.9819217977993673, 'generation': 517}","{'id': 42619, 'rank': 3, 'fitness': 0.9819096757855735, 'generation': 517}","{'id': 42619, 'rank': 4, 'fitness': 0.9819096757855735, 'generation': 517}","{'id': 42700, 'rank': 5, 'fitness': 0.9818812278360654, 'generation': 517}","{'id': 42697, 'rank': 6, 'fitness': 0.9818490162363271, 'generation': 517}","{'id': 42562, 'rank': 7, 'fitness': 0.9817038835813126, 'generation': 517}","{'id': 42687, 'rank': 8, 'fitness': 0.9815809300973238, 'generation': 517}","{'id': 42646, 'rank': 9, 'fitness': 0.9814501665753732, 'generation': 517}","{'id': 42649, 'rank': 10, 'fitness': 0.9813537518963802, 'generation': 517}","{'id': 42557, 'rank': 11, 'fitness': 0.9812147944121934, 'generation': 517}","{'id': 42659, 'rank': 12, 'fitness': 0.9807982038431093, 'generation': 517}","{'id': 42597, 'rank': 13, 'fitness': 0.980666430237654, 'generation': 517}","{'id': 42664, 'rank': 14, 'fitness': 0.9803229124862167, 'generation': 517}","{'id': 42664, 'rank': 15, 'fitness': 0.9803229124862167, 'generation': 517}","{'id': 42670, 'rank': 16, 'fitness': 0.9802272190878024, 'generation': 517}","{'id': 42670, 'rank': 17, 'fitness': 0.9802272190878024, 'generation': 517}","{'id': 42679, 'rank': 18, 'fitness': 0.9801134386925118, 'generation': 517}","{'id': 42642, 'rank': 19, 'fitness': 0.9796979245868167, 'generation': 517}","{'id': 42642, 'rank': 20, 'fitness': 0.9796979245868167, 'generation': 517}","{'id': 42583, 'rank': 21, 'fitness': 0.9796265449557064, 'generation': 517}","{'id': 42647, 'rank': 22, 'fitness': 0.9794939019185641, 'generation': 517}","{'id': 42640, 'rank': 23, 'fitness': 0.9788938499375202, 'generation': 517}","{'id': 42703, 'rank': 24, 'fitness': 0.9742930680939803, 'generation': 517}","{'id': 42701, 'rank': 25, 'fitness': 0.9594144519065776, 'generation': 517}","{'id': 42667, 'rank': 26, 'fitness': 0.958187731380346, 'generation': 517}","{'id': 42627, 'rank': 27, 'fitness': 0.9258534926448849, 'generation': 517}","{'id': 42690, 'rank': 28, 'fitness': 0.7730711640604329, 'generation': 517}","{'id': 42690, 'rank': 29, 'fitness': 0.7730711640604329, 'generation': 517}","{'id': 42683, 'rank': 30, 'fitness': 0.01798620996209155, 'generation': 517}"
"{'id': 42779, 'rank': 1, 'fitness': 0.9820137900379085, 'generation': 518}","{'id': 42619, 'rank': 2, 'fitness': 0.9819166734846072, 'generation': 518}","{'id': 42697, 'rank': 3, 'fitness': 0.9817410236240386, 'generation': 518}","{'id': 42749, 'rank': 4, 'fitness': 0.9815473699186794, 'generation': 518}","{'id': 42752, 'rank': 5, 'fitness': 0.9807765841106963, 'generation': 518}","{'id': 42715, 'rank': 6, 'fitness': 0.9798694811631343, 'generation': 518}","{'id': 42557, 'rank': 7, 'fitness': 0.9798387208203496, 'generation': 518}","{'id': 42733, 'rank': 8, 'fitness': 0.9771694854951727, 'generation': 518}","{'id': 42670, 'rank': 9, 'fitness': 0.9766322998254344, 'generation': 518}","{'id': 42757, 'rank': 10, 'fitness': 0.9765395402189316, 'generation': 518}","{'id': 42729, 'rank': 11, 'fitness': 0.9752584703166871, 'generation': 518}","{'id': 42642, 'rank': 12, 'fitness': 0.9747882361699126, 'generation': 518}","{'id': 42642, 'rank': 13, 'fitness': 0.9747882361699126, 'generation': 518}","{'id': 42583, 'rank': 14, 'fitness': 0.9745327257674912, 'generation': 518}","{'id': 42756, 'rank': 15, 'fitness': 0.9739716461999764, 'generation': 518}","{'id': 42758, 'rank': 16, 'fitness': 0.9733311180491431, 'generation': 518}","{'id': 42778, 'rank': 17, 'fitness': 0.9692506126196954, 'generation': 518}","{'id': 42711, 'rank': 18, 'fitness': 0.9686232245996942, 'generation': 518}","{'id': 42732, 'rank': 19, 'fitness': 0.9671016584821642, 'generation': 518}","{'id': 42759, 'rank': 20, 'fitness': 0.964770782761301, 'generation': 518}","{'id': 42771, 'rank': 21, 'fitness': 0.9626141349115389, 'generation': 518}","{'id': 42771, 'rank': 22, 'fitness': 0.9626141349115389, 'generation': 518}","{'id': 42760, 'rank': 23, 'fitness': 0.9625391945734505, 'generation': 518}","{'id': 42782, 'rank': 24, 'fitness': 0.9566074151288668, 'generation': 518}","{'id': 42775, 'rank': 25, 'fitness': 0.9327437053430344, 'generation': 518}","{'id': 42775, 'rank': 26, 'fitness': 0.9327437053430344, 'generation': 518}","{'id': 42722, 'rank': 27, 'fitness': 0.9059312578539396, 'generation': 518}","{'id': 42667, 'rank': 28, 'fitness': 0.8182399762738044, 'generation': 518}","{'id': 42690, 'rank': 29, 'fitness': 0.01798620996209155, 'generation': 518}","{'id': 42690, 'rank': 30, 'fitness': 0.01798620996209155, 'generation': 518}"
"{'id': 42821, 'rank': 1, 'fitness': 0.9820137900379085, 'generation': 519}","{'id': 42749, 'rank': 2, 'fitness': 0.9789691347844438, 'generation': 519}","{'id': 42791, 'rank': 3, 'fitness': 0.9773258502672384, 'generation': 519}","{'id': 42867, 'rank': 4, 'fitness': 0.9751297241862888, 'generation': 519}","{'id': 42820, 'rank': 5, 'fitness': 0.9744101571358801, 'generation': 519}","{'id': 42820, 'rank': 6, 'fitness': 0.9744101571358801, 'generation': 519}","{'id': 42820, 'rank': 7, 'fitness': 0.9744101571358801, 'generation': 519}","{'id': 42793, 'rank': 8, 'fitness': 0.9736542425854162, 'generation': 519}","{'id': 42817, 'rank': 9, 'fitness': 0.971457911594086, 'generation': 519}","{'id': 42864, 'rank': 10, 'fitness': 0.9704417434436714, 'generation': 519}","{'id': 42804, 'rank': 11, 'fitness': 0.9636308852191928, 'generation': 519}","{'id': 42795, 'rank': 12, 'fitness': 0.9628210505750796, 'generation': 519}","{'id': 42850, 'rank': 13, 'fitness': 0.9563201941524253, 'generation': 519}","{'id': 42850, 'rank': 14, 'fitness': 0.9563201941524253, 'generation': 519}","{'id': 42808, 'rank': 15, 'fitness': 0.95439205202431, 'generation': 519}","{'id': 42798, 'rank': 16, 'fitness': 0.9502148536301533, 'generation': 519}","{'id': 42729, 'rank': 17, 'fitness': 0.9352051750228405, 'generation': 519}","{'id': 42583, 'rank': 18, 'fitness': 0.9278199276515999, 'generation': 519}","{'id': 42813, 'rank': 19, 'fitness': 0.9192153886589032, 'generation': 519}","{'id': 42758, 'rank': 20, 'fitness': 0.9144110761891266, 'generation': 519}","{'id': 42758, 'rank': 21, 'fitness': 0.9144110761891266, 'generation': 519}","{'id': 42803, 'rank': 22, 'fitness': 0.7999856843847111, 'generation': 519}","{'id': 42842, 'rank': 23, 'fitness': 0.788324653485269, 'generation': 519}","{'id': 42771, 'rank': 24, 'fitness': 0.7321722638602182, 'generation': 519}","{'id': 42782, 'rank': 25, 'fitness': 0.5984655925146662, 'generation': 519}","{'id': 42799, 'rank': 26, 'fitness': 0.4802088130491355, 'generation': 519}","{'id': 42775, 'rank': 27, 'fitness': 0.19595067127534538, 'generation': 519}","{'id': 42775, 'rank': 28, 'fitness': 0.19595067127534538, 'generation': 519}","{'id': 42831, 'rank': 29, 'fitness': 0.04968023470272681, 'generation': 519}","{'id': 42829, 'rank': 30, 'fitness': 0.01798620996209155, 'generation': 519}"
"{'id': 42906, 'rank': 1, 'fitness': 0.9820137900379085, 'generation': 520}","{'id': 42897, 'rank': 2, 'fitness': 0.9819907049705111, 'generation': 520}","{'id': 42897, 'rank': 3, 'fitness': 0.9819907049705111, 'generation': 520}","{'id': 42942, 'rank': 4, 'fitness': 0.9818113247646838, 'generation': 520}","{'id': 42894, 'rank': 5, 'fitness': 0.9817903094096542, 'generation': 520}","{'id': 42791, 'rank': 6, 'fitness': 0.9817880484495671, 'generation': 520}","{'id': 42910, 'rank': 7, 'fitness': 0.9817872025150012, 'generation': 520}","{'id': 42910, 'rank': 8, 'fitness': 0.9817872025150012, 'generation': 520}","{'id': 42914, 'rank': 9, 'fitness': 0.9817675211173221, 'generation': 520}","{'id': 42933, 'rank': 10, 'fitness': 0.981653054048361, 'generation': 520}","{'id': 42932, 'rank': 11, 'fitness': 0.9814975673149053, 'generation': 520}","{'id': 42903, 'rank': 12, 'fitness': 0.9814677298231766, 'generation': 520}","{'id': 42891, 'rank': 13, 'fitness': 0.9812931417106611, 'generation': 520}","{'id': 42881, 'rank': 14, 'fitness': 0.9811730292269518, 'generation': 520}","{'id': 42935, 'rank': 15, 'fitness': 0.9811006660739587, 'generation': 520}","{'id': 42940, 'rank': 16, 'fitness': 0.980803359001843, 'generation': 520}","{'id': 42940, 'rank': 17, 'fitness': 0.980803359001843, 'generation': 520}","{'id': 42729, 'rank': 18, 'fitness': 0.9806462211836291, 'generation': 520}","{'id': 42887, 'rank': 19, 'fitness': 0.9793051263722743, 'generation': 520}","{'id': 42803, 'rank': 20, 'fitness': 0.9792172220540412, 'generation': 520}","{'id': 42943, 'rank': 21, 'fitness': 0.9786538180120767, 'generation': 520}","{'id': 42902, 'rank': 22, 'fitness': 0.977663947373801, 'generation': 520}","{'id': 42775, 'rank': 23, 'fitness': 0.9757344883709713, 'generation': 520}","{'id': 42884, 'rank': 24, 'fitness': 0.9682887767213658, 'generation': 520}","{'id': 42884, 'rank': 25, 'fitness': 0.9682887767213658, 'generation': 520}","{'id': 42946, 'rank': 26, 'fitness': 0.9669569281682471, 'generation': 520}","{'id': 42946, 'rank': 27, 'fitness': 0.9669569281682471, 'generation': 520}","{'id': 42913, 'rank': 28, 'fitness': 0.8454281124786969, 'generation': 520}","{'id': 42939, 'rank': 29, 'fitness': 0.7264425564857573, 'generation': 520}","{'id': 42918, 'rank': 30, 'fitness': 0.01798620996209155, 'generation': 520}"
"{'id': 43024, 'rank': 1, 'fitness': 0.9820137900379085, 'generation': 521}","{'id': 42979, 'rank': 2, 'fitness': 0.9819419562927492, 'generation': 521}","{'id': 42979, 'rank': 3, 'fitness': 0.9819419562927492, 'generation': 521}","{'id': 42984, 'rank': 4, 'fitness': 0.9818982547174809, 'generation': 521}","{'id': 42985, 'rank': 5, 'fitness': 0.9818901740637236, 'generation': 521}","{'id': 42978, 'rank': 6, 'fitness': 0.9816977951571916, 'generation': 521}","{'id': 43022, 'rank': 7, 'fitness': 0.9816414903325306, 'generation': 521}","{'id': 42952, 'rank': 8, 'fitness': 0.9815561070474811, 'generation': 521}","{'id': 42977, 'rank': 9, 'fitness': 0.9814978942529191, 'generation': 521}","{'id': 42999, 'rank': 10, 'fitness': 0.981454448399601, 'generation': 521}","{'id': 42970, 'rank': 11, 'fitness': 0.981217450778274, 'generation': 521}","{'id': 42970, 'rank': 12, 'fitness': 0.981217450778274, 'generation': 521}","{'id': 42881, 'rank': 13, 'fitness': 0.9811748038918006, 'generation': 521}","{'id': 42881, 'rank': 14, 'fitness': 0.9811748038918006, 'generation': 521}","{'id': 42974, 'rank': 15, 'fitness': 0.981135649456321, 'generation': 521}","{'id': 43020, 'rank': 16, 'fitness': 0.9811001311949976, 'generation': 521}","{'id': 42940, 'rank': 17, 'fitness': 0.9808051633230179, 'generation': 521}","{'id': 42949, 'rank': 18, 'fitness': 0.9807804863623286, 'generation': 521}","{'id': 43028, 'rank': 19, 'fitness': 0.9806496155077309, 'generation': 521}","{'id': 42729, 'rank': 20, 'fitness': 0.9806480380774195, 'generation': 521}","{'id': 43017, 'rank': 21, 'fitness': 0.9806302698588694, 'generation': 521}","{'id': 42963, 'rank': 22, 'fitness': 0.9794726463483182, 'generation': 521}","{'id': 42966, 'rank': 23, 'fitness': 0.9780021349056356, 'generation': 521}","{'id': 42973, 'rank': 24, 'fitness': 0.9671450677063486, 'generation': 521}","{'id': 42946, 'rank': 25, 'fitness': 0.9669597750201968, 'generation': 521}","{'id': 42958, 'rank': 26, 'fitness': 0.9581450249241039, 'generation': 521}","{'id': 43015, 'rank': 27, 'fitness': 0.9174975796494679, 'generation': 521}","{'id': 42913, 'rank': 28, 'fitness': 0.8454371087780289, 'generation': 521}","{'id': 43014, 'rank': 29, 'fitness': 0.1666970151234033, 'generation': 521}","{'id': 42918, 'rank': 30, 'fitness': 0.01798620996209155, 'generation': 521}"
"{'id': 43040, 'rank': 1, 'fitness': 0.9820137900379085, 'generation': 522}","{'id': 43052, 'rank': 2, 'fitness': 0.9819091779026234, 'generation': 522}","{'id': 43088, 'rank': 3, 'fitness': 0.9815781649612627, 'generation': 522}","{'id': 42985, 'rank': 4, 'fitness': 0.9815240314715186, 'generation': 522}","{'id': 42985, 'rank': 5, 'fitness': 0.9815240314715186, 'generation': 522}","{'id': 43080, 'rank': 6, 'fitness': 0.9787885652848414, 'generation': 522}","{'id': 43075, 'rank': 7, 'fitness': 0.9784759608548694, 'generation': 522}","{'id': 43079, 'rank': 8, 'fitness': 0.9783602122681835, 'generation': 522}","{'id': 43102, 'rank': 9, 'fitness': 0.9770582469541103, 'generation': 522}","{'id': 43102, 'rank': 10, 'fitness': 0.9770582469541103, 'generation': 522}","{'id': 43107, 'rank': 11, 'fitness': 0.9763202531201768, 'generation': 522}","{'id': 43107, 'rank': 12, 'fitness': 0.9763202531201768, 'generation': 522}","{'id': 43106, 'rank': 13, 'fitness': 0.9710485054418118, 'generation': 522}","{'id': 43106, 'rank': 14, 'fitness': 0.9710485054418118, 'generation': 522}","{'id': 43051, 'rank': 15, 'fitness': 0.9707821387227792, 'generation': 522}","{'id': 43051, 'rank': 16, 'fitness': 0.9707821387227792, 'generation': 522}","{'id': 42729, 'rank': 17, 'fitness': 0.9697407489278038, 'generation': 522}","{'id': 43017, 'rank': 18, 'fitness': 0.9695347731790799, 'generation': 522}","{'id': 43049, 'rank': 19, 'fitness': 0.9690994128955621, 'generation': 522}","{'id': 43046, 'rank': 20, 'fitness': 0.9689781532386912, 'generation': 522}","{'id': 43111, 'rank': 21, 'fitness': 0.9461650980584535, 'generation': 522}","{'id': 43037, 'rank': 22, 'fitness': 0.8390357637746286, 'generation': 522}","{'id': 43037, 'rank': 23, 'fitness': 0.8390357637746286, 'generation': 522}","{'id': 43037, 'rank': 24, 'fitness': 0.8390357637746286, 'generation': 522}","{'id': 43037, 'rank': 25, 'fitness': 0.8390357637746286, 'generation': 522}","{'id': 43068, 'rank': 26, 'fitness': 0.6505345288046047, 'generation': 522}","{'id': 43094, 'rank': 27, 'fitness': 0.22939489228783766, 'generation': 522}","{'id': 43096, 'rank': 28, 'fitness': 0.13132863303708858, 'generation': 522}","{'id': 43066, 'rank': 29, 'fitness': 0.05586443591405643, 'generation': 522}","{'id': 43059, 'rank': 30, 'fitness': 0.01798620996209155, 'generation': 522}"
"{'id': 43172, 'rank': 1, 'fitness': 0.9820137900379085, 'generation': 523}","{'id': 43184, 'rank': 2, 'fitness': 0.981879513006525, 'generation': 523}","{'id': 43186, 'rank': 3, 'fitness': 0.9818240788511683, 'generation': 523}","{'id': 43150, 'rank': 4, 'fitness': 0.981647781496415, 'generation': 523}","{'id': 43187, 'rank': 5, 'fitness': 0.9815857296624244, 'generation': 523}","{'id': 43187, 'rank': 6, 'fitness': 0.9815857296624244, 'generation': 523}","{'id': 43155, 'rank': 7, 'fitness': 0.9810377393399825, 'generation': 523}","{'id': 43190, 'rank': 8, 'fitness': 0.9804898324796771, 'generation': 523}","{'id': 43198, 'rank': 9, 'fitness': 0.9799437476042487, 'generation': 523}","{'id': 43125, 'rank': 10, 'fitness': 0.9799258595737901, 'generation': 523}","{'id': 43214, 'rank': 11, 'fitness': 0.979637640610109, 'generation': 523}","{'id': 43156, 'rank': 12, 'fitness': 0.9790356400385265, 'generation': 523}","{'id': 43151, 'rank': 13, 'fitness': 0.9786881860108586, 'generation': 523}","{'id': 43153, 'rank': 14, 'fitness': 0.9783693348015616, 'generation': 523}","{'id': 43203, 'rank': 15, 'fitness': 0.9782376665006991, 'generation': 523}","{'id': 43147, 'rank': 16, 'fitness': 0.9781764893907694, 'generation': 523}","{'id': 43210, 'rank': 17, 'fitness': 0.9773370211977068, 'generation': 523}","{'id': 43197, 'rank': 18, 'fitness': 0.9773221830293058, 'generation': 523}","{'id': 43195, 'rank': 19, 'fitness': 0.9771544391465043, 'generation': 523}","{'id': 43180, 'rank': 20, 'fitness': 0.9770647797140033, 'generation': 523}","{'id': 43209, 'rank': 21, 'fitness': 0.9769247650564068, 'generation': 523}","{'id': 43213, 'rank': 22, 'fitness': 0.9762966292700765, 'generation': 523}","{'id': 43123, 'rank': 23, 'fitness': 0.9703671786172963, 'generation': 523}","{'id': 43133, 'rank': 24, 'fitness': 0.9656796485902164, 'generation': 523}","{'id': 43163, 'rank': 25, 'fitness': 0.8164665512814334, 'generation': 523}","{'id': 43163, 'rank': 26, 'fitness': 0.8164665512814334, 'generation': 523}","{'id': 43094, 'rank': 27, 'fitness': 0.798760221508362, 'generation': 523}","{'id': 43096, 'rank': 28, 'fitness': 0.7384517072792999, 'generation': 523}","{'id': 43144, 'rank': 29, 'fitness': 0.13250194830086226, 'generation': 523}","{'id': 43134, 'rank': 30, 'fitness': 0.01798620996209155, 'generation': 523}"
"{'id': 43288, 'rank': 1, 'fitness': 0.9820137900379085, 'generation': 524}","{'id': 43279, 'rank': 2, 'fitness': 0.9815406624243987, 'generation': 524}","{'id': 43279, 'rank': 3, 'fitness': 0.9815406624243987, 'generation': 524}","{'id': 43187, 'rank': 4, 'fitness': 0.9813634334929213, 'generation': 524}","{'id': 43187, 'rank': 5, 'fitness': 0.9813634334929213, 'generation': 524}","{'id': 43259, 'rank': 6, 'fitness': 0.9813569355438864, 'generation': 524}","{'id': 43236, 'rank': 7, 'fitness': 0.9806640822968375, 'generation': 524}","{'id': 43236, 'rank': 8, 'fitness': 0.9806640822968375, 'generation': 524}","{'id': 43276, 'rank': 9, 'fitness': 0.9805708897725317, 'generation': 524}","{'id': 43290, 'rank': 10, 'fitness': 0.9803788567032217, 'generation': 524}","{'id': 43295, 'rank': 11, 'fitness': 0.9802851372505086, 'generation': 524}","{'id': 43295, 'rank': 12, 'fitness': 0.9802851372505086, 'generation': 524}","{'id': 43214, 'rank': 13, 'fitness': 0.9787221722441201, 'generation': 524}","{'id': 43266, 'rank': 14, 'fitness': 0.9785676805594308, 'generation': 524}","{'id': 43270, 'rank': 15, 'fitness': 0.9779999485245636, 'generation': 524}","{'id': 43156, 'rank': 16, 'fitness': 0.9778896089797585, 'generation': 524}","{'id': 43283, 'rank': 17, 'fitness': 0.9777185163271835, 'generation': 524}","{'id': 43256, 'rank': 18, 'fitness': 0.9757115492862724, 'generation': 524}","{'id': 43210, 'rank': 19, 'fitness': 0.9755009711626368, 'generation': 524}","{'id': 43197, 'rank': 20, 'fitness': 0.9754798558296975, 'generation': 524}","{'id': 43238, 'rank': 21, 'fitness': 0.9752029670713018, 'generation': 524}","{'id': 43238, 'rank': 22, 'fitness': 0.9752029670713018, 'generation': 524}","{'id': 43180, 'rank': 23, 'fitness': 0.9751128884213703, 'generation': 524}","{'id': 43268, 'rank': 24, 'fitness': 0.9750410933563338, 'generation': 524}","{'id': 43230, 'rank': 25, 'fitness': 0.9740238037750684, 'generation': 524}","{'id': 43163, 'rank': 26, 'fitness': 0.6656974894470058, 'generation': 524}","{'id': 43096, 'rank': 27, 'fitness': 0.5222905617154716, 'generation': 524}","{'id': 43217, 'rank': 28, 'fitness': 0.14388702060035213, 'generation': 524}","{'id': 43144, 'rank': 29, 'fitness': 0.022810092628007206, 'generation': 524}","{'id': 43219, 'rank': 30, 'fitness': 0.01798620996209155, 'generation': 524}"
"{'id': 43356, 'rank': 1, 'fitness': 0.9820137900379085, 'generation': 525}","{'id': 43356, 'rank': 2, 'fitness': 0.9820137900379085, 'generation': 525}","{'id': 43318, 'rank': 3, 'fitness': 0.9800672633591312, 'generation': 525}","{'id': 43279, 'rank': 4, 'fitness': 0.9777152056873903, 'generation': 525}","{'id': 43359, 'rank': 5, 'fitness': 0.9688772079927226, 'generation': 525}","{'id': 43361, 'rank': 6, 'fitness': 0.9659479840737598, 'generation': 525}","{'id': 43236, 'rank': 7, 'fitness': 0.9612468602105142, 'generation': 525}","{'id': 43276, 'rank': 8, 'fitness': 0.9589830171260227, 'generation': 525}","{'id': 43351, 'rank': 9, 'fitness': 0.9566919128352694, 'generation': 525}","{'id': 43311, 'rank': 10, 'fitness': 0.9560223825175894, 'generation': 525}","{'id': 43311, 'rank': 11, 'fitness': 0.9560223825175894, 'generation': 525}","{'id': 43295, 'rank': 12, 'fitness': 0.951306461425255, 'generation': 525}","{'id': 43352, 'rank': 13, 'fitness': 0.9066138399700224, 'generation': 525}","{'id': 43352, 'rank': 14, 'fitness': 0.9066138399700224, 'generation': 525}","{'id': 43335, 'rank': 15, 'fitness': 0.9020752252516394, 'generation': 525}","{'id': 43214, 'rank': 16, 'fitness': 0.8842127949877054, 'generation': 525}","{'id': 43283, 'rank': 17, 'fitness': 0.8122523921432083, 'generation': 525}","{'id': 43330, 'rank': 18, 'fitness': 0.7737119664330027, 'generation': 525}","{'id': 43350, 'rank': 19, 'fitness': 0.7150743972628636, 'generation': 525}","{'id': 43378, 'rank': 20, 'fitness': 0.675028781279716, 'generation': 525}","{'id': 43380, 'rank': 21, 'fitness': 0.6648033152257409, 'generation': 525}","{'id': 43376, 'rank': 22, 'fitness': 0.6187530176999723, 'generation': 525}","{'id': 43368, 'rank': 23, 'fitness': 0.5954007486940811, 'generation': 525}","{'id': 43368, 'rank': 24, 'fitness': 0.5954007486940811, 'generation': 525}","{'id': 43238, 'rank': 25, 'fitness': 0.5358367711118466, 'generation': 525}","{'id': 43238, 'rank': 26, 'fitness': 0.5358367711118466, 'generation': 525}","{'id': 43298, 'rank': 27, 'fitness': 0.5072392656644311, 'generation': 525}","{'id': 43316, 'rank': 28, 'fitness': 0.07549974869782539, 'generation': 525}","{'id': 43366, 'rank': 29, 'fitness': 0.0253251740722249, 'generation': 525}","{'id': 43331, 'rank': 30, 'fitness': 0.01798620996209155, 'generation': 525}"
"{'id': 43318, 'rank': 1, 'fitness': 0.9820137900379085, 'generation': 526}","{'id': 43419, 'rank': 2, 'fitness': 0.9819497404903945, 'generation': 526}","{'id': 43445, 'rank': 3, 'fitness': 0.9815788590888037, 'generation': 526}","{'id': 43436, 'rank': 4, 'fitness': 0.981197197269672, 'generation': 526}","{'id': 43436, 'rank': 5, 'fitness': 0.981197197269672, 'generation': 526}","{'id': 43409, 'rank': 6, 'fitness': 0.9809040626354658, 'generation': 526}","{'id': 43402, 'rank': 7, 'fitness': 0.9806197987996975, 'generation': 526}","{'id': 43444, 'rank': 8, 'fitness': 0.9805298777870313, 'generation': 526}","{'id': 43405, 'rank': 9, 'fitness': 0.9805284111460253, 'generation': 526}","{'id': 43361, 'rank': 10, 'fitness': 0.9795046012814137, 'generation': 526}","{'id': 43361, 'rank': 11, 'fitness': 0.9795046012814137, 'generation': 526}","{'id': 43236, 'rank': 12, 'fitness': 0.9788421408580066, 'generation': 526}","{'id': 43276, 'rank': 13, 'fitness': 0.9785436373436149, 'generation': 526}","{'id': 43408, 'rank': 14, 'fitness': 0.9785402258163028, 'generation': 526}","{'id': 43447, 'rank': 15, 'fitness': 0.9779393967768624, 'generation': 526}","{'id': 43446, 'rank': 16, 'fitness': 0.9778423179171802, 'generation': 526}","{'id': 43412, 'rank': 17, 'fitness': 0.9775582801670784, 'generation': 526}","{'id': 43412, 'rank': 18, 'fitness': 0.9775582801670784, 'generation': 526}","{'id': 43412, 'rank': 19, 'fitness': 0.9775582801670784, 'generation': 526}","{'id': 43431, 'rank': 20, 'fitness': 0.9751790781509073, 'generation': 526}","{'id': 43352, 'rank': 21, 'fitness': 0.9735907291427248, 'generation': 526}","{'id': 43352, 'rank': 22, 'fitness': 0.9735907291427248, 'generation': 526}","{'id': 43335, 'rank': 23, 'fitness': 0.9732621336526397, 'generation': 526}","{'id': 43421, 'rank': 24, 'fitness': 0.971089801623419, 'generation': 526}","{'id': 43437, 'rank': 25, 'fitness': 0.9637448381393499, 'generation': 526}","{'id': 43350, 'rank': 26, 'fitness': 0.9637287757809425, 'generation': 526}","{'id': 43350, 'rank': 27, 'fitness': 0.9637287757809425, 'generation': 526}","{'id': 43376, 'rank': 28, 'fitness': 0.9598541467710887, 'generation': 526}","{'id': 43449, 'rank': 29, 'fitness': 0.769456971903004, 'generation': 526}","{'id': 43396, 'rank': 30, 'fitness': 0.01798620996209155, 'generation': 526}"
"{'id': 43498, 'rank': 1, 'fitness': 0.9820137900379085, 'generation': 527}","{'id': 43516, 'rank': 2, 'fitness': 0.9803279259407808, 'generation': 527}","{'id': 43318, 'rank': 3, 'fitness': 0.9802129116563895, 'generation': 527}","{'id': 43419, 'rank': 4, 'fitness': 0.9800170251469145, 'generation': 527}","{'id': 43471, 'rank': 5, 'fitness': 0.9791402405437004, 'generation': 527}","{'id': 43538, 'rank': 6, 'fitness': 0.9783199425867453, 'generation': 527}","{'id': 43436, 'rank': 7, 'fitness': 0.9776243114061812, 'generation': 527}","{'id': 43462, 'rank': 8, 'fitness': 0.9736742059483164, 'generation': 527}","{'id': 43550, 'rank': 9, 'fitness': 0.97332803077537, 'generation': 527}","{'id': 43551, 'rank': 10, 'fitness': 0.9723306503543774, 'generation': 527}","{'id': 43496, 'rank': 11, 'fitness': 0.9718910245354989, 'generation': 527}","{'id': 43361, 'rank': 12, 'fitness': 0.9716132223268992, 'generation': 527}","{'id': 43486, 'rank': 13, 'fitness': 0.9634375675869794, 'generation': 527}","{'id': 43541, 'rank': 14, 'fitness': 0.9579784486803709, 'generation': 527}","{'id': 43490, 'rank': 15, 'fitness': 0.9575937765665308, 'generation': 527}","{'id': 43431, 'rank': 16, 'fitness': 0.9520781743524243, 'generation': 527}","{'id': 43546, 'rank': 17, 'fitness': 0.9472991500080854, 'generation': 527}","{'id': 43352, 'rank': 18, 'fitness': 0.9433382923333211, 'generation': 527}","{'id': 43335, 'rank': 19, 'fitness': 0.9414232698287541, 'generation': 527}","{'id': 43421, 'rank': 20, 'fitness': 0.9278394719981148, 'generation': 527}","{'id': 43467, 'rank': 21, 'fitness': 0.921757702786215, 'generation': 527}","{'id': 43468, 'rank': 22, 'fitness': 0.9062910474372585, 'generation': 527}","{'id': 43483, 'rank': 23, 'fitness': 0.9061262329090057, 'generation': 527}","{'id': 43472, 'rank': 24, 'fitness': 0.8730294242937229, 'generation': 527}","{'id': 43350, 'rank': 25, 'fitness': 0.8702347032760015, 'generation': 527}","{'id': 43540, 'rank': 26, 'fitness': 0.8647497660066026, 'generation': 527}","{'id': 43474, 'rank': 27, 'fitness': 0.6964720765837745, 'generation': 527}","{'id': 43495, 'rank': 28, 'fitness': 0.51229816096442, 'generation': 527}","{'id': 43501, 'rank': 29, 'fitness': 0.020278349988553657, 'generation': 527}","{'id': 43475, 'rank': 30, 'fitness': 0.01798620996209155, 'generation': 527}"
"{'id': 43516, 'rank': 1, 'fitness': 0.9820137900379085, 'generation': 528}","{'id': 43419, 'rank': 2, 'fitness': 0.9819765843599286, 'generation': 528}","{'id': 43617, 'rank': 3, 'fitness': 0.9819393707500443, 'generation': 528}","{'id': 43638, 'rank': 4, 'fitness': 0.981833598031155, 'generation': 528}","{'id': 43538, 'rank': 5, 'fitness': 0.981781759731535, 'generation': 528}","{'id': 43610, 'rank': 6, 'fitness': 0.9815383801446743, 'generation': 528}","{'id': 43632, 'rank': 7, 'fitness': 0.9811851217743318, 'generation': 528}","{'id': 43496, 'rank': 8, 'fitness': 0.9811445636965757, 'generation': 528}","{'id': 43637, 'rank': 9, 'fitness': 0.9810186129552023, 'generation': 528}","{'id': 43563, 'rank': 10, 'fitness': 0.9809510584770524, 'generation': 528}","{'id': 43588, 'rank': 11, 'fitness': 0.9800186395858497, 'generation': 528}","{'id': 43623, 'rank': 12, 'fitness': 0.9800029085694063, 'generation': 528}","{'id': 43623, 'rank': 13, 'fitness': 0.9800029085694063, 'generation': 528}","{'id': 43623, 'rank': 14, 'fitness': 0.9800029085694063, 'generation': 528}","{'id': 43623, 'rank': 15, 'fitness': 0.9800029085694063, 'generation': 528}","{'id': 43572, 'rank': 16, 'fitness': 0.9781039296507729, 'generation': 528}","{'id': 43574, 'rank': 17, 'fitness': 0.9769537638391801, 'generation': 528}","{'id': 43540, 'rank': 18, 'fitness': 0.9765671120084769, 'generation': 528}","{'id': 43587, 'rank': 19, 'fitness': 0.9761198360954633, 'generation': 528}","{'id': 43576, 'rank': 20, 'fitness': 0.975446213216693, 'generation': 528}","{'id': 43579, 'rank': 21, 'fitness': 0.974775987555693, 'generation': 528}","{'id': 43581, 'rank': 22, 'fitness': 0.9732132469571378, 'generation': 528}","{'id': 43605, 'rank': 23, 'fitness': 0.9728163539638683, 'generation': 528}","{'id': 43605, 'rank': 24, 'fitness': 0.9728163539638683, 'generation': 528}","{'id': 43629, 'rank': 25, 'fitness': 0.9613416645180348, 'generation': 528}","{'id': 43615, 'rank': 26, 'fitness': 0.954317872192038, 'generation': 528}","{'id': 43615, 'rank': 27, 'fitness': 0.954317872192038, 'generation': 528}","{'id': 43604, 'rank': 28, 'fitness': 0.9453762634981546, 'generation': 528}","{'id': 43628, 'rank': 29, 'fitness': 0.5574529634331521, 'generation': 528}","{'id': 43602, 'rank': 30, 'fitness': 0.01798620996209155, 'generation': 528}"
"{'id': 43516, 'rank': 1, 'fitness': 0.9820137900379085, 'generation': 529}","{'id': 43679, 'rank': 2, 'fitness': 0.981769126737865, 'generation': 529}","{'id': 43663, 'rank': 3, 'fitness': 0.9817644977253159, 'generation': 529}","{'id': 43538, 'rank': 4, 'fitness': 0.9817449676602943, 'generation': 529}","{'id': 43654, 'rank': 5, 'fitness': 0.9816273011533803, 'generation': 529}","{'id': 43610, 'rank': 6, 'fitness': 0.9814624278486827, 'generation': 529}","{'id': 43637, 'rank': 7, 'fitness': 0.9808571117629947, 'generation': 529}","{'id': 43666, 'rank': 8, 'fitness': 0.9805060478610401, 'generation': 529}","{'id': 43690, 'rank': 9, 'fitness': 0.9802395246492589, 'generation': 529}","{'id': 43644, 'rank': 10, 'fitness': 0.9800070190491943, 'generation': 529}","{'id': 43623, 'rank': 11, 'fitness': 0.9796669053941245, 'generation': 529}","{'id': 43659, 'rank': 12, 'fitness': 0.9792465257004854, 'generation': 529}","{'id': 43721, 'rank': 13, 'fitness': 0.9792266993898314, 'generation': 529}","{'id': 43688, 'rank': 14, 'fitness': 0.9788791680510236, 'generation': 529}","{'id': 43689, 'rank': 15, 'fitness': 0.9787992518255313, 'generation': 529}","{'id': 43713, 'rank': 16, 'fitness': 0.9779311574624593, 'generation': 529}","{'id': 43696, 'rank': 17, 'fitness': 0.9761800532449616, 'generation': 529}","{'id': 43648, 'rank': 18, 'fitness': 0.974430853779933, 'generation': 529}","{'id': 43576, 'rank': 19, 'fitness': 0.9742184140417063, 'generation': 529}","{'id': 43676, 'rank': 20, 'fitness': 0.9725745033549471, 'generation': 529}","{'id': 43693, 'rank': 21, 'fitness': 0.9696644152683864, 'generation': 529}","{'id': 43706, 'rank': 22, 'fitness': 0.9662517367060581, 'generation': 529}","{'id': 43685, 'rank': 23, 'fitness': 0.9653349682769718, 'generation': 529}","{'id': 43685, 'rank': 24, 'fitness': 0.9653349682769718, 'generation': 529}","{'id': 43656, 'rank': 25, 'fitness': 0.9622931031592545, 'generation': 529}","{'id': 43660, 'rank': 26, 'fitness': 0.9588051371936253, 'generation': 529}","{'id': 43604, 'rank': 27, 'fitness': 0.9352488295464739, 'generation': 529}","{'id': 43715, 'rank': 28, 'fitness': 0.9092724545365, 'generation': 529}","{'id': 43657, 'rank': 29, 'fitness': 0.9028550787884884, 'generation': 529}","{'id': 43727, 'rank': 30, 'fitness': 0.01798620996209155, 'generation': 529}"
"{'id': 43760, 'rank': 1, 'fitness': 0.9820137900379085, 'generation': 530}","{'id': 43813, 'rank': 2, 'fitness': 0.9817512796481551, 'generation': 530}","{'id': 43765, 'rank': 3, 'fitness': 0.9815971794962619, 'generation': 530}","{'id': 43745, 'rank': 4, 'fitness': 0.9811389329062354, 'generation': 530}","{'id': 43654, 'rank': 5, 'fitness': 0.9809819770189812, 'generation': 530}","{'id': 43812, 'rank': 6, 'fitness': 0.980855822657727, 'generation': 530}","{'id': 43756, 'rank': 7, 'fitness': 0.9806752902716944, 'generation': 530}","{'id': 43776, 'rank': 8, 'fitness': 0.9785604532720655, 'generation': 530}","{'id': 43759, 'rank': 9, 'fitness': 0.9776126864829392, 'generation': 530}","{'id': 43783, 'rank': 10, 'fitness': 0.9764045334309677, 'generation': 530}","{'id': 43659, 'rank': 11, 'fitness': 0.9759991092034797, 'generation': 530}","{'id': 43784, 'rank': 12, 'fitness': 0.9751162803309485, 'generation': 530}","{'id': 43784, 'rank': 13, 'fitness': 0.9751162803309485, 'generation': 530}","{'id': 43689, 'rank': 14, 'fitness': 0.9750032850129153, 'generation': 530}","{'id': 43800, 'rank': 15, 'fitness': 0.9743705919508943, 'generation': 530}","{'id': 43731, 'rank': 16, 'fitness': 0.9732652890046369, 'generation': 530}","{'id': 43734, 'rank': 17, 'fitness': 0.9710621027807436, 'generation': 530}","{'id': 43805, 'rank': 18, 'fitness': 0.9668081753202924, 'generation': 530}","{'id': 43808, 'rank': 19, 'fitness': 0.9643442508768935, 'generation': 530}","{'id': 43732, 'rank': 20, 'fitness': 0.9633502211711809, 'generation': 530}","{'id': 43676, 'rank': 21, 'fitness': 0.9592578433696519, 'generation': 530}","{'id': 43807, 'rank': 22, 'fitness': 0.9583109545467189, 'generation': 530}","{'id': 43788, 'rank': 23, 'fitness': 0.9582686493835808, 'generation': 530}","{'id': 43741, 'rank': 24, 'fitness': 0.947604401464813, 'generation': 530}","{'id': 43794, 'rank': 25, 'fitness': 0.9403517946871667, 'generation': 530}","{'id': 43660, 'rank': 26, 'fitness': 0.9131838020591764, 'generation': 530}","{'id': 43820, 'rank': 27, 'fitness': 0.8339247737823168, 'generation': 530}","{'id': 43736, 'rank': 28, 'fitness': 0.6954626030211793, 'generation': 530}","{'id': 43821, 'rank': 29, 'fitness': 0.4608070147624921, 'generation': 530}","{'id': 43782, 'rank': 30, 'fitness': 0.01798620996209155, 'generation': 530}"
"{'id': 43872, 'rank': 1, 'fitness': 0.9820137900379085, 'generation': 531}","{'id': 43745, 'rank': 2, 'fitness': 0.9813507335873575, 'generation': 531}","{'id': 43654, 'rank': 3, 'fitness': 0.9811952808718628, 'generation': 531}","{'id': 43885, 'rank': 4, 'fitness': 0.9811460930950894, 'generation': 531}","{'id': 43833, 'rank': 5, 'fitness': 0.980961194096873, 'generation': 531}","{'id': 43887, 'rank': 6, 'fitness': 0.9783624105236897, 'generation': 531}","{'id': 43887, 'rank': 7, 'fitness': 0.9783624105236897, 'generation': 531}","{'id': 43845, 'rank': 8, 'fitness': 0.9768343500454904, 'generation': 531}","{'id': 43839, 'rank': 9, 'fitness': 0.9766487014675327, 'generation': 531}","{'id': 43659, 'rank': 10, 'fitness': 0.9762589723683464, 'generation': 531}","{'id': 43866, 'rank': 11, 'fitness': 0.9761394471475242, 'generation': 531}","{'id': 43784, 'rank': 12, 'fitness': 0.9753841742987654, 'generation': 531}","{'id': 43800, 'rank': 13, 'fitness': 0.9746452217170634, 'generation': 531}","{'id': 43841, 'rank': 14, 'fitness': 0.9737737385437999, 'generation': 531}","{'id': 43731, 'rank': 15, 'fitness': 0.9735498251603201, 'generation': 531}","{'id': 43731, 'rank': 16, 'fitness': 0.9735498251603201, 'generation': 531}","{'id': 43905, 'rank': 17, 'fitness': 0.9735192717370221, 'generation': 531}","{'id': 43883, 'rank': 18, 'fitness': 0.9713087589346685, 'generation': 531}","{'id': 43805, 'rank': 19, 'fitness': 0.9671488621662392, 'generation': 531}","{'id': 43842, 'rank': 20, 'fitness': 0.9666779579700868, 'generation': 531}","{'id': 43808, 'rank': 21, 'fitness': 0.9647056503215794, 'generation': 531}","{'id': 43732, 'rank': 22, 'fitness': 0.9637198732045215, 'generation': 531}","{'id': 43732, 'rank': 23, 'fitness': 0.9637198732045215, 'generation': 531}","{'id': 43844, 'rank': 24, 'fitness': 0.9607446048647877, 'generation': 531}","{'id': 43899, 'rank': 25, 'fitness': 0.9449420470534269, 'generation': 531}","{'id': 43877, 'rank': 26, 'fitness': 0.9340645403962459, 'generation': 531}","{'id': 43877, 'rank': 27, 'fitness': 0.9340645403962459, 'generation': 531}","{'id': 43820, 'rank': 28, 'fitness': 0.8350469996541647, 'generation': 531}","{'id': 43736, 'rank': 29, 'fitness': 0.6969398946071533, 'generation': 531}","{'id': 43782, 'rank': 30, 'fitness': 0.01798620996209155, 'generation': 531}"
"{'id': 43979, 'rank': 1, 'fitness': 0.9820137900379085, 'generation': 532}","{'id': 43912, 'rank': 2, 'fitness': 0.9820055236342444, 'generation': 532}","{'id': 44004, 'rank': 3, 'fitness': 0.9819924857225899, 'generation': 532}","{'id': 43920, 'rank': 4, 'fitness': 0.9818874860797282, 'generation': 532}","{'id': 43930, 'rank': 5, 'fitness': 0.9818528779765514, 'generation': 532}","{'id': 43916, 'rank': 6, 'fitness': 0.981730988428875, 'generation': 532}","{'id': 43887, 'rank': 7, 'fitness': 0.9815810714252065, 'generation': 532}","{'id': 43933, 'rank': 8, 'fitness': 0.9815441069631018, 'generation': 532}","{'id': 43933, 'rank': 9, 'fitness': 0.9815441069631018, 'generation': 532}","{'id': 43940, 'rank': 10, 'fitness': 0.9814871786131132, 'generation': 532}","{'id': 43839, 'rank': 11, 'fitness': 0.9814221616738901, 'generation': 532}","{'id': 43926, 'rank': 12, 'fitness': 0.9813887396293979, 'generation': 532}","{'id': 43866, 'rank': 13, 'fitness': 0.9813768870345497, 'generation': 532}","{'id': 43866, 'rank': 14, 'fitness': 0.9813768870345497, 'generation': 532}","{'id': 44005, 'rank': 15, 'fitness': 0.9813288914498339, 'generation': 532}","{'id': 43784, 'rank': 16, 'fitness': 0.9813112555493705, 'generation': 532}","{'id': 43841, 'rank': 17, 'fitness': 0.9811769270139674, 'generation': 532}","{'id': 43919, 'rank': 18, 'fitness': 0.9811524038437845, 'generation': 532}","{'id': 43989, 'rank': 19, 'fitness': 0.9811450308617615, 'generation': 532}","{'id': 43883, 'rank': 20, 'fitness': 0.9809844873010172, 'generation': 532}","{'id': 44008, 'rank': 21, 'fitness': 0.9806095428319925, 'generation': 532}","{'id': 43732, 'rank': 22, 'fitness': 0.980469971774989, 'generation': 532}","{'id': 43997, 'rank': 23, 'fitness': 0.9804364969660746, 'generation': 532}","{'id': 43936, 'rank': 24, 'fitness': 0.9799974652766502, 'generation': 532}","{'id': 44001, 'rank': 25, 'fitness': 0.9799136353211393, 'generation': 532}","{'id': 44001, 'rank': 26, 'fitness': 0.9799136353211393, 'generation': 532}","{'id': 44002, 'rank': 27, 'fitness': 0.9782332415663053, 'generation': 532}","{'id': 44002, 'rank': 28, 'fitness': 0.9782332415663053, 'generation': 532}","{'id': 43971, 'rank': 29, 'fitness': 0.923227939706873, 'generation': 532}","{'id': 43982, 'rank': 30, 'fitness': 0.01798620996209155, 'generation': 532}"
"{'id': 44062, 'rank': 1, 'fitness': 0.9820137900379085, 'generation': 533}","{'id': 44014, 'rank': 2, 'fitness': 0.9816874181418836, 'generation': 533}","{'id': 44014, 'rank': 3, 'fitness': 0.9816874181418836, 'generation': 533}","{'id': 44015, 'rank': 4, 'fitness': 0.981574599359081, 'generation': 533}","{'id': 43916, 'rank': 5, 'fitness': 0.9809260649951119, 'generation': 533}","{'id': 44049, 'rank': 6, 'fitness': 0.980277224811996, 'generation': 533}","{'id': 44016, 'rank': 7, 'fitness': 0.9801559739176622, 'generation': 533}","{'id': 44016, 'rank': 8, 'fitness': 0.9801559739176622, 'generation': 533}","{'id': 44088, 'rank': 9, 'fitness': 0.9800797639754678, 'generation': 533}","{'id': 44019, 'rank': 10, 'fitness': 0.9800438997375777, 'generation': 533}","{'id': 44071, 'rank': 11, 'fitness': 0.98000599378458, 'generation': 533}","{'id': 44077, 'rank': 12, 'fitness': 0.9798348451242793, 'generation': 533}","{'id': 43866, 'rank': 13, 'fitness': 0.9796764372253299, 'generation': 533}","{'id': 44068, 'rank': 14, 'fitness': 0.9795256657990713, 'generation': 533}","{'id': 43841, 'rank': 15, 'fitness': 0.9789466686970165, 'generation': 533}","{'id': 43989, 'rank': 16, 'fitness': 0.9788286337778244, 'generation': 533}","{'id': 44052, 'rank': 17, 'fitness': 0.9786505929071742, 'generation': 533}","{'id': 44070, 'rank': 18, 'fitness': 0.9784623711968341, 'generation': 533}","{'id': 44024, 'rank': 19, 'fitness': 0.9776547202698478, 'generation': 533}","{'id': 44023, 'rank': 20, 'fitness': 0.9766688753703827, 'generation': 533}","{'id': 44030, 'rank': 21, 'fitness': 0.9745025082692056, 'generation': 533}","{'id': 43936, 'rank': 22, 'fitness': 0.9742762928421671, 'generation': 533}","{'id': 44002, 'rank': 23, 'fitness': 0.9660575502147366, 'generation': 533}","{'id': 44002, 'rank': 24, 'fitness': 0.9660575502147366, 'generation': 533}","{'id': 44038, 'rank': 25, 'fitness': 0.9642941948130448, 'generation': 533}","{'id': 44038, 'rank': 26, 'fitness': 0.9642941948130448, 'generation': 533}","{'id': 44066, 'rank': 27, 'fitness': 0.964113021890169, 'generation': 533}","{'id': 44066, 'rank': 28, 'fitness': 0.964113021890169, 'generation': 533}","{'id': 43971, 'rank': 29, 'fitness': 0.2660309305760491, 'generation': 533}","{'id': 44084, 'rank': 30, 'fitness': 0.01798620996209155, 'generation': 533}"
"{'id': 44062, 'rank': 1, 'fitness': 0.9820137900379085, 'generation': 534}","{'id': 44104, 'rank': 2, 'fitness': 0.9808467485626048, 'generation': 534}","{'id': 44141, 'rank': 3, 'fitness': 0.98034986981495, 'generation': 534}","{'id': 44014, 'rank': 4, 'fitness': 0.980252622210509, 'generation': 534}","{'id': 44137, 'rank': 5, 'fitness': 0.9786652616951824, 'generation': 534}","{'id': 44093, 'rank': 6, 'fitness': 0.975362737057994, 'generation': 534}","{'id': 44157, 'rank': 7, 'fitness': 0.974700239721306, 'generation': 534}","{'id': 44160, 'rank': 8, 'fitness': 0.9722031867196204, 'generation': 534}","{'id': 44142, 'rank': 9, 'fitness': 0.9720557241868112, 'generation': 534}","{'id': 44146, 'rank': 10, 'fitness': 0.9707240375087028, 'generation': 534}","{'id': 44016, 'rank': 11, 'fitness': 0.9700891870342712, 'generation': 534}","{'id': 44019, 'rank': 12, 'fitness': 0.969210167919037, 'generation': 534}","{'id': 43841, 'rank': 13, 'fitness': 0.9595048912841271, 'generation': 534}","{'id': 44098, 'rank': 14, 'fitness': 0.9570987148439281, 'generation': 534}","{'id': 44098, 'rank': 15, 'fitness': 0.9570987148439281, 'generation': 534}","{'id': 44113, 'rank': 16, 'fitness': 0.9568391859597436, 'generation': 534}","{'id': 44052, 'rank': 17, 'fitness': 0.956522784458684, 'generation': 534}","{'id': 44070, 'rank': 18, 'fitness': 0.9545418064617425, 'generation': 534}","{'id': 44143, 'rank': 19, 'fitness': 0.9427139260205303, 'generation': 534}","{'id': 44023, 'rank': 20, 'fitness': 0.9320807609036639, 'generation': 534}","{'id': 44167, 'rank': 21, 'fitness': 0.9268946720876484, 'generation': 534}","{'id': 44111, 'rank': 22, 'fitness': 0.912580107662189, 'generation': 534}","{'id': 44030, 'rank': 23, 'fitness': 0.8952928579484231, 'generation': 534}","{'id': 44171, 'rank': 24, 'fitness': 0.863218503715748, 'generation': 534}","{'id': 44171, 'rank': 25, 'fitness': 0.863218503715748, 'generation': 534}","{'id': 44002, 'rank': 26, 'fitness': 0.6487510926738802, 'generation': 534}","{'id': 44002, 'rank': 27, 'fitness': 0.6487510926738802, 'generation': 534}","{'id': 44121, 'rank': 28, 'fitness': 0.37333330110974683, 'generation': 534}","{'id': 44165, 'rank': 29, 'fitness': 0.030086363871300703, 'generation': 534}","{'id': 44166, 'rank': 30, 'fitness': 0.01798620996209155, 'generation': 534}"
"{'id': 44174, 'rank': 1, 'fitness': 0.9820137900379085, 'generation': 535}","{'id': 44174, 'rank': 2, 'fitness': 0.9820137900379085, 'generation': 535}","{'id': 44192, 'rank': 3, 'fitness': 0.9819391055188968, 'generation': 535}","{'id': 44181, 'rank': 4, 'fitness': 0.9819381424913016, 'generation': 535}","{'id': 44194, 'rank': 5, 'fitness': 0.9817869438867013, 'generation': 535}","{'id': 44188, 'rank': 6, 'fitness': 0.9817710681747832, 'generation': 535}","{'id': 44184, 'rank': 7, 'fitness': 0.9816318976490271, 'generation': 535}","{'id': 44191, 'rank': 8, 'fitness': 0.9815952469838838, 'generation': 535}","{'id': 44093, 'rank': 9, 'fitness': 0.9815175638935583, 'generation': 535}","{'id': 44207, 'rank': 10, 'fitness': 0.9814979105099418, 'generation': 535}","{'id': 44234, 'rank': 11, 'fitness': 0.9813857793934222, 'generation': 535}","{'id': 44016, 'rank': 12, 'fitness': 0.981259201705612, 'generation': 535}","{'id': 44227, 'rank': 13, 'fitness': 0.9812089358446902, 'generation': 535}","{'id': 44203, 'rank': 14, 'fitness': 0.9811285215039482, 'generation': 535}","{'id': 44210, 'rank': 15, 'fitness': 0.9809969968186003, 'generation': 535}","{'id': 44183, 'rank': 16, 'fitness': 0.9808502359495038, 'generation': 535}","{'id': 44098, 'rank': 17, 'fitness': 0.9807647577538126, 'generation': 535}","{'id': 44052, 'rank': 18, 'fitness': 0.9807460952682618, 'generation': 535}","{'id': 44070, 'rank': 19, 'fitness': 0.9806835275174081, 'generation': 535}","{'id': 44226, 'rank': 20, 'fitness': 0.9804646925885472, 'generation': 535}","{'id': 44201, 'rank': 21, 'fitness': 0.9801816637341407, 'generation': 535}","{'id': 44030, 'rank': 22, 'fitness': 0.9794383191507953, 'generation': 535}","{'id': 44171, 'rank': 23, 'fitness': 0.9789998895705736, 'generation': 535}","{'id': 44171, 'rank': 24, 'fitness': 0.9789998895705736, 'generation': 535}","{'id': 44241, 'rank': 25, 'fitness': 0.9789971221161445, 'generation': 535}","{'id': 44247, 'rank': 26, 'fitness': 0.9789335818064125, 'generation': 535}","{'id': 44187, 'rank': 27, 'fitness': 0.9750770587720272, 'generation': 535}","{'id': 44165, 'rank': 28, 'fitness': 0.9696723320484607, 'generation': 535}","{'id': 44249, 'rank': 29, 'fitness': 0.9657507943221064, 'generation': 535}","{'id': 44237, 'rank': 30, 'fitness': 0.01798620996209155, 'generation': 535}"
"{'id': 44192, 'rank': 1, 'fitness': 0.9820137900379085, 'generation': 536}","{'id': 44181, 'rank': 2, 'fitness': 0.9819875483136729, 'generation': 536}","{'id': 44255, 'rank': 3, 'fitness': 0.9816049155682125, 'generation': 536}","{'id': 44333, 'rank': 4, 'fitness': 0.9813856943272797, 'generation': 536}","{'id': 44284, 'rank': 5, 'fitness': 0.9793237691086508, 'generation': 536}","{'id': 44253, 'rank': 6, 'fitness': 0.9779923725619705, 'generation': 536}","{'id': 44253, 'rank': 7, 'fitness': 0.9779923725619705, 'generation': 536}","{'id': 44268, 'rank': 8, 'fitness': 0.975226717314694, 'generation': 536}","{'id': 44184, 'rank': 9, 'fitness': 0.9715374459945728, 'generation': 536}","{'id': 44319, 'rank': 10, 'fitness': 0.9688364013166342, 'generation': 536}","{'id': 44093, 'rank': 11, 'fitness': 0.9663477704578991, 'generation': 536}","{'id': 44275, 'rank': 12, 'fitness': 0.9629767924244609, 'generation': 536}","{'id': 44252, 'rank': 13, 'fitness': 0.9628387088264446, 'generation': 536}","{'id': 44331, 'rank': 14, 'fitness': 0.9474809303085137, 'generation': 536}","{'id': 44331, 'rank': 15, 'fitness': 0.9474809303085137, 'generation': 536}","{'id': 44303, 'rank': 16, 'fitness': 0.93625942842573, 'generation': 536}","{'id': 44304, 'rank': 17, 'fitness': 0.9221935289898702, 'generation': 536}","{'id': 44272, 'rank': 18, 'fitness': 0.9079201211973906, 'generation': 536}","{'id': 44052, 'rank': 19, 'fitness': 0.9018431481712588, 'generation': 536}","{'id': 44226, 'rank': 20, 'fitness': 0.8597621053276573, 'generation': 536}","{'id': 44226, 'rank': 21, 'fitness': 0.8597621053276573, 'generation': 536}","{'id': 44262, 'rank': 22, 'fitness': 0.8572194422685195, 'generation': 536}","{'id': 44330, 'rank': 23, 'fitness': 0.7874239221616123, 'generation': 536}","{'id': 44330, 'rank': 24, 'fitness': 0.7874239221616123, 'generation': 536}","{'id': 44257, 'rank': 25, 'fitness': 0.7679756511854883, 'generation': 536}","{'id': 44280, 'rank': 26, 'fitness': 0.6238834628699049, 'generation': 536}","{'id': 44314, 'rank': 27, 'fitness': 0.28585382842659024, 'generation': 536}","{'id': 44278, 'rank': 28, 'fitness': 0.24248343451965182, 'generation': 536}","{'id': 44313, 'rank': 29, 'fitness': 0.227192418592285, 'generation': 536}","{'id': 44312, 'rank': 30, 'fitness': 0.01798620996209155, 'generation': 536}"
"{'id': 44192, 'rank': 1, 'fitness': 0.9820137900379085, 'generation': 537}","{'id': 44192, 'rank': 2, 'fitness': 0.9820137900379085, 'generation': 537}","{'id': 44181, 'rank': 3, 'fitness': 0.9820076119001876, 'generation': 537}","{'id': 44253, 'rank': 4, 'fitness': 0.9811368388094601, 'generation': 537}","{'id': 44363, 'rank': 5, 'fitness': 0.9809762942502848, 'generation': 537}","{'id': 44343, 'rank': 6, 'fitness': 0.9803517516228055, 'generation': 537}","{'id': 44347, 'rank': 7, 'fitness': 0.9803252477873325, 'generation': 537}","{'id': 44344, 'rank': 8, 'fitness': 0.9792889654872863, 'generation': 537}","{'id': 44372, 'rank': 9, 'fitness': 0.979276490803571, 'generation': 537}","{'id': 44093, 'rank': 10, 'fitness': 0.9791358735019098, 'generation': 537}","{'id': 44349, 'rank': 11, 'fitness': 0.9789606065137654, 'generation': 537}","{'id': 44275, 'rank': 12, 'fitness': 0.9786542981312258, 'generation': 537}","{'id': 44357, 'rank': 13, 'fitness': 0.978314131506818, 'generation': 537}","{'id': 44331, 'rank': 14, 'fitness': 0.976777727111922, 'generation': 537}","{'id': 44331, 'rank': 15, 'fitness': 0.976777727111922, 'generation': 537}","{'id': 44358, 'rank': 16, 'fitness': 0.9767390912306877, 'generation': 537}","{'id': 44052, 'rank': 17, 'fitness': 0.9728855890145378, 'generation': 537}","{'id': 44052, 'rank': 18, 'fitness': 0.9728855890145378, 'generation': 537}","{'id': 44262, 'rank': 19, 'fitness': 0.9701125283053638, 'generation': 537}","{'id': 44330, 'rank': 20, 'fitness': 0.9666318588890974, 'generation': 537}","{'id': 44257, 'rank': 21, 'fitness': 0.9657660412680547, 'generation': 537}","{'id': 44395, 'rank': 22, 'fitness': 0.9622225733377818, 'generation': 537}","{'id': 44280, 'rank': 23, 'fitness': 0.9599582116606833, 'generation': 537}","{'id': 44314, 'rank': 24, 'fitness': 0.9449076421157032, 'generation': 537}","{'id': 44409, 'rank': 25, 'fitness': 0.9152716554371177, 'generation': 537}","{'id': 44350, 'rank': 26, 'fitness': 0.9150638589437466, 'generation': 537}","{'id': 44396, 'rank': 27, 'fitness': 0.8460805549785768, 'generation': 537}","{'id': 44396, 'rank': 28, 'fitness': 0.8460805549785768, 'generation': 537}","{'id': 44371, 'rank': 29, 'fitness': 0.7569196433276167, 'generation': 537}","{'id': 44384, 'rank': 30, 'fitness': 0.01798620996209155, 'generation': 537}"
"{'id': 44192, 'rank': 1, 'fitness': 0.9820137900379085, 'generation': 538}","{'id': 44414, 'rank': 2, 'fitness': 0.9813388613746907, 'generation': 538}","{'id': 44442, 'rank': 3, 'fitness': 0.9812059890263711, 'generation': 538}","{'id': 44435, 'rank': 4, 'fitness': 0.9804803857008013, 'generation': 538}","{'id': 44435, 'rank': 5, 'fitness': 0.9804803857008013, 'generation': 538}","{'id': 44347, 'rank': 6, 'fitness': 0.9803858170744566, 'generation': 538}","{'id': 44372, 'rank': 7, 'fitness': 0.9793770688988037, 'generation': 538}","{'id': 44372, 'rank': 8, 'fitness': 0.9793770688988037, 'generation': 538}","{'id': 44476, 'rank': 9, 'fitness': 0.979357602670113, 'generation': 538}","{'id': 44449, 'rank': 10, 'fitness': 0.9788018878489607, 'generation': 538}","{'id': 44357, 'rank': 11, 'fitness': 0.978452927145486, 'generation': 538}","{'id': 44490, 'rank': 12, 'fitness': 0.9780976286934776, 'generation': 538}","{'id': 44446, 'rank': 13, 'fitness': 0.9775965267235005, 'generation': 538}","{'id': 44451, 'rank': 14, 'fitness': 0.9775535191767941, 'generation': 538}","{'id': 44447, 'rank': 15, 'fitness': 0.9769495150229028, 'generation': 538}","{'id': 44444, 'rank': 16, 'fitness': 0.976683547600504, 'generation': 538}","{'id': 44467, 'rank': 17, 'fitness': 0.9757574986953954, 'generation': 538}","{'id': 44052, 'rank': 18, 'fitness': 0.9732638377793982, 'generation': 538}","{'id': 44262, 'rank': 19, 'fitness': 0.9706267218285057, 'generation': 538}","{'id': 44481, 'rank': 20, 'fitness': 0.9628808704543257, 'generation': 538}","{'id': 44460, 'rank': 21, 'fitness': 0.9604597158995789, 'generation': 538}","{'id': 44460, 'rank': 22, 'fitness': 0.9604597158995789, 'generation': 538}","{'id': 44482, 'rank': 23, 'fitness': 0.949772978838889, 'generation': 538}","{'id': 44428, 'rank': 24, 'fitness': 0.9488029793089723, 'generation': 538}","{'id': 44396, 'rank': 25, 'fitness': 0.8560840464652819, 'generation': 538}","{'id': 44473, 'rank': 26, 'fitness': 0.7495715339243605, 'generation': 538}","{'id': 44427, 'rank': 27, 'fitness': 0.46018178158940337, 'generation': 538}","{'id': 44459, 'rank': 28, 'fitness': 0.21273346108964014, 'generation': 538}","{'id': 44461, 'rank': 29, 'fitness': 0.09018479686136321, 'generation': 538}","{'id': 44429, 'rank': 30, 'fitness': 0.01798620996209155, 'generation': 538}"
"{'id': 44550, 'rank': 1, 'fitness': 0.9820137900379085, 'generation': 539}","{'id': 44499, 'rank': 2, 'fitness': 0.9817059705649566, 'generation': 539}","{'id': 44499, 'rank': 3, 'fitness': 0.9817059705649566, 'generation': 539}","{'id': 44495, 'rank': 4, 'fitness': 0.9816699853846982, 'generation': 539}","{'id': 44558, 'rank': 5, 'fitness': 0.9815717067887345, 'generation': 539}","{'id': 44529, 'rank': 6, 'fitness': 0.9813380251452011, 'generation': 539}","{'id': 44476, 'rank': 7, 'fitness': 0.9811887440623485, 'generation': 539}","{'id': 44536, 'rank': 8, 'fitness': 0.9811085392396731, 'generation': 539}","{'id': 44519, 'rank': 9, 'fitness': 0.9808544475368055, 'generation': 539}","{'id': 44519, 'rank': 10, 'fitness': 0.9808544475368055, 'generation': 539}","{'id': 44534, 'rank': 11, 'fitness': 0.9808369200471733, 'generation': 539}","{'id': 44504, 'rank': 12, 'fitness': 0.9805322502045086, 'generation': 539}","{'id': 44504, 'rank': 13, 'fitness': 0.9805322502045086, 'generation': 539}","{'id': 44521, 'rank': 14, 'fitness': 0.9801989941957621, 'generation': 539}","{'id': 44512, 'rank': 15, 'fitness': 0.979817852233243, 'generation': 539}","{'id': 44514, 'rank': 16, 'fitness': 0.9796541971799966, 'generation': 539}","{'id': 44544, 'rank': 17, 'fitness': 0.979613848796721, 'generation': 539}","{'id': 44565, 'rank': 18, 'fitness': 0.9781139423415836, 'generation': 539}","{'id': 44524, 'rank': 19, 'fitness': 0.97764650074041, 'generation': 539}","{'id': 44537, 'rank': 20, 'fitness': 0.9762177318492173, 'generation': 539}","{'id': 44497, 'rank': 21, 'fitness': 0.9743562171124635, 'generation': 539}","{'id': 44497, 'rank': 22, 'fitness': 0.9743562171124635, 'generation': 539}","{'id': 44510, 'rank': 23, 'fitness': 0.9681058736727808, 'generation': 539}","{'id': 44527, 'rank': 24, 'fitness': 0.9577319143831412, 'generation': 539}","{'id': 44552, 'rank': 25, 'fitness': 0.9571968392321568, 'generation': 539}","{'id': 44473, 'rank': 26, 'fitness': 0.954910459899353, 'generation': 539}","{'id': 44459, 'rank': 27, 'fitness': 0.9062362287826923, 'generation': 539}","{'id': 44533, 'rank': 28, 'fitness': 0.8076507083251194, 'generation': 539}","{'id': 44429, 'rank': 29, 'fitness': 0.8006853048172318, 'generation': 539}","{'id': 44538, 'rank': 30, 'fitness': 0.01798620996209155, 'generation': 539}"
"{'id': 44629, 'rank': 1, 'fitness': 0.9820137900379085, 'generation': 540}","{'id': 44550, 'rank': 2, 'fitness': 0.9807107705261148, 'generation': 540}","{'id': 44633, 'rank': 3, 'fitness': 0.979031459413928, 'generation': 540}","{'id': 44495, 'rank': 4, 'fitness': 0.9789673635782137, 'generation': 540}","{'id': 44651, 'rank': 5, 'fitness': 0.9780937280604212, 'generation': 540}","{'id': 44651, 'rank': 6, 'fitness': 0.9780937280604212, 'generation': 540}","{'id': 44643, 'rank': 7, 'fitness': 0.9768980159881859, 'generation': 540}","{'id': 44598, 'rank': 8, 'fitness': 0.9764223464348887, 'generation': 540}","{'id': 44647, 'rank': 9, 'fitness': 0.9763723954888925, 'generation': 540}","{'id': 44602, 'rank': 10, 'fitness': 0.9720919897842979, 'generation': 540}","{'id': 44622, 'rank': 11, 'fitness': 0.9708120187788087, 'generation': 540}","{'id': 44622, 'rank': 12, 'fitness': 0.9708120187788087, 'generation': 540}","{'id': 44597, 'rank': 13, 'fitness': 0.9687598234822272, 'generation': 540}","{'id': 44512, 'rank': 14, 'fitness': 0.967421792913866, 'generation': 540}","{'id': 44512, 'rank': 15, 'fitness': 0.967421792913866, 'generation': 540}","{'id': 44593, 'rank': 16, 'fitness': 0.9668262337785183, 'generation': 540}","{'id': 44593, 'rank': 17, 'fitness': 0.9668262337785183, 'generation': 540}","{'id': 44615, 'rank': 18, 'fitness': 0.9615152042946338, 'generation': 540}","{'id': 44634, 'rank': 19, 'fitness': 0.9609880839970666, 'generation': 540}","{'id': 44582, 'rank': 20, 'fitness': 0.960705080527082, 'generation': 540}","{'id': 44596, 'rank': 21, 'fitness': 0.9582118315824584, 'generation': 540}","{'id': 44599, 'rank': 22, 'fitness': 0.9537375113668962, 'generation': 540}","{'id': 44599, 'rank': 23, 'fitness': 0.9537375113668962, 'generation': 540}","{'id': 44635, 'rank': 24, 'fitness': 0.9529697397575008, 'generation': 540}","{'id': 44635, 'rank': 25, 'fitness': 0.9529697397575008, 'generation': 540}","{'id': 44586, 'rank': 26, 'fitness': 0.9449787075439329, 'generation': 540}","{'id': 44574, 'rank': 27, 'fitness': 0.7647434293726001, 'generation': 540}","{'id': 44578, 'rank': 28, 'fitness': 0.028639974429808923, 'generation': 540}","{'id': 44459, 'rank': 29, 'fitness': 0.01798620996209155, 'generation': 540}","{'id': 44459, 'rank': 30, 'fitness': 0.01798620996209155, 'generation': 540}"
"{'id': 44687, 'rank': 1, 'fitness': 0.9820137900379085, 'generation': 541}","{'id': 44655, 'rank': 2, 'fitness': 0.9817696868205539, 'generation': 541}","{'id': 44655, 'rank': 3, 'fitness': 0.9817696868205539, 'generation': 541}","{'id': 44678, 'rank': 4, 'fitness': 0.9808070686614001, 'generation': 541}","{'id': 44717, 'rank': 5, 'fitness': 0.9793765358521984, 'generation': 541}","{'id': 44633, 'rank': 6, 'fitness': 0.9789847414790606, 'generation': 541}","{'id': 44495, 'rank': 7, 'fitness': 0.9789205245572683, 'generation': 541}","{'id': 44651, 'rank': 8, 'fitness': 0.978045245944632, 'generation': 541}","{'id': 44689, 'rank': 9, 'fitness': 0.9769823335387149, 'generation': 541}","{'id': 44694, 'rank': 10, 'fitness': 0.9765748584893452, 'generation': 541}","{'id': 44598, 'rank': 11, 'fitness': 0.9763707577212233, 'generation': 541}","{'id': 44721, 'rank': 12, 'fitness': 0.9763445443477139, 'generation': 541}","{'id': 44676, 'rank': 13, 'fitness': 0.9750279226927069, 'generation': 541}","{'id': 44685, 'rank': 14, 'fitness': 0.9740156592670615, 'generation': 541}","{'id': 44705, 'rank': 15, 'fitness': 0.972442536233278, 'generation': 541}","{'id': 44602, 'rank': 16, 'fitness': 0.9720325610574942, 'generation': 541}","{'id': 44602, 'rank': 17, 'fitness': 0.9720325610574942, 'generation': 541}","{'id': 44707, 'rank': 18, 'fitness': 0.9688121361108043, 'generation': 541}","{'id': 44615, 'rank': 19, 'fitness': 0.9614377170736594, 'generation': 541}","{'id': 44596, 'rank': 20, 'fitness': 0.9581289803472424, 'generation': 541}","{'id': 44706, 'rank': 21, 'fitness': 0.9459771533452641, 'generation': 541}","{'id': 44586, 'rank': 22, 'fitness': 0.9448754921738156, 'generation': 541}","{'id': 44665, 'rank': 23, 'fitness': 0.9360928607949313, 'generation': 541}","{'id': 44665, 'rank': 24, 'fitness': 0.9360928607949313, 'generation': 541}","{'id': 44691, 'rank': 25, 'fitness': 0.9350774581954828, 'generation': 541}","{'id': 44701, 'rank': 26, 'fitness': 0.9212443040936702, 'generation': 541}","{'id': 44683, 'rank': 27, 'fitness': 0.895306346217721, 'generation': 541}","{'id': 44700, 'rank': 28, 'fitness': 0.8642389594033228, 'generation': 541}","{'id': 44654, 'rank': 29, 'fitness': 0.8596005803240223, 'generation': 541}","{'id': 44459, 'rank': 30, 'fitness': 0.01798620996209155, 'generation': 541}"
"{'id': 44655, 'rank': 1, 'fitness': 0.9820137900379085, 'generation': 542}","{'id': 44739, 'rank': 2, 'fitness': 0.9820119816094276, 'generation': 542}","{'id': 44728, 'rank': 3, 'fitness': 0.9818117694494513, 'generation': 542}","{'id': 44728, 'rank': 4, 'fitness': 0.9818117694494513, 'generation': 542}","{'id': 44731, 'rank': 5, 'fitness': 0.9817900937658947, 'generation': 542}","{'id': 44769, 'rank': 6, 'fitness': 0.9816039136393099, 'generation': 542}","{'id': 44750, 'rank': 7, 'fitness': 0.9815937884583646, 'generation': 542}","{'id': 44745, 'rank': 8, 'fitness': 0.9815762912431161, 'generation': 542}","{'id': 44745, 'rank': 9, 'fitness': 0.9815762912431161, 'generation': 542}","{'id': 44749, 'rank': 10, 'fitness': 0.9808456816220339, 'generation': 542}","{'id': 44723, 'rank': 11, 'fitness': 0.9804278939462691, 'generation': 542}","{'id': 44795, 'rank': 12, 'fitness': 0.9800805444105485, 'generation': 542}","{'id': 44766, 'rank': 13, 'fitness': 0.980077508983315, 'generation': 542}","{'id': 44793, 'rank': 14, 'fitness': 0.9796642181789511, 'generation': 542}","{'id': 44676, 'rank': 15, 'fitness': 0.9796452760528562, 'generation': 542}","{'id': 44779, 'rank': 16, 'fitness': 0.9788768920123062, 'generation': 542}","{'id': 44705, 'rank': 17, 'fitness': 0.978838783356724, 'generation': 542}","{'id': 44789, 'rank': 18, 'fitness': 0.9782309677165035, 'generation': 542}","{'id': 44801, 'rank': 19, 'fitness': 0.9777032401628047, 'generation': 542}","{'id': 44763, 'rank': 20, 'fitness': 0.9772139061738981, 'generation': 542}","{'id': 44763, 'rank': 21, 'fitness': 0.9772139061738981, 'generation': 542}","{'id': 44770, 'rank': 22, 'fitness': 0.9750210676024005, 'generation': 542}","{'id': 44814, 'rank': 23, 'fitness': 0.9736348495456937, 'generation': 542}","{'id': 44796, 'rank': 24, 'fitness': 0.9733306146572344, 'generation': 542}","{'id': 44796, 'rank': 25, 'fitness': 0.9733306146572344, 'generation': 542}","{'id': 44767, 'rank': 26, 'fitness': 0.9723580232924132, 'generation': 542}","{'id': 44777, 'rank': 27, 'fitness': 0.9637578305977895, 'generation': 542}","{'id': 44778, 'rank': 28, 'fitness': 0.9508896245841555, 'generation': 542}","{'id': 44725, 'rank': 29, 'fitness': 0.8569817977625716, 'generation': 542}","{'id': 44815, 'rank': 30, 'fitness': 0.01798620996209155, 'generation': 542}"
"{'id': 44870, 'rank': 1, 'fitness': 0.9820137900379085, 'generation': 543}","{'id': 44870, 'rank': 2, 'fitness': 0.9820137900379085, 'generation': 543}","{'id': 44878, 'rank': 3, 'fitness': 0.9814873945836081, 'generation': 543}","{'id': 44878, 'rank': 4, 'fitness': 0.9814873945836081, 'generation': 543}","{'id': 44827, 'rank': 5, 'fitness': 0.9814270624650239, 'generation': 543}","{'id': 44745, 'rank': 6, 'fitness': 0.981083737316063, 'generation': 543}","{'id': 44826, 'rank': 7, 'fitness': 0.9807343223634584, 'generation': 543}","{'id': 44842, 'rank': 8, 'fitness': 0.9804300237346174, 'generation': 543}","{'id': 44842, 'rank': 9, 'fitness': 0.9804300237346174, 'generation': 543}","{'id': 44855, 'rank': 10, 'fitness': 0.9800071421472232, 'generation': 543}","{'id': 44851, 'rank': 11, 'fitness': 0.9787857872652743, 'generation': 543}","{'id': 44723, 'rank': 12, 'fitness': 0.9781757313810454, 'generation': 543}","{'id': 44766, 'rank': 13, 'fitness': 0.9772415981156362, 'generation': 543}","{'id': 44829, 'rank': 14, 'fitness': 0.9752593904350366, 'generation': 543}","{'id': 44705, 'rank': 15, 'fitness': 0.9737618929830987, 'generation': 543}","{'id': 44820, 'rank': 16, 'fitness': 0.9733227893698035, 'generation': 543}","{'id': 44883, 'rank': 17, 'fitness': 0.9720730937162538, 'generation': 543}","{'id': 44868, 'rank': 18, 'fitness': 0.971311776748254, 'generation': 543}","{'id': 44867, 'rank': 19, 'fitness': 0.970935828856883, 'generation': 543}","{'id': 44867, 'rank': 20, 'fitness': 0.970935828856883, 'generation': 543}","{'id': 44822, 'rank': 21, 'fitness': 0.970153905998723, 'generation': 543}","{'id': 44763, 'rank': 22, 'fitness': 0.9687752279654483, 'generation': 543}","{'id': 44763, 'rank': 23, 'fitness': 0.9687752279654483, 'generation': 543}","{'id': 44887, 'rank': 24, 'fitness': 0.9667945046569655, 'generation': 543}","{'id': 44873, 'rank': 25, 'fitness': 0.9662731428113691, 'generation': 543}","{'id': 44814, 'rank': 26, 'fitness': 0.9560867071027241, 'generation': 543}","{'id': 44880, 'rank': 27, 'fitness': 0.949467049438466, 'generation': 543}","{'id': 44882, 'rank': 28, 'fitness': 0.946073802579021, 'generation': 543}","{'id': 44881, 'rank': 29, 'fitness': 0.8620394914916998, 'generation': 543}","{'id': 44845, 'rank': 30, 'fitness': 0.01798620996209155, 'generation': 543}"
"{'id': 44870, 'rank': 1, 'fitness': 0.9820137900379085, 'generation': 544}","{'id': 44913, 'rank': 2, 'fitness': 0.9805774680221553, 'generation': 544}","{'id': 44827, 'rank': 3, 'fitness': 0.9797536206531439, 'generation': 544}","{'id': 44954, 'rank': 4, 'fitness': 0.9794514887703382, 'generation': 544}","{'id': 44826, 'rank': 5, 'fitness': 0.9768326353651698, 'generation': 544}","{'id': 44978, 'rank': 6, 'fitness': 0.976695989518131, 'generation': 544}","{'id': 44975, 'rank': 7, 'fitness': 0.9755966241166811, 'generation': 544}","{'id': 44975, 'rank': 8, 'fitness': 0.9755966241166811, 'generation': 544}","{'id': 44938, 'rank': 9, 'fitness': 0.9711884614697677, 'generation': 544}","{'id': 44851, 'rank': 10, 'fitness': 0.9670307535236318, 'generation': 544}","{'id': 44851, 'rank': 11, 'fitness': 0.9670307535236318, 'generation': 544}","{'id': 44922, 'rank': 12, 'fitness': 0.9669283587723847, 'generation': 544}","{'id': 44766, 'rank': 13, 'fitness': 0.9574467934877438, 'generation': 544}","{'id': 44984, 'rank': 14, 'fitness': 0.9552263885684713, 'generation': 544}","{'id': 44984, 'rank': 15, 'fitness': 0.9552263885684713, 'generation': 544}","{'id': 44868, 'rank': 16, 'fitness': 0.9034783118591817, 'generation': 544}","{'id': 44964, 'rank': 17, 'fitness': 0.880627571265604, 'generation': 544}","{'id': 44919, 'rank': 18, 'fitness': 0.8685370390788079, 'generation': 544}","{'id': 44873, 'rank': 19, 'fitness': 0.834811840348708, 'generation': 544}","{'id': 44925, 'rank': 20, 'fitness': 0.8229882816922907, 'generation': 544}","{'id': 44973, 'rank': 21, 'fitness': 0.7532107187623285, 'generation': 544}","{'id': 44903, 'rank': 22, 'fitness': 0.7530205640005139, 'generation': 544}","{'id': 44927, 'rank': 23, 'fitness': 0.696521049810291, 'generation': 544}","{'id': 44916, 'rank': 24, 'fitness': 0.5158194159901186, 'generation': 544}","{'id': 44882, 'rank': 25, 'fitness': 0.4526601721134039, 'generation': 544}","{'id': 44904, 'rank': 26, 'fitness': 0.42439735584043936, 'generation': 544}","{'id': 44917, 'rank': 27, 'fitness': 0.39110813467092714, 'generation': 544}","{'id': 44935, 'rank': 28, 'fitness': 0.1325765837674578, 'generation': 544}","{'id': 44949, 'rank': 29, 'fitness': 0.023085193040481233, 'generation': 544}","{'id': 44881, 'rank': 30, 'fitness': 0.01798620996209155, 'generation': 544}"
"{'id': 44997, 'rank': 1, 'fitness': 0.9820137900379085, 'generation': 545}","{'id': 44998, 'rank': 2, 'fitness': 0.9819461666457602, 'generation': 545}","{'id': 44913, 'rank': 3, 'fitness': 0.9819270749152353, 'generation': 545}","{'id': 44994, 'rank': 4, 'fitness': 0.9819083243131558, 'generation': 545}","{'id': 44826, 'rank': 5, 'fitness': 0.9818142532338803, 'generation': 545}","{'id': 44978, 'rank': 6, 'fitness': 0.9818104704476247, 'generation': 545}","{'id': 44975, 'rank': 7, 'fitness': 0.9817807744401137, 'generation': 545}","{'id': 44975, 'rank': 8, 'fitness': 0.9817807744401137, 'generation': 545}","{'id': 45016, 'rank': 9, 'fitness': 0.9815900342767775, 'generation': 545}","{'id': 44851, 'rank': 10, 'fitness': 0.9815848523650981, 'generation': 545}","{'id': 44995, 'rank': 11, 'fitness': 0.9814660423818594, 'generation': 545}","{'id': 45029, 'rank': 12, 'fitness': 0.981210210973541, 'generation': 545}","{'id': 45039, 'rank': 13, 'fitness': 0.9807379468247908, 'generation': 545}","{'id': 44919, 'rank': 14, 'fitness': 0.9806125131427609, 'generation': 545}","{'id': 44873, 'rank': 15, 'fitness': 0.9804324523794966, 'generation': 545}","{'id': 45038, 'rank': 16, 'fitness': 0.9802261767122684, 'generation': 545}","{'id': 44973, 'rank': 17, 'fitness': 0.9800891207299436, 'generation': 545}","{'id': 44903, 'rank': 18, 'fitness': 0.9800884185148773, 'generation': 545}","{'id': 44999, 'rank': 19, 'fitness': 0.9800255295184188, 'generation': 545}","{'id': 45004, 'rank': 20, 'fitness': 0.9797036179588425, 'generation': 545}","{'id': 45040, 'rank': 21, 'fitness': 0.9796696627314996, 'generation': 545}","{'id': 44882, 'rank': 22, 'fitness': 0.9791725312419652, 'generation': 545}","{'id': 44904, 'rank': 23, 'fitness': 0.9790899833844598, 'generation': 545}","{'id': 44917, 'rank': 24, 'fitness': 0.9789904119289348, 'generation': 545}","{'id': 45048, 'rank': 25, 'fitness': 0.9764930061085928, 'generation': 545}","{'id': 45021, 'rank': 26, 'fitness': 0.972090117463014, 'generation': 545}","{'id': 44991, 'rank': 27, 'fitness': 0.9501515772950595, 'generation': 545}","{'id': 45022, 'rank': 28, 'fitness': 0.3742685776717017, 'generation': 545}","{'id': 45035, 'rank': 29, 'fitness': 0.01798620996209155, 'generation': 545}","{'id': 45035, 'rank': 30, 'fitness': 0.01798620996209155, 'generation': 545}"
"{'id': 45080, 'rank': 1, 'fitness': 0.9820137900379085, 'generation': 546}","{'id': 45062, 'rank': 2, 'fitness': 0.9810036620747813, 'generation': 546}","{'id': 45062, 'rank': 3, 'fitness': 0.9810036620747813, 'generation': 546}","{'id': 45105, 'rank': 4, 'fitness': 0.9803885947063169, 'generation': 546}","{'id': 45100, 'rank': 5, 'fitness': 0.9783782816959808, 'generation': 546}","{'id': 45133, 'rank': 6, 'fitness': 0.9768238792789808, 'generation': 546}","{'id': 44975, 'rank': 7, 'fitness': 0.9767870565999508, 'generation': 546}","{'id': 45103, 'rank': 8, 'fitness': 0.9751313437643472, 'generation': 546}","{'id': 45083, 'rank': 9, 'fitness': 0.9664679923847195, 'generation': 546}","{'id': 45104, 'rank': 10, 'fitness': 0.944735433218977, 'generation': 546}","{'id': 45029, 'rank': 11, 'fitness': 0.9429524665495096, 'generation': 546}","{'id': 45063, 'rank': 12, 'fitness': 0.9296784907276378, 'generation': 546}","{'id': 45075, 'rank': 13, 'fitness': 0.9279190994138967, 'generation': 546}","{'id': 45123, 'rank': 14, 'fitness': 0.9114801866948303, 'generation': 546}","{'id': 45053, 'rank': 15, 'fitness': 0.9081204321993921, 'generation': 546}","{'id': 45053, 'rank': 16, 'fitness': 0.9081204321993921, 'generation': 546}","{'id': 45108, 'rank': 17, 'fitness': 0.8910782709595255, 'generation': 546}","{'id': 45108, 'rank': 18, 'fitness': 0.8910782709595255, 'generation': 546}","{'id': 45039, 'rank': 19, 'fitness': 0.886200812613388, 'generation': 546}","{'id': 45114, 'rank': 20, 'fitness': 0.8758739448483566, 'generation': 546}","{'id': 45095, 'rank': 21, 'fitness': 0.798508326176099, 'generation': 546}","{'id': 45066, 'rank': 22, 'fitness': 0.7825098072201193, 'generation': 546}","{'id': 45038, 'rank': 23, 'fitness': 0.7785235078197292, 'generation': 546}","{'id': 45071, 'rank': 24, 'fitness': 0.7137998131142811, 'generation': 546}","{'id': 45056, 'rank': 25, 'fitness': 0.7073939880065492, 'generation': 546}","{'id': 44882, 'rank': 26, 'fitness': 0.42093529241163696, 'generation': 546}","{'id': 44904, 'rank': 27, 'fitness': 0.39195772902132286, 'generation': 546}","{'id': 44904, 'rank': 28, 'fitness': 0.39195772902132286, 'generation': 546}","{'id': 45117, 'rank': 29, 'fitness': 0.353076726106329, 'generation': 546}","{'id': 45048, 'rank': 30, 'fitness': 0.01798620996209155, 'generation': 546}"
"{'id': 45154, 'rank': 1, 'fitness': 0.9820137900379085, 'generation': 547}","{'id': 45177, 'rank': 2, 'fitness': 0.9819282397272726, 'generation': 547}","{'id': 45177, 'rank': 3, 'fitness': 0.9819282397272726, 'generation': 547}","{'id': 45166, 'rank': 4, 'fitness': 0.9819163399565137, 'generation': 547}","{'id': 45062, 'rank': 5, 'fitness': 0.9818818531540229, 'generation': 547}","{'id': 45199, 'rank': 6, 'fitness': 0.9817555291894795, 'generation': 547}","{'id': 45199, 'rank': 7, 'fitness': 0.9817555291894795, 'generation': 547}","{'id': 45195, 'rank': 8, 'fitness': 0.9816572807326079, 'generation': 547}","{'id': 45202, 'rank': 9, 'fitness': 0.9816407780959697, 'generation': 547}","{'id': 45133, 'rank': 10, 'fitness': 0.9816312963771945, 'generation': 547}","{'id': 45176, 'rank': 11, 'fitness': 0.9815413816547782, 'generation': 547}","{'id': 45138, 'rank': 12, 'fitness': 0.9813767584960201, 'generation': 547}","{'id': 45138, 'rank': 13, 'fitness': 0.9813767584960201, 'generation': 547}","{'id': 45197, 'rank': 14, 'fitness': 0.9811499343933292, 'generation': 547}","{'id': 45198, 'rank': 15, 'fitness': 0.9811082620920689, 'generation': 547}","{'id': 45201, 'rank': 16, 'fitness': 0.9811066594814132, 'generation': 547}","{'id': 45108, 'rank': 17, 'fitness': 0.9794810208342186, 'generation': 547}","{'id': 45039, 'rank': 18, 'fitness': 0.9794126844809157, 'generation': 547}","{'id': 45182, 'rank': 19, 'fitness': 0.9791425631538986, 'generation': 547}","{'id': 45137, 'rank': 20, 'fitness': 0.9791195961932954, 'generation': 547}","{'id': 45206, 'rank': 21, 'fitness': 0.9776743867941681, 'generation': 547}","{'id': 45203, 'rank': 22, 'fitness': 0.9771250393951822, 'generation': 547}","{'id': 45168, 'rank': 23, 'fitness': 0.9746867145327718, 'generation': 547}","{'id': 45173, 'rank': 24, 'fitness': 0.9744344224124509, 'generation': 547}","{'id': 45048, 'rank': 25, 'fitness': 0.9690959424736916, 'generation': 547}","{'id': 45140, 'rank': 26, 'fitness': 0.9674691254915482, 'generation': 547}","{'id': 45157, 'rank': 27, 'fitness': 0.9398870796482993, 'generation': 547}","{'id': 45169, 'rank': 28, 'fitness': 0.8332113148479694, 'generation': 547}","{'id': 45191, 'rank': 29, 'fitness': 0.416606726858622, 'generation': 547}","{'id': 45158, 'rank': 30, 'fitness': 0.01798620996209155, 'generation': 547}"
"{'id': 45293, 'rank': 1, 'fitness': 0.9820137900379085, 'generation': 548}","{'id': 45177, 'rank': 2, 'fitness': 0.9818915214147597, 'generation': 548}","{'id': 45177, 'rank': 3, 'fitness': 0.9818915214147597, 'generation': 548}","{'id': 45166, 'rank': 4, 'fitness': 0.9818695144248164, 'generation': 548}","{'id': 45232, 'rank': 5, 'fitness': 0.9814647540873693, 'generation': 548}","{'id': 45230, 'rank': 6, 'fitness': 0.9812445066975821, 'generation': 548}","{'id': 45138, 'rank': 7, 'fitness': 0.9808590405728626, 'generation': 548}","{'id': 45264, 'rank': 8, 'fitness': 0.9805226172102741, 'generation': 548}","{'id': 45295, 'rank': 9, 'fitness': 0.980498091948117, 'generation': 548}","{'id': 45295, 'rank': 10, 'fitness': 0.980498091948117, 'generation': 548}","{'id': 45260, 'rank': 11, 'fitness': 0.9800756929457596, 'generation': 548}","{'id': 45267, 'rank': 12, 'fitness': 0.9794048294323978, 'generation': 548}","{'id': 45231, 'rank': 13, 'fitness': 0.9787633197879861, 'generation': 548}","{'id': 45108, 'rank': 14, 'fitness': 0.9771158134187263, 'generation': 548}","{'id': 45296, 'rank': 15, 'fitness': 0.976786061825846, 'generation': 548}","{'id': 45182, 'rank': 16, 'fitness': 0.9764163104752908, 'generation': 548}","{'id': 45137, 'rank': 17, 'fitness': 0.9763685050818582, 'generation': 548}","{'id': 45250, 'rank': 18, 'fitness': 0.9746730829297835, 'generation': 548}","{'id': 45253, 'rank': 19, 'fitness': 0.9741598266411146, 'generation': 548}","{'id': 45239, 'rank': 20, 'fitness': 0.9711844771146214, 'generation': 548}","{'id': 45256, 'rank': 21, 'fitness': 0.9711412222034308, 'generation': 548}","{'id': 45214, 'rank': 22, 'fitness': 0.97042256847624, 'generation': 548}","{'id': 45257, 'rank': 23, 'fitness': 0.9578247456607102, 'generation': 548}","{'id': 45251, 'rank': 24, 'fitness': 0.9307449878397505, 'generation': 548}","{'id': 45212, 'rank': 25, 'fitness': 0.9066515422516944, 'generation': 548}","{'id': 45308, 'rank': 26, 'fitness': 0.8874469755632438, 'generation': 548}","{'id': 45213, 'rank': 27, 'fitness': 0.8840596688900164, 'generation': 548}","{'id': 45191, 'rank': 28, 'fitness': 0.01798620996209155, 'generation': 548}","{'id': 45191, 'rank': 29, 'fitness': 0.01798620996209155, 'generation': 548}","{'id': 45191, 'rank': 30, 'fitness': 0.01798620996209155, 'generation': 548}"
"{'id': 45385, 'rank': 1, 'fitness': 0.9820137900379085, 'generation': 549}","{'id': 45385, 'rank': 2, 'fitness': 0.9820137900379085, 'generation': 549}","{'id': 45312, 'rank': 3, 'fitness': 0.981757344409996, 'generation': 549}","{'id': 45312, 'rank': 4, 'fitness': 0.981757344409996, 'generation': 549}","{'id': 45311, 'rank': 5, 'fitness': 0.9817177087703493, 'generation': 549}","{'id': 45177, 'rank': 6, 'fitness': 0.9816208155387268, 'generation': 549}","{'id': 45232, 'rank': 7, 'fitness': 0.9811886188256516, 'generation': 549}","{'id': 45138, 'rank': 8, 'fitness': 0.9805752405367751, 'generation': 549}","{'id': 45386, 'rank': 9, 'fitness': 0.9805358402027704, 'generation': 549}","{'id': 45387, 'rank': 10, 'fitness': 0.9802234475610245, 'generation': 549}","{'id': 45387, 'rank': 11, 'fitness': 0.9802234475610245, 'generation': 549}","{'id': 45353, 'rank': 12, 'fitness': 0.9801940991080198, 'generation': 549}","{'id': 45381, 'rank': 13, 'fitness': 0.9801353941220229, 'generation': 549}","{'id': 45339, 'rank': 14, 'fitness': 0.9800137159040332, 'generation': 549}","{'id': 45260, 'rank': 15, 'fitness': 0.9797820501550873, 'generation': 549}","{'id': 45360, 'rank': 16, 'fitness': 0.9792856773779774, 'generation': 549}","{'id': 45267, 'rank': 17, 'fitness': 0.9791028180975978, 'generation': 549}","{'id': 45356, 'rank': 18, 'fitness': 0.9790852000038859, 'generation': 549}","{'id': 45377, 'rank': 19, 'fitness': 0.9786176130203168, 'generation': 549}","{'id': 45231, 'rank': 20, 'fitness': 0.9784533571483686, 'generation': 549}","{'id': 45231, 'rank': 21, 'fitness': 0.9784533571483686, 'generation': 549}","{'id': 45366, 'rank': 22, 'fitness': 0.9777820003592704, 'generation': 549}","{'id': 45350, 'rank': 23, 'fitness': 0.9775183227882969, 'generation': 549}","{'id': 45325, 'rank': 24, 'fitness': 0.9749216308479957, 'generation': 549}","{'id': 45368, 'rank': 25, 'fitness': 0.9720056379610706, 'generation': 549}","{'id': 45332, 'rank': 26, 'fitness': 0.9715946006134168, 'generation': 549}","{'id': 45239, 'rank': 27, 'fitness': 0.9707839892013062, 'generation': 549}","{'id': 45318, 'rank': 28, 'fitness': 0.9365814900641993, 'generation': 549}","{'id': 45336, 'rank': 29, 'fitness': 0.9112204145071137, 'generation': 549}","{'id': 45191, 'rank': 30, 'fitness': 0.01798620996209155, 'generation': 549}"
"{'id': 45435, 'rank': 1, 'fitness': 0.9820137900379085, 'generation': 550}","{'id': 45435, 'rank': 2, 'fitness': 0.9820137900379085, 'generation': 550}","{'id': 45416, 'rank': 3, 'fitness': 0.9818847559442047, 'generation': 550}","{'id': 45312, 'rank': 4, 'fitness': 0.9814917631652291, 'generation': 550}","{'id': 45311, 'rank': 5, 'fitness': 0.9812425863687151, 'generation': 550}","{'id': 45393, 'rank': 6, 'fitness': 0.9775503617870734, 'generation': 550}","{'id': 45415, 'rank': 7, 'fitness': 0.9752040848924584, 'generation': 550}","{'id': 45418, 'rank': 8, 'fitness': 0.973408478066873, 'generation': 550}","{'id': 45418, 'rank': 9, 'fitness': 0.973408478066873, 'generation': 550}","{'id': 45478, 'rank': 10, 'fitness': 0.9719115938290163, 'generation': 550}","{'id': 45429, 'rank': 11, 'fitness': 0.9717740212077093, 'generation': 550}","{'id': 45439, 'rank': 12, 'fitness': 0.9699333297697792, 'generation': 550}","{'id': 45439, 'rank': 13, 'fitness': 0.9699333297697792, 'generation': 550}","{'id': 45439, 'rank': 14, 'fitness': 0.9699333297697792, 'generation': 550}","{'id': 45353, 'rank': 15, 'fitness': 0.9693571969241617, 'generation': 550}","{'id': 45409, 'rank': 16, 'fitness': 0.9688432436798939, 'generation': 550}","{'id': 45260, 'rank': 17, 'fitness': 0.9652671280179004, 'generation': 550}","{'id': 45446, 'rank': 18, 'fitness': 0.9631141066429298, 'generation': 550}","{'id': 45360, 'rank': 19, 'fitness': 0.959770209968541, 'generation': 550}","{'id': 45231, 'rank': 20, 'fitness': 0.9490206848972201, 'generation': 550}","{'id': 45469, 'rank': 21, 'fitness': 0.927055611410587, 'generation': 550}","{'id': 45412, 'rank': 22, 'fitness': 0.8935892529709762, 'generation': 550}","{'id': 45413, 'rank': 23, 'fitness': 0.811819350150562, 'generation': 550}","{'id': 45408, 'rank': 24, 'fitness': 0.8111941978297761, 'generation': 550}","{'id': 45481, 'rank': 25, 'fitness': 0.7922494525708264, 'generation': 550}","{'id': 45482, 'rank': 26, 'fitness': 0.5257188146158794, 'generation': 550}","{'id': 45482, 'rank': 27, 'fitness': 0.5257188146158794, 'generation': 550}","{'id': 45395, 'rank': 28, 'fitness': 0.3930400985098393, 'generation': 550}","{'id': 45419, 'rank': 29, 'fitness': 0.15601267722186463, 'generation': 550}","{'id': 45318, 'rank': 30, 'fitness': 0.01798620996209155, 'generation': 550}"
"{'id': 45519, 'rank': 1, 'fitness': 0.9820137900379085, 'generation': 551}","{'id': 45573, 'rank': 2, 'fitness': 0.981855011011059, 'generation': 551}","{'id': 45435, 'rank': 3, 'fitness': 0.981826907974643, 'generation': 551}","{'id': 45435, 'rank': 4, 'fitness': 0.981826907974643, 'generation': 551}","{'id': 45416, 'rank': 5, 'fitness': 0.9818137018382083, 'generation': 551}","{'id': 45516, 'rank': 6, 'fitness': 0.9817834025316428, 'generation': 551}","{'id': 45311, 'rank': 7, 'fitness': 0.9817491865139848, 'generation': 551}","{'id': 45509, 'rank': 8, 'fitness': 0.9816916221077567, 'generation': 551}","{'id': 45572, 'rank': 9, 'fitness': 0.9814000922459764, 'generation': 551}","{'id': 45534, 'rank': 10, 'fitness': 0.9813427946407729, 'generation': 551}","{'id': 45534, 'rank': 11, 'fitness': 0.9813427946407729, 'generation': 551}","{'id': 45562, 'rank': 12, 'fitness': 0.9811731004554828, 'generation': 551}","{'id': 45537, 'rank': 13, 'fitness': 0.9811653062714241, 'generation': 551}","{'id': 45537, 'rank': 14, 'fitness': 0.9811653062714241, 'generation': 551}","{'id': 45545, 'rank': 15, 'fitness': 0.9809226977655155, 'generation': 551}","{'id': 45565, 'rank': 16, 'fitness': 0.9804130577449506, 'generation': 551}","{'id': 45543, 'rank': 17, 'fitness': 0.9798809725857954, 'generation': 551}","{'id': 45231, 'rank': 18, 'fitness': 0.9797693218142913, 'generation': 551}","{'id': 45561, 'rank': 19, 'fitness': 0.979192342030387, 'generation': 551}","{'id': 45497, 'rank': 20, 'fitness': 0.9782485444569877, 'generation': 551}","{'id': 45536, 'rank': 21, 'fitness': 0.977929252887911, 'generation': 551}","{'id': 45536, 'rank': 22, 'fitness': 0.977929252887911, 'generation': 551}","{'id': 45567, 'rank': 23, 'fitness': 0.9755113333317253, 'generation': 551}","{'id': 45513, 'rank': 24, 'fitness': 0.9731325757405365, 'generation': 551}","{'id': 45504, 'rank': 25, 'fitness': 0.9720488155871789, 'generation': 551}","{'id': 45512, 'rank': 26, 'fitness': 0.9708573762027708, 'generation': 551}","{'id': 45318, 'rank': 27, 'fitness': 0.9599367968670018, 'generation': 551}","{'id': 45318, 'rank': 28, 'fitness': 0.9599367968670018, 'generation': 551}","{'id': 45546, 'rank': 29, 'fitness': 0.06802842819644761, 'generation': 551}","{'id': 45568, 'rank': 30, 'fitness': 0.01798620996209155, 'generation': 551}"
"{'id': 45616, 'rank': 1, 'fitness': 0.9820137900379085, 'generation': 552}","{'id': 45509, 'rank': 2, 'fitness': 0.98175872322357, 'generation': 552}","{'id': 45637, 'rank': 3, 'fitness': 0.9816109695403084, 'generation': 552}","{'id': 45605, 'rank': 4, 'fitness': 0.981269307348156, 'generation': 552}","{'id': 45572, 'rank': 5, 'fitness': 0.9810620101575336, 'generation': 552}","{'id': 45607, 'rank': 6, 'fitness': 0.9804077825497898, 'generation': 552}","{'id': 45603, 'rank': 7, 'fitness': 0.9803925244166432, 'generation': 552}","{'id': 45652, 'rank': 8, 'fitness': 0.9802061242447477, 'generation': 552}","{'id': 45655, 'rank': 9, 'fitness': 0.9799825502131614, 'generation': 552}","{'id': 45615, 'rank': 10, 'fitness': 0.9798796632282243, 'generation': 552}","{'id': 45647, 'rank': 11, 'fitness': 0.979587415083117, 'generation': 552}","{'id': 45622, 'rank': 12, 'fitness': 0.978917643114595, 'generation': 552}","{'id': 45618, 'rank': 13, 'fitness': 0.9788437663980947, 'generation': 552}","{'id': 45632, 'rank': 14, 'fitness': 0.9786150865221797, 'generation': 552}","{'id': 45610, 'rank': 15, 'fitness': 0.9780122443067214, 'generation': 552}","{'id': 45633, 'rank': 16, 'fitness': 0.9779514963782847, 'generation': 552}","{'id': 45601, 'rank': 17, 'fitness': 0.9778864265983134, 'generation': 552}","{'id': 45627, 'rank': 18, 'fitness': 0.9771835950981651, 'generation': 552}","{'id': 45561, 'rank': 19, 'fitness': 0.9753003615572049, 'generation': 552}","{'id': 45644, 'rank': 20, 'fitness': 0.97511982498938, 'generation': 552}","{'id': 45641, 'rank': 21, 'fitness': 0.9749395200804895, 'generation': 552}","{'id': 45642, 'rank': 22, 'fitness': 0.9735707607269977, 'generation': 552}","{'id': 45584, 'rank': 23, 'fitness': 0.9692131043763559, 'generation': 552}","{'id': 45567, 'rank': 24, 'fitness': 0.9637532497485588, 'generation': 552}","{'id': 45651, 'rank': 25, 'fitness': 0.9473883794535104, 'generation': 552}","{'id': 45656, 'rank': 26, 'fitness': 0.8934871253510098, 'generation': 552}","{'id': 45318, 'rank': 27, 'fitness': 0.8883698810623184, 'generation': 552}","{'id': 45318, 'rank': 28, 'fitness': 0.8883698810623184, 'generation': 552}","{'id': 45666, 'rank': 29, 'fitness': 0.8275720246231437, 'generation': 552}","{'id': 45602, 'rank': 30, 'fitness': 0.01798620996209155, 'generation': 552}"
"{'id': 45703, 'rank': 1, 'fitness': 0.9820137900379085, 'generation': 553}","{'id': 45616, 'rank': 2, 'fitness': 0.9815229739038742, 'generation': 553}","{'id': 45637, 'rank': 3, 'fitness': 0.9801692584311112, 'generation': 553}","{'id': 45717, 'rank': 4, 'fitness': 0.9790807228637635, 'generation': 553}","{'id': 45733, 'rank': 5, 'fitness': 0.979069475755503, 'generation': 553}","{'id': 45739, 'rank': 6, 'fitness': 0.9783596482597516, 'generation': 553}","{'id': 45670, 'rank': 7, 'fitness': 0.9783467358570277, 'generation': 553}","{'id': 45670, 'rank': 8, 'fitness': 0.9783467358570277, 'generation': 553}","{'id': 45706, 'rank': 9, 'fitness': 0.9780715641168848, 'generation': 553}","{'id': 45709, 'rank': 10, 'fitness': 0.9778400746526015, 'generation': 553}","{'id': 45753, 'rank': 11, 'fitness': 0.9769678047550027, 'generation': 553}","{'id': 45752, 'rank': 12, 'fitness': 0.9757733672117074, 'generation': 553}","{'id': 45615, 'rank': 13, 'fitness': 0.9735924081461438, 'generation': 553}","{'id': 45674, 'rank': 14, 'fitness': 0.9726397375054022, 'generation': 553}","{'id': 45751, 'rank': 15, 'fitness': 0.9717479698871125, 'generation': 553}","{'id': 45692, 'rank': 16, 'fitness': 0.9691269402885238, 'generation': 553}","{'id': 45692, 'rank': 17, 'fitness': 0.9691269402885238, 'generation': 553}","{'id': 45692, 'rank': 18, 'fitness': 0.9691269402885238, 'generation': 553}","{'id': 45668, 'rank': 19, 'fitness': 0.9688546687101822, 'generation': 553}","{'id': 45632, 'rank': 20, 'fitness': 0.9679673182331847, 'generation': 553}","{'id': 45610, 'rank': 21, 'fitness': 0.9650290650684091, 'generation': 553}","{'id': 45711, 'rank': 22, 'fitness': 0.936491074977627, 'generation': 553}","{'id': 45711, 'rank': 23, 'fitness': 0.936491074977627, 'generation': 553}","{'id': 45669, 'rank': 24, 'fitness': 0.9059146994357568, 'generation': 553}","{'id': 45680, 'rank': 25, 'fitness': 0.8962006578930501, 'generation': 553}","{'id': 45683, 'rank': 26, 'fitness': 0.8844173564306769, 'generation': 553}","{'id': 45731, 'rank': 27, 'fitness': 0.47381440603175284, 'generation': 553}","{'id': 45656, 'rank': 28, 'fitness': 0.11786587154492562, 'generation': 553}","{'id': 45726, 'rank': 29, 'fitness': 0.03327807902000607, 'generation': 553}","{'id': 45682, 'rank': 30, 'fitness': 0.01798620996209155, 'generation': 553}"
"{'id': 45764, 'rank': 1, 'fitness': 0.9820137900379085, 'generation': 554}","{'id': 45762, 'rank': 2, 'fitness': 0.9810680230218455, 'generation': 554}","{'id': 45795, 'rank': 3, 'fitness': 0.979939773312536, 'generation': 554}","{'id': 45759, 'rank': 4, 'fitness': 0.9791912002687586, 'generation': 554}","{'id': 45837, 'rank': 5, 'fitness': 0.9788894064979807, 'generation': 554}","{'id': 45733, 'rank': 6, 'fitness': 0.9768466298697587, 'generation': 554}","{'id': 45670, 'rank': 7, 'fitness': 0.9758069286177693, 'generation': 554}","{'id': 45670, 'rank': 8, 'fitness': 0.9758069286177693, 'generation': 554}","{'id': 45706, 'rank': 9, 'fitness': 0.9754084628366071, 'generation': 554}","{'id': 45753, 'rank': 10, 'fitness': 0.9737960320516879, 'generation': 554}","{'id': 45752, 'rank': 11, 'fitness': 0.9720264658092215, 'generation': 554}","{'id': 45831, 'rank': 12, 'fitness': 0.9707711165569761, 'generation': 554}","{'id': 45793, 'rank': 13, 'fitness': 0.9701361998318174, 'generation': 554}","{'id': 45756, 'rank': 14, 'fitness': 0.9663467199387658, 'generation': 554}","{'id': 45819, 'rank': 15, 'fitness': 0.9660774373392975, 'generation': 554}","{'id': 45785, 'rank': 16, 'fitness': 0.963617639718559, 'generation': 554}","{'id': 45692, 'rank': 17, 'fitness': 0.9617571188364842, 'generation': 554}","{'id': 45668, 'rank': 18, 'fitness': 0.9613224704224361, 'generation': 554}","{'id': 45770, 'rank': 19, 'fitness': 0.9603113346227388, 'generation': 554}","{'id': 45822, 'rank': 20, 'fitness': 0.9466156960884633, 'generation': 554}","{'id': 45822, 'rank': 21, 'fitness': 0.9466156960884633, 'generation': 554}","{'id': 45758, 'rank': 22, 'fitness': 0.9286687932307842, 'generation': 554}","{'id': 45796, 'rank': 23, 'fitness': 0.9220013908158721, 'generation': 554}","{'id': 45711, 'rank': 24, 'fitness': 0.9042000381026805, 'generation': 554}","{'id': 45799, 'rank': 25, 'fitness': 0.6305647908452655, 'generation': 554}","{'id': 45731, 'rank': 26, 'fitness': 0.2007517794084825, 'generation': 554}","{'id': 45731, 'rank': 27, 'fitness': 0.2007517794084825, 'generation': 554}","{'id': 45784, 'rank': 28, 'fitness': 0.047833631471214944, 'generation': 554}","{'id': 45784, 'rank': 29, 'fitness': 0.047833631471214944, 'generation': 554}","{'id': 45774, 'rank': 30, 'fitness': 0.01798620996209155, 'generation': 554}"
"{'id': 45764, 'rank': 1, 'fitness': 0.9820137900379085, 'generation': 555}","{'id': 45884, 'rank': 2, 'fitness': 0.9798314057347031, 'generation': 555}","{'id': 45884, 'rank': 3, 'fitness': 0.9798314057347031, 'generation': 555}","{'id': 45795, 'rank': 4, 'fitness': 0.979463138795737, 'generation': 555}","{'id': 45844, 'rank': 5, 'fitness': 0.9792150031539482, 'generation': 555}","{'id': 45759, 'rank': 6, 'fitness': 0.9785285108133263, 'generation': 555}","{'id': 45867, 'rank': 7, 'fitness': 0.9783405828576913, 'generation': 555}","{'id': 45898, 'rank': 8, 'fitness': 0.9780420568147963, 'generation': 555}","{'id': 45882, 'rank': 9, 'fitness': 0.9756522896456621, 'generation': 555}","{'id': 45883, 'rank': 10, 'fitness': 0.9755455493561269, 'generation': 555}","{'id': 45706, 'rank': 11, 'fitness': 0.9737018491292692, 'generation': 555}","{'id': 45706, 'rank': 12, 'fitness': 0.9737018491292692, 'generation': 555}","{'id': 45880, 'rank': 13, 'fitness': 0.9725447413914259, 'generation': 555}","{'id': 45887, 'rank': 14, 'fitness': 0.972504646966645, 'generation': 555}","{'id': 45753, 'rank': 15, 'fitness': 0.9715958311353246, 'generation': 555}","{'id': 45885, 'rank': 16, 'fitness': 0.9710870322118207, 'generation': 555}","{'id': 45819, 'rank': 17, 'fitness': 0.9611692636300488, 'generation': 555}","{'id': 45819, 'rank': 18, 'fitness': 0.9611692636300488, 'generation': 555}","{'id': 45785, 'rank': 19, 'fitness': 0.957740733853489, 'generation': 555}","{'id': 45907, 'rank': 20, 'fitness': 0.9556723180204802, 'generation': 555}","{'id': 45770, 'rank': 21, 'fitness': 0.9530620631747577, 'generation': 555}","{'id': 45909, 'rank': 22, 'fitness': 0.9251932089915078, 'generation': 555}","{'id': 45852, 'rank': 23, 'fitness': 0.9244742874939365, 'generation': 555}","{'id': 45853, 'rank': 24, 'fitness': 0.9232395202379478, 'generation': 555}","{'id': 45857, 'rank': 25, 'fitness': 0.9079520525641194, 'generation': 555}","{'id': 45877, 'rank': 26, 'fitness': 0.8789893004126517, 'generation': 555}","{'id': 45862, 'rank': 27, 'fitness': 0.7198433671508643, 'generation': 555}","{'id': 45860, 'rank': 28, 'fitness': 0.45076559856005427, 'generation': 555}","{'id': 45847, 'rank': 29, 'fitness': 0.36554781265741143, 'generation': 555}","{'id': 45863, 'rank': 30, 'fitness': 0.01798620996209155, 'generation': 555}"
"{'id': 45965, 'rank': 1, 'fitness': 0.9820137900379085, 'generation': 556}","{'id': 45795, 'rank': 2, 'fitness': 0.9808972167895907, 'generation': 556}","{'id': 45958, 'rank': 3, 'fitness': 0.9804563027142218, 'generation': 556}","{'id': 45933, 'rank': 4, 'fitness': 0.9798683751304238, 'generation': 556}","{'id': 45932, 'rank': 5, 'fitness': 0.979645501307981, 'generation': 556}","{'id': 45925, 'rank': 6, 'fitness': 0.9763224308081249, 'generation': 556}","{'id': 45925, 'rank': 7, 'fitness': 0.9763224308081249, 'generation': 556}","{'id': 45706, 'rank': 8, 'fitness': 0.9754897502657351, 'generation': 556}","{'id': 45880, 'rank': 9, 'fitness': 0.9744022302755204, 'generation': 556}","{'id': 45753, 'rank': 10, 'fitness': 0.9735100435066186, 'generation': 556}","{'id': 45978, 'rank': 11, 'fitness': 0.9727817621521897, 'generation': 556}","{'id': 45785, 'rank': 12, 'fitness': 0.9604515245003238, 'generation': 556}","{'id': 45785, 'rank': 13, 'fitness': 0.9604515245003238, 'generation': 556}","{'id': 45770, 'rank': 14, 'fitness': 0.9560298607666964, 'generation': 556}","{'id': 45946, 'rank': 15, 'fitness': 0.954820496029916, 'generation': 556}","{'id': 45962, 'rank': 16, 'fitness': 0.9444205849783545, 'generation': 556}","{'id': 45942, 'rank': 17, 'fitness': 0.9326607482376001, 'generation': 556}","{'id': 45909, 'rank': 18, 'fitness': 0.9295873934566083, 'generation': 556}","{'id': 45853, 'rank': 19, 'fitness': 0.9277276189733776, 'generation': 556}","{'id': 45952, 'rank': 20, 'fitness': 0.9233067089353253, 'generation': 556}","{'id': 45952, 'rank': 21, 'fitness': 0.9233067089353253, 'generation': 556}","{'id': 45981, 'rank': 22, 'fitness': 0.8343524766417534, 'generation': 556}","{'id': 45920, 'rank': 23, 'fitness': 0.8237922870273376, 'generation': 556}","{'id': 45920, 'rank': 24, 'fitness': 0.8237922870273376, 'generation': 556}","{'id': 45921, 'rank': 25, 'fitness': 0.8087620662364374, 'generation': 556}","{'id': 45941, 'rank': 26, 'fitness': 0.7685168864879832, 'generation': 556}","{'id': 45941, 'rank': 27, 'fitness': 0.7685168864879832, 'generation': 556}","{'id': 45847, 'rank': 28, 'fitness': 0.37623158229352305, 'generation': 556}","{'id': 45863, 'rank': 29, 'fitness': 0.01841285314064328, 'generation': 556}","{'id': 45985, 'rank': 30, 'fitness': 0.01798620996209155, 'generation': 556}"
"{'id': 46029, 'rank': 1, 'fitness': 0.9820137900379085, 'generation': 557}","{'id': 46057, 'rank': 2, 'fitness': 0.9819640071604607, 'generation': 557}","{'id': 46070, 'rank': 3, 'fitness': 0.9818259969801633, 'generation': 557}","{'id': 46061, 'rank': 4, 'fitness': 0.9818119801296321, 'generation': 557}","{'id': 46061, 'rank': 5, 'fitness': 0.9818119801296321, 'generation': 557}","{'id': 45933, 'rank': 6, 'fitness': 0.9817894636411335, 'generation': 557}","{'id': 46059, 'rank': 7, 'fitness': 0.9817361029438194, 'generation': 557}","{'id': 46069, 'rank': 8, 'fitness': 0.9816779787207836, 'generation': 557}","{'id': 46038, 'rank': 9, 'fitness': 0.9816554462088383, 'generation': 557}","{'id': 45925, 'rank': 10, 'fitness': 0.981466439946894, 'generation': 557}","{'id': 45706, 'rank': 11, 'fitness': 0.9813967396401257, 'generation': 557}","{'id': 46050, 'rank': 12, 'fitness': 0.9813888352798188, 'generation': 557}","{'id': 46050, 'rank': 13, 'fitness': 0.9813888352798188, 'generation': 557}","{'id': 45753, 'rank': 14, 'fitness': 0.9812389351764235, 'generation': 557}","{'id': 46000, 'rank': 15, 'fitness': 0.9811984741686004, 'generation': 557}","{'id': 46074, 'rank': 16, 'fitness': 0.9809801703684295, 'generation': 557}","{'id': 46063, 'rank': 17, 'fitness': 0.980844985329689, 'generation': 557}","{'id': 46063, 'rank': 18, 'fitness': 0.980844985329689, 'generation': 557}","{'id': 46063, 'rank': 19, 'fitness': 0.980844985329689, 'generation': 557}","{'id': 45785, 'rank': 20, 'fitness': 0.9803973752000966, 'generation': 557}","{'id': 45946, 'rank': 21, 'fitness': 0.9801068054927549, 'generation': 557}","{'id': 46001, 'rank': 22, 'fitness': 0.9799049429103358, 'generation': 557}","{'id': 45853, 'rank': 23, 'fitness': 0.9790294031881598, 'generation': 557}","{'id': 46052, 'rank': 24, 'fitness': 0.9789586907689445, 'generation': 557}","{'id': 46005, 'rank': 25, 'fitness': 0.9786074919380832, 'generation': 557}","{'id': 46025, 'rank': 26, 'fitness': 0.9580717272077595, 'generation': 557}","{'id': 46021, 'rank': 27, 'fitness': 0.9328022481540515, 'generation': 557}","{'id': 46034, 'rank': 28, 'fitness': 0.9145361519360117, 'generation': 557}","{'id': 46018, 'rank': 29, 'fitness': 0.877562662331978, 'generation': 557}","{'id': 46006, 'rank': 30, 'fitness': 0.01798620996209155, 'generation': 557}"
"{'id': 46057, 'rank': 1, 'fitness': 0.9820137900379085, 'generation': 558}","{'id': 46150, 'rank': 2, 'fitness': 0.9820097786553945, 'generation': 558}","{'id': 46143, 'rank': 3, 'fitness': 0.9820067192555471, 'generation': 558}","{'id': 46070, 'rank': 4, 'fitness': 0.9818100333854878, 'generation': 558}","{'id': 46061, 'rank': 5, 'fitness': 0.9817892983568153, 'generation': 558}","{'id': 45933, 'rank': 6, 'fitness': 0.9817559741883173, 'generation': 558}","{'id': 46059, 'rank': 7, 'fitness': 0.9816769237872389, 'generation': 558}","{'id': 46069, 'rank': 8, 'fitness': 0.9815906932821777, 'generation': 558}","{'id': 46131, 'rank': 9, 'fitness': 0.9813541998125648, 'generation': 558}","{'id': 46162, 'rank': 10, 'fitness': 0.9813440585540374, 'generation': 558}","{'id': 46162, 'rank': 11, 'fitness': 0.9813440585540374, 'generation': 558}","{'id': 45925, 'rank': 12, 'fitness': 0.9812757826642995, 'generation': 558}","{'id': 46092, 'rank': 13, 'fitness': 0.9809694462972605, 'generation': 558}","{'id': 45753, 'rank': 14, 'fitness': 0.9809352212711431, 'generation': 558}","{'id': 46173, 'rank': 15, 'fitness': 0.9805153762481341, 'generation': 558}","{'id': 46135, 'rank': 16, 'fitness': 0.980426813836217, 'generation': 558}","{'id': 46063, 'rank': 17, 'fitness': 0.9803409283538358, 'generation': 558}","{'id': 46137, 'rank': 18, 'fitness': 0.9801130873279742, 'generation': 558}","{'id': 46118, 'rank': 19, 'fitness': 0.9796073244365042, 'generation': 558}","{'id': 46120, 'rank': 20, 'fitness': 0.9791523043524026, 'generation': 558}","{'id': 46170, 'rank': 21, 'fitness': 0.978106431638122, 'generation': 558}","{'id': 46121, 'rank': 22, 'fitness': 0.9779303953266679, 'generation': 558}","{'id': 46098, 'rank': 23, 'fitness': 0.9778267646801446, 'generation': 558}","{'id': 46098, 'rank': 24, 'fitness': 0.9778267646801446, 'generation': 558}","{'id': 46163, 'rank': 25, 'fitness': 0.9768226444038991, 'generation': 558}","{'id': 46144, 'rank': 26, 'fitness': 0.9760477044979821, 'generation': 558}","{'id': 46171, 'rank': 27, 'fitness': 0.9759786560829032, 'generation': 558}","{'id': 46106, 'rank': 28, 'fitness': 0.974122303845981, 'generation': 558}","{'id': 46126, 'rank': 29, 'fitness': 0.9734416990455846, 'generation': 558}","{'id': 46108, 'rank': 30, 'fitness': 0.01798620996209155, 'generation': 558}"
"{'id': 46195, 'rank': 1, 'fitness': 0.9820137900379085, 'generation': 559}","{'id': 46196, 'rank': 2, 'fitness': 0.9818623167863498, 'generation': 559}","{'id': 46180, 'rank': 3, 'fitness': 0.9810800863227818, 'generation': 559}","{'id': 46183, 'rank': 4, 'fitness': 0.9761758662994109, 'generation': 559}","{'id': 46069, 'rank': 5, 'fitness': 0.9754245421141385, 'generation': 559}","{'id': 46188, 'rank': 6, 'fitness': 0.9750197944858454, 'generation': 559}","{'id': 46184, 'rank': 7, 'fitness': 0.9746626308596638, 'generation': 559}","{'id': 46206, 'rank': 8, 'fitness': 0.9740926732552448, 'generation': 559}","{'id': 46131, 'rank': 9, 'fitness': 0.9720088335578321, 'generation': 559}","{'id': 46162, 'rank': 10, 'fitness': 0.9718535005960502, 'generation': 559}","{'id': 46229, 'rank': 11, 'fitness': 0.9688993159014552, 'generation': 559}","{'id': 46244, 'rank': 12, 'fitness': 0.9681174505037985, 'generation': 559}","{'id': 46191, 'rank': 13, 'fitness': 0.9583592067397734, 'generation': 559}","{'id': 46250, 'rank': 14, 'fitness': 0.9504275995806732, 'generation': 559}","{'id': 46118, 'rank': 15, 'fitness': 0.9314307036943006, 'generation': 559}","{'id': 46177, 'rank': 16, 'fitness': 0.9224863450257776, 'generation': 559}","{'id': 46238, 'rank': 17, 'fitness': 0.8934804370325551, 'generation': 559}","{'id': 46251, 'rank': 18, 'fitness': 0.886616788400388, 'generation': 559}","{'id': 46234, 'rank': 19, 'fitness': 0.8682245739935321, 'generation': 559}","{'id': 46256, 'rank': 20, 'fitness': 0.8661642954683488, 'generation': 559}","{'id': 46098, 'rank': 21, 'fitness': 0.8494064311968057, 'generation': 559}","{'id': 46207, 'rank': 22, 'fitness': 0.838841296548676, 'generation': 559}","{'id': 46248, 'rank': 23, 'fitness': 0.7952102836643263, 'generation': 559}","{'id': 46163, 'rank': 24, 'fitness': 0.7797587497247649, 'generation': 559}","{'id': 46247, 'rank': 25, 'fitness': 0.7372989410170905, 'generation': 559}","{'id': 46144, 'rank': 26, 'fitness': 0.7146619536926492, 'generation': 559}","{'id': 46257, 'rank': 27, 'fitness': 0.6972370533668408, 'generation': 559}","{'id': 46249, 'rank': 28, 'fitness': 0.3586385259029512, 'generation': 559}","{'id': 46246, 'rank': 29, 'fitness': 0.04246098150772104, 'generation': 559}","{'id': 46254, 'rank': 30, 'fitness': 0.01798620996209155, 'generation': 559}"
"{'id': 46325, 'rank': 1, 'fitness': 0.9820137900379085, 'generation': 560}","{'id': 46283, 'rank': 2, 'fitness': 0.9819937002726444, 'generation': 560}","{'id': 46313, 'rank': 3, 'fitness': 0.9819466633768342, 'generation': 560}","{'id': 46180, 'rank': 4, 'fitness': 0.9819398237389413, 'generation': 560}","{'id': 46315, 'rank': 5, 'fitness': 0.9817886800589842, 'generation': 560}","{'id': 46305, 'rank': 6, 'fitness': 0.981725806753109, 'generation': 560}","{'id': 46295, 'rank': 7, 'fitness': 0.9816292551848806, 'generation': 560}","{'id': 46295, 'rank': 8, 'fitness': 0.9816292551848806, 'generation': 560}","{'id': 46162, 'rank': 9, 'fitness': 0.9815750598670382, 'generation': 560}","{'id': 46293, 'rank': 10, 'fitness': 0.981435467676331, 'generation': 560}","{'id': 46293, 'rank': 11, 'fitness': 0.981435467676331, 'generation': 560}","{'id': 46316, 'rank': 12, 'fitness': 0.9810833264609199, 'generation': 560}","{'id': 46271, 'rank': 13, 'fitness': 0.9809247077942982, 'generation': 560}","{'id': 46118, 'rank': 14, 'fitness': 0.9807107331534219, 'generation': 560}","{'id': 46269, 'rank': 15, 'fitness': 0.9802123517409111, 'generation': 560}","{'id': 46321, 'rank': 16, 'fitness': 0.9798640065359264, 'generation': 560}","{'id': 46098, 'rank': 17, 'fitness': 0.9798601184046076, 'generation': 560}","{'id': 46257, 'rank': 18, 'fitness': 0.9789554139796175, 'generation': 560}","{'id': 46273, 'rank': 19, 'fitness': 0.978762140517897, 'generation': 560}","{'id': 46277, 'rank': 20, 'fitness': 0.9769739539774289, 'generation': 560}","{'id': 46277, 'rank': 21, 'fitness': 0.9769739539774289, 'generation': 560}","{'id': 46290, 'rank': 22, 'fitness': 0.9723869147345615, 'generation': 560}","{'id': 46276, 'rank': 23, 'fitness': 0.948437878401571, 'generation': 560}","{'id': 46329, 'rank': 24, 'fitness': 0.8663699363463737, 'generation': 560}","{'id': 46260, 'rank': 25, 'fitness': 0.6620494480203971, 'generation': 560}","{'id': 46286, 'rank': 26, 'fitness': 0.06568718700735421, 'generation': 560}","{'id': 46265, 'rank': 27, 'fitness': 0.045966589328753416, 'generation': 560}","{'id': 46263, 'rank': 28, 'fitness': 0.025861290340575105, 'generation': 560}","{'id': 46267, 'rank': 29, 'fitness': 0.01798620996209155, 'generation': 560}","{'id': 46267, 'rank': 30, 'fitness': 0.01798620996209155, 'generation': 560}"
"{'id': 46283, 'rank': 1, 'fitness': 0.9820137900379085, 'generation': 561}","{'id': 46371, 'rank': 2, 'fitness': 0.9819830043995827, 'generation': 561}","{'id': 46180, 'rank': 3, 'fitness': 0.9819665488181286, 'generation': 561}","{'id': 46391, 'rank': 4, 'fitness': 0.9819056136098229, 'generation': 561}","{'id': 46398, 'rank': 5, 'fitness': 0.9818905710831459, 'generation': 561}","{'id': 46315, 'rank': 6, 'fitness': 0.9818341095309251, 'generation': 561}","{'id': 46364, 'rank': 7, 'fitness': 0.9818058425361573, 'generation': 561}","{'id': 46348, 'rank': 8, 'fitness': 0.9817997061551522, 'generation': 561}","{'id': 46351, 'rank': 9, 'fitness': 0.9817116190887779, 'generation': 561}","{'id': 46295, 'rank': 10, 'fitness': 0.981694556347624, 'generation': 561}","{'id': 46295, 'rank': 11, 'fitness': 0.981694556347624, 'generation': 561}","{'id': 46295, 'rank': 12, 'fitness': 0.981694556347624, 'generation': 561}","{'id': 46377, 'rank': 13, 'fitness': 0.9816638074892433, 'generation': 561}","{'id': 46293, 'rank': 14, 'fitness': 0.9815251185592612, 'generation': 561}","{'id': 46394, 'rank': 15, 'fitness': 0.9814847656349587, 'generation': 561}","{'id': 46406, 'rank': 16, 'fitness': 0.9813426853506092, 'generation': 561}","{'id': 46337, 'rank': 17, 'fitness': 0.9812594942434255, 'generation': 561}","{'id': 46373, 'rank': 18, 'fitness': 0.9810768836980773, 'generation': 561}","{'id': 46376, 'rank': 19, 'fitness': 0.9806993392988388, 'generation': 561}","{'id': 46367, 'rank': 20, 'fitness': 0.9788703471706856, 'generation': 561}","{'id': 46358, 'rank': 21, 'fitness': 0.9780985635549344, 'generation': 561}","{'id': 46358, 'rank': 22, 'fitness': 0.9780985635549344, 'generation': 561}","{'id': 46393, 'rank': 23, 'fitness': 0.975909593958891, 'generation': 561}","{'id': 46354, 'rank': 24, 'fitness': 0.9753747773534922, 'generation': 561}","{'id': 46290, 'rank': 25, 'fitness': 0.9738136241204429, 'generation': 561}","{'id': 46290, 'rank': 26, 'fitness': 0.9738136241204429, 'generation': 561}","{'id': 46360, 'rank': 27, 'fitness': 0.9727831661821544, 'generation': 561}","{'id': 46353, 'rank': 28, 'fitness': 0.9723851628978595, 'generation': 561}","{'id': 46276, 'rank': 29, 'fitness': 0.9546009470951807, 'generation': 561}","{'id': 46341, 'rank': 30, 'fitness': 0.01798620996209155, 'generation': 561}"
"{'id': 46180, 'rank': 1, 'fitness': 0.9820137900379085, 'generation': 562}","{'id': 46180, 'rank': 2, 'fitness': 0.9820137900379085, 'generation': 562}","{'id': 46391, 'rank': 3, 'fitness': 0.9811535851981877, 'generation': 562}","{'id': 46315, 'rank': 4, 'fitness': 0.9800965493152451, 'generation': 562}","{'id': 46364, 'rank': 5, 'fitness': 0.9796640278416028, 'generation': 562}","{'id': 46295, 'rank': 6, 'fitness': 0.9778770119980127, 'generation': 562}","{'id': 46496, 'rank': 7, 'fitness': 0.9762742762056624, 'generation': 562}","{'id': 46293, 'rank': 8, 'fitness': 0.9748819659759247, 'generation': 562}","{'id': 46428, 'rank': 9, 'fitness': 0.9748662681829656, 'generation': 562}","{'id': 46428, 'rank': 10, 'fitness': 0.9748662681829656, 'generation': 562}","{'id': 46437, 'rank': 11, 'fitness': 0.9739621034972807, 'generation': 562}","{'id': 46424, 'rank': 12, 'fitness': 0.9699932798666084, 'generation': 562}","{'id': 46337, 'rank': 13, 'fitness': 0.9694454749983457, 'generation': 562}","{'id': 46495, 'rank': 14, 'fitness': 0.969092154611791, 'generation': 562}","{'id': 46448, 'rank': 15, 'fitness': 0.9551541492834643, 'generation': 562}","{'id': 46439, 'rank': 16, 'fitness': 0.9528527678614287, 'generation': 562}","{'id': 46509, 'rank': 17, 'fitness': 0.9505776464851338, 'generation': 562}","{'id': 46490, 'rank': 18, 'fitness': 0.914830209872871, 'generation': 562}","{'id': 46497, 'rank': 19, 'fitness': 0.8708566382065529, 'generation': 562}","{'id': 46483, 'rank': 20, 'fitness': 0.7043414359306049, 'generation': 562}","{'id': 46435, 'rank': 21, 'fitness': 0.49650519564550233, 'generation': 562}","{'id': 46435, 'rank': 22, 'fitness': 0.49650519564550233, 'generation': 562}","{'id': 46434, 'rank': 23, 'fitness': 0.3430244126443173, 'generation': 562}","{'id': 46360, 'rank': 24, 'fitness': 0.13793015788817697, 'generation': 562}","{'id': 46360, 'rank': 25, 'fitness': 0.13793015788817697, 'generation': 562}","{'id': 46353, 'rank': 26, 'fitness': 0.11512942817489852, 'generation': 562}","{'id': 46353, 'rank': 27, 'fitness': 0.11512942817489852, 'generation': 562}","{'id': 46431, 'rank': 28, 'fitness': 0.10924962692079754, 'generation': 562}","{'id': 46458, 'rank': 29, 'fitness': 0.06353878834960253, 'generation': 562}","{'id': 46501, 'rank': 30, 'fitness': 0.01798620996209155, 'generation': 562}"
"{'id': 46524, 'rank': 1, 'fitness': 0.9820137900379085, 'generation': 563}","{'id': 46552, 'rank': 2, 'fitness': 0.9820130093357408, 'generation': 563}","{'id': 46549, 'rank': 3, 'fitness': 0.981906335471532, 'generation': 563}","{'id': 46180, 'rank': 4, 'fitness': 0.9809809221171208, 'generation': 563}","{'id': 46517, 'rank': 5, 'fitness': 0.9784492872609922, 'generation': 563}","{'id': 46517, 'rank': 6, 'fitness': 0.9784492872609922, 'generation': 563}","{'id': 46515, 'rank': 7, 'fitness': 0.9783265289713333, 'generation': 563}","{'id': 46520, 'rank': 8, 'fitness': 0.9776797580454923, 'generation': 563}","{'id': 46537, 'rank': 9, 'fitness': 0.9771131729162349, 'generation': 563}","{'id': 46567, 'rank': 10, 'fitness': 0.9766206741490869, 'generation': 563}","{'id': 46529, 'rank': 11, 'fitness': 0.97637563035026, 'generation': 563}","{'id': 46428, 'rank': 12, 'fitness': 0.9758788141508812, 'generation': 563}","{'id': 46437, 'rank': 13, 'fitness': 0.9752648762493064, 'generation': 563}","{'id': 46548, 'rank': 14, 'fitness': 0.9727914778342523, 'generation': 563}","{'id': 46495, 'rank': 15, 'fitness': 0.9720539820213765, 'generation': 563}","{'id': 46495, 'rank': 16, 'fitness': 0.9720539820213765, 'generation': 563}","{'id': 46527, 'rank': 17, 'fitness': 0.969608021480511, 'generation': 563}","{'id': 46575, 'rank': 18, 'fitness': 0.9637391980572725, 'generation': 563}","{'id': 46575, 'rank': 19, 'fitness': 0.9637391980572725, 'generation': 563}","{'id': 46439, 'rank': 20, 'fitness': 0.9622101935564185, 'generation': 563}","{'id': 46555, 'rank': 21, 'fitness': 0.9551667697202353, 'generation': 563}","{'id': 46534, 'rank': 22, 'fitness': 0.9301402465657391, 'generation': 563}","{'id': 46523, 'rank': 23, 'fitness': 0.9180222204717912, 'generation': 563}","{'id': 46518, 'rank': 24, 'fitness': 0.883170843345455, 'generation': 563}","{'id': 46435, 'rank': 25, 'fitness': 0.7487468060054115, 'generation': 563}","{'id': 46540, 'rank': 26, 'fitness': 0.7395282764979674, 'generation': 563}","{'id': 46353, 'rank': 27, 'fitness': 0.41417653345580113, 'generation': 563}","{'id': 46353, 'rank': 28, 'fitness': 0.41417653345580113, 'generation': 563}","{'id': 46541, 'rank': 29, 'fitness': 0.11906279651195223, 'generation': 563}","{'id': 46538, 'rank': 30, 'fitness': 0.01798620996209155, 'generation': 563}"
"{'id': 46582, 'rank': 1, 'fitness': 0.9820137900379085, 'generation': 564}","{'id': 46582, 'rank': 2, 'fitness': 0.9820137900379085, 'generation': 564}","{'id': 46582, 'rank': 3, 'fitness': 0.9820137900379085, 'generation': 564}","{'id': 46583, 'rank': 4, 'fitness': 0.9820021324200248, 'generation': 564}","{'id': 46617, 'rank': 5, 'fitness': 0.9819876658706455, 'generation': 564}","{'id': 46595, 'rank': 6, 'fitness': 0.9819636171255849, 'generation': 564}","{'id': 46597, 'rank': 7, 'fitness': 0.9818971039869852, 'generation': 564}","{'id': 46635, 'rank': 8, 'fitness': 0.9818776888163779, 'generation': 564}","{'id': 46515, 'rank': 9, 'fitness': 0.9818669825991215, 'generation': 564}","{'id': 46590, 'rank': 10, 'fitness': 0.9817916177061028, 'generation': 564}","{'id': 46437, 'rank': 11, 'fitness': 0.9817437481459916, 'generation': 564}","{'id': 46627, 'rank': 12, 'fitness': 0.9817259337213159, 'generation': 564}","{'id': 46627, 'rank': 13, 'fitness': 0.9817259337213159, 'generation': 564}","{'id': 46644, 'rank': 14, 'fitness': 0.9817118018740854, 'generation': 564}","{'id': 46589, 'rank': 15, 'fitness': 0.9816606075055356, 'generation': 564}","{'id': 46495, 'rank': 16, 'fitness': 0.9816288188670508, 'generation': 564}","{'id': 46622, 'rank': 17, 'fitness': 0.981537311801093, 'generation': 564}","{'id': 46622, 'rank': 18, 'fitness': 0.981537311801093, 'generation': 564}","{'id': 46636, 'rank': 19, 'fitness': 0.9815109146571841, 'generation': 564}","{'id': 46603, 'rank': 20, 'fitness': 0.9811659335489238, 'generation': 564}","{'id': 46654, 'rank': 21, 'fitness': 0.9805895750524469, 'generation': 564}","{'id': 46581, 'rank': 22, 'fitness': 0.9802975508783008, 'generation': 564}","{'id': 46435, 'rank': 23, 'fitness': 0.9792271056075261, 'generation': 564}","{'id': 46540, 'rank': 24, 'fitness': 0.979176813783748, 'generation': 564}","{'id': 46592, 'rank': 25, 'fitness': 0.9780699339018422, 'generation': 564}","{'id': 46353, 'rank': 26, 'fitness': 0.9776809667176415, 'generation': 564}","{'id': 46353, 'rank': 27, 'fitness': 0.9776809667176415, 'generation': 564}","{'id': 46591, 'rank': 28, 'fitness': 0.9721692705093085, 'generation': 564}","{'id': 46652, 'rank': 29, 'fitness': 0.8597999487378919, 'generation': 564}","{'id': 46646, 'rank': 30, 'fitness': 0.01798620996209155, 'generation': 564}"
"{'id': 46719, 'rank': 1, 'fitness': 0.9820137900379085, 'generation': 565}","{'id': 46583, 'rank': 2, 'fitness': 0.9819721376401034, 'generation': 565}","{'id': 46742, 'rank': 3, 'fitness': 0.981966157208383, 'generation': 565}","{'id': 46617, 'rank': 4, 'fitness': 0.9819525623210129, 'generation': 565}","{'id': 46697, 'rank': 5, 'fitness': 0.9819386609583887, 'generation': 565}","{'id': 46737, 'rank': 6, 'fitness': 0.981731693746904, 'generation': 565}","{'id': 46677, 'rank': 7, 'fitness': 0.9817107217909743, 'generation': 565}","{'id': 46437, 'rank': 8, 'fitness': 0.9816216941287073, 'generation': 565}","{'id': 46437, 'rank': 9, 'fitness': 0.9816216941287073, 'generation': 565}","{'id': 46644, 'rank': 10, 'fitness': 0.9815782466525834, 'generation': 565}","{'id': 46675, 'rank': 11, 'fitness': 0.9815723917997676, 'generation': 565}","{'id': 46675, 'rank': 12, 'fitness': 0.9815723917997676, 'generation': 565}","{'id': 46681, 'rank': 13, 'fitness': 0.9814625158816668, 'generation': 565}","{'id': 46684, 'rank': 14, 'fitness': 0.981425855605231, 'generation': 565}","{'id': 46636, 'rank': 15, 'fitness': 0.9813044397542001, 'generation': 565}","{'id': 46678, 'rank': 16, 'fitness': 0.9812559789651449, 'generation': 565}","{'id': 46669, 'rank': 17, 'fitness': 0.9811825403140136, 'generation': 565}","{'id': 46664, 'rank': 18, 'fitness': 0.98098191032791, 'generation': 565}","{'id': 46654, 'rank': 19, 'fitness': 0.9800356685195073, 'generation': 565}","{'id': 46712, 'rank': 20, 'fitness': 0.9800251959835116, 'generation': 565}","{'id': 46747, 'rank': 21, 'fitness': 0.9797984442575532, 'generation': 565}","{'id': 46688, 'rank': 22, 'fitness': 0.9785229958558628, 'generation': 565}","{'id': 46540, 'rank': 23, 'fitness': 0.978050031375283, 'generation': 565}","{'id': 46692, 'rank': 24, 'fitness': 0.9767098025139642, 'generation': 565}","{'id': 46694, 'rank': 25, 'fitness': 0.9762095426199716, 'generation': 565}","{'id': 46693, 'rank': 26, 'fitness': 0.9757154743797284, 'generation': 565}","{'id': 46730, 'rank': 27, 'fitness': 0.9662870487671481, 'generation': 565}","{'id': 46707, 'rank': 28, 'fitness': 0.9131703380441396, 'generation': 565}","{'id': 46705, 'rank': 29, 'fitness': 0.01798620996209155, 'generation': 565}","{'id': 46705, 'rank': 30, 'fitness': 0.01798620996209155, 'generation': 565}"
"{'id': 46771, 'rank': 1, 'fitness': 0.9820137900379085, 'generation': 566}","{'id': 46742, 'rank': 2, 'fitness': 0.9819323822234627, 'generation': 566}","{'id': 46820, 'rank': 3, 'fitness': 0.9814846006003926, 'generation': 566}","{'id': 46827, 'rank': 4, 'fitness': 0.9804266629739087, 'generation': 566}","{'id': 46437, 'rank': 5, 'fitness': 0.9801926249819666, 'generation': 566}","{'id': 46837, 'rank': 6, 'fitness': 0.9800872742498155, 'generation': 566}","{'id': 46837, 'rank': 7, 'fitness': 0.9800872742498155, 'generation': 566}","{'id': 46757, 'rank': 8, 'fitness': 0.9800235529402544, 'generation': 566}","{'id': 46832, 'rank': 9, 'fitness': 0.9796554293180031, 'generation': 566}","{'id': 46777, 'rank': 10, 'fitness': 0.9792276274892894, 'generation': 566}","{'id': 46684, 'rank': 11, 'fitness': 0.9791470246988018, 'generation': 566}","{'id': 46636, 'rank': 12, 'fitness': 0.9784775736972394, 'generation': 566}","{'id': 46636, 'rank': 13, 'fitness': 0.9784775736972394, 'generation': 566}","{'id': 46770, 'rank': 14, 'fitness': 0.9783294804663025, 'generation': 566}","{'id': 46826, 'rank': 15, 'fitness': 0.9782774134743232, 'generation': 566}","{'id': 46826, 'rank': 16, 'fitness': 0.9782774134743232, 'generation': 566}","{'id': 46775, 'rank': 17, 'fitness': 0.977445012063844, 'generation': 566}","{'id': 46664, 'rank': 18, 'fitness': 0.9766181325323054, 'generation': 566}","{'id': 46834, 'rank': 19, 'fitness': 0.975108712625921, 'generation': 566}","{'id': 46801, 'rank': 20, 'fitness': 0.9734970907471564, 'generation': 566}","{'id': 46753, 'rank': 21, 'fitness': 0.9715486203905037, 'generation': 566}","{'id': 46835, 'rank': 22, 'fitness': 0.9667014527430436, 'generation': 566}","{'id': 46835, 'rank': 23, 'fitness': 0.9667014527430436, 'generation': 566}","{'id': 46751, 'rank': 24, 'fitness': 0.9661285642875461, 'generation': 566}","{'id': 46813, 'rank': 25, 'fitness': 0.9529376462494253, 'generation': 566}","{'id': 46778, 'rank': 26, 'fitness': 0.9104934437251975, 'generation': 566}","{'id': 46816, 'rank': 27, 'fitness': 0.9092000936512408, 'generation': 566}","{'id': 46830, 'rank': 28, 'fitness': 0.5637667629242876, 'generation': 566}","{'id': 46831, 'rank': 29, 'fitness': 0.34338006295115436, 'generation': 566}","{'id': 46707, 'rank': 30, 'fitness': 0.01798620996209155, 'generation': 566}"
"{'id': 46882, 'rank': 1, 'fitness': 0.9820137900379085, 'generation': 567}","{'id': 46875, 'rank': 2, 'fitness': 0.981731933839793, 'generation': 567}","{'id': 46827, 'rank': 3, 'fitness': 0.9808897826010641, 'generation': 567}","{'id': 46859, 'rank': 4, 'fitness': 0.98067367954173, 'generation': 567}","{'id': 46437, 'rank': 5, 'fitness': 0.9806604634065706, 'generation': 567}","{'id': 46757, 'rank': 6, 'fitness': 0.9804947935681312, 'generation': 567}","{'id': 46906, 'rank': 7, 'fitness': 0.9803616443682203, 'generation': 567}","{'id': 46906, 'rank': 8, 'fitness': 0.9803616443682203, 'generation': 567}","{'id': 46873, 'rank': 9, 'fitness': 0.980016500653095, 'generation': 567}","{'id': 46917, 'rank': 10, 'fitness': 0.9796968539859692, 'generation': 567}","{'id': 46918, 'rank': 11, 'fitness': 0.979638246866323, 'generation': 567}","{'id': 46684, 'rank': 12, 'fitness': 0.9796358147352509, 'generation': 567}","{'id': 46856, 'rank': 13, 'fitness': 0.9777376002259939, 'generation': 567}","{'id': 46891, 'rank': 14, 'fitness': 0.9763689588221751, 'generation': 567}","{'id': 46834, 'rank': 15, 'fitness': 0.9756765488136867, 'generation': 567}","{'id': 46842, 'rank': 16, 'fitness': 0.9749857737760825, 'generation': 567}","{'id': 46886, 'rank': 17, 'fitness': 0.974614710034829, 'generation': 567}","{'id': 46801, 'rank': 18, 'fitness': 0.9740957031184724, 'generation': 567}","{'id': 46850, 'rank': 19, 'fitness': 0.97330268045074, 'generation': 567}","{'id': 46903, 'rank': 20, 'fitness': 0.9720665430740155, 'generation': 567}","{'id': 46884, 'rank': 21, 'fitness': 0.9691256735351066, 'generation': 567}","{'id': 46910, 'rank': 22, 'fitness': 0.9676744962863184, 'generation': 567}","{'id': 46835, 'rank': 23, 'fitness': 0.9674255561345865, 'generation': 567}","{'id': 46751, 'rank': 24, 'fitness': 0.9668629537514617, 'generation': 567}","{'id': 46751, 'rank': 25, 'fitness': 0.9668629537514617, 'generation': 567}","{'id': 46868, 'rank': 26, 'fitness': 0.9617207713021756, 'generation': 567}","{'id': 46858, 'rank': 27, 'fitness': 0.9584335684118732, 'generation': 567}","{'id': 46912, 'rank': 28, 'fitness': 0.930308843397671, 'generation': 567}","{'id': 46847, 'rank': 29, 'fitness': 0.8122428845581149, 'generation': 567}","{'id': 46707, 'rank': 30, 'fitness': 0.01798620996209155, 'generation': 567}"
"{'id': 46982, 'rank': 1, 'fitness': 0.9820137900379085, 'generation': 568}","{'id': 47000, 'rank': 2, 'fitness': 0.9811848203679163, 'generation': 568}","{'id': 47001, 'rank': 3, 'fitness': 0.9801162707545747, 'generation': 568}","{'id': 47001, 'rank': 4, 'fitness': 0.9801162707545747, 'generation': 568}","{'id': 46859, 'rank': 5, 'fitness': 0.9797795711811196, 'generation': 568}","{'id': 46943, 'rank': 6, 'fitness': 0.9797067304555023, 'generation': 568}","{'id': 46943, 'rank': 7, 'fitness': 0.9797067304555023, 'generation': 568}","{'id': 46966, 'rank': 8, 'fitness': 0.9796225409066113, 'generation': 568}","{'id': 46906, 'rank': 9, 'fitness': 0.9794553158224447, 'generation': 568}","{'id': 46980, 'rank': 10, 'fitness': 0.9781727013903542, 'generation': 568}","{'id': 46942, 'rank': 11, 'fitness': 0.9774829251649675, 'generation': 568}","{'id': 46969, 'rank': 12, 'fitness': 0.9771480221481506, 'generation': 568}","{'id': 46965, 'rank': 13, 'fitness': 0.9768127770706305, 'generation': 568}","{'id': 46891, 'rank': 14, 'fitness': 0.9753095364416577, 'generation': 568}","{'id': 46975, 'rank': 15, 'fitness': 0.9746457344787182, 'generation': 568}","{'id': 46936, 'rank': 16, 'fitness': 0.9740135746825119, 'generation': 568}","{'id': 46886, 'rank': 17, 'fitness': 0.973489806595531, 'generation': 568}","{'id': 47012, 'rank': 18, 'fitness': 0.972810303223218, 'generation': 568}","{'id': 46941, 'rank': 19, 'fitness': 0.9688718481303045, 'generation': 568}","{'id': 46751, 'rank': 20, 'fitness': 0.9654600501388977, 'generation': 568}","{'id': 46997, 'rank': 21, 'fitness': 0.9630006443883865, 'generation': 568}","{'id': 46927, 'rank': 22, 'fitness': 0.9524412059985731, 'generation': 568}","{'id': 46939, 'rank': 23, 'fitness': 0.9429334789868792, 'generation': 568}","{'id': 46976, 'rank': 24, 'fitness': 0.9277071476866878, 'generation': 568}","{'id': 46929, 'rank': 25, 'fitness': 0.9195740987618026, 'generation': 568}","{'id': 46987, 'rank': 26, 'fitness': 0.9172073512697284, 'generation': 568}","{'id': 46933, 'rank': 27, 'fitness': 0.838056551106923, 'generation': 568}","{'id': 46931, 'rank': 28, 'fitness': 0.3723051899039568, 'generation': 568}","{'id': 46931, 'rank': 29, 'fitness': 0.3723051899039568, 'generation': 568}","{'id': 46707, 'rank': 30, 'fitness': 0.01798620996209155, 'generation': 568}"
"{'id': 47053, 'rank': 1, 'fitness': 0.9820137900379085, 'generation': 569}","{'id': 47053, 'rank': 2, 'fitness': 0.9820137900379085, 'generation': 569}","{'id': 47085, 'rank': 3, 'fitness': 0.9819608114535239, 'generation': 569}","{'id': 47035, 'rank': 4, 'fitness': 0.9819467642323927, 'generation': 569}","{'id': 47000, 'rank': 5, 'fitness': 0.9819320291830529, 'generation': 569}","{'id': 47068, 'rank': 6, 'fitness': 0.9819140873868863, 'generation': 569}","{'id': 47057, 'rank': 7, 'fitness': 0.9818565127612118, 'generation': 569}","{'id': 46859, 'rank': 8, 'fitness': 0.9817822341173545, 'generation': 569}","{'id': 46943, 'rank': 9, 'fitness': 0.9817747184466948, 'generation': 569}","{'id': 46943, 'rank': 10, 'fitness': 0.9817747184466948, 'generation': 569}","{'id': 46966, 'rank': 11, 'fitness': 0.9817660608835632, 'generation': 569}","{'id': 47081, 'rank': 12, 'fitness': 0.9815756823383517, 'generation': 569}","{'id': 46969, 'rank': 13, 'fitness': 0.9815244750639092, 'generation': 569}","{'id': 47050, 'rank': 14, 'fitness': 0.9814730365899336, 'generation': 569}","{'id': 47030, 'rank': 15, 'fitness': 0.9814145641257217, 'generation': 569}","{'id': 47030, 'rank': 16, 'fitness': 0.9814145641257217, 'generation': 569}","{'id': 47083, 'rank': 17, 'fitness': 0.9812521260976084, 'generation': 569}","{'id': 47083, 'rank': 18, 'fitness': 0.9812521260976084, 'generation': 569}","{'id': 46936, 'rank': 19, 'fitness': 0.9812489995792958, 'generation': 569}","{'id': 46936, 'rank': 20, 'fitness': 0.9812489995792958, 'generation': 569}","{'id': 46886, 'rank': 21, 'fitness': 0.9812057903536104, 'generation': 569}","{'id': 47039, 'rank': 22, 'fitness': 0.9811503281864813, 'generation': 569}","{'id': 47060, 'rank': 23, 'fitness': 0.9809865833074112, 'generation': 569}","{'id': 46751, 'rank': 24, 'fitness': 0.9806210540370143, 'generation': 569}","{'id': 46997, 'rank': 25, 'fitness': 0.9804652727226667, 'generation': 569}","{'id': 47080, 'rank': 26, 'fitness': 0.9798504449229677, 'generation': 569}","{'id': 47042, 'rank': 27, 'fitness': 0.9793229864663675, 'generation': 569}","{'id': 46976, 'rank': 28, 'fitness': 0.9788530721580374, 'generation': 569}","{'id': 46929, 'rank': 29, 'fitness': 0.978577863882223, 'generation': 569}","{'id': 47079, 'rank': 30, 'fitness': 0.01798620996209155, 'generation': 569}"
"{'id': 47140, 'rank': 1, 'fitness': 0.9820137900379085, 'generation': 570}","{'id': 47139, 'rank': 2, 'fitness': 0.9818276451257781, 'generation': 570}","{'id': 47139, 'rank': 3, 'fitness': 0.9818276451257781, 'generation': 570}","{'id': 47035, 'rank': 4, 'fitness': 0.9781893960691238, 'generation': 570}","{'id': 47035, 'rank': 5, 'fitness': 0.9781893960691238, 'generation': 570}","{'id': 47137, 'rank': 6, 'fitness': 0.9719518093527343, 'generation': 570}","{'id': 47159, 'rank': 7, 'fitness': 0.9707308137131341, 'generation': 570}","{'id': 47150, 'rank': 8, 'fitness': 0.9686931993036841, 'generation': 570}","{'id': 47153, 'rank': 9, 'fitness': 0.9681909284444179, 'generation': 570}","{'id': 46966, 'rank': 10, 'fitness': 0.9621539360628146, 'generation': 570}","{'id': 47166, 'rank': 11, 'fitness': 0.9614420324189175, 'generation': 570}","{'id': 47162, 'rank': 12, 'fitness': 0.9548774364193953, 'generation': 570}","{'id': 47118, 'rank': 13, 'fitness': 0.952307034987285, 'generation': 570}","{'id': 47169, 'rank': 14, 'fitness': 0.9495433788913166, 'generation': 570}","{'id': 47146, 'rank': 15, 'fitness': 0.9357109664483281, 'generation': 570}","{'id': 47165, 'rank': 16, 'fitness': 0.9264376189637036, 'generation': 570}","{'id': 46969, 'rank': 17, 'fitness': 0.9231046128004571, 'generation': 570}","{'id': 47138, 'rank': 18, 'fitness': 0.9149988653705267, 'generation': 570}","{'id': 47157, 'rank': 19, 'fitness': 0.8063255926788366, 'generation': 570}","{'id': 47156, 'rank': 20, 'fitness': 0.7535873053210433, 'generation': 570}","{'id': 47060, 'rank': 21, 'fitness': 0.7002812792800672, 'generation': 570}","{'id': 47099, 'rank': 22, 'fitness': 0.45997730754263805, 'generation': 570}","{'id': 46751, 'rank': 23, 'fitness': 0.4408146333708585, 'generation': 570}","{'id': 47111, 'rank': 24, 'fitness': 0.41769322050406377, 'generation': 570}","{'id': 47110, 'rank': 25, 'fitness': 0.2361482342452041, 'generation': 570}","{'id': 47110, 'rank': 26, 'fitness': 0.2361482342452041, 'generation': 570}","{'id': 47148, 'rank': 27, 'fitness': 0.08254973022860862, 'generation': 570}","{'id': 47148, 'rank': 28, 'fitness': 0.08254973022860862, 'generation': 570}","{'id': 47080, 'rank': 29, 'fitness': 0.07841579048196146, 'generation': 570}","{'id': 47123, 'rank': 30, 'fitness': 0.01798620996209155, 'generation': 570}"
"{'id': 47205, 'rank': 1, 'fitness': 0.9820137900379085, 'generation': 571}","{'id': 47201, 'rank': 2, 'fitness': 0.9818980544611084, 'generation': 571}","{'id': 47225, 'rank': 3, 'fitness': 0.9818966578968152, 'generation': 571}","{'id': 47235, 'rank': 4, 'fitness': 0.9817939542177575, 'generation': 571}","{'id': 47232, 'rank': 5, 'fitness': 0.9817292894800563, 'generation': 571}","{'id': 47245, 'rank': 6, 'fitness': 0.9816416013061944, 'generation': 571}","{'id': 47187, 'rank': 7, 'fitness': 0.981516411767503, 'generation': 571}","{'id': 47214, 'rank': 8, 'fitness': 0.9815055769450891, 'generation': 571}","{'id': 47242, 'rank': 9, 'fitness': 0.9815000722978902, 'generation': 571}","{'id': 47118, 'rank': 10, 'fitness': 0.9813686922733353, 'generation': 571}","{'id': 47118, 'rank': 11, 'fitness': 0.9813686922733353, 'generation': 571}","{'id': 47190, 'rank': 12, 'fitness': 0.9813379244408904, 'generation': 571}","{'id': 47190, 'rank': 13, 'fitness': 0.9813379244408904, 'generation': 571}","{'id': 47169, 'rank': 14, 'fitness': 0.9813287171432281, 'generation': 571}","{'id': 47146, 'rank': 15, 'fitness': 0.981154340750394, 'generation': 571}","{'id': 47226, 'rank': 16, 'fitness': 0.981061917228601, 'generation': 571}","{'id': 47157, 'rank': 17, 'fitness': 0.9802818532893571, 'generation': 571}","{'id': 47186, 'rank': 18, 'fitness': 0.9797882600202852, 'generation': 571}","{'id': 47111, 'rank': 19, 'fitness': 0.9789887728748429, 'generation': 571}","{'id': 47110, 'rank': 20, 'fitness': 0.9783408765172092, 'generation': 571}","{'id': 47110, 'rank': 21, 'fitness': 0.9783408765172092, 'generation': 571}","{'id': 47237, 'rank': 22, 'fitness': 0.9779281808524677, 'generation': 571}","{'id': 47080, 'rank': 23, 'fitness': 0.9773096493560758, 'generation': 571}","{'id': 47248, 'rank': 24, 'fitness': 0.9771021055264224, 'generation': 571}","{'id': 47240, 'rank': 25, 'fitness': 0.9754742688297287, 'generation': 571}","{'id': 47241, 'rank': 26, 'fitness': 0.9487403449289807, 'generation': 571}","{'id': 47195, 'rank': 27, 'fitness': 0.9480784844922803, 'generation': 571}","{'id': 47197, 'rank': 28, 'fitness': 0.8001156903769208, 'generation': 571}","{'id': 47196, 'rank': 29, 'fitness': 0.2089509624352895, 'generation': 571}","{'id': 47234, 'rank': 30, 'fitness': 0.01798620996209155, 'generation': 571}"
"{'id': 47316, 'rank': 1, 'fitness': 0.9820137900379085, 'generation': 572}","{'id': 47316, 'rank': 2, 'fitness': 0.9820137900379085, 'generation': 572}","{'id': 47307, 'rank': 3, 'fitness': 0.9812744090308584, 'generation': 572}","{'id': 47256, 'rank': 4, 'fitness': 0.9812225668901527, 'generation': 572}","{'id': 47256, 'rank': 5, 'fitness': 0.9812225668901527, 'generation': 572}","{'id': 47271, 'rank': 6, 'fitness': 0.9801134840636934, 'generation': 572}","{'id': 47280, 'rank': 7, 'fitness': 0.9797468008838519, 'generation': 572}","{'id': 47118, 'rank': 8, 'fitness': 0.9786994335410457, 'generation': 572}","{'id': 47118, 'rank': 9, 'fitness': 0.9786994335410457, 'generation': 572}","{'id': 47275, 'rank': 10, 'fitness': 0.978551707402858, 'generation': 572}","{'id': 47273, 'rank': 11, 'fitness': 0.9772168413172729, 'generation': 572}","{'id': 47312, 'rank': 12, 'fitness': 0.9769647020622723, 'generation': 572}","{'id': 47287, 'rank': 13, 'fitness': 0.9761647459406946, 'generation': 572}","{'id': 47306, 'rank': 14, 'fitness': 0.9761331146940595, 'generation': 572}","{'id': 47332, 'rank': 15, 'fitness': 0.9748350441250131, 'generation': 572}","{'id': 47255, 'rank': 16, 'fitness': 0.9727539638117644, 'generation': 572}","{'id': 47186, 'rank': 17, 'fitness': 0.9688866654360418, 'generation': 572}","{'id': 47110, 'rank': 18, 'fitness': 0.95720421434659, 'generation': 572}","{'id': 47110, 'rank': 19, 'fitness': 0.95720421434659, 'generation': 572}","{'id': 47268, 'rank': 20, 'fitness': 0.954480807508131, 'generation': 572}","{'id': 47240, 'rank': 21, 'fitness': 0.924946939764509, 'generation': 572}","{'id': 47331, 'rank': 22, 'fitness': 0.9209903655885907, 'generation': 572}","{'id': 47325, 'rank': 23, 'fitness': 0.9165365431554247, 'generation': 572}","{'id': 47252, 'rank': 24, 'fitness': 0.865418474413294, 'generation': 572}","{'id': 47277, 'rank': 25, 'fitness': 0.8525381326861283, 'generation': 572}","{'id': 47263, 'rank': 26, 'fitness': 0.796078986005684, 'generation': 572}","{'id': 47264, 'rank': 27, 'fitness': 0.06274883230905826, 'generation': 572}","{'id': 47281, 'rank': 28, 'fitness': 0.03608429189564305, 'generation': 572}","{'id': 47283, 'rank': 29, 'fitness': 0.01798620996209155, 'generation': 572}","{'id': 47283, 'rank': 30, 'fitness': 0.01798620996209155, 'generation': 572}"
"{'id': 47366, 'rank': 1, 'fitness': 0.9820137900379085, 'generation': 573}","{'id': 47316, 'rank': 2, 'fitness': 0.981992369730591, 'generation': 573}","{'id': 47362, 'rank': 3, 'fitness': 0.9817012203058245, 'generation': 573}","{'id': 47370, 'rank': 4, 'fitness': 0.9814995465547038, 'generation': 573}","{'id': 47353, 'rank': 5, 'fitness': 0.981309490026906, 'generation': 573}","{'id': 47271, 'rank': 6, 'fitness': 0.9812409146574541, 'generation': 573}","{'id': 47280, 'rank': 7, 'fitness': 0.981100780257455, 'generation': 573}","{'id': 47417, 'rank': 8, 'fitness': 0.9810631172392105, 'generation': 573}","{'id': 47342, 'rank': 9, 'fitness': 0.9809313057687049, 'generation': 573}","{'id': 47361, 'rank': 10, 'fitness': 0.9808587932871412, 'generation': 573}","{'id': 47361, 'rank': 11, 'fitness': 0.9808587932871412, 'generation': 573}","{'id': 47275, 'rank': 12, 'fitness': 0.9806539955533614, 'generation': 573}","{'id': 47339, 'rank': 13, 'fitness': 0.9805177281689246, 'generation': 573}","{'id': 47401, 'rank': 14, 'fitness': 0.9799292606910881, 'generation': 573}","{'id': 47376, 'rank': 15, 'fitness': 0.9797691333432248, 'generation': 573}","{'id': 47376, 'rank': 16, 'fitness': 0.9797691333432248, 'generation': 573}","{'id': 47397, 'rank': 17, 'fitness': 0.9787039128350727, 'generation': 573}","{'id': 47186, 'rank': 18, 'fitness': 0.9774752909930329, 'generation': 573}","{'id': 47420, 'rank': 19, 'fitness': 0.9768529437047883, 'generation': 573}","{'id': 47375, 'rank': 20, 'fitness': 0.9729946575928493, 'generation': 573}","{'id': 47375, 'rank': 21, 'fitness': 0.9729946575928493, 'generation': 573}","{'id': 47374, 'rank': 22, 'fitness': 0.9567282350189552, 'generation': 573}","{'id': 47374, 'rank': 23, 'fitness': 0.9567282350189552, 'generation': 573}","{'id': 47407, 'rank': 24, 'fitness': 0.9291086457528157, 'generation': 573}","{'id': 47390, 'rank': 25, 'fitness': 0.8722823868141203, 'generation': 573}","{'id': 47391, 'rank': 26, 'fitness': 0.7440978811178689, 'generation': 573}","{'id': 47343, 'rank': 27, 'fitness': 0.7268780621088534, 'generation': 573}","{'id': 47343, 'rank': 28, 'fitness': 0.7268780621088534, 'generation': 573}","{'id': 47348, 'rank': 29, 'fitness': 0.1707521250019935, 'generation': 573}","{'id': 47350, 'rank': 30, 'fitness': 0.01798620996209155, 'generation': 573}"
"{'id': 47366, 'rank': 1, 'fitness': 0.9820137900379085, 'generation': 574}","{'id': 47316, 'rank': 2, 'fitness': 0.981992369730591, 'generation': 574}","{'id': 47428, 'rank': 3, 'fitness': 0.9817634844853498, 'generation': 574}","{'id': 47480, 'rank': 4, 'fitness': 0.9816636508179122, 'generation': 574}","{'id': 47476, 'rank': 5, 'fitness': 0.9811347332266585, 'generation': 574}","{'id': 47275, 'rank': 6, 'fitness': 0.9806539955533614, 'generation': 574}","{'id': 47496, 'rank': 7, 'fitness': 0.980355381340802, 'generation': 574}","{'id': 47459, 'rank': 8, 'fitness': 0.9802265985735641, 'generation': 574}","{'id': 47443, 'rank': 9, 'fitness': 0.9801764012305374, 'generation': 574}","{'id': 47488, 'rank': 10, 'fitness': 0.9800875380964478, 'generation': 574}","{'id': 47401, 'rank': 11, 'fitness': 0.9799292606910881, 'generation': 574}","{'id': 47470, 'rank': 12, 'fitness': 0.9797809796162213, 'generation': 574}","{'id': 47475, 'rank': 13, 'fitness': 0.9796632678429986, 'generation': 574}","{'id': 47473, 'rank': 14, 'fitness': 0.9788514859103556, 'generation': 574}","{'id': 47497, 'rank': 15, 'fitness': 0.978349816929919, 'generation': 574}","{'id': 47441, 'rank': 16, 'fitness': 0.9779054503399094, 'generation': 574}","{'id': 47441, 'rank': 17, 'fitness': 0.9779054503399094, 'generation': 574}","{'id': 47431, 'rank': 18, 'fitness': 0.9778867769909606, 'generation': 574}","{'id': 47186, 'rank': 19, 'fitness': 0.9774752909930329, 'generation': 574}","{'id': 47466, 'rank': 20, 'fitness': 0.9748072273540243, 'generation': 574}","{'id': 47375, 'rank': 21, 'fitness': 0.9729946575928493, 'generation': 574}","{'id': 47375, 'rank': 22, 'fitness': 0.9729946575928493, 'generation': 574}","{'id': 47452, 'rank': 23, 'fitness': 0.9569698069292872, 'generation': 574}","{'id': 47456, 'rank': 24, 'fitness': 0.9473159962344466, 'generation': 574}","{'id': 47456, 'rank': 25, 'fitness': 0.9473159962344466, 'generation': 574}","{'id': 47407, 'rank': 26, 'fitness': 0.9291086457528157, 'generation': 574}","{'id': 47477, 'rank': 27, 'fitness': 0.8471909427656895, 'generation': 574}","{'id': 47477, 'rank': 28, 'fitness': 0.8471909427656895, 'generation': 574}","{'id': 47478, 'rank': 29, 'fitness': 0.029979383530797155, 'generation': 574}","{'id': 47350, 'rank': 30, 'fitness': 0.01798620996209155, 'generation': 574}"
"{'id': 47578, 'rank': 1, 'fitness': 0.9820137900379085, 'generation': 575}","{'id': 47578, 'rank': 2, 'fitness': 0.9820137900379085, 'generation': 575}","{'id': 47531, 'rank': 3, 'fitness': 0.9819139503395748, 'generation': 575}","{'id': 47531, 'rank': 4, 'fitness': 0.9819139503395748, 'generation': 575}","{'id': 47554, 'rank': 5, 'fitness': 0.9816122917300342, 'generation': 575}","{'id': 47589, 'rank': 6, 'fitness': 0.9814878036790554, 'generation': 575}","{'id': 47576, 'rank': 7, 'fitness': 0.9814049017620032, 'generation': 575}","{'id': 47523, 'rank': 8, 'fitness': 0.9809583326878067, 'generation': 575}","{'id': 47523, 'rank': 9, 'fitness': 0.9809583326878067, 'generation': 575}","{'id': 47562, 'rank': 10, 'fitness': 0.9806679268270133, 'generation': 575}","{'id': 47496, 'rank': 11, 'fitness': 0.9803284599017602, 'generation': 575}","{'id': 47496, 'rank': 12, 'fitness': 0.9803284599017602, 'generation': 575}","{'id': 47557, 'rank': 13, 'fitness': 0.9801384478008255, 'generation': 575}","{'id': 47504, 'rank': 14, 'fitness': 0.9801345556746499, 'generation': 575}","{'id': 47565, 'rank': 15, 'fitness': 0.9800420752762506, 'generation': 575}","{'id': 47559, 'rank': 16, 'fitness': 0.9797597838408507, 'generation': 575}","{'id': 47470, 'rank': 17, 'fitness': 0.9797533902778983, 'generation': 575}","{'id': 47510, 'rank': 18, 'fitness': 0.9796337671997546, 'generation': 575}","{'id': 47521, 'rank': 19, 'fitness': 0.9794486666089868, 'generation': 575}","{'id': 47473, 'rank': 20, 'fitness': 0.9788228236798965, 'generation': 575}","{'id': 47502, 'rank': 21, 'fitness': 0.978574005980925, 'generation': 575}","{'id': 47533, 'rank': 22, 'fitness': 0.9762983823107958, 'generation': 575}","{'id': 47545, 'rank': 23, 'fitness': 0.9759633891702122, 'generation': 575}","{'id': 47535, 'rank': 24, 'fitness': 0.9742227077804662, 'generation': 575}","{'id': 47544, 'rank': 25, 'fitness': 0.9709445840133878, 'generation': 575}","{'id': 47407, 'rank': 26, 'fitness': 0.9290321491929069, 'generation': 575}","{'id': 47477, 'rank': 27, 'fitness': 0.8470602884370473, 'generation': 575}","{'id': 47477, 'rank': 28, 'fitness': 0.8470602884370473, 'generation': 575}","{'id': 47549, 'rank': 29, 'fitness': 0.25790697642314075, 'generation': 575}","{'id': 47350, 'rank': 30, 'fitness': 0.01798620996209155, 'generation': 575}"
"{'id': 47578, 'rank': 1, 'fitness': 0.9820137900379085, 'generation': 576}","{'id': 47613, 'rank': 2, 'fitness': 0.9819953054991817, 'generation': 576}","{'id': 47633, 'rank': 3, 'fitness': 0.9819777133069958, 'generation': 576}","{'id': 47531, 'rank': 4, 'fitness': 0.9819218831776542, 'generation': 576}","{'id': 47531, 'rank': 5, 'fitness': 0.9819218831776542, 'generation': 576}","{'id': 47626, 'rank': 6, 'fitness': 0.9818289369938167, 'generation': 576}","{'id': 47624, 'rank': 7, 'fitness': 0.9814891241128152, 'generation': 576}","{'id': 47656, 'rank': 8, 'fitness': 0.9814542711890673, 'generation': 576}","{'id': 47576, 'rank': 9, 'fitness': 0.9814538896975995, 'generation': 576}","{'id': 47576, 'rank': 10, 'fitness': 0.9814538896975995, 'generation': 576}","{'id': 47632, 'rank': 11, 'fitness': 0.981277801861683, 'generation': 576}","{'id': 47637, 'rank': 12, 'fitness': 0.9811590371945018, 'generation': 576}","{'id': 47523, 'rank': 13, 'fitness': 0.981044156275614, 'generation': 576}","{'id': 47595, 'rank': 14, 'fitness': 0.9805088790980387, 'generation': 576}","{'id': 47496, 'rank': 15, 'fitness': 0.9804675004603669, 'generation': 576}","{'id': 47640, 'rank': 16, 'fitness': 0.9803364108619846, 'generation': 576}","{'id': 47557, 'rank': 17, 'fitness': 0.9802938248691307, 'generation': 576}","{'id': 47565, 'rank': 18, 'fitness': 0.980205787282125, 'generation': 576}","{'id': 47665, 'rank': 19, 'fitness': 0.9800674201789612, 'generation': 576}","{'id': 47665, 'rank': 20, 'fitness': 0.9800674201789612, 'generation': 576}","{'id': 47594, 'rank': 21, 'fitness': 0.9799803055274655, 'generation': 576}","{'id': 47610, 'rank': 22, 'fitness': 0.9795311671957239, 'generation': 576}","{'id': 47600, 'rank': 23, 'fitness': 0.9791165209591296, 'generation': 576}","{'id': 47623, 'rank': 24, 'fitness': 0.9790510501063797, 'generation': 576}","{'id': 47666, 'rank': 25, 'fitness': 0.9764024588694608, 'generation': 576}","{'id': 47602, 'rank': 26, 'fitness': 0.9576212797288466, 'generation': 576}","{'id': 47652, 'rank': 27, 'fitness': 0.9543733039303307, 'generation': 576}","{'id': 47477, 'rank': 28, 'fitness': 0.8691074948450715, 'generation': 576}","{'id': 47648, 'rank': 29, 'fitness': 0.3982928633364903, 'generation': 576}","{'id': 47615, 'rank': 30, 'fitness': 0.01798620996209155, 'generation': 576}"
"{'id': 47689, 'rank': 1, 'fitness': 0.9820137900379085, 'generation': 577}","{'id': 47740, 'rank': 2, 'fitness': 0.9791538592190303, 'generation': 577}","{'id': 47742, 'rank': 3, 'fitness': 0.9786222655673853, 'generation': 577}","{'id': 47742, 'rank': 4, 'fitness': 0.9786222655673853, 'generation': 577}","{'id': 47671, 'rank': 5, 'fitness': 0.9766621522821264, 'generation': 577}","{'id': 47713, 'rank': 6, 'fitness': 0.9766516406817336, 'generation': 577}","{'id': 47656, 'rank': 7, 'fitness': 0.9734352613665889, 'generation': 577}","{'id': 47576, 'rank': 8, 'fitness': 0.9734275460051918, 'generation': 577}","{'id': 47576, 'rank': 9, 'fitness': 0.9734275460051918, 'generation': 577}","{'id': 47743, 'rank': 10, 'fitness': 0.9726633504233806, 'generation': 577}","{'id': 47632, 'rank': 11, 'fitness': 0.969642658342444, 'generation': 577}","{'id': 47632, 'rank': 12, 'fitness': 0.969642658342444, 'generation': 577}","{'id': 47714, 'rank': 13, 'fitness': 0.9693885195757651, 'generation': 577}","{'id': 47637, 'rank': 14, 'fitness': 0.9668230526720731, 'generation': 577}","{'id': 47746, 'rank': 15, 'fitness': 0.9655885245610752, 'generation': 577}","{'id': 47523, 'rank': 16, 'fitness': 0.9638747353782825, 'generation': 577}","{'id': 47691, 'rank': 17, 'fitness': 0.958649139924497, 'generation': 577}","{'id': 47670, 'rank': 18, 'fitness': 0.9397188898688558, 'generation': 577}","{'id': 47690, 'rank': 19, 'fitness': 0.9354186097783761, 'generation': 577}","{'id': 47729, 'rank': 20, 'fitness': 0.9317120752717273, 'generation': 577}","{'id': 47692, 'rank': 21, 'fitness': 0.9316265192009808, 'generation': 577}","{'id': 47665, 'rank': 22, 'fitness': 0.9278849988703053, 'generation': 577}","{'id': 47665, 'rank': 23, 'fitness': 0.9278849988703053, 'generation': 577}","{'id': 47727, 'rank': 24, 'fitness': 0.9097569906605049, 'generation': 577}","{'id': 47717, 'rank': 25, 'fitness': 0.8881414654445946, 'generation': 577}","{'id': 47732, 'rank': 26, 'fitness': 0.8837017530797693, 'generation': 577}","{'id': 47716, 'rank': 27, 'fitness': 0.8012166716463899, 'generation': 577}","{'id': 47716, 'rank': 28, 'fitness': 0.8012166716463899, 'generation': 577}","{'id': 47716, 'rank': 29, 'fitness': 0.8012166716463899, 'generation': 577}","{'id': 47701, 'rank': 30, 'fitness': 0.01798620996209155, 'generation': 577}"
"{'id': 47689, 'rank': 1, 'fitness': 0.9820137900379085, 'generation': 578}","{'id': 47740, 'rank': 2, 'fitness': 0.981761453435358, 'generation': 578}","{'id': 47790, 'rank': 3, 'fitness': 0.981704756550553, 'generation': 578}","{'id': 47769, 'rank': 4, 'fitness': 0.9815904169400491, 'generation': 578}","{'id': 47811, 'rank': 5, 'fitness': 0.9815729576302425, 'generation': 578}","{'id': 47833, 'rank': 6, 'fitness': 0.9813723859282446, 'generation': 578}","{'id': 47576, 'rank': 7, 'fitness': 0.9813369996000433, 'generation': 578}","{'id': 47809, 'rank': 8, 'fitness': 0.9811825119947912, 'generation': 578}","{'id': 47766, 'rank': 9, 'fitness': 0.9810313529091375, 'generation': 578}","{'id': 47831, 'rank': 10, 'fitness': 0.9809931942543249, 'generation': 578}","{'id': 47758, 'rank': 11, 'fitness': 0.9804579336831187, 'generation': 578}","{'id': 47763, 'rank': 12, 'fitness': 0.9798840914874508, 'generation': 578}","{'id': 47821, 'rank': 13, 'fitness': 0.979681956404038, 'generation': 578}","{'id': 47729, 'rank': 14, 'fitness': 0.979552707968993, 'generation': 578}","{'id': 47810, 'rank': 15, 'fitness': 0.9793077975450902, 'generation': 578}","{'id': 47757, 'rank': 16, 'fitness': 0.9791998333576175, 'generation': 578}","{'id': 47788, 'rank': 17, 'fitness': 0.9790165818407335, 'generation': 578}","{'id': 47752, 'rank': 18, 'fitness': 0.9774160684330093, 'generation': 578}","{'id': 47716, 'rank': 19, 'fitness': 0.9771182789094156, 'generation': 578}","{'id': 47787, 'rank': 20, 'fitness': 0.9756681860961534, 'generation': 578}","{'id': 47813, 'rank': 21, 'fitness': 0.9734645204442256, 'generation': 578}","{'id': 47777, 'rank': 22, 'fitness': 0.971145210998354, 'generation': 578}","{'id': 47825, 'rank': 23, 'fitness': 0.9673700081932828, 'generation': 578}","{'id': 47834, 'rank': 24, 'fitness': 0.9664937181462336, 'generation': 578}","{'id': 47785, 'rank': 25, 'fitness': 0.957509495238006, 'generation': 578}","{'id': 47797, 'rank': 26, 'fitness': 0.9254480070330781, 'generation': 578}","{'id': 47771, 'rank': 27, 'fitness': 0.880758102560506, 'generation': 578}","{'id': 47805, 'rank': 28, 'fitness': 0.7156484038784783, 'generation': 578}","{'id': 47774, 'rank': 29, 'fitness': 0.3368118792870193, 'generation': 578}","{'id': 47826, 'rank': 30, 'fitness': 0.01798620996209155, 'generation': 578}"
"{'id': 47853, 'rank': 1, 'fitness': 0.9820137900379085, 'generation': 579}","{'id': 47853, 'rank': 2, 'fitness': 0.9820137900379085, 'generation': 579}","{'id': 47841, 'rank': 3, 'fitness': 0.9819128007629195, 'generation': 579}","{'id': 47836, 'rank': 4, 'fitness': 0.9818825705950429, 'generation': 579}","{'id': 47889, 'rank': 5, 'fitness': 0.9818250236081797, 'generation': 579}","{'id': 47888, 'rank': 6, 'fitness': 0.9817745652841833, 'generation': 579}","{'id': 47576, 'rank': 7, 'fitness': 0.9809751308208988, 'generation': 579}","{'id': 47908, 'rank': 8, 'fitness': 0.9809704996243275, 'generation': 579}","{'id': 47899, 'rank': 9, 'fitness': 0.9803820865387036, 'generation': 579}","{'id': 47850, 'rank': 10, 'fitness': 0.9798305440025122, 'generation': 579}","{'id': 47870, 'rank': 11, 'fitness': 0.9788533515832314, 'generation': 579}","{'id': 47821, 'rank': 12, 'fitness': 0.9783903281440471, 'generation': 579}","{'id': 47906, 'rank': 13, 'fitness': 0.9777543853337771, 'generation': 579}","{'id': 47905, 'rank': 14, 'fitness': 0.9772734450315568, 'generation': 579}","{'id': 47887, 'rank': 15, 'fitness': 0.9769585673653299, 'generation': 579}","{'id': 47895, 'rank': 16, 'fitness': 0.9741324988480345, 'generation': 579}","{'id': 47885, 'rank': 17, 'fitness': 0.9726246389511102, 'generation': 579}","{'id': 47885, 'rank': 18, 'fitness': 0.9726246389511102, 'generation': 579}","{'id': 47787, 'rank': 19, 'fitness': 0.9716973291575769, 'generation': 579}","{'id': 47868, 'rank': 20, 'fitness': 0.9700018335014206, 'generation': 579}","{'id': 47868, 'rank': 21, 'fitness': 0.9700018335014206, 'generation': 579}","{'id': 47877, 'rank': 22, 'fitness': 0.9693923555839231, 'generation': 579}","{'id': 47777, 'rank': 23, 'fitness': 0.9635006450271324, 'generation': 579}","{'id': 47834, 'rank': 24, 'fitness': 0.954427215861064, 'generation': 579}","{'id': 47845, 'rank': 25, 'fitness': 0.9535235720584916, 'generation': 579}","{'id': 47867, 'rank': 26, 'fitness': 0.9374107063244889, 'generation': 579}","{'id': 47902, 'rank': 27, 'fitness': 0.9123207442012089, 'generation': 579}","{'id': 47771, 'rank': 28, 'fitness': 0.7305728247261936, 'generation': 579}","{'id': 47849, 'rank': 29, 'fitness': 0.5310511424083595, 'generation': 579}","{'id': 47857, 'rank': 30, 'fitness': 0.01798620996209155, 'generation': 579}"
"{'id': 47989, 'rank': 1, 'fitness': 0.9820137900379085, 'generation': 580}","{'id': 47841, 'rank': 2, 'fitness': 0.9819695787470342, 'generation': 580}","{'id': 47973, 'rank': 3, 'fitness': 0.9817735879306375, 'generation': 580}","{'id': 47936, 'rank': 4, 'fitness': 0.9815065489464176, 'generation': 580}","{'id': 47908, 'rank': 5, 'fitness': 0.9813580483963589, 'generation': 580}","{'id': 47981, 'rank': 6, 'fitness': 0.9812575257913143, 'generation': 580}","{'id': 47986, 'rank': 7, 'fitness': 0.9811278744866243, 'generation': 580}","{'id': 47945, 'rank': 8, 'fitness': 0.9805032916262143, 'generation': 580}","{'id': 47870, 'rank': 9, 'fitness': 0.9800199306137471, 'generation': 580}","{'id': 47994, 'rank': 10, 'fitness': 0.9792094804328497, 'generation': 580}","{'id': 47915, 'rank': 11, 'fitness': 0.978828732502537, 'generation': 580}","{'id': 47969, 'rank': 12, 'fitness': 0.9781184215284555, 'generation': 580}","{'id': 47969, 'rank': 13, 'fitness': 0.9781184215284555, 'generation': 580}","{'id': 47937, 'rank': 14, 'fitness': 0.9773713294359465, 'generation': 580}","{'id': 47885, 'rank': 15, 'fitness': 0.9763194105280443, 'generation': 580}","{'id': 47926, 'rank': 16, 'fitness': 0.9754519694989295, 'generation': 580}","{'id': 47944, 'rank': 17, 'fitness': 0.9742547306719016, 'generation': 580}","{'id': 47996, 'rank': 18, 'fitness': 0.9712472825886668, 'generation': 580}","{'id': 47922, 'rank': 19, 'fitness': 0.9687962652510202, 'generation': 580}","{'id': 47951, 'rank': 20, 'fitness': 0.9641433180314404, 'generation': 580}","{'id': 48000, 'rank': 21, 'fitness': 0.961887829466896, 'generation': 580}","{'id': 47963, 'rank': 22, 'fitness': 0.9581748376621273, 'generation': 580}","{'id': 47976, 'rank': 23, 'fitness': 0.9550063094478172, 'generation': 580}","{'id': 47948, 'rank': 24, 'fitness': 0.9242276273795476, 'generation': 580}","{'id': 47948, 'rank': 25, 'fitness': 0.9242276273795476, 'generation': 580}","{'id': 47771, 'rank': 26, 'fitness': 0.8838894327884667, 'generation': 580}","{'id': 47849, 'rank': 27, 'fitness': 0.8109904008369104, 'generation': 580}","{'id': 47849, 'rank': 28, 'fitness': 0.8109904008369104, 'generation': 580}","{'id': 47857, 'rank': 29, 'fitness': 0.22241543267951508, 'generation': 580}","{'id': 47960, 'rank': 30, 'fitness': 0.01798620996209155, 'generation': 580}"
"{'id': 48029, 'rank': 1, 'fitness': 0.9820137900379085, 'generation': 581}","{'id': 47841, 'rank': 2, 'fitness': 0.9820130517014443, 'generation': 581}","{'id': 47973, 'rank': 3, 'fitness': 0.9819860854944427, 'generation': 581}","{'id': 48069, 'rank': 4, 'fitness': 0.9819582980852858, 'generation': 581}","{'id': 48081, 'rank': 5, 'fitness': 0.9819546765058382, 'generation': 581}","{'id': 48060, 'rank': 6, 'fitness': 0.9819534221272277, 'generation': 581}","{'id': 48060, 'rank': 7, 'fitness': 0.9819534221272277, 'generation': 581}","{'id': 47986, 'rank': 8, 'fitness': 0.9818989428928997, 'generation': 581}","{'id': 48011, 'rank': 9, 'fitness': 0.9818893196132056, 'generation': 581}","{'id': 48032, 'rank': 10, 'fitness': 0.9818826621030916, 'generation': 581}","{'id': 47945, 'rank': 11, 'fitness': 0.9818170161375412, 'generation': 581}","{'id': 48070, 'rank': 12, 'fitness': 0.9818026169801959, 'generation': 581}","{'id': 48034, 'rank': 13, 'fitness': 0.9816877506331425, 'generation': 581}","{'id': 48034, 'rank': 14, 'fitness': 0.9816877506331425, 'generation': 581}","{'id': 48019, 'rank': 15, 'fitness': 0.9816819070171887, 'generation': 581}","{'id': 48039, 'rank': 16, 'fitness': 0.9815587845165414, 'generation': 581}","{'id': 48043, 'rank': 17, 'fitness': 0.9814116263934314, 'generation': 581}","{'id': 48041, 'rank': 18, 'fitness': 0.9811191302773412, 'generation': 581}","{'id': 48047, 'rank': 19, 'fitness': 0.9805504525168824, 'generation': 581}","{'id': 48006, 'rank': 20, 'fitness': 0.9804369389343057, 'generation': 581}","{'id': 48046, 'rank': 21, 'fitness': 0.979883890203979, 'generation': 581}","{'id': 48050, 'rank': 22, 'fitness': 0.97838665177383, 'generation': 581}","{'id': 47948, 'rank': 23, 'fitness': 0.9779609136223293, 'generation': 581}","{'id': 48027, 'rank': 24, 'fitness': 0.9751688020551235, 'generation': 581}","{'id': 47849, 'rank': 25, 'fitness': 0.9746154397583844, 'generation': 581}","{'id': 48020, 'rank': 26, 'fitness': 0.9746147287166274, 'generation': 581}","{'id': 48020, 'rank': 27, 'fitness': 0.9746147287166274, 'generation': 581}","{'id': 48022, 'rank': 28, 'fitness': 0.9629588390599716, 'generation': 581}","{'id': 47960, 'rank': 29, 'fitness': 0.9474455734790751, 'generation': 581}","{'id': 48017, 'rank': 30, 'fitness': 0.01798620996209155, 'generation': 581}"
"{'id': 48029, 'rank': 1, 'fitness': 0.9820137900379085, 'generation': 582}","{'id': 47841, 'rank': 2, 'fitness': 0.981995854869812, 'generation': 582}","{'id': 48153, 'rank': 3, 'fitness': 0.9814364812975035, 'generation': 582}","{'id': 48156, 'rank': 4, 'fitness': 0.9810486920405141, 'generation': 582}","{'id': 48060, 'rank': 5, 'fitness': 0.9804905115631968, 'generation': 582}","{'id': 48060, 'rank': 6, 'fitness': 0.9804905115631968, 'generation': 582}","{'id': 48070, 'rank': 7, 'fitness': 0.9761392916334599, 'generation': 582}","{'id': 48139, 'rank': 8, 'fitness': 0.9755322738789354, 'generation': 582}","{'id': 48139, 'rank': 9, 'fitness': 0.9755322738789354, 'generation': 582}","{'id': 48086, 'rank': 10, 'fitness': 0.9740623721793564, 'generation': 582}","{'id': 48034, 'rank': 11, 'fitness': 0.9722331343436216, 'generation': 582}","{'id': 48019, 'rank': 12, 'fitness': 0.9720193073851439, 'generation': 582}","{'id': 48019, 'rank': 13, 'fitness': 0.9720193073851439, 'generation': 582}","{'id': 48099, 'rank': 14, 'fitness': 0.970995388099932, 'generation': 582}","{'id': 48099, 'rank': 15, 'fitness': 0.970995388099932, 'generation': 582}","{'id': 48107, 'rank': 16, 'fitness': 0.9679522000143228, 'generation': 582}","{'id': 48134, 'rank': 17, 'fitness': 0.9656511381955704, 'generation': 582}","{'id': 48101, 'rank': 18, 'fitness': 0.9636547027492565, 'generation': 582}","{'id': 48118, 'rank': 19, 'fitness': 0.9604234885519944, 'generation': 582}","{'id': 48043, 'rank': 20, 'fitness': 0.9602867027079944, 'generation': 582}","{'id': 48154, 'rank': 21, 'fitness': 0.9596433672284859, 'generation': 582}","{'id': 48154, 'rank': 22, 'fitness': 0.9596433672284859, 'generation': 582}","{'id': 48108, 'rank': 23, 'fitness': 0.9585338856785797, 'generation': 582}","{'id': 48084, 'rank': 24, 'fitness': 0.9312897844638078, 'generation': 582}","{'id': 48124, 'rank': 25, 'fitness': 0.8982064393806111, 'generation': 582}","{'id': 48126, 'rank': 26, 'fitness': 0.8025595076563372, 'generation': 582}","{'id': 48126, 'rank': 27, 'fitness': 0.8025595076563372, 'generation': 582}","{'id': 48095, 'rank': 28, 'fitness': 0.38890786435998603, 'generation': 582}","{'id': 48147, 'rank': 29, 'fitness': 0.030389744844895816, 'generation': 582}","{'id': 48027, 'rank': 30, 'fitness': 0.01798620996209155, 'generation': 582}"
"{'id': 47841, 'rank': 1, 'fitness': 0.9820137900379085, 'generation': 583}","{'id': 48153, 'rank': 2, 'fitness': 0.9816666931708034, 'generation': 583}","{'id': 48237, 'rank': 3, 'fitness': 0.9815113842159526, 'generation': 583}","{'id': 48227, 'rank': 4, 'fitness': 0.9814226010537053, 'generation': 583}","{'id': 48060, 'rank': 5, 'fitness': 0.981088337346828, 'generation': 583}","{'id': 48236, 'rank': 6, 'fitness': 0.9796256999758618, 'generation': 583}","{'id': 48236, 'rank': 7, 'fitness': 0.9796256999758618, 'generation': 583}","{'id': 48176, 'rank': 8, 'fitness': 0.9794353760726032, 'generation': 583}","{'id': 48205, 'rank': 9, 'fitness': 0.9791900645680156, 'generation': 583}","{'id': 48086, 'rank': 10, 'fitness': 0.9773985636782876, 'generation': 583}","{'id': 48204, 'rank': 11, 'fitness': 0.9771211616541298, 'generation': 583}","{'id': 48219, 'rank': 12, 'fitness': 0.9754848333323338, 'generation': 583}","{'id': 48217, 'rank': 13, 'fitness': 0.9749427661059527, 'generation': 583}","{'id': 48212, 'rank': 14, 'fitness': 0.9732506003005269, 'generation': 583}","{'id': 48043, 'rank': 15, 'fitness': 0.9704561950450579, 'generation': 583}","{'id': 48216, 'rank': 16, 'fitness': 0.9699228931697496, 'generation': 583}","{'id': 48186, 'rank': 17, 'fitness': 0.9599678388605601, 'generation': 583}","{'id': 48211, 'rank': 18, 'fitness': 0.9489620098090187, 'generation': 583}","{'id': 48158, 'rank': 19, 'fitness': 0.9461499129739972, 'generation': 583}","{'id': 48157, 'rank': 20, 'fitness': 0.9459867852525372, 'generation': 583}","{'id': 48220, 'rank': 21, 'fitness': 0.945545764965355, 'generation': 583}","{'id': 48231, 'rank': 22, 'fitness': 0.9204930275415769, 'generation': 583}","{'id': 48126, 'rank': 23, 'fitness': 0.9151378119032445, 'generation': 583}","{'id': 48126, 'rank': 24, 'fitness': 0.9151378119032445, 'generation': 583}","{'id': 48222, 'rank': 25, 'fitness': 0.8894233895083987, 'generation': 583}","{'id': 48095, 'rank': 26, 'fitness': 0.7720265499510688, 'generation': 583}","{'id': 48181, 'rank': 27, 'fitness': 0.39324986120983607, 'generation': 583}","{'id': 48181, 'rank': 28, 'fitness': 0.39324986120983607, 'generation': 583}","{'id': 48027, 'rank': 29, 'fitness': 0.2696307156686998, 'generation': 583}","{'id': 48223, 'rank': 30, 'fitness': 0.01798620996209155, 'generation': 583}"
"{'id': 48295, 'rank': 1, 'fitness': 0.9820137900379085, 'generation': 584}","{'id': 48285, 'rank': 2, 'fitness': 0.9814205455683673, 'generation': 584}","{'id': 48227, 'rank': 3, 'fitness': 0.9797800763930091, 'generation': 584}","{'id': 48248, 'rank': 4, 'fitness': 0.9784777307369955, 'generation': 584}","{'id': 48247, 'rank': 5, 'fitness': 0.9775131346680769, 'generation': 584}","{'id': 48236, 'rank': 6, 'fitness': 0.9743133291738876, 'generation': 584}","{'id': 48236, 'rank': 7, 'fitness': 0.9743133291738876, 'generation': 584}","{'id': 48236, 'rank': 8, 'fitness': 0.9743133291738876, 'generation': 584}","{'id': 48299, 'rank': 9, 'fitness': 0.9723588264611278, 'generation': 584}","{'id': 48299, 'rank': 10, 'fitness': 0.9723588264611278, 'generation': 584}","{'id': 48303, 'rank': 11, 'fitness': 0.9713996700679886, 'generation': 584}","{'id': 48272, 'rank': 12, 'fitness': 0.9708380126004457, 'generation': 584}","{'id': 48271, 'rank': 13, 'fitness': 0.9693169929696182, 'generation': 584}","{'id': 48289, 'rank': 14, 'fitness': 0.9663363357907816, 'generation': 584}","{'id': 48204, 'rank': 15, 'fitness': 0.9653624528499232, 'generation': 584}","{'id': 48204, 'rank': 16, 'fitness': 0.9653624528499232, 'generation': 584}","{'id': 48216, 'rank': 17, 'fitness': 0.9306596890900124, 'generation': 584}","{'id': 48300, 'rank': 18, 'fitness': 0.8773860303165117, 'generation': 584}","{'id': 48300, 'rank': 19, 'fitness': 0.8773860303165117, 'generation': 584}","{'id': 48311, 'rank': 20, 'fitness': 0.7591095718943452, 'generation': 584}","{'id': 48220, 'rank': 21, 'fitness': 0.7284574091943598, 'generation': 584}","{'id': 48297, 'rank': 22, 'fitness': 0.5502192603251916, 'generation': 584}","{'id': 48231, 'rank': 23, 'fitness': 0.4831538683352937, 'generation': 584}","{'id': 48231, 'rank': 24, 'fitness': 0.4831538683352937, 'generation': 584}","{'id': 48288, 'rank': 25, 'fitness': 0.31466227420169746, 'generation': 584}","{'id': 48288, 'rank': 26, 'fitness': 0.31466227420169746, 'generation': 584}","{'id': 48222, 'rank': 27, 'fitness': 0.2660729714999366, 'generation': 584}","{'id': 48291, 'rank': 28, 'fitness': 0.10950231956706041, 'generation': 584}","{'id': 48266, 'rank': 29, 'fitness': 0.09615008626253208, 'generation': 584}","{'id': 48265, 'rank': 30, 'fitness': 0.01798620996209155, 'generation': 584}"
"{'id': 48333, 'rank': 1, 'fitness': 0.9820137900379085, 'generation': 585}","{'id': 48285, 'rank': 2, 'fitness': 0.9818774143533542, 'generation': 585}","{'id': 48227, 'rank': 3, 'fitness': 0.9815700033681982, 'generation': 585}","{'id': 48227, 'rank': 4, 'fitness': 0.9815700033681982, 'generation': 585}","{'id': 48327, 'rank': 5, 'fitness': 0.9814780851879888, 'generation': 585}","{'id': 48340, 'rank': 6, 'fitness': 0.9813371882459097, 'generation': 585}","{'id': 48247, 'rank': 7, 'fitness': 0.9811758852028757, 'generation': 585}","{'id': 48247, 'rank': 8, 'fitness': 0.9811758852028757, 'generation': 585}","{'id': 48364, 'rank': 9, 'fitness': 0.980870897197667, 'generation': 585}","{'id': 48236, 'rank': 10, 'fitness': 0.9806693569995837, 'generation': 585}","{'id': 48236, 'rank': 11, 'fitness': 0.9806693569995837, 'generation': 585}","{'id': 48341, 'rank': 12, 'fitness': 0.9805112153597346, 'generation': 585}","{'id': 48344, 'rank': 13, 'fitness': 0.9804278543202303, 'generation': 585}","{'id': 48299, 'rank': 14, 'fitness': 0.9803836961108434, 'generation': 585}","{'id': 48204, 'rank': 15, 'fitness': 0.9794744357545656, 'generation': 585}","{'id': 48319, 'rank': 16, 'fitness': 0.9783992282721348, 'generation': 585}","{'id': 48365, 'rank': 17, 'fitness': 0.9754123589854464, 'generation': 585}","{'id': 48371, 'rank': 18, 'fitness': 0.9733945654525121, 'generation': 585}","{'id': 48300, 'rank': 19, 'fitness': 0.9732824965173761, 'generation': 585}","{'id': 48323, 'rank': 20, 'fitness': 0.9723690945600629, 'generation': 585}","{'id': 48334, 'rank': 21, 'fitness': 0.9723519831086703, 'generation': 585}","{'id': 48370, 'rank': 22, 'fitness': 0.9701157103246205, 'generation': 585}","{'id': 48297, 'rank': 23, 'fitness': 0.9624789058347237, 'generation': 585}","{'id': 48231, 'rank': 24, 'fitness': 0.9605017621492749, 'generation': 585}","{'id': 48288, 'rank': 25, 'fitness': 0.9547831780596919, 'generation': 585}","{'id': 48288, 'rank': 26, 'fitness': 0.9547831780596919, 'generation': 585}","{'id': 48338, 'rank': 27, 'fitness': 0.9325334730442831, 'generation': 585}","{'id': 48351, 'rank': 28, 'fitness': 0.9222095231326752, 'generation': 585}","{'id': 48354, 'rank': 29, 'fitness': 0.01798620996209155, 'generation': 585}","{'id': 48354, 'rank': 30, 'fitness': 0.01798620996209155, 'generation': 585}"
"{'id': 48390, 'rank': 1, 'fitness': 0.9820137900379085, 'generation': 586}","{'id': 48394, 'rank': 2, 'fitness': 0.9820046369831753, 'generation': 586}","{'id': 48463, 'rank': 3, 'fitness': 0.9819677056161897, 'generation': 586}","{'id': 48451, 'rank': 4, 'fitness': 0.9817867920186398, 'generation': 586}","{'id': 48452, 'rank': 5, 'fitness': 0.9817420523031299, 'generation': 586}","{'id': 48445, 'rank': 6, 'fitness': 0.9817175097076959, 'generation': 586}","{'id': 48437, 'rank': 7, 'fitness': 0.9815680685468182, 'generation': 586}","{'id': 48437, 'rank': 8, 'fitness': 0.9815680685468182, 'generation': 586}","{'id': 48386, 'rank': 9, 'fitness': 0.9813333829899195, 'generation': 586}","{'id': 48427, 'rank': 10, 'fitness': 0.9812439566002311, 'generation': 586}","{'id': 48247, 'rank': 11, 'fitness': 0.9811114928639011, 'generation': 586}","{'id': 48450, 'rank': 12, 'fitness': 0.9807832990927948, 'generation': 586}","{'id': 48431, 'rank': 13, 'fitness': 0.9805776481291253, 'generation': 586}","{'id': 48299, 'rank': 14, 'fitness': 0.9803920032578349, 'generation': 586}","{'id': 48403, 'rank': 15, 'fitness': 0.980082304006175, 'generation': 586}","{'id': 48461, 'rank': 16, 'fitness': 0.9797276476784365, 'generation': 586}","{'id': 48461, 'rank': 17, 'fitness': 0.9797276476784365, 'generation': 586}","{'id': 48378, 'rank': 18, 'fitness': 0.9795049865276868, 'generation': 586}","{'id': 48460, 'rank': 19, 'fitness': 0.9792439391789641, 'generation': 586}","{'id': 48397, 'rank': 20, 'fitness': 0.9791149641954623, 'generation': 586}","{'id': 48319, 'rank': 21, 'fitness': 0.9786010106069556, 'generation': 586}","{'id': 48428, 'rank': 22, 'fitness': 0.9766328013395655, 'generation': 586}","{'id': 48414, 'rank': 23, 'fitness': 0.976535783513742, 'generation': 586}","{'id': 48370, 'rank': 24, 'fitness': 0.9712705649552811, 'generation': 586}","{'id': 48370, 'rank': 25, 'fitness': 0.9712705649552811, 'generation': 586}","{'id': 48288, 'rank': 26, 'fitness': 0.9581394905169843, 'generation': 586}","{'id': 48410, 'rank': 27, 'fitness': 0.9571052688555782, 'generation': 586}","{'id': 48401, 'rank': 28, 'fitness': 0.9524068169719295, 'generation': 586}","{'id': 48354, 'rank': 29, 'fitness': 0.03685975455456081, 'generation': 586}","{'id': 48465, 'rank': 30, 'fitness': 0.01798620996209155, 'generation': 586}"
"{'id': 48463, 'rank': 1, 'fitness': 0.9820137900379085, 'generation': 587}","{'id': 48499, 'rank': 2, 'fitness': 0.9819947941380894, 'generation': 587}","{'id': 48467, 'rank': 3, 'fitness': 0.9818657476283528, 'generation': 587}","{'id': 48452, 'rank': 4, 'fitness': 0.9817886289320396, 'generation': 587}","{'id': 48530, 'rank': 5, 'fitness': 0.9817638898486274, 'generation': 587}","{'id': 48529, 'rank': 6, 'fitness': 0.9817545820354637, 'generation': 587}","{'id': 48247, 'rank': 7, 'fitness': 0.9811594388212412, 'generation': 587}","{'id': 48537, 'rank': 8, 'fitness': 0.9811088633663482, 'generation': 587}","{'id': 48489, 'rank': 9, 'fitness': 0.9810630955775383, 'generation': 587}","{'id': 48514, 'rank': 10, 'fitness': 0.9805767958110212, 'generation': 587}","{'id': 48403, 'rank': 11, 'fitness': 0.9801324662307938, 'generation': 587}","{'id': 48378, 'rank': 12, 'fitness': 0.9795563820971256, 'generation': 587}","{'id': 48460, 'rank': 13, 'fitness': 0.9792958901651192, 'generation': 587}","{'id': 48397, 'rank': 14, 'fitness': 0.9791671890800349, 'generation': 587}","{'id': 48476, 'rank': 15, 'fitness': 0.9767334609102571, 'generation': 587}","{'id': 48428, 'rank': 16, 'fitness': 0.9766902334519099, 'generation': 587}","{'id': 48475, 'rank': 17, 'fitness': 0.976195009540078, 'generation': 587}","{'id': 48491, 'rank': 18, 'fitness': 0.9758292766504415, 'generation': 587}","{'id': 48491, 'rank': 19, 'fitness': 0.9758292766504415, 'generation': 587}","{'id': 48491, 'rank': 20, 'fitness': 0.9758292766504415, 'generation': 587}","{'id': 48491, 'rank': 21, 'fitness': 0.9758292766504415, 'generation': 587}","{'id': 48504, 'rank': 22, 'fitness': 0.9756244682636859, 'generation': 587}","{'id': 48509, 'rank': 23, 'fitness': 0.9752448199629631, 'generation': 587}","{'id': 48474, 'rank': 24, 'fitness': 0.9741581448496307, 'generation': 587}","{'id': 48516, 'rank': 25, 'fitness': 0.971672860974065, 'generation': 587}","{'id': 48512, 'rank': 26, 'fitness': 0.9450002546478462, 'generation': 587}","{'id': 48471, 'rank': 27, 'fitness': 0.8620614260541644, 'generation': 587}","{'id': 48354, 'rank': 28, 'fitness': 0.036868279942529725, 'generation': 587}","{'id': 48465, 'rank': 29, 'fitness': 0.01798620996209155, 'generation': 587}","{'id': 48465, 'rank': 30, 'fitness': 0.01798620996209155, 'generation': 587}"
"{'id': 48615, 'rank': 1, 'fitness': 0.9820137900379085, 'generation': 588}","{'id': 48615, 'rank': 2, 'fitness': 0.9820137900379085, 'generation': 588}","{'id': 48577, 'rank': 3, 'fitness': 0.9820130773969191, 'generation': 588}","{'id': 48547, 'rank': 4, 'fitness': 0.9818338631111787, 'generation': 588}","{'id': 48530, 'rank': 5, 'fitness': 0.9818249280049175, 'generation': 588}","{'id': 48591, 'rank': 6, 'fitness': 0.9814834777623717, 'generation': 588}","{'id': 48557, 'rank': 7, 'fitness': 0.9813522783161737, 'generation': 588}","{'id': 48610, 'rank': 8, 'fitness': 0.9808932249622023, 'generation': 588}","{'id': 48589, 'rank': 9, 'fitness': 0.9807564024742248, 'generation': 588}","{'id': 48403, 'rank': 10, 'fitness': 0.9801981298497986, 'generation': 588}","{'id': 48378, 'rank': 11, 'fitness': 0.9796236611351559, 'generation': 588}","{'id': 48378, 'rank': 12, 'fitness': 0.9796236611351559, 'generation': 588}","{'id': 48626, 'rank': 13, 'fitness': 0.9792030667418833, 'generation': 588}","{'id': 48550, 'rank': 14, 'fitness': 0.9777278749087808, 'generation': 588}","{'id': 48563, 'rank': 15, 'fitness': 0.9776674198884756, 'generation': 588}","{'id': 48491, 'rank': 16, 'fitness': 0.9759067976798144, 'generation': 588}","{'id': 48491, 'rank': 17, 'fitness': 0.9759067976798144, 'generation': 588}","{'id': 48504, 'rank': 18, 'fitness': 0.9757025421403472, 'generation': 588}","{'id': 48576, 'rank': 19, 'fitness': 0.9752401879269792, 'generation': 588}","{'id': 48586, 'rank': 20, 'fitness': 0.9731590274577857, 'generation': 588}","{'id': 48605, 'rank': 21, 'fitness': 0.9713355644871688, 'generation': 588}","{'id': 48605, 'rank': 22, 'fitness': 0.9713355644871688, 'generation': 588}","{'id': 48580, 'rank': 23, 'fitness': 0.9713085341341592, 'generation': 588}","{'id': 48631, 'rank': 24, 'fitness': 0.9704219365572682, 'generation': 588}","{'id': 48584, 'rank': 25, 'fitness': 0.967222510810169, 'generation': 588}","{'id': 48628, 'rank': 26, 'fitness': 0.9645217387646446, 'generation': 588}","{'id': 48551, 'rank': 27, 'fitness': 0.8361432251751226, 'generation': 588}","{'id': 48549, 'rank': 28, 'fitness': 0.6254491540503611, 'generation': 588}","{'id': 48554, 'rank': 29, 'fitness': 0.022659184856580028, 'generation': 588}","{'id': 48465, 'rank': 30, 'fitness': 0.01798620996209155, 'generation': 588}"
"{'id': 48577, 'rank': 1, 'fitness': 0.9820137900379085, 'generation': 589}","{'id': 48653, 'rank': 2, 'fitness': 0.981813657664439, 'generation': 589}","{'id': 48653, 'rank': 3, 'fitness': 0.981813657664439, 'generation': 589}","{'id': 48722, 'rank': 4, 'fitness': 0.9813747567004399, 'generation': 589}","{'id': 48683, 'rank': 5, 'fitness': 0.9813494606728397, 'generation': 589}","{'id': 48683, 'rank': 6, 'fitness': 0.9813494606728397, 'generation': 589}","{'id': 48683, 'rank': 7, 'fitness': 0.9813494606728397, 'generation': 589}","{'id': 48701, 'rank': 8, 'fitness': 0.9805928053449786, 'generation': 589}","{'id': 48644, 'rank': 9, 'fitness': 0.9805281827424339, 'generation': 589}","{'id': 48725, 'rank': 10, 'fitness': 0.980483550032136, 'generation': 589}","{'id': 48641, 'rank': 11, 'fitness': 0.9803182290590199, 'generation': 589}","{'id': 48677, 'rank': 12, 'fitness': 0.9799931661949324, 'generation': 589}","{'id': 48634, 'rank': 13, 'fitness': 0.9797252081794531, 'generation': 589}","{'id': 48378, 'rank': 14, 'fitness': 0.9795472458846842, 'generation': 589}","{'id': 48649, 'rank': 15, 'fitness': 0.9793471535844294, 'generation': 589}","{'id': 48660, 'rank': 16, 'fitness': 0.9782110222000112, 'generation': 589}","{'id': 48563, 'rank': 17, 'fitness': 0.9775214193763553, 'generation': 589}","{'id': 48679, 'rank': 18, 'fitness': 0.9775174312931662, 'generation': 589}","{'id': 48675, 'rank': 19, 'fitness': 0.9763853417268249, 'generation': 589}","{'id': 48700, 'rank': 20, 'fitness': 0.9762204531472503, 'generation': 589}","{'id': 48662, 'rank': 21, 'fitness': 0.9736625220832679, 'generation': 589}","{'id': 48669, 'rank': 22, 'fitness': 0.9734992411241113, 'generation': 589}","{'id': 48605, 'rank': 23, 'fitness': 0.9709306915749468, 'generation': 589}","{'id': 48710, 'rank': 24, 'fitness': 0.9707637202186774, 'generation': 589}","{'id': 48655, 'rank': 25, 'fitness': 0.9657421304785994, 'generation': 589}","{'id': 48655, 'rank': 26, 'fitness': 0.9657421304785994, 'generation': 589}","{'id': 48637, 'rank': 27, 'fitness': 0.9628745978924746, 'generation': 589}","{'id': 48633, 'rank': 28, 'fitness': 0.960598965376608, 'generation': 589}","{'id': 48674, 'rank': 29, 'fitness': 0.9448825943018524, 'generation': 589}","{'id': 48554, 'rank': 30, 'fitness': 0.01798620996209155, 'generation': 589}"
"{'id': 48799, 'rank': 1, 'fitness': 0.9820137900379085, 'generation': 590}","{'id': 48793, 'rank': 2, 'fitness': 0.9815896812556031, 'generation': 590}","{'id': 48786, 'rank': 3, 'fitness': 0.9797398471463556, 'generation': 590}","{'id': 48786, 'rank': 4, 'fitness': 0.9797398471463556, 'generation': 590}","{'id': 48683, 'rank': 5, 'fitness': 0.979730045084338, 'generation': 590}","{'id': 48729, 'rank': 6, 'fitness': 0.9790652592348326, 'generation': 590}","{'id': 48738, 'rank': 7, 'fitness': 0.9784049341838884, 'generation': 590}","{'id': 48777, 'rank': 8, 'fitness': 0.9740333839411948, 'generation': 590}","{'id': 48641, 'rank': 9, 'fitness': 0.9738198320449112, 'generation': 590}","{'id': 48790, 'rank': 10, 'fitness': 0.9734739861807047, 'generation': 590}","{'id': 48770, 'rank': 11, 'fitness': 0.9733640874639441, 'generation': 590}","{'id': 48763, 'rank': 12, 'fitness': 0.9695061190326447, 'generation': 590}","{'id': 48378, 'rank': 13, 'fitness': 0.9686002419410726, 'generation': 590}","{'id': 48745, 'rank': 14, 'fitness': 0.9639914049406426, 'generation': 590}","{'id': 48764, 'rank': 15, 'fitness': 0.9604458913046516, 'generation': 590}","{'id': 48780, 'rank': 16, 'fitness': 0.9544277258143994, 'generation': 590}","{'id': 48679, 'rank': 17, 'fitness': 0.9510830251675396, 'generation': 590}","{'id': 48739, 'rank': 18, 'fitness': 0.950113899906391, 'generation': 590}","{'id': 48746, 'rank': 19, 'fitness': 0.881933226017412, 'generation': 590}","{'id': 48758, 'rank': 20, 'fitness': 0.8676608635264604, 'generation': 590}","{'id': 48605, 'rank': 21, 'fitness': 0.8466690085218637, 'generation': 590}","{'id': 48655, 'rank': 22, 'fitness': 0.7107810571628493, 'generation': 590}","{'id': 48751, 'rank': 23, 'fitness': 0.6774700000013464, 'generation': 590}","{'id': 48637, 'rank': 24, 'fitness': 0.6227588421681232, 'generation': 590}","{'id': 48735, 'rank': 25, 'fitness': 0.5637282149697797, 'generation': 590}","{'id': 48789, 'rank': 26, 'fitness': 0.37483721302128503, 'generation': 590}","{'id': 48789, 'rank': 27, 'fitness': 0.37483721302128503, 'generation': 590}","{'id': 48789, 'rank': 28, 'fitness': 0.37483721302128503, 'generation': 590}","{'id': 48789, 'rank': 29, 'fitness': 0.37483721302128503, 'generation': 590}","{'id': 48731, 'rank': 30, 'fitness': 0.01798620996209155, 'generation': 590}"
"{'id': 48821, 'rank': 1, 'fitness': 0.9820137900379085, 'generation': 591}","{'id': 48870, 'rank': 2, 'fitness': 0.9819878336620455, 'generation': 591}","{'id': 48820, 'rank': 3, 'fitness': 0.981974445512574, 'generation': 591}","{'id': 48884, 'rank': 4, 'fitness': 0.9818332686111444, 'generation': 591}","{'id': 48841, 'rank': 5, 'fitness': 0.9818096056175593, 'generation': 591}","{'id': 48838, 'rank': 6, 'fitness': 0.9817379403347188, 'generation': 591}","{'id': 48838, 'rank': 7, 'fitness': 0.9817379403347188, 'generation': 591}","{'id': 48812, 'rank': 8, 'fitness': 0.9817346214346514, 'generation': 591}","{'id': 48786, 'rank': 9, 'fitness': 0.9817081434517076, 'generation': 591}","{'id': 48810, 'rank': 10, 'fitness': 0.9815862880173749, 'generation': 591}","{'id': 48855, 'rank': 11, 'fitness': 0.9814096985640781, 'generation': 591}","{'id': 48777, 'rank': 12, 'fitness': 0.9812730166460264, 'generation': 591}","{'id': 48770, 'rank': 13, 'fitness': 0.9812276704658567, 'generation': 591}","{'id': 48829, 'rank': 14, 'fitness': 0.9810028989699933, 'generation': 591}","{'id': 48832, 'rank': 15, 'fitness': 0.9804403024499939, 'generation': 591}","{'id': 48780, 'rank': 16, 'fitness': 0.980235843867417, 'generation': 591}","{'id': 48877, 'rank': 17, 'fitness': 0.9801791889236415, 'generation': 591}","{'id': 48861, 'rank': 18, 'fitness': 0.9800269416986457, 'generation': 591}","{'id': 48758, 'rank': 19, 'fitness': 0.9779985774742115, 'generation': 591}","{'id': 48655, 'rank': 20, 'fitness': 0.9759168645409426, 'generation': 591}","{'id': 48854, 'rank': 21, 'fitness': 0.9758903836855677, 'generation': 591}","{'id': 48751, 'rank': 22, 'fitness': 0.9755663970503606, 'generation': 591}","{'id': 48789, 'rank': 23, 'fitness': 0.9725840521070113, 'generation': 591}","{'id': 48831, 'rank': 24, 'fitness': 0.9702297396947595, 'generation': 591}","{'id': 48882, 'rank': 25, 'fitness': 0.9684209290877067, 'generation': 591}","{'id': 48843, 'rank': 26, 'fitness': 0.6880901290473581, 'generation': 591}","{'id': 48834, 'rank': 27, 'fitness': 0.6654923393865466, 'generation': 591}","{'id': 48815, 'rank': 28, 'fitness': 0.6395642580685944, 'generation': 591}","{'id': 48806, 'rank': 29, 'fitness': 0.5758158661204581, 'generation': 591}","{'id': 48805, 'rank': 30, 'fitness': 0.01798620996209155, 'generation': 591}"
"{'id': 48934, 'rank': 1, 'fitness': 0.9820137900379085, 'generation': 592}","{'id': 48942, 'rank': 2, 'fitness': 0.9819624019244748, 'generation': 592}","{'id': 48933, 'rank': 3, 'fitness': 0.9819479931659962, 'generation': 592}","{'id': 48897, 'rank': 4, 'fitness': 0.9819264515650045, 'generation': 592}","{'id': 48870, 'rank': 5, 'fitness': 0.9819075812603932, 'generation': 592}","{'id': 48928, 'rank': 6, 'fitness': 0.9817825397647009, 'generation': 592}","{'id': 48950, 'rank': 7, 'fitness': 0.9815940302827135, 'generation': 592}","{'id': 48884, 'rank': 8, 'fitness': 0.9815654129160789, 'generation': 592}","{'id': 48838, 'rank': 9, 'fitness': 0.9813526736841287, 'generation': 592}","{'id': 48786, 'rank': 10, 'fitness': 0.9812859103686518, 'generation': 592}","{'id': 48904, 'rank': 11, 'fitness': 0.9810403931250258, 'generation': 592}","{'id': 48915, 'rank': 12, 'fitness': 0.9809779241371911, 'generation': 592}","{'id': 48905, 'rank': 13, 'fitness': 0.9804619422724032, 'generation': 592}","{'id': 48951, 'rank': 14, 'fitness': 0.9804076968553582, 'generation': 592}","{'id': 48922, 'rank': 15, 'fitness': 0.9800331556280939, 'generation': 592}","{'id': 48916, 'rank': 16, 'fitness': 0.9798092219992565, 'generation': 592}","{'id': 48921, 'rank': 17, 'fitness': 0.9796822819461057, 'generation': 592}","{'id': 48832, 'rank': 18, 'fitness': 0.9783271229766823, 'generation': 592}","{'id': 48877, 'rank': 19, 'fitness': 0.9776890754383712, 'generation': 592}","{'id': 48901, 'rank': 20, 'fitness': 0.977370972588135, 'generation': 592}","{'id': 48886, 'rank': 21, 'fitness': 0.9738586122884636, 'generation': 592}","{'id': 48889, 'rank': 22, 'fitness': 0.9720501802966506, 'generation': 592}","{'id': 48758, 'rank': 23, 'fitness': 0.9719775763881955, 'generation': 592}","{'id': 48907, 'rank': 24, 'fitness': 0.9712128236016617, 'generation': 592}","{'id': 48918, 'rank': 25, 'fitness': 0.9680050696370525, 'generation': 592}","{'id': 48936, 'rank': 26, 'fitness': 0.9679393873789115, 'generation': 592}","{'id': 48908, 'rank': 27, 'fitness': 0.949942708346511, 'generation': 592}","{'id': 48938, 'rank': 28, 'fitness': 0.3462942018424183, 'generation': 592}","{'id': 48945, 'rank': 29, 'fitness': 0.01857085038859385, 'generation': 592}","{'id': 48956, 'rank': 30, 'fitness': 0.01798620996209155, 'generation': 592}"
"{'id': 48934, 'rank': 1, 'fitness': 0.9820137900379085, 'generation': 593}","{'id': 48934, 'rank': 2, 'fitness': 0.9820137900379085, 'generation': 593}","{'id': 48970, 'rank': 3, 'fitness': 0.9819478515399569, 'generation': 593}","{'id': 48970, 'rank': 4, 'fitness': 0.9819478515399569, 'generation': 593}","{'id': 48965, 'rank': 5, 'fitness': 0.9819087217199176, 'generation': 593}","{'id': 49012, 'rank': 6, 'fitness': 0.981859513927221, 'generation': 593}","{'id': 49012, 'rank': 7, 'fitness': 0.981859513927221, 'generation': 593}","{'id': 48928, 'rank': 8, 'fitness': 0.9817825397647009, 'generation': 593}","{'id': 49045, 'rank': 9, 'fitness': 0.981589879951386, 'generation': 593}","{'id': 49035, 'rank': 10, 'fitness': 0.9814178484722922, 'generation': 593}","{'id': 49021, 'rank': 11, 'fitness': 0.9813977231600397, 'generation': 593}","{'id': 49013, 'rank': 12, 'fitness': 0.9809596569136727, 'generation': 593}","{'id': 48995, 'rank': 13, 'fitness': 0.9808770376331295, 'generation': 593}","{'id': 48980, 'rank': 14, 'fitness': 0.9807989198094575, 'generation': 593}","{'id': 48967, 'rank': 15, 'fitness': 0.9804937206284461, 'generation': 593}","{'id': 48967, 'rank': 16, 'fitness': 0.9804937206284461, 'generation': 593}","{'id': 48951, 'rank': 17, 'fitness': 0.9804076968553582, 'generation': 593}","{'id': 48990, 'rank': 18, 'fitness': 0.9800829087735901, 'generation': 593}","{'id': 48974, 'rank': 19, 'fitness': 0.9798666255151645, 'generation': 593}","{'id': 48974, 'rank': 20, 'fitness': 0.9798666255151645, 'generation': 593}","{'id': 48986, 'rank': 21, 'fitness': 0.9792779012435868, 'generation': 593}","{'id': 48972, 'rank': 22, 'fitness': 0.9789173968034182, 'generation': 593}","{'id': 49015, 'rank': 23, 'fitness': 0.9777026795623323, 'generation': 593}","{'id': 48877, 'rank': 24, 'fitness': 0.9776890754383712, 'generation': 593}","{'id': 48877, 'rank': 25, 'fitness': 0.9776890754383712, 'generation': 593}","{'id': 48993, 'rank': 26, 'fitness': 0.976891139339525, 'generation': 593}","{'id': 48889, 'rank': 27, 'fitness': 0.9720501802966506, 'generation': 593}","{'id': 49042, 'rank': 28, 'fitness': 0.9500632304015447, 'generation': 593}","{'id': 49005, 'rank': 29, 'fitness': 0.9222605276496213, 'generation': 593}","{'id': 48956, 'rank': 30, 'fitness': 0.01798620996209155, 'generation': 593}"
"{'id': 49106, 'rank': 1, 'fitness': 0.9820137900379085, 'generation': 594}","{'id': 48934, 'rank': 2, 'fitness': 0.9818895012774476, 'generation': 594}","{'id': 48934, 'rank': 3, 'fitness': 0.9818895012774476, 'generation': 594}","{'id': 48934, 'rank': 4, 'fitness': 0.9818895012774476, 'generation': 594}","{'id': 49012, 'rank': 5, 'fitness': 0.981328048188014, 'generation': 594}","{'id': 49104, 'rank': 6, 'fitness': 0.9811575775276562, 'generation': 594}","{'id': 49104, 'rank': 7, 'fitness': 0.9811575775276562, 'generation': 594}","{'id': 49059, 'rank': 8, 'fitness': 0.9808347707294156, 'generation': 594}","{'id': 49045, 'rank': 9, 'fitness': 0.9803174362904382, 'generation': 594}","{'id': 49145, 'rank': 10, 'fitness': 0.9800708338195074, 'generation': 594}","{'id': 49112, 'rank': 11, 'fitness': 0.9798694282046796, 'generation': 594}","{'id': 49112, 'rank': 12, 'fitness': 0.9798694282046796, 'generation': 594}","{'id': 49112, 'rank': 13, 'fitness': 0.9798694282046796, 'generation': 594}","{'id': 49123, 'rank': 14, 'fitness': 0.9793988615885886, 'generation': 594}","{'id': 49123, 'rank': 15, 'fitness': 0.9793988615885886, 'generation': 594}","{'id': 49076, 'rank': 16, 'fitness': 0.9764575320976232, 'generation': 594}","{'id': 48967, 'rank': 17, 'fitness': 0.9758101736428217, 'generation': 594}","{'id': 48951, 'rank': 18, 'fitness': 0.9754284420605912, 'generation': 594}","{'id': 49139, 'rank': 19, 'fitness': 0.9750904203565877, 'generation': 594}","{'id': 49052, 'rank': 20, 'fitness': 0.9748934313595833, 'generation': 594}","{'id': 48990, 'rank': 21, 'fitness': 0.9739491963224223, 'generation': 594}","{'id': 49143, 'rank': 22, 'fitness': 0.9737203273098004, 'generation': 594}","{'id': 48974, 'rank': 23, 'fitness': 0.9729303670962668, 'generation': 594}","{'id': 49119, 'rank': 24, 'fitness': 0.9682023634532573, 'generation': 594}","{'id': 49087, 'rank': 25, 'fitness': 0.95773859477202, 'generation': 594}","{'id': 48993, 'rank': 26, 'fitness': 0.9559820292247869, 'generation': 594}","{'id': 49070, 'rank': 27, 'fitness': 0.9327696245630521, 'generation': 594}","{'id': 49071, 'rank': 28, 'fitness': 0.8571338627267562, 'generation': 594}","{'id': 49080, 'rank': 29, 'fitness': 0.01798620996209155, 'generation': 594}","{'id': 49080, 'rank': 30, 'fitness': 0.01798620996209155, 'generation': 594}"
"{'id': 49171, 'rank': 1, 'fitness': 0.9820137900379085, 'generation': 595}","{'id': 49012, 'rank': 2, 'fitness': 0.981239394991743, 'generation': 595}","{'id': 49184, 'rank': 3, 'fitness': 0.9803896084324759, 'generation': 595}","{'id': 49177, 'rank': 4, 'fitness': 0.9802204224132833, 'generation': 595}","{'id': 49177, 'rank': 5, 'fitness': 0.9802204224132833, 'generation': 595}","{'id': 49145, 'rank': 6, 'fitness': 0.9800873347013077, 'generation': 595}","{'id': 49147, 'rank': 7, 'fitness': 0.9800652707276569, 'generation': 595}","{'id': 49112, 'rank': 8, 'fitness': 0.979903349645977, 'generation': 595}","{'id': 49112, 'rank': 9, 'fitness': 0.979903349645977, 'generation': 595}","{'id': 49123, 'rank': 10, 'fitness': 0.979474080832203, 'generation': 595}","{'id': 49219, 'rank': 11, 'fitness': 0.9793194610764946, 'generation': 595}","{'id': 49191, 'rank': 12, 'fitness': 0.9792902860945967, 'generation': 595}","{'id': 49157, 'rank': 13, 'fitness': 0.9791400715786895, 'generation': 595}","{'id': 49180, 'rank': 14, 'fitness': 0.9790860249415576, 'generation': 595}","{'id': 49190, 'rank': 15, 'fitness': 0.9790626701267231, 'generation': 595}","{'id': 49148, 'rank': 16, 'fitness': 0.9790297497014315, 'generation': 595}","{'id': 49199, 'rank': 17, 'fitness': 0.9789720854363987, 'generation': 595}","{'id': 49194, 'rank': 18, 'fitness': 0.9780341717841043, 'generation': 595}","{'id': 49168, 'rank': 19, 'fitness': 0.9771849046827672, 'generation': 595}","{'id': 49156, 'rank': 20, 'fitness': 0.9755216967045939, 'generation': 595}","{'id': 48990, 'rank': 21, 'fitness': 0.9745573811411196, 'generation': 595}","{'id': 48990, 'rank': 22, 'fitness': 0.9745573811411196, 'generation': 595}","{'id': 49211, 'rank': 23, 'fitness': 0.9713662726520851, 'generation': 595}","{'id': 49119, 'rank': 24, 'fitness': 0.9694634720356641, 'generation': 595}","{'id': 49205, 'rank': 25, 'fitness': 0.9663629275388559, 'generation': 595}","{'id': 48993, 'rank': 26, 'fitness': 0.958859749555641, 'generation': 595}","{'id': 49159, 'rank': 27, 'fitness': 0.949930177354694, 'generation': 595}","{'id': 49160, 'rank': 28, 'fitness': 0.9473815847534366, 'generation': 595}","{'id': 49209, 'rank': 29, 'fitness': 0.04921080249988402, 'generation': 595}","{'id': 49207, 'rank': 30, 'fitness': 0.01798620996209155, 'generation': 595}"
"{'id': 49267, 'rank': 1, 'fitness': 0.9820137900379085, 'generation': 596}","{'id': 49269, 'rank': 2, 'fitness': 0.9795801095082316, 'generation': 596}","{'id': 49246, 'rank': 3, 'fitness': 0.9780885189950961, 'generation': 596}","{'id': 49240, 'rank': 4, 'fitness': 0.9773929598001838, 'generation': 596}","{'id': 49281, 'rank': 5, 'fitness': 0.9755970275076554, 'generation': 596}","{'id': 49281, 'rank': 6, 'fitness': 0.9755970275076554, 'generation': 596}","{'id': 49112, 'rank': 7, 'fitness': 0.9709915767765946, 'generation': 596}","{'id': 49306, 'rank': 8, 'fitness': 0.9703202685007322, 'generation': 596}","{'id': 49235, 'rank': 9, 'fitness': 0.9699575245210397, 'generation': 596}","{'id': 49191, 'rank': 10, 'fitness': 0.9666942629906873, 'generation': 596}","{'id': 49256, 'rank': 11, 'fitness': 0.9661419044902646, 'generation': 596}","{'id': 49180, 'rank': 12, 'fitness': 0.9651612342450387, 'generation': 596}","{'id': 49180, 'rank': 13, 'fitness': 0.9651612342450387, 'generation': 596}","{'id': 49190, 'rank': 14, 'fitness': 0.9649826355683528, 'generation': 596}","{'id': 49292, 'rank': 15, 'fitness': 0.959170688921658, 'generation': 596}","{'id': 49298, 'rank': 16, 'fitness': 0.956538464383415, 'generation': 596}","{'id': 49194, 'rank': 17, 'fitness': 0.9564154960436071, 'generation': 596}","{'id': 49263, 'rank': 18, 'fitness': 0.9505415392048373, 'generation': 596}","{'id': 49287, 'rank': 19, 'fitness': 0.9502503675231584, 'generation': 596}","{'id': 49168, 'rank': 20, 'fitness': 0.9482471201584481, 'generation': 596}","{'id': 49291, 'rank': 21, 'fitness': 0.9325637001060446, 'generation': 596}","{'id': 49156, 'rank': 22, 'fitness': 0.9291143735712093, 'generation': 596}","{'id': 49234, 'rank': 23, 'fitness': 0.9289112416792271, 'generation': 596}","{'id': 49271, 'rank': 24, 'fitness': 0.9066119915802593, 'generation': 596}","{'id': 49259, 'rank': 25, 'fitness': 0.8956477779974404, 'generation': 596}","{'id': 49260, 'rank': 26, 'fitness': 0.871225412879447, 'generation': 596}","{'id': 49266, 'rank': 27, 'fitness': 0.8569183000554947, 'generation': 596}","{'id': 49302, 'rank': 28, 'fitness': 0.6489242813893789, 'generation': 596}","{'id': 49233, 'rank': 29, 'fitness': 0.4660734849109334, 'generation': 596}","{'id': 49226, 'rank': 30, 'fitness': 0.01798620996209155, 'generation': 596}"
"{'id': 49320, 'rank': 1, 'fitness': 0.9820137900379085, 'generation': 597}","{'id': 49269, 'rank': 2, 'fitness': 0.9819289347039519, 'generation': 597}","{'id': 49327, 'rank': 3, 'fitness': 0.9819204126331016, 'generation': 597}","{'id': 49246, 'rank': 4, 'fitness': 0.9818864394772868, 'generation': 597}","{'id': 49331, 'rank': 5, 'fitness': 0.981823224656537, 'generation': 597}","{'id': 49367, 'rank': 6, 'fitness': 0.9817703501211832, 'generation': 597}","{'id': 49112, 'rank': 7, 'fitness': 0.9817156202429598, 'generation': 597}","{'id': 49112, 'rank': 8, 'fitness': 0.9817156202429598, 'generation': 597}","{'id': 49343, 'rank': 9, 'fitness': 0.9816779115872885, 'generation': 597}","{'id': 49180, 'rank': 10, 'fitness': 0.9816025058293203, 'generation': 597}","{'id': 49323, 'rank': 11, 'fitness': 0.9815325223843523, 'generation': 597}","{'id': 49356, 'rank': 12, 'fitness': 0.9814711074280199, 'generation': 597}","{'id': 49357, 'rank': 13, 'fitness': 0.9811332318799315, 'generation': 597}","{'id': 49357, 'rank': 14, 'fitness': 0.9811332318799315, 'generation': 597}","{'id': 49357, 'rank': 15, 'fitness': 0.9811332318799315, 'generation': 597}","{'id': 49354, 'rank': 16, 'fitness': 0.9811240125315985, 'generation': 597}","{'id': 49358, 'rank': 17, 'fitness': 0.980953473868651, 'generation': 597}","{'id': 49316, 'rank': 18, 'fitness': 0.9804927895596485, 'generation': 597}","{'id': 49302, 'rank': 19, 'fitness': 0.9799064750799384, 'generation': 597}","{'id': 49333, 'rank': 20, 'fitness': 0.9796481786973759, 'generation': 597}","{'id': 49351, 'rank': 21, 'fitness': 0.9794408198297792, 'generation': 597}","{'id': 49351, 'rank': 22, 'fitness': 0.9794408198297792, 'generation': 597}","{'id': 49385, 'rank': 23, 'fitness': 0.9792629372779065, 'generation': 597}","{'id': 49391, 'rank': 24, 'fitness': 0.9791881046593915, 'generation': 597}","{'id': 49337, 'rank': 25, 'fitness': 0.9787064363674112, 'generation': 597}","{'id': 49334, 'rank': 26, 'fitness': 0.9776707103120098, 'generation': 597}","{'id': 49336, 'rank': 27, 'fitness': 0.9772695323060931, 'generation': 597}","{'id': 49361, 'rank': 28, 'fitness': 0.9771337150162318, 'generation': 597}","{'id': 49312, 'rank': 29, 'fitness': 0.7365849721304802, 'generation': 597}","{'id': 49318, 'rank': 30, 'fitness': 0.01798620996209155, 'generation': 597}"
"{'id': 49327, 'rank': 1, 'fitness': 0.9820137900379085, 'generation': 598}","{'id': 49327, 'rank': 2, 'fitness': 0.9820137900379085, 'generation': 598}","{'id': 49454, 'rank': 3, 'fitness': 0.9793653158794207, 'generation': 598}","{'id': 49465, 'rank': 4, 'fitness': 0.9780834747124572, 'generation': 598}","{'id': 49453, 'rank': 5, 'fitness': 0.9777604516322633, 'generation': 598}","{'id': 49367, 'rank': 6, 'fitness': 0.9777587895025637, 'generation': 598}","{'id': 49423, 'rank': 7, 'fitness': 0.9756820834467126, 'generation': 598}","{'id': 49485, 'rank': 8, 'fitness': 0.973165990301174, 'generation': 598}","{'id': 49444, 'rank': 9, 'fitness': 0.9723699490938329, 'generation': 598}","{'id': 49444, 'rank': 10, 'fitness': 0.9723699490938329, 'generation': 598}","{'id': 49425, 'rank': 11, 'fitness': 0.9718380177698571, 'generation': 598}","{'id': 49401, 'rank': 12, 'fitness': 0.9709134850834218, 'generation': 598}","{'id': 49408, 'rank': 13, 'fitness': 0.9611435660887699, 'generation': 598}","{'id': 49483, 'rank': 14, 'fitness': 0.9610690282190729, 'generation': 598}","{'id': 49411, 'rank': 15, 'fitness': 0.9548449851911397, 'generation': 598}","{'id': 49357, 'rank': 16, 'fitness': 0.9469706758919388, 'generation': 598}","{'id': 49410, 'rank': 17, 'fitness': 0.9404261242227461, 'generation': 598}","{'id': 49460, 'rank': 18, 'fitness': 0.9389912940256571, 'generation': 598}","{'id': 49413, 'rank': 19, 'fitness': 0.9244272990807181, 'generation': 598}","{'id': 49475, 'rank': 20, 'fitness': 0.859685585760343, 'generation': 598}","{'id': 49448, 'rank': 21, 'fitness': 0.856618122107148, 'generation': 598}","{'id': 49333, 'rank': 22, 'fitness': 0.7095659480646435, 'generation': 598}","{'id': 49466, 'rank': 23, 'fitness': 0.682765804661751, 'generation': 598}","{'id': 49409, 'rank': 24, 'fitness': 0.6157032283760248, 'generation': 598}","{'id': 49449, 'rank': 25, 'fitness': 0.6074717416903241, 'generation': 598}","{'id': 49391, 'rank': 26, 'fitness': 0.5758650012123765, 'generation': 598}","{'id': 49337, 'rank': 27, 'fitness': 0.4265988279222237, 'generation': 598}","{'id': 49469, 'rank': 28, 'fitness': 0.3395473225530192, 'generation': 598}","{'id': 49430, 'rank': 29, 'fitness': 0.019042414080740644, 'generation': 598}","{'id': 49443, 'rank': 30, 'fitness': 0.01798620996209155, 'generation': 598}"
"{'id': 49567, 'rank': 1, 'fitness': 0.9820137900379085, 'generation': 599}","{'id': 49454, 'rank': 2, 'fitness': 0.9819869216013228, 'generation': 599}","{'id': 49453, 'rank': 3, 'fitness': 0.9818960524489185, 'generation': 599}","{'id': 49367, 'rank': 4, 'fitness': 0.9818959614788635, 'generation': 599}","{'id': 49571, 'rank': 5, 'fitness': 0.981735180907475, 'generation': 599}","{'id': 49489, 'rank': 6, 'fitness': 0.9816827273466271, 'generation': 599}","{'id': 49489, 'rank': 7, 'fitness': 0.9816827273466271, 'generation': 599}","{'id': 49531, 'rank': 8, 'fitness': 0.9815747167098927, 'generation': 599}","{'id': 49528, 'rank': 9, 'fitness': 0.9813156412518544, 'generation': 599}","{'id': 49528, 'rank': 10, 'fitness': 0.9813156412518544, 'generation': 599}","{'id': 49411, 'rank': 11, 'fitness': 0.9810040309474802, 'generation': 599}","{'id': 49411, 'rank': 12, 'fitness': 0.9810040309474802, 'generation': 599}","{'id': 49411, 'rank': 13, 'fitness': 0.9810040309474802, 'generation': 599}","{'id': 49538, 'rank': 14, 'fitness': 0.9808720784580774, 'generation': 599}","{'id': 49410, 'rank': 15, 'fitness': 0.9806358425052952, 'generation': 599}","{'id': 49510, 'rank': 16, 'fitness': 0.979629538125462, 'generation': 599}","{'id': 49548, 'rank': 17, 'fitness': 0.9793618260452579, 'generation': 599}","{'id': 49448, 'rank': 18, 'fitness': 0.9793611204801086, 'generation': 599}","{'id': 49502, 'rank': 19, 'fitness': 0.9788025929724791, 'generation': 599}","{'id': 49561, 'rank': 20, 'fitness': 0.9787971182634398, 'generation': 599}","{'id': 49537, 'rank': 21, 'fitness': 0.9777066629438146, 'generation': 599}","{'id': 49409, 'rank': 22, 'fitness': 0.9775026902949275, 'generation': 599}","{'id': 49409, 'rank': 23, 'fitness': 0.9775026902949275, 'generation': 599}","{'id': 49449, 'rank': 24, 'fitness': 0.9774516119650589, 'generation': 599}","{'id': 49520, 'rank': 25, 'fitness': 0.9770441609129951, 'generation': 599}","{'id': 49539, 'rank': 26, 'fitness': 0.9763523143351989, 'generation': 599}","{'id': 49557, 'rank': 27, 'fitness': 0.9685288085370228, 'generation': 599}","{'id': 49522, 'rank': 28, 'fitness': 0.9683628237592896, 'generation': 599}","{'id': 49507, 'rank': 29, 'fitness': 0.5322173474018961, 'generation': 599}","{'id': 49506, 'rank': 30, 'fitness': 0.01798620996209155, 'generation': 599}"
"{'id': 49632, 'rank': 1, 'fitness': 0.9820137900379085, 'generation': 600}","{'id': 49639, 'rank': 2, 'fitness': 0.9819093762962703, 'generation': 600}","{'id': 49574, 'rank': 3, 'fitness': 0.9818991561330697, 'generation': 600}","{'id': 49636, 'rank': 4, 'fitness': 0.9818700988475612, 'generation': 600}","{'id': 49576, 'rank': 5, 'fitness': 0.981757426735214, 'generation': 600}","{'id': 49585, 'rank': 6, 'fitness': 0.9817244142816193, 'generation': 600}","{'id': 49633, 'rank': 7, 'fitness': 0.9817034167665821, 'generation': 600}","{'id': 49620, 'rank': 8, 'fitness': 0.9815425303776728, 'generation': 600}","{'id': 49642, 'rank': 9, 'fitness': 0.9814640292276102, 'generation': 600}","{'id': 49626, 'rank': 10, 'fitness': 0.981400975045212, 'generation': 600}","{'id': 49618, 'rank': 11, 'fitness': 0.9813146602400241, 'generation': 600}","{'id': 49627, 'rank': 12, 'fitness': 0.9812675099341148, 'generation': 600}","{'id': 49528, 'rank': 13, 'fitness': 0.9812449891458201, 'generation': 600}","{'id': 49614, 'rank': 14, 'fitness': 0.9810890841356036, 'generation': 600}","{'id': 49411, 'rank': 15, 'fitness': 0.9809990106059646, 'generation': 600}","{'id': 49538, 'rank': 16, 'fitness': 0.9808951037444754, 'generation': 600}","{'id': 49623, 'rank': 17, 'fitness': 0.9808518654610041, 'generation': 600}","{'id': 49587, 'rank': 18, 'fitness': 0.9808181564221925, 'generation': 600}","{'id': 49602, 'rank': 19, 'fitness': 0.9808086550255155, 'generation': 600}","{'id': 49617, 'rank': 20, 'fitness': 0.9806632363611795, 'generation': 600}","{'id': 49608, 'rank': 21, 'fitness': 0.9804955412770624, 'generation': 600}","{'id': 49634, 'rank': 22, 'fitness': 0.9801794738305812, 'generation': 600}","{'id': 49634, 'rank': 23, 'fitness': 0.9801794738305812, 'generation': 600}","{'id': 49643, 'rank': 24, 'fitness': 0.9799426625243324, 'generation': 600}","{'id': 49573, 'rank': 25, 'fitness': 0.9796273356190379, 'generation': 600}","{'id': 49610, 'rank': 26, 'fitness': 0.9793074330999834, 'generation': 600}","{'id': 49561, 'rank': 27, 'fitness': 0.9792799661001801, 'generation': 600}","{'id': 49595, 'rank': 28, 'fitness': 0.9774739512677997, 'generation': 600}","{'id': 49630, 'rank': 29, 'fitness': 0.975985847451718, 'generation': 600}","{'id': 49606, 'rank': 30, 'fitness': 0.01798620996209155, 'generation': 600}"
"{'id': 49632, 'rank': 1, 'fitness': 0.9820137900379085, 'generation': 601}","{'id': 49576, 'rank': 2, 'fitness': 0.9782919804104458, 'generation': 601}","{'id': 49664, 'rank': 3, 'fitness': 0.9756203456189243, 'generation': 601}","{'id': 49694, 'rank': 4, 'fitness': 0.9756102007014749, 'generation': 601}","{'id': 49652, 'rank': 5, 'fitness': 0.9754986011195705, 'generation': 601}","{'id': 49626, 'rank': 6, 'fitness': 0.9719603183951306, 'generation': 601}","{'id': 49736, 'rank': 7, 'fitness': 0.9712247932525204, 'generation': 601}","{'id': 49648, 'rank': 8, 'fitness': 0.9711632983474578, 'generation': 601}","{'id': 49618, 'rank': 9, 'fitness': 0.9701969574538465, 'generation': 601}","{'id': 49660, 'rank': 10, 'fitness': 0.9701228380382789, 'generation': 601}","{'id': 49627, 'rank': 11, 'fitness': 0.9691923630856345, 'generation': 601}","{'id': 49706, 'rank': 12, 'fitness': 0.9685493154899476, 'generation': 601}","{'id': 49713, 'rank': 13, 'fitness': 0.9681908941020749, 'generation': 601}","{'id': 49697, 'rank': 14, 'fitness': 0.9678556712038474, 'generation': 601}","{'id': 49734, 'rank': 15, 'fitness': 0.9645834998983065, 'generation': 601}","{'id': 49725, 'rank': 16, 'fitness': 0.9642178924260922, 'generation': 601}","{'id': 49725, 'rank': 17, 'fitness': 0.9642178924260922, 'generation': 601}","{'id': 49623, 'rank': 18, 'fitness': 0.9589450339417065, 'generation': 601}","{'id': 49681, 'rank': 19, 'fitness': 0.9476035992199565, 'generation': 601}","{'id': 49670, 'rank': 20, 'fitness': 0.9246245872370268, 'generation': 601}","{'id': 49722, 'rank': 21, 'fitness': 0.9153332438331224, 'generation': 601}","{'id': 49722, 'rank': 22, 'fitness': 0.9153332438331224, 'generation': 601}","{'id': 49685, 'rank': 23, 'fitness': 0.8635541155134181, 'generation': 601}","{'id': 49685, 'rank': 24, 'fitness': 0.8635541155134181, 'generation': 601}","{'id': 49718, 'rank': 25, 'fitness': 0.8617158483860372, 'generation': 601}","{'id': 49718, 'rank': 26, 'fitness': 0.8617158483860372, 'generation': 601}","{'id': 49716, 'rank': 27, 'fitness': 0.79423721860291, 'generation': 601}","{'id': 49678, 'rank': 28, 'fitness': 0.7355325736905581, 'generation': 601}","{'id': 49630, 'rank': 29, 'fitness': 0.5175974886480317, 'generation': 601}","{'id': 49659, 'rank': 30, 'fitness': 0.01798620996209155, 'generation': 601}"
"{'id': 49632, 'rank': 1, 'fitness': 0.9820137900379085, 'generation': 602}","{'id': 49786, 'rank': 2, 'fitness': 0.9814347161841241, 'generation': 602}","{'id': 49736, 'rank': 3, 'fitness': 0.9812485969170784, 'generation': 602}","{'id': 49627, 'rank': 4, 'fitness': 0.9811340373203854, 'generation': 602}","{'id': 49706, 'rank': 5, 'fitness': 0.9810991776543492, 'generation': 602}","{'id': 49697, 'rank': 6, 'fitness': 0.981062271291723, 'generation': 602}","{'id': 49771, 'rank': 7, 'fitness': 0.9810515801746169, 'generation': 602}","{'id': 49748, 'rank': 8, 'fitness': 0.9810220924962186, 'generation': 602}","{'id': 49734, 'rank': 9, 'fitness': 0.9808970762964287, 'generation': 602}","{'id': 49725, 'rank': 10, 'fitness': 0.9808794590837626, 'generation': 602}","{'id': 49725, 'rank': 11, 'fitness': 0.9808794590837626, 'generation': 602}","{'id': 49764, 'rank': 12, 'fitness': 0.9804287408261934, 'generation': 602}","{'id': 49746, 'rank': 13, 'fitness': 0.9803915936371366, 'generation': 602}","{'id': 49772, 'rank': 14, 'fitness': 0.9800179460240315, 'generation': 602}","{'id': 49818, 'rank': 15, 'fitness': 0.9786502844308014, 'generation': 602}","{'id': 49818, 'rank': 16, 'fitness': 0.9786502844308014, 'generation': 602}","{'id': 49685, 'rank': 17, 'fitness': 0.9783283404950187, 'generation': 602}","{'id': 49718, 'rank': 18, 'fitness': 0.978299295577197, 'generation': 602}","{'id': 49747, 'rank': 19, 'fitness': 0.9779019762412984, 'generation': 602}","{'id': 49805, 'rank': 20, 'fitness': 0.9774000460814556, 'generation': 602}","{'id': 49795, 'rank': 21, 'fitness': 0.9766753850994372, 'generation': 602}","{'id': 49758, 'rank': 22, 'fitness': 0.9747891273069885, 'generation': 602}","{'id': 49820, 'rank': 23, 'fitness': 0.9730349288171556, 'generation': 602}","{'id': 49792, 'rank': 24, 'fitness': 0.9713531660157708, 'generation': 602}","{'id': 49751, 'rank': 25, 'fitness': 0.9685252222301735, 'generation': 602}","{'id': 49659, 'rank': 26, 'fitness': 0.9642233432933914, 'generation': 602}","{'id': 49803, 'rank': 27, 'fitness': 0.9569727819918017, 'generation': 602}","{'id': 49763, 'rank': 28, 'fitness': 0.9409652311574922, 'generation': 602}","{'id': 49755, 'rank': 29, 'fitness': 0.8471207264647529, 'generation': 602}","{'id': 49775, 'rank': 30, 'fitness': 0.01798620996209155, 'generation': 602}"
"{'id': 49850, 'rank': 1, 'fitness': 0.9820137900379085, 'generation': 603}","{'id': 49901, 'rank': 2, 'fitness': 0.9819393418593332, 'generation': 603}","{'id': 49875, 'rank': 3, 'fitness': 0.981691052372438, 'generation': 603}","{'id': 49874, 'rank': 4, 'fitness': 0.9816840155204696, 'generation': 603}","{'id': 49748, 'rank': 5, 'fitness': 0.9814793192601439, 'generation': 603}","{'id': 49904, 'rank': 6, 'fitness': 0.9813184222049895, 'generation': 603}","{'id': 49843, 'rank': 7, 'fitness': 0.9812948924828908, 'generation': 603}","{'id': 49862, 'rank': 8, 'fitness': 0.9812508787229521, 'generation': 603}","{'id': 49877, 'rank': 9, 'fitness': 0.9811233454125576, 'generation': 603}","{'id': 49842, 'rank': 10, 'fitness': 0.981014648212674, 'generation': 603}","{'id': 49746, 'rank': 11, 'fitness': 0.9808617576451242, 'generation': 603}","{'id': 49826, 'rank': 12, 'fitness': 0.9808527599055852, 'generation': 603}","{'id': 49849, 'rank': 13, 'fitness': 0.9806082489429528, 'generation': 603}","{'id': 49849, 'rank': 14, 'fitness': 0.9806082489429528, 'generation': 603}","{'id': 49838, 'rank': 15, 'fitness': 0.9804642948644584, 'generation': 603}","{'id': 49818, 'rank': 16, 'fitness': 0.9791557689665668, 'generation': 603}","{'id': 49818, 'rank': 17, 'fitness': 0.9791557689665668, 'generation': 603}","{'id': 49747, 'rank': 18, 'fitness': 0.978422461989743, 'generation': 603}","{'id': 49747, 'rank': 19, 'fitness': 0.978422461989743, 'generation': 603}","{'id': 49839, 'rank': 20, 'fitness': 0.978367230214237, 'generation': 603}","{'id': 49900, 'rank': 21, 'fitness': 0.9782302124005071, 'generation': 603}","{'id': 49837, 'rank': 22, 'fitness': 0.9779376607178708, 'generation': 603}","{'id': 49828, 'rank': 23, 'fitness': 0.9773800588333723, 'generation': 603}","{'id': 49879, 'rank': 24, 'fitness': 0.9769755715240862, 'generation': 603}","{'id': 49863, 'rank': 25, 'fitness': 0.9739866562635464, 'generation': 603}","{'id': 49832, 'rank': 26, 'fitness': 0.9736342057630911, 'generation': 603}","{'id': 49860, 'rank': 27, 'fitness': 0.9731730278656229, 'generation': 603}","{'id': 49864, 'rank': 28, 'fitness': 0.9727159119715577, 'generation': 603}","{'id': 49871, 'rank': 29, 'fitness': 0.9548064437369981, 'generation': 603}","{'id': 49775, 'rank': 30, 'fitness': 0.01798620996209155, 'generation': 603}"
"{'id': 49963, 'rank': 1, 'fitness': 0.9820137900379085, 'generation': 604}","{'id': 49748, 'rank': 2, 'fitness': 0.9809526387649485, 'generation': 604}","{'id': 49748, 'rank': 3, 'fitness': 0.9809526387649485, 'generation': 604}","{'id': 49965, 'rank': 4, 'fitness': 0.9793303817790542, 'generation': 604}","{'id': 49877, 'rank': 5, 'fitness': 0.9780644622087276, 'generation': 604}","{'id': 49842, 'rank': 6, 'fitness': 0.9771120056857155, 'generation': 604}","{'id': 49937, 'rank': 7, 'fitness': 0.9768420189037819, 'generation': 604}","{'id': 49746, 'rank': 8, 'fitness': 0.9757133993895317, 'generation': 604}","{'id': 49849, 'rank': 9, 'fitness': 0.9732358689657346, 'generation': 604}","{'id': 49838, 'rank': 10, 'fitness': 0.9717368966263354, 'generation': 604}","{'id': 49961, 'rank': 11, 'fitness': 0.9603258382911706, 'generation': 604}","{'id': 49818, 'rank': 12, 'fitness': 0.9546077386661784, 'generation': 604}","{'id': 49959, 'rank': 13, 'fitness': 0.9427013362994421, 'generation': 604}","{'id': 49959, 'rank': 14, 'fitness': 0.9427013362994421, 'generation': 604}","{'id': 49959, 'rank': 15, 'fitness': 0.9427013362994421, 'generation': 604}","{'id': 49747, 'rank': 16, 'fitness': 0.9417793229803515, 'generation': 604}","{'id': 49747, 'rank': 17, 'fitness': 0.9417793229803515, 'generation': 604}","{'id': 49839, 'rank': 18, 'fitness': 0.9407058247125135, 'generation': 604}","{'id': 49914, 'rank': 19, 'fitness': 0.9287515882948703, 'generation': 604}","{'id': 49956, 'rank': 20, 'fitness': 0.918765623977404, 'generation': 604}","{'id': 49973, 'rank': 21, 'fitness': 0.9057384064453026, 'generation': 604}","{'id': 49913, 'rank': 22, 'fitness': 0.883038513974828, 'generation': 604}","{'id': 49930, 'rank': 23, 'fitness': 0.747308388431335, 'generation': 604}","{'id': 49939, 'rank': 24, 'fitness': 0.644384449088446, 'generation': 604}","{'id': 49939, 'rank': 25, 'fitness': 0.644384449088446, 'generation': 604}","{'id': 49969, 'rank': 26, 'fitness': 0.6324614187050219, 'generation': 604}","{'id': 49934, 'rank': 27, 'fitness': 0.5096475099726148, 'generation': 604}","{'id': 49982, 'rank': 28, 'fitness': 0.48265675364286376, 'generation': 604}","{'id': 49975, 'rank': 29, 'fitness': 0.0807130978823209, 'generation': 604}","{'id': 49971, 'rank': 30, 'fitness': 0.01798620996209155, 'generation': 604}"
